0.00	14	113	2
-21.90	15	87	2
0.00	15	105	2
0.00	15	107	2
-280.63	15	122	3
-0.78	16	70	1
-5.69	16	70	3
0.00	16	71	1
0.00	16	72	1
-1.92	16	72	4
0.00	16	73	1
0.00	16	74	5
-328.54	16	85	3
-42.36	16	107	2
-58.17	17	65	4
0.00	17	69	1
-49.96	17	70	2
-122.17	17	70	4
-102.63	17	78	1
-232.11	17	97	2
-232.11	17	97	3
-175.22	17	99	2
-341.30	18	68	4
-341.30	18	68	5
-341.30	18	68	6
0.00	18	69	4
0.00	18	69	6
0.00	18	73	1
0.00	18	73	4
-171.60	18	73	6
-450.24	18	74	4
0.00	18	75	4
0.00	18	78	1
-96.46	18	79	1
-776.30	18	84	2
-250.84	18	96	2
-250.84	18	96	3
-327.06	19	54	4
0.00	19	67	1
0.00	19	67	4
-769.85	19	67	6
-256.31	19	68	4
0.00	19	72	1
0.00	19	73	1
-1544.00	19	73	6
-238.74	19	74	1
-3355.81	19	74	6
-125.38	19	79	1
0.00	19	79	2
0.00	19	79	3
-2649.33	19	80	1
0.00	19	97	2
-555.42	19	97	3
-980.45	20	53	4
-488.20	20	54	1
0.00	20	65	1
-937.98	20	65	4
-224.47	20	73	1
-15.19	20	73	2
0.00	20	73	4
-27.37	20	74	1
-0.41	20	74	2
0.00	20	74	4
0.00	20	77	1
0.00	20	79	1
-360.00	20	79	2
0.00	20	79	3
-173.24	20	79	4
-58.69	20	80	1
0.00	20	80	3
-166.68	21	41	4
-11.11	21	46	4
-122.98	21	49	3
-122.98	21	49	4
-122.98	21	49	5
-122.98	21	49	6
0.00	21	50	4
-149.86	21	50	5
-149.86	21	50	6
0.00	21	54	4
-1110.38	21	55	4
-343.57	21	60	4
0.00	21	62	1
0.00	21	65	1
0.00	21	66	4
-433.25	21	66	5
-1627.12	21	66	6
-2.46	21	67	2
-1.23	21	74	2
-12.37	21	75	1
0.00	21	76	1
-602.75	21	76	5
-602.75	21	76	6
-602.75	21	76	7
0.00	21	77	1
0.00	21	79	1
0.00	21	80	1
-66.51	21	116	3
-738.57	21	122	3
-738.57	21	122	4
-461.36	21	123	3
-461.36	21	123	4
0.00	22	27	5
0.00	22	27	6
0.00	22	33	4
-361.64	22	33	6
0.00	22	41	4
0.00	22	42	4
-127.31	22	48	6
0.00	22	52	1
0.00	22	63	1
-2.05	22	68	2
0.00	22	68	4
-615.99	22	74	4
-1522.12	22	74	8
0.00	22	76	1
0.00	22	79	1
0.00	22	79	4
-255.69	23	25	11
-118.52	23	33	10
-238.04	23	40	3
-60.49	23	50	6
0.00	23	54	4
-316.19	23	61	4
0.00	23	67	1
0.00	23	67	4
0.00	23	67	5
0.00	23	69	4
-863.24	23	74	4
-0.41	23	76	2
0.00	23	77	1
0.00	23	79	1
0.00	23	80	1
-1442.52	23	82	3
0.00	23	90	3
0.00	24	23	6
-212.76	24	29	5
0.00	24	29	10
0.00	24	29	11
0.00	24	31	6
-521.32	24	32	6
0.00	24	40	1
-1848.61	24	40	3
0.00	24	41	1
-61.16	24	44	4
-61.16	24	44	5
0.00	24	51	1
-313.49	24	55	4
0.00	24	62	1
-311.29	24	63	1
-953.92	24	67	4
-1470.17	24	68	6
0.00	24	69	4
-80.67	24	69	5
-80.67	24	69	6
-0.41	24	70	2
0.00	24	74	4
-353.19	24	74	8
-670.82	24	75	4
-670.82	24	75	5
-670.82	24	75	6
0.00	24	80	1
0.00	24	86	1
-8.21355e-03	24	100	3
0.00	24	101	2
-144.85	24	117	4
-146.11	25	16	8
-48.72	25	17	8
-80.71	25	23	11
0.00	25	24	6
-567.58	25	26	11
0.00	25	30	5
-300.50	25	30	6
-533.74	25	32	6
-695.56	25	34	6
0.00	25	39	3
-450.60	25	43	4
0.00	25	43	5
-50.85	25	49	6
0.00	25	50	1
0.00	25	51	1
0.00	25	52	1
0.00	25	54	1
0.00	25	61	1
0.00	25	62	1
0.00	25	63	1
0.00	25	67	1
0.00	25	68	1
-950.71	25	70	4
-6.57	25	71	2
0.00	25	74	4
0.00	25	75	4
0.00	25	81	1
0.00	25	85	1
0.00	25	86	1
-110.74	26	17	8
-24.91	26	18	8
-135.33	26	23	10
-135.33	26	23	11
-84.98	26	30	5
-84.98	26	30	6
0.00	26	40	3
-243.95	26	40	5
0.00	26	41	1
0.00	26	42	1
0.00	26	50	1
0.00	26	51	1
0.00	26	52	1
0.00	26	54	2
0.00	26	62	1
0.00	26	63	1
0.00	26	67	1
0.00	26	68	1
0.00	26	69	1
0.00	26	71	4
-5.20	26	73	4
0.00	26	75	4
0.00	26	80	1
0.00	26	81	1
0.00	26	84	1
0.00	26	85	1
0.00	26	86	1
-78.28	26	96	2
-10.02	27	18	8
-2431.70	27	19	10
-546.87	27	29	6
-109.51	27	41	1
-1724.84	27	42	1
-328.54	27	45	1
-914.32	27	46	1
0.00	27	48	1
-100.20	27	51	1
0.00	27	58	1
0.00	27	59	3
-129.22	27	59	4
0.00	27	61	1
0.00	27	62	1
0.00	27	63	1
0.00	27	63	11
0.00	27	65	1
0.00	27	69	1
0.00	27	70	1
-1088.84	27	74	4
-1088.84	27	74	5
0.00	27	74	6
-1088.84	27	74	8
0.00	27	75	2
0.00	27	76	1
0.00	27	76	2
-1242.27	27	76	12
0.00	27	82	1
0.00	27	83	1
0.00	27	84	1
0.00	27	85	1
-172.43	27	91	3
-15.63	28	12	10
-524.16	28	19	8
-304.11	28	20	8
-33.26	28	31	5
-438.64	28	31	6
0.00	28	31	11
-46.54	28	34	1
0.00	28	34	5
0.00	28	35	5
0.00	28	39	1
-280.62	28	46	1
-109.51	28	46	4
-1013.00	28	48	1
-1143.05	28	49	1
-41.06	28	50	1
-86.40	28	52	4
0.00	28	61	1
0.00	28	63	1
0.00	28	64	1
0.00	28	65	1
0.00	28	66	1
0.00	28	68	1
0.00	28	69	1
0.00	28	70	1
-422.12	28	72	4
-422.12	28	72	5
-422.12	28	72	6
-242.22	28	74	4
-242.22	28	74	6
-242.22	28	74	8
0.00	28	81	1
0.00	28	82	1
0.00	28	83	1
0.00	28	84	1
0.00	28	85	1
-468.59	28	98	3
0.00	28	99	3
-78.27	28	101	3
-729.76	28	108	3
-30.37	28	113	2
-450.79	28	113	3
-269.41	29	12	11
-22.93	29	13	10
-30.18	29	14	10
-1032.26	29	19	11
-342.80	29	21	8
-165.64	29	22	8
0.00	29	30	6
-1039.10	29	34	6
-177.96	29	42	1
-1067.76	29	42	4
-22.99	29	43	3
-164.27	29	43	4
0.00	29	44	1
-2034.50	29	44	4
-41.06	29	45	1
-922.68	29	45	3
-4052.36	29	45	4
-1771.39	29	46	1
-109.51	29	46	3
-1505.81	29	46	4
-2669.40	29	47	1
-3311.43	29	48	1
-1851.51	29	49	1
0.00	29	50	1
-68.44	29	50	3
0.00	29	54	1
0.00	29	61	1
0.00	29	62	1
0.00	29	63	1
0.00	29	65	1
0.00	29	66	1
-88.55	29	66	4
0.00	29	67	1
0.00	29	68	1
0.00	29	69	1
0.00	29	70	1
-885.33	29	70	4
0.00	29	71	1
0.00	29	73	1
-311.74	29	76	4
-1.23	29	78	3
0.00	29	79	4
0.00	29	82	1
0.00	29	83	1
0.00	29	85	1
-814.12	29	108	2
-642.45	29	108	3
-273.78	29	109	3
-150.58	29	112	2
-24.86	30	13	10
-528.78	30	13	11
-81.46	30	14	10
-74.46	30	15	11
-120.58	30	16	10
-66.57	30	17	9
-31.20	30	18	9
-330.53	30	19	10
-248.21	30	22	8
-113.89	30	35	5
-191.65	30	36	4
-41.06	30	36	5
-171.11	30	37	5
-349.58	30	37	6
-349.58	30	37	7
-410.67	30	43	1
-725.53	30	43	3
-752.90	30	43	4
-1382.61	30	44	4
-479.12	30	45	1
-1806.98	30	45	4
-944.55	30	46	1
-1444.21	30	46	4
-2067.07	30	47	1
0.00	30	47	3
-629.70	30	47	4
-574.94	30	48	1
-714.74	30	48	4
-27.37	30	49	1
0.00	30	50	1
0.00	30	61	1
0.00	30	62	1
0.00	30	66	1
0.00	30	67	1
0.00	30	68	1
0.00	30	69	1
0.00	30	74	2
-1006.48	30	78	4
0.00	30	79	2
0.00	30	83	1
-121.56	30	83	3
-664.06	30	84	1
-1246.66	30	85	1
-183.46	30	119	2
-349.74	31	14	11
-548.06	31	15	10
-134.91	31	16	10
-125.87	31	18	9
-262.12	31	19	9
-167.27	31	20	9
-89.48	31	24	8
0.00	31	31	6
-111.97	31	35	5
-213.55	31	35	6
-71.18	31	36	5
0.00	31	36	6
-1547.50	31	41	4
-2400.81	31	43	4
-569.47	31	44	4
0.00	31	45	1
-268.30	31	45	4
-177.96	31	46	1
-232.17	31	47	4
-684.46	31	48	3
0.00	31	56	2
-307.92	31	56	4
0.00	31	60	1
0.00	31	61	1
0.00	31	62	1
0.00	31	63	1
0.00	31	67	1
0.00	31	68	1
-234.67	31	73	1
-704.01	31	74	1
0.00	31	78	2
0.00	31	79	2
-690.94	31	79	4
0.00	31	83	1
0.00	31	84	1
-2438.67	31	85	1
0.00	31	85	3
-292.64	31	86	1
-375.08	31	109	2
-991.10	31	112	2
-165.50	31	113	2
-134.37	31	114	2
-3241.57	31	119	4
-55.46	32	15	10
-562.55	32	15	11
-154.33	32	16	10
-15293.01	32	17	10
-62.25	32	18	10
-139.27	32	20	9
-190.41	32	20	10
-139.05	32	21	9
-68.44	32	35	6
-27.37	32	36	5
0.00	32	37	5
0.00	32	38	4
-364.20	32	40	4
-95.82	32	41	4
-95.82	32	42	1
-471.35	32	42	4
0.00	32	42	5
0.00	32	43	1
-3180.56	32	43	4
0.00	32	44	1
-369.61	32	44	4
-13.68	32	45	1
-109.51	32	45	4
0.00	32	46	4
-82.13	32	47	3
0.00	32	47	4
-164.27	32	49	4
-47.91	32	50	1
0.00	32	54	1
-1245.18	32	60	1
0.00	32	63	1
-20.55	32	64	4
0.00	32	66	1
0.00	32	67	1
0.00	32	68	1
-524.41	32	71	4
0.00	32	72	1
0.00	32	79	1
0.00	32	80	2
0.00	32	81	2
-547.88	32	83	1
-782.69	32	84	1
0.00	32	85	1
-122.18	32	98	3
-1028.37	32	119	4
-407.77	33	15	11
-206.92	33	16	10
-53.95	33	17	10
-111.46	33	18	10
-288.76	33	20	10
0.00	33	33	6
-27.37	33	35	6
-41.06	33	37	5
0.00	33	37	6
-136.89	33	39	5
0.00	33	44	4
0.00	33	47	1
0.00	33	58	1
0.00	33	60	1
0.00	33	63	1
0.00	33	67	1
0.00	33	68	1
0.00	33	69	1
-332.23	33	70	4
0.00	33	71	1
-25.91	33	73	1
-594.11	33	89	3
-119.22	33	110	3
-136.95	33	112	2
-491.32	34	15	11
-18.89	34	16	11
-118.16	34	17	10
-303.57	34	18	10
-158.05	34	19	10
-125.36	34	20	10
-120.66	34	23	9
-2919.41	34	25	10
0.00	34	33	6
-549.12	34	36	6
0.00	34	40	5
-1.36	34	42	4
-383.71	34	43	6
-676.58	34	46	6
-223.10	34	46	7
-4858.97	34	61	3
0.00	34	68	1
0.00	34	69	1
0.00	34	70	1
0.00	34	71	1
0.00	34	72	1
0.00	34	73	1
-456.16	34	73	3
-456.16	34	73	4
-343.89	34	73	6
-32.27	34	74	4
0.00	34	75	3
-212.63	34	76	2
0.00	34	78	1
0.00	34	78	2
-333.47	34	82	4
-282.37	34	93	3
-287.47	34	109	2
-342.23	34	110	2
-273.78	34	111	2
-260.09	34	112	2
-123.20	34	113	2
-1213.13	35	15	11
-166.90	35	16	11
-459.68	35	17	11
-427.10	35	19	10
-313.75	35	20	10
-259.00	35	21	11
-186.03	35	22	9
-134.29	35	23	9
0.00	35	36	6
0.00	35	46	5
0.00	35	50	5
-1.10	35	52	5
-1559.63	35	52	6
0.00	35	52	7
-281.91	35	60	3
-153.16	35	61	3
0.00	35	61	4
-364.09	35	62	3
0.00	35	63	1
-8.21	35	63	3
-1302.03	35	63	4
0.00	35	65	1
0.00	35	65	3
0.00	35	66	1
-141.54	35	66	2
-141.54	35	66	3
-499.65	35	67	1
-260.09	35	67	2
-212.18	35	67	3
-29.56	35	68	1
0.00	35	69	1
0.00	35	70	1
0.00	35	71	1
0.00	35	71	2
-99.91	35	71	3
0.00	35	72	1
0.00	35	73	1
-561.57	35	76	3
0.00	35	77	1
0.00	35	78	1
-301.56	35	83	4
0.00	35	84	1
-394.25	35	92	3
0.00	35	102	3
-725.53	35	109	2
-240.93	35	110	2
-574.69	35	111	2
-92.97	35	116	3
-138.26	35	120	3
-70.96	35	121	2
-827.40	35	122	3
-140.53	36	15	11
-79.39	36	16	11
-214.03	36	17	11
-519.00	36	18	11
-313.51	36	19	11
-173.52	36	20	10
-83.23	36	20	11
-290.70	36	21	10
-155.56	36	22	10
-107.59	36	25	9
0.00	36	36	8
-1176.04	36	40	6
0.00	36	42	6
-0.82	36	43	6
0.00	36	44	6
-46.54	36	46	5
-7.39	36	50	6
-1.65	36	52	5
0.00	36	52	6
-555.78	36	55	4
-205.33	36	56	4
-671.23	36	57	4
-179.63	36	59	4
-64.58	36	61	3
0.00	36	61	4
-85.19	36	62	4
-85.19	36	62	6
-511.51	36	64	4
0.00	36	64	6
0.00	36	65	1
-157.07	36	65	3
0.00	36	66	1
-109.50	36	66	3
-697.48	36	67	4
0.00	36	69	1
0.00	36	70	1
0.00	36	70	4
0.00	36	71	1
0.00	36	72	1
0.00	36	73	1
-84.50	36	105	3
-314.85	36	109	2
-424.36	36	110	2
-49.28	36	111	2
-110.88	36	115	3
-83.50	36	117	3
-136.01	36	119	2
-75.56	36	120	3
-1188.29	37	15	11
-437.08	37	18	11
-274.91	37	19	11
-282.94	37	20	11
-235.96	37	21	10
-116.93	37	21	11
-253.25	37	22	10
-39.53	37	23	10
-67.24	37	26	9
0.00	37	40	6
-88.92	37	41	6
-88.92	37	41	7
0.00	37	41	10
0.00	37	41	11
0.00	37	42	6
-41.53	37	42	8
-1212.52	37	43	6
-518.08	37	44	6
-41.06	37	45	5
0.00	37	45	6
-41.06	37	46	5
-10.85	37	46	6
-8.21	37	48	6
0.00	37	52	5
-506.50	37	55	4
-520.19	37	56	4
-1266.21	37	59	4
-1870.91	37	61	3
-226.00	37	61	4
0.00	37	61	6
0.00	37	62	3
-0.82	37	64	2
0.00	37	65	1
-77.75	37	65	3
0.00	37	66	1
-424.36	37	66	3
0.00	37	68	1
0.00	37	69	1
0.00	37	70	1
0.00	37	71	1
0.00	37	72	1
0.00	37	73	1
0.00	37	74	1
0.00	37	75	1
0.00	37	77	1
-56.39	37	85	2
-824.09	37	85	3
-358.65	37	112	2
-136.89	37	114	2
-355.92	37	114	3
-319.34	37	117	2
-212.89	37	118	2
-118.27	37	119	2
-86.78	37	120	3
-110.07	38	15	11
-45.93	38	17	11
-1150.21	38	19	11
-284.44	38	20	11
-94.31	38	21	11
-198.85	38	22	11
-47.14	38	23	10
-109.02	38	23	11
-125.39	38	24	10
-34.27	38	25	10
-101.68	38	26	9
-53.93	38	27	9
-0.99	38	46	6
-407.05	38	47	6
0.00	38	47	7
0.00	38	49	6
0.00	38	49	7
0.00	38	49	8
-357.92	38	52	6
-391.10	38	56	6
0.00	38	57	4
0.00	38	60	4
-82.60	38	60	6
-1254.94	38	61	4
-1372.40	38	62	3
-6.38	38	62	4
-0.27	38	63	1
-96.47	38	63	3
-79.32	38	63	4
-559.37	38	64	4
-3259.15	38	64	11
0.00	38	65	1
-191.65	38	65	3
-170.43	38	66	3
0.00	38	66	4
0.00	38	67	1
0.00	38	67	3
-1216.24	38	67	4
-50.59	38	68	3
0.00	38	69	1
-1386.15	38	69	4
0.00	38	70	1
-36.03	38	71	1
0.00	38	72	1
0.00	38	73	1
0.00	38	74	1
0.00	38	74	3
0.00	38	75	1
-27.37	38	75	2
-27.37	38	75	3
0.00	38	82	2
-132.78	38	85	2
-588.63	38	85	3
-465.43	38	104	3
-1199.18	38	115	3
-10.95	38	116	3
-143.73	38	117	2
-492.92	38	118	2
-354.27	38	121	3
-258.75	39	15	10
-369.36	39	16	11
-463.99	39	17	11
-535.48	39	18	11
-84.47	39	19	11
-372.67	39	20	11
-199.82	39	21	11
-29.59	39	22	11
-710.25	39	23	11
-172.48	39	24	10
-23.41	39	24	11
-28.92	39	25	10
-123.03	39	26	10
-85.91	39	27	9
-40.20	39	28	9
-95.82	39	37	6
0.00	39	40	6
-46.39	39	40	8
0.00	39	43	6
0.00	39	48	6
0.00	39	49	6
-1.36	39	51	6
-0.27	39	52	5
-1198.36	39	52	6
-4.92	39	53	6
-4.10	39	55	4
-15.74	39	57	4
-35016.99	39	60	4
-826.84	39	60	6
-2938.14	39	61	4
-0.82	39	62	3
0.00	39	62	4
0.00	39	63	1
-179.87	39	63	3
-2526.25	39	65	4
-210.81	39	66	3
-2978.47	39	66	4
-2426.00	39	67	4
0.00	39	68	3
-851.59	39	68	4
-30.66	39	72	1
-386.03	39	72	3
0.00	39	72	4
0.00	39	73	1
0.00	39	75	1
-698.15	39	75	3
0.00	39	76	1
-1797.88	39	76	3
0.00	39	77	1
-1106.56	39	77	2
-256.29	39	77	3
-153.54	39	78	2
-113.13	39	78	3
-54.59	39	80	4
-54.59	39	80	8
0.00	39	84	1
-124.62	39	84	3
-930.87	39	87	2
-1530.45	39	102	3
-1388.09	39	103	3
-2655.71	39	105	3
-479.12	39	107	3
-740.31	39	114	3
-113.62	39	115	3
-8.21	39	117	3
-32.85	39	118	2
-121.28	39	119	3
-148.89	40	16	10
-275.53	40	17	11
-1057.38	40	18	11
-150.06	40	19	11
-203.88	40	20	11
-407.61	40	21	11
-278.89	40	22	11
-123.20	40	23	11
-154.75	40	24	11
-119.94	40	25	10
-337.99	40	25	11
-199.92	40	26	10
-90.34	40	27	11
-54.29	40	30	9
-4.45	40	40	8
0.00	40	41	8
-232.99	40	42	6
-164.27	40	43	6
-54.75	40	44	6
-82.13	40	45	6
-109.51	40	46	6
0.00	40	47	6
-30.77	40	47	7
-1.96	40	48	6
-5.47	40	51	6
-2.05	40	52	5
-74.00	40	52	6
0.00	40	53	5
0.00	40	53	6
0.00	40	56	5
-13.00	40	57	4
-389.10	40	57	6
-54.75	40	59	4
-86.57	40	59	6
-1370.72	40	60	4
-974.02	40	60	6
-123.99	40	61	4
-4017.54	40	62	4
-27.20	40	62	6
-1474.08	40	63	4
0.00	40	64	3
-6382.07	40	65	4
-187.02	40	65	6
0.00	40	66	1
0.00	40	66	2
0.00	40	66	3
-12.32	40	66	4
-0.68	40	67	1
-5.4757e-03	40	67	3
-1215.75	40	67	4
-3595.15	40	68	4
-296.92	40	69	4
0.00	40	72	1
-643.39	40	72	3
0.00	40	72	4
-181.93	40	74	1
-95.82	40	74	3
-60.64	40	75	1
-13.68	40	75	2
-438.05	40	75	3
-0.13	40	75	5
-0.13	40	75	6
0.00	40	76	1
-2035.73	40	76	3
0.00	40	83	1
-84.63	40	83	2
-66.47	40	83	3
0.00	40	86	1
-917.18	40	86	2
-273.78	40	86	3
-3466.14	40	87	2
-457.22	40	88	2
-558.52	40	88	3
-2025.46	40	102	2
-1245.72	40	102	3
-1541.41	40	103	3
-410.67	40	104	3
-191.65	40	105	3
-629.70	40	106	3
-54.75	40	115	3
-103.49	40	117	3
-43.80	40	118	3
-131.41	40	120	3
-453.33	41	18	10
-608.19	41	18	11
-132.67	41	19	11
-98.15	41	20	11
-325.72	41	21	11
-630.60	41	22	11
-231.16	41	23	11
-420.25	41	24	11
-529.11	41	25	11
-156.98	41	26	10
-194.09	41	26	11
-171.88	41	27	9
-126.68	41	27	10
-33.86	41	31	9
-2.53	41	36	5
-2.53	41	36	6
-2.53	41	36	7
0.00	41	38	6
-82.13	41	43	6
-54.75	41	44	6
-41.06	41	45	6
-1259.77	41	47	6
0.00	41	49	6
-1110.24	41	50	6
0.00	41	52	6
-558.11	41	56	6
-995.76	41	58	6
-70.36	41	59	4
-0.32	41	59	5
-0.32	41	59	6
-4.99	41	60	4
-119.89	41	60	6
-4.99	41	61	4
-199.23	41	62	4
-136.89	41	63	4
-7.66	41	64	4
-49.96	41	65	4
-19.16	41	66	4
-694.18	41	66	10
-694.18	41	66	11
-1203.41	41	67	4
-64.16	41	68	3
-6.24	41	68	4
-18.17	41	69	4
0.00	41	70	1
-1236.24	41	70	4
-30.32	41	74	1
-328.54	41	74	2
-30.32	41	74	3
0.00	41	75	1
-183.84	41	75	2
-1074.09	41	75	3
0.00	41	76	1
-27.37	41	76	2
-1048.14	41	76	3
-65.70	41	83	2
0.00	41	84	2
-355.92	41	86	2
-2182.14	41	87	2
-520.19	41	87	3
-1875.42	41	88	2
-1040.38	41	102	2
-889.80	41	103	2
-301.16	41	104	3
-873.37	41	105	3
-410.67	41	106	3
-314.85	41	114	2
-273.78	41	114	3
-406.57	41	117	2
-225.05	41	118	2
-185.34	42	16	10
-248.77	42	19	10
-97.49	42	19	11
-443.79	42	20	11
-96.83	42	21	11
-343.91	42	22	11
-221.41	42	23	11
-158.86	42	24	11
-399.32	42	25	11
-337.81	42	26	11
-310.79	42	27	10
-177.91	42	27	11
-123.20	42	28	11
-60.70	42	29	9
-58.03	42	31	10
-30.82	42	32	10
-105.29	42	32	11
-23.04	42	34	8
-1380.21	42	38	6
-10.95	42	39	6
-49.28	42	40	6
-4.10	42	41	6
-27.37	42	43	6
-27.23	42	52	6
-1831.63	42	55	6
-36.23	42	55	8
0.00	42	57	6
-59.56	42	59	6
-1230.21	42	59	8
-885.75	42	61	6
-14.52	42	62	4
-963.91	42	63	4
-208.87	42	64	4
0.00	42	64	6
-1120.13	42	65	4
-1598.90	42	65	6
-377.13	42	65	8
-424.42	42	66	4
-1048.13	42	66	6
-3936.86	42	67	4
-456.78	42	67	6
-0.82	42	68	4
-1315.14	42	70	4
-4.10	42	71	3
-2144.94	42	71	4
-959.94	42	72	4
-3817.15	42	73	4
-3928.17	42	74	4
-370.74	42	75	4
0.00	42	78	8
-13.94	42	85	2
-13.94	42	85	3
0.00	42	87	1
-377.81	42	87	2
-1060.17	42	88	2
-328.54	42	89	2
-164.27	42	90	2
-385.76	42	91	2
-3584.66	42	92	2
-246.40	42	104	2
-547.57	42	104	3
-2271.88	42	115	3
-414.32	42	116	3
-237.37	42	117	2
-177.41	42	119	2
-153.59	43	15	10
-332.93	43	18	9
-54.74	43	19	10
-57.87	43	19	11
-153.46	43	20	10
-37.40	43	20	11
-172.71	43	21	11
-398.91	43	22	11
-215.01	43	23	11
-37.28	43	24	11
-233.40	43	25	11
-538.27	43	26	11
-417.68	43	27	11
-258.81	43	28	10
-184.20	43	29	10
-181.10	43	30	9
-193.18	43	31	9
-135.77	43	31	10
-287.47	43	32	9
0.00	43	32	10
-180.01	43	34	8
-33.97	43	40	6
0.00	43	43	6
-90.34	43	46	5
-22.17	43	46	6
-22.17	43	46	7
-2558.71	43	48	6
0.00	43	52	6
-1510.03	43	53	6
0.00	43	55	5
0.00	43	55	6
0.00	43	57	6
0.00	43	58	5
0.00	43	58	6
0.00	43	59	5
0.00	43	60	6
-5.96	43	62	4
-0.12	43	62	6
-0.12	43	62	7
0.00	43	62	10
0.00	43	62	11
0.00	43	63	4
0.00	43	63	6
-430.76	43	64	10
-430.76	43	64	11
-111.51	43	65	4
-80.79	43	66	4
-623.85	43	66	6
0.00	43	67	4
0.00	43	68	4
-499.62	43	68	6
-0.82	43	69	4
-1160.10	43	69	8
0.00	43	70	4
0.00	43	71	1
-1686.78	43	71	4
-736.06	43	71	6
0.00	43	76	4
-19.71	43	78	1
-460.53	43	78	8
0.00	43	81	3
-657.08	43	84	2
0.00	43	87	1
0.00	43	88	1
-821.35	43	88	2
-328.54	43	89	2
-999.31	43	90	2
-301.16	43	91	2
-164.27	43	104	2
-232.71	43	105	2
0.00	43	107	3
0.00	43	108	3
-411.91	43	110	3
-226.43	43	115	3
-16.42	43	116	2
-1025.27	43	116	3
-303.57	43	119	2
-167.83	43	119	3
-134.84	44	19	9
-333.49	44	21	10
-108.28	44	22	11
-375.19	44	23	11
-176.72	44	24	11
-36.91	44	25	10
-509.71	44	25	11
-673.31	44	26	11
-452.82	44	27	11
-684.67	44	28	11
-95.03	44	29	11
-74.54	44	30	9
-276.55	44	30	10
-98.86	44	33	10
-131.53	44	33	11
0.00	44	34	10
-435.87	44	42	6
-1639.71	44	42	7
0.00	44	52	6
0.00	44	53	6
-372.79	44	54	6
0.00	44	54	10
0.00	44	54	11
0.00	44	55	5
0.00	44	55	6
0.00	44	56	6
0.00	44	57	6
0.00	44	58	6
0.00	44	59	6
0.00	44	61	6
-191.18	44	62	6
-56.31	44	63	10
-56.31	44	63	11
0.00	44	64	6
-29.29	44	65	4
0.00	44	65	5
-820.35	44	65	6
-20.79	44	66	4
-127.56	44	67	4
-539.27	44	67	6
-539.27	44	67	7
-0.54	44	68	4
-2171.61	44	69	6
-49.07	44	69	8
-51.74	44	70	4
-1587.51	44	70	6
-1053.90	44	71	4
-548.40	44	71	6
0.00	44	72	2
0.00	44	76	6
-710.51	44	82	2
-212.18	44	82	4
0.00	44	88	1
-5.47	44	89	1
0.00	44	90	1
-362.60	44	93	3
-131.79	44	95	3
-219.02	44	103	3
-1.23	44	107	2
-8.21	44	109	2
-273.78	44	110	3
-458.63	44	115	3
0.00	44	116	3
-70.96	44	119	2
-41.06	44	120	3
-38.32	44	121	3
-76.52	45	20	9
-165.70	45	22	10
-166.41	45	22	11
-183.29	45	23	11
-205.55	45	24	11
-91.04	45	25	10
-953.30	45	25	11
-213.78	45	26	10
-576.65	45	26	11
-88.39	45	27	10
-74.36	45	27	11
-180.60	45	28	10
-26.61	45	29	10
-461.60	45	30	10
-42.84	45	31	11
0.00	45	33	10
-284.61	45	34	8
0.00	45	45	5
-1696.48	45	51	6
-69.65	45	53	6
0.00	45	54	6
-360.32	45	55	6
0.00	45	56	6
0.00	45	57	5
0.00	45	57	6
0.00	45	58	6
-4156.73	45	59	6
0.00	45	59	8
0.00	45	60	6
-167.86	45	61	6
-1016.37	45	62	6
0.00	45	62	10
0.00	45	62	11
-304.65	45	63	6
-1234.82	45	64	6
0.00	45	66	5
0.00	45	67	5
0.00	45	68	5
-13.68	45	69	1
-126.48	45	70	4
0.00	45	70	5
-3169.97	45	70	6
-1722.47	45	71	4
-861.48	45	71	6
-1201.55	45	72	4
-766.18	45	72	6
-245.34	45	86	3
0.00	45	89	1
0.00	45	90	1
0.00	45	91	1
-514.71	45	103	3
-233.59	45	104	3
-1342.64	45	115	2
-845.36	45	116	3
-275.97	45	117	2
-216.83	45	118	2
-63.08	45	119	2
-80.50	46	20	9
-189.65	46	24	11
-23.53	46	25	11
-212.25	46	26	11
-113.40	46	27	10
-24.77	46	27	11
-164.27	46	28	10
-1278.02	46	29	10
-232.27	46	29	11
-25.21	46	30	10
-23.65	46	30	11
-285.07	46	32	9
-39.03	46	32	11
-22.99	46	34	9
-38.74	46	34	10
0.00	46	41	5
-177.96	46	50	6
-1.97	46	53	6
-951.51	46	54	6
0.00	46	55	6
0.00	46	57	6
0.00	46	58	6
0.00	46	59	5
-2145.81	46	59	6
-337.74	46	59	8
-4434.42	46	60	6
-497.41	46	61	6
-1080.85	46	63	6
-77.68	46	64	6
-766.83	46	66	6
-796.32	46	67	6
-321.02	46	67	7
-281.44	46	69	6
0.00	46	70	4
-199.31	46	71	4
-1254.18	46	71	6
-499.66	46	72	4
-586.27	46	72	6
0.00	46	73	6
-742.20	46	74	8
0.00	46	80	4
-122.66	46	86	3
0.00	46	89	1
0.00	46	90	1
0.00	46	91	1
0.00	46	92	1
-36.03	46	93	2
-391.51	46	106	3
-28.26	46	107	3
-492.81	46	108	3
-151.12	46	109	2
-240.93	46	109	3
-172.67	46	115	3
-209.76	46	116	3
-328.54	46	117	2
-147.84	46	118	2
-248.36	47	22	9
-801.25	47	24	9
-104.39	47	24	10
-402.77	47	25	10
-204.79	47	26	11
-6.03	47	27	11
-218.41	47	28	10
-341.30	47	28	11
-79.73	47	29	10
-27.54	47	30	10
-88.20	47	30	11
-21.25	47	31	10
-27.60	47	31	11
-265.04	47	33	10
-872.96	47	36	8
0.00	47	49	5
-1076.38	47	49	6
0.00	47	53	6
0.00	47	54	6
0.00	47	55	6
0.00	47	56	6
0.00	47	57	6
-20.45	47	58	6
-751.74	47	59	8
-731.34	47	60	6
-1697.00	47	61	6
-765.79	47	62	6
0.00	47	64	6
-1221.96	47	67	6
-5774.58	47	72	4
0.00	47	72	6
0.00	47	73	4
0.00	47	73	5
0.00	47	74	4
-17.27	47	86	3
-23.52	47	87	3
0.00	47	88	1
0.00	47	90	1
-273.78	47	104	3
-329.91	47	105	2
-276.24	47	106	3
-1.23	47	107	3
-123.20	47	109	3
-1.36	47	110	3
-874.74	47	117	2
-554.41	47	118	2
-295.68	47	119	2
-82.13	47	120	2
-171.61	48	23	9
0.00	48	23	10
-59.87	48	27	10
-683.30	48	27	11
-49.08	48	28	10
-52.89	48	28	11
-61.21	48	29	10
-446.55	48	30	11
-21.62	48	31	10
-53.33	48	33	10
0.00	48	36	10
0.00	48	54	6
-1.64	48	55	6
-2185.90	48	56	6
0.00	48	57	6
0.00	48	58	5
-2109.60	48	59	6
-164.29	48	70	6
0.00	48	72	8
0.00	48	73	4
0.00	48	73	6
0.00	48	83	4
-64.75	48	84	3
0.00	48	90	1
0.00	48	91	1
0.00	48	92	1
0.00	48	93	1
0.00	48	94	1
-466.66	48	104	3
-125.66	48	105	2
-327.44	48	105	3
-25.87	48	106	2
-498.01	48	106	3
-676.24	48	108	3
-82.13	48	109	3
-298.42	48	112	3
-314.85	48	113	3
-161.53	48	115	2
-971.25	48	117	2
-492.81	48	118	2
-172.48	48	119	2
-295.68	48	120	2
-72.27	49	27	11
-14.67	49	28	10
-150.43	49	28	11
-65.02	49	29	10
-197.30	49	29	11
-811.04	49	32	9
-62.28	49	34	9
0.00	49	39	10
-1301.63	49	46	6
-2.73	49	48	6
0.00	49	54	6
0.00	49	55	6
0.00	49	57	6
-1.36	49	58	5
0.00	49	58	6
0.00	49	59	5
0.00	49	66	8
-1044.85	49	70	6
-2.73	49	71	4
0.00	49	71	6
0.00	49	72	4
0.00	49	73	4
0.00	49	73	6
-41.06	49	80	4
-269.08	49	80	8
0.00	49	85	3
0.00	49	86	3
0.00	49	89	4
0.00	49	93	1
0.00	49	94	1
-3.69	49	106	2
-1.23	49	106	3
-83.36	49	107	2
-136.89	49	111	3
-587.79	49	112	3
-167.17	49	114	3
-25.62	49	117	2
-716.22	49	118	2
-295.68	49	120	2
-160.50	50	26	9
-378.97	50	28	10
-2609.22	50	30	10
-123.20	50	31	10
-54.09	50	31	11
-0.81	50	34	9
-606.96	50	52	6
-606.96	50	52	7
0.00	50	58	5
-972.70	50	59	6
-0.99	50	60	6
-2898.32	50	62	6
-1025.11	50	71	6
0.00	50	73	4
-41.06	50	75	1
-13.68	50	76	1
-13.68	50	76	4
-26634.34	50	80	4
0.00	50	81	4
0.00	50	85	4
-36.74	50	91	3
-249.14	50	106	3
-179.19	50	108	3
-114.30	50	108	4
-82.13	50	111	2
-60.23	50	112	2
-232.71	50	112	3
-136.89	50	113	2
-82.13	50	113	3
-199.86	50	114	3
-736.19	50	119	2
-88.70	50	121	2
-170.92	51	18	9
-489.18	51	26	11
-19.43	51	28	11
-284.23	51	29	10
-150.39	51	31	9
-54.06	51	31	10
-153.33	51	32	9
-189.39	51	33	9
0.00	51	39	9
-547.59	51	40	8
0.00	51	40	10
0.00	51	47	6
0.00	51	47	7
0.00	51	57	6
0.00	51	58	6
0.00	51	58	7
0.00	51	59	5
0.00	51	60	5
-40.52	51	60	6
-138.95	51	70	6
-169.70	51	72	6
-20.53	51	74	4
-774.96	51	74	6
-333.59	51	76	8
0.00	51	77	4
0.00	51	80	4
0.00	51	80	8
0.00	51	81	3
-35.59	51	82	3
-109.51	51	83	3
-49.28	51	84	3
0.00	51	85	3
-242.38	51	85	4
0.00	51	88	3
-239.20	51	89	3
0.00	51	95	1
0.00	51	96	1
-1.36	51	107	3
-120.46	51	109	3
-325.80	51	110	2
-682.58	51	112	2
-238.19	51	113	2
-118.27	51	119	2
-742.91	51	120	2
-353.18	51	121	2
-209.99	52	18	9
0.00	52	24	10
-125.77	52	32	9
-132.22	52	33	9
-71.38	52	35	10
0.00	52	52	6
0.00	52	57	5
0.00	52	58	5
0.00	52	58	6
0.00	52	59	6
-256.04	52	60	6
-1744.10	52	63	6
-276.73	52	65	6
-276.73	52	65	7
-818.01	52	68	6
-993.59	52	73	6
-1.36	52	74	6
0.00	52	76	6
0.00	52	78	4
0.00	52	79	4
-172.70	52	81	4
-270.95	52	81	7
-270.95	52	81	8
0.00	52	84	3
-224.50	52	85	3
-0.82	52	86	3
-602.32	52	89	1
-722.79	52	96	1
0.00	52	97	1
-109.51	52	106	3
-208.07	52	109	3
-136.89	52	110	3
-611.40	52	112	2
-68.44	52	113	2
-49.28	52	114	3
-52.56	52	115	3
-413.96	52	118	2
-137.98	52	119	2
-92.40	52	120	2
-2104.38	53	32	11
-44.07	53	34	9
-751.25	53	44	8
0.00	53	54	5
0.00	53	59	5
-432.58	53	60	5
-2077.38	53	60	6
-227.73	53	75	4
-550.95	53	75	6
-1188.84	53	76	6
0.00	53	96	1
0.00	53	97	1
-657.08	53	97	2
-0.68	53	97	3
0.00	53	98	1
-465.43	53	98	2
-191.65	53	103	3
-246.40	53	104	2
-96.28	53	105	3
-46.54	53	109	3
-169.74	53	110	3
-116.08	53	112	2
-129.77	53	113	2
-84.87	53	115	3
-354.82	53	121	2
-2711.87	54	17	10
-430.60	54	27	8
-189.72	54	28	8
-163.57	54	29	8
-118.91	54	30	8
-108.00	54	31	8
0.00	54	31	10
-17.79	54	50	5
0.00	54	59	5
0.00	54	59	6
0.00	54	60	5
0.00	54	60	6
-1003.37	54	68	6
-463.55	54	77	6
-13.68	54	78	4
0.00	54	84	1
-13.68	54	84	3
0.00	54	97	1
-177.96	54	97	2
-284.73	54	98	1
-1591.46	54	98	2
-19.98	54	100	4
-191.65	54	101	2
-136.89	54	102	2
-136.89	54	102	3
-752.90	54	103	3
-532.23	54	120	2
-384.39	54	121	2
-481.00	55	15	11
-853.22	55	16	10
-922.00	55	16	11
-16.33	55	26	8
-61.92	55	30	8
-11.93	55	32	8
0.00	55	32	9
-13.27	55	33	8
0.00	55	51	6
-2.25	55	52	6
0.00	55	56	5
0.00	55	59	5
0.00	55	59	6
0.00	55	60	5
0.00	55	60	6
0.00	55	61	5
0.00	55	62	5
-1697.20	55	62	6
-107.43	55	70	6
-107.43	55	70	7
0.00	55	78	4
0.00	55	78	6
0.00	55	79	4
0.00	55	79	6
-1356.75	55	80	6
0.00	55	90	4
-164.27	55	93	3
-33.30	55	94	3
-189.80	55	94	4
0.00	55	95	1
-164.27	55	95	3
0.00	55	98	1
-1008.76	55	100	2
-186.17	55	101	2
-186.17	55	101	3
-1013.00	55	102	3
-109.51	55	103	3
-531.14	55	107	3
-131.41	55	108	3
-61.60	55	115	3
-474.33	55	117	2
-114.99	55	120	2
-542.09	55	121	2
-14.85	56	26	8
-8.04	56	28	8
-91.45	56	29	8
-23.68	56	30	8
-205.33	56	34	10
-31.34	56	35	8
-429.51	56	56	5
-4053.96	56	56	6
0.00	56	57	6
0.00	56	58	6
0.00	56	59	5
0.00	56	59	6
0.00	56	60	5
0.00	56	60	6
0.00	56	61	5
0.00	56	62	5
0.00	56	62	6
-195.74	56	64	6
-195.74	56	64	7
-213.44	56	79	6
-940.52	56	80	6
-106.77	56	85	3
-52.56	56	86	3
-10.95	56	87	3
-237.06	56	89	3
-411.74	56	90	3
-314.85	56	100	2
-383.30	56	100	3
-104.03	56	101	2
-150.58	56	102	2
0.00	56	103	3
-342.23	56	106	3
-27.37	56	111	3
0.00	57	23	9
0.00	57	34	10
0.00	57	58	5
-1331.72	57	58	6
-560.01	57	59	5
0.00	57	59	6
0.00	57	60	5
-1728.38	57	60	6
0.00	57	61	5
-3690.49	57	61	6
-81.14	57	63	5
-734.53	57	63	6
0.00	57	64	5
0.00	57	79	4
0.00	57	79	6
-344.20	57	85	3
-396.78	57	86	3
-1116.29	57	87	6
-41.06	57	89	3
-594.11	57	101	2
-109.51	57	101	3
-752.90	57	102	2
-676.24	57	102	3
-232.71	57	105	3
0.00	57	108	2
-494.91	58	39	10
0.00	58	43	9
0.00	58	43	10
0.00	58	43	11
0.00	58	52	7
0.00	58	55	5
-1767.90	58	55	6
0.00	58	56	5
0.00	58	60	6
0.00	58	62	5
-10.95	58	64	5
-136.89	58	64	6
-1286.79	58	82	6
-1.23	58	84	3
0.00	58	85	12
-199.86	58	102	2
-651.60	58	102	3
-6.84	58	106	3
-334.01	58	107	3
-464.06	58	108	2
-2439.56	59	18	10
-1841.28	59	24	10
0.00	59	30	10
-41.72	59	41	8
-1150.04	59	54	6
0.00	59	58	5
0.00	59	59	5
0.00	59	60	5
-407.94	59	79	8
0.00	59	85	4
-131.68	59	86	4
-325.09	59	86	6
0.00	59	92	3
0.00	59	93	3
-321.61	59	93	4
-318.95	59	102	2
-757.01	59	102	3
-952.77	59	104	3
-759.75	59	107	2
-186.17	59	108	2
-164.27	59	110	2
-128.67	59	111	2
-921.81	60	28	8
-330.83	60	29	8
-165.41	60	30	8
-3284.90	60	48	8
-12.77	60	49	5
-12.77	60	49	6
-12.77	60	49	7
-273.78	60	55	6
-798.83	60	57	6
-798.83	60	57	7
0.00	60	65	5
-461.12	60	79	6
0.00	60	83	4
0.00	60	89	1
-396.98	60	98	3
-394.25	60	100	3
-301.16	60	108	2
0.00	60	109	2
0.00	60	111	3
-732.98	61	29	8
0.00	61	29	10
-136.89	61	30	10
-196.14	61	52	5
0.00	61	53	5
0.00	61	53	6
-86.39	61	53	7
0.00	61	60	5
-1271.04	61	60	6
-1599.11	61	63	6
-1453.77	61	65	6
-23.13	61	89	1
-3.94	61	90	1
0.00	61	99	3
-603.41	61	103	3
-68.44	61	104	2
-388.77	61	109	3
0.00	61	110	3
-565.36	61	111	3
-39.97	62	41	10
-136.89	62	51	5
-123.20	62	52	5
-35.59	62	52	6
-68.44	62	53	5
-29.56	62	53	6
0.00	62	58	5
0.00	62	72	7
-817.85	62	75	6
-66.94	62	81	4
-24.91	62	82	4
0.00	62	95	1
-375.08	62	105	2
-183.43	62	106	2
-367.73	62	110	3
0.00	63	27	10
-24.64	63	51	5
-806.44	63	51	7
-806.44	63	51	8
-232.71	63	52	5
-201.32	63	53	5
-71.18	63	53	6
-919.34	63	54	6
-12.96	63	59	5
-10.67	63	80	4
-15.01	63	81	4
-12.38	63	83	4
-748.95	63	87	6
0.00	63	89	6
-30.91	63	100	3
-6420.26	63	102	3
-168.54	63	107	3
-369.61	63	108	3
-391.55	64	38	10
-120.46	64	51	5
-82.13	64	53	5
-594.40	64	53	6
-594.40	64	53	7
0.00	64	54	6
-0.41	64	55	6
0.00	64	63	5
0.00	64	63	6
-731.57	64	66	6
-968.99	64	80	6
0.00	64	86	4
0.00	64	88	6
0.00	64	105	3
-832.30	64	109	3
-2683.72	64	110	3
-109.51	65	32	10
0.00	65	33	9
-6.84	65	50	6
0.00	65	50	7
-284.67	65	50	8
-108.96	65	54	5
0.00	65	61	5
0.00	65	66	5
-511.34	65	74	6
-511.34	65	74	7
-1801.99	65	79	6
-605.23	65	79	7
-58.17	65	80	1
-44.29	65	82	4
0.00	65	85	4
-213.55	65	86	4
0.00	65	89	4
0.00	65	98	3
-484.59	65	110	3
-410.67	65	111	3
-136.89	66	34	9
-95.82	66	49	6
0.00	66	54	6
-346.10	66	54	7
-378.91	66	79	6
-378.91	66	79	7
0.00	66	100	3
-684.46	66	104	3
-82.13	67	25	10
-568.78	67	35	10
-354.46	67	39	8
-367.13	67	40	8
-27.37	67	45	6
-24.64	67	45	7
-50.84	67	52	5
-1411.00	67	54	7
-1411.00	67	54	8
-15.90	67	79	6
-793.97	67	91	4
0.00	67	106	3
0.00	67	108	3
-226.14	68	23	11
-403.83	68	24	10
-226.14	68	26	10
-252.49	68	43	8
-32.85	68	44	7
-95.82	68	58	5
-480.15	68	59	6
-480.15	68	59	7
-21.90	68	63	5
-920.50	68	63	6
-920.50	68	63	7
-228.84	68	68	6
-241.11	68	68	7
-584.02	68	75	6
-2336.18	68	84	6
-281.99	68	89	7
0.00	68	96	3
-54.78	68	103	3
-109.51	69	29	10
-136.89	69	30	10
0.00	69	36	9
-259.00	69	53	6
-616.78	69	65	7
-966.02	69	74	7
0.00	69	94	14
-602.32	69	106	3
-668.06	70	24	10
-242.30	70	25	10
-1368.93	70	58	6
-258.67	70	82	6
-410.67	71	26	9
-450.51	71	26	10
-205.33	71	28	10
-410.67	71	35	10
-144.59	71	44	8
0.00	71	55	7
-950.85	71	83	9
-16.42	71	102	3
-547.57	71	104	3
-48.46	72	23	11
-3094.59	72	25	10
0.00	72	31	10
-314.85	72	34	10
-410.67	72	41	10
0.00	72	44	10
-419.80	72	55	6
-419.80	72	55	7
-419.80	72	55	8
-273.78	72	104	3
-2053.38	72	104	4
-121.15	73	23	10
-273.78	73	24	10
-1335.66	73	26	10
-726.48	73	27	10
-444.21	73	28	10
-851.47	73	29	10
0.00	73	30	10
-136.89	73	31	10
-205.33	73	33	10
-273.78	73	40	10
0.00	73	41	9
-164.27	73	50	6
-1926.13	73	64	7
-1171.99	73	65	7
-422.27	73	74	6
-422.27	73	74	7
-422.27	73	74	8
-1894.37	73	101	3
0.00	73	105	3
-301.96	73	107	3
-1048.32	74	25	10
-439.56	74	27	10
-363.45	74	30	9
-484.60	74	38	10
-205.69	74	41	9
-205.69	74	41	10
-0.68	74	55	6
0.00	74	64	6
-1098.52	74	64	7
-1089.56	74	83	9
-73.92	74	85	6
0.00	74	85	7
-208.07	74	108	4
0.00	74	108	14
-28.67	75	21	10
-136.89	75	26	11
-150.58	75	28	9
-205.33	75	28	10
-410.67	75	37	9
-27.37	75	48	5
0.00	75	49	7
0.00	75	51	6
0.00	75	51	7
0.00	75	65	6
0.00	75	65	7
-709.82	75	75	6
-709.82	75	75	7
-700.38	75	89	14
-215.82	76	19	10
-54.75	76	21	10
-54.75	76	25	10
-919.91	76	27	10
-432.58	76	28	10
-1408.59	76	64	7
0.00	76	86	10
0.00	76	87	9
-5.05	76	97	7
-5.05	76	97	10
-274.60	77	25	9
-201.91	77	26	9
-145.38	77	27	10
-301.16	77	28	11
-136.89	77	34	9
-136.89	77	34	10
-820.33	77	37	9
0.00	77	39	9
-73.10	77	55	6
-143.73	77	67	6
-143.73	77	67	7
0.00	77	85	9
0.00	77	85	10
-655.24	77	86	9
-655.24	77	86	10
-329.76	77	89	9
-329.76	77	89	10
-403.83	78	28	10
-484.50	78	30	9
-726.89	78	30	10
-756.59	78	31	9
-1112.51	78	31	10
-224.07	78	32	9
-224.07	78	32	10
-266.11	78	35	9
-266.11	78	35	10
-175.75	78	63	7
-175.75	78	63	8
-309.38	78	76	7
-309.38	78	76	8
-543.32	78	89	9
-543.32	78	89	10
-205.33	79	25	10
-827.34	79	27	10
-959.06	79	29	10
-752.49	79	30	10
-47.91	79	34	9
-47.91	79	34	10
-89.96	79	38	9
-89.96	79	38	10
-604.65	79	54	8
-89.41	79	55	8
-136.89	79	56	8
-205.33	79	65	6
-205.33	79	65	7
-511.55	79	68	7
-136.89	80	28	10
-273.78	80	29	10
-161.53	80	30	10
-260.09	80	31	9
-260.09	80	31	10
-278.59	80	32	9
-278.59	80	32	10
0.00	80	33	10
0.00	80	41	9
0.00	80	41	10
-1205.58	80	53	8
-587.65	80	53	9
-587.65	80	53	10
0.00	80	78	7
-882.77	80	78	8
-776.98	80	92	13
-68.44	81	32	9
-68.44	81	32	10
0.00	81	35	10
-230.10	81	45	8
0.00	81	45	10
0.00	81	54	8
-294.30	81	65	6
-294.30	81	65	7
-294.30	81	65	8
0.00	81	99	14
0.00	82	30	10
-58.09	82	33	9
-340.52	82	33	10
-834.72	82	33	14
0.00	82	35	10
0.00	82	35	12
-95.82	82	36	10
-95.82	82	36	11
-76.34	82	47	8
-906.22	82	55	8
0.00	82	61	8
0.00	82	61	9
-1143.52	82	64	6
-242.41	82	72	7
-242.41	82	72	8
-809.17	82	73	8
-1042.58	82	89	10
-1203.07	82	92	14
-1118.81	82	99	14
-183.53	83	30	14
-143.73	83	32	9
-143.73	83	32	10
0.00	83	32	11
-219.02	83	33	11
-109.51	83	34	9
-109.51	83	34	10
-17.18	83	35	9
-17.18	83	35	10
-0.68	83	57	8
-0.68	83	61	5
-0.68	83	61	6
-271.06	83	69	6
-246.99	84	30	14
-142.36	84	34	9
-142.36	84	34	10
-36.02	84	39	9
-36.02	84	39	10
0.00	84	49	10
-217.30	84	54	8
-1.36	84	58	8
-256.38	84	64	6
-256.38	84	64	7
0.00	84	65	6
-448.10	84	66	6
-448.10	84	66	8
-1430.76	84	83	9
-848.04	85	26	14
0.00	85	31	10
-94.45	85	33	9
-94.45	85	33	10
-75.29	85	34	9
-123.20	85	34	10
-75.29	85	34	11
0.00	85	42	9
0.00	85	42	10
-779.64	85	49	9
-779.64	85	49	10
0.00	85	53	8
-0.41	85	57	8
-610.79	85	60	8
-234.24	85	61	8
-234.24	85	61	9
-234.24	85	61	10
-327.48	85	64	6
-327.48	85	64	7
-1681.75	85	78	9
-2224.00	85	99	14
-2.73	86	25	15
0.00	86	28	10
-200.41	86	33	9
-200.41	86	33	10
-91.52	86	34	9
-431.40	86	41	10
-431.40	86	41	14
-8489.06	86	62	8
-388.79	86	64	6
0.00	86	65	6
-101.30	86	87	5
-1588.29	86	95	14
-93.88	87	24	15
-69.40	87	33	9
-69.40	87	33	10
-91.52	87	34	9
-91.52	87	34	10
0.00	87	55	8
0.00	87	62	8
-131.46	87	64	6
-131.46	87	64	7
-449.61	87	70	8
-198.87	87	100	14
0.00	88	22	15
-95.82	88	23	15
-465.52	88	29	14
-28.47	88	34	9
-28.47	88	34	10
-12.04	88	36	11
-152.68	88	37	10
-43.30	88	37	11
-674.39	88	40	9
-674.39	88	40	10
0.00	88	49	9
0.00	88	49	10
0.00	88	54	8
0.00	88	55	8
-1.36	88	61	8
-950.00	88	64	8
-2.05	88	64	9
-2.05	88	64	10
-437.17	88	65	8
-0.68	88	72	6
0.00	88	100	14
-430.59	89	25	15
-12.18	89	36	9
-12.18	89	36	10
0.00	89	54	8
-1.36	89	61	8
-0.68	89	62	8
-269.16	89	64	8
-0.95	89	73	5
-574.29	89	100	14
0.00	89	102	15
-2.32	90	28	14
-18.50	90	34	9
-18.50	90	34	10
-4125.52	90	46	9
-4125.52	90	46	10
-538.63	90	55	8
-0.68	90	56	8
0.00	90	68	5
-109.51	90	70	6
-1920.19	90	96	13
-2.32	91	27	14
-823.84	91	29	15
0.00	91	37	9
0.00	91	37	10
-246.40	91	45	9
-246.40	91	45	10
0.00	91	46	14
-165.83	91	55	8
0.00	91	60	8
-354.07	91	60	9
-594.80	91	70	8
-30.27	91	100	14
0.00	92	27	15
-23.50	92	31	10
0.00	92	35	9
-76.93	92	36	10
-165.58	92	45	15
0.00	92	53	9
-139.97	92	61	8
-31.48	92	74	6
-1505.70	92	81	9
-1785.79	92	93	14
0.00	93	32	9
-642.42	93	36	14
-6.84	93	54	9
-6.84	93	54	10
-66.50	93	60	8
-123.20	93	68	8
-181.56	93	69	8
-633.99	94	32	15
-36.21	94	38	10
-36.21	94	38	11
-289.68	94	38	14
-324.84	94	42	14
-5588.80	94	45	9
-5588.80	94	45	10
0.00	94	55	14
-766.62	94	65	8
-743.13	94	66	8
-13.14	94	71	6
-133.06	94	73	8
-241.16	95	31	15
-41.06	95	33	11
0.00	95	38	9
0.00	95	38	10
-36.21	95	38	14
-36.21	95	38	15
-300.66	95	40	10
-300.66	95	40	11
-443.44	95	54	9
-177.96	95	59	8
0.00	95	60	8
-27.37	95	64	8
-425.50	95	67	8
-164.27	95	73	8
0.00	96	29	15
-28.44	96	35	14
0.00	96	40	9
0.00	96	46	9
0.00	96	46	10
-1684.71	96	46	14
0.00	96	49	14
0.00	96	50	14
-264.01	96	56	8
-651.66	96	65	9
-1.36	96	69	8
-927.03	96	81	9
-756.92	97	35	10
0.00	97	35	11
-72.27	97	46	9
-72.27	97	46	10
-221.28	97	46	14
0.00	97	47	9
-1235.13	97	47	14
-344.96	97	53	13
-123.20	97	71	8
-336.84	97	84	13
-336.84	97	84	14
-392.48	98	35	14
-349.37	98	45	10
-349.37	98	45	14
-57.49	98	53	9
-57.49	98	53	10
-203.86	98	55	14
-129.90	98	57	8
-1163.30	98	59	8
-581.65	98	61	9
-581.65	98	61	10
-587.65	98	90	14
-2032.97	98	97	13
-85.88	99	32	15
0.00	99	37	11
0.00	99	44	9
-1820.25	99	49	9
-1820.25	99	49	10
-10.67	99	55	9
-10.67	99	55	10
0.00	99	56	8
-1.36	99	57	9
-1.36	99	57	10
-312.72	99	58	8
0.00	99	58	9
-233.65	99	60	8
-464.82	99	60	9
-464.82	99	60	10
-746.11	99	75	9
-746.11	99	75	10
-582.39	99	81	9
-525.66	100	40	15
-23.15	100	45	9
-23.15	100	45	10
-3.80	100	46	9
-3.80	100	46	10
-58.66	100	55	13
-138.56	100	58	8
-0.68	101	41	14
0.00	101	74	15
-58.42	101	75	9
-58.42	101	75	10
-537.16	102	35	15
-966.13	102	45	14
-53.86	102	55	10
-53.86	102	55	14
-273.78	102	60	9
-273.78	102	60	10
-105.69	102	62	9
0.00	102	62	10
0.00	102	71	9
-142.02	102	78	9
0.00	102	82	9
-630.80	103	37	15
-19.98	103	38	14
-119.41	103	54	9
-281.83	103	54	10
-162.42	103	54	14
-44.94	103	56	9
-44.94	103	56	10
0.00	103	59	9
0.00	103	59	10
-105.62	103	60	9
0.00	103	74	9
0.00	103	74	10
-44.70	103	79	9
-1421.08	104	38	14
-395.14	104	41	15
-89.41	104	77	9
-216.83	105	51	10
-216.83	105	51	14
-108.03	105	58	9
-108.03	105	58	10
-244.51	105	90	13
-244.51	105	90	14
-853.94	106	43	14
-399.17	106	47	15
0.00	106	48	9
0.00	106	48	10
-119.41	106	52	9
-119.41	106	52	10
-104.97	106	62	10
0.00	106	64	14
0.00	106	65	10
-126.36	106	65	12
-1063.14	106	68	9
-0.10	106	72	9
-6.84	106	73	9
-6.84	106	73	10
-93.99	106	74	9
-93.99	106	74	10
-0.34	106	75	9
-0.34	106	75	10
-18.61	106	78	9
-18.61	106	78	10
-662.94	107	38	15
-10.67	107	46	15
-635.49	107	55	9
-635.49	107	55	10
0.00	107	57	9
0.00	107	57	10
-27.37	107	60	9
-269.91	107	60	10
-0.11	107	64	13
-0.11	107	64	14
-17.06	107	76	9
-17.06	107	76	10
0.00	108	38	15
0.00	108	40	15
0.00	108	41	15
-45.42	108	42	15
-323.03	108	45	15
0.00	108	49	9
0.00	108	49	10
0.00	108	50	9
-68.44	108	74	9
-68.44	108	74	10
-270.78	108	75	9
0.00	108	76	14
-1524.67	108	78	9
-1524.67	108	78	10
-0.68	109	43	15
-523.44	109	48	14
0.00	109	52	9
-23.42	109	59	9
-23.42	109	59	10
-64.17	109	61	9
-64.17	109	61	10
-389.43	109	63	9
-389.43	109	63	10
0.00	109	67	14
0.00	109	75	9
0.00	109	75	10
0.00	110	55	10
-114.91	110	59	9
-114.91	110	59	10
-171.63	110	65	10
-5.33	110	74	9
-5.33	110	74	10
-79.85	111	50	9
-79.85	111	50	10
-16.79	111	55	9
-16.79	111	55	10
-62.97	111	60	9
-62.97	111	60	10
-71.69	111	61	9
-71.69	111	61	10
-18.55	111	64	9
-18.55	111	64	10
-17.94	111	65	9
-53.84	111	65	10
-79.06	111	66	12
-357.13	111	67	12
-24.64	112	50	9
-24.64	112	50	10
0.00	112	50	15
0.00	112	51	9
-1133.91	112	53	10
0.00	112	60	9
0.00	112	60	10
-125.86	112	64	9
-125.86	112	64	10
-49.76	112	68	12
-16.90	113	52	9
0.00	113	53	9
0.00	113	53	10
-117.72	113	56	9
-117.72	113	56	10
-60.64	113	64	9
-60.64	113	64	10
-548.84	113	71	12
-16.90	114	52	9
-77.46	114	54	9
-77.46	114	54	10
0.00	114	54	14
0.00	114	54	15
-35.36	114	55	9
-35.36	114	55	10
-21.78	114	57	9
-21.78	114	57	10
0.00	114	60	10
-1501.91	114	63	9
-1501.91	114	63	10
-103.05	114	70	12
-775.55	114	72	14
-793.51	115	50	14
-2316.09	115	50	15
-6.84	115	52	14
-6.84	115	52	15
-128.58	115	57	9
-128.58	115	57	10
-487.35	115	60	14
-230.87	115	65	9
-144.24	116	51	14
-2.32	116	51	15
0.00	116	57	9
-0.27	116	61	9
-0.27	116	61	10
-93.04	116	64	9
-93.04	116	64	10
-137.78	116	65	9
-137.78	116	65	10
-109.88	116	66	14
-109.88	116	66	15
0.00	116	71	12
0.00	117	58	9
0.00	117	58	10
-136.92	117	62	9
-136.92	117	62	10
-148.92	117	69	10
0.00	117	71	14
-152.00	118	53	15
-19.59	118	58	9
-19.59	118	58	10
-89.65	118	59	14
-195.63	119	53	15
-62.77	119	57	14
-345.06	120	58	14
-49.35	121	59	14
0.00	121	62	14
-723.97	121	63	14
