0.00	14	113	2
-21.90	15	87	2
-591.48	15	105	2
0.00	15	107	2
-341.99	15	122	3
0.00	16	70	1
0.00	16	70	3
0.00	16	71	1
0.00	16	72	1
-3.40	16	72	4
0.00	16	73	1
0.00	16	74	5
-328.54	16	85	3
-32.85	16	107	2
-46.03	17	65	4
-1.23	17	69	1
-49.96	17	70	2
0.00	17	70	4
0.00	17	78	1
-239.56	17	97	2
-239.56	17	97	3
-175.22	17	99	2
-301.95	18	68	4
-301.95	18	68	5
-301.95	18	68	6
0.00	18	69	4
-1225.65	18	69	6
-161.53	18	73	1
-228.34	18	73	4
-204.04	18	73	6
-1905.73	18	74	4
0.00	18	75	4
-94.83	18	78	1
-27.89	18	79	1
-1459.90	18	84	2
-273.78	18	96	2
-273.78	18	96	3
-460.80	19	54	4
0.00	19	67	1
0.00	19	67	4
-477.52	19	67	6
-476.35	19	68	4
-62.97	19	72	1
0.00	19	73	1
-1319.64	19	73	6
-238.74	19	74	1
-2878.84	19	74	6
-163.76	19	79	1
-57.63	19	79	2
-114.69	19	79	3
-2473.77	19	80	1
0.00	19	97	2
-602.32	19	97	3
-1154.85	20	53	4
-429.62	20	54	1
0.00	20	65	1
-822.79	20	65	4
-1080.36	20	73	1
-8.89	20	73	2
0.00	20	73	4
-27.37	20	74	1
-0.41	20	74	2
0.00	20	74	4
0.00	20	77	1
-92.08	20	79	1
-372.94	20	79	2
-347.81	20	79	3
-23.42	20	79	4
-43.81	20	80	1
-205.58	20	80	3
-0.08	21	41	4
-16.23	21	46	4
-121.78	21	49	3
-121.78	21	49	4
-121.78	21	49	5
-121.78	21	49	6
0.00	21	50	4
-29.04	21	50	5
-29.04	21	50	6
0.00	21	54	4
-286.33	21	55	4
-435.74	21	60	4
-78.57	21	62	1
0.00	21	65	1
0.00	21	66	4
-227.59	21	66	5
-1185.73	21	66	6
-2.46	21	67	2
-1.23	21	74	2
-12.37	21	75	1
0.00	21	76	1
-612.98	21	76	5
-612.98	21	76	6
-612.98	21	76	7
0.00	21	77	1
-62.79	21	79	1
-0.95	21	80	1
-73.64	21	116	3
-726.78	21	122	3
-726.78	21	122	4
-429.89	21	123	3
-429.89	21	123	4
0.00	22	27	5
0.00	22	27	6
0.00	22	33	4
-896.79	22	33	6
-206.65	22	41	4
0.00	22	42	4
-103.96	22	48	6
0.00	22	52	1
0.00	22	63	1
-2.05	22	68	2
0.00	22	68	4
-1155.05	22	74	4
-1524.04	22	74	8
-88.37	22	76	1
-0.82	22	79	1
0.00	22	79	4
-367.23	23	25	11
-71.54	23	33	10
-325.10	23	40	3
-346.93	23	50	6
-740.35	23	54	4
-212.98	23	61	4
-351.75	23	67	1
-169.54	23	67	4
-169.54	23	67	5
0.00	23	69	4
-1171.29	23	74	4
-0.41	23	76	2
-586.76	23	77	1
-201.84	23	79	1
-1269.96	23	80	1
-1313.81	23	82	3
-1113.03	23	90	3
0.00	24	23	6
-172.20	24	29	5
0.00	24	29	10
0.00	24	29	11
-526.98	24	31	6
-604.11	24	32	6
-93.79	24	40	1
-1886.31	24	40	3
0.00	24	41	1
-100.26	24	44	4
-100.26	24	44	5
-706.43	24	51	1
-298.56	24	55	4
-87.73	24	62	1
-386.19	24	63	1
-820.86	24	67	4
-1559.56	24	68	6
0.00	24	69	4
-370.97	24	69	5
-370.97	24	69	6
-0.41	24	70	2
0.00	24	74	4
-256.32	24	74	8
-524.19	24	75	4
-524.19	24	75	5
-524.19	24	75	6
-148.28	24	80	1
0.00	24	86	1
0.00	24	100	3
0.00	24	101	2
-177.94	24	117	4
-32.30	25	16	8
-52.86	25	17	8
-41.25	25	23	11
0.00	25	24	6
-174.58	25	26	11
0.00	25	30	5
-314.60	25	30	6
-658.22	25	32	6
-432.10	25	34	6
0.00	25	39	3
-505.31	25	43	4
0.00	25	43	5
0.00	25	49	6
-278.25	25	50	1
-2631.41	25	51	1
-463.71	25	52	1
-1252.75	25	54	1
0.00	25	61	1
-515.32	25	62	1
-58.53	25	63	1
-903.66	25	67	1
-485.52	25	68	1
-502.97	25	70	4
-6.57	25	71	2
0.00	25	74	4
0.00	25	75	4
-143.16	25	81	1
-646.82	25	85	1
-2087.06	25	86	1
-66.33	26	17	8
-19.23	26	18	8
-125.38	26	23	10
-125.38	26	23	11
-121.51	26	30	5
-121.51	26	30	6
0.00	26	40	3
0.00	26	40	5
0.00	26	41	1
-98.34	26	42	1
0.00	26	50	1
-133.60	26	51	1
-2548.42	26	52	1
0.00	26	54	2
-72.44	26	62	1
0.00	26	63	1
-1302.29	26	67	1
-1405.42	26	68	1
-78.85	26	69	1
0.00	26	71	4
-28.39	26	73	4
0.00	26	75	4
-234.14	26	80	1
-2570.86	26	81	1
-3384.80	26	84	1
-2663.25	26	85	1
-598.25	26	86	1
-95.24	26	96	2
-10.02	27	18	8
-1811.25	27	19	10
-565.53	27	29	6
-108.85	27	41	1
-1935.91	27	42	1
-285.96	27	45	1
-948.32	27	46	1
0.00	27	48	1
-68.44	27	51	1
0.00	27	58	1
0.00	27	59	3
-150.79	27	59	4
-46.35	27	61	1
-175.04	27	62	1
-961.01	27	63	1
0.00	27	63	11
-689.48	27	65	1
-4257.08	27	69	1
-150.61	27	70	1
-752.86	27	74	4
-752.86	27	74	5
0.00	27	74	6
-752.86	27	74	8
0.00	27	75	2
0.00	27	76	1
0.00	27	76	2
-834.73	27	76	12
-1950.53	27	82	1
-29.51	27	83	1
-414.39	27	84	1
-148.94	27	85	1
-273.99	27	91	3
-16.11	28	12	10
-250.29	28	19	8
-346.11	28	20	8
-0.90	28	31	5
-415.55	28	31	6
0.00	28	31	11
0.00	28	34	1
0.00	28	34	5
0.00	28	35	5
-1210.93	28	39	1
-332.95	28	46	1
-110.65	28	46	4
-1681.32	28	48	1
-1165.72	28	49	1
-896.20	28	50	1
-140.14	28	52	4
0.00	28	61	1
-422.47	28	63	1
-4041.15	28	64	1
-2257.70	28	65	1
-2253.18	28	66	1
-671.01	28	68	1
-3187.05	28	69	1
0.00	28	70	1
-475.97	28	72	4
-475.97	28	72	5
-475.97	28	72	6
-242.23	28	74	4
-242.23	28	74	6
-242.23	28	74	8
0.00	28	81	1
-406.65	28	82	1
-1857.63	28	83	1
-980.08	28	84	1
0.00	28	85	1
-452.20	28	98	3
-602.32	28	99	3
-101.65	28	101	3
-577.33	28	108	3
0.00	28	113	2
0.00	28	113	3
-214.00	29	12	11
-22.93	29	13	10
-16.49	29	14	10
-323.99	29	19	11
-472.83	29	21	8
-126.48	29	22	8
0.00	29	30	6
-1057.19	29	34	6
-196.43	29	42	1
-1085.46	29	42	4
-229.54	29	43	3
-164.46	29	43	4
-336.34	29	44	1
-2101.89	29	44	4
-377.41	29	45	1
-430.93	29	45	3
-3883.17	29	45	4
-1893.96	29	46	1
-105.73	29	46	3
-1205.49	29	46	4
-2874.96	29	47	1
-3501.07	29	48	1
-2123.77	29	49	1
0.00	29	50	1
-72.55	29	50	3
-89.93	29	54	1
-1084.61	29	61	1
-978.58	29	62	1
-96.60	29	63	1
-538.53	29	65	1
-1740.03	29	66	1
-149.66	29	66	4
0.00	29	67	1
-1436.61	29	68	1
-2366.43	29	69	1
0.00	29	70	1
-1068.56	29	70	4
0.00	29	71	1
0.00	29	73	1
-333.40	29	76	4
-1.23	29	78	3
0.00	29	79	4
-679.75	29	82	1
0.00	29	83	1
-438.05	29	85	1
-816.42	29	108	2
-431.07	29	108	3
-126.16	29	109	3
-150.58	29	112	2
-16.62	30	13	10
-537.54	30	13	11
-49.27	30	14	10
-132.67	30	15	11
-34.91	30	16	10
-12.70	30	17	9
-9.48	30	18	9
-10.67	30	19	10
-190.99	30	22	8
0.00	30	35	5
-209.11	30	36	4
-17.83	30	36	5
-217.22	30	37	5
-392.26	30	37	6
-392.26	30	37	7
-408.72	30	43	1
-747.10	30	43	3
-812.32	30	43	4
-1468.13	30	44	4
-615.46	30	45	1
-1893.16	30	45	4
-1328.42	30	46	1
-1484.70	30	46	4
-2116.49	30	47	1
0.00	30	47	3
-725.23	30	47	4
-806.89	30	48	1
-795.24	30	48	4
-47.24	30	49	1
0.00	30	50	1
-82.13	30	61	1
0.00	30	62	1
0.00	30	66	1
0.00	30	67	1
-652.65	30	68	1
-217.55	30	69	1
0.00	30	74	2
-969.19	30	78	4
0.00	30	79	2
0.00	30	83	1
-143.18	30	83	3
-807.23	30	84	1
-1035.31	30	85	1
-237.94	30	119	2
-304.06	31	14	11
-423.20	31	15	10
-105.22	31	16	10
0.00	31	18	9
-196.22	31	19	9
-118.46	31	20	9
-55.72	31	24	8
0.00	31	31	6
-248.62	31	35	5
0.00	31	35	6
-71.18	31	36	5
0.00	31	36	6
-1463.80	31	41	4
-2454.37	31	43	4
-625.42	31	44	4
0.00	31	45	1
-268.30	31	45	4
-191.37	31	46	1
-189.95	31	47	4
-735.77	31	48	3
0.00	31	56	2
-322.58	31	56	4
-303.28	31	60	1
-2331.82	31	61	1
-2024.34	31	62	1
-325.25	31	63	1
-169.15	31	67	1
-659.93	31	68	1
-1.07	31	73	1
-0.12	31	74	1
0.00	31	78	2
0.00	31	79	2
-972.76	31	79	4
0.00	31	83	1
0.00	31	84	1
-7589.97	31	85	1
-72.75	31	85	3
-387.86	31	86	1
-375.08	31	109	2
-991.10	31	112	2
-165.50	31	113	2
-144.22	31	114	2
-16650.18	31	119	4
-20.86	32	15	10
-414.71	32	15	11
-111.19	32	16	10
-16172.52	32	17	10
-49.88	32	18	10
-139.27	32	20	9
-5.88	32	20	10
-97.44	32	21	9
-140.91	32	35	6
-17.91	32	36	5
0.00	32	37	5
0.00	32	38	4
-47.61	32	40	4
-2.39	32	41	4
-88.54	32	42	1
-462.62	32	42	4
0.00	32	42	5
0.00	32	43	1
-3108.74	32	43	4
0.00	32	44	1
-282.18	32	44	4
-12.32	32	45	1
0.00	32	45	4
-33.89	32	46	4
-37.59	32	47	3
0.00	32	47	4
-164.24	32	49	4
0.00	32	50	1
-55.71	32	54	1
-2575.79	32	60	1
-104.76	32	63	1
-64.29	32	64	4
-740.94	32	66	1
-3182.39	32	67	1
-1020.56	32	68	1
-510.78	32	71	4
-28.74	32	72	1
0.00	32	79	1
0.00	32	80	2
0.00	32	81	2
-760.53	32	83	1
-1449.38	32	84	1
0.00	32	85	1
-112.21	32	98	3
-1006.32	32	119	4
-348.69	33	15	11
-203.17	33	16	10
-40.47	33	17	10
-18.31	33	18	10
-180.09	33	20	10
0.00	33	33	6
0.00	33	35	6
-10.48	33	37	5
0.00	33	37	6
-150.08	33	39	5
0.00	33	44	4
0.00	33	47	1
0.00	33	58	1
0.00	33	60	1
-209.53	33	63	1
-1283.06	33	67	1
-756.93	33	68	1
-276.90	33	69	1
-135.00	33	70	4
-253.06	33	71	1
-29.70	33	73	1
-555.79	33	89	3
-112.78	33	110	3
-106.22	33	112	2
-176.71	34	15	11
-32.08	34	16	11
-122.05	34	17	10
-276.00	34	18	10
-99.19	34	19	10
-84.07	34	20	10
-46.28	34	23	9
-11014.43	34	25	10
0.00	34	33	6
-299.00	34	36	6
-1.36	34	40	5
-0.35	34	42	4
-247.17	34	43	6
-835.38	34	46	6
-73.16	34	46	7
-6707.75	34	61	3
-1045.11	34	68	1
-118.57	34	69	1
-1321.66	34	70	1
-3945.96	34	71	1
-1540.66	34	72	1
-176.86	34	73	1
-177.91	34	73	3
-177.91	34	73	4
-364.77	34	73	6
-5.49	34	74	4
0.00	34	75	3
-386.99	34	76	2
-7.66	34	78	1
0.00	34	78	2
-835.61	34	82	4
-143.74	34	93	3
-287.47	34	109	2
-342.23	34	110	2
-273.78	34	111	2
-260.09	34	112	2
-123.20	34	113	2
-611.40	35	15	11
-71.90	35	16	11
-235.03	35	17	11
-440.15	35	19	10
-266.85	35	20	10
-33.92	35	21	11
-123.20	35	22	9
-96.75	35	23	9
0.00	35	36	6
0.00	35	46	5
0.00	35	50	5
-0.05	35	52	5
-1388.65	35	52	6
0.00	35	52	7
-136.29	35	60	3
-52.93	35	61	3
0.00	35	61	4
-0.21	35	62	3
-16.50	35	63	1
-22.88	35	63	3
-1534.48	35	63	4
-1.51	35	65	1
-0.82	35	65	3
-11.24	35	66	1
-141.54	35	66	2
-141.54	35	66	3
-1394.62	35	67	1
-261.92	35	67	2
-213.29	35	67	3
-2456.80	35	68	1
-564.06	35	69	1
-474.31	35	70	1
-4302.36	35	71	1
-177.44	35	71	2
-12.24	35	71	3
-4405.18	35	72	1
-871.97	35	73	1
-477.15	35	76	3
0.00	35	77	1
-43.17	35	78	1
0.00	35	83	4
0.00	35	84	1
-394.25	35	92	3
0.00	35	102	3
-725.53	35	109	2
-240.93	35	110	2
-372.34	35	111	2
-94.44	35	116	3
-138.26	35	120	3
-70.96	35	121	2
-821.35	35	122	3
-86.13	36	15	11
-82.66	36	16	11
-171.12	36	17	11
-329.29	36	18	11
-92.49	36	19	11
-319.12	36	20	10
-71.09	36	20	11
-203.42	36	21	10
-106.92	36	22	10
-67.94	36	25	9
0.00	36	36	8
-1277.75	36	40	6
-42.75	36	42	6
-0.87	36	43	6
0.00	36	44	6
-19.16	36	46	5
0.00	36	50	6
-1.65	36	52	5
0.00	36	52	6
-397.97	36	55	4
-200.41	36	56	4
-890.63	36	57	4
-468.49	36	59	4
-71.38	36	61	3
0.00	36	61	4
-72.23	36	62	4
-72.23	36	62	6
-616.78	36	64	4
0.00	36	64	6
-562.55	36	65	1
-34.00	36	65	3
-77.71	36	66	1
-192.22	36	66	3
-1431.57	36	67	4
0.00	36	69	1
-1801.86	36	70	1
-803.49	36	70	4
-3646.12	36	71	1
-3116.55	36	72	1
-742.87	36	73	1
-53.98	36	105	3
-314.85	36	109	2
-424.36	36	110	2
-49.28	36	111	2
-110.88	36	115	3
-83.50	36	117	3
-136.01	36	119	2
-75.56	36	120	3
-930.69	37	15	11
-438.27	37	18	11
-185.97	37	19	11
-407.53	37	20	11
-68.88	37	21	10
-202.55	37	21	11
-158.41	37	22	10
-61.86	37	23	10
-63.38	37	26	9
0.00	37	40	6
-34.78	37	41	6
-34.78	37	41	7
0.00	37	41	10
0.00	37	41	11
0.00	37	42	6
-31.11	37	42	8
-1329.47	37	43	6
-650.45	37	44	6
-41.06	37	45	5
-24.64	37	45	6
-41.06	37	46	5
-6.47	37	46	6
-8.21	37	48	6
-29.13	37	52	5
-498.47	37	55	4
-502.28	37	56	4
-1355.02	37	59	4
-1072.27	37	61	3
-837.94	37	61	4
0.00	37	61	6
-40.64	37	62	3
-0.82	37	64	2
-257.77	37	65	1
-170.94	37	65	3
-39.36	37	66	1
-406.65	37	66	3
-992.92	37	68	1
-535.16	37	69	1
-3244.11	37	70	1
-5608.09	37	71	1
-2540.18	37	72	1
-1139.02	37	73	1
-3755.43	37	74	1
-872.77	37	75	1
0.00	37	77	1
-38.32	37	85	2
-714.57	37	85	3
-358.65	37	112	2
-136.89	37	114	2
-355.92	37	114	3
-319.34	37	117	2
-212.89	37	118	2
-118.27	37	119	2
-86.78	37	120	3
-88.15	38	15	11
-28.99	38	17	11
-1472.93	38	19	11
-157.27	38	20	11
-120.12	38	21	11
-661.37	38	22	11
-41.31	38	23	10
-131.30	38	23	11
-78.49	38	24	10
-54.06	38	25	10
-114.49	38	26	9
0.00	38	27	9
-0.99	38	46	6
-479.46	38	47	6
-0.95	38	47	7
0.00	38	49	6
0.00	38	49	7
0.00	38	49	8
-598.83	38	52	6
-399.62	38	56	6
0.00	38	57	4
0.00	38	60	4
-118.28	38	60	6
-1452.46	38	61	4
-876.94	38	62	3
-0.03	38	62	4
-0.27	38	63	1
-55.30	38	63	3
-35.30	38	63	4
-461.03	38	64	4
0.00	38	64	11
-33.63	38	65	1
-179.19	38	65	3
-757.32	38	66	3
0.00	38	66	4
0.00	38	67	1
0.00	38	67	3
-500.20	38	67	4
-50.59	38	68	3
-563.66	38	69	1
-1154.63	38	69	4
-542.44	38	70	1
-37.04	38	71	1
-2814.75	38	72	1
-615.17	38	73	1
-1264.69	38	74	1
0.00	38	74	3
-5133.38	38	75	1
-24.84	38	75	2
-24.84	38	75	3
0.00	38	82	2
-132.78	38	85	2
-637.57	38	85	3
-465.43	38	104	3
-1199.18	38	115	3
-10.95	38	116	3
-143.73	38	117	2
-492.92	38	118	2
-354.27	38	121	3
-185.72	39	15	10
-364.65	39	16	11
-337.44	39	17	11
-406.53	39	18	11
-206.92	39	19	11
-249.06	39	20	11
-133.48	39	21	11
-29.59	39	22	11
-694.56	39	23	11
-169.34	39	24	10
-27.02	39	24	11
-24.07	39	25	10
0.00	39	26	10
-33.26	39	27	9
-17.50	39	28	9
-110.00	39	37	6
0.00	39	40	6
-56.65	39	40	8
0.00	39	43	6
0.00	39	48	6
-0.54	39	49	6
-0.41	39	51	6
0.00	39	52	5
-967.11	39	52	6
-4.92	39	53	6
-12.59	39	55	4
-15.74	39	57	4
-28623.59	39	60	4
-2270.23	39	60	6
-3025.89	39	61	4
-0.82	39	62	3
0.00	39	62	4
-0.82	39	63	1
-179.87	39	63	3
-3081.18	39	65	4
-120.15	39	66	3
-1882.67	39	66	4
-2580.15	39	67	4
0.00	39	68	3
-1027.37	39	68	4
-189.45	39	72	1
-419.30	39	72	3
0.00	39	72	4
-83.41	39	73	1
-632.84	39	75	1
-728.89	39	75	3
-1563.64	39	76	1
-1586.27	39	76	3
-582.76	39	77	1
-715.05	39	77	2
-151.36	39	77	3
-153.54	39	78	2
-113.13	39	78	3
-64.23	39	80	4
-64.23	39	80	8
-221.15	39	84	1
-138.21	39	84	3
-930.87	39	87	2
-1530.45	39	102	3
-1388.09	39	103	3
-2655.71	39	105	3
-535.05	39	107	3
0.00	39	114	3
-113.62	39	115	3
-8.21	39	117	3
-32.85	39	118	2
-121.28	39	119	3
-112.62	40	16	10
-442.71	40	17	11
-1181.47	40	18	11
-184.87	40	19	11
-181.93	40	20	11
-314.86	40	21	11
-364.77	40	22	11
-44.80	40	23	11
-195.54	40	24	11
-111.09	40	25	10
-331.04	40	25	11
-273.97	40	26	10
-72.33	40	27	11
-23.24	40	30	9
-11.70	40	40	8
0.00	40	41	8
-229.06	40	42	6
-282.05	40	43	6
-61.05	40	44	6
-141.17	40	45	6
0.00	40	46	6
0.00	40	47	6
-74.77	40	47	7
-1.91	40	48	6
-22.67	40	51	6
-2.05	40	52	5
-63.60	40	52	6
0.00	40	53	5
0.00	40	53	6
0.00	40	56	5
-13.00	40	57	4
-544.31	40	57	6
-54.75	40	59	4
-130.89	40	59	6
-777.72	40	60	4
-2567.84	40	60	6
-154.94	40	61	4
-2772.22	40	62	4
-16.42	40	62	6
-1480.52	40	63	4
0.00	40	64	3
-5524.35	40	65	4
-362.74	40	65	6
0.00	40	66	1
0.00	40	66	2
0.00	40	66	3
-12.32	40	66	4
-0.56	40	67	1
-0.01	40	67	3
-1177.63	40	67	4
-2941.04	40	68	4
-395.33	40	69	4
0.00	40	72	1
-547.88	40	72	3
0.00	40	72	4
-1103.31	40	74	1
-109.62	40	74	3
-2742.00	40	75	1
-2.84	40	75	2
-749.52	40	75	3
0.00	40	75	5
0.00	40	75	6
-923.44	40	76	1
-1885.65	40	76	3
-190.55	40	83	1
-84.63	40	83	2
-42.25	40	83	3
-61.05	40	86	1
-917.18	40	86	2
-142.56	40	86	3
-3577.38	40	87	2
-382.65	40	88	2
-558.52	40	88	3
-2025.46	40	102	2
-1245.72	40	102	3
-1541.41	40	103	3
-410.67	40	104	3
-191.65	40	105	3
-629.70	40	106	3
-54.75	40	115	3
-103.49	40	117	3
-43.80	40	118	3
-131.41	40	120	3
-228.62	41	18	10
-518.05	41	18	11
-149.54	41	19	11
-99.82	41	20	11
-317.83	41	21	11
-564.21	41	22	11
-204.89	41	23	11
-328.08	41	24	11
-529.24	41	25	11
-251.19	41	26	10
-108.75	41	26	11
-150.28	41	27	9
-113.01	41	27	10
-37.07	41	31	9
0.00	41	36	5
0.00	41	36	6
0.00	41	36	7
0.00	41	38	6
-138.39	41	43	6
-56.37	41	44	6
-170.29	41	45	6
-1017.46	41	47	6
0.00	41	49	6
-1126.38	41	50	6
0.00	41	52	6
-423.43	41	56	6
-1037.91	41	58	6
-70.36	41	59	4
-0.03	41	59	5
-0.03	41	59	6
-0.87	41	60	4
-1159.81	41	60	6
-4.99	41	61	4
-258.04	41	62	4
-40.66	41	63	4
-7.66	41	64	4
-14.83	41	65	4
-61.32	41	66	4
-612.21	41	66	10
-612.21	41	66	11
-1445.88	41	67	4
0.00	41	68	3
-6.24	41	68	4
-1003.20	41	69	4
-2.73	41	70	1
-1106.50	41	70	4
-30.32	41	74	1
-325.54	41	74	2
-30.32	41	74	3
-480.88	41	75	1
-127.29	41	75	2
-1088.39	41	75	3
-554.67	41	76	1
-26.03	41	76	2
-1201.86	41	76	3
-65.70	41	83	2
-164.27	41	84	2
-338.16	41	86	2
-1935.49	41	87	2
-320.77	41	87	3
-1815.79	41	88	2
-1040.38	41	102	2
-889.80	41	103	2
-301.16	41	104	3
-873.37	41	105	3
-410.67	41	106	3
-314.85	41	114	2
-273.78	41	114	3
-406.57	41	117	2
-225.05	41	118	2
-231.55	42	16	10
-105.85	42	19	10
-24.85	42	19	11
-368.78	42	20	11
-66.44	42	21	11
-477.42	42	22	11
-232.01	42	23	11
-208.78	42	24	11
-330.44	42	25	11
-373.61	42	26	11
-342.05	42	27	10
-126.65	42	27	11
-95.82	42	28	11
-61.48	42	29	9
-121.94	42	31	10
-19.43	42	32	10
-86.50	42	32	11
-15.65	42	34	8
-1035.78	42	38	6
-3.28	42	39	6
-44.95	42	40	6
-3.42	42	41	6
-24.70	42	43	6
-29.40	42	52	6
-1091.36	42	55	6
-342.77	42	55	8
0.00	42	57	6
-22.10	42	59	6
-1447.57	42	59	8
-2590.98	42	61	6
-99.83	42	62	4
-750.97	42	63	4
-374.44	42	64	4
0.00	42	64	6
-2245.52	42	65	4
-2333.47	42	65	6
-583.72	42	65	8
-84.74	42	66	4
-1166.18	42	66	6
-3555.63	42	67	4
0.00	42	67	6
-0.82	42	68	4
-1686.06	42	70	4
-4.10	42	71	3
-1726.58	42	71	4
-721.96	42	72	4
-4115.71	42	73	4
-3636.89	42	74	4
-620.73	42	75	4
0.00	42	78	8
-14.25	42	85	2
-14.25	42	85	3
-922.29	42	87	1
-372.77	42	87	2
-819.35	42	88	2
-328.54	42	89	2
-164.27	42	90	2
-385.76	42	91	2
-3631.87	42	92	2
-246.40	42	104	2
-547.57	42	104	3
-1464.45	42	115	3
-688.26	42	116	3
-237.37	42	117	2
-177.41	42	119	2
-148.63	43	15	10
-146.35	43	18	9
-2.00	43	19	10
-3.55	43	19	11
-319.79	43	20	10
-113.05	43	20	11
-169.98	43	21	11
-393.47	43	22	11
-211.96	43	23	11
-24.14	43	24	11
-191.48	43	25	11
-663.87	43	26	11
-370.33	43	27	11
-202.79	43	28	10
-106.73	43	29	10
-150.52	43	30	9
-152.68	43	31	9
-120.63	43	31	10
-301.16	43	32	9
-360.07	43	32	10
-149.93	43	34	8
-24.27	43	40	6
0.00	43	43	6
-92.01	43	46	5
-21.83	43	46	6
-21.83	43	46	7
-1449.08	43	48	6
0.00	43	52	6
-571.61	43	53	6
0.00	43	55	5
0.00	43	55	6
0.00	43	57	6
0.00	43	58	5
0.00	43	58	6
0.00	43	59	5
0.00	43	60	6
-12.75	43	62	4
-151.92	43	62	6
-151.92	43	62	7
0.00	43	62	10
0.00	43	62	11
0.00	43	63	4
0.00	43	63	6
-341.81	43	64	10
-341.81	43	64	11
-111.51	43	65	4
-178.80	43	66	4
-2427.32	43	66	6
0.00	43	67	4
0.00	43	68	4
-283.23	43	68	6
-1.77	43	69	4
-1304.42	43	69	8
0.00	43	70	4
-3.44	43	71	1
-1408.27	43	71	4
-399.77	43	71	6
0.00	43	76	4
-19.71	43	78	1
-342.21	43	78	8
0.00	43	81	3
-628.33	43	84	2
-117.12	43	87	1
-307.55	43	88	1
-820.15	43	88	2
-328.54	43	89	2
-999.31	43	90	2
-301.16	43	91	2
-164.27	43	104	2
-232.71	43	105	2
0.00	43	107	3
0.00	43	108	3
-491.19	43	110	3
-409.81	43	115	3
-16.42	43	116	2
-861.25	43	116	3
-303.57	43	119	2
-167.83	43	119	3
-94.90	44	19	9
-281.26	44	21	10
-73.94	44	22	11
-317.34	44	23	11
-136.50	44	24	11
-32.46	44	25	10
-487.74	44	25	11
-429.72	44	26	11
-414.86	44	27	11
-569.30	44	28	11
-66.47	44	29	11
-104.44	44	30	9
-306.00	44	30	10
-95.27	44	33	10
-136.39	44	33	11
-36.38	44	34	10
-596.94	44	42	6
-2106.85	44	42	7
0.00	44	52	6
0.00	44	53	6
0.00	44	54	6
0.00	44	54	10
0.00	44	54	11
0.00	44	55	5
0.00	44	55	6
0.00	44	56	6
0.00	44	57	6
0.00	44	58	6
0.00	44	59	6
0.00	44	61	6
-531.42	44	62	6
-159.81	44	63	10
-159.81	44	63	11
-1.47	44	64	6
-10.40	44	65	4
0.00	44	65	5
-1609.03	44	65	6
-78.67	44	66	4
0.00	44	67	4
-843.52	44	67	6
-843.52	44	67	7
-0.54	44	68	4
-1385.54	44	69	6
-75.26	44	69	8
-51.74	44	70	4
-831.69	44	70	6
-1027.05	44	71	4
-365.13	44	71	6
0.00	44	72	2
0.00	44	76	6
-711.83	44	82	2
-251.03	44	82	4
-465.65	44	88	1
-2126.88	44	89	1
-1410.78	44	90	1
-362.60	44	93	3
-130.29	44	95	3
-219.02	44	103	3
-1.23	44	107	2
-8.21	44	109	2
-273.78	44	110	3
-458.63	44	115	3
0.00	44	116	3
-70.96	44	119	2
-41.06	44	120	3
-38.32	44	121	3
-108.30	45	20	9
-189.64	45	22	10
-17.11	45	22	11
-211.19	45	23	11
-165.44	45	24	11
-72.96	45	25	10
-983.86	45	25	11
-291.84	45	26	10
-467.99	45	26	11
-59.99	45	27	10
-16.78	45	27	11
-233.81	45	28	10
-33.48	45	29	10
-438.49	45	30	10
-47.47	45	31	11
0.00	45	33	10
-488.12	45	34	8
0.00	45	45	5
-2023.27	45	51	6
-269.26	45	53	6
0.00	45	54	6
-217.11	45	55	6
0.00	45	56	6
0.00	45	57	5
0.00	45	57	6
0.00	45	58	6
-2605.49	45	59	6
0.00	45	59	8
0.00	45	60	6
-56.08	45	61	6
-897.15	45	62	6
0.00	45	62	10
0.00	45	62	11
-36.72	45	63	6
-682.05	45	64	6
0.00	45	66	5
0.00	45	67	5
0.00	45	68	5
0.00	45	69	1
-126.48	45	70	4
0.00	45	70	5
-2120.86	45	70	6
-2669.52	45	71	4
-1358.20	45	71	6
-735.46	45	72	4
-600.01	45	72	6
-234.66	45	86	3
-2544.65	45	89	1
-2822.03	45	90	1
-2454.92	45	91	1
-535.65	45	103	3
-193.29	45	104	3
-1448.78	45	115	2
-878.55	45	116	3
-275.97	45	117	2
-216.83	45	118	2
-63.08	45	119	2
-64.52	46	20	9
-220.89	46	24	11
-31.15	46	25	11
-270.00	46	26	11
-18.09	46	27	10
-82.90	46	27	11
-246.40	46	28	10
-1186.32	46	29	10
-167.11	46	29	11
-25.54	46	30	10
-81.86	46	30	11
-307.37	46	32	9
-74.34	46	32	11
-54.48	46	34	9
-56.50	46	34	10
0.00	46	41	5
-160.79	46	50	6
-1.97	46	53	6
-1851.52	46	54	6
0.00	46	55	6
0.00	46	57	6
-0.08	46	58	6
-7.21	46	59	5
-2070.54	46	59	6
-63.63	46	59	8
-3184.20	46	60	6
-117.40	46	61	6
-923.40	46	63	6
-67.35	46	64	6
-1157.50	46	66	6
-1180.04	46	67	6
-433.56	46	67	7
-246.45	46	69	6
-14.23	46	70	4
-223.71	46	71	4
-1207.72	46	71	6
-2166.85	46	72	4
-1447.93	46	72	6
0.00	46	73	6
-555.51	46	74	8
0.00	46	80	4
-184.38	46	86	3
-2287.22	46	89	1
-655.91	46	90	1
-2538.31	46	91	1
-2249.78	46	92	1
-38.52	46	93	2
-391.51	46	106	3
-26.02	46	107	3
-492.81	46	108	3
-151.12	46	109	2
-240.93	46	109	3
-226.22	46	115	3
-265.77	46	116	3
-328.54	46	117	2
-147.84	46	118	2
-207.52	47	22	9
-627.63	47	24	9
-153.53	47	24	10
-223.50	47	25	10
-193.85	47	26	11
-0.60	47	27	11
-178.91	47	28	10
-331.95	47	28	11
-84.87	47	29	10
-17.85	47	30	10
-50.37	47	30	11
-43.68	47	31	10
-21.08	47	31	11
-66.68	47	33	10
-483.88	47	36	8
0.00	47	49	5
-1244.85	47	49	6
0.00	47	53	6
0.00	47	54	6
0.00	47	55	6
0.00	47	56	6
0.00	47	57	6
-14.01	47	58	6
-491.54	47	59	8
0.00	47	60	6
-1810.24	47	61	6
-785.90	47	62	6
0.00	47	64	6
-615.35	47	67	6
-4742.29	47	72	4
-57.94	47	72	6
0.00	47	73	4
0.00	47	73	5
-228.75	47	74	4
-20.88	47	86	3
-25.16	47	87	3
-697.78	47	88	1
-157.70	47	90	1
-273.78	47	104	3
-329.91	47	105	2
-276.24	47	106	3
-1.23	47	107	3
-123.20	47	109	3
-1.36	47	110	3
-874.74	47	117	2
-554.41	47	118	2
-295.68	47	119	2
-82.13	47	120	2
-389.54	48	23	9
0.00	48	23	10
-55.47	48	27	10
-448.05	48	27	11
-22.72	48	28	10
-10.11	48	28	11
-65.81	48	29	10
-57.87	48	30	11
-18.28	48	31	10
-41.53	48	33	10
0.00	48	36	10
0.00	48	54	6
0.00	48	55	6
-2630.25	48	56	6
0.00	48	57	6
0.00	48	58	5
-3329.20	48	59	6
-111.86	48	70	6
0.00	48	72	8
-8.21	48	73	4
0.00	48	73	6
0.00	48	83	4
-77.18	48	84	3
-2144.17	48	90	1
-2523.59	48	91	1
-271.12	48	92	1
-1740.52	48	93	1
-496.79	48	94	1
-466.66	48	104	3
-125.66	48	105	2
-327.44	48	105	3
-25.87	48	106	2
-498.01	48	106	3
-676.24	48	108	3
-82.13	48	109	3
-298.42	48	112	3
-314.85	48	113	3
-161.53	48	115	2
-971.25	48	117	2
-492.81	48	118	2
-172.48	48	119	2
-295.68	48	120	2
-90.99	49	27	11
-2.35	49	28	10
-62.46	49	28	11
-74.75	49	29	10
-273.88	49	29	11
-893.51	49	32	9
-50.73	49	34	9
0.00	49	39	10
-1010.04	49	46	6
-0.02	49	48	6
0.00	49	54	6
0.00	49	55	6
0.00	49	57	6
-3.28	49	58	5
0.00	49	58	6
-109.51	49	59	5
0.00	49	66	8
-679.91	49	70	6
-2.73	49	71	4
0.00	49	71	6
0.00	49	72	4
0.00	49	73	4
-16.45	49	73	6
-32.55	49	80	4
-271.36	49	80	8
0.00	49	85	3
0.00	49	86	3
0.00	49	89	4
-169.39	49	93	1
-12.41	49	94	1
-3.69	49	106	2
-1.23	49	106	3
-1.23	49	107	2
-136.89	49	111	3
-525.90	49	112	3
-16.42	49	114	3
-25.62	49	117	2
-716.22	49	118	2
-295.68	49	120	2
-76.90	50	26	9
-243.91	50	28	10
-1791.69	50	30	10
-24.18	50	31	10
-29.52	50	31	11
0.00	50	34	9
-711.56	50	52	6
-711.56	50	52	7
0.00	50	58	5
-1121.67	50	59	6
-0.99	50	60	6
-2123.37	50	62	6
-1023.24	50	71	6
0.00	50	73	4
-55.44	50	75	1
-18.48	50	76	1
-4.94	50	76	4
-24994.24	50	80	4
0.00	50	81	4
0.00	50	85	4
-38.99	50	91	3
-249.14	50	106	3
-179.19	50	108	3
-114.30	50	108	4
-82.13	50	111	2
-60.23	50	112	2
-232.71	50	112	3
-136.89	50	113	2
-82.13	50	113	3
-199.86	50	114	3
-788.19	50	119	2
-88.70	50	121	2
-113.12	51	18	9
-166.00	51	26	11
-36.35	51	28	11
-232.57	51	29	10
-40.93	51	31	9
-53.27	51	31	10
-89.17	51	32	9
-220.25	51	33	9
0.00	51	39	9
-608.13	51	40	8
0.00	51	40	10
0.00	51	47	6
0.00	51	47	7
0.00	51	57	6
0.00	51	58	6
0.00	51	58	7
0.00	51	59	5
0.00	51	60	5
0.00	51	60	6
-138.13	51	70	6
-192.37	51	72	6
-20.53	51	74	4
-773.52	51	74	6
-314.01	51	76	8
0.00	51	77	4
0.00	51	80	4
0.00	51	80	8
0.00	51	81	3
0.00	51	82	3
-102.17	51	83	3
0.00	51	84	3
0.00	51	85	3
-161.57	51	85	4
-26.35	51	88	3
-243.12	51	89	3
-2992.35	51	95	1
-520.41	51	96	1
-1.36	51	107	3
-120.46	51	109	3
-325.80	51	110	2
-768.21	51	112	2
-238.19	51	113	2
-118.27	51	119	2
-742.91	51	120	2
-353.18	51	121	2
-142.97	52	18	9
0.00	52	24	10
-188.83	52	32	9
-21.12	52	33	9
-87.38	52	35	10
0.00	52	52	6
0.00	52	57	5
0.00	52	58	5
0.00	52	58	6
0.00	52	59	6
-250.84	52	60	6
-1573.34	52	63	6
-649.54	52	65	6
-649.54	52	65	7
-752.83	52	68	6
-710.23	52	73	6
-1.36	52	74	6
0.00	52	76	6
0.00	52	78	4
0.00	52	79	4
-135.50	52	81	4
-406.44	52	81	7
-406.44	52	81	8
-50.74	52	84	3
-507.85	52	85	3
0.00	52	86	3
-593.01	52	89	1
-1099.62	52	96	1
-184.36	52	97	1
-109.51	52	106	3
-208.07	52	109	3
-136.89	52	110	3
-697.03	52	112	2
-68.44	52	113	2
-49.28	52	114	3
-52.56	52	115	3
-413.96	52	118	2
-137.98	52	119	2
-92.40	52	120	2
-2739.90	53	32	11
-49.19	53	34	9
-603.72	53	44	8
0.00	53	54	5
0.00	53	59	5
-438.37	53	60	5
-1619.36	53	60	6
-343.86	53	75	4
-342.25	53	75	6
-1066.72	53	76	6
-281.17	53	96	1
-409.53	53	97	1
-734.84	53	97	2
0.00	53	97	3
-364.07	53	98	1
-467.81	53	98	2
-191.65	53	103	3
-246.40	53	104	2
-90.81	53	105	3
-46.54	53	109	3
-169.74	53	110	3
-116.08	53	112	2
-129.77	53	113	2
-84.87	53	115	3
-354.82	53	121	2
-1991.47	54	17	10
-405.69	54	27	8
-143.48	54	28	8
-56.63	54	29	8
-79.93	54	30	8
-97.50	54	31	8
0.00	54	31	10
-17.79	54	50	5
0.00	54	59	5
0.00	54	59	6
0.00	54	60	5
0.00	54	60	6
-1058.27	54	68	6
-451.14	54	77	6
-18.07	54	78	4
0.00	54	84	1
-67.34	54	84	3
-7.79	54	97	1
-215.74	54	97	2
-302.19	54	98	1
-1315.25	54	98	2
-19.98	54	100	4
-191.65	54	101	2
-136.89	54	102	2
-136.89	54	102	3
-752.90	54	103	3
-532.23	54	120	2
-384.39	54	121	2
-354.20	55	15	11
-1309.48	55	16	10
-614.34	55	16	11
-9.10	55	26	8
-50.29	55	30	8
-16.16	55	32	8
0.00	55	32	9
-9.46	55	33	8
0.00	55	51	6
0.00	55	52	6
0.00	55	56	5
0.00	55	59	5
0.00	55	59	6
0.00	55	60	5
0.00	55	60	6
0.00	55	61	5
0.00	55	62	5
-1813.55	55	62	6
-169.76	55	70	6
-169.76	55	70	7
0.00	55	78	4
0.00	55	78	6
0.00	55	79	4
0.00	55	79	6
-1406.15	55	80	6
-8.45	55	90	4
-160.54	55	93	3
-23.11	55	94	3
-224.79	55	94	4
0.00	55	95	1
-133.06	55	95	3
0.00	55	98	1
-1008.76	55	100	2
-186.17	55	101	2
-186.17	55	101	3
-1013.00	55	102	3
-109.51	55	103	3
-531.14	55	107	3
-131.41	55	108	3
-61.60	55	115	3
-474.33	55	117	2
-114.99	55	120	2
-542.09	55	121	2
-10.20	56	26	8
-32.63	56	28	8
-94.48	56	29	8
-18.26	56	30	8
-173.93	56	34	10
-8.40	56	35	8
-117.42	56	56	5
-4505.13	56	56	6
0.00	56	57	6
0.00	56	58	6
0.00	56	59	5
0.00	56	59	6
0.00	56	60	5
0.00	56	60	6
0.00	56	61	5
0.00	56	62	5
0.00	56	62	6
-216.14	56	64	6
-216.14	56	64	7
-300.47	56	79	6
-648.52	56	80	6
0.00	56	85	3
0.00	56	86	3
-5.68	56	87	3
-287.27	56	89	3
-460.20	56	90	3
-314.85	56	100	2
-383.30	56	100	3
-104.03	56	101	2
-150.58	56	102	2
0.00	56	103	3
-342.23	56	106	3
-27.37	56	111	3
0.00	57	23	9
0.00	57	34	10
0.00	57	58	5
-962.58	57	58	6
-289.83	57	59	5
0.00	57	59	6
0.00	57	60	5
-1121.46	57	60	6
0.00	57	61	5
-4762.66	57	61	6
-102.28	57	63	5
-1221.19	57	63	6
0.00	57	64	5
0.00	57	79	4
0.00	57	79	6
-248.67	57	85	3
-283.63	57	86	3
-885.21	57	87	6
-10.02	57	89	3
-594.11	57	101	2
-109.51	57	101	3
-752.90	57	102	2
-676.24	57	102	3
-232.71	57	105	3
0.00	57	108	2
-494.91	58	39	10
-665.00	58	43	9
-665.00	58	43	10
0.00	58	43	11
0.00	58	52	7
0.00	58	55	5
-1307.61	58	55	6
0.00	58	56	5
0.00	58	60	6
0.00	58	62	5
-2.73785e-03	58	64	5
-136.89	58	64	6
-1378.45	58	82	6
0.00	58	84	3
0.00	58	85	12
-199.86	58	102	2
-816.38	58	102	3
-6.84	58	106	3
-334.01	58	107	3
-464.06	58	108	2
-2064.60	59	18	10
-1730.28	59	24	10
0.00	59	30	10
-20.97	59	41	8
-1592.45	59	54	6
0.00	59	58	5
0.00	59	59	5
0.00	59	60	5
-520.95	59	79	8
0.00	59	85	4
-191.42	59	86	4
-465.00	59	86	6
0.00	59	92	3
0.00	59	93	3
-252.89	59	93	4
-318.95	59	102	2
-757.01	59	102	3
-952.77	59	104	3
-759.75	59	107	2
-186.17	59	108	2
-164.27	59	110	2
-128.67	59	111	2
-916.36	60	28	8
-769.06	60	29	8
-384.53	60	30	8
-3096.27	60	48	8
-14.09	60	49	5
-14.09	60	49	6
-14.09	60	49	7
0.00	60	55	6
-1033.58	60	57	6
-1033.58	60	57	7
0.00	60	65	5
-470.90	60	79	6
0.00	60	83	4
-38.95	60	89	1
-396.98	60	98	3
-394.25	60	100	3
-301.16	60	108	2
0.00	60	109	2
-701.38	60	111	3
-651.45	61	29	8
0.00	61	29	10
-56.15	61	30	10
-203.28	61	52	5
0.00	61	53	5
0.00	61	53	6
-741.18	61	53	7
0.00	61	60	5
-879.08	61	60	6
-1810.65	61	63	6
-1886.25	61	65	6
-23.13	61	89	1
-3.94	61	90	1
0.00	61	99	3
-598.70	61	103	3
-68.44	61	104	2
-388.77	61	109	3
0.00	61	110	3
-565.36	61	111	3
-52.43	62	41	10
-124.27	62	51	5
-59.32	62	52	5
-35.59	62	52	6
-84.58	62	53	5
-29.56	62	53	6
0.00	62	58	5
0.00	62	72	7
-800.99	62	75	6
-21.49	62	81	4
-24.91	62	82	4
-91.69	62	95	1
-375.08	62	105	2
-183.43	62	106	2
-821.35	62	110	3
-32.74	63	27	10
-64.54	63	51	5
-571.79	63	51	7
-571.79	63	51	8
-188.28	63	52	5
-215.11	63	53	5
-71.18	63	53	6
-606.73	63	54	6
-11.65	63	59	5
-10.67	63	80	4
-15.01	63	81	4
0.00	63	83	4
-677.67	63	87	6
0.00	63	89	6
-73.96	63	100	3
-6420.26	63	102	3
-99.38	63	107	3
-369.61	63	108	3
-332.62	64	38	10
-178.86	64	51	5
-79.61	64	53	5
-613.64	64	53	6
-613.64	64	53	7
0.00	64	54	6
-124.57	64	55	6
0.00	64	63	5
-2085.49	64	63	6
-594.19	64	66	6
-1075.81	64	80	6
-55.23	64	86	4
0.00	64	88	6
0.00	64	105	3
-832.30	64	109	3
-2409.30	64	110	3
0.00	65	32	10
0.00	65	33	9
-6.43	65	50	6
0.00	65	50	7
-339.43	65	50	8
-49.77	65	54	5
0.00	65	61	5
0.00	65	66	5
-338.65	65	74	6
-338.65	65	74	7
-1487.16	65	79	6
-474.40	65	79	7
-36.55	65	80	1
-44.29	65	82	4
-54.22	65	85	4
-213.55	65	86	4
0.00	65	89	4
0.00	65	98	3
-484.59	65	110	3
-410.67	65	111	3
-155.37	66	34	9
-95.82	66	49	6
0.00	66	54	6
-352.72	66	54	7
-260.50	66	79	6
-260.50	66	79	7
0.00	66	100	3
-684.46	66	104	3
-96.01	67	25	10
-389.84	67	35	10
-299.14	67	39	8
-734.27	67	40	8
-27.37	67	45	6
-24.64	67	45	7
-40.78	67	52	5
-1089.72	67	54	7
-1089.72	67	54	8
-275.00	67	79	6
-793.97	67	91	4
0.00	67	106	3
0.00	67	108	3
-84.02	68	23	11
-86.46	68	24	10
-68.99	68	26	10
-252.49	68	43	8
-32.85	68	44	7
-25.13	68	58	5
-468.92	68	59	6
-468.92	68	59	7
-21.90	68	63	5
-1008.48	68	63	6
-1008.48	68	63	7
-219.84	68	68	6
-222.62	68	68	7
-44.94	68	75	6
-2024.89	68	84	6
-281.99	68	89	7
-1082.40	68	96	3
-73.86	68	103	3
-110.71	69	29	10
-151.76	69	30	10
0.00	69	36	9
-53.55	69	53	6
-752.90	69	65	7
-986.63	69	74	7
0.00	69	94	14
-602.32	69	106	3
-648.93	70	24	10
-242.33	70	25	10
-1545.10	70	58	6
0.00	70	82	6
-363.36	71	26	9
-105.66	71	26	10
-205.66	71	28	10
-182.69	71	35	10
-315.01	71	44	8
0.00	71	55	7
-1264.39	71	83	9
-16.42	71	102	3
-547.57	71	104	3
-42.35	72	23	11
-2116.74	72	25	10
0.00	72	31	10
-321.31	72	34	10
-365.14	72	41	10
0.00	72	44	10
-419.80	72	55	6
-419.80	72	55	7
-419.80	72	55	8
-273.78	72	104	3
-2053.38	72	104	4
-121.15	73	23	10
-212.62	73	24	10
-381.36	73	26	10
-397.12	73	27	10
-205.66	73	28	10
-656.53	73	29	10
0.00	73	30	10
-137.13	73	31	10
-125.01	73	33	10
-208.88	73	40	10
0.00	73	41	9
-164.27	73	50	6
-1889.28	73	64	7
-996.69	73	65	7
-511.28	73	74	6
-511.28	73	74	7
-511.28	73	74	8
-1583.90	73	101	3
-140.87	73	105	3
-174.79	73	107	3
-643.36	74	25	10
-417.19	74	27	10
-219.68	74	30	9
-172.45	74	38	10
-551.69	74	41	9
-551.69	74	41	10
-0.68	74	55	6
0.00	74	64	6
-785.18	74	64	7
-1215.54	74	83	9
-73.92	74	85	6
-95.82	74	85	7
-208.07	74	108	4
0.00	74	108	14
-28.67	75	21	10
-154.68	75	26	11
-133.22	75	28	9
-120.39	75	28	10
-476.03	75	37	9
-27.37	75	48	5
0.00	75	49	7
0.00	75	51	6
0.00	75	51	7
0.00	75	65	6
0.00	75	65	7
-739.98	75	75	6
-739.98	75	75	7
-644.63	75	89	14
-223.14	76	19	10
-8.26	76	21	10
-53.30	76	25	10
-709.29	76	27	10
-140.39	76	28	10
-1641.72	76	64	7
0.00	76	86	10
0.00	76	87	9
-111.29	76	97	7
-111.29	76	97	10
-98.31	77	25	9
-443.53	77	26	9
-71.89	77	27	10
-299.56	77	28	11
-81.32	77	34	9
-81.32	77	34	10
-616.37	77	37	9
0.00	77	39	9
-68.44	77	55	6
-143.73	77	67	6
-143.73	77	67	7
-830.29	77	85	9
-830.29	77	85	10
-802.13	77	86	9
-802.13	77	86	10
-365.22	77	89	9
-365.22	77	89	10
-403.01	78	28	10
-512.42	78	30	9
-726.89	78	30	10
-732.69	78	31	9
-1097.24	78	31	10
-338.31	78	32	9
-338.31	78	32	10
-266.11	78	35	9
-266.11	78	35	10
-163.41	78	63	7
-163.41	78	63	8
-326.65	78	76	7
-326.65	78	76	8
-592.95	78	89	9
-592.95	78	89	10
-100.04	79	25	10
-721.31	79	27	10
-884.76	79	29	10
-305.62	79	30	10
-47.91	79	34	9
-47.91	79	34	10
-136.89	79	38	9
-136.89	79	38	10
-670.77	79	54	8
-49.74	79	55	8
-76.77	79	56	8
-48.57	79	65	6
-48.57	79	65	7
-648.89	79	68	7
-105.65	80	28	10
-114.27	80	29	10
0.00	80	30	10
-260.09	80	31	9
-260.09	80	31	10
-514.95	80	32	9
-514.95	80	32	10
0.00	80	33	10
-116.51	80	41	9
-116.51	80	41	10
-935.86	80	53	8
-424.65	80	53	9
-424.65	80	53	10
0.00	80	78	7
-540.30	80	78	8
-900.13	80	92	13
-68.44	81	32	9
-68.44	81	32	10
0.00	81	35	10
-246.40	81	45	8
0.00	81	45	10
0.00	81	54	8
-240.03	81	65	6
-240.03	81	65	7
-240.03	81	65	8
0.00	81	99	14
0.00	82	30	10
-57.49	82	33	9
-249.14	82	33	10
-852.81	82	33	14
0.00	82	35	10
0.00	82	35	12
-95.82	82	36	10
-95.82	82	36	11
-68.44	82	47	8
-898.01	82	55	8
-633.58	82	61	8
-633.58	82	61	9
0.00	82	64	6
-343.84	82	72	7
-343.84	82	72	8
-696.37	82	73	8
-1366.52	82	89	10
-1677.81	82	92	14
-1704.80	82	99	14
-106.25	83	30	14
-0.94	83	32	9
-0.94	83	32	10
0.00	83	32	11
-219.02	83	33	11
-108.88	83	34	9
-108.88	83	34	10
-21.43	83	35	9
-21.43	83	35	10
-0.68	83	57	8
-0.68	83	61	5
-0.68	83	61	6
-349.67	83	69	6
-283.13	84	30	14
-142.36	84	34	9
-142.36	84	34	10
-3.70	84	39	9
-3.70	84	39	10
0.00	84	49	10
-205.33	84	54	8
-1.36	84	58	8
-674.67	84	64	6
-674.67	84	64	7
0.00	84	65	6
-373.76	84	66	6
-373.76	84	66	8
-1489.08	84	83	9
-848.04	85	26	14
0.00	85	31	10
-94.45	85	33	9
-94.45	85	33	10
-75.29	85	34	9
-123.20	85	34	10
-75.29	85	34	11
0.00	85	42	9
0.00	85	42	10
-795.08	85	49	9
-795.08	85	49	10
0.00	85	53	8
-0.41	85	57	8
-492.81	85	60	8
-101.88	85	61	8
-101.88	85	61	9
-101.88	85	61	10
-194.91	85	64	6
-194.91	85	64	7
-1494.25	85	78	9
-2443.41	85	99	14
-2.73	86	25	15
0.00	86	28	10
-200.41	86	33	9
-200.41	86	33	10
-87.26	86	34	9
-591.10	86	41	10
-591.10	86	41	14
-8131.41	86	62	8
-383.29	86	64	6
-48.59	86	65	6
-101.30	86	87	5
-1866.90	86	95	14
-89.71	87	24	15
0.00	87	33	9
0.00	87	33	10
-73.92	87	34	9
-73.92	87	34	10
0.00	87	55	8
0.00	87	62	8
-97.01	87	64	6
-97.01	87	64	7
-519.68	87	70	8
-1005.82	87	100	14
0.00	88	22	15
-50.89	88	23	15
-658.13	88	29	14
-43.63	88	34	9
-43.63	88	34	10
-29.13	88	36	11
-136.89	88	37	10
-41.06	88	37	11
-617.08	88	40	9
-617.08	88	40	10
0.00	88	49	9
0.00	88	49	10
0.00	88	54	8
0.00	88	55	8
-1.36	88	61	8
-985.62	88	64	8
-2.05	88	64	9
-2.05	88	64	10
-432.12	88	65	8
-0.68	88	72	6
0.00	88	100	14
-332.81	89	25	15
-11.63	89	36	9
-11.63	89	36	10
0.00	89	54	8
-1.36	89	61	8
-0.68	89	62	8
-219.02	89	64	8
-0.95	89	73	5
-1494.87	89	100	14
0.00	89	102	15
-1.36	90	28	14
-13.53	90	34	9
-13.53	90	34	10
-4380.56	90	46	9
-4380.56	90	46	10
-205.33	90	55	8
-0.68	90	56	8
0.00	90	68	5
-109.51	90	70	6
-3127.80	90	96	13
-1.36	91	27	14
-706.27	91	29	15
-12.95	91	37	9
-12.95	91	37	10
-246.40	91	45	9
-246.40	91	45	10
-896.41	91	46	14
-301.16	91	55	8
0.00	91	60	8
-460.00	91	60	9
-554.25	91	70	8
-4.34	91	100	14
0.00	92	27	15
-30.11	92	31	10
0.00	92	35	9
0.00	92	36	10
-280.35	92	45	15
0.00	92	53	9
-125.77	92	61	8
-31.48	92	74	6
-1665.98	92	81	9
-2142.23	92	93	14
0.00	93	32	9
-619.05	93	36	14
0.00	93	54	9
0.00	93	54	10
0.00	93	60	8
-123.20	93	68	8
-147.29	93	69	8
-593.49	94	32	15
-41.06	94	38	10
-41.06	94	38	11
-273.78	94	38	14
-542.81	94	42	14
-5475.70	94	45	9
-5475.70	94	45	10
0.00	94	55	14
-684.46	94	65	8
-766.59	94	66	8
0.00	94	71	6
-133.06	94	73	8
-139.42	95	31	15
0.00	95	33	11
0.00	95	38	9
0.00	95	38	10
-15.17	95	38	14
-15.17	95	38	15
0.00	95	40	10
0.00	95	40	11
0.00	95	54	9
-177.96	95	59	8
0.00	95	60	8
0.00	95	64	8
-547.57	95	67	8
-164.27	95	73	8
0.00	96	29	15
0.00	96	35	14
0.00	96	40	9
0.00	96	46	9
0.00	96	46	10
-1383.91	96	46	14
0.00	96	49	14
0.00	96	50	14
-328.54	96	56	8
-619.98	96	65	9
-1.36	96	69	8
-1155.19	96	81	9
-821.35	97	35	10
0.00	97	35	11
-72.27	97	46	9
-72.27	97	46	10
-313.80	97	46	14
0.00	97	47	9
-1309.17	97	47	14
-344.96	97	53	13
-123.20	97	71	8
-399.27	97	84	13
-399.27	97	84	14
-1465.14	98	35	14
-443.27	98	45	10
-443.27	98	45	14
-5.47	98	53	9
-5.47	98	53	10
-193.56	98	55	14
-136.89	98	57	8
-821.35	98	59	8
-253.65	98	61	9
-253.65	98	61	10
-600.03	98	90	14
-3473.36	98	97	13
0.00	99	32	15
0.00	99	37	11
0.00	99	44	9
-1779.60	99	49	9
-1779.60	99	49	10
-7.04	99	55	9
-7.04	99	55	10
0.00	99	56	8
-1.36	99	57	9
-1.36	99	57	10
-342.23	99	58	8
0.00	99	58	9
-1163.59	99	60	8
-136.89	99	60	9
-136.89	99	60	10
-752.90	99	75	9
-752.90	99	75	10
-568.94	99	81	9
-419.67	100	40	15
0.00	100	45	9
0.00	100	45	10
0.00	100	46	9
0.00	100	46	10
0.00	100	55	13
0.00	100	58	8
-0.68	101	41	14
-1619.08	101	74	15
-68.44	101	75	9
-68.44	101	75	10
-599.23	102	35	15
-880.68	102	45	14
-52.84	102	55	10
-52.84	102	55	14
-479.12	102	60	9
-479.12	102	60	10
-133.61	102	62	9
0.00	102	62	10
0.00	102	71	9
-143.08	102	78	9
0.00	102	82	9
-472.07	103	37	15
-19.98	103	38	14
0.00	103	54	9
-170.09	103	54	10
-170.09	103	54	14
-61.60	103	56	9
-61.60	103	56	10
0.00	103	59	9
0.00	103	59	10
-325.01	103	60	9
0.00	103	74	9
0.00	103	74	10
0.00	103	79	9
-1314.17	104	38	14
-395.14	104	41	15
-71.15	104	77	9
-63.36	105	51	10
-63.36	105	51	14
-95.82	105	58	9
-95.82	105	58	10
-274.88	105	90	13
-274.88	105	90	14
-958.24	106	43	14
-399.17	106	47	15
0.00	106	48	9
0.00	106	48	10
-136.89	106	52	9
-136.89	106	52	10
-136.89	106	62	10
0.00	106	64	14
0.00	106	65	10
-168.37	106	65	12
0.00	106	68	9
0.00	106	72	9
-6.84	106	73	9
-6.84	106	73	10
-34.22	106	74	9
-34.22	106	74	10
-0.34	106	75	9
-0.34	106	75	10
-19.48	106	78	9
-19.48	106	78	10
-1009.62	107	38	15
0.00	107	46	15
-650.24	107	55	9
-650.24	107	55	10
0.00	107	57	9
0.00	107	57	10
-27.37	107	60	9
-407.52	107	60	10
-326.99	107	64	13
-326.99	107	64	14
0.00	107	76	9
0.00	107	76	10
0.00	108	38	15
0.00	108	40	15
0.00	108	41	15
-208.92	108	42	15
-328.54	108	45	15
0.00	108	49	9
0.00	108	49	10
0.00	108	50	9
-40.83	108	74	9
-40.83	108	74	10
-54.75	108	75	9
-486.34	108	76	14
-2121.83	108	78	9
-2121.83	108	78	10
0.00	109	43	15
-441.86	109	48	14
0.00	109	52	9
-53.64	109	59	9
-53.64	109	59	10
-73.92	109	61	9
-73.92	109	61	10
-273.78	109	63	9
-273.78	109	63	10
0.00	109	67	14
0.00	109	75	9
0.00	109	75	10
0.00	110	55	10
-109.51	110	59	9
-109.51	110	59	10
-177.96	110	65	10
-6.16	110	74	9
-6.16	110	74	10
-67.95	111	50	9
-67.95	111	50	10
-27.37	111	55	9
-27.37	111	55	10
-62.97	111	60	9
-62.97	111	60	10
-82.13	111	61	9
-82.13	111	61	10
-20.53	111	64	9
-20.53	111	64	10
-34.22	111	65	9
-34.22	111	65	10
-82.13	111	66	12
-301.16	111	67	12
-24.64	112	50	9
-24.64	112	50	10
-414.89	112	50	15
0.00	112	51	9
-1437.37	112	53	10
0.00	112	60	9
0.00	112	60	10
-102.66	112	64	9
-102.66	112	64	10
-68.44	112	68	12
-27.37	113	52	9
0.00	113	53	9
0.00	113	53	10
-95.82	113	56	9
-95.82	113	56	10
-54.75	113	64	9
-54.75	113	64	10
-527.62	113	71	12
-20.53	114	52	9
-68.44	114	54	9
-143.49	114	54	10
-75.04	114	54	14
-75.04	114	54	15
-41.06	114	55	9
-41.06	114	55	10
-34.22	114	57	9
-34.22	114	57	10
0.00	114	60	10
-1505.82	114	63	9
-1505.82	114	63	10
-109.51	114	70	12
-742.14	114	72	14
-547.57	115	50	14
-1753.44	115	50	15
-6.84	115	52	14
-6.84	115	52	15
-83.93	115	57	9
-83.93	115	57	10
-620.52	115	60	14
-469.10	115	65	9
-106.08	116	51	14
0.00	116	51	15
0.00	116	57	9
-0.27	116	61	9
-0.27	116	61	10
-38.25	116	64	9
-38.25	116	64	10
-204.63	116	65	9
-204.63	116	65	10
-86.30	116	66	14
-86.30	116	66	15
0.00	116	71	12
0.00	117	58	9
0.00	117	58	10
-171.11	117	62	9
-171.11	117	62	10
-143.35	117	69	10
0.00	117	71	14
-186.37	118	53	15
-20.53	118	58	9
-20.53	118	58	10
-126.60	118	59	14
0.00	119	53	15
-98.60	119	57	14
-273.78	120	58	14
-54.75	121	59	14
0.00	121	62	14
-445.16	121	63	14
