0.00	14	113	2
-21.90	15	87	2
-607.60	15	105	2
-0.10	15	107	2
-401.23	15	122	3
0.00	16	70	1
0.00	16	70	3
0.00	16	71	1
0.00	16	72	1
-2.11	16	72	4
0.00	16	73	1
0.00	16	74	5
-328.54	16	85	3
-32.85	16	107	2
-46.03	17	65	4
-1.23	17	69	1
-49.96	17	70	2
0.00	17	70	4
-44.25	17	78	1
-239.56	17	97	2
-239.56	17	97	3
-175.22	17	99	2
-337.87	18	68	4
-337.87	18	68	5
-337.87	18	68	6
0.00	18	69	4
-840.46	18	69	6
-160.98	18	73	1
-122.71	18	73	4
-315.19	18	73	6
-1718.28	18	74	4
0.00	18	75	4
0.00	18	78	1
-38.29	18	79	1
-1417.32	18	84	2
-273.78	18	96	2
-273.78	18	96	3
-286.13	19	54	4
0.00	19	67	1
0.00	19	67	4
-342.27	19	67	6
-946.61	19	68	4
-62.14	19	72	1
0.00	19	73	1
-1411.13	19	73	6
-238.74	19	74	1
-2897.47	19	74	6
-236.54	19	79	1
-63.42	19	79	2
-72.13	19	79	3
-1926.61	19	80	1
0.00	19	97	2
-602.32	19	97	3
-1147.76	20	53	4
-419.95	20	54	1
0.00	20	65	1
-865.98	20	65	4
-980.46	20	73	1
-8.35	20	73	2
0.00	20	73	4
-27.37	20	74	1
-0.41	20	74	2
0.00	20	74	4
0.00	20	77	1
-6.15	20	79	1
-333.67	20	79	2
-24.67	20	79	3
-25.31	20	79	4
-59.98	20	80	1
-13.08	20	80	3
0.00	21	41	4
-3.97	21	46	4
-142.81	21	49	3
-142.81	21	49	4
-142.81	21	49	5
-142.81	21	49	6
0.00	21	50	4
-43.28	21	50	5
-43.28	21	50	6
0.00	21	54	4
-381.53	21	55	4
-380.72	21	60	4
-84.76	21	62	1
0.00	21	65	1
0.00	21	66	4
-128.46	21	66	5
-1320.63	21	66	6
-2.46	21	67	2
-1.23	21	74	2
-12.37	21	75	1
0.00	21	76	1
-667.24	21	76	5
-667.24	21	76	6
-667.24	21	76	7
0.00	21	77	1
-127.71	21	79	1
-0.95	21	80	1
-66.39	21	116	3
-651.69	21	122	3
-651.69	21	122	4
-385.15	21	123	3
-385.15	21	123	4
0.00	22	27	5
0.00	22	27	6
0.00	22	33	4
-908.36	22	33	6
-191.12	22	41	4
0.00	22	42	4
-95.06	22	48	6
0.00	22	52	1
-77.04	22	63	1
-2.05	22	68	2
0.00	22	68	4
-992.72	22	74	4
-1643.63	22	74	8
-101.54	22	76	1
-0.82	22	79	1
0.00	22	79	4
-294.52	23	25	11
-134.05	23	33	10
-301.61	23	40	3
-219.01	23	50	6
-920.87	23	54	4
-283.12	23	61	4
-393.69	23	67	1
-107.25	23	67	4
-107.25	23	67	5
0.00	23	69	4
-1242.06	23	74	4
-0.41	23	76	2
-490.08	23	77	1
-247.11	23	79	1
-1266.99	23	80	1
-1290.16	23	82	3
-1109.10	23	90	3
0.00	24	23	6
-237.45	24	29	5
0.00	24	29	10
0.00	24	29	11
-2.07	24	31	6
-782.02	24	32	6
-62.04	24	40	1
-2305.60	24	40	3
0.00	24	41	1
-82.87	24	44	4
-82.87	24	44	5
-743.47	24	51	1
-243.38	24	55	4
-74.85	24	62	1
-506.18	24	63	1
-773.07	24	67	4
-1601.92	24	68	6
0.00	24	69	4
-283.87	24	69	5
-283.87	24	69	6
-0.41	24	70	2
0.00	24	74	4
-340.23	24	74	8
-630.22	24	75	4
-630.22	24	75	5
-630.22	24	75	6
-154.63	24	80	1
0.00	24	86	1
0.00	24	100	3
0.00	24	101	2
-157.63	24	117	4
-46.01	25	16	8
-50.13	25	17	8
-20.53	25	23	11
0.00	25	24	6
-57.77	25	26	11
0.00	25	30	5
-403.88	25	30	6
-817.63	25	32	6
-490.78	25	34	6
0.00	25	39	3
-481.63	25	43	4
0.00	25	43	5
0.00	25	49	6
-280.46	25	50	1
-2872.91	25	51	1
-611.95	25	52	1
-1288.28	25	54	1
0.00	25	61	1
-567.92	25	62	1
-67.31	25	63	1
-972.39	25	67	1
-584.69	25	68	1
-728.43	25	70	4
-6.57	25	71	2
0.00	25	74	4
0.00	25	75	4
-147.84	25	81	1
-678.27	25	85	1
-1551.78	25	86	1
-41.11	26	17	8
-19.23	26	18	8
-142.47	26	23	10
-142.47	26	23	11
-114.04	26	30	5
-114.04	26	30	6
0.00	26	40	3
-238.26	26	40	5
0.00	26	41	1
-121.99	26	42	1
0.00	26	50	1
-150.73	26	51	1
-3088.28	26	52	1
0.00	26	54	2
-63.76	26	62	1
0.00	26	63	1
-1300.47	26	67	1
-1158.11	26	68	1
-96.37	26	69	1
0.00	26	71	4
-263.95	26	73	4
0.00	26	75	4
-57.45	26	80	1
-2579.03	26	81	1
-2970.73	26	84	1
-2688.13	26	85	1
-424.84	26	86	1
-79.51	26	96	2
-10.02	27	18	8
-1388.89	27	19	10
-427.99	27	29	6
-117.39	27	41	1
-1933.04	27	42	1
-412.33	27	45	1
-990.73	27	46	1
0.00	27	48	1
-60.23	27	51	1
0.00	27	58	1
0.00	27	59	3
-148.84	27	59	4
-45.33	27	61	1
-170.16	27	62	1
-867.34	27	63	1
0.00	27	63	11
-657.57	27	65	1
-4967.47	27	69	1
-139.85	27	70	1
-743.27	27	74	4
-743.27	27	74	5
0.00	27	74	6
-743.27	27	74	8
0.00	27	75	2
0.00	27	76	1
0.00	27	76	2
-607.82	27	76	12
-2143.70	27	82	1
-12.70	27	83	1
-434.44	27	84	1
-371.27	27	85	1
-239.80	27	91	3
-16.11	28	12	10
-308.67	28	19	8
-300.25	28	20	8
-0.95	28	31	5
-400.82	28	31	6
0.00	28	31	11
-59.21	28	34	1
0.00	28	34	5
0.00	28	35	5
-2315.08	28	39	1
-308.90	28	46	1
-112.36	28	46	4
-1902.67	28	48	1
-1276.91	28	49	1
-946.14	28	50	1
-136.17	28	52	4
0.00	28	61	1
-323.32	28	63	1
-4759.75	28	64	1
-2996.52	28	65	1
-2377.39	28	66	1
-536.38	28	68	1
-3922.63	28	69	1
0.00	28	70	1
-452.22	28	72	4
-452.22	28	72	5
-452.22	28	72	6
-245.07	28	74	4
-245.07	28	74	6
-245.07	28	74	8
0.00	28	81	1
-453.30	28	82	1
-1543.55	28	83	1
-936.59	28	84	1
0.00	28	85	1
-491.28	28	98	3
-602.32	28	99	3
-103.62	28	101	3
-620.09	28	108	3
0.00	28	113	2
0.00	28	113	3
-251.40	29	12	11
-22.93	29	13	10
-21.70	29	14	10
-274.49	29	19	11
-426.66	29	21	8
-70.19	29	22	8
0.00	29	30	6
-1090.23	29	34	6
-200.37	29	42	1
-1125.84	29	42	4
-229.54	29	43	3
-170.58	29	43	4
-350.10	29	44	1
-2078.23	29	44	4
-391.17	29	45	1
-301.08	29	45	3
-4108.25	29	45	4
-1817.94	29	46	1
-94.25	29	46	3
-1309.38	29	46	4
-2769.34	29	47	1
-3660.00	29	48	1
-1945.72	29	49	1
0.00	29	50	1
-72.55	29	50	3
-84.87	29	54	1
-1086.95	29	61	1
-1070.02	29	62	1
-98.26	29	63	1
-683.68	29	65	1
-1760.84	29	66	1
-148.42	29	66	4
0.00	29	67	1
-1931.53	29	68	1
-2002.45	29	69	1
0.00	29	70	1
-942.50	29	70	4
0.00	29	71	1
0.00	29	73	1
-325.45	29	76	4
-1.23	29	78	3
0.00	29	79	4
-745.70	29	82	1
0.00	29	83	1
-776.45	29	85	1
-816.42	29	108	2
-444.53	29	108	3
-173.80	29	109	3
-150.58	29	112	2
-20.17	30	13	10
-599.37	30	13	11
-71.15	30	14	10
-107.86	30	15	11
-43.02	30	16	10
0.00	30	17	9
-19.39	30	18	9
0.00	30	19	10
-174.68	30	22	8
0.00	30	35	5
-236.35	30	36	4
-26.00	30	36	5
-76.08	30	37	5
-352.22	30	37	6
-352.22	30	37	7
-298.84	30	43	1
-698.15	30	43	3
-755.89	30	43	4
-1393.01	30	44	4
-822.20	30	45	1
-1951.29	30	45	4
-1135.14	30	46	1
-1703.86	30	46	4
-2173.20	30	47	1
0.00	30	47	3
-564.99	30	47	4
-707.97	30	48	1
-713.81	30	48	4
-42.93	30	49	1
0.00	30	50	1
-249.61	30	61	1
0.00	30	62	1
0.00	30	66	1
0.00	30	67	1
-778.10	30	68	1
-259.36	30	69	1
0.00	30	74	2
-919.08	30	78	4
0.00	30	79	2
0.00	30	83	1
-134.81	30	83	3
-1028.58	30	84	1
-1446.41	30	85	1
-184.26	30	119	2
-262.34	31	14	11
-498.75	31	15	10
-114.81	31	16	10
-50.17	31	18	9
-131.19	31	19	9
-142.41	31	20	9
-33.92	31	24	8
0.00	31	31	6
-239.53	31	35	5
0.00	31	35	6
-71.18	31	36	5
0.00	31	36	6
-1562.64	31	41	4
-2403.57	31	43	4
-594.05	31	44	4
0.00	31	45	1
-268.30	31	45	4
-179.46	31	46	1
-78.02	31	47	4
-817.08	31	48	3
0.00	31	56	2
-340.21	31	56	4
-318.88	31	60	1
-3414.41	31	61	1
-2017.23	31	62	1
-332.69	31	63	1
-176.88	31	67	1
-704.06	31	68	1
-21.91	31	73	1
-5.59	31	74	1
0.00	31	78	2
0.00	31	79	2
-875.45	31	79	4
0.00	31	83	1
0.00	31	84	1
-7250.48	31	85	1
-72.75	31	85	3
-467.25	31	86	1
-375.08	31	109	2
-991.10	31	112	2
-165.50	31	113	2
-146.18	31	114	2
-16986.71	31	119	4
-37.56	32	15	10
-576.57	32	15	11
-133.66	32	16	10
-12178.54	32	17	10
-57.09	32	18	10
-139.27	32	20	9
-70.80	32	20	10
-74.08	32	21	9
-163.72	32	35	6
-44.54	32	36	5
0.00	32	37	5
0.00	32	38	4
-349.62	32	40	4
-106.99	32	41	4
-115.15	32	42	1
-545.73	32	42	4
0.00	32	42	5
0.00	32	43	1
-3186.40	32	43	4
0.00	32	44	1
-433.30	32	44	4
-5.53	32	45	1
0.00	32	45	4
-50.37	32	46	4
-38.90	32	47	3
0.00	32	47	4
-211.00	32	49	4
-56.72	32	50	1
-69.26	32	54	1
-3106.05	32	60	1
-113.38	32	63	1
-66.46	32	64	4
-875.40	32	66	1
-3717.40	32	67	1
-985.56	32	68	1
-521.69	32	71	4
-28.74	32	72	1
0.00	32	79	1
0.00	32	80	2
0.00	32	81	2
-808.44	32	83	1
-1538.35	32	84	1
0.00	32	85	1
-119.32	32	98	3
-1007.89	32	119	4
-355.92	33	15	11
-180.79	33	16	10
-51.06	33	17	10
-14.96	33	18	10
-217.31	33	20	10
-5.48	33	33	6
-52.30	33	35	6
-22.14	33	37	5
0.00	33	37	6
-153.81	33	39	5
0.00	33	44	4
0.00	33	47	1
0.00	33	58	1
0.00	33	60	1
-226.76	33	63	1
-1429.63	33	67	1
-988.33	33	68	1
-434.60	33	69	1
-144.66	33	70	4
-150.36	33	71	1
-24.74	33	73	1
-579.84	33	89	3
-119.74	33	110	3
-101.93	33	112	2
-147.81	34	15	11
-27.77	34	16	11
-136.06	34	17	10
-273.68	34	18	10
-121.59	34	19	10
-110.11	34	20	10
-196.14	34	23	9
-11014.43	34	25	10
0.00	34	33	6
-421.24	34	36	6
-1.36	34	40	5
-0.41	34	42	4
-288.21	34	43	6
-817.42	34	46	6
-61.46	34	46	7
-6211.62	34	61	3
-1109.41	34	68	1
-131.96	34	69	1
-1546.30	34	70	1
-4658.71	34	71	1
-1813.76	34	72	1
-183.70	34	73	1
-139.67	34	73	3
-139.67	34	73	4
-396.42	34	73	6
-10.45	34	74	4
0.00	34	75	3
-364.66	34	76	2
-8.14	34	78	1
0.00	34	78	2
-816.46	34	82	4
-117.93	34	93	3
-287.47	34	109	2
-342.23	34	110	2
-273.78	34	111	2
-260.09	34	112	2
-123.20	34	113	2
-446.97	35	15	11
-74.19	35	16	11
-244.49	35	17	11
-314.86	35	19	10
-244.97	35	20	10
-51.52	35	21	11
-90.04	35	22	9
-113.95	35	23	9
0.00	35	36	6
0.00	35	46	5
0.00	35	50	5
-0.05	35	52	5
-1252.78	35	52	6
0.00	35	52	7
-271.76	35	60	3
-136.89	35	61	3
-5.4757e-03	35	61	4
-7.72	35	62	3
-18.39	35	63	1
-34.98	35	63	3
-1448.99	35	63	4
-1.51	35	65	1
-0.82	35	65	3
-14.99	35	66	1
-155.23	35	66	2
-155.23	35	66	3
-1593.57	35	67	1
-267.26	35	67	2
-215.93	35	67	3
-2786.42	35	68	1
-625.49	35	69	1
-527.85	35	70	1
-5170.02	35	71	1
0.00	35	71	2
-49.74	35	71	3
-4930.28	35	72	1
-793.86	35	73	1
-502.88	35	76	3
0.00	35	77	1
-53.07	35	78	1
-3.45	35	83	4
0.00	35	84	1
-394.25	35	92	3
0.00	35	102	3
-725.53	35	109	2
-240.93	35	110	2
-372.34	35	111	2
-93.38	35	116	3
-138.26	35	120	3
-70.96	35	121	2
-821.35	35	122	3
-94.03	36	15	11
-87.26	36	16	11
-170.29	36	17	11
-306.87	36	18	11
-70.32	36	19	11
-233.93	36	20	10
-63.85	36	20	11
-163.57	36	21	10
-501.03	36	22	10
-67.94	36	25	9
0.00	36	36	8
-1344.83	36	40	6
-43.80	36	42	6
-0.82	36	43	6
0.00	36	44	6
-19.16	36	46	5
-7.39	36	50	6
-1.65	36	52	5
0.00	36	52	6
-724.27	36	55	4
-282.87	36	56	4
-615.45	36	57	4
-673.41	36	59	4
-90.60	36	61	3
0.00	36	61	4
-93.74	36	62	4
-93.74	36	62	6
-644.51	36	64	4
0.00	36	64	6
-170.26	36	65	1
-203.63	36	65	3
-288.87	36	66	1
-42.96	36	66	3
-724.29	36	67	4
0.00	36	69	1
-1888.98	36	70	1
-754.52	36	70	4
-3741.22	36	71	1
-3876.86	36	72	1
-608.71	36	73	1
-101.79	36	105	3
-314.85	36	109	2
-424.36	36	110	2
-49.28	36	111	2
-110.88	36	115	3
-83.50	36	117	3
-136.01	36	119	2
-75.56	36	120	3
-1053.72	37	15	11
-308.54	37	18	11
-227.07	37	19	11
-304.02	37	20	11
-112.72	37	21	10
-151.84	37	21	11
-230.93	37	22	10
-98.84	37	23	10
-67.08	37	26	9
0.00	37	40	6
-38.72	37	41	6
-38.72	37	41	7
0.00	37	41	10
0.00	37	41	11
0.00	37	42	6
-20.21	37	42	8
-1371.17	37	43	6
-478.96	37	44	6
-41.06	37	45	5
-15.05	37	45	6
-41.06	37	46	5
-6.47	37	46	6
-8.21	37	48	6
-29.13	37	52	5
-616.05	37	55	4
-649.48	37	56	4
-1343.79	37	59	4
-1115.49	37	61	3
-59.17	37	61	4
0.00	37	61	6
-51.69	37	62	3
-0.82	37	64	2
-172.91	37	65	1
-141.12	37	65	3
-146.31	37	66	1
-504.02	37	66	3
-1212.30	37	68	1
-534.08	37	69	1
-3564.82	37	70	1
-4985.51	37	71	1
-2525.67	37	72	1
-1035.27	37	73	1
-4552.45	37	74	1
-961.51	37	75	1
0.00	37	77	1
-90.25	37	85	2
-1006.15	37	85	3
-358.65	37	112	2
-136.89	37	114	2
-355.92	37	114	3
-319.34	37	117	2
-212.89	37	118	2
-118.27	37	119	2
-86.78	37	120	3
-83.05	38	15	11
-42.57	38	17	11
-1439.00	38	19	11
-126.33	38	20	11
-119.62	38	21	11
-404.72	38	22	11
-35.30	38	23	10
-97.30	38	23	11
-48.04	38	24	10
-54.06	38	25	10
-2.18	38	26	9
-12.52	38	27	9
-0.99	38	46	6
-499.75	38	47	6
-0.95	38	47	7
0.00	38	49	6
0.00	38	49	7
0.00	38	49	8
-672.35	38	52	6
-482.69	38	56	6
0.00	38	57	4
0.00	38	60	4
-13.40	38	60	6
-878.53	38	61	4
-839.84	38	62	3
-0.03	38	62	4
-0.27	38	63	1
-76.25	38	63	3
-41.97	38	63	4
-656.65	38	64	4
-2139.22	38	64	11
-66.40	38	65	1
-200.50	38	65	3
-777.54	38	66	3
0.00	38	66	4
0.00	38	67	1
0.00	38	67	3
-577.01	38	67	4
-50.59	38	68	3
-566.45	38	69	1
-1356.22	38	69	4
-664.20	38	70	1
-34.41	38	71	1
-3038.36	38	72	1
-679.93	38	73	1
-1900.69	38	74	1
0.00	38	74	3
-5507.13	38	75	1
-29.43	38	75	2
-29.43	38	75	3
0.00	38	82	2
-132.78	38	85	2
-719.36	38	85	3
-465.43	38	104	3
-1199.18	38	115	3
-10.95	38	116	3
-143.73	38	117	2
-492.92	38	118	2
-354.27	38	121	3
-231.84	39	15	10
-410.38	39	16	11
-333.62	39	17	11
-266.45	39	18	11
-188.37	39	19	11
-274.45	39	20	11
-160.59	39	21	11
-29.59	39	22	11
-729.22	39	23	11
-138.90	39	24	10
-20.64	39	24	11
-4.54	39	25	10
0.00	39	26	10
-16.37	39	27	9
-34.05	39	28	9
-64.28	39	37	6
0.00	39	40	6
-47.16	39	40	8
0.00	39	43	6
0.00	39	48	6
-0.54	39	49	6
-1.36	39	51	6
-1.64	39	52	5
-827.24	39	52	6
-4.92	39	53	6
-4.10	39	55	4
-15.74	39	57	4
-24642.35	39	60	4
-2489.39	39	60	6
-3016.04	39	61	4
-0.82	39	62	3
0.00	39	62	4
-0.82	39	63	1
-179.87	39	63	3
-3037.62	39	65	4
-98.56	39	66	3
-2481.46	39	66	4
-2606.66	39	67	4
0.00	39	68	3
-1056.11	39	68	4
-389.92	39	72	1
-413.63	39	72	3
0.00	39	72	4
-208.26	39	73	1
-866.27	39	75	1
-990.63	39	75	3
-1559.79	39	76	1
-1895.27	39	76	3
-686.06	39	77	1
-905.89	39	77	2
-189.55	39	77	3
-153.54	39	78	2
-113.13	39	78	3
-75.14	39	80	4
-75.14	39	80	8
-230.31	39	84	1
-233.21	39	84	3
-930.87	39	87	2
-1530.45	39	102	3
-1388.09	39	103	3
-2655.71	39	105	3
-498.42	39	107	3
0.00	39	114	3
-113.62	39	115	3
-8.21	39	117	3
-32.85	39	118	2
-121.28	39	119	3
-126.25	40	16	10
-529.21	40	17	11
-1039.39	40	18	11
-196.40	40	19	11
-177.18	40	20	11
-289.77	40	21	11
-756.55	40	22	11
-10.04	40	23	11
-143.42	40	24	11
-111.41	40	25	10
-284.00	40	25	11
-212.12	40	26	10
-62.22	40	27	11
-1.69	40	30	9
-7.20	40	40	8
0.00	40	41	8
-345.87	40	42	6
-165.77	40	43	6
0.00	40	44	6
-163.93	40	45	6
0.00	40	46	6
0.00	40	47	6
-90.13	40	47	7
-5.65	40	48	6
-12.32	40	51	6
-2.05	40	52	5
-65.27	40	52	6
0.00	40	53	5
0.00	40	53	6
0.00	40	56	5
-13.00	40	57	4
-414.73	40	57	6
-54.75	40	59	4
-159.77	40	59	6
-570.68	40	60	4
-3922.09	40	60	6
-132.84	40	61	4
-2895.59	40	62	4
-82.82	40	62	6
-1518.00	40	63	4
0.00	40	64	3
-5721.59	40	65	4
-340.02	40	65	6
0.00	40	66	1
0.00	40	66	2
0.00	40	66	3
-12.32	40	66	4
-0.37	40	67	1
-0.06	40	67	3
-1097.08	40	67	4
-3970.12	40	68	4
-254.36	40	69	4
0.00	40	72	1
-627.69	40	72	3
0.00	40	72	4
-635.21	40	74	1
-85.35	40	74	3
-4333.53	40	75	1
-1.73	40	75	2
-176.37	40	75	3
0.00	40	75	5
0.00	40	75	6
-1013.06	40	76	1
-2565.63	40	76	3
-120.92	40	83	1
-84.63	40	83	2
-70.30	40	83	3
-282.85	40	86	1
-917.18	40	86	2
-154.86	40	86	3
-3459.05	40	87	2
-593.66	40	88	2
-558.52	40	88	3
-2025.46	40	102	2
-1245.72	40	102	3
-1541.41	40	103	3
-410.67	40	104	3
-191.65	40	105	3
-629.70	40	106	3
-54.75	40	115	3
-103.49	40	117	3
-43.80	40	118	3
-131.41	40	120	3
-256.24	41	18	10
-548.91	41	18	11
-166.70	41	19	11
-99.82	41	20	11
-282.35	41	21	11
-459.72	41	22	11
-182.82	41	23	11
-217.85	41	24	11
-440.50	41	25	11
-225.40	41	26	10
-160.48	41	26	11
-112.66	41	27	9
-89.29	41	27	10
-8.87	41	31	9
-0.58	41	36	5
-0.58	41	36	6
-0.58	41	36	7
0.00	41	38	6
-152.22	41	43	6
0.00	41	44	6
-156.16	41	45	6
-972.30	41	47	6
0.00	41	49	6
-903.81	41	50	6
0.00	41	52	6
-559.36	41	56	6
-967.53	41	58	6
-70.36	41	59	4
-0.25	41	59	5
-0.25	41	59	6
-0.87	41	60	4
-1589.20	41	60	6
-4.99	41	61	4
-267.38	41	62	4
-136.89	41	63	4
-7.66	41	64	4
-16.42	41	65	4
-26.00	41	66	4
-575.40	41	66	10
-575.40	41	66	11
-2077.91	41	67	4
0.00	41	68	3
-6.24	41	68	4
-991.51	41	69	4
-2.73	41	70	1
-1380.73	41	70	4
-30.32	41	74	1
-383.53	41	74	2
-30.32	41	74	3
-482.37	41	75	1
-191.50	41	75	2
-1025.24	41	75	3
-531.60	41	76	1
-27.89	41	76	2
-1503.48	41	76	3
-65.70	41	83	2
-164.27	41	84	2
-485.85	41	86	2
-2260.32	41	87	2
-436.00	41	87	3
-1861.94	41	88	2
-1040.38	41	102	2
-889.80	41	103	2
-301.16	41	104	3
-873.37	41	105	3
-410.67	41	106	3
-314.85	41	114	2
-273.78	41	114	3
-406.57	41	117	2
-225.05	41	118	2
-181.40	42	16	10
-51.73	42	19	10
-22.53	42	19	11
-251.58	42	20	11
-120.85	42	21	11
-381.10	42	22	11
-269.14	42	23	11
-178.23	42	24	11
-280.71	42	25	11
-308.23	42	26	11
-333.42	42	27	10
-87.74	42	27	11
-123.20	42	28	11
-52.11	42	29	9
-105.09	42	31	10
-18.61	42	32	10
-32.25	42	32	11
-15.65	42	34	8
-1232.99	42	38	6
-9.92	42	39	6
-42.16	42	40	6
-4.10	42	41	6
0.00	42	43	6
-30.12	42	52	6
-805.33	42	55	6
-196.05	42	55	8
0.00	42	57	6
-107.02	42	59	6
-1742.48	42	59	8
-2944.18	42	61	6
-26.55	42	62	4
-618.61	42	63	4
-327.43	42	64	4
0.00	42	64	6
-2240.44	42	65	4
-2687.00	42	65	6
-670.56	42	65	8
-84.24	42	66	4
-1189.98	42	66	6
-3519.88	42	67	4
0.00	42	67	6
-0.82	42	68	4
-1325.82	42	70	4
-4.10	42	71	3
-1979.99	42	71	4
-918.81	42	72	4
-4197.51	42	73	4
-3589.65	42	74	4
-570.02	42	75	4
0.00	42	78	8
-18.18	42	85	2
-18.18	42	85	3
-1299.99	42	87	1
-454.39	42	87	2
-719.45	42	88	2
-328.54	42	89	2
-164.27	42	90	2
-385.76	42	91	2
-3638.52	42	92	2
-246.40	42	104	2
-547.57	42	104	3
-1552.85	42	115	3
-524.16	42	116	3
-237.37	42	117	2
-177.41	42	119	2
-154.19	43	15	10
-108.44	43	18	9
-13.09	43	19	10
-7.93	43	19	11
-227.79	43	20	10
-86.46	43	20	11
-180.33	43	21	11
-306.18	43	22	11
-158.25	43	23	11
-19.84	43	24	11
-134.64	43	25	11
-523.33	43	26	11
-333.52	43	27	11
-194.81	43	28	10
-105.10	43	29	10
-80.77	43	30	9
-130.95	43	31	9
-53.82	43	31	10
-301.16	43	32	9
-183.18	43	32	10
-90.78	43	34	8
-20.28	43	40	6
0.00	43	43	6
-92.81	43	46	5
-26.28	43	46	6
-26.28	43	46	7
-1806.02	43	48	6
0.00	43	52	6
-919.28	43	53	6
0.00	43	55	5
0.00	43	55	6
0.00	43	57	6
0.00	43	58	5
0.00	43	58	6
0.00	43	59	5
0.00	43	60	6
-10.47	43	62	4
-127.95	43	62	6
-127.95	43	62	7
0.00	43	62	10
0.00	43	62	11
0.00	43	63	4
0.00	43	63	6
-391.81	43	64	10
-391.81	43	64	11
-111.51	43	65	4
-140.10	43	66	4
-3649.28	43	66	6
0.00	43	67	4
0.00	43	68	4
-630.93	43	68	6
-1.77	43	69	4
-703.68	43	69	8
0.00	43	70	4
-3.44	43	71	1
-1341.62	43	71	4
-524.79	43	71	6
0.00	43	76	4
-19.71	43	78	1
-317.61	43	78	8
0.00	43	81	3
-1011.13	43	84	2
-241.97	43	87	1
-381.73	43	88	1
-1017.96	43	88	2
-328.54	43	89	2
-999.31	43	90	2
-301.16	43	91	2
-164.27	43	104	2
-232.71	43	105	2
0.00	43	107	3
0.00	43	108	3
-523.50	43	110	3
-337.62	43	115	3
-16.42	43	116	2
-875.49	43	116	3
-303.57	43	119	2
-167.83	43	119	3
-92.97	44	19	9
-260.78	44	21	10
-54.79	44	22	11
-293.02	44	23	11
-111.02	44	24	11
-31.99	44	25	10
-437.91	44	25	11
-362.94	44	26	11
-304.71	44	27	11
-470.81	44	28	11
-26.83	44	29	11
-43.07	44	30	9
-231.68	44	30	10
-106.44	44	33	10
-85.36	44	33	11
-13.68	44	34	10
-568.53	44	42	6
-2027.89	44	42	7
0.00	44	52	6
0.00	44	53	6
-8.89	44	54	6
0.00	44	54	10
0.00	44	54	11
0.00	44	55	5
0.00	44	55	6
0.00	44	56	6
0.00	44	57	6
0.00	44	58	6
0.00	44	59	6
0.00	44	61	6
-643.34	44	62	6
-168.65	44	63	10
-168.65	44	63	11
-0.81	44	64	6
-14.52	44	65	4
0.00	44	65	5
-1898.58	44	65	6
-59.11	44	66	4
0.00	44	67	4
-912.04	44	67	6
-912.04	44	67	7
-0.54	44	68	4
-1787.00	44	69	6
-54.08	44	69	8
-51.74	44	70	4
-1186.14	44	70	6
-1173.16	44	71	4
-469.70	44	71	6
0.00	44	72	2
0.00	44	76	6
-711.83	44	82	2
-261.24	44	82	4
-488.20	44	88	1
-2332.72	44	89	1
-1852.31	44	90	1
-362.60	44	93	3
-170.97	44	95	3
-219.02	44	103	3
-1.23	44	107	2
-8.21	44	109	2
-273.78	44	110	3
-458.63	44	115	3
0.00	44	116	3
-70.96	44	119	2
-41.06	44	120	3
-38.32	44	121	3
-75.16	45	20	9
-182.77	45	22	10
-32.70	45	22	11
-188.47	45	23	11
-125.70	45	24	11
-95.60	45	25	10
-972.53	45	25	11
-189.65	45	26	10
-413.20	45	26	11
-63.42	45	27	10
-8.95	45	27	11
-204.85	45	28	10
-9.55	45	29	10
-323.27	45	30	10
-40.67	45	31	11
0.00	45	33	10
-1050.14	45	34	8
0.00	45	45	5
-2105.77	45	51	6
-56.46	45	53	6
0.00	45	54	6
-490.56	45	55	6
0.00	45	56	6
0.00	45	57	5
0.00	45	57	6
0.00	45	58	6
-2388.67	45	59	6
0.00	45	59	8
0.00	45	60	6
-70.15	45	61	6
-1025.10	45	62	6
0.00	45	62	10
0.00	45	62	11
-65.21	45	63	6
-952.15	45	64	6
0.00	45	66	5
0.00	45	67	5
0.00	45	68	5
0.00	45	69	1
-126.48	45	70	4
0.00	45	70	5
-2311.54	45	70	6
-2771.17	45	71	4
-1318.75	45	71	6
-537.84	45	72	4
-414.86	45	72	6
-212.27	45	86	3
-3427.62	45	89	1
-3626.68	45	90	1
-2976.10	45	91	1
-552.01	45	103	3
-199.40	45	104	3
-1515.39	45	115	2
-713.95	45	116	3
-275.97	45	117	2
-216.83	45	118	2
-63.08	45	119	2
-112.67	46	20	9
-95.74	46	24	11
-26.42	46	25	11
-291.19	46	26	11
0.00	46	27	10
-46.21	46	27	11
-246.40	46	28	10
-1161.83	46	29	10
-154.87	46	29	11
-31.07	46	30	10
-95.33	46	30	11
-219.43	46	32	9
-78.37	46	32	11
-38.93	46	34	9
-28.06	46	34	10
0.00	46	41	5
-144.14	46	50	6
-1.97	46	53	6
-1759.93	46	54	6
0.00	46	55	6
0.00	46	57	6
-0.08	46	58	6
-6.57	46	59	5
-2010.12	46	59	6
-25.84	46	59	8
-2867.00	46	60	6
-43.59	46	61	6
-1418.39	46	63	6
-70.29	46	64	6
-1172.33	46	66	6
-1142.24	46	67	6
-341.56	46	67	7
-361.39	46	69	6
-16.42	46	70	4
-205.91	46	71	4
-1460.76	46	71	6
-2179.06	46	72	4
-1468.79	46	72	6
0.00	46	73	6
-854.98	46	74	8
0.00	46	80	4
-173.68	46	86	3
-2759.76	46	89	1
-823.94	46	90	1
-2984.09	46	91	1
-2789.05	46	92	1
-38.58	46	93	2
-391.51	46	106	3
-49.16	46	107	3
-492.81	46	108	3
-151.12	46	109	2
-240.93	46	109	3
-271.60	46	115	3
-330.14	46	116	3
-328.54	46	117	2
-147.84	46	118	2
-176.16	47	22	9
-661.85	47	24	9
-129.54	47	24	10
-130.25	47	25	10
-165.76	47	26	11
-4.97	47	27	11
-149.42	47	28	10
-250.90	47	28	11
-73.98	47	29	10
-3.80	47	30	10
-25.37	47	30	11
-21.25	47	31	10
-16.58	47	31	11
-47.04	47	33	10
-110.56	47	36	8
0.00	47	49	5
-1578.48	47	49	6
0.00	47	53	6
0.00	47	54	6
0.00	47	55	6
0.00	47	56	6
0.00	47	57	6
-15.09	47	58	6
-522.27	47	59	8
0.00	47	60	6
-2019.03	47	61	6
-1539.99	47	62	6
0.00	47	64	6
-647.51	47	67	6
-4760.43	47	72	4
-104.20	47	72	6
0.00	47	73	4
0.00	47	73	5
-3.23	47	74	4
-13.44	47	86	3
-29.07	47	87	3
-901.29	47	88	1
-185.46	47	90	1
-273.78	47	104	3
-329.91	47	105	2
-276.24	47	106	3
-1.23	47	107	3
-123.20	47	109	3
-1.36	47	110	3
-874.74	47	117	2
-554.41	47	118	2
-295.68	47	119	2
-82.13	47	120	2
-298.09	48	23	9
0.00	48	23	10
-53.14	48	27	10
-413.16	48	27	11
-29.34	48	28	10
-35.86	48	28	11
-17.43	48	29	10
-95.28	48	30	11
0.00	48	31	10
-70.47	48	33	10
0.00	48	36	10
0.00	48	54	6
0.00	48	55	6
-2155.78	48	56	6
0.00	48	57	6
0.00	48	58	5
-3061.76	48	59	6
-97.75	48	70	6
0.00	48	72	8
-8.21	48	73	4
0.00	48	73	6
0.00	48	83	4
-81.57	48	84	3
-2146.46	48	90	1
-2648.35	48	91	1
-273.79	48	92	1
-2154.95	48	93	1
-682.74	48	94	1
-466.66	48	104	3
-125.66	48	105	2
-327.44	48	105	3
-25.87	48	106	2
-498.01	48	106	3
-676.24	48	108	3
-82.13	48	109	3
-298.42	48	112	3
-314.85	48	113	3
-161.53	48	115	2
-971.25	48	117	2
-492.81	48	118	2
-172.48	48	119	2
-295.68	48	120	2
-76.93	49	27	11
-16.31	49	28	10
-66.22	49	28	11
-37.44	49	29	10
-202.65	49	29	11
-863.43	49	32	9
-50.73	49	34	9
0.00	49	39	10
-803.71	49	46	6
-2.73	49	48	6
0.00	49	54	6
0.00	49	55	6
0.00	49	57	6
-3.28	49	58	5
0.00	49	58	6
-109.51	49	59	5
0.00	49	66	8
-757.64	49	70	6
-2.73	49	71	4
0.00	49	71	6
0.00	49	72	4
0.00	49	73	4
-13.04	49	73	6
-51.82	49	80	4
-112.87	49	80	8
0.00	49	85	3
0.00	49	86	3
0.00	49	89	4
-230.60	49	93	1
-17.06	49	94	1
-3.69	49	106	2
-1.23	49	106	3
-1.23	49	107	2
-136.89	49	111	3
-536.48	49	112	3
-178.57	49	114	3
-25.62	49	117	2
-716.22	49	118	2
-295.68	49	120	2
-116.19	50	26	9
-269.52	50	28	10
-858.74	50	30	10
-39.74	50	31	10
-29.22	50	31	11
-1.59	50	34	9
-694.26	50	52	6
-694.26	50	52	7
0.00	50	58	5
-1031.67	50	59	6
-0.99	50	60	6
-1705.87	50	62	6
-1087.94	50	71	6
0.00	50	73	4
-19.90	50	75	1
-6.63	50	76	1
-22.68	50	76	4
-25214.86	50	80	4
0.00	50	81	4
0.00	50	85	4
-38.99	50	91	3
-249.14	50	106	3
-179.19	50	108	3
-114.30	50	108	4
-82.13	50	111	2
-60.23	50	112	2
-232.71	50	112	3
-136.89	50	113	2
-82.13	50	113	3
-199.86	50	114	3
-725.80	50	119	2
-88.70	50	121	2
-96.81	51	18	9
-213.48	51	26	11
-28.24	51	28	11
-253.67	51	29	10
-19.50	51	31	9
-53.27	51	31	10
-49.14	51	32	9
-243.16	51	33	9
0.00	51	39	9
-608.13	51	40	8
0.00	51	40	10
0.00	51	47	6
0.00	51	47	7
0.00	51	57	6
0.00	51	58	6
0.00	51	58	7
0.00	51	59	5
0.00	51	60	5
-40.52	51	60	6
-128.12	51	70	6
-191.87	51	72	6
-20.53	51	74	4
-803.23	51	74	6
-280.48	51	76	8
0.00	51	77	4
0.00	51	80	4
0.00	51	80	8
-236.91	51	81	3
0.00	51	82	3
-137.87	51	83	3
-10.95	51	84	3
0.00	51	85	3
-178.47	51	85	4
-20.96	51	88	3
-230.58	51	89	3
-3046.01	51	95	1
-529.74	51	96	1
-1.36	51	107	3
-120.46	51	109	3
-325.80	51	110	2
-763.16	51	112	2
-238.19	51	113	2
-118.27	51	119	2
-742.91	51	120	2
-353.18	51	121	2
-80.90	52	18	9
0.00	52	24	10
-121.86	52	32	9
-20.79	52	33	9
-113.94	52	35	10
0.00	52	52	6
0.00	52	57	5
0.00	52	58	5
0.00	52	58	6
0.00	52	59	6
-49.96	52	60	6
-1588.68	52	63	6
-597.48	52	65	6
-597.48	52	65	7
-819.31	52	68	6
-767.52	52	73	6
-1.36	52	74	6
0.00	52	76	6
0.00	52	78	4
0.00	52	79	4
-171.09	52	81	4
-285.81	52	81	7
-285.81	52	81	8
-22.91	52	84	3
-376.41	52	85	3
0.00	52	86	3
-651.59	52	89	1
-1401.27	52	96	1
-204.11	52	97	1
-109.51	52	106	3
-208.07	52	109	3
-136.89	52	110	3
-691.98	52	112	2
-68.44	52	113	2
-49.28	52	114	3
-52.56	52	115	3
-413.96	52	118	2
-137.98	52	119	2
-92.40	52	120	2
-2811.24	53	32	11
-54.49	53	34	9
-603.72	53	44	8
0.00	53	54	5
0.00	53	59	5
-725.30	53	60	5
-1827.10	53	60	6
-358.03	53	75	4
-265.48	53	75	6
-1240.35	53	76	6
-310.41	53	96	1
-530.79	53	97	1
-721.91	53	97	2
-0.71	53	97	3
-455.89	53	98	1
-520.63	53	98	2
-191.65	53	103	3
-246.40	53	104	2
-91.73	53	105	3
-46.54	53	109	3
-169.74	53	110	3
-116.08	53	112	2
-129.77	53	113	2
-84.87	53	115	3
-354.82	53	121	2
-2274.62	54	17	10
-345.32	54	27	8
-133.43	54	28	8
-82.32	54	29	8
-108.39	54	30	8
-44.23	54	31	8
0.00	54	31	10
-17.79	54	50	5
0.00	54	59	5
0.00	54	59	6
0.00	54	60	5
0.00	54	60	6
-920.20	54	68	6
-346.63	54	77	6
-19.81	54	78	4
0.00	54	84	1
-13.16	54	84	3
-17.65	54	97	1
-200.41	54	97	2
-497.20	54	98	1
-1726.06	54	98	2
-19.98	54	100	4
-191.65	54	101	2
-136.89	54	102	2
-136.89	54	102	3
-752.90	54	103	3
-532.23	54	120	2
-384.39	54	121	2
-382.66	55	15	11
-873.84	55	16	10
-1028.13	55	16	11
-9.10	55	26	8
-18.97	55	30	8
-16.10	55	32	8
0.00	55	32	9
-16.33	55	33	8
0.00	55	51	6
-1.58	55	52	6
0.00	55	56	5
0.00	55	59	5
0.00	55	59	6
0.00	55	60	5
0.00	55	60	6
0.00	55	61	5
0.00	55	62	5
-2233.18	55	62	6
-153.36	55	70	6
-153.36	55	70	7
0.00	55	78	4
0.00	55	78	6
0.00	55	79	4
0.00	55	79	6
-1523.86	55	80	6
-7.93	55	90	4
-200.19	55	93	3
-21.41	55	94	3
-245.52	55	94	4
0.00	55	95	1
-167.88	55	95	3
0.00	55	98	1
-1008.76	55	100	2
-186.17	55	101	2
-186.17	55	101	3
-1013.00	55	102	3
-109.51	55	103	3
-531.14	55	107	3
-131.41	55	108	3
-61.60	55	115	3
-474.33	55	117	2
-114.99	55	120	2
-542.09	55	121	2
-9.87	56	26	8
-24.25	56	28	8
-77.68	56	29	8
-8.45	56	30	8
-205.33	56	34	10
-5.96	56	35	8
-248.27	56	56	5
-3983.53	56	56	6
0.00	56	57	6
0.00	56	58	6
0.00	56	59	5
0.00	56	59	6
0.00	56	60	5
0.00	56	60	6
0.00	56	61	5
0.00	56	62	5
0.00	56	62	6
-204.81	56	64	6
-204.81	56	64	7
-230.89	56	79	6
-598.09	56	80	6
0.00	56	85	3
0.00	56	86	3
-11.00	56	87	3
-225.69	56	89	3
-441.47	56	90	3
-314.85	56	100	2
-383.30	56	100	3
-104.03	56	101	2
-150.58	56	102	2
0.00	56	103	3
-342.23	56	106	3
-27.37	56	111	3
0.00	57	23	9
0.00	57	34	10
0.00	57	58	5
-745.23	57	58	6
-434.97	57	59	5
0.00	57	59	6
0.00	57	60	5
-2542.60	57	60	6
0.00	57	61	5
-3221.49	57	61	6
-116.38	57	63	5
-922.66	57	63	6
0.00	57	64	5
0.00	57	79	4
0.00	57	79	6
-257.93	57	85	3
-329.88	57	86	3
-989.99	57	87	6
-34.82	57	89	3
-594.11	57	101	2
-109.51	57	101	3
-752.90	57	102	2
-676.24	57	102	3
-232.71	57	105	3
0.00	57	108	2
-494.91	58	39	10
-406.00	58	43	9
-406.00	58	43	10
0.00	58	43	11
0.00	58	52	7
0.00	58	55	5
-1305.49	58	55	6
0.00	58	56	5
0.00	58	60	6
0.00	58	62	5
-2.73785e-03	58	64	5
-136.89	58	64	6
-1355.24	58	82	6
0.00	58	84	3
0.00	58	85	12
-199.86	58	102	2
-887.12	58	102	3
-6.84	58	106	3
-334.01	58	107	3
-464.06	58	108	2
-2064.60	59	18	10
-1844.90	59	24	10
0.00	59	30	10
-25.48	59	41	8
-1504.08	59	54	6
0.00	59	58	5
0.00	59	59	5
0.00	59	60	5
-538.03	59	79	8
0.00	59	85	4
-223.46	59	86	4
-463.03	59	86	6
0.00	59	92	3
0.00	59	93	3
-256.40	59	93	4
-318.95	59	102	2
-757.01	59	102	3
-952.77	59	104	3
-759.75	59	107	2
-186.17	59	108	2
-164.27	59	110	2
-128.67	59	111	2
-900.36	60	28	8
-979.25	60	29	8
-489.62	60	30	8
-3096.27	60	48	8
-29.93	60	49	5
-29.93	60	49	6
-29.93	60	49	7
-305.72	60	55	6
-843.81	60	57	6
-843.81	60	57	7
0.00	60	65	5
-472.57	60	79	6
0.00	60	83	4
-40.18	60	89	1
-396.98	60	98	3
-394.25	60	100	3
-301.16	60	108	2
0.00	60	109	2
-381.84	60	111	3
-661.58	61	29	8
0.00	61	29	10
-31.64	61	30	10
0.00	61	52	5
0.00	61	53	5
0.00	61	53	6
-763.53	61	53	7
0.00	61	60	5
-1702.62	61	60	6
-1527.56	61	63	6
-1778.80	61	65	6
-23.13	61	89	1
-3.94	61	90	1
0.00	61	99	3
-594.05	61	103	3
-68.44	61	104	2
-388.77	61	109	3
0.00	61	110	3
-565.36	61	111	3
-53.92	62	41	10
-141.51	62	51	5
-125.93	62	52	5
-35.59	62	52	6
-88.00	62	53	5
-29.56	62	53	6
0.00	62	58	5
0.00	62	72	7
-785.77	62	75	6
-18.47	62	81	4
-24.91	62	82	4
-211.52	62	95	1
-375.08	62	105	2
-183.43	62	106	2
-823.10	62	110	3
-75.83	63	27	10
-28.41	63	51	5
-532.78	63	51	7
-532.78	63	51	8
-303.27	63	52	5
-271.51	63	53	5
-71.18	63	53	6
-873.25	63	54	6
-11.65	63	59	5
-10.67	63	80	4
-15.01	63	81	4
-12.38	63	83	4
-1057.33	63	87	6
0.00	63	89	6
-63.65	63	100	3
-6420.26	63	102	3
-259.52	63	107	3
-369.61	63	108	3
-341.43	64	38	10
-242.38	64	51	5
-80.38	64	53	5
-452.49	64	53	6
-452.49	64	53	7
0.00	64	54	6
-124.57	64	55	6
0.00	64	63	5
-1876.69	64	63	6
-658.83	64	66	6
-1176.37	64	80	6
0.00	64	86	4
0.00	64	88	6
0.00	64	105	3
-832.30	64	109	3
-2409.30	64	110	3
-109.37	65	32	10
0.00	65	33	9
-6.98	65	50	6
0.00	65	50	7
-364.79	65	50	8
-62.73	65	54	5
0.00	65	61	5
0.00	65	66	5
-347.32	65	74	6
-347.32	65	74	7
-1650.93	65	79	6
-565.51	65	79	7
-36.96	65	80	1
-44.29	65	82	4
0.00	65	85	4
-213.55	65	86	4
0.00	65	89	4
0.00	65	98	3
-484.59	65	110	3
-410.67	65	111	3
-137.30	66	34	9
-102.39	66	49	6
0.00	66	54	6
-337.16	66	54	7
-362.92	66	79	6
-362.92	66	79	7
-263.14	66	100	3
-684.46	66	104	3
-65.68	67	25	10
-339.13	67	35	10
-299.14	67	39	8
-734.27	67	40	8
-27.37	67	45	6
-24.64	67	45	7
-62.63	67	52	5
-1106.87	67	54	7
-1106.87	67	54	8
-148.54	67	79	6
-793.97	67	91	4
0.00	67	106	3
0.00	67	108	3
-58.61	68	23	11
-38.38	68	24	10
-25.73	68	26	10
-252.49	68	43	8
-32.85	68	44	7
-49.00	68	58	5
-519.40	68	59	6
-519.40	68	59	7
-21.90	68	63	5
-938.11	68	63	6
-938.11	68	63	7
-250.16	68	68	6
-252.13	68	68	7
-192.94	68	75	6
-2004.05	68	84	6
-281.99	68	89	7
-1210.31	68	96	3
-76.90	68	103	3
-76.79	69	29	10
-140.58	69	30	10
0.00	69	36	9
-112.77	69	53	6
-662.25	69	65	7
-875.07	69	74	7
0.00	69	94	14
-602.32	69	106	3
-648.93	70	24	10
-242.30	70	25	10
-1501.02	70	58	6
-43.12	70	82	6
-416.52	71	26	9
-100.12	71	26	10
-171.80	71	28	10
-376.60	71	35	10
-265.15	71	44	8
0.00	71	55	7
-1133.96	71	83	9
-16.42	71	102	3
-547.57	71	104	3
-32.96	72	23	11
-2116.74	72	25	10
0.00	72	31	10
-279.09	72	34	10
-196.68	72	41	10
0.00	72	44	10
-419.80	72	55	6
-419.80	72	55	7
-419.80	72	55	8
-273.78	72	104	3
-2053.38	72	104	4
-121.15	73	23	10
-150.25	73	24	10
-232.85	73	26	10
-324.24	73	27	10
-171.80	73	28	10
-654.78	73	29	10
0.00	73	30	10
-102.77	73	31	10
-172.32	73	33	10
-231.38	73	40	10
0.00	73	41	9
-164.27	73	50	6
-1724.19	73	64	7
-742.52	73	65	7
-420.69	73	74	6
-420.69	73	74	7
-420.69	73	74	8
-1619.67	73	101	3
-185.31	73	105	3
-173.68	73	107	3
-791.81	74	25	10
-341.79	74	27	10
-168.54	74	30	9
-215.61	74	38	10
-601.60	74	41	9
-601.60	74	41	10
-0.68	74	55	6
0.00	74	64	6
-706.70	74	64	7
-955.76	74	83	9
-73.92	74	85	6
0.00	74	85	7
-208.07	74	108	4
0.00	74	108	14
-28.67	75	21	10
-50.15	75	26	11
-191.65	75	28	9
-100.52	75	28	10
-394.71	75	37	9
-27.37	75	48	5
0.00	75	49	7
0.00	75	51	6
0.00	75	51	7
0.00	75	65	6
0.00	75	65	7
-794.43	75	75	6
-794.43	75	75	7
-614.56	75	89	14
-223.14	76	19	10
-4.49	76	21	10
-29.43	76	25	10
-665.82	76	27	10
-93.99	76	28	10
-1425.75	76	64	7
0.00	76	86	10
0.00	76	87	9
-56.79	76	97	7
-56.79	76	97	10
-78.35	77	25	9
-201.91	77	26	9
-51.12	77	27	10
-213.09	77	28	11
-102.09	77	34	9
-102.09	77	34	10
-616.37	77	37	9
0.00	77	39	9
-53.05	77	55	6
-143.73	77	67	6
-143.73	77	67	7
-942.12	77	85	9
-942.12	77	85	10
-905.20	77	86	9
-905.20	77	86	10
-436.43	77	89	9
-436.43	77	89	10
-349.97	78	28	10
-512.42	78	30	9
-726.89	78	30	10
-701.79	78	31	9
-931.22	78	31	10
-576.47	78	32	9
-576.47	78	32	10
-266.11	78	35	9
-266.11	78	35	10
-188.28	78	63	7
-188.28	78	63	8
-422.24	78	76	7
-422.24	78	76	8
-562.93	78	89	9
-562.93	78	89	10
-111.78	79	25	10
-574.14	79	27	10
-242.67	79	29	10
-242.30	79	30	10
-47.91	79	34	9
-47.91	79	34	10
-193.36	79	38	9
-193.36	79	38	10
-711.23	79	54	8
-125.83	79	55	8
-159.70	79	56	8
-59.26	79	65	6
-59.26	79	65	7
-656.15	79	68	7
-78.71	80	28	10
-114.60	80	29	10
-161.53	80	30	10
-260.09	80	31	9
-260.09	80	31	10
-299.30	80	32	9
-299.30	80	32	10
0.00	80	33	10
0.00	80	41	9
0.00	80	41	10
-1078.34	80	53	8
-590.23	80	53	9
-590.23	80	53	10
0.00	80	78	7
-549.12	80	78	8
-895.40	80	92	13
-68.44	81	32	9
-68.44	81	32	10
0.00	81	35	10
-254.30	81	45	8
0.00	81	45	10
0.00	81	54	8
-282.81	81	65	6
-282.81	81	65	7
-282.81	81	65	8
0.00	81	99	14
0.00	82	30	10
-57.49	82	33	9
-249.14	82	33	10
-955.14	82	33	14
0.00	82	35	10
0.00	82	35	12
-84.35	82	36	10
-84.35	82	36	11
-74.50	82	47	8
-898.01	82	55	8
-670.13	82	61	8
-670.13	82	61	9
0.00	82	64	6
-326.46	82	72	7
-326.46	82	72	8
-645.69	82	73	8
-1223.55	82	89	10
-1641.53	82	92	14
-1021.11	82	99	14
-171.40	83	30	14
-64.21	83	32	9
-132.54	83	32	10
-68.32	83	32	11
-219.02	83	33	11
-109.51	83	34	9
-109.51	83	34	10
-25.98	83	35	9
-25.98	83	35	10
-0.68	83	57	8
-0.68	83	61	5
-0.68	83	61	6
-336.76	83	69	6
-280.22	84	30	14
-142.36	84	34	9
-142.36	84	34	10
-11.16	84	39	9
-11.16	84	39	10
0.00	84	49	10
-205.33	84	54	8
-1.36	84	58	8
-496.80	84	64	6
-496.80	84	64	7
0.00	84	65	6
-384.34	84	66	6
-384.34	84	66	8
-1997.45	84	83	9
-848.04	85	26	14
0.00	85	31	10
-94.45	85	33	9
-94.45	85	33	10
-75.29	85	34	9
-123.20	85	34	10
-75.29	85	34	11
0.00	85	42	9
0.00	85	42	10
-761.43	85	49	9
-761.43	85	49	10
0.00	85	53	8
-0.41	85	57	8
-508.09	85	60	8
-254.04	85	61	8
-254.04	85	61	9
-254.04	85	61	10
-248.00	85	64	6
-248.00	85	64	7
-1629.00	85	78	9
-2599.70	85	99	14
-2.73	86	25	15
0.00	86	28	10
-200.41	86	33	9
-200.41	86	33	10
-89.52	86	34	9
-556.89	86	41	10
-556.89	86	41	14
-8136.99	86	62	8
-383.29	86	64	6
-47.74	86	65	6
-101.30	86	87	5
-1587.49	86	95	14
-93.74	87	24	15
-68.44	87	33	9
-68.44	87	33	10
-73.92	87	34	9
-73.92	87	34	10
0.00	87	55	8
0.00	87	62	8
0.00	87	64	6
0.00	87	64	7
-653.49	87	70	8
-872.28	87	100	14
0.00	88	22	15
0.00	88	23	15
-658.80	88	29	14
-44.76	88	34	9
-44.76	88	34	10
-41.15	88	36	11
-136.98	88	37	10
-52.40	88	37	11
-611.89	88	40	9
-611.89	88	40	10
0.00	88	49	9
0.00	88	49	10
0.00	88	54	8
0.00	88	55	8
-1.36	88	61	8
-985.62	88	64	8
-2.05	88	64	9
-2.05	88	64	10
-344.18	88	65	8
-0.68	88	72	6
0.00	88	100	14
-384.36	89	25	15
-12.28	89	36	9
-12.28	89	36	10
0.00	89	54	8
-1.36	89	61	8
-0.68	89	62	8
-219.02	89	64	8
-0.95	89	73	5
0.00	89	100	14
0.00	89	102	15
-1.36	90	28	14
-17.98	90	34	9
-17.98	90	34	10
-4380.56	90	46	9
-4380.56	90	46	10
-205.33	90	55	8
-0.68	90	56	8
0.00	90	68	5
-109.51	90	70	6
-2869.27	90	96	13
-1.36	91	27	14
-820.43	91	29	15
-31.99	91	37	9
-31.99	91	37	10
-246.40	91	45	9
-246.40	91	45	10
-906.19	91	46	14
-301.16	91	55	8
0.00	91	60	8
-511.96	91	60	9
-582.83	91	70	8
-25.88	91	100	14
0.00	92	27	15
-31.63	92	31	10
0.00	92	35	9
0.00	92	36	10
-209.44	92	45	15
0.00	92	53	9
-124.12	92	61	8
-31.48	92	74	6
-1767.01	92	81	9
-2408.79	92	93	14
0.00	93	32	9
-657.84	93	36	14
-6.84	93	54	9
-6.84	93	54	10
0.00	93	60	8
-123.20	93	68	8
-205.33	93	69	8
-498.68	94	32	15
-41.06	94	38	10
-41.06	94	38	11
-273.78	94	38	14
-341.06	94	42	14
-5655.85	94	45	9
-5655.85	94	45	10
0.00	94	55	14
-684.46	94	65	8
-766.59	94	66	8
0.00	94	71	6
-133.06	94	73	8
-142.77	95	31	15
0.00	95	33	11
0.00	95	38	9
0.00	95	38	10
-22.58	95	38	14
-22.58	95	38	15
0.00	95	40	10
0.00	95	40	11
0.00	95	54	9
-177.96	95	59	8
0.00	95	60	8
-27.37	95	64	8
-547.57	95	67	8
-164.27	95	73	8
0.00	96	29	15
-36.30	96	35	14
0.00	96	40	9
0.00	96	46	9
0.00	96	46	10
-1463.00	96	46	14
0.00	96	49	14
0.00	96	50	14
-328.54	96	56	8
-564.49	96	65	9
-1.36	96	69	8
-1115.50	96	81	9
-821.35	97	35	10
0.00	97	35	11
-72.27	97	46	9
-72.27	97	46	10
-308.02	97	46	14
0.00	97	47	9
-1216.00	97	47	14
-344.96	97	53	13
-123.20	97	71	8
-362.56	97	84	13
-362.56	97	84	14
-1231.49	98	35	14
-511.76	98	45	10
-511.76	98	45	14
-20.53	98	53	9
-20.53	98	53	10
-149.69	98	55	14
-136.89	98	57	8
-821.35	98	59	8
-155.78	98	61	9
-155.78	98	61	10
-692.61	98	90	14
-3502.17	98	97	13
0.00	99	32	15
0.00	99	37	11
0.00	99	44	9
-1877.81	99	49	9
-1877.81	99	49	10
-24.64	99	55	9
-24.64	99	55	10
0.00	99	56	8
-1.36	99	57	9
-1.36	99	57	10
-342.23	99	58	8
0.00	99	58	9
-1172.44	99	60	8
-155.78	99	60	9
-155.78	99	60	10
-765.68	99	75	9
-765.68	99	75	10
-637.64	99	81	9
-669.88	100	40	15
-10.20	100	45	9
-10.20	100	45	10
-9.05	100	46	9
-9.05	100	46	10
-35.84	100	55	13
0.00	100	58	8
-0.68	101	41	14
-1142.31	101	74	15
-68.44	101	75	9
-68.44	101	75	10
-622.49	102	35	15
-836.98	102	45	14
-55.20	102	55	10
-55.20	102	55	14
-479.12	102	60	9
-479.12	102	60	10
-133.87	102	62	9
0.00	102	62	10
0.00	102	71	9
-165.44	102	78	9
0.00	102	82	9
-630.80	103	37	15
-19.98	103	38	14
0.00	103	54	9
-170.53	103	54	10
-170.53	103	54	14
-61.60	103	56	9
-61.60	103	56	10
0.00	103	59	9
0.00	103	59	10
-253.22	103	60	9
0.00	103	74	9
0.00	103	74	10
0.00	103	79	9
-1314.17	104	38	14
-395.14	104	41	15
-131.52	104	77	9
-93.57	105	51	10
-93.57	105	51	14
-95.82	105	58	9
-95.82	105	58	10
-248.24	105	90	13
-248.24	105	90	14
-958.24	106	43	14
-399.17	106	47	15
0.00	106	48	9
0.00	106	48	10
-136.89	106	52	9
-136.89	106	52	10
-136.89	106	62	10
0.00	106	64	14
0.00	106	65	10
-133.35	106	65	12
0.00	106	68	9
0.00	106	72	9
-6.84	106	73	9
-6.84	106	73	10
-34.22	106	74	9
-34.22	106	74	10
-0.34	106	75	9
-0.34	106	75	10
-18.43	106	78	9
-18.43	106	78	10
-1094.62	107	38	15
0.00	107	46	15
-650.24	107	55	9
-650.24	107	55	10
0.00	107	57	9
0.00	107	57	10
-27.37	107	60	9
-408.62	107	60	10
-279.68	107	64	13
-279.68	107	64	14
0.00	107	76	9
0.00	107	76	10
0.00	108	38	15
0.00	108	40	15
0.00	108	41	15
-204.24	108	42	15
-319.80	108	45	15
0.00	108	49	9
0.00	108	49	10
0.00	108	50	9
-102.19	108	74	9
-102.19	108	74	10
-54.75	108	75	9
-476.76	108	76	14
-2079.72	108	78	9
-2079.72	108	78	10
0.00	109	43	15
-514.13	109	48	14
0.00	109	52	9
-53.64	109	59	9
-53.64	109	59	10
-73.92	109	61	9
-73.92	109	61	10
-273.78	109	63	9
-273.78	109	63	10
0.00	109	67	14
0.00	109	75	9
0.00	109	75	10
0.00	110	55	10
-109.51	110	59	9
-109.51	110	59	10
-177.96	110	65	10
-13.34	110	74	9
-13.34	110	74	10
-90.87	111	50	9
-90.87	111	50	10
-27.37	111	55	9
-27.37	111	55	10
-62.97	111	60	9
-62.97	111	60	10
-82.13	111	61	9
-82.13	111	61	10
-20.53	111	64	9
-20.53	111	64	10
-34.22	111	65	9
-34.22	111	65	10
-82.13	111	66	12
-301.16	111	67	12
-24.64	112	50	9
-24.64	112	50	10
0.00	112	50	15
0.00	112	51	9
-1437.37	112	53	10
0.00	112	60	9
0.00	112	60	10
-102.66	112	64	9
-102.66	112	64	10
-68.44	112	68	12
-27.37	113	52	9
0.00	113	53	9
0.00	113	53	10
-95.82	113	56	9
-95.82	113	56	10
-54.75	113	64	9
-54.75	113	64	10
-529.48	113	71	12
-20.53	114	52	9
-68.44	114	54	9
-95.74	114	54	10
-27.29	114	54	14
-27.29	114	54	15
-41.06	114	55	9
-41.06	114	55	10
-34.22	114	57	9
-34.22	114	57	10
0.00	114	60	10
-1505.82	114	63	9
-1505.82	114	63	10
-109.51	114	70	12
-699.35	114	72	14
-540.96	115	50	14
-1873.91	115	50	15
-6.84	115	52	14
-6.84	115	52	15
-93.02	115	57	9
-93.02	115	57	10
-700.91	115	60	14
-418.32	115	65	9
-138.93	116	51	14
0.00	116	51	15
0.00	116	57	9
-0.27	116	61	9
-0.27	116	61	10
-60.62	116	64	9
-60.62	116	64	10
-195.65	116	65	9
-195.65	116	65	10
-88.82	116	66	14
-88.82	116	66	15
0.00	116	71	12
0.00	117	58	9
0.00	117	58	10
-171.11	117	62	9
-171.11	117	62	10
-164.11	117	69	10
0.00	117	71	14
-272.87	118	53	15
-20.53	118	58	9
-20.53	118	58	10
-337.51	118	59	14
0.00	119	53	15
-166.26	119	57	14
-273.78	120	58	14
-54.75	121	59	14
0.00	121	62	14
-521.50	121	63	14
