-140.30	14	113	2
-21.90	15	87	2
-464.21	15	105	2
-348.14	15	107	2
-230.05	15	122	3
-7.32	16	70	1
-2.01	16	70	3
0.00	16	71	1
0.00	16	72	1
-5.86	16	72	4
0.00	16	73	1
-0.27	16	74	5
-328.54	16	85	3
-24.83	16	107	2
-58.31	17	65	4
0.00	17	69	1
0.00	17	70	2
-104.70	17	70	4
0.00	17	78	1
-212.21	17	97	2
-212.21	17	97	3
0.00	17	99	2
-303.79	18	68	4
-303.79	18	68	5
-303.79	18	68	6
0.00	18	69	4
0.00	18	69	6
0.00	18	73	1
0.00	18	73	4
-50.55	18	73	6
-653.04	18	74	4
0.00	18	75	4
0.00	18	78	1
-60.99	18	79	1
-1071.79	18	84	2
-277.31	18	96	2
-277.31	18	96	3
-62.61	19	54	4
0.00	19	67	1
0.00	19	67	4
-558.96	19	67	6
-244.40	19	68	4
0.00	19	72	1
0.00	19	73	1
-1911.27	19	73	6
-2117.72	19	74	1
-3137.11	19	74	6
0.00	19	79	1
-107.47	19	79	2
-107.47	19	79	3
-2596.68	19	80	1
0.00	19	97	2
-644.79	19	97	3
-1117.21	20	53	4
-234.90	20	54	1
0.00	20	65	1
-586.72	20	65	4
-967.44	20	73	1
-12.32	20	73	2
0.00	20	73	4
-27.37	20	74	1
0.00	20	74	2
0.00	20	74	4
0.00	20	77	1
0.00	20	79	1
-150.05	20	79	2
0.00	20	79	3
-497.55	20	79	4
0.00	20	80	1
0.00	20	80	3
-180.44	21	41	4
-30.88	21	46	4
-99.15	21	49	3
-99.15	21	49	4
-99.15	21	49	5
-99.15	21	49	6
0.00	21	50	4
-222.67	21	50	5
-222.67	21	50	6
0.00	21	54	4
-923.87	21	55	4
-519.07	21	60	4
0.00	21	62	1
0.00	21	65	1
0.00	21	66	4
-463.57	21	66	5
-1550.61	21	66	6
0.00	21	67	2
0.00	21	74	2
-6.84	21	75	1
0.00	21	76	1
0.00	21	76	5
0.00	21	76	6
0.00	21	76	7
0.00	21	77	1
0.00	21	79	1
0.00	21	80	1
-62.14	21	116	3
-727.84	21	122	3
-727.84	21	122	4
-485.76	21	123	3
-485.76	21	123	4
0.00	22	27	5
0.00	22	27	6
0.00	22	33	4
-763.65	22	33	6
0.00	22	41	4
-173.32	22	42	4
-184.95	22	48	6
0.00	22	52	1
0.00	22	63	1
0.00	22	68	2
0.00	22	68	4
-1276.18	22	74	4
-2095.26	22	74	8
0.00	22	76	1
0.00	22	79	1
0.00	22	79	4
-152.45	23	25	11
-106.49	23	33	10
-238.04	23	40	3
0.00	23	50	6
0.00	23	54	4
-152.29	23	61	4
0.00	23	67	1
0.00	23	67	4
0.00	23	67	5
0.00	23	69	4
-1549.90	23	74	4
0.00	23	76	2
0.00	23	77	1
0.00	23	79	1
0.00	23	80	1
-744.78	23	82	3
-1737.61	23	90	3
0.00	24	23	6
-188.19	24	29	5
0.00	24	29	10
0.00	24	29	11
0.00	24	31	6
-553.35	24	32	6
0.00	24	40	1
-1848.60	24	40	3
0.00	24	41	1
-42.40	24	44	4
-42.40	24	44	5
0.00	24	51	1
-205.94	24	55	4
0.00	24	62	1
0.00	24	63	1
-940.58	24	67	4
-1423.03	24	68	6
0.00	24	69	4
-270.56	24	69	5
-270.56	24	69	6
0.00	24	70	2
0.00	24	74	4
-156.56	24	74	8
-327.85	24	75	4
-327.85	24	75	5
-327.85	24	75	6
0.00	24	80	1
0.00	24	86	1
-39.28	24	100	3
-70.90	24	101	2
-122.36	24	117	4
-96.56	25	16	8
-50.13	25	17	8
-53.41	25	23	11
0.00	25	24	6
-720.44	25	26	11
0.00	25	30	5
-154.84	25	30	6
-479.84	25	32	6
-553.40	25	34	6
0.00	25	39	3
-563.40	25	43	4
0.00	25	43	5
-57.51	25	49	6
0.00	25	50	1
0.00	25	51	1
0.00	25	52	1
0.00	25	54	1
0.00	25	61	1
0.00	25	62	1
0.00	25	63	1
0.00	25	67	1
0.00	25	68	1
-498.09	25	70	4
0.00	25	71	2
0.00	25	74	4
0.00	25	75	4
0.00	25	81	1
0.00	25	85	1
0.00	25	86	1
-77.27	26	17	8
-19.23	26	18	8
-142.88	26	23	10
-142.88	26	23	11
-127.94	26	30	5
-127.94	26	30	6
0.00	26	40	3
-188.59	26	40	5
0.00	26	41	1
0.00	26	42	1
0.00	26	50	1
0.00	26	51	1
0.00	26	52	1
0.00	26	54	2
0.00	26	62	1
0.00	26	63	1
0.00	26	67	1
0.00	26	68	1
0.00	26	69	1
0.00	26	71	4
-11.99	26	73	4
0.00	26	75	4
0.00	26	80	1
0.00	26	81	1
0.00	26	84	1
0.00	26	85	1
0.00	26	86	1
-127.18	26	96	2
-10.02	27	18	8
-2096.58	27	19	10
-507.21	27	29	6
-109.51	27	41	1
-1724.84	27	42	1
-328.54	27	45	1
-914.32	27	46	1
0.00	27	48	1
0.00	27	51	1
0.00	27	58	1
0.00	27	59	3
-136.75	27	59	4
0.00	27	61	1
0.00	27	62	1
0.00	27	63	1
0.00	27	63	11
0.00	27	65	1
0.00	27	69	1
0.00	27	70	1
-1028.78	27	74	4
-1028.78	27	74	5
0.00	27	74	6
-1028.78	27	74	8
0.00	27	75	2
0.00	27	76	1
0.00	27	76	2
-1792.26	27	76	12
0.00	27	82	1
0.00	27	83	1
0.00	27	84	1
0.00	27	85	1
-247.47	27	91	3
-16.11	28	12	10
-436.05	28	19	8
-319.62	28	20	8
-32.85	28	31	5
-324.35	28	31	6
-216.31	28	31	11
-46.54	28	34	1
0.00	28	34	5
0.00	28	35	5
0.00	28	39	1
-280.62	28	46	1
-109.51	28	46	4
-903.49	28	48	1
-800.82	28	49	1
-41.06	28	50	1
-87.46	28	52	4
0.00	28	61	1
0.00	28	63	1
0.00	28	64	1
0.00	28	65	1
0.00	28	66	1
0.00	28	68	1
0.00	28	69	1
0.00	28	70	1
-359.51	28	72	4
-359.51	28	72	5
-359.51	28	72	6
-63.10	28	74	4
-63.10	28	74	6
-63.10	28	74	8
0.00	28	81	1
0.00	28	82	1
0.00	28	83	1
0.00	28	84	1
0.00	28	85	1
-453.52	28	98	3
-3.70	28	99	3
-76.36	28	101	3
-1197.44	28	108	3
-20.60	28	113	2
-452.96	28	113	3
-276.06	29	12	11
-22.93	29	13	10
-21.70	29	14	10
-253.68	29	19	11
-368.70	29	21	8
-196.35	29	22	8
0.00	29	30	6
-748.96	29	34	6
-177.96	29	42	1
-1067.76	29	42	4
0.00	29	43	3
-164.27	29	43	4
0.00	29	44	1
-1350.04	29	44	4
0.00	29	45	1
-821.35	29	45	3
-4052.36	29	45	4
-1771.39	29	46	1
-109.51	29	46	3
-739.22	29	46	4
-2669.40	29	47	1
-3325.11	29	48	1
-1495.59	29	49	1
0.00	29	50	1
-68.44	29	50	3
0.00	29	54	1
0.00	29	61	1
0.00	29	62	1
0.00	29	63	1
0.00	29	65	1
0.00	29	66	1
0.00	29	66	4
0.00	29	67	1
0.00	29	68	1
0.00	29	69	1
0.00	29	70	1
-747.40	29	70	4
0.00	29	71	1
0.00	29	73	1
-228.00	29	76	4
0.00	29	78	3
0.00	29	79	4
0.00	29	82	1
0.00	29	83	1
0.00	29	85	1
-616.34	29	108	2
-1315.23	29	108	3
-273.78	29	109	3
-150.58	29	112	2
-20.17	30	13	10
-699.82	30	13	11
-71.15	30	14	10
-107.86	30	15	11
-114.03	30	16	10
-57.88	30	17	9
-30.12	30	18	9
-268.27	30	19	10
-223.68	30	22	8
-113.89	30	35	5
-191.65	30	36	4
-41.06	30	36	5
-136.74	30	37	5
-344.37	30	37	6
-349.64	30	37	7
-410.67	30	43	1
0.00	30	43	3
-752.90	30	43	4
-1382.61	30	44	4
-479.12	30	45	1
-1806.98	30	45	4
-944.55	30	46	1
-1444.21	30	46	4
-2067.07	30	47	1
0.00	30	47	3
-629.70	30	47	4
-451.74	30	48	1
-714.74	30	48	4
-27.37	30	49	1
0.00	30	50	1
0.00	30	61	1
0.00	30	62	1
0.00	30	66	1
0.00	30	67	1
0.00	30	68	1
0.00	30	69	1
0.00	30	74	2
-700.20	30	78	4
0.00	30	79	2
0.00	30	83	1
-132.99	30	83	3
0.00	30	84	1
0.00	30	85	1
-173.93	30	119	2
-340.62	31	14	11
-498.75	31	15	10
-114.81	31	16	10
-139.56	31	18	9
-200.32	31	19	9
-174.13	31	20	9
-84.95	31	24	8
0.00	31	31	6
-109.51	31	35	5
-213.55	31	35	6
-71.18	31	36	5
0.00	31	36	6
-1416.94	31	41	4
-2012.32	31	43	4
-569.47	31	44	4
0.00	31	45	1
-268.30	31	45	4
-177.96	31	46	1
-232.17	31	47	4
-684.46	31	48	3
0.00	31	56	2
-264.71	31	56	4
0.00	31	60	1
0.00	31	61	1
0.00	31	62	1
0.00	31	63	1
0.00	31	67	1
0.00	31	68	1
-234.67	31	73	1
-704.01	31	74	1
0.00	31	78	2
0.00	31	79	2
-712.09	31	79	4
0.00	31	83	1
0.00	31	84	1
0.00	31	85	1
0.00	31	85	3
0.00	31	86	1
-375.08	31	109	2
-991.10	31	112	2
-165.50	31	113	2
-114.16	31	114	2
-3241.57	31	119	4
-37.56	32	15	10
-576.57	32	15	11
-135.33	32	16	10
-12996.06	32	17	10
-57.09	32	18	10
-139.27	32	20	9
-205.11	32	20	10
-118.11	32	21	9
-143.18	32	35	6
-27.37	32	36	5
0.00	32	37	5
0.00	32	38	4
-186.83	32	40	4
-95.82	32	41	4
-95.82	32	42	1
-471.35	32	42	4
0.00	32	42	5
0.00	32	43	1
-2889.19	32	43	4
0.00	32	44	1
-369.61	32	44	4
-13.68	32	45	1
-109.51	32	45	4
0.00	32	46	4
-27.37	32	47	3
0.00	32	47	4
-164.27	32	49	4
-47.91	32	50	1
0.00	32	54	1
0.00	32	60	1
0.00	32	63	1
-32.24	32	64	4
0.00	32	66	1
0.00	32	67	1
0.00	32	68	1
-690.43	32	71	4
0.00	32	72	1
0.00	32	79	1
0.00	32	80	2
0.00	32	81	2
0.00	32	83	1
0.00	32	84	1
0.00	32	85	1
-91.94	32	98	3
-979.41	32	119	4
-355.92	33	15	11
-212.04	33	16	10
-51.06	33	17	10
-81.70	33	18	10
-118.11	33	20	10
0.00	33	33	6
-27.37	33	35	6
-41.06	33	37	5
0.00	33	37	6
-136.89	33	39	5
0.00	33	44	4
0.00	33	47	1
0.00	33	58	1
0.00	33	60	1
0.00	33	63	1
0.00	33	67	1
0.00	33	68	1
0.00	33	69	1
0.00	33	70	4
0.00	33	71	1
0.00	33	73	1
-419.59	33	89	3
-99.47	33	110	3
-189.75	33	112	2
-461.15	34	15	11
-27.77	34	16	11
-107.89	34	17	10
-305.11	34	18	10
-121.59	34	19	10
-110.11	34	20	10
-133.80	34	23	9
-5156.72	34	25	10
0.00	34	33	6
-544.07	34	36	6
0.00	34	40	5
0.00	34	42	4
-343.32	34	43	6
-508.70	34	46	6
-252.14	34	46	7
-3947.31	34	61	3
0.00	34	68	1
0.00	34	69	1
0.00	34	70	1
0.00	34	71	1
0.00	34	72	1
0.00	34	73	1
-282.45	34	73	3
-282.45	34	73	4
-571.57	34	73	6
-158.12	34	74	4
0.00	34	75	3
-153.94	34	76	2
0.00	34	78	1
0.00	34	78	2
-364.94	34	82	4
-264.36	34	93	3
-287.47	34	109	2
-342.23	34	110	2
-273.78	34	111	2
-260.09	34	112	2
-123.20	34	113	2
-1058.56	35	15	11
-98.02	35	16	11
-273.49	35	17	11
-451.54	35	19	10
-295.20	35	20	10
-246.16	35	21	11
-157.87	35	22	9
-113.95	35	23	9
0.00	35	36	6
0.00	35	46	5
0.00	35	50	5
-62.61	35	52	5
-1154.66	35	52	6
0.00	35	52	7
-7.11	35	60	3
0.00	35	61	3
0.00	35	61	4
-57.42	35	62	3
0.00	35	63	1
-30.11	35	63	3
-1476.36	35	63	4
0.00	35	65	1
0.00	35	65	3
0.00	35	66	1
-88.98	35	66	2
-88.98	35	66	3
-499.65	35	67	1
-260.09	35	67	2
-212.18	35	67	3
-29.56	35	68	1
0.00	35	69	1
0.00	35	70	1
0.00	35	71	1
0.00	35	71	2
-22.74	35	71	3
0.00	35	72	1
0.00	35	73	1
-424.93	35	76	3
0.00	35	77	1
0.00	35	78	1
-171.97	35	83	4
0.00	35	84	1
-394.25	35	92	3
-242.59	35	102	3
-725.53	35	109	2
-240.93	35	110	2
-586.56	35	111	2
-96.85	35	116	3
-138.26	35	120	3
-70.96	35	121	2
-888.68	35	122	3
-94.03	36	15	11
-87.26	36	16	11
-170.09	36	17	11
-413.25	36	18	11
-267.62	36	19	11
-233.93	36	20	10
-86.68	36	20	11
-283.08	36	21	10
-202.50	36	22	10
0.00	36	25	9
0.00	36	36	8
-1126.79	36	40	6
0.00	36	42	6
0.00	36	43	6
0.00	36	44	6
0.00	36	46	5
0.00	36	50	6
-1.65	36	52	5
0.00	36	52	6
-123.20	36	55	4
-205.33	36	56	4
-523.13	36	57	4
-449.69	36	59	4
-230.74	36	61	3
0.00	36	61	4
-125.82	36	62	4
-125.82	36	62	6
-268.36	36	64	4
0.00	36	64	6
0.00	36	65	1
-157.07	36	65	3
0.00	36	66	1
-109.49	36	66	3
-1351.29	36	67	4
0.00	36	69	1
0.00	36	70	1
0.00	36	70	4
0.00	36	71	1
0.00	36	72	1
0.00	36	73	1
-56.93	36	105	3
-314.85	36	109	2
-424.36	36	110	2
-49.28	36	111	2
-110.88	36	115	3
-83.50	36	117	3
-136.01	36	119	2
-75.56	36	120	3
-1146.52	37	15	11
-439.20	37	18	11
-252.04	37	19	11
-342.45	37	20	11
-197.26	37	21	10
-134.75	37	21	11
-206.01	37	22	10
-51.48	37	23	10
-67.08	37	26	9
0.00	37	40	6
-107.43	37	41	6
-106.43	37	41	7
0.00	37	41	10
0.00	37	41	11
0.00	37	42	6
-31.51	37	42	8
-1306.98	37	43	6
-720.00	37	44	6
0.00	37	45	5
0.00	37	45	6
0.00	37	46	5
-10.85	37	46	6
-9.30	37	48	6
0.00	37	52	5
-506.50	37	55	4
-520.19	37	56	4
-1389.82	37	59	4
-1393.42	37	61	3
-460.86	37	61	4
0.00	37	61	6
0.00	37	62	3
0.00	37	64	2
0.00	37	65	1
-77.75	37	65	3
0.00	37	66	1
-424.36	37	66	3
0.00	37	68	1
0.00	37	69	1
0.00	37	70	1
0.00	37	71	1
0.00	37	72	1
0.00	37	73	1
0.00	37	74	1
0.00	37	75	1
0.00	37	77	1
-56.39	37	85	2
-824.09	37	85	3
-358.65	37	112	2
-136.89	37	114	2
-355.92	37	114	3
-319.34	37	117	2
-212.89	37	118	2
-118.27	37	119	2
-86.78	37	120	3
-89.06	38	15	11
-37.81	38	17	11
-1728.40	38	19	11
-298.28	38	20	11
-119.62	38	21	11
-404.72	38	22	11
-77.18	38	23	10
-128.79	38	23	11
-145.66	38	24	10
-54.06	38	25	10
-123.25	38	26	9
-58.32	38	27	9
-0.99	38	46	6
0.00	38	47	6
0.00	38	47	7
-144.45	38	49	6
-144.45	38	49	7
-144.45	38	49	8
-567.61	38	52	6
-511.05	38	56	6
0.00	38	57	4
0.00	38	60	4
-158.62	38	60	6
-1708.63	38	61	4
-1157.19	38	62	3
-580.77	38	62	4
-0.27	38	63	1
-49.69	38	63	3
-228.76	38	63	4
-482.24	38	64	4
-3202.97	38	64	11
0.00	38	65	1
-191.65	38	65	3
-127.31	38	66	3
0.00	38	66	4
0.00	38	67	1
0.00	38	67	3
-440.74	38	67	4
-63.40	38	68	3
0.00	38	69	1
-1902.27	38	69	4
0.00	38	70	1
-36.03	38	71	1
0.00	38	72	1
0.00	38	73	1
0.00	38	74	1
0.00	38	74	3
0.00	38	75	1
-27.37	38	75	2
-27.37	38	75	3
0.00	38	82	2
0.00	38	85	2
-588.63	38	85	3
-465.43	38	104	3
-1199.18	38	115	3
-10.95	38	116	3
-143.73	38	117	2
-492.92	38	118	2
-354.27	38	121	3
-231.84	39	15	10
-371.99	39	16	11
-333.62	39	17	11
-444.34	39	18	11
-188.37	39	19	11
-375.24	39	20	11
-160.59	39	21	11
-29.59	39	22	11
-802.18	39	23	11
-182.77	39	24	10
-47.30	39	24	11
-31.44	39	25	10
-90.48	39	26	10
-75.50	39	27	9
-34.05	39	28	9
0.00	39	37	6
0.00	39	40	6
-962.43	39	40	8
0.00	39	43	6
0.00	39	48	6
0.00	39	49	6
-2.73	39	51	6
0.00	39	52	5
-902.46	39	52	6
-4.92	39	53	6
0.00	39	55	4
0.00	39	57	4
-29148.87	39	60	4
-1705.05	39	60	6
-3054.48	39	61	4
0.00	39	62	3
0.00	39	62	4
0.00	39	63	1
0.00	39	63	3
-2509.88	39	65	4
-197.28	39	66	3
-1556.12	39	66	4
-1069.00	39	67	4
0.00	39	68	3
-1085.89	39	68	4
-30.66	39	72	1
-386.03	39	72	3
0.00	39	72	4
0.00	39	73	1
0.00	39	75	1
-698.15	39	75	3
0.00	39	76	1
-1797.88	39	76	3
0.00	39	77	1
-1106.56	39	77	2
-256.29	39	77	3
-153.54	39	78	2
-113.13	39	78	3
-6.86	39	80	4
-6.86	39	80	8
0.00	39	84	1
-122.87	39	84	3
-930.87	39	87	2
-1530.45	39	102	3
-1388.09	39	103	3
-2190.28	39	105	3
-553.94	39	107	3
-837.67	39	114	3
-113.62	39	115	3
-8.21	39	117	3
-32.85	39	118	2
-121.28	39	119	3
-126.25	40	16	10
-323.42	40	17	11
-1047.89	40	18	11
-165.88	40	19	11
-187.29	40	20	11
-523.96	40	21	11
-334.56	40	22	11
-101.02	40	23	11
-195.28	40	24	11
-111.41	40	25	10
-353.95	40	25	11
-220.14	40	26	10
-62.22	40	27	11
-53.11	40	30	9
-115.96	40	40	8
0.00	40	41	8
0.00	40	42	6
0.00	40	43	6
-54.75	40	44	6
-82.13	40	45	6
-109.51	40	46	6
0.00	40	47	6
-107.73	40	47	7
-5.74	40	48	6
0.00	40	51	6
-2.05	40	52	5
-98.33	40	52	6
0.00	40	53	5
0.00	40	53	6
0.00	40	56	5
0.00	40	57	4
-248.03	40	57	6
0.00	40	59	4
-357.60	40	59	6
-944.07	40	60	4
-1204.13	40	60	6
-136.78	40	61	4
-2166.43	40	62	4
-1609.21	40	62	6
-85.76	40	63	4
0.00	40	64	3
-5588.57	40	65	4
-986.29	40	65	6
0.00	40	66	1
0.00	40	66	2
0.00	40	66	3
-12.32	40	66	4
-0.79	40	67	1
-16.42	40	67	3
-829.99	40	67	4
-3701.97	40	68	4
-418.15	40	69	4
0.00	40	72	1
-386.03	40	72	3
0.00	40	72	4
-181.93	40	74	1
-95.82	40	74	3
0.00	40	75	1
-13.68	40	75	2
-438.05	40	75	3
-0.13	40	75	5
-0.13	40	75	6
0.00	40	76	1
-2035.73	40	76	3
0.00	40	83	1
-84.63	40	83	2
-52.65	40	83	3
0.00	40	86	1
-917.18	40	86	2
-273.78	40	86	3
-3466.14	40	87	2
-457.22	40	88	2
-558.52	40	88	3
-2025.46	40	102	2
-1245.72	40	102	3
-1541.41	40	103	3
-410.67	40	104	3
-191.65	40	105	3
-465.43	40	106	3
-54.75	40	115	3
-103.49	40	117	3
-43.80	40	118	3
-131.41	40	120	3
-436.44	41	18	10
-599.82	41	18	11
-161.61	41	19	11
-99.82	41	20	11
-325.72	41	21	11
-666.53	41	22	11
-229.39	41	23	11
-541.24	41	24	11
-565.09	41	25	11
-193.53	41	26	10
-184.42	41	26	11
-210.63	41	27	9
-138.84	41	27	10
-39.66	41	31	9
-3.13	41	36	5
-3.13	41	36	6
-3.13	41	36	7
0.00	41	38	6
-82.13	41	43	6
0.00	41	44	6
-41.06	41	45	6
-1089.72	41	47	6
0.00	41	49	6
-1119.13	41	50	6
0.00	41	52	6
-821.61	41	56	6
-1144.72	41	58	6
-22.45	41	59	4
-33.94	41	59	5
-33.94	41	59	6
-4.99	41	60	4
-0.05	41	60	6
-4.99	41	61	4
-37.19	41	62	4
-136.89	41	63	4
0.00	41	64	4
-87.61	41	65	4
-19.16	41	66	4
-863.29	41	66	10
-863.29	41	66	11
-1530.29	41	67	4
-64.41	41	68	3
-1.99	41	68	4
-75.55	41	69	4
0.00	41	70	1
-1871.40	41	70	4
0.00	41	74	1
-328.54	41	74	2
0.00	41	74	3
0.00	41	75	1
-183.84	41	75	2
-1074.09	41	75	3
0.00	41	76	1
-27.37	41	76	2
-1048.14	41	76	3
0.00	41	83	2
0.00	41	84	2
-355.92	41	86	2
-2182.14	41	87	2
-520.19	41	87	3
-1875.42	41	88	2
-1040.38	41	102	2
-889.80	41	103	2
-301.16	41	104	3
-873.37	41	105	3
-410.67	41	106	3
-314.85	41	114	2
-273.78	41	114	3
-406.57	41	117	2
-225.05	41	118	2
-181.40	42	16	10
-232.41	42	19	10
-74.77	42	19	11
-478.57	42	20	11
-192.52	42	21	11
-438.63	42	22	11
-333.05	42	23	11
-225.61	42	24	11
-383.11	42	25	11
-394.38	42	26	11
-333.42	42	27	10
-198.80	42	27	11
-123.20	42	28	11
-58.67	42	29	9
-105.09	42	31	10
0.00	42	32	10
-91.00	42	32	11
-15.65	42	34	8
-1583.19	42	38	6
0.00	42	39	6
-49.28	42	40	6
-4.10	42	41	6
-27.37	42	43	6
-13.85	42	52	6
-1190.69	42	55	6
-139.66	42	55	8
0.00	42	57	6
-609.54	42	59	6
-797.57	42	59	8
-1412.48	42	61	6
-7.88	42	62	4
-69.65	42	63	4
-225.25	42	64	4
0.00	42	64	6
-648.73	42	65	4
-2607.80	42	65	6
-513.66	42	65	8
-423.87	42	66	4
-990.96	42	66	6
-2205.66	42	67	4
-189.67	42	67	6
-0.82	42	68	4
-2344.27	42	70	4
0.00	42	71	3
-2391.18	42	71	4
-1027.39	42	72	4
-3557.33	42	73	4
-2852.66	42	74	4
-452.51	42	75	4
0.00	42	78	8
-17.33	42	85	2
-17.33	42	85	3
0.00	42	87	1
-377.81	42	87	2
-1060.17	42	88	2
-328.54	42	89	2
-164.27	42	90	2
-385.76	42	91	2
-3577.89	42	92	2
-246.40	42	104	2
-547.57	42	104	3
-1469.10	42	115	3
-636.04	42	116	3
-237.37	42	117	2
-177.41	42	119	2
-154.19	43	15	10
-259.54	43	18	9
-33.88	43	19	10
-35.89	43	19	11
-238.79	43	20	10
-86.46	43	20	11
-180.33	43	21	11
-453.95	43	22	11
-204.37	43	23	11
-31.35	43	24	11
-225.74	43	25	11
-631.24	43	26	11
-373.84	43	27	11
-240.01	43	28	10
-105.10	43	29	10
-158.09	43	30	9
-167.77	43	31	9
-145.07	43	31	10
-301.16	43	32	9
0.00	43	32	10
-158.24	43	34	8
-13.68	43	40	6
0.00	43	43	6
0.00	43	46	5
-22.17	43	46	6
-22.17	43	46	7
-1315.45	43	48	6
0.00	43	52	6
-1859.93	43	53	6
0.00	43	55	5
0.00	43	55	6
0.00	43	57	6
0.00	43	58	5
0.00	43	58	6
0.00	43	59	5
0.00	43	60	6
-4.59	43	62	4
-63.95	43	62	6
-63.95	43	62	7
0.00	43	62	10
0.00	43	62	11
0.00	43	63	4
0.00	43	63	6
-540.00	43	64	10
-540.00	43	64	11
-111.51	43	65	4
-203.95	43	66	4
-661.39	43	66	6
0.00	43	67	4
0.00	43	68	4
-587.97	43	68	6
-0.82	43	69	4
-39.61	43	69	8
0.00	43	70	4
0.00	43	71	1
-2158.87	43	71	4
-744.03	43	71	6
-54.55	43	76	4
0.00	43	78	1
-368.74	43	78	8
0.00	43	81	3
-657.08	43	84	2
0.00	43	87	1
0.00	43	88	1
-821.35	43	88	2
-328.54	43	89	2
-999.31	43	90	2
-301.16	43	91	2
-164.27	43	104	2
-232.71	43	105	2
-246.40	43	107	3
0.00	43	108	3
-492.38	43	110	3
-480.16	43	115	3
-16.42	43	116	2
-848.85	43	116	3
-303.57	43	119	2
-167.83	43	119	3
-112.16	44	19	9
-324.79	44	21	10
-104.33	44	22	11
-386.85	44	23	11
-140.83	44	24	11
-31.99	44	25	10
-468.22	44	25	11
-677.90	44	26	11
-452.75	44	27	11
-657.33	44	28	11
-91.89	44	29	11
-82.08	44	30	9
-274.25	44	30	10
-106.44	44	33	10
-130.81	44	33	11
0.00	44	34	10
-611.91	44	42	6
-1381.24	44	42	7
0.00	44	52	6
0.00	44	53	6
-793.46	44	54	6
0.00	44	54	10
0.00	44	54	11
0.00	44	55	5
0.00	44	55	6
0.00	44	56	6
0.00	44	57	6
0.00	44	58	6
0.00	44	59	6
0.00	44	61	6
-682.02	44	62	6
-96.53	44	63	10
-96.53	44	63	11
-252.55	44	64	6
-31.90	44	65	4
-83.25	44	65	5
-1294.17	44	65	6
-15.94	44	66	4
-130.40	44	67	4
-625.61	44	67	6
-625.61	44	67	7
-0.54	44	68	4
-1899.26	44	69	6
0.00	44	69	8
-51.74	44	70	4
-1055.79	44	70	6
-714.74	44	71	4
-335.61	44	71	6
0.00	44	72	2
0.00	44	76	6
-710.51	44	82	2
-185.73	44	82	4
0.00	44	88	1
0.00	44	89	1
0.00	44	90	1
-362.60	44	93	3
-151.40	44	95	3
-219.02	44	103	3
-1.23	44	107	2
-8.21	44	109	2
-273.78	44	110	3
-458.63	44	115	3
-866.72	44	116	3
-70.96	44	119	2
-41.06	44	120	3
-38.32	44	121	3
-75.16	45	20	9
-182.77	45	22	10
-159.79	45	22	11
-188.47	45	23	11
-239.67	45	24	11
-95.60	45	25	10
-911.87	45	25	11
-265.81	45	26	10
-614.83	45	26	11
-75.18	45	27	10
-59.29	45	27	11
-204.85	45	28	10
-41.30	45	29	10
-460.37	45	30	10
-40.67	45	31	11
0.00	45	33	10
-297.84	45	34	8
0.00	45	45	5
-1282.03	45	51	6
-195.48	45	53	6
0.00	45	54	6
-669.32	45	55	6
0.00	45	56	6
0.00	45	57	5
0.00	45	57	6
0.00	45	58	6
-4078.46	45	59	6
0.00	45	59	8
-492.51	45	60	6
-1421.04	45	61	6
-2746.13	45	62	6
0.00	45	62	10
0.00	45	62	11
-1224.98	45	63	6
-1800.69	45	64	6
0.00	45	66	5
0.00	45	67	5
0.00	45	68	5
-13.68	45	69	1
-57.49	45	70	4
0.00	45	70	5
-2762.75	45	70	6
-2759.30	45	71	4
-1027.71	45	71	6
-1202.63	45	72	4
-581.29	45	72	6
-159.39	45	86	3
0.00	45	89	1
0.00	45	90	1
0.00	45	91	1
-692.76	45	103	3
-136.89	45	104	3
-1378.32	45	115	2
-1145.29	45	116	3
-275.97	45	117	2
-216.83	45	118	2
-63.08	45	119	2
-65.29	46	20	9
-195.35	46	24	11
-26.42	46	25	11
-173.65	46	26	11
-156.58	46	27	10
-36.26	46	27	11
-246.40	46	28	10
-1240.46	46	29	10
-222.17	46	29	11
-22.46	46	30	10
-47.68	46	30	11
-51.98	46	32	9
-78.37	46	32	11
-38.93	46	34	9
-28.06	46	34	10
0.00	46	41	5
-177.96	46	50	6
-1.97	46	53	6
-1369.14	46	54	6
0.00	46	55	6
0.00	46	57	6
0.00	46	58	6
0.00	46	59	5
-174.51	46	59	6
-466.25	46	59	8
-3673.51	46	60	6
-0.53	46	61	6
-1364.78	46	63	6
-101.67	46	64	6
-981.26	46	66	6
-891.21	46	67	6
-324.96	46	67	7
-227.84	46	69	6
0.00	46	70	4
0.00	46	71	4
-195.37	46	71	6
-1537.25	46	72	4
-1844.84	46	72	6
0.00	46	73	6
-495.36	46	74	8
0.00	46	80	4
-159.39	46	86	3
0.00	46	89	1
0.00	46	90	1
0.00	46	91	1
0.00	46	92	1
0.00	46	93	2
-391.51	46	106	3
-36.91	46	107	3
-492.81	46	108	3
-151.12	46	109	2
-240.93	46	109	3
-210.07	46	115	3
-264.71	46	116	3
-328.54	46	117	2
-147.84	46	118	2
-118.36	47	22	9
-348.96	47	24	9
-129.54	47	24	10
-382.10	47	25	10
-220.18	47	26	11
-4.97	47	27	11
-283.98	47	28	10
-316.71	47	28	11
-73.98	47	29	10
-24.35	47	30	10
-102.22	47	30	11
-21.25	47	31	10
-26.54	47	31	11
-294.35	47	33	10
-152.63	47	36	8
0.00	47	49	5
-1565.86	47	49	6
0.00	47	53	6
0.00	47	54	6
0.00	47	55	6
0.00	47	56	6
0.00	47	57	6
0.00	47	58	6
-829.56	47	59	8
-685.89	47	60	6
0.00	47	61	6
-639.83	47	62	6
0.00	47	64	6
-921.37	47	67	6
-5587.30	47	72	4
0.00	47	72	6
0.00	47	73	4
0.00	47	73	5
-206.29	47	74	4
-26.18	47	86	3
-8.98	47	87	3
0.00	47	88	1
0.00	47	90	1
-273.78	47	104	3
-329.91	47	105	2
-276.24	47	106	3
-1.23	47	107	3
-123.20	47	109	3
-1.36	47	110	3
-874.74	47	117	2
-554.41	47	118	2
-295.68	47	119	2
0.00	47	120	2
0.00	48	23	9
0.00	48	23	10
-72.05	48	27	10
-419.52	48	27	11
-29.34	48	28	10
-35.86	48	28	11
-56.78	48	29	10
-380.88	48	30	11
-23.70	48	31	10
-57.46	48	33	10
0.00	48	36	10
0.00	48	54	6
-57.49	48	55	6
-1924.27	48	56	6
0.00	48	57	6
0.00	48	58	5
-2477.56	48	59	6
-209.96	48	70	6
0.00	48	72	8
-10.95	48	73	4
0.00	48	73	6
0.00	48	83	4
-69.48	48	84	3
0.00	48	90	1
0.00	48	91	1
0.00	48	92	1
0.00	48	93	1
0.00	48	94	1
-466.66	48	104	3
-125.66	48	105	2
-327.44	48	105	3
-25.87	48	106	2
-498.01	48	106	3
-594.11	48	108	3
-82.13	48	109	3
-301.16	48	112	3
-314.85	48	113	3
-161.53	48	115	2
-971.25	48	117	2
-492.81	48	118	2
0.00	48	119	2
-295.68	48	120	2
-76.93	49	27	11
-16.31	49	28	10
-131.96	49	28	11
-67.67	49	29	10
-241.41	49	29	11
-817.94	49	32	9
-50.73	49	34	9
0.00	49	39	10
-795.28	49	46	6
-5.47	49	48	6
0.00	49	54	6
0.00	49	55	6
0.00	49	57	6
-2.19	49	58	5
0.00	49	58	6
-2.19	49	59	5
0.00	49	66	8
-665.58	49	70	6
-13.68	49	71	4
0.00	49	71	6
0.00	49	72	4
0.00	49	73	4
-10.09	49	73	6
-41.06	49	80	4
-95.82	49	80	8
-9.66	49	85	3
0.00	49	86	3
0.00	49	89	4
0.00	49	93	1
0.00	49	94	1
-3.69	49	106	2
-1.23	49	106	3
-83.36	49	107	2
-136.89	49	111	3
-573.75	49	112	3
-153.32	49	114	3
-25.62	49	117	2
-716.22	49	118	2
-295.68	49	120	2
-116.19	50	26	9
-300.90	50	28	10
-2582.48	50	30	10
-39.74	50	31	10
-54.09	50	31	11
0.00	50	34	9
-565.57	50	52	6
-565.57	50	52	7
0.00	50	58	5
-875.72	50	59	6
-0.99	50	60	6
-2539.06	50	62	6
-1009.06	50	71	6
0.00	50	73	4
-20.53	50	75	1
-13.68	50	76	1
-13.68	50	76	4
-21799.24	50	80	4
0.00	50	81	4
0.00	50	85	4
-2.73	50	91	3
0.00	50	106	3
-179.19	50	108	3
-77.34	50	108	4
-82.13	50	111	2
-60.23	50	112	2
-232.71	50	112	3
-136.89	50	113	2
-82.13	50	113	3
-199.86	50	114	3
-715.29	50	119	2
-88.70	50	121	2
-150.88	51	18	9
-322.20	51	26	11
-45.10	51	28	11
-258.21	51	29	10
-127.49	51	31	9
-53.27	51	31	10
-121.30	51	32	9
-220.34	51	33	9
0.00	51	39	9
-473.70	51	40	8
0.00	51	40	10
0.00	51	47	6
0.00	51	47	7
0.00	51	57	6
0.00	51	58	6
0.00	51	58	7
0.00	51	59	5
0.00	51	60	5
-40.52	51	60	6
-102.11	51	70	6
-185.22	51	72	6
-322.02	51	74	4
-604.28	51	74	6
-233.62	51	76	8
0.00	51	77	4
0.00	51	80	4
0.00	51	80	8
0.00	51	81	3
0.00	51	82	3
-109.51	51	83	3
-49.28	51	84	3
0.00	51	85	3
-173.88	51	85	4
-85.96	51	88	3
-127.21	51	89	3
0.00	51	95	1
0.00	51	96	1
-1.36	51	107	3
-120.46	51	109	3
-325.80	51	110	2
-744.07	51	112	2
-238.19	51	113	2
-118.27	51	119	2
-742.91	51	120	2
-353.18	51	121	2
-209.99	52	18	9
0.00	52	24	10
-144.01	52	32	9
-118.23	52	33	9
0.00	52	35	10
0.00	52	52	6
0.00	52	57	5
0.00	52	58	5
0.00	52	58	6
0.00	52	59	6
-0.09	52	60	6
-2105.55	52	63	6
-211.07	52	65	6
-211.07	52	65	7
-619.93	52	68	6
-457.74	52	73	6
-1.36	52	74	6
0.00	52	76	6
0.00	52	78	4
0.00	52	79	4
-73.21	52	81	4
-284.03	52	81	7
-284.03	52	81	8
0.00	52	84	3
-198.49	52	85	3
0.00	52	86	3
-602.32	52	89	1
-722.79	52	96	1
0.00	52	97	1
-109.51	52	106	3
-208.07	52	109	3
-136.89	52	110	3
-611.53	52	112	2
-68.44	52	113	2
-49.28	52	114	3
-52.56	52	115	3
-413.96	52	118	2
-137.98	52	119	2
-92.40	52	120	2
-3342.13	53	32	11
-54.49	53	34	9
-775.51	53	44	8
0.00	53	54	5
0.00	53	59	5
-469.99	53	60	5
-234.75	53	60	6
-302.28	53	75	4
-517.38	53	75	6
-1064.23	53	76	6
0.00	53	96	1
0.00	53	97	1
-657.08	53	97	2
-0.43	53	97	3
0.00	53	98	1
-246.40	53	98	2
-191.65	53	103	3
-246.40	53	104	2
-68.50	53	105	3
-46.54	53	109	3
-169.74	53	110	3
-116.08	53	112	2
-129.77	53	113	2
-84.87	53	115	3
-354.82	53	121	2
-2916.18	54	17	10
-322.61	54	27	8
-189.33	54	28	8
-171.25	54	29	8
-108.39	54	30	8
-114.00	54	31	8
0.00	54	31	10
-17.79	54	50	5
0.00	54	59	5
0.00	54	59	6
0.00	54	60	5
0.00	54	60	6
-758.49	54	68	6
-498.38	54	77	6
-13.68	54	78	4
0.00	54	84	1
-13.68	54	84	3
0.00	54	97	1
-177.96	54	97	2
-284.73	54	98	1
-1591.46	54	98	2
-19.98	54	100	4
-191.65	54	101	2
-136.89	54	102	2
-136.89	54	102	3
-752.90	54	103	3
-532.23	54	120	2
-384.39	54	121	2
-408.92	55	15	11
-868.82	55	16	10
-843.62	55	16	11
-9.10	55	26	8
-59.57	55	30	8
-16.10	55	32	8
0.00	55	32	9
-16.33	55	33	8
0.00	55	51	6
-2.09	55	52	6
0.00	55	56	5
0.00	55	59	5
0.00	55	59	6
0.00	55	60	5
0.00	55	60	6
0.00	55	61	5
0.00	55	62	5
-2119.94	55	62	6
-131.75	55	70	6
-131.75	55	70	7
-0.27	55	78	4
-13.68	55	78	6
0.00	55	79	4
0.00	55	79	6
-1373.99	55	80	6
-6.32	55	90	4
-164.27	55	93	3
-73.82	55	94	3
-218.09	55	94	4
0.00	55	95	1
-164.27	55	95	3
0.00	55	98	1
-1008.76	55	100	2
-186.17	55	101	2
-186.17	55	101	3
-982.88	55	102	3
-109.51	55	103	3
-598.65	55	107	3
-131.41	55	108	3
-61.60	55	115	3
-474.33	55	117	2
-114.99	55	120	2
-542.09	55	121	2
-13.39	56	26	8
-24.25	56	28	8
-99.90	56	29	8
-23.87	56	30	8
-205.33	56	34	10
-27.71	56	35	8
-669.40	56	56	5
-3483.01	56	56	6
0.00	56	57	6
0.00	56	58	6
0.00	56	59	5
0.00	56	59	6
0.00	56	60	5
0.00	56	60	6
0.00	56	61	5
0.00	56	62	5
0.00	56	62	6
-329.94	56	64	6
-329.94	56	64	7
-211.45	56	79	6
-1176.47	56	80	6
-106.77	56	85	3
0.00	56	86	3
-10.95	56	87	3
-193.76	56	89	3
-440.19	56	90	3
-317.80	56	100	2
-383.30	56	100	3
-104.03	56	101	2
-150.58	56	102	2
-90.88	56	103	3
-342.23	56	106	3
-27.37	56	111	3
0.00	57	23	9
0.00	57	34	10
0.00	57	58	5
-1359.44	57	58	6
-413.83	57	59	5
0.00	57	59	6
0.00	57	60	5
-2056.64	57	60	6
0.00	57	61	5
-3481.92	57	61	6
-60.50	57	63	5
-1094.17	57	63	6
0.00	57	64	5
0.00	57	79	4
0.00	57	79	6
-349.34	57	85	3
-310.33	57	86	3
-659.12	57	87	6
0.00	57	89	3
-594.11	57	101	2
-109.51	57	101	3
-566.73	57	102	2
-676.24	57	102	3
-232.71	57	105	3
-90.42	57	108	2
-494.91	58	39	10
0.00	58	43	9
0.00	58	43	10
0.00	58	43	11
0.00	58	52	7
0.00	58	55	5
-1565.16	58	55	6
0.00	58	56	5
0.00	58	60	6
0.00	58	62	5
-22.03	58	64	5
-153.32	58	64	6
-1135.18	58	82	6
0.00	58	84	3
-139.83	58	85	12
-199.86	58	102	2
-655.25	58	102	3
-6.84	58	106	3
-334.01	58	107	3
-464.06	58	108	2
-2517.55	59	18	10
-2948.21	59	24	10
0.00	59	30	10
-25.48	59	41	8
-758.72	59	54	6
-0.54	59	58	5
0.00	59	59	5
0.00	59	60	5
-32.89	59	79	8
0.00	59	85	4
0.00	59	86	4
-161.56	59	86	6
0.00	59	92	3
-163.82	59	93	3
-82.72	59	93	4
-318.95	59	102	2
-757.01	59	102	3
-952.77	59	104	3
-759.75	59	107	2
-186.17	59	108	2
-164.27	59	110	2
-128.67	59	111	2
-8.21355e-03	60	28	8
-310.50	60	29	8
-155.25	60	30	8
-2845.62	60	48	8
-16.20	60	49	5
-16.20	60	49	6
-16.20	60	49	7
0.00	60	55	6
-587.83	60	57	6
-587.83	60	57	7
0.00	60	65	5
-576.72	60	79	6
0.00	60	83	4
0.00	60	89	1
-396.98	60	98	3
-394.25	60	100	3
-301.16	60	108	2
-42.41	60	109	2
-526.42	60	111	3
-782.09	61	29	8
0.00	61	29	10
0.00	61	30	10
-204.02	61	52	5
0.00	61	53	5
0.00	61	53	6
-123.31	61	53	7
0.00	61	60	5
-882.16	61	60	6
-1567.35	61	63	6
-1106.72	61	65	6
0.00	61	89	1
-3.94	61	90	1
0.00	61	99	3
-673.50	61	103	3
-68.44	61	104	2
-388.77	61	109	3
-1.26	61	110	3
-565.36	61	111	3
-53.92	62	41	10
-136.89	62	51	5
-123.20	62	52	5
-35.59	62	52	6
-68.44	62	53	5
0.00	62	53	6
0.00	62	58	5
0.00	62	72	7
-1320.95	62	75	6
-18.88	62	81	4
-24.91	62	82	4
0.00	62	95	1
-375.08	62	105	2
-183.43	62	106	2
-335.28	62	110	3
0.00	63	27	10
-24.64	63	51	5
-837.12	63	51	7
-837.12	63	51	8
-150.58	63	52	5
-64.43	63	53	5
0.00	63	53	6
-917.01	63	54	6
-12.16	63	59	5
-10.67	63	80	4
0.00	63	81	4
-12.38	63	83	4
-667.92	63	87	6
0.00	63	89	6
-23.27	63	100	3
-6420.26	63	102	3
-32.23	63	107	3
-369.61	63	108	3
-397.20	64	38	10
-109.51	64	51	5
-82.13	64	53	5
-498.84	64	53	6
-498.84	64	53	7
0.00	64	54	6
-124.57	64	55	6
0.00	64	63	5
-1273.18	64	63	6
-572.18	64	66	6
-898.32	64	80	6
0.00	64	86	4
0.00	64	88	6
0.00	64	105	3
-832.30	64	109	3
-2378.67	64	110	3
-109.51	65	32	10
0.00	65	33	9
0.00	65	50	6
0.00	65	50	7
-284.30	65	50	8
-2.30	65	54	5
0.00	65	61	5
0.00	65	66	5
-366.70	65	74	6
-366.70	65	74	7
-1473.88	65	79	6
-320.53	65	79	7
-58.17	65	80	1
0.00	65	82	4
0.00	65	85	4
-213.55	65	86	4
0.00	65	89	4
-8.71	65	98	3
-484.59	65	110	3
-410.67	65	111	3
-136.89	66	34	9
-95.82	66	49	6
0.00	66	54	6
-328.65	66	54	7
-369.57	66	79	6
-369.57	66	79	7
-225.85	66	100	3
-684.46	66	104	3
-82.13	67	25	10
-568.78	67	35	10
-267.47	67	39	8
-367.13	67	40	8
-27.37	67	45	6
-24.64	67	45	7
-50.84	67	52	5
-1868.26	67	54	7
-1868.26	67	54	8
0.00	67	79	6
-793.97	67	91	4
0.00	67	106	3
0.00	67	108	3
-226.14	68	23	11
-403.83	68	24	10
-226.14	68	26	10
-252.49	68	43	8
-32.85	68	44	7
-95.82	68	58	5
-1663.35	68	59	6
-1663.35	68	59	7
-21.90	68	63	5
-934.63	68	63	6
-934.63	68	63	7
-96.17	68	68	6
-288.52	68	68	7
-504.56	68	75	6
-1863.60	68	84	6
-281.99	68	89	7
-846.69	68	96	3
-72.08	68	103	3
-109.51	69	29	10
-136.89	69	30	10
0.00	69	36	9
-101.43	69	53	6
-527.54	69	65	7
-602.51	69	74	7
-89.69	69	94	14
-602.32	69	106	3
-639.69	70	24	10
-242.30	70	25	10
-1232.03	70	58	6
-214.68	70	82	6
-410.67	71	26	9
-450.51	71	26	10
-205.33	71	28	10
-410.67	71	35	10
-19.56	71	44	8
0.00	71	55	7
-296.86	71	83	9
-16.42	71	102	3
-547.57	71	104	3
-48.46	72	23	11
-3480.76	72	25	10
0.00	72	31	10
-314.85	72	34	10
-410.67	72	41	10
0.00	72	44	10
-419.80	72	55	6
-419.80	72	55	7
-419.80	72	55	8
-273.78	72	104	3
-2053.38	72	104	4
-121.15	73	23	10
-273.78	73	24	10
-1335.66	73	26	10
-726.48	73	27	10
-444.21	73	28	10
-851.47	73	29	10
0.00	73	30	10
0.00	73	31	10
-136.89	73	33	10
-273.78	73	40	10
0.00	73	41	9
-164.27	73	50	6
-1535.22	73	64	7
-634.09	73	65	7
-467.41	73	74	6
-467.41	73	74	7
-467.41	73	74	8
-2274.37	73	101	3
-118.43	73	105	3
-266.53	73	107	3
-1048.32	74	25	10
-439.56	74	27	10
-363.45	74	30	9
-484.60	74	38	10
-383.89	74	41	9
-383.89	74	41	10
-0.68	74	55	6
0.00	74	64	6
-1020.62	74	64	7
-573.04	74	83	9
-73.92	74	85	6
0.00	74	85	7
-208.07	74	108	4
0.00	74	108	14
-28.67	75	21	10
-136.89	75	26	11
-150.58	75	28	9
-205.33	75	28	10
-410.67	75	37	9
-27.37	75	48	5
-13.99	75	49	7
0.00	75	51	6
0.00	75	51	7
0.00	75	65	6
0.00	75	65	7
-638.33	75	75	6
-638.33	75	75	7
-588.80	75	89	14
-215.74	76	19	10
-54.75	76	21	10
-54.75	76	25	10
-919.91	76	27	10
-432.58	76	28	10
-984.14	76	64	7
0.00	76	86	10
0.00	76	87	9
-52.73	76	97	7
-52.73	76	97	10
-274.60	77	25	9
-201.91	77	26	9
-145.38	77	27	10
-301.16	77	28	11
-136.89	77	34	9
-136.89	77	34	10
-804.17	77	37	9
0.00	77	39	9
-60.50	77	55	6
-143.73	77	67	6
-143.73	77	67	7
0.00	77	85	9
0.00	77	85	10
-591.93	77	86	9
-591.93	77	86	10
-756.85	77	89	9
-756.85	77	89	10
-403.83	78	28	10
-471.78	78	30	9
-726.89	78	30	10
-737.67	78	31	9
-1093.59	78	31	10
-284.73	78	32	9
-284.73	78	32	10
-266.11	78	35	9
-266.11	78	35	10
0.00	78	63	7
0.00	78	63	8
-223.06	78	76	7
-223.06	78	76	8
-302.16	78	89	9
-302.16	78	89	10
-205.33	79	25	10
-819.65	79	27	10
-959.06	79	29	10
-752.49	79	30	10
-47.91	79	34	9
-47.91	79	34	10
-151.69	79	38	9
-151.69	79	38	10
-527.47	79	54	8
-71.18	79	55	8
-136.89	79	56	8
-460.80	79	65	6
-460.80	79	65	7
-462.44	79	68	7
-136.89	80	28	10
-273.78	80	29	10
-161.53	80	30	10
-260.09	80	31	9
-260.09	80	31	10
-338.12	80	32	9
-338.12	80	32	10
-219.02	80	33	10
0.00	80	41	9
0.00	80	41	10
-752.72	80	53	8
-711.78	80	53	9
-711.78	80	53	10
0.00	80	78	7
-697.95	80	78	8
-833.22	80	92	13
-68.44	81	32	9
-68.44	81	32	10
-57.49	81	35	10
-324.12	81	45	8
0.00	81	45	10
0.00	81	54	8
-193.66	81	65	6
-193.66	81	65	7
-193.66	81	65	8
0.00	81	99	14
0.00	82	30	10
-54.30	82	33	9
-339.49	82	33	10
-789.22	82	33	14
-110.88	82	35	10
-110.88	82	35	12
-95.82	82	36	10
-95.82	82	36	11
-55.58	82	47	8
-732.12	82	55	8
0.00	82	61	8
0.00	82	61	9
-1067.83	82	64	6
-208.02	82	72	7
-208.02	82	72	8
-646.77	82	73	8
-989.45	82	89	10
-1462.83	82	92	14
-1056.51	82	99	14
-123.20	83	30	14
-143.73	83	32	9
-143.73	83	32	10
0.00	83	32	11
-219.02	83	33	11
-109.51	83	34	9
-109.51	83	34	10
-30.25	83	35	9
-30.25	83	35	10
-0.68	83	57	8
-0.68	83	61	5
-0.68	83	61	6
-291.63	83	69	6
-202.66	84	30	14
-142.36	84	34	9
-142.36	84	34	10
-60.10	84	39	9
-60.10	84	39	10
0.00	84	49	10
-178.62	84	54	8
-1.36	84	58	8
-192.62	84	64	6
-192.62	84	64	7
0.00	84	65	6
-290.38	84	66	6
-290.38	84	66	8
-1129.59	84	83	9
-848.04	85	26	14
-66.68	85	31	10
-94.45	85	33	9
-94.45	85	33	10
-75.29	85	34	9
-123.20	85	34	10
-75.29	85	34	11
0.00	85	42	9
0.00	85	42	10
-715.10	85	49	9
-715.10	85	49	10
0.00	85	53	8
-0.41	85	57	8
-1075.13	85	60	8
-91.26	85	61	8
-91.26	85	61	9
-91.26	85	61	10
-194.33	85	64	6
-194.33	85	64	7
-1546.47	85	78	9
-2432.03	85	99	14
-2.73	86	25	15
0.00	86	28	10
-200.41	86	33	9
-200.41	86	33	10
-48.64	86	34	9
-379.18	86	41	10
-379.18	86	41	14
-7764.78	86	62	8
-459.16	86	64	6
-105.02	86	65	6
-101.30	86	87	5
-1111.27	86	95	14
-54.45	87	24	15
-96.09	87	33	9
-96.09	87	33	10
-24.32	87	34	9
-24.32	87	34	10
0.00	87	55	8
0.00	87	62	8
-69.22	87	64	6
-69.22	87	64	7
-464.59	87	70	8
0.00	87	100	14
-32.03	88	22	15
-95.82	88	23	15
-495.83	88	29	14
-27.37	88	34	9
-27.37	88	34	10
-53.38	88	36	11
-117.66	88	37	10
-31.59	88	37	11
-710.19	88	40	9
-710.19	88	40	10
0.00	88	49	9
0.00	88	49	10
-123.56	88	54	8
0.00	88	55	8
-1.36	88	61	8
-885.21	88	64	8
-2.05	88	64	9
-2.05	88	64	10
-732.18	88	65	8
-0.68	88	72	6
0.00	88	100	14
-248.38	89	25	15
-15.79	89	36	9
-15.79	89	36	10
0.00	89	54	8
-1.36	89	61	8
-0.68	89	62	8
-208.90	89	64	8
-1.36	89	73	5
-626.12	89	100	14
0.00	89	102	15
0.00	90	28	14
-14.94	90	34	9
-14.94	90	34	10
-3571.99	90	46	9
-3571.99	90	46	10
-260.83	90	55	8
-0.68	90	56	8
-208.39	90	68	5
-109.51	90	70	6
-1515.18	90	96	13
0.00	91	27	14
0.00	91	29	15
-250.96	91	37	9
-250.96	91	37	10
-246.40	91	45	9
-246.40	91	45	10
0.00	91	46	14
-75.81	91	55	8
-99.70	91	60	8
-382.69	91	60	9
-495.56	91	70	8
-7.99	91	100	14
-130.59	92	27	15
-24.21	92	31	10
0.00	92	35	9
-73.73	92	36	10
0.00	92	45	15
-109.51	92	53	9
-107.47	92	61	8
-31.48	92	74	6
-1281.16	92	81	9
-1627.30	92	93	14
-297.29	93	32	9
-580.37	93	36	14
-6.84	93	54	9
-6.84	93	54	10
-99.70	93	60	8
-123.20	93	68	8
-94.67	93	69	8
-564.75	94	32	15
-71.18	94	38	10
-71.18	94	38	11
-569.47	94	38	14
-443.32	94	42	14
-5485.58	94	45	9
-5485.58	94	45	10
0.00	94	55	14
-994.75	94	65	8
-655.71	94	66	8
-13.14	94	71	6
-133.06	94	73	8
-229.65	95	31	15
-41.06	95	33	11
0.00	95	38	9
0.00	95	38	10
-71.18	95	38	14
-71.18	95	38	15
-331.00	95	40	10
-331.00	95	40	11
-257.95	95	54	9
-177.96	95	59	8
-316.87	95	60	8
-27.37	95	64	8
-369.02	95	67	8
-164.27	95	73	8
0.00	96	29	15
-60.50	96	35	14
0.00	96	40	9
0.00	96	46	9
0.00	96	46	10
-1282.49	96	46	14
-167.55	96	49	14
-62.97	96	50	14
-321.56	96	56	8
-548.39	96	65	9
-1.36	96	69	8
-910.83	96	81	9
-764.55	97	35	10
0.00	97	35	11
-72.27	97	46	9
-72.27	97	46	10
-54.63	97	46	14
-1008.71	97	47	9
0.00	97	47	14
-344.96	97	53	13
-123.20	97	71	8
-263.81	97	84	13
-263.81	97	84	14
-153.59	98	35	14
-323.48	98	45	10
-323.48	98	45	14
-57.49	98	53	9
-57.49	98	53	10
-203.86	98	55	14
-143.74	98	57	8
0.00	98	59	8
-393.19	98	61	9
-393.19	98	61	10
-1389.79	98	90	14
-1726.80	98	97	13
-263.66	99	32	15
0.00	99	37	11
0.00	99	44	9
-1185.33	99	49	9
-1185.33	99	49	10
-5.33	99	55	9
-5.33	99	55	10
-109.51	99	56	8
-1.36	99	57	9
-1.36	99	57	10
-316.91	99	58	8
0.00	99	58	9
0.00	99	60	8
-482.25	99	60	9
-482.25	99	60	10
-807.38	99	75	9
-807.38	99	75	10
-569.65	99	81	9
-525.66	100	40	15
-44.84	100	45	9
-44.84	100	45	10
-66.75	100	46	9
-66.75	100	46	10
-58.66	100	55	13
-148.22	100	58	8
-0.68	101	41	14
0.00	101	74	15
-61.89	101	75	9
-61.89	101	75	10
0.00	102	35	15
-968.78	102	45	14
-40.79	102	55	10
-40.79	102	55	14
0.00	102	60	9
0.00	102	60	10
0.00	102	62	9
0.00	102	62	10
-36.96	102	71	9
-218.34	102	78	9
-527.63	102	82	9
-630.80	103	37	15
-19.98	103	38	14
-83.31	103	54	9
-304.98	103	54	10
-221.66	103	54	14
-47.36	103	56	9
-47.36	103	56	10
0.00	103	59	9
0.00	103	59	10
-95.82	103	60	9
-6.57	103	74	9
-6.57	103	74	10
-41.80	103	79	9
-1321.86	104	38	14
-395.14	104	41	15
-83.60	104	77	9
-216.83	105	51	10
-216.83	105	51	14
-79.74	105	58	9
-79.74	105	58	10
-254.34	105	90	13
-254.34	105	90	14
-596.09	106	43	14
-399.17	106	47	15
-86.79	106	48	9
-86.79	106	48	10
-42.64	106	52	9
-42.64	106	52	10
-87.89	106	62	10
0.00	106	64	14
0.00	106	65	10
-127.01	106	65	12
-1246.40	106	68	9
0.00	106	72	9
-6.84	106	73	9
-6.84	106	73	10
-84.30	106	74	9
-84.30	106	74	10
-0.34	106	75	9
-0.34	106	75	10
-26.45	106	78	9
-26.45	106	78	10
-712.12	107	38	15
-52.01	107	46	15
-408.91	107	55	9
-408.91	107	55	10
-44.86	107	57	9
-44.86	107	57	10
0.00	107	60	9
-222.11	107	60	10
-134.29	107	64	13
-134.29	107	64	14
-17.46	107	76	9
-17.46	107	76	10
0.00	108	38	15
-45.59	108	40	15
-76.14	108	41	15
-289.83	108	42	15
-291.23	108	45	15
-7.99	108	49	9
-3.19	108	49	10
0.00	108	50	9
-68.44	108	74	9
-68.44	108	74	10
-248.74	108	75	9
0.00	108	76	14
-1916.84	108	78	9
-1916.84	108	78	10
-0.68	109	43	15
-495.66	109	48	14
0.00	109	52	9
-26.21	109	59	9
-26.21	109	59	10
-70.89	109	61	9
-70.89	109	61	10
-186.85	109	63	9
-186.85	109	63	10
0.00	109	67	14
-124.00	109	75	9
-124.00	109	75	10
0.00	110	55	10
-116.33	110	59	9
-116.33	110	59	10
-153.97	110	65	10
-7.18	110	74	9
-7.18	110	74	10
-66.72	111	50	9
-66.72	111	50	10
-13.41	111	55	9
-13.41	111	55	10
-62.97	111	60	9
-62.97	111	60	10
-66.75	111	61	9
-66.75	111	61	10
-11.56	111	64	9
-11.56	111	64	10
-14.61	111	65	9
-43.85	111	65	10
-79.98	111	66	12
-315.43	111	67	12
-8.14	112	50	9
-8.14	112	50	10
0.00	112	50	15
0.00	112	51	9
-558.79	112	53	10
-30.12	112	60	9
-30.12	112	60	10
-14.61	112	64	9
-14.61	112	64	10
-52.41	112	68	12
-16.28	113	52	9
-107.81	113	53	9
-107.81	113	53	10
-70.62	113	56	9
-70.62	113	56	10
-64.22	113	64	9
-64.22	113	64	10
-53.22	113	71	12
-16.28	114	52	9
-54.81	114	54	9
-54.81	114	54	10
0.00	114	54	14
0.00	114	54	15
-21.24	114	55	9
-21.24	114	55	10
-17.00	114	57	9
-17.00	114	57	10
0.00	114	60	10
-1108.35	114	63	9
-1115.57	114	63	10
-85.91	114	70	12
-658.85	114	72	14
-873.85	115	50	14
-1747.70	115	50	15
-6.84	115	52	14
-6.84	115	52	15
-128.07	115	57	9
-128.07	115	57	10
-387.33	115	60	14
-614.03	115	65	9
-207.30	116	51	14
0.00	116	51	15
0.00	116	57	9
-0.27	116	61	9
-0.27	116	61	10
-69.33	116	64	9
-69.33	116	64	10
-147.30	116	65	9
-147.30	116	65	10
-101.46	116	66	14
-101.46	116	66	15
-115.15	116	71	12
-31.85	117	58	9
-31.85	117	58	10
-134.21	117	62	9
-134.21	117	62	10
-138.06	117	69	10
0.00	117	71	14
0.00	118	53	15
-42.06	118	58	9
-42.06	118	58	10
-69.04	118	59	14
-91.84	119	53	15
-64.28	119	57	14
-313.96	120	58	14
-22.47	121	59	14
-546.43	121	62	14
-157.88	121	63	14
