0.00	14	113	2
-21.90	15	87	2
-557.81	15	105	2
-0.35	15	107	2
-331.54	15	122	3
-2.09	16	70	1
-1.31	16	70	3
0.00	16	71	1
0.00	16	72	1
-4.60	16	72	4
0.00	16	73	1
0.00	16	74	5
-328.54	16	85	3
-32.85	16	107	2
-46.03	17	65	4
-1.23	17	69	1
-49.96	17	70	2
0.00	17	70	4
0.00	17	78	1
-239.56	17	97	2
-239.56	17	97	3
-175.22	17	99	2
-437.97	18	68	4
-437.97	18	68	5
-437.97	18	68	6
0.00	18	69	4
0.00	18	69	6
-160.98	18	73	1
-122.48	18	73	4
-222.51	18	73	6
-1317.00	18	74	4
0.00	18	75	4
0.00	18	78	1
-38.43	18	79	1
-1317.80	18	84	2
-273.78	18	96	2
-273.78	18	96	3
-240.76	19	54	4
0.00	19	67	1
0.00	19	67	4
-908.47	19	67	6
-807.69	19	68	4
-62.14	19	72	1
0.00	19	73	1
-1819.16	19	73	6
-238.74	19	74	1
-2875.15	19	74	6
-14.28	19	79	1
-85.95	19	79	2
-85.95	19	79	3
-1914.13	19	80	1
0.00	19	97	2
-602.32	19	97	3
-906.42	20	53	4
-429.49	20	54	1
0.00	20	65	1
-747.89	20	65	4
-809.42	20	73	1
-7.11	20	73	2
0.00	20	73	4
-27.37	20	74	1
0.00	20	74	2
0.00	20	74	4
0.00	20	77	1
0.00	20	79	1
-478.05	20	79	2
0.00	20	79	3
-24.14	20	79	4
-58.12	20	80	1
0.00	20	80	3
-0.27	21	41	4
0.00	21	46	4
-103.11	21	49	3
-103.11	21	49	4
-103.11	21	49	5
-103.11	21	49	6
0.00	21	50	4
-121.87	21	50	5
-121.87	21	50	6
0.00	21	54	4
-1006.32	21	55	4
-373.77	21	60	4
-57.93	21	62	1
0.00	21	65	1
0.00	21	66	4
-354.90	21	66	5
-1576.01	21	66	6
0.00	21	67	2
-1.23	21	74	2
-12.37	21	75	1
0.00	21	76	1
-739.50	21	76	5
-739.50	21	76	6
-739.50	21	76	7
0.00	21	77	1
-7.84	21	79	1
-0.95	21	80	1
-64.28	21	116	3
-628.92	21	122	3
-628.92	21	122	4
-389.19	21	123	3
-389.19	21	123	4
0.00	22	27	5
0.00	22	27	6
0.00	22	33	4
-933.57	22	33	6
-173.71	22	41	4
0.00	22	42	4
-102.13	22	48	6
0.00	22	52	1
-164.09	22	63	1
-1.23	22	68	2
0.00	22	68	4
-650.14	22	74	4
-1878.64	22	74	8
-63.84	22	76	1
-0.82	22	79	1
0.00	22	79	4
-272.33	23	25	11
-126.42	23	33	10
-231.41	23	40	3
-314.50	23	50	6
-623.75	23	54	4
-258.47	23	61	4
-323.04	23	67	1
-114.44	23	67	4
-114.44	23	67	5
0.00	23	69	4
-1094.84	23	74	4
-0.41	23	76	2
-349.16	23	77	1
-230.11	23	79	1
-850.18	23	80	1
-1233.89	23	82	3
-1037.61	23	90	3
0.00	24	23	6
-245.17	24	29	5
0.00	24	29	10
0.00	24	29	11
-483.87	24	31	6
-520.11	24	32	6
-57.12	24	40	1
-1535.32	24	40	3
0.00	24	41	1
-86.21	24	44	4
-86.21	24	44	5
-774.21	24	51	1
-108.02	24	55	4
-122.23	24	62	1
-448.71	24	63	1
-790.40	24	67	4
-1498.21	24	68	6
0.00	24	69	4
-503.90	24	69	5
-503.90	24	69	6
-0.41	24	70	2
0.00	24	74	4
-333.17	24	74	8
-572.04	24	75	4
-572.04	24	75	5
-572.04	24	75	6
-158.79	24	80	1
0.00	24	86	1
0.00	24	100	3
0.00	24	101	2
-141.38	24	117	4
-72.14	25	16	8
-52.86	25	17	8
-119.37	25	23	11
0.00	25	24	6
-299.18	25	26	11
0.00	25	30	5
-426.70	25	30	6
-531.35	25	32	6
-445.59	25	34	6
0.00	25	39	3
-493.84	25	43	4
0.00	25	43	5
0.00	25	49	6
-291.88	25	50	1
-2535.22	25	51	1
-568.90	25	52	1
-1384.51	25	54	1
0.00	25	61	1
-426.25	25	62	1
-46.07	25	63	1
-801.47	25	67	1
-401.23	25	68	1
-416.26	25	70	4
-6.57	25	71	2
0.00	25	74	4
0.00	25	75	4
-134.53	25	81	1
-464.42	25	85	1
-1758.95	25	86	1
-77.91	26	17	8
-19.23	26	18	8
-196.86	26	23	10
-196.86	26	23	11
-68.64	26	30	5
-68.64	26	30	6
0.00	26	40	3
-262.54	26	40	5
0.00	26	41	1
-100.31	26	42	1
0.00	26	50	1
-152.01	26	51	1
-2954.85	26	52	1
0.00	26	54	2
-64.55	26	62	1
0.00	26	63	1
-1004.54	26	67	1
-1037.32	26	68	1
-83.23	26	69	1
0.00	26	71	4
-273.94	26	73	4
0.00	26	75	4
-77.38	26	80	1
-2024.53	26	81	1
-2673.14	26	84	1
-2437.93	26	85	1
-421.39	26	86	1
-73.93	26	96	2
-10.02	27	18	8
-1150.18	27	19	10
-463.89	27	29	6
-86.84	27	41	1
-1565.62	27	42	1
-293.27	27	45	1
-806.17	27	46	1
0.00	27	48	1
-62.42	27	51	1
0.00	27	58	1
0.00	27	59	3
-134.59	27	59	4
-31.24	27	61	1
-124.06	27	62	1
-1080.56	27	63	1
0.00	27	63	11
-502.68	27	65	1
-3403.09	27	69	1
-161.52	27	70	1
-671.13	27	74	4
-671.13	27	74	5
0.00	27	74	6
-671.13	27	74	8
0.00	27	75	2
0.00	27	76	1
0.00	27	76	2
-559.51	27	76	12
-1575.34	27	82	1
-48.36	27	83	1
-396.85	27	84	1
-336.96	27	85	1
-283.54	27	91	3
-16.11	28	12	10
-383.90	28	19	8
-230.47	28	20	8
-1.36	28	31	5
-448.43	28	31	6
0.00	28	31	11
-32.74	28	34	1
0.00	28	34	5
0.00	28	35	5
-2906.18	28	39	1
-218.76	28	46	1
-101.38	28	46	4
-1208.27	28	48	1
-1340.79	28	49	1
-892.57	28	50	1
-106.97	28	52	4
0.00	28	61	1
-300.32	28	63	1
-3823.83	28	64	1
-2398.57	28	65	1
-1278.29	28	66	1
-424.55	28	68	1
-2624.29	28	69	1
0.00	28	70	1
-349.84	28	72	4
-349.84	28	72	5
-349.84	28	72	6
-252.13	28	74	4
-252.13	28	74	6
-252.13	28	74	8
0.00	28	81	1
-444.81	28	82	1
-2533.93	28	83	1
-1311.65	28	84	1
0.00	28	85	1
-409.06	28	98	3
-602.32	28	99	3
-80.91	28	101	3
-486.40	28	108	3
0.00	28	113	2
0.00	28	113	3
-293.83	29	12	11
-22.93	29	13	10
-16.49	29	14	10
-289.84	29	19	11
-402.74	29	21	8
-196.35	29	22	8
0.00	29	30	6
-1069.00	29	34	6
-130.82	29	42	1
-884.98	29	42	4
-229.54	29	43	3
-134.08	29	43	4
-342.40	29	44	1
-1964.13	29	44	4
-383.47	29	45	1
-869.81	29	45	3
-3556.53	29	45	4
-1709.28	29	46	1
-58.11	29	46	3
-1490.04	29	46	4
-2393.36	29	47	1
-3062.14	29	48	1
-1676.81	29	49	1
0.00	29	50	1
-61.32	29	50	3
-106.39	29	54	1
-1015.28	29	61	1
-881.50	29	62	1
-46.66	29	63	1
-607.21	29	65	1
-1589.85	29	66	1
-134.66	29	66	4
0.00	29	67	1
-1570.79	29	68	1
-1538.18	29	69	1
0.00	29	70	1
-849.55	29	70	4
0.00	29	71	1
0.00	29	73	1
-346.24	29	76	4
0.00	29	78	3
0.00	29	79	4
-793.60	29	82	1
0.00	29	83	1
0.00	29	85	1
-816.42	29	108	2
-643.59	29	108	3
-124.37	29	109	3
-150.58	29	112	2
-16.62	30	13	10
-718.40	30	13	11
-49.27	30	14	10
-132.67	30	15	11
-65.12	30	16	10
-45.40	30	17	9
-30.50	30	18	9
-258.27	30	19	10
-234.55	30	22	8
0.00	30	35	5
-157.94	30	36	4
-39.17	30	36	5
-274.16	30	37	5
-442.89	30	37	6
-442.89	30	37	7
-284.13	30	43	1
-722.79	30	43	3
-466.06	30	43	4
-1175.32	30	44	4
-737.98	30	45	1
-1770.18	30	45	4
-1357.30	30	46	1
-1519.95	30	46	4
-1663.05	30	47	1
0.00	30	47	3
-230.04	30	47	4
-687.45	30	48	1
-659.76	30	48	4
-29.61	30	49	1
0.00	30	50	1
-232.85	30	61	1
0.00	30	62	1
0.00	30	66	1
0.00	30	67	1
-598.53	30	68	1
-199.51	30	69	1
0.00	30	74	2
-891.34	30	78	4
0.00	30	79	2
0.00	30	83	1
-155.18	30	83	3
-807.23	30	84	1
-1035.31	30	85	1
-187.87	30	119	2
-348.14	31	14	11
-423.20	31	15	10
-105.22	31	16	10
-104.19	31	18	9
-223.40	31	19	9
-127.31	31	20	9
-88.45	31	24	8
0.00	31	31	6
-260.95	31	35	5
0.00	31	35	6
-71.18	31	36	5
0.00	31	36	6
-1433.41	31	41	4
-2031.63	31	43	4
-584.99	31	44	4
0.00	31	45	1
-268.30	31	45	4
-169.74	31	46	1
-309.45	31	47	4
-430.74	31	48	3
0.00	31	56	2
-341.76	31	56	4
-400.00	31	60	1
-3119.30	31	61	1
-2078.31	31	62	1
-236.10	31	63	1
-177.54	31	67	1
-506.50	31	68	1
-11.08	31	73	1
-18.30	31	74	1
0.00	31	78	2
0.00	31	79	2
-798.09	31	79	4
0.00	31	83	1
0.00	31	84	1
-2618.24	31	85	1
-72.75	31	85	3
-387.86	31	86	1
-375.08	31	109	2
-991.10	31	112	2
-165.50	31	113	2
-130.55	31	114	2
-16754.88	31	119	4
-20.86	32	15	10
-414.71	32	15	11
-108.64	32	16	10
-15344.59	32	17	10
-49.88	32	18	10
-139.27	32	20	9
-205.11	32	20	10
-81.20	32	21	9
-147.15	32	35	6
-33.33	32	36	5
0.00	32	37	5
0.00	32	38	4
-624.38	32	40	4
-117.78	32	41	4
-102.45	32	42	1
-486.24	32	42	4
0.00	32	42	5
0.00	32	43	1
-3322.62	32	43	4
0.00	32	44	1
-303.38	32	44	4
-5.66	32	45	1
-103.12	32	45	4
-34.22	32	46	4
-127.83	32	47	3
0.00	32	47	4
-64.10	32	49	4
-43.88	32	50	1
-44.59	32	54	1
-2561.38	32	60	1
-85.64	32	63	1
-57.39	32	64	4
-542.45	32	66	1
-2627.42	32	67	1
-666.93	32	68	1
-475.26	32	71	4
-121.83	32	72	1
0.00	32	79	1
0.00	32	80	2
0.00	32	81	2
-603.99	32	83	1
-1449.38	32	84	1
0.00	32	85	1
-114.75	32	98	3
-1004.15	32	119	4
-348.69	33	15	11
-150.06	33	16	10
-40.47	33	17	10
-61.61	33	18	10
-180.09	33	20	10
-0.30	33	33	6
-23.56	33	35	6
-40.64	33	37	5
0.00	33	37	6
-124.46	33	39	5
0.00	33	44	4
0.00	33	47	1
0.00	33	58	1
0.00	33	60	1
-171.28	33	63	1
-994.34	33	67	1
-662.67	33	68	1
-306.03	33	69	1
-131.77	33	70	4
0.00	33	71	1
-28.94	33	73	1
-643.96	33	89	3
-113.45	33	110	3
-105.88	33	112	2
-448.43	34	15	11
-32.08	34	16	11
-104.01	34	17	10
-295.00	34	18	10
-99.19	34	19	10
-84.07	34	20	10
-107.14	34	23	9
-2903.40	34	25	10
0.00	34	33	6
-275.41	34	36	6
-1.36	34	40	5
-0.13	34	42	4
-348.25	34	43	6
-726.89	34	46	6
-136.72	34	46	7
-6747.85	34	61	3
-971.19	34	68	1
-105.57	34	69	1
-1215.91	34	70	1
-3305.71	34	71	1
-881.86	34	72	1
-176.70	34	73	1
-210.81	34	73	3
-210.81	34	73	4
-414.59	34	73	6
-13.43	34	74	4
0.00	34	75	3
-340.61	34	76	2
-3.16	34	78	1
0.00	34	78	2
-847.32	34	82	4
-150.40	34	93	3
-287.47	34	109	2
-342.23	34	110	2
-273.78	34	111	2
-260.09	34	112	2
-123.20	34	113	2
-925.15	35	15	11
-86.30	35	16	11
-289.81	35	17	11
-489.31	35	19	10
-286.95	35	20	10
-177.68	35	21	11
-91.06	35	22	9
-96.75	35	23	9
0.00	35	36	6
0.00	35	46	5
0.00	35	50	5
-0.05	35	52	5
-1141.33	35	52	6
0.00	35	52	7
-361.90	35	60	3
-146.75	35	61	3
-2.73785e-03	35	61	4
-104.00	35	62	3
-9.58	35	63	1
-8.21	35	63	3
-1468.70	35	63	4
-1.97	35	65	1
-0.82	35	65	3
-11.24	35	66	1
-141.54	35	66	2
-141.54	35	66	3
-1221.59	35	67	1
-251.95	35	67	2
-206.76	35	67	3
-2284.35	35	68	1
-577.93	35	69	1
-422.28	35	70	1
-4723.64	35	71	1
0.00	35	71	2
-49.74	35	71	3
-3563.24	35	72	1
-524.57	35	73	1
-484.21	35	76	3
-81.44	35	77	1
-18.92	35	78	1
0.00	35	83	4
0.00	35	84	1
-394.25	35	92	3
0.00	35	102	3
-725.53	35	109	2
-240.93	35	110	2
-372.34	35	111	2
-85.94	35	116	3
-138.26	35	120	3
-70.96	35	121	2
-821.35	35	122	3
-86.13	36	15	11
-82.66	36	16	11
-115.02	36	17	11
-363.29	36	18	11
-309.79	36	19	11
-319.12	36	20	10
-63.47	36	20	11
-281.64	36	21	10
-219.07	36	22	10
-67.94	36	25	9
0.00	36	36	8
-1365.38	36	40	6
-43.22	36	42	6
-0.82	36	43	6
0.00	36	44	6
-35.10	36	46	5
-7.39	36	50	6
-1.65	36	52	5
0.00	36	52	6
-384.57	36	55	4
-169.44	36	56	4
-49.39	36	57	4
-107.95	36	59	4
-166.89	36	61	3
0.00	36	61	4
-50.99	36	62	4
-50.99	36	62	6
-513.42	36	64	4
0.00	36	64	6
-137.72	36	65	1
-117.32	36	65	3
-149.55	36	66	1
-27.84	36	66	3
-694.81	36	67	4
0.00	36	69	1
-1904.51	36	70	1
-715.21	36	70	4
-3672.29	36	71	1
-2798.11	36	72	1
-577.48	36	73	1
-95.08	36	105	3
-314.85	36	109	2
-424.36	36	110	2
-49.28	36	111	2
-110.88	36	115	3
-83.50	36	117	3
-136.01	36	119	2
-75.56	36	120	3
-1088.80	37	15	11
-453.96	37	18	11
-248.61	37	19	11
-418.35	37	20	11
-91.08	37	21	10
-175.15	37	21	11
-182.01	37	22	10
-51.30	37	23	10
-63.38	37	26	9
0.00	37	40	6
-77.08	37	41	6
-77.08	37	41	7
0.00	37	41	10
0.00	37	41	11
0.00	37	42	6
-35.32	37	42	8
-1208.53	37	43	6
-518.52	37	44	6
0.00	37	45	5
-19.71	37	45	6
0.00	37	46	5
-6.47	37	46	6
-8.21	37	48	6
-29.13	37	52	5
-467.74	37	55	4
-461.28	37	56	4
-257.81	37	59	4
-1451.82	37	61	3
-33.37	37	61	4
0.00	37	61	6
-60.45	37	62	3
0.00	37	64	2
0.00	37	65	1
0.00	37	65	3
-75.75	37	66	1
-400.08	37	66	3
-741.93	37	68	1
-231.66	37	69	1
-2394.22	37	70	1
-5677.78	37	71	1
-2707.31	37	72	1
-891.68	37	73	1
-3281.79	37	74	1
-678.09	37	75	1
0.00	37	77	1
-46.36	37	85	2
-668.98	37	85	3
-358.65	37	112	2
-136.89	37	114	2
-355.92	37	114	3
-319.34	37	117	2
-212.89	37	118	2
-118.27	37	119	2
-86.78	37	120	3
-84.58	38	15	11
-42.63	38	17	11
-1430.69	38	19	11
-312.19	38	20	11
-120.12	38	21	11
-661.37	38	22	11
-93.64	38	23	10
-135.59	38	23	11
-150.34	38	24	10
-54.06	38	25	10
-130.78	38	26	9
-61.53	38	27	9
-0.99	38	46	6
-430.06	38	47	6
-0.41	38	47	7
0.00	38	49	6
0.00	38	49	7
0.00	38	49	8
-825.24	38	52	6
-458.34	38	56	6
0.00	38	57	4
0.00	38	60	4
-29.87	38	60	6
-994.19	38	61	4
-924.67	38	62	3
-0.06	38	62	4
0.00	38	63	1
-85.73	38	63	3
-43.55	38	63	4
-534.61	38	64	4
-868.28	38	64	11
-44.36	38	65	1
-199.69	38	65	3
-613.66	38	66	3
0.00	38	66	4
0.00	38	67	1
0.00	38	67	3
-481.91	38	67	4
-50.59	38	68	3
-243.96	38	69	1
-1278.95	38	69	4
-579.30	38	70	1
-34.57	38	71	1
-2779.60	38	72	1
-509.44	38	73	1
-1075.45	38	74	1
0.00	38	74	3
-3285.12	38	75	1
-24.85	38	75	2
-24.85	38	75	3
0.00	38	82	2
-132.78	38	85	2
-403.37	38	85	3
-465.43	38	104	3
-1199.18	38	115	3
-10.95	38	116	3
-143.73	38	117	2
-492.92	38	118	2
-354.27	38	121	3
-185.72	39	15	10
-415.52	39	16	11
-337.44	39	17	11
-408.74	39	18	11
-206.92	39	19	11
-347.89	39	20	11
-133.48	39	21	11
-29.59	39	22	11
-837.96	39	23	11
-182.77	39	24	10
-49.22	39	24	11
-32.29	39	25	10
-42.16	39	26	10
-83.12	39	27	9
-17.50	39	28	9
-90.29	39	37	6
0.00	39	40	6
-39.61	39	40	8
0.00	39	43	6
0.00	39	48	6
-0.54	39	49	6
-1.36	39	51	6
-2.19	39	52	5
-884.02	39	52	6
-4.92	39	53	6
-4.10	39	55	4
-15.74	39	57	4
-28948.45	39	60	4
-2657.20	39	60	6
-3260.85	39	61	4
0.00	39	62	3
0.00	39	62	4
0.00	39	63	1
-179.87	39	63	3
-3105.59	39	65	4
-106.77	39	66	3
-2075.47	39	66	4
-2594.40	39	67	4
0.00	39	68	3
-1140.58	39	68	4
-356.24	39	72	1
-473.78	39	72	3
0.00	39	72	4
-179.96	39	73	1
-627.71	39	75	1
-650.70	39	75	3
-1176.06	39	76	1
-1660.81	39	76	3
-182.58	39	77	1
-784.79	39	77	2
-176.82	39	77	3
-153.54	39	78	2
-113.13	39	78	3
-85.64	39	80	4
-85.64	39	80	8
0.00	39	84	1
-225.62	39	84	3
-930.87	39	87	2
-1530.45	39	102	3
-1388.09	39	103	3
-2655.71	39	105	3
-536.48	39	107	3
0.00	39	114	3
-113.62	39	115	3
-8.21	39	117	3
-32.85	39	118	2
-121.28	39	119	3
-112.62	40	16	10
-307.59	40	17	11
-1227.09	40	18	11
-217.52	40	19	11
-104.20	40	20	11
-609.94	40	21	11
-396.37	40	22	11
-101.02	40	23	11
-216.75	40	24	11
-111.09	40	25	10
-361.45	40	25	11
-260.85	40	26	10
-72.33	40	27	11
-29.47	40	30	9
-6.75	40	40	8
0.00	40	41	8
-128.83	40	42	6
-162.82	40	43	6
0.00	40	44	6
-75.98	40	45	6
0.00	40	46	6
0.00	40	47	6
-59.71	40	47	7
-2.79	40	48	6
-19.93	40	51	6
-2.05	40	52	5
-57.05	40	52	6
0.00	40	53	5
0.00	40	53	6
0.00	40	56	5
-13.00	40	57	4
-395.35	40	57	6
-54.75	40	59	4
-68.39	40	59	6
-790.97	40	60	4
-3188.28	40	60	6
-144.41	40	61	4
-3610.47	40	62	4
-26.62	40	62	6
-1747.36	40	63	4
0.00	40	64	3
-5790.91	40	65	4
-406.35	40	65	6
0.00	40	66	1
0.00	40	66	2
-4.10	40	66	3
-12.32	40	66	4
-0.65	40	67	1
-1.93	40	67	3
-1310.42	40	67	4
-3349.31	40	68	4
-313.84	40	69	4
0.00	40	72	1
-535.94	40	72	3
0.00	40	72	4
-621.78	40	74	1
-77.16	40	74	3
-3055.57	40	75	1
-5.87	40	75	2
-435.49	40	75	3
0.00	40	75	5
0.00	40	75	6
-681.48	40	76	1
-1795.46	40	76	3
0.00	40	83	1
-84.63	40	83	2
-72.08	40	83	3
-287.39	40	86	1
-917.18	40	86	2
-366.26	40	86	3
-3617.82	40	87	2
-318.46	40	88	2
-558.52	40	88	3
-2025.46	40	102	2
-1245.72	40	102	3
-1541.41	40	103	3
-410.67	40	104	3
-191.65	40	105	3
-629.70	40	106	3
-54.75	40	115	3
-103.49	40	117	3
-43.80	40	118	3
-131.41	40	120	3
-440.30	41	18	10
-590.20	41	18	11
-201.25	41	19	11
-99.82	41	20	11
-384.31	41	21	11
-700.38	41	22	11
-261.05	41	23	11
-558.27	41	24	11
-564.61	41	25	11
-173.05	41	26	10
-121.67	41	26	11
-252.51	41	27	9
-126.05	41	27	10
-45.80	41	31	9
-3.76	41	36	5
-3.76	41	36	6
-3.76	41	36	7
0.00	41	38	6
-82.95	41	43	6
-56.93	41	44	6
-23.84	41	45	6
-1013.94	41	47	6
0.00	41	49	6
-1042.79	41	50	6
0.00	41	52	6
-723.69	41	56	6
-778.68	41	58	6
-70.36	41	59	4
-0.04	41	59	5
-0.04	41	59	6
-0.87	41	60	4
-568.92	41	60	6
-4.99	41	61	4
-280.09	41	62	4
-136.89	41	63	4
-7.66	41	64	4
-24.64	41	65	4
0.00	41	66	4
-775.43	41	66	10
-775.43	41	66	11
-2113.29	41	67	4
0.00	41	68	3
-4.24	41	68	4
-1035.42	41	69	4
-2.73	41	70	1
-1364.82	41	70	4
0.00	41	74	1
-320.66	41	74	2
0.00	41	74	3
-439.11	41	75	1
-158.18	41	75	2
-536.95	41	75	3
-625.89	41	76	1
-26.96	41	76	2
-1027.81	41	76	3
-65.70	41	83	2
-164.27	41	84	2
-82.13	41	86	2
-2827.07	41	87	2
-605.21	41	87	3
-1619.39	41	88	2
-1040.38	41	102	2
-889.80	41	103	2
-301.16	41	104	3
-873.37	41	105	3
-410.67	41	106	3
-314.85	41	114	2
-273.78	41	114	3
-406.57	41	117	2
-225.05	41	118	2
-231.55	42	16	10
-180.27	42	19	10
-48.18	42	19	11
-520.07	42	20	11
-136.81	42	21	11
-520.54	42	22	11
-245.29	42	23	11
-254.34	42	24	11
-391.46	42	25	11
-422.68	42	26	11
-342.05	42	27	10
-220.31	42	27	11
-95.82	42	28	11
-54.64	42	29	9
-121.94	42	31	10
-19.43	42	32	10
-71.04	42	32	11
-15.65	42	34	8
-1068.32	42	38	6
-3.90	42	39	6
-32.52	42	40	6
-2.73	42	41	6
-21.98	42	43	6
-35.40	42	52	6
-1372.29	42	55	6
-292.10	42	55	8
0.00	42	57	6
-5.32	42	59	6
-1959.85	42	59	8
-2085.87	42	61	6
-53.24	42	62	4
-1380.51	42	63	4
-330.35	42	64	4
0.00	42	64	6
-2470.73	42	65	4
-2230.60	42	65	6
-426.17	42	65	8
-75.77	42	66	4
-1170.37	42	66	6
-3544.73	42	67	4
-89.87	42	67	6
0.00	42	68	4
-1206.95	42	70	4
-4.10	42	71	3
-2293.83	42	71	4
-1009.77	42	72	4
-3558.27	42	73	4
-3670.07	42	74	4
-655.59	42	75	4
0.00	42	78	8
-18.18	42	85	2
-18.18	42	85	3
-943.70	42	87	1
-353.06	42	87	2
-1055.67	42	88	2
-328.54	42	89	2
-164.27	42	90	2
-385.76	42	91	2
-3632.93	42	92	2
-246.40	42	104	2
-547.57	42	104	3
-1994.17	42	115	3
-674.24	42	116	3
-237.37	42	117	2
-177.41	42	119	2
-148.63	43	15	10
-272.16	43	18	9
-16.84	43	19	10
-49.00	43	19	11
-341.19	43	20	10
-113.05	43	20	11
-169.98	43	21	11
-455.62	43	22	11
-219.01	43	23	11
-24.06	43	24	11
-218.26	43	25	11
-667.12	43	26	11
-369.08	43	27	11
-229.57	43	28	10
-106.73	43	29	10
-135.11	43	30	9
-151.95	43	31	9
-153.70	43	31	10
-301.16	43	32	9
0.00	43	32	10
-146.25	43	34	8
-20.28	43	40	6
0.00	43	43	6
-92.42	43	46	5
-26.14	43	46	6
-26.14	43	46	7
-2131.50	43	48	6
0.00	43	52	6
-1136.94	43	53	6
0.00	43	55	5
0.00	43	55	6
0.00	43	57	6
0.00	43	58	5
0.00	43	58	6
0.00	43	59	5
0.00	43	60	6
-7.72	43	62	4
-15.11	43	62	6
-15.11	43	62	7
0.00	43	62	10
0.00	43	62	11
0.00	43	63	4
0.00	43	63	6
-406.70	43	64	10
-406.70	43	64	11
-111.51	43	65	4
-195.21	43	66	4
-1810.94	43	66	6
0.00	43	67	4
0.00	43	68	4
-388.31	43	68	6
-0.95	43	69	4
-1364.11	43	69	8
0.00	43	70	4
-3.44	43	71	1
-1533.13	43	71	4
-580.15	43	71	6
0.00	43	76	4
-19.71	43	78	1
-294.32	43	78	8
0.00	43	81	3
-586.27	43	84	2
-172.48	43	87	1
-297.92	43	88	1
-794.47	43	88	2
-328.54	43	89	2
-999.31	43	90	2
-301.16	43	91	2
-164.27	43	104	2
-232.71	43	105	2
0.00	43	107	3
0.00	43	108	3
-500.89	43	110	3
-398.25	43	115	3
-16.42	43	116	2
-862.50	43	116	3
-303.57	43	119	2
-167.83	43	119	3
-111.77	44	19	9
-339.18	44	21	10
-92.86	44	22	11
-374.29	44	23	11
-145.79	44	24	11
-32.46	44	25	10
-568.53	44	25	11
-664.97	44	26	11
-501.73	44	27	11
-683.61	44	28	11
-93.82	44	29	11
-97.00	44	30	9
-294.15	44	30	10
-95.27	44	33	10
-136.54	44	33	11
0.00	44	34	10
-671.98	44	42	6
-2194.59	44	42	7
0.00	44	52	6
0.00	44	53	6
-102.53	44	54	6
0.00	44	54	10
0.00	44	54	11
0.00	44	55	5
0.00	44	55	6
0.00	44	56	6
0.00	44	57	6
0.00	44	58	6
0.00	44	59	6
0.00	44	61	6
-381.89	44	62	6
-182.33	44	63	10
-182.33	44	63	11
0.00	44	64	6
-22.09	44	65	4
0.00	44	65	5
-1466.43	44	65	6
-58.14	44	66	4
0.00	44	67	4
-631.85	44	67	6
-631.85	44	67	7
0.00	44	68	4
-1702.06	44	69	6
-57.91	44	69	8
-51.74	44	70	4
-789.45	44	70	6
-1287.68	44	71	4
-483.17	44	71	6
0.00	44	72	2
0.00	44	76	6
-711.83	44	82	2
-249.71	44	82	4
-247.05	44	88	1
-1439.04	44	89	1
-1466.50	44	90	1
-362.60	44	93	3
-137.48	44	95	3
-219.02	44	103	3
-1.23	44	107	2
-8.21	44	109	2
-273.78	44	110	3
-458.63	44	115	3
0.00	44	116	3
-70.96	44	119	2
-41.06	44	120	3
-38.32	44	121	3
-108.30	45	20	9
-189.64	45	22	10
-159.79	45	22	11
-211.19	45	23	11
-317.20	45	24	11
-72.96	45	25	10
-937.66	45	25	11
-294.28	45	26	10
-561.06	45	26	11
-74.17	45	27	10
-61.90	45	27	11
-233.81	45	28	10
-54.53	45	29	10
-415.05	45	30	10
-47.47	45	31	11
0.00	45	33	10
-952.59	45	34	8
0.00	45	45	5
-1734.36	45	51	6
-45.71	45	53	6
0.00	45	54	6
-589.95	45	55	6
0.00	45	56	6
0.00	45	57	5
0.00	45	57	6
0.00	45	58	6
-3216.08	45	59	6
0.00	45	59	8
0.00	45	60	6
-85.95	45	61	6
-867.08	45	62	6
0.00	45	62	10
0.00	45	62	11
-22.48	45	63	6
-733.03	45	64	6
0.00	45	66	5
0.00	45	67	5
0.00	45	68	5
0.00	45	69	1
-126.48	45	70	4
0.00	45	70	5
-1666.62	45	70	6
-2388.55	45	71	4
-915.39	45	71	6
-706.23	45	72	4
-651.57	45	72	6
-223.54	45	86	3
-2752.39	45	89	1
-2225.26	45	90	1
-2295.04	45	91	1
-540.96	45	103	3
-194.94	45	104	3
-1462.86	45	115	2
-857.55	45	116	3
-275.97	45	117	2
-216.83	45	118	2
-63.08	45	119	2
-19.30	46	20	9
-239.53	46	24	11
-31.15	46	25	11
-147.37	46	26	11
-194.11	46	27	10
-48.37	46	27	11
-246.40	46	28	10
-1263.88	46	29	10
-203.03	46	29	11
-21.87	46	30	10
-61.35	46	30	11
-363.88	46	32	9
-74.34	46	32	11
-54.48	46	34	9
-56.50	46	34	10
0.00	46	41	5
-187.07	46	50	6
-1.97	46	53	6
-1608.84	46	54	6
0.00	46	55	6
0.00	46	57	6
0.00	46	58	6
-6.51	46	59	5
-2022.43	46	59	6
-150.97	46	59	8
-3372.38	46	60	6
-3.64	46	61	6
-966.26	46	63	6
-76.78	46	64	6
-1153.00	46	66	6
-1255.46	46	67	6
-245.35	46	67	7
-345.59	46	69	6
-4.10	46	70	4
-207.66	46	71	4
-1318.19	46	71	6
-2091.66	46	72	4
-1686.70	46	72	6
0.00	46	73	6
-36.53	46	74	8
0.00	46	80	4
-175.63	46	86	3
-2148.47	46	89	1
-549.41	46	90	1
-2473.10	46	91	1
-1546.79	46	92	1
-36.16	46	93	2
-391.51	46	106	3
-31.11	46	107	3
-492.81	46	108	3
-151.12	46	109	2
-240.93	46	109	3
-160.24	46	115	3
-228.50	46	116	3
-328.54	46	117	2
-147.84	46	118	2
-378.23	47	22	9
-728.17	47	24	9
-153.53	47	24	10
-384.75	47	25	10
-238.23	47	26	11
-0.60	47	27	11
-347.13	47	28	10
-337.16	47	28	11
-84.87	47	29	10
-32.27	47	30	10
-83.28	47	30	11
-43.68	47	31	10
-34.02	47	31	11
-317.31	47	33	10
-46.25	47	36	8
0.00	47	49	5
-1301.44	47	49	6
0.00	47	53	6
0.00	47	54	6
0.00	47	55	6
0.00	47	56	6
0.00	47	57	6
-17.87	47	58	6
-575.81	47	59	8
0.00	47	60	6
-1817.19	47	61	6
-1381.08	47	62	6
0.00	47	64	6
-574.64	47	67	6
-5836.74	47	72	4
-13.85	47	72	6
0.00	47	73	4
0.00	47	73	5
-769.31	47	74	4
-15.86	47	86	3
-32.25	47	87	3
-594.20	47	88	1
-7.07	47	90	1
-273.78	47	104	3
-329.91	47	105	2
-276.24	47	106	3
-1.23	47	107	3
-123.20	47	109	3
-1.36	47	110	3
-874.74	47	117	2
-554.41	47	118	2
-295.68	47	119	2
-82.13	47	120	2
-389.54	48	23	9
0.00	48	23	10
-62.39	48	27	10
-295.98	48	27	11
-22.72	48	28	10
-10.11	48	28	11
-53.58	48	29	10
-363.41	48	30	11
-27.10	48	31	10
-55.74	48	33	10
0.00	48	36	10
0.00	48	54	6
-8.76	48	55	6
-2155.78	48	56	6
0.00	48	57	6
0.00	48	58	5
-2723.17	48	59	6
-88.65	48	70	6
0.00	48	72	8
-8.21	48	73	4
0.00	48	73	6
0.00	48	83	4
-78.64	48	84	3
-2062.68	48	90	1
-2586.36	48	91	1
-266.94	48	92	1
-1173.92	48	93	1
-390.25	48	94	1
-466.66	48	104	3
-125.66	48	105	2
-327.44	48	105	3
-25.87	48	106	2
-498.01	48	106	3
-676.24	48	108	3
-82.13	48	109	3
-298.42	48	112	3
-314.85	48	113	3
-161.53	48	115	2
-971.25	48	117	2
-492.81	48	118	2
-172.48	48	119	2
-295.68	48	120	2
-90.99	49	27	11
-2.35	49	28	10
-120.60	49	28	11
-56.64	49	29	10
-273.42	49	29	11
-794.99	49	32	9
-50.73	49	34	9
0.00	49	39	10
-754.72	49	46	6
-2.73	49	48	6
0.00	49	54	6
0.00	49	55	6
0.00	49	57	6
-3.28	49	58	5
0.00	49	58	6
-109.51	49	59	5
0.00	49	66	8
-662.04	49	70	6
0.00	49	71	4
0.00	49	71	6
0.00	49	72	4
-383.93	49	73	4
0.00	49	73	6
-27.70	49	80	4
0.00	49	80	8
0.00	49	85	3
0.00	49	86	3
0.00	49	89	4
-94.52	49	93	1
-9.75	49	94	1
-3.69	49	106	2
-1.23	49	106	3
-1.23	49	107	2
-136.89	49	111	3
-603.60	49	112	3
-206.34	49	114	3
-25.62	49	117	2
-716.22	49	118	2
-295.68	49	120	2
-76.90	50	26	9
-222.40	50	28	10
-2383.13	50	30	10
-24.18	50	31	10
-34.92	50	31	11
-1.57	50	34	9
-705.80	50	52	6
-705.80	50	52	7
0.00	50	58	5
-1089.19	50	59	6
-0.99	50	60	6
-2863.05	50	62	6
-1148.91	50	71	6
0.00	50	73	4
-28.00	50	75	1
-9.33	50	76	1
-3.94	50	76	4
-28039.79	50	80	4
0.00	50	81	4
0.00	50	85	4
-40.27	50	91	3
-249.14	50	106	3
-179.19	50	108	3
-114.30	50	108	4
-82.13	50	111	2
-60.23	50	112	2
-232.71	50	112	3
-136.89	50	113	2
-82.13	50	113	3
-199.86	50	114	3
-752.52	50	119	2
-88.70	50	121	2
-163.82	51	18	9
-322.20	51	26	11
-47.83	51	28	11
-236.29	51	29	10
-78.10	51	31	9
-53.27	51	31	10
-103.63	51	32	9
-246.36	51	33	9
0.00	51	39	9
-483.45	51	40	8
0.00	51	40	10
0.00	51	47	6
0.00	51	47	7
0.00	51	57	6
0.00	51	58	6
0.00	51	58	7
0.00	51	59	5
0.00	51	60	5
-40.52	51	60	6
-145.30	51	70	6
-306.56	51	72	6
-20.53	51	74	4
-794.00	51	74	6
-212.62	51	76	8
0.00	51	77	4
0.00	51	80	4
0.00	51	80	8
-169.32	51	81	3
-123.20	51	82	3
-109.73	51	83	3
-49.28	51	84	3
0.00	51	85	3
-234.80	51	85	4
-17.21	51	88	3
-223.93	51	89	3
-2864.65	51	95	1
-498.20	51	96	1
-1.36	51	107	3
-120.46	51	109	3
-325.80	51	110	2
-753.04	51	112	2
-238.19	51	113	2
-118.27	51	119	2
-742.91	51	120	2
-353.18	51	121	2
-209.99	52	18	9
0.00	52	24	10
-139.35	52	32	9
-127.96	52	33	9
-127.66	52	35	10
0.00	52	52	6
0.00	52	57	5
0.00	52	58	5
0.00	52	58	6
0.00	52	59	6
0.00	52	60	6
-1517.41	52	63	6
-544.33	52	65	6
-544.33	52	65	7
-781.83	52	68	6
-975.98	52	73	6
-1.36	52	74	6
0.00	52	76	6
0.00	52	78	4
0.00	52	79	4
-201.08	52	81	4
-272.54	52	81	7
-272.54	52	81	8
-26.07	52	84	3
-241.54	52	85	3
0.00	52	86	3
-600.39	52	89	1
-645.57	52	96	1
-193.31	52	97	1
-109.51	52	106	3
-208.07	52	109	3
-136.89	52	110	3
-681.85	52	112	2
-68.44	52	113	2
-49.28	52	114	3
-52.56	52	115	3
-413.96	52	118	2
-137.98	52	119	2
-92.40	52	120	2
-2744.21	53	32	11
-49.19	53	34	9
-603.72	53	44	8
0.00	53	54	5
0.00	53	59	5
-846.72	53	60	5
-1794.42	53	60	6
-404.17	53	75	4
-266.61	53	75	6
-1183.38	53	76	6
-281.88	53	96	1
-570.94	53	97	1
-442.87	53	97	2
-0.68	53	97	3
-396.02	53	98	1
-359.80	53	98	2
-191.65	53	103	3
-246.40	53	104	2
-100.30	53	105	3
-46.54	53	109	3
-169.74	53	110	3
-116.08	53	112	2
-129.77	53	113	2
-84.87	53	115	3
-354.82	53	121	2
-2725.00	54	17	10
-389.46	54	27	8
-177.93	54	28	8
-136.38	54	29	8
-79.93	54	30	8
-115.38	54	31	8
0.00	54	31	10
-17.79	54	50	5
0.00	54	59	5
0.00	54	59	6
0.00	54	60	5
0.00	54	60	6
-825.00	54	68	6
-426.85	54	77	6
-8.95	54	78	4
0.00	54	84	1
-13.44	54	84	3
-15.49	54	97	1
-127.25	54	97	2
-546.99	54	98	1
-1433.14	54	98	2
-19.98	54	100	4
-191.65	54	101	2
-136.89	54	102	2
-136.89	54	102	3
-752.90	54	103	3
-532.23	54	120	2
-384.39	54	121	2
-410.38	55	15	11
-853.22	55	16	10
-893.08	55	16	11
-9.10	55	26	8
-68.06	55	30	8
-16.16	55	32	8
0.00	55	32	9
-9.46	55	33	8
0.00	55	51	6
-2.11	55	52	6
0.00	55	56	5
0.00	55	59	5
0.00	55	59	6
0.00	55	60	5
0.00	55	60	6
0.00	55	61	5
0.00	55	62	5
-1930.46	55	62	6
-152.74	55	70	6
-152.74	55	70	7
0.00	55	78	4
0.00	55	78	6
0.00	55	79	4
0.00	55	79	6
-1389.30	55	80	6
-13.73	55	90	4
-137.11	55	93	3
-14.97	55	94	3
-219.79	55	94	4
0.00	55	95	1
-67.13	55	95	3
0.00	55	98	1
-1008.76	55	100	2
-186.17	55	101	2
-186.17	55	101	3
-1013.00	55	102	3
-109.51	55	103	3
-531.14	55	107	3
-131.41	55	108	3
-61.60	55	115	3
-474.33	55	117	2
-114.99	55	120	2
-542.09	55	121	2
-13.39	56	26	8
-32.63	56	28	8
-97.81	56	29	8
-22.36	56	30	8
-205.33	56	34	10
-30.93	56	35	8
-803.64	56	56	5
-3247.83	56	56	6
0.00	56	57	6
0.00	56	58	6
0.00	56	59	5
0.00	56	59	6
0.00	56	60	5
0.00	56	60	6
0.00	56	61	5
0.00	56	62	5
0.00	56	62	6
-266.04	56	64	6
-266.04	56	64	7
-227.55	56	79	6
-640.14	56	80	6
-46.54	56	85	3
0.00	56	86	3
-10.67	56	87	3
-244.46	56	89	3
-510.52	56	90	3
-314.85	56	100	2
-383.30	56	100	3
-104.03	56	101	2
-150.58	56	102	2
0.00	56	103	3
-342.23	56	106	3
-27.37	56	111	3
0.00	57	23	9
0.00	57	34	10
0.00	57	58	5
-1161.49	57	58	6
-416.13	57	59	5
0.00	57	59	6
0.00	57	60	5
-1893.75	57	60	6
0.00	57	61	5
-3721.07	57	61	6
-70.34	57	63	5
-771.03	57	63	6
0.00	57	64	5
0.00	57	79	4
0.00	57	79	6
-329.75	57	85	3
-329.09	57	86	3
-1002.71	57	87	6
-41.80	57	89	3
-594.11	57	101	2
-109.51	57	101	3
-752.90	57	102	2
-676.24	57	102	3
-232.71	57	105	3
0.00	57	108	2
-494.91	58	39	10
-37.26	58	43	9
-37.26	58	43	10
0.00	58	43	11
0.00	58	52	7
0.00	58	55	5
-1359.85	58	55	6
0.00	58	56	5
0.00	58	60	6
0.00	58	62	5
0.00	58	64	5
-136.89	58	64	6
-1418.21	58	82	6
0.00	58	84	3
0.00	58	85	12
-199.86	58	102	2
-843.43	58	102	3
-6.84	58	106	3
-334.01	58	107	3
-464.06	58	108	2
-2336.82	59	18	10
-2033.70	59	24	10
0.00	59	30	10
-20.97	59	41	8
-1388.43	59	54	6
0.00	59	58	5
0.00	59	59	5
0.00	59	60	5
-521.66	59	79	8
0.00	59	85	4
-244.70	59	86	4
-415.51	59	86	6
0.00	59	92	3
0.00	59	93	3
-256.56	59	93	4
-318.95	59	102	2
-757.01	59	102	3
-952.77	59	104	3
-759.75	59	107	2
-186.17	59	108	2
-164.27	59	110	2
-128.67	59	111	2
-702.52	60	28	8
-336.11	60	29	8
-143.31	60	30	8
-2687.11	60	48	8
-11.68	60	49	5
-11.68	60	49	6
-11.68	60	49	7
-231.43	60	55	6
-822.61	60	57	6
-822.61	60	57	7
0.00	60	65	5
-479.93	60	79	6
0.00	60	83	4
-49.16	60	89	1
-396.98	60	98	3
-394.25	60	100	3
-301.16	60	108	2
0.00	60	109	2
-360.88	60	111	3
-724.29	61	29	8
0.00	61	29	10
-136.89	61	30	10
-157.51	61	52	5
0.00	61	53	5
0.00	61	53	6
-466.04	61	53	7
0.00	61	60	5
-1673.86	61	60	6
-1479.52	61	63	6
-1595.56	61	65	6
0.00	61	89	1
-3.94	61	90	1
0.00	61	99	3
-567.20	61	103	3
-68.44	61	104	2
-388.77	61	109	3
0.00	61	110	3
-565.36	61	111	3
-52.43	62	41	10
-91.27	62	51	5
-95.61	62	52	5
-35.59	62	52	6
-57.57	62	53	5
-29.56	62	53	6
0.00	62	58	5
0.00	62	72	7
-812.55	62	75	6
-102.79	62	81	4
-24.91	62	82	4
-192.14	62	95	1
-375.08	62	105	2
-183.43	62	106	2
-1277.04	62	110	3
0.00	63	27	10
-22.55	63	51	5
-627.06	63	51	7
-627.06	63	51	8
-177.49	63	52	5
-170.54	63	53	5
-71.18	63	53	6
-998.98	63	54	6
-11.65	63	59	5
-10.67	63	80	4
-15.01	63	81	4
-12.38	63	83	4
-848.47	63	87	6
0.00	63	89	6
-57.20	63	100	3
-6420.26	63	102	3
-135.41	63	107	3
-369.61	63	108	3
-365.12	64	38	10
-134.01	64	51	5
-33.21	64	53	5
-526.83	64	53	6
-526.83	64	53	7
0.00	64	54	6
-124.57	64	55	6
0.00	64	63	5
-2060.05	64	63	6
-753.29	64	66	6
-962.60	64	80	6
0.00	64	86	4
0.00	64	88	6
0.00	64	105	3
-832.30	64	109	3
-2409.30	64	110	3
-109.51	65	32	10
0.00	65	33	9
-6.16	65	50	6
0.00	65	50	7
-343.84	65	50	8
-62.73	65	54	5
0.00	65	61	5
0.00	65	66	5
-343.84	65	74	6
-343.84	65	74	7
-1645.42	65	79	6
-537.88	65	79	7
-59.24	65	80	1
-44.29	65	82	4
0.00	65	85	4
-213.55	65	86	4
0.00	65	89	4
0.00	65	98	3
-484.59	65	110	3
-410.67	65	111	3
-136.89	66	34	9
-88.98	66	49	6
0.00	66	54	6
-208.02	66	54	7
-415.10	66	79	6
-415.10	66	79	7
0.00	66	100	3
-684.46	66	104	3
-82.13	67	25	10
-568.78	67	35	10
-299.14	67	39	8
-367.13	67	40	8
-27.37	67	45	6
-24.64	67	45	7
-45.20	67	52	5
-980.57	67	54	7
-980.57	67	54	8
0.00	67	79	6
-793.97	67	91	4
0.00	67	106	3
-22.97	67	108	3
-226.14	68	23	11
-403.83	68	24	10
-226.14	68	26	10
-252.49	68	43	8
-32.85	68	44	7
-95.82	68	58	5
-381.88	68	59	6
-381.88	68	59	7
-21.90	68	63	5
-956.09	68	63	6
-956.09	68	63	7
-262.20	68	68	6
-264.94	68	68	7
-386.11	68	75	6
-1873.76	68	84	6
-281.99	68	89	7
-1114.74	68	96	3
-75.26	68	103	3
-109.51	69	29	10
-136.89	69	30	10
0.00	69	36	9
-228.33	69	53	6
-636.33	69	65	7
-928.39	69	74	7
0.00	69	94	14
-602.32	69	106	3
-648.93	70	24	10
-242.30	70	25	10
-1681.72	70	58	6
-59.00	70	82	6
-410.67	71	26	9
-450.51	71	26	10
-205.33	71	28	10
-410.67	71	35	10
-150.97	71	44	8
0.00	71	55	7
-1318.89	71	83	9
-16.42	71	102	3
-547.57	71	104	3
-48.46	72	23	11
-2992.91	72	25	10
0.00	72	31	10
-314.85	72	34	10
-410.67	72	41	10
0.00	72	44	10
-419.80	72	55	6
-419.80	72	55	7
-419.80	72	55	8
-273.78	72	104	3
-2053.38	72	104	4
-121.15	73	23	10
-273.78	73	24	10
-1335.66	73	26	10
-726.48	73	27	10
-444.21	73	28	10
-851.47	73	29	10
0.00	73	30	10
-136.89	73	31	10
-205.33	73	33	10
-273.78	73	40	10
0.00	73	41	9
-164.27	73	50	6
-2357.40	73	64	7
-641.14	73	65	7
-415.99	73	74	6
-415.99	73	74	7
-415.99	73	74	8
-1825.29	73	101	3
-169.67	73	105	3
-286.66	73	107	3
-1048.32	74	25	10
-439.56	74	27	10
-363.45	74	30	9
-484.60	74	38	10
-544.00	74	41	9
-544.00	74	41	10
-0.68	74	55	6
0.00	74	64	6
-751.12	74	64	7
-969.93	74	83	9
-73.92	74	85	6
0.00	74	85	7
-208.07	74	108	4
0.00	74	108	14
-28.67	75	21	10
-136.89	75	26	11
-150.58	75	28	9
-205.33	75	28	10
-410.67	75	37	9
-27.37	75	48	5
0.00	75	49	7
0.00	75	51	6
0.00	75	51	7
0.00	75	65	6
0.00	75	65	7
-751.15	75	75	6
-751.15	75	75	7
-622.01	75	89	14
-223.14	76	19	10
-54.75	76	21	10
-54.75	76	25	10
-919.91	76	27	10
-432.58	76	28	10
-1164.27	76	64	7
0.00	76	86	10
0.00	76	87	9
-96.99	76	97	7
-96.99	76	97	10
-274.60	77	25	9
-201.91	77	26	9
-145.38	77	27	10
-301.16	77	28	11
-136.89	77	34	9
-136.89	77	34	10
-767.58	77	37	9
0.00	77	39	9
-79.17	77	55	6
-143.73	77	67	6
-143.73	77	67	7
-1006.99	77	85	9
-1006.99	77	85	10
-1006.99	77	86	9
-1006.99	77	86	10
-402.53	77	89	9
-402.53	77	89	10
-403.83	78	28	10
-472.85	78	30	9
-726.89	78	30	10
-637.59	78	31	9
-993.51	78	31	10
-342.23	78	32	9
-342.23	78	32	10
-266.11	78	35	9
-266.11	78	35	10
-178.08	78	63	7
-178.08	78	63	8
-398.78	78	76	7
-398.78	78	76	8
-514.41	78	89	9
-514.41	78	89	10
-205.33	79	25	10
-828.34	79	27	10
-959.06	79	29	10
-752.49	79	30	10
-47.91	79	34	9
-47.91	79	34	10
-77.25	79	38	9
-77.25	79	38	10
-670.77	79	54	8
-68.44	79	55	8
-136.89	79	56	8
-102.66	79	65	6
-102.66	79	65	7
-755.25	79	68	7
-136.89	80	28	10
-273.78	80	29	10
-161.53	80	30	10
-260.09	80	31	9
-260.09	80	31	10
-273.78	80	32	9
-273.78	80	32	10
0.00	80	33	10
0.00	80	41	9
0.00	80	41	10
-1083.40	80	53	8
-697.15	80	53	9
-697.15	80	53	10
0.00	80	78	7
-617.74	80	78	8
-860.29	80	92	13
-68.44	81	32	9
-68.44	81	32	10
0.00	81	35	10
-242.72	81	45	8
0.00	81	45	10
0.00	81	54	8
-326.38	81	65	6
-326.38	81	65	7
-326.38	81	65	8
0.00	81	99	14
0.00	82	30	10
-57.49	82	33	9
-225.69	82	33	10
-794.91	82	33	14
0.00	82	35	10
0.00	82	35	12
-95.82	82	36	10
-95.82	82	36	11
-55.72	82	47	8
-898.01	82	55	8
-619.65	82	61	8
-619.65	82	61	9
0.00	82	64	6
-266.60	82	72	7
-266.60	82	72	8
-749.47	82	73	8
-1100.36	82	89	10
-1636.00	82	92	14
-1270.17	82	99	14
-198.31	83	30	14
-143.73	83	32	9
-143.73	83	32	10
0.00	83	32	11
-219.02	83	33	11
-109.51	83	34	9
-109.51	83	34	10
-16.55	83	35	9
-16.55	83	35	10
-0.68	83	57	8
-0.68	83	61	5
-0.68	83	61	6
-325.75	83	69	6
-292.27	84	30	14
-142.36	84	34	9
-142.36	84	34	10
-8.97	84	39	9
-8.97	84	39	10
0.00	84	49	10
-201.04	84	54	8
-1.36	84	58	8
-551.00	84	64	6
-551.00	84	64	7
0.00	84	65	6
-405.82	84	66	6
-405.82	84	66	8
-1891.24	84	83	9
-848.04	85	26	14
0.00	85	31	10
-94.45	85	33	9
-94.45	85	33	10
-75.29	85	34	9
-123.20	85	34	10
-75.29	85	34	11
0.00	85	42	9
0.00	85	42	10
-721.98	85	49	9
-721.98	85	49	10
0.00	85	53	8
-0.41	85	57	8
-482.48	85	60	8
-262.40	85	61	8
-262.40	85	61	9
-262.40	85	61	10
-108.90	85	64	6
-108.90	85	64	7
-1577.85	85	78	9
-2412.33	85	99	14
-2.73	86	25	15
0.00	86	28	10
-200.41	86	33	9
-200.41	86	33	10
-72.00	86	34	9
-547.63	86	41	10
-547.63	86	41	14
-7951.08	86	62	8
-383.29	86	64	6
-103.63	86	65	6
-101.30	86	87	5
-1675.49	86	95	14
-95.82	87	24	15
-68.44	87	33	9
-68.44	87	33	10
0.00	87	34	9
0.00	87	34	10
0.00	87	55	8
0.00	87	62	8
0.00	87	64	6
0.00	87	64	7
-613.55	87	70	8
0.00	87	100	14
0.00	88	22	15
-95.82	88	23	15
-666.07	88	29	14
-54.75	88	34	9
-54.75	88	34	10
0.00	88	36	11
-141.61	88	37	10
-40.91	88	37	11
-728.45	88	40	9
-728.45	88	40	10
0.00	88	49	9
0.00	88	49	10
0.00	88	54	8
0.00	88	55	8
-1.36	88	61	8
-1030.62	88	64	8
-2.05	88	64	9
-2.05	88	64	10
-489.30	88	65	8
-0.68	88	72	6
0.00	88	100	14
-374.63	89	25	15
-11.93	89	36	9
-11.93	89	36	10
0.00	89	54	8
-1.36	89	61	8
-0.68	89	62	8
-224.58	89	64	8
-0.95	89	73	5
0.00	89	100	14
0.00	89	102	15
-1.36	90	28	14
-20.31	90	34	9
-20.31	90	34	10
-4411.79	90	46	9
-4411.79	90	46	10
-205.33	90	55	8
-0.68	90	56	8
0.00	90	68	5
-109.51	90	70	6
-3076.38	90	96	13
-1.36	91	27	14
-936.93	91	29	15
0.00	91	37	9
0.00	91	37	10
-246.40	91	45	9
-246.40	91	45	10
-958.24	91	46	14
-322.89	91	55	8
0.00	91	60	8
-473.20	91	60	9
-657.44	91	70	8
0.00	91	100	14
0.00	92	27	15
-31.87	92	31	10
0.00	92	35	9
0.00	92	36	10
-167.55	92	45	15
0.00	92	53	9
-109.51	92	61	8
-31.48	92	74	6
-1697.30	92	81	9
-2071.68	92	93	14
0.00	93	32	9
-612.30	93	36	14
-6.84	93	54	9
-6.84	93	54	10
-4.33	93	60	8
-123.20	93	68	8
-205.33	93	69	8
-532.49	94	32	15
-41.06	94	38	10
-41.06	94	38	11
-273.78	94	38	14
-331.70	94	42	14
-5585.11	94	45	9
-5585.11	94	45	10
0.00	94	55	14
-713.36	94	65	8
-784.23	94	66	8
-109.51	94	71	6
-133.06	94	73	8
-212.08	95	31	15
-41.06	95	33	11
0.00	95	38	9
0.00	95	38	10
-41.06	95	38	14
-41.06	95	38	15
0.00	95	40	10
0.00	95	40	11
-329.95	95	54	9
-177.96	95	59	8
0.00	95	60	8
-27.37	95	64	8
-393.81	95	67	8
-164.27	95	73	8
0.00	96	29	15
-6.84	96	35	14
0.00	96	40	9
0.00	96	46	9
0.00	96	46	10
-1505.82	96	46	14
0.00	96	49	14
0.00	96	50	14
-363.95	96	56	8
-588.09	96	65	9
-1.36	96	69	8
-1196.41	96	81	9
-869.62	97	35	10
0.00	97	35	11
-72.27	97	46	9
-72.27	97	46	10
-246.40	97	46	14
0.00	97	47	9
-1336.25	97	47	14
-344.96	97	53	13
-123.20	97	71	8
-376.33	97	84	13
-376.33	97	84	14
-442.60	98	35	14
-477.75	98	45	10
-477.75	98	45	14
-57.49	98	53	9
-57.49	98	53	10
-203.86	98	55	14
-142.74	98	57	8
-821.35	98	59	8
-99.06	98	61	9
-99.06	98	61	10
-800.73	98	90	14
-3004.61	98	97	13
0.00	99	32	15
0.00	99	37	11
0.00	99	44	9
-1762.05	99	49	9
-1762.05	99	49	10
-24.64	99	55	9
-24.64	99	55	10
0.00	99	56	8
-1.36	99	57	9
-1.36	99	57	10
-375.72	99	58	8
0.00	99	58	9
-1186.01	99	60	8
-99.06	99	60	9
-99.06	99	60	10
-701.31	99	75	9
-701.31	99	75	10
-605.11	99	81	9
-525.66	100	40	15
-12.11	100	45	9
-12.11	100	45	10
-1.80	100	46	9
-1.80	100	46	10
-58.66	100	55	13
0.00	100	58	8
-0.68	101	41	14
-1134.35	101	74	15
-68.03	101	75	9
-68.03	101	75	10
-605.27	102	35	15
-818.28	102	45	14
-47.45	102	55	10
-47.45	102	55	14
-479.12	102	60	9
-479.12	102	60	10
-136.89	102	62	9
0.00	102	62	10
0.00	102	71	9
-180.46	102	78	9
0.00	102	82	9
-630.80	103	37	15
-19.98	103	38	14
0.00	103	54	9
-165.85	103	54	10
-165.85	103	54	14
-61.60	103	56	9
-61.60	103	56	10
0.00	103	59	9
0.00	103	59	10
-273.78	103	60	9
0.00	103	74	9
0.00	103	74	10
0.00	103	79	9
-1315.04	104	38	14
-395.14	104	41	15
-186.33	104	77	9
-216.83	105	51	10
-216.83	105	51	14
-106.26	105	58	9
-106.26	105	58	10
-237.93	105	90	13
-237.93	105	90	14
-1072.82	106	43	14
-399.17	106	47	15
0.00	106	48	9
0.00	106	48	10
-136.89	106	52	9
-136.89	106	52	10
-136.89	106	62	10
0.00	106	64	14
0.00	106	65	10
-148.84	106	65	12
-1391.12	106	68	9
0.00	106	72	9
-6.84	106	73	9
-6.84	106	73	10
-17.07	106	74	9
-17.07	106	74	10
-0.34	106	75	9
-0.34	106	75	10
-19.09	106	78	9
-19.09	106	78	10
-1185.63	107	38	15
0.00	107	46	15
-648.34	107	55	9
-648.34	107	55	10
0.00	107	57	9
0.00	107	57	10
-27.37	107	60	9
-433.02	107	60	10
-110.32	107	64	13
-110.32	107	64	14
0.00	107	76	9
0.00	107	76	10
0.00	108	38	15
0.00	108	40	15
0.00	108	41	15
-41.06	108	42	15
-375.35	108	45	15
-8.81	108	49	9
-8.81	108	49	10
0.00	108	50	9
-68.44	108	74	9
-68.44	108	74	10
-57.04	108	75	9
-493.31	108	76	14
-2122.96	108	78	9
-2122.96	108	78	10
0.00	109	43	15
-552.84	109	48	14
0.00	109	52	9
-53.64	109	59	9
-53.64	109	59	10
-73.92	109	61	9
-73.92	109	61	10
-341.48	109	63	9
-341.48	109	63	10
0.00	109	67	14
0.00	109	75	9
0.00	109	75	10
0.00	110	55	10
-100.24	110	59	9
-100.24	110	59	10
-177.96	110	65	10
-13.34	110	74	9
-13.34	110	74	10
-102.02	111	50	9
-102.02	111	50	10
-28.12	111	55	9
-28.12	111	55	10
-62.97	111	60	9
-62.97	111	60	10
-91.95	111	61	9
-91.95	111	61	10
-20.22	111	64	9
-20.22	111	64	10
-34.22	111	65	9
-34.22	111	65	10
-82.13	111	66	12
-301.16	111	67	12
-24.64	112	50	9
-24.64	112	50	10
0.00	112	50	15
0.00	112	51	9
-1462.87	112	53	10
0.00	112	60	9
0.00	112	60	10
-103.76	112	64	9
-103.76	112	64	10
-76.09	112	68	12
-27.37	113	52	9
0.00	113	53	9
0.00	113	53	10
-95.82	113	56	9
-95.82	113	56	10
-54.75	113	64	9
-54.75	113	64	10
-550.79	113	71	12
-20.53	114	52	9
-68.44	114	54	9
-68.44	114	54	10
0.00	114	54	14
0.00	114	54	15
-41.06	114	55	9
-41.06	114	55	10
-34.22	114	57	9
-34.22	114	57	10
0.00	114	60	10
-1505.82	114	63	9
-1505.82	114	63	10
-103.72	114	70	12
-779.52	114	72	14
-716.51	115	50	14
-2519.51	115	50	15
-6.84	115	52	14
-6.84	115	52	15
-120.97	115	57	9
-120.97	115	57	10
-551.91	115	60	14
-447.79	115	65	9
-150.58	116	51	14
0.00	116	51	15
0.00	116	57	9
-0.27	116	61	9
-0.27	116	61	10
-62.30	116	64	9
-62.30	116	64	10
-191.65	116	65	9
-191.65	116	65	10
-117.17	116	66	14
-117.17	116	66	15
0.00	116	71	12
0.00	117	58	9
0.00	117	58	10
-173.67	117	62	9
-173.67	117	62	10
-136.89	117	69	10
0.00	117	71	14
-183.91	118	53	15
-9.86	118	58	9
-9.86	118	58	10
-109.51	118	59	14
-195.60	119	53	15
-136.89	119	57	14
-318.10	120	58	14
-53.77	121	59	14
0.00	121	62	14
-411.54	121	63	14
