0.00	14	113	2
0.00	15	87	2
0.00	15	105	2
0.00	15	107	2
0.00	15	122	3
0.00	16	70	1
0.00	16	70	3
0.00	16	71	1
0.00	16	72	1
0.00	16	72	4
0.00	16	73	1
-338.49	16	74	5
0.00	16	85	3
0.00	16	107	2
0.00	17	65	4
0.00	17	69	1
0.00	17	70	2
-95.02	17	70	4
0.00	17	78	1
0.00	17	97	2
0.00	17	97	3
0.00	17	99	2
-353.75	18	68	4
-353.75	18	68	5
-353.75	18	68	6
0.00	18	69	4
0.00	18	69	6
0.00	18	73	1
0.00	18	73	4
-116.30	18	73	6
0.00	18	74	4
-53.34	18	75	4
0.00	18	78	1
0.00	18	79	1
0.00	18	84	2
0.00	18	96	2
0.00	18	96	3
-480.65	19	54	4
0.00	19	67	1
0.00	19	67	4
0.00	19	67	6
-76.30	19	68	4
0.00	19	72	1
0.00	19	73	1
-2096.81	19	73	6
0.00	19	74	1
0.00	19	74	6
0.00	19	79	1
0.00	19	79	2
0.00	19	79	3
0.00	19	80	1
0.00	19	97	2
0.00	19	97	3
0.00	20	53	4
0.00	20	54	1
0.00	20	65	1
-279.87	20	65	4
0.00	20	73	1
0.00	20	73	2
0.00	20	73	4
0.00	20	74	1
0.00	20	74	2
0.00	20	74	4
0.00	20	77	1
0.00	20	79	1
0.00	20	79	2
0.00	20	79	3
-484.83	20	79	4
0.00	20	80	1
0.00	20	80	3
-218.73	21	41	4
-95.82	21	46	4
0.00	21	49	3
0.00	21	49	4
0.00	21	49	5
0.00	21	49	6
0.00	21	50	4
-72.56	21	50	5
-72.56	21	50	6
-13.49	21	54	4
-693.96	21	55	4
-27.12	21	60	4
0.00	21	62	1
0.00	21	65	1
0.00	21	66	4
0.00	21	66	5
-226.22	21	66	6
0.00	21	67	2
0.00	21	74	2
0.00	21	75	1
0.00	21	76	1
0.00	21	76	5
0.00	21	76	6
0.00	21	76	7
0.00	21	77	1
0.00	21	79	1
0.00	21	80	1
0.00	21	116	3
0.00	21	122	3
0.00	21	122	4
0.00	21	123	3
0.00	21	123	4
0.00	22	27	5
0.00	22	27	6
-309.17	22	33	4
0.00	22	33	6
0.00	22	41	4
-431.58	22	42	4
-290.68	22	48	6
0.00	22	52	1
0.00	22	63	1
0.00	22	68	2
0.00	22	68	4
0.00	22	74	4
0.00	22	74	8
0.00	22	76	1
0.00	22	79	1
-72.61	22	79	4
-196.70	23	25	11
-400.25	23	33	10
0.00	23	40	3
0.00	23	50	6
0.00	23	54	4
-209.35	23	61	4
0.00	23	67	1
-99.43	23	67	4
-99.43	23	67	5
-1.80	23	69	4
-1221.52	23	74	4
0.00	23	76	2
0.00	23	77	1
0.00	23	79	1
0.00	23	80	1
0.00	23	82	3
0.00	23	90	3
0.00	24	23	6
-277.69	24	29	5
-39.82	24	29	10
-39.82	24	29	11
0.00	24	31	6
0.00	24	32	6
0.00	24	40	1
0.00	24	40	3
0.00	24	41	1
0.00	24	44	4
0.00	24	44	5
0.00	24	51	1
-10.70	24	55	4
0.00	24	62	1
0.00	24	63	1
-475.31	24	67	4
-1437.67	24	68	6
0.00	24	69	4
-31.77	24	69	5
-31.77	24	69	6
0.00	24	70	2
0.00	24	74	4
-454.77	24	74	8
0.00	24	75	4
0.00	24	75	5
0.00	24	75	6
0.00	24	80	1
0.00	24	86	1
0.00	24	100	3
0.00	24	101	2
0.00	24	117	4
0.00	25	16	8
0.00	25	17	8
-579.58	25	23	11
0.00	25	24	6
-1019.46	25	26	11
0.00	25	30	5
0.00	25	30	6
0.00	25	32	6
0.00	25	34	6
0.00	25	39	3
0.00	25	43	4
0.00	25	43	5
-37.08	25	49	6
0.00	25	50	1
0.00	25	51	1
0.00	25	52	1
0.00	25	54	1
0.00	25	61	1
0.00	25	62	1
0.00	25	63	1
0.00	25	67	1
0.00	25	68	1
0.00	25	70	4
0.00	25	71	2
0.00	25	74	4
0.00	25	75	4
0.00	25	81	1
0.00	25	85	1
0.00	25	86	1
0.00	26	17	8
0.00	26	18	8
-0.95	26	23	10
-0.95	26	23	11
0.00	26	30	5
0.00	26	30	6
0.00	26	40	3
0.00	26	40	5
0.00	26	41	1
0.00	26	42	1
0.00	26	50	1
0.00	26	51	1
0.00	26	52	1
-0.78	26	54	2
0.00	26	62	1
0.00	26	63	1
0.00	26	67	1
0.00	26	68	1
0.00	26	69	1
0.00	26	71	4
-1236.50	26	73	4
0.00	26	75	4
0.00	26	80	1
0.00	26	81	1
0.00	26	84	1
0.00	26	85	1
0.00	26	86	1
-24.60	26	96	2
0.00	27	18	8
-2096.58	27	19	10
-199.40	27	29	6
0.00	27	41	1
0.00	27	42	1
0.00	27	45	1
0.00	27	46	1
0.00	27	48	1
0.00	27	51	1
0.00	27	58	1
0.00	27	59	3
0.00	27	59	4
0.00	27	61	1
0.00	27	62	1
0.00	27	63	1
0.00	27	63	11
0.00	27	65	1
0.00	27	69	1
0.00	27	70	1
-1244.85	27	74	4
-1264.32	27	74	5
-19.46	27	74	6
-1264.32	27	74	8
0.00	27	75	2
0.00	27	76	1
0.00	27	76	2
0.00	27	76	12
0.00	27	82	1
0.00	27	83	1
0.00	27	84	1
0.00	27	85	1
-21.02	27	91	3
0.00	28	12	10
0.00	28	19	8
0.00	28	20	8
-8.21	28	31	5
-185.33	28	31	6
-185.33	28	31	11
0.00	28	34	1
0.00	28	34	5
0.00	28	35	5
0.00	28	39	1
0.00	28	46	1
0.00	28	46	4
0.00	28	48	1
0.00	28	49	1
0.00	28	50	1
0.00	28	52	4
0.00	28	61	1
0.00	28	63	1
0.00	28	64	1
0.00	28	65	1
0.00	28	66	1
0.00	28	68	1
0.00	28	69	1
0.00	28	70	1
0.00	28	72	4
0.00	28	72	5
0.00	28	72	6
0.00	28	74	4
0.00	28	74	6
0.00	28	74	8
0.00	28	81	1
0.00	28	82	1
0.00	28	83	1
0.00	28	84	1
0.00	28	85	1
0.00	28	98	3
0.00	28	99	3
0.00	28	101	3
0.00	28	108	3
0.00	28	113	2
-490.68	28	113	3
0.00	29	12	11
0.00	29	13	10
0.00	29	14	10
-617.62	29	19	11
0.00	29	21	8
0.00	29	22	8
0.00	29	30	6
-188.22	29	34	6
0.00	29	42	1
0.00	29	42	4
0.00	29	43	3
0.00	29	43	4
0.00	29	44	1
0.00	29	44	4
0.00	29	45	1
0.00	29	45	3
0.00	29	45	4
-739.21	29	46	1
0.00	29	46	3
0.00	29	46	4
-958.24	29	47	1
-821.35	29	48	1
-821.35	29	49	1
0.00	29	50	1
0.00	29	50	3
0.00	29	54	1
0.00	29	61	1
0.00	29	62	1
0.00	29	63	1
0.00	29	65	1
0.00	29	66	1
0.00	29	66	4
0.00	29	67	1
0.00	29	68	1
0.00	29	69	1
0.00	29	70	1
-679.97	29	70	4
0.00	29	71	1
0.00	29	73	1
0.00	29	76	4
0.00	29	78	3
0.00	29	79	4
0.00	29	82	1
0.00	29	83	1
0.00	29	85	1
0.00	29	108	2
0.00	29	108	3
0.00	29	109	3
0.00	29	112	2
0.00	30	13	10
0.00	30	13	11
0.00	30	14	10
0.00	30	15	11
0.00	30	16	10
0.00	30	17	9
0.00	30	18	9
0.00	30	19	10
0.00	30	22	8
0.00	30	35	5
0.00	30	36	4
0.00	30	36	5
-310.12	30	37	5
0.00	30	37	6
-620.25	30	37	7
-410.67	30	43	1
0.00	30	43	3
0.00	30	43	4
0.00	30	44	4
-301.16	30	45	1
-602.32	30	45	4
-739.22	30	46	1
-102.66	30	46	4
-1437.37	30	47	1
0.00	30	47	3
0.00	30	47	4
0.00	30	48	1
-714.74	30	48	4
0.00	30	49	1
0.00	30	50	1
0.00	30	61	1
0.00	30	62	1
0.00	30	66	1
0.00	30	67	1
0.00	30	68	1
0.00	30	69	1
0.00	30	74	2
-533.30	30	78	4
0.00	30	79	2
0.00	30	83	1
-64.85	30	83	3
0.00	30	84	1
0.00	30	85	1
0.00	30	119	2
0.00	31	14	11
0.00	31	15	10
0.00	31	16	10
0.00	31	18	9
0.00	31	19	9
0.00	31	20	9
0.00	31	24	8
0.00	31	31	6
0.00	31	35	5
0.00	31	35	6
0.00	31	36	5
0.00	31	36	6
-574.94	31	41	4
-465.43	31	43	4
0.00	31	44	4
0.00	31	45	1
0.00	31	45	4
-95.82	31	46	1
-232.17	31	47	4
-684.46	31	48	3
0.00	31	56	2
0.00	31	56	4
0.00	31	60	1
0.00	31	61	1
0.00	31	62	1
0.00	31	63	1
0.00	31	67	1
0.00	31	68	1
0.00	31	73	1
0.00	31	74	1
0.00	31	78	2
0.00	31	79	2
-372.82	31	79	4
0.00	31	83	1
0.00	31	84	1
0.00	31	85	1
0.00	31	85	3
0.00	31	86	1
0.00	31	109	2
0.00	31	112	2
-165.50	31	113	2
-4.10	31	114	2
0.00	31	119	4
-37.56	32	15	10
-183.67	32	15	11
0.00	32	16	10
-8150.54	32	17	10
-57.09	32	18	10
0.00	32	20	9
0.00	32	20	10
0.00	32	21	9
-74.74	32	35	6
0.00	32	36	5
0.00	32	37	5
0.00	32	38	4
0.00	32	40	4
0.00	32	41	4
0.00	32	42	1
0.00	32	42	4
0.00	32	42	5
0.00	32	43	1
-294.83	32	43	4
0.00	32	44	1
0.00	32	44	4
0.00	32	45	1
0.00	32	45	4
0.00	32	46	4
0.00	32	47	3
0.00	32	47	4
0.00	32	49	4
0.00	32	50	1
0.00	32	54	1
0.00	32	60	1
0.00	32	63	1
0.00	32	64	4
0.00	32	66	1
0.00	32	67	1
0.00	32	68	1
-355.41	32	71	4
0.00	32	72	1
0.00	32	79	1
0.00	32	80	2
0.00	32	81	2
0.00	32	83	1
0.00	32	84	1
0.00	32	85	1
0.00	32	98	3
0.00	32	119	4
0.00	33	15	11
0.00	33	16	10
0.00	33	17	10
0.00	33	18	10
0.00	33	20	10
0.00	33	33	6
-27.37	33	35	6
-41.06	33	37	5
0.00	33	37	6
0.00	33	39	5
0.00	33	44	4
0.00	33	47	1
0.00	33	58	1
0.00	33	60	1
0.00	33	63	1
0.00	33	67	1
0.00	33	68	1
0.00	33	69	1
0.00	33	70	4
0.00	33	71	1
0.00	33	73	1
0.00	33	89	3
-101.18	33	110	3
0.00	33	112	2
0.00	34	15	11
0.00	34	16	11
0.00	34	17	10
0.00	34	18	10
0.00	34	19	10
0.00	34	20	10
0.00	34	23	9
-2903.40	34	25	10
0.00	34	33	6
-495.62	34	36	6
0.00	34	40	5
0.00	34	42	4
0.00	34	43	6
-457.43	34	46	6
0.00	34	46	7
-4823.16	34	61	3
0.00	34	68	1
0.00	34	69	1
0.00	34	70	1
0.00	34	71	1
0.00	34	72	1
0.00	34	73	1
-349.89	34	73	3
-349.89	34	73	4
-668.60	34	73	6
-71.59	34	74	4
0.00	34	75	3
-235.09	34	76	2
0.00	34	78	1
0.00	34	78	2
0.00	34	82	4
0.00	34	93	3
0.00	34	109	2
-109.51	34	110	2
-273.78	34	111	2
0.00	34	112	2
0.00	34	113	2
0.00	35	15	11
0.00	35	16	11
0.00	35	17	11
0.00	35	19	10
0.00	35	20	10
0.00	35	21	11
0.00	35	22	9
0.00	35	23	9
0.00	35	36	6
0.00	35	46	5
0.00	35	50	5
0.00	35	52	5
-1036.32	35	52	6
0.00	35	52	7
0.00	35	60	3
0.00	35	61	3
0.00	35	61	4
0.00	35	62	3
0.00	35	63	1
0.00	35	63	3
0.00	35	63	4
0.00	35	65	1
0.00	35	65	3
0.00	35	66	1
0.00	35	66	2
0.00	35	66	3
-47.91	35	67	1
-68.44	35	67	2
-20.53	35	67	3
-29.56	35	68	1
0.00	35	69	1
0.00	35	70	1
0.00	35	71	1
0.00	35	71	2
0.00	35	71	3
0.00	35	72	1
0.00	35	73	1
-43.24	35	76	3
0.00	35	77	1
0.00	35	78	1
-336.72	35	83	4
0.00	35	84	1
0.00	35	92	3
0.00	35	102	3
-205.33	35	109	2
-109.51	35	110	2
-273.78	35	111	2
0.00	35	116	3
0.00	35	120	3
0.00	35	121	2
0.00	35	122	3
0.00	36	15	11
0.00	36	16	11
0.00	36	17	11
0.00	36	18	11
0.00	36	19	11
0.00	36	20	10
0.00	36	20	11
0.00	36	21	10
0.00	36	22	10
0.00	36	25	9
-0.99	36	36	8
-1363.50	36	40	6
0.00	36	42	6
0.00	36	43	6
0.00	36	44	6
0.00	36	46	5
0.00	36	50	6
0.00	36	52	5
0.00	36	52	6
0.00	36	55	4
0.00	36	56	4
0.00	36	57	4
0.00	36	59	4
0.00	36	61	3
0.00	36	61	4
-174.88	36	62	4
-174.88	36	62	6
-801.70	36	64	4
0.00	36	64	6
0.00	36	65	1
0.00	36	65	3
0.00	36	66	1
0.00	36	66	3
0.00	36	67	4
0.00	36	69	1
0.00	36	70	1
0.00	36	70	4
0.00	36	71	1
0.00	36	72	1
0.00	36	73	1
0.00	36	105	3
0.00	36	109	2
-260.09	36	110	2
0.00	36	111	2
-110.88	36	115	3
0.00	36	117	3
0.00	36	119	2
0.00	36	120	3
0.00	37	15	11
0.00	37	18	11
0.00	37	19	11
0.00	37	20	11
0.00	37	21	10
0.00	37	21	11
0.00	37	22	10
0.00	37	23	10
0.00	37	26	9
0.00	37	40	6
-1886.22	37	41	6
-1886.22	37	41	7
0.00	37	41	10
0.00	37	41	11
0.00	37	42	6
-1118.42	37	42	8
-457.52	37	43	6
-1066.59	37	44	6
0.00	37	45	5
0.00	37	45	6
0.00	37	46	5
0.00	37	46	6
0.00	37	48	6
0.00	37	52	5
0.00	37	55	4
-136.89	37	56	4
-1543.30	37	59	4
-1531.47	37	61	3
0.00	37	61	4
0.00	37	61	6
0.00	37	62	3
0.00	37	64	2
0.00	37	65	1
0.00	37	65	3
0.00	37	66	1
0.00	37	66	3
0.00	37	68	1
0.00	37	69	1
0.00	37	70	1
0.00	37	71	1
0.00	37	72	1
0.00	37	73	1
0.00	37	74	1
0.00	37	75	1
0.00	37	77	1
0.00	37	85	2
0.00	37	85	3
-358.65	37	112	2
0.00	37	114	2
0.00	37	114	3
0.00	37	117	2
0.00	37	118	2
0.00	37	119	2
0.00	37	120	3
0.00	38	15	11
0.00	38	17	11
-1355.15	38	19	11
0.00	38	20	11
0.00	38	21	11
0.00	38	22	11
0.00	38	23	10
0.00	38	23	11
0.00	38	24	10
0.00	38	25	10
0.00	38	26	9
0.00	38	27	9
0.00	38	46	6
-2.49	38	47	6
-2.49	38	47	7
-67.03	38	49	6
-67.03	38	49	7
-67.03	38	49	8
0.00	38	52	6
0.00	38	56	6
0.00	38	57	4
0.00	38	60	4
-293.79	38	60	6
-2276.28	38	61	4
0.00	38	62	3
-919.60	38	62	4
0.00	38	63	1
0.00	38	63	3
-864.77	38	63	4
-1045.68	38	64	4
0.00	38	64	11
0.00	38	65	1
0.00	38	65	3
0.00	38	66	3
-1818.21	38	66	4
0.00	38	67	1
0.00	38	67	3
-372.30	38	67	4
0.00	38	68	3
0.00	38	69	1
0.00	38	69	4
0.00	38	70	1
-36.03	38	71	1
0.00	38	72	1
0.00	38	73	1
0.00	38	74	1
0.00	38	74	3
0.00	38	75	1
0.00	38	75	2
0.00	38	75	3
0.00	38	82	2
0.00	38	85	2
0.00	38	85	3
-465.43	38	104	3
-1199.18	38	115	3
0.00	38	116	3
0.00	38	117	2
0.00	38	118	2
0.00	38	121	3
0.00	39	15	10
-217.80	39	16	11
0.00	39	17	11
0.00	39	18	11
0.00	39	19	11
0.00	39	20	11
0.00	39	21	11
0.00	39	22	11
-575.63	39	23	11
0.00	39	24	10
0.00	39	24	11
0.00	39	25	10
0.00	39	26	10
0.00	39	27	9
0.00	39	28	9
0.00	39	37	6
0.00	39	40	6
0.00	39	40	8
0.00	39	43	6
0.00	39	48	6
0.00	39	49	6
-59.95	39	51	6
0.00	39	52	5
-648.94	39	52	6
-4.99	39	53	6
0.00	39	55	4
0.00	39	57	4
-35413.51	39	60	4
-1756.99	39	60	6
-3026.88	39	61	4
0.00	39	62	3
0.00	39	62	4
0.00	39	63	1
0.00	39	63	3
-1470.06	39	65	4
-82.13	39	66	3
-1500.78	39	66	4
0.00	39	67	4
0.00	39	68	3
-1009.94	39	68	4
-30.66	39	72	1
0.00	39	72	3
0.00	39	72	4
0.00	39	73	1
0.00	39	75	1
-355.92	39	75	3
0.00	39	76	1
-811.49	39	76	3
0.00	39	77	1
0.00	39	77	2
0.00	39	77	3
0.00	39	78	2
0.00	39	78	3
0.00	39	80	4
0.00	39	80	8
0.00	39	84	1
0.00	39	84	3
-930.87	39	87	2
-1256.67	39	102	3
-676.24	39	103	3
-1232.03	39	105	3
-54.75	39	107	3
-547.57	39	114	3
0.00	39	115	3
0.00	39	117	3
0.00	39	118	2
0.00	39	119	3
0.00	40	16	10
0.00	40	17	11
0.00	40	18	11
0.00	40	19	11
0.00	40	20	11
0.00	40	21	11
0.00	40	22	11
0.00	40	23	11
0.00	40	24	11
0.00	40	25	10
0.00	40	25	11
0.00	40	26	10
0.00	40	27	11
0.00	40	30	9
0.00	40	40	8
0.00	40	41	8
0.00	40	42	6
0.00	40	43	6
0.00	40	44	6
0.00	40	45	6
-27.37	40	46	6
-119.91	40	47	6
-1011.31	40	47	7
-48.95	40	48	6
-36.97	40	51	6
0.00	40	52	5
-64.95	40	52	6
0.00	40	53	5
0.00	40	53	6
0.00	40	56	5
0.00	40	57	4
-86.90	40	57	6
0.00	40	59	4
-1487.01	40	59	6
-2025.82	40	60	4
-1073.62	40	60	6
-28.91	40	61	4
-186.55	40	62	4
-221.21	40	62	6
-1012.23	40	63	4
0.00	40	64	3
-4897.22	40	65	4
0.00	40	65	6
0.00	40	66	1
0.00	40	66	2
0.00	40	66	3
0.00	40	66	4
0.00	40	67	1
0.00	40	67	3
0.00	40	67	4
-1865.18	40	68	4
-955.75	40	69	4
0.00	40	72	1
0.00	40	72	3
0.00	40	72	4
0.00	40	74	1
0.00	40	74	3
0.00	40	75	1
-13.68	40	75	2
-191.65	40	75	3
-6.84463e-03	40	75	5
-6.84463e-03	40	75	6
0.00	40	76	1
0.00	40	76	3
0.00	40	83	1
0.00	40	83	2
0.00	40	83	3
0.00	40	86	1
0.00	40	86	2
0.00	40	86	3
-2666.68	40	87	2
-260.09	40	88	2
0.00	40	88	3
-1642.16	40	102	2
-835.04	40	102	3
-273.78	40	103	3
0.00	40	104	3
0.00	40	105	3
0.00	40	106	3
0.00	40	115	3
0.00	40	117	3
0.00	40	118	3
0.00	40	120	3
0.00	41	18	10
0.00	41	18	11
0.00	41	19	11
0.00	41	20	11
0.00	41	21	11
0.00	41	22	11
0.00	41	23	11
0.00	41	24	11
0.00	41	25	11
0.00	41	26	10
0.00	41	26	11
0.00	41	27	9
0.00	41	27	10
0.00	41	31	9
0.00	41	36	5
0.00	41	36	6
0.00	41	36	7
0.00	41	38	6
0.00	41	43	6
0.00	41	44	6
0.00	41	45	6
0.00	41	47	6
0.00	41	49	6
-663.27	41	50	6
0.00	41	52	6
0.00	41	56	6
-782.91	41	58	6
0.00	41	59	4
0.00	41	59	5
0.00	41	59	6
-4.92	41	60	4
-133.82	41	60	6
-9.99	41	61	4
-20.76	41	62	4
0.00	41	63	4
-107.59	41	64	4
-87.61	41	65	4
-89.93	41	66	4
0.00	41	66	10
0.00	41	66	11
-3013.24	41	67	4
0.00	41	68	3
-2.19	41	68	4
-266.96	41	69	4
0.00	41	70	1
0.00	41	70	4
0.00	41	74	1
0.00	41	74	2
0.00	41	74	3
0.00	41	75	1
-183.84	41	75	2
-678.40	41	75	3
0.00	41	76	1
0.00	41	76	2
-348.27	41	76	3
0.00	41	83	2
0.00	41	84	2
-355.92	41	86	2
-802.22	41	87	2
0.00	41	87	3
-1327.85	41	88	2
-1040.38	41	102	2
-889.80	41	103	2
0.00	41	104	3
-219.02	41	105	3
0.00	41	106	3
0.00	41	114	2
0.00	41	114	3
0.00	41	117	2
0.00	41	118	2
0.00	42	16	10
0.00	42	19	10
0.00	42	19	11
0.00	42	20	11
0.00	42	21	11
0.00	42	22	11
0.00	42	23	11
0.00	42	24	11
0.00	42	25	11
0.00	42	26	11
0.00	42	27	10
0.00	42	27	11
0.00	42	28	11
0.00	42	29	9
0.00	42	31	10
0.00	42	32	10
0.00	42	32	11
0.00	42	34	8
-1612.15	42	38	6
0.00	42	39	6
0.00	42	40	6
0.00	42	41	6
0.00	42	43	6
0.00	42	52	6
-660.40	42	55	6
-152.65	42	55	8
0.00	42	57	6
-2261.11	42	59	6
-258.23	42	59	8
-2412.98	42	61	6
-7.88	42	62	4
-69.65	42	63	4
0.00	42	64	4
0.00	42	64	6
-391.49	42	65	4
-1783.38	42	65	6
-96.94	42	65	8
-463.65	42	66	4
-1195.21	42	66	6
-3453.00	42	67	4
-2466.31	42	67	6
-0.99	42	68	4
-438.82	42	70	4
0.00	42	71	3
-763.20	42	71	4
-660.78	42	72	4
-1238.36	42	73	4
-1682.59	42	74	4
-708.14	42	75	4
0.00	42	78	8
0.00	42	85	2
0.00	42	85	3
0.00	42	87	1
-377.81	42	87	2
-1060.17	42	88	2
0.00	42	89	2
0.00	42	90	2
-2.46	42	91	2
0.00	42	92	2
0.00	42	104	2
0.00	42	104	3
0.00	42	115	3
0.00	42	116	3
0.00	42	117	2
0.00	42	119	2
0.00	43	15	10
0.00	43	18	9
0.00	43	19	10
0.00	43	19	11
0.00	43	20	10
0.00	43	20	11
0.00	43	21	11
0.00	43	22	11
0.00	43	23	11
0.00	43	24	11
0.00	43	25	11
0.00	43	26	11
0.00	43	27	11
0.00	43	28	10
-72.06	43	29	10
0.00	43	30	9
0.00	43	31	9
0.00	43	31	10
0.00	43	32	9
0.00	43	32	10
-89.35	43	34	8
0.00	43	40	6
0.00	43	43	6
0.00	43	46	5
0.00	43	46	6
0.00	43	46	7
-1455.06	43	48	6
-1081.76	43	52	6
-2784.77	43	53	6
0.00	43	55	5
0.00	43	55	6
0.00	43	57	6
0.00	43	58	5
0.00	43	58	6
0.00	43	59	5
0.00	43	60	6
0.00	43	62	4
-250.07	43	62	6
-250.07	43	62	7
0.00	43	62	10
0.00	43	62	11
0.00	43	63	4
0.00	43	63	6
0.00	43	64	10
0.00	43	64	11
-214.06	43	65	4
-328.54	43	66	4
-503.57	43	66	6
0.00	43	67	4
0.00	43	68	4
-473.15	43	68	6
0.00	43	69	4
-1419.00	43	69	8
0.00	43	70	4
0.00	43	71	1
-683.61	43	71	4
-529.03	43	71	6
0.00	43	76	4
0.00	43	78	1
0.00	43	78	8
0.00	43	81	3
0.00	43	84	2
0.00	43	87	1
0.00	43	88	1
0.00	43	88	2
-328.54	43	89	2
-355.92	43	90	2
0.00	43	91	2
0.00	43	104	2
-232.71	43	105	2
0.00	43	107	3
0.00	43	108	3
-507.73	43	110	3
0.00	43	115	3
0.00	43	116	2
0.00	43	116	3
0.00	43	119	2
0.00	43	119	3
0.00	44	19	9
0.00	44	21	10
-27.24	44	22	11
0.00	44	23	11
0.00	44	24	11
0.00	44	25	10
0.00	44	25	11
0.00	44	26	11
0.00	44	27	11
0.00	44	28	11
0.00	44	29	11
0.00	44	30	9
0.00	44	30	10
0.00	44	33	10
0.00	44	33	11
0.00	44	34	10
0.00	44	42	6
-462.86	44	42	7
0.00	44	52	6
0.00	44	53	6
-4459.61	44	54	6
0.00	44	54	10
0.00	44	54	11
0.00	44	55	5
0.00	44	55	6
0.00	44	56	6
0.00	44	57	6
0.00	44	58	6
0.00	44	59	6
0.00	44	61	6
-640.90	44	62	6
0.00	44	63	10
0.00	44	63	11
-30.55	44	64	6
-33.80	44	65	4
0.00	44	65	5
-2873.40	44	65	6
0.00	44	66	4
0.00	44	67	4
-154.88	44	67	6
-154.88	44	67	7
-0.99	44	68	4
-549.56	44	69	6
0.00	44	69	8
-24.64	44	70	4
-351.75	44	70	6
-838.13	44	71	4
-798.41	44	71	6
0.00	44	72	2
0.00	44	76	6
0.00	44	82	2
0.00	44	82	4
0.00	44	88	1
0.00	44	89	1
0.00	44	90	1
0.00	44	93	3
0.00	44	95	3
0.00	44	103	3
-1.23	44	107	2
-4.10	44	109	2
0.00	44	110	3
-458.63	44	115	3
0.00	44	116	3
0.00	44	119	2
-41.06	44	120	3
0.00	44	121	3
0.00	45	20	9
0.00	45	22	10
0.00	45	22	11
0.00	45	23	11
0.00	45	24	11
0.00	45	25	10
-492.47	45	25	11
0.00	45	26	10
0.00	45	26	11
0.00	45	27	10
0.00	45	27	11
0.00	45	28	10
0.00	45	29	10
0.00	45	30	10
0.00	45	31	11
0.00	45	33	10
-225.46	45	34	8
0.00	45	45	5
-1454.40	45	51	6
0.00	45	53	6
-9.58	45	54	6
-301.16	45	55	6
0.00	45	56	6
-108.68	45	57	5
0.00	45	57	6
-4.99	45	58	6
-7010.28	45	59	6
-1921.78	45	59	8
-2277.85	45	60	6
-907.98	45	61	6
-3210.46	45	62	6
0.00	45	62	10
0.00	45	62	11
-3160.90	45	63	6
-2118.96	45	64	6
0.00	45	66	5
0.00	45	67	5
0.00	45	68	5
0.00	45	69	1
0.00	45	70	4
0.00	45	70	5
-2051.66	45	70	6
-1370.91	45	71	4
-842.13	45	71	6
-631.80	45	72	4
-342.31	45	72	6
0.00	45	86	3
0.00	45	89	1
0.00	45	90	1
0.00	45	91	1
-328.54	45	103	3
0.00	45	104	3
0.00	45	115	2
0.00	45	116	3
0.00	45	117	2
-157.70	45	118	2
0.00	45	119	2
0.00	46	20	9
0.00	46	24	11
0.00	46	25	11
-57.86	46	26	11
0.00	46	27	10
0.00	46	27	11
0.00	46	28	10
-1046.62	46	29	10
0.00	46	29	11
0.00	46	30	10
0.00	46	30	11
0.00	46	32	9
0.00	46	32	11
0.00	46	34	9
0.00	46	34	10
0.00	46	41	5
-177.96	46	50	6
0.00	46	53	6
-943.46	46	54	6
0.00	46	55	6
0.00	46	57	6
0.00	46	58	6
0.00	46	59	5
-5555.24	46	59	6
-591.92	46	59	8
-646.94	46	60	6
-105.40	46	61	6
-3908.56	46	63	6
-129.10	46	64	6
-1233.78	46	66	6
-486.77	46	67	6
-151.91	46	67	7
-448.53	46	69	6
0.00	46	70	4
0.00	46	71	4
0.00	46	71	6
-174.73	46	72	4
-249.74	46	72	6
0.00	46	73	6
0.00	46	74	8
0.00	46	80	4
0.00	46	86	3
0.00	46	89	1
0.00	46	90	1
0.00	46	91	1
0.00	46	92	1
0.00	46	93	2
-82.13	46	106	3
0.00	46	107	3
0.00	46	108	3
-151.12	46	109	2
0.00	46	109	3
0.00	46	115	3
0.00	46	116	3
0.00	46	117	2
0.00	46	118	2
0.00	47	22	9
0.00	47	24	9
0.00	47	24	10
0.00	47	25	10
0.00	47	26	11
0.00	47	27	11
0.00	47	28	10
0.00	47	28	11
0.00	47	29	10
0.00	47	30	10
0.00	47	30	11
0.00	47	31	10
0.00	47	31	11
0.00	47	33	10
-541.32	47	36	8
0.00	47	49	5
0.00	47	49	6
0.00	47	53	6
0.00	47	54	6
0.00	47	55	6
0.00	47	56	6
0.00	47	57	6
0.00	47	58	6
-1074.41	47	59	8
-435.04	47	60	6
0.00	47	61	6
-2569.01	47	62	6
0.00	47	64	6
0.00	47	67	6
-4274.80	47	72	4
-821.08	47	72	6
0.00	47	73	4
0.00	47	73	5
-304.72	47	74	4
0.00	47	86	3
0.00	47	87	3
0.00	47	88	1
0.00	47	90	1
0.00	47	104	3
-206.70	47	105	2
-1.23	47	106	3
-1.23	47	107	3
0.00	47	109	3
-1.36	47	110	3
-413.96	47	117	2
0.00	47	118	2
0.00	47	119	2
0.00	47	120	2
0.00	48	23	9
0.00	48	23	10
0.00	48	27	10
-419.52	48	27	11
0.00	48	28	10
0.00	48	28	11
0.00	48	29	10
0.00	48	30	11
0.00	48	31	10
0.00	48	33	10
0.00	48	36	10
0.00	48	54	6
0.00	48	55	6
-1852.81	48	56	6
-0.99	48	57	6
0.00	48	58	5
-1783.13	48	59	6
-502.01	48	70	6
0.00	48	72	8
0.00	48	73	4
0.00	48	73	6
0.00	48	83	4
-48.37	48	84	3
0.00	48	90	1
0.00	48	91	1
0.00	48	92	1
0.00	48	93	1
0.00	48	94	1
0.00	48	104	3
-2.46	48	105	2
-136.89	48	105	3
-24.64	48	106	2
-5.20	48	106	3
0.00	48	108	3
0.00	48	109	3
-175.22	48	112	3
-150.58	48	113	3
0.00	48	115	2
0.00	48	117	2
0.00	48	118	2
0.00	48	119	2
0.00	48	120	2
0.00	49	27	11
0.00	49	28	10
0.00	49	28	11
0.00	49	29	10
0.00	49	29	11
-763.22	49	32	9
0.00	49	34	9
0.00	49	39	10
-675.14	49	46	6
0.00	49	48	6
0.00	49	54	6
0.00	49	55	6
0.00	49	57	6
0.00	49	58	5
0.00	49	58	6
0.00	49	59	5
0.00	49	66	8
0.00	49	70	6
-49.96	49	71	4
0.00	49	71	6
0.00	49	72	4
-729.93	49	73	4
0.00	49	73	6
-41.06	49	80	4
0.00	49	80	8
0.00	49	85	3
0.00	49	86	3
0.00	49	89	4
0.00	49	93	1
0.00	49	94	1
-2.46	49	106	2
-1.23	49	106	3
-83.36	49	107	2
0.00	49	111	3
-219.02	49	112	3
-123.20	49	114	3
0.00	49	117	2
0.00	49	118	2
0.00	49	120	2
0.00	50	26	9
0.00	50	28	10
-2630.15	50	30	10
0.00	50	31	10
0.00	50	31	11
0.00	50	34	9
0.00	50	52	6
0.00	50	52	7
0.00	50	58	5
-1463.52	50	59	6
-0.99	50	60	6
0.00	50	62	6
-733.52	50	71	6
0.00	50	73	4
0.00	50	75	1
0.00	50	76	1
0.00	50	76	4
-26326.79	50	80	4
0.00	50	81	4
0.00	50	85	4
0.00	50	91	3
0.00	50	106	3
-177.96	50	108	3
0.00	50	108	4
0.00	50	111	2
0.00	50	112	2
0.00	50	112	3
0.00	50	113	2
0.00	50	113	3
-199.86	50	114	3
0.00	50	119	2
0.00	50	121	2
0.00	51	18	9
0.00	51	26	11
0.00	51	28	11
0.00	51	29	10
0.00	51	31	9
0.00	51	31	10
0.00	51	32	9
-151.55	51	33	9
0.00	51	39	9
-483.45	51	40	8
0.00	51	40	10
0.00	51	47	6
0.00	51	47	7
0.00	51	57	6
-0.99	51	58	6
-0.99	51	58	7
0.00	51	59	5
0.00	51	60	5
-39.97	51	60	6
0.00	51	70	6
-124.88	51	72	6
-6.84	51	74	4
-492.81	51	74	6
0.00	51	76	8
0.00	51	77	4
0.00	51	80	4
0.00	51	80	8
0.00	51	81	3
0.00	51	82	3
0.00	51	83	3
0.00	51	84	3
0.00	51	85	3
0.00	51	85	4
0.00	51	88	3
0.00	51	89	3
0.00	51	95	1
0.00	51	96	1
0.00	51	107	3
0.00	51	109	3
0.00	51	110	2
0.00	51	112	2
-238.19	51	113	2
0.00	51	119	2
0.00	51	120	2
0.00	51	121	2
0.00	52	18	9
0.00	52	24	10
0.00	52	32	9
-118.23	52	33	9
0.00	52	35	10
0.00	52	52	6
0.00	52	57	5
0.00	52	58	5
0.00	52	58	6
0.00	52	59	6
-71.78	52	60	6
-268.37	52	63	6
0.00	52	65	6
0.00	52	65	7
-350.82	52	68	6
0.00	52	73	6
-9.99	52	74	6
-265.16	52	76	6
0.00	52	78	4
0.00	52	79	4
0.00	52	81	4
0.00	52	81	7
0.00	52	81	8
0.00	52	84	3
0.00	52	85	3
0.00	52	86	3
0.00	52	89	1
0.00	52	96	1
0.00	52	97	1
0.00	52	106	3
0.00	52	109	3
0.00	52	110	3
0.00	52	112	2
0.00	52	113	2
0.00	52	114	3
0.00	52	115	3
0.00	52	118	2
0.00	52	119	2
0.00	52	120	2
0.00	53	32	11
0.00	53	34	9
-603.72	53	44	8
0.00	53	54	5
0.00	53	59	5
-667.54	53	60	5
-59.13	53	60	6
0.00	53	75	4
-875.49	53	75	6
-768.00	53	76	6
0.00	53	96	1
0.00	53	97	1
0.00	53	97	2
0.00	53	97	3
0.00	53	98	1
0.00	53	98	2
0.00	53	103	3
-246.40	53	104	2
0.00	53	105	3
0.00	53	109	3
0.00	53	110	3
0.00	53	112	2
0.00	53	113	2
0.00	53	115	3
0.00	53	121	2
0.00	54	17	10
0.00	54	27	8
0.00	54	28	8
0.00	54	29	8
0.00	54	30	8
0.00	54	31	8
0.00	54	31	10
-17.79	54	50	5
0.00	54	59	5
0.00	54	59	6
0.00	54	60	5
0.00	54	60	6
-180.40	54	68	6
0.00	54	77	6
0.00	54	78	4
0.00	54	84	1
0.00	54	84	3
0.00	54	97	1
0.00	54	97	2
-284.73	54	98	1
0.00	54	98	2
-19.98	54	100	4
0.00	54	101	2
0.00	54	102	2
0.00	54	102	3
0.00	54	103	3
0.00	54	120	2
0.00	54	121	2
-410.38	55	15	11
-853.22	55	16	10
-893.08	55	16	11
0.00	55	26	8
0.00	55	30	8
0.00	55	32	8
0.00	55	32	9
0.00	55	33	8
0.00	55	51	6
0.00	55	52	6
0.00	55	56	5
0.00	55	59	5
0.00	55	59	6
0.00	55	60	5
0.00	55	60	6
0.00	55	61	5
0.00	55	62	5
-242.40	55	62	6
-324.40	55	70	6
0.00	55	70	7
-22.79	55	78	4
-322.77	55	78	6
0.00	55	79	4
-279.80	55	79	6
0.00	55	80	6
0.00	55	90	4
0.00	55	93	3
0.00	55	94	3
0.00	55	94	4
0.00	55	95	1
0.00	55	95	3
0.00	55	98	1
-411.91	55	100	2
0.00	55	101	2
0.00	55	101	3
-150.58	55	102	3
0.00	55	103	3
-180.69	55	107	3
0.00	55	108	3
0.00	55	115	3
-474.33	55	117	2
0.00	55	120	2
-443.53	55	121	2
0.00	56	26	8
0.00	56	28	8
0.00	56	29	8
0.00	56	30	8
0.00	56	34	10
0.00	56	35	8
0.00	56	56	5
-2307.87	56	56	6
0.00	56	57	6
0.00	56	58	6
0.00	56	59	5
0.00	56	59	6
0.00	56	60	5
0.00	56	60	6
0.00	56	61	5
0.00	56	62	5
0.00	56	62	6
-458.71	56	64	6
-458.71	56	64	7
-341.19	56	79	6
-1672.07	56	80	6
0.00	56	85	3
0.00	56	86	3
0.00	56	87	3
0.00	56	89	3
0.00	56	90	3
-314.85	56	100	2
-191.65	56	100	3
0.00	56	101	2
0.00	56	102	2
0.00	56	103	3
0.00	56	106	3
0.00	56	111	3
0.00	57	23	9
0.00	57	34	10
0.00	57	58	5
-2148.67	57	58	6
0.00	57	59	5
0.00	57	59	6
0.00	57	60	5
-2666.53	57	60	6
0.00	57	61	5
-263.71	57	61	6
0.00	57	63	5
-936.53	57	63	6
0.00	57	64	5
0.00	57	79	4
0.00	57	79	6
0.00	57	85	3
0.00	57	86	3
-115.15	57	87	6
0.00	57	89	3
-98.56	57	101	2
0.00	57	101	3
0.00	57	102	2
-109.51	57	102	3
0.00	57	105	3
-136.89	57	108	2
-494.91	58	39	10
0.00	58	43	9
0.00	58	43	10
0.00	58	43	11
0.00	58	52	7
0.00	58	55	5
-1712.94	58	55	6
0.00	58	56	5
0.00	58	60	6
0.00	58	62	5
0.00	58	64	5
0.00	58	64	6
-24.42	58	82	6
0.00	58	84	3
0.00	58	85	12
-73.92	58	102	2
0.00	58	102	3
-6.84	58	106	3
0.00	58	107	3
-108.14	58	108	2
-2336.82	59	18	10
-2033.70	59	24	10
0.00	59	30	10
0.00	59	41	8
0.00	59	54	6
0.00	59	58	5
0.00	59	59	5
0.00	59	60	5
0.00	59	79	8
0.00	59	85	4
0.00	59	86	4
-971.06	59	86	6
0.00	59	92	3
0.00	59	93	3
0.00	59	93	4
0.00	59	102	2
0.00	59	102	3
-427.10	59	104	3
0.00	59	107	2
-186.17	59	108	2
0.00	59	110	2
0.00	59	111	2
-702.52	60	28	8
-336.11	60	29	8
-143.31	60	30	8
-2687.11	60	48	8
0.00	60	49	5
0.00	60	49	6
0.00	60	49	7
0.00	60	55	6
0.00	60	57	6
0.00	60	57	7
0.00	60	65	5
-99.93	60	79	6
0.00	60	83	4
0.00	60	89	1
0.00	60	98	3
0.00	60	100	3
-301.16	60	108	2
-27.37	60	109	2
0.00	60	111	3
-724.29	61	29	8
0.00	61	29	10
0.00	61	30	10
0.00	61	52	5
0.00	61	53	5
-8.00	61	53	6
-1168.43	61	53	7
0.00	61	60	5
-1465.98	61	60	6
0.00	61	63	6
-522.16	61	65	6
0.00	61	89	1
0.00	61	90	1
0.00	61	99	3
0.00	61	103	3
-68.44	61	104	2
-388.77	61	109	3
0.00	61	110	3
0.00	61	111	3
0.00	62	41	10
0.00	62	51	5
0.00	62	52	5
0.00	62	52	6
0.00	62	53	5
0.00	62	53	6
0.00	62	58	5
0.00	62	72	7
0.00	62	75	6
0.00	62	81	4
-24.91	62	82	4
0.00	62	95	1
0.00	62	105	2
0.00	62	106	2
0.00	62	110	3
0.00	63	27	10
0.00	63	51	5
-72.68	63	51	7
-72.68	63	51	8
0.00	63	52	5
0.00	63	53	5
0.00	63	53	6
-917.42	63	54	6
0.00	63	59	5
-10.67	63	80	4
0.00	63	81	4
0.00	63	83	4
-497.45	63	87	6
0.00	63	89	6
0.00	63	100	3
0.00	63	102	3
0.00	63	107	3
0.00	63	108	3
-365.12	64	38	10
0.00	64	51	5
0.00	64	53	5
0.00	64	53	6
0.00	64	53	7
0.00	64	54	6
-124.57	64	55	6
0.00	64	63	5
0.00	64	63	6
0.00	64	66	6
0.00	64	80	6
0.00	64	86	4
0.00	64	88	6
0.00	64	105	3
0.00	64	109	3
-123.20	64	110	3
0.00	65	32	10
0.00	65	33	9
0.00	65	50	6
-99.93	65	50	7
-408.80	65	50	8
-113.44	65	54	5
0.00	65	61	5
0.00	65	66	5
-250.68	65	74	6
-250.68	65	74	7
-719.50	65	79	6
-719.50	65	79	7
0.00	65	80	1
0.00	65	82	4
0.00	65	85	4
0.00	65	86	4
-17.01	65	89	4
0.00	65	98	3
-251.88	65	110	3
0.00	65	111	3
0.00	66	34	9
0.00	66	49	6
0.00	66	54	6
-1058.29	66	54	7
-188.78	66	79	6
-188.78	66	79	7
0.00	66	100	3
0.00	66	104	3
0.00	67	25	10
0.00	67	35	10
-299.14	67	39	8
-367.13	67	40	8
0.00	67	45	6
0.00	67	45	7
0.00	67	52	5
0.00	67	54	7
0.00	67	54	8
0.00	67	79	6
-158.79	67	91	4
0.00	67	106	3
0.00	67	108	3
0.00	68	23	11
0.00	68	24	10
0.00	68	26	10
-252.49	68	43	8
0.00	68	44	7
0.00	68	58	5
0.00	68	59	6
0.00	68	59	7
-21.90	68	63	5
0.00	68	63	6
0.00	68	63	7
0.00	68	68	6
-293.15	68	68	7
-680.51	68	75	6
0.00	68	84	6
0.00	68	89	7
0.00	68	96	3
0.00	68	103	3
0.00	69	29	10
0.00	69	30	10
0.00	69	36	9
0.00	69	53	6
-419.09	69	65	7
-252.48	69	74	7
0.00	69	94	14
0.00	69	106	3
-648.93	70	24	10
0.00	70	25	10
-944.55	70	58	6
0.00	70	82	6
0.00	71	26	9
-395.75	71	26	10
0.00	71	28	10
0.00	71	35	10
-150.97	71	44	8
0.00	71	55	7
0.00	71	83	9
-16.42	71	102	3
0.00	71	104	3
0.00	72	23	11
-2992.91	72	25	10
0.00	72	31	10
0.00	72	34	10
0.00	72	41	10
0.00	72	44	10
0.00	72	55	6
0.00	72	55	7
0.00	72	55	8
0.00	72	104	3
0.00	72	104	4
0.00	73	23	10
0.00	73	24	10
0.00	73	26	10
0.00	73	27	10
0.00	73	28	10
0.00	73	29	10
0.00	73	30	10
0.00	73	31	10
0.00	73	33	10
0.00	73	40	10
0.00	73	41	9
-164.27	73	50	6
0.00	73	64	7
-210.78	73	65	7
0.00	73	74	6
0.00	73	74	7
0.00	73	74	8
0.00	73	101	3
0.00	73	105	3
0.00	73	107	3
0.00	74	25	10
0.00	74	27	10
0.00	74	30	9
0.00	74	38	10
0.00	74	41	9
0.00	74	41	10
0.00	74	55	6
0.00	74	64	6
-2006.41	74	64	7
0.00	74	83	9
0.00	74	85	6
0.00	74	85	7
0.00	74	108	4
0.00	74	108	14
-28.67	75	21	10
0.00	75	26	11
0.00	75	28	9
0.00	75	28	10
0.00	75	37	9
-27.37	75	48	5
-16.23	75	49	7
0.00	75	51	6
0.00	75	51	7
0.00	75	65	6
0.00	75	65	7
-1095.14	75	75	6
-1095.14	75	75	7
0.00	75	89	14
-223.14	76	19	10
0.00	76	21	10
0.00	76	25	10
0.00	76	27	10
0.00	76	28	10
0.00	76	64	7
0.00	76	86	10
0.00	76	87	9
0.00	76	97	7
0.00	76	97	10
0.00	77	25	9
0.00	77	26	9
0.00	77	27	10
0.00	77	28	11
0.00	77	34	9
0.00	77	34	10
-767.58	77	37	9
0.00	77	39	9
0.00	77	55	6
0.00	77	67	6
0.00	77	67	7
0.00	77	85	9
0.00	77	85	10
0.00	77	86	9
0.00	77	86	10
0.00	77	89	9
0.00	77	89	10
0.00	78	28	10
-472.85	78	30	9
-726.89	78	30	10
-637.59	78	31	9
-637.59	78	31	10
0.00	78	32	9
0.00	78	32	10
0.00	78	35	9
0.00	78	35	10
0.00	78	63	7
0.00	78	63	8
-273.78	78	76	7
-273.78	78	76	8
0.00	78	89	9
0.00	78	89	10
0.00	79	25	10
0.00	79	27	10
0.00	79	29	10
0.00	79	30	10
0.00	79	34	9
0.00	79	34	10
0.00	79	38	9
0.00	79	38	10
0.00	79	54	8
0.00	79	55	8
0.00	79	56	8
-219.02	79	65	6
-219.02	79	65	7
0.00	79	68	7
0.00	80	28	10
0.00	80	29	10
0.00	80	30	10
0.00	80	31	9
0.00	80	31	10
0.00	80	32	9
0.00	80	32	10
0.00	80	33	10
0.00	80	41	9
0.00	80	41	10
-27.37	80	53	8
0.00	80	53	9
0.00	80	53	10
-342.23	80	78	7
-342.23	80	78	8
0.00	80	92	13
0.00	81	32	9
0.00	81	32	10
0.00	81	35	10
0.00	81	45	8
0.00	81	45	10
0.00	81	54	8
0.00	81	65	6
0.00	81	65	7
0.00	81	65	8
0.00	81	99	14
0.00	82	30	10
-2.73	82	33	9
-2.73	82	33	10
0.00	82	33	14
0.00	82	35	10
0.00	82	35	12
0.00	82	36	10
0.00	82	36	11
0.00	82	47	8
0.00	82	55	8
0.00	82	61	8
0.00	82	61	9
0.00	82	64	6
0.00	82	72	7
0.00	82	72	8
0.00	82	73	8
0.00	82	89	10
0.00	82	92	14
0.00	82	99	14
0.00	83	30	14
0.00	83	32	9
0.00	83	32	10
0.00	83	32	11
0.00	83	33	11
0.00	83	34	9
0.00	83	34	10
0.00	83	35	9
0.00	83	35	10
-0.68	83	57	8
-0.68	83	61	5
-0.68	83	61	6
0.00	83	69	6
0.00	84	30	14
0.00	84	34	9
0.00	84	34	10
0.00	84	39	9
0.00	84	39	10
0.00	84	49	10
0.00	84	54	8
-1.36	84	58	8
0.00	84	64	6
0.00	84	64	7
0.00	84	65	6
0.00	84	66	6
0.00	84	66	8
0.00	84	83	9
0.00	85	26	14
0.00	85	31	10
0.00	85	33	9
0.00	85	33	10
0.00	85	34	9
0.00	85	34	10
0.00	85	34	11
0.00	85	42	9
0.00	85	42	10
0.00	85	49	9
0.00	85	49	10
0.00	85	53	8
-0.41	85	57	8
0.00	85	60	8
0.00	85	61	8
0.00	85	61	9
0.00	85	61	10
0.00	85	64	6
0.00	85	64	7
0.00	85	78	9
0.00	85	99	14
0.00	86	25	15
0.00	86	28	10
0.00	86	33	9
0.00	86	33	10
0.00	86	34	9
0.00	86	41	10
0.00	86	41	14
0.00	86	62	8
0.00	86	64	6
0.00	86	65	6
0.00	86	87	5
0.00	86	95	14
0.00	87	24	15
0.00	87	33	9
0.00	87	33	10
0.00	87	34	9
0.00	87	34	10
0.00	87	55	8
0.00	87	62	8
0.00	87	64	6
0.00	87	64	7
0.00	87	70	8
0.00	87	100	14
0.00	88	22	15
0.00	88	23	15
0.00	88	29	14
0.00	88	34	9
0.00	88	34	10
0.00	88	36	11
0.00	88	37	10
0.00	88	37	11
0.00	88	40	9
0.00	88	40	10
0.00	88	49	9
0.00	88	49	10
0.00	88	54	8
0.00	88	55	8
-1.36	88	61	8
0.00	88	64	8
0.00	88	64	9
0.00	88	64	10
0.00	88	65	8
-0.68	88	72	6
0.00	88	100	14
0.00	89	25	15
0.00	89	36	9
0.00	89	36	10
0.00	89	54	8
-1.36	89	61	8
-0.68	89	62	8
0.00	89	64	8
-1.36	89	73	5
0.00	89	100	14
0.00	89	102	15
0.00	90	28	14
0.00	90	34	9
0.00	90	34	10
0.00	90	46	9
0.00	90	46	10
0.00	90	55	8
0.00	90	56	8
0.00	90	68	5
0.00	90	70	6
0.00	90	96	13
0.00	91	27	14
0.00	91	29	15
0.00	91	37	9
0.00	91	37	10
-246.40	91	45	9
-246.40	91	45	10
0.00	91	46	14
0.00	91	55	8
0.00	91	60	8
0.00	91	60	9
-547.57	91	70	8
0.00	91	100	14
0.00	92	27	15
0.00	92	31	10
0.00	92	35	9
0.00	92	36	10
0.00	92	45	15
0.00	92	53	9
0.00	92	61	8
0.00	92	74	6
0.00	92	81	9
0.00	92	93	14
0.00	93	32	9
0.00	93	36	14
0.00	93	54	9
0.00	93	54	10
0.00	93	60	8
0.00	93	68	8
0.00	93	69	8
0.00	94	32	15
0.00	94	38	10
0.00	94	38	11
0.00	94	38	14
0.00	94	42	14
0.00	94	45	9
0.00	94	45	10
0.00	94	55	14
0.00	94	65	8
0.00	94	66	8
0.00	94	71	6
0.00	94	73	8
0.00	95	31	15
0.00	95	33	11
0.00	95	38	9
0.00	95	38	10
0.00	95	38	14
0.00	95	38	15
0.00	95	40	10
0.00	95	40	11
0.00	95	54	9
0.00	95	59	8
0.00	95	60	8
0.00	95	64	8
0.00	95	67	8
0.00	95	73	8
0.00	96	29	15
0.00	96	35	14
0.00	96	40	9
0.00	96	46	9
0.00	96	46	10
0.00	96	46	14
0.00	96	49	14
0.00	96	50	14
0.00	96	56	8
0.00	96	65	9
-1.36	96	69	8
0.00	96	81	9
0.00	97	35	10
0.00	97	35	11
-72.27	97	46	9
-72.27	97	46	10
0.00	97	46	14
0.00	97	47	9
0.00	97	47	14
0.00	97	53	13
0.00	97	71	8
0.00	97	84	13
0.00	97	84	14
0.00	98	35	14
0.00	98	45	10
0.00	98	45	14
0.00	98	53	9
0.00	98	53	10
0.00	98	55	14
0.00	98	57	8
0.00	98	59	8
0.00	98	61	9
0.00	98	61	10
0.00	98	90	14
0.00	98	97	13
0.00	99	32	15
0.00	99	37	11
0.00	99	44	9
0.00	99	49	9
0.00	99	49	10
0.00	99	55	9
0.00	99	55	10
-109.51	99	56	8
0.00	99	57	9
0.00	99	57	10
0.00	99	58	8
0.00	99	58	9
0.00	99	60	8
0.00	99	60	9
0.00	99	60	10
0.00	99	75	9
0.00	99	75	10
0.00	99	81	9
0.00	100	40	15
0.00	100	45	9
0.00	100	45	10
0.00	100	46	9
0.00	100	46	10
0.00	100	55	13
0.00	100	58	8
0.00	101	41	14
0.00	101	74	15
0.00	101	75	9
0.00	101	75	10
0.00	102	35	15
0.00	102	45	14
0.00	102	55	10
0.00	102	55	14
0.00	102	60	9
0.00	102	60	10
0.00	102	62	9
0.00	102	62	10
0.00	102	71	9
0.00	102	78	9
0.00	102	82	9
0.00	103	37	15
-19.98	103	38	14
0.00	103	54	9
0.00	103	54	10
0.00	103	54	14
0.00	103	56	9
0.00	103	56	10
0.00	103	59	9
0.00	103	59	10
-95.82	103	60	9
0.00	103	74	9
0.00	103	74	10
0.00	103	79	9
0.00	104	38	14
0.00	104	41	15
0.00	104	77	9
0.00	105	51	10
0.00	105	51	14
0.00	105	58	9
0.00	105	58	10
0.00	105	90	13
0.00	105	90	14
0.00	106	43	14
0.00	106	47	15
0.00	106	48	9
0.00	106	48	10
0.00	106	52	9
0.00	106	52	10
0.00	106	62	10
0.00	106	64	14
0.00	106	65	10
0.00	106	65	12
0.00	106	68	9
0.00	106	72	9
0.00	106	73	9
0.00	106	73	10
0.00	106	74	9
0.00	106	74	10
0.00	106	75	9
0.00	106	75	10
0.00	106	78	9
0.00	106	78	10
0.00	107	38	15
0.00	107	46	15
0.00	107	55	9
0.00	107	55	10
0.00	107	57	9
0.00	107	57	10
0.00	107	60	9
0.00	107	60	10
0.00	107	64	13
0.00	107	64	14
0.00	107	76	9
0.00	107	76	10
0.00	108	38	15
0.00	108	40	15
0.00	108	41	15
0.00	108	42	15
0.00	108	45	15
0.00	108	49	9
0.00	108	49	10
0.00	108	50	9
0.00	108	74	9
0.00	108	74	10
0.00	108	75	9
0.00	108	76	14
0.00	108	78	9
0.00	108	78	10
0.00	109	43	15
0.00	109	48	14
0.00	109	52	9
0.00	109	59	9
0.00	109	59	10
0.00	109	61	9
0.00	109	61	10
0.00	109	63	9
0.00	109	63	10
0.00	109	67	14
0.00	109	75	9
0.00	109	75	10
0.00	110	55	10
0.00	110	59	9
0.00	110	59	10
0.00	110	65	10
0.00	110	74	9
0.00	110	74	10
0.00	111	50	9
0.00	111	50	10
0.00	111	55	9
0.00	111	55	10
0.00	111	60	9
0.00	111	60	10
0.00	111	61	9
0.00	111	61	10
0.00	111	64	9
0.00	111	64	10
0.00	111	65	9
0.00	111	65	10
0.00	111	66	12
0.00	111	67	12
0.00	112	50	9
0.00	112	50	10
0.00	112	50	15
0.00	112	51	9
0.00	112	53	10
0.00	112	60	9
0.00	112	60	10
0.00	112	64	9
0.00	112	64	10
0.00	112	68	12
0.00	113	52	9
0.00	113	53	9
0.00	113	53	10
0.00	113	56	9
0.00	113	56	10
0.00	113	64	9
0.00	113	64	10
0.00	113	71	12
0.00	114	52	9
0.00	114	54	9
0.00	114	54	10
0.00	114	54	14
0.00	114	54	15
0.00	114	55	9
0.00	114	55	10
0.00	114	57	9
0.00	114	57	10
0.00	114	60	10
0.00	114	63	9
0.00	114	63	10
0.00	114	70	12
0.00	114	72	14
0.00	115	50	14
0.00	115	50	15
0.00	115	52	14
0.00	115	52	15
0.00	115	57	9
0.00	115	57	10
0.00	115	60	14
0.00	115	65	9
0.00	116	51	14
0.00	116	51	15
0.00	116	57	9
0.00	116	61	9
0.00	116	61	10
0.00	116	64	9
0.00	116	64	10
0.00	116	65	9
0.00	116	65	10
0.00	116	66	14
0.00	116	66	15
0.00	116	71	12
0.00	117	58	9
0.00	117	58	10
0.00	117	62	9
0.00	117	62	10
0.00	117	69	10
0.00	117	71	14
0.00	118	53	15
0.00	118	58	9
0.00	118	58	10
0.00	118	59	14
0.00	119	53	15
0.00	119	57	14
0.00	120	58	14
0.00	121	59	14
0.00	121	62	14
0.00	121	63	14
