0.00	14	113	2
-21.90	15	87	2
-589.74	15	105	2
-0.10	15	107	2
-310.08	15	122	3
0.00	16	70	1
0.00	16	70	3
0.00	16	71	1
0.00	16	72	1
-1.74	16	72	4
0.00	16	73	1
0.00	16	74	5
-328.54	16	85	3
-31.14	16	107	2
-54.75	17	65	4
0.00	17	69	1
-49.96	17	70	2
0.00	17	70	4
-88.51	17	78	1
-254.56	17	97	2
-254.56	17	97	3
-175.22	17	99	2
-204.97	18	68	4
-204.97	18	68	5
-204.97	18	68	6
0.00	18	69	4
0.00	18	69	6
0.00	18	73	1
-114.07	18	73	4
-199.26	18	73	6
-1954.20	18	74	4
0.00	18	75	4
0.00	18	78	1
-29.98	18	79	1
-1397.53	18	84	2
-305.18	18	96	2
-305.18	18	96	3
-465.35	19	54	4
0.00	19	67	1
0.00	19	67	4
-655.22	19	67	6
-858.67	19	68	4
0.00	19	72	1
0.00	19	73	1
-1501.50	19	73	6
-279.02	19	74	1
-2704.53	19	74	6
-165.10	19	79	1
-11.75	19	79	2
-11.75	19	79	3
-2048.73	19	80	1
0.00	19	97	2
-572.21	19	97	3
-1189.79	20	53	4
-507.05	20	54	1
0.00	20	65	1
-1099.06	20	65	4
-593.02	20	73	1
-1.64	20	73	2
0.00	20	73	4
-27.37	20	74	1
0.00	20	74	2
0.00	20	74	4
0.00	20	77	1
0.00	20	79	1
-441.98	20	79	2
0.00	20	79	3
-0.86	20	79	4
-65.64	20	80	1
0.00	20	80	3
-98.46	21	41	4
-6.75	21	46	4
-100.61	21	49	3
-100.61	21	49	4
-100.61	21	49	5
-100.61	21	49	6
0.00	21	50	4
-152.75	21	50	5
-152.75	21	50	6
0.00	21	54	4
-1131.79	21	55	4
-344.65	21	60	4
0.00	21	62	1
0.00	21	65	1
0.00	21	66	4
-426.77	21	66	5
-1658.45	21	66	6
0.00	21	67	2
-1.23	21	74	2
-12.37	21	75	1
0.00	21	76	1
-745.67	21	76	5
-745.67	21	76	6
-745.67	21	76	7
0.00	21	77	1
-101.76	21	79	1
0.00	21	80	1
-66.09	21	116	3
-675.88	21	122	3
-675.88	21	122	4
-445.79	21	123	3
-445.79	21	123	4
0.00	22	27	5
0.00	22	27	6
0.00	22	33	4
-843.63	22	33	6
0.00	22	41	4
0.00	22	42	4
-95.87	22	48	6
0.00	22	52	1
0.00	22	63	1
-1.23	22	68	2
0.00	22	68	4
-455.27	22	74	4
-1945.19	22	74	8
0.00	22	76	1
0.00	22	79	1
0.00	22	79	4
-41.03	23	25	11
-182.07	23	33	10
-238.04	23	40	3
-276.44	23	50	6
0.00	23	54	4
-333.75	23	61	4
0.00	23	67	1
-207.74	23	67	4
-207.74	23	67	5
0.00	23	69	4
-1041.24	23	74	4
-0.41	23	76	2
0.00	23	77	1
0.00	23	79	1
0.00	23	80	1
-1136.53	23	82	3
-1285.87	23	90	3
0.00	24	23	6
-133.57	24	29	5
0.00	24	29	10
0.00	24	29	11
-210.45	24	31	6
-547.55	24	32	6
0.00	24	40	1
-1848.62	24	40	3
0.00	24	41	1
-69.20	24	44	4
-69.20	24	44	5
0.00	24	51	1
-378.21	24	55	4
0.00	24	62	1
0.00	24	63	1
-930.48	24	67	4
-1264.15	24	68	6
0.00	24	69	4
-313.19	24	69	5
-313.19	24	69	6
-0.41	24	70	2
0.00	24	74	4
-340.27	24	74	8
-595.23	24	75	4
-595.23	24	75	5
-595.23	24	75	6
0.00	24	80	1
0.00	24	86	1
0.00	24	100	3
0.00	24	101	2
-137.26	24	117	4
-62.31	25	16	8
-63.83	25	17	8
-35.04	25	23	11
0.00	25	24	6
-646.08	25	26	11
0.00	25	30	5
-441.77	25	30	6
-533.41	25	32	6
-396.16	25	34	6
0.00	25	39	3
-490.41	25	43	4
0.00	25	43	5
-23.79	25	49	6
0.00	25	50	1
0.00	25	51	1
0.00	25	52	1
0.00	25	54	1
0.00	25	61	1
0.00	25	62	1
0.00	25	63	1
0.00	25	67	1
0.00	25	68	1
-632.69	25	70	4
-6.57	25	71	2
0.00	25	74	4
0.00	25	75	4
0.00	25	81	1
0.00	25	85	1
0.00	25	86	1
-50.80	26	17	8
-16.42	26	18	8
-226.95	26	23	10
-226.95	26	23	11
-103.71	26	30	5
-103.71	26	30	6
0.00	26	40	3
-237.12	26	40	5
0.00	26	41	1
0.00	26	42	1
0.00	26	50	1
0.00	26	51	1
0.00	26	52	1
0.00	26	54	2
0.00	26	62	1
0.00	26	63	1
0.00	26	67	1
0.00	26	68	1
0.00	26	69	1
0.00	26	71	4
-2.10	26	73	4
0.00	26	75	4
0.00	26	80	1
0.00	26	81	1
0.00	26	84	1
0.00	26	85	1
0.00	26	86	1
-85.80	26	96	2
-10.02	27	18	8
-1406.73	27	19	10
-496.67	27	29	6
-109.51	27	41	1
-1724.84	27	42	1
-328.54	27	45	1
-914.32	27	46	1
0.00	27	48	1
0.00	27	51	1
0.00	27	58	1
0.00	27	59	3
-129.28	27	59	4
0.00	27	61	1
0.00	27	62	1
0.00	27	63	1
0.00	27	63	11
0.00	27	65	1
0.00	27	69	1
0.00	27	70	1
-820.51	27	74	4
-820.51	27	74	5
0.00	27	74	6
-820.51	27	74	8
0.00	27	75	2
0.00	27	76	1
0.00	27	76	2
-816.17	27	76	12
0.00	27	82	1
0.00	27	83	1
0.00	27	84	1
0.00	27	85	1
-249.61	27	91	3
-16.11	28	12	10
-451.93	28	19	8
-445.25	28	20	8
-33.23	28	31	5
-606.14	28	31	6
0.00	28	31	11
-46.54	28	34	1
0.00	28	34	5
0.00	28	35	5
-3182.27	28	39	1
-280.62	28	46	1
-109.51	28	46	4
-1013.00	28	48	1
-1225.18	28	49	1
-41.06	28	50	1
-129.65	28	52	4
0.00	28	61	1
0.00	28	63	1
0.00	28	64	1
0.00	28	65	1
0.00	28	66	1
0.00	28	68	1
0.00	28	69	1
0.00	28	70	1
-411.20	28	72	4
-411.20	28	72	5
-411.20	28	72	6
-248.83	28	74	4
-248.83	28	74	6
-248.83	28	74	8
0.00	28	81	1
0.00	28	82	1
0.00	28	83	1
0.00	28	84	1
0.00	28	85	1
-478.86	28	98	3
-593.40	28	99	3
-67.90	28	101	3
-563.98	28	108	3
-8.07	28	113	2
-140.47	28	113	3
-282.32	29	12	11
-22.93	29	13	10
-18.68	29	14	10
-382.14	29	19	11
-439.21	29	21	8
-168.01	29	22	8
0.00	29	30	6
-1030.12	29	34	6
-177.96	29	42	1
-1067.76	29	42	4
-22.99	29	43	3
-164.27	29	43	4
0.00	29	44	1
-2034.50	29	44	4
-41.06	29	45	1
-922.68	29	45	3
-4052.36	29	45	4
-1771.39	29	46	1
-109.51	29	46	3
-1505.81	29	46	4
-2669.40	29	47	1
-3305.95	29	48	1
-1851.51	29	49	1
0.00	29	50	1
-68.44	29	50	3
0.00	29	54	1
0.00	29	61	1
0.00	29	62	1
0.00	29	63	1
0.00	29	65	1
0.00	29	66	1
-116.77	29	66	4
0.00	29	67	1
0.00	29	68	1
0.00	29	69	1
0.00	29	70	1
-979.11	29	70	4
0.00	29	71	1
0.00	29	73	1
-322.85	29	76	4
0.00	29	78	3
0.00	29	79	4
0.00	29	82	1
0.00	29	83	1
0.00	29	85	1
-816.42	29	108	2
-580.47	29	108	3
-134.45	29	109	3
-150.58	29	112	2
-23.67	30	13	10
-770.68	30	13	11
-84.72	30	14	10
-132.15	30	15	11
-122.23	30	16	10
-10.51	30	17	9
-14.84	30	18	9
-203.67	30	19	10
-251.63	30	22	8
-113.89	30	35	5
-191.65	30	36	4
-41.06	30	36	5
-219.87	30	37	5
-410.45	30	37	6
-410.45	30	37	7
-410.67	30	43	1
-725.53	30	43	3
-752.90	30	43	4
-1382.61	30	44	4
-479.12	30	45	1
-1806.98	30	45	4
-944.55	30	46	1
-1444.21	30	46	4
-2067.07	30	47	1
0.00	30	47	3
-629.70	30	47	4
-574.94	30	48	1
-714.74	30	48	4
-27.37	30	49	1
0.00	30	50	1
0.00	30	61	1
0.00	30	62	1
0.00	30	66	1
0.00	30	67	1
0.00	30	68	1
0.00	30	69	1
0.00	30	74	2
-836.83	30	78	4
0.00	30	79	2
0.00	30	83	1
-121.46	30	83	3
0.00	30	84	1
0.00	30	85	1
-227.23	30	119	2
-358.80	31	14	11
-499.60	31	15	10
-100.73	31	16	10
-134.34	31	18	9
-221.68	31	19	9
-147.24	31	20	9
-91.87	31	24	8
0.00	31	31	6
-111.97	31	35	5
-213.55	31	35	6
-71.18	31	36	5
0.00	31	36	6
-1547.50	31	41	4
-2400.81	31	43	4
-569.47	31	44	4
0.00	31	45	1
-268.30	31	45	4
-177.96	31	46	1
-232.17	31	47	4
-684.46	31	48	3
0.00	31	56	2
-324.01	31	56	4
0.00	31	60	1
0.00	31	61	1
0.00	31	62	1
0.00	31	63	1
0.00	31	67	1
0.00	31	68	1
0.00	31	73	1
0.00	31	74	1
0.00	31	78	2
0.00	31	79	2
-850.68	31	79	4
0.00	31	83	1
0.00	31	84	1
0.00	31	85	1
-72.75	31	85	3
0.00	31	86	1
-375.08	31	109	2
-991.10	31	112	2
-165.50	31	113	2
-139.45	31	114	2
-17720.43	31	119	4
-47.12	32	15	10
-496.58	32	15	11
-138.07	32	16	10
-15543.05	32	17	10
-57.36	32	18	10
-139.27	32	20	9
-174.89	32	20	10
-114.90	32	21	9
-68.44	32	35	6
-27.37	32	36	5
0.00	32	37	5
0.00	32	38	4
-340.59	32	40	4
-95.82	32	41	4
-95.82	32	42	1
-471.35	32	42	4
0.00	32	42	5
0.00	32	43	1
-3180.56	32	43	4
0.00	32	44	1
-369.61	32	44	4
-13.68	32	45	1
-109.51	32	45	4
-41.06	32	46	4
-82.13	32	47	3
0.00	32	47	4
-164.27	32	49	4
-47.91	32	50	1
0.00	32	54	1
0.00	32	60	1
0.00	32	63	1
-20.53	32	64	4
0.00	32	66	1
0.00	32	67	1
0.00	32	68	1
-494.47	32	71	4
0.00	32	72	1
0.00	32	79	1
0.00	32	80	2
0.00	32	81	2
0.00	32	83	1
0.00	32	84	1
0.00	32	85	1
-104.77	32	98	3
-1097.51	32	119	4
-301.41	33	15	11
-248.32	33	16	10
-44.91	33	17	10
-80.15	33	18	10
-235.20	33	20	10
0.00	33	33	6
-27.37	33	35	6
-41.06	33	37	5
0.00	33	37	6
-136.89	33	39	5
0.00	33	44	4
0.00	33	47	1
0.00	33	58	1
0.00	33	60	1
0.00	33	63	1
0.00	33	67	1
0.00	33	68	1
0.00	33	69	1
-425.62	33	70	4
-150.36	33	71	1
-28.91	33	73	1
-608.72	33	89	3
-129.76	33	110	3
-180.62	33	112	2
-466.31	34	15	11
-54.18	34	16	11
-99.38	34	17	10
-261.87	34	18	10
-113.84	34	19	10
-120.93	34	20	10
-86.77	34	23	9
-2903.40	34	25	10
0.00	34	33	6
-617.93	34	36	6
0.00	34	40	5
-1.34	34	42	4
-345.90	34	43	6
-542.82	34	46	6
-388.54	34	46	7
-6738.34	34	61	3
0.00	34	68	1
0.00	34	69	1
0.00	34	70	1
-2703.30	34	71	1
-2108.92	34	72	1
0.00	34	73	1
-199.90	34	73	3
-199.90	34	73	4
-403.09	34	73	6
-10.85	34	74	4
0.00	34	75	3
-333.97	34	76	2
0.00	34	78	1
0.00	34	78	2
-761.04	34	82	4
-121.10	34	93	3
-287.47	34	109	2
-342.23	34	110	2
-273.78	34	111	2
-260.09	34	112	2
-123.20	34	113	2
-1039.52	35	15	11
-82.20	35	16	11
-143.87	35	17	11
-382.29	35	19	10
-298.75	35	20	10
-235.40	35	21	11
-171.47	35	22	9
-106.33	35	23	9
0.00	35	36	6
0.00	35	46	5
0.00	35	50	5
-0.05	35	52	5
-1498.77	35	52	6
0.00	35	52	7
-310.04	35	60	3
-111.00	35	61	3
-5.46	35	61	4
-244.07	35	62	3
0.00	35	63	1
-8.21	35	63	3
-1375.36	35	63	4
-1.75	35	65	1
-0.20	35	65	3
0.00	35	66	1
-141.54	35	66	2
-141.54	35	66	3
-499.65	35	67	1
-260.09	35	67	2
-212.18	35	67	3
-62.97	35	68	1
0.00	35	69	1
0.00	35	70	1
-1291.27	35	71	1
0.00	35	71	2
-54.03	35	71	3
-4112.47	35	72	1
0.00	35	73	1
-480.77	35	76	3
0.00	35	77	1
0.00	35	78	1
-273.40	35	83	4
0.00	35	84	1
-394.25	35	92	3
0.00	35	102	3
-725.53	35	109	2
-240.93	35	110	2
-372.34	35	111	2
-90.86	35	116	3
-138.26	35	120	3
-70.96	35	121	2
-872.88	35	122	3
-80.66	36	15	11
-63.91	36	16	11
-122.93	36	17	11
-330.88	36	18	11
-265.88	36	19	11
-309.24	36	20	10
-110.94	36	20	11
-349.76	36	21	10
-292.22	36	22	10
-28.27	36	25	9
0.00	36	36	8
-1339.85	36	40	6
0.00	36	42	6
-0.82	36	43	6
0.00	36	44	6
-46.54	36	46	5
-7.39	36	50	6
-1.65	36	52	5
0.00	36	52	6
-555.78	36	55	4
-205.33	36	56	4
-119.78	36	57	4
-181.95	36	59	4
-77.20	36	61	3
0.00	36	61	4
-38.32	36	62	4
-38.32	36	62	6
-582.80	36	64	4
0.00	36	64	6
0.00	36	65	1
-157.07	36	65	3
0.00	36	66	1
-109.51	36	66	3
-815.78	36	67	4
0.00	36	69	1
0.00	36	70	1
-598.86	36	70	4
-1966.70	36	71	1
-2077.50	36	72	1
0.00	36	73	1
-81.97	36	105	3
-314.85	36	109	2
-424.36	36	110	2
-49.28	36	111	2
-110.88	36	115	3
-83.50	36	117	3
-136.01	36	119	2
-75.56	36	120	3
-1180.43	37	15	11
-401.62	37	18	11
-261.71	37	19	11
-418.54	37	20	11
-204.21	37	21	10
-99.95	37	21	11
-188.58	37	22	10
-62.20	37	23	10
-77.39	37	26	9
0.00	37	40	6
-165.85	37	41	6
-165.85	37	41	7
0.00	37	41	10
0.00	37	41	11
0.00	37	42	6
-101.82	37	42	8
-1232.72	37	43	6
-545.70	37	44	6
0.00	37	45	5
-16.42	37	45	6
0.00	37	46	5
-10.85	37	46	6
-8.21	37	48	6
-30.59	37	52	5
-506.50	37	55	4
-520.19	37	56	4
-463.03	37	59	4
-1705.53	37	61	3
-98.60	37	61	4
0.00	37	61	6
0.00	37	62	3
0.00	37	64	2
0.00	37	65	1
-77.75	37	65	3
0.00	37	66	1
-424.36	37	66	3
0.00	37	68	1
-97.79	37	69	1
-2307.81	37	70	1
0.00	37	71	1
0.00	37	72	1
0.00	37	73	1
0.00	37	74	1
0.00	37	75	1
0.00	37	77	1
-56.39	37	85	2
-824.09	37	85	3
-358.65	37	112	2
-136.89	37	114	2
-355.92	37	114	3
-319.34	37	117	2
-212.89	37	118	2
-118.27	37	119	2
-86.78	37	120	3
-89.63	38	15	11
-43.19	38	17	11
-1451.96	38	19	11
-363.07	38	20	11
-124.99	38	21	11
-310.17	38	22	11
-92.21	38	23	10
-157.86	38	23	11
-175.63	38	24	10
-61.19	38	25	10
-149.87	38	26	9
-61.19	38	27	9
-0.99	38	46	6
-450.25	38	47	6
0.00	38	47	7
0.00	38	49	6
0.00	38	49	7
0.00	38	49	8
-410.73	38	52	6
-699.51	38	56	6
0.00	38	57	4
0.00	38	60	4
-109.72	38	60	6
-1222.28	38	61	4
-1267.97	38	62	3
-7.21	38	62	4
0.00	38	63	1
-65.58	38	63	3
-70.43	38	63	4
-489.64	38	64	4
-2372.72	38	64	11
0.00	38	65	1
-191.65	38	65	3
-610.54	38	66	3
0.00	38	66	4
0.00	38	67	1
0.00	38	67	3
-449.94	38	67	4
-50.59	38	68	3
-194.60	38	69	1
-1778.73	38	69	4
-677.87	38	70	1
0.00	38	71	1
0.00	38	72	1
0.00	38	73	1
0.00	38	74	1
0.00	38	74	3
0.00	38	75	1
-27.37	38	75	2
-27.37	38	75	3
0.00	38	82	2
-132.78	38	85	2
-588.63	38	85	3
-465.43	38	104	3
-1199.18	38	115	3
-10.95	38	116	3
-143.73	38	117	2
-492.92	38	118	2
-354.27	38	121	3
-280.99	39	15	10
-425.73	39	16	11
-253.63	39	17	11
-378.42	39	18	11
-149.95	39	19	11
-352.40	39	20	11
-133.40	39	21	11
-29.59	39	22	11
-642.98	39	23	11
-198.54	39	24	10
-47.30	39	24	11
-31.54	39	25	10
-96.45	39	26	10
-96.31	39	27	9
-66.14	39	28	9
-95.82	39	37	6
0.00	39	40	6
-36.44	39	40	8
0.00	39	43	6
0.00	39	48	6
0.00	39	49	6
-1.36	39	51	6
-1.50	39	52	5
-986.53	39	52	6
-4.92	39	53	6
-4.10	39	55	4
-15.74	39	57	4
-26868.99	39	60	4
-2680.47	39	60	6
-3345.52	39	61	4
0.00	39	62	3
0.00	39	62	4
0.00	39	63	1
-179.87	39	63	3
-3096.03	39	65	4
-106.77	39	66	3
-2914.21	39	66	4
-2429.37	39	67	4
0.00	39	68	3
-980.25	39	68	4
0.00	39	72	1
-386.03	39	72	3
0.00	39	72	4
0.00	39	73	1
0.00	39	75	1
-698.15	39	75	3
0.00	39	76	1
-1728.32	39	76	3
0.00	39	77	1
-832.18	39	77	2
-186.73	39	77	3
-153.54	39	78	2
-113.13	39	78	3
-83.52	39	80	4
-83.52	39	80	8
0.00	39	84	1
-191.63	39	84	3
-930.87	39	87	2
-1530.45	39	102	3
-1388.09	39	103	3
-2655.71	39	105	3
-553.83	39	107	3
0.00	39	114	3
-113.62	39	115	3
-8.21	39	117	3
-32.85	39	118	2
-121.28	39	119	3
-141.97	40	16	10
-408.88	40	17	11
-961.75	40	18	11
-207.58	40	19	11
-216.23	40	20	11
-602.18	40	21	11
-276.60	40	22	11
-136.89	40	23	11
-213.23	40	24	11
-104.62	40	25	10
-334.26	40	25	11
-244.81	40	26	10
-73.31	40	27	11
-87.10	40	30	9
-5.91	40	40	8
0.00	40	41	8
-232.99	40	42	6
-164.27	40	43	6
-54.75	40	44	6
-82.13	40	45	6
-109.51	40	46	6
0.00	40	47	6
-47.03	40	47	7
-5.77	40	48	6
-5.47	40	51	6
-2.05	40	52	5
-74.71	40	52	6
0.00	40	53	5
0.00	40	53	6
0.00	40	56	5
-13.00	40	57	4
-409.93	40	57	6
-54.75	40	59	4
-27.09	40	59	6
-691.63	40	60	4
-2999.49	40	60	6
-155.10	40	61	4
-3549.19	40	62	4
-9.84	40	62	6
-1866.66	40	63	4
0.00	40	64	3
-6080.68	40	65	4
-793.97	40	65	6
0.00	40	66	1
0.00	40	66	2
0.00	40	66	3
-12.32	40	66	4
-0.75	40	67	1
-1.64	40	67	3
-1305.31	40	67	4
-3531.57	40	68	4
-336.75	40	69	4
0.00	40	72	1
-643.39	40	72	3
0.00	40	72	4
0.00	40	74	1
-95.82	40	74	3
0.00	40	75	1
-13.68	40	75	2
-438.05	40	75	3
-0.13	40	75	5
-0.13	40	75	6
0.00	40	76	1
-2035.73	40	76	3
0.00	40	83	1
-84.63	40	83	2
-43.69	40	83	3
0.00	40	86	1
-917.18	40	86	2
-273.78	40	86	3
-3466.14	40	87	2
-457.22	40	88	2
-558.52	40	88	3
-2025.46	40	102	2
-1245.72	40	102	3
-1541.41	40	103	3
-410.67	40	104	3
-191.65	40	105	3
-629.70	40	106	3
-54.75	40	115	3
-103.49	40	117	3
-43.80	40	118	3
-131.41	40	120	3
-551.58	41	18	10
-675.09	41	18	11
-266.83	41	19	11
-113.31	41	20	11
-409.41	41	21	11
-627.32	41	22	11
-205.91	41	23	11
-564.08	41	24	11
-703.68	41	25	11
-238.46	41	26	10
-183.13	41	26	11
-323.66	41	27	9
-125.66	41	27	10
-55.55	41	31	9
-3.62	41	36	5
-3.62	41	36	6
-3.62	41	36	7
0.00	41	38	6
-82.13	41	43	6
-54.75	41	44	6
-41.06	41	45	6
-1175.25	41	47	6
0.00	41	49	6
-935.15	41	50	6
0.00	41	52	6
-574.59	41	56	6
-902.22	41	58	6
-70.36	41	59	4
-0.12	41	59	5
-0.12	41	59	6
0.00	41	60	4
-1354.85	41	60	6
-4.99	41	61	4
-289.35	41	62	4
-136.89	41	63	4
-7.66	41	64	4
0.00	41	65	4
-19.16	41	66	4
-873.47	41	66	10
-873.47	41	66	11
-2037.34	41	67	4
0.00	41	68	3
-6.24	41	68	4
-960.68	41	69	4
0.00	41	70	1
-1568.60	41	70	4
0.00	41	74	1
-328.54	41	74	2
0.00	41	74	3
0.00	41	75	1
-183.84	41	75	2
-987.34	41	75	3
0.00	41	76	1
-27.37	41	76	2
-965.38	41	76	3
-65.70	41	83	2
0.00	41	84	2
-355.92	41	86	2
-2182.14	41	87	2
-520.19	41	87	3
-1875.42	41	88	2
-1040.38	41	102	2
-889.80	41	103	2
-301.16	41	104	3
-873.37	41	105	3
-410.67	41	106	3
-314.85	41	114	2
-273.78	41	114	3
-406.57	41	117	2
-225.05	41	118	2
-181.40	42	16	10
-299.41	42	19	10
-100.99	42	19	11
-462.79	42	20	11
-172.15	42	21	11
-518.65	42	22	11
-302.40	42	23	11
-198.42	42	24	11
-395.71	42	25	11
-452.76	42	26	11
-320.40	42	27	10
-235.78	42	27	11
-150.58	42	28	11
-58.37	42	29	9
-102.90	42	31	10
-17.52	42	32	10
-104.86	42	32	11
-5.83	42	34	8
-1072.61	42	38	6
-10.95	42	39	6
-32.52	42	40	6
-4.10	42	41	6
-27.37	42	43	6
-27.41	42	52	6
-1440.67	42	55	6
-188.88	42	55	8
0.00	42	57	6
-4.99	42	59	6
-1772.20	42	59	8
-3144.11	42	61	6
-49.69	42	62	4
-1421.51	42	63	4
-301.38	42	64	4
0.00	42	64	6
-2730.13	42	65	4
-2709.50	42	65	6
-428.66	42	65	8
-130.52	42	66	4
-1323.39	42	66	6
-3737.45	42	67	4
-2.18	42	67	6
-0.82	42	68	4
-1081.52	42	70	4
-4.10	42	71	3
-2213.05	42	71	4
-977.21	42	72	4
-3844.91	42	73	4
-3700.89	42	74	4
-707.05	42	75	4
0.00	42	78	8
-16.36	42	85	2
-16.36	42	85	3
0.00	42	87	1
-377.81	42	87	2
-1060.17	42	88	2
-328.54	42	89	2
-164.27	42	90	2
-385.76	42	91	2
-3630.71	42	92	2
-246.40	42	104	2
-547.57	42	104	3
-1922.71	42	115	3
-626.58	42	116	3
-237.37	42	117	2
-177.41	42	119	2
-138.64	43	15	10
-396.08	43	18	9
-14.95	43	19	10
-9.44	43	19	11
-200.64	43	20	10
-107.64	43	20	11
-131.54	43	21	11
-575.09	43	22	11
-167.17	43	23	11
-16.31	43	24	11
-208.10	43	25	11
-580.82	43	26	11
-366.36	43	27	11
-284.41	43	28	10
-89.88	43	29	10
-175.35	43	30	9
-162.88	43	31	9
-157.70	43	31	10
-355.92	43	32	9
0.00	43	32	10
-226.48	43	34	8
-33.97	43	40	6
0.00	43	43	6
-90.34	43	46	5
-22.17	43	46	6
-22.17	43	46	7
-2009.70	43	48	6
0.00	43	52	6
-1356.09	43	53	6
0.00	43	55	5
0.00	43	55	6
0.00	43	57	6
0.00	43	58	5
0.00	43	58	6
0.00	43	59	5
0.00	43	60	6
-8.85	43	62	4
-8.07	43	62	6
-8.07	43	62	7
0.00	43	62	10
0.00	43	62	11
0.00	43	63	4
0.00	43	63	6
-349.34	43	64	10
-349.34	43	64	11
-111.51	43	65	4
-242.99	43	66	4
-3120.87	43	66	6
0.00	43	67	4
0.00	43	68	4
-482.59	43	68	6
-2.19	43	69	4
-1017.88	43	69	8
0.00	43	70	4
0.00	43	71	1
-1811.17	43	71	4
-803.25	43	71	6
0.00	43	76	4
-19.71	43	78	1
-349.90	43	78	8
0.00	43	81	3
-657.08	43	84	2
0.00	43	87	1
0.00	43	88	1
-821.35	43	88	2
-328.54	43	89	2
-999.31	43	90	2
-301.16	43	91	2
-164.27	43	104	2
-232.71	43	105	2
0.00	43	107	3
0.00	43	108	3
-498.86	43	110	3
-475.93	43	115	3
-16.42	43	116	2
-1012.56	43	116	3
-303.57	43	119	2
-167.83	43	119	3
-103.11	44	19	9
-321.02	44	21	10
-106.72	44	22	11
-349.86	44	23	11
-135.39	44	24	11
-33.98	44	25	10
-465.82	44	25	11
-592.29	44	26	11
-510.87	44	27	11
-705.87	44	28	11
-101.10	44	29	11
-90.11	44	30	9
-321.53	44	30	10
-134.10	44	33	10
-148.38	44	33	11
0.00	44	34	10
-667.84	44	42	6
-2225.27	44	42	7
0.00	44	52	6
0.00	44	53	6
-246.89	44	54	6
0.00	44	54	10
0.00	44	54	11
0.00	44	55	5
0.00	44	55	6
0.00	44	56	6
0.00	44	57	6
0.00	44	58	6
0.00	44	59	6
0.00	44	61	6
-512.69	44	62	6
-71.45	44	63	10
-71.45	44	63	11
0.00	44	64	6
-24.12	44	65	4
0.00	44	65	5
-2184.04	44	65	6
-45.98	44	66	4
0.00	44	67	4
-967.44	44	67	6
-967.44	44	67	7
-0.54	44	68	4
-2417.34	44	69	6
-47.83	44	69	8
-51.74	44	70	4
-1510.48	44	70	6
-1707.48	44	71	4
-591.60	44	71	6
0.00	44	72	2
0.00	44	76	6
-710.51	44	82	2
-273.58	44	82	4
0.00	44	88	1
-22.28	44	89	1
0.00	44	90	1
-362.60	44	93	3
-133.19	44	95	3
-219.02	44	103	3
-1.23	44	107	2
-8.21	44	109	2
-273.78	44	110	3
-458.63	44	115	3
0.00	44	116	3
-70.96	44	119	2
-41.06	44	120	3
-38.32	44	121	3
-113.15	45	20	9
-193.61	45	22	10
-186.11	45	22	11
-181.16	45	23	11
-259.95	45	24	11
-103.07	45	25	10
-1007.01	45	25	11
-288.40	45	26	10
-783.22	45	26	11
-82.30	45	27	10
-58.56	45	27	11
-202.25	45	28	10
-46.95	45	29	10
-534.42	45	30	10
-49.17	45	31	11
0.00	45	33	10
-1186.25	45	34	8
0.00	45	45	5
-1970.89	45	51	6
-294.95	45	53	6
0.00	45	54	6
-479.53	45	55	6
0.00	45	56	6
0.00	45	57	5
0.00	45	57	6
0.00	45	58	6
-3866.10	45	59	6
0.00	45	59	8
0.00	45	60	6
-148.32	45	61	6
-1036.65	45	62	6
0.00	45	62	10
0.00	45	62	11
-175.46	45	63	6
-1032.40	45	64	6
0.00	45	66	5
0.00	45	67	5
0.00	45	68	5
-13.68	45	69	1
-126.48	45	70	4
0.00	45	70	5
-2547.17	45	70	6
-2159.97	45	71	4
-1360.84	45	71	6
-630.93	45	72	4
-632.40	45	72	6
-225.97	45	86	3
0.00	45	89	1
0.00	45	90	1
0.00	45	91	1
-514.71	45	103	3
-213.94	45	104	3
-1312.49	45	115	2
-1101.30	45	116	3
-275.97	45	117	2
-216.83	45	118	2
-63.08	45	119	2
-93.89	46	20	9
-212.26	46	24	11
-20.04	46	25	11
-165.39	46	26	11
-240.00	46	27	10
-46.54	46	27	11
-492.81	46	28	10
-1325.94	46	29	10
-201.66	46	29	11
-32.06	46	30	10
-90.13	46	30	11
-302.55	46	32	9
-105.26	46	32	11
-45.77	46	34	9
-12.76	46	34	10
0.00	46	41	5
-177.96	46	50	6
-1.97	46	53	6
-1279.02	46	54	6
0.00	46	55	6
0.00	46	57	6
0.00	46	58	6
-9.62	46	59	5
-2051.27	46	59	6
-253.96	46	59	8
-2698.93	46	60	6
-0.01	46	61	6
-1866.66	46	63	6
-78.72	46	64	6
-1081.24	46	66	6
-1202.47	46	67	6
-380.93	46	67	7
-174.94	46	69	6
0.00	46	70	4
-266.77	46	71	4
-1495.11	46	71	6
-1206.44	46	72	4
-1414.89	46	72	6
0.00	46	73	6
-716.40	46	74	8
0.00	46	80	4
-180.45	46	86	3
0.00	46	89	1
0.00	46	90	1
0.00	46	91	1
0.00	46	92	1
-37.22	46	93	2
-391.51	46	106	3
-37.63	46	107	3
-492.81	46	108	3
-151.12	46	109	2
-240.93	46	109	3
-223.19	46	115	3
-299.61	46	116	3
-328.54	46	117	2
-147.84	46	118	2
-346.77	47	22	9
-683.23	47	24	9
-137.49	47	24	10
-333.27	47	25	10
-211.85	47	26	11
-7.25	47	27	11
-365.58	47	28	10
-323.77	47	28	11
-74.19	47	29	10
-27.07	47	30	10
-132.97	47	30	11
-17.92	47	31	10
-31.44	47	31	11
-390.75	47	33	10
-264.87	47	36	8
0.00	47	49	5
-1471.91	47	49	6
0.00	47	53	6
0.00	47	54	6
0.00	47	55	6
0.00	47	56	6
0.00	47	57	6
-19.10	47	58	6
-611.40	47	59	8
0.00	47	60	6
-2375.96	47	61	6
-752.17	47	62	6
0.00	47	64	6
-837.37	47	67	6
-5440.38	47	72	4
-100.38	47	72	6
0.00	47	73	4
0.00	47	73	5
-91.55	47	74	4
-14.94	47	86	3
-29.30	47	87	3
0.00	47	88	1
0.00	47	90	1
-273.78	47	104	3
-329.91	47	105	2
-276.24	47	106	3
-1.23	47	107	3
-123.20	47	109	3
-1.36	47	110	3
-874.74	47	117	2
-554.41	47	118	2
-295.68	47	119	2
-82.13	47	120	2
-392.27	48	23	9
0.00	48	23	10
-78.71	48	27	10
-333.47	48	27	11
-3.81	48	28	10
-31.96	48	28	11
-57.08	48	29	10
-399.48	48	30	11
-11.30	48	31	10
-64.94	48	33	10
0.00	48	36	10
0.00	48	54	6
-65.70	48	55	6
-2382.51	48	56	6
0.00	48	57	6
0.00	48	58	5
-3785.16	48	59	6
-153.50	48	70	6
0.00	48	72	8
-2.42	48	73	4
0.00	48	73	6
0.00	48	83	4
-74.63	48	84	3
0.00	48	90	1
0.00	48	91	1
0.00	48	92	1
0.00	48	93	1
0.00	48	94	1
-466.66	48	104	3
-125.66	48	105	2
-327.44	48	105	3
-25.87	48	106	2
-498.01	48	106	3
-676.24	48	108	3
-82.13	48	109	3
-298.42	48	112	3
-314.85	48	113	3
-161.53	48	115	2
-971.25	48	117	2
-492.81	48	118	2
-172.48	48	119	2
-295.68	48	120	2
-75.47	49	27	11
-8.40	49	28	10
-101.81	49	28	11
-67.24	49	29	10
-200.26	49	29	11
-779.87	49	32	9
-48.76	49	34	9
0.00	49	39	10
-800.52	49	46	6
-2.73	49	48	6
0.00	49	54	6
0.00	49	55	6
0.00	49	57	6
-3.28	49	58	5
0.00	49	58	6
0.00	49	59	5
0.00	49	66	8
-747.57	49	70	6
-2.73	49	71	4
0.00	49	71	6
0.00	49	72	4
-221.08	49	73	4
0.00	49	73	6
-41.06	49	80	4
0.00	49	80	8
0.00	49	85	3
0.00	49	86	3
0.00	49	89	4
0.00	49	93	1
0.00	49	94	1
-3.69	49	106	2
-1.23	49	106	3
-1.23	49	107	2
-136.89	49	111	3
-593.65	49	112	3
-192.26	49	114	3
-25.62	49	117	2
-716.22	49	118	2
-295.68	49	120	2
-78.26	50	26	9
-248.49	50	28	10
-2228.60	50	30	10
-12.99	50	31	10
-60.59	50	31	11
-0.05	50	34	9
-755.57	50	52	6
-755.57	50	52	7
0.00	50	58	5
-1086.00	50	59	6
-0.99	50	60	6
-2179.19	50	62	6
-1173.17	50	71	6
0.00	50	73	4
-41.06	50	75	1
-13.68	50	76	1
-13.68	50	76	4
-25170.82	50	80	4
0.00	50	81	4
0.00	50	85	4
-40.35	50	91	3
-249.14	50	106	3
-179.19	50	108	3
-114.30	50	108	4
-82.13	50	111	2
-60.23	50	112	2
-232.71	50	112	3
-136.89	50	113	2
-82.13	50	113	3
-199.86	50	114	3
-812.47	50	119	2
-88.70	50	121	2
-166.93	51	18	9
-322.20	51	26	11
-45.57	51	28	11
-279.55	51	29	10
-83.12	51	31	9
-53.27	51	31	10
-80.65	51	32	9
-207.85	51	33	9
0.00	51	39	9
-483.45	51	40	8
0.00	51	40	10
0.00	51	47	6
0.00	51	47	7
0.00	51	57	6
0.00	51	58	6
0.00	51	58	7
0.00	51	59	5
0.00	51	60	5
-40.52	51	60	6
-154.02	51	70	6
-328.83	51	72	6
-20.53	51	74	4
-884.93	51	74	6
-258.58	51	76	8
0.00	51	77	4
0.00	51	80	4
0.00	51	80	8
-160.82	51	81	3
-35.59	51	82	3
-109.51	51	83	3
-49.28	51	84	3
0.00	51	85	3
-202.57	51	85	4
0.00	51	88	3
-248.14	51	89	3
0.00	51	95	1
0.00	51	96	1
-1.36	51	107	3
-120.46	51	109	3
-325.80	51	110	2
-747.17	51	112	2
-238.19	51	113	2
-118.27	51	119	2
-742.91	51	120	2
-353.18	51	121	2
-209.99	52	18	9
0.00	52	24	10
-159.37	52	32	9
-106.71	52	33	9
-140.35	52	35	10
0.00	52	52	6
0.00	52	57	5
0.00	52	58	5
0.00	52	58	6
0.00	52	59	6
-161.92	52	60	6
-1755.07	52	63	6
-486.47	52	65	6
-486.47	52	65	7
-717.37	52	68	6
-817.84	52	73	6
-1.36	52	74	6
0.00	52	76	6
0.00	52	78	4
0.00	52	79	4
-155.70	52	81	4
-313.48	52	81	7
-313.48	52	81	8
0.00	52	84	3
-284.73	52	85	3
0.00	52	86	3
-602.32	52	89	1
0.00	52	96	1
0.00	52	97	1
-109.51	52	106	3
-208.07	52	109	3
-136.89	52	110	3
-675.99	52	112	2
-68.44	52	113	2
-49.28	52	114	3
-52.56	52	115	3
-413.96	52	118	2
-137.98	52	119	2
-92.40	52	120	2
-2776.04	53	32	11
-57.11	53	34	9
-603.72	53	44	8
0.00	53	54	5
0.00	53	59	5
-673.03	53	60	5
-1892.92	53	60	6
-283.14	53	75	4
-357.58	53	75	6
-1088.79	53	76	6
0.00	53	96	1
0.00	53	97	1
-657.08	53	97	2
-0.68	53	97	3
0.00	53	98	1
-465.43	53	98	2
-191.65	53	103	3
-246.40	53	104	2
-84.70	53	105	3
-46.54	53	109	3
-169.74	53	110	3
-116.08	53	112	2
-129.77	53	113	2
-84.87	53	115	3
-354.82	53	121	2
-2725.00	54	17	10
-295.67	54	27	8
-165.11	54	28	8
-190.86	54	29	8
-122.28	54	30	8
-90.27	54	31	8
0.00	54	31	10
-17.79	54	50	5
0.00	54	59	5
0.00	54	59	6
0.00	54	60	5
0.00	54	60	6
-762.10	54	68	6
-472.03	54	77	6
-13.68	54	78	4
0.00	54	84	1
-13.68	54	84	3
0.00	54	97	1
-177.96	54	97	2
0.00	54	98	1
-1591.46	54	98	2
-19.98	54	100	4
-191.65	54	101	2
-136.89	54	102	2
-136.89	54	102	3
-752.90	54	103	3
-532.23	54	120	2
-384.39	54	121	2
-410.38	55	15	11
-853.22	55	16	10
-893.08	55	16	11
-1.64	55	26	8
-58.05	55	30	8
-14.71	55	32	8
0.00	55	32	9
-9.28	55	33	8
0.00	55	51	6
-1.70	55	52	6
0.00	55	56	5
0.00	55	59	5
0.00	55	59	6
0.00	55	60	5
0.00	55	60	6
0.00	55	61	5
0.00	55	62	5
-2271.29	55	62	6
-198.43	55	70	6
-198.43	55	70	7
0.00	55	78	4
0.00	55	78	6
0.00	55	79	4
0.00	55	79	6
-1450.30	55	80	6
-4.13	55	90	4
-164.27	55	93	3
-30.85	55	94	3
-247.88	55	94	4
0.00	55	95	1
-164.27	55	95	3
0.00	55	98	1
-1008.76	55	100	2
-186.17	55	101	2
-186.17	55	101	3
-1013.00	55	102	3
-109.51	55	103	3
-531.14	55	107	3
-131.41	55	108	3
-61.60	55	115	3
-474.33	55	117	2
-114.99	55	120	2
-542.09	55	121	2
-16.06	56	26	8
-35.34	56	28	8
-105.71	56	29	8
-25.65	56	30	8
-205.33	56	34	10
-20.80	56	35	8
-539.63	56	56	5
-4320.76	56	56	6
0.00	56	57	6
0.00	56	58	6
0.00	56	59	5
0.00	56	59	6
0.00	56	60	5
0.00	56	60	6
0.00	56	61	5
0.00	56	62	5
0.00	56	62	6
-221.88	56	64	6
-221.88	56	64	7
-227.99	56	79	6
-645.63	56	80	6
-106.77	56	85	3
0.00	56	86	3
-10.95	56	87	3
-374.65	56	89	3
-578.54	56	90	3
-314.85	56	100	2
-383.30	56	100	3
-104.03	56	101	2
-150.58	56	102	2
0.00	56	103	3
-342.23	56	106	3
-27.37	56	111	3
0.00	57	23	9
0.00	57	34	10
0.00	57	58	5
-1259.53	57	58	6
-423.04	57	59	5
0.00	57	59	6
0.00	57	60	5
-1905.75	57	60	6
0.00	57	61	5
-4114.11	57	61	6
-75.07	57	63	5
-676.43	57	63	6
0.00	57	64	5
0.00	57	79	4
0.00	57	79	6
-206.20	57	85	3
-314.09	57	86	3
-855.61	57	87	6
-41.06	57	89	3
-594.11	57	101	2
-109.51	57	101	3
-752.90	57	102	2
-676.24	57	102	3
-232.71	57	105	3
0.00	57	108	2
-494.91	58	39	10
0.00	58	43	9
0.00	58	43	10
0.00	58	43	11
0.00	58	52	7
0.00	58	55	5
-1295.74	58	55	6
0.00	58	56	5
0.00	58	60	6
0.00	58	62	5
-10.95	58	64	5
-136.89	58	64	6
-1435.92	58	82	6
0.00	58	84	3
0.00	58	85	12
-199.86	58	102	2
-876.62	58	102	3
-6.84	58	106	3
-334.01	58	107	3
-464.06	58	108	2
-2336.82	59	18	10
-2033.70	59	24	10
0.00	59	30	10
-24.09	59	41	8
-1596.90	59	54	6
0.00	59	58	5
0.00	59	59	5
0.00	59	60	5
-461.06	59	79	8
0.00	59	85	4
-463.86	59	86	4
-256.60	59	86	6
0.00	59	92	3
0.00	59	93	3
-279.57	59	93	4
-318.95	59	102	2
-757.01	59	102	3
-952.77	59	104	3
-759.75	59	107	2
-186.17	59	108	2
-164.27	59	110	2
-128.67	59	111	2
-702.52	60	28	8
-336.11	60	29	8
-143.31	60	30	8
-2687.11	60	48	8
-20.99	60	49	5
-20.99	60	49	6
-20.99	60	49	7
-273.78	60	55	6
-904.92	60	57	6
-904.92	60	57	7
0.00	60	65	5
-428.77	60	79	6
0.00	60	83	4
0.00	60	89	1
-396.98	60	98	3
-394.25	60	100	3
-301.16	60	108	2
0.00	60	109	2
-283.44	60	111	3
-724.29	61	29	8
0.00	61	29	10
-136.89	61	30	10
-186.41	61	52	5
0.00	61	53	5
0.00	61	53	6
-465.52	61	53	7
0.00	61	60	5
-1544.94	61	60	6
-1406.09	61	63	6
-1446.89	61	65	6
0.00	61	89	1
-3.94	61	90	1
0.00	61	99	3
-555.19	61	103	3
-68.44	61	104	2
-388.77	61	109	3
-283.44	61	110	3
-565.36	61	111	3
-55.41	62	41	10
-136.89	62	51	5
-123.20	62	52	5
-35.59	62	52	6
-68.44	62	53	5
-29.56	62	53	6
0.00	62	58	5
0.00	62	72	7
-967.09	62	75	6
0.00	62	81	4
-24.91	62	82	4
0.00	62	95	1
-375.08	62	105	2
-183.43	62	106	2
-1016.67	62	110	3
0.00	63	27	10
-24.64	63	51	5
-595.18	63	51	7
-595.18	63	51	8
-232.71	63	52	5
-201.32	63	53	5
-71.18	63	53	6
-1115.66	63	54	6
-11.48	63	59	5
-10.67	63	80	4
-15.01	63	81	4
-12.38	63	83	4
-791.56	63	87	6
0.00	63	89	6
-68.59	63	100	3
-6420.26	63	102	3
-189.13	63	107	3
-369.61	63	108	3
-365.12	64	38	10
-120.46	64	51	5
-82.13	64	53	5
-142.28	64	53	6
-142.28	64	53	7
0.00	64	54	6
-0.41	64	55	6
0.00	64	63	5
-2172.51	64	63	6
-715.03	64	66	6
-992.81	64	80	6
0.00	64	86	4
0.00	64	88	6
0.00	64	105	3
-832.30	64	109	3
-2409.30	64	110	3
-109.51	65	32	10
0.00	65	33	9
-6.84	65	50	6
0.00	65	50	7
-313.60	65	50	8
-66.07	65	54	5
0.00	65	61	5
0.00	65	66	5
-431.41	65	74	6
-431.41	65	74	7
-1870.73	65	79	6
-560.69	65	79	7
-58.17	65	80	1
-44.29	65	82	4
0.00	65	85	4
-213.55	65	86	4
0.00	65	89	4
0.00	65	98	3
-484.59	65	110	3
-410.67	65	111	3
-136.89	66	34	9
-95.82	66	49	6
0.00	66	54	6
-925.22	66	54	7
-379.00	66	79	6
-379.00	66	79	7
0.00	66	100	3
-684.46	66	104	3
-82.13	67	25	10
-568.78	67	35	10
-299.14	67	39	8
-367.13	67	40	8
-27.37	67	45	6
-24.64	67	45	7
-50.84	67	52	5
-1027.82	67	54	7
-1027.82	67	54	8
0.00	67	79	6
-793.97	67	91	4
0.00	67	106	3
-23.61	67	108	3
-226.14	68	23	11
-403.83	68	24	10
-226.14	68	26	10
-252.49	68	43	8
-32.85	68	44	7
-95.82	68	58	5
-383.90	68	59	6
-383.90	68	59	7
-21.90	68	63	5
-907.48	68	63	6
-907.48	68	63	7
-258.66	68	68	6
-260.02	68	68	7
-464.67	68	75	6
-2205.09	68	84	6
-281.99	68	89	7
-1296.33	68	96	3
-70.34	68	103	3
-109.51	69	29	10
-136.89	69	30	10
0.00	69	36	9
-280.73	69	53	6
-681.17	69	65	7
-1110.59	69	74	7
0.00	69	94	14
-602.32	69	106	3
-648.93	70	24	10
-242.30	70	25	10
-1413.75	70	58	6
-68.80	70	82	6
-410.67	71	26	9
-450.51	71	26	10
-205.33	71	28	10
-410.67	71	35	10
-150.97	71	44	8
0.00	71	55	7
-848.69	71	83	9
-16.42	71	102	3
-547.57	71	104	3
-48.46	72	23	11
-2992.91	72	25	10
0.00	72	31	10
-314.85	72	34	10
-410.67	72	41	10
0.00	72	44	10
-419.80	72	55	6
-419.80	72	55	7
-419.80	72	55	8
-273.78	72	104	3
-2053.38	72	104	4
-121.15	73	23	10
-273.78	73	24	10
-1335.66	73	26	10
-726.48	73	27	10
-444.21	73	28	10
-851.47	73	29	10
0.00	73	30	10
-136.89	73	31	10
-205.33	73	33	10
-273.78	73	40	10
0.00	73	41	9
-164.27	73	50	6
-2357.13	73	64	7
-836.40	73	65	7
-327.37	73	74	6
-327.37	73	74	7
-327.37	73	74	8
-1758.64	73	101	3
-168.33	73	105	3
-279.94	73	107	3
-1048.32	74	25	10
-439.56	74	27	10
-363.45	74	30	9
-484.60	74	38	10
-576.19	74	41	9
-576.19	74	41	10
-0.68	74	55	6
0.00	74	64	6
-732.26	74	64	7
-1126.26	74	83	9
-73.92	74	85	6
0.00	74	85	7
-208.07	74	108	4
0.00	74	108	14
-28.67	75	21	10
-136.89	75	26	11
-150.58	75	28	9
-205.33	75	28	10
-410.67	75	37	9
-27.37	75	48	5
0.00	75	49	7
0.00	75	51	6
0.00	75	51	7
0.00	75	65	6
0.00	75	65	7
-916.76	75	75	6
-916.76	75	75	7
-682.87	75	89	14
-223.14	76	19	10
-54.75	76	21	10
-54.75	76	25	10
-919.91	76	27	10
-432.58	76	28	10
-1226.03	76	64	7
0.00	76	86	10
0.00	76	87	9
-55.32	76	97	7
-55.32	76	97	10
-274.60	77	25	9
-201.91	77	26	9
-145.38	77	27	10
-301.16	77	28	11
-136.89	77	34	9
-136.89	77	34	10
-767.58	77	37	9
0.00	77	39	9
-160.82	77	55	6
-143.73	77	67	6
-143.73	77	67	7
-826.86	77	85	9
-826.86	77	85	10
-826.86	77	86	9
-826.86	77	86	10
-402.86	77	89	9
-402.86	77	89	10
-403.83	78	28	10
-472.85	78	30	9
-726.89	78	30	10
-637.59	78	31	9
-993.51	78	31	10
-358.88	78	32	9
-358.88	78	32	10
-266.11	78	35	9
-266.11	78	35	10
-201.60	78	63	7
-201.60	78	63	8
-376.93	78	76	7
-376.93	78	76	8
-599.19	78	89	9
-599.19	78	89	10
-205.33	79	25	10
-828.34	79	27	10
-959.06	79	29	10
-752.49	79	30	10
-47.91	79	34	9
-47.91	79	34	10
-81.72	79	38	9
-81.72	79	38	10
-686.15	79	54	8
-90.26	79	55	8
-136.89	79	56	8
-136.89	79	65	6
-136.89	79	65	7
-651.79	79	68	7
-136.89	80	28	10
-273.78	80	29	10
-161.53	80	30	10
-260.09	80	31	9
-260.09	80	31	10
-304.71	80	32	9
-304.71	80	32	10
0.00	80	33	10
0.00	80	41	9
0.00	80	41	10
-1141.01	80	53	8
-588.12	80	53	9
-588.12	80	53	10
0.00	80	78	7
-667.83	80	78	8
-931.72	80	92	13
-68.44	81	32	9
-68.44	81	32	10
0.00	81	35	10
-213.40	81	45	8
0.00	81	45	10
0.00	81	54	8
-337.75	81	65	6
-337.75	81	65	7
-337.75	81	65	8
0.00	81	99	14
0.00	82	30	10
-57.57	82	33	9
-236.53	82	33	10
-855.56	82	33	14
0.00	82	35	10
0.00	82	35	12
-95.82	82	36	10
-95.82	82	36	11
-56.39	82	47	8
-898.01	82	55	8
-630.45	82	61	8
-630.45	82	61	9
-23.11	82	64	6
-319.83	82	72	7
-319.83	82	72	8
-912.44	82	73	8
-986.40	82	89	10
-1604.27	82	92	14
-1131.38	82	99	14
-198.23	83	30	14
-152.37	83	32	9
-152.37	83	32	10
0.00	83	32	11
-219.02	83	33	11
-109.51	83	34	9
-109.51	83	34	10
-16.35	83	35	9
-16.35	83	35	10
-0.68	83	57	8
-0.68	83	61	5
-0.68	83	61	6
-301.22	83	69	6
-281.79	84	30	14
-142.36	84	34	9
-142.36	84	34	10
-26.06	84	39	9
-26.06	84	39	10
0.00	84	49	10
-223.21	84	54	8
-1.36	84	58	8
-415.92	84	64	6
-415.92	84	64	7
0.00	84	65	6
-421.19	84	66	6
-421.19	84	66	8
-1875.66	84	83	9
-848.04	85	26	14
0.00	85	31	10
-94.45	85	33	9
-94.45	85	33	10
-75.29	85	34	9
-123.20	85	34	10
-75.29	85	34	11
0.00	85	42	9
0.00	85	42	10
-767.35	85	49	9
-767.35	85	49	10
0.00	85	53	8
-0.41	85	57	8
-465.21	85	60	8
-269.78	85	61	8
-269.78	85	61	9
-269.78	85	61	10
-308.56	85	64	6
-308.56	85	64	7
-1582.75	85	78	9
-2821.89	85	99	14
-2.73	86	25	15
0.00	86	28	10
-200.41	86	33	9
-200.41	86	33	10
-110.60	86	34	9
-469.91	86	41	10
-469.91	86	41	14
-7970.78	86	62	8
-383.29	86	64	6
-39.21	86	65	6
-101.30	86	87	5
-1576.93	86	95	14
-102.28	87	24	15
-73.97	87	33	9
-73.97	87	33	10
0.00	87	34	9
0.00	87	34	10
0.00	87	55	8
0.00	87	62	8
-124.72	87	64	6
-124.72	87	64	7
-594.33	87	70	8
0.00	87	100	14
0.00	88	22	15
-95.82	88	23	15
-646.59	88	29	14
-55.30	88	34	9
-55.30	88	34	10
-12.37	88	36	11
-151.09	88	37	10
-36.53	88	37	11
-809.91	88	40	9
-809.91	88	40	10
0.00	88	49	9
0.00	88	49	10
0.00	88	54	8
0.00	88	55	8
-1.36	88	61	8
-975.24	88	64	8
-2.05	88	64	9
-2.05	88	64	10
-441.96	88	65	8
-0.68	88	72	6
0.00	88	100	14
-317.56	89	25	15
-11.40	89	36	9
-11.40	89	36	10
0.00	89	54	8
-1.36	89	61	8
-0.68	89	62	8
-318.62	89	64	8
-0.95	89	73	5
-3000.45	89	100	14
0.00	89	102	15
-1.36	90	28	14
-22.23	90	34	9
-22.23	90	34	10
-4305.31	90	46	9
-4305.31	90	46	10
-175.71	90	55	8
-0.68	90	56	8
0.00	90	68	5
-109.51	90	70	6
-3167.24	90	96	13
-1.36	91	27	14
-966.82	91	29	15
0.00	91	37	9
0.00	91	37	10
-246.40	91	45	9
-246.40	91	45	10
-1153.59	91	46	14
-176.11	91	55	8
0.00	91	60	8
-436.43	91	60	9
-862.08	91	70	8
0.00	91	100	14
0.00	92	27	15
-29.87	92	31	10
0.00	92	35	9
-5.90	92	36	10
-165.58	92	45	15
0.00	92	53	9
-37.00	92	61	8
-31.48	92	74	6
-1756.77	92	81	9
-2227.55	92	93	14
0.00	93	32	9
-603.42	93	36	14
-6.84	93	54	9
-6.84	93	54	10
-1.08	93	60	8
-123.20	93	68	8
-213.63	93	69	8
-531.80	94	32	15
-43.08	94	38	10
-43.08	94	38	11
-344.68	94	38	14
-348.30	94	42	14
-5806.87	94	45	9
-5806.87	94	45	10
0.00	94	55	14
-692.47	94	65	8
-764.60	94	66	8
-109.51	94	71	6
-133.06	94	73	8
-209.68	95	31	15
-41.06	95	33	11
0.00	95	38	9
0.00	95	38	10
-43.08	95	38	14
-43.08	95	38	15
0.00	95	40	10
0.00	95	40	11
-453.09	95	54	9
-177.96	95	59	8
0.00	95	60	8
-27.37	95	64	8
-608.16	95	67	8
-164.27	95	73	8
0.00	96	29	15
-5.21	96	35	14
0.00	96	40	9
0.00	96	46	9
0.00	96	46	10
-1818.56	96	46	14
0.00	96	49	14
0.00	96	50	14
-310.91	96	56	8
-659.05	96	65	9
-1.36	96	69	8
-1190.94	96	81	9
-932.67	97	35	10
0.00	97	35	11
-72.27	97	46	9
-72.27	97	46	10
-219.59	97	46	14
0.00	97	47	9
-1477.59	97	47	14
-344.96	97	53	13
-123.20	97	71	8
-363.34	97	84	13
-363.34	97	84	14
-491.37	98	35	14
-447.34	98	45	10
-447.34	98	45	14
-57.49	98	53	9
-57.49	98	53	10
-203.86	98	55	14
-125.98	98	57	8
-606.40	98	59	8
-142.21	98	61	9
-142.21	98	61	10
-1029.98	98	90	14
-2870.60	98	97	13
0.00	99	32	15
0.00	99	37	11
0.00	99	44	9
-2067.58	99	49	9
-2067.58	99	49	10
-24.64	99	55	9
-24.64	99	55	10
0.00	99	56	8
-1.36	99	57	9
-1.36	99	57	10
-371.19	99	58	8
0.00	99	58	9
-1212.80	99	60	8
-142.21	99	60	9
-142.21	99	60	10
-809.65	99	75	9
-809.65	99	75	10
-641.01	99	81	9
-525.66	100	40	15
-13.08	100	45	9
-13.08	100	45	10
-4.02	100	46	9
-4.02	100	46	10
-58.66	100	55	13
-173.73	100	58	8
-0.68	101	41	14
0.00	101	74	15
-73.79	101	75	9
-73.79	101	75	10
-497.94	102	35	15
-821.72	102	45	14
-52.22	102	55	10
-52.22	102	55	14
-762.60	102	60	9
-762.60	102	60	10
-140.15	102	62	9
0.00	102	62	10
0.00	102	71	9
-176.54	102	78	9
0.00	102	82	9
-630.80	103	37	15
-19.98	103	38	14
0.00	103	54	9
-174.15	103	54	10
-174.15	103	54	14
-63.18	103	56	9
-63.18	103	56	10
0.00	103	59	9
0.00	103	59	10
-297.00	103	60	9
0.00	103	74	9
0.00	103	74	10
0.00	103	79	9
-1244.86	104	38	14
-395.14	104	41	15
-130.08	104	77	9
-216.83	105	51	10
-216.83	105	51	14
-95.18	105	58	9
-95.18	105	58	10
-130.45	105	90	13
-130.45	105	90	14
-895.81	106	43	14
-399.17	106	47	15
0.00	106	48	9
0.00	106	48	10
-162.03	106	52	9
-162.03	106	52	10
-130.45	106	62	10
0.00	106	64	14
0.00	106	65	10
-152.87	106	65	12
-1332.14	106	68	9
0.00	106	72	9
-6.84	106	73	9
-6.84	106	73	10
-108.54	106	74	9
-108.54	106	74	10
-0.34	106	75	9
-0.34	106	75	10
-25.02	106	78	9
-25.02	106	78	10
-611.15	107	38	15
-2.74	107	46	15
-628.00	107	55	9
-628.00	107	55	10
0.00	107	57	9
0.00	107	57	10
-27.37	107	60	9
-393.17	107	60	10
-156.30	107	64	13
-156.30	107	64	14
0.00	107	76	9
0.00	107	76	10
0.00	108	38	15
0.00	108	40	15
0.00	108	41	15
-34.86	108	42	15
-346.03	108	45	15
-4.47	108	49	9
-1.82	108	49	10
0.00	108	50	9
-84.69	108	74	9
-84.69	108	74	10
-19.84	108	75	9
-277.57	108	76	14
-1703.75	108	78	9
-1703.75	108	78	10
-1.09	109	43	15
-546.00	109	48	14
0.00	109	52	9
-53.64	109	59	9
-53.64	109	59	10
-73.92	109	61	9
-73.92	109	61	10
-266.63	109	63	9
-266.63	109	63	10
0.00	109	67	14
0.00	109	75	9
0.00	109	75	10
0.00	110	55	10
-120.37	110	59	9
-120.37	110	59	10
-183.66	110	65	10
-13.34	110	74	9
-13.34	110	74	10
-84.25	111	50	9
-84.25	111	50	10
-24.58	111	55	9
-24.58	111	55	10
-62.97	111	60	9
-62.97	111	60	10
-79.77	111	61	9
-79.77	111	61	10
-21.53	111	64	9
-21.53	111	64	10
-49.22	111	65	9
-49.22	111	65	10
-100.48	111	66	12
-320.45	111	67	12
-24.64	112	50	9
-24.64	112	50	10
0.00	112	50	15
0.00	112	51	9
-1342.36	112	53	10
0.00	112	60	9
0.00	112	60	10
-98.45	112	64	9
-98.45	112	64	10
-68.33	112	68	12
-24.41	113	52	9
0.00	113	53	9
0.00	113	53	10
-80.64	113	56	9
-80.64	113	56	10
-62.05	113	64	9
-62.05	113	64	10
-549.99	113	71	12
-24.41	114	52	9
-73.49	114	54	9
-73.49	114	54	10
0.00	114	54	14
0.00	114	54	15
-45.04	114	55	9
-45.04	114	55	10
-36.46	114	57	9
-36.46	114	57	10
0.00	114	60	10
-1525.92	114	63	9
-1525.92	114	63	10
-111.12	114	70	12
-762.22	114	72	14
-822.53	115	50	14
-2467.61	115	50	15
-6.84	115	52	14
-6.84	115	52	15
-102.94	115	57	9
-102.94	115	57	10
-538.91	115	60	14
-443.57	115	65	9
-166.21	116	51	14
-1.36	116	51	15
0.00	116	57	9
-0.27	116	61	9
-0.27	116	61	10
-55.26	116	64	9
-55.26	116	64	10
-181.62	116	65	9
-181.62	116	65	10
-111.32	116	66	14
-111.32	116	66	15
0.00	116	71	12
0.00	117	58	9
0.00	117	58	10
-167.11	117	62	9
-167.11	117	62	10
-109.20	117	69	10
0.00	117	71	14
-264.02	118	53	15
-22.71	118	58	9
-22.71	118	58	10
-201.62	118	59	14
-266.58	119	53	15
-272.13	119	57	14
-326.60	120	58	14
-75.01	121	59	14
0.00	121	62	14
-677.69	121	63	14
