-123.40	14	113	2
-21.90	15	87	2
-531.33	15	105	2
-384.86	15	107	2
-225.16	15	122	3
0.00	16	70	1
0.00	16	70	3
0.00	16	71	1
0.00	16	72	1
-17.27	16	72	4
0.00	16	73	1
0.00	16	74	5
-328.54	16	85	3
-25.89	16	107	2
-60.09	17	65	4
0.00	17	69	1
0.00	17	70	2
-90.19	17	70	4
0.00	17	78	1
-208.72	17	97	2
-208.72	17	97	3
-175.22	17	99	2
-409.62	18	68	4
-409.62	18	68	5
-409.62	18	68	6
0.00	18	69	4
0.00	18	69	6
0.00	18	73	1
-9.90	18	73	4
-55.91	18	73	6
-340.43	18	74	4
0.00	18	75	4
0.00	18	78	1
-53.08	18	79	1
-1119.42	18	84	2
-286.11	18	96	2
-286.11	18	96	3
-58.53	19	54	4
0.00	19	67	1
0.00	19	67	4
-656.75	19	67	6
-376.64	19	68	4
0.00	19	72	1
0.00	19	73	1
-1247.52	19	73	6
-219.02	19	74	1
-2121.72	19	74	6
0.00	19	79	1
-8.59	19	79	2
-8.59	19	79	3
-5695.05	19	80	1
-6.84	19	97	2
-577.55	19	97	3
-1023.79	20	53	4
-403.39	20	54	1
0.00	20	65	1
-649.69	20	65	4
-421.90	20	73	1
-12.32	20	73	2
0.00	20	73	4
-27.37	20	74	1
0.00	20	74	2
0.00	20	74	4
0.00	20	77	1
0.00	20	79	1
-334.17	20	79	2
0.00	20	79	3
-484.06	20	79	4
0.00	20	80	1
0.00	20	80	3
-143.71	21	41	4
-12.61	21	46	4
-92.21	21	49	3
-92.21	21	49	4
-92.21	21	49	5
-92.21	21	49	6
0.00	21	50	4
-215.51	21	50	5
-215.51	21	50	6
0.00	21	54	4
-898.01	21	55	4
-516.10	21	60	4
0.00	21	62	1
0.00	21	65	1
0.00	21	66	4
-158.75	21	66	5
-1259.53	21	66	6
0.00	21	67	2
0.00	21	74	2
-12.37	21	75	1
0.00	21	76	1
0.00	21	76	5
0.00	21	76	6
0.00	21	76	7
0.00	21	77	1
0.00	21	79	1
0.00	21	80	1
-55.47	21	116	3
-797.64	21	122	3
-797.64	21	122	4
-593.81	21	123	3
-593.81	21	123	4
0.00	22	27	5
0.00	22	27	6
0.00	22	33	4
-798.11	22	33	6
0.00	22	41	4
-162.22	22	42	4
-203.47	22	48	6
0.00	22	52	1
0.00	22	63	1
0.00	22	68	2
0.00	22	68	4
-498.75	22	74	4
-1107.59	22	74	8
0.00	22	76	1
0.00	22	79	1
0.00	22	79	4
-41.48	23	25	11
-101.13	23	33	10
-238.04	23	40	3
-43.58	23	50	6
0.00	23	54	4
-154.13	23	61	4
0.00	23	67	1
0.00	23	67	4
0.00	23	67	5
0.00	23	69	4
-887.96	23	74	4
0.00	23	76	2
0.00	23	77	1
0.00	23	79	1
0.00	23	80	1
-970.03	23	82	3
-1647.45	23	90	3
0.00	24	23	6
-233.11	24	29	5
0.00	24	29	10
0.00	24	29	11
-65.98	24	31	6
-507.30	24	32	6
0.00	24	40	1
-1848.61	24	40	3
0.00	24	41	1
-66.61	24	44	4
-66.61	24	44	5
0.00	24	51	1
-325.02	24	55	4
0.00	24	62	1
-311.29	24	63	1
-448.84	24	67	4
-2027.84	24	68	6
0.00	24	69	4
-259.60	24	69	5
-259.60	24	69	6
0.00	24	70	2
0.00	24	74	4
-326.20	24	74	8
-734.65	24	75	4
-734.65	24	75	5
-734.65	24	75	6
0.00	24	80	1
0.00	24	86	1
-3.10	24	100	3
-139.25	24	101	2
-140.86	24	117	4
-96.56	25	16	8
-50.13	25	17	8
-65.24	25	23	11
0.00	25	24	6
-803.60	25	26	11
0.00	25	30	5
-198.91	25	30	6
-404.69	25	32	6
-349.51	25	34	6
0.00	25	39	3
-425.97	25	43	4
0.00	25	43	5
-51.49	25	49	6
0.00	25	50	1
0.00	25	51	1
0.00	25	52	1
0.00	25	54	1
0.00	25	61	1
0.00	25	62	1
0.00	25	63	1
0.00	25	67	1
0.00	25	68	1
-485.66	25	70	4
0.00	25	71	2
0.00	25	74	4
0.00	25	75	4
0.00	25	81	1
0.00	25	85	1
0.00	25	86	1
-77.27	26	17	8
-19.23	26	18	8
-200.09	26	23	10
-200.09	26	23	11
-145.90	26	30	5
-145.90	26	30	6
0.00	26	40	3
-216.40	26	40	5
0.00	26	41	1
0.00	26	42	1
0.00	26	50	1
0.00	26	51	1
0.00	26	52	1
0.00	26	54	2
0.00	26	62	1
0.00	26	63	1
0.00	26	67	1
0.00	26	68	1
0.00	26	69	1
0.00	26	71	4
-144.09	26	73	4
0.00	26	75	4
0.00	26	80	1
0.00	26	81	1
0.00	26	84	1
0.00	26	85	1
0.00	26	86	1
-130.58	26	96	2
-10.02	27	18	8
-128.64	27	19	10
-400.03	27	29	6
-109.51	27	41	1
-1724.84	27	42	1
-328.54	27	45	1
-914.32	27	46	1
0.00	27	48	1
-100.20	27	51	1
0.00	27	58	1
0.00	27	59	3
-120.32	27	59	4
0.00	27	61	1
0.00	27	62	1
0.00	27	63	1
0.00	27	63	11
0.00	27	65	1
0.00	27	69	1
0.00	27	70	1
-1002.25	27	74	4
-1002.25	27	74	5
0.00	27	74	6
-1002.25	27	74	8
0.00	27	75	2
0.00	27	76	1
0.00	27	76	2
-1080.44	27	76	12
0.00	27	82	1
0.00	27	83	1
0.00	27	84	1
0.00	27	85	1
-239.36	27	91	3
-16.11	28	12	10
-436.05	28	19	8
-319.62	28	20	8
-32.85	28	31	5
-432.73	28	31	6
-189.97	28	31	11
-46.54	28	34	1
0.00	28	34	5
0.00	28	35	5
0.00	28	39	1
-280.62	28	46	1
-109.51	28	46	4
-903.49	28	48	1
-800.82	28	49	1
-41.06	28	50	1
-68.77	28	52	4
0.00	28	61	1
0.00	28	63	1
0.00	28	64	1
0.00	28	65	1
0.00	28	66	1
0.00	28	68	1
0.00	28	69	1
0.00	28	70	1
-305.37	28	72	4
-305.37	28	72	5
-305.37	28	72	6
-248.23	28	74	4
-248.23	28	74	6
-248.23	28	74	8
0.00	28	81	1
0.00	28	82	1
0.00	28	83	1
0.00	28	84	1
0.00	28	85	1
-431.21	28	98	3
-582.84	28	99	3
-177.86	28	101	3
-1400.95	28	108	3
-32.90	28	113	2
-461.52	28	113	3
-294.84	29	12	11
-22.93	29	13	10
-21.70	29	14	10
-369.74	29	19	11
-368.70	29	21	8
-196.35	29	22	8
0.00	29	30	6
-734.35	29	34	6
-177.96	29	42	1
-1067.76	29	42	4
0.00	29	43	3
-164.27	29	43	4
0.00	29	44	1
-2034.50	29	44	4
-41.06	29	45	1
-922.68	29	45	3
-4052.36	29	45	4
-1771.39	29	46	1
-109.51	29	46	3
-1505.81	29	46	4
-2669.40	29	47	1
-3319.64	29	48	1
-1673.55	29	49	1
0.00	29	50	1
-68.44	29	50	3
0.00	29	54	1
0.00	29	61	1
0.00	29	62	1
0.00	29	63	1
0.00	29	65	1
0.00	29	66	1
-60.72	29	66	4
0.00	29	67	1
0.00	29	68	1
0.00	29	69	1
0.00	29	70	1
-736.29	29	70	4
0.00	29	71	1
0.00	29	73	1
-341.54	29	76	4
0.00	29	78	3
0.00	29	79	4
0.00	29	82	1
0.00	29	83	1
0.00	29	85	1
-821.35	29	108	2
-1380.68	29	108	3
-273.78	29	109	3
-150.58	29	112	2
-20.17	30	13	10
-699.82	30	13	11
-71.15	30	14	10
-107.86	30	15	11
-114.03	30	16	10
-57.88	30	17	9
-30.12	30	18	9
-268.27	30	19	10
-223.68	30	22	8
-113.89	30	35	5
-191.65	30	36	4
-41.06	30	36	5
-133.85	30	37	5
-375.62	30	37	6
-375.62	30	37	7
-410.67	30	43	1
0.00	30	43	3
-752.90	30	43	4
-1382.61	30	44	4
-479.12	30	45	1
-1806.98	30	45	4
-944.55	30	46	1
-1444.21	30	46	4
-2067.07	30	47	1
0.00	30	47	3
-629.70	30	47	4
-451.74	30	48	1
-714.74	30	48	4
-27.37	30	49	1
0.00	30	50	1
0.00	30	61	1
0.00	30	62	1
0.00	30	66	1
0.00	30	67	1
0.00	30	68	1
0.00	30	69	1
0.00	30	74	2
-831.58	30	78	4
0.00	30	79	2
0.00	30	83	1
-105.75	30	83	3
0.00	30	84	1
0.00	30	85	1
-185.67	30	119	2
-340.62	31	14	11
-498.75	31	15	10
-114.81	31	16	10
-139.56	31	18	9
-200.32	31	19	9
-174.13	31	20	9
-84.95	31	24	8
0.00	31	31	6
-111.97	31	35	5
-213.55	31	35	6
-71.18	31	36	5
0.00	31	36	6
-1416.94	31	41	4
-2012.32	31	43	4
-569.47	31	44	4
0.00	31	45	1
-268.30	31	45	4
-177.96	31	46	1
-232.17	31	47	4
-684.46	31	48	3
0.00	31	56	2
-265.44	31	56	4
0.00	31	60	1
0.00	31	61	1
0.00	31	62	1
0.00	31	63	1
0.00	31	67	1
0.00	31	68	1
-234.67	31	73	1
-704.01	31	74	1
0.00	31	78	2
0.00	31	79	2
-662.79	31	79	4
0.00	31	83	1
0.00	31	84	1
0.00	31	85	1
0.00	31	85	3
0.00	31	86	1
-375.08	31	109	2
-991.10	31	112	2
-165.50	31	113	2
-114.35	31	114	2
-3241.57	31	119	4
-37.56	32	15	10
-576.57	32	15	11
-135.33	32	16	10
-15119.42	32	17	10
-57.09	32	18	10
-139.27	32	20	9
-205.11	32	20	10
-118.11	32	21	9
-143.18	32	35	6
-27.37	32	36	5
0.00	32	37	5
0.00	32	38	4
-511.65	32	40	4
-95.82	32	41	4
-95.82	32	42	1
-471.35	32	42	4
0.00	32	42	5
0.00	32	43	1
-2889.19	32	43	4
0.00	32	44	1
-369.61	32	44	4
-13.68	32	45	1
-109.51	32	45	4
0.00	32	46	4
-82.13	32	47	3
0.00	32	47	4
-164.27	32	49	4
-47.91	32	50	1
0.00	32	54	1
0.00	32	60	1
0.00	32	63	1
-35.54	32	64	4
0.00	32	66	1
0.00	32	67	1
0.00	32	68	1
-729.16	32	71	4
0.00	32	72	1
0.00	32	79	1
0.00	32	80	2
0.00	32	81	2
0.00	32	83	1
0.00	32	84	1
0.00	32	85	1
-94.49	32	98	3
-882.45	32	119	4
-355.92	33	15	11
-212.04	33	16	10
-51.06	33	17	10
-81.70	33	18	10
-217.31	33	20	10
0.00	33	33	6
-27.37	33	35	6
-41.06	33	37	5
-0.54	33	37	6
-136.89	33	39	5
0.00	33	44	4
0.00	33	47	1
0.00	33	58	1
0.00	33	60	1
0.00	33	63	1
0.00	33	67	1
0.00	33	68	1
0.00	33	69	1
0.00	33	70	4
0.00	33	71	1
0.00	33	73	1
-410.67	33	89	3
-99.57	33	110	3
-126.45	33	112	2
-461.15	34	15	11
-27.77	34	16	11
-107.89	34	17	10
-305.11	34	18	10
-121.59	34	19	10
-110.11	34	20	10
-133.80	34	23	9
-3899.01	34	25	10
0.00	34	33	6
-499.79	34	36	6
0.00	34	40	5
-1.36	34	42	4
-313.44	34	43	6
-837.43	34	46	6
0.00	34	46	7
-2287.62	34	61	3
0.00	34	68	1
0.00	34	69	1
0.00	34	70	1
0.00	34	71	1
0.00	34	72	1
0.00	34	73	1
-305.24	34	73	3
-305.24	34	73	4
-646.32	34	73	6
-13.37	34	74	4
0.00	34	75	3
-213.97	34	76	2
0.00	34	78	1
0.00	34	78	2
-427.99	34	82	4
-256.19	34	93	3
-287.47	34	109	2
-342.23	34	110	2
-273.78	34	111	2
-260.09	34	112	2
-123.20	34	113	2
-1058.56	35	15	11
-98.02	35	16	11
-273.49	35	17	11
-451.54	35	19	10
-295.20	35	20	10
-246.16	35	21	11
-157.87	35	22	9
-113.95	35	23	9
0.00	35	36	6
0.00	35	46	5
0.00	35	50	5
-62.33	35	52	5
-1517.27	35	52	6
0.00	35	52	7
-7.11	35	60	3
0.00	35	61	3
0.00	35	61	4
-59.17	35	62	3
0.00	35	63	1
-8.87	35	63	3
-1429.31	35	63	4
0.00	35	65	1
0.00	35	65	3
0.00	35	66	1
-88.98	35	66	2
-88.98	35	66	3
-499.65	35	67	1
-260.09	35	67	2
-212.18	35	67	3
-29.56	35	68	1
0.00	35	69	1
0.00	35	70	1
0.00	35	71	1
0.00	35	71	2
-34.04	35	71	3
0.00	35	72	1
0.00	35	73	1
-417.43	35	76	3
0.00	35	77	1
0.00	35	78	1
-124.68	35	83	4
0.00	35	84	1
-394.25	35	92	3
-237.84	35	102	3
-725.53	35	109	2
-240.93	35	110	2
-581.60	35	111	2
-97.27	35	116	3
-138.26	35	120	3
-70.96	35	121	2
-808.26	35	122	3
-94.03	36	15	11
-87.26	36	16	11
-170.09	36	17	11
-413.25	36	18	11
-267.62	36	19	11
-233.93	36	20	10
-86.68	36	20	11
-283.08	36	21	10
-202.50	36	22	10
-67.94	36	25	9
0.00	36	36	8
-1228.58	36	40	6
0.00	36	42	6
0.00	36	43	6
0.00	36	44	6
0.00	36	46	5
0.00	36	50	6
-1.65	36	52	5
0.00	36	52	6
-205.33	36	55	4
-205.33	36	56	4
-218.02	36	57	4
-271.28	36	59	4
-260.09	36	61	3
0.00	36	61	4
-129.53	36	62	4
-129.53	36	62	6
-231.43	36	64	4
0.00	36	64	6
0.00	36	65	1
-157.07	36	65	3
0.00	36	66	1
-109.50	36	66	3
-741.22	36	67	4
0.00	36	69	1
0.00	36	70	1
0.00	36	70	4
0.00	36	71	1
0.00	36	72	1
0.00	36	73	1
-63.71	36	105	3
-314.85	36	109	2
-424.36	36	110	2
-49.28	36	111	2
-110.88	36	115	3
-83.50	36	117	3
-136.01	36	119	2
-75.56	36	120	3
-1146.52	37	15	11
-439.20	37	18	11
-252.04	37	19	11
-342.45	37	20	11
-197.26	37	21	10
-134.75	37	21	11
-206.01	37	22	10
-51.48	37	23	10
-67.08	37	26	9
0.00	37	40	6
-91.11	37	41	6
-90.11	37	41	7
0.00	37	41	10
0.00	37	41	11
0.00	37	42	6
-82.73	37	42	8
-1171.87	37	43	6
-484.65	37	44	6
0.00	37	45	5
0.00	37	45	6
0.00	37	46	5
-10.85	37	46	6
-8.21	37	48	6
0.00	37	52	5
-506.50	37	55	4
-520.19	37	56	4
-1894.94	37	59	4
-2099.82	37	61	3
-889.94	37	61	4
0.00	37	61	6
0.00	37	62	3
0.00	37	64	2
0.00	37	65	1
-77.75	37	65	3
0.00	37	66	1
-424.36	37	66	3
0.00	37	68	1
0.00	37	69	1
0.00	37	70	1
0.00	37	71	1
0.00	37	72	1
0.00	37	73	1
0.00	37	74	1
0.00	37	75	1
0.00	37	77	1
-56.39	37	85	2
-824.09	37	85	3
-358.65	37	112	2
-136.89	37	114	2
-355.92	37	114	3
-319.34	37	117	2
-212.89	37	118	2
-118.27	37	119	2
-86.78	37	120	3
-89.06	38	15	11
-37.81	38	17	11
-1623.74	38	19	11
-298.28	38	20	11
-119.62	38	21	11
-404.72	38	22	11
-77.18	38	23	10
-128.79	38	23	11
-145.66	38	24	10
-54.06	38	25	10
-123.25	38	26	9
-58.32	38	27	9
-0.99	38	46	6
-62.20	38	47	6
0.00	38	47	7
-105.80	38	49	6
-105.80	38	49	7
-105.80	38	49	8
-294.35	38	52	6
-418.65	38	56	6
0.00	38	57	4
0.00	38	60	4
-158.87	38	60	6
-1789.58	38	61	4
-1397.95	38	62	3
-384.13	38	62	4
-0.27	38	63	1
-111.55	38	63	3
-151.00	38	63	4
-879.18	38	64	4
-3018.29	38	64	11
0.00	38	65	1
-191.65	38	65	3
-107.05	38	66	3
0.00	38	66	4
0.00	38	67	1
0.00	38	67	3
-488.25	38	67	4
-50.59	38	68	3
0.00	38	69	1
-1834.12	38	69	4
0.00	38	70	1
-36.03	38	71	1
0.00	38	72	1
0.00	38	73	1
0.00	38	74	1
0.00	38	74	3
0.00	38	75	1
-27.37	38	75	2
-27.37	38	75	3
0.00	38	82	2
0.00	38	85	2
-588.63	38	85	3
-465.43	38	104	3
-1199.18	38	115	3
-10.95	38	116	3
-143.73	38	117	2
-492.92	38	118	2
-354.27	38	121	3
-231.84	39	15	10
-371.99	39	16	11
-333.62	39	17	11
-444.34	39	18	11
-188.37	39	19	11
-375.24	39	20	11
-160.59	39	21	11
-29.59	39	22	11
-802.18	39	23	11
-182.77	39	24	10
-47.30	39	24	11
-31.44	39	25	10
-90.48	39	26	10
-75.50	39	27	9
-34.05	39	28	9
-95.82	39	37	6
0.00	39	40	6
-85.39	39	40	8
0.00	39	43	6
0.00	39	48	6
0.00	39	49	6
-1.36	39	51	6
0.00	39	52	5
-1207.76	39	52	6
-4.92	39	53	6
0.00	39	55	4
-15.74	39	57	4
-26736.61	39	60	4
-1645.20	39	60	6
-2910.26	39	61	4
0.00	39	62	3
0.00	39	62	4
0.00	39	63	1
0.00	39	63	3
-2330.24	39	65	4
-199.31	39	66	3
-3170.66	39	66	4
-2478.15	39	67	4
0.00	39	68	3
-1022.41	39	68	4
-30.66	39	72	1
-386.03	39	72	3
0.00	39	72	4
0.00	39	73	1
0.00	39	75	1
-698.15	39	75	3
0.00	39	76	1
-1797.88	39	76	3
0.00	39	77	1
-1106.56	39	77	2
-256.29	39	77	3
-153.54	39	78	2
-113.13	39	78	3
-10.10	39	80	4
-10.10	39	80	8
0.00	39	84	1
-126.53	39	84	3
-930.87	39	87	2
-1530.45	39	102	3
-1388.09	39	103	3
-2655.71	39	105	3
-549.04	39	107	3
-930.87	39	114	3
-113.62	39	115	3
-8.21	39	117	3
-32.85	39	118	2
-121.28	39	119	3
-126.25	40	16	10
-323.42	40	17	11
-1047.89	40	18	11
-165.88	40	19	11
-187.29	40	20	11
-523.96	40	21	11
-334.56	40	22	11
-101.02	40	23	11
-195.28	40	24	11
-111.41	40	25	10
-353.95	40	25	11
-220.14	40	26	10
-62.22	40	27	11
-53.11	40	30	9
-11.33	40	40	8
0.00	40	41	8
-96.09	40	42	6
-95.82	40	43	6
-54.75	40	44	6
-82.13	40	45	6
-109.51	40	46	6
0.00	40	47	6
-34.52	40	47	7
-6.55	40	48	6
-5.47	40	51	6
-2.05	40	52	5
-93.97	40	52	6
0.00	40	53	5
0.00	40	53	6
0.00	40	56	5
-13.00	40	57	4
-395.20	40	57	6
0.00	40	59	4
-139.56	40	59	6
-1258.49	40	60	4
-1206.71	40	60	6
-145.63	40	61	4
-3621.07	40	62	4
-88.31	40	62	6
-513.06	40	63	4
0.00	40	64	3
-6452.83	40	65	4
-383.24	40	65	6
0.00	40	66	1
0.00	40	66	2
0.00	40	66	3
-12.32	40	66	4
-0.51	40	67	1
-16.42	40	67	3
-879.06	40	67	4
-3614.68	40	68	4
-848.41	40	69	4
0.00	40	72	1
-643.39	40	72	3
0.00	40	72	4
-181.93	40	74	1
-95.82	40	74	3
0.00	40	75	1
-13.68	40	75	2
-438.05	40	75	3
-0.13	40	75	5
-0.13	40	75	6
0.00	40	76	1
-2035.73	40	76	3
0.00	40	83	1
-84.63	40	83	2
-43.41	40	83	3
0.00	40	86	1
-917.18	40	86	2
-273.78	40	86	3
-3466.14	40	87	2
-457.22	40	88	2
-558.52	40	88	3
-2025.46	40	102	2
-1245.72	40	102	3
-1541.41	40	103	3
-410.67	40	104	3
-191.65	40	105	3
-629.70	40	106	3
-54.75	40	115	3
-103.49	40	117	3
-43.80	40	118	3
-131.41	40	120	3
-436.44	41	18	10
-599.82	41	18	11
-161.61	41	19	11
-99.82	41	20	11
-325.72	41	21	11
-666.53	41	22	11
-229.39	41	23	11
-541.24	41	24	11
-565.09	41	25	11
-193.53	41	26	10
-184.42	41	26	11
-210.63	41	27	9
-138.84	41	27	10
-39.66	41	31	9
-3.13	41	36	5
-3.13	41	36	6
-3.13	41	36	7
0.00	41	38	6
-82.13	41	43	6
-54.75	41	44	6
-41.06	41	45	6
-1500.01	41	47	6
0.00	41	49	6
-825.83	41	50	6
0.00	41	52	6
-559.69	41	56	6
-1355.06	41	58	6
-66.25	41	59	4
-8.54	41	59	5
-8.54	41	59	6
-4.99	41	60	4
-163.32	41	60	6
-4.99	41	61	4
-223.99	41	62	4
-136.89	41	63	4
0.00	41	64	4
-46.40	41	65	4
-19.16	41	66	4
-738.00	41	66	10
-738.00	41	66	11
-1194.42	41	67	4
-64.41	41	68	3
-1.99	41	68	4
-11.73	41	69	4
0.00	41	70	1
-1084.75	41	70	4
0.00	41	74	1
-328.54	41	74	2
0.00	41	74	3
0.00	41	75	1
-183.84	41	75	2
-1074.09	41	75	3
0.00	41	76	1
-27.37	41	76	2
-1048.14	41	76	3
-65.70	41	83	2
0.00	41	84	2
-355.92	41	86	2
-2264.24	41	87	2
-520.19	41	87	3
-1875.42	41	88	2
-1040.38	41	102	2
-889.80	41	103	2
-301.16	41	104	3
-873.37	41	105	3
-410.67	41	106	3
-314.85	41	114	2
-273.78	41	114	3
-406.57	41	117	2
-225.05	41	118	2
-181.40	42	16	10
-232.41	42	19	10
-74.77	42	19	11
-478.57	42	20	11
-192.52	42	21	11
-438.63	42	22	11
-333.05	42	23	11
-225.61	42	24	11
-383.11	42	25	11
-394.38	42	26	11
-333.42	42	27	10
-198.80	42	27	11
-123.20	42	28	11
-58.67	42	29	9
-105.09	42	31	10
-18.61	42	32	10
-91.00	42	32	11
-15.65	42	34	8
-1260.01	42	38	6
-10.95	42	39	6
-49.28	42	40	6
-4.10	42	41	6
-27.37	42	43	6
-32.42	42	52	6
-1623.38	42	55	6
-10.72	42	55	8
0.00	42	57	6
-65.01	42	59	6
-626.40	42	59	8
-1464.39	42	61	6
-16.43	42	62	4
-99.20	42	63	4
-219.03	42	64	4
0.00	42	64	6
-1000.27	42	65	4
-1391.19	42	65	6
-363.40	42	65	8
-392.17	42	66	4
-1010.48	42	66	6
-4253.68	42	67	4
-642.85	42	67	6
-0.82	42	68	4
-2251.04	42	70	4
0.00	42	71	3
-2274.03	42	71	4
-1078.99	42	72	4
-4082.93	42	73	4
-3312.61	42	74	4
-570.73	42	75	4
0.00	42	78	8
-15.29	42	85	2
-15.29	42	85	3
0.00	42	87	1
-377.81	42	87	2
-1147.20	42	88	2
-328.54	42	89	2
-164.27	42	90	2
-385.76	42	91	2
-3558.94	42	92	2
-246.40	42	104	2
-547.57	42	104	3
-1640.59	42	115	3
-509.82	42	116	3
-237.37	42	117	2
-177.41	42	119	2
-154.19	43	15	10
-318.40	43	18	9
-33.88	43	19	10
-35.89	43	19	11
-238.79	43	20	10
-86.46	43	20	11
-180.33	43	21	11
-453.95	43	22	11
-204.37	43	23	11
-31.35	43	24	11
-225.74	43	25	11
-631.24	43	26	11
-373.84	43	27	11
-240.01	43	28	10
-105.10	43	29	10
-158.09	43	30	9
-167.77	43	31	9
-145.07	43	31	10
-301.16	43	32	9
0.00	43	32	10
-158.24	43	34	8
-13.68	43	40	6
0.00	43	43	6
-90.34	43	46	5
-22.17	43	46	6
-22.17	43	46	7
-2359.37	43	48	6
0.00	43	52	6
-1612.50	43	53	6
0.00	43	55	5
0.00	43	55	6
0.00	43	57	6
0.00	43	58	5
0.00	43	58	6
0.00	43	59	5
0.00	43	60	6
-11.41	43	62	4
-0.12	43	62	6
-0.12	43	62	7
0.00	43	62	10
0.00	43	62	11
0.00	43	63	4
0.00	43	63	6
-309.22	43	64	10
-309.22	43	64	11
-111.51	43	65	4
-167.22	43	66	4
-498.70	43	66	6
0.00	43	67	4
0.00	43	68	4
-191.80	43	68	6
-0.82	43	69	4
-1166.49	43	69	8
0.00	43	70	4
0.00	43	71	1
-1591.54	43	71	4
-502.96	43	71	6
-86.64	43	76	4
0.00	43	78	1
-368.44	43	78	8
0.00	43	81	3
-657.08	43	84	2
0.00	43	87	1
0.00	43	88	1
-821.35	43	88	2
-328.54	43	89	2
-999.31	43	90	2
-301.16	43	91	2
-341.22	43	104	2
-232.71	43	105	2
-109.51	43	107	3
-375.08	43	108	3
-425.59	43	110	3
-196.04	43	115	3
-16.42	43	116	2
-894.26	43	116	3
-303.57	43	119	2
-167.83	43	119	3
-112.16	44	19	9
-324.79	44	21	10
-104.33	44	22	11
-386.85	44	23	11
-140.83	44	24	11
-31.99	44	25	10
-468.22	44	25	11
-677.90	44	26	11
-452.75	44	27	11
-657.33	44	28	11
-91.89	44	29	11
-82.08	44	30	9
-274.25	44	30	10
-106.44	44	33	10
-130.81	44	33	11
0.00	44	34	10
-478.54	44	42	6
-1560.90	44	42	7
0.00	44	52	6
0.00	44	53	6
-415.72	44	54	6
0.00	44	54	10
0.00	44	54	11
0.00	44	55	5
0.00	44	55	6
0.00	44	56	6
0.00	44	57	6
0.00	44	58	6
0.00	44	59	6
0.00	44	61	6
-409.32	44	62	6
-147.52	44	63	10
-147.52	44	63	11
-11.17	44	64	6
-31.75	44	65	4
-54.87	44	65	5
-929.36	44	65	6
-22.00	44	66	4
-128.13	44	67	4
-288.48	44	67	6
-288.48	44	67	7
-0.54	44	68	4
-1778.72	44	69	6
0.00	44	69	8
-51.74	44	70	4
-1922.89	44	70	6
-797.69	44	71	4
-522.00	44	71	6
0.00	44	72	2
0.00	44	76	6
-710.51	44	82	2
-202.91	44	82	4
0.00	44	88	1
0.00	44	89	1
0.00	44	90	1
-362.60	44	93	3
-139.23	44	95	3
-219.02	44	103	3
-1.23	44	107	2
-8.21	44	109	2
-273.78	44	110	3
-458.63	44	115	3
-859.60	44	116	3
-70.96	44	119	2
-41.06	44	120	3
-38.32	44	121	3
-75.16	45	20	9
-182.77	45	22	10
-160.81	45	22	11
-188.47	45	23	11
-239.67	45	24	11
-95.60	45	25	10
-1038.99	45	25	11
-265.81	45	26	10
-614.83	45	26	11
-75.18	45	27	10
-59.29	45	27	11
-204.85	45	28	10
-41.30	45	29	10
-460.37	45	30	10
-40.67	45	31	11
0.00	45	33	10
-126.07	45	34	8
0.00	45	45	5
-1592.11	45	51	6
-64.93	45	53	6
0.00	45	54	6
-439.12	45	55	6
0.00	45	56	6
0.00	45	57	5
0.00	45	57	6
0.00	45	58	6
-3985.09	45	59	6
0.00	45	59	8
-201.64	45	60	6
-403.18	45	61	6
-910.21	45	62	6
0.00	45	62	10
0.00	45	62	11
-470.03	45	63	6
-1355.34	45	64	6
0.00	45	66	5
0.00	45	67	5
0.00	45	68	5
-13.68	45	69	1
-57.49	45	70	4
0.00	45	70	5
-3143.09	45	70	6
-2021.76	45	71	4
-918.44	45	71	6
-750.72	45	72	4
-435.44	45	72	6
-221.24	45	86	3
0.00	45	89	1
0.00	45	90	1
0.00	45	91	1
-640.57	45	103	3
-260.09	45	104	3
-1356.76	45	115	2
-896.01	45	116	3
-275.97	45	117	2
-216.83	45	118	2
-63.08	45	119	2
-65.29	46	20	9
-195.35	46	24	11
-26.42	46	25	11
-173.65	46	26	11
-156.58	46	27	10
-36.26	46	27	11
-246.40	46	28	10
-1426.00	46	29	10
-222.17	46	29	11
-22.46	46	30	10
-47.68	46	30	11
-51.98	46	32	9
-78.37	46	32	11
-38.93	46	34	9
-28.06	46	34	10
0.00	46	41	5
-177.96	46	50	6
-1.97	46	53	6
-1374.36	46	54	6
0.00	46	55	6
0.00	46	57	6
0.00	46	58	6
0.00	46	59	5
-1785.79	46	59	6
-434.96	46	59	8
-2995.15	46	60	6
-181.96	46	61	6
-981.25	46	63	6
-117.55	46	64	6
-1079.18	46	66	6
-887.08	46	67	6
-291.49	46	67	7
-270.39	46	69	6
0.00	46	70	4
-164.27	46	71	4
-995.49	46	71	6
-1150.60	46	72	4
-1328.45	46	72	6
0.00	46	73	6
-614.56	46	74	8
0.00	46	80	4
-184.69	46	86	3
0.00	46	89	1
0.00	46	90	1
0.00	46	91	1
0.00	46	92	1
-30.36	46	93	2
-391.51	46	106	3
-39.25	46	107	3
-492.81	46	108	3
-151.12	46	109	2
-240.93	46	109	3
-292.16	46	115	3
-282.55	46	116	3
-328.54	46	117	2
-147.84	46	118	2
-118.36	47	22	9
-348.96	47	24	9
-129.54	47	24	10
-382.10	47	25	10
-220.18	47	26	11
-4.97	47	27	11
-283.98	47	28	10
-316.71	47	28	11
-73.98	47	29	10
-24.35	47	30	10
-102.22	47	30	11
-21.25	47	31	10
-26.54	47	31	11
-294.35	47	33	10
-609.35	47	36	8
0.00	47	49	5
-1090.45	47	49	6
0.00	47	53	6
0.00	47	54	6
0.00	47	55	6
-2.24	47	56	6
0.00	47	57	6
-20.09	47	58	6
-848.73	47	59	8
-664.92	47	60	6
-2817.55	47	61	6
-255.25	47	62	6
0.00	47	64	6
-948.20	47	67	6
-4576.41	47	72	4
0.00	47	72	6
0.00	47	73	4
0.00	47	73	5
-56.20	47	74	4
-21.02	47	86	3
-6.34	47	87	3
0.00	47	88	1
0.00	47	90	1
-273.78	47	104	3
-329.91	47	105	2
-276.38	47	106	3
-1.23	47	107	3
-123.20	47	109	3
-1.36	47	110	3
-874.74	47	117	2
-554.41	47	118	2
-295.68	47	119	2
-82.13	47	120	2
0.00	48	23	9
0.00	48	23	10
-72.05	48	27	10
-419.52	48	27	11
-29.34	48	28	10
-35.86	48	28	11
-56.78	48	29	10
-380.88	48	30	11
-23.70	48	31	10
-57.46	48	33	10
0.00	48	36	10
0.00	48	54	6
-24.42	48	55	6
-2083.04	48	56	6
0.00	48	57	6
0.00	48	58	5
-1908.38	48	59	6
-247.28	48	70	6
0.00	48	72	8
0.00	48	73	4
0.00	48	73	6
0.00	48	83	4
-58.13	48	84	3
0.00	48	90	1
0.00	48	91	1
0.00	48	92	1
0.00	48	93	1
0.00	48	94	1
-466.66	48	104	3
-125.66	48	105	2
-327.44	48	105	3
-25.87	48	106	2
-498.01	48	106	3
-676.24	48	108	3
-82.13	48	109	3
-298.42	48	112	3
-314.85	48	113	3
-161.53	48	115	2
-971.25	48	117	2
-492.81	48	118	2
-172.48	48	119	2
-295.68	48	120	2
-76.93	49	27	11
-16.31	49	28	10
-131.96	49	28	11
-67.67	49	29	10
-241.41	49	29	11
-638.13	49	32	9
-50.73	49	34	9
0.00	49	39	10
-637.16	49	46	6
-2.73	49	48	6
0.00	49	54	6
0.00	49	55	6
0.00	49	57	6
-1.36	49	58	5
0.00	49	58	6
-1.36	49	59	5
0.00	49	66	8
-593.36	49	70	6
-5.47	49	71	4
0.00	49	71	6
0.00	49	72	4
-352.14	49	73	4
-633.29	49	73	6
-41.06	49	80	4
-95.82	49	80	8
-10.51	49	85	3
0.00	49	86	3
0.00	49	89	4
0.00	49	93	1
0.00	49	94	1
-3.69	49	106	2
-1.23	49	106	3
-83.36	49	107	2
-136.89	49	111	3
-722.39	49	112	3
-134.20	49	114	3
-25.62	49	117	2
-716.22	49	118	2
-295.68	49	120	2
-116.19	50	26	9
-300.90	50	28	10
-2630.15	50	30	10
-39.74	50	31	10
-54.09	50	31	11
0.00	50	34	9
-594.26	50	52	6
-594.26	50	52	7
0.00	50	58	5
-886.27	50	59	6
-0.99	50	60	6
-2304.94	50	62	6
-1353.05	50	71	6
0.00	50	73	4
-20.53	50	75	1
-13.68	50	76	1
-13.68	50	76	4
-26002.71	50	80	4
0.00	50	81	4
0.00	50	85	4
-35.08	50	91	3
-249.14	50	106	3
-179.19	50	108	3
-114.30	50	108	4
-82.13	50	111	2
-60.23	50	112	2
-232.71	50	112	3
-136.89	50	113	2
-82.13	50	113	3
-199.86	50	114	3
-1330.44	50	119	2
-88.70	50	121	2
-150.88	51	18	9
-322.20	51	26	11
-45.10	51	28	11
-258.21	51	29	10
-127.49	51	31	9
-53.27	51	31	10
-121.30	51	32	9
-193.80	51	33	9
0.00	51	39	9
-586.16	51	40	8
0.00	51	40	10
0.00	51	47	6
0.00	51	47	7
0.00	51	57	6
0.00	51	58	6
0.00	51	58	7
0.00	51	59	5
0.00	51	60	5
-40.52	51	60	6
-114.31	51	70	6
-148.69	51	72	6
-1.36	51	74	4
-793.33	51	74	6
-195.77	51	76	8
0.00	51	77	4
0.00	51	80	4
0.00	51	80	8
0.00	51	81	3
-35.59	51	82	3
-109.51	51	83	3
-49.28	51	84	3
0.00	51	85	3
-182.40	51	85	4
-114.55	51	88	3
-114.78	51	89	3
0.00	51	95	1
0.00	51	96	1
-1.36	51	107	3
-120.46	51	109	3
-325.80	51	110	2
-694.35	51	112	2
-238.19	51	113	2
-118.27	51	119	2
-742.91	51	120	2
-353.18	51	121	2
-209.99	52	18	9
0.00	52	24	10
-144.01	52	32	9
-118.23	52	33	9
0.00	52	35	10
0.00	52	52	6
0.00	52	57	5
0.00	52	58	5
0.00	52	58	6
0.00	52	59	6
-60.56	52	60	6
-1907.45	52	63	6
-230.42	52	65	6
-230.42	52	65	7
-640.46	52	68	6
-485.44	52	73	6
-1.36	52	74	6
0.00	52	76	6
0.00	52	78	4
0.00	52	79	4
-50.54	52	81	4
-314.94	52	81	7
-314.94	52	81	8
0.00	52	84	3
-224.50	52	85	3
0.00	52	86	3
-602.32	52	89	1
-722.79	52	96	1
0.00	52	97	1
-109.51	52	106	3
-208.07	52	109	3
-136.89	52	110	3
-623.17	52	112	2
-68.44	52	113	2
-49.28	52	114	3
-52.56	52	115	3
-413.96	52	118	2
-137.98	52	119	2
-92.40	52	120	2
-3542.61	53	32	11
-54.49	53	34	9
-416.54	53	44	8
0.00	53	54	5
0.00	53	59	5
-699.99	53	60	5
-936.89	53	60	6
-197.90	53	75	4
-421.38	53	75	6
-1129.38	53	76	6
0.00	53	96	1
0.00	53	97	1
-657.08	53	97	2
-22.58	53	97	3
0.00	53	98	1
-246.40	53	98	2
-191.65	53	103	3
-246.40	53	104	2
-76.97	53	105	3
-46.54	53	109	3
-169.74	53	110	3
-116.08	53	112	2
-129.77	53	113	2
-84.87	53	115	3
-354.82	53	121	2
-2833.52	54	17	10
-363.84	54	27	8
-189.33	54	28	8
-171.25	54	29	8
-108.39	54	30	8
-114.00	54	31	8
0.00	54	31	10
-17.79	54	50	5
0.00	54	59	5
0.00	54	59	6
0.00	54	60	5
0.00	54	60	6
-644.73	54	68	6
-381.79	54	77	6
-13.68	54	78	4
0.00	54	84	1
-13.68	54	84	3
0.00	54	97	1
-177.96	54	97	2
-284.73	54	98	1
-1591.46	54	98	2
-19.98	54	100	4
-191.65	54	101	2
-136.89	54	102	2
-136.89	54	102	3
-752.90	54	103	3
-532.23	54	120	2
-384.39	54	121	2
-422.55	55	15	11
-876.92	55	16	10
-861.33	55	16	11
-9.10	55	26	8
-59.57	55	30	8
-16.10	55	32	8
0.00	55	32	9
-16.33	55	33	8
0.00	55	51	6
-3.08	55	52	6
0.00	55	56	5
0.00	55	59	5
0.00	55	59	6
0.00	55	60	5
0.00	55	60	6
0.00	55	61	5
0.00	55	62	5
-2238.59	55	62	6
-159.06	55	70	6
-159.06	55	70	7
-0.27	55	78	4
-0.27	55	78	6
0.00	55	79	4
0.00	55	79	6
-1353.35	55	80	6
-26.91	55	90	4
-164.27	55	93	3
-85.52	55	94	3
-186.09	55	94	4
0.00	55	95	1
-164.27	55	95	3
0.00	55	98	1
-1008.76	55	100	2
-186.17	55	101	2
-186.17	55	101	3
-1013.00	55	102	3
-109.51	55	103	3
-593.90	55	107	3
-131.41	55	108	3
-61.60	55	115	3
-474.33	55	117	2
-114.99	55	120	2
-542.09	55	121	2
-13.39	56	26	8
-24.25	56	28	8
-99.90	56	29	8
-23.87	56	30	8
-205.33	56	34	10
-27.71	56	35	8
-311.15	56	56	5
-4101.41	56	56	6
0.00	56	57	6
0.00	56	58	6
0.00	56	59	5
0.00	56	59	6
0.00	56	60	5
0.00	56	60	6
0.00	56	61	5
0.00	56	62	5
0.00	56	62	6
-338.48	56	64	6
-338.48	56	64	7
-192.89	56	79	6
-863.41	56	80	6
-106.77	56	85	3
0.00	56	86	3
-10.95	56	87	3
-271.65	56	89	3
-467.02	56	90	3
-315.06	56	100	2
-383.30	56	100	3
-104.03	56	101	2
-150.58	56	102	2
-171.77	56	103	3
-342.23	56	106	3
-27.37	56	111	3
0.00	57	23	9
0.00	57	34	10
0.00	57	58	5
-1296.74	57	58	6
-452.93	57	59	5
0.00	57	59	6
0.00	57	60	5
-1279.01	57	60	6
0.00	57	61	5
-4314.20	57	61	6
-60.50	57	63	5
-806.63	57	63	6
0.00	57	64	5
0.00	57	79	4
0.00	57	79	6
-300.84	57	85	3
-281.25	57	86	3
-750.07	57	87	6
-41.06	57	89	3
-594.11	57	101	2
-109.51	57	101	3
-752.90	57	102	2
-676.24	57	102	3
-232.71	57	105	3
-67.34	57	108	2
-494.91	58	39	10
0.00	58	43	9
0.00	58	43	10
0.00	58	43	11
0.00	58	52	7
0.00	58	55	5
-1290.72	58	55	6
0.00	58	56	5
0.00	58	60	6
0.00	58	62	5
-10.98	58	64	5
-136.89	58	64	6
-1176.09	58	82	6
0.00	58	84	3
-119.16	58	85	12
-199.86	58	102	2
-652.47	58	102	3
-6.84	58	106	3
-334.01	58	107	3
-464.06	58	108	2
-2369.71	59	18	10
-2069.23	59	24	10
0.00	59	30	10
-25.48	59	41	8
-1308.39	59	54	6
0.00	59	58	5
0.00	59	59	5
0.00	59	60	5
-566.16	59	79	8
0.00	59	85	4
-105.60	59	86	4
-193.81	59	86	6
0.00	59	92	3
0.00	59	93	3
-246.46	59	93	4
-318.95	59	102	2
-757.01	59	102	3
-952.77	59	104	3
-759.75	59	107	2
-186.17	59	108	2
-164.27	59	110	2
-128.67	59	111	2
-848.77	60	28	8
-266.99	60	29	8
-133.49	60	30	8
-3065.66	60	48	8
-16.20	60	49	5
-16.20	60	49	6
-16.20	60	49	7
-273.78	60	55	6
-547.51	60	57	6
-547.51	60	57	7
0.00	60	65	5
-285.46	60	79	6
0.00	60	83	4
0.00	60	89	1
-396.98	60	98	3
-394.25	60	100	3
-301.16	60	108	2
-38.12	60	109	2
-550.83	60	111	3
-814.16	61	29	8
0.00	61	29	10
-136.89	61	30	10
-223.73	61	52	5
0.00	61	53	5
0.00	61	53	6
-609.04	61	53	7
0.00	61	60	5
-1289.96	61	60	6
-1724.12	61	63	6
-1325.86	61	65	6
0.00	61	89	1
-3.94	61	90	1
0.00	61	99	3
-683.06	61	103	3
-68.44	61	104	2
-388.77	61	109	3
-3.12	61	110	3
-565.36	61	111	3
-53.92	62	41	10
-136.89	62	51	5
-123.20	62	52	5
-35.59	62	52	6
-68.44	62	53	5
-29.56	62	53	6
0.00	62	58	5
0.00	62	72	7
-860.75	62	75	6
0.00	62	81	4
-24.91	62	82	4
0.00	62	95	1
-375.08	62	105	2
-183.43	62	106	2
-241.71	62	110	3
0.00	63	27	10
-24.64	63	51	5
-812.19	63	51	7
-812.19	63	51	8
-232.71	63	52	5
-201.32	63	53	5
-71.18	63	53	6
-914.57	63	54	6
-12.05	63	59	5
-10.67	63	80	4
0.00	63	81	4
-12.38	63	83	4
-762.77	63	87	6
0.00	63	89	6
-52.01	63	100	3
-6420.26	63	102	3
-37.08	63	107	3
-369.61	63	108	3
-379.75	64	38	10
-120.46	64	51	5
-82.13	64	53	5
-477.18	64	53	6
-477.18	64	53	7
0.00	64	54	6
-124.57	64	55	6
0.00	64	63	5
-2092.77	64	63	6
-694.34	64	66	6
-924.05	64	80	6
0.00	64	86	4
0.00	64	88	6
-17.54	64	105	3
-832.30	64	109	3
-2518.35	64	110	3
-109.51	65	32	10
0.00	65	33	9
-6.84	65	50	6
0.00	65	50	7
-302.64	65	50	8
-12.86	65	54	5
0.00	65	61	5
0.00	65	66	5
-354.84	65	74	6
-354.84	65	74	7
-1745.23	65	79	6
-488.72	65	79	7
-58.17	65	80	1
-44.29	65	82	4
0.00	65	85	4
-213.55	65	86	4
0.00	65	89	4
-7.98	65	98	3
-484.59	65	110	3
-410.67	65	111	3
-136.89	66	34	9
-95.82	66	49	6
0.00	66	54	6
-341.47	66	54	7
-353.21	66	79	6
-353.21	66	79	7
-92.53	66	100	3
-684.46	66	104	3
-82.13	67	25	10
-568.78	67	35	10
-285.98	67	39	8
-367.13	67	40	8
-27.37	67	45	6
-24.64	67	45	7
-50.84	67	52	5
-1630.95	67	54	7
-1630.95	67	54	8
0.00	67	79	6
-793.97	67	91	4
-13.45	67	106	3
-6.84	67	108	3
-226.14	68	23	11
-403.83	68	24	10
-226.14	68	26	10
-252.49	68	43	8
-32.85	68	44	7
-95.82	68	58	5
-1454.25	68	59	6
-1454.25	68	59	7
-21.90	68	63	5
-1107.97	68	63	6
-1107.97	68	63	7
-210.84	68	68	6
-221.87	68	68	7
-354.68	68	75	6
-1900.15	68	84	6
-281.99	68	89	7
-1127.08	68	96	3
-68.16	68	103	3
-109.51	69	29	10
-136.89	69	30	10
0.00	69	36	9
-150.36	69	53	6
-554.18	69	65	7
-672.20	69	74	7
0.00	69	94	14
-602.32	69	106	3
-693.18	70	24	10
-242.30	70	25	10
-1232.03	70	58	6
-103.34	70	82	6
-410.67	71	26	9
-450.51	71	26	10
-205.33	71	28	10
-410.67	71	35	10
-127.26	71	44	8
0.00	71	55	7
-845.21	71	83	9
-16.42	71	102	3
-547.57	71	104	3
-48.46	72	23	11
-3119.20	72	25	10
0.00	72	31	10
-314.85	72	34	10
-410.67	72	41	10
0.00	72	44	10
-419.80	72	55	6
-419.80	72	55	7
-419.80	72	55	8
-273.78	72	104	3
-2053.38	72	104	4
-121.15	73	23	10
-273.78	73	24	10
-1335.66	73	26	10
-726.48	73	27	10
-444.21	73	28	10
-851.47	73	29	10
0.00	73	30	10
-136.89	73	31	10
-205.33	73	33	10
-273.78	73	40	10
0.00	73	41	9
-164.27	73	50	6
-1753.48	73	64	7
-775.11	73	65	7
-439.27	73	74	6
-439.27	73	74	7
-439.27	73	74	8
-2126.22	73	101	3
-19.16	73	105	3
-107.46	73	107	3
-1048.32	74	25	10
-439.56	74	27	10
-363.45	74	30	9
-484.60	74	38	10
-534.41	74	41	9
-534.41	74	41	10
-0.68	74	55	6
0.00	74	64	6
-1007.92	74	64	7
-841.97	74	83	9
-73.92	74	85	6
0.00	74	85	7
-208.07	74	108	4
0.00	74	108	14
-28.67	75	21	10
-136.89	75	26	11
-150.58	75	28	9
-205.33	75	28	10
-410.67	75	37	9
-27.37	75	48	5
0.00	75	49	7
0.00	75	51	6
0.00	75	51	7
0.00	75	65	6
0.00	75	65	7
-643.69	75	75	6
-643.69	75	75	7
-578.74	75	89	14
-258.09	76	19	10
-54.75	76	21	10
-54.75	76	25	10
-919.91	76	27	10
-432.58	76	28	10
-930.47	76	64	7
0.00	76	86	10
0.00	76	87	9
-0.01	76	97	7
-0.01	76	97	10
-274.60	77	25	9
-201.91	77	26	9
-145.38	77	27	10
-301.16	77	28	11
-136.89	77	34	9
-136.89	77	34	10
-782.14	77	37	9
0.00	77	39	9
-102.46	77	55	6
-143.73	77	67	6
-143.73	77	67	7
0.00	77	85	9
0.00	77	85	10
-575.28	77	86	9
-575.28	77	86	10
-397.13	77	89	9
-397.13	77	89	10
-403.83	78	28	10
-468.43	78	30	9
-726.89	78	30	10
-737.82	78	31	9
-1093.74	78	31	10
-413.79	78	32	9
-413.79	78	32	10
-266.11	78	35	9
-266.11	78	35	10
-167.54	78	63	7
-167.54	78	63	8
-297.58	78	76	7
-297.58	78	76	8
-615.03	78	89	9
-615.03	78	89	10
-205.33	79	25	10
-803.90	79	27	10
-959.06	79	29	10
-752.49	79	30	10
-47.91	79	34	9
-47.91	79	34	10
-182.27	79	38	9
-182.27	79	38	10
-1023.02	79	54	8
-123.20	79	55	8
-136.89	79	56	8
-291.96	79	65	6
-291.96	79	65	7
-541.60	79	68	7
-136.89	80	28	10
-273.78	80	29	10
-161.53	80	30	10
-260.09	80	31	9
-260.09	80	31	10
-379.19	80	32	9
-379.19	80	32	10
-219.02	80	33	10
0.00	80	41	9
0.00	80	41	10
-687.31	80	53	8
-687.31	80	53	9
-687.31	80	53	10
0.00	80	78	7
-665.39	80	78	8
-843.55	80	92	13
-68.44	81	32	9
-68.44	81	32	10
-57.49	81	35	10
-254.59	81	45	8
0.00	81	45	10
0.00	81	54	8
-355.78	81	65	6
-355.78	81	65	7
-355.78	81	65	8
0.00	81	99	14
0.00	82	30	10
-49.89	82	33	9
-288.42	82	33	10
-526.16	82	33	14
-110.88	82	35	10
-110.88	82	35	12
-95.82	82	36	10
-95.82	82	36	11
-63.75	82	47	8
-781.16	82	55	8
0.00	82	61	8
0.00	82	61	9
-1124.77	82	64	6
-249.15	82	72	7
-249.15	82	72	8
-714.27	82	73	8
-943.77	82	89	10
-1564.22	82	92	14
-358.63	82	99	14
-64.66	83	30	14
-143.73	83	32	9
-143.73	83	32	10
0.00	83	32	11
-219.02	83	33	11
-109.51	83	34	9
-109.51	83	34	10
-30.25	83	35	9
-30.25	83	35	10
-0.68	83	57	8
-0.68	83	61	5
-0.68	83	61	6
-453.30	83	69	6
-262.89	84	30	14
-142.36	84	34	9
-142.36	84	34	10
-35.39	84	39	9
-35.39	84	39	10
0.00	84	49	10
-169.40	84	54	8
-1.36	84	58	8
-326.49	84	64	6
-326.49	84	64	7
0.00	84	65	6
-321.81	84	66	6
-321.81	84	66	8
-1189.65	84	83	9
-848.04	85	26	14
-0.39	85	31	10
-94.45	85	33	9
-94.45	85	33	10
-75.29	85	34	9
-123.20	85	34	10
-75.29	85	34	11
0.00	85	42	9
0.00	85	42	10
-785.64	85	49	9
-785.64	85	49	10
0.00	85	53	8
-0.41	85	57	8
-823.00	85	60	8
-183.49	85	61	8
-183.49	85	61	9
-183.49	85	61	10
-147.99	85	64	6
-147.99	85	64	7
-1553.98	85	78	9
-2204.59	85	99	14
-2.73	86	25	15
0.00	86	28	10
-200.41	86	33	9
-200.41	86	33	10
-66.46	86	34	9
-395.22	86	41	10
-395.22	86	41	14
-8566.14	86	62	8
-394.98	86	64	6
-104.09	86	65	6
-101.30	86	87	5
-1209.14	86	95	14
-108.14	87	24	15
-68.44	87	33	9
-68.44	87	33	10
-66.46	87	34	9
-66.46	87	34	10
0.00	87	55	8
0.00	87	62	8
-100.63	87	64	6
-100.63	87	64	7
-652.64	87	70	8
0.00	87	100	14
0.00	88	22	15
-95.82	88	23	15
-490.35	88	29	14
-28.47	88	34	9
-28.47	88	34	10
-60.91	88	36	11
-127.93	88	37	10
-30.67	88	37	11
-732.71	88	40	9
-732.71	88	40	10
0.00	88	49	9
0.00	88	49	10
0.00	88	54	8
0.00	88	55	8
-1.36	88	61	8
-939.35	88	64	8
-2.05	88	64	9
-2.05	88	64	10
-428.16	88	65	8
-0.68	88	72	6
0.00	88	100	14
-254.54	89	25	15
-16.94	89	36	9
-16.94	89	36	10
0.00	89	54	8
-1.36	89	61	8
-0.68	89	62	8
-230.51	89	64	8
-0.95	89	73	5
-164.00	89	100	14
0.00	89	102	15
0.00	90	28	14
-14.27	90	34	9
-14.27	90	34	10
-4015.43	90	46	9
-4015.43	90	46	10
-225.00	90	55	8
-0.68	90	56	8
0.00	90	68	5
-109.51	90	70	6
-1530.22	90	96	13
0.00	91	27	14
0.00	91	29	15
0.00	91	37	9
0.00	91	37	10
-246.40	91	45	9
-246.40	91	45	10
0.00	91	46	14
-137.52	91	55	8
0.00	91	60	8
-279.34	91	60	9
-646.97	91	70	8
-0.45	91	100	14
-122.02	92	27	15
-29.03	92	31	10
0.00	92	35	9
-91.19	92	36	10
0.00	92	45	15
-109.51	92	53	9
-122.16	92	61	8
-31.48	92	74	6
-1288.08	92	81	9
-1669.38	92	93	14
0.00	93	32	9
-520.56	93	36	14
-6.84	93	54	9
-6.84	93	54	10
-105.04	93	60	8
-123.20	93	68	8
-218.66	93	69	8
-571.85	94	32	15
-71.18	94	38	10
-71.18	94	38	11
-569.47	94	38	14
-389.12	94	42	14
-5832.87	94	45	9
-5832.87	94	45	10
0.00	94	55	14
-771.02	94	65	8
-645.36	94	66	8
-13.14	94	71	6
-133.06	94	73	8
-230.85	95	31	15
-41.06	95	33	11
0.00	95	38	9
0.00	95	38	10
-71.18	95	38	14
-71.18	95	38	15
-498.28	95	40	10
-498.28	95	40	11
-353.36	95	54	9
-177.96	95	59	8
-236.68	95	60	8
-27.37	95	64	8
-569.63	95	67	8
-164.27	95	73	8
0.00	96	29	15
-60.50	96	35	14
0.00	96	40	9
0.00	96	46	9
0.00	96	46	10
-1416.24	96	46	14
-167.55	96	49	14
-62.97	96	50	14
-269.28	96	56	8
-650.40	96	65	9
-1.36	96	69	8
-880.52	96	81	9
-660.76	97	35	10
0.00	97	35	11
-72.27	97	46	9
-72.27	97	46	10
-268.02	97	46	14
0.00	97	47	9
-1094.65	97	47	14
-344.96	97	53	13
-123.20	97	71	8
-295.17	97	84	13
-295.17	97	84	14
-334.29	98	35	14
-372.25	98	45	10
-372.25	98	45	14
-57.49	98	53	9
-57.49	98	53	10
-203.86	98	55	14
-148.37	98	57	8
-1023.93	98	59	8
-590.48	98	61	9
-590.48	98	61	10
-852.37	98	90	14
-1801.46	98	97	13
-99.11	99	32	15
0.00	99	37	11
0.00	99	44	9
-1433.97	99	49	9
-1433.97	99	49	10
-14.37	99	55	9
-14.37	99	55	10
-109.51	99	56	8
-1.36	99	57	9
-1.36	99	57	10
-290.28	99	58	8
0.00	99	58	9
-1023.93	99	60	8
-79.79	99	60	9
-79.79	99	60	10
-807.09	99	75	9
-807.09	99	75	10
-586.11	99	81	9
-525.66	100	40	15
-24.50	100	45	9
-24.50	100	45	10
-18.57	100	46	9
-18.57	100	46	10
-58.66	100	55	13
-188.16	100	58	8
-0.68	101	41	14
0.00	101	74	15
-55.24	101	75	9
-55.24	101	75	10
0.00	102	35	15
-823.79	102	45	14
-45.56	102	55	10
-45.56	102	55	14
-270.04	102	60	9
-270.04	102	60	10
-140.61	102	62	9
0.00	102	62	10
-36.96	102	71	9
-214.66	102	78	9
0.00	102	82	9
-630.80	103	37	15
-19.98	103	38	14
-26.84	103	54	9
-221.40	103	54	10
-194.56	103	54	14
-53.24	103	56	9
-53.24	103	56	10
0.00	103	59	9
0.00	103	59	10
-74.41	103	60	9
-6.57	103	74	9
-6.57	103	74	10
-47.25	103	79	9
-1333.14	104	38	14
-395.14	104	41	15
-94.51	104	77	9
-216.83	105	51	10
-216.83	105	51	14
-115.09	105	58	9
-115.09	105	58	10
-263.64	105	90	13
-263.64	105	90	14
-800.63	106	43	14
-399.17	106	47	15
-0.25	106	48	9
-0.25	106	48	10
-131.26	106	52	9
-131.26	106	52	10
-96.85	106	62	10
0.00	106	64	14
0.00	106	65	10
-89.25	106	65	12
-1053.35	106	68	9
0.00	106	72	9
-6.84	106	73	9
-6.84	106	73	10
-90.04	106	74	9
-90.04	106	74	10
-0.34	106	75	9
-0.34	106	75	10
-24.82	106	78	9
-24.82	106	78	10
-616.25	107	38	15
-49.28	107	46	15
-487.34	107	55	9
-487.34	107	55	10
0.00	107	57	9
0.00	107	57	10
-31.14	107	60	9
-121.31	107	60	10
-157.41	107	64	13
-157.41	107	64	14
-21.11	107	76	9
-21.11	107	76	10
0.00	108	38	15
0.00	108	40	15
-38.32	108	41	15
-296.57	108	42	15
-390.69	108	45	15
-12.46	108	49	9
-6.53	108	49	10
0.00	108	50	9
-68.44	108	74	9
-68.44	108	74	10
-259.49	108	75	9
0.00	108	76	14
-1809.73	108	78	9
-1809.73	108	78	10
-0.68	109	43	15
-504.42	109	48	14
0.00	109	52	9
-25.59	109	59	9
-25.59	109	59	10
-76.43	109	61	9
-76.43	109	61	10
-171.11	109	63	9
-171.11	109	63	10
0.00	109	67	14
-133.13	109	75	9
-133.13	109	75	10
0.00	110	55	10
-128.59	110	59	9
-128.59	110	59	10
-160.96	110	65	10
-7.18	110	74	9
-7.18	110	74	10
-70.36	111	50	9
-70.36	111	50	10
-14.49	111	55	9
-14.49	111	55	10
-62.97	111	60	9
-62.97	111	60	10
-67.21	111	61	9
-67.21	111	61	10
-17.27	111	64	9
-17.27	111	64	10
-15.08	111	65	9
-45.24	111	65	10
-135.22	111	66	12
-355.24	111	67	12
-25.31	112	50	9
-25.31	112	50	10
0.00	112	50	15
0.00	112	51	9
-1158.96	112	53	10
0.00	112	60	9
0.00	112	60	10
-105.54	112	64	9
-105.54	112	64	10
-61.00	112	68	12
-16.87	113	52	9
0.00	113	53	9
0.00	113	53	10
-79.95	113	56	9
-79.95	113	56	10
-53.85	113	64	9
-53.85	113	64	10
-482.86	113	71	12
-16.87	114	52	9
-63.52	114	54	9
-63.52	114	54	10
0.00	114	54	14
0.00	114	54	15
0.00	114	55	9
0.00	114	55	10
-42.25	114	57	9
-42.25	114	57	10
0.00	114	60	10
-1375.67	114	63	9
-1375.67	114	63	10
-86.49	114	70	12
-770.77	114	72	14
-1543.78	115	50	14
-1841.34	115	50	15
-6.84	115	52	14
-6.84	115	52	15
-110.62	115	57	9
-110.62	115	57	10
-402.25	115	60	14
-353.76	115	65	9
-238.72	116	51	14
0.00	116	51	15
0.00	116	57	9
-0.27	116	61	9
-0.27	116	61	10
-56.13	116	64	9
-56.13	116	64	10
-147.50	116	65	9
-147.50	116	65	10
-96.62	116	66	14
-96.62	116	66	15
0.00	116	71	12
-1.12	117	58	9
-1.12	117	58	10
-121.51	117	62	9
-121.51	117	62	10
-118.41	117	69	10
0.00	117	71	14
-93.59	118	53	15
-14.80	118	58	9
-14.80	118	58	10
-119.59	118	59	14
-100.46	119	53	15
-105.58	119	57	14
-264.67	120	58	14
-27.80	121	59	14
0.00	121	62	14
-785.03	121	63	14
