# 6448 6449 6450 6451 6452 6528 6529 6530 6531 6532 6610 6611 6612 6613 6614 6693 6694 6695 6696 6697 6776 6777 6778 6779 6780 6859 6860 6861 6862 6863 Date
5.700 5.600 5.600 5.400 4.900 5.600 5.500 5.600 5.200 5.000 5.600 5.600 5.200 5.200 5.000 5.800 5.500 5.200 5.200 5.200 5.800 5.500 5.200 5.300 5.300 5.900 5.600 5.300 5.300 5.200 01/08/1988
3.300 3.200 3.200 2.700 1.700 3.200 3.100 3.200 2.200 1.700 3.200 3.200 2.300 2.200 1.800 3.200 2.100 2.300 2.200 2.200 3.300 2.100 2.200 2.300 2.300 3.300 2.100 2.300 2.300 2.200 02/08/1988
3.500 3.500 3.500 3.700 1.700 3.500 3.400 3.500 2.200 1.700 3.500 3.500 2.200 2.200 1.800 2.800 2.100 2.200 2.200 2.200 2.900 2.100 2.200 2.200 2.200 2.900 2.100 2.200 2.200 2.200 03/08/1988
4.500 4.500 4.500 4.800 4.300 4.500 4.500 4.500 4.600 4.300 4.500 4.500 4.600 4.500 4.300 4.600 4.300 4.600 4.500 4.500 4.700 4.200 4.600 4.600 4.600 4.700 4.300 4.700 4.700 4.500 04/08/1988
5.200 5.200 5.200 5.200 5.200 5.100 5.000 5.100 5.300 5.200 5.100 5.100 5.400 5.300 5.300 5.800 5.800 5.300 5.300 5.300 5.900 5.800 5.300 5.400 5.400 6.000 5.800 5.400 5.400 5.300 05/08/1988
5.800 5.800 5.800 6.200 5.200 5.800 5.700 5.800 5.500 5.300 5.800 5.800 5.600 5.500 5.300 6.000 6.000 5.600 5.500 5.500 6.100 6.000 5.500 5.600 5.600 6.100 6.100 5.600 5.600 5.500 06/08/1988
6.000 5.900 5.900 5.700 5.400 5.800 5.800 5.800 5.400 5.400 5.900 5.900 5.500 5.400 5.500 5.900 5.500 5.400 5.400 5.400 6.000 5.500 5.400 5.500 5.500 6.100 5.600 5.600 5.500 5.400 07/08/1988
5.100 5.000 5.000 4.800 4.400 4.900 4.800 4.900 4.600 4.400 4.900 5.000 4.600 4.600 4.500 5.100 5.100 4.600 4.500 4.500 5.200 5.100 4.600 4.600 4.700 5.300 5.200 4.700 4.700 4.500 08/08/1988
5.000 4.900 4.900 4.500 4.600 4.900 4.800 4.900 4.700 4.600 4.900 4.900 4.700 4.700 4.600 5.000 4.800 4.700 4.700 4.700 5.000 4.800 4.700 4.800 4.800 5.100 4.900 4.800 4.800 4.700 09/08/1988
3.700 3.700 3.600 3.900 3.900 3.600 3.500 3.600 4.000 3.900 3.600 3.600 4.000 4.000 4.000 3.900 4.400 4.000 4.000 4.000 4.000 4.400 4.000 4.100 4.100 4.000 4.500 4.100 4.100 4.000 10/08/1988
4.000 4.000 4.000 3.700 3.700 3.900 3.900 3.900 4.000 3.700 3.900 3.900 4.000 3.900 3.800 3.900 3.900 4.000 3.900 3.900 4.000 3.900 4.000 4.000 4.000 4.000 4.000 4.100 4.000 3.900 11/08/1988
3.600 3.600 3.600 3.000 3.200 3.500 3.500 3.500 3.700 3.200 3.500 3.600 3.700 3.700 3.300 3.700 4.000 3.700 3.700 3.700 3.800 4.000 3.700 3.700 3.700 3.800 4.100 3.800 3.800 3.700 12/08/1988
4.200 4.200 4.200 4.200 4.000 4.100 4.100 4.100 4.100 4.100 4.100 4.200 4.200 4.100 4.100 4.200 4.600 4.200 4.100 4.100 4.300 4.600 4.100 4.200 4.200 4.300 4.700 4.300 4.200 4.100 13/08/1988
5.800 5.800 5.700 5.400 4.900 5.700 5.600 5.700 5.200 5.000 5.700 5.700 5.200 5.200 5.000 5.800 5.700 5.200 5.100 5.200 5.900 5.600 5.200 5.300 5.300 5.900 5.700 5.300 5.300 5.100 14/08/1988
4.700 4.700 4.600 4.600 4.300 4.600 4.500 4.600 4.600 4.400 4.600 4.600 4.600 4.500 4.400 4.800 4.900 4.600 4.500 4.500 4.900 4.900 4.600 4.600 4.600 4.900 4.900 4.700 4.700 4.500 15/08/1988
3.800 3.800 3.800 3.600 3.600 3.700 3.700 3.700 3.700 3.700 3.700 3.700 3.700 3.700 3.700 3.400 3.600 3.700 3.600 3.700 3.500 3.600 3.700 3.700 3.700 3.600 3.600 3.800 3.800 3.600 16/08/1988
4.100 4.000 4.000 4.600 4.200 4.000 4.000 4.000 4.400 4.300 4.000 4.000 4.500 4.400 4.300 4.100 4.400 4.500 4.400 4.400 4.200 4.300 4.400 4.500 4.500 4.200 4.400 4.600 4.500 4.400 17/08/1988
4.300 4.200 4.200 3.900 4.100 4.100 4.100 4.100 4.500 4.100 4.100 4.200 4.500 4.400 4.200 4.200 4.300 4.500 4.400 4.400 4.200 4.300 4.500 4.500 4.500 4.300 4.400 4.600 4.600 4.400 18/08/1988
1.300 1.200 1.200 1.700 1.300 1.200 1.200 1.200 1.700 1.300 1.200 1.200 1.800 1.700 1.400 1.200 1.700 1.700 1.700 1.700 1.200 1.700 1.700 1.800 1.800 1.200 1.700 1.800 1.800 1.700 19/08/1988
3.600 3.600 3.500 3.100 2.500 3.500 3.400 3.500 3.000 2.600 3.500 3.500 3.100 3.000 2.600 3.200 3.600 3.000 3.000 3.000 3.300 3.600 3.000 3.100 3.100 3.400 3.700 3.200 3.100 3.000 20/08/1988
3.600 3.600 3.500 3.500 3.100 3.500 3.500 3.500 3.300 3.100 3.500 3.500 3.300 3.200 3.200 3.500 3.100 3.300 3.200 3.200 3.600 3.100 3.300 3.300 3.300 3.700 3.200 3.400 3.300 3.200 21/08/1988
3.200 3.100 3.100 3.500 3.100 3.100 3.100 3.100 3.300 3.100 3.100 3.100 3.300 3.300 3.200 2.700 3.100 3.300 3.300 3.300 2.700 3.100 3.300 3.300 3.400 2.800 3.100 3.400 3.400 3.300 22/08/1988
3.200 3.200 3.200 3.300 3.100 3.200 3.100 3.200 3.200 3.100 3.200 3.200 3.200 3.200 3.200 3.400 3.400 3.200 3.200 3.200 3.500 3.400 3.200 3.200 3.200 3.500 3.400 3.300 3.200 3.200 23/08/1988
2.300 2.300 2.300 1.800 1.300 2.200 2.100 2.200 1.700 1.300 2.200 2.200 1.700 1.600 1.300 2.300 2.500 1.700 1.600 1.600 2.300 2.500 1.700 1.700 1.700 2.400 2.500 1.700 1.700 1.600 24/08/1988
2.800 2.800 2.800 2.800 2.900 2.700 2.700 2.700 3.000 2.900 2.800 2.800 3.000 3.000 2.900 3.100 3.400 3.000 2.900 2.900 3.200 3.400 3.000 3.000 3.000 3.300 3.500 3.000 3.000 2.900 25/08/1988
3.100 3.100 3.100 2.800 2.700 3.000 3.000 3.000 3.000 2.700 3.100 3.100 3.100 3.000 2.800 3.400 3.400 3.000 3.000 3.000 3.500 3.400 3.000 3.100 3.100 3.500 3.500 3.200 3.100 3.000 26/08/1988
5.200 5.200 5.200 4.900 4.600 5.100 5.000 5.100 4.800 4.600 5.100 5.100 4.900 4.800 4.700 5.300 5.500 4.800 4.800 4.800 5.300 5.500 4.800 4.900 4.900 5.400 5.500 4.900 4.900 4.800 27/08/1988
3.600 3.600 3.600 3.600 3.300 3.600 3.600 3.600 3.700 3.400 3.600 3.600 3.700 3.700 3.400 4.100 3.900 3.700 3.700 3.700 4.100 3.900 3.700 3.700 3.700 4.200 3.900 3.700 3.700 3.700 28/08/1988
3.300 3.300 3.300 2.900 2.600 3.200 3.200 3.200 3.000 2.600 3.200 3.200 3.000 2.900 2.700 3.400 3.600 3.000 2.900 2.900 3.500 3.500 3.000 3.000 3.000 3.500 3.600 3.100 3.100 2.900 29/08/1988
2.900 2.800 2.800 2.700 2.500 2.800 2.700 2.800 2.700 2.500 2.800 2.800 2.700 2.700 2.600 3.000 3.200 2.700 2.600 2.700 3.100 3.200 2.700 2.700 2.700 3.200 3.200 2.800 2.800 2.600 30/08/1988
3.500 3.500 3.500 3.400 3.400 3.400 3.300 3.400 3.600 3.500 3.400 3.400 3.600 3.500 3.500 3.500 3.600 3.600 3.500 3.500 3.600 3.600 3.600 3.600 3.600 3.600 3.600 3.700 3.700 3.500 31/08/1988
0.900 0.900 0.900 0.800 1.000 0.900 0.800 0.900 1.100 1.000 0.900 0.900 1.100 1.100 1.000 1.400 1.500 1.100 1.100 1.100 1.400 1.500 1.100 1.100 1.200 1.400 1.600 1.200 1.200 1.100 01/09/1988
2.200 2.200 2.200 2.300 2.000 2.200 2.100 2.200 2.100 2.000 2.200 2.200 2.100 2.100 2.100 2.100 2.700 2.100 2.100 2.100 2.100 2.700 2.100 2.200 2.200 2.200 2.700 2.200 2.200 2.100 02/09/1988
1.300 1.300 1.300 0.700 0.800 1.300 1.200 1.300 1.000 0.800 1.300 1.300 1.100 1.000 0.800 1.400 1.600 1.100 1.000 1.000 1.500 1.600 1.000 1.100 1.100 1.500 1.600 1.100 1.100 1.000 03/09/1988
3.600 3.600 3.500 2.400 2.600 3.500 3.400 3.500 3.100 2.600 3.500 3.500 3.100 3.100 2.700 3.900 3.600 3.100 3.100 3.100 4.000 3.600 3.100 3.200 3.200 4.200 3.700 3.200 3.200 3.100 04/09/1988
4.000 4.000 3.900 3.300 3.400 3.900 3.800 3.900 3.700 3.400 3.900 3.900 3.700 3.700 3.500 4.400 4.600 3.700 3.700 3.700 4.500 4.600 3.700 3.700 3.700 4.500 4.700 3.800 3.800 3.700 05/09/1988
4.900 4.900 4.900 4.500 4.100 4.800 4.800 4.800 4.400 4.100 4.900 4.900 4.500 4.400 4.200 5.200 5.200 4.400 4.400 4.400 5.200 5.200 4.400 4.500 4.500 5.200 5.200 4.500 4.500 4.400 06/09/1988
5.500 5.500 5.500 6.000 5.000 5.500 5.400 5.500 5.300 5.000 5.500 5.500 5.300 5.300 5.100 5.600 5.700 5.300 5.200 5.200 5.500 5.700 5.300 5.300 5.300 5.500 5.700 5.300 5.300 5.200 07/09/1988
4.900 4.900 4.900 4.700 4.500 4.800 4.800 4.800 4.700 4.500 4.800 4.800 4.700 4.700 4.500 5.300 5.300 4.700 4.700 4.700 5.300 5.300 4.700 4.700 4.700 5.300 5.300 4.700 4.700 4.700 08/09/1988
3.000 2.900 2.900 2.600 2.400 2.900 2.800 2.900 2.500 2.400 2.900 2.900 2.500 2.500 2.500 2.100 2.700 2.500 2.500 2.500 2.200 2.600 2.500 2.600 2.600 2.300 2.700 2.600 2.600 2.500 09/09/1988
3.000 2.900 2.900 2.500 2.500 2.900 2.800 2.900 2.800 2.600 2.900 2.900 2.800 2.700 2.600 3.000 3.300 2.800 2.700 2.700 3.100 3.300 2.800 2.800 2.800 3.100 3.300 2.900 2.900 2.700 10/09/1988
2.800 2.800 2.800 2.600 2.900 2.800 2.700 2.800 3.000 2.900 2.800 2.800 3.000 3.000 3.000 3.000 2.900 3.000 3.000 3.000 3.000 2.900 3.000 3.000 3.000 3.000 3.000 3.100 3.100 3.000 11/09/1988
2.800 2.800 2.700 2.600 2.600 2.700 2.600 2.700 2.800 2.600 2.700 2.700 2.800 2.700 2.600 2.900 3.200 2.800 2.700 2.700 2.900 3.200 2.800 2.800 2.800 3.000 3.200 2.800 2.800 2.700 12/09/1988
2.800 2.800 2.800 2.600 2.500 2.700 2.700 2.700 2.700 2.500 2.700 2.700 2.700 2.600 2.600 2.800 2.700 2.700 2.600 2.600 2.800 2.700 2.700 2.700 2.700 2.800 2.700 2.700 2.700 2.600 13/09/1988
2.200 2.200 2.200 2.100 1.900 2.200 2.100 2.200 2.200 1.900 2.200 2.200 2.200 2.200 1.900 2.500 2.600 2.200 2.200 2.200 2.500 2.600 2.200 2.200 2.200 2.600 2.600 2.300 2.300 2.200 14/09/1988
2.300 2.300 2.300 2.000 1.700 2.200 2.200 2.200 2.000 1.700 2.200 2.200 2.000 1.900 1.800 2.500 2.400 2.000 1.900 1.900 2.600 2.400 2.000 2.000 2.000 2.600 2.500 2.100 2.100 1.900 15/09/1988
1.300 1.300 1.300 1.600 1.700 1.300 1.300 1.300 1.900 1.800 1.300 1.300 1.900 1.900 1.800 1.300 1.800 1.900 1.900 1.900 1.300 1.800 1.900 1.900 1.900 1.300 1.800 2.000 2.000 1.900 16/09/1988
2.400 2.300 2.300 2.200 2.300 2.300 2.300 2.300 2.600 2.300 2.300 2.300 2.600 2.600 2.400 2.100 2.300 2.600 2.600 2.600 2.100 2.300 2.600 2.600 2.600 2.200 2.300 2.600 2.600 2.600 17/09/1988
2.700 2.700 2.700 2.300 2.400 2.600 2.600 2.600 2.800 2.500 2.600 2.600 2.900 2.800 2.500 2.600 2.900 2.900 2.800 2.800 2.700 2.900 2.800 2.900 2.900 2.800 3.000 2.900 2.900 2.800 18/09/1988
2.900 2.900 2.900 3.300 2.500 2.800 2.800 2.800 2.700 2.600 2.800 2.900 2.700 2.700 2.600 2.700 2.300 2.700 2.700 2.700 2.700 2.300 2.700 2.700 2.700 2.800 2.300 2.800 2.700 2.700 19/09/1988
3.400 3.400 3.400 3.300 2.900 3.300 3.300 3.300 3.200 3.000 3.300 3.400 3.200 3.200 3.000 3.100 3.300 3.200 3.200 3.200 3.100 3.300 3.200 3.200 3.200 3.200 3.400 3.300 3.300 3.200 20/09/1988
3.100 3.000 3.000 2.900 2.900 3.000 2.900 3.000 3.000 2.900 3.000 3.000 3.000 3.000 3.000 3.300 3.300 3.000 3.000 3.000 3.300 3.300 3.000 3.100 3.100 3.400 3.400 3.100 3.100 3.000 21/09/1988
3.000 3.000 2.900 1.700 1.900 2.900 2.800 2.900 2.400 1.900 2.900 2.900 2.400 2.300 2.000 2.800 2.200 2.400 2.300 2.300 2.800 2.200 2.400 2.400 2.400 2.900 2.200 2.500 2.500 2.300 22/09/1988
1.400 1.300 1.300 1.000 1.500 1.300 1.300 1.300 1.800 1.500 1.300 1.300 1.900 1.800 1.500 1.600 2.100 1.800 1.800 1.800 1.600 2.100 1.800 1.900 1.900 1.700 2.100 1.900 1.900 1.800 23/09/1988
2.500 2.500 2.400 2.300 2.300 2.400 2.400 2.400 2.500 2.300 2.400 2.400 2.500 2.500 2.400 2.300 2.500 2.500 2.500 2.500 2.400 2.500 2.500 2.500 2.500 2.400 2.500 2.600 2.600 2.500 24/09/1988
3.100 3.100 3.100 2.900 2.500 3.000 2.900 3.000 3.000 2.500 3.000 3.000 3.000 2.900 2.600 3.000 2.900 3.000 2.900 2.900 3.000 2.900 2.900 3.000 3.000 3.100 2.900 3.000 3.000 2.900 25/09/1988
3.200 3.200 3.200 3.100 3.100 3.100 3.000 3.100 3.300 3.100 3.100 3.100 3.300 3.300 3.100 3.400 3.500 3.300 3.200 3.200 3.400 3.500 3.300 3.300 3.300 3.500 3.600 3.400 3.400 3.200 26/09/1988
3.200 3.200 3.100 3.000 3.100 3.100 3.100 3.100 3.100 3.100 3.100 3.100 3.100 3.100 3.100 3.200 3.200 3.100 3.100 3.100 3.300 3.200 3.100 3.200 3.200 3.300 3.300 3.200 3.200 3.100 27/09/1988
1.600 1.600 1.600 1.900 2.000 1.600 1.500 1.600 1.800 2.000 1.600 1.600 1.800 1.800 2.100 1.500 1.400 1.800 1.800 1.800 1.500 1.400 1.800 1.800 1.800 1.600 1.400 1.800 1.800 1.800 28/09/1988
0.400 0.400 0.400 0.300 0.200 0.400 0.400 0.400 0.300 0.200 0.400 0.400 0.300 0.300 0.200 0.300 0.400 0.300 0.300 0.300 0.400 0.400 0.300 0.300 0.300 0.400 0.400 0.400 0.400 0.300 29/09/1988
2.200 2.100 2.100 2.200 2.200 2.100 2.000 2.100 2.400 2.200 2.100 2.100 2.400 2.300 2.200 2.300 2.500 2.400 2.300 2.300 2.300 2.500 2.400 2.400 2.400 2.400 2.500 2.400 2.400 2.300 30/09/1988
2.400 2.400 2.400 2.200 2.300 2.300 2.300 2.300 2.500 2.300 2.400 2.400 2.600 2.500 2.300 2.600 2.700 2.500 2.500 2.500 2.700 2.700 2.500 2.600 2.600 2.700 2.700 2.600 2.600 2.500 01/10/1988
1.700 1.700 1.700 1.900 1.800 1.700 1.600 1.700 1.800 1.800 1.700 1.700 1.900 1.800 1.800 1.700 1.900 1.800 1.800 1.800 1.800 1.900 1.800 1.900 1.900 1.800 2.000 1.900 1.900 1.800 02/10/1988
1.700 1.700 1.700 1.800 2.000 1.700 1.600 1.700 1.900 2.000 1.700 1.700 2.000 1.900 2.100 1.800 2.100 2.000 1.900 1.900 1.800 2.100 1.900 2.000 2.000 1.800 2.100 2.000 2.000 1.900 03/10/1988
2.100 2.100 2.100 2.100 2.000 2.100 2.100 2.100 2.100 2.000 2.100 2.100 2.200 2.100 2.000 2.200 2.300 2.100 2.100 2.100 2.200 2.300 2.100 2.200 2.200 2.200 2.300 2.200 2.200 2.100 04/10/1988
1.900 1.800 1.800 1.700 1.700 1.800 1.700 1.800 1.800 1.700 1.800 1.800 1.800 1.800 1.700 1.900 2.100 1.800 1.800 1.800 1.900 2.100 1.800 1.800 1.800 1.900 2.100 1.900 1.800 1.800 05/10/1988
0.500 0.500 0.500 0.500 0.700 0.500 0.500 0.500 0.700 0.700 0.500 0.500 0.700 0.700 0.700 0.500 0.700 0.700 0.700 0.700 0.500 0.700 0.700 0.700 0.700 0.500 0.700 0.700 0.700 0.700 06/10/1988
1.000 1.000 1.000 0.900 1.000 1.000 1.000 1.000 1.300 1.000 1.000 1.000 1.300 1.300 1.000 1.300 1.500 1.300 1.300 1.300 1.300 1.500 1.300 1.300 1.300 1.400 1.500 1.300 1.300 1.300 07/10/1988
1.200 1.200 1.200 0.500 0.600 1.200 1.100 1.200 1.100 0.600 1.200 1.200 1.100 1.100 0.700 1.500 1.600 1.100 1.100 1.100 1.500 1.600 1.100 1.100 1.100 1.600 1.600 1.200 1.200 1.100 08/10/1988
2.700 2.700 2.700 2.900 2.800 2.700 2.700 2.700 2.800 2.800 2.700 2.700 2.800 2.800 2.800 2.600 2.600 2.800 2.800 2.800 2.600 2.600 2.800 2.800 2.800 2.600 2.600 2.800 2.800 2.800 09/10/1988
0.800 0.800 0.800 0.900 0.600 0.800 0.800 0.800 0.700 0.600 0.800 0.800 0.700 0.700 0.600 0.700 0.600 0.700 0.700 0.700 0.700 0.600 0.700 0.700 0.700 0.700 0.700 0.700 0.700 0.700 10/10/1988
1.800 1.800 1.700 1.600 1.200 1.700 1.700 1.700 1.400 1.200 1.700 1.700 1.400 1.300 1.200 1.800 1.600 1.400 1.300 1.300 1.800 1.600 1.400 1.400 1.400 1.900 1.600 1.400 1.400 1.300 11/10/1988
1.300 1.300 1.300 0.800 1.100 1.300 1.200 1.300 1.300 1.100 1.300 1.300 1.300 1.300 1.200 1.100 1.300 1.300 1.200 1.200 1.200 1.300 1.300 1.300 1.300 1.200 1.400 1.400 1.400 1.200 12/10/1988
1.700 1.700 1.700 1.700 1.600 1.600 1.600 1.600 1.700 1.600 1.600 1.600 1.700 1.700 1.600 2.000 1.900 1.700 1.700 1.700 2.000 1.900 1.700 1.700 1.700 2.100 1.900 1.800 1.700 1.700 13/10/1988
2.600 2.500 2.500 2.500 2.400 2.500 2.500 2.500 2.500 2.400 2.500 2.500 2.600 2.500 2.500 2.600 2.500 2.600 2.500 2.500 2.600 2.400 2.500 2.600 2.600 2.700 2.500 2.600 2.600 2.500 14/10/1988
2.200 2.200 2.200 2.600 2.400 2.100 2.100 2.100 2.300 2.400 2.100 2.100 2.300 2.300 2.400 2.300 2.200 2.300 2.300 2.300 2.300 2.200 2.300 2.300 2.300 2.400 2.200 2.400 2.400 2.300 15/10/1988
2.000 2.000 2.000 2.100 1.700 2.000 2.000 2.000 2.100 1.800 2.000 2.000 2.100 2.100 1.800 2.300 2.100 2.100 2.000 2.000 2.400 2.100 2.100 2.100 2.100 2.400 2.100 2.200 2.100 2.000 16/10/1988
1.200 1.200 1.200 1.800 2.500 1.200 1.200 1.200 2.000 2.600 1.200 1.200 1.900 2.000 2.600 1.300 1.100 2.000 2.000 2.000 1.300 1.100 2.000 1.900 1.900 1.300 1.000 1.900 1.900 2.000 17/10/1988
2.100 2.100 2.100 2.400 2.400 2.100 2.000 2.100 2.600 2.500 2.100 2.100 2.600 2.600 2.500 2.100 2.200 2.600 2.600 2.600 2.200 2.200 2.600 2.600 2.600 2.200 2.300 2.700 2.700 2.600 18/10/1988
0.900 0.900 0.900 0.800 0.700 0.800 0.800 0.800 1.000 0.700 0.900 0.900 1.000 0.900 0.700 0.900 1.100 1.000 0.900 0.900 0.900 1.100 1.000 1.000 1.000 1.000 1.100 1.100 1.000 0.900 19/10/1988
1.600 1.500 1.500 1.600 1.200 1.500 1.500 1.500 1.300 1.200 1.500 1.500 1.300 1.300 1.200 1.500 1.300 1.300 1.300 1.300 1.500 1.300 1.300 1.400 1.400 1.500 1.300 1.400 1.400 1.300 20/10/1988
1.100 1.100 1.100 1.600 1.300 1.100 1.100 1.100 1.100 1.300 1.100 1.100 1.200 1.100 1.400 0.800 1.000 1.100 1.100 1.100 0.800 1.000 1.100 1.200 1.200 0.800 1.000 1.200 1.200 1.100 21/10/1988
1.300 1.300 1.300 1.400 1.400 1.300 1.300 1.300 1.400 1.400 1.300 1.300 1.400 1.400 1.400 1.400 1.400 1.400 1.400 1.400 1.400 1.400 1.400 1.400 1.400 1.400 1.400 1.400 1.400 1.400 22/10/1988
1.100 1.100 1.100 1.000 1.000 1.100 1.100 1.100 1.200 1.100 1.100 1.100 1.200 1.200 1.100 1.200 1.200 1.200 1.200 1.200 1.300 1.200 1.200 1.200 1.200 1.400 1.200 1.300 1.300 1.200 23/10/1988
1.300 1.200 1.200 0.800 0.900 1.200 1.100 1.200 1.200 1.000 1.200 1.200 1.300 1.200 1.000 1.500 1.600 1.200 1.200 1.200 1.600 1.600 1.200 1.300 1.300 1.600 1.700 1.300 1.300 1.200 24/10/1988
1.200 1.200 1.200 1.200 1.100 1.200 1.300 1.200 1.200 1.100 1.200 1.200 1.200 1.200 1.100 1.300 1.300 1.200 1.200 1.200 1.300 1.300 1.200 1.200 1.200 1.300 1.300 1.300 1.300 1.200 25/10/1988
2.500 2.500 2.500 2.700 2.000 2.500 2.500 2.500 2.100 2.000 2.500 2.500 2.100 2.100 2.000 2.700 2.000 2.100 2.100 2.100 2.700 2.000 2.100 2.100 2.100 2.600 2.000 2.100 2.100 2.100 26/10/1988
1.700 1.700 1.700 1.900 2.100 1.700 1.700 1.700 2.200 2.100 1.700 1.700 2.200 2.100 2.100 1.800 1.700 2.200 2.100 2.100 1.800 1.600 2.100 2.200 2.200 1.800 1.700 2.200 2.200 2.100 27/10/1988
1.700 1.700 1.700 1.800 1.900 1.700 1.700 1.700 1.900 1.900 1.700 1.700 1.900 1.900 1.900 1.800 1.700 1.900 1.900 1.900 1.800 1.700 1.900 1.900 1.900 1.800 1.700 1.900 1.900 1.900 28/10/1988
1.900 1.900 1.900 1.700 1.600 1.900 2.000 1.900 1.700 1.600 1.900 1.900 1.700 1.700 1.600 2.100 1.800 1.700 1.700 1.700 2.100 1.800 1.700 1.700 1.700 2.100 1.900 1.700 1.700 1.700 29/10/1988
2.300 2.200 2.200 2.100 2.000 2.200 2.100 2.200 2.200 2.100 2.200 2.200 2.200 2.200 2.100 2.400 2.200 2.200 2.100 2.100 2.500 2.200 2.200 2.200 2.200 2.600 2.200 2.200 2.200 2.100 30/10/1988
2.300 2.300 2.300 2.600 2.100 2.300 2.200 2.300 2.300 2.100 2.300 2.300 2.300 2.300 2.100 2.500 2.300 2.300 2.300 2.300 2.500 2.300 2.300 2.300 2.300 2.500 2.300 2.300 2.300 2.300 31/10/1988
1.100 1.000 1.000 1.100 1.000 1.000 1.000 1.000 1.100 1.000 1.000 1.000 1.100 1.100 1.100 0.700 1.000 1.100 1.100 1.100 0.800 1.000 1.100 1.100 1.100 0.800 1.100 1.200 1.200 1.100 01/11/1988
0.900 0.900 0.900 1.300 1.500 0.900 0.900 0.900 1.500 1.500 0.900 0.900 1.500 1.500 1.500 0.900 1.000 1.500 1.500 1.500 0.900 1.000 1.500 1.500 1.500 1.000 1.000 1.600 1.600 1.500 02/11/1988
2.000 2.000 2.000 1.900 1.600 1.900 1.900 1.900 1.700 1.600 2.000 2.000 1.700 1.700 1.600 1.800 1.600 1.700 1.700 1.700 1.800 1.600 1.700 1.700 1.700 1.900 1.600 1.800 1.700 1.700 03/11/1988
1.700 1.700 1.700 1.800 1.700 1.700 1.800 1.700 2.000 1.700 1.700 1.700 2.000 2.000 1.700 1.900 2.300 2.000 2.000 2.000 1.900 2.300 2.000 2.100 2.100 1.800 2.300 2.100 2.100 2.000 04/11/1988
2.400 2.300 2.300 2.000 1.800 2.300 2.200 2.300 2.200 1.800 2.300 2.300 2.200 2.100 1.800 2.200 2.300 2.200 2.100 2.100 2.200 2.300 2.200 2.200 2.200 2.200 2.400 2.300 2.300 2.100 05/11/1988
1.800 1.700 1.700 1.700 1.600 1.700 1.700 1.700 1.800 1.600 1.700 1.700 1.800 1.800 1.700 1.900 2.000 1.800 1.800 1.800 1.900 2.000 1.800 1.800 1.800 1.900 2.000 1.800 1.800 1.800 06/11/1988
1.600 1.600 1.600 1.600 1.500 1.600 1.600 1.600 1.800 1.500 1.600 1.600 1.800 1.700 1.500 1.900 2.000 1.800 1.700 1.700 1.900 2.000 1.800 1.800 1.800 1.900 2.100 1.800 1.800 1.700 07/11/1988
1.600 1.600 1.600 1.200 1.200 1.600 1.600 1.600 1.400 1.200 1.600 1.600 1.400 1.300 1.200 1.700 1.600 1.400 1.300 1.300 1.700 1.600 1.400 1.400 1.400 1.700 1.600 1.400 1.400 1.300 08/11/1988
1.000 0.900 0.900 0.600 0.500 0.900 0.800 0.900 0.800 0.500 0.900 0.900 0.800 0.700 0.600 1.200 1.300 0.800 0.700 0.700 1.200 1.300 0.800 0.800 0.800 1.300 1.300 0.800 0.800 0.700 09/11/1988
1.400 1.300 1.300 1.100 1.100 1.300 1.200 1.300 1.300 1.200 1.300 1.300 1.300 1.300 1.200 1.400 1.500 1.300 1.200 1.300 1.400 1.500 1.300 1.300 1.300 1.500 1.500 1.400 1.400 1.200 10/11/1988
1.600 1.600 1.500 1.400 1.000 1.500 1.500 1.500 1.200 1.100 1.500 1.500 1.200 1.200 1.100 1.300 1.400 1.200 1.200 1.200 1.400 1.400 1.200 1.300 1.300 1.400 1.400 1.300 1.300 1.200 11/11/1988
0.800 0.900 0.900 1.200 1.200 0.900 0.900 0.900 1.400 1.200 0.900 0.900 1.400 1.400 1.300 1.100 1.400 1.400 1.400 1.400 1.100 1.400 1.400 1.400 1.400 1.100 1.400 1.400 1.400 1.400 12/11/1988
1.400 1.400 1.400 1.200 1.000 1.300 1.300 1.300 1.300 1.100 1.400 1.400 1.300 1.300 1.100 1.600 1.600 1.300 1.300 1.300 1.600 1.600 1.300 1.300 1.300 1.700 1.600 1.300 1.300 1.300 13/11/1988
1.600 1.600 1.600 1.700 1.700 1.600 1.600 1.600 1.900 1.700 1.600 1.600 1.900 1.900 1.800 1.800 1.900 1.900 1.900 1.900 1.800 1.900 1.900 1.900 1.900 1.800 1.900 2.000 2.000 1.900 14/11/1988
1.900 1.900 1.900 2.500 2.000 1.900 2.000 1.900 2.200 2.000 1.900 1.900 2.200 2.200 2.000 1.700 1.900 2.200 2.200 2.200 1.700 1.900 2.200 2.200 2.200 1.600 1.900 2.200 2.200 2.200 15/11/1988
1.300 1.300 1.300 1.500 1.100 1.200 1.200 1.200 1.200 1.200 1.200 1.300 1.200 1.200 1.200 0.900 1.000 1.200 1.200 1.200 0.900 1.000 1.200 1.300 1.300 0.900 1.000 1.300 1.300 1.200 16/11/1988
0.700 0.700 0.700 0.700 0.900 0.700 0.600 0.700 0.800 0.900 0.700 0.700 0.900 0.800 1.000 0.400 0.400 0.800 0.800 0.800 0.500 0.400 0.800 0.900 0.900 0.500 0.500 0.900 0.900 0.800 17/11/1988
0.500 0.500 0.500 0.400 0.500 0.500 0.500 0.500 0.500 0.500 0.500 0.500 0.500 0.500 0.500 0.600 0.600 0.500 0.500 0.500 0.600 0.600 0.500 0.500 0.500 0.600 0.600 0.600 0.600 0.500 18/11/1988
0.800 0.800 0.800 0.800 0.700 0.800 0.700 0.800 0.800 0.700 0.800 0.800 0.800 0.700 0.700 0.900 1.000 0.800 0.700 0.700 0.900 1.000 0.800 0.800 0.800 0.900 1.000 0.800 0.800 0.700 19/11/1988
0.600 0.600 0.600 0.400 0.400 0.600 0.500 0.600 0.500 0.400 0.600 0.600 0.500 0.500 0.400 0.700 0.700 0.500 0.500 0.500 0.700 0.700 0.500 0.500 0.500 0.700 0.700 0.500 0.500 0.500 20/11/1988
0.800 0.800 0.800 1.100 1.000 0.900 0.900 0.900 1.200 1.100 0.900 0.800 1.200 1.200 1.100 1.100 1.300 1.200 1.200 1.200 1.100 1.300 1.200 1.300 1.300 1.100 1.300 1.300 1.300 1.200 21/11/1988
0.900 0.900 0.900 0.900 0.900 0.800 0.800 0.800 1.100 1.000 0.800 0.800 1.100 1.100 1.000 0.900 1.000 1.100 1.000 1.000 0.900 1.000 1.100 1.100 1.100 1.000 1.000 1.100 1.100 1.000 22/11/1988
0.600 0.600 0.600 0.700 0.600 0.600 0.600 0.600 0.600 0.600 0.600 0.600 0.600 0.600 0.600 0.600 0.800 0.600 0.600 0.600 0.600 0.800 0.600 0.600 0.600 0.700 0.800 0.700 0.700 0.600 23/11/1988
0.800 0.800 0.800 0.900 1.000 0.800 0.800 0.800 1.100 1.000 0.800 0.800 1.100 1.000 1.000 0.800 1.100 1.100 1.000 1.000 0.800 1.100 1.100 1.100 1.100 0.900 1.100 1.100 1.100 1.000 24/11/1988
1.000 1.000 1.000 1.400 1.100 1.000 1.000 1.000 1.300 1.100 1.000 1.000 1.300 1.300 1.100 1.200 1.400 1.300 1.300 1.300 1.200 1.400 1.300 1.300 1.300 1.300 1.400 1.300 1.300 1.300 25/11/1988
1.300 1.300 1.300 1.200 1.000 1.300 1.300 1.300 1.200 1.000 1.300 1.300 1.200 1.200 1.000 1.300 1.500 1.200 1.200 1.200 1.300 1.500 1.200 1.200 1.200 1.300 1.500 1.200 1.200 1.200 26/11/1988
0.800 0.800 0.700 0.900 0.900 0.700 0.700 0.700 1.000 0.900 0.700 0.700 1.000 0.900 0.900 0.400 0.500 1.000 0.900 0.900 0.400 0.500 1.000 1.000 1.000 0.400 0.500 1.000 1.000 0.900 27/11/1988
0.600 0.500 0.500 0.500 0.400 0.500 0.500 0.500 0.600 0.400 0.500 0.500 0.600 0.600 0.500 0.400 0.500 0.600 0.500 0.600 0.400 0.500 0.600 0.600 0.600 0.400 0.500 0.600 0.600 0.500 28/11/1988
0.300 0.300 0.300 0.300 0.300 0.300 0.300 0.300 0.300 0.300 0.300 0.300 0.300 0.300 0.300 0.300 0.300 0.300 0.300 0.300 0.300 0.300 0.300 0.300 0.300 0.300 0.300 0.300 0.300 0.300 29/11/1988
0.500 0.500 0.500 0.300 0.200 0.500 0.500 0.500 0.300 0.200 0.500 0.500 0.300 0.200 0.200 0.400 0.300 0.300 0.200 0.200 0.500 0.300 0.300 0.300 0.300 0.500 0.300 0.300 0.300 0.200 30/11/1988
0.500 0.500 0.500 0.300 0.300 0.400 0.400 0.400 0.400 0.300 0.400 0.400 0.400 0.300 0.300 0.600 0.700 0.400 0.300 0.300 0.600 0.700 0.400 0.400 0.400 0.600 0.700 0.400 0.400 0.300 01/12/1988
0.500 0.500 0.500 0.200 0.300 0.500 0.500 0.500 0.400 0.300 0.500 0.500 0.400 0.400 0.300 0.500 0.500 0.400 0.400 0.400 0.500 0.500 0.400 0.500 0.500 0.500 0.600 0.500 0.500 0.400 02/12/1988
0.700 0.700 0.700 0.700 0.400 0.700 0.700 0.700 0.400 0.400 0.700 0.700 0.400 0.400 0.400 0.500 0.500 0.400 0.500 0.400 0.500 0.500 0.400 0.400 0.400 0.400 0.500 0.400 0.400 0.400 03/12/1988
0.400 0.300 0.300 0.300 0.300 0.300 0.300 0.300 0.400 0.300 0.300 0.300 0.400 0.400 0.300 0.400 0.400 0.400 0.400 0.400 0.400 0.400 0.400 0.400 0.400 0.400 0.400 0.400 0.400 0.400 04/12/1988
0.600 0.600 0.600 0.500 0.400 0.600 0.600 0.600 0.400 0.400 0.600 0.600 0.500 0.400 0.400 0.700 0.700 0.500 0.400 0.400 0.700 0.700 0.400 0.500 0.500 0.700 0.700 0.500 0.500 0.400 05/12/1988
0.900 0.900 0.900 0.600 0.400 0.900 0.900 0.900 0.500 0.400 0.900 0.900 0.500 0.500 0.400 0.900 0.800 0.500 0.500 0.500 0.900 0.800 0.500 0.500 0.500 1.000 0.900 0.500 0.500 0.500 06/12/1988
1.000 1.000 1.000 0.700 0.400 0.900 0.900 0.900 0.600 0.500 1.000 1.000 0.600 0.600 0.500 1.000 0.900 0.600 0.600 0.600 1.100 0.900 0.600 0.700 0.700 1.100 0.900 0.700 0.700 0.600 07/12/1988
0.400 0.300 0.300 0.300 0.100 0.300 0.300 0.300 0.200 0.100 0.300 0.300 0.300 0.200 0.200 0.300 0.400 0.200 0.200 0.200 0.300 0.400 0.200 0.300 0.300 0.400 0.400 0.300 0.300 0.200 08/12/1988
0.400 0.400 0.400 0.200 0.200 0.300 0.300 0.300 0.200 0.200 0.300 0.400 0.200 0.200 0.200 0.300 0.300 0.200 0.200 0.200 0.400 0.300 0.200 0.200 0.200 0.400 0.300 0.300 0.300 0.200 09/12/1988
0.700 0.600 0.600 0.500 0.300 0.600 0.500 0.600 0.500 0.300 0.600 0.600 0.500 0.500 0.400 0.600 0.500 0.500 0.400 0.400 0.600 0.400 0.500 0.500 0.500 0.600 0.500 0.600 0.500 0.400 10/12/1988
0.900 0.900 0.800 0.600 0.700 0.800 0.800 0.800 0.900 0.700 0.800 0.800 0.900 0.900 0.700 0.900 1.000 0.900 0.800 0.900 0.900 1.000 0.900 0.900 0.900 1.000 1.000 0.900 0.900 0.800 11/12/1988
0.800 0.800 0.800 0.500 0.300 0.700 0.700 0.700 0.400 0.300 0.700 0.800 0.400 0.400 0.300 0.800 0.800 0.400 0.400 0.400 0.900 0.800 0.400 0.400 0.400 0.900 0.900 0.400 0.400 0.400 12/12/1988
0.500 0.500 0.500 0.500 0.500 0.500 0.500 0.500 0.500 0.500 0.500 0.500 0.500 0.400 0.600 0.800 0.700 0.500 0.400 0.400 0.800 0.700 0.500 0.500 0.500 0.900 0.800 0.500 0.500 0.400 13/12/1988
0.900 0.900 0.900 0.900 0.800 0.900 0.800 0.900 0.700 0.800 0.900 0.900 0.700 0.600 0.800 1.100 1.100 0.700 0.600 0.600 1.100 1.100 0.700 0.700 0.700 1.200 1.100 0.700 0.700 0.600 14/12/1988
0.700 0.700 0.700 0.500 0.600 0.700 0.700 0.700 0.600 0.600 0.700 0.700 0.600 0.600 0.600 1.000 0.900 0.600 0.600 0.600 1.000 0.900 0.600 0.600 0.600 1.100 0.900 0.600 0.600 0.600 15/12/1988
0.800 0.800 0.700 0.500 0.500 0.700 0.700 0.700 0.600 0.600 0.700 0.700 0.600 0.600 0.600 0.800 0.800 0.600 0.600 0.600 0.800 0.800 0.600 0.700 0.700 0.900 0.800 0.700 0.700 0.600 16/12/1988
0.800 0.700 0.700 0.500 0.500 0.700 0.600 0.700 0.600 0.500 0.700 0.700 0.700 0.600 0.500 0.700 0.600 0.700 0.600 0.600 0.800 0.600 0.600 0.700 0.700 0.800 0.700 0.700 0.700 0.600 17/12/1988
0.500 0.500 0.500 0.300 0.500 0.400 0.400 0.400 0.600 0.600 0.400 0.400 0.600 0.600 0.600 0.400 0.500 0.600 0.600 0.600 0.400 0.500 0.600 0.700 0.700 0.500 0.500 0.700 0.700 0.600 18/12/1988
0.700 0.700 0.700 0.600 0.600 0.700 0.700 0.700 0.600 0.600 0.700 0.700 0.600 0.600 0.600 1.000 1.100 0.600 0.600 0.600 1.000 1.100 0.600 0.600 0.700 1.000 1.100 0.700 0.700 0.600 19/12/1988
0.700 0.600 0.600 0.400 0.300 0.600 0.600 0.600 0.500 0.400 0.600 0.600 0.500 0.400 0.400 0.700 0.700 0.500 0.400 0.400 0.700 0.700 0.500 0.500 0.500 0.700 0.700 0.600 0.500 0.400 20/12/1988
0.500 0.500 0.500 0.300 0.500 0.500 0.500 0.500 0.600 0.600 0.500 0.500 0.600 0.600 0.600 0.600 0.600 0.600 0.500 0.600 0.600 0.600 0.600 0.600 0.600 0.700 0.600 0.600 0.600 0.500 21/12/1988
0.800 0.800 0.700 0.800 0.700 0.700 0.700 0.700 0.900 0.800 0.700 0.700 0.900 0.800 0.800 0.500 0.500 0.900 0.800 0.800 0.600 0.500 0.900 0.900 0.900 0.600 0.500 0.900 0.900 0.800 22/12/1988
0.400 0.400 0.400 0.400 0.400 0.400 0.400 0.400 0.500 0.400 0.400 0.400 0.500 0.500 0.400 0.300 0.500 0.500 0.400 0.500 0.300 0.400 0.500 0.500 0.500 0.400 0.500 0.500 0.500 0.400 23/12/1988
0.600 0.500 0.500 0.300 0.200 0.500 0.400 0.500 0.300 0.200 0.500 0.500 0.300 0.200 0.200 0.600 0.500 0.300 0.200 0.200 0.600 0.500 0.300 0.300 0.300 0.700 0.500 0.300 0.300 0.200 24/12/1988
0.700 0.700 0.700 0.800 0.800 0.600 0.600 0.600 0.800 0.800 0.700 0.700 0.900 0.800 0.900 0.400 0.400 0.800 0.800 0.800 0.400 0.400 0.800 0.900 0.900 0.500 0.500 0.900 0.900 0.800 25/12/1988
0.400 0.400 0.300 0.200 0.300 0.300 0.300 0.300 0.400 0.300 0.300 0.300 0.500 0.400 0.400 0.400 0.400 0.500 0.400 0.400 0.400 0.400 0.400 0.500 0.500 0.400 0.400 0.500 0.500 0.400 26/12/1988
0.300 0.300 0.300 0.500 0.600 0.300 0.200 0.300 0.600 0.600 0.300 0.300 0.600 0.600 0.600 0.200 0.400 0.600 0.500 0.500 0.300 0.400 0.600 0.600 0.600 0.300 0.400 0.600 0.600 0.500 27/12/1988
0.600 0.500 0.500 1.000 1.000 0.500 0.500 0.500 0.900 1.000 0.500 0.500 1.000 0.900 1.000 0.400 0.500 0.900 0.900 0.900 0.400 0.400 0.900 1.000 1.000 0.400 0.500 1.000 1.000 0.900 28/12/1988
0.400 0.400 0.400 0.800 1.000 0.400 0.300 0.400 0.700 1.000 0.400 0.400 0.700 0.700 1.000 0.400 0.600 0.700 0.700 0.700 0.400 0.600 0.700 0.700 0.700 0.400 0.600 0.700 0.700 0.700 29/12/1988
0.300 0.300 0.300 0.700 1.100 0.300 0.300 0.300 0.800 1.100 0.300 0.300 0.800 0.800 1.100 0.200 0.500 0.800 0.800 0.800 0.200 0.500 0.800 0.900 0.900 0.300 0.500 0.900 0.900 0.800 30/12/1988
0.200 0.200 0.200 0.300 0.400 0.200 0.200 0.200 0.400 0.400 0.200 0.200 0.400 0.300 0.500 0.200 0.300 0.400 0.300 0.300 0.200 0.300 0.400 0.400 0.400 0.200 0.300 0.400 0.400 0.300 31/12/1988
0.300 0.300 0.300 0.300 0.500 0.300 0.300 0.300 0.400 0.500 0.300 0.300 0.400 0.400 0.500 0.300 0.400 0.400 0.400 0.400 0.300 0.400 0.400 0.400 0.400 0.300 0.400 0.400 0.400 0.400 01/01/1989
0.300 0.300 0.300 0.400 0.500 0.300 0.300 0.300 0.500 0.600 0.300 0.300 0.500 0.500 0.600 0.300 0.300 0.500 0.500 0.500 0.300 0.300 0.500 0.500 0.500 0.300 0.400 0.500 0.500 0.500 02/01/1989
0.500 0.500 0.400 0.500 0.600 0.400 0.400 0.400 0.500 0.600 0.400 0.400 0.500 0.400 0.700 0.400 0.400 0.500 0.400 0.400 0.400 0.400 0.500 0.500 0.500 0.400 0.500 0.500 0.500 0.400 03/01/1989
0.300 0.300 0.300 0.200 0.200 0.200 0.200 0.200 0.300 0.200 0.200 0.200 0.300 0.300 0.300 0.200 0.300 0.300 0.200 0.300 0.300 0.300 0.300 0.300 0.300 0.300 0.300 0.300 0.300 0.200 04/01/1989
0.400 0.400 0.400 0.400 0.300 0.400 0.400 0.400 0.500 0.300 0.400 0.400 0.500 0.500 0.300 0.500 0.600 0.500 0.500 0.500 0.500 0.600 0.500 0.500 0.500 0.500 0.600 0.500 0.500 0.500 05/01/1989
0.400 0.400 0.400 0.100 0.200 0.400 0.400 0.400 0.200 0.200 0.400 0.400 0.200 0.200 0.200 0.300 0.300 0.200 0.200 0.200 0.300 0.300 0.200 0.200 0.200 0.400 0.300 0.200 0.200 0.200 06/01/1989
0.500 0.500 0.500 0.500 0.300 0.500 0.500 0.500 0.400 0.300 0.500 0.500 0.500 0.400 0.400 0.400 0.300 0.400 0.400 0.400 0.400 0.300 0.400 0.500 0.500 0.400 0.400 0.500 0.500 0.400 07/01/1989
1.100 1.000 1.000 0.800 1.000 1.000 0.900 1.000 1.200 1.000 1.000 1.000 1.200 1.200 1.000 1.000 1.200 1.200 1.100 1.200 1.000 1.200 1.200 1.200 1.200 1.000 1.200 1.300 1.200 1.200 08/01/1989
0.500 0.500 0.500 0.700 0.600 0.500 0.500 0.500 0.700 0.600 0.500 0.500 0.700 0.700 0.600 0.300 0.500 0.700 0.700 0.700 0.300 0.500 0.700 0.700 0.700 0.400 0.500 0.800 0.700 0.700 09/01/1989
0.800 0.700 0.700 0.500 0.200 0.700 0.600 0.700 0.500 0.300 0.700 0.700 0.600 0.500 0.300 0.600 0.800 0.600 0.500 0.500 0.700 0.800 0.500 0.600 0.600 0.800 0.900 0.600 0.600 0.500 10/01/1989
1.000 1.000 1.000 0.900 0.800 0.900 0.900 0.900 1.200 0.900 0.900 0.900 1.200 1.100 0.900 0.900 1.000 1.200 1.100 1.100 1.000 1.000 1.100 1.200 1.200 1.000 1.100 1.200 1.200 1.100 11/01/1989
0.600 0.600 0.600 0.300 0.300 0.500 0.500 0.500 0.500 0.300 0.500 0.500 0.500 0.500 0.400 0.500 0.600 0.500 0.500 0.500 0.600 0.600 0.500 0.500 0.500 0.600 0.600 0.600 0.600 0.500 12/01/1989
0.900 0.800 0.800 0.500 0.400 0.800 0.700 0.800 0.500 0.400 0.800 0.800 0.600 0.500 0.400 0.900 0.700 0.600 0.500 0.500 1.000 0.700 0.500 0.600 0.600 1.000 0.700 0.600 0.600 0.500 13/01/1989
0.800 0.800 0.800 0.600 0.700 0.800 0.700 0.800 0.900 0.700 0.800 0.800 0.900 0.800 0.700 0.700 0.600 0.900 0.800 0.800 0.800 0.600 0.800 0.900 0.900 0.900 0.600 0.900 0.900 0.800 14/01/1989
0.400 0.400 0.400 0.400 0.300 0.300 0.300 0.300 0.400 0.300 0.300 0.400 0.400 0.400 0.300 0.500 0.800 0.400 0.300 0.300 0.600 0.700 0.400 0.400 0.400 0.600 0.800 0.500 0.400 0.300 15/01/1989
0.400 0.300 0.300 0.200 0.400 0.300 0.300 0.300 0.500 0.500 0.300 0.300 0.500 0.400 0.500 0.500 0.600 0.500 0.400 0.400 0.500 0.600 0.500 0.500 0.500 0.600 0.600 0.500 0.500 0.400 16/01/1989
0.700 0.700 0.700 0.400 0.400 0.700 0.600 0.700 0.700 0.500 0.700 0.700 0.700 0.700 0.500 0.700 0.700 0.700 0.600 0.700 0.700 0.700 0.700 0.700 0.700 0.800 0.700 0.800 0.800 0.600 17/01/1989
0.700 0.700 0.700 0.600 0.600 0.700 0.600 0.700 0.600 0.600 0.700 0.700 0.600 0.600 0.600 0.700 0.600 0.600 0.500 0.600 0.700 0.600 0.600 0.600 0.600 0.800 0.600 0.700 0.700 0.500 18/01/1989
0.900 0.900 0.900 0.700 0.700 0.800 0.800 0.800 0.800 0.800 0.800 0.800 0.900 0.800 0.800 0.900 0.800 0.900 0.800 0.800 0.900 0.800 0.800 0.900 0.900 1.000 0.800 0.900 0.900 0.800 19/01/1989
0.800 0.800 0.800 0.500 0.500 0.800 0.800 0.800 0.700 0.500 0.800 0.800 0.800 0.700 0.500 0.800 0.700 0.700 0.700 0.700 0.900 0.700 0.700 0.800 0.800 0.900 0.700 0.800 0.800 0.700 20/01/1989
0.400 0.400 0.400 0.300 0.500 0.400 0.300 0.400 0.400 0.500 0.400 0.400 0.400 0.400 0.500 0.400 0.300 0.400 0.400 0.400 0.400 0.300 0.400 0.500 0.500 0.400 0.300 0.500 0.500 0.400 21/01/1989
0.900 0.900 0.900 0.600 0.500 0.800 0.800 0.800 0.700 0.600 0.800 0.800 0.700 0.700 0.600 1.000 1.000 0.700 0.700 0.700 1.100 1.000 0.700 0.700 0.800 1.200 1.000 0.800 0.800 0.700 22/01/1989
1.000 1.000 1.000 0.700 0.800 0.900 0.900 0.900 0.900 0.800 1.000 1.000 1.000 0.900 0.900 1.100 1.200 1.000 0.900 0.900 1.100 1.200 0.900 1.000 1.000 1.200 1.200 1.000 1.000 0.900 23/01/1989
0.900 0.900 0.800 0.900 0.800 0.800 0.800 0.800 1.100 0.800 0.800 0.800 1.100 1.100 0.900 0.800 0.900 1.100 1.000 1.000 0.800 0.900 1.100 1.100 1.100 0.800 0.900 1.100 1.100 1.000 24/01/1989
1.000 1.000 1.000 1.000 0.900 0.900 0.900 0.900 1.300 1.000 0.900 0.900 1.300 1.300 1.000 0.700 1.100 1.300 1.300 1.300 0.700 1.100 1.300 1.400 1.400 0.700 1.100 1.400 1.400 1.300 25/01/1989
1.500 1.500 1.500 1.200 0.900 1.400 1.400 1.400 1.300 1.000 1.500 1.500 1.300 1.300 1.000 1.400 1.500 1.300 1.300 1.300 1.500 1.500 1.300 1.300 1.300 1.500 1.500 1.400 1.400 1.300 26/01/1989
1.300 1.300 1.300 1.100 1.100 1.300 1.200 1.300 1.300 1.200 1.300 1.300 1.300 1.300 1.200 1.300 1.300 1.300 1.300 1.300 1.400 1.300 1.300 1.400 1.400 1.400 1.300 1.400 1.400 1.300 27/01/1989
1.700 1.700 1.700 1.400 1.200 1.700 1.600 1.700 1.400 1.200 1.700 1.700 1.500 1.400 1.200 1.800 1.700 1.400 1.400 1.400 1.800 1.700 1.400 1.500 1.500 1.900 1.700 1.500 1.500 1.400 28/01/1989
1.600 1.600 1.600 2.000 1.800 1.600 1.600 1.600 1.800 1.800 1.600 1.600 1.800 1.800 1.800 1.700 1.700 1.800 1.800 1.800 1.700 1.700 1.800 1.800 1.800 1.700 1.700 1.900 1.900 1.800 29/01/1989
1.600 1.600 1.600 1.400 1.300 1.600 1.500 1.600 1.400 1.300 1.600 1.600 1.500 1.400 1.400 1.700 1.500 1.400 1.400 1.400 1.700 1.500 1.400 1.500 1.500 1.700 1.600 1.500 1.500 1.400 30/01/1989
1.400 1.400 1.300 1.300 1.400 1.300 1.300 1.300 1.400 1.400 1.300 1.300 1.400 1.400 1.400 1.500 1.600 1.400 1.400 1.400 1.500 1.600 1.400 1.400 1.400 1.500 1.600 1.400 1.400 1.400 31/01/1989
1.300 1.200 1.200 1.000 0.900 1.200 1.200 1.200 1.100 0.900 1.200 1.200 1.100 1.100 0.900 1.200 1.200 1.100 1.100 1.100 1.200 1.200 1.100 1.100 1.100 1.300 1.200 1.200 1.200 1.100 01/02/1989
1.100 1.100 1.100 1.000 0.900 1.000 1.000 1.000 1.100 0.900 1.000 1.000 1.200 1.100 0.900 1.100 1.300 1.100 1.100 1.100 1.100 1.300 1.100 1.200 1.200 1.200 1.300 1.200 1.200 1.100 02/02/1989
1.200 1.200 1.200 1.200 0.900 1.100 1.100 1.100 1.000 0.900 1.100 1.100 1.000 1.000 0.900 1.300 1.300 1.000 1.000 1.000 1.300 1.300 1.000 1.000 1.000 1.300 1.300 1.100 1.000 1.000 03/02/1989
1.400 1.300 1.300 1.100 1.000 1.300 1.300 1.300 1.200 1.000 1.300 1.300 1.200 1.200 1.000 1.400 1.200 1.200 1.200 1.200 1.400 1.200 1.200 1.200 1.200 1.500 1.300 1.200 1.200 1.200 04/02/1989
1.000 1.000 1.000 0.700 0.800 0.900 0.900 0.900 1.000 0.900 0.900 0.900 1.100 1.000 0.900 1.200 1.200 1.000 1.000 1.000 1.200 1.200 1.000 1.100 1.100 1.300 1.200 1.100 1.100 1.000 05/02/1989
1.400 1.400 1.400 1.400 1.300 1.300 1.300 1.300 1.500 1.300 1.300 1.300 1.500 1.500 1.300 1.300 1.400 1.500 1.400 1.400 1.300 1.400 1.500 1.500 1.500 1.300 1.400 1.500 1.500 1.400 06/02/1989
1.800 1.800 1.800 1.500 1.300 1.700 1.700 1.700 1.500 1.400 1.700 1.700 1.600 1.500 1.400 1.800 1.800 1.500 1.500 1.500 1.900 1.800 1.500 1.600 1.600 1.900 1.800 1.600 1.600 1.500 07/02/1989
1.800 1.800 1.800 1.700 1.700 1.800 1.800 1.800 1.800 1.700 1.800 1.800 1.800 1.800 1.700 1.900 1.900 1.800 1.700 1.700 1.900 1.900 1.800 1.800 1.800 1.900 1.900 1.900 1.800 1.700 08/02/1989
1.900 1.900 1.900 1.600 1.500 1.900 1.900 1.900 1.700 1.500 1.900 1.900 1.700 1.600 1.500 2.000 1.900 1.700 1.600 1.600 2.000 1.900 1.700 1.700 1.700 2.000 1.900 1.700 1.700 1.600 09/02/1989
1.500 1.500 1.500 1.100 1.000 1.500 1.400 1.500 1.100 1.000 1.500 1.500 1.100 1.000 1.100 1.600 1.300 1.100 1.000 1.000 1.600 1.300 1.100 1.100 1.100 1.600 1.300 1.100 1.100 1.000 10/02/1989
1.900 1.800 1.800 1.400 1.400 1.800 1.800 1.800 1.700 1.400 1.800 1.800 1.700 1.600 1.400 2.000 1.800 1.700 1.600 1.600 2.000 1.800 1.700 1.700 1.700 2.100 1.900 1.700 1.700 1.600 11/02/1989
1.000 1.000 1.000 0.800 1.000 1.000 0.900 1.000 1.200 1.000 1.000 1.000 1.200 1.100 1.000 1.100 1.200 1.200 1.100 1.100 1.100 1.100 1.200 1.200 1.200 1.100 1.200 1.200 1.200 1.100 12/02/1989
0.800 0.800 0.800 0.700 0.600 0.700 0.700 0.700 0.700 0.500 0.700 0.700 0.800 0.700 0.500 0.600 0.600 0.700 0.700 0.700 0.700 0.600 0.700 0.800 0.800 0.700 0.600 0.800 0.800 0.700 13/02/1989
1.400 1.400 1.400 1.100 1.100 1.400 1.300 1.400 1.400 1.100 1.400 1.400 1.400 1.400 1.200 1.700 1.700 1.400 1.300 1.300 1.800 1.700 1.400 1.400 1.400 1.800 1.800 1.500 1.500 1.300 14/02/1989
0.800 0.800 0.800 0.800 0.800 0.700 0.700 0.700 0.800 0.800 0.800 0.800 0.800 0.800 0.900 0.700 0.700 0.800 0.800 0.800 0.700 0.700 0.800 0.800 0.800 0.700 0.700 0.900 0.900 0.800 15/02/1989
0.900 0.900 0.900 0.700 0.800 0.900 0.800 0.900 0.900 0.900 0.900 0.900 0.900 0.800 0.900 1.000 0.900 0.900 0.800 0.800 1.100 0.900 0.900 0.900 0.900 1.100 0.900 0.900 0.900 0.800 16/02/1989
1.400 1.400 1.400 1.200 1.000 1.400 1.400 1.400 1.100 1.100 1.400 1.400 1.100 1.100 1.100 1.400 1.300 1.100 1.100 1.100 1.500 1.200 1.100 1.100 1.100 1.500 1.300 1.200 1.200 1.100 17/02/1989
1.700 1.700 1.700 1.300 0.900 1.700 1.700 1.700 1.100 0.900 1.700 1.700 1.100 1.100 0.900 1.800 1.400 1.100 1.100 1.100 1.800 1.400 1.100 1.100 1.100 1.800 1.500 1.200 1.200 1.100 18/02/1989
2.100 2.000 2.000 1.600 1.300 2.000 2.000 2.000 1.400 1.300 2.000 2.000 1.500 1.400 1.400 2.000 1.700 1.500 1.400 1.400 2.000 1.700 1.400 1.500 1.500 2.100 1.700 1.500 1.500 1.400 19/02/1989
0.700 0.700 0.700 0.700 0.700 0.700 0.700 0.700 0.800 0.700 0.700 0.700 0.800 0.800 0.700 0.800 0.700 0.800 0.800 0.800 0.800 0.700 0.800 0.800 0.800 0.800 0.700 0.800 0.800 0.800 20/02/1989
0.800 0.800 0.800 0.700 0.800 0.800 0.700 0.800 0.600 0.800 0.800 0.800 0.600 0.600 0.800 1.000 0.800 0.600 0.600 0.600 1.000 0.800 0.600 0.600 0.600 1.000 0.800 0.600 0.600 0.600 21/02/1989
1.500 1.500 1.400 1.000 1.100 1.400 1.400 1.400 1.100 1.100 1.400 1.400 1.100 1.100 1.100 1.500 1.400 1.100 1.100 1.100 1.600 1.400 1.100 1.100 1.100 1.600 1.400 1.200 1.200 1.100 22/02/1989
0.700 0.600 0.600 0.600 0.600 0.600 0.600 0.600 0.800 0.700 0.600 0.600 0.800 0.800 0.700 0.700 0.800 0.800 0.800 0.800 0.700 0.800 0.800 0.800 0.800 0.700 0.900 0.800 0.800 0.800 23/02/1989
0.300 0.300 0.300 0.100 0.200 0.300 0.300 0.300 0.200 0.200 0.300 0.300 0.200 0.200 0.300 0.500 0.300 0.200 0.200 0.200 0.500 0.400 0.200 0.200 0.200 0.500 0.300 0.200 0.200 0.200 24/02/1989
0.900 0.900 0.900 0.500 0.600 0.900 0.900 0.900 0.700 0.700 0.900 0.900 0.700 0.700 0.700 1.000 0.900 0.700 0.700 0.700 1.000 0.900 0.700 0.800 0.800 1.100 0.900 0.800 0.800 0.700 25/02/1989
0.700 0.700 0.700 0.400 0.300 0.700 0.700 0.700 0.400 0.300 0.700 0.700 0.400 0.400 0.300 1.100 0.900 0.400 0.400 0.400 1.100 0.900 0.400 0.400 0.400 1.200 0.900 0.400 0.400 0.400 26/02/1989
0.800 0.700 0.700 0.800 0.600 0.700 0.700 0.700 0.600 0.600 0.700 0.700 0.700 0.600 0.600 0.900 0.800 0.700 0.600 0.600 0.900 0.800 0.600 0.700 0.700 1.000 0.900 0.700 0.700 0.600 27/02/1989
1.500 1.500 1.400 1.000 0.800 1.400 1.400 1.400 0.900 0.800 1.400 1.400 1.000 0.900 0.800 1.100 1.100 0.900 0.900 0.900 1.100 1.100 0.900 1.000 1.000 1.200 1.100 1.000 1.000 0.900 28/02/1989
1.200 1.100 1.100 0.800 0.700 1.100 1.100 1.100 0.900 0.700 1.100 1.100 0.900 0.900 0.700 1.100 1.100 0.900 0.800 0.900 1.200 1.100 0.900 0.900 0.900 1.200 1.100 0.900 0.900 0.800 01/03/1989
0.800 0.800 0.800 0.400 0.600 0.700 0.700 0.700 0.700 0.600 0.700 0.700 0.800 0.700 0.600 0.800 0.900 0.800 0.700 0.700 0.900 0.900 0.700 0.800 0.800 0.900 0.900 0.800 0.800 0.700 02/03/1989
1.800 1.800 1.800 1.900 1.200 1.800 1.700 1.800 1.600 1.300 1.800 1.800 1.600 1.500 1.300 1.900 1.800 1.600 1.500 1.500 1.900 1.800 1.600 1.600 1.600 2.000 1.800 1.600 1.600 1.500 03/03/1989
0.800 0.800 0.800 0.700 0.500 0.800 0.700 0.800 0.700 0.500 0.800 0.800 0.700 0.700 0.500 0.800 0.800 0.700 0.700 0.700 0.800 0.800 0.700 0.700 0.700 0.900 0.800 0.800 0.800 0.700 04/03/1989
2.200 2.200 2.200 1.900 1.700 2.100 2.100 2.100 1.900 1.700 2.100 2.100 1.900 1.900 1.700 2.100 2.000 1.900 1.900 1.900 2.100 2.000 1.900 1.900 1.900 2.200 2.000 1.900 1.900 1.900 05/03/1989
2.600 2.600 2.600 2.600 2.400 2.600 2.600 2.600 2.700 2.400 2.600 2.600 2.700 2.700 2.500 2.500 2.300 2.700 2.700 2.700 2.400 2.300 2.700 2.700 2.700 2.400 2.300 2.800 2.800 2.700 06/03/1989
0.900 0.900 0.900 1.000 1.200 0.900 0.800 0.900 1.200 1.200 0.900 0.900 1.200 1.200 1.200 1.100 0.900 1.200 1.200 1.200 1.100 0.900 1.200 1.200 1.200 1.200 0.900 1.300 1.300 1.200 07/03/1989
1.400 1.400 1.400 1.300 1.400 1.400 1.300 1.400 1.400 1.400 1.400 1.400 1.400 1.400 1.400 1.300 1.400 1.400 1.400 1.400 1.300 1.400 1.400 1.400 1.400 1.400 1.400 1.400 1.400 1.400 08/03/1989
1.900 1.900 1.900 1.700 1.800 1.900 1.900 1.900 1.900 1.800 1.900 1.900 1.900 1.900 1.800 1.800 1.900 1.900 1.900 1.900 1.800 1.900 1.900 1.900 1.900 1.800 1.900 1.900 1.900 1.900 09/03/1989
2.700 2.700 2.700 2.600 2.500 2.700 2.700 2.700 2.800 2.500 2.700 2.700 2.800 2.800 2.500 2.700 3.000 2.800 2.800 2.800 2.700 3.000 2.800 2.800 2.800 2.700 3.000 2.800 2.800 2.800 10/03/1989
3.000 3.000 3.000 3.200 3.200 3.000 3.000 3.000 3.200 3.200 3.000 3.000 3.200 3.200 3.200 2.800 3.200 3.200 3.200 3.200 2.800 3.200 3.200 3.200 3.200 2.800 3.200 3.200 3.200 3.200 11/03/1989
2.500 2.500 2.500 2.300 1.800 2.500 2.500 2.500 2.000 1.800 2.500 2.500 2.000 2.000 1.800 2.500 2.300 2.000 2.000 2.000 2.500 2.300 2.000 2.000 2.000 2.500 2.300 2.000 2.000 2.000 12/03/1989
2.000 2.000 2.000 1.800 1.200 1.900 1.900 1.900 1.500 1.300 1.900 1.900 1.500 1.500 1.300 1.600 1.400 1.500 1.500 1.500 1.600 1.400 1.500 1.600 1.600 1.700 1.400 1.600 1.600 1.500 13/03/1989
1.800 1.800 1.800 1.700 1.600 1.800 1.800 1.800 1.800 1.600 1.800 1.800 1.800 1.800 1.600 1.700 1.700 1.800 1.800 1.800 1.800 1.600 1.800 1.800 1.800 1.800 1.700 1.900 1.800 1.800 14/03/1989
1.300 1.200 1.200 1.100 1.000 1.200 1.200 1.200 1.200 1.000 1.200 1.200 1.200 1.200 1.000 1.300 1.300 1.200 1.200 1.200 1.300 1.300 1.200 1.200 1.200 1.300 1.300 1.200 1.200 1.200 15/03/1989
1.700 1.700 1.700 1.600 0.900 1.700 1.600 1.700 1.000 0.900 1.700 1.700 1.000 1.000 1.000 1.200 0.900 1.000 0.900 0.900 1.200 0.900 1.000 1.000 1.000 1.200 0.900 1.100 1.100 0.900 16/03/1989
2.100 2.000 2.000 1.900 1.800 1.900 1.900 1.900 1.900 1.800 2.000 2.000 2.000 1.900 1.900 2.000 1.900 1.900 1.900 1.900 2.100 1.900 1.900 2.000 2.000 2.100 2.000 2.100 2.000 1.900 17/03/1989
1.800 1.800 1.800 1.700 1.500 1.700 1.700 1.700 1.700 1.600 1.800 1.800 1.700 1.700 1.600 1.800 1.800 1.700 1.700 1.700 1.800 1.800 1.700 1.700 1.700 1.800 1.800 1.800 1.800 1.700 18/03/1989
2.300 2.300 2.200 2.300 2.200 2.200 2.200 2.200 2.200 2.200 2.200 2.200 2.200 2.200 2.200 2.200 2.200 2.200 2.100 2.100 2.200 2.200 2.200 2.200 2.200 2.300 2.300 2.200 2.200 2.100 19/03/1989
1.000 0.900 0.900 0.700 0.400 0.900 0.900 0.900 0.400 0.400 0.900 0.900 0.500 0.400 0.400 1.000 0.500 0.400 0.400 0.400 1.000 0.500 0.400 0.500 0.500 1.000 0.500 0.500 0.500 0.400 20/03/1989
1.300 1.200 1.200 1.000 1.100 1.200 1.200 1.200 1.400 1.100 1.200 1.200 1.500 1.400 1.100 1.200 1.300 1.400 1.400 1.400 1.300 1.300 1.400 1.500 1.500 1.300 1.300 1.500 1.500 1.400 21/03/1989
2.300 2.300 2.200 2.100 1.600 2.200 2.100 2.200 1.600 1.600 2.200 2.200 1.600 1.600 1.700 2.400 2.300 1.600 1.600 1.600 2.400 2.300 1.600 1.700 1.700 2.400 2.300 1.700 1.700 1.600 22/03/1989
1.800 1.800 1.800 1.600 1.700 1.800 1.700 1.800 1.800 1.700 1.800 1.800 1.900 1.800 1.800 1.900 2.100 1.900 1.800 1.800 2.000 2.100 1.800 1.900 1.900 2.000 2.200 1.900 1.900 1.800 23/03/1989
1.800 1.800 1.800 1.800 1.600 1.700 1.700 1.700 1.800 1.600 1.700 1.700 1.900 1.800 1.600 1.800 1.900 1.800 1.800 1.800 1.900 1.900 1.800 1.900 1.900 1.900 1.900 1.900 1.900 1.800 24/03/1989
1.900 1.900 1.900 1.500 1.400 1.800 1.700 1.800 1.900 1.500 1.800 1.800 2.000 1.900 1.500 2.400 2.600 2.000 1.900 1.900 2.400 2.500 1.900 2.000 2.000 2.500 2.600 2.100 2.000 1.900 25/03/1989
3.000 3.000 3.000 2.900 3.000 2.900 2.900 2.900 2.900 3.000 2.900 2.900 2.900 2.900 3.000 2.900 3.100 2.900 2.900 2.900 2.900 3.100 2.900 2.900 2.900 2.900 3.100 2.900 2.900 2.900 26/03/1989
3.700 3.700 3.700 3.700 3.800 3.700 3.700 3.700 3.600 3.800 3.700 3.700 3.600 3.600 3.800 3.500 3.100 3.600 3.600 3.600 3.500 3.100 3.600 3.600 3.600 3.500 3.100 3.600 3.600 3.600 27/03/1989
3.100 3.100 3.100 3.800 4.100 3.100 3.100 3.100 3.800 4.100 3.100 3.100 3.800 3.800 4.100 3.400 3.600 3.800 3.800 3.800 3.400 3.600 3.800 3.800 3.800 3.400 3.600 3.800 3.800 3.800 28/03/1989
4.000 3.900 3.900 3.300 3.000 3.900 3.900 3.900 3.200 3.000 3.900 3.900 3.200 3.200 3.000 3.800 3.500 3.200 3.200 3.200 3.800 3.500 3.200 3.200 3.200 3.900 3.600 3.200 3.200 3.200 29/03/1989
1.800 1.700 1.700 2.600 2.000 1.700 1.600 1.700 2.000 2.100 1.700 1.700 2.000 2.000 2.100 1.500 1.600 2.000 2.000 2.000 1.600 1.600 2.000 2.000 2.000 1.600 1.600 2.100 2.100 2.000 30/03/1989
2.000 1.900 1.900 1.800 1.800 1.900 1.900 1.900 1.700 1.800 1.900 1.900 1.700 1.700 1.800 1.800 1.500 1.700 1.700 1.700 1.800 1.500 1.700 1.700 1.700 1.800 1.500 1.800 1.800 1.700 31/03/1989
1.600 1.600 1.600 1.300 0.900 1.500 1.500 1.500 1.000 0.900 1.500 1.500 1.000 1.000 1.000 2.200 2.000 1.000 1.000 1.000 2.300 2.000 1.000 1.100 1.100 2.400 2.000 1.100 1.100 1.000 01/04/1989
0.600 0.600 0.600 0.700 0.500 0.600 0.600 0.600 0.900 0.500 0.600 0.600 0.900 0.900 0.600 0.500 0.800 0.900 0.800 0.800 0.500 0.800 0.900 0.900 0.900 0.500 0.800 1.000 1.000 0.800 02/04/1989
1.000 1.000 1.000 0.800 0.600 0.900 0.900 0.900 0.800 0.600 1.000 1.000 0.800 0.800 0.700 1.200 0.800 0.800 0.700 0.800 1.200 0.800 0.800 0.800 0.800 1.200 0.800 0.800 0.800 0.700 03/04/1989
1.200 1.200 1.200 1.500 1.700 1.200 1.100 1.200 1.500 1.700 1.200 1.200 1.500 1.500 1.700 0.800 0.700 1.500 1.500 1.500 0.800 0.700 1.500 1.500 1.500 0.800 0.700 1.600 1.500 1.500 04/04/1989
1.600 1.600 1.600 1.000 1.100 1.500 1.500 1.500 1.400 1.100 1.500 1.500 1.500 1.400 1.100 1.600 1.700 1.400 1.400 1.400 1.600 1.700 1.400 1.500 1.500 1.600 1.700 1.500 1.500 1.400 05/04/1989
0.800 0.800 0.800 0.700 0.600 0.800 0.700 0.800 0.600 0.600 0.800 0.800 0.600 0.500 0.600 0.900 0.800 0.600 0.500 0.500 0.900 0.700 0.600 0.600 0.600 0.900 0.800 0.600 0.600 0.500 06/04/1989
2.500 2.500 2.500 1.900 1.800 2.400 2.400 2.400 2.300 1.900 2.400 2.400 2.400 2.300 1.900 2.000 2.300 2.400 2.300 2.300 2.100 2.200 2.300 2.400 2.400 2.100 2.300 2.500 2.400 2.300 07/04/1989
2.500 2.500 2.500 2.100 2.000 2.500 2.400 2.500 2.100 2.000 2.500 2.500 2.200 2.100 2.000 2.200 2.300 2.100 2.100 2.100 2.200 2.300 2.100 2.200 2.200 2.300 2.400 2.200 2.200 2.100 08/04/1989
1.400 1.400 1.300 1.300 1.400 1.300 1.300 1.300 1.600 1.400 1.300 1.300 1.700 1.600 1.400 1.200 1.100 1.600 1.600 1.600 1.200 1.100 1.600 1.700 1.700 1.200 1.100 1.700 1.700 1.600 09/04/1989
1.900 1.900 1.900 2.000 2.100 1.800 1.800 1.800 2.100 2.100 1.800 1.800 2.200 2.100 2.200 2.200 2.300 2.200 2.100 2.100 2.300 2.300 2.100 2.200 2.200 2.300 2.300 2.200 2.200 2.100 10/04/1989
0.900 0.900 0.900 1.300 1.600 0.900 0.900 0.900 1.500 1.600 0.900 0.900 1.600 1.500 1.600 0.900 0.800 1.500 1.500 1.500 1.000 0.800 1.500 1.600 1.600 1.000 0.800 1.600 1.600 1.500 11/04/1989
2.200 2.200 2.200 2.100 2.000 2.200 2.100 2.200 2.000 2.000 2.200 2.200 2.000 1.900 2.000 1.800 2.000 2.000 1.900 1.900 1.800 2.000 2.000 2.000 2.000 1.900 2.000 2.000 2.000 1.900 12/04/1989
2.100 2.100 2.100 2.000 1.800 2.000 2.000 2.000 2.000 1.800 2.000 2.000 2.000 2.000 1.900 1.700 1.800 2.000 2.000 2.000 1.700 1.800 2.000 2.100 2.100 1.700 1.900 2.100 2.100 2.000 13/04/1989
2.500 2.500 2.400 2.400 2.600 2.400 2.300 2.400 2.700 2.600 2.400 2.400 2.700 2.700 2.600 2.300 2.300 2.700 2.700 2.700 2.300 2.300 2.700 2.700 2.700 2.400 2.300 2.800 2.800 2.700 14/04/1989
2.100 2.100 2.000 2.100 2.100 2.000 1.900 2.000 2.200 2.200 2.000 2.000 2.200 2.100 2.200 2.000 2.200 2.200 2.100 2.100 2.000 2.100 2.200 2.200 2.200 2.100 2.200 2.300 2.300 2.100 15/04/1989
1.200 1.100 1.100 0.900 1.000 1.100 1.100 1.100 1.000 1.000 1.100 1.100 1.000 1.000 1.000 1.400 1.200 1.000 1.000 1.000 1.400 1.200 1.000 1.000 1.000 1.400 1.200 1.000 1.000 1.000 16/04/1989
1.700 1.700 1.700 1.400 1.100 1.700 1.700 1.700 1.300 1.100 1.700 1.700 1.400 1.300 1.100 1.500 1.900 1.400 1.300 1.300 1.600 1.900 1.300 1.400 1.400 1.600 2.000 1.400 1.400 1.300 17/04/1989
2.300 2.300 2.300 2.300 2.100 2.300 2.300 2.300 2.500 2.100 2.300 2.300 2.500 2.500 2.100 2.500 2.800 2.500 2.500 2.500 2.500 2.800 2.500 2.600 2.600 2.500 2.800 2.600 2.600 2.500 18/04/1989
3.300 3.300 3.200 3.100 3.000 3.200 3.100 3.200 3.200 3.000 3.200 3.200 3.300 3.200 3.000 3.100 2.300 3.200 3.200 3.200 3.100 2.300 3.200 3.300 3.300 3.200 2.300 3.300 3.300 3.200 19/04/1989
2.800 2.800 2.800 2.800 2.100 2.800 2.700 2.800 2.000 2.100 2.800 2.800 2.000 2.000 2.100 2.100 1.500 2.000 2.000 2.000 2.100 1.400 2.000 2.000 2.000 2.200 1.500 2.100 2.100 2.000 20/04/1989
2.800 2.700 2.700 2.700 2.500 2.700 2.600 2.700 2.700 2.500 2.700 2.700 2.800 2.700 2.600 2.800 2.900 2.800 2.700 2.700 2.900 2.900 2.700 2.800 2.800 2.900 3.000 2.800 2.800 2.700 21/04/1989
2.600 2.500 2.500 2.200 2.300 2.500 2.400 2.500 2.800 2.400 2.500 2.500 2.800 2.700 2.400 2.700 2.900 2.800 2.700 2.700 2.700 2.800 2.800 2.800 2.800 2.800 2.900 2.900 2.800 2.700 22/04/1989
2.800 2.800 2.800 2.800 2.800 2.700 2.700 2.700 2.800 2.800 2.700 2.800 2.800 2.800 2.900 2.600 2.800 2.800 2.800 2.800 2.700 2.800 2.800 2.800 2.800 2.700 2.800 2.900 2.800 2.800 23/04/1989
3.000 2.900 2.900 3.000 3.100 2.900 2.900 2.900 3.100 3.100 2.900 2.900 3.100 3.100 3.100 3.200 3.500 3.100 3.100 3.100 3.200 3.400 3.100 3.100 3.100 3.200 3.500 3.200 3.200 3.100 24/04/1989
1.400 1.400 1.400 1.000 1.900 1.400 1.300 1.400 1.800 1.900 1.400 1.400 1.800 1.800 1.900 1.500 1.600 1.800 1.800 1.800 1.500 1.500 1.800 1.800 1.800 1.600 1.600 1.800 1.800 1.800 25/04/1989
2.700 2.700 2.700 2.200 2.200 2.700 2.600 2.700 2.300 2.200 2.700 2.700 2.300 2.300 2.200 2.600 2.600 2.300 2.300 2.300 2.700 2.600 2.300 2.300 2.300 2.800 2.700 2.400 2.300 2.300 26/04/1989
1.400 1.300 1.300 1.100 0.900 1.300 1.300 1.300 0.900 0.900 1.300 1.300 0.900 0.900 0.900 1.600 1.400 0.900 0.900 0.900 1.700 1.400 0.900 0.900 0.900 1.700 1.400 0.900 0.900 0.900 27/04/1989
2.400 2.400 2.400 2.500 2.200 2.400 2.300 2.400 2.400 2.200 2.400 2.400 2.400 2.300 2.200 2.800 2.800 2.400 2.300 2.300 2.900 2.800 2.400 2.400 2.400 2.900 2.900 2.400 2.400 2.300 28/04/1989
1.100 1.100 1.100 1.200 1.600 1.000 1.000 1.000 1.600 1.600 1.000 1.000 1.600 1.600 1.600 1.000 1.200 1.600 1.600 1.600 1.000 1.200 1.600 1.600 1.600 1.000 1.300 1.700 1.700 1.600 29/04/1989
3.000 2.900 2.900 3.100 3.200 2.900 2.800 2.900 3.400 3.300 2.900 2.900 3.400 3.400 3.300 2.800 3.000 3.400 3.400 3.400 2.900 3.000 3.400 3.400 3.400 2.900 3.100 3.500 3.500 3.400 30/04/1989
3.200 3.200 3.200 3.200 3.000 3.200 3.200 3.200 3.600 3.000 3.200 3.200 3.600 3.500 3.000 3.300 3.100 3.600 3.500 3.500 3.300 3.100 3.600 3.600 3.600 3.400 3.100 3.600 3.600 3.500 01/05/1989
3.400 3.400 3.400 3.300 3.000 3.400 3.300 3.400 3.100 3.000 3.400 3.400 3.100 3.100 3.000 3.800 3.800 3.100 3.100 3.100 3.800 3.800 3.100 3.100 3.100 3.900 3.800 3.200 3.200 3.100 02/05/1989
5.000 5.000 5.000 5.600 5.400 5.000 5.000 5.000 5.400 5.400 5.000 5.000 5.400 5.400 5.400 5.100 5.100 5.400 5.400 5.400 5.100 5.100 5.400 5.400 5.400 5.200 5.100 5.500 5.500 5.400 03/05/1989
5.600 5.600 5.500 6.300 5.900 5.500 5.500 5.500 5.900 5.900 5.500 5.500 5.900 5.900 5.900 5.500 5.600 5.900 5.900 5.900 5.500 5.600 5.900 5.900 5.900 5.600 5.600 5.900 5.900 5.900 04/05/1989
5.400 5.400 5.400 6.400 5.900 5.400 5.400 5.400 5.600 5.900 5.400 5.400 5.600 5.600 5.800 5.600 5.700 5.600 5.600 5.600 5.700 5.700 5.600 5.600 5.600 5.700 5.700 5.600 5.600 5.600 05/05/1989
5.900 5.900 5.900 6.300 6.400 5.900 5.900 5.900 5.900 6.400 5.900 5.900 5.900 5.900 6.400 6.000 6.300 5.900 5.900 5.900 6.000 6.300 5.900 5.900 5.900 6.000 6.300 5.900 5.900 5.900 06/05/1989
5.600 5.600 5.600 5.900 5.300 5.600 5.600 5.600 5.300 5.300 5.600 5.600 5.300 5.200 5.400 5.400 5.600 5.300 5.200 5.200 5.500 5.600 5.300 5.300 5.300 5.600 5.600 5.300 5.300 5.200 07/05/1989
5.500 5.500 5.500 5.700 5.500 5.500 5.500 5.500 5.400 5.500 5.500 5.500 5.400 5.400 5.500 5.600 5.500 5.400 5.400 5.400 5.600 5.500 5.400 5.400 5.400 5.600 5.500 5.500 5.400 5.400 08/05/1989
3.800 3.800 3.800 3.500 2.800 3.700 3.700 3.700 3.100 2.900 3.700 3.800 3.100 3.100 2.900 3.500 2.800 3.100 3.000 3.100 3.500 2.800 3.100 3.100 3.100 3.600 2.900 3.100 3.100 3.000 09/05/1989
2.300 2.300 2.300 2.800 2.400 2.200 2.200 2.200 2.700 2.500 2.200 2.300 2.700 2.600 2.500 2.300 2.700 2.700 2.600 2.600 2.300 2.700 2.700 2.700 2.700 2.400 2.700 2.800 2.800 2.600 10/05/1989
3.400 3.400 3.400 2.800 2.800 3.300 3.300 3.300 3.200 2.800 3.300 3.300 3.200 3.100 2.900 3.400 3.600 3.200 3.100 3.100 3.500 3.600 3.200 3.200 3.200 3.600 3.700 3.300 3.300 3.100 11/05/1989
3.800 3.800 3.800 3.100 3.000 3.700 3.700 3.700 3.200 3.000 3.700 3.700 3.200 3.200 3.000 3.700 3.200 3.200 3.100 3.100 3.700 3.200 3.200 3.300 3.300 3.800 3.300 3.300 3.300 3.100 12/05/1989
2.700 2.700 2.600 1.900 2.200 2.600 2.500 2.600 2.700 2.200 2.600 2.600 2.800 2.700 2.300 2.800 3.100 2.700 2.700 2.700 2.900 3.100 2.700 2.800 2.800 3.000 3.200 2.900 2.800 2.700 13/05/1989
3.400 3.300 3.300 3.300 3.000 3.300 3.200 3.300 3.400 3.100 3.300 3.300 3.500 3.400 3.100 3.000 3.300 3.400 3.400 3.400 3.100 3.200 3.400 3.500 3.500 3.100 3.300 3.600 3.500 3.400 14/05/1989
4.600 4.600 4.500 5.000 4.700 4.500 4.400 4.500 4.600 4.700 4.500 4.500 4.700 4.600 4.800 4.400 4.500 4.700 4.600 4.600 4.500 4.500 4.600 4.700 4.700 4.500 4.500 4.700 4.700 4.600 15/05/1989
4.800 4.800 4.800 5.100 4.800 4.700 4.700 4.700 4.800 4.800 4.700 4.700 4.800 4.800 4.800 5.000 4.900 4.800 4.800 4.800 5.000 4.900 4.800 4.800 4.800 5.100 5.000 4.800 4.800 4.800 16/05/1989
3.100 3.100 3.100 4.400 4.500 3.100 3.100 3.100 4.300 4.500 3.100 3.100 4.300 4.300 4.600 3.100 3.600 4.300 4.300 4.300 3.100 3.600 4.300 4.300 4.300 3.100 3.600 4.400 4.300 4.300 17/05/1989
5.000 5.000 5.000 5.100 4.900 5.000 4.900 5.000 5.200 4.900 5.000 5.000 5.200 5.200 5.000 5.200 5.000 5.200 5.200 5.200 5.300 5.000 5.200 5.200 5.200 5.300 5.100 5.300 5.200 5.200 18/05/1989
5.600 5.600 5.600 5.100 5.000 5.600 5.500 5.600 5.500 5.000 5.600 5.600 5.500 5.500 5.000 5.800 5.300 5.500 5.500 5.500 5.800 5.200 5.500 5.600 5.600 5.800 5.300 5.600 5.600 5.500 19/05/1989
5.800 5.800 5.700 6.100 5.200 5.700 5.600 5.700 5.700 5.200 5.700 5.700 5.700 5.700 5.300 5.700 5.600 5.700 5.600 5.600 5.700 5.600 5.700 5.700 5.700 5.800 5.600 5.800 5.800 5.600 20/05/1989
4.100 4.000 4.000 4.000 3.800 4.000 4.000 4.000 4.000 3.800 4.000 4.000 4.000 4.000 3.900 3.500 3.300 4.000 3.900 4.000 3.500 3.300 4.000 4.100 4.100 3.600 3.300 4.100 4.100 4.000 21/05/1989
3.500 3.500 3.500 2.800 1.800 3.400 3.400 3.400 2.200 1.900 3.400 3.400 2.200 2.200 1.900 3.800 3.300 2.200 2.200 2.200 3.800 3.300 2.200 2.300 2.300 3.900 3.300 2.300 2.300 2.200 22/05/1989
4.900 4.900 4.900 5.000 5.000 4.800 4.700 4.800 4.800 5.000 4.800 4.800 4.800 4.800 5.100 4.800 5.100 4.800 4.700 4.700 4.800 5.100 4.800 4.900 4.900 4.900 5.200 4.900 4.900 4.700 23/05/1989
2.900 2.800 2.800 3.800 3.100 2.800 2.700 2.800 2.900 3.100 2.800 2.800 3.000 2.900 3.200 3.200 3.400 2.900 2.900 2.900 3.200 3.300 2.900 3.000 3.000 3.300 3.400 3.000 3.000 2.900 24/05/1989
5.600 5.600 5.600 5.200 5.500 5.500 5.400 5.500 5.400 5.500 5.500 5.500 5.500 5.400 5.500 5.200 5.500 5.400 5.400 5.400 5.300 5.500 5.400 5.500 5.500 5.400 5.600 5.600 5.500 5.400 25/05/1989
4.900 4.900 4.900 4.600 4.500 4.800 4.800 4.800 4.700 4.500 4.900 4.900 4.700 4.700 4.500 5.300 5.200 4.700 4.700 4.700 5.300 5.200 4.700 4.700 4.700 5.400 5.200 4.800 4.800 4.700 26/05/1989
5.000 5.000 5.000 4.300 5.200 4.900 4.900 4.900 5.400 5.300 5.000 5.000 5.400 5.300 5.300 5.000 5.200 5.400 5.300 5.300 5.000 5.100 5.400 5.500 5.500 5.100 5.200 5.600 5.500 5.300 27/05/1989
5.300 5.200 5.200 5.200 5.400 5.100 5.100 5.100 5.400 5.400 5.200 5.200 5.400 5.400 5.500 5.400 5.600 5.400 5.400 5.400 5.400 5.600 5.400 5.500 5.500 5.500 5.700 5.500 5.500 5.400 28/05/1989
5.300 5.300 5.300 4.900 4.700 5.200 5.200 5.200 4.900 4.700 5.200 5.200 4.900 4.900 4.800 5.100 4.800 4.900 4.900 4.900 5.200 4.800 4.900 4.900 4.900 5.200 4.900 5.000 4.900 4.900 29/05/1989
4.400 4.400 4.400 3.300 3.200 4.300 4.300 4.300 3.700 3.200 4.300 4.300 3.700 3.600 3.300 4.600 4.200 3.700 3.600 3.600 4.600 4.200 3.700 3.700 3.700 4.700 4.300 3.700 3.700 3.600 30/05/1989
4.100 4.000 4.000 3.100 3.200 4.000 3.900 4.000 3.600 3.200 4.000 4.000 3.600 3.600 3.200 4.100 3.600 3.600 3.500 3.500 4.200 3.600 3.600 3.600 3.600 4.300 3.700 3.700 3.700 3.500 31/05/1989
4.000 4.000 3.900 3.900 3.000 3.900 3.800 3.900 3.800 3.000 3.900 3.900 3.800 3.700 3.100 4.100 3.800 3.800 3.700 3.700 4.200 3.800 3.700 3.800 3.800 4.300 3.800 3.900 3.900 3.700 01/06/1989
3.200 3.200 3.200 2.700 2.600 3.200 3.100 3.200 2.900 2.700 3.200 3.200 3.000 2.900 2.700 3.200 3.100 2.900 2.900 2.900 3.300 3.100 2.900 3.000 3.000 3.300 3.100 3.000 3.000 2.900 02/06/1989
2.700 2.700 2.700 2.400 2.300 2.600 2.600 2.600 2.400 2.300 2.600 2.600 2.400 2.300 2.300 2.600 2.400 2.400 2.300 2.300 2.600 2.400 2.400 2.400 2.400 2.700 2.400 2.400 2.400 2.300 03/06/1989
2.500 2.500 2.500 2.700 1.800 2.500 2.500 2.500 2.100 1.900 2.500 2.500 2.200 2.100 1.900 2.600 2.500 2.200 2.100 2.100 2.600 2.500 2.100 2.200 2.200 2.700 2.500 2.200 2.200 2.100 04/06/1989
4.000 3.900 3.900 3.500 3.500 3.800 3.800 3.800 3.700 3.500 3.900 3.900 3.800 3.700 3.600 4.100 4.100 3.700 3.700 3.700 4.100 4.000 3.700 3.800 3.800 4.200 4.100 3.800 3.800 3.700 05/06/1989
2.000 2.000 2.000 1.600 1.200 2.000 2.000 2.000 1.800 1.200 2.000 2.000 1.800 1.800 1.200 2.200 2.000 1.800 1.800 1.800 2.200 2.000 1.800 1.800 1.800 2.200 2.000 1.800 1.800 1.800 06/06/1989
3.500 3.400 3.400 3.000 2.900 3.300 3.300 3.300 3.100 2.900 3.300 3.300 3.100 3.100 3.000 3.600 4.000 3.100 3.000 3.000 3.700 3.900 3.100 3.100 3.100 3.700 4.000 3.200 3.100 3.000 07/06/1989
4.200 4.200 4.100 3.900 3.700 4.100 4.000 4.100 4.000 3.800 4.100 4.100 4.000 3.900 3.800 4.100 4.200 4.000 3.900 3.900 4.200 4.200 4.000 4.000 4.000 4.200 4.200 4.100 4.100 3.900 08/06/1989
4.700 4.600 4.600 4.300 4.300 4.600 4.500 4.600 4.500 4.400 4.600 4.600 4.500 4.400 4.400 4.400 4.800 4.500 4.400 4.400 4.500 4.800 4.500 4.500 4.600 4.500 4.900 4.700 4.600 4.400 09/06/1989
3.400 3.400 3.400 3.000 3.000 3.400 3.300 3.400 3.200 3.000 3.400 3.400 3.200 3.200 3.100 3.600 3.300 3.200 3.100 3.100 3.600 3.300 3.200 3.200 3.200 3.700 3.300 3.300 3.300 3.100 10/06/1989
4.600 4.500 4.500 4.300 4.000 4.400 4.300 4.400 4.200 4.000 4.400 4.400 4.300 4.200 4.100 4.600 4.500 4.300 4.200 4.200 4.700 4.500 4.200 4.300 4.300 4.800 4.500 4.400 4.400 4.200 11/06/1989
6.700 6.700 6.600 7.300 6.700 6.600 6.500 6.600 6.400 6.700 6.600 6.600 6.500 6.400 6.700 6.800 6.700 6.400 6.400 6.400 6.900 6.700 6.400 6.500 6.500 6.900 6.800 6.500 6.500 6.400 12/06/1989
6.300 6.200 6.200 5.900 5.800 6.200 6.100 6.200 5.800 5.800 6.200 6.200 5.800 5.800 5.800 6.300 6.300 5.800 5.700 5.700 6.400 6.300 5.800 5.800 5.800 6.400 6.400 5.900 5.900 5.700 13/06/1989
5.500 5.400 5.400 5.700 5.300 5.300 5.300 5.300 5.200 5.300 5.300 5.300 5.200 5.200 5.300 5.400 5.800 5.200 5.200 5.200 5.500 5.800 5.200 5.300 5.300 5.500 5.900 5.300 5.300 5.200 14/06/1989
6.200 6.200 6.100 6.500 5.900 6.100 6.000 6.100 5.900 5.900 6.100 6.100 6.000 5.900 5.900 5.600 5.500 6.000 5.900 5.900 5.600 5.500 5.900 6.000 6.000 5.600 5.600 6.000 6.000 5.900 15/06/1989
6.800 6.800 6.800 7.200 6.900 6.800 6.800 6.800 6.300 6.900 6.800 6.800 6.300 6.200 6.900 6.500 6.900 6.300 6.200 6.200 6.500 6.900 6.300 6.300 6.300 6.500 6.900 6.400 6.300 6.200 16/06/1989
5.700 5.600 5.600 5.600 5.500 5.600 5.600 5.600 5.400 5.600 5.600 5.600 5.500 5.400 5.600 6.000 6.600 5.500 5.400 5.400 6.000 6.500 5.400 5.500 5.500 6.000 6.600 5.600 5.500 5.400 17/06/1989
6.700 6.600 6.600 6.900 6.800 6.500 6.400 6.500 6.000 6.800 6.500 6.500 6.000 5.900 6.900 6.400 6.500 6.000 5.900 5.900 6.400 6.500 6.000 6.000 6.000 6.500 6.600 6.100 6.100 5.900 18/06/1989
7.400 7.400 7.400 8.000 7.300 7.400 7.300 7.400 7.200 7.300 7.400 7.400 7.200 7.200 7.300 7.300 6.800 7.200 7.100 7.100 7.300 6.800 7.200 7.200 7.200 7.400 6.800 7.300 7.300 7.100 19/06/1989
7.200 7.200 7.200 7.800 7.000 7.200 7.200 7.200 7.100 7.000 7.200 7.200 7.100 7.100 7.000 6.700 6.500 7.100 7.000 7.000 6.700 6.500 7.100 7.100 7.100 6.700 6.500 7.200 7.200 7.000 20/06/1989
6.700 6.700 6.600 6.600 6.700 6.600 6.500 6.600 6.900 6.800 6.600 6.600 7.000 6.900 6.800 6.700 6.800 7.000 6.900 6.900 6.800 6.700 6.900 7.000 7.000 6.900 6.800 7.000 7.000 6.900 21/06/1989
6.200 6.100 6.100 6.400 5.500 6.100 6.000 6.100 5.900 5.500 6.100 6.100 5.900 5.900 5.600 5.800 5.900 5.900 5.800 5.800 5.800 5.900 5.900 6.000 6.000 5.900 6.000 6.000 6.000 5.800 22/06/1989
6.100 6.000 6.000 5.300 5.300 6.000 5.900 6.000 5.600 5.300 6.000 6.000 5.600 5.600 5.400 5.800 6.100 5.600 5.600 5.600 5.800 6.100 5.600 5.600 5.700 5.900 6.100 5.700 5.700 5.600 23/06/1989
6.100 6.100 6.000 6.000 5.700 6.000 5.900 6.000 5.800 5.700 6.000 6.000 5.900 5.800 5.700 5.900 5.700 5.900 5.800 5.800 6.000 5.700 5.800 5.900 5.900 6.000 5.700 6.000 5.900 5.800 24/06/1989
6.400 6.400 6.400 5.600 5.700 6.300 6.300 6.300 6.000 5.700 6.300 6.300 6.000 6.000 5.800 6.000 6.200 6.000 6.000 6.000 6.000 6.200 6.000 6.000 6.000 6.100 6.200 6.100 6.100 6.000 25/06/1989
5.500 5.500 5.500 5.000 4.200 5.400 5.300 5.400 4.600 4.200 5.400 5.400 4.700 4.600 4.200 5.300 5.300 4.600 4.600 4.600 5.300 5.300 4.600 4.700 4.700 5.400 5.300 4.700 4.700 4.600 26/06/1989
4.200 4.200 4.200 3.900 3.800 4.100 4.000 4.100 3.800 3.800 4.100 4.100 3.800 3.800 3.900 4.000 4.000 3.800 3.700 3.700 4.100 4.000 3.800 3.800 3.800 4.200 4.100 3.900 3.900 3.700 27/06/1989
4.300 4.200 4.200 4.100 3.800 4.200 4.100 4.200 4.000 3.900 4.200 4.200 4.000 3.900 3.900 4.300 4.700 4.000 3.900 3.900 4.400 4.700 4.000 4.000 4.000 4.400 4.700 4.100 4.100 3.900 28/06/1989
2.600 2.600 2.600 2.000 2.600 2.500 2.500 2.500 2.800 2.600 2.600 2.600 2.900 2.800 2.700 3.000 3.100 2.900 2.800 2.800 3.000 3.100 2.800 2.900 2.900 3.100 3.100 2.900 2.900 2.800 29/06/1989
4.400 4.300 4.300 3.600 3.500 4.200 4.200 4.200 3.800 3.600 4.200 4.200 3.900 3.800 3.700 4.500 4.500 3.800 3.800 3.800 4.600 4.500 3.800 3.900 3.900 4.700 4.500 3.900 3.900 3.800 30/06/1989
2.900 2.900 2.800 2.700 2.800 2.800 2.800 2.800 2.800 2.800 2.800 2.800 2.800 2.700 2.900 2.900 3.400 2.800 2.700 2.700 2.900 3.400 2.800 2.800 2.800 3.000 3.400 2.900 2.800 2.700 01/07/1989
5.200 5.100 5.100 4.900 4.400 5.000 5.000 5.000 4.800 4.400 5.000 5.100 4.800 4.700 4.400 4.900 4.800 4.800 4.700 4.700 5.000 4.800 4.800 4.800 4.800 5.100 4.800 4.900 4.900 4.700 02/07/1989
5.500 5.500 5.400 5.500 5.200 5.400 5.400 5.400 5.400 5.200 5.400 5.400 5.500 5.400 5.300 5.200 5.500 5.400 5.300 5.300 5.200 5.400 5.400 5.500 5.500 5.200 5.500 5.600 5.600 5.300 03/07/1989
6.400 6.300 6.300 5.700 5.500 6.200 6.100 6.200 5.700 5.600 6.200 6.200 5.700 5.600 5.600 6.500 5.900 5.700 5.600 5.600 6.600 5.900 5.600 5.700 5.700 6.700 6.000 5.800 5.800 5.600 04/07/1989
4.200 4.200 4.200 4.000 3.900 4.100 4.000 4.100 3.900 4.000 4.100 4.100 3.900 3.900 4.000 4.000 4.500 3.900 3.900 3.900 4.000 4.500 3.900 4.000 4.000 4.100 4.500 4.000 4.000 3.900 05/07/1989
3.700 3.600 3.600 3.900 4.200 3.600 3.500 3.600 4.200 4.300 3.600 3.600 4.200 4.200 4.300 3.500 4.100 4.200 4.100 4.200 3.500 4.100 4.200 4.200 4.200 3.600 4.200 4.300 4.300 4.100 06/07/1989
4.400 4.300 4.300 3.900 3.600 4.200 4.200 4.200 3.800 3.700 4.200 4.300 3.800 3.700 3.700 4.100 4.300 3.800 3.700 3.700 4.200 4.200 3.800 3.800 3.800 4.200 4.300 3.800 3.800 3.700 07/07/1989
1.500 1.500 1.500 1.100 1.300 1.500 1.500 1.500 1.500 1.300 1.500 1.500 1.500 1.400 1.300 1.800 2.500 1.500 1.400 1.400 1.800 2.500 1.400 1.500 1.500 1.800 2.500 1.500 1.500 1.400 08/07/1989
2.600 2.600 2.500 2.200 1.300 2.500 2.500 2.500 1.500 1.300 2.500 2.500 1.500 1.500 1.300 2.600 2.000 1.500 1.500 1.500 2.600 2.000 1.500 1.500 1.500 2.700 2.000 1.500 1.500 1.500 09/07/1989
3.200 3.200 3.200 1.800 1.800 3.200 3.100 3.200 2.100 1.800 3.200 3.200 2.100 2.100 1.900 3.300 3.400 2.100 2.100 2.100 3.400 3.400 2.100 2.100 2.100 3.400 3.400 2.100 2.100 2.100 10/07/1989
3.700 3.700 3.700 2.900 2.600 3.700 3.600 3.700 3.000 2.700 3.700 3.700 3.000 3.000 2.700 3.700 3.500 3.000 3.000 3.000 3.700 3.500 3.000 3.100 3.100 3.800 3.600 3.100 3.100 3.000 11/07/1989
4.800 4.800 4.800 5.100 4.700 4.700 4.600 4.700 5.000 4.700 4.700 4.700 5.000 4.900 4.800 4.400 4.500 5.000 4.900 4.900 4.400 4.500 4.900 5.000 5.000 4.400 4.600 5.100 5.100 4.900 12/07/1989
5.000 5.000 5.000 4.700 4.900 4.900 4.800 4.900 5.000 4.900 4.900 4.900 5.100 5.000 5.000 4.900 5.100 5.000 4.900 5.000 4.900 5.000 5.000 5.100 5.100 4.900 5.100 5.200 5.200 4.900 13/07/1989
5.100 5.000 5.000 5.100 4.900 4.900 4.900 4.900 5.000 5.000 5.000 5.000 5.000 4.900 5.000 4.700 4.700 5.000 4.900 4.900 4.800 4.700 5.000 5.000 5.000 4.800 4.800 5.000 5.000 4.900 14/07/1989
5.500 5.400 5.400 5.100 4.200 5.300 5.300 5.300 4.400 4.200 5.300 5.400 4.400 4.400 4.300 4.900 4.700 4.400 4.400 4.400 5.000 4.700 4.400 4.400 4.400 5.100 4.800 4.500 4.500 4.400 15/07/1989
6.700 6.700 6.700 6.200 6.500 6.600 6.600 6.600 6.300 6.500 6.700 6.700 6.300 6.300 6.600 6.600 6.300 6.300 6.200 6.300 6.700 6.300 6.300 6.300 6.300 6.700 6.300 6.400 6.300 6.300 16/07/1989
6.400 6.400 6.300 5.800 6.000 6.300 6.200 6.300 5.900 6.000 6.300 6.300 5.900 5.900 6.100 6.200 6.100 5.900 5.900 5.900 6.300 6.100 5.900 5.900 5.900 6.400 6.200 6.000 6.000 5.900 17/07/1989
6.700 6.700 6.700 6.200 6.700 6.700 6.600 6.700 6.200 6.700 6.700 6.700 6.300 6.200 6.700 6.600 6.400 6.300 6.200 6.200 6.600 6.300 6.200 6.300 6.300 6.700 6.400 6.300 6.300 6.200 18/07/1989
7.200 7.100 7.100 6.600 6.700 7.100 7.000 7.100 6.300 6.700 7.100 7.100 6.300 6.300 6.800 6.900 6.700 6.300 6.300 6.300 7.000 6.700 6.300 6.300 6.300 7.100 6.800 6.400 6.400 6.300 19/07/1989
6.600 6.600 6.500 6.100 6.600 6.500 6.500 6.500 6.100 6.600 6.500 6.500 6.100 6.100 6.600 6.700 6.200 6.100 6.100 6.100 6.800 6.200 6.100 6.100 6.100 6.800 6.200 6.100 6.100 6.100 20/07/1989
4.400 4.400 4.300 5.100 4.100 4.300 4.200 4.300 3.900 4.100 4.300 4.300 3.900 3.800 4.200 3.700 2.900 3.900 3.800 3.800 3.700 2.900 3.900 3.900 3.900 3.800 2.900 4.000 4.000 3.800 21/07/1989
4.900 4.800 4.800 4.400 4.500 4.700 4.700 4.700 4.300 4.500 4.700 4.700 4.300 4.300 4.600 4.600 4.000 4.300 4.200 4.300 4.600 4.000 4.300 4.300 4.300 4.700 4.000 4.300 4.300 4.200 22/07/1989
4.000 4.000 4.000 3.900 3.700 4.000 4.000 4.000 4.100 3.800 4.000 4.000 4.100 4.100 3.800 4.400 4.000 4.100 4.100 4.100 4.400 4.000 4.100 4.100 4.100 4.400 4.000 4.200 4.100 4.100 23/07/1989
2.000 2.000 2.000 2.500 2.200 2.000 2.000 2.000 2.000 2.300 2.000 2.000 2.000 1.900 2.300 2.900 3.400 2.000 1.900 1.900 2.900 3.400 2.000 2.000 2.000 2.900 3.400 2.000 2.000 1.900 24/07/1989
4.600 4.500 4.500 4.200 4.100 4.500 4.400 4.500 4.200 4.100 4.500 4.500 4.200 4.200 4.200 4.400 4.400 4.200 4.100 4.100 4.400 4.300 4.200 4.300 4.300 4.500 4.400 4.400 4.300 4.100 25/07/1989
4.500 4.500 4.500 4.200 3.700 4.400 4.400 4.400 4.300 3.700 4.400 4.400 4.400 4.300 3.800 4.200 4.700 4.300 4.300 4.300 4.300 4.700 4.300 4.400 4.400 4.400 4.700 4.400 4.400 4.300 26/07/1989
5.200 5.200 5.100 5.100 4.400 5.100 5.000 5.100 4.700 4.400 5.100 5.100 4.700 4.700 4.500 5.100 5.300 4.700 4.600 4.600 5.100 5.300 4.700 4.700 4.700 5.200 5.400 4.800 4.800 4.600 27/07/1989
5.600 5.600 5.600 5.400 5.300 5.500 5.500 5.500 5.300 5.300 5.500 5.500 5.400 5.300 5.400 5.100 5.100 5.300 5.300 5.300 5.100 5.100 5.300 5.400 5.400 5.200 5.200 5.400 5.400 5.300 28/07/1989
6.000 5.900 5.900 5.700 5.900 5.900 5.800 5.900 5.700 6.000 5.900 5.900 5.700 5.700 6.000 5.800 5.700 5.700 5.600 5.600 5.900 5.700 5.700 5.700 5.700 5.900 5.700 5.800 5.800 5.600 29/07/1989
5.000 4.900 4.900 4.600 4.900 4.900 4.800 4.900 4.800 5.000 4.900 4.900 4.800 4.800 5.000 4.800 4.900 4.800 4.700 4.800 4.900 4.900 4.800 4.800 4.800 4.900 5.000 4.800 4.800 4.700 30/07/1989
3.900 3.800 3.800 3.500 3.000 3.800 3.700 3.800 2.800 3.100 3.800 3.800 2.800 2.800 3.100 3.500 3.200 2.800 2.800 2.800 3.500 3.200 2.800 2.800 2.800 3.600 3.200 2.900 2.900 2.800 31/07/1989
