# 6448 6449 6450 6451 6452 6528 6529 6530 6531 6532 6610 6611 6612 6613 6614 6693 6694 6695 6696 6697 6776 6777 6778 6779 6780 6859 6860 6861 6862 6863 Date
6.000 5.900 5.900 5.500 4.800 5.800 5.800 5.800 5.200 4.900 5.800 5.800 5.300 5.200 4.900 5.500 5.000 5.300 5.200 5.200 5.500 5.000 5.200 5.300 5.300 5.600 5.000 5.400 5.400 5.200 01/08/1996
3.800 3.800 3.800 3.300 2.200 3.800 3.800 3.800 2.700 2.200 3.800 3.800 2.700 2.700 2.200 3.900 3.300 2.700 2.700 2.700 3.900 3.300 2.700 2.700 2.700 3.900 3.300 2.800 2.800 2.700 02/08/1996
6.600 6.600 6.600 5.500 4.800 6.500 6.500 6.500 5.000 4.900 6.600 6.600 5.000 5.000 4.900 6.200 5.400 5.000 5.000 5.000 6.200 5.400 5.000 5.000 5.000 6.200 5.400 5.000 5.000 5.000 03/08/1996
6.900 6.900 7.000 4.000 3.800 7.000 7.000 7.000 4.000 3.700 7.000 7.000 4.000 4.000 3.700 6.300 6.000 4.000 4.000 4.000 6.300 6.000 4.000 4.000 4.000 6.300 5.900 4.000 4.000 4.000 04/08/1996
2.200 2.200 2.200 1.600 1.300 2.100 2.100 2.100 1.500 1.300 2.100 2.100 1.500 1.500 1.300 1.700 1.800 1.500 1.500 1.500 1.700 1.800 1.500 1.500 1.500 1.800 1.900 1.500 1.500 1.500 05/08/1996
1.600 1.600 1.600 1.200 0.800 1.500 1.500 1.500 0.800 0.800 1.500 1.600 0.800 0.800 0.800 1.200 1.000 0.800 0.800 0.800 1.200 1.000 0.800 0.900 0.900 1.200 1.000 0.900 0.900 0.800 06/08/1996
5.100 5.100 5.000 4.400 3.300 5.000 4.900 5.000 3.400 3.300 5.000 5.000 3.500 3.400 3.400 4.100 3.400 3.400 3.400 3.400 4.100 3.400 3.400 3.500 3.500 4.200 3.500 3.500 3.500 3.400 07/08/1996
6.100 6.100 6.100 4.700 4.200 6.100 6.000 6.100 4.700 4.200 6.100 6.100 4.700 4.700 4.200 5.200 5.000 4.700 4.600 4.600 5.300 4.900 4.700 4.700 4.700 5.300 5.000 4.800 4.700 4.600 08/08/1996
5.400 5.400 5.300 4.000 3.900 5.300 5.300 5.300 3.900 3.900 5.300 5.300 3.900 3.900 4.000 4.200 4.400 3.900 3.900 3.900 4.300 4.300 3.900 3.900 3.900 4.300 4.400 4.000 4.000 3.900 09/08/1996
3.000 3.000 3.000 2.500 1.700 3.000 2.900 3.000 2.300 1.700 3.000 3.000 2.300 2.300 1.800 3.200 3.200 2.300 2.300 2.300 3.200 3.200 2.300 2.300 2.300 3.300 3.200 2.400 2.300 2.300 10/08/1996
4.800 4.800 4.800 3.100 2.300 4.700 4.700 4.700 3.300 2.400 4.800 4.800 3.400 3.300 2.400 4.700 3.800 3.400 3.300 3.300 4.800 3.800 3.300 3.400 3.400 4.800 3.800 3.400 3.400 3.300 11/08/1996
4.100 4.100 4.000 3.700 3.800 4.000 4.000 4.000 3.700 3.800 4.000 4.000 3.700 3.700 3.900 3.700 3.300 3.700 3.700 3.700 3.800 3.300 3.700 3.700 3.700 3.800 3.300 3.700 3.700 3.700 12/08/1996
3.900 3.900 3.900 3.200 2.900 3.900 3.800 3.900 3.000 2.900 3.900 3.900 3.100 3.000 3.000 3.500 3.300 3.100 3.000 3.000 3.500 3.300 3.000 3.100 3.100 3.600 3.400 3.100 3.100 3.000 13/08/1996
4.000 3.900 3.900 2.900 3.400 3.900 3.800 3.900 3.500 3.400 3.900 3.900 3.500 3.400 3.500 3.700 3.700 3.500 3.400 3.400 3.700 3.700 3.500 3.500 3.500 3.800 3.800 3.600 3.500 3.400 14/08/1996
5.300 5.300 5.300 4.400 4.300 5.200 5.200 5.200 4.600 4.400 5.200 5.200 4.600 4.500 4.400 5.300 5.400 4.600 4.500 4.500 5.300 5.300 4.600 4.600 4.600 5.400 5.400 4.600 4.600 4.500 15/08/1996
5.900 5.900 5.900 5.800 5.100 5.800 5.800 5.800 5.400 5.100 5.800 5.900 5.400 5.400 5.200 5.600 5.500 5.400 5.400 5.400 5.700 5.500 5.400 5.400 5.400 5.700 5.500 5.500 5.500 5.400 16/08/1996
6.100 6.100 6.100 5.800 5.000 6.100 6.100 6.100 5.500 5.000 6.100 6.100 5.600 5.500 5.000 5.900 5.900 5.600 5.500 5.500 5.900 5.900 5.500 5.600 5.600 6.000 5.900 5.600 5.600 5.500 17/08/1996
6.200 6.200 6.200 5.700 5.700 6.200 6.200 6.200 5.700 5.700 6.200 6.200 5.700 5.700 5.800 5.900 5.700 5.700 5.700 5.700 5.900 5.700 5.700 5.700 5.700 6.000 5.700 5.700 5.700 5.700 18/08/1996
4.900 4.900 4.900 5.600 4.900 4.900 4.900 4.900 4.700 4.900 4.900 4.900 4.700 4.700 5.000 3.800 3.000 4.700 4.700 4.700 3.800 3.000 4.700 4.700 4.700 3.700 3.000 4.700 4.700 4.700 19/08/1996
1.500 1.500 1.500 0.700 0.700 1.500 1.500 1.500 0.700 0.700 1.500 1.500 0.700 0.700 0.700 1.100 1.100 0.700 0.700 0.700 1.100 1.100 0.700 0.700 0.700 1.000 1.100 0.700 0.700 0.700 20/08/1996
1.100 1.000 1.000 1.000 0.900 1.000 1.000 1.000 1.000 0.900 1.000 1.000 1.000 1.000 1.000 1.100 1.100 1.000 1.000 1.000 1.100 1.100 1.000 1.000 1.000 1.100 1.100 1.000 1.000 1.000 21/08/1996
4.000 4.000 4.000 3.000 2.900 4.000 3.900 4.000 3.100 2.900 4.000 4.000 3.100 3.100 3.000 3.500 3.200 3.100 3.000 3.000 3.500 3.200 3.100 3.100 3.100 3.500 3.300 3.200 3.100 3.000 22/08/1996
4.500 4.500 4.500 3.800 2.700 4.500 4.500 4.500 3.400 2.700 4.500 4.500 3.400 3.400 2.700 4.700 4.600 3.400 3.400 3.400 4.700 4.500 3.400 3.400 3.400 4.700 4.600 3.400 3.400 3.400 23/08/1996
3.100 3.000 3.000 1.900 2.100 3.000 2.900 3.000 2.200 2.200 3.000 3.000 2.300 2.200 2.200 3.000 2.200 2.200 2.200 2.200 3.000 2.100 2.200 2.300 2.300 3.100 2.200 2.300 2.300 2.200 24/08/1996
3.700 3.700 3.700 3.300 2.200 3.700 3.600 3.700 2.800 2.200 3.700 3.700 2.800 2.800 2.200 3.600 3.500 2.800 2.800 2.800 3.600 3.500 2.800 2.800 2.800 3.700 3.500 2.900 2.900 2.800 25/08/1996
3.100 3.100 3.100 2.800 2.000 3.100 3.100 3.100 2.000 2.100 3.100 3.100 2.000 1.900 2.100 2.100 1.300 2.000 1.900 1.900 2.100 1.300 2.000 2.000 2.000 2.100 1.300 2.000 2.000 1.900 26/08/1996
4.100 4.100 4.100 3.200 3.100 4.100 4.100 4.100 3.500 3.100 4.100 4.100 3.500 3.500 3.200 3.900 3.700 3.500 3.500 3.500 3.900 3.700 3.500 3.500 3.500 3.900 3.700 3.600 3.600 3.500 27/08/1996
3.600 3.600 3.500 2.900 2.900 3.500 3.500 3.500 2.900 3.000 3.500 3.500 2.900 2.800 3.000 3.300 3.000 2.900 2.800 2.800 3.300 3.000 2.900 2.900 2.900 3.300 3.000 2.900 2.900 2.800 28/08/1996
3.000 3.000 3.000 3.000 3.000 3.000 3.000 3.000 3.000 3.000 3.000 3.000 3.000 3.000 3.100 2.800 2.800 3.000 2.900 2.900 2.800 2.800 3.000 3.000 3.000 2.900 2.800 3.000 3.000 2.900 29/08/1996
3.700 3.600 3.600 3.400 3.100 3.600 3.500 3.600 3.100 3.200 3.600 3.600 3.100 3.100 3.200 3.100 2.900 3.100 3.100 3.100 3.100 2.800 3.100 3.100 3.100 3.200 2.900 3.200 3.100 3.100 30/08/1996
3.700 3.700 3.700 3.200 3.000 3.700 3.700 3.700 3.300 3.000 3.700 3.700 3.400 3.300 3.100 3.600 3.700 3.400 3.300 3.300 3.600 3.700 3.300 3.400 3.400 3.600 3.700 3.400 3.400 3.300 31/08/1996
4.400 4.400 4.300 3.300 3.000 4.300 4.300 4.300 3.400 3.000 4.300 4.300 3.400 3.400 3.100 4.300 4.200 3.400 3.400 3.400 4.300 4.200 3.400 3.400 3.400 4.300 4.200 3.400 3.400 3.400 01/09/1996
4.800 4.800 4.800 3.800 3.600 4.800 4.700 4.800 4.000 3.700 4.800 4.800 4.000 4.000 3.700 4.300 4.200 4.000 3.900 4.000 4.400 4.200 4.000 4.000 4.000 4.400 4.200 4.100 4.100 3.900 02/09/1996
4.000 4.000 4.000 3.300 3.400 3.900 3.900 3.900 3.600 3.500 4.000 4.000 3.600 3.600 3.600 3.600 3.700 3.600 3.500 3.600 3.700 3.700 3.600 3.600 3.600 3.700 3.700 3.700 3.700 3.500 03/09/1996
3.700 3.700 3.700 3.800 3.600 3.600 3.600 3.600 3.900 3.700 3.700 3.700 3.900 3.900 3.700 3.700 3.700 3.900 3.800 3.800 3.800 3.700 3.900 3.900 3.900 3.900 3.700 4.000 4.000 3.800 04/09/1996
4.300 4.300 4.200 3.400 3.100 4.200 4.200 4.200 3.200 3.100 4.200 4.200 3.200 3.200 3.100 3.600 3.400 3.200 3.200 3.200 3.600 3.400 3.200 3.200 3.200 3.700 3.500 3.300 3.300 3.200 05/09/1996
4.700 4.600 4.600 4.100 3.700 4.600 4.600 4.600 4.100 3.800 4.600 4.600 4.100 4.100 3.800 4.300 4.300 4.100 4.000 4.000 4.400 4.300 4.100 4.100 4.100 4.400 4.400 4.200 4.200 4.000 06/09/1996
4.800 4.800 4.800 4.400 4.600 4.800 4.800 4.800 4.600 4.600 4.800 4.800 4.600 4.600 4.600 4.900 4.800 4.600 4.600 4.600 4.900 4.800 4.600 4.600 4.600 4.900 4.800 4.600 4.600 4.600 07/09/1996
5.000 5.000 5.000 3.500 3.900 4.900 4.900 4.900 3.900 3.900 4.900 5.000 3.900 3.900 3.900 4.800 4.500 3.900 3.900 3.900 4.800 4.500 3.900 3.900 3.900 4.800 4.500 3.900 3.900 3.900 08/09/1996
5.100 5.100 5.100 4.000 4.000 5.100 5.100 5.100 4.100 4.000 5.100 5.100 4.100 4.100 4.100 4.900 4.500 4.100 4.100 4.100 4.900 4.500 4.100 4.200 4.200 4.900 4.500 4.200 4.200 4.100 09/09/1996
4.700 4.600 4.600 3.800 3.800 4.600 4.600 4.600 3.900 3.800 4.600 4.600 3.900 3.900 3.800 4.300 3.900 3.900 3.900 3.900 4.300 3.900 3.900 3.900 3.900 4.300 3.900 3.900 3.900 3.900 10/09/1996
4.300 4.300 4.300 3.600 3.400 4.300 4.200 4.300 3.400 3.400 4.300 4.300 3.400 3.400 3.500 3.800 3.500 3.400 3.400 3.400 3.900 3.500 3.400 3.400 3.400 3.900 3.500 3.500 3.500 3.400 11/09/1996
4.100 4.100 4.000 3.500 3.500 4.000 3.900 4.000 3.400 3.500 4.000 4.000 3.400 3.400 3.500 3.700 3.500 3.400 3.400 3.400 3.700 3.500 3.400 3.400 3.400 3.800 3.500 3.500 3.500 3.400 12/09/1996
3.800 3.800 3.800 3.300 2.800 3.800 3.800 3.800 2.900 2.800 3.800 3.800 2.900 2.800 2.900 3.200 3.000 2.900 2.800 2.800 3.200 3.000 2.900 2.900 2.900 3.200 3.100 2.900 2.900 2.800 13/09/1996
3.800 3.800 3.800 2.900 2.900 3.800 3.700 3.800 2.900 2.900 3.800 3.800 2.900 2.900 2.900 3.600 3.500 2.900 2.800 2.800 3.600 3.500 2.900 2.900 2.900 3.600 3.500 2.900 2.900 2.800 14/09/1996
4.200 4.100 4.100 3.700 3.800 4.100 4.000 4.100 3.700 3.800 4.100 4.100 3.700 3.700 3.900 3.800 3.700 3.700 3.700 3.700 3.800 3.700 3.700 3.700 3.700 3.900 3.800 3.800 3.800 3.700 15/09/1996
4.200 4.200 4.200 3.900 3.700 4.100 4.100 4.100 3.700 3.700 4.100 4.100 3.700 3.700 3.700 3.800 3.800 3.700 3.700 3.700 3.800 3.800 3.700 3.700 3.700 3.900 3.800 3.800 3.800 3.700 16/09/1996
2.600 2.600 2.600 2.500 2.000 2.600 2.600 2.600 1.900 2.000 2.600 2.600 1.900 1.900 2.000 1.900 1.700 1.900 1.900 1.900 1.900 1.700 1.900 1.900 1.900 1.900 1.700 1.900 1.900 1.900 17/09/1996
2.700 2.600 2.600 1.800 2.000 2.600 2.500 2.600 2.000 2.000 2.600 2.600 2.000 2.000 2.000 2.500 2.200 2.000 1.900 2.000 2.600 2.200 2.000 2.000 2.000 2.600 2.200 2.000 2.000 1.900 18/09/1996
0.600 0.600 0.500 0.400 0.700 0.500 0.500 0.500 0.600 0.700 0.500 0.500 0.600 0.600 0.700 0.600 0.900 0.600 0.600 0.600 0.600 0.900 0.600 0.600 0.600 0.600 1.000 0.600 0.600 0.600 19/09/1996
2.900 2.800 2.800 2.400 1.700 2.800 2.700 2.800 1.900 1.800 2.800 2.800 1.900 1.800 1.800 2.100 1.400 1.900 1.800 1.800 2.100 1.400 1.900 1.900 1.900 2.200 1.400 1.900 1.900 1.800 20/09/1996
1.300 1.300 1.300 1.200 0.500 1.300 1.300 1.300 0.600 0.500 1.300 1.300 0.600 0.600 0.500 1.000 1.000 0.600 0.600 0.600 1.000 1.000 0.600 0.600 0.600 1.000 1.000 0.600 0.600 0.600 21/09/1996
2.600 2.600 2.500 1.700 1.600 2.500 2.400 2.500 2.000 1.600 2.500 2.500 2.000 2.000 1.600 2.600 2.600 2.000 2.000 2.000 2.600 2.600 2.000 2.000 2.000 2.700 2.700 2.100 2.100 2.000 22/09/1996
2.800 2.800 2.800 2.300 2.100 2.700 2.700 2.700 2.300 2.100 2.700 2.700 2.300 2.200 2.100 2.400 2.500 2.300 2.200 2.200 2.500 2.500 2.300 2.300 2.300 2.500 2.500 2.400 2.400 2.200 23/09/1996
2.700 2.700 2.700 2.100 2.200 2.600 2.600 2.600 2.200 2.200 2.600 2.600 2.200 2.200 2.200 2.300 2.200 2.200 2.200 2.200 2.300 2.200 2.200 2.200 2.200 2.300 2.200 2.300 2.300 2.200 24/09/1996
2.400 2.300 2.300 1.400 1.100 2.300 2.200 2.300 1.000 1.100 2.300 2.300 1.000 1.000 1.100 1.300 1.000 1.000 0.900 1.000 1.400 1.000 1.000 1.000 1.000 1.500 1.000 1.000 1.000 1.000 25/09/1996
2.400 2.400 2.400 1.500 1.900 2.300 2.300 2.300 2.100 1.900 2.400 2.400 2.100 2.100 2.000 2.400 2.300 2.100 2.100 2.100 2.400 2.300 2.100 2.100 2.100 2.400 2.300 2.200 2.200 2.100 26/09/1996
2.300 2.300 2.300 1.600 1.200 2.200 2.100 2.200 1.300 1.300 2.200 2.200 1.300 1.300 1.300 1.800 1.300 1.300 1.300 1.300 1.800 1.300 1.300 1.300 1.300 1.900 1.300 1.400 1.300 1.300 27/09/1996
2.900 2.800 2.800 2.500 2.100 2.700 2.700 2.700 2.400 2.100 2.800 2.800 2.400 2.400 2.200 2.700 2.800 2.400 2.400 2.400 2.800 2.800 2.400 2.500 2.500 2.900 2.900 2.500 2.500 2.400 28/09/1996
3.300 3.300 3.200 2.500 2.400 3.200 3.200 3.200 2.500 2.400 3.200 3.200 2.500 2.500 2.500 3.000 2.900 2.500 2.500 2.500 3.000 2.900 2.500 2.500 2.500 3.000 2.900 2.600 2.600 2.500 29/09/1996
3.200 3.200 3.100 3.100 2.800 3.100 3.000 3.100 2.800 2.800 3.100 3.100 2.800 2.800 2.800 2.900 2.800 2.800 2.800 2.800 3.000 2.800 2.800 2.800 2.800 3.000 2.900 2.900 2.900 2.800 30/09/1996
0.800 0.800 0.800 0.500 0.500 0.800 0.700 0.800 0.500 0.500 0.800 0.800 0.500 0.500 0.500 0.900 0.900 0.500 0.500 0.500 0.900 0.900 0.500 0.500 0.500 0.900 0.900 0.600 0.600 0.500 01/10/1996
2.000 2.000 2.000 1.400 0.900 1.900 1.900 1.900 1.200 0.900 1.900 1.900 1.200 1.200 1.000 2.100 1.800 1.200 1.200 1.200 2.100 1.800 1.200 1.200 1.200 2.100 1.800 1.300 1.200 1.200 02/10/1996
2.600 2.600 2.600 2.000 1.900 2.600 2.500 2.600 2.100 1.900 2.600 2.600 2.100 2.000 1.900 2.300 2.400 2.100 2.000 2.000 2.400 2.400 2.100 2.100 2.100 2.400 2.400 2.100 2.100 2.000 03/10/1996
1.800 1.800 1.800 1.100 0.900 1.800 1.800 1.800 1.000 0.900 1.800 1.800 1.000 1.000 0.900 1.400 1.400 1.000 1.000 1.000 1.500 1.400 1.000 1.000 1.000 1.500 1.500 1.000 1.000 1.000 04/10/1996
2.600 2.500 2.500 1.800 1.600 2.500 2.500 2.500 1.900 1.700 2.500 2.500 1.900 1.900 1.700 2.500 2.500 1.900 1.900 1.900 2.500 2.500 1.900 2.000 2.000 2.600 2.500 2.000 2.000 1.900 05/10/1996
2.200 2.200 2.100 1.900 1.500 2.100 2.100 2.100 1.800 1.600 2.100 2.100 1.800 1.700 1.600 2.100 1.900 1.800 1.700 1.700 2.200 1.900 1.800 1.800 1.800 2.200 2.000 1.800 1.800 1.700 06/10/1996
2.400 2.300 2.300 2.000 1.400 2.300 2.200 2.300 1.700 1.500 2.300 2.300 1.800 1.700 1.500 2.400 2.300 1.700 1.700 1.700 2.400 2.300 1.700 1.800 1.800 2.500 2.300 1.800 1.800 1.700 07/10/1996
1.100 1.000 1.000 1.900 1.700 1.000 0.900 1.000 1.700 1.700 1.000 1.000 1.700 1.700 1.800 1.200 1.500 1.700 1.600 1.600 1.300 1.500 1.700 1.700 1.700 1.400 1.600 1.800 1.800 1.600 08/10/1996
2.100 2.100 2.000 1.500 0.700 2.000 2.000 2.000 1.300 0.700 2.000 2.000 1.300 1.200 0.800 2.100 2.000 1.300 1.200 1.200 2.100 2.000 1.300 1.300 1.300 2.200 2.000 1.300 1.300 1.200 09/10/1996
2.700 2.700 2.600 2.100 1.800 2.600 2.500 2.600 1.900 1.800 2.600 2.600 1.900 1.900 1.900 2.200 2.000 1.900 1.900 1.900 2.200 2.000 1.900 2.000 2.000 2.300 2.000 2.000 2.000 1.900 10/10/1996
2.300 2.300 2.300 1.900 1.900 2.300 2.200 2.300 1.900 1.900 2.300 2.300 2.000 1.900 2.000 2.000 2.000 1.900 1.900 1.900 2.100 2.000 1.900 2.000 2.000 2.100 2.000 2.000 2.000 1.900 11/10/1996
2.800 2.800 2.800 2.300 2.000 2.800 2.700 2.800 2.200 2.100 2.800 2.800 2.200 2.200 2.100 2.600 2.400 2.200 2.200 2.200 2.600 2.400 2.200 2.200 2.200 2.600 2.400 2.300 2.200 2.200 12/10/1996
3.800 3.800 3.700 3.100 2.400 3.700 3.700 3.700 2.200 2.400 3.700 3.700 2.200 2.200 2.500 3.000 2.600 2.200 2.100 2.100 3.000 2.600 2.200 2.200 2.200 3.100 2.600 2.300 2.300 2.100 13/10/1996
1.300 1.300 1.300 1.100 1.000 1.300 1.200 1.300 1.000 1.000 1.300 1.300 1.100 1.000 1.100 1.100 0.800 1.000 1.000 1.000 1.200 0.800 1.000 1.100 1.100 1.200 0.900 1.100 1.100 1.000 14/10/1996
2.500 2.400 2.400 1.800 1.400 2.400 2.400 2.400 1.600 1.500 2.400 2.400 1.700 1.600 1.500 2.300 2.000 1.700 1.600 1.600 2.300 2.000 1.600 1.700 1.700 2.400 2.100 1.700 1.700 1.600 15/10/1996
2.000 2.000 2.000 1.400 1.200 2.000 2.000 2.000 1.500 1.200 2.000 2.000 1.500 1.500 1.300 1.700 1.900 1.500 1.500 1.500 1.800 1.900 1.500 1.500 1.500 1.800 1.900 1.600 1.600 1.500 16/10/1996
2.100 2.100 2.100 1.700 1.400 2.000 2.000 2.000 1.700 1.500 2.000 2.000 1.700 1.700 1.500 2.100 2.100 1.700 1.700 1.700 2.200 2.100 1.700 1.800 1.800 2.300 2.200 1.800 1.800 1.700 17/10/1996
0.900 0.800 0.800 0.500 0.500 0.800 0.800 0.800 0.500 0.500 0.800 0.800 0.500 0.500 0.500 0.900 0.700 0.500 0.500 0.500 0.900 0.700 0.500 0.500 0.500 0.900 0.700 0.500 0.500 0.500 18/10/1996
2.500 2.500 2.500 1.600 1.300 2.400 2.400 2.400 1.600 1.300 2.400 2.500 1.600 1.600 1.300 2.600 2.500 1.600 1.500 1.600 2.700 2.500 1.600 1.600 1.600 2.800 2.600 1.700 1.700 1.600 19/10/1996
2.300 2.300 2.300 1.100 1.000 2.300 2.300 2.300 1.300 1.000 2.300 2.300 1.300 1.200 1.000 2.100 2.100 1.300 1.200 1.200 2.200 2.100 1.300 1.300 1.300 2.200 2.100 1.300 1.300 1.200 20/10/1996
1.200 1.200 1.200 0.700 0.700 1.200 1.100 1.200 0.700 0.700 1.200 1.200 0.700 0.700 0.700 1.400 1.600 0.700 0.600 0.700 1.400 1.600 0.700 0.700 0.700 1.500 1.600 0.700 0.700 0.600 21/10/1996
1.700 1.700 1.600 1.600 2.200 1.600 1.600 1.600 2.000 2.300 1.600 1.600 2.000 2.000 2.300 2.200 2.400 2.000 2.000 2.000 2.300 2.400 2.000 2.100 2.100 2.400 2.400 2.100 2.100 2.000 22/10/1996
2.900 2.900 2.900 2.700 3.200 2.900 3.000 2.900 2.700 3.200 2.900 2.900 2.700 2.700 3.200 2.300 2.500 2.700 2.700 2.700 2.400 2.500 2.700 2.700 2.700 2.400 2.500 2.800 2.800 2.700 23/10/1996
3.000 3.000 3.000 2.500 2.200 3.000 3.100 3.000 2.100 2.200 3.000 3.000 2.200 2.100 2.200 2.400 2.200 2.200 2.100 2.100 2.400 2.200 2.100 2.200 2.200 2.400 2.300 2.200 2.200 2.100 24/10/1996
1.600 1.500 1.500 1.500 1.100 1.500 1.500 1.500 1.300 1.100 1.500 1.500 1.300 1.200 1.200 1.300 1.300 1.300 1.200 1.200 1.400 1.300 1.300 1.300 1.300 1.400 1.400 1.400 1.300 1.200 25/10/1996
1.600 1.600 1.500 1.100 0.900 1.500 1.500 1.500 1.100 0.900 1.500 1.500 1.100 1.100 0.900 1.400 1.200 1.100 1.100 1.100 1.500 1.200 1.100 1.200 1.200 1.500 1.200 1.200 1.200 1.100 26/10/1996
2.400 2.400 2.300 1.400 0.900 2.300 2.300 2.300 1.300 0.900 2.300 2.300 1.300 1.200 1.000 2.100 2.100 1.300 1.200 1.200 2.100 2.100 1.300 1.300 1.300 2.200 2.100 1.300 1.300 1.200 27/10/1996
0.600 0.600 0.600 0.500 0.900 0.600 0.600 0.600 0.600 0.900 0.600 0.600 0.700 0.600 0.900 0.600 0.900 0.700 0.600 0.600 0.600 0.900 0.600 0.700 0.700 0.600 0.900 0.700 0.700 0.600 28/10/1996
1.800 1.800 1.800 1.500 1.000 1.800 1.700 1.800 1.300 1.000 1.800 1.800 1.300 1.300 1.100 1.600 1.500 1.300 1.300 1.300 1.700 1.500 1.300 1.300 1.300 1.700 1.500 1.300 1.300 1.300 29/10/1996
1.700 1.700 1.700 1.100 1.100 1.600 1.600 1.600 1.200 1.100 1.600 1.600 1.200 1.200 1.100 1.500 1.500 1.200 1.200 1.200 1.600 1.500 1.200 1.200 1.200 1.700 1.500 1.300 1.300 1.200 30/10/1996
1.400 1.400 1.400 1.100 0.900 1.400 1.400 1.400 1.100 1.000 1.400 1.400 1.200 1.100 1.000 1.200 1.200 1.200 1.100 1.100 1.200 1.200 1.100 1.200 1.200 1.200 1.300 1.200 1.200 1.100 31/10/1996
1.300 1.300 1.200 1.000 0.800 1.200 1.100 1.200 1.000 0.800 1.200 1.200 1.000 1.000 0.800 1.600 1.200 1.000 0.900 0.900 1.600 1.200 1.000 1.000 1.000 1.700 1.200 1.000 1.000 0.900 01/11/1996
1.500 1.500 1.500 1.000 0.700 1.400 1.400 1.400 1.100 0.700 1.400 1.400 1.100 1.100 0.800 1.700 1.700 1.100 1.000 1.000 1.800 1.700 1.100 1.100 1.100 1.900 1.700 1.200 1.200 1.000 02/11/1996
1.600 1.600 1.600 1.400 0.700 1.600 1.500 1.600 1.300 0.700 1.600 1.600 1.300 1.300 0.800 1.400 1.600 1.300 1.200 1.300 1.500 1.500 1.300 1.300 1.300 1.500 1.600 1.400 1.400 1.200 03/11/1996
1.300 1.300 1.300 0.900 0.700 1.200 1.200 1.200 0.800 0.700 1.200 1.300 0.800 0.800 0.700 1.000 0.900 0.800 0.800 0.800 1.000 0.900 0.800 0.800 0.800 1.000 0.900 0.900 0.900 0.800 04/11/1996
1.900 1.800 1.800 1.500 1.000 1.800 1.800 1.800 1.300 1.100 1.800 1.800 1.300 1.200 1.100 1.400 1.400 1.300 1.200 1.200 1.500 1.300 1.300 1.300 1.300 1.500 1.400 1.300 1.300 1.200 05/11/1996
0.600 0.600 0.600 0.400 0.400 0.600 0.600 0.600 0.300 0.400 0.600 0.600 0.400 0.300 0.400 0.600 0.500 0.400 0.300 0.300 0.600 0.500 0.300 0.400 0.400 0.700 0.600 0.400 0.400 0.300 06/11/1996
0.700 0.700 0.700 0.400 0.700 0.700 0.600 0.700 0.600 0.700 0.700 0.700 0.600 0.600 0.700 0.600 0.600 0.600 0.600 0.600 0.600 0.600 0.600 0.600 0.600 0.600 0.700 0.600 0.600 0.600 07/11/1996
1.200 1.100 1.100 0.800 0.200 1.100 1.000 1.100 0.400 0.300 1.100 1.100 0.400 0.400 0.300 0.800 0.500 0.400 0.400 0.400 0.900 0.500 0.400 0.400 0.500 0.900 0.500 0.500 0.500 0.400 08/11/1996
0.700 0.600 0.600 0.700 0.800 0.600 0.500 0.600 0.700 0.900 0.600 0.600 0.700 0.700 0.900 0.600 0.500 0.700 0.700 0.700 0.600 0.500 0.700 0.800 0.800 0.600 0.600 0.800 0.800 0.700 09/11/1996
0.800 0.800 0.700 0.300 0.300 0.700 0.700 0.700 0.300 0.300 0.700 0.700 0.300 0.300 0.300 0.400 0.500 0.300 0.300 0.300 0.400 0.500 0.300 0.300 0.300 0.500 0.500 0.300 0.300 0.300 10/11/1996
0.800 0.800 0.800 0.400 0.200 0.800 0.700 0.800 0.300 0.200 0.800 0.800 0.300 0.300 0.200 0.700 0.600 0.300 0.300 0.300 0.700 0.600 0.300 0.300 0.300 0.800 0.600 0.400 0.300 0.300 11/11/1996
0.500 0.500 0.500 0.200 0.100 0.400 0.400 0.400 0.200 0.100 0.500 0.500 0.200 0.200 0.100 0.500 0.400 0.200 0.200 0.200 0.500 0.400 0.200 0.200 0.200 0.500 0.400 0.200 0.200 0.200 12/11/1996
0.900 0.900 0.900 0.500 0.700 0.800 0.800 0.800 0.800 0.700 0.800 0.900 0.800 0.800 0.800 0.700 0.600 0.800 0.800 0.800 0.700 0.600 0.800 0.800 0.800 0.800 0.600 0.900 0.900 0.800 13/11/1996
1.400 1.400 1.400 1.200 1.300 1.300 1.300 1.300 1.100 1.300 1.300 1.300 1.100 1.100 1.400 1.200 1.400 1.100 1.100 1.100 1.200 1.400 1.100 1.100 1.100 1.300 1.400 1.200 1.200 1.100 14/11/1996
0.900 0.900 0.900 0.700 0.700 0.900 0.900 0.900 0.700 0.700 0.900 0.900 0.700 0.700 0.700 0.900 0.900 0.700 0.700 0.700 1.000 0.900 0.700 0.700 0.700 1.000 0.900 0.800 0.800 0.700 15/11/1996
0.900 0.900 0.900 0.500 0.700 0.900 0.900 0.900 0.700 0.700 0.900 0.900 0.700 0.700 0.800 0.600 0.500 0.700 0.700 0.700 0.600 0.500 0.700 0.700 0.700 0.700 0.500 0.700 0.700 0.700 16/11/1996
0.500 0.500 0.500 0.300 0.200 0.400 0.400 0.400 0.100 0.200 0.400 0.400 0.100 0.100 0.200 0.400 0.200 0.100 0.100 0.100 0.300 0.200 0.100 0.100 0.100 0.300 0.200 0.100 0.100 0.100 17/11/1996
1.300 1.300 1.300 0.800 0.800 1.200 1.200 1.200 0.900 0.900 1.200 1.200 0.900 0.900 0.900 1.100 1.100 0.900 0.900 0.900 1.200 1.100 0.900 0.900 0.900 1.300 1.100 0.900 0.900 0.900 18/11/1996
0.100 0.100 0.100 0.100 0.100 0.100 0.100 0.100 0.100 0.100 0.100 0.100 0.100 0.100 0.100 0.100 0.100 0.100 0.100 0.100 0.000 0.100 0.100 0.100 0.100 0.100 0.100 0.100 0.100 0.100 19/11/1996
1.100 1.100 1.100 0.900 0.600 1.100 1.100 1.100 0.600 0.600 1.100 1.100 0.600 0.600 0.600 1.100 0.800 0.600 0.600 0.600 1.100 0.800 0.600 0.600 0.600 1.200 0.800 0.600 0.600 0.600 20/11/1996
0.500 0.500 0.500 0.300 0.200 0.500 0.500 0.500 0.200 0.200 0.500 0.500 0.200 0.200 0.200 0.500 0.500 0.200 0.200 0.200 0.500 0.500 0.200 0.200 0.200 0.500 0.500 0.200 0.200 0.200 21/11/1996
1.000 1.000 0.900 0.900 1.000 0.900 0.900 0.900 0.800 1.000 0.900 0.900 0.900 0.800 1.000 0.800 0.900 0.800 0.800 0.800 0.900 0.800 0.800 0.900 0.900 0.900 0.900 0.900 0.900 0.800 22/11/1996
1.100 1.100 1.000 0.800 0.400 1.000 1.000 1.000 0.800 0.400 1.000 1.000 0.800 0.700 0.400 1.100 1.100 0.800 0.700 0.700 1.200 1.000 0.800 0.800 0.800 1.200 1.100 0.800 0.800 0.700 23/11/1996
1.000 1.000 1.000 0.600 0.400 0.900 0.900 0.900 0.500 0.400 0.900 1.000 0.500 0.500 0.400 0.900 0.700 0.500 0.500 0.500 0.900 0.700 0.500 0.500 0.500 0.900 0.700 0.500 0.500 0.500 24/11/1996
0.400 0.400 0.400 0.200 0.100 0.400 0.400 0.400 0.200 0.100 0.400 0.400 0.200 0.200 0.100 0.300 0.300 0.200 0.200 0.200 0.400 0.300 0.200 0.200 0.200 0.400 0.300 0.200 0.200 0.200 25/11/1996
1.100 1.100 1.000 0.600 0.700 1.000 1.000 1.000 0.700 0.700 1.000 1.000 0.700 0.700 0.700 0.800 0.700 0.700 0.700 0.700 0.900 0.700 0.700 0.700 0.700 0.900 0.700 0.700 0.700 0.700 26/11/1996
0.800 0.800 0.800 0.500 0.300 0.800 0.800 0.800 0.400 0.300 0.800 0.800 0.400 0.300 0.400 0.900 0.900 0.400 0.300 0.300 0.900 0.900 0.400 0.400 0.400 0.900 0.900 0.400 0.400 0.300 27/11/1996
0.900 0.800 0.800 0.800 0.700 0.800 0.700 0.800 0.700 0.700 0.800 0.800 0.700 0.600 0.700 0.700 0.700 0.700 0.600 0.600 0.800 0.700 0.700 0.700 0.700 0.800 0.800 0.700 0.700 0.600 28/11/1996
0.300 0.300 0.300 0.200 0.200 0.300 0.300 0.300 0.200 0.200 0.300 0.300 0.200 0.200 0.200 0.300 0.300 0.200 0.200 0.200 0.300 0.300 0.200 0.200 0.200 0.300 0.300 0.200 0.200 0.200 29/11/1996
0.800 0.800 0.800 0.200 0.300 0.800 0.700 0.800 0.400 0.300 0.800 0.800 0.400 0.400 0.300 0.900 0.600 0.400 0.400 0.400 0.900 0.600 0.400 0.400 0.400 1.000 0.700 0.500 0.400 0.400 30/11/1996
0.300 0.300 0.300 0.300 0.300 0.300 0.300 0.300 0.400 0.300 0.300 0.300 0.400 0.400 0.300 0.300 0.400 0.400 0.300 0.400 0.400 0.400 0.400 0.400 0.400 0.400 0.400 0.400 0.400 0.300 01/12/1996
1.000 1.000 0.900 0.300 0.300 0.900 0.900 0.900 0.400 0.400 0.900 0.900 0.400 0.300 0.400 0.900 0.700 0.400 0.300 0.300 0.900 0.700 0.300 0.400 0.400 1.000 0.800 0.400 0.400 0.300 02/12/1996
1.100 1.100 1.100 0.900 0.700 1.100 1.000 1.100 0.700 0.700 1.100 1.100 0.700 0.700 0.700 0.900 0.900 0.700 0.700 0.700 0.900 0.900 0.700 0.700 0.700 1.000 1.000 0.800 0.700 0.700 03/12/1996
0.400 0.400 0.400 0.300 0.300 0.400 0.400 0.400 0.300 0.300 0.400 0.400 0.300 0.300 0.300 0.300 0.300 0.300 0.300 0.300 0.300 0.300 0.300 0.300 0.300 0.300 0.300 0.300 0.300 0.300 04/12/1996
0.400 0.400 0.400 0.200 0.300 0.400 0.400 0.400 0.300 0.300 0.400 0.400 0.300 0.300 0.300 0.600 0.700 0.300 0.300 0.300 0.600 0.700 0.300 0.300 0.300 0.600 0.700 0.300 0.300 0.300 05/12/1996
0.900 0.900 0.900 0.400 0.800 0.800 0.800 0.800 0.700 0.800 0.800 0.900 0.700 0.700 0.800 0.800 0.700 0.700 0.700 0.700 0.800 0.700 0.700 0.700 0.700 0.900 0.700 0.700 0.700 0.700 06/12/1996
1.100 1.000 1.000 0.800 1.100 1.000 1.000 1.000 0.900 1.200 1.000 1.000 0.900 0.900 1.200 0.600 0.400 0.900 0.900 0.900 0.600 0.400 0.900 0.900 0.900 0.600 0.400 0.900 0.900 0.900 07/12/1996
1.300 1.300 1.300 1.000 1.200 1.200 1.200 1.200 1.000 1.100 1.200 1.200 1.100 1.000 1.100 1.000 0.800 1.000 1.000 1.000 1.100 0.800 1.000 1.100 1.100 1.100 0.900 1.100 1.100 1.000 08/12/1996
0.500 0.500 0.500 0.500 0.300 0.500 0.500 0.500 0.500 0.300 0.500 0.500 0.500 0.500 0.300 0.400 0.400 0.500 0.500 0.500 0.400 0.400 0.500 0.500 0.500 0.400 0.500 0.500 0.500 0.500 09/12/1996
0.900 0.900 0.800 0.600 0.500 0.800 0.700 0.800 0.600 0.600 0.800 0.800 0.600 0.500 0.600 0.700 0.700 0.600 0.500 0.500 0.700 0.700 0.600 0.600 0.600 0.800 0.700 0.700 0.700 0.500 10/12/1996
0.900 0.800 0.800 0.600 1.100 0.800 0.700 0.800 0.900 1.100 0.800 0.800 1.000 0.900 1.100 0.900 0.900 1.000 0.900 0.900 0.900 0.900 0.900 1.000 1.000 0.900 1.000 1.000 1.000 0.900 11/12/1996
0.600 0.600 0.600 0.700 0.600 0.600 0.600 0.600 0.700 0.600 0.600 0.600 0.800 0.700 0.700 0.800 0.800 0.800 0.700 0.700 0.900 0.800 0.700 0.800 0.800 0.900 0.900 0.800 0.800 0.700 12/12/1996
1.100 1.000 1.000 1.000 0.400 1.000 0.900 1.000 0.600 0.400 1.000 1.000 0.600 0.600 0.500 0.800 0.700 0.600 0.500 0.500 0.800 0.700 0.600 0.600 0.600 0.900 0.700 0.600 0.600 0.500 13/12/1996
0.400 0.400 0.400 0.200 0.300 0.400 0.300 0.400 0.300 0.300 0.400 0.400 0.300 0.300 0.300 0.300 0.300 0.300 0.300 0.300 0.300 0.300 0.300 0.300 0.300 0.300 0.400 0.400 0.400 0.300 14/12/1996
0.600 0.600 0.600 0.500 0.800 0.600 0.500 0.600 0.600 0.800 0.600 0.600 0.600 0.600 0.800 0.500 0.600 0.600 0.600 0.600 0.500 0.600 0.600 0.700 0.700 0.500 0.600 0.700 0.700 0.600 15/12/1996
0.600 0.600 0.600 0.700 0.700 0.600 0.600 0.600 0.500 0.700 0.600 0.600 0.600 0.500 0.700 0.600 0.600 0.500 0.500 0.500 0.600 0.600 0.500 0.600 0.600 0.600 0.700 0.600 0.600 0.500 16/12/1996
1.000 1.000 1.000 0.800 1.000 1.000 1.000 1.000 0.900 1.000 1.000 1.000 0.900 0.900 1.000 0.700 0.700 0.900 0.900 0.900 0.700 0.700 0.900 0.900 0.900 0.700 0.800 0.800 0.900 0.900 17/12/1996
1.100 1.100 1.000 1.300 1.000 1.000 1.000 1.000 1.000 1.000 1.000 1.000 1.000 1.000 1.000 0.600 0.600 1.000 1.000 1.000 0.700 0.600 1.000 1.000 1.000 0.700 0.600 1.000 1.000 1.000 18/12/1996
0.700 0.600 0.600 0.300 0.300 0.600 0.600 0.600 0.500 0.300 0.600 0.600 0.500 0.400 0.400 0.700 0.700 0.500 0.400 0.400 0.800 0.700 0.500 0.500 0.500 0.800 0.700 0.500 0.500 0.400 19/12/1996
1.000 1.000 1.000 0.700 0.500 1.000 0.900 1.000 0.800 0.500 1.000 1.000 0.800 0.700 0.600 0.600 0.600 0.800 0.700 0.700 0.600 0.600 0.800 0.800 0.800 0.700 0.600 0.900 0.900 0.700 20/12/1996
0.600 0.600 0.600 0.300 0.500 0.500 0.500 0.500 0.500 0.500 0.500 0.500 0.500 0.500 0.500 0.500 0.400 0.500 0.500 0.500 0.500 0.400 0.500 0.500 0.500 0.500 0.500 0.400 0.500 0.500 21/12/1996
0.500 0.400 0.400 0.200 0.500 0.400 0.300 0.400 0.300 0.500 0.400 0.400 0.300 0.300 0.500 0.300 0.400 0.300 0.300 0.300 0.400 0.400 0.300 0.300 0.300 0.400 0.400 0.300 0.300 0.300 22/12/1996
0.500 0.500 0.500 0.500 0.300 0.500 0.400 0.500 0.400 0.300 0.500 0.500 0.400 0.400 0.300 0.500 0.500 0.400 0.300 0.300 0.600 0.500 0.400 0.400 0.400 0.600 0.500 0.400 0.400 0.300 23/12/1996
0.400 0.400 0.400 0.200 0.200 0.400 0.300 0.400 0.300 0.200 0.400 0.400 0.400 0.300 0.200 0.500 0.500 0.400 0.300 0.300 0.500 0.500 0.300 0.400 0.400 0.500 0.500 0.400 0.400 0.300 24/12/1996
0.200 0.100 0.100 0.100 0.300 0.100 0.100 0.100 0.100 0.300 0.100 0.100 0.100 0.100 0.300 0.100 0.100 0.100 0.100 0.100 0.100 0.100 0.100 0.100 0.100 0.200 0.200 0.200 0.200 0.100 25/12/1996
0.700 0.700 0.700 0.300 0.500 0.700 0.600 0.700 0.700 0.600 0.700 0.700 0.700 0.700 0.600 0.800 0.800 0.700 0.700 0.700 0.800 0.800 0.700 0.700 0.700 0.800 0.800 0.700 0.700 0.700 26/12/1996
0.600 0.600 0.600 0.500 0.600 0.700 0.700 0.700 0.600 0.600 0.700 0.700 0.700 0.600 0.700 0.600 0.600 0.700 0.600 0.600 0.600 0.600 0.600 0.700 0.700 0.500 0.600 0.700 0.700 0.600 27/12/1996
0.800 0.800 0.800 0.800 0.800 0.800 0.800 0.800 0.800 0.800 0.800 0.800 0.800 0.800 0.800 0.800 0.900 0.800 0.800 0.800 0.900 0.900 0.800 0.800 0.800 0.900 0.900 0.800 0.800 0.800 28/12/1996
0.700 0.700 0.700 0.700 0.500 0.700 0.600 0.700 0.600 0.500 0.700 0.700 0.600 0.600 0.600 0.600 0.500 0.600 0.600 0.600 0.600 0.500 0.600 0.600 0.700 0.600 0.600 0.700 0.700 0.600 29/12/1996
0.400 0.400 0.400 0.300 0.400 0.400 0.300 0.400 0.500 0.400 0.400 0.400 0.500 0.500 0.400 0.400 0.500 0.500 0.500 0.500 0.400 0.500 0.500 0.500 0.500 0.500 0.500 0.500 0.500 0.500 30/12/1996
0.700 0.700 0.700 0.500 0.500 0.700 0.600 0.700 0.500 0.500 0.700 0.700 0.500 0.500 0.500 0.500 0.500 0.500 0.500 0.500 0.500 0.400 0.500 0.600 0.600 0.500 0.500 0.600 0.600 0.500 31/12/1996
0.500 0.500 0.500 0.300 0.400 0.500 0.500 0.500 0.500 0.400 0.500 0.500 0.500 0.500 0.500 0.500 0.600 0.500 0.400 0.500 0.500 0.600 0.500 0.500 0.500 0.500 0.600 0.500 0.500 0.400 01/01/1997
0.400 0.400 0.300 0.300 0.300 0.300 0.300 0.300 0.300 0.300 0.300 0.300 0.300 0.200 0.300 0.200 0.200 0.300 0.200 0.200 0.200 0.200 0.200 0.300 0.300 0.300 0.200 0.300 0.300 0.200 02/01/1997
0.600 0.600 0.600 0.400 0.400 0.600 0.600 0.600 0.400 0.400 0.600 0.600 0.400 0.400 0.400 0.400 0.400 0.400 0.400 0.400 0.500 0.400 0.400 0.400 0.400 0.500 0.400 0.400 0.400 0.400 03/01/1997
0.400 0.400 0.300 0.300 0.200 0.300 0.300 0.300 0.200 0.200 0.300 0.300 0.200 0.200 0.200 0.200 0.200 0.200 0.200 0.200 0.200 0.200 0.200 0.200 0.200 0.200 0.200 0.200 0.200 0.200 04/01/1997
0.300 0.300 0.200 0.200 0.100 0.200 0.200 0.200 0.200 0.100 0.200 0.200 0.200 0.200 0.100 0.300 0.300 0.200 0.200 0.200 0.300 0.300 0.200 0.200 0.200 0.300 0.300 0.200 0.200 0.200 05/01/1997
0.400 0.400 0.400 0.400 0.500 0.300 0.300 0.300 0.500 0.500 0.300 0.300 0.500 0.500 0.500 0.400 0.400 0.500 0.500 0.500 0.400 0.400 0.500 0.500 0.500 0.400 0.400 0.600 0.600 0.500 06/01/1997
0.700 0.700 0.600 0.400 0.700 0.600 0.600 0.600 0.600 0.700 0.600 0.600 0.700 0.600 0.700 0.600 0.600 0.700 0.600 0.600 0.600 0.600 0.600 0.700 0.700 0.600 0.600 0.700 0.700 0.600 07/01/1997
0.400 0.400 0.400 0.200 0.100 0.300 0.300 0.300 0.100 0.100 0.300 0.300 0.100 0.100 0.100 0.300 0.200 0.100 0.100 0.100 0.300 0.200 0.100 0.100 0.100 0.300 0.200 0.100 0.100 0.100 08/01/1997
1.000 1.000 1.000 0.700 0.400 0.900 0.900 0.900 0.600 0.400 0.900 0.900 0.600 0.600 0.400 0.700 0.700 0.600 0.600 0.600 0.800 0.600 0.600 0.600 0.600 0.800 0.700 0.600 0.600 0.600 09/01/1997
0.500 0.500 0.500 0.200 0.200 0.400 0.400 0.400 0.400 0.300 0.400 0.500 0.400 0.300 0.300 0.600 0.500 0.400 0.300 0.300 0.700 0.500 0.400 0.400 0.400 0.700 0.600 0.400 0.400 0.300 10/01/1997
0.400 0.400 0.400 0.300 0.200 0.400 0.400 0.400 0.300 0.300 0.400 0.400 0.300 0.300 0.300 0.400 0.400 0.300 0.300 0.300 0.400 0.400 0.300 0.300 0.300 0.400 0.400 0.300 0.300 0.300 11/01/1997
1.300 1.300 1.400 1.100 1.400 1.400 1.400 1.400 1.300 1.400 1.400 1.400 1.300 1.300 1.400 0.900 1.100 1.300 1.300 1.300 0.900 1.100 1.300 1.300 1.300 0.800 1.100 1.200 1.200 1.300 12/01/1997
1.300 1.300 1.400 1.400 2.200 1.400 1.400 1.400 1.800 2.200 1.400 1.400 1.700 1.800 2.100 1.300 1.400 1.700 1.800 1.800 1.200 1.400 1.800 1.700 1.700 1.200 1.400 1.700 1.700 1.800 13/01/1997
1.600 1.600 1.600 1.900 2.100 1.600 1.600 1.600 2.000 2.100 1.600 1.600 2.000 2.000 2.100 1.400 1.400 2.000 2.000 2.000 1.400 1.400 2.000 2.000 2.000 1.300 1.400 2.000 2.000 2.000 14/01/1997
1.800 1.800 1.800 1.900 2.100 1.800 1.900 1.800 2.000 2.100 1.800 1.800 2.000 2.000 2.100 1.500 1.400 2.000 2.000 2.000 1.500 1.400 2.000 2.000 2.000 1.500 1.500 2.000 2.000 2.000 15/01/1997
1.400 1.400 1.400 1.500 1.300 1.400 1.400 1.400 1.300 1.300 1.400 1.400 1.300 1.300 1.300 1.000 1.000 1.300 1.300 1.300 1.000 1.000 1.300 1.300 1.300 1.100 1.000 1.400 1.300 1.300 16/01/1997
0.700 0.700 0.700 0.900 0.500 0.700 0.700 0.700 0.600 0.500 0.700 0.700 0.600 0.600 0.600 0.400 0.300 0.600 0.600 0.600 0.400 0.300 0.600 0.600 0.600 0.400 0.300 0.600 0.600 0.600 17/01/1997
0.500 0.400 0.400 0.300 0.300 0.400 0.400 0.400 0.200 0.300 0.400 0.400 0.300 0.200 0.300 0.400 0.300 0.300 0.200 0.200 0.400 0.300 0.200 0.300 0.300 0.500 0.300 0.300 0.300 0.200 18/01/1997
0.900 0.900 0.900 0.700 0.400 0.800 0.800 0.800 0.600 0.400 0.800 0.800 0.600 0.600 0.500 0.800 0.800 0.600 0.600 0.600 0.800 0.800 0.600 0.600 0.700 0.800 0.800 0.700 0.700 0.600 19/01/1997
1.000 1.000 1.000 0.600 0.600 1.000 1.000 1.000 0.700 0.600 1.000 1.000 0.700 0.700 0.600 0.900 0.800 0.700 0.700 0.700 0.900 0.800 0.700 0.700 0.700 0.800 0.800 0.700 0.700 0.700 20/01/1997
0.900 0.900 0.800 0.700 1.400 0.800 0.800 0.800 1.600 1.400 0.800 0.800 1.600 1.600 1.400 0.900 1.300 1.600 1.600 1.600 1.000 1.300 1.600 1.600 1.600 1.000 1.300 1.600 1.600 1.600 21/01/1997
1.400 1.400 1.400 1.400 1.400 1.400 1.400 1.400 1.500 1.400 1.400 1.400 1.500 1.500 1.400 1.300 1.200 1.500 1.500 1.500 1.300 1.200 1.500 1.500 1.500 1.400 1.200 1.600 1.600 1.500 22/01/1997
1.000 1.000 1.000 1.000 1.300 1.000 1.000 1.000 1.000 1.300 1.000 1.000 1.000 1.000 1.300 0.700 0.700 1.000 1.000 1.000 0.700 0.700 1.000 1.000 1.000 0.700 0.700 1.000 1.000 1.000 23/01/1997
0.400 0.400 0.400 0.600 1.000 0.400 0.400 0.400 0.800 1.000 0.400 0.400 0.800 0.800 1.000 0.400 0.400 0.800 0.800 0.800 0.400 0.400 0.800 0.800 0.800 0.300 0.400 0.800 0.800 0.800 24/01/1997
0.900 0.900 0.800 1.000 1.100 0.800 0.800 0.800 1.300 1.200 0.800 0.800 1.300 1.300 1.200 1.000 1.000 1.300 1.200 1.200 1.000 1.000 1.300 1.300 1.300 1.100 1.000 1.300 1.300 1.200 25/01/1997
0.500 0.400 0.400 0.300 0.900 0.400 0.400 0.400 0.900 0.900 0.400 0.400 0.900 0.900 0.900 0.600 0.700 0.900 0.900 0.900 0.600 0.700 0.900 0.900 0.900 0.600 0.700 1.000 0.900 0.900 26/01/1997
0.800 0.800 0.700 0.400 0.200 0.700 0.700 0.700 0.500 0.200 0.700 0.700 0.500 0.500 0.300 0.600 0.500 0.500 0.400 0.400 0.600 0.500 0.500 0.500 0.500 0.600 0.500 0.600 0.600 0.400 27/01/1997
1.000 0.900 0.900 0.500 0.500 0.900 0.800 0.900 0.600 0.500 0.900 0.900 0.600 0.600 0.500 0.900 0.900 0.600 0.600 0.600 1.000 0.900 0.600 0.600 0.600 1.000 0.900 0.700 0.700 0.600 28/01/1997
1.300 1.300 1.300 1.200 1.100 1.200 1.200 1.200 1.300 1.100 1.300 1.300 1.300 1.300 1.200 1.100 1.300 1.300 1.300 1.300 1.200 1.200 1.300 1.300 1.300 1.300 1.300 1.400 1.400 1.300 29/01/1997
1.200 1.200 1.200 0.900 1.300 1.200 1.100 1.200 1.400 1.300 1.200 1.200 1.400 1.400 1.400 1.300 1.400 1.400 1.400 1.400 1.400 1.400 1.400 1.400 1.400 1.400 1.500 1.500 1.500 1.400 30/01/1997
1.000 1.000 1.000 0.800 1.400 0.900 0.900 0.900 1.500 1.400 0.900 0.900 1.500 1.500 1.500 1.200 1.400 1.500 1.500 1.500 1.200 1.400 1.500 1.500 1.500 1.300 1.400 1.600 1.500 1.500 31/01/1997
0.500 0.500 0.400 0.400 0.600 0.400 0.400 0.400 0.600 0.600 0.400 0.400 0.600 0.600 0.600 0.500 0.600 0.600 0.500 0.500 0.500 0.600 0.600 0.600 0.600 0.600 0.600 0.600 0.600 0.500 01/02/1997
0.400 0.400 0.400 0.500 0.400 0.400 0.400 0.400 0.500 0.500 0.400 0.400 0.500 0.500 0.500 0.500 0.400 0.500 0.400 0.500 0.500 0.400 0.500 0.500 0.500 0.500 0.400 0.500 0.500 0.400 02/02/1997
0.800 0.800 0.800 0.700 1.100 0.800 0.700 0.800 1.300 1.100 0.800 0.800 1.300 1.200 1.200 0.800 1.300 1.300 1.200 1.200 0.900 1.200 1.300 1.300 1.300 0.900 1.300 1.300 1.300 1.200 03/02/1997
0.600 0.600 0.600 0.500 0.300 0.500 0.500 0.500 0.400 0.300 0.600 0.600 0.400 0.400 0.400 0.600 0.500 0.400 0.400 0.400 0.600 0.500 0.400 0.400 0.400 0.700 0.500 0.500 0.400 0.400 04/02/1997
1.200 1.100 1.100 0.800 0.500 1.000 1.000 1.000 0.700 0.500 1.100 1.100 0.700 0.700 0.500 1.000 0.900 0.700 0.700 0.700 1.100 0.900 0.700 0.700 0.700 1.100 0.900 0.800 0.800 0.700 05/02/1997
1.700 1.700 1.700 1.300 1.300 1.600 1.600 1.600 1.500 1.300 1.600 1.600 1.500 1.500 1.400 1.200 1.200 1.500 1.500 1.500 1.200 1.200 1.500 1.500 1.500 1.300 1.300 1.600 1.600 1.500 06/02/1997
2.100 2.100 2.100 1.700 2.000 2.100 2.100 2.100 1.600 2.000 2.100 2.100 1.600 1.600 1.900 1.500 1.500 1.600 1.600 1.600 1.500 1.500 1.600 1.600 1.600 1.500 1.500 1.600 1.600 1.600 07/02/1997
2.100 2.100 2.100 1.900 1.800 2.100 2.100 2.100 1.900 1.800 2.100 2.100 1.900 1.900 1.800 1.600 1.600 1.900 1.900 1.900 1.600 1.600 1.900 1.900 1.900 1.700 1.600 1.900 1.900 1.900 08/02/1997
1.900 1.900 1.800 1.700 1.500 1.800 1.800 1.800 1.700 1.500 1.800 1.800 1.700 1.700 1.500 1.600 1.700 1.700 1.700 1.700 1.700 1.700 1.700 1.700 1.700 1.700 1.700 1.700 1.700 1.700 09/02/1997
2.200 2.200 2.200 1.800 1.500 2.200 2.200 2.200 1.700 1.500 2.200 2.200 1.700 1.700 1.500 1.700 1.500 1.700 1.700 1.700 1.700 1.500 1.700 1.700 1.700 1.700 1.500 1.700 1.700 1.700 10/02/1997
0.900 0.900 0.800 0.600 0.700 0.800 0.800 0.800 0.600 0.700 0.800 0.800 0.600 0.600 0.700 0.700 0.600 0.600 0.600 0.600 0.800 0.600 0.600 0.600 0.600 0.800 0.600 0.600 0.600 0.600 11/02/1997
1.900 1.900 1.900 1.500 1.100 1.800 1.800 1.800 1.200 1.100 1.800 1.800 1.200 1.200 1.100 1.700 1.400 1.200 1.200 1.200 1.800 1.400 1.200 1.200 1.200 1.800 1.500 1.200 1.200 1.200 12/02/1997
2.100 2.100 2.100 1.500 1.100 2.000 2.000 2.000 1.100 1.100 2.100 2.100 1.100 1.100 1.100 1.700 1.300 1.100 1.100 1.100 1.700 1.300 1.100 1.100 1.100 1.700 1.300 1.100 1.100 1.100 13/02/1997
0.900 0.900 0.800 0.500 0.500 0.800 0.800 0.800 0.400 0.500 0.800 0.800 0.400 0.400 0.500 0.400 0.400 0.400 0.400 0.400 0.400 0.400 0.400 0.400 0.400 0.400 0.400 0.400 0.400 0.400 14/02/1997
1.900 1.900 1.900 1.500 1.000 1.900 1.800 1.900 1.200 1.100 1.900 1.900 1.300 1.200 1.100 1.800 1.700 1.200 1.200 1.200 1.800 1.700 1.200 1.300 1.300 1.800 1.700 1.300 1.300 1.200 15/02/1997
1.600 1.600 1.600 1.300 1.100 1.600 1.500 1.600 1.200 1.100 1.600 1.600 1.200 1.100 1.100 1.200 1.200 1.200 1.100 1.100 1.300 1.200 1.100 1.200 1.200 1.300 1.200 1.200 1.200 1.100 16/02/1997
1.500 1.500 1.500 1.100 0.900 1.500 1.500 1.500 0.900 0.900 1.500 1.500 0.900 0.900 0.900 1.100 1.100 0.900 0.900 0.900 1.100 1.100 0.900 0.900 0.900 1.200 1.100 0.900 0.900 0.900 17/02/1997
1.600 1.600 1.600 1.500 0.800 1.600 1.600 1.600 0.800 0.800 1.600 1.600 0.800 0.800 0.900 1.300 0.900 0.800 0.800 0.800 1.300 0.900 0.800 0.800 0.800 1.300 0.900 0.800 0.800 0.800 18/02/1997
1.500 1.500 1.500 1.200 1.100 1.500 1.400 1.500 1.200 1.100 1.500 1.500 1.200 1.200 1.100 1.200 1.200 1.200 1.200 1.200 1.200 1.100 1.200 1.200 1.200 1.300 1.200 1.200 1.200 1.200 19/02/1997
2.300 2.300 2.200 1.900 1.600 2.200 2.200 2.200 1.600 1.600 2.200 2.200 1.600 1.600 1.600 1.600 1.400 1.600 1.600 1.600 1.600 1.400 1.600 1.600 1.600 1.700 1.400 1.700 1.700 1.600 20/02/1997
2.100 2.000 2.000 1.400 1.000 1.900 1.900 1.900 1.500 1.100 1.900 2.000 1.500 1.400 1.100 1.800 1.800 1.500 1.400 1.400 1.900 1.800 1.500 1.500 1.500 1.900 1.900 1.600 1.600 1.400 21/02/1997
2.300 2.300 2.300 1.200 1.200 2.300 2.300 2.300 1.400 1.200 2.300 2.300 1.400 1.400 1.200 1.600 1.500 1.400 1.400 1.400 1.600 1.500 1.400 1.400 1.400 1.600 1.500 1.300 1.300 1.400 22/02/1997
1.200 1.200 1.200 1.200 0.800 1.200 1.200 1.200 0.800 0.800 1.200 1.200 0.800 0.800 0.800 0.900 0.800 0.800 0.800 0.800 1.000 0.800 0.800 0.800 0.800 1.000 0.800 0.900 0.900 0.800 23/02/1997
1.200 1.200 1.100 1.100 0.600 1.100 1.100 1.100 0.600 0.600 1.100 1.100 0.600 0.600 0.700 0.800 0.500 0.600 0.600 0.600 0.800 0.500 0.600 0.600 0.600 0.900 0.500 0.700 0.600 0.600 24/02/1997
1.400 1.400 1.400 1.100 1.000 1.400 1.400 1.400 1.100 1.000 1.400 1.400 1.100 1.100 1.000 1.400 1.700 1.100 1.000 1.000 1.400 1.700 1.100 1.100 1.100 1.500 1.700 1.100 1.100 1.000 25/02/1997
2.100 2.100 2.000 1.500 1.600 2.000 2.000 2.000 1.600 1.600 2.000 2.000 1.600 1.600 1.700 2.200 2.300 1.600 1.600 1.600 2.200 2.300 1.600 1.600 1.600 2.300 2.400 1.700 1.700 1.600 26/02/1997
2.000 2.000 2.000 1.800 1.400 2.000 1.900 2.000 1.500 1.400 2.000 2.000 1.500 1.500 1.400 1.800 1.800 1.500 1.500 1.500 1.900 1.800 1.500 1.500 1.500 1.900 1.800 1.600 1.600 1.500 27/02/1997
3.600 3.600 3.600 3.300 2.800 3.600 3.600 3.600 2.700 2.800 3.600 3.600 2.700 2.700 2.700 2.800 2.600 2.700 2.800 2.800 2.800 2.600 2.700 2.700 2.700 2.800 2.600 2.700 2.700 2.800 28/02/1997
2.900 2.900 2.900 2.400 2.000 2.900 2.800 2.900 1.600 2.000 2.900 2.900 1.600 1.600 1.900 1.900 1.700 1.600 1.700 1.700 2.000 1.600 1.600 1.600 1.600 2.000 1.700 1.600 1.600 1.700 01/03/1997
2.500 2.500 2.500 2.300 2.100 2.400 2.400 2.400 2.200 2.100 2.400 2.500 2.300 2.200 2.200 2.300 2.400 2.200 2.200 2.200 2.300 2.400 2.200 2.300 2.300 2.400 2.500 2.300 2.300 2.200 02/03/1997
2.200 2.200 2.100 1.700 1.400 2.100 2.000 2.100 1.700 1.400 2.100 2.100 1.700 1.700 1.400 2.000 1.900 1.700 1.600 1.600 2.100 1.900 1.700 1.700 1.700 2.100 2.000 1.700 1.700 1.600 03/03/1997
3.400 3.400 3.400 2.900 2.000 3.400 3.300 3.400 2.000 2.000 3.400 3.400 2.000 2.000 2.000 2.400 2.000 2.000 2.000 2.000 2.400 2.000 2.000 2.100 2.100 2.500 2.000 2.100 2.100 2.000 04/03/1997
1.600 1.500 1.500 1.700 1.400 1.500 1.500 1.500 1.500 1.400 1.500 1.500 1.500 1.500 1.500 1.400 1.500 1.500 1.500 1.500 1.500 1.400 1.500 1.500 1.500 1.500 1.500 1.500 1.500 1.500 05/03/1997
1.900 1.900 1.900 1.600 1.700 1.900 1.800 1.900 1.800 1.700 1.900 1.900 1.800 1.800 1.800 2.000 2.100 1.800 1.800 1.800 2.100 2.000 1.800 1.900 1.900 2.100 2.100 1.900 1.900 1.800 06/03/1997
2.700 2.700 2.700 2.600 2.400 2.700 2.600 2.700 2.300 2.400 2.700 2.700 2.300 2.300 2.400 2.500 2.500 2.300 2.200 2.300 2.600 2.500 2.300 2.300 2.300 2.600 2.500 2.400 2.400 2.200 07/03/1997
2.900 2.900 2.800 2.700 2.500 2.800 2.800 2.800 2.700 2.500 2.800 2.800 2.700 2.600 2.500 2.700 2.800 2.700 2.600 2.600 2.800 2.800 2.700 2.700 2.700 2.800 2.900 2.700 2.700 2.600 08/03/1997
3.200 3.100 3.100 2.800 2.900 3.100 3.100 3.100 3.000 2.900 3.100 3.100 3.000 3.000 2.900 3.100 3.100 3.000 3.000 3.000 3.100 3.100 3.000 3.000 3.000 3.200 3.100 3.000 3.000 3.000 09/03/1997
3.700 3.700 3.700 3.700 3.500 3.700 3.700 3.700 3.500 3.500 3.700 3.700 3.500 3.500 3.500 3.400 3.400 3.500 3.500 3.500 3.500 3.400 3.500 3.500 3.500 3.500 3.500 3.500 3.500 3.500 10/03/1997
3.500 3.500 3.400 3.400 3.500 3.400 3.400 3.400 3.400 3.500 3.400 3.400 3.400 3.400 3.500 3.400 3.400 3.400 3.400 3.400 3.500 3.400 3.400 3.400 3.400 3.500 3.400 3.400 3.400 3.400 11/03/1997
3.200 3.200 3.200 3.100 2.800 3.100 3.100 3.100 3.000 2.800 3.100 3.200 3.000 3.000 2.800 2.800 2.700 3.000 2.900 2.900 2.800 2.700 3.000 3.000 3.000 2.900 2.800 3.000 3.000 2.900 12/03/1997
1.400 1.400 1.300 1.500 2.400 1.300 1.300 1.300 2.500 2.400 1.300 1.300 2.500 2.500 2.500 1.600 2.300 2.500 2.500 2.500 1.700 2.300 2.500 2.600 2.600 1.700 2.300 2.600 2.600 2.500 13/03/1997
1.000 0.900 0.900 0.700 0.500 0.900 0.900 0.900 0.700 0.500 0.900 0.900 0.700 0.700 0.500 1.100 1.200 0.700 0.700 0.700 1.200 1.200 0.700 0.700 0.700 1.200 1.200 0.800 0.800 0.700 14/03/1997
1.500 1.500 1.400 1.300 1.800 1.400 1.300 1.400 1.800 1.800 1.400 1.400 1.800 1.700 1.900 1.100 1.100 1.800 1.700 1.700 1.200 1.000 1.800 1.800 1.800 1.200 1.100 1.900 1.900 1.700 15/03/1997
3.100 3.000 3.000 2.700 2.300 3.000 2.900 3.000 2.600 2.300 3.000 3.000 2.600 2.600 2.400 2.900 2.900 2.600 2.600 2.600 3.000 2.900 2.600 2.700 2.700 3.000 2.900 2.700 2.700 2.600 16/03/1997
3.600 3.600 3.500 3.400 3.200 3.500 3.500 3.500 3.300 3.200 3.500 3.500 3.300 3.300 3.200 3.000 3.200 3.300 3.200 3.200 3.100 3.200 3.300 3.300 3.300 3.200 3.200 3.300 3.300 3.200 17/03/1997
0.800 0.800 0.800 1.000 2.300 0.700 0.700 0.700 1.400 2.400 0.700 0.800 1.400 1.400 2.400 1.100 1.200 1.400 1.400 1.400 1.200 1.200 1.400 1.500 1.500 1.300 1.200 1.500 1.500 1.400 18/03/1997
2.500 2.500 2.500 2.400 2.200 2.400 2.400 2.400 1.900 2.200 2.400 2.400 2.000 1.900 2.200 2.400 2.400 2.000 1.900 1.900 2.400 2.400 1.900 2.000 2.000 2.400 2.400 2.000 2.000 1.900 19/03/1997
2.600 2.600 2.600 2.100 2.100 2.600 2.600 2.600 2.100 2.100 2.600 2.600 2.100 2.100 2.100 2.300 2.300 2.100 2.100 2.100 2.300 2.300 2.100 2.100 2.100 2.400 2.300 2.100 2.100 2.100 20/03/1997
3.200 3.200 3.100 2.400 2.400 3.100 3.100 3.100 2.600 2.400 3.100 3.100 2.600 2.500 2.400 2.800 2.600 2.600 2.500 2.500 2.900 2.600 2.600 2.600 2.600 2.900 2.700 2.600 2.600 2.500 21/03/1997
3.400 3.300 3.300 3.000 3.300 3.300 3.200 3.300 3.200 3.300 3.300 3.300 3.200 3.200 3.300 3.400 3.400 3.200 3.200 3.200 3.400 3.400 3.200 3.200 3.200 3.500 3.400 3.200 3.200 3.200 22/03/1997
3.100 3.100 3.100 2.400 2.600 3.100 3.000 3.100 2.500 2.600 3.100 3.100 2.500 2.500 2.500 2.600 2.500 2.500 2.500 2.500 2.600 2.500 2.500 2.500 2.500 2.700 2.600 2.500 2.500 2.500 23/03/1997
1.400 1.400 1.400 1.500 1.600 1.400 1.400 1.400 1.300 1.600 1.400 1.400 1.300 1.300 1.600 1.300 1.100 1.300 1.300 1.300 1.300 1.100 1.300 1.300 1.300 1.400 1.100 1.300 1.300 1.300 24/03/1997
2.800 2.700 2.700 2.300 2.400 2.700 2.600 2.700 2.400 2.400 2.700 2.700 2.400 2.400 2.500 2.300 2.400 2.400 2.300 2.400 2.400 2.400 2.400 2.400 2.400 2.500 2.400 2.400 2.400 2.400 25/03/1997
2.500 2.500 2.500 1.800 2.000 2.500 2.500 2.500 2.100 2.000 2.500 2.500 2.100 2.100 2.100 2.400 2.300 2.100 2.100 2.100 2.400 2.300 2.100 2.100 2.100 2.400 2.300 2.100 2.100 2.100 26/03/1997
2.900 2.900 2.900 2.300 2.400 2.900 2.900 2.900 2.400 2.400 2.900 2.900 2.400 2.400 2.400 2.900 2.900 2.400 2.400 2.400 3.000 2.900 2.400 2.400 2.400 3.000 2.900 2.400 2.400 2.400 27/03/1997
3.700 3.600 3.600 3.200 2.600 3.600 3.500 3.600 2.800 2.600 3.600 3.600 2.800 2.800 2.600 3.200 3.100 2.800 2.800 2.800 3.300 3.000 2.800 2.800 2.800 3.300 3.100 2.900 2.900 2.800 28/03/1997
3.000 3.000 3.000 2.500 2.400 3.000 3.000 3.000 2.600 2.400 3.000 3.000 2.700 2.600 2.400 3.200 3.300 2.600 2.600 2.600 3.200 3.300 2.600 2.700 2.700 3.200 3.300 2.700 2.700 2.600 29/03/1997
3.500 3.500 3.500 3.400 3.400 3.400 3.400 3.400 3.500 3.500 3.400 3.500 3.500 3.500 3.500 3.500 3.500 3.500 3.500 3.500 3.500 3.500 3.500 3.500 3.500 3.600 3.500 3.600 3.500 3.500 30/03/1997
3.600 3.600 3.600 3.800 3.300 3.500 3.500 3.500 3.300 3.300 3.600 3.600 3.300 3.300 3.400 3.500 3.600 3.300 3.200 3.200 3.500 3.500 3.300 3.300 3.300 3.500 3.600 3.400 3.300 3.200 31/03/1997
3.700 3.700 3.600 3.800 3.600 3.600 3.600 3.600 3.500 3.700 3.600 3.600 3.500 3.500 3.700 3.500 3.700 3.500 3.500 3.500 3.600 3.700 3.500 3.500 3.500 3.600 3.700 3.600 3.600 3.500 01/04/1997
4.300 4.300 4.300 4.300 4.700 4.300 4.300 4.300 4.600 4.700 4.300 4.300 4.600 4.600 4.600 4.600 4.200 4.600 4.600 4.600 4.600 4.200 4.600 4.600 4.600 4.600 4.300 4.600 4.600 4.600 02/04/1997
4.200 4.200 4.200 3.600 3.600 4.200 4.200 4.200 3.800 3.600 4.200 4.200 3.800 3.800 3.600 4.500 4.400 3.800 3.800 3.800 4.500 4.400 3.800 3.800 3.800 4.500 4.400 3.800 3.800 3.800 03/04/1997
3.500 3.500 3.500 3.100 2.800 3.500 3.400 3.500 2.900 2.800 3.500 3.500 3.000 2.900 2.900 3.300 3.200 2.900 2.900 2.900 3.400 3.200 2.900 3.000 3.000 3.400 3.200 3.000 3.000 2.900 04/04/1997
3.400 3.400 3.400 2.700 2.400 3.400 3.400 3.400 2.700 2.400 3.400 3.400 2.700 2.700 2.500 3.200 3.100 2.700 2.700 2.700 3.200 3.100 2.700 2.700 2.700 3.200 3.100 2.800 2.700 2.700 05/04/1997
3.500 3.500 3.500 3.400 3.400 3.500 3.400 3.500 3.500 3.400 3.500 3.500 3.500 3.500 3.400 3.500 3.600 3.500 3.500 3.500 3.600 3.500 3.500 3.500 3.500 3.700 3.600 3.500 3.500 3.500 06/04/1997
5.500 5.500 5.400 5.000 4.900 5.400 5.400 5.400 4.700 4.900 5.400 5.400 4.700 4.700 4.900 5.700 5.200 4.700 4.700 4.700 5.700 5.200 4.700 4.700 4.700 5.800 5.300 4.700 4.700 4.700 07/04/1997
5.000 5.000 5.000 4.400 4.300 5.000 5.000 5.000 4.100 4.300 5.000 5.000 4.100 4.100 4.300 5.000 4.900 4.100 4.200 4.200 4.900 4.900 4.100 4.100 4.100 4.900 4.900 4.100 4.100 4.200 08/04/1997
4.600 4.600 4.600 3.900 3.400 4.600 4.600 4.600 3.600 3.400 4.600 4.600 3.600 3.600 3.400 4.200 4.000 3.600 3.600 3.600 4.300 4.000 3.600 3.600 3.600 4.300 4.000 3.600 3.600 3.600 09/04/1997
4.600 4.600 4.600 4.200 4.100 4.500 4.500 4.500 4.200 4.100 4.500 4.500 4.200 4.200 4.100 4.200 4.000 4.200 4.200 4.200 4.200 4.000 4.200 4.200 4.200 4.200 4.000 4.200 4.200 4.200 10/04/1997
5.200 5.200 5.200 5.000 5.100 5.200 5.200 5.200 5.200 5.100 5.200 5.200 5.200 5.200 5.100 5.300 5.300 5.200 5.200 5.200 5.400 5.300 5.200 5.200 5.200 5.400 5.300 5.200 5.200 5.200 11/04/1997
4.600 4.600 4.600 4.000 4.300 4.500 4.500 4.500 4.000 4.300 4.500 4.500 4.000 4.000 4.400 4.300 4.300 4.000 4.000 4.000 4.400 4.300 4.000 4.000 4.100 4.400 4.300 4.100 4.100 4.000 12/04/1997
4.300 4.300 4.200 4.400 4.300 4.200 4.100 4.200 4.300 4.300 4.200 4.200 4.300 4.300 4.300 4.500 4.400 4.300 4.200 4.200 4.600 4.400 4.300 4.300 4.300 4.600 4.400 4.300 4.300 4.200 13/04/1997
5.000 5.000 5.000 4.900 4.800 5.000 5.000 5.000 4.900 4.800 5.000 5.000 4.900 4.900 4.800 4.700 4.400 4.900 4.900 4.900 4.700 4.400 4.900 4.900 4.900 4.800 4.400 4.900 4.900 4.900 14/04/1997
5.000 5.000 5.000 4.600 4.900 5.000 4.900 5.000 4.800 4.900 5.000 5.000 4.800 4.800 4.900 5.300 5.300 4.800 4.800 4.800 5.300 5.300 4.800 4.800 4.800 5.300 5.300 4.800 4.800 4.800 15/04/1997
5.300 5.300 5.200 5.000 5.200 5.200 5.100 5.200 5.000 5.200 5.200 5.200 5.000 5.000 5.200 5.500 5.600 5.000 5.000 5.000 5.600 5.600 5.000 5.000 5.000 5.600 5.600 5.000 5.000 5.000 16/04/1997
5.300 5.200 5.200 4.800 5.000 5.200 5.100 5.200 4.800 5.000 5.200 5.200 4.800 4.700 5.100 5.100 4.900 4.800 4.700 4.700 5.200 4.900 4.800 4.800 4.800 5.200 4.900 4.800 4.800 4.700 17/04/1997
5.000 5.000 5.000 4.300 4.000 5.000 5.000 5.000 3.800 4.000 5.000 5.000 3.800 3.700 4.100 4.100 3.800 3.800 3.700 3.700 4.200 3.800 3.800 3.800 3.800 4.200 3.800 3.800 3.800 3.700 18/04/1997
4.100 4.100 4.100 4.100 2.800 4.100 4.100 4.100 2.800 2.800 4.100 4.100 2.800 2.700 2.800 3.600 3.000 2.800 2.700 2.700 3.600 3.000 2.800 2.800 2.800 3.600 3.000 2.800 2.800 2.700 19/04/1997
4.800 4.800 4.800 4.200 4.200 4.700 4.700 4.700 4.100 4.200 4.700 4.800 4.100 4.100 4.200 4.500 4.400 4.100 4.100 4.100 4.500 4.300 4.100 4.100 4.100 4.600 4.400 4.200 4.200 4.100 20/04/1997
4.600 4.600 4.600 4.500 4.500 4.600 4.500 4.600 4.600 4.600 4.600 4.600 4.600 4.500 4.600 4.700 4.500 4.600 4.500 4.500 4.800 4.500 4.600 4.600 4.600 4.800 4.600 4.600 4.600 4.500 21/04/1997
4.300 4.300 4.200 4.100 4.400 4.200 4.200 4.200 4.400 4.400 4.200 4.200 4.400 4.300 4.400 4.500 4.400 4.400 4.300 4.300 4.600 4.400 4.400 4.400 4.400 4.600 4.400 4.400 4.400 4.300 22/04/1997
4.200 4.200 4.200 4.000 3.900 4.200 4.200 4.200 3.500 3.900 4.200 4.200 3.500 3.500 3.900 4.000 3.700 3.500 3.400 3.400 4.000 3.700 3.500 3.500 3.500 4.000 3.700 3.500 3.500 3.400 23/04/1997
4.600 4.600 4.700 4.300 4.500 4.700 4.700 4.700 4.400 4.500 4.700 4.700 4.400 4.400 4.500 4.700 4.600 4.400 4.400 4.400 4.600 4.600 4.400 4.400 4.400 4.600 4.600 4.400 4.400 4.400 24/04/1997
4.300 4.300 4.400 3.900 3.200 4.400 4.500 4.400 2.900 3.200 4.400 4.400 2.900 3.000 3.200 3.000 2.500 2.900 3.000 3.000 2.900 2.500 2.900 2.900 2.900 2.900 2.500 2.900 2.900 3.000 25/04/1997
2.000 2.000 2.000 1.100 1.100 1.900 1.900 1.900 1.400 1.100 1.900 2.000 1.400 1.400 1.200 2.000 2.100 1.400 1.400 1.400 2.000 2.100 1.400 1.400 1.400 2.100 2.100 1.400 1.400 1.400 26/04/1997
3.100 3.100 3.100 2.200 2.600 3.100 3.000 3.100 2.600 2.600 3.100 3.100 2.600 2.600 2.700 3.000 2.800 2.600 2.600 2.600 3.000 2.800 2.600 2.600 2.600 3.000 2.800 2.600 2.600 2.600 27/04/1997
1.400 1.400 1.400 1.400 1.400 1.300 1.300 1.300 1.200 1.400 1.400 1.400 1.200 1.200 1.400 1.500 1.300 1.200 1.200 1.200 1.500 1.300 1.200 1.300 1.300 1.600 1.300 1.300 1.300 1.200 28/04/1997
3.800 3.700 3.700 3.700 3.400 3.700 3.600 3.700 3.200 3.400 3.700 3.700 3.300 3.200 3.500 3.400 3.200 3.200 3.200 3.200 3.400 3.200 3.200 3.300 3.300 3.500 3.300 3.300 3.300 3.200 29/04/1997
4.200 4.200 4.200 3.600 3.400 4.200 4.200 4.200 3.400 3.400 4.200 4.200 3.400 3.400 3.400 3.600 3.600 3.400 3.400 3.400 3.700 3.500 3.400 3.400 3.400 3.700 3.600 3.500 3.400 3.400 30/04/1997
5.500 5.500 5.500 5.200 5.400 5.400 5.400 5.400 5.600 5.400 5.400 5.500 5.600 5.500 5.500 6.000 6.000 5.600 5.500 5.500 6.100 6.000 5.600 5.600 5.600 6.200 6.000 5.600 5.600 5.500 01/05/1997
7.200 7.200 7.200 7.000 6.400 7.300 7.300 7.300 6.300 6.400 7.300 7.200 6.300 6.300 6.400 7.500 7.400 6.300 6.300 6.300 7.400 7.400 6.300 6.300 6.300 7.300 7.400 6.300 6.300 6.300 02/05/1997
5.300 5.200 5.200 4.100 3.000 5.200 5.100 5.200 3.100 3.000 5.200 5.200 3.100 3.100 2.900 3.700 3.100 3.100 3.100 3.100 3.800 3.100 3.100 3.100 3.100 3.800 3.100 3.100 3.100 3.100 03/05/1997
3.800 3.800 3.800 3.400 3.000 3.800 3.800 3.800 3.100 3.100 3.800 3.800 3.100 3.100 3.100 3.700 3.800 3.100 3.100 3.100 3.700 3.800 3.100 3.100 3.100 3.700 3.800 3.100 3.100 3.100 04/05/1997
2.200 2.200 2.200 2.100 2.000 2.200 2.100 2.200 1.800 2.000 2.200 2.200 1.800 1.800 2.100 1.800 2.000 1.800 1.800 1.800 1.800 2.000 1.800 1.800 1.800 1.800 2.000 1.800 1.800 1.800 05/05/1997
2.300 2.300 2.300 1.300 1.400 2.300 2.200 2.300 1.500 1.400 2.300 2.300 1.500 1.500 1.500 1.600 1.700 1.500 1.500 1.500 1.600 1.700 1.500 1.500 1.500 1.700 1.700 1.600 1.600 1.500 06/05/1997
2.100 2.100 2.100 1.500 1.600 2.000 2.000 2.000 1.700 1.600 2.000 2.000 1.700 1.700 1.600 2.100 2.300 1.700 1.700 1.700 2.100 2.300 1.700 1.700 1.700 2.100 2.300 1.700 1.700 1.700 07/05/1997
1.000 1.000 1.000 0.700 0.400 1.000 1.000 1.000 0.500 0.400 1.000 1.000 0.500 0.500 0.500 1.000 0.900 0.500 0.500 0.500 1.000 0.800 0.500 0.600 0.600 1.000 0.900 0.600 0.600 0.500 08/05/1997
3.100 3.100 3.100 2.500 2.400 3.000 3.000 3.000 2.400 2.500 3.000 3.000 2.400 2.400 2.500 3.000 2.600 2.400 2.400 2.400 3.100 2.600 2.400 2.400 2.400 3.100 2.600 2.500 2.400 2.400 09/05/1997
2.500 2.600 2.600 1.800 1.600 2.600 2.600 2.600 1.800 1.600 2.600 2.600 1.800 1.800 1.700 1.900 2.300 1.800 1.800 1.800 1.900 2.300 1.800 1.800 1.800 1.900 2.300 1.900 1.800 1.800 10/05/1997
1.600 1.600 1.600 1.400 1.400 1.600 1.500 1.600 1.400 1.500 1.600 1.600 1.400 1.300 1.500 1.600 1.700 1.400 1.300 1.300 1.600 1.700 1.400 1.400 1.400 1.600 1.700 1.400 1.400 1.300 11/05/1997
3.400 3.400 3.300 2.300 1.400 3.300 3.300 3.300 1.900 1.400 3.300 3.300 1.900 1.900 1.400 2.900 2.600 1.900 1.900 1.900 2.900 2.600 1.900 1.900 1.900 2.900 2.600 1.900 1.900 1.900 12/05/1997
2.600 2.600 2.600 2.400 2.900 2.600 2.600 2.600 2.900 3.000 2.600 2.600 2.900 2.900 3.000 2.100 2.800 2.900 2.900 2.900 2.100 2.800 2.900 2.900 2.900 2.100 2.800 2.900 2.900 2.900 13/05/1997
1.400 1.400 1.400 1.000 0.800 1.400 1.300 1.400 1.100 0.800 1.400 1.400 1.100 1.100 0.800 1.500 1.600 1.100 1.100 1.100 1.500 1.600 1.100 1.200 1.200 1.500 1.600 1.200 1.200 1.100 14/05/1997
2.700 2.700 2.700 2.200 1.700 2.700 2.700 2.700 1.800 1.800 2.700 2.700 1.800 1.800 1.800 2.300 1.900 1.800 1.800 1.800 2.300 1.900 1.800 1.800 1.800 2.300 1.900 1.900 1.900 1.800 15/05/1997
3.500 3.500 3.500 2.600 2.600 3.500 3.400 3.500 2.400 2.600 3.500 3.500 2.400 2.400 2.600 3.200 3.200 2.400 2.400 2.400 3.200 3.200 2.400 2.400 2.400 3.300 3.200 2.400 2.400 2.400 16/05/1997
1.700 1.700 1.700 1.400 1.300 1.700 1.700 1.700 1.100 1.300 1.700 1.700 1.200 1.100 1.400 2.100 1.700 1.100 1.100 1.100 2.100 1.600 1.100 1.200 1.200 2.100 1.700 1.200 1.200 1.100 17/05/1997
4.100 4.100 4.100 3.800 3.300 4.100 4.000 4.100 3.000 3.300 4.100 4.100 3.000 2.900 3.300 3.800 3.700 3.000 2.900 2.900 3.800 3.600 3.000 3.000 3.000 3.900 3.700 3.000 3.000 2.900 18/05/1997
3.300 3.300 3.300 2.700 1.900 3.200 3.200 3.200 2.500 1.900 3.200 3.200 2.500 2.500 1.900 3.200 3.200 2.500 2.500 2.500 3.300 3.200 2.500 2.500 2.500 3.300 3.200 2.500 2.500 2.500 19/05/1997
3.900 3.900 3.900 3.100 3.000 3.800 3.800 3.800 3.200 3.000 3.800 3.800 3.200 3.200 3.000 4.000 3.800 3.200 3.100 3.200 4.000 3.800 3.200 3.200 3.200 4.000 3.900 3.300 3.300 3.200 20/05/1997
3.600 3.600 3.500 3.000 2.900 3.500 3.500 3.500 2.800 2.900 3.500 3.500 2.800 2.800 2.900 3.500 3.200 2.800 2.800 2.800 3.500 3.100 2.800 2.800 2.800 3.600 3.200 2.900 2.900 2.800 21/05/1997
4.100 4.100 4.000 3.700 3.500 4.000 4.000 4.000 3.000 3.500 4.000 4.000 3.000 3.000 3.500 3.200 2.900 3.000 3.000 3.000 3.200 2.900 3.000 3.000 3.000 3.300 2.900 3.000 3.000 3.000 22/05/1997
5.300 5.300 5.300 3.500 2.200 5.300 5.300 5.300 2.900 2.300 5.300 5.300 2.900 2.900 2.300 4.500 4.100 2.900 2.900 2.900 4.400 4.100 2.900 2.900 2.900 4.400 4.100 3.000 3.000 2.900 23/05/1997
2.100 2.100 2.100 1.800 2.200 2.000 2.000 2.000 2.300 2.200 2.000 2.000 2.300 2.300 2.200 2.400 2.600 2.300 2.300 2.300 2.400 2.600 2.300 2.300 2.300 2.400 2.700 2.400 2.400 2.300 24/05/1997
5.300 5.200 5.200 4.500 4.000 5.200 5.100 5.200 3.800 4.000 5.200 5.200 3.800 3.800 4.100 4.500 4.000 3.800 3.700 3.700 4.500 4.000 3.800 3.800 3.800 4.500 4.000 3.800 3.800 3.700 25/05/1997
6.700 6.600 6.600 6.100 5.900 6.600 6.600 6.600 6.200 5.900 6.600 6.600 6.200 6.200 5.900 6.800 6.700 6.200 6.200 6.200 6.800 6.700 6.200 6.200 6.200 6.800 6.700 6.200 6.200 6.200 26/05/1997
6.900 6.900 6.900 7.100 7.000 6.900 6.900 6.900 6.600 7.000 6.900 6.900 6.600 6.600 7.000 7.100 6.500 6.600 6.600 6.600 7.100 6.500 6.600 6.600 6.600 7.100 6.500 6.600 6.600 6.600 27/05/1997
7.000 7.000 7.000 6.600 6.400 7.000 6.900 7.000 6.500 6.400 7.000 7.000 6.500 6.500 6.400 6.800 6.700 6.500 6.500 6.500 6.700 6.700 6.500 6.500 6.500 6.700 6.700 6.500 6.500 6.500 28/05/1997
6.400 6.400 6.300 6.000 5.200 6.300 6.200 6.300 5.400 5.200 6.300 6.300 5.400 5.400 5.200 6.400 6.100 5.400 5.400 5.400 6.400 6.100 5.400 5.400 5.400 6.400 6.100 5.400 5.400 5.400 29/05/1997
6.700 6.700 6.700 5.600 5.100 6.700 6.700 6.700 5.200 5.100 6.700 6.700 5.200 5.200 5.200 6.000 5.800 5.200 5.200 5.200 6.100 5.800 5.200 5.300 5.300 6.100 5.800 5.300 5.300 5.200 30/05/1997
7.000 7.000 7.000 6.200 5.100 7.000 7.000 7.000 4.400 5.100 7.000 7.000 4.400 4.400 5.100 5.000 4.200 4.400 4.400 4.400 5.000 4.200 4.400 4.400 4.400 4.900 4.200 4.400 4.400 4.400 31/05/1997
3.900 3.900 3.900 2.500 1.000 3.800 3.800 3.800 1.300 1.000 3.900 3.900 1.300 1.300 1.100 2.300 1.700 1.300 1.200 1.200 2.300 1.700 1.300 1.300 1.300 2.300 1.800 1.300 1.300 1.200 01/06/1997
5.200 5.200 5.200 4.100 3.000 5.100 5.100 5.100 3.400 3.100 5.100 5.200 3.400 3.300 3.100 4.400 3.800 3.400 3.300 3.300 4.400 3.800 3.400 3.400 3.400 4.400 3.800 3.400 3.400 3.300 02/06/1997
5.400 5.400 5.300 4.100 3.200 5.300 5.300 5.300 3.700 3.300 5.300 5.300 3.700 3.700 3.300 4.800 4.600 3.700 3.700 3.700 4.900 4.600 3.700 3.700 3.700 4.900 4.600 3.800 3.800 3.700 03/06/1997
5.700 5.700 5.700 3.900 3.900 5.700 5.700 5.700 3.900 3.900 5.700 5.700 4.000 3.900 3.900 4.300 3.700 4.000 3.900 3.900 4.300 3.700 3.900 4.000 4.000 4.200 3.700 4.000 4.000 3.900 04/06/1997
3.500 3.400 3.400 3.200 2.600 3.400 3.400 3.400 2.700 2.600 3.400 3.400 2.700 2.700 2.700 3.200 3.000 2.700 2.600 2.600 3.200 3.000 2.700 2.700 2.700 3.200 3.100 2.700 2.700 2.600 05/06/1997
5.800 5.800 5.800 5.200 4.700 5.800 5.700 5.800 4.900 4.700 5.800 5.800 4.900 4.900 4.700 5.500 5.000 4.900 4.800 4.800 5.500 5.000 4.900 4.900 4.900 5.500 5.000 5.000 5.000 4.800 06/06/1997
6.700 6.700 6.700 5.300 4.100 6.700 6.700 6.700 4.800 4.100 6.700 6.700 4.800 4.800 4.100 6.200 5.600 4.800 4.800 4.800 6.300 5.600 4.800 4.800 4.800 6.300 5.600 4.800 4.800 4.800 07/06/1997
3.400 3.400 3.400 2.700 3.600 3.400 3.300 3.400 3.700 3.600 3.400 3.400 3.700 3.700 3.700 3.200 4.600 3.700 3.700 3.700 3.300 4.600 3.700 3.700 3.700 3.300 4.600 3.800 3.800 3.700 08/06/1997
6.200 6.200 6.200 4.000 3.900 6.200 6.200 6.200 4.200 3.900 6.200 6.200 4.200 4.200 3.900 5.700 5.300 4.200 4.200 4.200 5.600 5.300 4.200 4.200 4.200 5.500 5.200 4.200 4.200 4.200 09/06/1997
3.800 3.900 3.900 3.000 2.800 3.900 3.900 3.900 2.400 2.800 3.900 3.900 2.400 2.400 2.800 2.900 3.000 2.400 2.400 2.400 2.800 3.000 2.400 2.400 2.400 2.700 3.000 2.400 2.400 2.400 10/06/1997
5.300 5.300 5.300 5.600 4.800 5.300 5.300 5.300 5.400 4.900 5.300 5.300 5.400 5.400 4.900 5.000 5.300 5.400 5.400 5.400 5.000 5.300 5.400 5.400 5.400 5.000 5.300 5.500 5.500 5.400 11/06/1997
5.000 5.000 5.000 3.300 3.200 4.900 4.900 4.900 3.700 3.300 5.000 5.000 3.800 3.700 3.300 4.300 4.200 3.800 3.700 3.700 4.400 4.200 3.700 3.800 3.800 4.400 4.200 3.900 3.800 3.700 12/06/1997
2.500 2.500 2.500 1.800 1.700 2.400 2.400 2.400 1.300 1.700 2.400 2.400 1.300 1.300 1.700 2.300 2.100 1.300 1.300 1.300 2.300 2.100 1.300 1.300 1.300 2.300 2.100 1.300 1.300 1.300 13/06/1997
5.100 5.100 5.000 4.200 3.800 5.000 5.000 5.000 4.200 3.800 5.000 5.000 4.200 4.200 3.800 5.300 5.200 4.200 4.200 4.200 5.300 5.200 4.200 4.300 4.300 5.300 5.200 4.300 4.300 4.200 14/06/1997
5.000 5.000 5.000 4.500 4.500 5.000 5.000 5.000 4.300 4.500 5.000 5.000 4.300 4.300 4.500 4.800 4.400 4.300 4.200 4.200 4.900 4.400 4.300 4.300 4.300 4.900 4.400 4.400 4.300 4.200 15/06/1997
2.900 2.900 2.900 2.500 1.500 2.900 2.900 2.900 1.900 1.500 2.900 2.900 1.900 1.800 1.600 2.800 2.400 1.900 1.800 1.800 2.800 2.400 1.900 1.900 1.900 2.800 2.400 1.900 1.900 1.800 16/06/1997
4.300 4.200 4.200 2.400 2.700 4.200 4.200 4.200 2.900 2.700 4.200 4.200 2.900 2.900 2.700 4.000 3.800 2.900 2.800 2.900 4.000 3.800 2.900 2.900 2.900 4.000 3.800 2.900 2.900 2.900 17/06/1997
4.300 4.300 4.300 3.900 3.900 4.300 4.200 4.300 3.600 3.900 4.300 4.300 3.700 3.600 3.900 4.300 4.100 3.600 3.600 3.600 4.300 4.100 3.600 3.700 3.700 4.300 4.100 3.700 3.700 3.600 18/06/1997
4.700 4.700 4.600 3.500 3.400 4.600 4.500 4.600 3.800 3.400 4.600 4.600 3.800 3.700 3.500 4.600 4.300 3.800 3.700 3.700 4.700 4.300 3.700 3.800 3.800 4.700 4.400 3.900 3.900 3.700 19/06/1997
4.100 4.100 4.100 2.500 2.400 4.000 4.000 4.000 2.700 2.400 4.000 4.000 2.700 2.700 2.400 3.700 3.700 2.700 2.600 2.700 3.700 3.700 2.700 2.700 2.700 3.700 3.700 2.700 2.700 2.700 20/06/1997
1.500 1.500 1.500 1.200 1.200 1.500 1.400 1.500 1.000 1.200 1.500 1.500 1.000 0.900 1.200 1.400 1.000 1.000 0.900 0.900 1.400 1.000 1.000 1.000 1.000 1.500 1.000 1.000 1.000 0.900 21/06/1997
3.800 3.700 3.700 2.500 3.000 3.700 3.600 3.700 3.200 3.000 3.700 3.700 3.200 3.200 3.000 4.200 3.500 3.200 3.200 3.200 4.200 3.500 3.200 3.200 3.200 4.200 3.500 3.300 3.300 3.200 22/06/1997
3.100 3.000 3.000 2.600 2.400 3.000 3.000 3.000 2.400 2.400 3.000 3.000 2.400 2.400 2.500 2.200 2.600 2.400 2.400 2.400 2.200 2.600 2.400 2.400 2.400 2.300 2.600 2.400 2.400 2.400 23/06/1997
4.600 4.600 4.600 4.400 4.500 4.500 4.500 4.500 4.200 4.500 4.500 4.500 4.200 4.200 4.600 4.400 4.400 4.200 4.200 4.200 4.400 4.400 4.200 4.200 4.200 4.500 4.400 4.300 4.300 4.200 24/06/1997
2.600 2.500 2.500 1.400 1.200 2.500 2.500 2.500 1.200 1.200 2.500 2.500 1.200 1.200 1.300 2.400 1.900 1.200 1.100 1.200 2.400 1.900 1.200 1.200 1.200 2.400 1.900 1.200 1.200 1.100 25/06/1997
1.500 1.500 1.400 1.300 1.400 1.400 1.400 1.400 1.300 1.400 1.400 1.400 1.300 1.300 1.400 1.600 1.900 1.300 1.300 1.300 1.700 1.900 1.300 1.300 1.300 1.700 2.000 1.400 1.400 1.300 26/06/1997
1.600 1.600 1.600 1.300 1.000 1.600 1.500 1.600 1.100 1.000 1.600 1.600 1.100 1.100 1.000 1.700 2.000 1.100 1.100 1.100 1.700 2.000 1.100 1.100 1.100 1.700 2.000 1.200 1.100 1.100 27/06/1997
4.500 4.500 4.500 3.600 2.900 4.500 4.400 4.500 3.100 2.900 4.500 4.500 3.100 3.000 2.900 4.000 3.600 3.100 3.000 3.000 4.000 3.600 3.100 3.100 3.100 4.000 3.600 3.100 3.100 3.000 28/06/1997
0.600 0.600 0.600 0.800 1.400 0.600 0.600 0.600 0.900 1.400 0.600 0.600 0.900 0.900 1.400 0.800 0.800 0.900 0.900 0.900 0.800 0.800 0.900 0.900 0.900 0.700 0.800 0.900 0.900 0.900 29/06/1997
1.600 1.600 1.600 1.800 2.400 1.600 1.600 1.600 2.100 2.400 1.600 1.600 2.100 2.100 2.400 1.600 2.100 2.100 2.100 2.100 1.600 2.100 2.100 2.100 2.100 1.700 2.100 2.200 2.200 2.100 30/06/1997
2.400 2.400 2.400 1.800 2.000 2.400 2.300 2.400 2.000 2.000 2.400 2.400 2.000 2.000 2.000 2.300 2.600 2.000 2.000 2.000 2.300 2.600 2.000 2.000 2.000 2.300 2.600 2.100 2.100 2.000 01/07/1997
1.900 1.900 1.900 1.600 0.900 1.900 1.800 1.900 1.100 0.900 1.900 1.900 1.100 1.100 1.000 1.800 1.400 1.100 1.100 1.100 1.800 1.400 1.100 1.100 1.100 1.900 1.400 1.100 1.100 1.100 02/07/1997
3.000 3.000 3.000 2.800 2.800 3.000 2.900 3.000 2.600 2.800 3.000 3.000 2.600 2.600 2.800 2.400 2.500 2.600 2.600 2.600 2.400 2.500 2.600 2.600 2.600 2.400 2.500 2.700 2.700 2.600 03/07/1997
1.500 1.500 1.500 1.400 1.800 1.500 1.500 1.500 1.800 1.800 1.500 1.500 1.800 1.800 1.900 1.600 1.500 1.800 1.800 1.800 1.600 1.500 1.800 1.800 1.800 1.600 1.500 1.800 1.800 1.800 04/07/1997
3.600 3.500 3.500 3.700 3.800 3.500 3.400 3.500 3.800 3.800 3.500 3.500 3.800 3.700 3.800 3.700 3.300 3.800 3.700 3.700 3.700 3.300 3.800 3.800 3.800 3.800 3.300 3.800 3.800 3.700 05/07/1997
5.000 4.900 4.900 4.400 3.900 4.900 4.900 4.900 4.300 3.900 4.900 4.900 4.300 4.300 3.900 4.400 4.300 4.300 4.300 4.300 4.500 4.300 4.300 4.300 4.300 4.500 4.300 4.300 4.300 4.300 06/07/1997
5.400 5.400 5.400 4.300 4.300 5.400 5.400 5.400 4.400 4.400 5.400 5.400 4.400 4.400 4.400 4.800 4.700 4.400 4.400 4.400 4.800 4.800 4.400 4.400 4.400 4.800 4.700 4.400 4.400 4.400 07/07/1997
6.300 6.300 6.300 5.800 6.400 6.300 6.200 6.300 6.400 6.400 6.300 6.300 6.400 6.400 6.400 6.600 6.700 6.400 6.400 6.400 6.600 6.700 6.400 6.400 6.400 6.500 6.700 6.300 6.300 6.400 08/07/1997
6.500 6.500 6.500 5.100 4.900 6.500 6.500 6.500 5.000 4.900 6.500 6.500 5.000 5.000 4.900 5.600 5.500 5.000 5.000 5.000 5.700 5.500 5.000 5.000 5.000 5.700 5.500 5.000 5.000 5.000 09/07/1997
4.600 4.500 4.500 4.700 2.700 4.400 4.400 4.400 3.200 2.800 4.500 4.500 3.300 3.200 2.800 4.000 3.500 3.200 3.100 3.200 4.000 3.500 3.200 3.300 3.300 4.100 3.500 3.400 3.300 3.200 10/07/1997
5.200 5.200 5.200 3.600 3.400 5.200 5.100 5.200 3.900 3.400 5.200 5.200 4.000 3.900 3.500 4.800 5.000 4.000 3.900 3.900 4.800 5.000 3.900 4.000 4.000 4.900 5.000 4.000 4.000 3.900 11/07/1997
5.400 5.400 5.300 4.600 4.400 5.300 5.200 5.300 4.600 4.400 5.300 5.300 4.600 4.600 4.500 5.000 4.900 4.600 4.500 4.600 5.100 4.900 4.600 4.700 4.700 5.100 5.000 4.700 4.700 4.600 12/07/1997
4.100 4.100 4.100 3.300 2.500 4.100 4.000 4.100 2.900 2.500 4.100 4.100 2.900 2.900 2.500 3.500 3.300 2.900 2.900 2.900 3.500 3.300 2.900 2.900 2.900 3.500 3.400 2.900 2.900 2.900 13/07/1997
5.100 5.100 5.100 4.900 4.700 5.000 5.000 5.000 4.200 4.700 5.100 5.100 4.200 4.200 4.700 4.500 4.000 4.200 4.200 4.200 4.600 4.000 4.200 4.200 4.200 4.600 4.100 4.200 4.200 4.200 14/07/1997
5.800 5.800 5.800 4.900 4.900 5.700 5.700 5.700 5.200 5.000 5.700 5.700 5.200 5.200 5.000 5.600 5.600 5.200 5.200 5.200 5.600 5.600 5.200 5.300 5.300 5.700 5.600 5.300 5.300 5.200 15/07/1997
6.800 6.800 6.800 5.200 3.700 6.800 6.700 6.800 3.800 3.700 6.800 6.800 3.800 3.800 3.700 4.800 3.800 3.800 3.800 3.800 4.800 3.800 3.800 3.800 3.800 4.800 3.800 3.900 3.900 3.800 16/07/1997
5.200 5.200 5.200 4.100 3.300 5.100 5.100 5.100 3.700 3.300 5.100 5.100 3.700 3.700 3.300 4.500 3.900 3.700 3.700 3.700 4.500 3.900 3.700 3.700 3.700 4.600 4.000 3.700 3.700 3.700 17/07/1997
5.300 5.300 5.300 4.300 4.200 5.300 5.300 5.300 4.500 4.200 5.300 5.300 4.500 4.500 4.300 5.200 5.400 4.500 4.400 4.500 5.300 5.400 4.500 4.500 4.500 5.300 5.400 4.600 4.600 4.400 18/07/1997
4.600 4.500 4.500 4.000 4.100 4.500 4.500 4.500 3.600 4.100 4.500 4.500 3.600 3.600 4.100 3.900 3.700 3.600 3.600 3.600 3.900 3.700 3.600 3.600 3.600 3.900 3.700 3.700 3.700 3.600 19/07/1997
5.600 5.600 5.600 4.400 4.200 5.600 5.600 5.600 4.400 4.200 5.600 5.600 4.400 4.400 4.300 5.200 4.900 4.400 4.300 4.300 5.200 4.900 4.400 4.400 4.400 5.200 4.900 4.400 4.400 4.300 20/07/1997
6.500 6.500 6.500 5.000 4.700 6.500 6.400 6.500 4.900 4.700 6.500 6.500 4.900 4.900 4.700 5.700 5.500 4.900 4.900 4.900 5.700 5.500 4.900 4.900 4.900 5.700 5.400 4.900 4.900 4.900 21/07/1997
5.500 5.500 5.500 3.300 2.800 5.500 5.500 5.500 2.800 2.800 5.500 5.500 2.800 2.800 2.800 3.800 3.300 2.800 2.800 2.800 3.800 3.300 2.800 2.800 2.800 3.800 3.400 2.800 2.800 2.800 22/07/1997
4.100 4.100 4.100 3.000 1.900 4.100 4.100 4.100 2.900 1.900 4.100 4.100 2.900 2.800 1.900 4.100 4.400 2.900 2.800 2.800 4.100 4.400 2.900 2.900 2.900 4.100 4.400 2.900 2.900 2.800 23/07/1997
5.500 5.400 5.400 4.300 3.900 5.400 5.400 5.400 4.400 3.900 5.400 5.400 4.400 4.400 4.000 5.600 5.600 4.400 4.300 4.300 5.600 5.600 4.400 4.400 4.400 5.700 5.600 4.500 4.500 4.300 24/07/1997
3.600 3.600 3.600 3.000 2.600 3.500 3.500 3.500 2.900 2.700 3.500 3.500 3.000 2.900 2.700 3.500 3.300 3.000 2.900 2.900 3.500 3.300 2.900 3.000 3.000 3.600 3.300 3.000 3.000 2.900 25/07/1997
5.100 5.100 5.000 3.700 3.500 5.000 4.900 5.000 3.700 3.500 5.000 5.000 3.700 3.600 3.500 4.500 4.400 3.700 3.600 3.600 4.500 4.400 3.700 3.700 3.700 4.500 4.400 3.800 3.700 3.600 26/07/1997
5.400 5.400 5.300 4.500 4.600 5.200 5.100 5.200 4.800 4.700 5.300 5.300 4.900 4.800 4.700 5.100 5.100 4.800 4.800 4.800 5.200 5.100 4.800 4.900 4.900 5.300 5.100 5.000 5.000 4.800 27/07/1997
5.600 5.600 5.600 4.900 4.500 5.600 5.500 5.600 4.800 4.500 5.600 5.600 4.800 4.700 4.600 5.000 5.000 4.800 4.700 4.700 5.000 4.900 4.700 4.800 4.800 5.000 5.000 4.800 4.800 4.700 28/07/1997
6.300 6.300 6.300 5.000 4.800 6.300 6.300 6.300 4.800 4.800 6.300 6.300 4.800 4.800 4.800 5.100 4.900 4.800 4.800 4.800 5.100 4.900 4.800 4.800 4.800 5.100 4.900 4.800 4.800 4.800 29/07/1997
6.200 6.200 6.200 4.800 4.100 6.200 6.100 6.200 4.700 4.100 6.200 6.200 4.700 4.600 4.200 5.600 5.200 4.700 4.600 4.600 5.700 5.200 4.700 4.700 4.700 5.700 5.200 4.700 4.700 4.600 30/07/1997
6.300 6.300 6.200 5.300 4.000 6.200 6.100 6.200 4.400 4.000 6.200 6.200 4.400 4.400 4.100 5.100 4.700 4.400 4.400 4.400 5.100 4.700 4.400 4.400 4.400 5.100 4.700 4.500 4.500 4.400 31/07/1997
