# 6448 6449 6450 6451 6452 6528 6529 6530 6531 6532 6610 6611 6612 6613 6614 6693 6694 6695 6696 6697 6776 6777 6778 6779 6780 6859 6860 6861 6862 6863 Date
5.200 5.100 5.100 4.200 5.100 5.100 5.000 5.100 4.900 5.100 5.100 5.100 4.900 4.800 5.100 5.100 5.100 4.900 4.800 4.800 5.100 5.100 4.900 4.900 4.900 5.100 5.200 4.900 4.900 4.800 01/08/1993
5.400 5.400 5.400 5.200 5.300 5.300 5.300 5.300 4.600 5.300 5.300 5.300 4.600 4.600 5.300 4.700 5.200 4.600 4.600 4.600 4.800 5.200 4.600 4.600 4.600 4.800 5.200 4.600 4.600 4.600 02/08/1993
4.300 4.200 4.200 3.700 4.500 4.200 4.100 4.200 3.700 4.500 4.200 4.200 3.800 3.700 4.500 3.800 4.300 3.800 3.700 3.700 3.800 4.300 3.700 3.800 3.800 3.900 4.300 3.800 3.800 3.700 03/08/1993
5.500 5.500 5.400 4.100 5.000 5.400 5.400 5.400 4.500 5.000 5.400 5.400 4.500 4.500 5.000 5.100 5.400 4.500 4.500 4.500 5.100 5.400 4.500 4.500 4.500 5.200 5.500 4.600 4.500 4.500 04/08/1993
6.000 6.000 5.900 5.400 5.800 5.900 5.800 5.900 5.600 5.800 5.900 5.900 5.600 5.600 5.800 5.600 5.600 5.600 5.600 5.600 5.700 5.600 5.600 5.700 5.700 5.700 5.600 5.700 5.700 5.600 05/08/1993
5.400 5.400 5.400 4.800 5.300 5.300 5.300 5.300 4.600 5.300 5.300 5.400 4.600 4.600 5.300 5.100 5.100 4.600 4.500 4.600 5.100 5.100 4.600 4.600 4.600 5.100 5.200 4.700 4.700 4.500 06/08/1993
5.300 5.300 5.300 4.400 5.300 5.400 5.400 5.400 4.700 5.300 5.400 5.400 4.700 4.700 5.300 5.000 5.000 4.700 4.700 4.700 5.000 5.000 4.700 4.700 4.700 4.900 5.000 4.700 4.700 4.700 07/08/1993
5.100 5.100 5.100 4.600 4.500 5.100 5.100 5.100 4.600 4.500 5.100 5.100 4.700 4.600 4.600 4.700 4.700 4.600 4.600 4.600 4.800 4.700 4.600 4.700 4.700 4.800 4.700 4.700 4.700 4.600 08/08/1993
4.600 4.600 4.600 3.700 4.300 4.600 4.500 4.600 3.900 4.400 4.600 4.600 3.900 3.900 4.400 4.300 4.200 3.900 3.800 3.800 4.300 4.200 3.900 3.900 3.900 4.400 4.200 4.000 3.900 3.800 09/08/1993
2.600 2.500 2.500 2.200 2.000 2.500 2.400 2.500 1.700 2.000 2.500 2.500 1.700 1.600 2.000 2.300 2.100 1.700 1.600 1.600 2.400 2.000 1.700 1.700 1.700 2.400 2.100 1.700 1.700 1.600 10/08/1993
4.700 4.600 4.600 3.900 4.000 4.500 4.500 4.500 3.900 4.100 4.600 4.600 3.900 3.800 4.100 4.800 5.000 3.900 3.800 3.800 4.900 5.000 3.800 3.900 3.900 5.000 5.100 4.000 3.900 3.800 11/08/1993
5.400 5.300 5.300 4.300 5.000 5.300 5.200 5.300 5.000 5.000 5.300 5.300 5.000 5.000 5.100 5.200 5.100 5.000 5.000 5.000 5.200 5.100 5.000 5.000 5.000 5.300 5.100 5.100 5.100 5.000 12/08/1993
4.700 4.700 4.700 4.500 4.400 4.700 4.600 4.700 4.300 4.400 4.700 4.700 4.300 4.300 4.400 3.400 3.700 4.300 4.300 4.300 3.400 3.700 4.300 4.300 4.300 3.400 3.700 4.400 4.400 4.300 13/08/1993
5.000 5.000 4.900 4.200 4.500 4.900 4.800 4.900 4.400 4.500 4.900 4.900 4.400 4.400 4.600 4.900 5.200 4.400 4.400 4.400 5.000 5.100 4.400 4.400 4.400 5.000 5.200 4.500 4.500 4.400 14/08/1993
5.300 5.300 5.200 4.000 2.900 5.200 5.100 5.200 3.600 2.900 5.200 5.200 3.700 3.600 3.000 4.600 4.900 3.700 3.600 3.600 4.700 4.900 3.600 3.700 3.700 4.700 4.900 3.800 3.700 3.600 15/08/1993
5.900 5.900 5.800 5.500 4.800 5.800 5.800 5.800 5.100 4.800 5.800 5.800 5.100 5.100 4.900 5.500 5.900 5.100 5.000 5.100 5.500 5.900 5.100 5.100 5.100 5.500 5.900 5.200 5.200 5.000 16/08/1993
6.700 6.700 6.600 5.200 5.200 6.600 6.600 6.600 5.600 5.300 6.600 6.600 5.600 5.500 5.300 6.300 6.600 5.600 5.500 5.500 6.300 6.600 5.600 5.600 5.600 6.300 6.600 5.700 5.700 5.500 17/08/1993
6.800 6.800 6.800 5.700 5.700 6.800 6.700 6.800 6.000 5.700 6.800 6.800 6.100 6.000 5.800 6.000 6.400 6.000 6.000 6.000 6.000 6.400 6.000 6.100 6.100 6.000 6.400 6.100 6.100 6.000 18/08/1993
6.000 6.000 6.000 3.700 4.100 6.000 5.900 6.000 4.500 4.100 6.000 6.000 4.600 4.500 4.200 5.800 5.700 4.600 4.500 4.500 5.800 5.700 4.500 4.600 4.600 5.800 5.700 4.600 4.600 4.500 19/08/1993
6.600 6.600 6.600 5.800 5.600 6.600 6.600 6.600 5.900 5.600 6.600 6.600 5.900 5.900 5.700 6.300 6.200 5.900 5.900 5.900 6.300 6.200 5.900 5.900 5.900 6.300 6.200 6.000 6.000 5.900 20/08/1993
4.700 4.700 4.700 5.400 3.700 4.700 4.600 4.700 3.500 3.800 4.700 4.700 3.600 3.500 3.900 4.100 4.100 3.600 3.500 3.500 4.100 4.000 3.500 3.600 3.600 4.200 4.100 3.600 3.600 3.500 21/08/1993
4.100 4.100 4.000 4.100 3.300 4.000 3.900 4.000 3.500 3.400 4.000 4.000 3.600 3.500 3.400 3.800 4.200 3.500 3.500 3.500 3.900 4.100 3.500 3.600 3.600 3.900 4.200 3.600 3.600 3.500 22/08/1993
4.100 4.100 4.100 3.900 2.900 4.000 4.000 4.000 3.700 2.900 4.000 4.000 3.700 3.600 3.000 3.400 3.600 3.700 3.600 3.600 3.500 3.600 3.700 3.700 3.700 3.500 3.600 3.800 3.800 3.600 23/08/1993
1.600 1.600 1.600 1.100 1.800 1.500 1.500 1.500 1.800 1.900 1.600 1.600 1.800 1.800 1.900 2.100 2.200 1.800 1.700 1.700 2.200 2.200 1.800 1.800 1.800 2.200 2.200 1.800 1.800 1.700 24/08/1993
4.400 4.400 4.400 4.000 4.300 4.300 4.300 4.300 4.200 4.300 4.400 4.400 4.200 4.200 4.400 3.700 3.800 4.200 4.200 4.200 3.700 3.700 4.200 4.300 4.300 3.800 3.800 4.300 4.300 4.200 25/08/1993
4.900 4.900 4.800 3.800 4.600 4.800 4.800 4.800 4.400 4.700 4.800 4.800 4.400 4.400 4.700 4.200 4.200 4.400 4.400 4.400 4.300 4.200 4.400 4.400 4.400 4.300 4.200 4.400 4.400 4.400 26/08/1993
1.000 0.900 0.900 0.600 0.700 0.900 0.900 0.900 0.700 0.700 0.900 0.900 0.700 0.700 0.700 1.000 1.100 0.700 0.700 0.700 1.000 1.100 0.700 0.700 0.700 1.000 1.100 0.700 0.700 0.700 27/08/1993
3.600 3.500 3.500 3.000 3.200 3.400 3.300 3.400 3.100 3.200 3.400 3.400 3.200 3.100 3.300 3.700 3.900 3.200 3.100 3.100 3.700 3.900 3.100 3.200 3.200 3.800 4.000 3.300 3.300 3.100 28/08/1993
4.500 4.500 4.500 3.700 4.400 4.500 4.400 4.500 4.000 4.400 4.500 4.500 4.000 4.000 4.400 4.500 4.600 4.000 4.000 4.000 4.500 4.600 4.000 4.000 4.000 4.600 4.700 4.000 4.000 4.000 29/08/1993
4.600 4.600 4.500 4.000 4.500 4.500 4.400 4.500 4.200 4.500 4.500 4.500 4.200 4.200 4.500 4.300 4.400 4.200 4.200 4.200 4.400 4.400 4.200 4.200 4.200 4.500 4.500 4.300 4.300 4.200 30/08/1993
4.800 4.800 4.800 3.700 4.400 4.700 4.700 4.700 4.300 4.400 4.700 4.700 4.300 4.300 4.400 4.800 5.000 4.300 4.300 4.300 4.800 5.000 4.300 4.300 4.300 4.800 5.000 4.400 4.400 4.300 31/08/1993
4.900 4.900 4.900 4.500 4.500 4.900 4.800 4.900 4.500 4.500 4.900 4.900 4.500 4.500 4.500 4.900 4.900 4.500 4.500 4.500 4.900 4.900 4.500 4.500 4.500 4.900 5.000 4.600 4.600 4.500 01/09/1993
4.900 4.900 4.900 4.300 4.400 4.800 4.800 4.800 4.400 4.400 4.900 4.900 4.400 4.400 4.400 4.700 4.700 4.400 4.400 4.400 4.700 4.700 4.400 4.400 4.400 4.800 4.800 4.500 4.500 4.400 02/09/1993
4.600 4.500 4.500 3.800 3.700 4.500 4.400 4.500 4.200 3.700 4.500 4.500 4.300 4.200 3.800 4.600 4.700 4.200 4.200 4.200 4.600 4.700 4.200 4.300 4.300 4.600 4.700 4.300 4.300 4.200 03/09/1993
4.100 4.100 4.100 3.200 3.100 4.000 4.000 4.000 3.600 3.100 4.000 4.000 3.600 3.500 3.200 4.100 4.200 3.600 3.500 3.500 4.100 4.200 3.600 3.600 3.600 4.100 4.200 3.700 3.600 3.500 04/09/1993
3.600 3.600 3.600 3.200 2.800 3.500 3.500 3.500 2.900 2.800 3.600 3.600 2.900 2.800 2.800 3.400 3.400 2.900 2.800 2.800 3.400 3.400 2.900 2.900 2.900 3.500 3.400 2.900 2.900 2.800 05/09/1993
2.300 2.200 2.200 1.900 1.400 2.200 2.200 2.200 1.400 1.400 2.200 2.200 1.400 1.400 1.400 1.700 1.800 1.400 1.400 1.400 1.700 1.800 1.400 1.400 1.400 1.700 1.800 1.500 1.500 1.400 06/09/1993
1.400 1.400 1.300 0.900 0.400 1.300 1.300 1.300 0.600 0.400 1.300 1.300 0.600 0.600 0.400 1.200 1.100 0.600 0.600 0.600 1.200 1.100 0.600 0.600 0.600 1.200 1.100 0.600 0.600 0.600 07/09/1993
3.200 3.100 3.100 2.600 2.900 3.100 3.100 3.100 3.100 2.900 3.100 3.100 3.100 3.000 3.000 2.200 3.500 3.100 3.000 3.000 2.200 3.500 3.100 3.100 3.100 2.300 3.600 3.200 3.200 3.000 08/09/1993
3.300 3.300 3.300 3.000 3.100 3.200 3.200 3.200 3.500 3.200 3.300 3.300 3.500 3.500 3.200 2.800 3.700 3.500 3.400 3.400 2.800 3.700 3.500 3.500 3.500 2.900 3.700 3.600 3.600 3.400 09/09/1993
2.000 2.000 2.000 1.800 1.600 2.000 1.900 2.000 1.600 1.600 2.000 2.000 1.600 1.600 1.600 1.300 2.000 1.600 1.600 1.600 1.400 2.000 1.600 1.600 1.600 1.400 2.000 1.600 1.600 1.600 10/09/1993
1.900 1.900 1.900 1.200 1.100 1.900 1.800 1.900 1.300 1.100 1.900 1.900 1.300 1.200 1.200 1.600 1.900 1.300 1.200 1.200 1.600 1.900 1.300 1.300 1.300 1.600 1.900 1.300 1.300 1.200 11/09/1993
2.700 2.700 2.600 2.100 2.300 2.600 2.500 2.600 2.400 2.300 2.600 2.600 2.400 2.400 2.300 2.200 2.600 2.400 2.400 2.400 2.300 2.600 2.400 2.400 2.400 2.300 2.700 2.500 2.500 2.400 12/09/1993
1.500 1.500 1.500 1.100 1.800 1.500 1.500 1.500 1.900 1.800 1.500 1.500 1.900 1.800 1.800 0.700 1.900 1.900 1.800 1.800 0.700 1.900 1.900 1.900 1.900 0.600 1.900 1.900 1.900 1.800 13/09/1993
0.800 0.800 0.800 0.900 0.800 0.800 0.800 0.800 0.800 0.800 0.800 0.800 0.800 0.800 0.800 0.900 1.100 0.800 0.800 0.800 0.900 1.100 0.800 0.800 0.800 0.900 1.100 0.900 0.900 0.800 14/09/1993
2.700 2.700 2.700 2.600 2.300 2.700 2.600 2.700 2.500 2.300 2.700 2.700 2.500 2.500 2.300 2.500 2.800 2.500 2.500 2.500 2.600 2.800 2.500 2.500 2.500 2.600 2.800 2.600 2.600 2.500 15/09/1993
2.200 2.200 2.100 1.900 1.200 2.100 2.100 2.100 1.400 1.200 2.100 2.100 1.400 1.400 1.200 1.500 2.000 1.400 1.400 1.400 1.600 2.000 1.400 1.500 1.500 1.600 2.000 1.500 1.500 1.400 16/09/1993
1.900 1.900 1.900 1.800 1.400 1.800 1.800 1.800 1.700 1.500 1.800 1.900 1.700 1.700 1.500 1.400 1.700 1.700 1.700 1.700 1.400 1.700 1.700 1.700 1.700 1.500 1.700 1.800 1.800 1.700 17/09/1993
2.200 2.100 2.100 1.900 2.300 2.100 2.000 2.100 2.500 2.300 2.100 2.100 2.500 2.500 2.300 2.200 2.500 2.500 2.400 2.500 2.200 2.500 2.500 2.500 2.500 2.300 2.500 2.600 2.600 2.400 18/09/1993
3.700 3.600 3.600 3.400 3.400 3.600 3.500 3.600 3.800 3.400 3.600 3.600 3.800 3.800 3.500 2.300 2.500 3.800 3.700 3.700 2.300 2.400 3.800 3.800 3.900 2.400 2.500 3.900 3.900 3.700 19/09/1993
3.100 3.100 3.000 2.800 2.300 3.000 3.000 3.000 2.400 2.300 3.000 3.000 2.400 2.400 2.300 3.000 2.800 2.400 2.400 2.400 3.100 2.800 2.400 2.500 2.500 3.100 2.900 2.500 2.500 2.400 20/09/1993
1.100 1.100 1.100 0.700 0.400 1.000 1.000 1.000 0.600 0.500 1.000 1.000 0.600 0.600 0.500 0.900 0.600 0.600 0.600 0.600 0.900 0.600 0.600 0.600 0.600 0.900 0.600 0.600 0.600 0.600 21/09/1993
0.900 0.900 0.900 0.600 0.500 0.900 0.900 0.900 0.600 0.500 0.900 0.900 0.600 0.600 0.500 0.800 0.700 0.600 0.600 0.600 0.800 0.700 0.600 0.600 0.600 0.800 0.700 0.600 0.600 0.600 22/09/1993
1.800 1.800 1.800 1.400 1.500 1.700 1.700 1.700 1.600 1.600 1.700 1.800 1.600 1.600 1.600 1.500 1.800 1.600 1.500 1.600 1.500 1.700 1.600 1.600 1.600 1.600 1.800 1.700 1.700 1.600 23/09/1993
1.300 1.300 1.200 0.700 0.700 1.200 1.200 1.200 0.800 0.700 1.200 1.200 0.800 0.800 0.700 1.200 1.200 0.800 0.800 0.800 1.300 1.200 0.800 0.800 0.800 1.400 1.200 0.800 0.800 0.800 24/09/1993
2.600 2.600 2.600 1.900 1.900 2.500 2.500 2.500 2.200 1.900 2.500 2.600 2.300 2.200 2.000 2.500 2.500 2.200 2.200 2.200 2.600 2.500 2.200 2.300 2.300 2.700 2.600 2.300 2.300 2.200 25/09/1993
1.400 1.300 1.300 1.100 1.000 1.300 1.200 1.300 1.200 1.000 1.300 1.300 1.200 1.200 1.000 1.400 1.500 1.200 1.100 1.100 1.400 1.500 1.200 1.200 1.200 1.500 1.500 1.300 1.300 1.100 26/09/1993
1.800 1.800 1.800 1.100 0.900 1.700 1.700 1.700 1.400 1.000 1.700 1.700 1.400 1.300 1.000 1.400 1.500 1.400 1.300 1.300 1.400 1.500 1.400 1.400 1.400 1.500 1.600 1.500 1.400 1.300 27/09/1993
1.600 1.600 1.600 1.800 1.600 1.600 1.500 1.600 1.800 1.600 1.600 1.600 1.800 1.800 1.700 1.600 2.000 1.800 1.700 1.700 1.600 2.000 1.800 1.800 1.800 1.600 2.000 1.900 1.900 1.700 28/09/1993
2.300 2.300 2.300 2.300 1.700 2.300 2.200 2.300 1.800 1.700 2.300 2.300 1.800 1.800 1.800 2.000 1.800 1.800 1.800 1.800 2.100 1.800 1.800 1.900 1.900 2.100 1.800 1.900 1.900 1.800 29/09/1993
2.300 2.300 2.300 1.800 1.600 2.200 2.200 2.200 1.900 1.600 2.200 2.200 1.900 1.900 1.700 2.100 2.000 1.900 1.900 1.900 2.200 2.000 1.900 2.000 2.000 2.200 2.000 2.000 2.000 1.900 30/09/1993
1.700 1.700 1.700 1.100 1.600 1.600 1.600 1.600 1.700 1.700 1.600 1.600 1.700 1.600 1.700 1.500 1.700 1.700 1.600 1.600 1.600 1.700 1.700 1.700 1.700 1.700 1.800 1.800 1.800 1.600 01/10/1993
1.100 1.100 1.100 1.100 0.700 1.000 1.000 1.000 0.800 0.800 1.000 1.000 0.800 0.800 0.800 0.800 0.800 0.800 0.700 0.700 0.800 0.800 0.800 0.800 0.800 0.900 0.800 0.800 0.800 0.700 02/10/1993
1.500 1.500 1.500 1.100 1.000 1.500 1.500 1.500 1.200 1.000 1.500 1.500 1.200 1.200 1.000 1.800 1.900 1.200 1.200 1.200 1.800 1.900 1.200 1.200 1.200 1.900 2.000 1.300 1.300 1.200 03/10/1993
0.400 0.400 0.400 0.300 0.300 0.400 0.400 0.400 0.500 0.300 0.400 0.400 0.500 0.400 0.300 0.300 0.600 0.500 0.400 0.400 0.300 0.500 0.500 0.500 0.500 0.300 0.600 0.500 0.500 0.400 04/10/1993
1.000 1.000 1.000 0.800 0.700 0.900 0.900 0.900 0.700 0.700 0.900 0.900 0.700 0.600 0.700 0.800 0.700 0.700 0.600 0.600 0.800 0.700 0.700 0.700 0.700 0.800 0.700 0.700 0.700 0.600 05/10/1993
2.300 2.300 2.200 1.800 1.400 2.200 2.200 2.200 1.800 1.400 2.200 2.200 1.800 1.800 1.400 1.400 2.100 1.800 1.700 1.700 1.400 2.100 1.800 1.800 1.800 1.400 2.100 1.900 1.900 1.700 06/10/1993
1.700 1.700 1.700 1.100 1.300 1.700 1.700 1.700 1.400 1.300 1.700 1.700 1.500 1.400 1.400 1.300 1.600 1.400 1.400 1.400 1.300 1.600 1.400 1.500 1.500 1.400 1.700 1.500 1.500 1.400 07/10/1993
1.400 1.400 1.300 1.500 1.200 1.300 1.300 1.300 1.300 1.200 1.300 1.300 1.300 1.300 1.300 1.200 1.400 1.300 1.200 1.300 1.200 1.400 1.300 1.300 1.300 1.300 1.500 1.300 1.300 1.300 08/10/1993
2.000 2.000 1.900 1.700 1.500 1.900 1.900 1.900 1.600 1.500 1.900 1.900 1.600 1.500 1.600 1.700 1.600 1.600 1.500 1.500 1.800 1.600 1.600 1.600 1.600 1.800 1.700 1.600 1.600 1.500 09/10/1993
2.700 2.700 2.700 1.800 2.200 2.600 2.600 2.600 2.500 2.300 2.600 2.600 2.600 2.500 2.300 2.600 2.800 2.500 2.500 2.500 2.600 2.700 2.500 2.600 2.600 2.700 2.800 2.600 2.600 2.500 10/10/1993
1.900 1.900 1.900 1.800 1.900 1.900 1.900 1.900 1.800 1.900 1.900 1.900 1.800 1.700 1.900 1.800 2.100 1.800 1.700 1.700 1.900 2.100 1.800 1.800 1.800 1.900 2.100 1.800 1.800 1.700 11/10/1993
3.000 3.000 3.000 2.300 2.400 3.000 2.900 3.000 2.600 2.400 3.000 3.000 2.600 2.600 2.400 2.500 2.500 2.600 2.600 2.600 2.500 2.500 2.600 2.600 2.600 2.600 2.500 2.600 2.600 2.600 12/10/1993
1.500 1.500 1.500 1.500 1.600 1.500 1.500 1.500 1.800 1.600 1.500 1.500 1.800 1.800 1.600 0.800 1.000 1.800 1.800 1.800 0.800 1.000 1.800 1.800 1.800 0.800 1.000 1.800 1.800 1.800 13/10/1993
1.900 1.800 1.800 1.900 1.700 1.800 1.700 1.800 1.900 1.700 1.800 1.800 1.900 1.900 1.800 1.500 2.200 1.900 1.800 1.800 1.500 2.200 1.900 1.900 1.900 1.500 2.200 2.000 2.000 1.800 14/10/1993
1.000 1.000 1.000 0.800 0.500 0.900 0.900 0.900 0.700 0.500 0.900 0.900 0.700 0.700 0.600 0.900 1.000 0.700 0.600 0.600 0.900 1.000 0.700 0.700 0.700 1.000 1.100 0.700 0.700 0.600 15/10/1993
1.300 1.300 1.200 0.900 0.800 1.200 1.200 1.200 0.800 0.800 1.200 1.200 0.800 0.800 0.800 0.900 1.100 0.800 0.800 0.800 1.000 1.000 0.800 0.800 0.800 1.000 1.100 0.900 0.900 0.800 16/10/1993
0.800 0.800 0.700 0.600 1.000 0.700 0.700 0.700 1.000 1.100 0.700 0.700 1.000 1.000 1.100 0.700 1.000 1.000 1.000 1.000 0.800 1.000 1.000 1.000 1.000 0.800 1.000 1.100 1.000 1.000 17/10/1993
1.500 1.500 1.400 0.800 1.600 1.400 1.400 1.400 1.800 1.600 1.400 1.400 1.900 1.800 1.600 0.900 1.300 1.900 1.800 1.800 0.900 1.300 1.800 1.900 1.900 1.000 1.300 1.900 1.900 1.800 18/10/1993
1.300 1.300 1.200 1.200 0.800 1.200 1.100 1.200 1.100 0.800 1.200 1.200 1.100 1.100 0.900 1.000 1.300 1.100 1.100 1.100 1.100 1.300 1.100 1.100 1.100 1.100 1.300 1.200 1.200 1.100 19/10/1993
0.600 0.600 0.600 0.400 0.600 0.600 0.600 0.600 0.500 0.600 0.600 0.600 0.500 0.500 0.600 0.800 1.100 0.500 0.400 0.400 0.900 1.100 0.500 0.500 0.500 0.900 1.100 0.500 0.500 0.400 20/10/1993
1.100 1.100 1.100 0.500 0.700 1.000 1.000 1.000 0.900 0.800 1.000 1.000 0.900 0.800 0.800 1.200 1.600 0.900 0.800 0.800 1.200 1.600 0.900 0.900 0.900 1.300 1.600 1.000 0.900 0.800 21/10/1993
1.600 1.600 1.500 1.000 1.000 1.500 1.500 1.500 1.300 1.000 1.500 1.500 1.300 1.300 1.100 1.600 1.700 1.300 1.300 1.300 1.700 1.700 1.300 1.400 1.400 1.700 1.700 1.400 1.400 1.300 22/10/1993
0.800 0.800 0.800 0.600 0.600 0.800 0.800 0.800 0.600 0.600 0.800 0.800 0.600 0.600 0.600 0.700 1.100 0.600 0.600 0.600 0.700 1.100 0.600 0.600 0.600 0.700 1.100 0.700 0.700 0.600 23/10/1993
0.800 0.800 0.800 0.400 0.500 0.700 0.700 0.700 0.700 0.500 0.700 0.700 0.700 0.700 0.600 0.700 1.000 0.700 0.600 0.600 0.700 1.000 0.700 0.700 0.700 0.700 1.100 0.700 0.700 0.600 24/10/1993
1.300 1.200 1.200 0.700 1.300 1.200 1.100 1.200 1.400 1.300 1.200 1.200 1.500 1.400 1.400 1.300 1.900 1.400 1.400 1.400 1.400 1.900 1.400 1.500 1.500 1.400 1.900 1.500 1.500 1.400 25/10/1993
1.600 1.600 1.600 1.500 1.600 1.500 1.500 1.500 1.700 1.700 1.500 1.500 1.800 1.700 1.700 1.700 1.900 1.800 1.700 1.700 1.700 1.900 1.700 1.800 1.800 1.800 1.900 1.800 1.800 1.700 26/10/1993
1.700 1.700 1.600 1.500 1.400 1.600 1.600 1.600 1.600 1.400 1.600 1.600 1.600 1.600 1.500 1.500 1.600 1.600 1.600 1.600 1.500 1.500 1.600 1.600 1.600 1.600 1.600 1.700 1.700 1.600 27/10/1993
1.000 1.000 1.000 1.000 1.100 0.900 0.900 0.900 1.000 1.100 0.900 1.000 1.100 1.000 1.200 0.900 0.900 1.000 1.000 1.000 0.900 0.900 1.000 1.100 1.100 1.000 0.900 1.100 1.100 1.000 28/10/1993
2.100 2.100 2.000 1.800 1.500 2.000 1.900 2.000 1.900 1.500 2.000 2.000 2.000 1.900 1.600 1.900 2.100 2.000 1.900 1.900 1.900 2.100 1.900 2.000 2.000 2.000 2.200 2.000 2.000 1.900 29/10/1993
2.200 2.100 2.100 1.700 2.200 2.100 2.000 2.100 2.300 2.200 2.100 2.100 2.400 2.300 2.300 1.900 2.100 2.300 2.300 2.300 2.000 2.100 2.300 2.400 2.400 2.100 2.100 2.400 2.400 2.300 30/10/1993
1.800 1.800 1.800 1.600 1.700 1.700 1.700 1.700 1.800 1.700 1.800 1.800 1.800 1.800 1.700 1.800 2.000 1.800 1.800 1.800 1.900 2.000 1.800 1.800 1.800 1.900 2.000 1.900 1.900 1.800 31/10/1993
1.500 1.400 1.400 0.900 1.400 1.400 1.300 1.400 1.500 1.400 1.400 1.400 1.500 1.500 1.400 1.400 1.700 1.500 1.500 1.500 1.400 1.700 1.500 1.500 1.500 1.500 1.700 1.600 1.600 1.500 01/11/1993
1.500 1.500 1.500 1.400 1.500 1.400 1.400 1.400 1.500 1.500 1.400 1.400 1.500 1.500 1.600 1.300 1.600 1.500 1.500 1.500 1.300 1.600 1.500 1.500 1.500 1.400 1.700 1.600 1.600 1.500 02/11/1993
1.400 1.300 1.300 1.200 1.400 1.300 1.300 1.300 1.600 1.400 1.300 1.300 1.600 1.600 1.400 1.300 1.300 1.600 1.600 1.600 1.300 1.300 1.600 1.700 1.700 1.400 1.300 1.700 1.700 1.600 03/11/1993
2.000 2.000 2.000 1.600 1.200 1.900 1.900 1.900 1.800 1.200 1.900 1.900 1.900 1.800 1.300 1.800 1.900 1.800 1.800 1.800 1.900 1.900 1.800 1.900 1.900 1.900 1.900 1.900 1.900 1.800 04/11/1993
0.800 0.800 0.800 1.400 1.000 0.800 0.700 0.800 0.800 1.100 0.800 0.800 0.800 0.800 1.100 0.800 0.800 0.800 0.800 0.800 0.800 0.800 0.800 0.800 0.800 0.900 0.900 0.900 0.800 0.800 05/11/1993
0.600 0.600 0.600 0.500 0.900 0.600 0.600 0.600 0.800 0.900 0.600 0.600 0.800 0.800 1.000 0.500 0.600 0.800 0.700 0.800 0.500 0.600 0.800 0.800 0.800 0.600 0.600 0.900 0.900 0.700 06/11/1993
0.900 0.800 0.800 0.300 0.300 0.800 0.700 0.800 0.400 0.300 0.800 0.800 0.400 0.400 0.300 0.700 0.800 0.400 0.400 0.400 0.700 0.800 0.400 0.400 0.400 0.700 0.900 0.500 0.500 0.400 07/11/1993
1.000 0.900 0.900 0.400 0.400 0.800 0.800 0.800 0.700 0.400 0.800 0.900 0.800 0.700 0.500 0.800 0.800 0.700 0.700 0.700 0.900 0.800 0.700 0.800 0.800 1.000 0.900 0.800 0.800 0.700 08/11/1993
0.700 0.600 0.600 0.500 0.300 0.600 0.500 0.600 0.500 0.400 0.600 0.600 0.500 0.400 0.400 0.900 1.000 0.500 0.400 0.400 1.000 1.000 0.500 0.500 0.500 1.000 1.100 0.600 0.500 0.400 09/11/1993
0.500 0.500 0.500 0.400 0.300 0.400 0.400 0.400 0.400 0.300 0.400 0.400 0.400 0.400 0.300 0.300 0.300 0.400 0.400 0.400 0.300 0.300 0.400 0.400 0.400 0.300 0.300 0.400 0.400 0.400 10/11/1993
1.600 1.600 1.500 1.100 0.700 1.500 1.500 1.500 1.000 0.800 1.500 1.500 1.000 1.000 0.800 1.600 1.500 1.000 1.000 1.000 1.600 1.500 1.000 1.000 1.000 1.600 1.500 1.000 1.000 1.000 11/11/1993
1.300 1.300 1.300 1.000 0.900 1.200 1.200 1.200 1.200 0.900 1.300 1.300 1.300 1.200 1.000 1.100 1.200 1.300 1.200 1.200 1.100 1.200 1.200 1.300 1.300 1.100 1.300 1.400 1.300 1.200 12/11/1993
0.900 0.900 0.900 0.700 0.800 0.900 0.900 0.900 0.700 0.800 0.900 0.900 0.800 0.700 0.800 0.700 0.600 0.700 0.700 0.700 0.700 0.600 0.700 0.800 0.800 0.700 0.600 0.800 0.800 0.700 13/11/1993
1.400 1.400 1.400 1.000 1.000 1.400 1.300 1.400 1.300 1.100 1.400 1.400 1.300 1.300 1.100 1.400 1.400 1.300 1.300 1.300 1.400 1.400 1.300 1.300 1.300 1.400 1.400 1.300 1.300 1.300 14/11/1993
1.300 1.200 1.200 0.900 0.900 1.100 1.100 1.100 1.200 0.900 1.200 1.200 1.200 1.100 1.000 1.200 1.200 1.200 1.100 1.100 1.200 1.200 1.200 1.200 1.200 1.300 1.300 1.300 1.300 1.100 15/11/1993
1.200 1.100 1.100 1.100 1.100 1.100 1.100 1.100 1.000 1.100 1.100 1.100 1.000 1.000 1.100 1.000 0.900 1.000 1.000 1.000 1.000 0.900 1.000 1.000 1.000 1.100 1.000 1.100 1.100 1.000 16/11/1993
1.400 1.400 1.400 1.400 1.300 1.400 1.300 1.400 1.500 1.300 1.400 1.400 1.500 1.400 1.300 1.100 1.300 1.500 1.400 1.400 1.200 1.300 1.500 1.500 1.500 1.200 1.300 1.500 1.500 1.400 17/11/1993
1.400 1.400 1.300 1.400 1.300 1.300 1.300 1.300 1.400 1.300 1.300 1.300 1.500 1.400 1.300 1.200 1.400 1.400 1.400 1.400 1.300 1.400 1.400 1.500 1.500 1.300 1.500 1.500 1.500 1.400 18/11/1993
1.300 1.300 1.300 1.100 1.100 1.200 1.200 1.200 1.100 1.100 1.200 1.200 1.100 1.100 1.100 1.000 1.200 1.100 1.100 1.100 1.000 1.200 1.100 1.200 1.200 1.100 1.200 1.200 1.200 1.100 19/11/1993
1.200 1.200 1.100 0.900 1.200 1.100 1.000 1.100 1.400 1.200 1.100 1.100 1.400 1.400 1.200 1.100 1.200 1.400 1.400 1.400 1.100 1.200 1.400 1.400 1.400 1.200 1.200 1.400 1.400 1.400 20/11/1993
0.800 0.800 0.800 0.600 0.400 0.700 0.700 0.700 0.600 0.500 0.700 0.700 0.700 0.600 0.500 0.800 0.900 0.600 0.600 0.600 0.800 0.900 0.600 0.700 0.700 0.900 0.900 0.700 0.700 0.600 21/11/1993
1.000 1.000 0.900 0.800 0.800 0.900 0.900 0.900 0.900 0.800 0.900 0.900 0.900 0.900 0.800 0.800 0.900 0.900 0.800 0.800 0.900 0.900 0.900 0.900 0.900 0.900 0.900 0.900 0.900 0.800 22/11/1993
0.800 0.700 0.700 0.500 0.600 0.700 0.700 0.700 0.700 0.600 0.700 0.700 0.700 0.700 0.600 0.700 0.900 0.700 0.700 0.700 0.800 0.900 0.700 0.700 0.700 0.800 0.900 0.700 0.700 0.700 23/11/1993
1.300 1.300 1.200 1.000 1.000 1.200 1.200 1.200 1.300 1.000 1.200 1.200 1.300 1.200 1.000 1.000 1.100 1.300 1.200 1.200 1.000 1.100 1.300 1.300 1.300 1.000 1.100 1.300 1.300 1.200 24/11/1993
1.100 1.100 1.100 0.900 0.900 1.000 1.000 1.000 0.900 0.900 1.000 1.000 0.900 0.900 0.900 0.700 0.700 0.900 0.900 0.900 0.700 0.700 0.900 0.900 0.900 0.800 0.800 1.000 1.000 0.900 25/11/1993
0.800 0.800 0.800 0.700 1.200 0.700 0.700 0.700 1.200 1.200 0.700 0.700 1.300 1.200 1.200 0.900 1.300 1.200 1.200 1.200 0.900 1.300 1.200 1.300 1.300 1.000 1.300 1.300 1.300 1.200 26/11/1993
0.400 0.400 0.400 0.500 0.600 0.400 0.400 0.400 0.500 0.600 0.400 0.400 0.600 0.500 0.600 0.300 0.400 0.500 0.500 0.500 0.300 0.400 0.500 0.600 0.600 0.400 0.400 0.600 0.600 0.500 27/11/1993
0.700 0.700 0.600 0.700 0.800 0.600 0.600 0.600 1.000 0.800 0.600 0.600 1.000 1.000 0.800 0.400 0.500 1.000 0.900 0.900 0.500 0.500 1.000 1.000 1.000 0.400 0.600 1.100 1.000 0.900 28/11/1993
0.800 0.800 0.800 0.800 1.000 0.700 0.700 0.700 1.000 1.000 0.700 0.700 1.000 1.000 1.000 0.500 0.600 1.000 1.000 1.000 0.500 0.600 1.000 1.000 1.000 0.500 0.600 1.000 1.000 1.000 29/11/1993
0.300 0.300 0.300 0.300 0.300 0.300 0.300 0.300 0.300 0.300 0.300 0.300 0.300 0.300 0.300 0.400 0.300 0.300 0.300 0.300 0.400 0.300 0.300 0.300 0.300 0.400 0.300 0.300 0.300 0.300 30/11/1993
0.400 0.400 0.400 0.400 0.300 0.400 0.400 0.400 0.300 0.300 0.400 0.400 0.300 0.300 0.400 0.400 0.400 0.300 0.300 0.300 0.400 0.400 0.300 0.300 0.300 0.400 0.400 0.400 0.400 0.300 01/12/1993
0.400 0.400 0.400 0.300 0.400 0.400 0.400 0.400 0.400 0.400 0.400 0.400 0.400 0.400 0.400 0.500 0.500 0.400 0.400 0.400 0.500 0.500 0.400 0.400 0.400 0.600 0.500 0.400 0.400 0.400 02/12/1993
0.700 0.700 0.700 0.900 1.000 0.700 0.600 0.700 0.900 1.000 0.700 0.700 0.900 0.900 1.100 0.600 0.900 0.900 0.900 0.900 0.600 0.900 0.900 1.000 1.000 0.600 1.000 1.000 1.000 0.900 03/12/1993
0.400 0.400 0.400 0.600 0.700 0.400 0.400 0.400 0.800 0.700 0.400 0.400 0.800 0.800 0.700 0.400 0.400 0.800 0.800 0.800 0.400 0.400 0.800 0.800 0.800 0.400 0.500 0.800 0.800 0.800 04/12/1993
0.400 0.300 0.300 0.600 0.700 0.300 0.300 0.300 0.700 0.800 0.300 0.300 0.700 0.700 0.800 0.300 0.500 0.700 0.600 0.600 0.400 0.500 0.700 0.700 0.700 0.400 0.500 0.800 0.700 0.600 05/12/1993
0.500 0.400 0.400 0.400 0.500 0.400 0.400 0.400 0.400 0.500 0.400 0.400 0.400 0.400 0.500 0.500 0.600 0.400 0.400 0.400 0.600 0.600 0.400 0.400 0.400 0.600 0.600 0.400 0.400 0.400 06/12/1993
0.600 0.600 0.600 0.500 0.300 0.600 0.600 0.600 0.400 0.300 0.600 0.600 0.400 0.400 0.300 0.500 0.500 0.400 0.400 0.400 0.500 0.500 0.400 0.400 0.400 0.500 0.500 0.400 0.400 0.400 07/12/1993
0.200 0.200 0.200 0.200 0.200 0.200 0.200 0.200 0.200 0.200 0.200 0.200 0.200 0.200 0.200 0.200 0.200 0.200 0.200 0.200 0.200 0.200 0.200 0.200 0.200 0.300 0.300 0.200 0.200 0.200 08/12/1993
0.900 0.900 0.800 0.700 0.400 0.800 0.800 0.800 0.600 0.400 0.800 0.800 0.600 0.600 0.400 0.700 0.700 0.600 0.600 0.600 0.700 0.600 0.600 0.600 0.600 0.800 0.700 0.600 0.600 0.600 09/12/1993
0.400 0.400 0.300 0.300 0.400 0.300 0.300 0.300 0.500 0.400 0.300 0.300 0.500 0.500 0.400 0.400 0.500 0.500 0.400 0.400 0.400 0.400 0.500 0.500 0.500 0.500 0.500 0.500 0.500 0.400 10/12/1993
0.800 0.800 0.800 0.700 0.600 0.800 0.700 0.800 0.800 0.600 0.800 0.800 0.800 0.800 0.600 0.800 0.900 0.800 0.800 0.800 0.900 0.800 0.800 0.800 0.800 1.000 0.900 0.900 0.900 0.800 11/12/1993
0.300 0.300 0.300 0.400 0.300 0.300 0.200 0.300 0.400 0.300 0.300 0.300 0.400 0.300 0.300 0.400 0.600 0.400 0.300 0.300 0.400 0.600 0.400 0.400 0.400 0.400 0.600 0.400 0.400 0.300 12/12/1993
0.700 0.700 0.700 0.800 0.700 0.700 0.700 0.700 0.800 0.700 0.700 0.700 0.800 0.700 0.700 0.600 0.600 0.800 0.700 0.700 0.600 0.500 0.800 0.800 0.800 0.600 0.600 0.800 0.800 0.700 13/12/1993
0.600 0.600 0.600 0.400 0.100 0.600 0.500 0.600 0.300 0.200 0.600 0.600 0.400 0.300 0.200 0.500 0.500 0.300 0.300 0.300 0.500 0.500 0.300 0.400 0.400 0.600 0.500 0.400 0.400 0.300 14/12/1993
0.300 0.300 0.300 0.400 0.100 0.300 0.300 0.300 0.300 0.100 0.300 0.300 0.300 0.300 0.100 0.400 0.400 0.300 0.300 0.300 0.400 0.400 0.300 0.300 0.300 0.400 0.400 0.300 0.300 0.300 15/12/1993
0.800 0.800 0.700 0.700 0.500 0.700 0.700 0.700 0.700 0.500 0.700 0.700 0.700 0.700 0.500 0.800 0.900 0.700 0.700 0.700 0.800 0.900 0.700 0.700 0.700 0.900 0.900 0.800 0.700 0.700 16/12/1993
0.600 0.500 0.500 0.600 0.200 0.500 0.500 0.500 0.400 0.200 0.500 0.500 0.400 0.400 0.200 0.500 0.600 0.400 0.400 0.400 0.600 0.600 0.400 0.400 0.400 0.600 0.600 0.500 0.500 0.400 17/12/1993
1.200 1.200 1.200 1.000 0.800 1.100 1.100 1.100 1.000 0.800 1.100 1.200 1.000 1.000 0.900 0.900 1.000 1.000 0.900 0.900 1.000 1.000 1.000 1.000 1.000 1.000 1.100 1.000 1.000 0.900 18/12/1993
0.500 0.500 0.500 0.500 0.500 0.500 0.500 0.500 0.600 0.500 0.500 0.500 0.600 0.600 0.500 0.400 0.500 0.600 0.600 0.600 0.500 0.500 0.600 0.600 0.600 0.500 0.500 0.600 0.600 0.600 19/12/1993
0.500 0.400 0.400 0.400 0.500 0.400 0.400 0.400 0.700 0.500 0.400 0.400 0.800 0.700 0.500 0.600 0.800 0.700 0.700 0.700 0.600 0.800 0.700 0.800 0.800 0.600 0.900 0.800 0.800 0.700 20/12/1993
1.000 0.900 0.900 0.800 0.600 0.900 0.900 0.900 0.900 0.600 0.900 0.900 0.900 0.800 0.600 0.700 0.700 0.900 0.800 0.800 0.700 0.700 0.800 0.900 0.900 0.700 0.800 0.900 0.900 0.800 21/12/1993
0.200 0.200 0.200 0.200 0.100 0.200 0.200 0.200 0.200 0.100 0.200 0.200 0.200 0.200 0.100 0.200 0.200 0.200 0.200 0.200 0.200 0.200 0.200 0.200 0.200 0.200 0.200 0.200 0.200 0.200 22/12/1993
0.500 0.500 0.500 0.400 0.400 0.500 0.500 0.500 0.500 0.500 0.500 0.500 0.500 0.500 0.500 0.300 0.600 0.500 0.500 0.500 0.300 0.600 0.500 0.500 0.500 0.300 0.700 0.500 0.500 0.500 23/12/1993
1.200 1.200 1.200 1.000 1.000 1.200 1.200 1.200 1.200 1.000 1.200 1.200 1.300 1.200 1.000 1.000 1.000 1.300 1.200 1.200 1.000 1.000 1.200 1.300 1.300 1.000 1.000 1.300 1.300 1.200 24/12/1993
0.900 0.900 0.900 0.700 0.800 0.900 0.900 0.900 0.800 0.800 0.900 0.900 0.800 0.800 0.800 0.900 1.000 0.800 0.800 0.800 0.900 1.000 0.800 0.800 0.800 0.900 1.000 0.800 0.800 0.800 25/12/1993
0.500 0.500 0.400 0.400 0.600 0.400 0.400 0.400 0.500 0.600 0.400 0.400 0.500 0.500 0.600 0.500 0.700 0.500 0.500 0.500 0.600 0.700 0.500 0.600 0.600 0.600 0.700 0.600 0.600 0.500 26/12/1993
0.800 0.700 0.700 0.400 0.500 0.700 0.600 0.700 0.500 0.500 0.700 0.700 0.500 0.500 0.500 0.600 0.600 0.500 0.500 0.500 0.600 0.600 0.500 0.500 0.500 0.700 0.600 0.500 0.500 0.500 27/12/1993
0.600 0.600 0.600 0.700 0.400 0.600 0.600 0.600 0.500 0.400 0.600 0.600 0.500 0.500 0.400 0.500 0.600 0.500 0.500 0.500 0.500 0.600 0.500 0.500 0.500 0.600 0.600 0.500 0.500 0.500 28/12/1993
0.300 0.300 0.300 0.200 0.200 0.200 0.200 0.200 0.200 0.200 0.200 0.200 0.200 0.200 0.200 0.300 0.300 0.200 0.200 0.200 0.300 0.300 0.200 0.200 0.200 0.300 0.400 0.300 0.200 0.200 29/12/1993
0.500 0.500 0.500 0.700 0.600 0.500 0.400 0.500 0.800 0.700 0.500 0.500 0.800 0.800 0.700 0.500 0.700 0.800 0.700 0.700 0.500 0.700 0.800 0.800 0.800 0.500 0.700 0.900 0.900 0.700 30/12/1993
0.300 0.300 0.300 0.400 0.200 0.300 0.300 0.300 0.300 0.300 0.300 0.300 0.300 0.300 0.300 0.200 0.300 0.300 0.300 0.300 0.200 0.300 0.300 0.400 0.400 0.300 0.300 0.400 0.400 0.300 31/12/1993
1.100 1.100 1.100 0.800 0.400 1.100 1.000 1.100 0.800 0.500 1.100 1.100 0.900 0.800 0.500 1.000 0.800 0.800 0.800 0.800 1.000 0.800 0.800 0.900 0.900 1.000 0.900 0.900 0.900 0.800 01/01/1994
0.300 0.300 0.200 0.200 0.200 0.200 0.200 0.200 0.200 0.200 0.200 0.200 0.200 0.200 0.200 0.200 0.200 0.200 0.200 0.200 0.200 0.200 0.200 0.200 0.200 0.200 0.200 0.200 0.200 0.200 02/01/1994
0.700 0.700 0.600 0.700 0.400 0.600 0.600 0.600 0.600 0.400 0.600 0.600 0.600 0.600 0.400 0.400 0.500 0.600 0.600 0.600 0.400 0.500 0.600 0.600 0.600 0.400 0.500 0.600 0.600 0.600 03/01/1994
0.500 0.500 0.500 0.700 0.200 0.500 0.500 0.500 0.300 0.300 0.500 0.500 0.300 0.300 0.300 0.500 0.600 0.300 0.300 0.300 0.500 0.600 0.300 0.400 0.400 0.500 0.600 0.400 0.400 0.300 04/01/1994
0.500 0.500 0.600 0.600 0.300 0.600 0.600 0.600 0.500 0.300 0.600 0.600 0.500 0.500 0.300 0.500 0.600 0.500 0.500 0.500 0.500 0.600 0.500 0.500 0.500 0.500 0.600 0.500 0.500 0.500 05/01/1994
0.200 0.200 0.200 0.300 0.200 0.200 0.200 0.200 0.200 0.200 0.200 0.200 0.200 0.200 0.200 0.200 0.200 0.200 0.200 0.200 0.200 0.200 0.200 0.200 0.200 0.200 0.200 0.200 0.200 0.200 06/01/1994
0.700 0.700 0.700 0.700 0.300 0.700 0.700 0.700 0.500 0.300 0.700 0.700 0.500 0.500 0.300 0.500 0.600 0.500 0.500 0.500 0.600 0.600 0.500 0.500 0.500 0.600 0.600 0.600 0.600 0.500 07/01/1994
0.300 0.300 0.300 0.300 0.300 0.300 0.300 0.300 0.300 0.300 0.300 0.300 0.300 0.300 0.300 0.400 0.300 0.300 0.300 0.300 0.300 0.300 0.300 0.300 0.300 0.300 0.300 0.400 0.300 0.300 08/01/1994
0.500 0.500 0.500 0.700 0.400 0.500 0.500 0.500 0.400 0.400 0.500 0.500 0.400 0.400 0.400 0.300 0.300 0.400 0.400 0.400 0.300 0.300 0.400 0.400 0.400 0.400 0.400 0.500 0.500 0.400 09/01/1994
0.400 0.300 0.300 0.300 0.200 0.300 0.300 0.300 0.200 0.200 0.300 0.300 0.200 0.200 0.200 0.300 0.300 0.200 0.200 0.200 0.300 0.300 0.200 0.200 0.200 0.300 0.400 0.300 0.300 0.200 10/01/1994
0.700 0.600 0.600 0.500 0.200 0.600 0.600 0.600 0.500 0.300 0.600 0.600 0.500 0.500 0.300 0.500 0.600 0.500 0.400 0.400 0.500 0.600 0.500 0.500 0.500 0.500 0.600 0.500 0.500 0.400 11/01/1994
0.500 0.500 0.500 0.300 0.400 0.500 0.400 0.500 0.400 0.400 0.500 0.500 0.400 0.400 0.400 0.400 0.500 0.400 0.400 0.400 0.400 0.500 0.400 0.400 0.400 0.400 0.500 0.500 0.500 0.400 12/01/1994
0.500 0.500 0.500 0.400 0.400 0.500 0.400 0.500 0.700 0.400 0.500 0.500 0.700 0.600 0.500 0.600 0.700 0.700 0.600 0.600 0.600 0.700 0.700 0.700 0.700 0.600 0.700 0.700 0.700 0.600 13/01/1994
0.700 0.600 0.600 0.500 0.200 0.600 0.600 0.600 0.500 0.200 0.600 0.600 0.500 0.400 0.200 0.500 0.500 0.500 0.400 0.400 0.500 0.500 0.500 0.500 0.500 0.600 0.500 0.500 0.500 0.400 14/01/1994
0.300 0.300 0.300 0.300 0.200 0.300 0.300 0.300 0.400 0.300 0.300 0.300 0.400 0.400 0.300 0.300 0.400 0.400 0.400 0.400 0.300 0.400 0.400 0.400 0.400 0.300 0.400 0.500 0.400 0.400 15/01/1994
0.700 0.600 0.600 0.600 0.300 0.600 0.600 0.600 0.400 0.300 0.600 0.600 0.400 0.400 0.300 0.500 0.600 0.400 0.400 0.400 0.600 0.600 0.400 0.400 0.400 0.600 0.700 0.500 0.500 0.400 16/01/1994
0.900 0.900 0.800 0.600 0.700 0.800 0.800 0.800 0.900 0.700 0.800 0.800 0.900 0.800 0.700 0.800 0.800 0.900 0.800 0.800 0.800 0.800 0.900 0.900 0.900 0.900 0.800 1.000 0.900 0.800 17/01/1994
0.800 0.800 0.800 0.700 0.900 0.700 0.700 0.700 0.900 0.900 0.700 0.700 1.000 0.900 1.000 1.000 1.000 0.900 0.900 0.900 1.000 1.000 0.900 1.000 1.000 1.100 1.100 1.000 1.000 0.900 18/01/1994
0.400 0.400 0.400 0.400 0.200 0.300 0.300 0.300 0.200 0.200 0.400 0.400 0.200 0.200 0.200 0.300 0.300 0.200 0.200 0.200 0.400 0.300 0.200 0.200 0.200 0.400 0.300 0.200 0.200 0.200 19/01/1994
0.400 0.400 0.400 0.300 0.600 0.300 0.300 0.300 0.400 0.700 0.300 0.400 0.400 0.400 0.700 0.400 0.500 0.400 0.400 0.400 0.400 0.500 0.400 0.500 0.500 0.500 0.500 0.500 0.500 0.400 20/01/1994
0.500 0.500 0.500 0.300 0.800 0.500 0.400 0.500 0.800 0.800 0.500 0.500 0.800 0.700 0.800 0.400 0.500 0.800 0.700 0.700 0.500 0.500 0.800 0.800 0.800 0.500 0.500 0.800 0.800 0.700 21/01/1994
0.500 0.500 0.500 0.400 0.400 0.400 0.400 0.400 0.400 0.500 0.400 0.500 0.500 0.400 0.500 0.500 0.500 0.500 0.400 0.400 0.500 0.500 0.400 0.500 0.500 0.500 0.500 0.500 0.500 0.400 22/01/1994
0.900 0.900 0.900 0.900 0.800 0.900 0.900 0.900 0.900 0.800 0.900 0.900 0.900 0.900 0.900 0.700 0.900 0.900 0.900 0.900 0.700 0.900 0.900 0.900 0.900 0.700 0.900 1.000 1.000 0.900 23/01/1994
0.200 0.200 0.200 0.300 0.200 0.200 0.200 0.200 0.300 0.300 0.200 0.200 0.300 0.300 0.300 0.200 0.200 0.300 0.300 0.300 0.200 0.200 0.300 0.300 0.300 0.300 0.200 0.300 0.300 0.300 24/01/1994
0.500 0.500 0.500 0.400 0.400 0.500 0.500 0.500 0.500 0.400 0.500 0.500 0.500 0.400 0.400 0.400 0.500 0.500 0.400 0.400 0.500 0.500 0.500 0.500 0.500 0.500 0.500 0.500 0.500 0.400 25/01/1994
1.300 1.300 1.300 1.100 1.100 1.300 1.300 1.300 1.200 1.100 1.300 1.300 1.200 1.200 1.100 1.200 1.200 1.200 1.200 1.200 1.300 1.200 1.200 1.200 1.200 1.300 1.200 1.200 1.200 1.200 26/01/1994
0.600 0.600 0.600 0.600 0.500 0.600 0.600 0.600 0.600 0.500 0.600 0.600 0.600 0.600 0.500 0.600 0.700 0.600 0.600 0.600 0.600 0.700 0.600 0.600 0.600 0.600 0.700 0.600 0.600 0.600 27/01/1994
1.600 1.600 1.500 1.200 0.900 1.500 1.400 1.500 1.300 0.900 1.500 1.500 1.300 1.300 1.000 1.300 1.200 1.300 1.300 1.300 1.400 1.200 1.300 1.300 1.300 1.400 1.200 1.300 1.300 1.300 28/01/1994
0.900 0.900 0.900 0.600 0.700 0.800 0.800 0.800 0.700 0.700 0.800 0.800 0.800 0.700 0.800 0.900 0.800 0.800 0.700 0.700 0.900 0.800 0.700 0.800 0.800 1.000 0.800 0.800 0.800 0.700 29/01/1994
1.600 1.500 1.500 1.300 1.400 1.500 1.500 1.500 1.600 1.400 1.500 1.500 1.600 1.600 1.400 1.400 1.500 1.600 1.500 1.600 1.400 1.500 1.600 1.600 1.600 1.500 1.500 1.600 1.600 1.500 30/01/1994
1.200 1.100 1.100 1.000 1.100 1.100 1.000 1.100 1.200 1.100 1.100 1.100 1.200 1.200 1.100 1.300 1.400 1.200 1.100 1.100 1.300 1.400 1.200 1.200 1.200 1.400 1.400 1.300 1.300 1.100 31/01/1994
0.900 0.800 0.800 0.700 0.700 0.800 0.800 0.800 0.900 0.700 0.800 0.800 0.900 0.900 0.700 0.600 0.800 0.900 0.800 0.800 0.600 0.800 0.900 0.900 0.900 0.700 0.800 1.000 1.000 0.800 01/02/1994
1.000 1.000 1.000 1.000 0.700 1.000 1.000 1.000 0.700 0.700 1.000 1.000 0.700 0.700 0.700 0.700 0.500 0.700 0.700 0.700 0.700 0.500 0.700 0.700 0.700 0.800 0.500 0.700 0.700 0.700 02/02/1994
0.600 0.600 0.600 0.600 0.400 0.500 0.500 0.500 0.600 0.400 0.500 0.500 0.600 0.600 0.400 0.300 0.500 0.600 0.600 0.600 0.400 0.500 0.600 0.600 0.600 0.400 0.500 0.700 0.600 0.600 03/02/1994
0.200 0.200 0.200 0.300 0.100 0.200 0.200 0.200 0.100 0.100 0.200 0.200 0.100 0.100 0.100 0.100 0.200 0.100 0.100 0.100 0.100 0.200 0.100 0.100 0.100 0.100 0.200 0.100 0.100 0.100 04/02/1994
0.700 0.600 0.600 0.800 0.200 0.600 0.500 0.600 0.400 0.300 0.600 0.600 0.400 0.400 0.300 0.700 0.600 0.400 0.400 0.400 0.800 0.600 0.400 0.400 0.400 0.900 0.600 0.400 0.400 0.400 05/02/1994
1.100 1.100 1.100 0.800 0.700 1.000 1.000 1.000 0.900 0.700 1.000 1.000 0.900 0.800 0.800 0.700 0.700 0.900 0.800 0.800 0.700 0.700 0.900 0.900 0.900 0.800 0.700 0.900 0.900 0.800 06/02/1994
1.000 0.900 0.900 0.800 0.400 0.900 0.800 0.900 0.600 0.400 0.900 0.900 0.600 0.600 0.500 0.700 0.700 0.600 0.600 0.600 0.700 0.700 0.600 0.600 0.600 0.800 0.700 0.600 0.600 0.600 07/02/1994
0.700 0.700 0.700 0.500 0.200 0.700 0.600 0.700 0.400 0.300 0.700 0.700 0.400 0.400 0.300 0.900 0.900 0.400 0.400 0.400 0.900 0.900 0.400 0.400 0.400 1.000 1.000 0.500 0.500 0.400 08/02/1994
0.300 0.300 0.300 0.400 0.400 0.300 0.300 0.300 0.400 0.400 0.300 0.300 0.400 0.400 0.400 0.300 0.500 0.400 0.400 0.400 0.300 0.500 0.400 0.400 0.400 0.300 0.500 0.300 0.300 0.400 09/02/1994
1.300 1.300 1.300 0.800 1.000 1.300 1.200 1.300 1.100 1.000 1.300 1.300 1.100 1.000 1.100 1.300 1.400 1.100 1.000 1.000 1.300 1.300 1.000 1.100 1.100 1.300 1.400 1.100 1.100 1.000 10/02/1994
0.300 0.300 0.300 0.300 0.400 0.300 0.300 0.300 0.400 0.400 0.300 0.300 0.400 0.400 0.400 0.300 0.300 0.400 0.400 0.400 0.300 0.300 0.400 0.400 0.400 0.300 0.300 0.400 0.400 0.400 11/02/1994
1.500 1.500 1.500 1.400 1.600 1.400 1.400 1.400 1.800 1.600 1.400 1.400 1.800 1.700 1.700 1.000 1.100 1.800 1.700 1.700 1.100 1.100 1.800 1.800 1.800 1.100 1.200 1.900 1.900 1.700 12/02/1994
1.200 1.200 1.200 1.200 1.000 1.200 1.200 1.200 1.100 1.000 1.200 1.200 1.100 1.100 1.000 1.200 1.200 1.100 1.100 1.100 1.200 1.200 1.100 1.100 1.100 1.200 1.200 1.100 1.100 1.100 13/02/1994
1.100 1.100 1.100 0.700 0.500 1.100 1.100 1.100 0.600 0.500 1.100 1.100 0.600 0.600 0.500 1.100 1.100 0.600 0.600 0.600 1.100 1.100 0.600 0.600 0.600 1.100 1.100 0.700 0.700 0.600 14/02/1994
0.900 0.900 0.900 0.900 1.000 0.900 0.800 0.900 1.200 1.000 0.900 0.900 1.200 1.200 1.000 0.700 1.000 1.200 1.100 1.100 0.800 1.000 1.200 1.200 1.200 0.800 1.100 1.300 1.200 1.100 15/02/1994
1.800 1.800 1.700 1.400 1.300 1.700 1.600 1.700 1.500 1.300 1.700 1.700 1.600 1.500 1.300 1.500 1.500 1.500 1.500 1.500 1.600 1.500 1.500 1.600 1.600 1.700 1.600 1.600 1.600 1.500 16/02/1994
1.500 1.500 1.500 0.700 0.900 1.400 1.400 1.400 1.200 0.900 1.400 1.400 1.200 1.100 0.900 1.400 1.400 1.200 1.100 1.100 1.400 1.400 1.200 1.200 1.200 1.400 1.400 1.200 1.200 1.100 17/02/1994
0.600 0.600 0.600 0.500 0.100 0.600 0.600 0.600 0.300 0.100 0.600 0.600 0.300 0.300 0.200 0.900 0.900 0.300 0.200 0.300 0.900 0.900 0.300 0.300 0.300 0.900 0.900 0.300 0.300 0.200 18/02/1994
1.400 1.300 1.300 1.100 0.900 1.300 1.300 1.300 1.200 0.900 1.300 1.300 1.200 1.200 1.000 1.500 1.500 1.200 1.100 1.200 1.600 1.500 1.200 1.200 1.200 1.700 1.600 1.300 1.200 1.100 19/02/1994
1.300 1.300 1.200 1.000 0.700 1.200 1.200 1.200 1.100 0.800 1.200 1.200 1.100 1.000 0.800 1.000 1.000 1.100 1.000 1.000 1.000 0.900 1.100 1.100 1.100 1.100 1.000 1.100 1.100 1.000 20/02/1994
1.500 1.500 1.400 1.300 1.100 1.400 1.400 1.400 1.300 1.100 1.400 1.400 1.400 1.300 1.100 1.300 1.200 1.400 1.300 1.300 1.300 1.200 1.300 1.400 1.400 1.300 1.200 1.400 1.400 1.300 21/02/1994
2.000 2.000 2.000 1.700 1.400 1.900 1.900 1.900 1.600 1.400 1.900 1.900 1.700 1.600 1.400 1.300 1.100 1.600 1.600 1.600 1.300 1.100 1.600 1.700 1.700 1.400 1.100 1.700 1.700 1.600 22/02/1994
1.800 1.800 1.800 1.600 1.200 1.800 1.700 1.800 1.300 1.200 1.800 1.800 1.300 1.300 1.200 1.500 1.800 1.300 1.300 1.300 1.500 1.800 1.300 1.300 1.300 1.600 1.800 1.300 1.300 1.300 23/02/1994
1.000 1.000 0.900 1.200 0.700 0.900 0.900 0.900 0.700 0.700 0.900 0.900 0.700 0.700 0.700 1.200 1.200 0.700 0.700 0.700 1.300 1.200 0.700 0.700 0.700 1.300 1.300 0.800 0.800 0.700 24/02/1994
1.800 1.800 1.700 1.500 1.300 1.700 1.600 1.700 1.200 1.300 1.700 1.700 1.300 1.200 1.300 1.500 1.700 1.200 1.200 1.200 1.600 1.700 1.200 1.300 1.300 1.700 1.700 1.300 1.300 1.200 25/02/1994
3.500 3.500 3.600 3.500 2.700 3.600 3.600 3.600 2.900 2.700 3.600 3.600 2.900 2.900 2.700 2.800 2.700 2.900 2.900 2.900 2.800 2.700 2.900 2.900 2.900 2.800 2.700 3.000 3.000 2.900 26/02/1994
2.200 2.200 2.200 1.700 1.500 2.100 2.100 2.100 1.900 1.500 2.200 2.200 1.900 1.900 1.500 2.100 2.000 1.900 1.800 1.800 2.100 2.000 1.900 1.900 1.900 2.200 2.000 2.000 2.000 1.800 27/02/1994
2.100 2.100 2.100 1.700 1.600 2.000 2.000 2.000 1.600 1.600 2.000 2.000 1.600 1.600 1.600 1.900 1.700 1.600 1.600 1.600 1.900 1.700 1.600 1.600 1.600 2.000 1.700 1.600 1.600 1.600 28/02/1994
1.900 1.900 1.900 1.500 1.000 1.800 1.800 1.800 1.300 1.100 1.800 1.800 1.400 1.300 1.100 1.800 2.000 1.300 1.300 1.300 1.800 2.000 1.300 1.400 1.400 1.900 2.000 1.400 1.400 1.300 01/03/1994
0.600 0.600 0.600 0.500 0.500 0.600 0.600 0.600 0.600 0.500 0.600 0.600 0.600 0.600 0.600 0.600 0.500 0.600 0.600 0.600 0.600 0.500 0.600 0.600 0.600 0.600 0.500 0.600 0.600 0.600 02/03/1994
0.700 0.700 0.600 0.700 0.600 0.600 0.500 0.600 0.500 0.600 0.600 0.600 0.600 0.500 0.600 0.600 0.800 0.500 0.500 0.500 0.600 0.700 0.500 0.600 0.600 0.700 0.800 0.600 0.600 0.500 03/03/1994
2.300 2.200 2.200 1.700 1.900 2.100 2.100 2.100 1.800 1.900 2.200 2.200 1.900 1.800 1.900 2.000 2.000 1.800 1.800 1.800 2.000 1.900 1.800 1.900 1.900 2.100 2.000 2.000 1.900 1.800 04/03/1994
2.200 2.200 2.200 2.000 1.900 2.200 2.200 2.200 1.900 1.900 2.200 2.200 1.900 1.900 1.900 2.000 1.900 1.900 1.900 1.900 2.000 1.900 1.900 1.900 1.900 2.100 1.900 1.900 1.900 1.900 05/03/1994
2.500 2.500 2.500 2.100 1.600 2.400 2.400 2.400 1.900 1.700 2.400 2.400 2.000 1.900 1.700 2.500 2.300 1.900 1.900 1.900 2.500 2.300 1.900 2.000 2.000 2.600 2.400 2.000 2.000 1.900 06/03/1994
2.300 2.200 2.200 2.000 1.900 2.200 2.100 2.200 2.100 1.900 2.200 2.200 2.100 2.100 1.900 2.200 2.200 2.100 2.000 2.000 2.200 2.200 2.100 2.100 2.100 2.300 2.300 2.200 2.100 2.000 07/03/1994
2.200 2.200 2.200 1.200 1.800 2.100 2.100 2.100 1.900 1.800 2.200 2.200 1.900 1.900 1.800 2.300 2.400 1.900 1.900 1.900 2.300 2.300 1.900 1.900 1.900 2.400 2.400 2.000 2.000 1.900 08/03/1994
3.300 3.300 3.300 2.800 2.700 3.200 3.200 3.200 3.100 2.700 3.300 3.300 3.100 3.000 2.700 2.900 2.900 3.100 3.000 3.000 2.900 2.900 3.100 3.100 3.100 3.000 3.000 3.100 3.100 3.000 09/03/1994
2.500 2.500 2.400 2.100 1.600 2.400 2.300 2.400 1.800 1.600 2.400 2.400 1.800 1.800 1.600 2.200 2.200 1.800 1.700 1.700 2.200 2.200 1.800 1.800 1.800 2.300 2.300 1.900 1.800 1.700 10/03/1994
2.100 2.100 2.100 1.700 1.200 2.000 2.000 2.000 1.000 1.200 2.000 2.000 1.000 1.000 1.200 1.800 1.800 1.000 1.000 1.000 1.800 1.800 1.000 1.000 1.000 1.900 1.800 1.100 1.100 1.000 11/03/1994
1.800 1.800 1.800 1.400 0.700 1.700 1.700 1.700 1.000 0.700 1.700 1.700 1.000 1.000 0.800 1.600 1.700 1.000 1.000 1.000 1.700 1.700 1.000 1.000 1.000 1.800 1.700 1.100 1.100 1.000 12/03/1994
0.900 0.900 0.800 0.800 0.600 0.800 0.800 0.800 0.700 0.600 0.800 0.800 0.700 0.700 0.600 1.200 1.300 0.700 0.700 0.700 1.200 1.200 0.700 0.800 0.800 1.200 1.300 0.800 0.800 0.700 13/03/1994
2.300 2.200 2.200 2.100 1.900 2.200 2.100 2.200 2.000 1.900 2.200 2.200 2.000 2.000 2.000 2.400 2.500 2.000 1.900 1.900 2.500 2.500 2.000 2.000 2.000 2.500 2.500 2.100 2.100 1.900 14/03/1994
1.700 1.600 1.600 0.900 1.000 1.600 1.500 1.600 0.900 1.000 1.600 1.600 1.000 0.900 1.000 2.000 2.000 0.900 0.900 0.900 2.100 2.000 0.900 1.000 1.000 2.100 2.000 1.000 1.000 0.900 15/03/1994
2.000 2.000 1.900 2.000 1.200 1.900 1.900 1.900 1.300 1.200 1.900 1.900 1.300 1.200 1.200 1.500 1.100 1.300 1.200 1.200 1.500 1.000 1.300 1.300 1.300 1.500 1.100 1.300 1.300 1.200 16/03/1994
2.300 2.300 2.300 2.200 2.100 2.200 2.200 2.200 2.200 2.100 2.200 2.200 2.200 2.200 2.200 2.000 2.400 2.200 2.200 2.200 2.100 2.400 2.200 2.200 2.200 2.100 2.500 2.300 2.300 2.200 17/03/1994
2.300 2.300 2.300 1.700 1.800 2.200 2.200 2.200 1.900 1.800 2.300 2.300 1.900 1.800 1.800 2.200 2.200 1.900 1.800 1.800 2.300 2.100 1.900 1.900 1.900 2.300 2.200 2.000 1.900 1.800 18/03/1994
2.300 2.300 2.300 1.300 1.200 2.200 2.200 2.200 1.400 1.200 2.200 2.300 1.500 1.400 1.200 2.200 2.100 1.500 1.400 1.400 2.300 2.100 1.400 1.500 1.500 2.300 2.100 1.500 1.500 1.400 19/03/1994
1.300 1.300 1.300 1.100 1.100 1.200 1.200 1.200 1.300 1.100 1.300 1.300 1.300 1.300 1.100 1.400 1.600 1.300 1.300 1.300 1.400 1.600 1.300 1.300 1.300 1.500 1.700 1.300 1.300 1.300 20/03/1994
2.400 2.400 2.300 1.700 1.100 2.300 2.200 2.300 1.200 1.100 2.300 2.300 1.200 1.200 1.100 2.100 2.000 1.200 1.200 1.200 2.200 2.000 1.200 1.200 1.200 2.200 2.000 1.300 1.300 1.200 21/03/1994
1.400 1.400 1.300 1.500 1.300 1.300 1.200 1.300 1.200 1.300 1.300 1.300 1.200 1.100 1.300 1.400 1.900 1.200 1.100 1.100 1.400 1.900 1.200 1.200 1.200 1.500 1.900 1.200 1.200 1.100 22/03/1994
2.500 2.500 2.500 1.900 1.700 2.400 2.400 2.400 2.100 1.700 2.400 2.500 2.100 2.100 1.800 2.200 1.900 2.100 2.100 2.100 2.200 1.900 2.100 2.200 2.200 2.300 2.000 2.200 2.200 2.100 23/03/1994
3.500 3.500 3.400 3.300 3.000 3.400 3.400 3.400 3.100 3.000 3.400 3.400 3.100 3.100 3.000 3.300 3.300 3.100 3.000 3.000 3.300 3.300 3.100 3.100 3.100 3.400 3.400 3.200 3.200 3.000 24/03/1994
2.800 2.800 2.800 2.700 3.100 2.700 2.600 2.700 3.100 3.100 2.700 2.700 3.100 3.100 3.200 3.300 3.300 3.100 3.100 3.100 3.400 3.300 3.100 3.100 3.100 3.500 3.300 3.200 3.200 3.100 25/03/1994
3.300 3.300 3.200 3.000 2.800 3.200 3.100 3.200 3.100 2.800 3.200 3.200 3.200 3.100 2.900 3.300 3.200 3.100 3.100 3.100 3.300 3.200 3.100 3.200 3.200 3.400 3.300 3.200 3.200 3.100 26/03/1994
2.700 2.700 2.700 2.400 2.300 2.700 2.700 2.700 2.300 2.300 2.700 2.700 2.300 2.300 2.300 2.800 2.800 2.300 2.300 2.300 2.800 2.800 2.300 2.300 2.300 2.800 2.800 2.300 2.300 2.300 27/03/1994
2.400 2.400 2.300 1.900 1.900 2.300 2.300 2.300 1.800 1.900 2.300 2.300 1.800 1.800 1.900 2.100 2.200 1.800 1.800 1.800 2.100 2.200 1.800 1.800 1.800 2.100 2.200 1.900 1.900 1.800 28/03/1994
2.800 2.800 2.800 2.300 2.300 2.700 2.600 2.700 2.600 2.400 2.700 2.700 2.700 2.600 2.400 2.700 2.700 2.600 2.600 2.600 2.800 2.700 2.600 2.700 2.700 2.800 2.800 2.800 2.700 2.600 29/03/1994
3.100 3.100 3.100 3.000 3.200 3.100 3.000 3.100 2.900 3.300 3.100 3.100 2.900 2.900 3.300 2.800 2.800 2.900 2.900 2.900 2.800 2.800 2.900 2.900 2.900 2.800 2.800 2.900 2.900 2.900 30/03/1994
1.700 1.700 1.700 1.800 1.500 1.700 1.700 1.700 1.600 1.500 1.700 1.700 1.600 1.500 1.500 1.800 2.200 1.600 1.500 1.500 1.800 2.200 1.600 1.600 1.600 1.900 2.200 1.600 1.600 1.500 31/03/1994
2.200 2.200 2.200 1.200 2.100 2.100 2.100 2.100 2.000 2.200 2.100 2.100 2.100 2.000 2.200 1.900 3.100 2.000 2.000 2.000 1.900 3.100 2.000 2.100 2.100 1.900 3.100 2.100 2.100 2.000 01/04/1994
2.000 2.000 2.000 2.200 1.200 2.000 2.000 2.000 1.200 1.200 2.000 2.000 1.300 1.200 1.300 1.500 1.400 1.200 1.200 1.200 1.600 1.400 1.200 1.300 1.300 1.700 1.400 1.300 1.300 1.200 02/04/1994
1.500 1.500 1.500 1.700 1.500 1.500 1.500 1.500 1.400 1.500 1.500 1.500 1.400 1.400 1.500 1.200 1.200 1.400 1.300 1.300 1.200 1.200 1.400 1.400 1.400 1.200 1.200 1.500 1.400 1.300 03/04/1994
0.900 0.800 0.800 1.000 0.800 0.800 0.800 0.800 0.800 0.800 0.800 0.800 0.800 0.800 0.800 0.800 0.800 0.800 0.800 0.800 0.800 0.800 0.800 0.800 0.800 0.900 0.800 0.800 0.800 0.800 04/04/1994
1.500 1.500 1.500 1.900 2.100 1.400 1.400 1.400 2.000 2.100 1.400 1.400 2.000 2.000 2.100 1.700 2.100 2.000 2.000 2.000 1.700 2.100 2.000 2.000 2.000 1.800 2.100 2.100 2.100 2.000 05/04/1994
1.100 1.100 1.100 1.200 1.100 1.100 1.100 1.100 1.100 1.100 1.100 1.100 1.100 1.100 1.100 1.000 0.900 1.100 1.000 1.000 1.000 0.900 1.100 1.100 1.100 1.100 0.900 1.100 1.100 1.000 06/04/1994
1.300 1.200 1.200 1.100 0.700 1.200 1.200 1.200 0.900 0.700 1.200 1.200 0.900 0.900 0.700 1.700 1.700 0.900 0.800 0.900 1.700 1.700 0.900 0.900 0.900 1.700 1.700 0.900 0.900 0.800 07/04/1994
2.000 1.900 1.900 2.000 1.700 1.900 1.900 1.900 1.900 1.800 1.900 1.900 1.900 1.900 1.800 1.200 2.000 1.900 1.900 1.900 1.200 2.000 1.900 2.000 2.000 1.100 2.000 2.000 2.000 1.900 08/04/1994
1.600 1.600 1.600 1.500 1.300 1.600 1.600 1.600 1.200 1.300 1.600 1.600 1.200 1.200 1.300 1.800 1.500 1.200 1.100 1.100 1.800 1.500 1.200 1.200 1.200 1.800 1.500 1.200 1.200 1.100 09/04/1994
1.500 1.500 1.500 1.200 1.000 1.400 1.400 1.400 1.100 1.000 1.500 1.500 1.100 1.100 1.000 1.400 1.200 1.100 1.100 1.100 1.400 1.200 1.100 1.100 1.200 1.400 1.200 1.200 1.200 1.100 10/04/1994
2.200 2.200 2.200 1.500 1.400 2.200 2.100 2.200 1.600 1.400 2.200 2.200 1.600 1.600 1.400 2.700 2.500 1.600 1.500 1.500 2.700 2.500 1.600 1.600 1.600 2.800 2.500 1.700 1.700 1.500 11/04/1994
2.900 2.900 2.900 2.300 2.200 2.900 2.800 2.900 2.200 2.200 2.900 2.900 2.300 2.200 2.200 2.900 2.700 2.200 2.200 2.200 2.900 2.700 2.200 2.300 2.300 3.000 2.700 2.300 2.300 2.200 12/04/1994
0.900 0.900 0.900 0.800 1.200 0.900 0.900 0.900 1.100 1.200 0.900 0.900 1.100 1.000 1.300 1.100 1.200 1.100 1.000 1.000 1.100 1.200 1.100 1.100 1.100 1.100 1.200 1.100 1.100 1.000 13/04/1994
2.300 2.300 2.300 2.000 1.200 2.200 2.200 2.200 1.500 1.200 2.200 2.300 1.500 1.500 1.200 2.200 1.900 1.500 1.500 1.500 2.200 1.800 1.500 1.500 1.500 2.300 1.900 1.500 1.500 1.500 14/04/1994
2.200 2.100 2.100 1.900 2.000 2.100 2.100 2.100 2.200 2.100 2.100 2.100 2.300 2.200 2.100 2.300 2.500 2.200 2.200 2.200 2.300 2.400 2.200 2.300 2.300 2.400 2.500 2.300 2.300 2.200 15/04/1994
2.200 2.200 2.200 1.900 2.100 2.200 2.100 2.200 2.000 2.200 2.200 2.200 2.000 2.000 2.200 2.400 2.500 2.000 2.000 2.000 2.400 2.400 2.000 2.000 2.000 2.500 2.500 2.000 2.000 2.000 16/04/1994
1.000 1.000 1.000 1.000 0.800 0.900 0.900 0.900 0.800 0.800 0.900 0.900 0.800 0.800 0.900 0.700 0.700 0.800 0.800 0.800 0.700 0.700 0.800 0.800 0.800 0.700 0.700 0.800 0.800 0.800 17/04/1994
2.700 2.600 2.600 2.500 2.200 2.600 2.500 2.600 2.300 2.200 2.600 2.600 2.300 2.300 2.300 2.400 2.400 2.300 2.200 2.300 2.400 2.400 2.300 2.400 2.400 2.500 2.500 2.400 2.400 2.200 18/04/1994
2.900 2.800 2.800 2.800 2.600 2.800 2.700 2.800 2.500 2.600 2.800 2.800 2.500 2.500 2.600 2.800 2.800 2.500 2.500 2.500 2.900 2.800 2.500 2.500 2.500 3.000 2.900 2.600 2.600 2.500 19/04/1994
2.400 2.300 2.300 2.800 2.600 2.300 2.200 2.300 2.400 2.600 2.300 2.300 2.400 2.400 2.600 2.300 2.400 2.400 2.300 2.300 2.300 2.400 2.400 2.400 2.400 2.400 2.400 2.500 2.400 2.300 20/04/1994
3.600 3.600 3.500 3.000 2.700 3.500 3.500 3.500 3.000 2.700 3.500 3.500 3.100 3.000 2.800 3.200 3.300 3.100 3.000 3.000 3.200 3.300 3.000 3.100 3.100 3.200 3.400 3.200 3.200 3.000 21/04/1994
4.000 4.000 4.000 3.700 3.600 4.000 4.000 4.000 3.200 3.600 4.000 4.000 3.200 3.200 3.600 3.500 3.600 3.200 3.200 3.200 3.600 3.600 3.200 3.200 3.200 3.600 3.600 3.200 3.200 3.200 22/04/1994
3.500 3.500 3.500 3.500 2.700 3.400 3.400 3.400 3.000 2.700 3.400 3.500 3.000 3.000 2.800 3.300 3.000 3.000 3.000 3.000 3.400 3.000 3.000 3.100 3.100 3.400 3.000 3.100 3.100 3.000 23/04/1994
1.000 1.000 1.000 1.300 1.200 0.900 0.900 0.900 1.200 1.200 0.900 0.900 1.200 1.100 1.300 1.100 1.100 1.200 1.100 1.100 1.100 1.100 1.200 1.200 1.200 1.200 1.200 1.200 1.200 1.100 24/04/1994
2.700 2.700 2.600 2.300 2.700 2.600 2.600 2.600 2.700 2.700 2.600 2.600 2.700 2.700 2.800 2.500 2.300 2.700 2.700 2.700 2.600 2.300 2.700 2.800 2.800 2.700 2.300 2.800 2.800 2.700 25/04/1994
1.700 1.700 1.600 1.000 1.000 1.600 1.600 1.600 1.200 1.000 1.600 1.600 1.200 1.200 1.000 2.300 2.400 1.200 1.200 1.200 2.300 2.300 1.200 1.200 1.200 2.400 2.400 1.300 1.300 1.200 26/04/1994
3.500 3.500 3.500 3.400 3.100 3.400 3.400 3.400 3.200 3.100 3.400 3.400 3.200 3.100 3.100 3.400 3.000 3.200 3.100 3.100 3.400 3.000 3.200 3.300 3.300 3.500 3.000 3.300 3.300 3.100 27/04/1994
4.700 4.700 4.600 3.700 4.000 4.600 4.500 4.600 4.200 4.000 4.600 4.600 4.300 4.200 4.100 4.300 4.000 4.300 4.200 4.200 4.300 4.000 4.200 4.300 4.300 4.400 4.000 4.300 4.300 4.200 28/04/1994
5.600 5.600 5.600 5.300 5.000 5.500 5.500 5.500 5.000 5.000 5.500 5.600 5.000 5.000 5.000 5.700 5.600 5.000 5.000 5.000 5.800 5.600 5.000 5.000 5.000 5.900 5.700 5.000 5.000 5.000 29/04/1994
4.800 4.700 4.700 4.900 4.500 4.600 4.600 4.600 4.700 4.500 4.700 4.700 4.700 4.600 4.500 4.800 4.700 4.700 4.600 4.600 4.900 4.700 4.700 4.700 4.700 5.000 4.700 4.700 4.700 4.600 30/04/1994
4.800 4.800 4.800 4.100 4.900 4.700 4.700 4.700 4.800 4.900 4.700 4.700 4.800 4.800 4.900 5.300 5.300 4.800 4.700 4.700 5.300 5.300 4.800 4.800 4.800 5.300 5.300 4.900 4.900 4.700 01/05/1994
5.300 5.200 5.200 5.000 4.900 5.200 5.100 5.200 4.800 4.900 5.200 5.200 4.800 4.800 4.900 5.500 5.600 4.800 4.800 4.800 5.500 5.600 4.800 4.800 4.800 5.600 5.600 4.800 4.800 4.800 02/05/1994
4.900 5.000 5.000 5.200 5.100 5.000 5.000 5.000 5.100 5.100 5.000 5.000 5.100 5.100 5.100 5.000 4.900 5.100 5.000 5.000 5.000 4.900 5.100 5.100 5.100 5.100 4.900 5.100 5.100 5.000 03/05/1994
3.200 3.100 3.100 3.000 1.600 3.100 3.000 3.100 2.000 1.600 3.100 3.100 2.000 1.900 1.700 2.600 3.100 2.000 1.900 1.900 2.600 3.100 2.000 2.000 2.000 2.700 3.100 2.100 2.100 1.900 04/05/1994
3.000 3.000 2.900 2.100 2.200 2.900 2.800 2.900 2.500 2.200 2.900 2.900 2.500 2.500 2.300 3.300 3.100 2.500 2.500 2.500 3.300 3.100 2.500 2.500 2.500 3.300 3.100 2.500 2.500 2.500 05/05/1994
4.500 4.400 4.400 3.900 3.600 4.400 4.300 4.400 4.000 3.700 4.400 4.400 4.100 4.000 3.700 4.100 4.200 4.100 4.000 4.000 4.200 4.200 4.000 4.100 4.100 4.300 4.300 4.200 4.200 4.000 06/05/1994
3.900 3.900 3.900 3.800 4.000 3.900 3.800 3.900 3.500 4.000 3.900 3.900 3.500 3.500 4.000 3.400 3.200 3.500 3.500 3.500 3.400 3.200 3.500 3.500 3.500 3.500 3.200 3.500 3.500 3.500 07/05/1994
3.800 3.800 3.700 3.400 3.300 3.700 3.600 3.700 3.700 3.400 3.700 3.700 3.700 3.700 3.400 3.200 4.100 3.700 3.600 3.600 3.200 4.100 3.700 3.800 3.800 3.300 4.100 3.800 3.800 3.600 08/05/1994
3.500 3.500 3.500 3.600 3.500 3.400 3.400 3.400 3.300 3.500 3.500 3.500 3.300 3.300 3.600 3.600 3.700 3.300 3.300 3.300 3.700 3.700 3.300 3.300 3.300 3.700 3.800 3.400 3.300 3.300 09/05/1994
4.100 4.100 4.100 4.200 3.800 4.100 4.000 4.100 3.700 3.800 4.100 4.100 3.700 3.700 3.800 4.000 4.100 3.700 3.600 3.600 4.000 4.000 3.700 3.700 3.700 4.100 4.100 3.800 3.700 3.600 10/05/1994
4.200 4.100 4.100 3.100 3.700 4.000 3.900 4.000 3.800 3.700 4.000 4.000 3.800 3.700 3.700 2.500 2.800 3.800 3.700 3.700 2.600 2.800 3.800 3.800 3.800 2.700 2.800 3.800 3.800 3.700 11/05/1994
3.900 3.800 3.800 3.600 3.600 3.800 3.700 3.800 3.600 3.600 3.800 3.800 3.600 3.500 3.600 3.600 3.600 3.600 3.500 3.500 3.700 3.600 3.600 3.600 3.600 3.700 3.600 3.600 3.600 3.500 12/05/1994
4.800 4.800 4.800 4.600 4.400 4.800 4.700 4.800 4.400 4.400 4.800 4.800 4.400 4.400 4.400 4.400 4.600 4.400 4.400 4.400 4.500 4.600 4.400 4.400 4.400 4.500 4.600 4.500 4.400 4.400 13/05/1994
3.400 3.400 3.400 3.500 3.100 3.300 3.300 3.300 3.300 3.100 3.300 3.400 3.300 3.300 3.200 3.300 3.400 3.300 3.300 3.300 3.300 3.400 3.300 3.300 3.300 3.400 3.400 3.400 3.400 3.300 14/05/1994
3.300 3.300 3.300 3.900 2.800 3.300 3.300 3.300 2.300 2.800 3.300 3.300 2.300 2.300 2.800 2.900 2.800 2.300 2.300 2.300 2.900 2.800 2.300 2.300 2.300 2.900 2.800 2.400 2.300 2.300 15/05/1994
2.700 2.700 2.700 3.500 2.500 2.600 2.600 2.600 2.600 2.500 2.600 2.700 2.600 2.600 2.500 1.800 2.200 2.600 2.600 2.600 1.800 2.200 2.600 2.600 2.600 1.800 2.300 2.600 2.600 2.600 16/05/1994
3.900 3.900 3.900 4.000 3.500 3.800 3.800 3.800 3.400 3.500 3.900 3.900 3.400 3.400 3.500 3.100 3.600 3.400 3.400 3.400 3.100 3.600 3.400 3.400 3.400 3.200 3.600 3.500 3.500 3.400 17/05/1994
3.700 3.700 3.600 3.600 2.500 3.600 3.500 3.600 2.600 2.600 3.600 3.600 2.700 2.600 2.600 3.800 3.500 2.600 2.600 2.600 3.900 3.500 2.600 2.700 2.700 4.000 3.600 2.700 2.700 2.600 18/05/1994
4.000 4.000 3.900 3.600 3.200 3.900 3.800 3.900 3.300 3.300 3.900 3.900 3.400 3.300 3.300 3.600 3.700 3.300 3.300 3.300 3.700 3.700 3.300 3.400 3.400 3.800 3.700 3.500 3.400 3.300 19/05/1994
2.800 2.800 2.800 2.200 1.900 2.700 2.700 2.700 2.100 1.900 2.700 2.700 2.100 2.100 1.900 2.300 2.700 2.100 2.100 2.100 2.400 2.700 2.100 2.100 2.100 2.400 2.800 2.200 2.200 2.100 20/05/1994
4.800 4.700 4.700 4.500 3.800 4.600 4.500 4.600 3.900 3.800 4.600 4.600 3.900 3.800 3.800 4.000 3.700 3.900 3.800 3.800 4.100 3.700 3.900 3.900 3.900 4.100 3.700 4.000 3.900 3.800 21/05/1994
2.400 2.400 2.400 1.500 1.800 2.300 2.300 2.300 1.800 1.800 2.300 2.400 1.800 1.800 1.800 2.300 2.500 1.800 1.800 1.800 2.300 2.500 1.800 1.800 1.800 2.300 2.500 1.800 1.800 1.800 22/05/1994
4.100 4.100 4.100 3.500 3.100 4.100 4.000 4.100 3.300 3.100 4.100 4.100 3.300 3.300 3.200 3.800 3.600 3.300 3.300 3.300 3.900 3.500 3.300 3.300 3.300 3.900 3.600 3.400 3.400 3.300 23/05/1994
4.200 4.200 4.100 3.400 2.800 4.000 3.900 4.000 3.200 2.800 4.000 4.000 3.200 3.200 2.900 4.000 4.000 3.200 3.200 3.200 4.100 4.000 3.200 3.300 3.300 4.200 4.000 3.300 3.300 3.200 24/05/1994
4.200 4.200 4.200 4.100 3.700 4.100 4.100 4.100 3.700 3.700 4.100 4.100 3.700 3.700 3.700 4.100 3.900 3.700 3.700 3.700 4.100 3.900 3.700 3.700 3.700 4.100 3.900 3.700 3.700 3.700 25/05/1994
2.900 2.900 2.800 2.400 2.100 2.800 2.800 2.800 2.300 2.200 2.800 2.800 2.400 2.300 2.200 2.600 3.300 2.400 2.300 2.300 2.700 3.300 2.300 2.400 2.400 2.800 3.400 2.400 2.400 2.300 26/05/1994
4.300 4.200 4.200 4.300 3.500 4.200 4.100 4.200 3.800 3.500 4.200 4.200 3.800 3.700 3.600 3.800 4.200 3.800 3.700 3.700 3.900 4.100 3.800 3.900 3.900 3.900 4.200 4.000 4.000 3.700 27/05/1994
3.200 3.200 3.200 3.800 2.400 3.100 3.100 3.100 2.400 2.400 3.200 3.200 2.400 2.400 2.500 2.700 2.900 2.400 2.400 2.400 2.700 2.800 2.400 2.400 2.400 2.800 2.900 2.500 2.500 2.400 28/05/1994
5.200 5.200 5.200 4.000 3.800 5.100 5.100 5.100 3.800 3.800 5.100 5.200 3.800 3.800 3.900 4.800 4.900 3.800 3.800 3.800 4.800 4.900 3.800 3.900 3.900 4.800 4.900 3.900 3.900 3.800 29/05/1994
3.400 3.400 3.300 2.200 3.200 3.300 3.200 3.300 3.400 3.200 3.300 3.300 3.500 3.400 3.200 3.400 3.700 3.400 3.400 3.400 3.500 3.700 3.400 3.500 3.500 3.600 3.800 3.500 3.500 3.400 30/05/1994
6.100 6.100 6.000 5.500 5.400 6.000 5.900 6.000 5.700 5.400 6.000 6.000 5.700 5.600 5.400 5.900 6.200 5.700 5.600 5.600 6.000 6.200 5.700 5.700 5.700 6.100 6.300 5.800 5.800 5.600 31/05/1994
5.000 5.000 5.000 5.300 5.000 5.000 4.900 5.000 4.600 5.000 5.000 5.000 4.600 4.600 5.000 4.000 3.400 4.600 4.600 4.600 4.100 3.300 4.600 4.600 4.600 4.200 3.400 4.700 4.700 4.600 01/06/1994
2.500 2.500 2.500 2.600 2.000 2.500 2.400 2.500 2.500 2.000 2.500 2.500 2.500 2.500 2.100 3.500 2.900 2.500 2.500 2.500 3.500 2.900 2.500 2.500 2.500 3.600 3.000 2.600 2.600 2.500 02/06/1994
2.600 2.600 2.600 1.300 1.900 2.500 2.500 2.500 2.100 1.900 2.500 2.500 2.100 2.000 2.000 2.900 3.000 2.100 2.000 2.000 2.900 3.000 2.100 2.100 2.100 3.000 3.000 2.100 2.100 2.000 03/06/1994
1.900 1.800 1.800 1.600 1.400 1.800 1.800 1.800 1.500 1.500 1.800 1.800 1.600 1.500 1.500 2.000 1.800 1.600 1.500 1.500 2.000 1.800 1.500 1.600 1.600 2.100 1.900 1.600 1.600 1.500 04/06/1994
4.400 4.300 4.300 3.800 3.800 4.200 4.100 4.200 3.900 3.900 4.200 4.200 3.900 3.800 3.900 4.500 4.600 3.900 3.800 3.800 4.600 4.600 3.900 3.900 3.900 4.700 4.600 4.000 4.000 3.800 05/06/1994
3.500 3.400 3.400 3.800 3.800 3.400 3.400 3.400 3.600 3.800 3.400 3.400 3.600 3.600 3.900 3.500 3.800 3.600 3.500 3.600 3.600 3.800 3.600 3.600 3.600 3.700 3.800 3.700 3.700 3.500 06/06/1994
5.100 5.000 5.000 4.600 4.800 5.000 4.900 5.000 4.500 4.800 5.000 5.000 4.500 4.400 4.900 4.800 4.800 4.500 4.400 4.400 4.900 4.800 4.500 4.500 4.500 4.900 4.800 4.600 4.600 4.400 07/06/1994
5.300 5.300 5.200 4.600 4.000 5.200 5.100 5.200 4.100 4.000 5.200 5.200 4.200 4.100 4.000 4.300 4.400 4.200 4.100 4.100 4.400 4.400 4.100 4.200 4.200 4.500 4.500 4.200 4.200 4.100 08/06/1994
5.000 5.000 5.000 4.100 4.100 4.900 4.800 4.900 4.100 4.100 4.900 4.900 4.200 4.100 4.200 4.800 4.600 4.100 4.000 4.100 4.800 4.600 4.100 4.200 4.200 4.900 4.600 4.300 4.200 4.000 09/06/1994
5.200 5.100 5.100 3.900 4.200 5.100 5.000 5.100 4.300 4.200 5.100 5.100 4.300 4.300 4.300 4.800 4.900 4.300 4.200 4.200 4.800 4.900 4.300 4.300 4.300 4.900 4.900 4.300 4.300 4.200 10/06/1994
4.900 4.800 4.800 4.400 4.000 4.800 4.700 4.800 4.200 4.000 4.800 4.800 4.300 4.200 4.100 5.200 5.100 4.300 4.200 4.200 5.300 5.000 4.200 4.300 4.300 5.400 5.100 4.400 4.400 4.200 11/06/1994
5.100 5.100 5.100 4.400 3.800 5.000 4.900 5.000 4.100 3.800 5.000 5.000 4.200 4.100 3.900 5.500 5.300 4.200 4.000 4.100 5.600 5.300 4.100 4.200 4.200 5.700 5.300 4.300 4.300 4.100 12/06/1994
5.900 5.900 5.800 4.600 4.300 5.800 5.700 5.800 4.300 4.300 5.800 5.800 4.300 4.300 4.400 5.200 5.000 4.300 4.300 4.300 5.200 5.000 4.300 4.400 4.400 5.300 5.000 4.400 4.400 4.300 13/06/1994
6.200 6.100 6.100 4.900 5.100 6.100 6.000 6.100 5.000 5.100 6.100 6.100 5.000 5.000 5.100 5.600 5.600 5.000 4.900 5.000 5.600 5.600 5.000 5.000 5.000 5.600 5.600 5.000 5.000 5.000 14/06/1994
6.000 5.900 5.900 5.500 5.500 5.900 5.900 5.900 5.500 5.500 5.900 5.900 5.500 5.500 5.500 5.700 5.900 5.500 5.400 5.400 5.800 5.900 5.500 5.600 5.600 5.900 5.900 5.600 5.600 5.400 15/06/1994
6.300 6.200 6.200 5.800 6.100 6.200 6.100 6.200 5.700 6.200 6.200 6.200 5.700 5.600 6.200 6.300 6.100 5.700 5.600 5.600 6.300 6.100 5.700 5.700 5.700 6.400 6.200 5.800 5.700 5.600 16/06/1994
6.700 6.700 6.700 5.800 6.000 6.700 6.600 6.700 4.900 6.000 6.700 6.700 4.900 4.900 6.000 5.000 4.800 4.900 4.900 4.900 5.000 4.800 4.900 4.900 4.900 5.000 4.800 4.900 4.900 4.900 17/06/1994
4.100 4.100 4.100 3.000 2.500 4.100 4.100 4.100 2.600 2.500 4.100 4.100 2.600 2.600 2.500 4.400 4.200 2.600 2.600 2.600 4.400 4.200 2.600 2.600 2.600 4.400 4.200 2.600 2.600 2.600 18/06/1994
3.800 3.800 3.800 2.600 1.100 3.700 3.700 3.700 1.600 1.100 3.700 3.700 1.600 1.600 1.100 2.900 2.700 1.600 1.600 1.600 2.900 2.700 1.600 1.600 1.600 3.000 2.800 1.700 1.600 1.600 19/06/1994
4.800 4.800 4.700 4.300 3.500 4.700 4.600 4.700 3.600 3.600 4.700 4.700 3.600 3.500 3.600 3.800 3.700 3.600 3.500 3.500 3.900 3.700 3.600 3.600 3.600 3.900 3.700 3.700 3.600 3.500 20/06/1994
5.600 5.500 5.500 4.600 4.500 5.400 5.300 5.400 4.400 4.500 5.400 5.400 4.400 4.400 4.600 5.000 4.700 4.400 4.300 4.300 5.100 4.700 4.400 4.500 4.500 5.200 4.800 4.500 4.500 4.300 21/06/1994
5.500 5.400 5.400 5.000 4.800 5.400 5.300 5.400 5.000 4.800 5.400 5.400 5.000 4.900 4.900 5.300 5.100 5.000 4.900 4.900 5.400 5.100 5.000 5.000 5.000 5.400 5.200 5.100 5.100 4.900 22/06/1994
6.800 6.800 6.800 5.900 6.100 6.700 6.700 6.700 6.000 6.200 6.800 6.800 6.000 6.000 6.200 6.700 6.500 6.000 5.900 5.900 6.800 6.400 6.000 6.100 6.100 6.800 6.500 6.200 6.100 5.900 23/06/1994
7.400 7.400 7.400 7.100 6.600 7.300 7.300 7.300 6.600 6.600 7.300 7.300 6.600 6.500 6.600 6.300 6.800 6.600 6.500 6.500 6.300 6.800 6.600 6.600 6.600 6.400 6.800 6.700 6.700 6.500 24/06/1994
1.200 1.200 1.200 0.700 0.600 1.200 1.200 1.200 1.000 0.600 1.200 1.200 1.000 1.000 0.600 1.200 1.300 1.000 1.000 1.000 1.200 1.300 1.000 1.000 1.000 1.200 1.300 1.000 1.000 1.000 25/06/1994
3.400 3.300 3.300 2.700 1.900 3.300 3.200 3.300 2.200 1.900 3.300 3.300 2.200 2.100 1.900 3.000 2.700 2.200 2.100 2.100 3.000 2.700 2.200 2.200 2.200 3.000 2.700 2.200 2.200 2.100 26/06/1994
5.300 5.300 5.200 4.700 4.100 5.200 5.100 5.200 4.300 4.100 5.200 5.200 4.300 4.200 4.100 4.600 4.700 4.300 4.200 4.200 4.600 4.700 4.300 4.300 4.300 4.700 4.700 4.400 4.400 4.200 27/06/1994
6.300 6.300 6.300 5.800 5.600 6.200 6.200 6.200 5.600 5.600 6.200 6.200 5.600 5.500 5.600 6.000 6.000 5.600 5.500 5.500 6.100 6.000 5.600 5.600 5.600 6.200 6.100 5.700 5.700 5.500 28/06/1994
5.300 5.200 5.200 4.000 4.000 5.100 5.000 5.100 4.800 4.100 5.100 5.100 4.800 4.800 4.100 5.400 5.300 4.800 4.800 4.800 5.500 5.300 4.800 4.900 4.900 5.600 5.400 4.900 4.900 4.800 29/06/1994
6.100 6.100 6.000 5.400 5.300 6.000 5.900 6.000 5.500 5.300 6.000 6.000 5.600 5.500 5.400 5.600 5.900 5.500 5.500 5.500 5.700 5.800 5.500 5.600 5.600 5.800 5.900 5.600 5.600 5.500 30/06/1994
6.500 6.400 6.400 5.800 5.600 6.300 6.100 6.300 5.500 5.700 6.300 6.300 5.500 5.500 5.700 5.100 5.100 5.500 5.400 5.400 5.200 5.000 5.500 5.500 5.500 5.300 5.100 5.600 5.600 5.400 01/07/1994
6.200 6.100 6.100 5.400 4.700 6.000 6.000 6.000 5.100 4.700 6.000 6.000 5.100 5.000 4.800 5.900 5.700 5.100 5.000 5.000 6.000 5.700 5.100 5.100 5.100 6.000 5.700 5.200 5.100 5.000 02/07/1994
5.900 5.900 5.900 5.000 4.700 5.800 5.800 5.800 4.800 4.800 5.800 5.800 4.800 4.800 4.800 5.800 5.900 4.800 4.800 4.800 5.800 5.900 4.800 4.900 4.900 5.900 5.900 4.900 4.900 4.800 03/07/1994
6.000 6.000 5.900 5.000 5.400 5.900 5.900 5.900 5.200 5.400 5.900 5.900 5.200 5.200 5.500 5.400 5.400 5.200 5.200 5.200 5.500 5.300 5.200 5.200 5.200 5.600 5.400 5.300 5.300 5.200 04/07/1994
5.500 5.400 5.400 4.300 3.600 5.400 5.300 5.400 3.800 3.600 5.400 5.400 3.900 3.800 3.700 4.600 4.600 3.800 3.800 3.800 4.700 4.600 3.800 3.900 3.900 4.700 4.600 3.900 3.900 3.800 05/07/1994
5.600 5.600 5.500 3.800 3.200 5.500 5.400 5.500 4.100 3.200 5.500 5.500 4.200 4.100 3.300 5.200 5.300 4.100 4.100 4.100 5.200 5.300 4.100 4.200 4.200 5.300 5.400 4.300 4.200 4.100 06/07/1994
5.000 4.900 4.900 3.800 3.600 4.800 4.800 4.800 3.900 3.600 4.900 4.900 3.900 3.900 3.600 4.500 4.300 3.900 3.900 3.900 4.500 4.300 3.900 3.900 3.900 4.600 4.300 4.000 4.000 3.900 07/07/1994
3.800 3.800 3.800 3.900 3.500 3.700 3.700 3.700 3.800 3.500 3.800 3.800 3.800 3.800 3.500 3.000 4.100 3.800 3.800 3.800 3.100 4.100 3.800 3.800 3.800 3.100 4.100 3.900 3.900 3.800 08/07/1994
5.500 5.400 5.400 4.600 4.700 5.300 5.300 5.300 4.700 4.700 5.300 5.400 4.700 4.600 4.700 5.300 5.500 4.700 4.600 4.600 5.300 5.500 4.700 4.700 4.700 5.400 5.600 4.800 4.700 4.600 09/07/1994
6.400 6.400 6.400 5.700 5.500 6.300 6.300 6.300 5.800 5.500 6.300 6.300 5.800 5.700 5.500 6.400 6.500 5.800 5.700 5.700 6.500 6.500 5.800 5.800 5.800 6.500 6.500 5.800 5.800 5.700 10/07/1994
6.700 6.700 6.700 6.300 6.400 6.600 6.600 6.600 6.400 6.400 6.600 6.600 6.400 6.400 6.400 6.500 6.700 6.400 6.300 6.300 6.600 6.700 6.400 6.400 6.400 6.700 6.700 6.500 6.500 6.300 11/07/1994
7.100 7.100 7.100 6.600 5.900 7.000 7.000 7.000 6.200 5.900 7.000 7.000 6.200 6.200 6.000 6.400 6.100 6.200 6.100 6.200 6.400 6.100 6.200 6.200 6.200 6.500 6.100 6.300 6.300 6.100 12/07/1994
5.600 5.500 5.500 3.800 4.100 5.400 5.300 5.400 4.100 4.100 5.400 5.500 4.100 4.000 4.200 4.700 4.800 4.100 4.000 4.000 4.800 4.700 4.100 4.100 4.100 4.900 4.800 4.200 4.200 4.000 13/07/1994
5.600 5.600 5.600 5.400 5.100 5.500 5.400 5.500 5.500 5.200 5.500 5.500 5.500 5.500 5.300 5.000 5.100 5.500 5.400 5.400 5.100 5.100 5.500 5.500 5.600 5.200 5.100 5.600 5.600 5.400 14/07/1994
6.600 6.600 6.600 6.200 6.000 6.600 6.500 6.600 5.500 6.000 6.600 6.600 5.500 5.500 6.000 5.900 5.700 5.500 5.500 5.500 5.900 5.700 5.500 5.500 5.500 6.000 5.800 5.600 5.600 5.500 15/07/1994
6.700 6.700 6.700 4.800 4.000 6.700 6.600 6.700 4.300 4.000 6.700 6.700 4.300 4.300 4.000 5.100 6.600 4.300 4.300 4.300 5.100 6.600 4.300 4.300 4.300 5.100 6.600 4.400 4.400 4.300 16/07/1994
4.700 4.700 4.700 3.400 4.200 4.700 4.600 4.700 3.900 4.200 4.700 4.700 4.000 3.900 4.200 4.500 4.100 4.000 3.900 3.900 4.500 4.100 3.900 4.000 4.000 4.600 4.100 4.000 4.000 3.900 17/07/1994
2.500 2.500 2.500 1.900 2.400 2.400 2.400 2.400 2.400 2.400 2.400 2.400 2.400 2.400 2.500 2.200 2.400 2.400 2.400 2.400 2.200 2.400 2.400 2.400 2.400 2.200 2.400 2.500 2.400 2.400 18/07/1994
4.800 4.800 4.700 3.100 3.100 4.700 4.600 4.700 3.900 3.200 4.700 4.700 3.900 3.800 3.200 3.600 4.200 3.900 3.800 3.800 3.600 4.200 3.900 3.900 3.900 3.700 4.300 4.000 3.900 3.800 19/07/1994
5.300 5.200 5.200 4.800 4.300 5.100 5.100 5.100 4.500 4.400 5.200 5.200 4.500 4.500 4.400 4.500 4.600 4.500 4.500 4.500 4.500 4.600 4.500 4.500 4.500 4.600 4.600 4.600 4.600 4.500 20/07/1994
6.300 6.200 6.200 5.600 5.300 6.100 6.100 6.100 5.400 5.400 6.100 6.200 5.400 5.400 5.400 5.900 5.900 5.400 5.300 5.300 5.900 5.900 5.400 5.400 5.400 6.000 6.000 5.400 5.400 5.300 21/07/1994
6.500 6.500 6.500 5.200 5.200 6.400 6.300 6.400 5.200 5.200 6.400 6.400 5.300 5.200 5.300 6.100 6.200 5.200 5.200 5.200 6.200 6.200 5.200 5.300 5.300 6.300 6.300 5.400 5.300 5.200 22/07/1994
6.400 6.400 6.400 4.600 3.900 6.300 6.300 6.300 4.600 3.900 6.300 6.300 4.600 4.600 4.000 6.100 6.000 4.600 4.500 4.500 6.200 6.000 4.600 4.600 4.700 6.300 6.100 4.700 4.700 4.500 23/07/1994
6.100 6.000 6.000 5.500 4.700 6.000 5.900 6.000 5.000 4.700 6.000 6.000 5.000 5.000 4.800 5.600 5.600 5.000 5.000 5.000 5.600 5.600 5.000 5.000 5.000 5.700 5.600 5.100 5.100 5.000 24/07/1994
4.000 4.000 4.000 3.600 3.700 3.900 3.900 3.900 3.600 3.700 3.900 3.900 3.600 3.600 3.800 3.600 3.300 3.600 3.600 3.600 3.600 3.300 3.600 3.600 3.600 3.700 3.300 3.700 3.700 3.600 25/07/1994
6.100 6.000 6.000 4.400 4.300 6.000 5.900 6.000 4.700 4.300 6.000 6.000 4.700 4.700 4.400 5.300 5.400 4.700 4.700 4.700 5.400 5.400 4.700 4.800 4.800 5.500 5.400 4.800 4.800 4.700 26/07/1994
5.700 5.700 5.700 5.200 5.400 5.600 5.600 5.600 5.300 5.500 5.600 5.600 5.300 5.300 5.500 5.300 5.700 5.300 5.300 5.300 5.300 5.700 5.300 5.300 5.300 5.400 5.700 5.400 5.400 5.300 27/07/1994
4.100 4.100 4.000 2.500 2.000 4.000 3.900 4.000 2.900 2.100 4.000 4.000 3.000 2.900 2.100 3.900 4.600 3.000 2.900 2.900 4.000 4.600 2.900 3.000 3.000 4.100 4.600 3.100 3.000 2.900 28/07/1994
5.300 5.200 5.200 3.200 2.100 5.200 5.100 5.200 2.900 2.100 5.200 5.200 2.900 2.900 2.200 4.900 4.700 2.900 2.900 2.900 4.900 4.700 2.900 2.900 2.900 5.000 4.700 2.900 2.900 2.900 29/07/1994
5.200 5.200 5.200 3.500 3.000 5.100 5.100 5.100 3.200 3.000 5.100 5.100 3.200 3.200 3.000 4.700 4.500 3.200 3.200 3.200 4.700 4.500 3.200 3.200 3.200 4.800 4.500 3.200 3.200 3.200 30/07/1994
1.900 1.900 1.900 3.000 3.500 1.800 1.800 1.800 3.200 3.500 1.900 1.900 3.200 3.200 3.500 1.600 1.800 3.200 3.100 3.100 1.600 1.800 3.200 3.200 3.200 1.600 1.900 3.200 3.200 3.100 31/07/1994
