# 6448 6449 6450 6451 6452 6528 6529 6530 6531 6532 6610 6611 6612 6613 6614 6693 6694 6695 6696 6697 6776 6777 6778 6779 6780 6859 6860 6861 6862 6863 Date
4.100 4.100 4.100 3.500 2.300 4.100 4.100 4.100 2.700 2.300 4.100 4.100 2.700 2.700 2.300 4.000 3.400 2.700 2.600 2.600 4.000 3.400 2.700 2.700 2.700 4.100 3.400 2.700 2.700 2.600 01/08/2005
4.900 4.800 4.800 4.300 4.100 4.800 4.800 4.800 4.600 4.200 4.800 4.800 4.600 4.600 4.200 4.800 5.000 4.600 4.600 4.600 4.800 5.000 4.600 4.600 4.600 4.900 5.000 4.700 4.700 4.600 02/08/2005
4.900 4.800 4.800 4.800 4.400 4.800 4.700 4.800 4.700 4.400 4.800 4.800 4.800 4.700 4.400 5.000 5.100 4.800 4.700 4.700 5.000 5.100 4.700 4.800 4.800 5.100 5.100 4.800 4.800 4.700 03/08/2005
5.500 5.500 5.500 4.300 4.600 5.400 5.400 5.400 5.100 4.600 5.500 5.500 5.200 5.100 4.600 5.700 5.700 5.200 5.100 5.100 5.800 5.700 5.100 5.200 5.200 5.800 5.800 5.200 5.200 5.100 04/08/2005
6.100 6.100 6.000 5.400 5.700 6.000 6.000 6.000 6.000 5.700 6.000 6.000 6.000 6.000 5.700 6.200 6.300 6.000 6.000 6.000 6.200 6.300 6.000 6.000 6.000 6.200 6.300 5.900 5.900 6.000 05/08/2005
5.800 5.800 5.800 4.100 3.600 5.800 5.700 5.800 4.300 3.600 5.800 5.800 4.300 4.300 3.700 5.000 4.600 4.300 4.200 4.300 5.100 4.600 4.300 4.300 4.300 5.200 4.600 4.300 4.300 4.300 06/08/2005
4.700 4.700 4.700 4.200 4.500 4.700 4.700 4.700 4.500 4.500 4.700 4.700 4.500 4.500 4.500 4.400 4.600 4.500 4.500 4.500 4.400 4.600 4.500 4.500 4.500 4.400 4.700 4.500 4.500 4.500 07/08/2005
6.300 6.300 6.300 5.400 5.600 6.200 6.200 6.200 6.000 5.700 6.200 6.300 6.000 6.000 5.700 6.700 6.600 6.000 6.000 6.000 6.700 6.600 6.000 6.000 6.000 6.700 6.600 6.000 6.000 6.000 08/08/2005
7.000 7.000 7.000 6.800 5.900 7.000 7.000 7.000 6.400 5.900 7.000 7.000 6.400 6.400 5.900 6.600 6.700 6.400 6.500 6.500 6.600 6.700 6.400 6.400 6.400 6.600 6.600 6.400 6.400 6.500 09/08/2005
7.800 7.800 7.800 6.700 5.400 7.800 7.800 7.800 6.100 5.400 7.800 7.800 6.100 6.100 5.400 6.500 6.200 6.100 6.200 6.200 6.400 6.200 6.100 6.100 6.100 6.400 6.200 6.100 6.100 6.200 10/08/2005
6.900 6.900 6.800 5.800 6.200 6.800 6.800 6.800 6.500 6.200 6.800 6.800 6.500 6.500 6.200 7.400 6.700 6.500 6.500 6.500 7.400 6.700 6.500 6.500 6.500 7.400 6.700 6.500 6.500 6.500 11/08/2005
6.100 6.100 6.100 5.200 5.300 6.100 6.000 6.100 5.500 5.300 6.100 6.100 5.500 5.500 5.300 5.900 6.200 5.500 5.500 5.500 6.000 6.200 5.500 5.500 5.500 6.100 6.200 5.600 5.600 5.500 12/08/2005
4.700 4.700 4.700 4.000 3.800 4.600 4.600 4.600 4.300 3.900 4.600 4.600 4.300 4.300 3.900 5.000 5.200 4.300 4.300 4.300 5.100 5.200 4.300 4.400 4.400 5.100 5.300 4.400 4.400 4.300 13/08/2005
3.200 3.200 3.100 3.300 2.400 3.100 3.100 3.100 3.100 2.400 3.100 3.100 3.200 3.100 2.500 3.800 3.800 3.100 3.100 3.100 3.900 3.800 3.100 3.200 3.200 4.000 3.900 3.300 3.200 3.100 14/08/2005
5.400 5.400 5.400 5.000 5.100 5.400 5.300 5.400 5.500 5.100 5.400 5.400 5.500 5.400 5.100 5.700 5.900 5.500 5.400 5.400 5.700 5.900 5.400 5.500 5.500 5.700 5.900 5.500 5.500 5.400 15/08/2005
5.900 5.800 5.800 5.700 5.300 5.800 5.700 5.800 5.700 5.400 5.800 5.800 5.800 5.700 5.400 5.900 5.600 5.800 5.700 5.700 5.900 5.600 5.700 5.800 5.800 5.900 5.600 5.800 5.800 5.700 16/08/2005
4.800 4.800 4.800 3.200 4.200 4.800 4.800 4.800 4.300 4.200 4.800 4.800 4.300 4.300 4.300 4.300 4.600 4.300 4.300 4.300 4.300 4.600 4.300 4.300 4.300 4.300 4.600 4.400 4.400 4.300 17/08/2005
4.700 4.700 4.700 2.900 1.700 4.700 4.700 4.700 2.200 1.700 4.700 4.700 2.200 2.200 1.800 3.900 3.000 2.200 2.200 2.200 3.900 3.000 2.200 2.200 2.200 4.000 3.000 2.200 2.200 2.200 18/08/2005
4.000 4.000 4.000 4.000 3.100 4.000 4.000 4.000 3.100 3.100 4.000 4.000 3.100 3.100 3.200 4.400 4.700 3.100 3.100 3.100 4.500 4.600 3.100 3.100 3.100 4.500 4.700 3.200 3.200 3.100 19/08/2005
3.500 3.400 3.400 2.000 2.200 3.400 3.400 3.400 2.800 2.200 3.400 3.400 2.800 2.800 2.300 3.800 4.000 2.800 2.700 2.800 3.800 4.000 2.800 2.800 2.800 3.900 4.000 2.900 2.800 2.700 20/08/2005
4.300 4.200 4.200 4.100 2.900 4.200 4.100 4.200 3.300 2.900 4.200 4.200 3.300 3.200 3.000 3.800 3.600 3.300 3.200 3.200 3.800 3.600 3.300 3.300 3.300 3.900 3.600 3.300 3.300 3.200 21/08/2005
5.100 5.100 5.100 4.100 3.700 5.100 5.100 5.100 4.200 3.700 5.100 5.100 4.200 4.200 3.700 4.700 4.600 4.200 4.200 4.200 4.700 4.600 4.200 4.200 4.200 4.700 4.600 4.200 4.200 4.200 22/08/2005
4.000 4.000 4.000 3.200 3.500 4.000 3.900 4.000 4.100 3.500 4.000 4.000 4.100 4.100 3.600 4.700 4.500 4.100 4.000 4.000 4.800 4.500 4.100 4.100 4.100 4.800 4.500 4.200 4.200 4.000 23/08/2005
4.200 4.200 4.200 3.700 3.300 4.200 4.200 4.200 3.200 3.300 4.200 4.200 3.300 3.200 3.400 4.100 3.700 3.300 3.200 3.200 4.100 3.700 3.200 3.300 3.300 4.200 3.700 3.300 3.300 3.200 24/08/2005
1.600 1.500 1.500 1.400 1.300 1.500 1.500 1.500 1.400 1.300 1.500 1.500 1.400 1.400 1.300 1.500 2.100 1.400 1.400 1.400 1.500 2.100 1.400 1.500 1.500 1.500 2.100 1.500 1.500 1.400 25/08/2005
3.400 3.300 3.300 2.700 2.000 3.300 3.200 3.300 2.400 2.000 3.300 3.300 2.400 2.300 2.000 3.300 2.800 2.400 2.300 2.300 3.400 2.800 2.400 2.400 2.400 3.400 2.800 2.400 2.400 2.300 26/08/2005
3.200 3.200 3.200 2.400 2.600 3.200 3.200 3.200 2.800 2.600 3.200 3.200 2.800 2.700 2.700 2.600 2.500 2.800 2.700 2.700 2.600 2.500 2.800 2.800 2.800 2.600 2.500 2.800 2.800 2.700 27/08/2005
5.300 5.300 5.300 3.800 3.500 5.300 5.300 5.300 3.700 3.500 5.300 5.300 3.700 3.700 3.500 4.000 4.100 3.700 3.800 3.800 4.000 4.100 3.700 3.700 3.700 4.000 4.100 3.700 3.700 3.800 28/08/2005
5.500 5.500 5.500 5.600 5.800 5.500 5.500 5.500 5.800 5.800 5.500 5.500 5.800 5.800 5.800 5.400 5.400 5.800 5.800 5.800 5.400 5.400 5.800 5.800 5.800 5.400 5.400 5.700 5.700 5.800 29/08/2005
6.800 6.900 6.900 6.400 6.500 6.900 7.000 6.900 7.000 6.500 6.900 6.900 7.000 7.000 6.500 6.900 6.700 7.000 7.000 7.000 6.900 6.700 7.000 7.000 7.000 6.900 6.700 7.000 7.000 7.000 30/08/2005
6.800 6.800 6.800 6.600 5.900 6.800 6.800 6.800 6.200 5.900 6.800 6.800 6.200 6.200 5.900 6.400 6.100 6.200 6.200 6.200 6.400 6.100 6.200 6.200 6.200 6.400 6.100 6.200 6.200 6.200 31/08/2005
3.100 3.100 3.100 3.300 3.300 3.000 3.000 3.000 2.900 3.400 3.100 3.100 2.900 2.900 3.400 2.900 2.700 2.900 2.800 2.900 3.000 2.700 2.900 2.900 2.900 3.000 2.700 2.900 2.900 2.900 01/09/2005
4.700 4.700 4.700 3.900 3.500 4.700 4.700 4.700 4.200 3.500 4.700 4.700 4.200 4.200 3.500 4.800 4.600 4.200 4.100 4.100 4.800 4.600 4.200 4.200 4.200 4.900 4.600 4.200 4.200 4.100 02/09/2005
5.200 5.300 5.300 5.100 5.100 5.400 5.500 5.400 5.300 5.100 5.400 5.400 5.300 5.400 5.100 5.000 5.100 5.300 5.400 5.400 5.000 5.100 5.300 5.300 5.300 4.900 5.100 5.200 5.200 5.400 03/09/2005
3.600 3.600 3.600 3.100 2.900 3.500 3.400 3.500 3.600 2.900 3.500 3.500 3.600 3.600 2.900 3.200 3.300 3.600 3.500 3.600 3.300 3.300 3.600 3.600 3.600 3.300 3.300 3.700 3.600 3.600 04/09/2005
2.200 2.200 2.200 2.400 2.400 2.100 2.100 2.100 2.600 2.400 2.100 2.200 2.600 2.600 2.400 2.200 2.800 2.600 2.600 2.600 2.200 2.800 2.600 2.600 2.700 2.300 2.800 2.700 2.700 2.600 05/09/2005
2.600 2.600 2.600 2.400 1.600 2.600 2.600 2.600 1.600 1.600 2.600 2.600 1.600 1.600 1.600 2.500 1.900 1.600 1.500 1.500 2.600 1.900 1.600 1.600 1.600 2.600 2.000 1.600 1.600 1.500 06/09/2005
2.800 2.700 2.700 3.200 3.100 2.700 2.700 2.700 3.100 3.100 2.700 2.700 3.100 3.000 3.200 2.700 3.000 3.100 3.000 3.000 2.700 3.000 3.100 3.100 3.100 2.800 3.100 3.200 3.200 3.000 07/09/2005
3.400 3.400 3.400 3.200 3.300 3.300 3.300 3.300 3.500 3.300 3.300 3.300 3.500 3.400 3.300 3.300 3.500 3.500 3.400 3.400 3.300 3.500 3.500 3.500 3.500 3.300 3.500 3.500 3.500 3.400 08/09/2005
3.400 3.400 3.400 3.200 2.700 3.400 3.400 3.400 3.200 2.700 3.400 3.400 3.200 3.200 2.800 3.200 3.300 3.200 3.200 3.200 3.300 3.300 3.200 3.200 3.200 3.300 3.400 3.300 3.300 3.200 09/09/2005
3.800 3.800 3.800 2.200 2.200 3.700 3.700 3.700 2.500 2.200 3.800 3.800 2.500 2.400 2.300 3.300 3.600 2.500 2.400 2.400 3.300 3.600 2.500 2.500 2.500 3.300 3.700 2.600 2.500 2.400 10/09/2005
3.100 3.100 3.100 2.700 2.000 3.100 3.100 3.100 2.200 2.000 3.100 3.100 2.300 2.200 2.000 2.800 2.700 2.200 2.200 2.200 2.800 2.600 2.200 2.300 2.300 2.800 2.700 2.300 2.300 2.200 11/09/2005
0.900 0.900 0.900 0.900 0.700 0.900 0.900 0.900 0.800 0.700 0.900 0.900 0.800 0.800 0.700 0.900 0.800 0.800 0.800 0.800 0.900 0.800 0.800 0.800 0.800 0.900 0.800 0.800 0.800 0.800 12/09/2005
3.200 3.100 3.100 3.000 2.500 3.100 3.000 3.100 2.800 2.500 3.100 3.100 2.800 2.700 2.600 2.900 3.000 2.800 2.700 2.700 2.900 3.000 2.800 2.800 2.800 3.000 3.100 2.800 2.800 2.700 13/09/2005
4.100 4.100 4.100 3.500 3.300 4.100 4.000 4.100 3.800 3.300 4.100 4.100 3.800 3.700 3.400 4.200 4.000 3.800 3.700 3.700 4.200 4.000 3.800 3.800 3.800 4.300 4.000 3.900 3.900 3.700 14/09/2005
4.000 3.900 3.900 3.400 3.600 3.900 3.800 3.900 3.900 3.600 3.900 3.900 4.000 3.900 3.600 4.000 4.100 4.000 3.900 3.900 4.000 4.100 3.900 4.000 4.000 4.100 4.100 4.000 4.000 3.900 15/09/2005
1.700 1.700 1.700 1.200 2.500 1.700 1.600 1.700 2.900 2.500 1.700 1.700 2.900 2.900 2.600 2.000 3.400 2.900 2.900 2.900 2.100 3.400 2.900 2.900 2.900 2.100 3.400 3.000 3.000 2.900 16/09/2005
3.800 3.800 3.800 3.400 3.600 3.800 3.700 3.800 4.000 3.700 3.800 3.800 4.000 3.900 3.700 3.800 4.000 4.000 3.900 3.900 3.800 4.000 4.000 4.000 4.000 3.900 4.000 4.100 4.100 3.900 17/09/2005
3.900 3.800 3.800 3.400 3.600 3.800 3.700 3.800 3.900 3.600 3.800 3.800 3.900 3.900 3.700 3.900 4.000 3.900 3.800 3.800 3.900 4.000 3.900 3.900 3.900 4.000 4.000 4.000 4.000 3.800 18/09/2005
3.400 3.400 3.300 3.000 2.800 3.300 3.300 3.300 3.400 2.900 3.300 3.300 3.400 3.300 2.900 3.400 3.500 3.400 3.300 3.300 3.400 3.500 3.400 3.400 3.400 3.500 3.500 3.400 3.400 3.300 19/09/2005
3.600 3.600 3.600 2.800 2.900 3.600 3.500 3.600 3.300 2.900 3.600 3.600 3.300 3.300 2.900 3.600 3.700 3.300 3.300 3.300 3.600 3.600 3.300 3.300 3.300 3.600 3.700 3.300 3.300 3.300 20/09/2005
3.900 3.900 3.900 3.500 3.700 3.800 3.800 3.800 3.900 3.700 3.800 3.800 3.900 3.900 3.700 3.800 4.100 3.900 3.900 3.900 3.900 4.000 3.900 3.900 3.900 3.900 4.100 4.000 3.900 3.900 21/09/2005
3.700 3.600 3.600 3.300 3.100 3.600 3.600 3.600 3.400 3.100 3.600 3.600 3.400 3.400 3.100 3.500 3.700 3.400 3.400 3.400 3.500 3.600 3.400 3.400 3.400 3.600 3.700 3.400 3.400 3.400 22/09/2005
3.200 3.200 3.100 2.300 2.200 3.100 3.100 3.100 2.800 2.200 3.100 3.100 2.900 2.800 2.200 2.900 2.700 2.800 2.800 2.800 2.900 2.700 2.800 2.900 2.900 3.000 2.700 2.900 2.900 2.800 23/09/2005
2.400 2.400 2.400 2.200 2.300 2.400 2.300 2.400 2.300 2.300 2.400 2.400 2.300 2.300 2.400 2.300 2.400 2.300 2.300 2.300 2.400 2.400 2.300 2.300 2.300 2.400 2.400 2.300 2.300 2.300 24/09/2005
1.100 1.100 1.100 0.900 0.700 1.100 1.100 1.100 0.700 0.700 1.100 1.100 0.700 0.700 0.700 1.000 1.000 0.700 0.700 0.700 1.000 1.000 0.700 0.700 0.700 1.100 1.000 0.700 0.700 0.700 25/09/2005
3.000 3.000 3.000 2.500 1.500 2.900 2.900 2.900 2.100 1.500 2.900 2.900 2.200 2.100 1.600 2.800 2.100 2.100 2.100 2.100 2.900 2.100 2.100 2.200 2.200 3.000 2.100 2.200 2.200 2.100 26/09/2005
3.100 3.100 3.000 2.200 2.200 3.000 3.000 3.000 2.800 2.200 3.000 3.000 2.800 2.800 2.200 3.000 2.600 2.800 2.800 2.800 3.000 2.600 2.800 2.800 2.800 3.000 2.700 2.900 2.900 2.800 27/09/2005
3.000 3.000 2.900 2.100 2.300 2.900 2.800 2.900 2.600 2.300 2.900 2.900 2.600 2.600 2.400 3.100 3.000 2.600 2.600 2.600 3.100 3.000 2.600 2.600 2.700 3.200 3.000 2.700 2.700 2.600 28/09/2005
1.600 1.600 1.600 1.400 1.100 1.500 1.500 1.500 1.100 1.100 1.500 1.500 1.100 1.100 1.100 1.900 1.900 1.100 1.100 1.100 1.900 1.900 1.100 1.100 1.100 2.000 1.900 1.100 1.100 1.100 29/09/2005
2.200 2.200 2.200 1.900 2.000 2.100 2.100 2.100 2.100 2.000 2.100 2.100 2.100 2.100 2.000 2.400 2.600 2.100 2.100 2.100 2.400 2.600 2.100 2.100 2.100 2.400 2.600 2.100 2.100 2.100 30/09/2005
1.900 1.900 1.800 1.500 1.800 1.800 1.800 1.800 2.000 1.800 1.800 1.800 2.000 2.000 1.800 2.100 2.300 2.000 2.000 2.000 2.200 2.300 2.000 2.000 2.000 2.300 2.300 2.000 2.000 2.000 01/10/2005
2.400 2.300 2.300 1.300 1.900 2.200 2.200 2.200 2.200 2.000 2.300 2.300 2.200 2.200 2.000 2.400 2.400 2.200 2.100 2.100 2.500 2.400 2.200 2.200 2.200 2.500 2.400 2.200 2.200 2.100 02/10/2005
2.400 2.400 2.400 2.100 1.900 2.300 2.300 2.300 2.100 1.900 2.400 2.400 2.100 2.100 1.900 2.400 2.300 2.100 2.100 2.100 2.400 2.300 2.100 2.200 2.200 2.500 2.400 2.200 2.200 2.100 03/10/2005
2.000 2.000 1.900 1.500 1.300 1.900 1.900 1.900 1.500 1.300 1.900 1.900 1.500 1.500 1.300 2.000 2.100 1.500 1.500 1.500 2.100 2.000 1.500 1.500 1.500 2.100 2.100 1.500 1.500 1.500 04/10/2005
1.400 1.400 1.300 0.600 0.700 1.300 1.300 1.300 0.800 0.700 1.300 1.300 0.800 0.800 0.700 1.400 1.600 0.800 0.800 0.800 1.500 1.600 0.800 0.800 0.800 1.500 1.600 0.900 0.900 0.800 05/10/2005
2.800 2.800 2.700 2.600 2.000 2.700 2.600 2.700 2.500 2.000 2.700 2.700 2.500 2.400 2.100 2.500 2.400 2.500 2.400 2.400 2.600 2.400 2.500 2.500 2.500 2.700 2.500 2.600 2.600 2.400 06/10/2005
3.000 3.000 3.000 2.600 2.500 3.000 3.000 3.000 2.800 2.600 3.000 3.000 2.800 2.800 2.600 2.900 3.000 2.800 2.800 2.800 3.000 3.000 2.800 2.800 2.800 3.000 3.000 2.900 2.900 2.800 07/10/2005
3.300 3.300 3.300 2.600 2.500 3.300 3.300 3.300 2.900 2.500 3.300 3.300 2.900 2.800 2.600 3.000 2.900 2.900 2.800 2.800 3.000 2.900 2.900 2.900 2.900 3.000 2.900 2.900 2.900 2.800 08/10/2005
2.600 2.600 2.600 2.400 2.600 2.600 2.500 2.600 2.600 2.600 2.600 2.600 2.600 2.600 2.700 1.800 1.800 2.600 2.600 2.600 1.900 1.800 2.600 2.700 2.700 2.000 1.800 2.700 2.700 2.600 09/10/2005
2.900 3.000 3.000 3.200 2.700 3.000 3.100 3.000 2.600 2.700 3.000 3.000 2.600 2.600 2.700 2.300 1.900 2.600 2.700 2.600 2.200 1.900 2.600 2.600 2.600 2.100 1.900 2.500 2.500 2.700 10/10/2005
3.700 3.700 3.700 3.300 2.800 3.700 3.700 3.700 3.200 2.800 3.700 3.700 3.200 3.200 2.800 3.100 2.900 3.200 3.200 3.200 3.000 2.900 3.200 3.200 3.200 3.000 2.900 3.200 3.200 3.200 11/10/2005
3.200 3.200 3.200 3.200 3.000 3.200 3.200 3.200 3.400 3.100 3.200 3.200 3.400 3.400 3.100 2.800 2.600 3.400 3.400 3.400 2.700 2.600 3.400 3.400 3.400 2.700 2.600 3.500 3.500 3.400 12/10/2005
1.800 1.700 1.700 1.200 1.400 1.700 1.700 1.700 1.700 1.400 1.700 1.700 1.700 1.700 1.500 1.300 1.300 1.700 1.700 1.700 1.300 1.300 1.700 1.700 1.700 1.300 1.300 1.700 1.700 1.700 13/10/2005
2.200 2.200 2.200 2.000 1.800 2.200 2.200 2.200 2.200 1.800 2.200 2.200 2.200 2.200 1.900 1.700 1.800 2.200 2.200 2.200 1.700 1.800 2.200 2.300 2.300 1.700 1.800 2.300 2.300 2.200 14/10/2005
2.100 2.100 2.100 1.500 1.600 2.100 2.000 2.100 1.900 1.600 2.100 2.100 1.900 1.900 1.600 1.400 1.900 1.900 1.900 1.900 1.400 1.900 1.900 2.000 2.000 1.500 1.900 2.000 2.000 1.900 15/10/2005
2.800 2.800 2.800 2.400 1.700 2.700 2.700 2.700 2.400 1.800 2.700 2.800 2.400 2.400 1.800 2.500 2.300 2.400 2.400 2.400 2.500 2.300 2.400 2.500 2.500 2.600 2.300 2.500 2.500 2.400 16/10/2005
1.700 1.700 1.700 1.200 0.700 1.700 1.600 1.700 0.800 0.700 1.700 1.700 0.700 0.800 0.700 1.400 0.900 0.800 0.800 0.800 1.400 0.800 0.800 0.700 0.700 1.400 0.900 0.700 0.700 0.800 17/10/2005
0.300 0.300 0.300 0.400 0.700 0.300 0.300 0.300 0.500 0.700 0.300 0.300 0.500 0.500 0.700 0.500 0.600 0.500 0.500 0.500 0.500 0.600 0.500 0.500 0.500 0.600 0.600 0.500 0.500 0.500 18/10/2005
2.400 2.400 2.400 2.300 2.200 2.300 2.300 2.300 2.300 2.200 2.300 2.300 2.400 2.300 2.300 2.600 2.400 2.400 2.300 2.300 2.600 2.400 2.300 2.400 2.400 2.700 2.500 2.400 2.400 2.300 19/10/2005
0.700 0.700 0.700 1.000 0.900 0.700 0.700 0.700 1.000 0.900 0.700 0.700 1.100 1.000 0.900 0.700 0.700 1.000 1.000 1.000 0.700 0.700 1.000 1.100 1.100 0.800 0.700 1.100 1.100 1.000 20/10/2005
1.800 1.800 1.800 1.500 1.600 1.800 1.700 1.800 1.900 1.600 1.800 1.800 1.900 1.800 1.700 1.800 1.900 1.900 1.800 1.800 1.800 1.900 1.900 1.900 1.900 1.900 2.000 1.900 1.900 1.800 21/10/2005
2.000 1.900 1.900 1.800 1.800 1.900 1.800 1.900 1.800 1.800 1.900 1.900 1.800 1.800 1.800 1.600 1.600 1.800 1.800 1.800 1.600 1.600 1.800 1.800 1.800 1.600 1.600 1.900 1.900 1.800 22/10/2005
1.600 1.600 1.600 1.200 0.700 1.600 1.500 1.600 1.100 0.700 1.600 1.600 1.100 1.100 0.700 1.900 2.000 1.100 1.100 1.100 1.900 2.000 1.100 1.100 1.100 2.000 2.000 1.200 1.100 1.100 23/10/2005
1.600 1.600 1.600 1.000 0.800 1.600 1.500 1.600 1.400 0.900 1.600 1.600 1.400 1.400 0.900 1.600 1.300 1.400 1.400 1.400 1.600 1.300 1.400 1.500 1.500 1.700 1.400 1.500 1.500 1.400 24/10/2005
2.300 2.300 2.300 2.200 1.800 2.300 2.300 2.300 2.200 1.800 2.300 2.300 2.200 2.200 1.900 2.200 2.100 2.200 2.200 2.200 2.200 2.100 2.200 2.200 2.200 2.200 2.100 2.300 2.300 2.200 25/10/2005
2.900 2.900 2.900 3.000 2.300 2.900 2.800 2.900 2.600 2.300 2.900 2.900 2.600 2.600 2.300 2.700 2.400 2.600 2.600 2.600 2.700 2.400 2.600 2.600 2.600 2.700 2.400 2.600 2.600 2.600 26/10/2005
4.300 4.300 4.300 4.300 3.600 4.300 4.300 4.300 3.900 3.700 4.300 4.300 4.000 3.900 3.700 3.500 3.800 3.900 3.900 3.900 3.500 3.800 3.900 4.000 4.000 3.400 3.800 4.000 4.000 3.900 27/10/2005
2.900 2.900 2.900 3.100 2.600 2.900 2.900 2.900 2.900 2.600 2.900 2.900 2.900 2.900 2.600 2.500 2.400 2.900 2.900 2.900 2.500 2.400 2.900 2.900 2.900 2.500 2.400 2.900 2.900 2.900 28/10/2005
3.200 3.200 3.100 2.900 2.900 3.100 3.100 3.100 3.300 3.000 3.100 3.100 3.400 3.300 3.000 3.000 2.900 3.300 3.300 3.300 3.000 2.900 3.300 3.400 3.400 3.000 2.900 3.400 3.400 3.300 29/10/2005
2.700 2.700 2.700 2.700 2.500 2.700 2.700 2.700 3.100 2.500 2.700 2.700 3.100 3.100 2.600 2.100 2.200 3.100 3.100 3.100 2.000 2.200 3.100 3.100 3.100 2.000 2.200 3.200 3.200 3.100 30/10/2005
0.900 0.900 0.900 1.000 0.700 0.900 0.800 0.900 0.800 0.700 0.900 0.900 0.800 0.800 0.700 1.000 0.700 0.800 0.800 0.800 1.000 0.700 0.800 0.800 0.800 1.100 0.700 0.800 0.800 0.800 31/10/2005
1.900 1.900 1.900 1.400 0.900 1.900 1.900 1.900 1.300 0.900 1.900 1.900 1.300 1.300 1.000 1.600 1.400 1.300 1.300 1.300 1.600 1.400 1.300 1.300 1.300 1.600 1.400 1.300 1.300 1.300 01/11/2005
1.900 2.000 2.000 2.000 1.600 2.000 2.000 2.000 1.900 1.600 2.000 2.000 1.900 1.900 1.600 1.700 1.600 1.900 1.900 1.900 1.700 1.600 1.900 1.900 1.900 1.700 1.600 1.900 1.900 1.900 02/11/2005
1.400 1.400 1.400 1.600 1.100 1.300 1.300 1.300 1.200 1.100 1.300 1.300 1.200 1.200 1.100 1.000 1.000 1.200 1.200 1.200 1.000 1.000 1.200 1.200 1.200 1.000 1.000 1.200 1.200 1.200 03/11/2005
1.100 1.100 1.100 0.700 0.500 1.000 1.000 1.000 0.800 0.600 1.000 1.000 0.800 0.800 0.600 1.100 0.900 0.800 0.800 0.800 1.100 0.800 0.800 0.900 0.900 1.200 0.900 0.900 0.900 0.800 04/11/2005
1.500 1.400 1.400 1.400 0.800 1.400 1.400 1.400 0.800 0.800 1.400 1.400 0.800 0.800 0.800 1.100 0.700 0.800 0.800 0.800 1.100 0.700 0.800 0.900 0.900 1.200 0.800 0.900 0.900 0.800 05/11/2005
1.500 1.400 1.400 1.000 1.100 1.400 1.400 1.400 1.000 1.100 1.400 1.400 1.000 1.000 1.100 1.200 1.200 1.000 1.000 1.000 1.200 1.200 1.000 1.000 1.000 1.300 1.200 1.000 1.000 1.000 06/11/2005
1.200 1.200 1.200 1.100 1.200 1.200 1.100 1.200 1.300 1.200 1.200 1.200 1.400 1.300 1.200 1.200 1.200 1.400 1.300 1.300 1.300 1.200 1.300 1.400 1.400 1.300 1.200 1.400 1.400 1.300 07/11/2005
2.100 2.100 2.100 1.900 1.900 2.100 2.100 2.100 2.100 1.900 2.100 2.100 2.100 2.100 1.900 1.700 1.600 2.100 2.100 2.100 1.700 1.600 2.100 2.100 2.100 1.700 1.600 2.200 2.100 2.100 08/11/2005
1.000 1.000 0.900 0.500 0.300 0.900 0.900 0.900 0.500 0.300 0.900 0.900 0.500 0.500 0.400 1.100 1.000 0.500 0.500 0.500 1.100 1.000 0.500 0.500 0.500 1.100 1.000 0.600 0.600 0.500 09/11/2005
1.000 1.000 0.900 0.600 1.100 0.900 0.800 0.900 1.200 1.100 0.900 0.900 1.200 1.200 1.200 1.400 1.600 1.200 1.200 1.200 1.500 1.600 1.200 1.200 1.200 1.600 1.600 1.300 1.300 1.200 10/11/2005
1.400 1.400 1.400 1.200 1.000 1.400 1.400 1.400 1.200 1.000 1.400 1.400 1.200 1.200 1.000 1.300 1.100 1.200 1.200 1.200 1.300 1.100 1.200 1.200 1.200 1.300 1.100 1.200 1.200 1.200 11/11/2005
0.300 0.300 0.400 0.300 0.200 0.400 0.400 0.400 0.300 0.200 0.400 0.400 0.300 0.300 0.200 0.200 0.400 0.300 0.300 0.300 0.200 0.400 0.300 0.300 0.300 0.200 0.400 0.400 0.400 0.300 12/11/2005
0.300 0.300 0.300 0.200 0.200 0.300 0.300 0.300 0.500 0.200 0.300 0.300 0.500 0.500 0.200 0.200 0.500 0.500 0.500 0.500 0.200 0.500 0.500 0.500 0.500 0.200 0.500 0.500 0.500 0.500 13/11/2005
1.500 1.500 1.500 1.300 1.500 1.400 1.400 1.400 1.700 1.600 1.400 1.400 1.800 1.700 1.600 1.600 2.000 1.700 1.700 1.700 1.600 2.000 1.700 1.800 1.800 1.700 2.000 1.800 1.800 1.700 14/11/2005
1.200 1.100 1.100 0.900 1.300 1.100 1.100 1.100 1.300 1.300 1.100 1.100 1.300 1.300 1.300 1.000 1.400 1.300 1.300 1.300 1.000 1.300 1.300 1.300 1.300 1.100 1.400 1.400 1.400 1.300 15/11/2005
0.600 0.600 0.500 0.300 0.600 0.500 0.500 0.500 0.700 0.600 0.500 0.500 0.700 0.700 0.600 0.700 0.800 0.700 0.700 0.700 0.800 0.700 0.700 0.700 0.700 0.800 0.800 0.700 0.700 0.700 16/11/2005
1.300 1.300 1.300 0.800 0.900 1.200 1.200 1.200 1.200 1.000 1.200 1.200 1.200 1.200 1.000 1.400 1.200 1.200 1.200 1.200 1.400 1.200 1.200 1.200 1.200 1.400 1.300 1.200 1.200 1.200 17/11/2005
1.300 1.300 1.300 1.100 1.200 1.300 1.300 1.300 1.400 1.200 1.300 1.300 1.400 1.400 1.200 1.300 1.400 1.400 1.400 1.400 1.300 1.400 1.400 1.400 1.400 1.300 1.400 1.400 1.400 1.400 18/11/2005
1.900 1.900 1.900 2.000 1.800 1.900 1.800 1.900 2.200 1.800 1.900 1.900 2.200 2.200 1.900 1.600 1.800 2.200 2.200 2.200 1.600 1.800 2.200 2.200 2.200 1.600 1.800 2.200 2.200 2.200 19/11/2005
1.800 1.800 1.800 1.600 1.800 1.800 1.800 1.800 1.900 1.800 1.800 1.800 1.900 1.900 1.800 1.700 1.800 1.900 2.000 2.000 1.700 1.800 1.900 1.900 1.900 1.600 1.700 1.900 1.900 2.000 20/11/2005
1.400 1.500 1.500 1.300 1.700 1.500 1.500 1.500 2.100 1.700 1.500 1.500 2.100 2.100 1.700 1.400 1.500 2.100 2.100 2.100 1.400 1.500 2.100 2.000 2.000 1.400 1.500 2.000 2.000 2.100 21/11/2005
1.800 1.800 1.800 1.600 1.500 1.700 1.700 1.700 1.800 1.500 1.800 1.800 1.800 1.800 1.500 1.800 2.000 1.800 1.800 1.800 1.800 1.900 1.800 1.800 1.800 1.800 2.000 1.800 1.800 1.800 22/11/2005
1.300 1.300 1.300 1.200 1.300 1.300 1.300 1.300 1.400 1.300 1.300 1.300 1.400 1.400 1.300 1.300 1.500 1.400 1.400 1.400 1.300 1.500 1.400 1.400 1.400 1.400 1.500 1.400 1.400 1.400 23/11/2005
0.900 0.900 0.900 0.700 0.700 0.900 0.900 0.900 0.900 0.700 0.900 0.900 0.900 0.900 0.700 0.900 0.900 0.900 0.800 0.800 0.900 0.900 0.900 0.900 0.900 0.900 0.900 0.900 0.900 0.800 24/11/2005
0.800 0.800 0.700 0.500 0.500 0.700 0.700 0.700 0.600 0.500 0.700 0.700 0.600 0.600 0.500 0.700 0.600 0.600 0.500 0.600 0.700 0.600 0.600 0.600 0.600 0.700 0.600 0.600 0.600 0.500 25/11/2005
0.800 0.700 0.700 0.600 0.400 0.700 0.700 0.700 0.600 0.400 0.700 0.700 0.700 0.600 0.500 0.600 0.600 0.700 0.600 0.600 0.700 0.600 0.600 0.700 0.700 0.700 0.600 0.700 0.700 0.600 26/11/2005
0.500 0.400 0.400 0.300 0.200 0.400 0.400 0.400 0.300 0.200 0.400 0.400 0.300 0.300 0.200 0.400 0.500 0.300 0.200 0.200 0.400 0.500 0.300 0.300 0.300 0.500 0.500 0.300 0.300 0.200 27/11/2005
0.300 0.300 0.300 0.300 0.200 0.300 0.300 0.300 0.200 0.200 0.300 0.300 0.200 0.200 0.200 0.200 0.300 0.200 0.200 0.200 0.200 0.300 0.200 0.200 0.200 0.300 0.300 0.200 0.200 0.200 28/11/2005
0.600 0.600 0.500 0.200 0.200 0.500 0.500 0.500 0.400 0.200 0.500 0.500 0.400 0.300 0.200 0.700 0.600 0.400 0.300 0.300 0.700 0.600 0.400 0.400 0.400 0.700 0.600 0.400 0.400 0.300 29/11/2005
0.300 0.300 0.300 0.400 0.200 0.300 0.300 0.300 0.300 0.200 0.300 0.300 0.300 0.300 0.200 0.300 0.300 0.300 0.300 0.300 0.300 0.300 0.300 0.300 0.300 0.400 0.300 0.300 0.300 0.300 30/11/2005
1.000 0.900 0.900 0.600 0.600 0.900 0.800 0.900 0.800 0.600 0.900 0.900 0.800 0.800 0.700 0.700 0.600 0.800 0.800 0.800 0.800 0.500 0.800 0.800 0.800 0.800 0.600 0.900 0.900 0.800 01/12/2005
0.900 0.900 0.900 0.600 0.300 0.900 0.900 0.900 0.400 0.300 0.900 0.900 0.400 0.400 0.300 0.800 0.700 0.400 0.400 0.400 0.800 0.700 0.400 0.400 0.400 0.700 0.700 0.400 0.400 0.400 02/12/2005
0.900 0.900 0.900 0.600 0.500 0.800 0.800 0.800 0.700 0.500 0.800 0.800 0.700 0.600 0.500 0.600 0.600 0.700 0.600 0.600 0.600 0.600 0.700 0.700 0.700 0.600 0.600 0.700 0.700 0.600 03/12/2005
0.700 0.600 0.600 0.500 0.600 0.600 0.600 0.600 0.600 0.600 0.600 0.600 0.600 0.600 0.600 0.700 0.600 0.600 0.600 0.600 0.700 0.600 0.600 0.600 0.600 0.800 0.600 0.600 0.600 0.600 04/12/2005
0.800 0.800 0.800 0.500 0.300 0.700 0.700 0.700 0.500 0.300 0.700 0.700 0.500 0.500 0.400 0.600 0.700 0.500 0.500 0.500 0.700 0.700 0.500 0.500 0.500 0.700 0.700 0.600 0.600 0.500 05/12/2005
0.900 0.900 0.900 0.700 0.400 0.900 0.800 0.900 0.700 0.400 0.900 0.900 0.700 0.700 0.500 0.900 0.900 0.700 0.700 0.700 0.900 0.900 0.700 0.700 0.700 1.000 0.900 0.800 0.800 0.700 06/12/2005
0.500 0.500 0.500 0.300 0.200 0.500 0.500 0.500 0.300 0.200 0.500 0.500 0.300 0.300 0.300 0.500 0.500 0.300 0.300 0.300 0.500 0.500 0.300 0.300 0.300 0.500 0.500 0.300 0.300 0.300 07/12/2005
1.000 1.000 0.900 0.900 0.400 0.900 0.900 0.900 0.700 0.400 0.900 0.900 0.700 0.700 0.400 0.800 0.700 0.700 0.700 0.700 0.800 0.700 0.700 0.700 0.700 0.800 0.700 0.700 0.700 0.700 08/12/2005
0.700 0.700 0.700 0.700 0.600 0.700 0.600 0.700 0.800 0.600 0.700 0.700 0.800 0.800 0.600 0.700 0.800 0.800 0.800 0.800 0.800 0.800 0.800 0.800 0.900 0.800 0.900 0.900 0.900 0.800 09/12/2005
1.000 1.000 1.000 0.900 0.900 1.000 0.900 1.000 1.200 0.900 1.000 1.000 1.200 1.100 0.900 1.000 1.100 1.200 1.100 1.100 1.000 1.100 1.200 1.200 1.200 1.100 1.100 1.200 1.200 1.100 10/12/2005
0.900 0.900 0.900 0.900 0.800 0.900 0.900 0.900 0.800 0.800 0.900 0.900 0.800 0.800 0.800 0.900 0.800 0.800 0.800 0.800 1.000 0.800 0.800 0.800 0.800 1.000 0.800 0.800 0.800 0.800 11/12/2005
1.000 1.000 1.000 0.900 0.600 0.900 0.900 0.900 0.700 0.600 0.900 0.900 0.700 0.700 0.600 0.800 0.500 0.700 0.700 0.700 0.800 0.500 0.700 0.700 0.700 0.800 0.500 0.800 0.700 0.700 12/12/2005
0.700 0.700 0.700 0.600 0.000 0.700 0.700 0.700 0.300 0.100 0.700 0.700 0.300 0.300 0.100 0.300 0.400 0.300 0.300 0.300 0.300 0.400 0.300 0.300 0.300 0.400 0.400 0.400 0.400 0.300 13/12/2005
1.000 1.000 1.000 0.800 1.000 0.900 0.900 0.900 1.300 1.000 0.900 0.900 1.300 1.300 1.100 1.100 0.900 1.300 1.300 1.300 1.100 0.900 1.300 1.300 1.300 1.100 1.000 1.400 1.400 1.300 14/12/2005
0.700 0.700 0.700 0.600 0.700 0.700 0.600 0.700 0.800 0.700 0.700 0.700 0.800 0.700 0.700 0.700 0.600 0.800 0.700 0.700 0.700 0.600 0.800 0.800 0.800 0.700 0.700 0.800 0.800 0.700 15/12/2005
0.700 0.700 0.700 0.500 0.500 0.700 0.700 0.700 0.600 0.500 0.700 0.700 0.600 0.600 0.500 0.800 0.900 0.600 0.600 0.600 0.800 0.900 0.600 0.600 0.600 0.800 0.900 0.600 0.600 0.600 16/12/2005
0.700 0.700 0.700 0.500 0.400 0.700 0.600 0.700 0.600 0.500 0.700 0.700 0.600 0.600 0.500 0.600 0.700 0.600 0.600 0.600 0.700 0.700 0.600 0.600 0.600 0.700 0.700 0.600 0.600 0.600 17/12/2005
0.800 0.800 0.800 0.600 0.500 0.800 0.700 0.800 0.700 0.500 0.800 0.800 0.700 0.700 0.500 0.800 0.800 0.700 0.700 0.700 0.800 0.800 0.700 0.700 0.700 0.900 0.900 0.800 0.800 0.700 18/12/2005
0.500 0.500 0.500 0.400 0.400 0.500 0.500 0.500 0.400 0.300 0.500 0.500 0.400 0.400 0.300 0.500 0.500 0.400 0.400 0.400 0.500 0.500 0.400 0.400 0.400 0.500 0.500 0.400 0.400 0.400 19/12/2005
0.400 0.400 0.400 0.200 0.500 0.400 0.300 0.400 0.600 0.500 0.400 0.400 0.600 0.600 0.500 0.800 1.000 0.600 0.600 0.600 0.900 1.000 0.600 0.700 0.700 0.900 1.000 0.700 0.700 0.600 20/12/2005
0.400 0.400 0.400 0.400 0.400 0.400 0.300 0.400 0.600 0.400 0.400 0.400 0.600 0.500 0.500 0.300 0.500 0.600 0.500 0.500 0.300 0.500 0.600 0.600 0.600 0.400 0.500 0.600 0.600 0.500 21/12/2005
0.800 0.800 0.800 0.600 0.500 0.700 0.700 0.700 0.700 0.500 0.700 0.700 0.700 0.700 0.500 0.400 0.300 0.700 0.700 0.700 0.400 0.300 0.700 0.700 0.700 0.400 0.300 0.700 0.700 0.700 22/12/2005
0.700 0.700 0.700 0.700 0.500 0.700 0.700 0.700 0.600 0.500 0.700 0.700 0.600 0.600 0.500 0.400 0.400 0.600 0.600 0.600 0.400 0.400 0.600 0.600 0.600 0.400 0.400 0.600 0.600 0.600 23/12/2005
0.800 0.800 0.800 0.600 0.800 0.800 0.700 0.800 0.800 0.800 0.800 0.800 0.900 0.800 0.800 0.300 0.300 0.900 0.800 0.800 0.300 0.300 0.800 0.900 0.900 0.400 0.300 0.900 0.900 0.800 24/12/2005
0.800 0.800 0.700 0.300 0.500 0.700 0.700 0.700 0.600 0.500 0.700 0.700 0.600 0.600 0.500 0.400 0.500 0.600 0.600 0.600 0.500 0.500 0.600 0.600 0.600 0.500 0.500 0.600 0.600 0.600 25/12/2005
0.800 0.800 0.800 0.700 0.800 0.700 0.700 0.700 0.800 0.800 0.700 0.700 0.900 0.800 0.800 0.500 0.300 0.900 0.800 0.800 0.600 0.300 0.800 0.900 0.900 0.600 0.300 0.900 0.900 0.800 26/12/2005
0.500 0.500 0.400 0.400 0.500 0.400 0.400 0.400 0.500 0.500 0.400 0.400 0.500 0.500 0.500 0.300 0.300 0.500 0.500 0.500 0.400 0.300 0.500 0.500 0.500 0.400 0.300 0.500 0.500 0.500 27/12/2005
0.500 0.500 0.500 0.200 0.200 0.400 0.400 0.400 0.300 0.200 0.400 0.400 0.300 0.300 0.200 0.400 0.300 0.300 0.300 0.300 0.400 0.300 0.300 0.300 0.300 0.400 0.300 0.400 0.400 0.300 28/12/2005
0.300 0.300 0.300 0.500 0.400 0.300 0.300 0.300 0.300 0.400 0.300 0.300 0.300 0.300 0.400 0.300 0.300 0.300 0.300 0.300 0.300 0.300 0.300 0.300 0.300 0.400 0.300 0.400 0.300 0.300 29/12/2005
0.700 0.700 0.700 0.700 0.600 0.700 0.700 0.700 0.600 0.600 0.700 0.700 0.600 0.600 0.600 0.400 0.300 0.600 0.600 0.600 0.400 0.300 0.600 0.600 0.600 0.400 0.300 0.600 0.600 0.600 30/12/2005
0.600 0.600 0.600 0.400 0.400 0.600 0.500 0.600 0.600 0.400 0.600 0.600 0.600 0.600 0.400 0.700 0.800 0.600 0.600 0.600 0.700 0.800 0.600 0.600 0.600 0.700 0.800 0.700 0.600 0.600 31/12/2005
0.600 0.600 0.600 0.400 0.500 0.600 0.600 0.600 0.300 0.500 0.600 0.600 0.300 0.300 0.500 0.500 0.500 0.300 0.300 0.300 0.600 0.500 0.300 0.300 0.300 0.600 0.500 0.300 0.300 0.300 01/01/2006
0.900 0.900 0.800 0.700 0.600 0.800 0.800 0.800 0.800 0.600 0.800 0.800 0.800 0.800 0.600 0.800 0.800 0.800 0.800 0.800 0.800 0.800 0.800 0.800 0.800 0.900 0.800 0.900 0.900 0.800 02/01/2006
0.900 0.900 0.800 0.700 0.900 0.800 0.700 0.800 1.000 0.900 0.800 0.800 1.000 1.000 1.000 0.600 0.600 1.000 1.000 1.000 0.700 0.600 1.000 1.000 1.000 0.700 0.600 1.100 1.100 1.000 03/01/2006
0.300 0.300 0.300 0.400 0.400 0.300 0.300 0.300 0.300 0.400 0.300 0.300 0.300 0.300 0.500 0.300 0.200 0.300 0.300 0.300 0.300 0.200 0.300 0.300 0.300 0.300 0.200 0.300 0.300 0.300 04/01/2006
0.500 0.500 0.500 0.300 0.100 0.500 0.400 0.500 0.300 0.100 0.500 0.500 0.300 0.300 0.100 0.400 0.400 0.300 0.200 0.300 0.400 0.300 0.300 0.300 0.300 0.500 0.400 0.300 0.300 0.300 05/01/2006
0.800 0.700 0.700 0.700 0.500 0.700 0.700 0.700 0.500 0.500 0.700 0.700 0.600 0.500 0.500 0.600 0.300 0.500 0.500 0.500 0.700 0.300 0.500 0.600 0.600 0.700 0.300 0.600 0.600 0.500 06/01/2006
0.500 0.500 0.500 0.400 0.600 0.500 0.500 0.500 0.600 0.600 0.500 0.500 0.600 0.700 0.600 0.700 0.700 0.600 0.700 0.700 0.700 0.700 0.600 0.600 0.600 0.700 0.800 0.600 0.600 0.700 07/01/2006
0.300 0.300 0.300 0.500 0.800 0.400 0.400 0.400 0.700 0.800 0.400 0.300 0.700 0.700 0.800 0.500 0.400 0.700 0.700 0.700 0.400 0.400 0.700 0.700 0.700 0.400 0.400 0.700 0.700 0.700 08/01/2006
0.400 0.300 0.300 0.300 0.200 0.300 0.300 0.300 0.300 0.200 0.300 0.300 0.300 0.300 0.300 0.400 0.300 0.300 0.300 0.300 0.400 0.300 0.300 0.300 0.300 0.400 0.300 0.300 0.300 0.300 09/01/2006
0.300 0.300 0.300 0.300 0.600 0.300 0.300 0.300 0.500 0.600 0.300 0.300 0.500 0.500 0.700 0.300 0.300 0.500 0.500 0.500 0.300 0.300 0.500 0.500 0.500 0.300 0.300 0.500 0.500 0.500 10/01/2006
0.400 0.300 0.300 0.200 0.300 0.300 0.300 0.300 0.300 0.300 0.300 0.300 0.400 0.300 0.300 0.300 0.400 0.300 0.300 0.300 0.300 0.400 0.300 0.400 0.400 0.300 0.400 0.400 0.400 0.300 11/01/2006
0.300 0.300 0.300 0.300 0.200 0.300 0.300 0.300 0.300 0.300 0.300 0.300 0.300 0.300 0.300 0.300 0.400 0.300 0.300 0.300 0.300 0.400 0.300 0.300 0.300 0.300 0.400 0.300 0.300 0.300 12/01/2006
1.000 1.000 1.000 1.300 1.000 1.000 0.900 1.000 1.100 1.000 1.000 1.000 1.100 1.100 1.000 0.900 1.000 1.100 1.100 1.100 0.900 1.000 1.100 1.100 1.100 1.000 1.000 1.100 1.100 1.100 13/01/2006
1.600 1.600 1.600 1.500 1.200 1.600 1.600 1.600 1.200 1.200 1.600 1.600 1.200 1.300 1.200 1.000 1.000 1.200 1.300 1.300 1.100 1.000 1.200 1.200 1.200 1.100 1.000 1.200 1.200 1.300 14/01/2006
1.300 1.300 1.300 1.100 1.000 1.200 1.200 1.200 1.000 1.000 1.200 1.200 0.900 1.000 1.000 0.800 0.800 1.000 1.000 1.000 0.800 0.700 1.000 0.900 0.900 0.900 0.800 0.900 0.900 1.000 15/01/2006
0.800 0.800 0.800 0.800 0.600 0.800 0.800 0.800 0.700 0.600 0.800 0.800 0.700 0.700 0.600 0.500 0.500 0.700 0.700 0.700 0.500 0.500 0.700 0.700 0.700 0.500 0.500 0.700 0.700 0.700 16/01/2006
0.500 0.500 0.500 0.600 0.500 0.400 0.400 0.400 0.600 0.600 0.500 0.500 0.600 0.600 0.600 0.500 0.400 0.600 0.600 0.600 0.500 0.400 0.600 0.600 0.600 0.500 0.400 0.600 0.600 0.600 17/01/2006
0.300 0.300 0.300 0.200 0.300 0.300 0.200 0.300 0.300 0.300 0.300 0.300 0.300 0.300 0.300 0.200 0.200 0.300 0.300 0.300 0.200 0.200 0.300 0.300 0.300 0.200 0.200 0.300 0.300 0.300 18/01/2006
0.500 0.500 0.500 0.400 0.300 0.500 0.500 0.500 0.400 0.300 0.500 0.500 0.400 0.400 0.400 0.500 0.600 0.400 0.300 0.400 0.500 0.600 0.400 0.400 0.400 0.500 0.600 0.400 0.400 0.400 19/01/2006
1.200 1.100 1.100 1.000 0.300 1.100 1.100 1.100 0.600 0.400 1.100 1.100 0.600 0.600 0.400 0.900 0.600 0.600 0.600 0.600 0.900 0.600 0.600 0.700 0.700 0.900 0.600 0.700 0.700 0.600 20/01/2006
1.000 1.000 1.000 0.600 0.600 1.000 0.900 1.000 0.800 0.600 1.000 1.000 0.800 0.800 0.600 1.000 1.100 0.800 0.800 0.800 1.000 1.100 0.800 0.800 0.800 1.100 1.100 0.900 0.900 0.800 21/01/2006
1.200 1.200 1.200 1.200 1.100 1.100 1.100 1.100 1.300 1.200 1.100 1.100 1.300 1.300 1.200 1.200 1.300 1.300 1.300 1.300 1.300 1.300 1.300 1.300 1.300 1.300 1.300 1.400 1.400 1.300 22/01/2006
1.200 1.200 1.200 1.100 1.200 1.100 1.100 1.100 1.300 1.200 1.100 1.100 1.300 1.300 1.200 1.200 1.200 1.300 1.300 1.300 1.200 1.200 1.300 1.300 1.300 1.300 1.300 1.400 1.400 1.300 23/01/2006
1.300 1.300 1.300 1.200 1.000 1.300 1.300 1.300 1.300 1.000 1.300 1.300 1.300 1.300 1.000 1.200 1.200 1.300 1.300 1.300 1.200 1.200 1.300 1.300 1.300 1.200 1.200 1.300 1.300 1.300 24/01/2006
1.500 1.500 1.500 1.200 1.000 1.500 1.500 1.500 1.200 1.000 1.500 1.500 1.200 1.200 1.000 1.200 1.200 1.200 1.200 1.200 1.200 1.200 1.200 1.200 1.200 1.200 1.300 1.200 1.200 1.200 25/01/2006
0.800 0.700 0.700 0.600 0.600 0.700 0.700 0.700 0.600 0.600 0.700 0.700 0.700 0.600 0.700 0.500 0.900 0.700 0.600 0.600 0.600 0.800 0.600 0.700 0.700 0.600 0.900 0.700 0.700 0.600 26/01/2006
0.900 0.900 0.800 0.700 0.800 0.800 0.800 0.800 0.900 0.800 0.800 0.800 0.900 0.800 0.800 0.900 0.700 0.900 0.800 0.800 0.900 0.700 0.900 0.900 0.900 0.900 0.700 0.900 0.900 0.800 27/01/2006
0.300 0.300 0.300 0.300 0.300 0.300 0.300 0.300 0.300 0.300 0.300 0.300 0.300 0.300 0.300 0.100 0.100 0.300 0.300 0.300 0.200 0.100 0.300 0.300 0.300 0.200 0.100 0.300 0.300 0.300 28/01/2006
0.300 0.400 0.400 0.300 0.400 0.400 0.400 0.400 0.400 0.400 0.400 0.400 0.400 0.400 0.400 0.200 0.300 0.400 0.400 0.400 0.200 0.300 0.400 0.400 0.400 0.200 0.300 0.400 0.400 0.400 29/01/2006
1.400 1.400 1.400 1.400 1.500 1.400 1.400 1.400 1.300 1.500 1.400 1.400 1.300 1.300 1.500 1.000 0.700 1.300 1.300 1.300 1.000 0.700 1.300 1.300 1.300 1.000 0.700 1.300 1.300 1.300 30/01/2006
0.900 0.800 0.800 0.800 0.400 0.800 0.700 0.800 0.700 0.400 0.800 0.800 0.700 0.600 0.400 0.600 0.600 0.700 0.600 0.600 0.700 0.600 0.600 0.700 0.700 0.700 0.700 0.700 0.700 0.600 31/01/2006
1.100 1.100 1.100 1.000 0.800 1.000 1.000 1.000 0.900 0.900 1.000 1.000 1.000 0.900 0.900 1.100 1.100 0.900 0.900 0.900 1.100 1.100 0.900 1.000 1.000 1.100 1.100 1.000 1.000 0.900 01/02/2006
1.000 1.000 1.000 1.100 1.200 1.000 0.900 1.000 1.000 1.200 1.000 1.000 1.000 1.000 1.200 0.900 1.000 1.000 1.000 1.000 0.900 1.000 1.000 1.100 1.100 1.000 1.000 1.100 1.100 1.000 02/02/2006
0.900 0.800 0.800 0.900 0.800 0.800 0.800 0.800 0.600 0.800 0.800 0.800 0.700 0.600 0.800 0.700 0.600 0.600 0.600 0.600 0.700 0.600 0.600 0.700 0.700 0.700 0.600 0.700 0.700 0.600 03/02/2006
0.800 0.800 0.800 0.800 1.000 0.800 0.800 0.800 1.100 1.000 0.800 0.800 1.200 1.100 1.100 0.900 0.900 1.200 1.100 1.100 0.900 0.900 1.100 1.200 1.200 0.900 0.900 1.200 1.200 1.100 04/02/2006
1.200 1.100 1.100 0.900 1.000 1.100 1.000 1.100 1.100 1.000 1.100 1.100 1.100 1.100 1.000 1.100 1.000 1.100 1.100 1.100 1.100 1.000 1.100 1.100 1.100 1.200 1.000 1.200 1.200 1.100 05/02/2006
1.000 0.900 0.900 0.300 0.400 0.900 0.800 0.900 0.900 0.400 0.900 0.900 0.900 0.900 0.400 1.200 1.000 0.900 0.900 0.900 1.200 1.000 0.900 0.900 0.900 1.300 1.100 1.000 1.000 0.900 06/02/2006
1.000 1.000 1.000 0.800 0.800 0.900 0.900 0.900 1.000 0.800 0.900 0.900 1.000 0.900 0.800 1.100 1.100 1.000 0.900 0.900 1.100 1.100 1.000 1.000 1.000 1.200 1.100 1.000 1.000 0.900 07/02/2006
1.300 1.300 1.300 1.200 0.900 1.300 1.300 1.300 1.100 0.900 1.300 1.300 1.100 1.100 0.900 1.200 1.300 1.100 1.100 1.100 1.200 1.300 1.100 1.100 1.100 1.200 1.300 1.100 1.100 1.100 08/02/2006
0.600 0.600 0.600 0.200 0.400 0.500 0.500 0.500 0.700 0.400 0.500 0.500 0.700 0.600 0.400 1.000 1.100 0.700 0.600 0.600 1.000 1.100 0.700 0.700 0.700 1.100 1.100 0.700 0.700 0.600 09/02/2006
1.500 1.400 1.400 1.300 1.200 1.400 1.400 1.400 1.400 1.200 1.400 1.400 1.400 1.400 1.200 1.400 1.400 1.400 1.400 1.400 1.400 1.400 1.400 1.400 1.400 1.400 1.400 1.400 1.400 1.400 10/02/2006
1.500 1.500 1.500 1.300 1.200 1.500 1.400 1.500 1.400 1.200 1.500 1.500 1.400 1.400 1.200 1.400 1.400 1.400 1.400 1.400 1.400 1.400 1.400 1.400 1.400 1.400 1.400 1.400 1.400 1.400 11/02/2006
1.400 1.400 1.400 1.200 1.100 1.400 1.300 1.400 1.300 1.100 1.400 1.400 1.300 1.300 1.100 1.200 1.200 1.300 1.200 1.300 1.200 1.200 1.300 1.300 1.300 1.200 1.200 1.300 1.300 1.200 12/02/2006
1.000 1.000 1.000 0.900 0.900 1.000 1.000 1.000 0.900 0.900 1.000 1.000 0.900 0.900 0.900 0.700 1.000 0.900 0.900 0.900 0.800 1.000 0.900 0.900 0.900 0.800 1.000 0.900 0.900 0.900 13/02/2006
1.200 1.200 1.200 0.700 1.100 1.200 1.100 1.200 1.000 1.100 1.200 1.200 1.000 1.000 1.100 0.900 0.900 1.000 1.000 1.000 0.900 0.800 1.000 1.000 1.000 1.000 0.900 1.000 1.000 1.000 14/02/2006
0.500 0.500 0.500 0.600 0.600 0.500 0.600 0.500 0.700 0.600 0.500 0.500 0.700 0.700 0.600 0.500 0.600 0.700 0.700 0.700 0.500 0.600 0.700 0.700 0.700 0.500 0.600 0.700 0.700 0.700 15/02/2006
1.300 1.300 1.300 0.400 0.600 1.300 1.200 1.300 0.900 0.600 1.300 1.300 1.000 0.900 0.700 1.300 1.200 0.900 0.900 0.900 1.400 1.200 0.900 1.000 1.000 1.400 1.200 1.000 1.000 0.900 16/02/2006
1.000 1.000 1.000 1.200 0.800 1.000 1.000 1.000 0.900 0.800 1.000 1.000 0.900 0.900 0.800 1.000 0.900 0.900 0.900 0.900 1.000 0.900 0.900 0.900 0.900 1.000 1.000 0.900 0.900 0.900 17/02/2006
0.900 0.900 0.900 0.900 0.900 0.900 0.900 0.900 0.900 0.900 0.900 0.900 0.900 0.900 0.900 1.200 1.500 0.900 0.900 0.900 1.200 1.500 0.900 0.900 0.900 1.200 1.500 1.000 1.000 0.900 18/02/2006
1.500 1.500 1.400 1.200 1.100 1.400 1.400 1.400 1.200 1.100 1.400 1.400 1.200 1.200 1.100 1.400 1.400 1.200 1.200 1.200 1.400 1.400 1.200 1.300 1.300 1.500 1.400 1.300 1.300 1.200 19/02/2006
1.100 1.100 1.100 1.000 0.600 1.100 1.100 1.100 0.900 0.600 1.100 1.100 0.900 0.900 0.600 0.900 0.700 0.900 0.800 0.800 0.900 0.700 0.900 0.900 0.900 1.000 0.800 0.900 0.900 0.800 20/02/2006
0.300 0.300 0.300 0.200 0.200 0.300 0.300 0.300 0.400 0.300 0.300 0.300 0.400 0.400 0.300 0.200 0.400 0.400 0.300 0.300 0.200 0.400 0.400 0.400 0.400 0.200 0.400 0.400 0.400 0.300 21/02/2006
0.600 0.600 0.600 0.900 0.900 0.600 0.600 0.600 0.800 0.900 0.600 0.600 0.800 0.800 0.900 0.500 0.400 0.800 0.800 0.800 0.600 0.400 0.800 0.800 0.800 0.600 0.500 0.900 0.800 0.800 22/02/2006
1.400 1.300 1.300 1.000 1.200 1.300 1.200 1.300 1.400 1.300 1.300 1.300 1.400 1.400 1.300 1.400 1.400 1.400 1.400 1.400 1.400 1.400 1.400 1.400 1.400 1.500 1.500 1.500 1.500 1.400 23/02/2006
1.500 1.500 1.400 1.200 1.200 1.400 1.400 1.400 1.400 1.300 1.400 1.400 1.400 1.400 1.300 1.600 1.500 1.400 1.400 1.400 1.600 1.500 1.400 1.400 1.400 1.600 1.500 1.500 1.500 1.400 24/02/2006
1.700 1.700 1.700 0.900 1.000 1.700 1.600 1.700 1.300 1.000 1.700 1.700 1.400 1.300 1.000 1.600 1.700 1.400 1.300 1.300 1.700 1.700 1.300 1.400 1.400 1.700 1.700 1.400 1.400 1.300 25/02/2006
2.000 2.000 2.000 1.600 2.200 1.900 1.900 1.900 2.200 2.200 1.900 1.900 2.200 2.200 2.200 2.000 2.400 2.200 2.200 2.200 2.000 2.400 2.200 2.200 2.200 2.000 2.400 2.300 2.200 2.200 26/02/2006
2.000 1.900 1.900 1.800 1.800 1.900 1.800 1.900 2.100 1.800 1.900 1.900 2.100 2.100 1.900 1.800 1.900 2.100 2.100 2.100 1.900 1.900 2.100 2.200 2.200 1.900 1.900 2.200 2.200 2.100 27/02/2006
1.200 1.200 1.200 1.100 0.800 1.200 1.200 1.200 1.100 0.800 1.200 1.200 1.100 1.100 0.900 1.300 1.100 1.100 1.100 1.100 1.300 1.100 1.100 1.100 1.100 1.300 1.100 1.100 1.100 1.100 28/02/2006
0.800 0.800 0.800 1.000 0.800 0.800 0.800 0.800 0.700 0.800 0.800 0.800 0.700 0.700 0.900 0.800 0.900 0.700 0.700 0.700 0.800 0.900 0.700 0.700 0.700 0.800 0.900 0.700 0.700 0.700 01/03/2006
0.800 0.800 0.800 0.900 0.700 0.800 0.700 0.800 0.700 0.800 0.800 0.800 0.700 0.700 0.800 0.600 0.600 0.700 0.700 0.700 0.600 0.600 0.700 0.700 0.700 0.500 0.600 0.700 0.700 0.700 02/03/2006
0.600 0.600 0.600 0.600 0.500 0.600 0.600 0.600 0.600 0.500 0.600 0.600 0.600 0.600 0.500 0.700 0.500 0.600 0.600 0.600 0.700 0.500 0.600 0.600 0.600 0.700 0.500 0.600 0.600 0.600 03/03/2006
0.500 0.500 0.500 0.300 0.800 0.500 0.500 0.500 0.800 0.800 0.500 0.500 0.800 0.800 0.900 0.800 1.300 0.800 0.800 0.800 0.900 1.300 0.800 0.800 0.800 0.900 1.400 0.800 0.800 0.800 04/03/2006
1.700 1.600 1.600 1.300 1.200 1.600 1.500 1.600 1.300 1.200 1.600 1.600 1.400 1.300 1.300 1.600 1.600 1.400 1.300 1.300 1.700 1.600 1.300 1.400 1.400 1.700 1.700 1.400 1.400 1.300 05/03/2006
1.500 1.500 1.400 0.800 0.700 1.400 1.400 1.400 1.000 0.700 1.400 1.400 1.000 0.900 0.800 1.300 1.400 1.000 0.900 0.900 1.400 1.400 1.000 1.000 1.000 1.400 1.500 1.000 1.000 0.900 06/03/2006
0.400 0.400 0.400 0.500 0.400 0.500 0.500 0.500 0.400 0.400 0.500 0.400 0.400 0.400 0.400 0.400 0.400 0.400 0.400 0.400 0.400 0.400 0.400 0.400 0.400 0.400 0.400 0.400 0.400 0.400 07/03/2006
0.700 0.700 0.700 0.500 0.500 0.700 0.700 0.700 0.500 0.500 0.700 0.700 0.500 0.500 0.500 0.600 0.600 0.500 0.500 0.500 0.600 0.600 0.500 0.500 0.500 0.700 0.600 0.500 0.500 0.500 08/03/2006
1.200 1.200 1.100 1.100 0.900 1.100 1.100 1.100 1.400 0.900 1.100 1.100 1.400 1.400 0.900 1.500 1.600 1.400 1.300 1.400 1.600 1.600 1.400 1.400 1.400 1.600 1.600 1.500 1.500 1.400 09/03/2006
1.900 1.900 1.900 1.700 1.600 1.800 1.800 1.800 1.400 1.600 1.900 1.900 1.500 1.400 1.600 1.200 0.900 1.400 1.400 1.400 1.200 0.900 1.400 1.500 1.500 1.200 0.900 1.500 1.500 1.400 10/03/2006
2.100 2.000 2.000 1.700 1.700 2.000 2.000 2.000 1.700 1.700 2.000 2.000 1.700 1.600 1.700 1.800 1.800 1.700 1.600 1.600 1.800 1.800 1.700 1.700 1.700 1.800 1.800 1.700 1.700 1.600 11/03/2006
1.800 1.800 1.800 1.500 1.400 1.800 1.800 1.800 1.500 1.400 1.800 1.800 1.500 1.500 1.500 1.600 1.500 1.500 1.500 1.500 1.700 1.500 1.500 1.500 1.500 1.700 1.500 1.500 1.500 1.500 12/03/2006
2.300 2.300 2.300 2.200 2.200 2.300 2.200 2.300 2.400 2.200 2.300 2.300 2.500 2.400 2.200 2.000 2.100 2.400 2.400 2.400 2.000 2.100 2.400 2.500 2.500 2.100 2.200 2.500 2.500 2.400 13/03/2006
2.400 2.400 2.400 2.500 2.600 2.300 2.300 2.300 2.700 2.600 2.300 2.400 2.700 2.700 2.600 2.400 2.600 2.700 2.700 2.700 2.500 2.600 2.700 2.700 2.700 2.500 2.600 2.700 2.700 2.700 14/03/2006
2.200 2.200 2.200 2.100 2.200 2.200 2.200 2.200 2.100 2.200 2.200 2.200 2.100 2.100 2.200 1.800 2.100 2.100 2.100 2.100 1.800 2.100 2.100 2.100 2.100 1.800 2.100 2.000 2.000 2.100 15/03/2006
2.700 2.700 2.700 2.500 2.600 2.700 2.700 2.700 2.700 2.600 2.700 2.700 2.700 2.700 2.600 2.700 3.000 2.700 2.700 2.700 2.800 3.000 2.700 2.700 2.700 2.800 3.000 2.700 2.700 2.700 16/03/2006
2.600 2.600 2.600 2.300 2.400 2.600 2.500 2.600 2.500 2.400 2.600 2.600 2.500 2.500 2.400 2.000 2.200 2.500 2.500 2.500 2.000 2.200 2.500 2.500 2.500 2.000 2.200 2.500 2.500 2.500 17/03/2006
1.600 1.600 1.500 1.100 1.100 1.500 1.500 1.500 1.200 1.100 1.500 1.500 1.200 1.200 1.100 1.200 1.200 1.200 1.200 1.200 1.300 1.200 1.200 1.200 1.200 1.300 1.200 1.200 1.200 1.200 18/03/2006
1.900 1.800 1.800 2.300 2.600 1.800 1.800 1.800 2.400 2.600 1.800 1.800 2.400 2.400 2.600 1.400 1.600 2.400 2.400 2.400 1.400 1.500 2.400 2.400 2.400 1.500 1.600 2.500 2.500 2.400 19/03/2006
2.500 2.500 2.500 2.500 1.900 2.400 2.400 2.400 1.800 1.900 2.400 2.400 1.800 1.800 2.000 1.300 1.200 1.800 1.700 1.700 1.400 1.200 1.800 1.800 1.800 1.400 1.200 1.900 1.800 1.700 20/03/2006
2.100 2.000 2.000 2.000 1.700 2.000 1.900 2.000 1.500 1.800 2.000 2.000 1.500 1.400 1.800 1.800 1.400 1.500 1.400 1.400 1.900 1.400 1.500 1.500 1.500 1.900 1.500 1.600 1.500 1.400 21/03/2006
1.200 1.200 1.200 1.100 0.900 1.200 1.100 1.200 1.000 0.900 1.200 1.200 1.100 1.000 0.900 1.100 1.000 1.000 1.000 1.000 1.200 1.000 1.000 1.100 1.100 1.200 1.000 1.100 1.100 1.000 22/03/2006
2.000 2.000 2.000 1.700 1.300 1.900 1.900 1.900 1.400 1.300 1.900 1.900 1.400 1.300 1.400 1.400 1.700 1.400 1.300 1.300 1.400 1.700 1.400 1.400 1.400 1.500 1.700 1.500 1.400 1.300 23/03/2006
1.600 1.600 1.600 1.500 1.500 1.600 1.500 1.600 1.700 1.500 1.600 1.600 1.700 1.700 1.600 1.400 1.600 1.700 1.700 1.700 1.400 1.600 1.700 1.700 1.700 1.400 1.600 1.800 1.800 1.700 24/03/2006
1.900 1.900 1.800 1.400 1.400 1.800 1.800 1.800 1.900 1.500 1.800 1.800 1.900 1.900 1.500 2.100 2.500 1.900 1.900 1.900 2.100 2.500 1.900 1.900 1.900 2.200 2.500 1.900 1.900 1.900 25/03/2006
4.400 4.300 4.300 3.500 2.900 4.300 4.300 4.300 3.200 2.900 4.300 4.300 3.200 3.100 3.000 3.100 2.800 3.200 3.100 3.100 3.100 2.800 3.200 3.200 3.200 3.100 2.800 3.200 3.200 3.100 26/03/2006
2.300 2.300 2.300 1.400 1.700 2.200 2.100 2.200 1.900 1.700 2.200 2.200 1.900 1.900 1.700 1.700 1.500 1.900 1.900 1.900 1.800 1.500 1.900 2.000 2.000 1.800 1.500 2.000 2.000 1.900 27/03/2006
2.100 2.100 2.000 1.000 1.000 2.000 2.000 2.000 1.700 1.000 2.000 2.000 1.700 1.700 1.100 2.000 2.300 1.700 1.700 1.700 2.000 2.300 1.700 1.700 1.700 2.000 2.300 1.700 1.700 1.700 28/03/2006
1.400 1.400 1.400 1.200 1.300 1.400 1.400 1.400 1.300 1.300 1.400 1.400 1.300 1.300 1.300 1.400 1.500 1.300 1.300 1.300 1.400 1.500 1.300 1.400 1.400 1.400 1.500 1.400 1.400 1.300 29/03/2006
1.300 1.300 1.300 1.200 1.200 1.300 1.300 1.300 1.300 1.200 1.300 1.300 1.400 1.300 1.200 1.200 1.600 1.400 1.300 1.300 1.200 1.600 1.300 1.400 1.400 1.200 1.600 1.400 1.400 1.300 30/03/2006
2.900 2.900 2.900 2.100 2.500 2.900 2.900 2.900 2.600 2.600 2.900 2.900 2.700 2.600 2.600 2.200 2.700 2.700 2.600 2.600 2.200 2.600 2.600 2.700 2.700 2.200 2.700 2.700 2.700 2.600 31/03/2006
3.100 3.100 3.000 2.500 2.700 3.000 3.000 3.000 2.900 2.700 3.000 3.000 2.900 2.900 2.800 2.500 3.100 2.900 2.900 2.900 2.500 3.100 2.900 2.900 2.900 2.600 3.100 3.000 3.000 2.900 01/04/2006
2.300 2.300 2.300 1.900 1.600 2.200 2.200 2.200 1.700 1.600 2.200 2.300 1.700 1.700 1.600 1.900 2.100 1.700 1.700 1.700 1.900 2.100 1.700 1.700 1.700 1.900 2.100 1.700 1.700 1.700 02/04/2006
3.000 2.900 2.900 2.700 2.700 2.900 2.800 2.900 2.800 2.700 2.900 2.900 2.800 2.800 2.700 2.900 2.800 2.800 2.800 2.800 2.900 2.800 2.800 2.800 2.800 3.000 2.800 2.800 2.800 2.800 03/04/2006
3.400 3.400 3.300 3.200 3.000 3.300 3.300 3.300 2.800 3.000 3.300 3.300 2.800 2.800 3.000 2.700 2.500 2.800 2.800 2.800 2.700 2.500 2.800 2.800 2.800 2.700 2.500 2.800 2.800 2.800 04/04/2006
1.800 1.800 1.700 1.300 1.400 1.700 1.700 1.700 1.600 1.400 1.700 1.700 1.600 1.600 1.400 1.600 1.700 1.600 1.600 1.600 1.700 1.700 1.600 1.600 1.600 1.700 1.700 1.600 1.600 1.600 05/04/2006
3.300 3.300 3.300 3.000 3.100 3.200 3.200 3.200 3.200 3.100 3.200 3.200 3.200 3.200 3.100 3.300 3.300 3.200 3.200 3.200 3.400 3.300 3.200 3.200 3.200 3.500 3.300 3.200 3.200 3.200 06/04/2006
3.600 3.600 3.600 3.300 3.300 3.500 3.500 3.500 3.400 3.300 3.500 3.500 3.400 3.400 3.300 3.400 3.600 3.400 3.400 3.400 3.500 3.600 3.400 3.400 3.400 3.500 3.600 3.400 3.400 3.400 07/04/2006
3.100 3.100 3.100 2.400 2.700 3.100 3.000 3.100 2.700 2.700 3.100 3.100 2.700 2.700 2.700 2.500 2.300 2.700 2.700 2.700 2.500 2.300 2.700 2.700 2.700 2.500 2.300 2.700 2.700 2.700 08/04/2006
0.700 0.700 0.700 0.400 0.800 0.800 0.800 0.800 0.900 0.800 0.800 0.800 0.900 0.900 0.800 0.800 1.000 0.900 0.900 0.900 0.800 1.000 0.900 0.900 0.900 0.700 1.000 0.900 0.900 0.900 09/04/2006
2.500 2.500 2.500 1.800 1.600 2.500 2.400 2.500 2.100 1.700 2.500 2.500 2.200 2.100 1.700 2.100 2.800 2.100 2.100 2.100 2.100 2.800 2.100 2.200 2.200 2.200 2.800 2.200 2.200 2.100 10/04/2006
2.600 2.600 2.600 2.400 2.600 2.600 2.600 2.600 2.600 2.600 2.600 2.600 2.600 2.600 2.600 2.700 3.000 2.600 2.600 2.600 2.700 3.000 2.600 2.600 2.600 2.700 3.000 2.600 2.600 2.600 11/04/2006
3.400 3.400 3.300 2.800 2.200 3.300 3.300 3.300 2.400 2.200 3.300 3.300 2.500 2.400 2.300 2.600 2.600 2.500 2.400 2.400 2.600 2.600 2.400 2.500 2.500 2.700 2.600 2.600 2.500 2.400 12/04/2006
3.100 3.000 3.000 2.600 2.500 3.000 3.000 3.000 2.800 2.500 3.000 3.000 2.800 2.800 2.500 3.100 3.100 2.800 2.800 2.800 3.100 3.100 2.800 2.800 2.800 3.200 3.200 2.900 2.800 2.800 13/04/2006
3.200 3.100 3.100 2.800 2.600 3.100 3.100 3.100 2.800 2.600 3.100 3.100 2.900 2.800 2.600 3.000 3.100 2.900 2.800 2.800 3.000 3.100 2.800 2.900 2.900 3.000 3.100 2.900 2.900 2.800 14/04/2006
3.200 3.200 3.200 2.800 1.900 3.200 3.200 3.200 2.200 1.900 3.200 3.200 2.200 2.300 1.900 3.000 3.000 2.200 2.300 2.300 3.000 3.000 2.300 2.200 2.200 3.000 3.000 2.200 2.200 2.300 15/04/2006
3.900 3.800 3.800 3.400 3.500 3.700 3.700 3.700 3.200 3.500 3.700 3.700 3.200 3.100 3.600 3.400 3.300 3.200 3.100 3.100 3.500 3.300 3.200 3.200 3.200 3.500 3.300 3.300 3.300 3.100 16/04/2006
2.100 2.000 2.000 2.200 2.800 1.900 1.900 1.900 2.300 2.900 2.000 2.000 2.300 2.300 2.900 2.100 2.300 2.300 2.300 2.300 2.100 2.300 2.300 2.300 2.300 2.200 2.400 2.300 2.300 2.300 17/04/2006
3.300 3.300 3.200 2.900 2.900 3.200 3.100 3.200 3.100 2.900 3.200 3.200 3.100 3.100 3.000 3.500 3.700 3.100 3.100 3.100 3.500 3.600 3.100 3.100 3.200 3.600 3.700 3.200 3.200 3.100 18/04/2006
3.700 3.700 3.600 3.300 3.100 3.600 3.500 3.600 3.200 3.100 3.600 3.600 3.200 3.100 3.100 3.100 3.400 3.200 3.100 3.100 3.100 3.400 3.200 3.200 3.200 3.100 3.400 3.200 3.200 3.100 19/04/2006
3.300 3.300 3.300 3.000 3.300 3.300 3.200 3.300 3.300 3.300 3.300 3.300 3.300 3.300 3.300 2.700 3.700 3.300 3.200 3.200 2.700 3.700 3.300 3.300 3.300 2.800 3.700 3.300 3.300 3.200 20/04/2006
3.500 3.500 3.500 2.800 2.900 3.500 3.500 3.500 3.200 2.900 3.500 3.500 3.200 3.200 2.900 3.300 2.800 3.200 3.100 3.100 3.300 2.800 3.200 3.200 3.200 3.300 2.800 3.200 3.200 3.100 21/04/2006
4.500 4.400 4.400 4.400 4.000 4.300 4.300 4.300 4.100 4.000 4.300 4.300 4.100 4.100 4.000 4.200 4.200 4.100 4.000 4.100 4.300 4.200 4.100 4.200 4.200 4.300 4.200 4.200 4.200 4.000 22/04/2006
4.300 4.300 4.300 4.400 4.200 4.300 4.300 4.300 4.400 4.300 4.300 4.300 4.400 4.300 4.300 4.300 4.400 4.400 4.300 4.300 4.300 4.400 4.400 4.400 4.400 4.400 4.400 4.400 4.400 4.300 23/04/2006
3.300 3.300 3.300 2.400 2.900 3.300 3.200 3.300 3.100 3.000 3.300 3.300 3.100 3.100 3.000 2.300 3.000 3.100 3.100 3.100 2.300 3.000 3.100 3.100 3.100 2.400 3.000 3.100 3.100 3.100 24/04/2006
4.400 4.400 4.400 3.900 4.000 4.300 4.300 4.300 4.300 4.000 4.300 4.300 4.300 4.300 4.100 4.300 4.400 4.300 4.300 4.300 4.400 4.400 4.300 4.300 4.300 4.400 4.400 4.300 4.300 4.300 25/04/2006
3.100 3.100 3.100 2.300 2.800 3.000 3.000 3.000 3.300 2.800 3.000 3.000 3.300 3.300 2.800 2.400 3.200 3.300 3.300 3.300 2.400 3.200 3.300 3.300 3.300 2.500 3.200 3.300 3.300 3.300 26/04/2006
3.800 3.800 3.700 3.000 2.700 3.700 3.600 3.700 3.400 2.700 3.700 3.700 3.400 3.400 2.800 3.100 3.100 3.400 3.400 3.400 3.100 3.100 3.400 3.400 3.400 3.200 3.200 3.500 3.500 3.400 27/04/2006
4.400 4.400 4.400 3.400 3.900 4.300 4.300 4.300 4.300 4.000 4.300 4.300 4.400 4.300 4.000 4.400 4.600 4.400 4.300 4.300 4.500 4.600 4.300 4.400 4.400 4.600 4.600 4.400 4.400 4.300 28/04/2006
4.100 4.100 4.100 3.500 4.200 4.000 4.000 4.000 4.400 4.200 4.000 4.100 4.400 4.400 4.200 4.100 4.600 4.400 4.400 4.400 4.200 4.600 4.400 4.400 4.400 4.300 4.700 4.500 4.500 4.400 29/04/2006
3.400 3.400 3.400 3.300 3.200 3.400 3.400 3.400 2.700 3.200 3.400 3.400 2.800 2.700 3.300 3.100 2.800 2.700 2.700 2.700 3.100 2.800 2.700 2.800 2.800 3.100 2.800 2.800 2.800 2.700 30/04/2006
3.700 3.700 3.700 2.700 2.100 3.600 3.500 3.600 2.800 2.100 3.600 3.600 2.800 2.700 2.200 3.300 3.200 2.800 2.700 2.700 3.300 3.200 2.700 2.800 2.800 3.400 3.200 2.800 2.800 2.700 01/05/2006
4.200 4.200 4.200 4.200 4.500 4.200 4.200 4.200 4.400 4.500 4.200 4.200 4.400 4.400 4.500 4.600 5.000 4.400 4.300 4.400 4.600 5.000 4.400 4.400 4.400 4.600 5.100 4.400 4.400 4.300 02/05/2006
4.700 4.700 4.700 4.900 4.700 4.700 4.800 4.700 4.900 4.700 4.700 4.700 4.900 4.900 4.600 4.300 4.600 4.900 4.900 4.900 4.400 4.600 4.900 4.900 4.900 4.400 4.600 4.800 4.800 4.900 03/05/2006
5.900 5.900 5.900 5.200 5.400 5.900 5.900 5.900 5.300 5.400 5.900 5.900 5.300 5.300 5.400 5.100 5.100 5.300 5.300 5.300 5.100 5.100 5.300 5.300 5.300 5.100 5.000 5.300 5.300 5.300 04/05/2006
2.700 2.700 2.700 1.900 2.800 2.600 2.600 2.600 3.700 2.800 2.600 2.600 3.700 3.700 2.900 2.400 3.000 3.700 3.600 3.600 2.400 3.000 3.700 3.700 3.700 2.500 3.100 3.800 3.800 3.600 05/05/2006
3.200 3.100 3.100 2.900 2.000 3.100 3.000 3.100 2.000 2.000 3.100 3.100 2.000 2.000 2.100 2.800 2.400 2.000 2.000 2.000 2.900 2.400 2.000 2.000 2.100 2.900 2.500 2.100 2.100 2.000 06/05/2006
3.300 3.200 3.200 3.300 3.300 3.200 3.100 3.200 2.900 3.300 3.200 3.200 2.900 2.900 3.400 2.800 2.500 2.900 2.900 2.900 2.900 2.500 2.900 3.000 3.000 2.900 2.500 3.000 3.000 2.900 07/05/2006
2.700 2.700 2.700 1.900 1.600 2.600 2.600 2.600 2.300 1.600 2.600 2.600 2.400 2.300 1.700 2.300 2.700 2.300 2.300 2.300 2.400 2.700 2.300 2.400 2.400 2.400 2.700 2.400 2.400 2.300 08/05/2006
4.000 4.000 4.000 3.500 3.100 4.000 4.000 4.000 3.300 3.100 4.000 4.000 3.300 3.300 3.100 3.700 3.600 3.300 3.300 3.300 3.700 3.500 3.300 3.300 3.300 3.800 3.600 3.200 3.200 3.300 09/05/2006
3.900 3.900 3.900 2.900 3.400 3.900 3.800 3.900 3.900 3.400 3.900 3.900 3.900 3.900 3.500 4.100 4.600 3.900 3.900 3.900 4.100 4.600 3.900 3.900 3.900 4.100 4.600 4.000 3.900 3.900 10/05/2006
4.900 4.900 4.900 4.200 4.100 4.800 4.800 4.800 4.200 4.100 4.800 4.800 4.300 4.200 4.200 4.400 4.600 4.300 4.200 4.200 4.400 4.600 4.200 4.300 4.300 4.500 4.600 4.300 4.300 4.200 11/05/2006
3.700 3.700 3.700 2.500 1.800 3.700 3.800 3.700 2.400 1.800 3.700 3.700 2.400 2.400 1.800 2.800 3.100 2.400 2.400 2.400 2.700 3.100 2.400 2.400 2.400 2.700 3.100 2.400 2.400 2.400 12/05/2006
3.500 3.400 3.400 3.000 3.400 3.300 3.300 3.300 3.300 3.400 3.300 3.300 3.300 3.200 3.400 3.500 3.400 3.300 3.200 3.200 3.600 3.400 3.300 3.300 3.300 3.700 3.400 3.300 3.300 3.200 13/05/2006
4.700 4.700 4.700 3.600 3.500 4.600 4.600 4.600 4.000 3.500 4.600 4.600 4.000 4.000 3.500 4.100 4.000 4.000 4.000 4.000 4.100 4.000 4.000 4.000 4.000 4.200 4.000 4.100 4.100 4.000 14/05/2006
4.100 4.200 4.200 2.700 3.700 4.200 4.200 4.200 4.200 3.700 4.200 4.200 4.200 4.200 3.700 4.000 4.100 4.200 4.300 4.300 4.000 4.100 4.200 4.200 4.200 3.900 4.100 4.200 4.200 4.300 15/05/2006
3.400 3.300 3.300 2.200 3.000 3.300 3.200 3.300 3.500 3.000 3.300 3.300 3.600 3.500 3.100 3.600 3.900 3.500 3.500 3.500 3.600 3.900 3.500 3.600 3.600 3.600 3.900 3.600 3.600 3.500 16/05/2006
5.100 5.100 5.100 4.800 4.400 5.100 5.100 5.100 4.700 4.400 5.100 5.100 4.700 4.700 4.400 5.100 5.600 4.700 4.700 4.700 5.100 5.600 4.700 4.700 4.700 5.100 5.600 4.700 4.700 4.700 17/05/2006
2.200 2.200 2.200 1.900 1.300 2.200 2.200 2.200 1.500 1.400 2.200 2.200 1.500 1.500 1.400 1.900 1.800 1.500 1.500 1.500 1.900 1.800 1.500 1.500 1.500 2.000 1.800 1.600 1.600 1.500 18/05/2006
4.300 4.300 4.300 3.900 2.900 4.300 4.200 4.300 2.900 2.900 4.300 4.300 2.900 2.900 3.000 2.700 2.800 2.900 2.900 2.900 2.800 2.800 2.900 2.900 2.900 2.800 2.800 3.000 3.000 2.900 19/05/2006
2.100 2.100 2.000 2.400 1.600 2.000 2.000 2.000 1.800 1.700 2.000 2.000 1.800 1.800 1.700 2.000 1.700 1.800 1.800 1.800 2.100 1.700 1.800 1.800 1.800 2.100 1.800 1.800 1.800 1.800 20/05/2006
4.600 4.600 4.600 3.500 4.500 4.500 4.400 4.500 4.400 4.500 4.500 4.500 4.400 4.400 4.500 3.100 4.300 4.400 4.300 4.400 3.100 4.300 4.400 4.400 4.400 3.200 4.300 4.400 4.400 4.400 21/05/2006
4.000 4.000 3.900 2.800 4.200 3.900 3.800 3.900 4.200 4.200 3.900 3.900 4.200 4.200 4.200 3.100 4.500 4.200 4.100 4.200 3.200 4.500 4.200 4.300 4.300 3.200 4.500 4.300 4.300 4.100 22/05/2006
3.400 3.400 3.400 2.700 2.500 3.400 3.300 3.400 2.800 2.500 3.400 3.400 2.800 2.700 2.500 3.100 3.100 2.800 2.700 2.700 3.200 3.100 2.800 2.800 2.800 3.200 3.200 2.900 2.800 2.700 23/05/2006
4.200 4.200 4.100 3.300 3.400 4.100 4.100 4.100 3.700 3.400 4.100 4.100 3.700 3.600 3.500 3.800 3.700 3.700 3.600 3.600 3.900 3.700 3.700 3.700 3.700 3.900 3.700 3.700 3.700 3.600 24/05/2006
2.900 2.800 2.800 2.200 2.600 2.800 2.700 2.800 2.700 2.700 2.800 2.800 2.700 2.700 2.700 2.800 3.100 2.700 2.700 2.700 2.800 3.100 2.700 2.700 2.700 2.800 3.100 2.800 2.800 2.700 25/05/2006
2.900 2.800 2.800 1.800 1.300 2.800 2.700 2.800 1.900 1.300 2.800 2.800 1.900 1.900 1.300 3.800 4.000 1.900 1.900 1.900 3.800 4.000 1.900 2.000 2.000 3.900 4.000 2.000 2.000 1.900 26/05/2006
5.000 4.900 4.900 4.000 3.700 4.800 4.700 4.800 4.400 3.700 4.800 4.800 4.400 4.400 3.800 4.900 4.800 4.400 4.400 4.400 4.900 4.800 4.400 4.400 4.400 5.000 4.800 4.500 4.400 4.400 27/05/2006
4.900 4.900 4.900 3.900 4.800 4.800 4.700 4.800 4.800 4.800 4.800 4.800 4.900 4.800 4.800 4.500 4.600 4.800 4.800 4.800 4.500 4.600 4.800 4.900 4.900 4.600 4.700 4.900 4.900 4.800 28/05/2006
3.300 3.300 3.300 2.000 1.800 3.300 3.200 3.300 2.500 1.800 3.300 3.300 2.600 2.500 1.900 3.500 3.600 2.500 2.500 2.500 3.600 3.600 2.500 2.600 2.600 3.700 3.700 2.600 2.600 2.500 29/05/2006
4.600 4.500 4.500 3.800 4.300 4.500 4.500 4.500 4.300 4.300 4.500 4.500 4.300 4.300 4.400 4.500 4.500 4.300 4.200 4.200 4.500 4.500 4.300 4.300 4.300 4.500 4.500 4.400 4.300 4.200 30/05/2006
4.200 4.200 4.200 3.900 3.500 4.200 4.200 4.200 3.600 3.500 4.200 4.200 3.600 3.600 3.500 4.500 4.600 3.600 3.600 3.600 4.400 4.600 3.600 3.600 3.600 4.400 4.600 3.600 3.600 3.600 31/05/2006
4.200 4.200 4.200 3.400 3.800 4.200 4.200 4.200 4.400 3.900 4.200 4.200 4.400 4.400 3.900 3.500 4.500 4.400 4.300 4.400 3.500 4.500 4.400 4.400 4.400 3.500 4.500 4.400 4.400 4.400 01/06/2006
5.400 5.400 5.400 4.300 4.700 5.300 5.300 5.300 5.200 4.700 5.300 5.400 5.200 5.100 4.800 5.100 5.400 5.200 5.100 5.100 5.100 5.400 5.100 5.200 5.200 5.100 5.400 5.200 5.200 5.100 02/06/2006
5.200 5.200 5.200 5.200 5.200 5.200 5.200 5.200 5.400 5.200 5.200 5.200 5.400 5.400 5.300 5.600 5.900 5.400 5.400 5.400 5.600 5.900 5.400 5.400 5.400 5.600 5.900 5.400 5.400 5.400 03/06/2006
6.000 6.000 6.000 4.300 4.800 5.900 5.900 5.900 5.100 4.800 5.900 5.900 5.100 5.100 4.800 4.800 4.900 5.100 5.100 5.100 4.800 4.900 5.100 5.100 5.100 4.800 4.900 5.100 5.100 5.100 04/06/2006
6.400 6.400 6.400 5.800 5.700 6.300 6.300 6.300 6.200 5.800 6.300 6.400 6.300 6.200 5.800 6.500 6.700 6.200 6.100 6.200 6.600 6.700 6.200 6.300 6.300 6.700 6.800 6.400 6.300 6.100 05/06/2006
6.700 6.700 6.700 6.300 6.700 6.800 6.800 6.800 6.900 6.700 6.800 6.800 6.800 6.900 6.600 7.000 7.400 6.900 6.900 6.900 6.900 7.400 6.900 6.800 6.800 6.800 7.400 6.800 6.800 6.900 06/06/2006
7.400 7.400 7.400 6.500 6.600 7.400 7.400 7.400 7.500 6.600 7.400 7.400 7.500 7.500 6.700 7.400 7.300 7.500 7.500 7.500 7.400 7.300 7.500 7.500 7.500 7.400 7.300 7.600 7.600 7.500 07/06/2006
8.100 8.100 8.100 6.700 6.800 8.100 8.100 8.100 7.400 6.800 8.100 8.100 7.400 7.400 6.800 7.400 7.600 7.400 7.400 7.400 7.400 7.600 7.400 7.400 7.400 7.400 7.600 7.400 7.400 7.400 08/06/2006
9.000 9.000 9.000 7.900 8.300 9.000 9.000 9.000 8.800 8.300 9.000 9.000 8.800 8.800 8.400 8.200 8.200 8.800 8.800 8.800 8.200 8.200 8.800 8.800 8.800 8.200 8.200 8.800 8.800 8.800 09/06/2006
6.200 6.200 6.200 4.800 4.900 6.200 6.300 6.200 4.700 4.900 6.200 6.200 4.700 4.700 4.900 4.400 3.900 4.700 4.700 4.700 4.400 3.900 4.700 4.700 4.700 4.300 3.900 4.700 4.700 4.700 10/06/2006
7.200 7.200 7.200 5.000 5.400 7.200 7.200 7.200 5.300 5.400 7.200 7.200 5.300 5.300 5.400 6.100 6.400 5.300 5.300 5.300 6.100 6.400 5.300 5.300 5.300 6.100 6.400 5.300 5.300 5.300 11/06/2006
8.700 8.700 8.700 7.800 8.000 8.700 8.700 8.700 7.800 8.000 8.700 8.700 7.800 7.800 8.000 7.000 7.100 7.800 7.800 7.800 7.000 7.100 7.800 7.800 7.800 7.000 7.100 7.800 7.800 7.800 12/06/2006
8.300 8.300 8.300 6.800 7.100 8.300 8.300 8.300 7.300 7.200 8.300 8.300 7.300 7.200 7.200 6.500 6.500 7.300 7.200 7.200 6.500 6.500 7.300 7.300 7.300 6.500 6.500 7.200 7.300 7.200 13/06/2006
7.700 7.700 7.700 5.700 6.300 7.700 7.800 7.700 7.000 6.300 7.700 7.700 7.000 7.000 6.400 5.900 6.500 7.000 7.000 7.000 5.900 6.500 7.000 7.000 7.000 5.900 6.500 7.000 7.000 7.000 14/06/2006
7.700 7.700 7.800 5.700 6.400 7.800 7.800 7.800 6.500 6.400 7.800 7.800 6.500 6.500 6.400 5.500 5.900 6.500 6.500 6.500 5.500 5.900 6.500 6.500 6.500 5.400 5.900 6.500 6.500 6.500 15/06/2006
5.200 5.100 5.100 2.900 3.200 5.100 5.100 5.100 3.800 3.200 5.100 5.100 3.800 3.800 3.200 3.100 3.300 3.800 3.800 3.800 3.100 3.300 3.800 3.800 3.800 3.000 3.300 3.800 3.800 3.800 16/06/2006
3.600 3.600 3.600 2.600 3.300 3.500 3.500 3.500 3.200 3.300 3.500 3.600 3.200 3.200 3.300 3.600 3.200 3.200 3.200 3.200 3.700 3.200 3.200 3.200 3.200 3.700 3.200 3.200 3.200 3.200 17/06/2006
4.600 4.600 4.600 4.200 4.300 4.600 4.500 4.600 4.000 4.400 4.600 4.600 4.000 3.900 4.500 4.100 4.000 4.000 3.900 3.900 4.100 4.000 4.000 4.000 4.000 4.100 4.000 4.000 4.000 3.900 18/06/2006
4.400 4.400 4.400 4.600 4.700 4.400 4.300 4.400 4.100 4.700 4.400 4.400 4.100 4.100 4.800 3.800 3.800 4.100 4.100 4.100 3.800 3.800 4.100 4.100 4.100 3.800 3.800 4.100 4.100 4.100 19/06/2006
3.900 3.900 3.900 4.000 2.700 3.900 3.800 3.900 3.000 2.700 3.900 3.900 3.000 3.000 2.700 3.400 3.500 3.000 3.000 3.000 3.400 3.500 3.000 3.000 3.000 3.400 3.600 3.100 3.100 3.000 20/06/2006
5.200 5.100 5.100 3.500 3.300 5.100 5.000 5.100 4.400 3.300 5.100 5.100 4.400 4.400 3.400 4.300 5.300 4.400 4.300 4.400 4.400 5.300 4.400 4.400 4.400 4.400 5.400 4.500 4.500 4.300 21/06/2006
5.300 5.300 5.200 4.900 4.900 5.200 5.100 5.200 5.200 5.000 5.200 5.200 5.200 5.200 5.000 4.900 4.600 5.200 5.100 5.100 4.900 4.600 5.200 5.200 5.200 4.900 4.700 5.200 5.200 5.100 22/06/2006
6.300 6.200 6.200 4.800 5.100 6.200 6.200 6.200 5.500 5.100 6.200 6.200 5.500 5.500 5.100 6.000 6.100 5.500 5.500 5.500 6.000 6.100 5.500 5.500 5.500 6.000 6.100 5.600 5.600 5.500 23/06/2006
4.800 4.800 4.800 3.800 4.000 4.800 4.800 4.800 4.600 4.000 4.800 4.800 4.600 4.600 4.100 3.400 4.600 4.600 4.600 4.600 3.400 4.600 4.600 4.600 4.600 3.500 4.600 4.700 4.700 4.600 24/06/2006
3.100 3.100 3.100 3.000 3.000 3.000 3.000 3.000 3.100 3.000 3.000 3.100 3.100 3.100 3.000 3.500 3.200 3.100 3.100 3.100 3.500 3.200 3.100 3.100 3.100 3.600 3.200 3.100 3.100 3.100 25/06/2006
3.700 3.600 3.600 3.400 2.700 3.600 3.600 3.600 2.500 2.700 3.600 3.600 2.500 2.500 2.800 1.600 1.700 2.500 2.500 2.500 1.600 1.700 2.500 2.500 2.500 1.600 1.700 2.600 2.500 2.500 26/06/2006
4.800 4.800 4.800 4.100 3.900 4.700 4.700 4.700 3.900 3.900 4.700 4.700 3.900 3.900 4.000 3.400 4.100 3.900 3.900 3.900 3.400 4.100 3.900 3.900 3.900 3.300 4.200 3.900 3.900 3.900 27/06/2006
6.100 6.100 6.100 6.400 6.300 6.100 6.100 6.100 5.600 6.400 6.100 6.100 5.600 5.600 6.400 4.600 5.100 5.600 5.600 5.600 4.600 5.100 5.600 5.600 5.600 4.500 5.100 5.600 5.600 5.600 28/06/2006
6.300 6.200 6.200 6.000 5.700 6.100 6.100 6.100 6.100 5.700 6.100 6.200 6.100 6.000 5.700 5.400 5.300 6.100 6.000 6.000 5.500 5.300 6.100 6.100 6.100 5.500 5.400 6.100 6.100 6.000 29/06/2006
6.400 6.400 6.400 5.900 6.300 6.300 6.300 6.300 6.400 6.300 6.300 6.400 6.400 6.400 6.300 6.300 6.400 6.400 6.400 6.400 6.400 6.400 6.400 6.400 6.400 6.400 6.500 6.500 6.500 6.400 30/06/2006
8.100 8.100 8.100 7.200 7.300 8.100 8.100 8.100 7.600 7.300 8.100 8.100 7.600 7.600 7.300 7.300 6.700 7.600 7.600 7.600 7.300 6.700 7.600 7.600 7.600 7.300 6.700 7.600 7.600 7.600 01/07/2006
6.600 6.700 6.700 6.700 6.400 6.700 6.700 6.700 6.800 6.400 6.700 6.700 6.800 6.800 6.400 6.300 6.400 6.800 6.800 6.800 6.300 6.400 6.800 6.800 6.800 6.300 6.400 6.800 6.800 6.800 02/07/2006
6.100 6.100 6.100 4.700 5.200 6.100 6.000 6.100 5.400 5.200 6.100 6.100 5.400 5.300 5.200 5.100 5.300 5.400 5.300 5.300 5.100 5.300 5.300 5.400 5.400 5.200 5.400 5.400 5.400 5.300 03/07/2006
5.500 5.500 5.500 4.300 4.200 5.400 5.400 5.400 4.900 4.300 5.400 5.400 4.900 4.900 4.300 4.300 4.600 4.900 4.900 4.900 4.300 4.600 4.900 4.900 4.900 4.300 4.600 5.000 5.000 4.900 04/07/2006
4.100 4.100 4.000 3.200 2.000 4.000 3.900 4.000 2.600 2.000 4.000 4.000 2.700 2.600 2.000 3.800 3.300 2.600 2.600 2.600 3.900 3.300 2.600 2.700 2.700 3.900 3.300 2.700 2.700 2.600 05/07/2006
2.800 2.800 2.800 1.600 1.900 2.800 2.700 2.800 2.400 1.900 2.800 2.800 2.400 2.400 1.900 2.000 2.000 2.400 2.400 2.400 2.100 2.000 2.400 2.400 2.400 2.100 2.000 2.400 2.400 2.400 06/07/2006
4.000 3.900 3.900 3.600 3.100 3.900 3.800 3.900 3.400 3.100 3.900 3.900 3.400 3.400 3.200 3.600 3.700 3.400 3.300 3.300 3.700 3.700 3.400 3.400 3.400 3.800 3.700 3.500 3.400 3.300 07/07/2006
5.900 5.800 5.800 4.800 5.400 5.800 5.700 5.800 5.900 5.400 5.800 5.800 6.000 5.900 5.500 5.500 5.900 5.900 5.900 5.900 5.600 5.900 5.900 6.000 6.000 5.700 5.900 6.000 6.000 5.900 08/07/2006
5.500 5.500 5.500 3.500 3.200 5.400 5.300 5.400 4.300 3.300 5.400 5.400 4.300 4.300 3.300 4.800 5.000 4.300 4.300 4.300 4.800 4.900 4.300 4.300 4.300 4.900 5.000 4.400 4.400 4.300 09/07/2006
6.300 6.200 6.200 4.900 5.100 6.200 6.100 6.200 5.800 5.100 6.200 6.200 5.800 5.800 5.200 4.500 5.800 5.800 5.800 5.800 4.500 5.800 5.800 5.800 5.800 4.500 5.900 5.900 5.900 5.800 10/07/2006
5.600 5.600 5.500 4.700 5.400 5.500 5.400 5.500 5.700 5.400 5.500 5.500 5.700 5.700 5.400 5.400 5.400 5.700 5.700 5.700 5.400 5.400 5.700 5.700 5.700 5.500 5.400 5.600 5.600 5.700 11/07/2006
7.000 7.000 7.000 5.800 5.500 7.000 6.900 7.000 5.400 5.600 7.000 7.000 5.400 5.400 5.600 5.400 5.100 5.400 5.500 5.400 5.400 5.100 5.400 5.400 5.400 5.400 5.100 5.400 5.400 5.500 12/07/2006
7.300 7.400 7.400 6.500 6.300 7.400 7.400 7.400 6.200 6.300 7.400 7.400 6.200 6.200 6.300 6.700 5.600 6.200 6.200 6.200 6.700 5.600 6.200 6.200 6.200 6.700 5.600 6.200 6.200 6.200 13/07/2006
6.800 6.700 6.700 6.500 6.300 6.700 6.600 6.700 6.500 6.300 6.700 6.700 6.500 6.400 6.300 6.200 5.900 6.500 6.400 6.400 6.200 5.900 6.500 6.500 6.500 6.200 5.900 6.500 6.500 6.400 14/07/2006
5.900 5.900 5.900 4.700 3.100 5.900 5.900 5.900 5.200 3.100 5.900 5.900 5.200 5.200 3.200 5.400 4.900 5.200 5.200 5.200 5.400 4.900 5.200 5.200 5.200 5.400 4.900 5.300 5.300 5.200 15/07/2006
6.100 6.100 6.100 6.100 4.900 6.100 6.100 6.100 5.500 5.000 6.100 6.100 5.500 5.500 5.000 5.100 5.600 5.500 5.500 5.500 5.200 5.600 5.500 5.500 5.500 5.200 5.700 5.500 5.500 5.500 16/07/2006
7.700 7.800 7.800 6.700 6.000 7.800 7.900 7.800 6.200 6.000 7.800 7.800 6.200 6.200 6.100 6.200 6.200 6.200 6.200 6.200 6.200 6.200 6.200 6.200 6.200 6.200 6.200 6.200 6.200 6.200 17/07/2006
8.700 8.700 8.700 8.800 7.200 8.800 8.800 8.800 7.900 7.200 8.800 8.800 7.900 7.900 7.200 7.700 8.400 7.900 7.900 7.900 7.700 8.400 7.900 7.900 7.900 7.600 8.400 7.900 7.900 7.900 18/07/2006
6.000 6.000 6.000 5.100 4.200 6.000 5.900 6.000 4.700 4.300 6.000 6.000 4.700 4.700 4.300 5.200 5.100 4.700 4.600 4.700 5.200 5.100 4.700 4.700 4.700 5.300 5.200 4.800 4.800 4.600 19/07/2006
5.800 5.800 5.800 5.900 4.800 5.800 5.900 5.800 5.200 4.900 5.800 5.800 5.200 5.200 4.900 5.400 5.300 5.200 5.200 5.200 5.400 5.300 5.200 5.200 5.200 5.500 5.300 5.200 5.200 5.200 20/07/2006
6.100 6.100 6.100 5.100 5.100 6.100 6.200 6.100 5.700 5.200 6.100 6.100 5.700 5.700 5.200 5.400 5.400 5.700 5.700 5.700 5.400 5.400 5.700 5.700 5.700 5.300 5.400 5.700 5.700 5.700 21/07/2006
4.500 4.400 4.400 3.400 4.500 4.400 4.400 4.400 4.800 4.500 4.400 4.400 4.800 4.800 4.600 4.200 4.400 4.800 4.700 4.700 4.300 4.400 4.800 4.800 4.800 4.400 4.400 4.900 4.900 4.700 22/07/2006
5.900 5.900 5.900 5.400 6.100 5.900 5.800 5.900 6.200 6.100 5.900 5.900 6.200 6.200 6.200 5.000 5.900 6.200 6.200 6.200 5.100 5.900 6.200 6.200 6.200 5.100 5.900 6.200 6.200 6.200 23/07/2006
7.000 7.000 7.000 5.900 6.600 7.000 7.000 7.000 6.900 6.600 7.000 7.000 6.900 6.900 6.600 6.300 6.600 6.900 6.900 6.900 6.300 6.600 6.900 6.900 6.900 6.200 6.600 6.800 6.800 6.900 24/07/2006
6.600 6.600 6.600 6.000 6.100 6.600 6.600 6.600 6.100 6.100 6.600 6.600 6.100 6.100 6.100 5.900 5.800 6.100 6.200 6.100 5.800 5.800 6.100 6.100 6.100 5.800 5.800 6.100 6.100 6.100 25/07/2006
6.100 6.100 6.100 5.100 5.000 6.100 6.000 6.100 5.700 5.000 6.100 6.100 5.700 5.700 5.000 4.900 5.300 5.700 5.600 5.600 4.900 5.300 5.700 5.700 5.700 5.000 5.300 5.800 5.800 5.600 26/07/2006
4.700 4.700 4.700 2.400 4.400 4.600 4.600 4.600 4.100 4.400 4.600 4.600 4.200 4.100 4.500 2.900 3.900 4.200 4.100 4.100 2.900 3.800 4.100 4.200 4.200 3.000 3.900 4.200 4.200 4.100 27/07/2006
2.300 2.300 2.300 2.100 1.700 2.300 2.200 2.300 1.900 1.700 2.300 2.300 1.900 1.900 1.800 1.700 1.600 1.900 1.900 1.900 1.700 1.600 1.900 1.900 1.900 1.700 1.600 1.900 1.900 1.900 28/07/2006
5.400 5.400 5.300 4.600 4.300 5.300 5.200 5.300 4.700 4.300 5.300 5.300 4.800 4.700 4.400 4.800 4.800 4.800 4.700 4.700 4.900 4.800 4.700 4.800 4.800 4.900 4.800 4.900 4.800 4.700 29/07/2006
4.000 4.000 4.000 2.700 2.500 3.900 3.900 3.900 3.200 2.600 3.900 4.000 3.300 3.200 2.600 3.600 3.800 3.200 3.200 3.200 3.600 3.800 3.200 3.300 3.300 3.600 3.800 3.300 3.300 3.200 30/07/2006
5.500 5.500 5.500 4.300 3.400 5.500 5.400 5.500 4.100 3.400 5.500 5.500 4.100 4.100 3.400 4.000 4.200 4.100 4.100 4.100 4.100 4.200 4.100 4.100 4.100 4.100 4.200 4.200 4.200 4.100 31/07/2006
