# 6448 6449 6450 6451 6452 6528 6529 6530 6531 6532 6610 6611 6612 6613 6614 6693 6694 6695 6696 6697 6776 6777 6778 6779 6780 6859 6860 6861 6862 6863 Date
5.700 5.700 5.700 4.700 4.800 5.700 5.700 5.700 3.800 4.800 5.700 5.700 3.800 3.800 4.900 3.500 2.800 3.800 3.800 3.800 3.500 2.800 3.800 3.800 3.800 3.500 2.800 3.800 3.800 3.800 01/08/2001
5.200 5.200 5.100 4.700 4.800 5.100 5.000 5.100 5.100 4.900 5.100 5.100 5.100 5.000 4.900 5.300 5.500 5.100 5.000 5.000 5.400 5.500 5.100 5.100 5.100 5.400 5.500 5.200 5.200 5.000 02/08/2001
4.300 4.300 4.300 3.500 3.400 4.200 4.200 4.200 3.500 3.500 4.200 4.200 3.600 3.500 3.500 4.000 4.000 3.600 3.500 3.500 4.100 4.000 3.500 3.600 3.600 4.100 4.100 3.600 3.600 3.500 03/08/2001
3.800 3.800 3.800 3.200 3.300 3.700 3.700 3.700 3.500 3.300 3.700 3.700 3.500 3.500 3.300 3.700 3.500 3.500 3.400 3.400 3.700 3.500 3.500 3.500 3.500 3.700 3.600 3.500 3.500 3.400 04/08/2001
3.500 3.500 3.500 2.600 2.800 3.500 3.500 3.500 2.800 2.800 3.500 3.500 2.800 2.800 2.800 3.200 3.500 2.800 2.800 2.800 3.300 3.400 2.800 2.800 2.800 3.300 3.500 2.800 2.800 2.800 05/08/2001
3.100 3.000 3.000 2.000 1.300 3.000 2.900 3.000 1.800 1.300 3.000 3.000 1.800 1.700 1.300 3.000 3.900 1.800 1.700 1.700 3.100 3.900 1.800 1.800 1.800 3.200 3.900 1.800 1.800 1.700 06/08/2001
3.800 3.700 3.700 2.700 3.300 3.600 3.500 3.600 3.300 3.300 3.600 3.600 3.400 3.300 3.400 3.600 3.400 3.400 3.300 3.300 3.600 3.400 3.300 3.400 3.400 3.700 3.400 3.500 3.400 3.300 07/08/2001
4.200 4.200 4.200 3.700 3.800 4.200 4.100 4.200 3.700 3.900 4.200 4.200 3.700 3.700 3.900 3.500 3.800 3.700 3.700 3.700 3.500 3.800 3.700 3.800 3.800 3.500 3.900 3.800 3.800 3.700 08/08/2001
4.200 4.200 4.100 2.700 2.900 4.100 4.000 4.100 3.500 3.000 4.100 4.100 3.500 3.500 3.000 4.200 4.100 3.500 3.400 3.400 4.300 4.100 3.500 3.500 3.500 4.300 4.200 3.600 3.600 3.400 09/08/2001
4.700 4.700 4.700 4.100 3.600 4.600 4.600 4.600 4.100 3.600 4.600 4.600 4.100 4.100 3.700 4.200 4.100 4.100 4.000 4.000 4.300 4.100 4.100 4.100 4.100 4.400 4.200 4.100 4.100 4.000 10/08/2001
5.500 5.500 5.500 4.500 4.600 5.400 5.400 5.400 4.700 4.600 5.400 5.400 4.700 4.700 4.600 5.100 5.100 4.700 4.600 4.700 5.100 5.100 4.700 4.700 4.700 5.200 5.100 4.700 4.700 4.600 11/08/2001
5.700 5.700 5.700 5.300 5.200 5.600 5.600 5.600 5.300 5.200 5.700 5.700 5.300 5.300 5.200 5.400 5.500 5.300 5.300 5.300 5.400 5.400 5.300 5.300 5.300 5.400 5.500 5.300 5.300 5.300 12/08/2001
6.300 6.300 6.300 5.800 5.700 6.200 6.200 6.200 5.900 5.700 6.300 6.300 5.900 5.900 5.700 5.700 5.800 5.900 5.800 5.900 5.700 5.800 5.900 5.900 5.900 5.800 5.800 6.000 6.000 5.800 13/08/2001
5.900 5.900 5.900 5.500 5.400 5.900 5.800 5.900 5.400 5.400 5.900 5.900 5.400 5.400 5.400 5.100 5.100 5.400 5.400 5.400 5.100 5.100 5.400 5.400 5.400 5.100 5.100 5.500 5.500 5.400 14/08/2001
2.700 2.600 2.600 2.800 3.100 2.600 2.600 2.600 3.100 3.100 2.600 2.600 3.200 3.100 3.200 3.000 3.400 3.100 3.100 3.100 3.100 3.400 3.100 3.200 3.200 3.100 3.400 3.200 3.200 3.100 15/08/2001
3.800 3.800 3.800 3.500 1.300 3.800 3.800 3.800 2.000 1.300 3.800 3.800 2.000 1.900 1.400 3.400 2.600 2.000 1.900 1.900 3.500 2.600 2.000 2.000 2.000 3.500 2.600 2.000 2.000 1.900 16/08/2001
4.800 4.800 4.800 3.200 3.100 4.800 4.700 4.800 3.400 3.100 4.800 4.800 3.400 3.400 3.200 4.200 4.100 3.400 3.300 3.300 4.200 4.100 3.400 3.400 3.400 4.300 4.100 3.500 3.500 3.300 17/08/2001
4.200 4.200 4.100 3.300 2.400 4.100 4.100 4.100 3.000 2.400 4.100 4.100 3.000 3.000 2.500 3.100 3.300 3.000 2.900 2.900 3.100 3.300 3.000 3.000 3.000 3.100 3.400 3.100 3.100 2.900 18/08/2001
3.600 3.500 3.500 2.300 1.500 3.500 3.500 3.500 1.600 1.500 3.500 3.500 1.600 1.600 1.600 2.700 2.100 1.600 1.600 1.600 2.700 2.100 1.600 1.700 1.700 2.700 2.100 1.700 1.700 1.600 19/08/2001
4.800 4.700 4.700 4.200 3.600 4.600 4.500 4.600 3.600 3.600 4.600 4.600 3.700 3.600 3.600 4.700 4.900 3.600 3.600 3.600 4.800 4.900 3.600 3.700 3.700 4.800 4.900 3.700 3.700 3.600 20/08/2001
5.200 5.200 5.200 4.700 4.400 5.200 5.100 5.200 4.700 4.400 5.200 5.200 4.700 4.700 4.500 5.200 5.100 4.700 4.600 4.600 5.200 5.100 4.700 4.700 4.800 5.300 5.100 4.800 4.800 4.600 21/08/2001
5.800 5.700 5.700 4.700 4.300 5.700 5.600 5.700 4.800 4.300 5.700 5.700 4.800 4.700 4.300 5.400 5.100 4.800 4.700 4.700 5.400 5.100 4.700 4.800 4.800 5.500 5.100 4.800 4.800 4.700 22/08/2001
5.900 5.900 5.900 4.900 4.800 5.900 5.900 5.900 4.900 4.800 5.900 5.900 5.000 4.900 4.900 4.700 4.900 4.900 4.900 4.900 4.800 4.900 4.900 5.000 5.000 4.800 4.900 5.000 5.000 4.900 23/08/2001
6.100 6.100 6.100 5.300 5.400 6.100 6.000 6.100 5.600 5.400 6.100 6.100 5.600 5.600 5.500 5.600 5.700 5.600 5.600 5.600 5.700 5.700 5.600 5.600 5.600 5.800 5.800 5.700 5.700 5.600 24/08/2001
6.700 6.700 6.700 5.800 5.600 6.700 6.700 6.700 5.600 5.600 6.700 6.700 5.600 5.600 5.600 5.500 5.300 5.600 5.600 5.600 5.500 5.200 5.600 5.600 5.600 5.500 5.300 5.700 5.700 5.600 25/08/2001
6.100 6.100 6.100 4.300 3.800 6.000 6.000 6.000 3.400 3.900 6.000 6.000 3.400 3.400 3.900 3.800 3.000 3.400 3.300 3.300 3.900 3.000 3.400 3.400 3.400 3.900 3.000 3.500 3.500 3.300 26/08/2001
6.100 6.000 6.000 5.000 4.700 6.000 6.000 6.000 4.500 4.700 6.000 6.000 4.500 4.500 4.800 5.100 5.000 4.500 4.400 4.500 5.100 5.000 4.500 4.500 4.500 5.100 5.000 4.600 4.600 4.400 27/08/2001
6.000 6.000 6.000 4.700 3.900 5.900 5.900 5.900 4.400 3.900 5.900 5.900 4.400 4.400 4.000 5.300 5.400 4.400 4.300 4.400 5.300 5.400 4.400 4.400 4.400 5.400 5.400 4.500 4.500 4.400 28/08/2001
2.400 2.400 2.400 2.000 1.800 2.400 2.300 2.400 1.700 1.800 2.400 2.400 1.700 1.700 1.800 2.400 2.400 1.700 1.700 1.700 2.500 2.400 1.700 1.800 1.800 2.500 2.400 1.800 1.800 1.700 29/08/2001
3.900 3.900 3.800 4.000 3.700 3.800 3.800 3.800 3.500 3.700 3.800 3.800 3.500 3.500 3.700 3.400 3.200 3.500 3.500 3.500 3.400 3.200 3.500 3.500 3.500 3.500 3.200 3.600 3.600 3.500 30/08/2001
4.200 4.100 4.100 3.600 3.400 4.100 4.000 4.100 3.800 3.500 4.100 4.100 3.800 3.700 3.600 4.000 4.000 3.800 3.700 3.700 4.000 4.000 3.700 3.800 3.800 4.100 4.000 3.900 3.800 3.700 31/08/2001
3.800 3.800 3.800 3.000 3.000 3.700 3.700 3.700 3.000 3.100 3.700 3.700 3.100 3.000 3.100 3.300 3.200 3.000 3.000 3.000 3.300 3.200 3.000 3.100 3.100 3.400 3.200 3.100 3.100 3.000 01/09/2001
4.500 4.500 4.400 3.000 3.200 4.400 4.400 4.400 3.300 3.200 4.400 4.400 3.300 3.300 3.200 3.900 3.700 3.300 3.300 3.300 4.000 3.700 3.300 3.400 3.400 4.000 3.800 3.400 3.400 3.300 02/09/2001
4.200 4.200 4.100 3.500 3.600 4.100 4.100 4.100 3.600 3.600 4.100 4.100 3.700 3.600 3.700 4.100 3.900 3.600 3.600 3.600 4.100 3.800 3.600 3.700 3.700 4.200 3.900 3.700 3.700 3.600 03/09/2001
3.200 3.200 3.100 2.800 2.900 3.100 3.000 3.100 2.900 2.900 3.100 3.100 2.900 2.900 3.000 3.100 2.700 2.900 2.800 2.900 3.100 2.700 2.900 2.900 2.900 3.200 2.700 3.000 2.900 2.900 04/09/2001
3.700 3.700 3.700 2.700 2.700 3.700 3.600 3.700 3.000 2.700 3.700 3.700 3.000 3.000 2.700 3.500 3.600 3.000 3.000 3.000 3.600 3.600 3.000 3.000 3.000 3.600 3.600 3.100 3.100 3.000 05/09/2001
3.200 3.200 3.200 3.200 2.900 3.200 3.200 3.200 3.000 2.900 3.200 3.200 3.000 3.000 2.900 3.300 3.300 3.000 3.000 3.000 3.300 3.300 3.000 3.000 3.000 3.300 3.200 3.000 3.000 3.000 06/09/2001
4.000 4.000 4.000 2.900 3.000 3.900 3.800 3.900 2.900 3.000 3.900 3.900 2.900 2.900 3.000 3.500 3.300 2.900 2.900 2.900 3.600 3.300 2.900 2.900 2.900 3.600 3.300 3.000 3.000 2.900 07/09/2001
3.400 3.400 3.400 2.400 2.800 3.300 3.300 3.300 2.900 2.800 3.300 3.300 2.900 2.900 2.900 3.500 3.500 2.900 2.900 2.900 3.500 3.500 2.900 2.900 2.900 3.600 3.500 3.000 3.000 2.900 08/09/2001
4.200 4.200 4.200 3.000 2.700 4.200 4.200 4.200 3.300 2.700 4.200 4.200 3.300 3.200 2.800 3.700 3.500 3.300 3.200 3.200 3.800 3.500 3.300 3.300 3.300 3.800 3.500 3.400 3.300 3.200 09/09/2001
3.500 3.500 3.500 2.500 2.600 3.500 3.400 3.500 2.800 2.600 3.500 3.500 2.800 2.800 2.600 3.500 3.400 2.800 2.800 2.800 3.500 3.400 2.800 2.900 2.900 3.600 3.400 2.900 2.900 2.800 10/09/2001
3.500 3.500 3.500 2.700 2.700 3.500 3.500 3.500 2.800 2.700 3.500 3.500 2.800 2.800 2.800 3.200 3.100 2.800 2.800 2.800 3.200 3.100 2.800 2.800 2.800 3.200 3.100 2.800 2.800 2.800 11/09/2001
3.700 3.700 3.700 3.000 2.600 3.700 3.700 3.700 2.900 2.600 3.700 3.700 2.900 2.900 2.600 3.400 3.400 2.900 2.800 2.900 3.400 3.400 2.900 2.900 2.900 3.500 3.400 3.000 2.900 2.900 12/09/2001
3.400 3.400 3.400 2.300 2.200 3.400 3.300 3.400 2.500 2.200 3.400 3.400 2.500 2.500 2.300 3.100 3.100 2.500 2.500 2.500 3.200 3.100 2.500 2.500 2.500 3.200 3.100 2.600 2.600 2.500 13/09/2001
3.600 3.600 3.500 2.900 2.900 3.500 3.500 3.500 3.100 2.900 3.500 3.500 3.100 3.100 2.900 3.100 3.000 3.100 3.000 3.000 3.200 3.000 3.100 3.100 3.100 3.200 3.000 3.200 3.200 3.000 14/09/2001
3.000 3.000 2.900 2.300 2.500 2.900 2.900 2.900 2.400 2.500 2.900 2.900 2.400 2.400 2.600 2.800 2.500 2.400 2.400 2.400 2.800 2.500 2.400 2.400 2.500 2.800 2.600 2.500 2.500 2.400 15/09/2001
3.500 3.500 3.500 3.000 2.600 3.500 3.400 3.500 2.800 2.600 3.500 3.500 2.900 2.800 2.700 3.400 3.500 2.900 2.800 2.800 3.400 3.500 2.800 2.900 2.900 3.500 3.500 2.900 2.900 2.800 16/09/2001
2.700 2.700 2.700 2.400 2.500 2.600 2.600 2.600 2.700 2.500 2.600 2.700 2.800 2.700 2.600 2.600 2.700 2.700 2.700 2.700 2.600 2.700 2.700 2.800 2.800 2.700 2.700 2.800 2.800 2.700 17/09/2001
1.500 1.500 1.500 0.500 0.800 1.400 1.400 1.400 0.700 0.800 1.400 1.400 0.700 0.700 0.800 1.700 1.600 0.700 0.700 0.700 1.700 1.600 0.700 0.700 0.700 1.700 1.700 0.700 0.700 0.700 18/09/2001
2.600 2.600 2.600 2.000 2.000 2.500 2.500 2.500 1.900 2.000 2.500 2.500 1.900 1.900 2.000 2.400 2.200 1.900 1.900 1.900 2.500 2.100 1.900 1.900 1.900 2.500 2.200 1.900 1.900 1.900 19/09/2001
3.300 3.300 3.300 3.000 2.800 3.200 3.200 3.200 2.700 2.800 3.200 3.300 2.700 2.700 2.900 3.000 2.800 2.700 2.600 2.700 3.000 2.800 2.700 2.700 2.700 3.100 2.900 2.800 2.800 2.600 20/09/2001
3.600 3.600 3.600 2.700 2.500 3.600 3.600 3.600 2.700 2.500 3.600 3.600 2.700 2.600 2.600 3.300 3.000 2.700 2.600 2.600 3.300 3.000 2.700 2.700 2.700 3.300 3.000 2.700 2.700 2.600 21/09/2001
2.800 2.800 2.800 2.500 1.500 2.800 2.800 2.800 1.500 1.500 2.800 2.800 1.500 1.500 1.600 1.800 1.000 1.500 1.500 1.500 1.800 1.000 1.500 1.500 1.500 1.800 1.000 1.500 1.500 1.500 22/09/2001
1.800 1.800 1.800 1.500 0.500 1.800 1.800 1.800 0.600 0.500 1.800 1.800 0.600 0.600 0.600 1.000 0.700 0.600 0.600 0.600 1.000 0.700 0.600 0.600 0.600 1.100 0.700 0.600 0.600 0.600 23/09/2001
1.900 1.900 1.900 1.000 1.400 1.800 1.700 1.800 1.500 1.500 1.800 1.800 1.500 1.400 1.500 2.200 2.200 1.500 1.400 1.400 2.300 2.200 1.500 1.500 1.500 2.400 2.300 1.600 1.600 1.400 24/09/2001
2.000 1.900 1.900 1.600 1.400 1.900 1.900 1.900 1.400 1.500 1.900 1.900 1.500 1.400 1.500 1.800 1.600 1.500 1.400 1.400 1.800 1.600 1.400 1.500 1.500 1.900 1.600 1.500 1.500 1.400 25/09/2001
2.600 2.600 2.600 2.200 1.600 2.600 2.500 2.600 2.200 1.600 2.600 2.600 2.200 2.200 1.700 2.300 1.700 2.200 2.100 2.100 2.300 1.700 2.200 2.200 2.200 2.400 1.700 2.300 2.200 2.100 26/09/2001
3.700 3.800 3.800 2.000 1.700 3.800 3.800 3.800 2.200 1.800 3.800 3.800 2.200 2.200 1.800 3.700 3.500 2.200 2.100 2.100 3.700 3.500 2.200 2.200 2.200 3.700 3.500 2.300 2.300 2.100 27/09/2001
2.800 2.800 2.800 1.600 1.200 2.800 2.800 2.800 1.400 1.200 2.800 2.800 1.400 1.400 1.200 2.100 2.300 1.400 1.500 1.500 2.200 2.300 1.400 1.400 1.400 2.200 2.300 1.500 1.500 1.500 28/09/2001
1.600 1.500 1.500 1.100 0.700 1.500 1.500 1.500 0.900 0.800 1.500 1.500 0.900 0.900 0.800 1.300 1.400 0.900 0.900 0.900 1.400 1.400 0.900 0.900 0.900 1.400 1.500 1.000 1.000 0.900 29/09/2001
2.400 2.400 2.400 1.500 1.800 2.400 2.300 2.400 1.600 1.800 2.400 2.400 1.600 1.600 1.800 1.800 1.500 1.600 1.600 1.600 1.900 1.500 1.600 1.600 1.600 2.000 1.500 1.600 1.600 1.600 30/09/2001
3.700 3.600 3.600 3.000 3.200 3.500 3.500 3.500 3.200 3.200 3.600 3.600 3.200 3.200 3.300 3.200 3.400 3.200 3.100 3.100 3.300 3.400 3.200 3.200 3.200 3.300 3.400 3.300 3.300 3.100 01/10/2001
4.500 4.500 4.500 4.300 3.400 4.400 4.400 4.400 3.700 3.500 4.400 4.400 3.700 3.700 3.500 3.800 3.700 3.700 3.700 3.700 3.800 3.700 3.700 3.700 3.700 3.800 3.800 3.800 3.800 3.700 02/10/2001
0.800 0.800 0.800 0.800 0.900 0.800 0.800 0.800 0.900 0.900 0.800 0.800 0.900 0.900 0.900 0.700 0.700 0.900 0.900 0.900 0.700 0.700 0.900 0.900 0.900 0.700 0.700 0.900 0.900 0.900 03/10/2001
2.500 2.500 2.500 1.700 1.700 2.500 2.400 2.500 1.900 1.700 2.500 2.500 1.900 1.800 1.800 2.000 1.800 1.900 1.800 1.800 2.000 1.800 1.900 1.900 1.900 2.100 1.800 1.900 1.900 1.800 04/10/2001
2.300 2.300 2.200 1.400 1.500 2.200 2.200 2.200 1.400 1.500 2.200 2.200 1.400 1.400 1.500 1.500 1.300 1.400 1.400 1.400 1.600 1.300 1.400 1.400 1.400 1.600 1.400 1.500 1.500 1.400 05/10/2001
1.900 1.800 1.800 1.800 2.000 1.800 1.700 1.800 1.800 2.100 1.800 1.800 1.800 1.800 2.100 1.500 1.300 1.800 1.800 1.800 1.500 1.300 1.800 1.800 1.800 1.500 1.300 1.900 1.900 1.800 06/10/2001
2.700 2.700 2.600 2.400 2.100 2.600 2.500 2.600 2.300 2.100 2.600 2.600 2.300 2.300 2.100 2.500 2.700 2.300 2.300 2.300 2.600 2.700 2.300 2.300 2.300 2.600 2.700 2.400 2.400 2.300 07/10/2001
2.200 2.200 2.200 2.000 1.600 2.200 2.100 2.200 1.700 1.600 2.200 2.200 1.700 1.700 1.600 2.100 2.000 1.700 1.700 1.700 2.100 2.000 1.700 1.700 1.700 2.100 2.100 1.800 1.800 1.700 08/10/2001
2.500 2.500 2.400 2.100 1.700 2.400 2.300 2.400 2.000 1.700 2.400 2.400 2.000 1.900 1.800 2.200 2.200 2.000 1.900 1.900 2.200 2.200 2.000 2.000 2.000 2.300 2.200 2.000 2.000 1.900 09/10/2001
2.800 2.800 2.800 2.300 2.300 2.700 2.700 2.700 2.500 2.300 2.700 2.800 2.500 2.500 2.400 2.800 2.900 2.500 2.500 2.500 2.800 2.900 2.500 2.600 2.600 2.900 2.900 2.600 2.600 2.500 10/10/2001
3.000 2.900 2.900 2.500 2.600 2.900 2.900 2.900 2.700 2.600 2.900 2.900 2.700 2.700 2.600 2.800 2.800 2.700 2.700 2.700 2.800 2.800 2.700 2.700 2.700 2.800 2.800 2.700 2.700 2.700 11/10/2001
4.000 4.000 4.100 2.300 2.200 4.100 4.100 4.100 2.500 2.200 4.100 4.100 2.500 2.500 2.100 3.300 3.100 2.500 2.500 2.500 3.300 3.100 2.500 2.500 2.500 3.300 3.100 2.500 2.500 2.500 12/10/2001
3.000 3.000 3.000 1.900 1.500 3.000 3.000 3.000 1.300 1.500 3.000 3.000 1.300 1.300 1.400 1.400 1.000 1.300 1.300 1.300 1.400 1.000 1.300 1.300 1.300 1.500 1.000 1.200 1.200 1.300 13/10/2001
2.200 2.200 2.200 1.800 1.900 2.100 2.100 2.100 2.100 1.900 2.100 2.100 2.100 2.000 1.900 1.900 2.000 2.100 2.000 2.000 2.000 2.000 2.100 2.100 2.100 2.000 2.000 2.100 2.100 2.000 14/10/2001
3.100 3.100 3.100 2.400 2.200 3.000 3.000 3.000 2.200 2.200 3.000 3.000 2.200 2.100 2.200 2.800 2.500 2.200 2.100 2.100 2.800 2.500 2.200 2.200 2.200 2.900 2.500 2.200 2.200 2.100 15/10/2001
3.000 3.000 3.000 2.300 2.100 3.000 3.000 3.000 2.300 2.100 3.000 3.000 2.400 2.300 2.100 2.700 2.700 2.300 2.300 2.300 2.700 2.700 2.300 2.400 2.400 2.800 2.700 2.400 2.400 2.300 16/10/2001
2.900 2.900 3.000 2.300 2.000 3.000 3.000 3.000 1.800 2.000 3.000 3.000 1.800 1.800 1.900 1.800 1.600 1.800 1.800 1.800 1.800 1.600 1.800 1.700 1.700 1.800 1.500 1.700 1.700 1.800 17/10/2001
2.600 2.600 2.500 1.700 1.500 2.500 2.500 2.500 2.000 1.600 2.500 2.500 2.100 2.000 1.600 2.500 2.400 2.000 2.000 2.000 2.600 2.400 2.000 2.100 2.100 2.600 2.500 2.100 2.100 2.000 18/10/2001
1.700 1.700 1.700 1.400 1.200 1.600 1.600 1.600 1.400 1.200 1.700 1.700 1.400 1.400 1.200 1.400 1.200 1.400 1.400 1.400 1.400 1.200 1.400 1.400 1.400 1.500 1.200 1.500 1.500 1.400 19/10/2001
1.500 1.500 1.500 1.400 1.200 1.400 1.400 1.400 1.200 1.200 1.500 1.500 1.200 1.200 1.300 1.000 0.900 1.200 1.200 1.200 1.000 0.900 1.200 1.200 1.200 1.100 0.900 1.200 1.200 1.200 20/10/2001
0.900 0.900 0.900 0.700 0.900 0.900 0.900 0.900 1.200 1.000 0.900 0.900 1.200 1.200 1.000 1.500 1.800 1.200 1.200 1.200 1.500 1.800 1.200 1.200 1.200 1.500 1.900 1.200 1.200 1.200 21/10/2001
1.800 1.800 1.800 1.200 0.900 1.800 1.800 1.800 0.900 0.900 1.800 1.800 0.900 0.900 0.900 1.400 1.000 0.900 0.900 0.900 1.400 1.000 0.900 0.900 0.900 1.400 1.000 0.900 0.900 0.900 22/10/2001
2.100 2.100 2.100 1.800 1.500 2.100 2.000 2.100 1.800 1.500 2.100 2.100 1.800 1.800 1.500 2.000 1.900 1.800 1.700 1.700 2.000 1.900 1.800 1.800 1.800 2.100 1.900 1.800 1.800 1.700 23/10/2001
1.900 1.900 1.800 1.300 1.200 1.800 1.800 1.800 1.400 1.200 1.800 1.800 1.400 1.300 1.200 1.600 1.400 1.400 1.300 1.300 1.700 1.400 1.400 1.400 1.400 1.700 1.400 1.400 1.400 1.300 24/10/2001
1.300 1.300 1.300 1.100 1.100 1.200 1.200 1.200 1.200 1.100 1.300 1.300 1.200 1.200 1.200 0.900 0.900 1.200 1.100 1.100 0.900 0.900 1.200 1.200 1.200 1.000 0.900 1.300 1.300 1.100 25/10/2001
2.100 2.000 2.000 1.600 1.500 2.000 2.000 2.000 1.600 1.500 2.000 2.000 1.700 1.600 1.500 1.900 1.900 1.600 1.600 1.600 1.900 1.900 1.600 1.700 1.700 2.000 1.900 1.700 1.700 1.600 26/10/2001
2.400 2.400 2.400 1.300 1.100 2.400 2.400 2.400 1.300 1.100 2.400 2.400 1.300 1.300 1.100 1.600 1.300 1.300 1.300 1.300 1.600 1.300 1.300 1.300 1.300 1.600 1.300 1.200 1.200 1.300 27/10/2001
1.900 1.900 1.900 1.700 1.500 1.900 1.900 1.900 1.500 1.500 1.900 1.900 1.500 1.500 1.500 1.500 1.800 1.500 1.500 1.500 1.500 1.700 1.500 1.500 1.500 1.600 1.800 1.600 1.600 1.500 28/10/2001
2.600 2.600 2.500 2.200 2.000 2.500 2.400 2.500 2.400 2.100 2.500 2.500 2.400 2.300 2.100 2.400 2.400 2.400 2.300 2.300 2.500 2.400 2.400 2.400 2.400 2.600 2.400 2.500 2.400 2.300 29/10/2001
2.700 2.700 2.800 2.400 2.100 2.800 2.800 2.800 2.200 2.100 2.800 2.800 2.200 2.300 2.100 2.500 2.300 2.200 2.300 2.300 2.500 2.300 2.200 2.200 2.200 2.500 2.300 2.300 2.300 2.300 30/10/2001
1.900 1.900 1.900 1.200 1.300 1.900 1.900 1.900 1.600 1.300 1.900 1.900 1.600 1.600 1.400 1.800 1.700 1.600 1.500 1.500 1.900 1.700 1.600 1.600 1.600 1.900 1.700 1.700 1.600 1.500 31/10/2001
1.900 1.900 1.900 1.400 1.600 1.900 1.800 1.900 1.900 1.700 1.900 1.900 1.900 1.900 1.700 1.900 2.000 1.900 1.800 1.800 2.000 2.000 1.900 1.900 1.900 2.000 2.000 2.000 2.000 1.800 01/11/2001
2.400 2.300 2.300 2.100 1.800 2.300 2.300 2.300 2.000 1.800 2.300 2.300 2.000 2.000 1.800 2.100 2.000 2.000 2.000 2.000 2.100 2.000 2.000 2.000 2.000 2.200 2.000 2.100 2.100 2.000 02/11/2001
1.900 1.800 1.800 1.500 1.500 1.800 1.800 1.800 1.600 1.500 1.800 1.800 1.600 1.600 1.500 1.700 1.600 1.600 1.600 1.600 1.700 1.600 1.600 1.600 1.600 1.800 1.700 1.600 1.600 1.600 03/11/2001
1.600 1.600 1.600 1.600 1.500 1.600 1.500 1.600 1.700 1.600 1.600 1.600 1.800 1.700 1.600 1.500 1.700 1.700 1.700 1.700 1.600 1.700 1.700 1.800 1.800 1.600 1.700 1.800 1.800 1.700 04/11/2001
1.600 1.600 1.500 1.000 0.700 1.500 1.400 1.500 1.000 0.700 1.500 1.500 1.000 1.000 0.700 1.100 0.700 1.000 1.000 1.000 1.200 0.700 1.000 1.000 1.000 1.200 0.800 1.100 1.100 1.000 05/11/2001
0.700 0.700 0.700 0.700 0.800 0.700 0.700 0.700 0.700 0.800 0.700 0.700 0.700 0.700 0.800 0.600 0.500 0.700 0.700 0.700 0.600 0.500 0.700 0.700 0.700 0.600 0.500 0.800 0.800 0.700 06/11/2001
1.100 1.100 1.000 0.400 0.500 1.000 1.000 1.000 0.800 0.500 1.000 1.000 0.800 0.800 0.500 0.900 0.600 0.800 0.800 0.800 1.000 0.600 0.800 0.800 0.800 1.000 0.700 0.800 0.800 0.800 07/11/2001
0.800 0.800 0.800 0.500 0.300 0.800 0.800 0.800 0.500 0.300 0.800 0.800 0.500 0.500 0.400 0.800 0.600 0.500 0.500 0.500 0.900 0.600 0.500 0.500 0.500 0.900 0.700 0.500 0.500 0.500 08/11/2001
1.000 1.000 1.000 0.600 0.600 1.000 0.900 1.000 0.700 0.600 1.000 1.000 0.700 0.700 0.700 0.900 0.900 0.700 0.700 0.700 1.000 0.900 0.700 0.700 0.700 1.000 0.900 0.800 0.700 0.700 09/11/2001
1.400 1.300 1.300 1.100 1.300 1.300 1.300 1.300 1.400 1.300 1.300 1.300 1.400 1.400 1.300 1.300 1.400 1.400 1.400 1.400 1.300 1.400 1.400 1.400 1.400 1.400 1.400 1.500 1.400 1.400 10/11/2001
1.400 1.300 1.300 1.000 1.600 1.200 1.200 1.200 1.600 1.600 1.200 1.300 1.600 1.500 1.600 1.400 1.500 1.600 1.500 1.500 1.500 1.500 1.600 1.600 1.600 1.600 1.500 1.600 1.600 1.500 11/11/2001
0.600 0.600 0.500 0.400 0.300 0.500 0.500 0.500 0.400 0.300 0.500 0.500 0.400 0.300 0.400 0.500 0.500 0.400 0.300 0.300 0.500 0.500 0.400 0.400 0.400 0.500 0.500 0.400 0.400 0.300 12/11/2001
0.700 0.700 0.700 0.400 0.500 0.700 0.600 0.700 0.500 0.500 0.700 0.700 0.500 0.500 0.500 0.700 0.700 0.500 0.500 0.500 0.700 0.700 0.500 0.500 0.500 0.700 0.700 0.600 0.600 0.500 13/11/2001
1.400 1.300 1.300 0.900 1.000 1.300 1.200 1.300 1.200 1.000 1.300 1.300 1.200 1.200 1.100 1.200 1.300 1.200 1.200 1.200 1.200 1.300 1.200 1.200 1.200 1.300 1.300 1.300 1.200 1.200 14/11/2001
1.400 1.400 1.400 1.100 1.000 1.400 1.300 1.400 1.300 1.000 1.400 1.400 1.300 1.300 1.100 1.300 1.200 1.300 1.300 1.300 1.300 1.200 1.300 1.300 1.300 1.400 1.200 1.400 1.400 1.300 15/11/2001
1.200 1.200 1.200 1.000 0.900 1.100 1.100 1.100 1.100 1.000 1.100 1.200 1.100 1.100 1.000 1.000 1.000 1.100 1.100 1.100 1.000 1.000 1.100 1.100 1.100 1.000 1.000 1.100 1.100 1.100 16/11/2001
1.600 1.600 1.600 1.200 1.800 1.600 1.600 1.600 1.600 1.800 1.600 1.600 1.600 1.600 1.700 1.200 1.100 1.600 1.600 1.600 1.200 1.100 1.600 1.600 1.600 1.300 1.100 1.500 1.500 1.600 17/11/2001
0.900 0.900 0.800 0.700 0.800 0.800 0.800 0.800 0.700 0.800 0.800 0.800 0.700 0.700 0.800 0.700 0.700 0.700 0.700 0.700 0.800 0.700 0.700 0.700 0.700 0.800 0.700 0.800 0.700 0.700 18/11/2001
0.500 0.400 0.400 0.200 0.100 0.400 0.400 0.400 0.200 0.100 0.400 0.400 0.200 0.200 0.200 0.300 0.300 0.200 0.200 0.200 0.300 0.200 0.200 0.200 0.200 0.400 0.300 0.200 0.200 0.200 19/11/2001
0.800 0.800 0.800 0.600 0.400 0.800 0.700 0.800 0.600 0.400 0.800 0.800 0.600 0.500 0.400 0.600 0.600 0.600 0.500 0.500 0.600 0.600 0.500 0.600 0.600 0.600 0.600 0.600 0.600 0.500 20/11/2001
0.800 0.800 0.800 0.600 0.600 0.800 0.800 0.800 0.800 0.600 0.800 0.800 0.800 0.800 0.600 0.800 0.800 0.800 0.700 0.700 0.900 0.800 0.800 0.800 0.800 0.900 0.800 0.900 0.800 0.700 21/11/2001
0.900 0.900 0.900 0.700 0.500 0.800 0.800 0.800 0.700 0.500 0.800 0.800 0.700 0.700 0.500 0.900 0.900 0.700 0.600 0.700 0.900 0.900 0.700 0.700 0.700 1.000 1.000 0.700 0.700 0.600 22/11/2001
0.800 0.800 0.700 0.700 0.500 0.700 0.700 0.700 0.600 0.500 0.700 0.700 0.600 0.600 0.500 0.700 0.700 0.600 0.600 0.600 0.800 0.700 0.600 0.600 0.600 0.800 0.700 0.600 0.600 0.600 23/11/2001
0.600 0.600 0.600 0.400 0.400 0.600 0.600 0.600 0.400 0.400 0.600 0.600 0.400 0.400 0.400 0.500 0.400 0.400 0.400 0.400 0.500 0.400 0.400 0.400 0.400 0.500 0.400 0.400 0.400 0.400 24/11/2001
0.400 0.400 0.400 0.300 0.500 0.400 0.300 0.400 0.400 0.500 0.400 0.400 0.400 0.400 0.500 0.400 0.400 0.400 0.400 0.400 0.400 0.400 0.400 0.400 0.400 0.400 0.400 0.400 0.400 0.400 25/11/2001
0.600 0.600 0.600 0.300 0.700 0.600 0.500 0.600 0.500 0.700 0.600 0.600 0.500 0.500 0.700 0.500 0.400 0.500 0.500 0.500 0.500 0.400 0.500 0.500 0.500 0.500 0.400 0.500 0.500 0.500 26/11/2001
0.900 0.900 0.900 0.500 0.800 0.800 0.800 0.800 0.800 0.800 0.800 0.800 0.800 0.700 0.800 0.800 0.700 0.800 0.700 0.700 0.800 0.700 0.800 0.800 0.800 0.800 0.700 0.800 0.800 0.700 27/11/2001
1.200 1.200 1.200 0.700 0.500 1.200 1.100 1.200 0.600 0.500 1.200 1.200 0.600 0.600 0.500 1.000 0.700 0.600 0.600 0.600 1.100 0.700 0.600 0.600 0.700 1.100 0.800 0.700 0.700 0.600 28/11/2001
0.400 0.400 0.400 0.200 0.500 0.400 0.400 0.400 0.500 0.500 0.400 0.400 0.500 0.500 0.500 0.300 0.300 0.500 0.500 0.500 0.300 0.300 0.500 0.500 0.500 0.300 0.300 0.500 0.500 0.500 29/11/2001
0.500 0.500 0.500 0.200 0.300 0.500 0.500 0.500 0.300 0.300 0.500 0.500 0.300 0.300 0.300 0.500 0.400 0.300 0.200 0.200 0.500 0.400 0.300 0.300 0.300 0.500 0.500 0.300 0.300 0.200 30/11/2001
1.200 1.200 1.200 0.800 0.400 1.100 1.100 1.100 0.700 0.400 1.200 1.200 0.700 0.700 0.500 1.000 0.800 0.700 0.700 0.700 1.100 0.800 0.700 0.700 0.700 1.100 0.800 0.700 0.700 0.700 01/12/2001
1.400 1.400 1.400 0.700 0.700 1.300 1.300 1.300 0.900 0.700 1.300 1.400 0.900 0.800 0.700 1.100 0.800 0.900 0.800 0.800 1.100 0.800 0.900 0.900 0.900 1.200 0.900 0.900 0.900 0.800 02/12/2001
0.700 0.700 0.700 0.300 0.200 0.600 0.600 0.600 0.200 0.200 0.600 0.700 0.300 0.200 0.200 0.600 0.400 0.200 0.200 0.200 0.600 0.400 0.200 0.300 0.300 0.600 0.500 0.300 0.300 0.200 03/12/2001
0.500 0.500 0.500 0.300 0.300 0.500 0.400 0.500 0.300 0.300 0.500 0.500 0.300 0.300 0.300 0.500 0.400 0.300 0.300 0.300 0.500 0.400 0.300 0.300 0.300 0.500 0.400 0.300 0.300 0.300 04/12/2001
0.800 0.800 0.800 0.400 0.300 0.800 0.800 0.800 0.400 0.300 0.800 0.800 0.400 0.400 0.300 0.600 0.600 0.400 0.400 0.400 0.600 0.600 0.400 0.400 0.400 0.600 0.600 0.400 0.400 0.400 05/12/2001
0.700 0.700 0.700 0.500 0.400 0.700 0.600 0.700 0.600 0.400 0.700 0.700 0.600 0.500 0.400 0.400 0.500 0.600 0.500 0.500 0.400 0.500 0.600 0.600 0.600 0.400 0.500 0.600 0.600 0.500 06/12/2001
1.900 1.900 1.900 1.600 1.600 1.900 1.900 1.900 1.800 1.600 1.900 1.900 1.800 1.800 1.600 1.600 1.400 1.800 1.800 1.800 1.600 1.400 1.800 1.800 1.800 1.600 1.400 1.900 1.800 1.800 07/12/2001
1.300 1.300 1.300 0.900 1.000 1.300 1.300 1.300 1.200 1.000 1.300 1.300 1.200 1.200 1.000 1.200 1.100 1.200 1.200 1.200 1.200 1.100 1.200 1.200 1.200 1.300 1.200 1.200 1.200 1.200 08/12/2001
1.100 1.100 1.100 0.500 0.800 1.100 1.000 1.100 1.000 0.900 1.100 1.100 1.000 1.000 0.900 0.900 0.900 1.000 1.000 1.000 0.900 0.900 1.000 1.000 1.000 1.000 0.900 1.100 1.100 1.000 09/12/2001
1.500 1.500 1.400 1.000 1.100 1.400 1.400 1.400 1.400 1.100 1.400 1.400 1.400 1.400 1.100 1.300 1.300 1.400 1.400 1.400 1.300 1.300 1.400 1.400 1.400 1.300 1.300 1.500 1.500 1.400 10/12/2001
0.400 0.400 0.400 0.300 0.700 0.400 0.400 0.400 0.700 0.700 0.400 0.400 0.700 0.700 0.700 0.500 1.100 0.700 0.700 0.700 0.500 1.100 0.700 0.700 0.700 0.600 1.100 0.700 0.700 0.700 11/12/2001
0.700 0.700 0.700 0.300 1.000 0.700 0.700 0.700 1.100 1.000 0.700 0.700 1.100 1.100 1.100 0.900 1.100 1.100 1.100 1.100 0.900 1.100 1.100 1.100 1.100 1.000 1.100 1.100 1.100 1.100 12/12/2001
1.300 1.300 1.300 1.000 1.200 1.200 1.200 1.200 1.200 1.300 1.200 1.200 1.300 1.200 1.300 1.100 1.000 1.200 1.200 1.200 1.100 1.000 1.200 1.300 1.300 1.200 1.000 1.300 1.300 1.200 13/12/2001
1.300 1.300 1.300 1.000 1.100 1.300 1.300 1.300 1.200 1.100 1.300 1.300 1.200 1.100 1.200 1.000 1.000 1.200 1.100 1.100 1.000 1.000 1.200 1.200 1.200 1.000 1.000 1.200 1.200 1.100 14/12/2001
0.800 0.800 0.800 0.500 0.600 0.800 0.800 0.800 0.700 0.600 0.800 0.800 0.700 0.700 0.600 0.700 0.600 0.700 0.700 0.700 0.700 0.600 0.700 0.700 0.700 0.700 0.600 0.700 0.700 0.700 15/12/2001
0.900 0.900 0.900 0.700 0.700 0.900 0.900 0.900 0.700 0.700 0.900 0.900 0.700 0.600 0.700 0.700 0.600 0.700 0.600 0.600 0.700 0.600 0.700 0.700 0.700 0.700 0.700 0.700 0.700 0.600 16/12/2001
1.100 1.100 1.100 0.900 1.000 1.100 1.100 1.100 0.900 1.000 1.100 1.100 0.900 0.900 0.900 0.900 0.700 0.900 0.900 0.900 0.900 0.700 0.900 0.900 0.900 0.900 0.700 0.900 0.900 0.900 17/12/2001
0.900 0.900 0.900 0.700 0.800 0.900 0.900 0.900 0.900 0.800 0.900 0.900 0.900 0.900 0.800 0.900 0.800 0.900 0.900 0.900 0.900 0.800 0.900 0.900 0.900 0.900 0.800 0.900 0.900 0.900 18/12/2001
0.800 0.800 0.800 0.500 0.600 0.800 0.800 0.800 0.700 0.600 0.800 0.800 0.700 0.700 0.700 0.800 0.700 0.700 0.700 0.700 0.800 0.700 0.700 0.700 0.700 0.800 0.700 0.800 0.800 0.700 19/12/2001
0.600 0.600 0.600 0.200 0.500 0.600 0.500 0.600 0.600 0.500 0.600 0.600 0.600 0.600 0.500 0.700 0.800 0.600 0.500 0.500 0.700 0.800 0.600 0.600 0.600 0.700 0.800 0.600 0.600 0.500 20/12/2001
0.500 0.500 0.500 0.100 0.500 0.500 0.500 0.500 0.500 0.500 0.500 0.500 0.500 0.500 0.500 0.600 0.600 0.500 0.500 0.500 0.600 0.600 0.500 0.500 0.500 0.600 0.600 0.500 0.500 0.500 21/12/2001
0.500 0.500 0.500 0.500 0.400 0.500 0.500 0.500 0.500 0.400 0.500 0.500 0.500 0.500 0.400 0.300 0.300 0.500 0.400 0.500 0.300 0.300 0.500 0.500 0.500 0.400 0.300 0.500 0.500 0.500 22/12/2001
0.600 0.600 0.500 0.200 0.500 0.500 0.400 0.500 0.600 0.600 0.500 0.500 0.600 0.600 0.600 0.600 0.700 0.600 0.600 0.600 0.700 0.700 0.600 0.600 0.600 0.700 0.800 0.700 0.700 0.600 23/12/2001
0.300 0.300 0.300 0.100 0.100 0.200 0.200 0.200 0.200 0.100 0.200 0.200 0.200 0.200 0.200 0.400 0.600 0.200 0.200 0.200 0.400 0.600 0.200 0.200 0.200 0.500 0.600 0.300 0.300 0.200 24/12/2001
1.100 1.100 1.100 0.800 0.700 1.100 1.100 1.100 0.800 0.700 1.100 1.100 0.800 0.800 0.700 0.800 0.700 0.800 0.800 0.800 0.800 0.700 0.800 0.800 0.800 0.800 0.700 0.800 0.800 0.800 25/12/2001
0.700 0.700 0.700 0.300 0.200 0.700 0.600 0.700 0.500 0.300 0.700 0.700 0.500 0.500 0.300 0.800 0.700 0.500 0.500 0.500 0.800 0.700 0.500 0.500 0.500 0.900 0.700 0.600 0.600 0.500 26/12/2001
0.500 0.500 0.500 0.400 0.300 0.500 0.500 0.500 0.400 0.300 0.500 0.500 0.400 0.400 0.300 0.300 0.300 0.400 0.400 0.400 0.300 0.300 0.400 0.400 0.400 0.300 0.300 0.400 0.400 0.400 27/12/2001
0.400 0.400 0.400 0.200 0.300 0.400 0.400 0.400 0.300 0.300 0.400 0.400 0.300 0.300 0.300 0.400 0.400 0.300 0.300 0.300 0.400 0.400 0.300 0.300 0.300 0.400 0.400 0.300 0.300 0.300 28/12/2001
0.800 0.800 0.800 0.400 0.500 0.800 0.800 0.800 0.500 0.500 0.800 0.800 0.500 0.500 0.500 0.700 0.700 0.500 0.500 0.500 0.800 0.700 0.500 0.600 0.600 0.800 0.700 0.600 0.600 0.500 29/12/2001
0.300 0.300 0.300 0.100 0.200 0.300 0.300 0.300 0.200 0.200 0.300 0.300 0.200 0.200 0.200 0.100 0.100 0.200 0.200 0.200 0.100 0.100 0.200 0.200 0.200 0.100 0.100 0.200 0.200 0.200 30/12/2001
0.800 0.700 0.700 0.400 0.900 0.700 0.700 0.700 1.000 0.900 0.700 0.700 1.000 0.900 0.900 0.800 1.100 1.000 0.900 0.900 0.900 1.100 1.000 1.000 1.000 0.900 1.100 1.000 1.000 0.900 31/12/2001
1.500 1.600 1.600 1.300 1.700 1.600 1.600 1.600 1.700 1.700 1.600 1.600 1.700 1.700 1.700 1.500 1.700 1.700 1.700 1.700 1.500 1.700 1.700 1.700 1.700 1.500 1.700 1.700 1.700 1.700 01/01/2002
1.800 1.800 1.800 1.300 1.400 1.900 1.900 1.900 1.500 1.400 1.900 1.900 1.500 1.500 1.400 1.300 1.600 1.500 1.500 1.500 1.300 1.600 1.500 1.500 1.500 1.300 1.600 1.500 1.500 1.500 02/01/2002
1.500 1.500 1.500 1.000 1.200 1.500 1.500 1.500 1.300 1.200 1.500 1.500 1.300 1.300 1.200 1.100 1.000 1.300 1.300 1.300 1.100 1.000 1.300 1.300 1.300 1.100 1.000 1.300 1.300 1.300 03/01/2002
1.500 1.500 1.500 1.300 1.400 1.500 1.600 1.500 1.500 1.400 1.500 1.500 1.500 1.500 1.400 1.000 1.100 1.500 1.500 1.500 1.000 1.100 1.500 1.500 1.500 1.000 1.100 1.500 1.500 1.500 04/01/2002
1.400 1.400 1.400 0.900 0.900 1.400 1.400 1.400 1.100 0.900 1.400 1.400 1.200 1.100 0.900 1.200 1.400 1.100 1.100 1.100 1.300 1.400 1.100 1.200 1.200 1.300 1.400 1.200 1.200 1.100 05/01/2002
1.100 1.100 1.100 0.700 0.700 1.100 1.000 1.100 0.900 0.700 1.100 1.100 0.900 0.800 0.700 1.000 1.000 0.900 0.800 0.800 1.000 1.000 0.900 0.900 0.900 1.100 1.000 0.900 0.900 0.800 06/01/2002
0.900 0.900 0.900 0.700 0.700 0.900 0.900 0.900 0.700 0.700 0.900 0.900 0.700 0.700 0.700 0.700 0.700 0.700 0.700 0.700 0.700 0.700 0.700 0.700 0.700 0.700 0.700 0.800 0.800 0.700 07/01/2002
0.800 0.800 0.700 0.500 0.500 0.700 0.600 0.700 0.800 0.600 0.700 0.700 0.800 0.700 0.600 0.700 0.600 0.800 0.700 0.700 0.700 0.600 0.800 0.800 0.800 0.800 0.600 0.900 0.900 0.700 08/01/2002
1.700 1.700 1.700 1.300 1.200 1.600 1.600 1.600 1.300 1.200 1.700 1.700 1.300 1.300 1.200 0.900 1.000 1.300 1.300 1.300 0.900 1.000 1.300 1.300 1.300 1.000 1.000 1.400 1.400 1.300 09/01/2002
1.000 1.000 1.000 0.900 0.900 1.000 1.000 1.000 1.000 1.000 1.000 1.000 1.000 1.000 1.000 0.900 1.000 1.000 1.000 1.000 1.000 1.000 1.000 1.000 1.000 1.000 1.000 1.100 1.100 1.000 10/01/2002
1.200 1.200 1.200 1.000 0.900 1.100 1.100 1.100 1.000 0.900 1.200 1.200 1.000 1.000 0.900 0.900 0.800 1.000 1.000 1.000 0.900 0.800 1.000 1.000 1.000 1.000 0.800 1.100 1.100 1.000 11/01/2002
1.600 1.600 1.600 1.000 1.500 1.600 1.600 1.600 1.400 1.400 1.600 1.600 1.400 1.400 1.400 1.200 1.200 1.400 1.400 1.400 1.200 1.200 1.400 1.400 1.400 1.200 1.200 1.400 1.400 1.400 12/01/2002
1.100 1.100 1.100 1.000 1.000 1.100 1.100 1.100 1.000 1.000 1.100 1.100 1.000 1.000 1.000 0.900 0.800 1.000 1.000 1.000 0.900 0.800 1.000 1.000 1.000 0.900 0.800 1.000 1.000 1.000 13/01/2002
0.500 0.500 0.500 0.400 0.300 0.500 0.400 0.500 0.400 0.300 0.500 0.500 0.400 0.400 0.300 0.600 0.600 0.400 0.300 0.400 0.600 0.500 0.400 0.400 0.400 0.700 0.600 0.400 0.400 0.400 14/01/2002
0.300 0.300 0.300 0.200 0.200 0.300 0.200 0.300 0.300 0.200 0.300 0.300 0.300 0.300 0.300 0.300 0.400 0.300 0.300 0.300 0.300 0.400 0.300 0.300 0.300 0.300 0.400 0.400 0.400 0.300 15/01/2002
0.500 0.500 0.400 0.300 0.400 0.400 0.400 0.400 0.400 0.400 0.400 0.400 0.400 0.400 0.400 0.500 0.500 0.400 0.400 0.400 0.500 0.500 0.400 0.400 0.400 0.600 0.500 0.500 0.500 0.400 16/01/2002
1.000 0.900 0.900 0.500 0.500 0.900 0.900 0.900 0.500 0.500 0.900 0.900 0.500 0.500 0.500 0.400 0.400 0.500 0.500 0.500 0.400 0.400 0.500 0.500 0.500 0.400 0.400 0.500 0.500 0.500 17/01/2002
1.100 1.200 1.200 0.700 0.700 1.200 1.200 1.200 0.900 0.700 1.200 1.200 0.900 0.900 0.800 0.800 0.800 0.900 0.900 0.900 0.800 0.800 0.900 0.900 0.900 0.800 0.800 0.900 0.900 0.900 18/01/2002
0.700 0.700 0.600 0.500 0.200 0.600 0.600 0.600 0.300 0.200 0.600 0.600 0.300 0.300 0.200 0.400 0.400 0.300 0.300 0.300 0.400 0.400 0.300 0.300 0.300 0.400 0.400 0.300 0.300 0.300 19/01/2002
0.500 0.500 0.500 0.700 0.400 0.400 0.400 0.400 0.500 0.400 0.400 0.400 0.500 0.500 0.400 0.400 0.400 0.500 0.500 0.500 0.400 0.400 0.500 0.500 0.500 0.400 0.400 0.600 0.600 0.500 20/01/2002
1.300 1.200 1.200 1.400 1.500 1.100 1.100 1.100 1.500 1.500 1.100 1.200 1.500 1.500 1.500 0.500 0.500 1.500 1.500 1.500 0.500 0.500 1.500 1.500 1.500 0.600 0.500 1.500 1.500 1.500 21/01/2002
1.400 1.400 1.400 1.000 0.900 1.400 1.300 1.400 1.000 1.000 1.400 1.400 1.100 1.000 1.000 1.300 1.200 1.100 1.000 1.000 1.300 1.200 1.000 1.100 1.100 1.300 1.200 1.100 1.100 1.000 22/01/2002
1.100 1.100 1.000 1.100 1.000 1.000 1.000 1.000 1.200 1.000 1.000 1.000 1.200 1.200 1.000 0.800 0.800 1.200 1.200 1.200 0.800 0.800 1.200 1.200 1.200 0.900 0.900 1.200 1.200 1.200 23/01/2002
1.100 1.100 1.100 0.800 0.600 1.100 1.100 1.100 0.800 0.700 1.100 1.100 0.800 0.800 0.700 1.000 0.900 0.800 0.800 0.800 1.000 0.900 0.800 0.800 0.800 1.000 1.000 0.900 0.900 0.800 24/01/2002
0.700 0.700 0.700 0.400 0.300 0.700 0.700 0.700 0.400 0.300 0.700 0.700 0.400 0.400 0.300 0.500 0.600 0.400 0.400 0.400 0.500 0.600 0.400 0.400 0.400 0.600 0.600 0.500 0.500 0.400 25/01/2002
1.200 1.100 1.100 0.700 0.500 1.100 1.000 1.100 0.800 0.500 1.100 1.100 0.800 0.800 0.500 0.900 0.800 0.800 0.800 0.800 0.900 0.800 0.800 0.800 0.800 1.000 0.800 0.900 0.900 0.800 26/01/2002
1.700 1.700 1.600 1.100 1.200 1.600 1.600 1.600 1.500 1.200 1.600 1.600 1.500 1.500 1.200 1.600 1.700 1.500 1.500 1.500 1.600 1.700 1.500 1.500 1.500 1.700 1.800 1.500 1.500 1.500 27/01/2002
1.700 1.700 1.700 1.300 1.100 1.600 1.600 1.600 1.300 1.100 1.600 1.600 1.400 1.300 1.200 1.700 1.500 1.400 1.300 1.300 1.700 1.500 1.300 1.400 1.400 1.800 1.600 1.400 1.400 1.300 28/01/2002
1.700 1.700 1.600 0.900 1.100 1.600 1.600 1.600 1.200 1.100 1.600 1.600 1.200 1.200 1.100 1.100 1.000 1.200 1.200 1.200 1.100 1.000 1.200 1.200 1.200 1.200 1.000 1.200 1.200 1.200 29/01/2002
1.400 1.400 1.400 1.200 1.100 1.400 1.400 1.400 0.900 1.100 1.400 1.400 0.900 0.900 1.100 1.300 1.300 0.900 0.900 0.900 1.400 1.300 0.900 0.900 0.900 1.400 1.300 0.800 0.800 0.900 30/01/2002
0.900 0.900 0.900 0.900 0.700 0.900 0.900 0.900 0.800 0.700 0.900 0.900 0.800 0.800 0.700 0.700 0.600 0.800 0.800 0.800 0.800 0.600 0.800 0.800 0.800 0.800 0.700 0.800 0.800 0.800 31/01/2002
2.200 2.200 2.200 1.600 1.100 2.200 2.200 2.200 1.400 1.100 2.200 2.200 1.400 1.400 1.100 1.900 1.600 1.400 1.400 1.400 1.900 1.600 1.400 1.400 1.400 1.900 1.600 1.400 1.400 1.400 01/02/2002
3.200 3.200 3.100 3.200 2.600 3.100 3.100 3.100 2.700 2.600 3.100 3.100 2.700 2.700 2.600 2.200 1.900 2.700 2.700 2.700 2.100 1.900 2.700 2.700 2.700 2.100 1.900 2.700 2.700 2.700 02/02/2002
3.500 3.500 3.500 3.300 2.800 3.400 3.400 3.400 3.200 2.800 3.400 3.500 3.200 3.200 2.800 3.000 2.900 3.200 3.100 3.200 3.000 2.900 3.200 3.200 3.200 3.000 2.800 3.200 3.200 3.100 03/02/2002
1.900 1.900 1.900 1.500 1.200 1.900 1.800 1.900 1.500 1.300 1.900 1.900 1.500 1.500 1.300 1.700 1.600 1.500 1.500 1.500 1.800 1.600 1.500 1.500 1.500 1.800 1.600 1.500 1.500 1.500 04/02/2002
1.100 1.100 1.100 1.100 0.800 1.100 1.100 1.100 0.900 0.800 1.100 1.100 0.900 0.900 0.800 0.900 0.800 0.900 0.900 0.900 0.900 0.800 0.900 0.900 0.900 0.900 0.800 0.900 0.900 0.900 05/02/2002
1.600 1.600 1.500 0.800 0.900 1.500 1.500 1.500 1.100 0.900 1.500 1.500 1.100 1.000 0.900 1.800 1.900 1.100 1.000 1.000 1.900 1.900 1.100 1.100 1.100 1.900 1.900 1.200 1.100 1.000 06/02/2002
1.100 1.100 1.000 0.600 0.800 1.000 1.000 1.000 0.900 0.900 1.000 1.000 0.900 0.900 0.900 1.000 0.900 0.900 0.800 0.800 1.000 0.900 0.900 0.900 0.900 1.000 0.900 0.900 0.900 0.800 07/02/2002
1.100 1.100 1.100 0.800 0.800 1.000 1.000 1.000 0.900 0.800 1.000 1.100 0.900 0.900 0.800 0.700 0.700 0.900 0.900 0.900 0.800 0.700 0.900 0.900 0.900 0.800 0.700 0.900 0.900 0.900 08/02/2002
1.200 1.200 1.200 0.900 0.400 1.200 1.100 1.200 0.800 0.400 1.200 1.200 0.800 0.800 0.400 0.800 0.900 0.800 0.700 0.800 0.900 0.900 0.800 0.800 0.800 0.900 1.000 0.800 0.800 0.700 09/02/2002
1.500 1.500 1.500 0.700 0.500 1.400 1.400 1.400 0.900 0.500 1.400 1.400 0.900 0.900 0.600 1.600 1.600 0.900 0.900 0.900 1.600 1.600 0.900 0.900 0.900 1.700 1.600 1.000 1.000 0.900 10/02/2002
1.600 1.600 1.500 0.900 0.900 1.500 1.400 1.500 1.000 0.900 1.500 1.500 1.100 1.000 0.900 1.300 1.400 1.000 1.000 1.000 1.400 1.400 1.000 1.100 1.100 1.400 1.500 1.100 1.100 1.000 11/02/2002
1.900 1.800 1.800 1.800 1.500 1.800 1.800 1.800 1.800 1.500 1.800 1.800 1.800 1.800 1.500 1.800 1.900 1.800 1.800 1.800 1.800 1.900 1.800 1.800 1.800 1.900 1.900 1.800 1.800 1.800 12/02/2002
1.700 1.600 1.600 1.300 1.100 1.600 1.600 1.600 1.400 1.200 1.600 1.600 1.400 1.400 1.200 1.500 1.600 1.400 1.400 1.400 1.500 1.600 1.400 1.500 1.500 1.600 1.600 1.500 1.500 1.400 13/02/2002
0.400 0.400 0.400 0.300 0.400 0.400 0.400 0.400 0.300 0.400 0.400 0.400 0.300 0.300 0.400 0.500 0.400 0.300 0.300 0.300 0.500 0.400 0.300 0.300 0.300 0.500 0.400 0.300 0.300 0.300 14/02/2002
0.800 0.800 0.800 0.600 0.500 0.800 0.700 0.800 0.600 0.500 0.800 0.800 0.600 0.600 0.500 0.800 0.700 0.600 0.600 0.600 0.800 0.700 0.600 0.600 0.700 0.800 0.800 0.700 0.700 0.600 15/02/2002
0.700 0.600 0.600 0.400 0.500 0.600 0.500 0.600 0.700 0.500 0.600 0.600 0.700 0.700 0.500 0.700 0.800 0.700 0.600 0.700 0.700 0.800 0.700 0.700 0.700 0.700 0.800 0.700 0.700 0.600 16/02/2002
0.800 0.800 0.700 0.700 0.400 0.700 0.700 0.700 0.700 0.500 0.700 0.700 0.700 0.700 0.500 0.700 0.700 0.700 0.700 0.700 0.800 0.700 0.700 0.700 0.700 0.800 0.800 0.800 0.800 0.700 17/02/2002
1.300 1.200 1.200 1.000 1.000 1.200 1.100 1.200 1.100 1.000 1.200 1.200 1.100 1.100 1.100 1.200 0.700 1.100 1.100 1.100 1.200 0.700 1.100 1.100 1.100 1.200 0.800 1.100 1.100 1.100 18/02/2002
0.900 0.800 0.800 0.400 0.500 0.800 0.800 0.800 0.600 0.500 0.800 0.800 0.600 0.600 0.500 0.900 0.900 0.600 0.600 0.600 0.900 0.900 0.600 0.600 0.600 0.900 0.900 0.600 0.600 0.600 19/02/2002
0.700 0.700 0.700 0.500 0.600 0.600 0.600 0.600 0.700 0.600 0.600 0.600 0.700 0.700 0.600 0.600 0.500 0.700 0.700 0.700 0.600 0.500 0.700 0.700 0.700 0.600 0.500 0.700 0.700 0.700 20/02/2002
1.800 1.800 1.800 1.500 1.700 1.700 1.700 1.700 1.700 1.700 1.700 1.800 1.700 1.700 1.700 1.700 1.700 1.700 1.700 1.700 1.700 1.700 1.700 1.700 1.700 1.800 1.700 1.700 1.700 1.700 21/02/2002
0.500 0.500 0.500 0.300 0.400 0.500 0.500 0.500 0.400 0.400 0.500 0.500 0.400 0.400 0.400 0.500 0.500 0.400 0.400 0.400 0.600 0.500 0.400 0.400 0.400 0.600 0.600 0.400 0.400 0.400 22/02/2002
1.200 1.200 1.200 1.000 0.900 1.200 1.200 1.200 1.100 0.900 1.200 1.200 1.100 1.100 0.900 1.100 1.000 1.100 1.100 1.100 1.100 1.000 1.100 1.100 1.200 1.200 1.000 1.200 1.200 1.100 23/02/2002
1.200 1.200 1.100 1.000 1.100 1.100 1.100 1.100 1.200 1.100 1.100 1.100 1.200 1.200 1.200 1.200 1.300 1.200 1.200 1.200 1.200 1.200 1.200 1.200 1.200 1.300 1.300 1.200 1.200 1.200 24/02/2002
1.700 1.700 1.700 1.100 0.700 1.700 1.600 1.700 0.900 0.700 1.700 1.700 0.900 0.900 0.700 1.400 1.500 0.900 0.900 0.900 1.500 1.500 0.900 0.900 0.900 1.500 1.500 0.900 0.900 0.900 25/02/2002
1.200 1.200 1.200 0.700 0.600 1.200 1.100 1.200 0.700 0.600 1.200 1.200 0.700 0.700 0.600 1.100 1.200 0.700 0.700 0.700 1.100 1.200 0.700 0.700 0.700 1.100 1.200 0.700 0.700 0.700 26/02/2002
1.100 1.100 1.000 0.800 0.600 1.000 1.000 1.000 0.800 0.600 1.000 1.000 0.800 0.700 0.600 1.100 0.800 0.800 0.700 0.700 1.100 0.800 0.800 0.800 0.800 1.200 0.800 0.800 0.800 0.700 27/02/2002
1.700 1.700 1.700 1.500 1.200 1.600 1.600 1.600 1.400 1.300 1.600 1.600 1.400 1.400 1.300 1.500 1.300 1.400 1.300 1.300 1.500 1.300 1.400 1.400 1.400 1.600 1.300 1.400 1.400 1.300 28/02/2002
0.600 0.600 0.600 0.500 0.400 0.600 0.600 0.600 0.500 0.400 0.600 0.600 0.500 0.500 0.400 0.700 1.000 0.500 0.500 0.500 0.700 1.000 0.500 0.500 0.500 0.800 1.000 0.500 0.500 0.500 01/03/2002
1.400 1.400 1.400 1.200 1.000 1.400 1.400 1.400 1.200 1.000 1.400 1.400 1.200 1.200 1.100 1.000 1.000 1.200 1.100 1.200 1.000 1.000 1.200 1.200 1.200 1.000 1.000 1.300 1.200 1.100 02/03/2002
1.800 1.800 1.800 1.400 1.500 1.800 1.800 1.800 1.700 1.500 1.800 1.800 1.700 1.700 1.500 1.800 1.800 1.700 1.700 1.700 1.900 1.800 1.700 1.800 1.800 1.900 1.800 1.800 1.800 1.700 03/03/2002
2.100 2.100 2.100 1.600 1.500 2.000 2.000 2.000 1.700 1.600 2.100 2.100 1.700 1.600 1.600 1.800 1.600 1.700 1.600 1.600 1.800 1.600 1.700 1.700 1.700 1.900 1.600 1.700 1.700 1.600 04/03/2002
1.400 1.400 1.400 0.900 1.000 1.400 1.400 1.400 1.000 1.000 1.400 1.400 1.000 1.000 1.000 1.500 1.200 1.000 1.000 1.000 1.500 1.200 1.000 1.000 1.000 1.500 1.300 0.900 0.900 1.000 05/03/2002
1.500 1.500 1.500 1.200 1.000 1.400 1.400 1.400 1.000 1.000 1.400 1.400 1.100 1.000 1.100 1.300 1.300 1.000 1.000 1.000 1.300 1.300 1.000 1.100 1.100 1.400 1.400 1.100 1.100 1.000 06/03/2002
1.500 1.500 1.500 1.100 0.600 1.400 1.400 1.400 0.800 0.600 1.400 1.400 0.800 0.800 0.600 1.000 0.800 0.800 0.800 0.800 1.000 0.800 0.800 0.900 0.900 1.100 0.900 0.900 0.900 0.800 07/03/2002
2.400 2.400 2.300 2.100 1.800 2.300 2.300 2.300 2.300 1.900 2.300 2.300 2.300 2.200 1.900 2.800 2.900 2.300 2.200 2.200 2.800 2.900 2.300 2.300 2.300 2.900 3.000 2.400 2.300 2.200 08/03/2002
1.700 1.700 1.600 0.700 1.000 1.600 1.500 1.600 1.000 1.000 1.600 1.600 1.100 1.000 1.000 1.500 1.300 1.000 1.000 1.000 1.600 1.300 1.000 1.100 1.100 1.600 1.300 1.100 1.100 1.000 09/03/2002
2.100 2.100 2.100 1.600 1.500 2.000 2.000 2.000 1.800 1.500 2.000 2.000 1.800 1.700 1.600 1.600 1.500 1.800 1.700 1.700 1.600 1.500 1.800 1.800 1.800 1.700 1.600 1.900 1.800 1.700 10/03/2002
1.200 1.200 1.200 1.000 1.800 1.200 1.200 1.200 1.500 1.700 1.200 1.200 1.500 1.600 1.700 0.800 1.000 1.500 1.600 1.600 0.700 1.000 1.500 1.500 1.500 0.700 1.000 1.500 1.500 1.600 11/03/2002
2.000 2.100 2.100 2.100 1.700 2.100 2.100 2.100 2.000 1.700 2.100 2.100 2.000 2.000 1.800 1.600 1.700 2.000 2.000 2.000 1.500 1.700 2.000 2.000 2.000 1.400 1.700 2.000 2.000 2.000 12/03/2002
4.400 4.400 4.400 3.900 3.500 4.400 4.400 4.400 4.000 3.500 4.400 4.400 4.000 4.000 3.600 3.800 3.900 4.000 4.000 4.000 3.800 3.900 4.000 4.100 4.100 3.800 3.900 4.100 4.100 4.000 13/03/2002
2.500 2.500 2.500 2.600 2.400 2.500 2.400 2.500 2.500 2.400 2.500 2.500 2.500 2.500 2.500 2.400 2.300 2.500 2.400 2.400 2.400 2.300 2.500 2.500 2.500 2.500 2.300 2.600 2.600 2.400 14/03/2002
1.900 1.900 1.900 1.200 1.800 1.800 1.800 1.800 2.000 1.800 1.800 1.800 2.000 2.000 1.800 2.200 2.300 2.000 2.000 2.000 2.200 2.300 2.000 2.000 2.000 2.300 2.300 2.100 2.100 2.000 15/03/2002
1.200 1.200 1.200 1.100 1.500 1.200 1.200 1.200 1.200 1.500 1.200 1.200 1.200 1.200 1.500 0.900 0.900 1.200 1.200 1.200 0.900 0.900 1.200 1.200 1.200 0.900 0.900 1.200 1.200 1.200 16/03/2002
2.600 2.600 2.600 2.100 2.000 2.600 2.500 2.600 1.900 2.100 2.600 2.600 1.900 1.900 2.100 2.200 2.000 1.900 1.800 1.900 2.200 2.000 1.900 1.900 1.900 2.300 2.000 2.000 2.000 1.900 17/03/2002
0.600 0.600 0.600 0.600 0.500 0.600 0.600 0.600 0.500 0.500 0.600 0.600 0.500 0.500 0.500 0.700 0.400 0.500 0.500 0.500 0.700 0.400 0.500 0.500 0.500 0.700 0.400 0.500 0.500 0.500 18/03/2002
1.200 1.200 1.200 0.900 0.900 1.200 1.200 1.200 0.800 0.900 1.200 1.200 0.800 0.800 0.900 1.300 1.300 0.800 0.800 0.800 1.300 1.200 0.800 0.800 0.800 1.300 1.300 0.800 0.800 0.800 19/03/2002
3.000 3.000 2.900 2.200 2.000 2.900 2.800 2.900 2.400 2.000 2.900 2.900 2.400 2.400 2.100 3.000 2.900 2.400 2.300 2.400 3.100 2.800 2.400 2.400 2.400 3.200 2.900 2.500 2.500 2.400 20/03/2002
3.000 3.000 3.000 2.000 1.800 3.000 2.900 3.000 2.200 1.800 3.000 3.000 2.200 2.200 1.800 2.800 2.700 2.200 2.200 2.200 2.800 2.700 2.200 2.200 2.200 2.900 2.700 2.200 2.200 2.200 21/03/2002
2.300 2.300 2.300 1.600 1.800 2.200 2.200 2.200 2.200 1.800 2.200 2.200 2.200 2.100 1.900 2.300 2.300 2.200 2.100 2.100 2.300 2.300 2.200 2.200 2.200 2.400 2.300 2.300 2.200 2.100 22/03/2002
3.100 3.100 3.100 2.800 2.800 3.100 3.000 3.100 2.800 2.800 3.100 3.100 2.800 2.800 2.900 3.000 3.000 2.800 2.800 2.800 3.000 3.000 2.800 2.800 2.800 3.100 3.000 2.900 2.900 2.800 23/03/2002
3.400 3.300 3.300 2.800 2.700 3.300 3.300 3.300 2.900 2.700 3.300 3.300 2.900 2.900 2.700 3.200 3.400 2.900 2.900 2.900 3.200 3.400 2.900 2.900 2.900 3.200 3.400 2.900 2.900 2.900 24/03/2002
3.300 3.300 3.200 2.800 2.700 3.200 3.100 3.200 2.700 2.800 3.200 3.200 2.700 2.700 2.800 2.800 2.700 2.700 2.700 2.700 2.900 2.700 2.700 2.800 2.800 3.000 2.700 2.800 2.800 2.700 25/03/2002
2.600 2.500 2.500 2.500 2.500 2.500 2.500 2.500 2.500 2.500 2.500 2.500 2.500 2.500 2.500 2.700 2.800 2.500 2.500 2.500 2.800 2.800 2.500 2.500 2.500 2.800 2.800 2.500 2.500 2.500 26/03/2002
3.200 3.200 3.100 2.900 3.000 3.100 3.000 3.100 3.300 3.000 3.100 3.100 3.400 3.300 3.100 3.200 3.300 3.400 3.300 3.300 3.200 3.300 3.300 3.400 3.400 3.300 3.300 3.400 3.400 3.300 27/03/2002
4.100 4.100 4.100 3.700 3.600 4.200 4.200 4.200 3.900 3.700 4.200 4.200 3.900 3.900 3.700 3.500 3.400 3.900 3.900 3.900 3.500 3.400 3.900 3.900 3.900 3.500 3.400 3.900 3.900 3.900 28/03/2002
3.600 3.600 3.600 2.700 2.700 3.600 3.600 3.600 2.800 2.800 3.600 3.600 2.800 2.800 2.800 3.100 3.200 2.800 2.700 2.700 3.100 3.200 2.800 2.800 2.800 3.100 3.200 2.800 2.800 2.700 29/03/2002
2.600 2.600 2.600 2.200 2.500 2.600 2.600 2.600 2.500 2.500 2.600 2.600 2.500 2.500 2.500 2.600 2.800 2.500 2.500 2.500 2.600 2.800 2.500 2.500 2.500 2.600 2.800 2.500 2.500 2.500 30/03/2002
2.800 2.800 2.800 2.700 2.500 2.700 2.700 2.700 2.400 2.500 2.700 2.800 2.400 2.400 2.500 2.700 2.600 2.400 2.400 2.400 2.700 2.600 2.400 2.500 2.500 2.700 2.600 2.500 2.500 2.400 31/03/2002
2.700 2.700 2.700 2.400 2.500 2.800 2.800 2.800 2.600 2.500 2.800 2.700 2.600 2.600 2.500 2.900 3.100 2.600 2.600 2.600 2.900 3.100 2.600 2.600 2.600 2.900 3.100 2.600 2.600 2.600 01/04/2002
4.700 4.700 4.800 3.900 3.400 4.800 4.800 4.800 3.200 3.400 4.800 4.800 3.300 3.200 3.400 2.600 2.300 3.200 3.200 3.200 2.600 2.300 3.200 3.300 3.300 2.500 2.400 3.300 3.300 3.200 02/04/2002
1.100 1.100 1.100 1.300 1.200 1.100 1.100 1.100 1.200 1.200 1.100 1.100 1.200 1.200 1.300 0.800 0.800 1.200 1.200 1.200 0.800 0.800 1.200 1.200 1.200 0.800 0.900 1.200 1.200 1.200 03/04/2002
1.400 1.400 1.300 1.600 1.900 1.300 1.300 1.300 1.800 1.900 1.300 1.300 1.800 1.800 1.900 1.500 1.500 1.800 1.700 1.700 1.600 1.500 1.800 1.800 1.800 1.600 1.600 1.800 1.800 1.700 04/04/2002
2.800 2.800 2.700 2.400 2.300 2.700 2.600 2.700 2.500 2.400 2.700 2.700 2.600 2.500 2.400 2.700 2.600 2.500 2.500 2.500 2.700 2.600 2.500 2.600 2.600 2.800 2.700 2.600 2.600 2.500 05/04/2002
3.000 3.000 2.900 2.300 2.000 2.900 2.900 2.900 2.000 2.000 2.900 2.900 2.000 2.000 2.000 2.400 2.100 2.000 2.000 2.000 2.400 2.100 2.000 2.000 2.000 2.400 2.100 2.100 2.100 2.000 06/04/2002
1.300 1.200 1.200 0.800 0.800 1.200 1.200 1.200 1.000 0.800 1.200 1.200 1.100 1.000 0.900 1.300 1.300 1.000 1.000 1.000 1.300 1.300 1.000 1.100 1.100 1.300 1.300 1.100 1.100 1.000 07/04/2002
1.300 1.300 1.300 0.900 0.800 1.200 1.200 1.200 0.900 0.800 1.200 1.200 1.000 0.900 0.900 1.200 1.200 0.900 0.900 0.900 1.200 1.200 0.900 1.000 1.000 1.200 1.200 1.000 1.000 0.900 08/04/2002
4.000 4.000 4.000 3.600 3.400 3.900 3.900 3.900 3.500 3.400 3.900 3.900 3.600 3.500 3.500 3.800 3.600 3.500 3.500 3.500 3.800 3.600 3.500 3.600 3.600 3.800 3.600 3.600 3.600 3.500 09/04/2002
1.200 1.200 1.200 1.200 1.400 1.100 1.100 1.100 1.400 1.400 1.200 1.200 1.400 1.400 1.400 1.300 1.500 1.400 1.400 1.400 1.300 1.500 1.400 1.400 1.400 1.300 1.500 1.400 1.400 1.400 10/04/2002
1.100 1.100 1.100 0.900 0.800 1.100 1.000 1.100 0.900 0.900 1.100 1.100 0.900 0.900 0.900 0.800 0.600 0.900 0.900 0.900 0.700 0.600 0.900 0.900 0.900 0.700 0.600 0.900 0.900 0.900 11/04/2002
2.900 2.900 2.900 2.100 1.600 2.800 2.800 2.800 1.700 1.600 2.800 2.800 1.700 1.700 1.600 2.400 1.900 1.700 1.700 1.700 2.400 1.900 1.700 1.700 1.700 2.400 1.900 1.700 1.700 1.700 12/04/2002
2.100 2.000 2.000 1.700 1.200 2.000 1.900 2.000 1.500 1.300 2.000 2.000 1.500 1.400 1.300 2.200 2.400 1.500 1.400 1.400 2.300 2.400 1.400 1.500 1.500 2.300 2.400 1.500 1.500 1.400 13/04/2002
2.700 2.700 2.600 2.500 1.900 2.600 2.500 2.600 2.100 1.900 2.600 2.600 2.200 2.100 2.000 2.700 2.700 2.100 2.100 2.100 2.700 2.700 2.100 2.200 2.200 2.800 2.800 2.200 2.200 2.100 14/04/2002
2.200 2.200 2.200 2.100 1.600 2.200 2.200 2.200 1.800 1.700 2.200 2.200 1.800 1.800 1.700 2.100 2.200 1.800 1.800 1.800 2.100 2.200 1.800 1.800 1.800 2.100 2.200 1.800 1.800 1.800 15/04/2002
3.100 3.000 3.000 3.000 3.100 3.000 3.000 3.000 2.800 3.200 3.000 3.000 2.800 2.800 3.200 2.500 2.400 2.800 2.800 2.800 2.500 2.400 2.800 2.800 2.800 2.500 2.400 2.900 2.900 2.800 16/04/2002
3.600 3.600 3.600 2.900 2.400 3.500 3.500 3.500 2.900 2.400 3.500 3.500 2.900 2.900 2.400 3.300 3.400 2.900 2.900 2.900 3.400 3.400 2.900 2.900 2.900 3.400 3.400 2.900 2.900 2.900 17/04/2002
3.600 3.600 3.500 2.600 2.500 3.500 3.400 3.500 2.900 2.600 3.500 3.500 2.900 2.900 2.600 3.300 3.400 2.900 2.900 2.900 3.300 3.400 2.900 2.900 2.900 3.400 3.400 2.900 2.900 2.900 18/04/2002
3.100 3.100 3.100 2.300 2.100 3.100 3.000 3.100 2.600 2.100 3.100 3.100 2.600 2.600 2.200 3.100 3.200 2.600 2.600 2.600 3.200 3.200 2.600 2.600 2.600 3.200 3.300 2.700 2.700 2.600 19/04/2002
2.800 2.800 2.800 2.800 3.000 2.800 2.700 2.800 3.100 3.000 2.800 2.800 3.100 3.100 3.100 2.900 3.200 3.100 3.100 3.100 2.900 3.200 3.100 3.100 3.100 2.900 3.200 3.100 3.100 3.100 20/04/2002
4.300 4.300 4.300 4.000 4.000 4.300 4.300 4.300 4.100 4.000 4.300 4.300 4.100 4.100 4.000 4.500 4.400 4.100 4.100 4.100 4.500 4.400 4.100 4.100 4.100 4.600 4.400 4.200 4.200 4.100 21/04/2002
4.600 4.600 4.600 2.800 2.100 4.600 4.500 4.600 2.900 2.100 4.600 4.600 2.900 2.900 2.100 4.300 4.300 2.900 2.900 2.900 4.300 4.200 2.900 2.900 2.900 4.400 4.300 2.900 2.900 2.900 22/04/2002
4.800 4.800 4.800 3.600 3.400 4.700 4.700 4.700 3.800 3.500 4.700 4.700 3.800 3.800 3.500 4.600 4.500 3.800 3.800 3.800 4.700 4.500 3.800 3.800 3.800 4.700 4.500 3.900 3.900 3.800 23/04/2002
4.700 4.700 4.600 4.000 2.700 4.600 4.500 4.600 3.600 2.700 4.600 4.600 3.600 3.500 2.700 4.700 4.700 3.600 3.500 3.500 4.800 4.700 3.500 3.600 3.600 4.900 4.700 3.700 3.700 3.500 24/04/2002
5.100 5.100 5.100 4.100 4.100 5.100 5.100 5.100 4.100 4.100 5.100 5.100 4.100 4.100 4.100 4.600 4.600 4.100 4.100 4.100 4.600 4.600 4.100 4.100 4.100 4.600 4.600 4.100 4.100 4.100 25/04/2002
2.700 2.700 2.600 2.200 2.000 2.500 2.400 2.500 2.000 2.100 2.500 2.600 2.000 2.000 2.100 2.400 2.100 2.000 1.900 1.900 2.400 2.100 2.000 2.100 2.100 2.400 2.200 2.200 2.100 1.900 26/04/2002
3.500 3.400 3.400 2.800 3.000 3.400 3.300 3.400 3.300 3.000 3.400 3.400 3.300 3.300 3.100 3.400 3.700 3.300 3.200 3.200 3.500 3.700 3.300 3.300 3.300 3.500 3.800 3.400 3.400 3.200 27/04/2002
1.500 1.500 1.500 1.000 1.600 1.500 1.500 1.500 1.900 1.600 1.500 1.500 1.900 1.900 1.600 2.100 2.600 1.900 1.900 1.900 2.100 2.600 1.900 1.900 1.900 2.100 2.600 1.900 1.900 1.900 28/04/2002
4.000 4.000 4.000 2.500 2.600 3.900 3.900 3.900 2.800 2.600 3.900 3.900 2.800 2.800 2.700 3.100 2.800 2.800 2.700 2.700 3.200 2.800 2.800 2.800 2.800 3.200 2.900 2.800 2.800 2.700 29/04/2002
4.000 3.900 3.900 2.100 2.300 3.800 3.700 3.800 2.800 2.400 3.800 3.800 2.800 2.700 2.400 3.700 3.500 2.800 2.700 2.700 3.800 3.400 2.800 2.800 2.800 3.800 3.500 2.900 2.800 2.700 30/04/2002
1.500 1.500 1.500 1.800 1.400 1.500 1.500 1.500 1.200 1.400 1.500 1.500 1.200 1.200 1.400 1.600 1.300 1.200 1.200 1.200 1.600 1.300 1.200 1.200 1.200 1.600 1.300 1.200 1.200 1.200 01/05/2002
2.800 2.700 2.700 2.200 2.000 2.700 2.600 2.700 2.200 2.100 2.700 2.700 2.200 2.100 2.100 1.700 1.700 2.200 2.100 2.100 1.700 1.700 2.200 2.200 2.200 1.700 1.700 2.300 2.200 2.100 02/05/2002
3.500 3.400 3.400 3.300 3.300 3.400 3.300 3.400 3.000 3.300 3.400 3.400 3.000 3.000 3.400 3.400 3.300 3.000 3.000 3.000 3.400 3.300 3.000 3.000 3.000 3.500 3.300 3.100 3.100 3.000 03/05/2002
2.700 2.700 2.600 1.900 2.500 2.600 2.600 2.600 2.200 2.500 2.600 2.600 2.200 2.200 2.600 2.600 2.600 2.200 2.200 2.200 2.600 2.600 2.200 2.200 2.200 2.600 2.700 2.200 2.200 2.200 04/05/2002
3.400 3.400 3.400 2.900 2.600 3.400 3.400 3.400 2.900 2.700 3.400 3.400 2.900 2.800 2.700 3.100 3.100 2.900 2.800 2.800 3.100 3.100 2.900 2.900 2.900 3.100 3.100 2.900 2.900 2.800 05/05/2002
3.900 3.900 3.900 2.700 2.900 3.900 3.800 3.900 3.000 2.900 3.900 3.900 3.000 3.000 3.000 3.500 3.500 3.000 3.000 3.000 3.500 3.500 3.000 3.100 3.100 3.500 3.500 3.100 3.100 3.000 06/05/2002
2.300 2.300 2.300 2.200 2.000 2.300 2.300 2.300 1.900 2.000 2.300 2.300 1.900 1.900 2.000 2.400 2.300 1.900 1.900 1.900 2.400 2.300 1.900 1.900 1.900 2.400 2.300 1.900 1.900 1.900 07/05/2002
3.200 3.100 3.100 2.500 1.800 3.100 3.100 3.100 1.600 1.800 3.100 3.100 1.600 1.600 1.800 2.500 1.500 1.600 1.600 1.600 2.500 1.500 1.600 1.600 1.600 2.500 1.500 1.700 1.700 1.600 08/05/2002
1.000 1.000 1.000 0.900 0.700 1.000 1.000 1.000 0.800 0.700 1.000 1.000 0.800 0.800 0.800 1.000 1.300 0.800 0.800 0.800 1.000 1.300 0.800 0.800 0.800 1.000 1.300 0.800 0.800 0.800 09/05/2002
0.600 0.600 0.600 0.500 0.700 0.600 0.600 0.600 0.800 0.700 0.600 0.600 0.800 0.800 0.700 0.600 0.800 0.800 0.800 0.800 0.600 0.800 0.800 0.800 0.800 0.700 0.800 0.800 0.800 0.800 10/05/2002
2.700 2.600 2.600 1.600 1.700 2.600 2.600 2.600 1.800 1.700 2.600 2.600 1.800 1.800 1.800 2.500 1.900 1.800 1.800 1.800 2.500 1.900 1.800 1.800 1.800 2.500 2.000 1.800 1.800 1.800 11/05/2002
3.300 3.200 3.200 2.400 2.900 3.200 3.200 3.200 2.700 2.900 3.200 3.200 2.800 2.700 3.000 3.300 3.200 2.800 2.700 2.700 3.300 3.200 2.700 2.800 2.800 3.300 3.200 2.800 2.800 2.700 12/05/2002
4.700 4.700 4.700 3.400 3.200 4.600 4.600 4.600 3.300 3.200 4.700 4.700 3.300 3.200 3.300 4.100 3.800 3.300 3.200 3.200 4.100 3.800 3.300 3.300 3.300 4.000 3.800 3.300 3.300 3.200 13/05/2002
4.300 4.200 4.200 3.300 3.100 4.200 4.100 4.200 3.400 3.100 4.200 4.200 3.400 3.300 3.200 3.800 3.800 3.400 3.300 3.300 3.900 3.800 3.400 3.400 3.400 4.000 3.800 3.400 3.400 3.300 14/05/2002
5.100 5.100 5.100 4.100 3.700 5.100 5.100 5.100 4.000 3.700 5.100 5.100 4.000 3.900 3.700 4.500 4.700 4.000 3.900 3.900 4.500 4.700 4.000 4.000 4.000 4.500 4.700 4.000 4.000 3.900 15/05/2002
7.500 7.600 7.600 6.600 6.100 7.600 7.700 7.600 6.300 6.100 7.600 7.600 6.300 6.300 6.200 6.800 6.600 6.300 6.300 6.300 6.700 6.600 6.300 6.300 6.300 6.600 6.600 6.300 6.300 6.300 16/05/2002
4.100 4.100 4.100 3.800 3.300 4.000 4.000 4.000 3.600 3.400 4.000 4.000 3.600 3.500 3.400 2.700 2.800 3.600 3.500 3.500 2.800 2.800 3.600 3.600 3.600 2.800 2.800 3.700 3.700 3.500 17/05/2002
4.200 4.200 4.200 3.300 3.500 4.100 4.100 4.100 3.500 3.600 4.100 4.200 3.500 3.500 3.600 4.000 3.900 3.500 3.500 3.500 4.000 3.900 3.500 3.500 3.500 4.000 3.900 3.600 3.600 3.500 18/05/2002
2.200 2.200 2.200 1.400 1.800 2.100 2.100 2.100 2.100 1.900 2.100 2.100 2.100 2.100 1.900 2.800 2.800 2.100 2.100 2.100 2.800 2.800 2.100 2.100 2.100 2.800 2.800 2.100 2.100 2.100 19/05/2002
4.300 4.200 4.200 3.900 3.600 4.200 4.100 4.200 4.000 3.700 4.200 4.200 4.000 3.900 3.700 4.400 4.200 4.000 3.900 3.900 4.400 4.200 4.000 4.000 4.000 4.400 4.200 4.000 4.000 3.900 20/05/2002
4.700 4.600 4.600 4.000 3.700 4.600 4.500 4.600 3.600 3.800 4.600 4.600 3.600 3.600 3.800 3.900 3.800 3.600 3.600 3.600 4.000 3.800 3.600 3.600 3.600 4.100 3.800 3.700 3.700 3.600 21/05/2002
1.700 1.700 1.700 1.000 0.900 1.700 1.600 1.700 0.900 0.900 1.700 1.700 1.000 0.900 0.900 1.700 1.100 0.900 0.900 0.900 1.700 1.100 0.900 1.000 1.000 1.700 1.100 1.000 1.000 0.900 22/05/2002
3.500 3.500 3.400 2.000 2.000 3.400 3.300 3.400 2.300 2.000 3.400 3.400 2.300 2.300 2.000 3.700 3.200 2.300 2.300 2.300 3.700 3.200 2.300 2.300 2.300 3.800 3.200 2.400 2.400 2.300 23/05/2002
1.700 1.700 1.700 2.000 1.900 1.700 1.700 1.700 1.500 1.900 1.700 1.700 1.500 1.500 1.900 1.300 1.300 1.500 1.500 1.500 1.300 1.300 1.500 1.500 1.500 1.300 1.300 1.500 1.500 1.500 24/05/2002
2.500 2.500 2.500 2.600 2.400 2.500 2.500 2.500 2.300 2.400 2.500 2.500 2.300 2.300 2.500 3.400 2.900 2.300 2.300 2.300 3.400 2.900 2.300 2.300 2.300 3.500 2.900 2.400 2.300 2.300 25/05/2002
3.200 3.200 3.200 1.800 2.800 3.200 3.200 3.200 2.600 2.800 3.200 3.200 2.600 2.600 2.800 2.400 2.600 2.600 2.600 2.600 2.400 2.600 2.600 2.600 2.600 2.400 2.600 2.600 2.600 2.600 26/05/2002
2.000 2.000 2.000 1.400 1.400 1.900 1.900 1.900 1.500 1.500 1.900 1.900 1.500 1.500 1.500 1.300 1.600 1.500 1.500 1.500 1.300 1.600 1.500 1.500 1.500 1.300 1.700 1.600 1.600 1.500 27/05/2002
1.500 1.500 1.500 1.300 1.200 1.500 1.400 1.500 1.500 1.100 1.500 1.500 1.500 1.500 1.100 1.900 2.400 1.500 1.500 1.500 1.900 2.400 1.500 1.500 1.500 1.900 2.400 1.500 1.500 1.500 28/05/2002
4.300 4.300 4.200 3.100 3.000 4.200 4.200 4.200 3.300 3.000 4.200 4.200 3.300 3.300 3.000 3.700 3.500 3.300 3.300 3.300 3.700 3.500 3.300 3.300 3.300 3.800 3.500 3.400 3.400 3.300 29/05/2002
5.100 5.100 5.100 4.200 4.200 5.100 5.000 5.100 4.400 4.200 5.100 5.100 4.400 4.400 4.300 4.800 4.800 4.400 4.400 4.400 4.800 4.800 4.400 4.500 4.500 4.900 4.800 4.500 4.500 4.400 30/05/2002
6.600 6.600 6.600 5.800 5.900 6.600 6.600 6.600 6.500 5.900 6.600 6.600 6.500 6.500 5.900 6.800 6.600 6.500 6.500 6.500 6.700 6.600 6.500 6.500 6.500 6.700 6.600 6.500 6.500 6.500 31/05/2002
4.900 4.900 4.900 3.400 2.400 4.900 4.900 4.900 2.400 2.400 4.900 4.900 2.400 2.400 2.400 3.700 3.000 2.400 2.400 2.400 3.700 3.000 2.400 2.400 2.400 3.700 3.000 2.400 2.400 2.400 01/06/2002
5.900 5.800 5.800 5.000 4.900 5.700 5.600 5.700 4.800 4.900 5.700 5.700 4.900 4.800 5.000 5.100 4.900 4.800 4.800 4.800 5.100 4.900 4.800 4.900 4.900 5.100 4.900 4.900 4.900 4.800 02/06/2002
3.500 3.400 3.400 3.000 2.500 3.300 3.300 3.300 2.800 2.500 3.400 3.400 2.900 2.800 2.600 3.100 2.400 2.900 2.800 2.800 3.200 2.400 2.800 2.900 2.900 3.300 2.400 2.900 2.900 2.800 03/06/2002
1.200 1.200 1.200 1.200 1.000 1.200 1.200 1.200 1.000 1.000 1.200 1.200 1.000 1.000 1.000 1.100 1.000 1.000 1.000 1.000 1.100 1.000 1.000 1.000 1.000 1.100 1.000 1.000 1.000 1.000 04/06/2002
1.600 1.600 1.600 1.100 1.000 1.600 1.600 1.600 1.100 1.000 1.600 1.600 1.100 1.100 1.000 1.600 1.400 1.100 1.100 1.100 1.600 1.400 1.100 1.100 1.100 1.600 1.400 1.100 1.100 1.100 05/06/2002
4.200 4.100 4.100 3.700 3.000 4.100 4.000 4.100 3.200 3.000 4.100 4.100 3.300 3.200 3.000 3.900 3.500 3.300 3.200 3.200 4.000 3.500 3.200 3.300 3.300 4.100 3.500 3.300 3.300 3.200 06/06/2002
4.100 4.000 4.000 3.400 3.000 3.900 3.800 3.900 3.300 3.000 3.900 3.900 3.400 3.300 3.100 3.400 3.700 3.400 3.300 3.300 3.400 3.700 3.300 3.400 3.400 3.500 3.700 3.500 3.500 3.300 07/06/2002
3.400 3.400 3.400 3.100 2.300 3.300 3.200 3.300 2.800 2.400 3.300 3.300 2.800 2.700 2.400 3.000 2.800 2.800 2.700 2.700 3.100 2.800 2.800 2.800 2.800 3.100 2.900 2.900 2.900 2.700 08/06/2002
3.400 3.400 3.300 1.800 1.900 3.300 3.200 3.300 1.900 1.900 3.300 3.300 1.900 1.900 1.900 3.000 2.500 1.900 1.800 1.900 3.000 2.500 1.900 1.900 1.900 3.000 2.500 1.900 1.900 1.800 09/06/2002
3.600 3.600 3.600 2.600 2.600 3.500 3.500 3.500 3.000 2.600 3.500 3.500 3.000 3.000 2.700 3.700 4.000 3.000 3.000 3.000 3.700 4.000 3.000 3.000 3.000 3.800 4.000 3.100 3.100 3.000 10/06/2002
2.700 2.700 2.600 1.600 1.500 2.600 2.600 2.600 2.100 1.500 2.600 2.600 2.100 2.100 1.500 3.000 3.500 2.100 2.100 2.100 3.000 3.500 2.100 2.100 2.100 3.100 3.600 2.200 2.100 2.100 11/06/2002
5.300 5.200 5.200 4.600 4.100 5.200 5.200 5.200 4.600 4.100 5.200 5.200 4.600 4.600 4.200 5.200 5.200 4.600 4.600 4.600 5.200 5.200 4.600 4.600 4.600 5.200 5.200 4.700 4.700 4.600 12/06/2002
5.600 5.500 5.500 4.900 4.900 5.400 5.300 5.400 5.100 5.000 5.400 5.500 5.100 5.000 5.000 5.200 5.200 5.100 5.000 5.000 5.300 5.200 5.100 5.100 5.200 5.400 5.200 5.200 5.200 5.000 13/06/2002
7.100 7.100 7.000 6.400 5.800 7.000 7.000 7.000 6.300 5.800 7.000 7.000 6.300 6.300 5.900 7.100 7.400 6.300 6.300 6.300 7.100 7.400 6.300 6.300 6.300 7.000 7.400 6.400 6.300 6.300 14/06/2002
5.000 4.900 4.900 3.200 2.900 4.800 4.800 4.800 3.300 3.000 4.900 4.900 3.400 3.300 3.000 4.900 4.500 3.400 3.300 3.300 5.000 4.500 3.300 3.400 3.400 5.100 4.500 3.500 3.400 3.300 15/06/2002
5.800 5.800 5.700 4.900 2.900 5.600 5.500 5.600 4.100 2.900 5.700 5.700 4.100 4.100 3.000 5.100 4.800 4.100 4.000 4.000 5.100 4.800 4.100 4.100 4.100 5.200 4.800 4.200 4.200 4.000 16/06/2002
6.100 6.100 6.100 5.700 5.500 6.100 6.100 6.100 6.000 5.500 6.100 6.100 6.000 5.900 5.500 6.400 6.400 6.000 5.900 5.900 6.500 6.400 6.000 6.000 6.000 6.400 6.400 6.000 6.000 5.900 17/06/2002
5.400 5.300 5.300 5.600 5.300 5.200 5.100 5.200 5.300 5.300 5.200 5.200 5.300 5.300 5.300 4.600 4.600 5.300 5.200 5.300 4.700 4.600 5.300 5.300 5.300 4.800 4.600 5.400 5.400 5.200 18/06/2002
4.300 4.300 4.300 2.700 3.600 4.300 4.300 4.300 3.700 3.600 4.300 4.300 3.700 3.700 3.700 4.200 4.500 3.700 3.700 3.700 4.200 4.500 3.700 3.700 3.700 4.300 4.600 3.800 3.800 3.700 19/06/2002
4.200 4.200 4.200 3.500 3.500 4.100 4.100 4.100 3.900 3.500 4.100 4.100 3.900 3.900 3.600 4.700 4.500 3.900 3.900 3.900 4.700 4.500 3.900 3.900 3.900 4.800 4.500 4.000 3.900 3.900 20/06/2002
5.500 5.400 5.400 5.200 5.000 5.300 5.300 5.300 4.800 5.000 5.400 5.400 4.800 4.700 5.100 4.800 4.600 4.800 4.700 4.700 4.800 4.600 4.800 4.800 4.800 4.900 4.600 4.900 4.800 4.700 21/06/2002
6.300 6.200 6.200 5.400 5.600 6.200 6.100 6.200 5.700 5.700 6.200 6.200 5.800 5.700 5.700 5.800 5.700 5.800 5.700 5.700 5.800 5.700 5.700 5.800 5.800 5.900 5.700 5.800 5.800 5.700 22/06/2002
4.700 4.700 4.700 4.200 4.600 4.700 4.600 4.700 4.300 4.600 4.700 4.700 4.300 4.300 4.600 4.200 4.200 4.300 4.300 4.300 4.200 4.200 4.300 4.300 4.300 4.200 4.200 4.300 4.300 4.300 23/06/2002
6.400 6.400 6.400 5.700 4.800 6.400 6.400 6.400 5.400 4.800 6.400 6.400 5.400 5.400 4.900 6.100 6.200 5.400 5.400 5.400 6.100 6.100 5.400 5.500 5.500 6.200 6.200 5.500 5.500 5.400 24/06/2002
6.500 6.500 6.400 6.000 6.300 6.400 6.300 6.400 6.700 6.300 6.400 6.400 6.700 6.700 6.400 6.700 7.200 6.700 6.600 6.700 6.800 7.200 6.700 6.800 6.800 6.900 7.200 6.800 6.800 6.700 25/06/2002
6.900 6.900 7.000 6.100 5.600 7.000 7.100 7.000 6.300 5.600 7.000 7.000 6.300 6.300 5.600 6.600 6.600 6.300 6.300 6.300 6.600 6.600 6.300 6.300 6.300 6.600 6.600 6.200 6.200 6.300 26/06/2002
5.900 5.900 5.900 4.000 3.700 5.900 5.900 5.900 4.300 3.700 5.900 5.900 4.300 4.300 3.700 5.800 5.600 4.300 4.300 4.300 5.800 5.600 4.300 4.300 4.300 5.700 5.600 4.300 4.300 4.300 27/06/2002
6.100 6.100 6.100 5.000 4.900 6.000 6.000 6.000 5.200 5.000 6.000 6.000 5.200 5.200 5.000 5.700 5.400 5.200 5.200 5.200 5.700 5.400 5.200 5.200 5.200 5.700 5.400 5.300 5.300 5.200 28/06/2002
6.000 6.000 6.100 4.700 4.800 6.100 6.100 6.100 4.800 4.800 6.100 6.100 4.800 4.800 4.800 5.200 5.200 4.800 4.800 4.800 5.100 5.200 4.800 4.800 4.800 5.100 5.100 4.800 4.800 4.800 29/06/2002
5.300 5.300 5.300 4.800 4.800 5.300 5.200 5.300 3.700 4.800 5.300 5.300 3.700 3.700 4.800 3.900 3.100 3.700 3.700 3.700 3.900 3.100 3.700 3.800 3.800 3.900 3.100 3.800 3.800 3.700 30/06/2002
4.700 4.700 4.600 3.600 3.700 4.600 4.500 4.600 3.900 3.800 4.600 4.600 3.900 3.900 3.800 4.300 4.100 3.900 3.800 3.800 4.300 4.100 3.900 3.900 3.900 4.400 4.100 4.000 4.000 3.800 01/07/2002
3.200 3.100 3.100 2.600 2.500 3.100 3.000 3.100 2.700 2.500 3.100 3.100 2.700 2.700 2.600 3.300 3.600 2.700 2.700 2.700 3.300 3.600 2.700 2.800 2.800 3.400 3.600 2.800 2.800 2.700 02/07/2002
2.700 2.600 2.600 2.000 1.600 2.600 2.600 2.600 2.000 1.600 2.600 2.600 2.100 2.000 1.600 2.400 2.400 2.000 2.000 2.000 2.400 2.400 2.000 2.100 2.100 2.400 2.400 2.100 2.100 2.000 03/07/2002
4.700 4.700 4.700 4.300 4.200 4.600 4.600 4.600 4.300 4.200 4.600 4.600 4.300 4.300 4.300 4.600 4.600 4.300 4.200 4.200 4.600 4.600 4.300 4.300 4.300 4.600 4.600 4.300 4.300 4.200 04/07/2002
1.700 1.700 1.700 1.400 1.600 1.700 1.700 1.700 1.700 1.600 1.700 1.700 1.700 1.700 1.600 1.500 2.200 1.700 1.700 1.700 1.500 2.200 1.700 1.700 1.700 1.500 2.300 1.700 1.700 1.700 05/07/2002
3.900 3.900 3.900 3.900 3.900 3.900 3.800 3.900 4.500 4.000 3.900 3.900 4.600 4.500 4.000 4.600 4.100 4.600 4.500 4.500 4.600 4.100 4.500 4.600 4.600 4.600 4.100 4.700 4.600 4.500 06/07/2002
5.400 5.300 5.300 4.500 4.100 5.300 5.200 5.300 4.400 4.200 5.300 5.300 4.500 4.400 4.200 4.700 4.800 4.400 4.400 4.400 4.800 4.700 4.400 4.500 4.500 4.900 4.800 4.500 4.500 4.400 07/07/2002
4.900 4.900 4.900 5.000 4.900 4.800 4.800 4.800 4.600 4.900 4.800 4.900 4.600 4.500 5.000 3.100 3.900 4.600 4.500 4.500 3.100 3.900 4.600 4.600 4.600 3.200 3.900 4.700 4.700 4.500 08/07/2002
2.400 2.400 2.400 2.100 1.800 2.400 2.400 2.400 2.000 1.800 2.400 2.400 2.000 2.000 1.800 1.900 2.500 2.000 2.000 2.000 1.900 2.500 2.000 2.100 2.100 2.000 2.500 2.100 2.100 2.000 09/07/2002
2.900 2.900 2.900 2.500 3.000 2.800 2.700 2.800 3.000 3.000 2.800 2.800 3.000 3.000 3.100 2.500 3.200 3.000 2.900 2.900 2.500 3.200 3.000 3.000 3.000 2.500 3.200 3.000 3.000 2.900 10/07/2002
4.800 4.800 4.700 3.900 3.600 4.700 4.600 4.700 3.800 3.600 4.700 4.700 3.800 3.800 3.600 4.300 4.200 3.800 3.800 3.800 4.300 4.200 3.800 3.800 3.800 4.400 4.200 3.900 3.800 3.800 11/07/2002
2.900 2.900 2.900 2.700 3.000 2.900 2.800 2.900 2.600 3.100 2.900 2.900 2.600 2.600 3.100 2.400 2.300 2.600 2.500 2.500 2.400 2.300 2.600 2.600 2.600 2.400 2.300 2.600 2.600 2.500 12/07/2002
5.200 5.100 5.100 3.900 3.300 5.000 5.000 5.000 4.200 3.400 5.100 5.100 4.200 4.200 3.400 4.400 4.300 4.200 4.100 4.100 4.400 4.200 4.200 4.200 4.200 4.500 4.300 4.300 4.300 4.100 13/07/2002
5.700 5.700 5.600 4.400 4.100 5.600 5.500 5.600 4.300 4.100 5.600 5.600 4.400 4.300 4.200 4.800 5.000 4.300 4.300 4.300 4.900 5.000 4.300 4.400 4.400 4.900 5.000 4.500 4.400 4.300 14/07/2002
4.900 4.900 4.800 4.200 2.500 4.800 4.700 4.800 3.200 2.500 4.800 4.800 3.200 3.200 2.500 4.800 4.100 3.200 3.200 3.200 4.900 4.100 3.200 3.200 3.200 4.900 4.200 3.300 3.300 3.200 15/07/2002
4.500 4.500 4.500 4.200 3.600 4.400 4.400 4.400 3.600 3.600 4.400 4.400 3.600 3.500 3.700 4.200 4.100 3.600 3.500 3.500 4.200 4.100 3.600 3.600 3.600 4.200 4.100 3.700 3.600 3.500 16/07/2002
5.800 5.800 5.700 4.500 4.800 5.700 5.600 5.700 5.000 4.800 5.700 5.700 5.000 4.900 4.900 5.300 5.300 5.000 4.900 4.900 5.400 5.300 5.000 5.000 5.000 5.400 5.300 5.100 5.000 4.900 17/07/2002
6.100 6.100 6.100 4.400 4.700 6.100 6.100 6.100 4.500 4.700 6.100 6.100 4.500 4.500 4.800 5.100 4.900 4.500 4.500 4.500 5.100 4.900 4.500 4.500 4.500 5.100 4.900 4.500 4.500 4.500 18/07/2002
6.900 6.900 6.800 6.200 5.100 6.800 6.800 6.800 5.500 5.100 6.800 6.800 5.500 5.500 5.100 6.400 6.600 5.500 5.500 5.500 6.400 6.600 5.500 5.500 5.500 6.400 6.600 5.600 5.600 5.500 19/07/2002
7.000 6.900 6.900 5.400 4.500 6.900 6.900 6.900 5.400 4.500 6.900 6.900 5.400 5.400 4.600 6.200 5.800 5.400 5.400 5.400 6.300 5.800 5.400 5.400 5.400 6.300 5.800 5.400 5.400 5.400 20/07/2002
6.400 6.300 6.300 5.100 5.100 6.200 6.200 6.200 5.500 5.100 6.300 6.300 5.500 5.500 5.100 5.900 6.100 5.500 5.500 5.500 6.000 6.100 5.500 5.600 5.600 6.100 6.100 5.600 5.600 5.500 21/07/2002
7.300 7.300 7.200 6.700 6.900 7.200 7.100 7.200 7.200 6.900 7.200 7.200 7.200 7.200 7.000 7.200 7.200 7.200 7.200 7.200 7.200 7.200 7.200 7.200 7.200 7.200 7.200 7.200 7.200 7.200 22/07/2002
6.500 6.400 6.400 5.700 5.300 6.400 6.400 6.400 5.900 5.300 6.400 6.400 5.900 5.900 5.400 6.200 6.600 5.900 5.800 5.800 6.200 6.500 5.900 5.900 6.000 6.300 6.600 6.000 6.000 5.800 23/07/2002
4.000 3.900 3.900 3.700 2.500 3.900 3.800 3.900 3.200 2.600 3.900 3.900 3.200 3.100 2.600 3.700 3.100 3.200 3.100 3.100 3.700 3.100 3.200 3.200 3.200 3.800 3.100 3.300 3.200 3.100 24/07/2002
3.700 3.700 3.600 3.300 3.200 3.600 3.600 3.600 3.200 3.300 3.600 3.600 3.200 3.100 3.300 3.500 3.300 3.200 3.100 3.100 3.500 3.300 3.200 3.200 3.200 3.600 3.300 3.200 3.200 3.100 25/07/2002
4.400 4.400 4.400 4.100 4.300 4.400 4.400 4.400 4.300 4.300 4.400 4.400 4.300 4.200 4.400 4.400 4.100 4.300 4.200 4.200 4.400 4.000 4.300 4.300 4.300 4.400 4.100 4.300 4.300 4.200 26/07/2002
6.200 6.200 6.200 5.700 6.200 6.200 6.100 6.200 6.200 6.200 6.200 6.200 6.200 6.100 6.200 6.100 6.100 6.200 6.100 6.100 6.200 6.100 6.200 6.200 6.200 6.200 6.100 6.200 6.200 6.100 27/07/2002
5.800 5.800 5.700 4.800 5.400 5.700 5.700 5.700 5.600 5.500 5.700 5.700 5.700 5.600 5.500 5.700 5.800 5.700 5.600 5.600 5.700 5.800 5.600 5.700 5.700 5.800 5.900 5.700 5.700 5.600 28/07/2002
5.400 5.400 5.400 4.900 4.700 5.400 5.400 5.400 4.400 4.700 5.400 5.400 4.400 4.400 4.700 4.600 4.100 4.400 4.300 4.300 4.600 4.200 4.400 4.400 4.400 4.600 4.100 4.400 4.400 4.300 29/07/2002
1.900 1.900 1.900 1.400 1.900 1.900 1.800 1.900 1.600 2.000 1.900 1.900 1.600 1.500 2.000 1.800 1.500 1.600 1.500 1.500 1.700 1.500 1.600 1.600 1.600 1.700 1.600 1.600 1.600 1.500 30/07/2002
4.800 4.700 4.700 3.400 3.300 4.600 4.600 4.600 4.400 3.300 4.600 4.700 4.400 4.300 3.400 4.700 4.500 4.400 4.300 4.300 4.800 4.500 4.400 4.400 4.400 4.900 4.600 4.400 4.400 4.300 31/07/2002
