# 6448 6449 6450 6451 6452 6528 6529 6530 6531 6532 6610 6611 6612 6613 6614 6693 6694 6695 6696 6697 6776 6777 6778 6779 6780 6859 6860 6861 6862 6863 Date
6.900 7.000 7.000 4.800 5.000 7.000 7.100 7.000 4.800 5.000 7.000 7.000 4.800 4.800 4.900 5.900 5.800 4.800 4.800 4.800 5.900 5.800 4.800 4.800 4.800 5.800 5.800 4.800 4.800 4.800 01/08/2000
4.900 4.900 4.800 3.600 3.700 4.800 4.700 4.800 4.000 3.700 4.800 4.800 4.000 3.900 3.800 4.600 4.600 4.000 3.900 3.900 4.600 4.500 4.000 4.000 4.000 4.700 4.600 4.000 4.000 3.900 02/08/2000
3.900 3.800 3.800 3.900 3.500 3.800 3.700 3.800 3.900 3.500 3.800 3.800 4.000 3.900 3.600 3.900 3.700 3.900 3.900 3.900 3.900 3.700 3.900 4.000 4.000 3.900 3.700 4.000 4.000 3.900 03/08/2000
4.100 4.100 4.100 2.200 3.300 4.000 4.000 4.000 3.500 3.300 4.100 4.100 3.500 3.500 3.400 2.900 4.100 3.500 3.500 3.500 2.900 4.100 3.500 3.500 3.500 3.000 4.200 3.600 3.600 3.500 04/08/2000
4.000 4.000 4.000 3.900 2.900 3.900 3.900 3.900 3.100 3.000 3.900 3.900 3.100 3.100 3.000 3.600 3.600 3.100 3.100 3.100 3.600 3.600 3.100 3.100 3.100 3.600 3.600 3.200 3.200 3.100 05/08/2000
4.800 4.800 4.700 3.500 3.600 4.700 4.600 4.700 4.000 3.600 4.700 4.700 4.000 3.900 3.700 4.300 4.300 4.000 3.900 3.900 4.400 4.300 4.000 4.000 4.000 4.500 4.300 4.100 4.000 3.900 06/08/2000
4.600 4.600 4.500 3.800 4.000 4.500 4.400 4.500 4.100 4.000 4.500 4.500 4.100 4.000 4.100 4.500 4.500 4.100 4.000 4.000 4.500 4.500 4.100 4.100 4.100 4.600 4.500 4.200 4.200 4.000 07/08/2000
5.300 5.300 5.300 3.600 3.000 5.200 5.200 5.200 3.100 3.100 5.200 5.200 3.100 3.100 3.100 4.000 3.500 3.100 3.100 3.100 4.100 3.500 3.100 3.200 3.200 4.100 3.500 3.200 3.200 3.100 08/08/2000
5.800 5.800 5.700 5.500 5.300 5.700 5.700 5.700 5.700 5.300 5.700 5.700 5.700 5.700 5.300 5.700 5.700 5.700 5.600 5.700 5.700 5.700 5.700 5.700 5.700 5.800 5.700 5.800 5.800 5.600 09/08/2000
6.500 6.500 6.400 5.800 6.200 6.400 6.400 6.400 6.200 6.300 6.400 6.400 6.200 6.200 6.300 6.300 6.400 6.200 6.200 6.200 6.400 6.400 6.200 6.200 6.200 6.400 6.400 6.300 6.300 6.200 10/08/2000
6.200 6.100 6.100 5.600 5.400 6.100 6.100 6.100 4.900 5.400 6.100 6.100 4.900 4.900 5.400 4.800 4.300 4.900 4.900 4.900 4.800 4.300 4.900 4.900 4.900 4.900 4.300 5.000 5.000 4.900 11/08/2000
4.600 4.600 4.500 2.500 2.900 4.500 4.400 4.500 3.200 3.000 4.500 4.500 3.200 3.200 3.000 4.300 3.900 3.200 3.200 3.200 4.300 3.900 3.200 3.200 3.200 4.300 3.900 3.300 3.300 3.200 12/08/2000
4.700 4.600 4.600 3.900 3.800 4.600 4.500 4.600 4.100 3.800 4.600 4.600 4.100 4.100 3.900 4.500 4.300 4.100 4.100 4.100 4.600 4.300 4.100 4.100 4.100 4.600 4.400 4.200 4.200 4.100 13/08/2000
3.700 3.700 3.700 3.300 4.000 3.700 3.600 3.700 3.900 4.000 3.700 3.700 3.900 3.800 4.100 3.500 3.800 3.900 3.800 3.800 3.500 3.800 3.900 3.900 3.900 3.500 3.800 3.900 3.900 3.800 14/08/2000
5.200 5.100 5.100 5.000 4.000 5.000 4.900 5.000 4.300 4.100 5.000 5.100 4.300 4.300 4.100 4.800 4.900 4.300 4.300 4.300 4.800 4.900 4.300 4.400 4.400 4.900 4.900 4.400 4.400 4.300 15/08/2000
5.400 5.300 5.300 4.900 4.500 5.300 5.200 5.300 4.700 4.500 5.300 5.300 4.700 4.700 4.500 5.100 4.900 4.700 4.600 4.600 5.100 4.900 4.700 4.700 4.700 5.200 4.900 4.800 4.800 4.600 16/08/2000
4.100 4.100 4.000 3.700 3.700 4.000 4.000 4.000 3.800 3.700 4.000 4.000 3.800 3.800 3.700 4.000 4.000 3.800 3.800 3.800 4.100 4.000 3.800 3.800 3.900 4.100 4.000 3.900 3.900 3.800 17/08/2000
4.700 4.700 4.600 3.500 3.400 4.600 4.600 4.600 3.600 3.400 4.600 4.600 3.600 3.600 3.500 4.200 4.000 3.600 3.500 3.500 4.200 4.000 3.600 3.600 3.600 4.200 4.000 3.700 3.700 3.500 18/08/2000
3.600 3.600 3.600 3.300 3.500 3.600 3.600 3.600 3.500 3.500 3.600 3.600 3.500 3.500 3.600 3.400 3.600 3.500 3.500 3.500 3.400 3.500 3.500 3.500 3.500 3.400 3.600 3.500 3.500 3.500 19/08/2000
4.700 4.700 4.600 3.700 2.500 4.600 4.500 4.600 3.800 2.500 4.600 4.600 3.800 3.800 2.600 4.400 4.500 3.800 3.700 3.700 4.400 4.500 3.800 3.800 3.800 4.500 4.500 3.900 3.900 3.700 20/08/2000
1.900 1.900 1.900 1.700 1.300 1.800 1.800 1.800 1.800 1.300 1.800 1.800 1.800 1.800 1.300 2.000 2.200 1.800 1.700 1.800 2.100 2.200 1.800 1.800 1.800 2.100 2.200 1.900 1.900 1.700 21/08/2000
5.000 5.000 5.000 4.300 4.100 4.900 4.900 4.900 4.300 4.200 4.900 4.900 4.400 4.300 4.200 4.600 4.400 4.300 4.300 4.300 4.600 4.400 4.300 4.400 4.400 4.700 4.500 4.400 4.400 4.300 22/08/2000
6.000 6.000 6.000 5.500 5.600 6.100 6.100 6.100 5.400 5.600 6.000 6.000 5.500 5.400 5.600 5.800 5.400 5.400 5.400 5.400 5.800 5.400 5.400 5.500 5.500 5.800 5.500 5.500 5.500 5.400 23/08/2000
6.200 6.200 6.200 5.800 5.600 6.200 6.100 6.200 5.500 5.600 6.200 6.200 5.600 5.500 5.600 5.400 5.100 5.600 5.500 5.500 5.400 5.100 5.500 5.600 5.600 5.500 5.100 5.600 5.600 5.500 24/08/2000
6.300 6.300 6.400 4.800 5.600 6.400 6.500 6.400 5.600 5.600 6.400 6.400 5.600 5.600 5.600 5.500 5.100 5.600 5.600 5.600 5.500 5.100 5.600 5.600 5.600 5.400 5.100 5.500 5.600 5.600 25/08/2000
3.100 3.100 3.100 1.600 1.200 3.000 2.900 3.000 1.100 1.200 3.000 3.000 1.200 1.100 1.200 2.600 1.700 1.200 1.100 1.100 2.700 1.700 1.100 1.200 1.200 2.700 1.800 1.200 1.200 1.100 26/08/2000
3.600 3.600 3.600 3.600 3.400 3.500 3.500 3.500 3.600 3.500 3.500 3.500 3.600 3.600 3.500 3.500 3.300 3.600 3.500 3.500 3.500 3.200 3.600 3.600 3.600 3.600 3.300 3.600 3.600 3.500 27/08/2000
4.200 4.100 4.100 3.100 2.900 4.100 4.000 4.100 3.300 2.900 4.100 4.100 3.300 3.200 2.900 3.900 3.800 3.300 3.200 3.200 3.900 3.800 3.300 3.300 3.300 4.000 3.800 3.300 3.300 3.200 28/08/2000
4.600 4.600 4.600 2.900 2.200 4.600 4.600 4.600 2.700 2.200 4.600 4.600 2.700 2.700 2.200 3.900 3.600 2.700 2.700 2.700 3.900 3.600 2.700 2.700 2.700 4.000 3.600 2.800 2.700 2.700 29/08/2000
1.600 1.600 1.600 1.900 2.200 1.500 1.500 1.500 2.100 2.200 1.500 1.600 2.200 2.100 2.300 2.300 2.500 2.200 2.100 2.100 2.400 2.500 2.100 2.200 2.200 2.400 2.500 2.200 2.200 2.100 30/08/2000
3.400 3.400 3.300 2.500 2.300 3.300 3.200 3.300 2.800 2.300 3.300 3.300 2.800 2.800 2.400 3.800 4.000 2.800 2.800 2.800 3.900 4.000 2.800 2.800 2.900 4.000 4.100 2.900 2.900 2.800 31/08/2000
3.000 2.900 2.900 1.700 1.600 2.900 2.800 2.900 1.700 1.600 2.900 2.900 1.700 1.600 1.600 2.200 2.800 1.700 1.600 1.600 2.300 2.800 1.700 1.700 1.700 2.300 2.800 1.700 1.700 1.600 01/09/2000
4.200 4.200 4.200 3.200 3.100 4.100 4.000 4.100 3.400 3.200 4.100 4.100 3.400 3.400 3.200 3.500 3.200 3.400 3.300 3.300 3.500 3.200 3.400 3.400 3.400 3.600 3.200 3.500 3.400 3.300 02/09/2000
2.600 2.600 2.600 2.300 2.400 2.500 2.500 2.500 2.300 2.400 2.500 2.500 2.400 2.300 2.500 2.500 2.400 2.300 2.300 2.300 2.600 2.400 2.300 2.400 2.400 2.700 2.500 2.400 2.400 2.300 03/09/2000
4.000 4.000 3.900 3.100 3.000 3.900 3.800 3.900 3.500 3.100 3.900 3.900 3.500 3.400 3.100 3.900 4.000 3.500 3.400 3.400 3.900 4.000 3.400 3.500 3.500 4.000 4.100 3.600 3.500 3.400 04/09/2000
4.100 4.100 4.100 3.300 3.200 4.100 4.000 4.100 3.500 3.200 4.100 4.100 3.500 3.500 3.200 4.000 4.100 3.500 3.500 3.500 4.000 4.100 3.500 3.500 3.500 4.000 4.100 3.600 3.600 3.500 05/09/2000
3.900 3.900 3.900 2.000 1.900 3.800 3.800 3.800 2.500 2.000 3.800 3.800 2.500 2.500 2.000 3.400 3.300 2.500 2.500 2.500 3.500 3.200 2.500 2.500 2.500 3.500 3.300 2.600 2.600 2.500 06/09/2000
3.700 3.700 3.700 3.100 2.900 3.600 3.600 3.600 3.400 2.900 3.600 3.600 3.400 3.400 2.900 3.800 4.000 3.400 3.400 3.400 3.900 4.000 3.400 3.400 3.400 4.000 4.100 3.400 3.400 3.400 07/09/2000
4.800 4.700 4.700 4.000 4.400 4.700 4.700 4.700 4.400 4.400 4.700 4.700 4.500 4.400 4.500 4.700 4.700 4.400 4.400 4.400 4.700 4.700 4.400 4.500 4.500 4.700 4.700 4.500 4.500 4.400 08/09/2000
5.100 5.100 5.100 4.400 4.700 5.100 5.100 5.100 4.900 4.700 5.100 5.100 4.900 4.900 4.800 4.900 5.100 4.900 4.900 4.900 4.900 5.100 4.900 5.000 5.000 4.900 5.100 5.000 5.000 4.900 09/09/2000
5.300 5.300 5.300 4.800 4.900 5.300 5.300 5.300 5.300 4.900 5.300 5.300 5.300 5.300 5.000 5.100 5.100 5.300 5.200 5.200 5.100 5.100 5.300 5.300 5.300 5.100 5.100 5.300 5.300 5.200 10/09/2000
5.100 5.100 5.100 4.400 4.100 5.100 5.100 5.100 4.500 4.200 5.100 5.100 4.500 4.500 4.200 4.700 4.500 4.500 4.500 4.500 4.700 4.500 4.500 4.500 4.500 4.800 4.500 4.600 4.600 4.500 11/09/2000
2.400 2.300 2.300 2.500 2.700 2.300 2.200 2.300 2.600 2.700 2.300 2.300 2.600 2.500 2.800 1.900 2.400 2.600 2.500 2.500 2.000 2.400 2.600 2.600 2.600 2.000 2.400 2.600 2.600 2.500 12/09/2000
4.000 4.000 4.000 2.600 2.600 3.900 3.900 3.900 2.900 2.700 3.900 3.900 2.900 2.900 2.700 3.700 3.600 2.900 2.900 2.900 3.800 3.600 2.900 2.900 2.900 3.800 3.700 3.000 3.000 2.900 13/09/2000
4.200 4.100 4.100 3.700 3.600 4.000 3.900 4.000 3.800 3.600 4.000 4.000 3.800 3.800 3.700 4.000 4.000 3.800 3.700 3.700 4.000 4.000 3.800 3.800 3.800 4.000 4.000 3.900 3.900 3.700 14/09/2000
4.600 4.600 4.500 4.300 3.000 4.500 4.500 4.500 3.700 3.000 4.500 4.500 3.700 3.700 3.100 4.500 4.200 3.700 3.600 3.600 4.500 4.100 3.700 3.700 3.700 4.600 4.200 3.800 3.800 3.600 15/09/2000
4.000 3.900 3.900 2.300 2.600 3.800 3.800 3.800 3.100 2.700 3.900 3.900 3.100 3.100 2.700 4.000 3.900 3.100 3.100 3.100 4.100 3.900 3.100 3.100 3.100 4.100 3.900 3.200 3.200 3.100 16/09/2000
3.300 3.300 3.300 2.900 2.600 3.200 3.200 3.200 2.700 2.600 3.200 3.300 2.700 2.700 2.600 3.100 3.000 2.700 2.700 2.700 3.100 3.000 2.700 2.700 2.700 3.100 3.100 2.800 2.700 2.700 17/09/2000
3.300 3.200 3.200 2.700 2.500 3.200 3.200 3.200 2.600 2.500 3.200 3.200 2.600 2.600 2.500 2.800 2.800 2.600 2.600 2.600 2.800 2.800 2.600 2.600 2.600 2.800 2.800 2.600 2.600 2.600 18/09/2000
0.900 0.900 0.900 0.700 0.700 0.900 0.900 0.900 0.800 0.700 0.900 0.900 0.900 0.800 0.800 1.000 0.900 0.900 0.800 0.800 1.000 0.900 0.800 0.900 0.900 1.000 0.900 0.900 0.900 0.800 19/09/2000
2.800 2.700 2.700 1.800 1.600 2.700 2.600 2.700 1.800 1.700 2.700 2.700 1.900 1.800 1.700 2.100 1.800 1.900 1.800 1.800 2.100 1.800 1.800 1.900 1.900 2.200 1.900 1.900 1.900 1.800 20/09/2000
2.700 2.700 2.700 2.300 2.300 2.700 2.700 2.700 2.200 2.300 2.700 2.700 2.300 2.200 2.300 2.800 2.700 2.200 2.200 2.200 2.800 2.700 2.200 2.300 2.300 2.800 2.700 2.300 2.300 2.200 21/09/2000
4.100 4.100 4.100 3.700 3.700 4.100 4.000 4.100 4.000 3.700 4.100 4.100 4.000 3.900 3.700 3.800 3.900 4.000 3.900 3.900 3.800 3.900 4.000 4.000 4.000 3.900 3.900 4.000 4.000 3.900 22/09/2000
4.600 4.600 4.600 3.200 3.100 4.600 4.600 4.600 2.900 3.100 4.600 4.600 2.900 2.900 3.200 3.700 3.100 2.900 2.900 2.900 3.700 3.100 2.900 2.900 2.900 3.600 3.100 2.900 2.900 2.900 23/09/2000
2.800 2.800 2.800 2.400 2.100 2.800 2.700 2.800 2.300 2.100 2.800 2.800 2.300 2.300 2.100 2.400 2.400 2.300 2.300 2.300 2.400 2.400 2.300 2.300 2.300 2.400 2.400 2.400 2.400 2.300 24/09/2000
3.000 3.000 3.000 2.400 2.300 3.000 3.000 3.000 2.400 2.300 3.000 3.000 2.400 2.400 2.300 2.700 2.700 2.400 2.400 2.400 2.800 2.700 2.400 2.500 2.500 2.800 2.700 2.500 2.500 2.400 25/09/2000
3.700 3.600 3.600 3.200 2.700 3.600 3.600 3.600 3.100 2.700 3.600 3.600 3.100 3.100 2.700 3.400 3.200 3.100 3.100 3.100 3.400 3.200 3.100 3.100 3.100 3.500 3.200 3.100 3.100 3.100 26/09/2000
2.600 2.500 2.500 2.200 2.400 2.500 2.500 2.500 2.300 2.400 2.500 2.500 2.300 2.300 2.500 2.300 2.300 2.300 2.200 2.200 2.300 2.300 2.300 2.300 2.300 2.300 2.400 2.400 2.400 2.200 27/09/2000
0.900 0.900 0.900 0.900 1.500 0.900 0.900 0.900 1.600 1.500 0.900 0.900 1.600 1.600 1.500 1.100 1.300 1.600 1.600 1.600 1.100 1.300 1.600 1.600 1.600 1.100 1.300 1.600 1.600 1.600 28/09/2000
2.500 2.500 2.500 1.800 1.200 2.400 2.400 2.400 1.700 1.200 2.400 2.400 1.700 1.700 1.300 2.100 2.000 1.700 1.700 1.700 2.100 2.000 1.700 1.700 1.700 2.200 2.000 1.800 1.800 1.700 29/09/2000
1.900 1.900 1.900 1.900 1.600 1.900 1.800 1.900 1.600 1.600 1.900 1.900 1.600 1.600 1.600 1.300 1.800 1.600 1.600 1.600 1.400 1.800 1.600 1.600 1.600 1.400 1.800 1.700 1.700 1.600 30/09/2000
2.100 2.100 2.100 2.000 2.100 2.100 2.000 2.100 2.000 2.100 2.100 2.100 2.000 2.000 2.200 2.000 1.800 2.000 2.000 2.000 2.100 1.800 2.000 2.000 2.000 2.100 1.900 2.100 2.100 2.000 01/10/2000
2.500 2.500 2.400 2.300 2.400 2.400 2.400 2.400 2.300 2.400 2.400 2.400 2.300 2.300 2.500 2.000 2.100 2.300 2.200 2.200 2.000 2.100 2.300 2.300 2.300 2.100 2.100 2.300 2.300 2.200 02/10/2000
2.600 2.600 2.500 2.000 2.100 2.500 2.500 2.500 2.200 2.200 2.500 2.500 2.300 2.200 2.200 2.500 2.500 2.200 2.200 2.200 2.600 2.500 2.200 2.300 2.300 2.700 2.600 2.300 2.300 2.200 03/10/2000
2.400 2.400 2.400 2.200 1.500 2.400 2.300 2.400 1.600 1.600 2.400 2.400 1.700 1.600 1.600 1.900 1.800 1.700 1.600 1.600 1.900 1.800 1.600 1.700 1.700 1.900 1.800 1.700 1.700 1.600 04/10/2000
2.800 2.800 2.700 2.000 2.100 2.700 2.700 2.700 2.300 2.100 2.700 2.700 2.300 2.300 2.100 2.400 2.200 2.300 2.200 2.200 2.500 2.200 2.300 2.300 2.300 2.500 2.200 2.300 2.300 2.200 05/10/2000
2.600 2.600 2.500 1.900 1.800 2.500 2.400 2.500 2.100 1.800 2.500 2.500 2.100 2.000 1.900 2.300 2.400 2.100 2.000 2.000 2.400 2.300 2.100 2.100 2.100 2.500 2.400 2.200 2.200 2.000 06/10/2000
2.000 2.000 2.000 1.600 1.700 2.000 1.900 2.000 1.800 1.700 2.000 2.000 1.800 1.800 1.700 2.000 2.000 1.800 1.800 1.800 2.000 2.000 1.800 1.800 1.800 2.000 2.000 1.800 1.800 1.800 07/10/2000
1.700 1.700 1.700 1.100 1.100 1.700 1.700 1.700 1.500 1.100 1.700 1.700 1.500 1.500 1.100 1.600 1.800 1.500 1.500 1.500 1.600 1.800 1.500 1.500 1.500 1.600 1.800 1.500 1.500 1.500 08/10/2000
1.400 1.400 1.400 1.400 1.200 1.400 1.300 1.400 1.100 1.300 1.400 1.400 1.100 1.100 1.300 1.400 1.100 1.100 1.100 1.100 1.400 1.100 1.100 1.200 1.200 1.400 1.100 1.200 1.200 1.100 09/10/2000
1.200 1.200 1.200 0.700 1.300 1.200 1.200 1.200 1.200 1.400 1.200 1.200 1.200 1.200 1.400 1.000 1.100 1.200 1.200 1.200 1.000 1.100 1.200 1.200 1.200 1.100 1.100 1.200 1.200 1.200 10/10/2000
1.000 1.000 1.000 0.800 1.000 1.000 0.900 1.000 1.100 1.000 1.000 1.000 1.100 1.100 1.000 1.100 1.200 1.100 1.100 1.100 1.200 1.200 1.100 1.100 1.100 1.200 1.200 1.200 1.200 1.100 11/10/2000
1.500 1.500 1.500 1.600 1.400 1.500 1.500 1.500 1.500 1.400 1.500 1.500 1.500 1.500 1.400 1.400 1.500 1.500 1.400 1.500 1.500 1.500 1.500 1.500 1.500 1.500 1.500 1.500 1.500 1.400 12/10/2000
1.900 1.800 1.800 1.500 1.000 1.800 1.700 1.800 1.400 1.100 1.800 1.800 1.400 1.400 1.100 1.700 1.600 1.400 1.300 1.400 1.800 1.600 1.400 1.400 1.400 1.800 1.600 1.500 1.500 1.300 13/10/2000
0.700 0.700 0.700 0.200 0.600 0.700 0.700 0.700 0.500 0.600 0.700 0.700 0.500 0.500 0.600 0.500 0.400 0.500 0.400 0.500 0.500 0.400 0.500 0.500 0.500 0.500 0.500 0.500 0.500 0.500 14/10/2000
0.600 0.600 0.600 0.300 0.800 0.600 0.600 0.600 0.500 0.800 0.600 0.600 0.500 0.500 0.800 0.500 0.500 0.500 0.500 0.500 0.500 0.500 0.500 0.500 0.500 0.500 0.500 0.500 0.500 0.500 15/10/2000
0.500 0.500 0.500 0.400 0.500 0.500 0.500 0.500 0.500 0.500 0.500 0.500 0.500 0.500 0.500 0.500 0.500 0.500 0.500 0.500 0.500 0.500 0.500 0.500 0.500 0.500 0.500 0.500 0.500 0.500 16/10/2000
1.900 1.900 1.800 1.500 1.400 1.800 1.700 1.800 1.400 1.400 1.800 1.800 1.400 1.300 1.500 1.400 1.400 1.400 1.300 1.300 1.500 1.400 1.400 1.400 1.400 1.600 1.500 1.400 1.400 1.300 17/10/2000
0.800 0.800 0.800 0.900 0.600 0.800 0.800 0.800 0.600 0.600 0.800 0.800 0.600 0.500 0.600 0.800 0.700 0.600 0.500 0.500 0.900 0.700 0.600 0.600 0.600 0.900 0.700 0.600 0.600 0.500 18/10/2000
1.100 1.100 1.100 1.000 1.100 1.100 1.100 1.100 1.000 1.100 1.100 1.100 1.000 1.000 1.100 1.000 1.300 1.000 1.000 1.000 1.000 1.300 1.000 1.000 1.000 1.100 1.300 1.100 1.000 1.000 19/10/2000
0.800 0.800 0.800 0.800 1.500 0.800 0.800 0.800 1.100 1.500 0.800 0.800 1.100 1.200 1.500 0.800 1.000 1.100 1.200 1.200 0.800 1.000 1.200 1.100 1.100 0.800 1.000 1.100 1.100 1.200 20/10/2000
1.100 1.100 1.000 1.200 1.700 1.000 1.000 1.000 1.500 1.700 1.000 1.000 1.500 1.500 1.700 0.700 1.000 1.500 1.500 1.500 0.800 1.000 1.500 1.500 1.500 0.800 1.000 1.500 1.500 1.500 21/10/2000
2.300 2.300 2.300 2.000 2.100 2.200 2.200 2.200 2.400 2.200 2.200 2.300 2.400 2.400 2.200 2.000 2.200 2.400 2.400 2.400 2.100 2.200 2.400 2.400 2.500 2.100 2.300 2.500 2.500 2.400 22/10/2000
1.600 1.600 1.600 1.700 1.400 1.600 1.600 1.600 1.600 1.500 1.600 1.600 1.600 1.500 1.500 1.400 1.200 1.600 1.500 1.500 1.400 1.200 1.600 1.600 1.600 1.400 1.200 1.600 1.600 1.500 23/10/2000
2.200 2.100 2.100 1.800 1.900 2.100 2.000 2.100 1.800 1.900 2.100 2.100 1.800 1.700 1.900 2.100 2.100 1.800 1.700 1.700 2.200 2.000 1.800 1.800 1.800 2.300 2.100 1.800 1.800 1.700 24/10/2000
1.900 1.800 1.800 1.600 1.400 1.800 1.800 1.800 1.600 1.500 1.800 1.800 1.600 1.500 1.500 1.200 1.500 1.600 1.500 1.500 1.200 1.500 1.600 1.600 1.600 1.300 1.600 1.600 1.600 1.500 25/10/2000
0.900 0.900 0.800 0.700 0.800 0.800 0.800 0.800 0.800 0.800 0.800 0.800 0.800 0.700 0.800 0.900 1.600 0.800 0.700 0.700 0.900 1.600 0.800 0.800 0.800 1.000 1.600 0.800 0.800 0.700 26/10/2000
1.700 1.700 1.600 1.300 1.200 1.600 1.600 1.600 1.400 1.300 1.600 1.600 1.500 1.400 1.300 1.500 1.600 1.400 1.400 1.400 1.500 1.600 1.400 1.500 1.500 1.600 1.700 1.500 1.500 1.400 27/10/2000
2.000 1.900 1.900 1.600 1.500 1.800 1.700 1.800 1.600 1.500 1.900 1.900 1.600 1.500 1.500 1.700 1.700 1.600 1.500 1.500 1.800 1.700 1.600 1.600 1.600 1.900 1.800 1.700 1.700 1.500 28/10/2000
1.900 1.800 1.800 1.300 1.500 1.800 1.800 1.800 1.600 1.500 1.800 1.800 1.600 1.600 1.600 1.700 1.900 1.600 1.600 1.600 1.800 1.900 1.600 1.600 1.600 1.800 1.900 1.700 1.700 1.600 29/10/2000
1.600 1.600 1.600 1.000 1.300 1.600 1.500 1.600 1.500 1.300 1.600 1.600 1.500 1.500 1.300 1.300 1.300 1.500 1.400 1.500 1.300 1.300 1.500 1.500 1.500 1.300 1.300 1.500 1.500 1.400 30/10/2000
1.200 1.100 1.100 1.000 1.100 1.100 1.100 1.100 1.200 1.100 1.100 1.100 1.200 1.200 1.100 1.300 1.300 1.200 1.200 1.200 1.400 1.300 1.200 1.200 1.200 1.400 1.300 1.200 1.200 1.200 31/10/2000
0.800 0.700 0.700 0.800 0.800 0.700 0.700 0.700 0.700 0.800 0.700 0.700 0.700 0.700 0.800 0.800 1.200 0.700 0.700 0.700 0.800 1.200 0.700 0.700 0.700 0.800 1.300 0.700 0.700 0.700 01/11/2000
1.700 1.700 1.700 1.200 1.000 1.600 1.600 1.600 1.100 1.000 1.700 1.700 1.100 1.100 1.000 1.400 1.300 1.100 1.100 1.100 1.500 1.200 1.100 1.200 1.200 1.500 1.300 1.200 1.200 1.100 02/11/2000
1.000 1.000 0.900 0.700 0.600 0.900 0.900 0.900 0.800 0.700 0.900 0.900 0.800 0.800 0.700 0.700 1.000 0.800 0.800 0.800 0.700 1.000 0.800 0.800 0.800 0.700 1.100 0.800 0.800 0.800 03/11/2000
1.300 1.300 1.300 1.100 0.900 1.300 1.300 1.300 1.000 0.900 1.300 1.300 1.000 1.000 0.900 1.300 1.200 1.000 1.000 1.000 1.300 1.200 1.000 1.000 1.000 1.300 1.200 1.100 1.100 1.000 04/11/2000
1.000 1.000 1.000 0.800 0.700 0.900 0.900 0.900 0.900 0.700 1.000 1.000 0.900 0.800 0.700 0.700 0.600 0.900 0.800 0.800 0.700 0.600 0.900 0.900 0.900 0.700 0.600 0.900 0.900 0.800 05/11/2000
0.800 0.800 0.800 0.500 0.400 0.700 0.700 0.700 0.500 0.400 0.800 0.800 0.500 0.500 0.400 0.500 0.600 0.500 0.500 0.500 0.500 0.600 0.500 0.500 0.500 0.600 0.700 0.500 0.500 0.500 06/11/2000
0.600 0.500 0.500 0.500 0.400 0.500 0.500 0.500 0.500 0.400 0.500 0.500 0.500 0.500 0.400 0.600 0.600 0.500 0.500 0.500 0.600 0.600 0.500 0.500 0.500 0.600 0.700 0.500 0.500 0.500 07/11/2000
0.600 0.600 0.600 0.700 0.400 0.600 0.600 0.600 0.500 0.400 0.600 0.600 0.500 0.500 0.400 0.400 0.400 0.500 0.500 0.500 0.400 0.400 0.500 0.500 0.500 0.400 0.400 0.500 0.500 0.500 08/11/2000
1.000 1.000 1.000 0.800 0.800 1.000 1.000 1.000 0.800 0.800 1.000 1.000 0.800 0.800 0.800 0.900 0.600 0.800 0.800 0.800 0.900 0.600 0.800 0.800 0.800 0.900 0.700 0.900 0.900 0.800 09/11/2000
1.200 1.100 1.100 0.900 0.800 1.100 1.100 1.100 0.900 0.800 1.100 1.100 0.900 0.900 0.900 0.700 0.800 0.900 0.900 0.900 0.800 0.800 0.900 1.000 1.000 0.900 0.900 1.000 1.000 0.900 10/11/2000
1.400 1.400 1.400 1.200 0.900 1.300 1.300 1.300 1.200 0.900 1.300 1.300 1.200 1.200 1.000 1.200 1.200 1.200 1.100 1.200 1.200 1.200 1.200 1.300 1.300 1.300 1.200 1.300 1.300 1.100 11/11/2000
1.400 1.400 1.400 1.300 1.100 1.400 1.300 1.400 1.200 1.100 1.400 1.400 1.200 1.100 1.100 1.100 1.000 1.200 1.100 1.100 1.100 1.000 1.100 1.200 1.200 1.100 1.000 1.200 1.200 1.100 12/11/2000
0.800 0.800 0.700 0.600 0.400 0.700 0.700 0.700 0.700 0.400 0.700 0.700 0.700 0.700 0.400 0.900 1.000 0.700 0.700 0.700 0.900 1.000 0.700 0.700 0.700 1.000 1.100 0.700 0.700 0.700 13/11/2000
1.100 1.000 1.000 0.900 0.600 1.000 1.000 1.000 0.800 0.600 1.000 1.000 0.900 0.800 0.700 1.000 1.000 0.900 0.800 0.800 1.000 0.900 0.800 0.900 0.900 1.100 1.000 0.900 0.900 0.800 14/11/2000
1.100 1.000 1.000 0.900 0.800 1.000 0.900 1.000 0.900 0.900 1.000 1.000 0.900 0.900 0.900 1.000 1.100 0.900 0.900 0.900 1.100 1.100 0.900 0.900 0.900 1.100 1.100 1.000 1.000 0.900 15/11/2000
0.500 0.500 0.500 0.400 0.200 0.500 0.500 0.500 0.400 0.200 0.500 0.500 0.400 0.400 0.300 0.400 0.400 0.400 0.400 0.400 0.400 0.400 0.400 0.500 0.500 0.500 0.400 0.500 0.500 0.400 16/11/2000
0.900 0.800 0.800 0.600 0.500 0.800 0.700 0.800 0.500 0.500 0.800 0.800 0.500 0.500 0.500 0.800 0.500 0.500 0.500 0.500 0.800 0.500 0.500 0.500 0.600 0.900 0.600 0.600 0.600 0.500 17/11/2000
0.800 0.800 0.800 0.700 0.400 0.800 0.800 0.800 0.600 0.400 0.800 0.800 0.600 0.600 0.400 0.700 0.600 0.600 0.600 0.600 0.700 0.600 0.600 0.600 0.600 0.700 0.600 0.600 0.600 0.600 18/11/2000
0.700 0.700 0.700 0.500 0.200 0.700 0.700 0.700 0.400 0.200 0.700 0.700 0.400 0.400 0.300 0.600 0.500 0.400 0.400 0.400 0.600 0.500 0.400 0.400 0.400 0.600 0.500 0.400 0.400 0.400 19/11/2000
0.300 0.300 0.300 0.200 0.100 0.300 0.200 0.300 0.100 0.100 0.300 0.300 0.100 0.100 0.100 0.300 0.200 0.100 0.100 0.100 0.300 0.200 0.100 0.200 0.200 0.300 0.200 0.200 0.200 0.100 20/11/2000
0.200 0.200 0.200 0.200 0.200 0.200 0.200 0.200 0.200 0.200 0.200 0.200 0.200 0.200 0.200 0.200 0.200 0.200 0.200 0.200 0.200 0.200 0.200 0.200 0.200 0.200 0.200 0.200 0.200 0.200 21/11/2000
0.800 0.800 0.800 0.800 0.800 0.700 0.700 0.700 0.700 0.800 0.800 0.800 0.700 0.700 0.800 0.700 0.900 0.700 0.700 0.700 0.700 0.900 0.700 0.700 0.700 0.700 0.900 0.700 0.700 0.700 22/11/2000
0.700 0.700 0.700 0.700 0.900 0.700 0.700 0.700 0.700 0.900 0.700 0.700 0.700 0.700 0.900 0.500 0.400 0.700 0.700 0.700 0.500 0.400 0.700 0.700 0.700 0.500 0.400 0.600 0.600 0.700 23/11/2000
0.600 0.600 0.600 0.300 0.600 0.500 0.500 0.500 0.600 0.600 0.600 0.600 0.600 0.600 0.700 0.400 0.400 0.600 0.600 0.600 0.400 0.400 0.600 0.600 0.700 0.500 0.400 0.700 0.700 0.600 24/11/2000
0.600 0.600 0.600 0.500 1.000 0.500 0.500 0.500 0.700 1.000 0.500 0.500 0.700 0.700 1.000 0.500 0.400 0.700 0.700 0.700 0.500 0.400 0.700 0.700 0.700 0.500 0.400 0.700 0.700 0.700 25/11/2000
0.900 0.900 0.900 0.500 0.800 0.900 0.800 0.900 0.700 0.800 0.900 0.900 0.700 0.700 0.800 1.100 1.300 0.700 0.700 0.700 1.200 1.300 0.700 0.700 0.700 1.200 1.300 0.800 0.800 0.700 26/11/2000
0.500 0.500 0.500 0.600 0.900 0.500 0.500 0.500 0.800 0.900 0.500 0.500 0.800 0.800 0.900 0.300 0.300 0.800 0.800 0.800 0.300 0.300 0.800 0.800 0.800 0.300 0.300 0.800 0.800 0.800 27/11/2000
1.300 1.200 1.200 0.400 1.100 1.100 1.100 1.100 0.900 1.000 1.100 1.200 0.900 0.800 1.000 1.100 0.900 0.900 0.800 0.800 1.100 0.900 0.900 0.900 0.900 1.000 0.900 1.000 1.000 0.800 28/11/2000
1.400 1.400 1.400 1.500 1.400 1.400 1.400 1.400 1.600 1.400 1.400 1.400 1.600 1.600 1.400 1.100 1.100 1.600 1.600 1.600 1.100 1.100 1.600 1.600 1.600 1.100 1.100 1.600 1.600 1.600 29/11/2000
0.600 0.600 0.600 0.300 0.600 0.600 0.600 0.600 0.500 0.600 0.600 0.600 0.500 0.500 0.600 0.500 0.500 0.500 0.500 0.500 0.500 0.500 0.500 0.500 0.500 0.500 0.500 0.500 0.500 0.500 30/11/2000
1.400 1.400 1.400 1.300 1.400 1.300 1.300 1.300 1.500 1.500 1.300 1.300 1.500 1.500 1.500 0.800 0.800 1.500 1.500 1.500 0.800 0.800 1.500 1.500 1.500 0.800 0.800 1.500 1.500 1.500 01/12/2000
0.300 0.300 0.300 0.300 0.700 0.300 0.300 0.300 0.400 0.700 0.300 0.300 0.400 0.400 0.700 0.300 0.300 0.400 0.400 0.400 0.300 0.300 0.400 0.400 0.400 0.300 0.300 0.400 0.400 0.400 02/12/2000
0.900 0.900 0.800 0.600 0.400 0.800 0.800 0.800 0.600 0.400 0.800 0.800 0.600 0.500 0.400 0.800 0.800 0.600 0.500 0.500 0.800 0.800 0.600 0.600 0.600 0.800 0.800 0.600 0.600 0.500 03/12/2000
1.500 1.500 1.500 1.300 0.800 1.500 1.500 1.500 0.900 0.800 1.500 1.500 0.900 0.900 0.800 1.000 0.700 0.900 0.900 0.900 1.000 0.700 0.900 0.900 0.900 1.000 0.700 0.900 0.900 0.900 04/12/2000
1.100 1.100 1.000 1.100 1.300 1.000 1.000 1.000 1.200 1.200 1.000 1.000 1.200 1.200 1.200 0.800 0.800 1.200 1.200 1.200 0.800 0.800 1.200 1.200 1.200 0.800 0.800 1.200 1.200 1.200 05/12/2000
1.300 1.300 1.300 0.900 1.300 1.300 1.300 1.300 1.200 1.300 1.300 1.300 1.200 1.300 1.300 1.300 1.200 1.200 1.300 1.300 1.300 1.200 1.200 1.200 1.200 1.300 1.200 1.200 1.200 1.300 06/12/2000
1.900 1.900 1.900 1.600 2.000 1.900 1.900 1.900 1.800 2.000 1.900 1.900 1.800 1.800 1.900 1.500 1.600 1.800 1.800 1.800 1.500 1.600 1.800 1.800 1.800 1.500 1.600 1.800 1.800 1.800 07/12/2000
1.700 1.600 1.600 1.300 1.600 1.600 1.600 1.600 1.500 1.600 1.600 1.600 1.500 1.500 1.600 1.600 1.500 1.500 1.500 1.500 1.600 1.500 1.500 1.500 1.500 1.700 1.500 1.500 1.500 1.500 08/12/2000
0.900 0.900 0.900 0.800 0.600 0.900 0.800 0.900 0.700 0.600 0.900 0.900 0.700 0.700 0.600 0.800 0.800 0.700 0.700 0.700 0.800 0.800 0.700 0.700 0.700 0.800 0.900 0.700 0.700 0.700 09/12/2000
1.400 1.300 1.300 1.000 1.300 1.300 1.300 1.300 1.100 1.300 1.300 1.300 1.100 1.100 1.300 1.200 1.200 1.100 1.100 1.100 1.200 1.200 1.100 1.100 1.100 1.200 1.200 1.100 1.100 1.100 10/12/2000
1.000 1.000 1.000 0.700 1.100 1.000 0.900 1.000 1.000 1.100 1.000 1.000 1.000 1.000 1.000 0.900 0.900 1.000 1.000 1.000 0.900 0.900 1.000 1.000 1.000 1.000 0.900 1.100 1.000 1.000 11/12/2000
1.300 1.300 1.300 1.200 0.800 1.300 1.300 1.300 0.700 0.800 1.300 1.300 0.700 0.700 0.800 0.800 0.700 0.700 0.700 0.700 0.800 0.700 0.700 0.700 0.700 0.800 0.700 0.700 0.700 0.700 12/12/2000
1.400 1.300 1.300 1.000 1.100 1.300 1.300 1.300 1.000 1.100 1.300 1.300 1.000 1.000 1.100 1.100 0.800 1.000 1.000 1.000 1.100 0.800 1.000 1.100 1.100 1.200 0.900 1.100 1.100 1.000 13/12/2000
0.400 0.400 0.400 0.300 0.200 0.400 0.400 0.400 0.200 0.200 0.400 0.400 0.200 0.200 0.200 0.400 0.300 0.200 0.200 0.200 0.500 0.300 0.200 0.200 0.200 0.500 0.300 0.200 0.200 0.200 14/12/2000
1.000 1.000 0.900 0.600 0.400 0.900 0.900 0.900 0.600 0.400 0.900 0.900 0.700 0.600 0.400 0.800 0.900 0.700 0.600 0.600 0.800 0.900 0.600 0.700 0.700 0.900 0.900 0.700 0.700 0.600 15/12/2000
0.200 0.200 0.200 0.200 0.400 0.200 0.200 0.200 0.300 0.400 0.200 0.200 0.300 0.300 0.400 0.300 0.300 0.300 0.300 0.300 0.300 0.300 0.300 0.300 0.300 0.300 0.300 0.300 0.300 0.300 16/12/2000
0.300 0.300 0.300 0.400 0.900 0.300 0.300 0.300 0.600 0.900 0.300 0.300 0.600 0.600 0.900 0.400 0.500 0.600 0.600 0.600 0.500 0.500 0.600 0.600 0.600 0.500 0.500 0.600 0.600 0.600 17/12/2000
0.900 0.800 0.800 0.600 0.900 0.800 0.800 0.800 0.800 0.900 0.800 0.800 0.800 0.800 0.900 0.800 0.700 0.800 0.800 0.800 0.800 0.700 0.800 0.800 0.800 0.800 0.700 0.800 0.800 0.800 18/12/2000
1.700 1.700 1.600 1.100 1.300 1.600 1.600 1.600 1.300 1.300 1.600 1.600 1.300 1.300 1.300 0.900 0.800 1.300 1.300 1.300 1.000 0.800 1.300 1.300 1.300 1.000 0.800 1.200 1.200 1.300 19/12/2000
1.400 1.400 1.400 1.000 1.000 1.400 1.300 1.400 1.100 1.000 1.400 1.400 1.100 1.000 1.000 1.100 1.100 1.100 1.000 1.000 1.100 1.000 1.100 1.100 1.100 1.100 1.100 1.100 1.100 1.000 20/12/2000
1.600 1.600 1.600 1.200 1.400 1.500 1.500 1.500 1.400 1.400 1.600 1.600 1.400 1.300 1.400 1.200 1.000 1.400 1.300 1.300 1.200 1.000 1.400 1.400 1.400 1.200 1.000 1.500 1.400 1.300 21/12/2000
2.800 2.800 2.800 2.200 1.900 2.700 2.700 2.700 2.500 1.900 2.700 2.700 2.500 2.400 1.900 1.900 1.900 2.500 2.400 2.400 2.000 1.900 2.500 2.500 2.500 2.000 1.900 2.500 2.500 2.400 22/12/2000
2.700 2.600 2.600 2.500 2.100 2.600 2.500 2.600 2.600 2.100 2.600 2.600 2.600 2.500 2.200 2.100 2.000 2.600 2.500 2.500 2.200 2.000 2.600 2.600 2.600 2.300 2.100 2.700 2.700 2.500 23/12/2000
0.600 0.600 0.600 0.900 1.300 0.600 0.600 0.600 1.300 1.300 0.600 0.600 1.300 1.300 1.300 0.500 0.600 1.300 1.300 1.300 0.500 0.600 1.300 1.200 1.200 0.500 0.600 1.200 1.200 1.300 24/12/2000
0.600 0.500 0.500 0.600 0.900 0.500 0.500 0.500 0.800 1.000 0.500 0.500 0.800 0.800 1.000 0.600 0.600 0.800 0.800 0.800 0.600 0.600 0.800 0.800 0.800 0.600 0.700 0.800 0.800 0.800 25/12/2000
1.000 1.000 1.000 0.600 1.200 0.900 0.900 0.900 1.100 1.200 0.900 0.900 1.100 1.100 1.200 1.200 1.400 1.100 1.100 1.100 1.300 1.400 1.100 1.100 1.100 1.300 1.400 1.100 1.100 1.100 26/12/2000
0.800 0.700 0.700 0.700 1.000 0.700 0.700 0.700 0.700 1.000 0.700 0.700 0.700 0.700 1.000 0.500 0.500 0.700 0.700 0.700 0.500 0.400 0.700 0.700 0.700 0.500 0.500 0.700 0.700 0.700 27/12/2000
0.800 0.800 0.800 0.400 0.500 0.800 0.700 0.800 0.400 0.500 0.800 0.800 0.400 0.400 0.500 0.500 0.300 0.400 0.400 0.400 0.500 0.300 0.400 0.400 0.400 0.500 0.400 0.400 0.400 0.400 28/12/2000
0.700 0.700 0.700 0.400 0.200 0.700 0.700 0.700 0.400 0.200 0.700 0.700 0.400 0.400 0.200 0.300 0.300 0.400 0.300 0.300 0.400 0.300 0.400 0.400 0.400 0.400 0.300 0.400 0.400 0.300 29/12/2000
0.700 0.700 0.700 0.500 0.400 0.700 0.600 0.700 0.400 0.400 0.700 0.700 0.400 0.400 0.400 0.400 0.400 0.400 0.400 0.400 0.400 0.400 0.400 0.400 0.400 0.400 0.400 0.500 0.500 0.400 30/12/2000
0.900 0.900 0.900 0.900 0.800 0.900 0.900 0.900 0.700 0.800 0.900 0.900 0.600 0.700 0.800 0.600 0.500 0.700 0.700 0.700 0.600 0.600 0.700 0.600 0.600 0.500 0.500 0.600 0.600 0.700 31/12/2000
1.500 1.500 1.500 1.600 1.400 1.500 1.500 1.500 1.400 1.400 1.500 1.500 1.400 1.400 1.400 0.900 1.000 1.400 1.400 1.400 1.000 1.000 1.400 1.400 1.400 1.000 1.000 1.400 1.400 1.400 01/01/2001
1.900 1.900 1.800 1.500 1.400 1.800 1.700 1.800 1.500 1.400 1.800 1.800 1.500 1.500 1.400 1.500 1.400 1.500 1.500 1.500 1.600 1.400 1.500 1.500 1.500 1.600 1.400 1.600 1.500 1.500 02/01/2001
0.800 0.800 0.800 0.600 0.500 0.800 0.700 0.800 0.600 0.500 0.800 0.800 0.600 0.600 0.500 0.800 0.800 0.600 0.600 0.600 0.800 0.800 0.600 0.700 0.700 0.800 0.800 0.700 0.700 0.600 03/01/2001
1.200 1.200 1.200 1.100 0.800 1.200 1.100 1.200 1.000 0.900 1.200 1.200 1.000 1.000 0.900 1.100 1.100 1.000 1.000 1.000 1.100 1.100 1.000 1.000 1.000 1.200 1.100 1.000 1.000 1.000 04/01/2001
1.200 1.200 1.200 1.000 0.700 1.200 1.100 1.200 0.900 0.700 1.200 1.200 0.900 0.900 0.700 0.800 0.700 0.900 0.900 0.900 0.800 0.700 0.900 0.900 0.900 0.800 0.700 0.900 0.900 0.900 05/01/2001
0.600 0.600 0.500 0.300 0.100 0.500 0.400 0.500 0.100 0.100 0.500 0.500 0.100 0.100 0.100 0.300 0.200 0.100 0.100 0.100 0.300 0.200 0.100 0.100 0.100 0.400 0.200 0.100 0.100 0.100 06/01/2001
0.900 0.900 0.900 0.800 0.400 0.900 0.900 0.900 0.600 0.500 0.900 0.900 0.600 0.600 0.500 0.700 0.600 0.600 0.500 0.600 0.700 0.600 0.600 0.600 0.600 0.800 0.600 0.700 0.600 0.500 07/01/2001
0.700 0.600 0.600 0.500 0.200 0.600 0.500 0.600 0.400 0.200 0.600 0.600 0.400 0.400 0.300 0.600 0.800 0.400 0.400 0.400 0.600 0.800 0.400 0.400 0.400 0.700 0.900 0.500 0.500 0.400 08/01/2001
0.900 0.900 0.900 0.800 0.900 0.900 0.900 0.900 0.800 0.900 0.900 0.900 0.800 0.800 0.900 0.500 0.400 0.800 0.800 0.800 0.400 0.400 0.800 0.800 0.800 0.300 0.400 0.800 0.800 0.800 09/01/2001
1.500 1.500 1.500 1.300 1.300 1.500 1.500 1.500 1.500 1.300 1.500 1.500 1.500 1.500 1.300 1.300 1.200 1.500 1.400 1.500 1.300 1.200 1.500 1.500 1.500 1.300 1.200 1.500 1.500 1.400 10/01/2001
1.200 1.200 1.200 1.100 1.200 1.200 1.200 1.200 1.300 1.200 1.200 1.200 1.300 1.300 1.200 0.800 0.900 1.300 1.300 1.300 0.800 0.900 1.300 1.300 1.300 0.700 0.900 1.300 1.300 1.300 11/01/2001
0.800 0.900 0.900 0.800 1.200 0.900 0.900 0.900 1.200 1.200 0.900 0.900 1.200 1.200 1.200 0.700 0.800 1.200 1.200 1.200 0.700 0.800 1.200 1.200 1.200 0.700 0.800 1.200 1.200 1.200 12/01/2001
0.500 0.500 0.400 0.300 0.300 0.400 0.400 0.400 0.300 0.300 0.400 0.400 0.400 0.300 0.300 0.300 0.300 0.400 0.300 0.300 0.300 0.300 0.300 0.400 0.400 0.300 0.400 0.400 0.400 0.300 13/01/2001
0.700 0.700 0.700 0.500 0.500 0.600 0.600 0.600 0.700 0.600 0.600 0.600 0.700 0.600 0.600 0.600 0.600 0.700 0.600 0.600 0.600 0.600 0.700 0.700 0.700 0.700 0.700 0.700 0.700 0.600 14/01/2001
0.700 0.700 0.700 0.400 0.400 0.600 0.600 0.600 0.500 0.400 0.600 0.600 0.500 0.500 0.400 0.600 0.500 0.500 0.500 0.500 0.600 0.500 0.500 0.600 0.600 0.700 0.500 0.600 0.600 0.500 15/01/2001
0.600 0.600 0.600 0.500 0.400 0.600 0.600 0.600 0.500 0.400 0.600 0.600 0.500 0.500 0.400 0.600 0.800 0.500 0.500 0.500 0.700 0.800 0.500 0.500 0.500 0.700 0.800 0.500 0.500 0.500 16/01/2001
0.600 0.600 0.500 0.400 0.300 0.500 0.500 0.500 0.400 0.300 0.500 0.500 0.400 0.400 0.300 0.600 0.600 0.400 0.400 0.400 0.600 0.600 0.400 0.400 0.400 0.600 0.600 0.400 0.400 0.400 17/01/2001
0.500 0.500 0.500 0.500 0.600 0.500 0.400 0.500 0.500 0.600 0.500 0.500 0.500 0.500 0.600 0.400 0.400 0.500 0.500 0.500 0.500 0.400 0.500 0.500 0.500 0.500 0.500 0.500 0.500 0.500 18/01/2001
0.700 0.700 0.700 0.600 0.600 0.700 0.700 0.700 0.500 0.700 0.700 0.700 0.600 0.500 0.700 0.400 0.400 0.500 0.500 0.500 0.400 0.400 0.500 0.600 0.600 0.400 0.400 0.600 0.600 0.500 19/01/2001
0.400 0.400 0.300 0.400 0.500 0.300 0.300 0.300 0.500 0.500 0.300 0.300 0.500 0.500 0.500 0.300 0.300 0.500 0.500 0.500 0.300 0.300 0.500 0.500 0.500 0.400 0.300 0.500 0.500 0.500 20/01/2001
0.300 0.300 0.300 0.200 0.400 0.300 0.200 0.300 0.400 0.400 0.300 0.300 0.400 0.400 0.400 0.500 0.500 0.400 0.400 0.400 0.500 0.500 0.400 0.400 0.400 0.500 0.500 0.400 0.400 0.400 21/01/2001
0.900 0.900 0.900 0.700 0.600 0.900 0.900 0.900 0.700 0.600 0.900 0.900 0.700 0.700 0.600 0.500 0.500 0.700 0.700 0.700 0.500 0.500 0.700 0.700 0.700 0.500 0.500 0.700 0.700 0.700 22/01/2001
1.400 1.400 1.400 1.200 1.100 1.400 1.400 1.400 1.200 1.100 1.400 1.400 1.200 1.200 1.200 1.000 1.100 1.200 1.200 1.200 1.000 1.100 1.200 1.200 1.200 1.000 1.100 1.300 1.200 1.200 23/01/2001
0.900 0.900 0.900 0.600 0.600 0.900 0.800 0.900 0.400 0.600 0.900 0.900 0.500 0.400 0.600 0.800 0.500 0.400 0.400 0.400 0.900 0.500 0.400 0.500 0.500 0.900 0.500 0.500 0.500 0.400 24/01/2001
0.900 0.900 0.900 0.500 0.600 0.900 0.800 0.900 0.600 0.600 0.900 0.900 0.600 0.600 0.600 1.100 1.000 0.600 0.500 0.500 1.100 1.000 0.600 0.600 0.600 1.100 1.000 0.600 0.600 0.500 25/01/2001
0.900 0.900 0.900 0.700 0.800 0.800 0.800 0.800 0.900 0.800 0.800 0.800 0.900 0.900 0.800 0.800 0.900 0.900 0.800 0.800 0.800 0.900 0.900 0.900 0.900 0.800 0.900 0.900 0.900 0.800 26/01/2001
1.200 1.100 1.100 0.800 0.700 1.100 1.000 1.100 0.800 0.700 1.100 1.100 0.800 0.800 0.800 1.100 1.100 0.800 0.700 0.700 1.100 1.000 0.800 0.800 0.800 1.200 1.100 0.900 0.800 0.700 27/01/2001
0.700 0.600 0.600 0.500 0.300 0.600 0.600 0.600 0.500 0.300 0.600 0.600 0.500 0.500 0.400 0.700 0.500 0.500 0.500 0.500 0.700 0.500 0.500 0.500 0.500 0.700 0.500 0.500 0.500 0.500 28/01/2001
1.100 1.100 1.100 0.800 0.700 1.000 1.000 1.000 0.900 0.800 1.100 1.100 0.900 0.900 0.800 1.000 1.000 0.900 0.800 0.800 1.100 1.000 0.900 0.900 0.900 1.100 1.100 1.000 0.900 0.800 29/01/2001
0.400 0.300 0.300 0.300 0.100 0.300 0.300 0.300 0.300 0.200 0.300 0.300 0.300 0.300 0.200 0.400 0.500 0.300 0.300 0.300 0.400 0.500 0.300 0.300 0.300 0.500 0.500 0.400 0.300 0.300 30/01/2001
0.600 0.600 0.600 0.300 0.300 0.600 0.600 0.600 0.300 0.300 0.600 0.600 0.300 0.300 0.400 0.600 0.600 0.300 0.300 0.300 0.600 0.600 0.300 0.300 0.300 0.700 0.600 0.300 0.300 0.300 31/01/2001
1.200 1.200 1.200 0.900 0.800 1.200 1.100 1.200 1.100 0.900 1.200 1.200 1.100 1.100 0.900 1.100 1.200 1.100 1.100 1.100 1.100 1.200 1.100 1.100 1.100 1.200 1.300 1.200 1.200 1.100 01/02/2001
0.800 0.800 0.800 0.800 0.700 0.800 0.800 0.800 0.700 0.700 0.800 0.800 0.700 0.700 0.700 0.700 0.700 0.700 0.800 0.700 0.700 0.700 0.700 0.700 0.700 0.600 0.700 0.700 0.700 0.800 02/02/2001
0.500 0.500 0.500 0.400 0.500 0.500 0.400 0.500 0.500 0.500 0.500 0.500 0.500 0.500 0.500 0.400 0.500 0.500 0.500 0.500 0.400 0.500 0.500 0.500 0.500 0.400 0.500 0.500 0.500 0.500 03/02/2001
1.300 1.200 1.200 1.000 0.600 1.100 1.100 1.100 1.000 0.600 1.200 1.200 1.000 0.900 0.700 1.500 1.500 1.000 0.900 0.900 1.500 1.500 1.000 1.000 1.000 1.600 1.600 1.100 1.000 0.900 04/02/2001
1.000 1.000 1.000 0.900 0.900 1.000 1.000 1.000 1.000 0.900 1.000 1.000 1.000 1.000 0.900 1.100 1.200 1.000 1.000 1.000 1.100 1.200 1.000 1.100 1.100 1.100 1.300 1.100 1.100 1.000 05/02/2001
1.500 1.400 1.400 1.400 1.500 1.400 1.300 1.400 1.700 1.500 1.400 1.400 1.700 1.700 1.500 1.300 1.700 1.700 1.700 1.700 1.300 1.700 1.700 1.700 1.700 1.400 1.700 1.700 1.700 1.700 06/02/2001
1.700 1.700 1.700 1.800 1.400 1.700 1.700 1.700 1.900 1.400 1.700 1.700 1.900 1.800 1.500 1.400 1.600 1.900 1.800 1.800 1.400 1.600 1.800 1.900 1.900 1.400 1.600 1.900 1.900 1.800 07/02/2001
1.000 1.000 1.000 1.100 0.800 1.000 1.000 1.000 0.800 0.800 1.000 1.000 0.900 0.800 0.800 0.800 0.800 0.900 0.800 0.800 0.800 0.800 0.800 0.900 0.900 0.700 0.800 0.900 0.900 0.800 08/02/2001
1.600 1.600 1.500 0.700 1.100 1.500 1.500 1.500 1.500 1.100 1.500 1.500 1.500 1.500 1.100 1.800 1.900 1.500 1.500 1.500 1.800 1.900 1.500 1.500 1.500 1.900 1.900 1.600 1.600 1.500 09/02/2001
1.100 1.100 1.100 0.900 0.500 1.100 1.100 1.100 0.700 0.500 1.100 1.100 0.700 0.700 0.600 0.700 0.700 0.700 0.700 0.700 0.700 0.700 0.700 0.700 0.700 0.700 0.700 0.800 0.800 0.700 10/02/2001
1.500 1.400 1.400 1.300 0.700 1.400 1.300 1.400 0.800 0.700 1.400 1.400 0.800 0.800 0.800 0.900 1.000 0.800 0.800 0.800 1.000 1.000 0.800 0.900 0.900 1.100 1.000 0.900 0.900 0.800 11/02/2001
2.000 2.000 1.900 1.300 1.400 1.900 1.900 1.900 1.500 1.400 1.900 1.900 1.500 1.500 1.400 1.300 1.100 1.500 1.500 1.500 1.300 1.100 1.500 1.500 1.500 1.300 1.200 1.600 1.600 1.500 12/02/2001
1.200 1.200 1.200 0.900 0.700 1.100 1.100 1.100 0.900 0.700 1.100 1.100 0.900 0.900 0.700 1.100 1.100 0.900 0.900 0.900 1.100 1.100 0.900 0.900 0.900 1.200 1.200 1.000 1.000 0.900 13/02/2001
1.800 1.700 1.700 1.500 1.400 1.700 1.600 1.700 1.700 1.400 1.700 1.700 1.700 1.700 1.500 1.600 1.700 1.700 1.600 1.700 1.700 1.700 1.700 1.800 1.800 1.700 1.800 1.800 1.800 1.600 14/02/2001
1.000 0.900 0.900 0.600 1.100 0.900 0.800 0.900 0.800 1.200 0.900 0.900 0.800 0.800 1.200 1.200 1.000 0.800 0.700 0.800 1.300 1.000 0.800 0.800 0.800 1.400 1.000 0.800 0.800 0.700 15/02/2001
0.700 0.700 0.700 0.500 0.200 0.700 0.600 0.700 0.500 0.200 0.700 0.700 0.500 0.400 0.300 0.700 0.600 0.500 0.400 0.400 0.800 0.600 0.500 0.500 0.500 0.800 0.600 0.500 0.500 0.400 16/02/2001
1.300 1.300 1.300 1.100 0.900 1.200 1.200 1.200 1.200 0.900 1.300 1.300 1.200 1.200 0.900 1.300 1.500 1.200 1.200 1.200 1.400 1.500 1.200 1.200 1.200 1.400 1.500 1.300 1.200 1.200 17/02/2001
1.800 1.700 1.700 1.600 1.500 1.700 1.700 1.700 1.700 1.500 1.700 1.700 1.700 1.700 1.500 1.700 1.700 1.700 1.700 1.700 1.800 1.700 1.700 1.700 1.700 1.800 1.800 1.800 1.800 1.700 18/02/2001
1.300 1.300 1.300 0.800 0.800 1.300 1.200 1.300 1.000 0.900 1.300 1.300 1.000 1.000 0.900 1.100 1.000 1.000 1.000 1.000 1.100 1.000 1.000 1.000 1.000 1.200 1.000 1.100 1.100 1.000 19/02/2001
1.600 1.600 1.500 1.100 1.100 1.500 1.500 1.500 1.500 1.100 1.500 1.500 1.500 1.400 1.100 1.500 1.500 1.500 1.400 1.400 1.500 1.500 1.500 1.500 1.500 1.500 1.500 1.500 1.500 1.400 20/02/2001
1.500 1.500 1.500 1.300 1.100 1.500 1.500 1.500 1.500 1.200 1.500 1.500 1.600 1.500 1.200 1.700 1.900 1.500 1.500 1.500 1.700 1.900 1.500 1.600 1.600 1.800 1.900 1.600 1.600 1.500 21/02/2001
0.800 0.800 0.800 0.600 0.400 0.800 0.700 0.800 0.600 0.400 0.800 0.800 0.600 0.500 0.400 0.600 0.900 0.600 0.500 0.500 0.700 0.900 0.600 0.600 0.600 0.700 0.900 0.600 0.600 0.500 22/02/2001
0.900 0.900 0.900 0.900 0.600 0.900 0.800 0.900 0.700 0.600 0.900 0.900 0.700 0.700 0.600 0.700 0.600 0.700 0.700 0.700 0.700 0.600 0.700 0.700 0.700 0.800 0.600 0.700 0.700 0.700 23/02/2001
1.700 1.600 1.600 1.300 1.200 1.600 1.500 1.600 1.400 1.200 1.600 1.600 1.400 1.300 1.200 1.400 1.400 1.400 1.300 1.300 1.400 1.400 1.400 1.400 1.400 1.500 1.400 1.400 1.400 1.300 24/02/2001
1.600 1.500 1.500 1.100 1.000 1.500 1.400 1.500 1.200 1.000 1.500 1.500 1.300 1.200 1.000 1.600 1.600 1.200 1.200 1.200 1.600 1.600 1.200 1.300 1.300 1.700 1.600 1.300 1.300 1.200 25/02/2001
1.100 1.100 1.100 0.900 0.600 1.000 1.000 1.000 0.600 0.600 1.000 1.000 0.600 0.600 0.600 0.500 0.600 0.600 0.500 0.600 0.500 0.600 0.600 0.600 0.600 0.500 0.600 0.600 0.600 0.600 26/02/2001
0.900 0.900 0.900 0.500 0.400 0.900 0.900 0.900 0.600 0.400 0.900 0.900 0.600 0.600 0.500 0.700 0.700 0.600 0.600 0.600 0.700 0.700 0.600 0.600 0.600 0.800 0.800 0.600 0.600 0.600 27/02/2001
1.000 0.900 0.900 0.800 0.500 0.900 0.900 0.900 0.800 0.600 0.900 0.900 0.800 0.800 0.600 1.300 1.400 0.800 0.800 0.800 1.400 1.400 0.800 0.800 0.800 1.400 1.400 0.900 0.800 0.800 28/02/2001
1.400 1.400 1.400 1.000 0.700 1.400 1.300 1.400 1.000 0.800 1.400 1.400 1.000 0.900 0.800 1.200 1.000 1.000 0.900 0.900 1.200 1.000 1.000 1.000 1.000 1.200 1.000 1.000 1.000 0.900 01/03/2001
0.600 0.600 0.600 0.400 0.400 0.600 0.600 0.600 0.200 0.400 0.600 0.600 0.200 0.200 0.300 0.300 0.500 0.200 0.200 0.200 0.300 0.500 0.200 0.200 0.200 0.300 0.500 0.200 0.200 0.200 02/03/2001
0.300 0.300 0.300 0.300 0.300 0.300 0.300 0.300 0.500 0.300 0.300 0.300 0.500 0.500 0.300 0.400 0.800 0.500 0.500 0.500 0.400 0.800 0.500 0.500 0.500 0.400 0.800 0.500 0.500 0.500 03/03/2001
0.700 0.700 0.700 0.600 0.400 0.700 0.700 0.700 0.400 0.400 0.700 0.700 0.400 0.400 0.400 0.400 0.400 0.400 0.400 0.400 0.400 0.400 0.400 0.400 0.400 0.400 0.400 0.400 0.400 0.400 04/03/2001
1.800 1.700 1.700 1.400 1.100 1.700 1.600 1.700 1.400 1.100 1.700 1.700 1.400 1.400 1.100 1.300 1.000 1.400 1.300 1.300 1.300 1.000 1.400 1.400 1.400 1.400 1.000 1.500 1.500 1.300 05/03/2001
2.800 2.800 2.800 2.000 2.400 2.800 2.800 2.800 2.100 2.400 2.800 2.800 2.100 2.100 2.400 2.400 2.000 2.100 2.100 2.100 2.400 2.000 2.100 2.100 2.100 2.400 2.000 2.100 2.100 2.100 06/03/2001
2.400 2.400 2.400 1.800 1.700 2.400 2.300 2.400 2.000 1.800 2.400 2.400 2.000 2.000 1.800 1.300 2.000 2.000 1.900 1.900 1.200 1.900 2.000 2.000 2.000 1.200 2.000 2.000 2.000 1.900 07/03/2001
2.000 1.900 1.900 1.600 1.500 1.900 1.800 1.900 1.700 1.500 1.900 1.900 1.700 1.700 1.600 1.900 1.800 1.700 1.600 1.600 1.900 1.800 1.700 1.700 1.700 2.000 1.900 1.800 1.800 1.600 08/03/2001
1.900 1.800 1.800 1.300 1.500 1.800 1.800 1.800 1.500 1.500 1.800 1.800 1.500 1.500 1.500 1.500 1.300 1.500 1.400 1.400 1.500 1.300 1.500 1.500 1.500 1.600 1.300 1.500 1.500 1.400 09/03/2001
1.400 1.300 1.300 1.500 1.000 1.300 1.300 1.300 1.000 1.000 1.300 1.300 1.000 1.000 1.000 0.900 0.700 1.000 1.000 1.000 0.900 0.700 1.000 1.000 1.000 1.000 0.800 1.100 1.100 1.000 10/03/2001
1.700 1.700 1.700 1.400 1.000 1.700 1.600 1.700 1.300 1.100 1.700 1.700 1.300 1.300 1.100 1.700 1.600 1.300 1.300 1.300 1.700 1.600 1.300 1.300 1.300 1.800 1.600 1.300 1.300 1.300 11/03/2001
0.900 0.900 0.900 0.900 0.600 0.900 0.800 0.900 0.600 0.600 0.900 0.900 0.600 0.600 0.600 0.700 0.700 0.600 0.600 0.600 0.700 0.600 0.600 0.600 0.600 0.800 0.700 0.700 0.700 0.600 12/03/2001
1.300 1.200 1.200 0.900 0.400 1.200 1.200 1.200 0.700 0.400 1.200 1.200 0.700 0.700 0.400 1.200 1.100 0.700 0.700 0.700 1.200 1.100 0.700 0.700 0.700 1.200 1.100 0.700 0.700 0.700 13/03/2001
2.000 1.900 1.900 1.400 1.200 1.900 1.800 1.900 1.300 1.200 1.900 1.900 1.300 1.200 1.300 2.100 2.300 1.300 1.200 1.200 2.100 2.300 1.300 1.300 1.300 2.200 2.300 1.300 1.300 1.200 14/03/2001
2.200 2.100 2.100 1.500 1.400 2.000 2.000 2.000 1.600 1.400 2.000 2.000 1.600 1.600 1.500 2.000 2.200 1.600 1.500 1.500 2.100 2.100 1.600 1.600 1.700 2.100 2.200 1.700 1.700 1.500 15/03/2001
2.000 2.000 2.000 1.600 1.500 2.000 2.000 2.000 1.700 1.500 2.000 2.000 1.700 1.700 1.500 1.700 1.500 1.700 1.700 1.700 1.700 1.500 1.700 1.700 1.700 1.700 1.600 1.700 1.700 1.700 16/03/2001
2.300 2.300 2.300 1.600 1.300 2.200 2.200 2.200 1.400 1.400 2.300 2.300 1.400 1.400 1.400 1.800 1.700 1.400 1.400 1.400 1.900 1.700 1.400 1.400 1.400 1.900 1.700 1.500 1.500 1.400 17/03/2001
2.100 2.100 2.100 1.200 0.500 2.000 2.000 2.000 0.600 0.500 2.000 2.000 0.600 0.600 0.500 1.500 1.100 0.600 0.600 0.600 1.500 1.100 0.600 0.600 0.600 1.500 1.100 0.600 0.600 0.600 18/03/2001
1.300 1.200 1.200 0.700 0.600 1.200 1.200 1.200 1.100 0.600 1.200 1.200 1.100 1.100 0.700 1.500 1.800 1.100 1.000 1.000 1.600 1.800 1.100 1.100 1.100 1.600 1.800 1.100 1.100 1.000 19/03/2001
1.700 1.700 1.600 1.600 1.300 1.600 1.600 1.600 1.500 1.300 1.600 1.600 1.500 1.400 1.300 1.500 1.600 1.500 1.400 1.400 1.500 1.600 1.500 1.500 1.500 1.500 1.600 1.500 1.500 1.400 20/03/2001
1.100 1.100 1.100 0.800 0.400 1.000 1.000 1.000 0.500 0.400 1.000 1.000 0.500 0.500 0.400 0.600 0.600 0.500 0.500 0.500 0.600 0.600 0.500 0.500 0.500 0.600 0.600 0.500 0.500 0.500 21/03/2001
2.700 2.600 2.600 1.700 1.300 2.600 2.500 2.600 1.700 1.300 2.600 2.600 1.700 1.700 1.400 2.300 2.300 1.700 1.600 1.600 2.400 2.300 1.700 1.700 1.700 2.500 2.300 1.800 1.800 1.600 22/03/2001
2.400 2.400 2.400 1.800 1.800 2.300 2.300 2.300 2.000 1.900 2.400 2.400 2.000 2.000 1.900 2.000 2.100 2.000 2.000 2.000 2.100 2.100 2.000 2.000 2.000 2.100 2.100 2.000 2.000 2.000 23/03/2001
3.800 3.800 3.800 3.100 3.200 3.700 3.700 3.700 3.400 3.300 3.800 3.800 3.500 3.400 3.400 3.600 3.700 3.400 3.400 3.400 3.700 3.700 3.400 3.500 3.500 3.700 3.700 3.500 3.500 3.400 24/03/2001
1.100 1.100 1.100 0.700 0.900 1.000 1.000 1.000 0.800 0.900 1.000 1.000 0.800 0.800 0.900 0.800 0.900 0.800 0.800 0.800 0.800 0.800 0.800 0.800 0.800 0.900 0.900 0.900 0.900 0.800 25/03/2001
1.800 1.800 1.700 1.800 1.500 1.700 1.600 1.700 1.600 1.500 1.700 1.700 1.600 1.600 1.600 1.400 1.500 1.600 1.500 1.600 1.400 1.500 1.600 1.600 1.600 1.500 1.500 1.700 1.700 1.500 26/03/2001
2.300 2.300 2.300 1.900 1.500 2.200 2.200 2.200 1.700 1.500 2.300 2.300 1.800 1.700 1.500 2.400 2.500 1.800 1.700 1.700 2.400 2.500 1.700 1.800 1.800 2.400 2.500 1.800 1.800 1.700 27/03/2001
0.900 0.900 0.900 0.700 0.700 0.900 0.900 0.900 0.900 0.800 0.900 0.900 0.900 0.800 0.800 0.800 0.800 0.900 0.800 0.800 0.900 0.800 0.900 0.900 0.900 0.900 0.800 0.900 0.900 0.800 28/03/2001
1.900 1.900 1.900 0.900 1.400 1.800 1.800 1.800 1.400 1.400 1.800 1.800 1.400 1.400 1.500 1.400 1.400 1.400 1.300 1.300 1.400 1.300 1.400 1.400 1.400 1.400 1.400 1.500 1.500 1.300 29/03/2001
2.300 2.300 2.300 2.000 1.800 2.300 2.300 2.300 1.900 1.800 2.300 2.300 1.900 1.800 1.800 2.100 2.000 1.900 1.800 1.800 2.100 2.000 1.900 1.900 1.900 2.100 2.000 1.900 1.900 1.800 30/03/2001
2.900 2.800 2.800 2.400 1.400 2.800 2.800 2.800 2.100 1.400 2.800 2.800 2.100 2.100 1.500 2.600 2.900 2.100 2.100 2.100 2.700 2.900 2.100 2.100 2.100 2.700 2.900 2.100 2.100 2.100 31/03/2001
3.800 3.800 3.800 3.300 2.400 3.800 3.800 3.800 2.900 2.400 3.800 3.800 3.000 2.900 2.500 3.300 3.300 3.000 2.900 2.900 3.400 3.300 2.900 3.000 3.000 3.400 3.300 3.000 3.000 2.900 01/04/2001
4.700 4.700 4.700 3.700 3.300 4.700 4.700 4.700 3.600 3.300 4.700 4.700 3.600 3.600 3.300 4.100 3.800 3.600 3.600 3.600 4.100 3.800 3.600 3.600 3.600 4.100 3.800 3.600 3.600 3.600 02/04/2001
3.000 3.000 3.000 2.200 2.100 3.000 2.900 3.000 1.900 2.100 3.000 3.000 1.900 1.900 2.100 2.300 2.100 1.900 1.900 1.900 2.400 2.100 1.900 1.900 1.900 2.400 2.100 2.000 1.900 1.900 03/04/2001
3.100 3.100 3.100 2.200 1.800 3.100 3.100 3.100 2.200 1.800 3.100 3.100 2.200 2.100 1.800 2.600 2.200 2.200 2.100 2.100 2.700 2.200 2.200 2.200 2.200 2.700 2.200 2.200 2.200 2.100 04/04/2001
2.100 2.100 2.100 1.300 1.600 2.100 2.100 2.100 1.400 1.600 2.100 2.100 1.400 1.400 1.600 1.900 2.000 1.400 1.400 1.400 1.900 2.000 1.400 1.400 1.400 1.900 2.000 1.400 1.400 1.400 05/04/2001
1.300 1.200 1.200 0.700 0.700 1.200 1.200 1.200 1.100 0.700 1.200 1.200 1.100 1.100 0.700 1.400 1.500 1.100 1.100 1.100 1.400 1.500 1.100 1.100 1.100 1.500 1.600 1.100 1.100 1.100 06/04/2001
1.000 1.000 1.000 0.700 0.800 0.900 0.900 0.900 1.200 0.800 0.900 0.900 1.200 1.200 0.800 1.100 1.400 1.200 1.100 1.200 1.100 1.400 1.200 1.200 1.200 1.200 1.500 1.300 1.200 1.200 07/04/2001
2.700 2.700 2.700 2.200 2.100 2.600 2.600 2.600 2.200 2.100 2.600 2.600 2.300 2.200 2.100 2.900 2.900 2.200 2.200 2.200 3.000 2.900 2.200 2.300 2.300 3.000 3.000 2.300 2.300 2.200 08/04/2001
1.400 1.300 1.300 0.800 0.800 1.300 1.300 1.300 0.700 0.800 1.300 1.300 0.700 0.700 0.800 1.200 1.600 0.700 0.700 0.700 1.200 1.600 0.700 0.700 0.700 1.200 1.600 0.700 0.700 0.700 09/04/2001
2.500 2.500 2.400 1.600 2.000 2.400 2.400 2.400 2.000 2.000 2.400 2.400 2.000 2.000 2.000 2.200 2.300 2.000 2.000 2.000 2.200 2.300 2.000 2.000 2.000 2.200 2.300 2.000 2.000 2.000 10/04/2001
3.000 3.000 3.000 2.600 2.500 2.900 2.900 2.900 2.600 2.500 3.000 3.000 2.600 2.500 2.500 2.700 2.600 2.600 2.500 2.500 2.700 2.600 2.600 2.600 2.600 2.800 2.600 2.600 2.600 2.500 11/04/2001
3.100 3.100 3.100 2.400 2.200 3.000 3.000 3.000 2.500 2.200 3.100 3.100 2.600 2.500 2.300 2.900 2.900 2.500 2.500 2.500 2.900 2.900 2.500 2.600 2.600 3.000 3.000 2.600 2.600 2.500 12/04/2001
2.600 2.600 2.600 2.400 2.300 2.600 2.500 2.600 2.500 2.300 2.600 2.600 2.500 2.500 2.300 2.600 2.700 2.500 2.500 2.500 2.600 2.700 2.500 2.500 2.500 2.600 2.700 2.600 2.600 2.500 13/04/2001
3.100 3.100 3.100 2.500 1.900 3.100 3.000 3.100 2.400 2.000 3.100 3.100 2.400 2.400 2.000 2.900 3.100 2.400 2.400 2.400 3.000 3.100 2.400 2.400 2.400 3.000 3.100 2.400 2.400 2.400 14/04/2001
1.900 1.900 1.900 1.100 1.300 1.800 1.800 1.800 1.200 1.400 1.800 1.800 1.300 1.200 1.400 1.500 1.400 1.300 1.200 1.200 1.500 1.400 1.200 1.300 1.300 1.500 1.400 1.300 1.300 1.200 15/04/2001
3.500 3.500 3.500 2.800 2.800 3.400 3.400 3.400 3.000 2.900 3.500 3.500 3.000 3.000 2.900 3.200 3.100 3.000 3.000 3.000 3.300 3.000 3.000 3.100 3.100 3.400 3.100 3.100 3.100 3.000 16/04/2001
3.000 3.000 3.000 2.000 2.600 3.000 3.000 3.000 2.700 2.600 3.000 3.000 2.700 2.700 2.700 3.400 3.500 2.700 2.700 2.700 3.400 3.500 2.700 2.700 2.700 3.400 3.500 2.800 2.800 2.700 17/04/2001
2.400 2.400 2.400 2.100 2.100 2.300 2.300 2.300 2.000 2.100 2.300 2.300 2.000 2.000 2.100 1.900 1.800 2.000 2.000 2.000 1.900 1.800 2.000 2.000 2.000 1.900 1.800 2.100 2.100 2.000 18/04/2001
2.900 2.800 2.800 2.100 2.100 2.800 2.700 2.800 2.400 2.100 2.800 2.800 2.400 2.300 2.200 2.800 2.700 2.400 2.300 2.300 2.800 2.700 2.400 2.400 2.400 2.900 2.700 2.500 2.500 2.300 19/04/2001
2.300 2.200 2.200 1.200 1.700 2.200 2.200 2.200 1.800 1.700 2.200 2.200 1.800 1.800 1.800 2.100 2.100 1.800 1.800 1.800 2.100 2.100 1.800 1.800 1.800 2.200 2.100 1.800 1.800 1.800 20/04/2001
2.800 2.800 2.800 2.000 1.800 2.800 2.800 2.800 2.200 1.800 2.800 2.800 2.200 2.100 1.900 2.500 2.300 2.200 2.100 2.100 2.500 2.300 2.200 2.200 2.200 2.500 2.300 2.200 2.200 2.100 21/04/2001
2.000 2.000 2.000 1.800 1.900 2.000 1.900 2.000 1.600 1.900 2.000 2.000 1.600 1.600 1.900 1.100 1.200 1.600 1.600 1.600 1.100 1.200 1.600 1.600 1.600 1.100 1.200 1.600 1.600 1.600 22/04/2001
2.500 2.500 2.500 2.200 2.100 2.400 2.400 2.400 1.700 2.100 2.400 2.400 1.700 1.700 2.100 2.800 2.900 1.700 1.700 1.700 2.800 2.900 1.700 1.700 1.700 2.800 2.900 1.700 1.700 1.700 23/04/2001
3.200 3.100 3.100 2.300 2.700 3.100 3.000 3.100 2.400 2.700 3.100 3.100 2.500 2.400 2.700 2.500 2.200 2.400 2.400 2.400 2.500 2.200 2.400 2.500 2.500 2.600 2.200 2.500 2.500 2.400 24/04/2001
3.000 3.000 3.000 1.600 2.000 3.000 3.000 3.000 2.600 2.000 3.000 3.000 2.600 2.500 2.000 2.800 3.300 2.600 2.500 2.500 2.800 3.300 2.500 2.600 2.600 2.800 3.300 2.600 2.600 2.500 25/04/2001
3.000 3.000 3.000 2.400 2.700 3.000 3.000 3.000 2.600 2.700 3.000 3.000 2.600 2.500 2.700 2.800 2.800 2.600 2.500 2.500 2.800 2.800 2.600 2.600 2.600 2.900 2.800 2.600 2.600 2.500 26/04/2001
3.000 3.000 2.900 3.000 2.500 2.900 2.900 2.900 2.600 2.500 2.900 2.900 2.600 2.600 2.500 2.800 2.800 2.600 2.600 2.600 2.800 2.800 2.600 2.700 2.700 2.900 2.800 2.700 2.700 2.600 27/04/2001
1.800 1.700 1.700 1.300 1.800 1.700 1.600 1.700 1.700 1.800 1.700 1.700 1.700 1.700 1.800 1.800 1.900 1.700 1.600 1.700 1.800 1.900 1.700 1.700 1.700 1.900 2.000 1.800 1.700 1.700 28/04/2001
1.300 1.300 1.300 1.000 0.400 1.300 1.300 1.300 0.600 0.400 1.300 1.300 0.600 0.600 0.400 1.300 0.800 0.600 0.600 0.600 1.300 0.800 0.600 0.600 0.600 1.300 0.800 0.600 0.600 0.600 29/04/2001
0.600 0.600 0.600 0.500 0.600 0.600 0.600 0.600 0.500 0.500 0.600 0.600 0.400 0.500 0.500 0.500 0.500 0.500 0.500 0.500 0.500 0.500 0.500 0.400 0.400 0.500 0.500 0.400 0.400 0.500 30/04/2001
2.500 2.500 2.500 2.200 2.000 2.500 2.400 2.500 2.100 2.100 2.500 2.500 2.100 2.100 2.100 2.600 2.500 2.100 2.000 2.000 2.600 2.500 2.100 2.100 2.100 2.600 2.600 2.100 2.100 2.000 01/05/2001
3.500 3.500 3.400 3.100 2.300 3.400 3.400 3.400 2.800 2.400 3.400 3.400 2.800 2.800 2.400 3.300 3.100 2.800 2.700 2.700 3.300 3.100 2.800 2.800 2.800 3.300 3.100 2.900 2.900 2.700 02/05/2001
3.600 3.500 3.500 2.400 2.400 3.400 3.400 3.400 2.600 2.400 3.400 3.500 2.700 2.600 2.400 3.300 3.200 2.700 2.600 2.600 3.400 3.200 2.600 2.700 2.700 3.400 3.300 2.700 2.700 2.600 03/05/2001
3.000 3.000 3.000 2.800 2.300 2.900 2.900 2.900 2.600 2.400 3.000 3.000 2.600 2.600 2.400 2.300 2.600 2.600 2.500 2.600 2.400 2.600 2.600 2.600 2.600 2.400 2.600 2.700 2.700 2.500 04/05/2001
0.900 0.900 0.900 0.700 0.600 0.800 0.800 0.800 0.700 0.600 0.800 0.800 0.700 0.600 0.700 0.900 0.800 0.700 0.600 0.600 0.900 0.800 0.700 0.700 0.700 0.900 0.800 0.700 0.700 0.600 05/05/2001
1.200 1.200 1.200 1.000 0.900 1.100 1.100 1.100 0.900 0.900 1.200 1.200 0.900 0.900 0.900 1.000 0.900 0.900 0.900 0.900 1.000 0.900 0.900 0.900 0.900 1.000 0.900 0.900 0.900 0.900 06/05/2001
1.700 1.700 1.700 1.500 1.600 1.700 1.700 1.700 1.700 1.700 1.700 1.700 1.700 1.700 1.700 1.900 2.000 1.700 1.700 1.700 1.900 2.000 1.700 1.700 1.700 1.900 2.000 1.700 1.700 1.700 07/05/2001
2.300 2.300 2.300 1.900 2.200 2.200 2.200 2.200 2.400 2.200 2.300 2.300 2.400 2.300 2.300 2.400 3.100 2.400 2.300 2.300 2.500 3.100 2.400 2.400 2.400 2.500 3.100 2.400 2.400 2.300 08/05/2001
4.300 4.200 4.200 3.300 3.100 4.100 4.100 4.100 3.500 3.200 4.200 4.200 3.600 3.500 3.200 3.800 4.000 3.500 3.500 3.500 3.900 4.000 3.500 3.600 3.600 3.900 4.000 3.600 3.600 3.500 09/05/2001
3.100 3.000 3.000 2.200 1.200 3.000 2.900 3.000 1.400 1.200 3.000 3.000 1.400 1.400 1.300 1.900 1.500 1.400 1.300 1.300 2.000 1.400 1.400 1.400 1.400 2.000 1.500 1.500 1.500 1.300 10/05/2001
3.100 3.100 3.100 2.500 2.300 3.100 3.100 3.100 2.600 2.400 3.100 3.100 2.700 2.600 2.400 3.200 3.200 2.600 2.600 2.600 3.200 3.200 2.600 2.700 2.700 3.300 3.200 2.700 2.700 2.600 11/05/2001
5.500 5.500 5.500 5.400 5.000 5.500 5.500 5.500 5.200 5.100 5.500 5.500 5.200 5.200 5.100 5.500 5.300 5.200 5.100 5.100 5.500 5.200 5.200 5.200 5.200 5.600 5.300 5.300 5.300 5.100 12/05/2001
3.200 3.100 3.100 2.600 2.600 3.000 3.000 3.000 2.300 2.600 3.000 3.100 2.300 2.300 2.600 2.800 2.700 2.300 2.300 2.300 2.800 2.700 2.300 2.300 2.300 2.800 2.700 2.300 2.300 2.300 13/05/2001
2.800 2.800 2.800 2.600 2.600 2.800 2.800 2.800 2.700 2.600 2.800 2.800 2.700 2.700 2.600 1.800 2.900 2.700 2.700 2.700 1.800 2.900 2.700 2.700 2.700 1.800 2.900 2.700 2.700 2.700 14/05/2001
3.900 3.900 3.900 2.900 2.800 3.900 3.900 3.900 3.100 2.800 3.900 3.900 3.100 3.100 2.800 3.800 3.800 3.100 3.100 3.100 3.800 3.800 3.100 3.100 3.100 3.900 3.800 3.100 3.100 3.100 15/05/2001
3.200 3.200 3.200 2.600 2.000 3.100 3.100 3.100 2.000 2.000 3.100 3.100 2.100 2.000 2.100 2.500 2.000 2.000 2.000 2.000 2.600 2.000 2.000 2.100 2.100 2.600 2.000 2.100 2.100 2.000 16/05/2001
4.100 4.100 4.100 4.100 3.000 4.100 4.000 4.100 3.600 3.000 4.100 4.100 3.600 3.600 3.000 3.800 3.600 3.600 3.600 3.600 3.800 3.600 3.600 3.600 3.600 3.800 3.700 3.700 3.700 3.600 17/05/2001
4.000 3.900 3.900 3.300 3.000 3.900 3.900 3.900 3.300 3.000 3.900 3.900 3.300 3.300 3.100 3.500 3.400 3.300 3.300 3.300 3.600 3.300 3.300 3.300 3.300 3.600 3.400 3.400 3.400 3.300 18/05/2001
4.500 4.400 4.400 3.800 3.900 4.300 4.300 4.300 4.000 3.900 4.400 4.400 4.000 4.000 4.000 4.300 4.600 4.000 3.900 3.900 4.300 4.600 4.000 4.000 4.000 4.300 4.600 4.000 4.000 3.900 19/05/2001
5.500 5.400 5.400 4.600 4.700 5.300 5.300 5.300 4.700 4.700 5.400 5.400 4.700 4.700 4.700 5.300 4.900 4.700 4.700 4.700 5.300 4.900 4.700 4.800 4.800 5.400 4.900 4.800 4.800 4.700 20/05/2001
5.800 5.800 5.800 4.500 4.600 5.700 5.600 5.700 4.700 4.600 5.700 5.700 4.700 4.600 4.700 5.200 4.900 4.700 4.600 4.600 5.200 4.900 4.700 4.700 4.700 5.300 4.900 4.700 4.700 4.600 21/05/2001
4.700 4.700 4.600 4.600 4.100 4.600 4.600 4.600 3.800 4.100 4.600 4.600 3.800 3.700 4.100 3.900 3.500 3.800 3.700 3.700 3.900 3.500 3.800 3.800 3.800 4.000 3.500 3.800 3.800 3.700 22/05/2001
3.700 3.700 3.700 3.700 2.800 3.600 3.600 3.600 2.300 2.800 3.600 3.600 2.300 2.300 2.900 2.600 1.700 2.300 2.200 2.300 2.600 1.700 2.300 2.300 2.300 2.600 1.700 2.300 2.300 2.300 23/05/2001
4.000 3.900 3.900 3.700 2.600 3.800 3.800 3.800 3.400 2.600 3.900 3.900 3.400 3.400 2.700 4.000 4.200 3.400 3.300 3.300 4.100 4.200 3.400 3.400 3.400 4.200 4.200 3.500 3.500 3.300 24/05/2001
4.500 4.400 4.400 3.700 3.900 4.400 4.400 4.400 3.900 3.900 4.400 4.400 3.900 3.900 4.000 4.500 4.400 3.900 3.900 3.900 4.500 4.400 3.900 3.900 3.900 4.600 4.400 4.000 4.000 3.900 25/05/2001
5.400 5.400 5.300 4.300 3.100 5.300 5.200 5.300 4.000 3.200 5.300 5.300 4.000 3.900 3.300 4.900 4.600 4.000 3.900 3.900 5.000 4.600 4.000 4.000 4.000 5.100 4.600 4.100 4.100 3.900 26/05/2001
6.000 6.000 5.900 4.500 3.300 5.900 5.800 5.900 4.200 3.300 5.900 5.900 4.200 4.100 3.400 5.400 5.300 4.200 4.100 4.100 5.500 5.300 4.200 4.200 4.200 5.500 5.300 4.300 4.300 4.100 27/05/2001
6.700 6.600 6.600 3.900 2.900 6.600 6.600 6.600 4.100 3.000 6.600 6.600 4.100 4.000 3.000 6.300 6.100 4.100 4.000 4.000 6.300 6.100 4.100 4.100 4.100 6.300 6.100 4.100 4.100 4.000 28/05/2001
7.200 7.200 7.200 6.100 6.000 7.200 7.200 7.200 6.500 6.000 7.200 7.200 6.500 6.500 6.000 7.200 7.200 6.500 6.500 6.500 7.200 7.200 6.500 6.500 6.500 7.200 7.200 6.500 6.500 6.500 29/05/2001
6.500 6.500 6.500 5.600 5.800 6.500 6.500 6.500 5.800 5.800 6.500 6.500 5.800 5.800 5.800 6.100 6.200 5.800 5.800 5.800 6.100 6.200 5.800 5.800 5.800 6.100 6.200 5.800 5.800 5.800 30/05/2001
6.500 6.500 6.500 5.200 4.600 6.400 6.400 6.400 5.100 4.700 6.400 6.500 5.100 5.100 4.700 6.700 6.200 5.100 5.100 5.100 6.700 6.200 5.100 5.100 5.100 6.800 6.200 5.200 5.200 5.100 31/05/2001
6.200 6.200 6.100 4.500 4.500 6.100 6.100 6.100 4.900 4.500 6.100 6.100 4.900 4.800 4.600 5.400 5.300 4.900 4.800 4.800 5.400 5.300 4.900 4.900 4.900 5.500 5.300 4.900 4.900 4.800 01/06/2001
4.600 4.600 4.600 4.000 4.000 4.600 4.600 4.600 4.000 4.100 4.600 4.600 4.000 4.000 4.100 4.600 4.800 4.000 4.000 4.000 4.600 4.800 4.000 4.100 4.100 4.600 4.800 4.100 4.100 4.000 02/06/2001
5.700 5.700 5.700 4.700 4.400 5.700 5.700 5.700 4.700 4.400 5.700 5.700 4.700 4.700 4.500 5.500 5.700 4.700 4.600 4.600 5.600 5.700 4.700 4.700 4.700 5.600 5.800 4.800 4.800 4.600 03/06/2001
6.300 6.300 6.300 5.400 5.300 6.300 6.400 6.300 5.400 5.200 6.300 6.300 5.400 5.400 5.200 6.200 6.200 5.400 5.400 5.400 6.200 6.200 5.400 5.400 5.400 6.100 6.200 5.400 5.400 5.400 04/06/2001
5.400 5.500 5.500 4.200 3.800 5.500 5.400 5.500 3.800 3.800 5.500 5.500 3.800 3.800 3.800 4.800 4.400 3.800 3.800 3.800 4.800 4.400 3.800 3.800 3.800 4.700 4.400 3.800 3.800 3.800 05/06/2001
4.800 4.800 4.800 3.700 3.600 4.800 4.700 4.800 3.900 3.600 4.800 4.800 3.900 3.900 3.700 4.800 5.000 3.900 3.800 3.900 4.900 5.000 3.900 3.900 3.900 4.900 5.000 4.000 4.000 3.900 06/06/2001
3.700 3.700 3.700 3.800 4.000 3.700 3.600 3.700 3.800 4.000 3.700 3.700 3.800 3.700 4.100 3.900 4.200 3.800 3.700 3.700 4.000 4.200 3.800 3.800 3.800 4.000 4.300 3.800 3.800 3.700 07/06/2001
2.100 2.000 2.000 0.800 1.300 2.000 2.000 2.000 0.900 1.300 2.000 2.000 0.900 0.900 1.400 1.700 1.700 0.900 0.900 0.900 1.800 1.700 0.900 0.900 0.900 1.800 1.700 0.900 0.900 0.900 08/06/2001
3.200 3.200 3.200 2.900 3.200 3.200 3.100 3.200 3.300 3.200 3.200 3.200 3.300 3.300 3.200 3.600 3.500 3.300 3.300 3.300 3.600 3.500 3.300 3.300 3.300 3.600 3.500 3.400 3.400 3.300 09/06/2001
4.200 4.200 4.200 4.000 3.800 4.200 4.200 4.200 4.000 3.900 4.200 4.200 4.000 3.900 3.900 4.300 4.100 4.000 3.900 3.900 4.300 4.100 4.000 4.000 4.000 4.300 4.200 4.000 4.000 3.900 10/06/2001
5.500 5.500 5.500 4.600 4.400 5.500 5.500 5.500 4.600 4.400 5.500 5.500 4.600 4.600 4.500 4.700 4.700 4.600 4.600 4.600 4.700 4.700 4.600 4.600 4.600 4.800 4.700 4.600 4.600 4.600 11/06/2001
5.800 5.800 5.800 4.000 3.900 5.900 5.900 5.900 4.000 3.900 5.900 5.900 4.000 4.000 3.800 4.900 4.600 4.000 4.000 4.000 4.800 4.600 4.000 4.000 4.000 4.800 4.600 3.900 3.900 4.000 12/06/2001
4.800 4.800 4.800 4.000 4.300 4.800 4.800 4.800 4.600 4.300 4.800 4.800 4.600 4.600 4.400 5.100 5.100 4.600 4.600 4.600 5.100 5.100 4.600 4.600 4.600 5.100 5.100 4.700 4.700 4.600 13/06/2001
4.800 4.800 4.700 3.600 3.000 4.700 4.700 4.700 3.400 3.000 4.700 4.700 3.400 3.400 3.000 4.300 4.300 3.400 3.400 3.400 4.300 4.300 3.400 3.400 3.400 4.300 4.400 3.500 3.500 3.400 14/06/2001
4.100 4.000 4.000 2.800 2.200 4.000 3.900 4.000 2.500 2.300 4.000 4.000 2.500 2.500 2.300 3.900 4.100 2.500 2.500 2.500 4.000 4.100 2.500 2.600 2.600 4.000 4.200 2.600 2.600 2.500 15/06/2001
2.700 2.700 2.700 2.100 2.300 2.700 2.700 2.700 2.300 2.300 2.700 2.700 2.300 2.300 2.300 1.900 2.000 2.300 2.300 2.300 1.900 2.000 2.300 2.300 2.300 1.900 2.000 2.300 2.300 2.300 16/06/2001
2.600 2.600 2.600 1.500 1.800 2.500 2.500 2.500 1.900 1.800 2.500 2.500 1.900 1.900 1.900 2.100 3.000 1.900 1.900 1.900 2.100 2.900 1.900 1.900 1.900 2.100 3.000 2.000 1.900 1.900 17/06/2001
4.900 4.900 4.900 4.400 4.600 4.900 4.800 4.900 4.300 4.600 4.900 4.900 4.300 4.300 4.700 4.500 4.600 4.300 4.300 4.300 4.600 4.600 4.300 4.400 4.400 4.600 4.600 4.400 4.400 4.300 18/06/2001
5.900 5.900 5.900 4.800 4.800 6.000 6.000 6.000 5.000 4.800 6.000 6.000 5.000 5.000 4.900 5.800 5.900 5.000 5.000 5.000 5.800 5.900 5.000 5.000 5.000 5.800 5.900 5.000 5.000 5.000 19/06/2001
6.900 6.800 6.800 6.400 6.700 6.800 6.700 6.800 6.600 6.700 6.800 6.800 6.600 6.600 6.700 7.000 7.100 6.600 6.600 6.600 7.000 7.100 6.600 6.600 6.600 6.900 7.100 6.600 6.600 6.600 20/06/2001
7.300 7.300 7.300 6.700 6.700 7.300 7.200 7.300 6.900 6.700 7.300 7.300 6.900 6.900 6.700 7.100 7.100 6.900 6.900 6.900 7.100 7.100 6.900 6.900 6.900 7.000 7.100 6.900 6.900 6.900 21/06/2001
7.000 7.000 7.000 6.100 6.200 7.000 6.900 7.000 6.300 6.200 7.000 7.000 6.300 6.300 6.200 6.700 6.700 6.300 6.300 6.300 6.700 6.700 6.300 6.300 6.300 6.700 6.700 6.300 6.300 6.300 22/06/2001
6.800 6.800 6.800 5.900 5.900 6.800 6.800 6.800 5.700 5.900 6.800 6.800 5.700 5.700 5.900 5.900 5.600 5.700 5.700 5.700 5.900 5.600 5.700 5.700 5.700 5.800 5.600 5.800 5.800 5.700 23/06/2001
6.600 6.500 6.500 5.800 5.800 6.400 6.400 6.400 6.100 5.900 6.500 6.500 6.100 6.100 5.900 6.200 6.200 6.100 6.000 6.100 6.300 6.200 6.100 6.200 6.200 6.400 6.300 6.200 6.200 6.100 24/06/2001
8.000 8.000 8.100 7.800 7.300 8.100 8.200 8.100 7.100 7.300 8.100 8.100 7.100 7.100 7.300 7.300 7.000 7.100 7.100 7.100 7.200 7.000 7.100 7.100 7.100 7.100 7.000 7.100 7.100 7.100 25/06/2001
5.200 5.100 5.100 4.700 5.100 5.000 4.900 5.000 4.900 5.200 5.000 5.000 5.000 4.900 5.200 4.700 4.900 5.000 4.900 4.900 4.800 4.900 4.900 5.000 5.000 4.800 5.000 5.000 5.000 4.900 26/06/2001
4.000 4.000 4.000 3.600 2.700 3.900 3.900 3.900 3.400 2.700 4.000 4.000 3.500 3.400 2.800 3.300 4.300 3.400 3.400 3.400 3.400 4.300 3.400 3.500 3.500 3.500 4.300 3.500 3.500 3.400 27/06/2001
5.700 5.700 5.700 4.700 4.500 5.600 5.600 5.600 4.500 4.500 5.600 5.600 4.500 4.400 4.500 4.700 4.700 4.500 4.400 4.400 4.800 4.600 4.500 4.500 4.500 4.800 4.700 4.500 4.500 4.400 28/06/2001
6.700 6.700 6.600 5.500 6.000 6.600 6.600 6.600 6.000 6.000 6.600 6.600 6.000 6.000 6.000 6.700 6.800 6.000 6.000 6.000 6.700 6.800 6.000 6.000 6.000 6.600 6.800 6.000 6.000 6.000 29/06/2001
6.800 6.800 6.800 4.900 5.100 6.700 6.700 6.700 5.400 5.100 6.700 6.800 5.400 5.400 5.100 5.900 6.300 5.400 5.400 5.400 6.000 6.300 5.400 5.400 5.400 6.100 6.400 5.400 5.400 5.400 30/06/2001
6.900 6.800 6.800 5.900 6.200 6.800 6.700 6.800 6.300 6.200 6.800 6.800 6.300 6.300 6.200 6.200 5.900 6.300 6.300 6.300 6.200 5.800 6.300 6.300 6.300 6.300 5.900 6.300 6.300 6.300 01/07/2001
8.100 8.200 8.200 7.400 7.700 8.200 8.200 8.200 7.500 7.700 8.200 8.200 7.500 7.500 7.700 8.000 7.900 7.500 7.500 7.500 7.900 7.900 7.500 7.500 7.500 7.800 7.900 7.400 7.400 7.500 02/07/2001
8.300 8.300 8.300 6.900 7.000 8.300 8.300 8.300 6.900 7.000 8.300 8.300 6.900 6.900 7.000 7.100 7.000 6.900 6.900 6.900 7.200 7.000 6.900 6.900 6.900 7.200 7.000 6.900 6.900 6.900 03/07/2001
1.400 1.400 1.400 0.900 0.800 1.400 1.300 1.400 0.800 0.800 1.400 1.400 0.800 0.700 0.900 1.200 1.100 0.800 0.700 0.700 1.200 1.100 0.800 0.800 0.800 1.200 1.100 0.800 0.800 0.700 04/07/2001
3.400 3.400 3.400 2.900 2.400 3.400 3.300 3.400 2.900 2.400 3.400 3.400 2.900 2.900 2.400 3.500 3.500 2.900 2.900 2.900 3.600 3.500 2.900 2.900 2.900 3.600 3.600 2.900 2.900 2.900 05/07/2001
1.200 1.200 1.200 1.000 1.300 1.200 1.200 1.200 1.000 1.300 1.200 1.200 1.000 1.000 1.300 1.000 0.900 1.000 1.000 1.000 1.000 0.900 1.000 1.000 1.000 1.000 0.900 1.100 1.000 1.000 06/07/2001
3.900 3.900 3.900 2.700 3.100 3.900 3.900 3.900 3.200 3.100 3.900 3.900 3.200 3.100 3.100 3.600 3.500 3.200 3.100 3.100 3.700 3.500 3.200 3.200 3.200 3.700 3.600 3.200 3.200 3.100 07/07/2001
4.700 4.700 4.700 4.100 3.000 4.700 4.600 4.700 3.300 3.000 4.700 4.700 3.400 3.300 3.100 4.300 4.100 3.400 3.300 3.300 4.300 4.100 3.300 3.400 3.400 4.400 4.100 3.400 3.400 3.300 08/07/2001
5.200 5.200 5.200 3.400 3.400 5.100 5.100 5.100 3.100 3.500 5.200 5.200 3.100 3.100 3.500 3.800 3.400 3.100 3.000 3.000 3.900 3.400 3.100 3.100 3.100 3.900 3.500 3.100 3.100 3.000 09/07/2001
5.100 5.100 5.000 4.400 4.600 5.000 5.000 5.000 4.300 4.600 5.000 5.000 4.300 4.300 4.700 4.400 4.300 4.300 4.200 4.300 4.400 4.300 4.300 4.300 4.300 4.400 4.400 4.300 4.300 4.200 10/07/2001
4.000 4.000 4.000 4.100 3.100 4.000 3.900 4.000 3.400 3.100 4.000 4.000 3.500 3.400 3.200 3.500 3.600 3.500 3.400 3.400 3.500 3.600 3.400 3.500 3.500 3.500 3.700 3.500 3.500 3.400 11/07/2001
3.000 3.000 3.000 1.600 2.100 3.000 3.000 3.000 2.400 2.100 3.000 3.000 2.400 2.400 2.100 3.300 3.400 2.400 2.400 2.400 3.200 3.400 2.400 2.400 2.400 3.200 3.400 2.400 2.400 2.400 12/07/2001
2.100 2.100 2.000 1.400 2.900 2.000 2.000 2.000 2.600 2.900 2.000 2.000 2.700 2.600 3.000 2.500 3.200 2.700 2.600 2.600 2.500 3.200 2.600 2.700 2.700 2.600 3.300 2.700 2.700 2.600 13/07/2001
1.700 1.700 1.600 1.400 1.200 1.600 1.600 1.600 1.100 1.200 1.600 1.600 1.100 1.100 1.300 1.600 1.300 1.100 1.000 1.000 1.600 1.300 1.100 1.100 1.100 1.700 1.400 1.200 1.200 1.000 14/07/2001
4.500 4.500 4.500 3.400 3.100 4.500 4.500 4.500 3.300 3.100 4.500 4.500 3.300 3.300 3.100 4.000 3.900 3.300 3.300 3.300 4.100 3.900 3.300 3.300 3.300 4.100 3.900 3.400 3.400 3.300 15/07/2001
4.600 4.600 4.600 3.500 3.200 4.600 4.500 4.600 3.400 3.300 4.600 4.600 3.400 3.400 3.300 4.000 3.800 3.400 3.300 3.300 4.100 3.800 3.400 3.400 3.400 4.100 3.800 3.400 3.400 3.300 16/07/2001
2.100 2.100 2.100 1.600 1.600 2.100 2.100 2.100 1.600 1.600 2.100 2.100 1.600 1.600 1.600 2.400 3.100 1.600 1.600 1.600 2.400 3.100 1.600 1.600 1.600 2.400 3.100 1.700 1.600 1.600 17/07/2001
3.500 3.500 3.500 2.200 2.100 3.400 3.300 3.400 2.700 2.200 3.400 3.400 2.700 2.700 2.200 3.100 3.100 2.700 2.600 2.600 3.100 3.100 2.700 2.700 2.700 3.200 3.100 2.800 2.800 2.600 18/07/2001
3.600 3.600 3.600 2.200 2.200 3.500 3.500 3.500 2.700 2.200 3.600 3.600 2.700 2.600 2.200 2.500 2.700 2.700 2.600 2.600 2.500 2.700 2.700 2.700 2.700 2.500 2.800 2.800 2.700 2.600 19/07/2001
4.900 4.800 4.800 4.100 4.000 4.800 4.700 4.800 4.000 4.000 4.800 4.800 4.100 4.000 4.100 4.100 4.200 4.100 4.000 4.000 4.200 4.200 4.000 4.100 4.100 4.200 4.300 4.100 4.100 4.000 20/07/2001
5.700 5.700 5.600 5.000 5.200 5.600 5.600 5.600 5.400 5.200 5.600 5.600 5.400 5.400 5.300 5.600 5.700 5.400 5.300 5.400 5.600 5.700 5.400 5.400 5.400 5.700 5.700 5.500 5.500 5.300 21/07/2001
6.200 6.200 6.200 5.400 5.800 6.200 6.100 6.200 6.100 5.800 6.200 6.200 6.100 6.100 5.900 6.100 6.100 6.100 6.100 6.100 6.100 6.100 6.100 6.100 6.100 6.100 6.100 6.100 6.100 6.100 22/07/2001
4.800 4.800 4.800 4.300 4.700 4.800 4.800 4.800 4.400 4.700 4.800 4.800 4.400 4.400 4.700 4.700 4.200 4.400 4.400 4.400 4.700 4.200 4.400 4.500 4.500 4.700 4.200 4.500 4.500 4.400 23/07/2001
6.300 6.300 6.200 5.400 5.100 6.200 6.100 6.200 5.200 5.200 6.200 6.200 5.200 5.100 5.200 5.700 5.600 5.200 5.100 5.100 5.800 5.500 5.100 5.200 5.200 5.800 5.600 5.200 5.200 5.100 24/07/2001
5.900 5.900 5.900 4.800 4.700 5.900 5.800 5.900 4.600 4.800 5.900 5.900 4.600 4.600 4.800 5.000 4.900 4.600 4.500 4.500 5.100 4.900 4.600 4.600 4.600 5.100 4.900 4.600 4.600 4.500 25/07/2001
5.500 5.500 5.400 4.600 4.800 5.400 5.300 5.400 4.600 4.800 5.400 5.400 4.600 4.500 4.800 4.700 4.300 4.600 4.500 4.500 4.700 4.300 4.600 4.600 4.600 4.700 4.300 4.700 4.700 4.500 26/07/2001
4.300 4.300 4.300 3.400 3.000 4.200 4.200 4.200 3.100 3.000 4.200 4.200 3.100 3.100 3.000 3.700 3.600 3.100 3.100 3.100 3.700 3.600 3.100 3.100 3.100 3.800 3.600 3.100 3.100 3.100 27/07/2001
2.200 2.100 2.100 2.200 2.400 2.100 2.100 2.100 2.400 2.400 2.100 2.100 2.400 2.400 2.400 2.500 2.900 2.400 2.400 2.400 2.500 2.900 2.400 2.400 2.400 2.600 2.900 2.400 2.400 2.400 28/07/2001
5.800 5.800 5.800 5.100 5.100 5.700 5.700 5.700 5.200 5.100 5.700 5.700 5.200 5.200 5.100 5.300 5.200 5.200 5.100 5.100 5.400 5.200 5.200 5.200 5.200 5.500 5.300 5.300 5.300 5.100 29/07/2001
6.500 6.500 6.500 6.200 5.600 6.400 6.400 6.400 6.000 5.600 6.400 6.400 6.000 6.000 5.600 6.300 6.500 6.000 6.000 6.000 6.300 6.500 6.000 6.000 6.000 6.400 6.500 6.000 6.000 6.000 30/07/2001
6.700 6.700 6.600 4.900 4.300 6.600 6.600 6.600 4.500 4.400 6.600 6.600 4.500 4.400 4.400 5.500 5.100 4.500 4.400 4.400 5.600 5.100 4.500 4.500 4.500 5.600 5.200 4.500 4.500 4.400 31/07/2001
