# 6448 6449 6450 6451 6452 6528 6529 6530 6531 6532 6610 6611 6612 6613 6614 6693 6694 6695 6696 6697 6776 6777 6778 6779 6780 6859 6860 6861 6862 6863 Date
1.100 1.000 1.000 0.700 1.100 1.000 1.000 1.000 0.900 1.100 1.000 1.000 0.900 0.900 1.100 1.100 1.000 0.900 1.000 0.900 1.100 0.900 0.900 0.900 0.900 1.200 1.000 0.900 0.900 0.900 01/08/1973
2.200 2.100 2.100 2.000 2.600 2.100 2.000 2.100 2.600 2.600 2.100 2.100 2.600 2.500 2.700 2.900 3.200 2.600 2.500 2.500 3.000 3.200 2.600 2.600 2.600 3.000 3.200 2.600 2.600 2.500 02/08/1973
2.400 2.400 2.400 2.400 2.500 2.400 2.400 2.400 2.800 2.500 2.400 2.400 2.800 2.800 2.500 2.900 3.000 2.800 2.800 2.800 3.000 3.000 2.800 2.900 2.900 3.000 3.000 2.900 2.900 2.800 03/08/1973
2.500 2.500 2.500 2.000 1.900 2.400 2.400 2.400 2.200 1.900 2.500 2.500 2.200 2.100 2.000 2.400 2.900 2.200 2.100 2.100 2.400 2.900 2.200 2.200 2.200 2.500 2.900 2.300 2.300 2.100 04/08/1973
5.000 4.900 4.900 4.500 4.300 4.800 4.800 4.800 4.600 4.300 4.900 4.900 4.600 4.600 4.400 4.600 4.700 4.600 4.500 4.600 4.700 4.700 4.600 4.600 4.600 4.800 4.700 4.700 4.700 4.500 05/08/1973
4.900 4.900 4.800 4.400 4.700 4.800 4.700 4.800 4.800 4.700 4.800 4.800 4.800 4.800 4.700 5.500 5.100 4.800 4.800 4.800 5.500 5.100 4.800 4.800 4.800 5.600 5.100 4.900 4.800 4.800 06/08/1973
2.500 2.500 2.400 1.900 1.500 2.400 2.300 2.400 1.800 1.600 2.400 2.400 1.800 1.700 1.600 2.500 2.000 1.800 1.700 1.700 2.500 2.000 1.800 1.800 1.800 2.500 2.000 1.800 1.800 1.700 07/08/1973
4.800 4.800 4.800 4.200 4.600 4.800 4.800 4.800 4.700 4.600 4.800 4.800 4.700 4.700 4.600 5.000 5.000 4.700 4.700 4.700 5.000 5.000 4.700 4.700 4.700 5.000 5.000 4.700 4.700 4.700 08/08/1973
5.000 5.000 4.900 4.500 4.900 4.900 4.900 4.900 5.000 4.900 4.900 4.900 5.100 5.000 4.900 5.200 5.400 5.100 5.000 5.000 5.200 5.400 5.000 5.100 5.100 5.200 5.400 5.100 5.100 5.000 09/08/1973
4.900 4.900 4.800 4.700 4.600 4.800 4.800 4.800 4.700 4.600 4.800 4.800 4.700 4.600 4.700 4.700 4.400 4.700 4.600 4.600 4.700 4.400 4.700 4.700 4.700 4.800 4.400 4.700 4.700 4.600 10/08/1973
2.100 2.100 2.100 1.700 1.400 2.100 2.100 2.100 1.900 1.400 2.100 2.100 1.900 1.900 1.400 2.900 3.600 1.900 1.900 1.900 2.900 3.600 1.900 1.900 1.900 2.900 3.600 1.900 1.900 1.900 11/08/1973
3.000 3.000 3.000 3.500 3.800 3.000 3.000 3.000 3.500 3.800 3.000 3.000 3.500 3.500 3.900 2.400 2.800 3.500 3.500 3.500 2.400 2.800 3.500 3.500 3.500 2.300 2.800 3.600 3.600 3.500 12/08/1973
4.400 4.400 4.400 4.600 4.400 4.400 4.400 4.400 4.400 4.400 4.400 4.400 4.400 4.400 4.500 4.400 4.800 4.400 4.400 4.400 4.500 4.800 4.400 4.400 4.400 4.500 4.800 4.500 4.500 4.400 13/08/1973
3.500 3.500 3.500 4.100 4.100 3.500 3.400 3.500 3.900 4.100 3.500 3.500 3.900 3.900 4.100 2.400 3.100 3.900 3.900 3.900 2.500 3.100 3.900 3.900 3.900 2.500 3.100 3.900 3.900 3.900 14/08/1973
2.700 2.700 2.700 3.100 2.800 2.700 2.700 2.700 2.600 2.800 2.700 2.700 2.600 2.600 2.900 2.200 2.100 2.600 2.600 2.600 2.200 2.100 2.600 2.600 2.600 2.200 2.200 2.600 2.600 2.600 15/08/1973
2.000 1.900 1.900 3.000 3.100 1.900 1.900 1.900 2.900 3.100 1.900 1.900 2.900 2.800 3.100 1.700 2.100 2.900 2.800 2.800 1.800 2.000 2.900 2.900 2.900 1.800 2.100 2.900 2.900 2.800 16/08/1973
3.600 3.600 3.600 3.700 3.900 3.600 3.500 3.600 3.500 3.900 3.600 3.600 3.600 3.500 3.900 3.700 3.300 3.500 3.500 3.500 3.700 3.300 3.500 3.600 3.600 3.700 3.300 3.600 3.600 3.500 17/08/1973
3.900 3.800 3.800 4.100 4.400 3.800 3.800 3.800 4.600 4.400 3.800 3.800 4.600 4.600 4.500 4.200 4.400 4.600 4.600 4.600 4.200 4.400 4.600 4.600 4.600 4.200 4.400 4.700 4.700 4.600 18/08/1973
4.400 4.400 4.400 4.600 4.700 4.400 4.400 4.400 4.800 4.700 4.400 4.400 4.800 4.700 4.800 4.500 4.600 4.800 4.700 4.700 4.600 4.500 4.800 4.800 4.800 4.600 4.600 4.800 4.800 4.700 19/08/1973
4.100 4.100 4.100 4.000 4.500 4.100 4.100 4.100 4.700 4.500 4.100 4.100 4.700 4.700 4.500 4.400 4.800 4.700 4.600 4.600 4.500 4.800 4.700 4.700 4.700 4.500 4.800 4.700 4.700 4.600 20/08/1973
5.300 5.300 5.300 4.900 4.700 5.300 5.300 5.300 4.800 4.700 5.300 5.300 4.800 4.800 4.700 5.200 5.100 4.800 4.800 4.800 5.200 5.100 4.800 4.800 4.800 5.200 5.100 4.800 4.800 4.800 21/08/1973
4.200 4.200 4.200 4.500 4.900 4.200 4.200 4.200 4.300 4.900 4.200 4.200 4.300 4.300 4.900 4.200 4.100 4.300 4.300 4.300 4.200 4.100 4.300 4.300 4.300 4.200 4.100 4.400 4.300 4.300 22/08/1973
2.300 2.300 2.300 2.400 2.800 2.300 2.200 2.300 2.600 2.800 2.300 2.300 2.600 2.600 2.900 2.000 2.100 2.600 2.600 2.600 2.000 2.100 2.600 2.600 2.600 2.100 2.100 2.700 2.700 2.600 23/08/1973
2.600 2.600 2.600 2.800 2.700 2.600 2.600 2.600 2.400 2.700 2.600 2.600 2.400 2.400 2.800 2.500 1.900 2.400 2.400 2.400 2.500 1.900 2.400 2.400 2.400 2.500 1.900 2.400 2.400 2.400 24/08/1973
3.200 3.200 3.200 3.200 3.300 3.200 3.100 3.200 3.300 3.300 3.200 3.200 3.400 3.300 3.300 3.100 3.000 3.300 3.300 3.300 3.100 3.000 3.300 3.400 3.400 3.100 3.100 3.400 3.400 3.300 25/08/1973
2.600 2.600 2.600 2.900 2.200 2.600 2.600 2.600 2.100 2.200 2.600 2.600 2.100 2.100 2.200 2.500 2.500 2.100 2.100 2.100 2.500 2.500 2.100 2.100 2.100 2.600 2.500 2.100 2.100 2.100 26/08/1973
2.300 2.300 2.200 2.800 2.800 2.200 2.200 2.200 2.900 2.900 2.200 2.200 2.900 2.900 2.900 2.200 2.200 2.900 2.900 2.900 2.200 2.200 2.900 2.900 2.900 2.200 2.200 3.000 3.000 2.900 27/08/1973
3.000 3.000 3.000 2.700 2.500 2.900 2.900 2.900 2.400 2.600 3.000 3.000 2.400 2.300 2.600 2.300 2.600 2.400 2.300 2.300 2.300 2.600 2.400 2.400 2.400 2.300 2.600 2.400 2.400 2.300 28/08/1973
3.000 3.000 3.000 2.900 3.000 3.000 2.900 3.000 3.000 3.000 3.000 3.000 3.000 3.000 3.000 2.800 2.900 3.000 3.000 3.000 2.800 2.900 3.000 3.000 3.000 2.900 2.900 3.100 3.100 3.000 29/08/1973
1.600 1.600 1.600 1.800 1.500 1.600 1.600 1.600 1.600 1.500 1.600 1.600 1.600 1.600 1.600 1.600 1.700 1.600 1.600 1.600 1.600 1.700 1.600 1.600 1.600 1.600 1.700 1.600 1.600 1.600 30/08/1973
2.900 2.900 2.900 2.700 3.000 2.900 2.900 2.900 3.000 3.000 2.900 2.900 3.000 3.000 3.100 2.800 2.800 3.000 3.000 3.000 2.800 2.800 3.000 3.000 3.000 2.800 2.800 3.000 3.000 3.000 31/08/1973
4.100 4.100 4.100 4.000 4.200 4.100 4.100 4.100 4.200 4.200 4.100 4.100 4.200 4.200 4.200 4.000 3.600 4.200 4.200 4.200 4.000 3.600 4.200 4.200 4.200 4.000 3.600 4.200 4.200 4.200 01/09/1973
3.900 3.900 3.900 4.200 3.800 3.900 3.900 3.900 4.000 3.800 3.900 3.900 4.100 4.000 3.900 4.000 3.900 4.000 4.000 4.000 4.000 3.900 4.000 4.100 4.100 4.000 3.900 4.100 4.100 4.000 02/09/1973
5.100 5.100 5.100 5.100 5.400 5.100 5.000 5.100 5.500 5.400 5.100 5.100 5.500 5.500 5.500 5.000 5.100 5.500 5.400 5.400 5.000 5.100 5.500 5.500 5.500 5.000 5.100 5.500 5.500 5.400 03/09/1973
4.700 4.700 4.700 4.800 5.200 4.600 4.600 4.600 4.900 5.300 4.600 4.700 5.000 4.900 5.300 4.700 4.500 5.000 4.900 4.900 4.800 4.500 4.900 5.000 5.000 4.800 4.500 5.000 5.000 4.900 04/09/1973
3.700 3.700 3.700 3.900 3.800 3.700 3.600 3.700 3.900 3.900 3.700 3.700 3.900 3.900 3.900 4.100 4.000 3.900 3.900 3.900 4.100 4.000 3.900 3.900 3.900 4.100 4.100 3.900 3.900 3.900 05/09/1973
2.600 2.600 2.600 1.800 1.800 2.500 2.500 2.500 2.000 1.800 2.500 2.500 2.000 2.000 1.800 2.800 2.300 2.000 2.000 2.000 2.800 2.300 2.000 2.000 2.000 2.900 2.300 2.000 2.000 2.000 06/09/1973
2.400 2.300 2.300 1.900 1.900 2.300 2.200 2.300 2.100 1.900 2.300 2.300 2.100 2.000 1.900 2.300 1.400 2.100 2.000 2.000 2.400 1.400 2.100 2.100 2.100 2.400 1.400 2.100 2.100 2.000 07/09/1973
2.000 1.900 1.900 2.000 2.300 1.900 1.900 1.900 2.300 2.300 1.900 1.900 2.300 2.300 2.300 2.200 1.400 2.300 2.300 2.300 2.200 1.400 2.300 2.300 2.300 2.200 1.500 2.400 2.400 2.300 08/09/1973
2.400 2.400 2.400 2.600 2.300 2.400 2.300 2.400 2.600 2.300 2.400 2.400 2.600 2.600 2.300 2.400 2.500 2.600 2.600 2.600 2.400 2.500 2.600 2.600 2.600 2.500 2.500 2.600 2.600 2.600 09/09/1973
3.200 3.200 3.200 3.200 3.300 3.100 3.100 3.100 3.500 3.300 3.200 3.200 3.500 3.500 3.300 3.100 3.200 3.500 3.500 3.500 3.100 3.200 3.500 3.500 3.500 3.100 3.200 3.500 3.500 3.500 10/09/1973
4.600 4.600 4.600 4.100 4.200 4.600 4.600 4.600 4.400 4.300 4.600 4.600 4.400 4.400 4.300 4.300 4.200 4.400 4.400 4.400 4.300 4.200 4.400 4.400 4.400 4.200 4.200 4.400 4.400 4.400 11/09/1973
3.200 3.100 3.100 2.800 2.700 3.100 3.100 3.100 2.800 2.700 3.100 3.100 2.800 2.700 2.700 3.300 3.300 2.800 2.700 2.700 3.300 3.300 2.800 2.800 2.800 3.300 3.300 2.800 2.800 2.700 12/09/1973
2.300 2.300 2.300 2.000 1.800 2.300 2.200 2.300 1.800 1.800 2.300 2.300 1.800 1.800 1.800 2.400 2.100 1.800 1.800 1.800 2.400 2.100 1.800 1.800 1.800 2.500 2.100 1.800 1.800 1.800 13/09/1973
3.200 3.200 3.200 3.100 3.200 3.200 3.100 3.200 3.400 3.200 3.200 3.200 3.400 3.300 3.300 3.200 3.400 3.400 3.300 3.300 3.200 3.400 3.300 3.400 3.400 3.200 3.400 3.400 3.400 3.300 14/09/1973
2.300 2.300 2.300 1.900 2.300 2.300 2.300 2.300 2.400 2.300 2.300 2.300 2.400 2.400 2.400 2.800 3.000 2.400 2.400 2.400 2.800 3.000 2.400 2.400 2.400 2.800 3.000 2.500 2.500 2.400 15/09/1973
3.000 3.000 2.900 2.600 2.400 2.900 2.900 2.900 2.300 2.400 2.900 2.900 2.300 2.300 2.400 2.800 2.500 2.300 2.300 2.300 2.900 2.500 2.300 2.300 2.300 2.900 2.500 2.400 2.400 2.300 16/09/1973
0.700 0.700 0.700 0.500 0.800 0.600 0.600 0.600 0.600 0.800 0.600 0.600 0.600 0.600 0.900 0.800 0.600 0.600 0.600 0.600 0.800 0.600 0.600 0.600 0.600 0.800 0.700 0.600 0.600 0.600 17/09/1973
2.300 2.300 2.300 2.200 2.100 2.200 2.200 2.200 2.000 2.100 2.200 2.200 2.000 2.000 2.100 2.300 2.500 2.000 2.000 2.000 2.300 2.500 2.000 2.000 2.000 2.300 2.500 2.100 2.100 2.000 18/09/1973
1.000 1.000 0.900 0.900 0.700 0.900 0.900 0.900 0.700 0.700 0.900 0.900 0.700 0.700 0.700 0.900 0.800 0.700 0.700 0.700 0.900 0.800 0.700 0.700 0.700 1.000 0.800 0.700 0.700 0.700 19/09/1973
2.100 2.000 2.000 2.300 2.600 2.000 2.000 2.000 2.300 2.600 2.000 2.000 2.300 2.300 2.600 2.200 2.500 2.300 2.300 2.300 2.200 2.500 2.300 2.300 2.300 2.300 2.500 2.400 2.400 2.300 20/09/1973
1.800 1.800 1.800 1.700 1.500 1.700 1.700 1.700 1.300 1.500 1.700 1.700 1.300 1.300 1.500 2.000 1.700 1.300 1.300 1.300 2.000 1.700 1.300 1.300 1.300 2.100 1.700 1.300 1.300 1.300 21/09/1973
1.100 1.000 1.000 1.200 1.400 1.000 1.000 1.000 1.400 1.500 1.000 1.000 1.400 1.400 1.500 1.000 1.500 1.400 1.400 1.400 1.100 1.500 1.400 1.400 1.500 1.100 1.500 1.500 1.500 1.400 22/09/1973
1.800 1.800 1.800 1.900 1.600 1.800 1.700 1.800 1.800 1.600 1.800 1.800 1.900 1.800 1.600 1.400 1.600 1.900 1.800 1.800 1.400 1.600 1.800 1.900 1.900 1.500 1.600 1.900 1.900 1.800 23/09/1973
2.200 2.200 2.200 2.000 2.000 2.200 2.100 2.200 2.100 2.000 2.200 2.200 2.100 2.000 2.000 2.100 2.200 2.100 2.000 2.000 2.200 2.200 2.100 2.100 2.100 2.200 2.300 2.100 2.100 2.000 24/09/1973
0.600 0.600 0.600 0.600 0.900 0.600 0.600 0.600 0.700 0.900 0.600 0.600 0.700 0.700 0.900 0.600 0.700 0.700 0.700 0.700 0.600 0.700 0.700 0.700 0.700 0.600 0.700 0.800 0.800 0.700 25/09/1973
1.800 1.800 1.800 1.400 1.500 1.800 1.800 1.800 1.700 1.600 1.800 1.800 1.700 1.600 1.600 2.000 1.900 1.700 1.600 1.600 2.100 1.900 1.600 1.700 1.700 2.100 1.900 1.700 1.700 1.600 26/09/1973
1.900 1.800 1.800 1.600 1.900 1.800 1.700 1.800 1.900 1.900 1.800 1.800 1.900 1.900 2.000 2.300 2.200 1.900 1.800 1.800 2.400 2.200 1.900 1.900 1.900 2.400 2.200 2.000 2.000 1.800 27/09/1973
1.900 1.900 1.900 1.700 2.300 1.900 1.900 1.900 2.200 2.300 1.900 1.900 2.200 2.200 2.300 2.100 2.300 2.200 2.200 2.200 2.200 2.300 2.200 2.200 2.200 2.300 2.300 2.200 2.200 2.200 28/09/1973
1.200 1.200 1.200 0.800 0.600 1.200 1.200 1.200 0.800 0.600 1.200 1.200 0.900 0.800 0.600 1.300 1.200 0.800 0.800 0.800 1.300 1.200 0.800 0.900 0.900 1.400 1.200 0.900 0.900 0.800 29/09/1973
2.000 2.000 1.900 1.600 1.700 1.900 1.900 1.900 1.800 1.700 1.900 1.900 1.800 1.800 1.700 1.900 1.600 1.800 1.800 1.800 1.900 1.600 1.800 1.800 1.800 1.900 1.600 1.900 1.900 1.800 30/09/1973
0.800 0.800 0.800 0.900 1.200 0.800 0.800 0.800 1.200 1.200 0.800 0.800 1.200 1.100 1.300 1.300 1.300 1.200 1.100 1.100 1.300 1.300 1.200 1.200 1.200 1.400 1.300 1.200 1.200 1.100 01/10/1973
0.900 0.900 0.900 0.700 0.600 0.900 0.900 0.900 0.700 0.600 0.900 0.900 0.700 0.700 0.600 0.900 0.900 0.700 0.700 0.700 0.900 0.900 0.700 0.700 0.700 0.900 0.900 0.700 0.700 0.700 02/10/1973
2.200 2.100 2.100 1.700 1.600 2.100 2.000 2.100 1.800 1.600 2.100 2.100 1.800 1.800 1.600 1.900 1.800 1.800 1.800 1.800 1.900 1.800 1.800 1.800 1.800 1.900 1.800 1.800 1.800 1.800 03/10/1973
2.900 2.900 2.900 2.400 2.500 2.900 2.900 2.900 2.600 2.500 2.900 2.900 2.600 2.600 2.500 2.700 2.500 2.600 2.600 2.600 2.700 2.500 2.600 2.600 2.600 2.800 2.500 2.700 2.700 2.600 04/10/1973
3.000 3.000 3.000 2.500 2.600 3.000 2.900 3.000 2.600 2.600 3.000 3.000 2.600 2.600 2.600 2.800 2.600 2.600 2.600 2.600 2.800 2.600 2.600 2.600 2.600 2.800 2.600 2.700 2.700 2.600 05/10/1973
0.800 0.700 0.700 0.600 0.500 0.700 0.700 0.700 0.700 0.600 0.700 0.700 0.700 0.700 0.600 1.200 1.100 0.700 0.600 0.700 1.200 1.100 0.700 0.700 0.700 1.200 1.200 0.700 0.700 0.600 06/10/1973
1.600 1.600 1.600 1.700 1.400 1.500 1.500 1.500 1.500 1.400 1.500 1.500 1.500 1.400 1.400 1.400 1.400 1.500 1.400 1.400 1.400 1.400 1.500 1.500 1.500 1.400 1.400 1.500 1.500 1.400 07/10/1973
1.800 1.800 1.700 1.200 1.300 1.700 1.600 1.700 1.600 1.300 1.700 1.700 1.600 1.500 1.400 2.000 1.900 1.600 1.500 1.500 2.000 1.900 1.600 1.600 1.600 2.100 1.900 1.700 1.700 1.500 08/10/1973
2.400 2.300 2.300 2.100 2.000 2.200 2.200 2.200 2.300 2.000 2.200 2.300 2.300 2.200 2.100 2.200 2.200 2.300 2.200 2.200 2.300 2.200 2.300 2.300 2.300 2.300 2.300 2.400 2.300 2.200 09/10/1973
1.100 1.100 1.000 0.900 1.000 1.000 0.900 1.000 1.100 1.000 1.000 1.000 1.100 1.100 1.000 1.600 1.500 1.100 1.100 1.100 1.700 1.500 1.100 1.100 1.100 1.700 1.500 1.100 1.100 1.100 10/10/1973
1.000 1.000 0.900 0.800 0.900 0.900 0.800 0.900 1.100 1.000 0.900 0.900 1.100 1.000 1.000 1.200 1.200 1.100 1.000 1.000 1.200 1.200 1.100 1.100 1.100 1.300 1.200 1.200 1.200 1.000 11/10/1973
1.400 1.300 1.300 0.900 1.000 1.300 1.200 1.300 1.000 1.100 1.300 1.300 1.000 1.000 1.100 1.200 1.300 1.000 1.000 1.000 1.300 1.300 1.000 1.100 1.100 1.300 1.400 1.100 1.100 1.000 12/10/1973
1.200 1.200 1.200 1.000 1.200 1.200 1.200 1.200 1.300 1.200 1.200 1.200 1.300 1.200 1.300 1.400 1.500 1.300 1.200 1.200 1.400 1.500 1.300 1.300 1.300 1.400 1.500 1.300 1.300 1.200 13/10/1973
0.800 0.800 0.800 0.600 0.700 0.800 0.800 0.800 0.700 0.700 0.800 0.800 0.700 0.700 0.700 0.900 0.900 0.700 0.700 0.700 0.900 0.900 0.700 0.700 0.700 0.900 0.900 0.700 0.700 0.700 14/10/1973
1.600 1.600 1.500 1.500 1.500 1.500 1.500 1.500 1.800 1.500 1.500 1.500 1.800 1.800 1.600 1.300 1.500 1.800 1.700 1.700 1.300 1.500 1.800 1.800 1.800 1.300 1.500 1.800 1.800 1.700 15/10/1973
1.400 1.400 1.400 1.200 1.200 1.400 1.400 1.400 1.300 1.200 1.400 1.400 1.300 1.300 1.200 1.400 1.500 1.300 1.300 1.300 1.500 1.500 1.300 1.400 1.400 1.500 1.500 1.400 1.400 1.300 16/10/1973
0.900 0.900 0.900 1.200 1.000 0.900 0.900 0.900 1.000 1.000 0.900 0.900 1.000 1.000 1.000 0.800 1.000 1.000 0.900 0.900 0.800 1.000 1.000 1.000 1.000 0.800 1.000 1.100 1.100 0.900 17/10/1973
1.300 1.300 1.300 1.200 1.300 1.300 1.200 1.300 1.300 1.300 1.300 1.300 1.300 1.300 1.400 1.300 1.400 1.300 1.300 1.300 1.400 1.400 1.300 1.300 1.300 1.400 1.400 1.400 1.400 1.300 18/10/1973
1.500 1.500 1.500 1.400 1.500 1.500 1.500 1.500 1.500 1.500 1.500 1.500 1.500 1.500 1.500 1.400 1.400 1.500 1.500 1.500 1.400 1.400 1.500 1.500 1.500 1.400 1.500 1.500 1.500 1.500 19/10/1973
0.600 0.600 0.600 0.500 0.700 0.600 0.600 0.600 0.800 0.700 0.600 0.600 0.800 0.800 0.700 0.900 1.100 0.800 0.800 0.800 0.900 1.100 0.800 0.800 0.800 1.000 1.100 0.900 0.900 0.800 20/10/1973
0.900 0.900 0.900 0.800 0.700 0.900 0.900 0.900 0.800 0.700 0.900 0.900 0.800 0.800 0.800 0.800 1.000 0.800 0.800 0.800 0.900 1.000 0.800 0.800 0.800 0.900 1.000 0.900 0.900 0.800 21/10/1973
1.600 1.600 1.600 1.300 1.100 1.500 1.500 1.500 1.400 1.200 1.500 1.600 1.400 1.300 1.200 1.400 1.300 1.400 1.300 1.300 1.500 1.300 1.300 1.400 1.400 1.500 1.300 1.400 1.400 1.300 22/10/1973
0.700 0.700 0.700 0.400 0.500 0.600 0.600 0.600 0.800 0.500 0.700 0.700 0.900 0.800 0.600 0.900 1.100 0.900 0.800 0.800 0.900 1.100 0.800 0.900 0.900 1.000 1.200 0.900 0.900 0.800 23/10/1973
0.700 0.700 0.700 0.800 0.900 0.700 0.700 0.700 0.800 0.900 0.700 0.700 0.800 0.800 0.900 0.900 0.900 0.800 0.800 0.800 1.000 0.900 0.800 0.800 0.800 1.000 0.900 0.800 0.800 0.800 24/10/1973
2.000 2.000 2.000 2.100 2.500 2.000 2.000 2.000 2.200 2.500 2.000 2.000 2.200 2.200 2.500 1.900 1.700 2.200 2.200 2.200 1.900 1.700 2.200 2.200 2.200 1.900 1.700 2.200 2.200 2.200 25/10/1973
1.500 1.500 1.400 1.500 1.800 1.400 1.400 1.400 1.600 1.800 1.400 1.400 1.600 1.500 1.800 1.400 1.600 1.600 1.500 1.500 1.400 1.600 1.600 1.600 1.600 1.500 1.600 1.600 1.600 1.500 26/10/1973
2.600 2.500 2.500 2.500 2.600 2.500 2.500 2.500 2.700 2.600 2.500 2.500 2.700 2.700 2.600 2.200 2.300 2.700 2.600 2.700 2.200 2.300 2.700 2.700 2.700 2.200 2.300 2.700 2.700 2.700 27/10/1973
2.000 2.000 1.900 1.700 1.500 1.900 1.900 1.900 1.700 1.500 1.900 1.900 1.800 1.700 1.600 1.600 1.600 1.700 1.700 1.700 1.600 1.600 1.700 1.800 1.800 1.700 1.700 1.800 1.800 1.700 28/10/1973
1.400 1.400 1.400 1.300 1.400 1.400 1.400 1.400 1.300 1.400 1.400 1.400 1.300 1.300 1.400 1.200 1.300 1.300 1.300 1.300 1.200 1.300 1.300 1.300 1.300 1.300 1.300 1.300 1.300 1.300 29/10/1973
1.800 1.700 1.700 1.600 1.900 1.700 1.700 1.700 1.900 1.900 1.700 1.700 1.900 1.800 2.000 1.700 1.700 1.900 1.800 1.800 1.700 1.700 1.900 1.900 1.900 1.700 1.700 1.900 1.900 1.800 30/10/1973
1.300 1.300 1.300 1.500 1.600 1.300 1.300 1.300 1.600 1.600 1.300 1.300 1.600 1.600 1.600 1.000 1.200 1.600 1.600 1.600 1.000 1.200 1.600 1.600 1.600 1.100 1.200 1.600 1.600 1.600 31/10/1973
1.900 1.900 1.900 1.500 1.500 1.900 1.900 1.900 1.700 1.500 1.900 1.900 1.700 1.700 1.500 1.500 1.500 1.700 1.700 1.700 1.500 1.500 1.700 1.700 1.700 1.500 1.600 1.700 1.700 1.700 01/11/1973
1.000 1.100 1.100 1.000 1.100 1.100 1.100 1.100 1.100 1.100 1.100 1.100 1.100 1.100 1.100 1.000 1.000 1.100 1.100 1.100 1.000 1.000 1.100 1.100 1.100 1.000 1.000 1.100 1.100 1.100 02/11/1973
2.300 2.300 2.200 1.900 1.600 2.200 2.200 2.200 1.900 1.700 2.200 2.200 1.900 1.800 1.700 1.600 1.600 1.900 1.800 1.800 1.700 1.600 1.900 1.900 1.900 1.700 1.600 1.900 1.900 1.800 03/11/1973
3.100 3.100 3.100 2.000 1.900 3.000 2.900 3.000 2.500 1.900 3.000 3.000 2.500 2.400 2.000 2.700 2.600 2.500 2.400 2.400 2.800 2.600 2.500 2.500 2.500 2.800 2.600 2.600 2.600 2.400 04/11/1973
1.700 1.600 1.600 1.300 1.000 1.600 1.500 1.600 1.100 1.000 1.600 1.600 1.200 1.100 1.000 1.400 1.200 1.200 1.100 1.100 1.400 1.200 1.100 1.200 1.200 1.500 1.200 1.200 1.200 1.100 05/11/1973
1.200 1.200 1.200 1.100 1.100 1.200 1.100 1.200 1.100 1.100 1.200 1.200 1.100 1.100 1.100 1.100 1.100 1.100 1.100 1.100 1.200 1.100 1.100 1.100 1.100 1.200 1.100 1.200 1.100 1.100 06/11/1973
0.900 0.800 0.800 0.800 0.800 0.800 0.800 0.800 0.800 0.800 0.800 0.800 0.800 0.800 0.800 0.900 1.000 0.800 0.800 0.800 0.900 0.900 0.800 0.900 0.900 0.900 1.000 0.900 0.900 0.800 07/11/1973
0.900 0.900 0.900 1.000 1.000 0.800 0.800 0.800 1.000 1.000 0.800 0.900 1.000 0.900 1.100 0.900 0.800 1.000 0.900 0.900 1.000 0.800 1.000 1.000 1.000 1.000 0.800 1.000 1.000 0.900 08/11/1973
1.200 1.100 1.100 1.200 1.200 1.100 1.100 1.100 1.200 1.200 1.100 1.100 1.200 1.200 1.200 1.100 1.000 1.200 1.200 1.200 1.100 1.000 1.200 1.200 1.200 1.100 1.000 1.300 1.300 1.200 09/11/1973
1.100 1.100 1.000 0.700 1.200 1.000 0.900 1.000 1.100 1.200 1.000 1.000 1.100 1.100 1.200 1.000 1.100 1.100 1.100 1.100 1.100 1.100 1.100 1.200 1.200 1.100 1.100 1.200 1.200 1.100 10/11/1973
0.400 0.300 0.300 0.200 0.300 0.300 0.300 0.300 0.200 0.300 0.300 0.300 0.300 0.200 0.300 0.300 0.300 0.300 0.200 0.200 0.300 0.300 0.200 0.300 0.300 0.300 0.300 0.300 0.300 0.200 11/11/1973
0.700 0.700 0.700 0.700 0.600 0.700 0.700 0.700 0.600 0.600 0.700 0.700 0.600 0.600 0.600 0.700 0.700 0.600 0.600 0.600 0.700 0.700 0.600 0.700 0.700 0.700 0.700 0.700 0.700 0.600 12/11/1973
0.300 0.300 0.300 0.400 0.400 0.300 0.300 0.300 0.400 0.400 0.300 0.300 0.400 0.400 0.400 0.400 0.500 0.400 0.400 0.400 0.400 0.500 0.400 0.400 0.400 0.300 0.500 0.400 0.400 0.400 13/11/1973
0.500 0.500 0.400 0.400 0.500 0.400 0.400 0.400 0.400 0.500 0.400 0.400 0.400 0.400 0.500 0.700 0.600 0.400 0.400 0.400 0.700 0.500 0.400 0.400 0.400 0.800 0.600 0.500 0.500 0.400 14/11/1973
1.300 1.300 1.200 1.000 0.900 1.200 1.200 1.200 0.900 0.900 1.200 1.200 0.900 0.900 0.900 1.100 1.000 0.900 0.800 0.800 1.100 1.000 0.900 0.900 0.900 1.200 1.000 0.900 0.900 0.800 15/11/1973
0.900 0.800 0.800 0.500 0.700 0.800 0.700 0.800 0.700 0.700 0.800 0.800 0.800 0.700 0.700 1.000 1.100 0.800 0.700 0.700 1.000 1.100 0.700 0.800 0.800 1.100 1.100 0.900 0.800 0.700 16/11/1973
1.300 1.300 1.300 1.100 1.100 1.200 1.200 1.200 1.200 1.100 1.300 1.300 1.200 1.200 1.100 1.200 1.300 1.200 1.200 1.200 1.300 1.300 1.200 1.300 1.300 1.300 1.300 1.300 1.300 1.200 17/11/1973
1.200 1.200 1.200 1.100 1.200 1.200 1.200 1.200 1.200 1.200 1.200 1.200 1.200 1.200 1.200 1.000 1.000 1.200 1.200 1.200 1.000 1.000 1.200 1.200 1.200 1.000 1.000 1.200 1.200 1.200 18/11/1973
1.100 1.100 1.000 0.600 1.000 1.000 0.900 1.000 1.100 1.000 1.000 1.000 1.100 1.100 1.100 1.100 1.200 1.100 1.000 1.000 1.200 1.200 1.100 1.100 1.100 1.200 1.200 1.100 1.100 1.000 19/11/1973
1.700 1.700 1.700 1.300 1.200 1.700 1.600 1.700 1.200 1.200 1.700 1.700 1.200 1.200 1.300 1.300 1.000 1.200 1.200 1.200 1.400 1.000 1.200 1.300 1.300 1.400 1.000 1.300 1.300 1.200 20/11/1973
1.100 1.100 1.100 1.600 1.700 1.100 1.100 1.100 1.400 1.700 1.100 1.100 1.400 1.400 1.700 0.800 0.700 1.400 1.400 1.400 0.800 0.700 1.400 1.400 1.400 0.900 0.700 1.400 1.400 1.400 21/11/1973
1.400 1.400 1.400 1.000 1.300 1.400 1.300 1.400 1.300 1.300 1.400 1.400 1.300 1.300 1.300 1.100 1.000 1.300 1.300 1.300 1.100 1.000 1.300 1.300 1.300 1.100 1.000 1.400 1.400 1.300 22/11/1973
1.000 0.900 0.900 0.700 0.900 0.900 0.900 0.900 0.900 0.900 0.900 0.900 0.900 0.900 0.900 0.700 0.600 0.900 0.900 0.900 0.700 0.600 0.900 0.900 0.900 0.700 0.600 0.900 0.900 0.900 23/11/1973
0.600 0.500 0.500 0.600 0.800 0.500 0.400 0.500 0.600 0.800 0.500 0.500 0.600 0.600 0.900 0.400 0.300 0.600 0.600 0.600 0.400 0.300 0.600 0.600 0.600 0.500 0.300 0.700 0.700 0.600 24/11/1973
0.300 0.300 0.300 0.200 0.100 0.300 0.200 0.300 0.200 0.100 0.300 0.300 0.200 0.200 0.100 0.300 0.500 0.200 0.200 0.200 0.300 0.500 0.200 0.200 0.200 0.400 0.500 0.200 0.200 0.200 25/11/1973
0.800 0.800 0.700 0.600 0.600 0.700 0.700 0.700 0.700 0.600 0.700 0.700 0.700 0.600 0.600 0.700 0.700 0.700 0.600 0.600 0.700 0.700 0.700 0.700 0.700 0.800 0.700 0.700 0.700 0.600 26/11/1973
0.500 0.500 0.500 0.600 0.500 0.500 0.500 0.500 0.500 0.500 0.500 0.500 0.500 0.500 0.500 0.500 0.600 0.500 0.500 0.500 0.500 0.600 0.500 0.500 0.500 0.500 0.600 0.500 0.500 0.500 27/11/1973
0.500 0.500 0.500 0.600 0.500 0.500 0.500 0.500 0.500 0.500 0.500 0.500 0.500 0.500 0.500 0.500 0.600 0.500 0.500 0.500 0.400 0.600 0.500 0.500 0.500 0.400 0.600 0.600 0.600 0.500 28/11/1973
0.700 0.700 0.700 0.500 0.500 0.700 0.700 0.700 0.600 0.500 0.700 0.700 0.600 0.600 0.500 0.900 0.800 0.600 0.600 0.600 0.900 0.800 0.600 0.600 0.600 1.000 0.800 0.600 0.600 0.600 29/11/1973
0.600 0.600 0.600 0.300 0.400 0.600 0.600 0.600 0.500 0.400 0.600 0.600 0.500 0.500 0.400 0.700 0.800 0.500 0.500 0.500 0.800 0.800 0.500 0.500 0.500 0.800 0.800 0.500 0.500 0.500 30/11/1973
0.000 0.000 0.000 0.100 0.100 0.000 0.000 0.000 0.000 0.100 0.000 0.000 0.000 0.000 0.100 0.000 0.100 0.000 0.000 0.000 0.000 0.100 0.000 0.000 0.000 0.000 0.100 0.000 0.000 0.000 01/12/1973
1.000 1.000 0.900 0.900 1.000 0.900 0.900 0.900 1.000 1.000 0.900 0.900 1.000 1.000 1.000 1.000 1.000 1.000 1.000 1.000 1.000 1.000 1.000 1.000 1.000 1.000 1.000 1.000 1.000 1.000 02/12/1973
0.500 0.500 0.500 0.400 0.400 0.500 0.500 0.500 0.400 0.400 0.500 0.500 0.400 0.400 0.400 0.600 0.700 0.400 0.400 0.400 0.600 0.700 0.400 0.400 0.400 0.600 0.700 0.400 0.400 0.400 03/12/1973
0.300 0.300 0.300 0.300 0.400 0.300 0.300 0.300 0.400 0.400 0.300 0.300 0.400 0.400 0.400 0.300 0.300 0.400 0.400 0.400 0.300 0.300 0.400 0.400 0.400 0.300 0.300 0.400 0.400 0.400 04/12/1973
0.400 0.400 0.400 0.300 0.300 0.400 0.400 0.400 0.400 0.300 0.400 0.400 0.400 0.400 0.300 0.500 0.400 0.400 0.400 0.400 0.500 0.400 0.400 0.400 0.400 0.500 0.400 0.400 0.400 0.400 05/12/1973
0.200 0.200 0.200 0.200 0.400 0.200 0.200 0.200 0.300 0.300 0.200 0.200 0.300 0.300 0.300 0.300 0.300 0.300 0.300 0.300 0.400 0.300 0.300 0.300 0.300 0.400 0.400 0.300 0.300 0.300 06/12/1973
0.300 0.300 0.300 0.300 0.200 0.300 0.300 0.300 0.200 0.200 0.300 0.300 0.200 0.200 0.200 0.400 0.300 0.200 0.200 0.200 0.300 0.300 0.200 0.200 0.200 0.300 0.300 0.200 0.200 0.200 07/12/1973
0.700 0.700 0.700 0.600 0.500 0.700 0.700 0.700 0.500 0.500 0.700 0.700 0.500 0.500 0.600 0.700 0.700 0.500 0.500 0.500 0.800 0.600 0.500 0.600 0.600 0.800 0.700 0.600 0.600 0.500 08/12/1973
0.500 0.500 0.500 0.500 0.800 0.500 0.500 0.500 0.700 0.800 0.500 0.500 0.700 0.600 0.800 0.700 0.800 0.700 0.600 0.600 0.700 0.800 0.700 0.700 0.700 0.700 0.800 0.700 0.700 0.600 09/12/1973
0.800 0.800 0.800 0.700 0.900 0.800 0.800 0.800 0.700 0.900 0.800 0.800 0.800 0.700 0.900 0.600 0.600 0.800 0.700 0.700 0.600 0.500 0.700 0.800 0.800 0.600 0.600 0.800 0.800 0.700 10/12/1973
0.500 0.500 0.500 0.400 0.600 0.500 0.500 0.500 0.500 0.600 0.500 0.500 0.500 0.500 0.700 0.400 0.400 0.500 0.500 0.500 0.300 0.400 0.500 0.500 0.500 0.300 0.400 0.500 0.500 0.500 11/12/1973
0.500 0.500 0.400 0.400 0.300 0.400 0.400 0.400 0.400 0.300 0.400 0.400 0.400 0.400 0.300 0.500 0.600 0.400 0.300 0.300 0.500 0.500 0.400 0.400 0.400 0.500 0.600 0.400 0.400 0.300 12/12/1973
0.200 0.200 0.100 0.000 0.100 0.100 0.100 0.100 0.100 0.100 0.100 0.100 0.100 0.100 0.100 0.300 0.400 0.100 0.000 0.000 0.400 0.300 0.100 0.100 0.100 0.400 0.400 0.100 0.100 0.000 13/12/1973
0.800 0.800 0.800 0.800 0.600 0.800 0.800 0.800 0.500 0.500 0.800 0.800 0.500 0.500 0.500 0.900 0.900 0.500 0.500 0.500 0.900 0.900 0.500 0.500 0.500 1.000 0.900 0.500 0.500 0.500 14/12/1973
0.900 0.900 0.900 0.600 0.700 0.900 0.800 0.900 0.700 0.700 0.900 0.900 0.700 0.700 0.700 0.800 0.700 0.700 0.600 0.700 0.800 0.700 0.700 0.700 0.700 0.800 0.800 0.700 0.700 0.600 15/12/1973
0.700 0.700 0.700 0.500 0.300 0.700 0.700 0.700 0.500 0.300 0.700 0.700 0.500 0.500 0.300 0.700 0.600 0.500 0.500 0.500 0.700 0.600 0.500 0.500 0.500 0.700 0.600 0.500 0.500 0.500 16/12/1973
0.300 0.300 0.300 0.200 0.300 0.300 0.200 0.300 0.300 0.300 0.300 0.300 0.300 0.300 0.300 0.300 0.400 0.300 0.300 0.300 0.300 0.400 0.300 0.300 0.300 0.400 0.400 0.400 0.400 0.300 17/12/1973
0.200 0.200 0.200 0.100 0.200 0.200 0.200 0.200 0.200 0.200 0.200 0.200 0.200 0.200 0.200 0.300 0.400 0.200 0.200 0.200 0.300 0.400 0.200 0.200 0.200 0.400 0.400 0.200 0.200 0.200 18/12/1973
2.300 2.300 2.300 1.700 1.400 2.300 2.200 2.300 1.800 1.400 2.300 2.300 1.800 1.800 1.400 2.100 1.900 1.800 1.700 1.800 2.100 1.900 1.800 1.800 1.800 2.100 1.900 1.900 1.900 1.700 19/12/1973
1.500 1.500 1.500 1.500 1.600 1.400 1.400 1.400 1.600 1.600 1.400 1.400 1.600 1.600 1.700 1.100 1.300 1.600 1.600 1.600 1.200 1.300 1.600 1.600 1.600 1.200 1.300 1.700 1.700 1.600 20/12/1973
0.500 0.500 0.500 0.200 0.400 0.500 0.500 0.500 0.400 0.400 0.500 0.500 0.400 0.400 0.400 0.400 0.500 0.400 0.400 0.400 0.500 0.500 0.400 0.400 0.400 0.500 0.500 0.400 0.400 0.400 21/12/1973
0.600 0.600 0.600 0.400 0.400 0.600 0.600 0.600 0.500 0.400 0.600 0.600 0.500 0.500 0.400 0.500 0.600 0.500 0.500 0.500 0.600 0.600 0.500 0.500 0.500 0.600 0.600 0.500 0.500 0.500 22/12/1973
0.200 0.200 0.100 0.200 0.300 0.100 0.100 0.100 0.200 0.300 0.100 0.100 0.300 0.200 0.300 0.100 0.200 0.200 0.200 0.200 0.100 0.200 0.200 0.300 0.300 0.100 0.200 0.300 0.300 0.200 23/12/1973
0.300 0.300 0.300 0.300 0.400 0.300 0.300 0.300 0.300 0.400 0.300 0.300 0.300 0.300 0.400 0.300 0.300 0.300 0.300 0.300 0.300 0.300 0.300 0.300 0.300 0.300 0.300 0.300 0.300 0.300 24/12/1973
0.500 0.500 0.500 0.500 0.500 0.500 0.500 0.500 0.600 0.500 0.500 0.500 0.600 0.600 0.500 0.600 0.600 0.600 0.600 0.600 0.600 0.600 0.600 0.600 0.600 0.600 0.600 0.600 0.600 0.600 25/12/1973
0.700 0.700 0.700 0.500 0.500 0.600 0.600 0.600 0.600 0.500 0.700 0.700 0.600 0.600 0.500 0.800 0.800 0.600 0.500 0.500 0.800 0.800 0.600 0.600 0.600 0.900 0.900 0.700 0.700 0.500 26/12/1973
0.700 0.700 0.700 0.400 0.400 0.700 0.600 0.700 0.400 0.400 0.700 0.700 0.500 0.400 0.400 0.700 0.700 0.400 0.400 0.400 0.700 0.600 0.400 0.500 0.500 0.800 0.700 0.500 0.500 0.400 27/12/1973
0.300 0.300 0.300 0.200 0.100 0.300 0.300 0.300 0.200 0.100 0.300 0.300 0.200 0.200 0.100 0.300 0.300 0.200 0.200 0.200 0.300 0.300 0.200 0.200 0.200 0.300 0.300 0.300 0.200 0.200 28/12/1973
0.300 0.300 0.300 0.400 0.500 0.300 0.300 0.300 0.400 0.500 0.300 0.300 0.400 0.400 0.500 0.300 0.300 0.400 0.400 0.400 0.400 0.300 0.400 0.400 0.400 0.400 0.300 0.400 0.400 0.400 29/12/1973
0.200 0.200 0.200 0.300 0.400 0.200 0.200 0.200 0.200 0.400 0.200 0.200 0.200 0.200 0.400 0.300 0.300 0.200 0.200 0.200 0.300 0.300 0.200 0.200 0.200 0.300 0.300 0.200 0.200 0.200 30/12/1973
0.600 0.600 0.600 0.500 0.500 0.600 0.600 0.600 0.500 0.500 0.600 0.600 0.500 0.500 0.500 0.600 0.500 0.500 0.500 0.500 0.600 0.500 0.500 0.500 0.500 0.600 0.500 0.500 0.500 0.500 31/12/1973
0.500 0.500 0.500 0.400 0.400 0.500 0.400 0.500 0.500 0.400 0.500 0.500 0.500 0.500 0.500 0.500 0.600 0.500 0.500 0.500 0.600 0.600 0.500 0.500 0.500 0.600 0.600 0.500 0.500 0.500 01/01/1974
0.700 0.700 0.700 0.600 0.600 0.600 0.600 0.600 0.700 0.600 0.700 0.700 0.700 0.600 0.600 0.600 0.700 0.700 0.600 0.600 0.700 0.700 0.700 0.700 0.700 0.700 0.700 0.700 0.700 0.600 02/01/1974
0.300 0.300 0.300 0.300 0.700 0.200 0.200 0.200 0.500 0.700 0.300 0.300 0.500 0.500 0.700 0.200 0.300 0.500 0.500 0.500 0.300 0.300 0.500 0.500 0.500 0.300 0.300 0.500 0.500 0.500 03/01/1974
1.400 1.400 1.400 1.100 1.100 1.400 1.300 1.400 1.200 1.100 1.400 1.400 1.200 1.200 1.100 1.100 1.100 1.200 1.200 1.200 1.100 1.100 1.200 1.200 1.200 1.100 1.100 1.200 1.200 1.200 04/01/1974
2.100 2.000 2.000 1.800 1.700 2.000 1.900 2.000 1.800 1.700 2.000 2.000 1.800 1.800 1.700 1.800 1.800 1.800 1.800 1.800 1.800 1.800 1.800 1.800 1.800 1.900 1.800 1.800 1.800 1.800 05/01/1974
1.200 1.200 1.200 0.900 0.900 1.200 1.200 1.200 0.900 0.900 1.200 1.200 0.900 0.900 0.900 1.000 0.900 0.900 0.900 0.900 1.000 0.900 0.900 0.900 0.900 1.000 0.900 1.000 0.900 0.900 06/01/1974
1.100 1.100 1.100 0.800 0.800 1.100 1.000 1.100 0.800 0.800 1.100 1.100 0.800 0.800 0.900 1.000 1.000 0.800 0.800 0.800 1.000 1.000 0.800 0.900 0.900 1.100 1.000 0.900 0.900 0.800 07/01/1974
0.600 0.600 0.600 0.500 0.600 0.600 0.600 0.600 0.600 0.600 0.600 0.600 0.600 0.600 0.600 0.500 0.500 0.600 0.600 0.600 0.500 0.500 0.600 0.600 0.600 0.500 0.500 0.600 0.600 0.600 08/01/1974
1.100 1.000 1.000 0.700 0.500 1.000 0.900 1.000 0.700 0.500 1.000 1.000 0.700 0.700 0.600 0.900 0.900 0.700 0.600 0.700 0.900 0.900 0.700 0.700 0.700 0.900 0.900 0.700 0.700 0.600 09/01/1974
0.300 0.300 0.300 0.200 0.300 0.300 0.300 0.300 0.300 0.300 0.300 0.300 0.300 0.300 0.300 0.500 0.400 0.300 0.300 0.300 0.400 0.400 0.300 0.300 0.300 0.400 0.400 0.300 0.300 0.300 10/01/1974
0.800 0.800 0.800 0.600 0.500 0.800 0.700 0.800 0.600 0.500 0.800 0.800 0.600 0.600 0.500 0.800 0.700 0.600 0.600 0.600 0.800 0.700 0.600 0.600 0.600 0.800 0.700 0.600 0.600 0.600 11/01/1974
0.800 0.800 0.700 0.700 1.300 0.700 0.700 0.700 1.200 1.300 0.700 0.700 1.200 1.200 1.300 0.700 0.900 1.200 1.200 1.200 0.700 0.900 1.200 1.200 1.200 0.700 0.900 1.100 1.100 1.200 12/01/1974
2.000 2.000 2.000 1.500 1.300 2.000 2.000 2.000 1.500 1.300 2.000 2.000 1.500 1.500 1.300 1.800 1.600 1.500 1.500 1.500 1.800 1.600 1.500 1.500 1.500 1.800 1.600 1.500 1.500 1.500 13/01/1974
0.500 0.500 0.500 0.300 0.400 0.500 0.500 0.500 0.500 0.500 0.500 0.500 0.500 0.500 0.500 0.600 0.600 0.500 0.500 0.500 0.600 0.600 0.500 0.500 0.500 0.600 0.600 0.500 0.500 0.500 14/01/1974
0.800 0.800 0.800 0.500 0.400 0.800 0.700 0.800 0.600 0.500 0.800 0.800 0.600 0.600 0.500 0.800 0.800 0.600 0.500 0.500 0.800 0.800 0.600 0.600 0.600 0.900 0.900 0.600 0.600 0.500 15/01/1974
1.100 1.100 1.100 0.900 0.700 1.100 1.100 1.100 1.000 0.700 1.100 1.100 1.000 0.900 0.700 1.100 1.100 1.000 0.900 0.900 1.100 1.100 1.000 1.000 1.000 1.200 1.100 1.000 1.000 0.900 16/01/1974
1.000 1.000 1.000 0.900 0.900 1.000 1.000 1.000 1.000 0.900 1.000 1.000 1.000 1.000 0.900 0.900 0.900 1.000 1.000 1.000 0.900 0.900 1.000 1.000 1.000 0.900 0.900 1.000 1.000 1.000 17/01/1974
0.300 0.300 0.300 0.300 0.400 0.300 0.300 0.300 0.400 0.400 0.300 0.300 0.400 0.400 0.400 0.500 0.500 0.400 0.400 0.400 0.500 0.500 0.400 0.400 0.400 0.500 0.500 0.400 0.400 0.400 18/01/1974
1.200 1.100 1.100 0.800 0.700 1.100 1.000 1.100 0.900 0.700 1.100 1.100 1.000 0.900 0.700 1.100 1.100 0.900 0.900 0.900 1.100 1.100 0.900 1.000 1.000 1.200 1.100 1.000 1.000 0.900 19/01/1974
1.100 1.100 1.000 0.900 0.800 1.000 1.000 1.000 0.700 0.800 1.000 1.000 0.700 0.700 0.900 0.900 0.800 0.700 0.700 0.700 1.000 0.800 0.700 0.700 0.700 1.000 0.800 0.800 0.800 0.700 20/01/1974
0.300 0.200 0.200 0.300 0.600 0.200 0.200 0.200 0.400 0.600 0.200 0.200 0.400 0.300 0.600 0.300 0.400 0.400 0.300 0.300 0.300 0.400 0.400 0.400 0.400 0.300 0.400 0.400 0.400 0.300 21/01/1974
1.100 1.000 1.000 0.500 0.400 1.000 0.900 1.000 0.700 0.500 1.000 1.000 0.700 0.700 0.500 0.900 0.800 0.700 0.700 0.700 0.900 0.800 0.700 0.700 0.700 1.000 0.800 0.800 0.800 0.700 22/01/1974
0.900 0.900 0.900 0.900 0.600 0.900 0.900 0.900 0.700 0.700 0.900 0.900 0.700 0.700 0.700 0.700 0.600 0.700 0.700 0.700 0.800 0.600 0.700 0.700 0.700 0.800 0.600 0.700 0.700 0.700 23/01/1974
0.300 0.300 0.300 0.300 0.300 0.300 0.300 0.300 0.300 0.300 0.300 0.300 0.300 0.200 0.300 0.300 0.300 0.300 0.200 0.200 0.300 0.300 0.300 0.300 0.300 0.400 0.300 0.300 0.300 0.200 24/01/1974
0.400 0.400 0.300 0.200 0.200 0.300 0.300 0.300 0.200 0.200 0.300 0.300 0.200 0.200 0.200 0.300 0.200 0.200 0.200 0.200 0.300 0.200 0.200 0.200 0.200 0.400 0.200 0.200 0.200 0.200 25/01/1974
0.700 0.700 0.700 0.500 0.500 0.600 0.600 0.600 0.500 0.500 0.600 0.700 0.600 0.500 0.500 0.700 0.900 0.600 0.500 0.500 0.700 0.900 0.500 0.600 0.600 0.800 0.900 0.600 0.600 0.500 26/01/1974
1.600 1.600 1.600 1.300 1.200 1.600 1.600 1.600 1.300 1.200 1.600 1.600 1.400 1.300 1.200 1.500 1.300 1.300 1.300 1.300 1.500 1.300 1.300 1.400 1.400 1.400 1.300 1.400 1.400 1.300 27/01/1974
2.700 2.700 2.600 2.200 2.000 2.600 2.600 2.600 2.200 2.000 2.600 2.600 2.200 2.200 2.000 2.400 2.200 2.200 2.200 2.200 2.400 2.200 2.200 2.200 2.200 2.400 2.200 2.200 2.200 2.200 28/01/1974
1.100 1.100 1.100 0.900 0.600 1.100 1.100 1.100 0.800 0.700 1.100 1.100 0.800 0.800 0.700 0.900 0.900 0.800 0.800 0.800 1.000 0.900 0.800 0.800 0.800 1.000 0.900 0.900 0.900 0.800 29/01/1974
1.000 1.000 1.000 0.800 1.100 1.000 1.000 1.000 1.100 1.200 1.000 1.000 1.100 1.100 1.200 1.000 1.100 1.100 1.100 1.100 1.000 1.100 1.100 1.100 1.100 1.000 1.100 1.100 1.100 1.100 30/01/1974
0.900 0.900 0.900 0.800 0.800 0.900 0.900 0.900 0.700 0.800 0.900 0.900 0.700 0.700 0.900 0.800 0.700 0.700 0.700 0.700 0.800 0.700 0.700 0.700 0.700 0.800 0.800 0.700 0.700 0.700 31/01/1974
2.100 2.100 2.000 1.700 1.200 2.000 2.000 2.000 1.400 1.200 2.000 2.000 1.400 1.400 1.200 1.900 1.700 1.400 1.400 1.400 1.900 1.700 1.400 1.400 1.400 2.000 1.700 1.500 1.500 1.400 01/02/1974
0.600 0.600 0.600 0.500 0.500 0.600 0.600 0.600 0.500 0.500 0.600 0.600 0.500 0.500 0.500 0.500 0.400 0.500 0.500 0.500 0.500 0.400 0.500 0.500 0.500 0.600 0.400 0.500 0.500 0.500 02/02/1974
0.800 0.800 0.700 0.600 0.500 0.700 0.700 0.700 0.700 0.500 0.700 0.700 0.800 0.700 0.600 0.800 0.800 0.700 0.700 0.700 0.800 0.800 0.700 0.800 0.800 0.900 0.800 0.800 0.800 0.700 03/02/1974
0.400 0.400 0.400 0.400 0.400 0.400 0.400 0.400 0.300 0.400 0.400 0.400 0.300 0.300 0.400 0.600 0.500 0.300 0.300 0.300 0.600 0.500 0.300 0.300 0.300 0.600 0.500 0.300 0.300 0.300 04/02/1974
0.300 0.300 0.300 0.300 0.300 0.300 0.300 0.300 0.300 0.300 0.300 0.300 0.300 0.300 0.300 0.300 0.400 0.300 0.200 0.200 0.300 0.400 0.300 0.300 0.300 0.300 0.400 0.300 0.300 0.200 05/02/1974
1.000 1.000 1.000 1.000 0.900 1.000 1.000 1.000 0.800 0.900 1.000 1.000 0.800 0.800 0.900 0.900 0.900 0.800 0.800 0.800 0.900 0.900 0.800 0.800 0.800 1.000 0.900 0.800 0.800 0.800 06/02/1974
1.500 1.500 1.400 1.300 1.100 1.400 1.300 1.400 1.400 1.100 1.400 1.400 1.400 1.400 1.100 1.600 1.500 1.400 1.400 1.400 1.700 1.500 1.400 1.400 1.400 1.700 1.600 1.400 1.400 1.400 07/02/1974
0.300 0.300 0.300 0.300 0.200 0.300 0.300 0.300 0.200 0.200 0.300 0.300 0.200 0.200 0.200 0.200 0.200 0.200 0.200 0.200 0.200 0.200 0.200 0.200 0.200 0.200 0.200 0.200 0.200 0.200 08/02/1974
1.800 1.800 1.700 1.300 1.300 1.700 1.600 1.700 1.400 1.400 1.700 1.700 1.400 1.300 1.400 1.600 1.700 1.400 1.300 1.300 1.700 1.600 1.400 1.400 1.400 1.700 1.700 1.400 1.400 1.300 09/02/1974
2.200 2.200 2.200 1.800 1.800 2.200 2.200 2.200 1.900 1.800 2.200 2.200 1.900 1.900 1.800 2.100 1.900 1.900 1.900 1.900 2.100 1.900 1.900 1.900 1.900 2.200 1.900 1.900 1.900 1.900 10/02/1974
2.300 2.300 2.300 2.000 2.100 2.200 2.200 2.200 2.000 2.100 2.200 2.200 2.000 2.000 2.200 1.900 2.400 2.000 2.000 2.000 2.000 2.400 2.000 2.100 2.100 2.000 2.400 2.100 2.100 2.000 11/02/1974
1.400 1.400 1.300 1.200 1.100 1.300 1.300 1.300 1.200 1.100 1.300 1.300 1.200 1.100 1.100 1.200 1.000 1.200 1.100 1.100 1.200 1.000 1.200 1.200 1.200 1.300 1.000 1.200 1.200 1.100 12/02/1974
1.500 1.500 1.500 1.000 0.700 1.400 1.400 1.400 0.900 0.700 1.400 1.500 0.900 0.900 0.700 1.200 1.000 0.900 0.900 0.900 1.200 1.000 0.900 0.900 0.900 1.300 1.000 0.900 0.900 0.900 13/02/1974
0.900 0.900 0.900 0.900 1.100 0.900 0.900 0.900 0.900 1.100 0.900 0.900 0.900 0.900 1.100 0.700 0.800 0.900 0.900 0.900 0.700 0.800 0.900 0.900 0.900 0.700 0.800 0.900 0.900 0.900 14/02/1974
1.300 1.300 1.300 0.900 0.700 1.200 1.200 1.200 0.900 0.700 1.300 1.300 0.900 0.800 0.800 1.100 1.000 0.900 0.800 0.800 1.100 1.000 0.900 0.900 0.900 1.100 1.000 0.900 0.900 0.800 15/02/1974
1.100 1.100 1.100 0.800 0.600 1.100 1.000 1.100 0.800 0.600 1.100 1.100 0.800 0.800 0.700 1.000 1.000 0.800 0.800 0.800 1.000 1.000 0.800 0.800 0.800 1.100 1.000 0.900 0.900 0.800 16/02/1974
1.100 1.100 1.100 1.000 1.000 1.100 1.100 1.100 1.100 1.000 1.100 1.100 1.100 1.100 1.100 1.300 1.300 1.100 1.100 1.100 1.300 1.300 1.100 1.100 1.100 1.300 1.300 1.100 1.100 1.100 17/02/1974
0.600 0.600 0.600 0.400 0.400 0.600 0.600 0.600 0.400 0.400 0.600 0.600 0.400 0.400 0.400 0.800 1.000 0.400 0.400 0.400 0.800 1.000 0.400 0.400 0.400 0.900 1.000 0.400 0.400 0.400 18/02/1974
0.900 0.800 0.800 0.600 0.600 0.800 0.800 0.800 0.700 0.600 0.800 0.800 0.700 0.700 0.600 1.000 0.900 0.700 0.700 0.700 1.000 0.900 0.700 0.700 0.700 1.000 0.900 0.700 0.700 0.700 19/02/1974
0.900 0.900 0.900 0.700 0.600 0.900 0.900 0.900 0.700 0.600 0.900 0.900 0.700 0.700 0.700 0.900 0.900 0.700 0.700 0.700 0.900 0.900 0.700 0.700 0.800 0.900 0.900 0.800 0.800 0.700 20/02/1974
0.900 0.900 0.900 0.800 1.000 0.900 0.900 0.900 1.000 1.000 0.900 0.900 1.000 1.000 1.000 1.100 1.400 1.000 1.000 1.000 1.100 1.400 1.000 1.000 1.000 1.100 1.400 1.100 1.100 1.000 21/02/1974
0.500 0.500 0.500 0.400 0.500 0.400 0.400 0.400 0.600 0.500 0.400 0.500 0.600 0.600 0.500 0.600 0.800 0.600 0.500 0.600 0.600 0.800 0.600 0.600 0.600 0.700 0.800 0.600 0.600 0.500 22/02/1974
1.600 1.600 1.600 1.300 1.400 1.500 1.500 1.500 1.700 1.500 1.500 1.600 1.700 1.700 1.500 1.700 1.700 1.700 1.700 1.700 1.700 1.700 1.700 1.700 1.700 1.800 1.800 1.800 1.800 1.700 23/02/1974
1.800 1.800 1.800 1.600 1.500 1.800 1.700 1.800 1.600 1.500 1.800 1.800 1.600 1.500 1.500 1.600 1.700 1.600 1.500 1.500 1.600 1.700 1.600 1.600 1.600 1.600 1.700 1.600 1.600 1.500 24/02/1974
1.600 1.500 1.500 1.400 1.400 1.500 1.500 1.500 1.500 1.400 1.500 1.500 1.500 1.400 1.400 1.600 1.600 1.500 1.400 1.400 1.600 1.600 1.500 1.500 1.500 1.700 1.700 1.500 1.500 1.400 25/02/1974
1.400 1.300 1.300 1.300 1.200 1.300 1.300 1.300 1.300 1.300 1.300 1.300 1.300 1.300 1.300 1.300 1.300 1.300 1.300 1.300 1.300 1.300 1.300 1.300 1.300 1.300 1.300 1.400 1.400 1.300 26/02/1974
1.100 1.100 1.100 0.800 0.700 1.000 1.000 1.000 0.900 0.700 1.000 1.000 0.900 0.800 0.700 1.300 1.200 0.900 0.800 0.800 1.300 1.200 0.900 0.900 0.900 1.300 1.200 0.900 0.900 0.800 27/02/1974
1.100 1.000 1.000 0.900 1.000 1.000 1.000 1.000 1.100 1.000 1.000 1.000 1.100 1.100 1.000 1.300 1.200 1.100 1.000 1.100 1.300 1.200 1.100 1.100 1.100 1.300 1.200 1.200 1.100 1.000 28/02/1974
0.800 0.800 0.800 0.400 0.500 0.800 0.700 0.800 0.400 0.500 0.800 0.800 0.500 0.400 0.500 0.900 1.000 0.500 0.400 0.400 1.000 1.000 0.400 0.500 0.500 1.100 1.000 0.500 0.500 0.400 01/03/1974
0.900 0.900 0.900 0.700 0.700 0.800 0.800 0.800 0.800 0.700 0.800 0.800 0.800 0.800 0.700 0.700 0.700 0.800 0.800 0.800 0.800 0.700 0.800 0.900 0.900 0.800 0.700 0.900 0.900 0.800 02/03/1974
2.000 2.000 2.000 1.800 1.600 1.900 1.900 1.900 1.700 1.600 1.900 2.000 1.700 1.700 1.600 1.800 1.700 1.700 1.700 1.700 1.800 1.700 1.700 1.700 1.700 1.800 1.800 1.800 1.800 1.700 03/03/1974
1.400 1.400 1.400 1.500 1.500 1.400 1.400 1.400 1.500 1.500 1.400 1.400 1.600 1.500 1.500 1.100 1.200 1.500 1.500 1.500 1.200 1.200 1.500 1.600 1.600 1.200 1.200 1.600 1.600 1.500 04/03/1974
1.200 1.200 1.200 0.700 0.700 1.100 1.100 1.100 0.800 0.700 1.100 1.100 0.800 0.800 0.700 1.200 1.200 0.800 0.800 0.800 1.200 1.200 0.800 0.800 0.800 1.300 1.300 0.800 0.800 0.800 05/03/1974
1.300 1.300 1.300 1.200 1.300 1.300 1.300 1.300 1.300 1.300 1.300 1.300 1.300 1.300 1.300 1.300 1.300 1.300 1.300 1.300 1.300 1.300 1.300 1.300 1.300 1.300 1.300 1.400 1.300 1.300 06/03/1974
1.600 1.600 1.500 1.600 1.800 1.500 1.400 1.500 1.700 1.800 1.500 1.500 1.700 1.700 1.900 1.700 1.800 1.700 1.700 1.700 1.800 1.800 1.700 1.700 1.700 1.800 1.800 1.700 1.700 1.700 07/03/1974
1.600 1.600 1.600 1.600 1.500 1.600 1.500 1.600 1.600 1.600 1.600 1.600 1.600 1.600 1.600 1.600 1.600 1.600 1.600 1.600 1.600 1.600 1.600 1.600 1.600 1.600 1.600 1.600 1.600 1.600 08/03/1974
1.300 1.300 1.300 1.400 1.800 1.300 1.200 1.300 1.700 1.800 1.300 1.300 1.700 1.700 1.800 1.300 1.700 1.700 1.700 1.700 1.300 1.700 1.700 1.700 1.700 1.400 1.700 1.800 1.800 1.700 09/03/1974
0.600 0.600 0.600 0.800 0.700 0.500 0.500 0.500 0.600 0.700 0.500 0.500 0.600 0.600 0.700 0.200 0.300 0.600 0.600 0.600 0.200 0.300 0.600 0.600 0.600 0.200 0.300 0.600 0.600 0.600 10/03/1974
0.500 0.500 0.500 0.500 0.500 0.500 0.500 0.500 0.400 0.500 0.500 0.500 0.400 0.400 0.500 0.600 0.400 0.400 0.400 0.400 0.600 0.400 0.400 0.400 0.400 0.600 0.400 0.400 0.400 0.400 11/03/1974
1.100 1.100 1.100 1.200 1.300 1.100 1.100 1.100 1.300 1.300 1.100 1.100 1.300 1.300 1.300 1.300 1.400 1.300 1.300 1.300 1.300 1.400 1.300 1.300 1.300 1.300 1.400 1.300 1.300 1.300 12/03/1974
1.400 1.400 1.400 1.200 0.800 1.300 1.300 1.300 1.000 0.800 1.400 1.400 1.000 1.000 0.800 1.300 1.200 1.000 1.000 1.000 1.400 1.200 1.000 1.100 1.100 1.400 1.200 1.100 1.100 1.000 13/03/1974
1.100 1.100 1.100 1.300 1.100 1.100 1.100 1.100 1.200 1.100 1.100 1.100 1.200 1.200 1.200 1.200 1.100 1.200 1.200 1.200 1.200 1.100 1.200 1.200 1.200 1.200 1.100 1.200 1.200 1.200 14/03/1974
0.500 0.500 0.500 0.500 0.500 0.500 0.500 0.500 0.500 0.500 0.500 0.500 0.500 0.500 0.500 0.400 0.400 0.500 0.500 0.500 0.400 0.400 0.500 0.500 0.500 0.400 0.400 0.500 0.500 0.500 15/03/1974
0.700 0.700 0.700 0.600 0.500 0.700 0.700 0.700 0.600 0.500 0.700 0.700 0.600 0.600 0.500 0.600 0.700 0.600 0.600 0.600 0.600 0.600 0.600 0.600 0.600 0.600 0.700 0.600 0.600 0.600 16/03/1974
2.700 2.600 2.600 2.100 2.100 2.600 2.600 2.600 2.400 2.100 2.600 2.600 2.400 2.400 2.200 2.600 2.600 2.400 2.400 2.400 2.600 2.600 2.400 2.500 2.500 2.700 2.600 2.500 2.500 2.400 17/03/1974
1.300 1.200 1.200 1.000 1.500 1.200 1.100 1.200 1.500 1.500 1.200 1.200 1.500 1.400 1.600 1.100 1.400 1.500 1.400 1.400 1.200 1.400 1.400 1.500 1.500 1.200 1.400 1.500 1.500 1.400 18/03/1974
0.400 0.400 0.400 0.400 0.400 0.400 0.300 0.400 0.300 0.400 0.400 0.400 0.300 0.300 0.400 0.400 0.300 0.300 0.300 0.300 0.400 0.300 0.300 0.300 0.300 0.400 0.300 0.400 0.400 0.300 19/03/1974
0.700 0.700 0.700 0.800 0.700 0.700 0.700 0.700 0.700 0.700 0.700 0.700 0.700 0.700 0.700 0.600 0.500 0.700 0.700 0.700 0.500 0.500 0.700 0.700 0.700 0.500 0.500 0.700 0.700 0.700 20/03/1974
1.100 1.100 1.000 1.000 1.200 1.000 1.000 1.000 1.200 1.200 1.000 1.000 1.200 1.200 1.200 0.900 1.200 1.200 1.200 1.200 1.000 1.200 1.200 1.200 1.200 1.100 1.200 1.200 1.200 1.200 21/03/1974
1.100 1.100 1.100 1.200 1.400 1.100 1.100 1.100 1.400 1.400 1.100 1.100 1.400 1.400 1.400 1.200 1.400 1.400 1.400 1.400 1.200 1.400 1.400 1.400 1.400 1.200 1.400 1.400 1.400 1.400 22/03/1974
2.500 2.500 2.500 3.200 3.000 2.500 2.500 2.500 2.800 3.000 2.500 2.500 2.800 2.800 3.000 2.200 2.200 2.800 2.800 2.800 2.200 2.200 2.800 2.800 2.800 2.200 2.200 2.800 2.800 2.800 23/03/1974
1.900 1.900 1.900 2.000 1.900 1.900 1.900 1.900 1.900 1.900 1.900 1.900 1.900 1.900 1.900 1.800 1.600 1.900 1.900 1.900 1.800 1.600 1.900 1.900 1.900 1.800 1.600 1.900 1.900 1.900 24/03/1974
2.200 2.200 2.200 2.600 2.800 2.200 2.200 2.200 2.700 2.800 2.200 2.200 2.700 2.700 2.800 2.300 2.500 2.700 2.700 2.700 2.300 2.500 2.700 2.700 2.700 2.300 2.500 2.700 2.700 2.700 25/03/1974
2.100 2.100 2.100 1.600 1.800 2.000 2.000 2.000 1.900 1.800 2.000 2.000 2.000 1.900 1.800 2.300 2.200 2.000 1.900 1.900 2.300 2.200 1.900 2.000 2.000 2.400 2.200 2.000 2.000 1.900 26/03/1974
1.600 1.600 1.600 1.400 1.300 1.600 1.500 1.600 1.400 1.300 1.600 1.600 1.400 1.400 1.300 1.500 1.600 1.400 1.400 1.400 1.500 1.600 1.400 1.400 1.400 1.500 1.600 1.400 1.400 1.400 27/03/1974
1.700 1.700 1.700 2.000 2.200 1.600 1.600 1.600 2.100 2.200 1.700 1.700 2.100 2.100 2.200 1.800 2.000 2.100 2.000 2.000 1.800 2.000 2.100 2.100 2.100 1.900 2.000 2.200 2.200 2.000 28/03/1974
1.500 1.500 1.500 1.200 1.300 1.500 1.400 1.500 1.500 1.300 1.500 1.500 1.500 1.500 1.300 1.700 1.800 1.500 1.500 1.500 1.800 1.800 1.500 1.500 1.500 1.800 1.800 1.500 1.500 1.500 29/03/1974
2.000 2.000 2.000 1.600 1.600 1.900 1.900 1.900 2.200 1.700 1.900 2.000 2.200 2.100 1.700 2.000 2.300 2.200 2.100 2.100 2.100 2.300 2.200 2.200 2.200 2.100 2.300 2.300 2.300 2.100 30/03/1974
1.600 1.500 1.500 1.300 1.600 1.500 1.400 1.500 2.000 1.700 1.500 1.500 2.000 2.000 1.700 1.600 2.300 2.000 1.900 2.000 1.600 2.300 2.000 2.000 2.000 1.700 2.300 2.100 2.100 2.000 31/03/1974
1.700 1.700 1.600 1.700 2.300 1.600 1.600 1.600 2.400 2.300 1.600 1.600 2.400 2.400 2.300 1.700 2.200 2.400 2.400 2.400 1.800 2.200 2.400 2.500 2.500 1.800 2.200 2.500 2.500 2.400 01/04/1974
0.600 0.600 0.600 0.500 0.600 0.500 0.500 0.500 0.700 0.600 0.500 0.500 0.700 0.700 0.600 0.600 0.700 0.700 0.700 0.700 0.600 0.700 0.700 0.700 0.700 0.600 0.700 0.700 0.700 0.700 02/04/1974
1.500 1.400 1.400 1.100 1.100 1.400 1.300 1.400 1.200 1.100 1.400 1.400 1.200 1.200 1.100 1.400 1.500 1.200 1.200 1.200 1.500 1.400 1.200 1.200 1.200 1.600 1.500 1.200 1.200 1.200 03/04/1974
0.400 0.400 0.400 0.700 0.500 0.400 0.400 0.400 0.500 0.600 0.400 0.400 0.500 0.500 0.600 0.400 0.400 0.500 0.500 0.500 0.400 0.400 0.500 0.500 0.500 0.400 0.400 0.500 0.500 0.500 04/04/1974
1.600 1.600 1.600 1.700 1.600 1.500 1.500 1.500 1.600 1.600 1.500 1.500 1.600 1.500 1.600 1.400 1.800 1.600 1.500 1.500 1.500 1.800 1.600 1.600 1.600 1.500 1.800 1.600 1.600 1.500 05/04/1974
1.600 1.600 1.600 1.500 0.800 1.600 1.600 1.600 1.000 0.800 1.600 1.600 1.100 1.000 0.800 1.300 0.800 1.000 1.000 1.000 1.300 0.800 1.000 1.100 1.100 1.400 0.900 1.100 1.100 1.000 06/04/1974
1.900 1.800 1.800 1.800 1.800 1.800 1.800 1.800 2.000 1.900 1.800 1.800 2.000 2.000 1.900 2.200 2.200 2.000 2.000 2.000 2.200 2.200 2.000 2.100 2.100 2.200 2.300 2.100 2.100 2.000 07/04/1974
2.900 2.900 2.800 3.000 2.900 2.800 2.800 2.800 3.000 2.900 2.800 2.800 3.000 3.000 3.000 2.500 2.700 3.000 2.900 2.900 2.600 2.700 3.000 3.000 3.000 2.600 2.800 3.100 3.100 2.900 08/04/1974
3.200 3.200 3.200 3.300 3.300 3.200 3.100 3.200 3.400 3.400 3.200 3.200 3.400 3.400 3.400 3.100 3.200 3.400 3.400 3.400 3.100 3.200 3.400 3.400 3.400 3.100 3.200 3.500 3.400 3.400 09/04/1974
3.500 3.500 3.400 3.100 3.200 3.400 3.400 3.400 3.200 3.200 3.400 3.400 3.200 3.200 3.200 2.800 2.600 3.200 3.200 3.200 2.800 2.600 3.200 3.200 3.200 2.900 2.600 3.200 3.200 3.200 10/04/1974
0.700 0.700 0.700 0.600 0.500 0.700 0.700 0.700 0.600 0.500 0.700 0.700 0.600 0.600 0.500 1.000 1.000 0.600 0.600 0.600 1.000 1.000 0.600 0.600 0.600 1.000 1.000 0.600 0.600 0.600 11/04/1974
1.400 1.300 1.300 0.900 0.700 1.300 1.300 1.300 1.200 0.800 1.300 1.300 1.200 1.100 0.800 1.500 1.500 1.200 1.100 1.100 1.600 1.500 1.200 1.200 1.200 1.600 1.500 1.200 1.200 1.100 12/04/1974
1.600 1.600 1.600 1.300 1.200 1.600 1.500 1.600 1.300 1.200 1.600 1.600 1.400 1.300 1.300 1.400 1.000 1.400 1.300 1.300 1.500 1.000 1.300 1.400 1.400 1.500 1.000 1.400 1.400 1.300 13/04/1974
3.700 3.700 3.700 3.800 3.100 3.600 3.600 3.600 3.200 3.100 3.600 3.700 3.200 3.200 3.100 3.400 2.700 3.200 3.200 3.200 3.400 2.700 3.200 3.200 3.200 3.400 2.800 3.300 3.200 3.200 14/04/1974
4.100 4.000 4.000 4.000 4.100 4.000 4.000 4.000 4.200 4.100 4.000 4.000 4.200 4.200 4.100 4.100 4.300 4.200 4.200 4.200 4.100 4.300 4.200 4.300 4.300 4.100 4.300 4.300 4.300 4.200 15/04/1974
3.300 3.200 3.200 3.300 3.300 3.200 3.100 3.200 3.400 3.300 3.200 3.200 3.400 3.400 3.400 3.000 3.300 3.400 3.300 3.400 3.000 3.200 3.400 3.400 3.400 3.000 3.300 3.500 3.500 3.300 16/04/1974
3.000 3.000 3.000 3.100 3.700 3.000 3.000 3.000 3.400 3.700 3.000 3.000 3.400 3.400 3.700 3.300 3.300 3.400 3.400 3.400 3.300 3.300 3.400 3.400 3.400 3.300 3.300 3.400 3.400 3.400 17/04/1974
3.100 3.100 3.100 3.200 3.500 3.100 3.100 3.100 3.400 3.600 3.100 3.100 3.400 3.400 3.600 3.400 3.500 3.400 3.400 3.400 3.400 3.500 3.400 3.400 3.400 3.400 3.600 3.400 3.400 3.400 18/04/1974
3.400 3.400 3.400 3.600 3.700 3.400 3.400 3.400 3.600 3.700 3.400 3.400 3.600 3.600 3.700 3.300 3.300 3.600 3.600 3.600 3.300 3.300 3.600 3.600 3.600 3.300 3.300 3.600 3.600 3.600 19/04/1974
3.400 3.400 3.400 3.700 4.000 3.400 3.400 3.400 3.800 4.000 3.400 3.400 3.800 3.800 4.000 3.400 4.000 3.800 3.800 3.800 3.400 4.000 3.800 3.800 3.800 3.400 4.100 3.900 3.900 3.800 20/04/1974
4.200 4.200 4.200 4.100 4.300 4.200 4.200 4.200 4.300 4.300 4.200 4.200 4.300 4.300 4.300 4.100 3.900 4.300 4.200 4.200 4.100 3.900 4.300 4.300 4.300 4.100 3.900 4.300 4.300 4.200 21/04/1974
3.200 3.200 3.200 3.100 3.500 3.200 3.200 3.200 3.700 3.500 3.200 3.200 3.700 3.600 3.600 3.500 3.600 3.700 3.600 3.600 3.500 3.600 3.700 3.700 3.700 3.500 3.600 3.700 3.700 3.600 22/04/1974
3.000 3.000 3.000 3.300 3.200 3.000 3.000 3.000 3.200 3.200 3.000 3.000 3.200 3.100 3.200 3.100 3.000 3.200 3.100 3.100 3.100 3.000 3.200 3.200 3.200 3.100 3.000 3.200 3.200 3.100 23/04/1974
2.900 2.900 2.900 2.900 3.200 2.900 2.800 2.900 3.200 3.200 2.900 2.900 3.300 3.200 3.200 3.000 3.200 3.200 3.200 3.200 3.000 3.200 3.200 3.300 3.300 3.000 3.200 3.300 3.300 3.200 24/04/1974
2.000 2.000 2.000 1.700 1.600 2.000 2.000 2.000 1.800 1.600 2.000 2.000 1.800 1.800 1.700 2.200 2.300 1.800 1.700 1.700 2.200 2.300 1.800 1.800 1.800 2.200 2.300 1.800 1.800 1.700 25/04/1974
0.600 0.600 0.600 0.700 0.900 0.600 0.600 0.600 0.800 0.900 0.600 0.600 0.800 0.800 0.900 0.600 0.500 0.800 0.800 0.800 0.600 0.500 0.800 0.800 0.800 0.600 0.500 0.800 0.800 0.800 26/04/1974
2.600 2.600 2.500 2.100 2.400 2.500 2.400 2.500 2.700 2.400 2.500 2.500 2.700 2.700 2.500 2.700 2.600 2.700 2.600 2.600 2.700 2.600 2.700 2.700 2.700 2.700 2.600 2.700 2.700 2.600 27/04/1974
2.800 2.800 2.800 2.500 2.400 2.800 2.800 2.800 2.700 2.400 2.800 2.800 2.700 2.600 2.500 2.700 2.600 2.700 2.600 2.600 2.700 2.600 2.700 2.700 2.700 2.800 2.600 2.700 2.700 2.600 28/04/1974
1.500 1.400 1.400 1.500 1.500 1.400 1.300 1.400 1.500 1.500 1.400 1.400 1.500 1.500 1.500 1.900 2.000 1.500 1.500 1.500 1.900 2.000 1.500 1.500 1.500 2.000 2.000 1.600 1.600 1.500 29/04/1974
3.300 3.200 3.200 2.700 2.900 3.200 3.100 3.200 3.100 2.900 3.200 3.200 3.100 3.000 3.000 3.100 2.900 3.100 3.000 3.000 3.100 2.900 3.100 3.100 3.100 3.200 2.900 3.100 3.100 3.000 30/04/1974
2.900 2.800 2.800 2.200 1.800 2.800 2.700 2.800 2.300 1.800 2.800 2.800 2.300 2.200 1.900 2.900 2.900 2.300 2.200 2.200 2.900 2.900 2.300 2.300 2.300 3.000 2.900 2.300 2.300 2.200 01/05/1974
2.000 1.900 1.900 1.800 1.800 1.900 1.900 1.900 2.000 1.900 1.900 1.900 2.000 2.000 1.900 2.100 2.200 2.000 1.900 1.900 2.200 2.200 2.000 2.000 2.000 2.300 2.300 2.000 2.000 1.900 02/05/1974
1.600 1.600 1.600 1.300 1.000 1.600 1.500 1.600 1.200 1.000 1.600 1.600 1.200 1.200 1.000 1.500 1.500 1.200 1.200 1.200 1.500 1.500 1.200 1.200 1.200 1.500 1.500 1.200 1.200 1.200 03/05/1974
1.600 1.600 1.500 1.200 1.000 1.500 1.400 1.500 1.200 1.000 1.500 1.500 1.200 1.200 1.000 1.800 1.900 1.200 1.200 1.200 1.800 1.900 1.200 1.300 1.300 1.900 1.900 1.300 1.300 1.200 04/05/1974
1.300 1.300 1.200 0.900 0.800 1.200 1.200 1.200 0.900 0.800 1.200 1.200 0.900 0.900 0.800 1.300 1.200 0.900 0.900 0.900 1.400 1.200 0.900 0.900 0.900 1.400 1.200 1.000 1.000 0.900 05/05/1974
2.700 2.700 2.700 2.100 1.600 2.700 2.600 2.700 2.000 1.700 2.700 2.700 2.000 2.000 1.700 2.800 2.400 2.000 2.000 2.000 2.800 2.400 2.000 2.000 2.000 2.900 2.400 2.100 2.100 2.000 06/05/1974
3.000 3.000 3.000 2.700 2.800 3.000 3.000 3.000 3.000 2.800 3.000 3.000 3.000 3.000 2.800 3.100 3.200 3.000 2.900 2.900 3.100 3.200 3.000 3.000 3.000 3.100 3.200 3.000 3.000 2.900 07/05/1974
2.500 2.500 2.500 2.300 2.500 2.500 2.500 2.500 2.600 2.600 2.500 2.500 2.600 2.500 2.600 2.600 2.600 2.600 2.500 2.500 2.600 2.600 2.600 2.600 2.600 2.600 2.700 2.600 2.600 2.500 08/05/1974
2.200 2.200 2.200 1.900 2.400 2.200 2.200 2.200 2.400 2.400 2.200 2.200 2.400 2.300 2.400 1.900 2.200 2.400 2.300 2.300 1.800 2.200 2.400 2.400 2.400 1.800 2.300 2.400 2.400 2.300 09/05/1974
2.100 2.100 2.000 1.900 2.000 2.000 2.000 2.000 2.100 2.000 2.000 2.000 2.100 2.100 2.000 2.000 2.200 2.100 2.100 2.100 2.000 2.200 2.100 2.100 2.100 2.100 2.200 2.100 2.100 2.100 10/05/1974
2.600 2.600 2.600 2.300 2.200 2.600 2.500 2.600 2.400 2.300 2.600 2.600 2.400 2.400 2.300 2.800 3.000 2.400 2.300 2.300 2.900 3.000 2.400 2.400 2.400 2.900 3.000 2.400 2.400 2.300 11/05/1974
3.900 3.800 3.800 3.100 3.000 3.700 3.700 3.700 3.400 3.100 3.700 3.800 3.400 3.400 3.100 4.000 4.000 3.400 3.300 3.300 4.100 4.000 3.400 3.400 3.400 4.100 4.000 3.500 3.500 3.300 12/05/1974
1.900 1.900 1.900 2.400 2.600 1.900 1.900 1.900 2.000 2.600 1.900 1.900 2.000 2.000 2.600 2.100 1.900 2.000 2.000 2.000 2.200 1.900 2.000 2.000 2.000 2.200 1.900 2.000 2.000 2.000 13/05/1974
4.500 4.500 4.500 4.200 4.100 4.500 4.500 4.500 4.400 4.100 4.500 4.500 4.500 4.400 4.200 4.300 4.200 4.400 4.400 4.400 4.300 4.200 4.400 4.500 4.500 4.300 4.200 4.500 4.500 4.400 14/05/1974
4.400 4.400 4.400 4.800 4.500 4.400 4.300 4.400 4.300 4.500 4.400 4.400 4.300 4.300 4.500 4.200 4.300 4.300 4.300 4.300 4.200 4.300 4.300 4.400 4.400 4.200 4.300 4.400 4.400 4.300 15/05/1974
1.500 1.400 1.400 1.600 1.700 1.400 1.400 1.400 1.500 1.700 1.400 1.400 1.500 1.400 1.800 1.500 1.500 1.500 1.400 1.400 1.500 1.500 1.500 1.500 1.500 1.600 1.600 1.500 1.500 1.400 16/05/1974
2.700 2.700 2.700 2.900 3.200 2.600 2.600 2.600 3.500 3.200 2.700 2.700 3.600 3.500 3.300 3.200 3.600 3.600 3.500 3.500 3.300 3.600 3.500 3.600 3.600 3.400 3.700 3.600 3.600 3.500 17/05/1974
3.600 3.600 3.600 3.800 4.200 3.500 3.500 3.500 4.000 4.200 3.500 3.500 4.000 4.000 4.200 3.800 4.100 4.000 4.000 4.000 3.800 4.100 4.000 4.000 4.000 3.800 4.100 4.000 4.000 4.000 18/05/1974
5.000 5.000 5.000 4.700 5.100 4.900 4.900 4.900 5.000 5.100 4.900 4.900 5.000 5.000 5.100 4.900 4.900 5.000 5.000 5.000 5.000 4.900 5.000 5.100 5.100 5.000 4.900 5.100 5.100 5.000 19/05/1974
4.100 4.100 4.100 3.700 3.400 4.000 4.000 4.000 3.600 3.500 4.000 4.000 3.600 3.600 3.500 3.400 3.100 3.600 3.600 3.600 3.400 3.100 3.600 3.600 3.600 3.500 3.100 3.700 3.700 3.600 20/05/1974
4.900 4.900 4.800 5.200 4.800 4.800 4.700 4.800 4.900 4.800 4.800 4.800 4.900 4.900 4.900 4.600 4.300 4.900 4.900 4.900 4.700 4.300 4.900 4.900 4.900 4.700 4.300 5.000 5.000 4.900 21/05/1974
1.900 1.900 1.900 2.200 2.200 1.900 1.900 1.900 2.300 2.200 1.900 1.900 2.300 2.300 2.300 1.800 2.500 2.300 2.200 2.200 1.900 2.400 2.300 2.300 2.300 1.900 2.500 2.300 2.300 2.200 22/05/1974
3.600 3.600 3.600 2.900 2.700 3.500 3.500 3.500 3.600 2.700 3.500 3.500 3.700 3.600 2.800 2.800 3.400 3.600 3.600 3.600 2.800 3.400 3.600 3.700 3.700 2.900 3.400 3.800 3.700 3.600 23/05/1974
1.600 1.600 1.600 1.300 1.400 1.500 1.500 1.500 1.300 1.400 1.500 1.500 1.300 1.300 1.500 1.400 1.400 1.300 1.300 1.300 1.400 1.400 1.300 1.300 1.300 1.400 1.400 1.400 1.400 1.300 24/05/1974
3.200 3.100 3.100 3.100 3.300 3.100 3.100 3.100 3.400 3.300 3.100 3.100 3.400 3.400 3.300 3.100 2.800 3.400 3.300 3.300 3.100 2.800 3.400 3.400 3.400 3.100 2.800 3.500 3.400 3.300 25/05/1974
2.700 2.700 2.600 3.000 3.000 2.600 2.600 2.600 2.900 3.000 2.600 2.600 2.900 2.900 3.000 2.500 2.800 2.900 2.900 2.900 2.500 2.800 2.900 2.900 2.900 2.500 2.800 3.000 3.000 2.900 26/05/1974
2.300 2.300 2.300 2.300 2.500 2.300 2.200 2.300 2.500 2.500 2.300 2.300 2.500 2.500 2.500 2.700 3.200 2.500 2.400 2.500 2.800 3.200 2.500 2.500 2.600 2.800 3.200 2.600 2.600 2.400 27/05/1974
2.900 2.900 2.900 3.000 3.500 2.800 2.800 2.800 3.900 3.500 2.800 2.800 3.900 3.900 3.600 3.200 3.600 3.900 3.800 3.900 3.300 3.600 3.900 3.900 4.000 3.300 3.600 4.000 4.000 3.800 28/05/1974
3.600 3.500 3.500 2.700 2.400 3.500 3.500 3.500 2.900 2.400 3.500 3.500 2.900 2.900 2.500 3.400 3.000 2.900 2.900 2.900 3.400 3.000 2.900 3.000 3.000 3.400 3.000 3.000 3.000 2.900 29/05/1974
3.200 3.200 3.200 2.500 2.800 3.200 3.200 3.200 3.200 2.800 3.200 3.200 3.200 3.200 2.800 4.000 4.100 3.200 3.200 3.200 4.000 4.100 3.200 3.200 3.200 4.000 4.100 3.200 3.200 3.200 30/05/1974
2.400 2.400 2.400 1.800 1.900 2.300 2.200 2.300 2.000 1.900 2.300 2.300 2.100 2.000 2.000 2.600 2.400 2.000 2.000 2.000 2.600 2.400 2.000 2.100 2.100 2.600 2.400 2.100 2.100 2.000 31/05/1974
4.700 4.700 4.700 4.000 3.800 4.600 4.600 4.600 4.200 3.800 4.600 4.600 4.200 4.100 3.800 4.200 4.200 4.200 4.100 4.100 4.300 4.200 4.100 4.200 4.200 4.300 4.200 4.200 4.200 4.100 01/06/1974
5.700 5.700 5.600 5.100 5.400 5.600 5.600 5.600 5.600 5.500 5.600 5.600 5.600 5.600 5.500 5.600 5.500 5.600 5.600 5.600 5.600 5.500 5.600 5.600 5.600 5.600 5.500 5.700 5.700 5.600 02/06/1974
5.400 5.400 5.400 5.000 5.200 5.300 5.300 5.300 5.100 5.200 5.300 5.300 5.100 5.100 5.200 4.800 4.400 5.100 5.100 5.100 4.900 4.400 5.100 5.100 5.100 4.900 4.400 5.200 5.200 5.100 03/06/1974
4.500 4.500 4.500 4.400 4.100 4.500 4.400 4.500 4.300 4.100 4.500 4.500 4.300 4.300 4.200 4.400 4.100 4.300 4.300 4.300 4.400 4.100 4.300 4.300 4.400 4.400 4.100 4.400 4.400 4.300 04/06/1974
5.200 5.200 5.100 5.000 5.100 5.100 5.000 5.100 5.000 5.100 5.100 5.100 5.100 5.000 5.100 5.600 5.300 5.000 5.000 5.000 5.600 5.300 5.000 5.100 5.100 5.700 5.300 5.100 5.100 5.000 05/06/1974
4.600 4.600 4.500 4.000 4.100 4.500 4.400 4.500 4.200 4.100 4.500 4.500 4.200 4.100 4.200 4.500 4.400 4.200 4.100 4.100 4.600 4.400 4.200 4.200 4.200 4.700 4.400 4.300 4.300 4.100 06/06/1974
4.300 4.300 4.300 4.000 4.100 4.200 4.200 4.200 4.200 4.100 4.200 4.200 4.200 4.100 4.100 4.400 4.400 4.200 4.100 4.100 4.400 4.400 4.200 4.200 4.200 4.400 4.400 4.200 4.200 4.100 07/06/1974
5.400 5.400 5.400 5.100 5.600 5.300 5.300 5.300 5.600 5.600 5.300 5.300 5.600 5.600 5.600 5.800 5.900 5.600 5.600 5.600 5.900 5.900 5.600 5.600 5.600 5.900 5.900 5.600 5.600 5.600 08/06/1974
4.000 3.900 3.900 3.400 3.200 3.900 3.800 3.900 3.500 3.300 3.900 3.900 3.600 3.500 3.400 3.600 3.400 3.600 3.500 3.500 3.600 3.300 3.500 3.600 3.600 3.600 3.400 3.600 3.600 3.500 09/06/1974
3.600 3.600 3.600 3.400 3.000 3.600 3.600 3.600 3.400 3.000 3.600 3.600 3.400 3.300 3.000 3.600 3.500 3.400 3.300 3.300 3.600 3.500 3.400 3.400 3.400 3.600 3.500 3.400 3.400 3.300 10/06/1974
3.700 3.600 3.600 3.200 3.100 3.600 3.500 3.600 3.800 3.100 3.600 3.600 3.800 3.700 3.200 4.000 4.200 3.800 3.700 3.700 4.000 4.200 3.800 3.800 3.800 4.100 4.200 3.900 3.900 3.700 11/06/1974
4.800 4.700 4.700 4.400 4.500 4.700 4.700 4.700 4.600 4.600 4.700 4.700 4.600 4.600 4.600 4.900 4.900 4.600 4.600 4.600 4.900 4.900 4.600 4.600 4.600 4.900 4.900 4.700 4.700 4.600 12/06/1974
5.300 5.200 5.200 4.800 4.500 5.200 5.100 5.200 5.000 4.500 5.200 5.200 5.000 4.900 4.600 5.200 5.000 5.000 4.900 4.900 5.200 5.000 5.000 5.000 5.000 5.300 5.100 5.100 5.100 4.900 13/06/1974
3.200 3.200 3.200 2.900 3.100 3.200 3.200 3.200 3.400 3.100 3.200 3.200 3.400 3.400 3.100 4.100 4.200 3.400 3.400 3.400 4.200 4.200 3.400 3.500 3.500 4.200 4.200 3.500 3.500 3.400 14/06/1974
4.800 4.800 4.800 4.600 4.400 4.700 4.700 4.700 4.700 4.400 4.700 4.700 4.800 4.700 4.500 5.000 5.100 4.700 4.700 4.700 5.000 5.000 4.700 4.800 4.800 5.100 5.100 4.800 4.800 4.700 15/06/1974
5.900 5.900 5.900 5.400 5.200 5.800 5.800 5.800 5.000 5.200 5.800 5.800 5.000 5.000 5.200 5.700 5.600 5.000 5.000 5.000 5.800 5.600 5.000 5.000 5.000 5.800 5.600 5.100 5.000 5.000 16/06/1974
3.300 3.200 3.200 2.600 2.600 3.200 3.200 3.200 3.400 2.600 3.200 3.200 3.400 3.300 2.700 3.700 3.700 3.400 3.300 3.300 3.600 3.700 3.400 3.400 3.400 3.600 3.700 3.500 3.500 3.300 17/06/1974
4.000 4.000 3.900 3.800 3.500 3.900 3.900 3.900 4.000 3.500 3.900 3.900 4.000 4.000 3.600 4.300 4.100 4.000 3.900 3.900 4.300 4.100 4.000 4.000 4.000 4.400 4.100 4.000 4.000 3.900 18/06/1974
5.300 5.300 5.300 5.200 5.100 5.300 5.300 5.300 5.100 5.100 5.300 5.300 5.100 5.100 5.100 5.300 5.200 5.100 5.100 5.100 5.300 5.200 5.100 5.100 5.100 5.300 5.200 5.200 5.200 5.100 19/06/1974
4.200 4.200 4.300 4.800 4.900 4.300 4.300 4.300 4.500 4.900 4.300 4.300 4.500 4.500 4.900 5.000 5.100 4.500 4.500 4.500 5.000 5.100 4.500 4.500 4.500 5.000 5.100 4.500 4.500 4.500 20/06/1974
6.900 6.900 6.900 7.000 6.800 6.800 6.800 6.800 6.800 6.900 6.800 6.900 6.800 6.800 6.900 7.700 7.500 6.800 6.800 6.800 7.700 7.500 6.800 6.800 6.800 7.700 7.600 6.900 6.900 6.800 21/06/1974
4.000 4.000 4.000 3.900 3.600 3.900 3.900 3.900 3.600 3.600 3.900 3.900 3.600 3.500 3.700 3.500 3.200 3.600 3.500 3.500 3.600 3.200 3.600 3.600 3.600 3.700 3.300 3.600 3.600 3.500 22/06/1974
3.500 3.400 3.400 4.100 3.400 3.400 3.300 3.400 3.100 3.500 3.400 3.400 3.100 3.000 3.500 4.000 3.500 3.100 3.000 3.000 4.100 3.400 3.100 3.100 3.100 4.200 3.500 3.100 3.100 3.000 23/06/1974
2.700 2.600 2.600 2.700 2.500 2.600 2.600 2.600 2.200 2.500 2.600 2.600 2.200 2.200 2.600 2.500 2.800 2.200 2.200 2.200 2.500 2.800 2.200 2.200 2.200 2.500 2.800 2.200 2.200 2.200 24/06/1974
2.200 2.200 2.200 1.700 2.600 2.200 2.200 2.200 2.600 2.600 2.200 2.200 2.600 2.500 2.700 2.400 3.200 2.600 2.500 2.500 2.400 3.200 2.600 2.600 2.600 2.400 3.200 2.600 2.600 2.500 25/06/1974
1.700 1.700 1.700 2.300 2.700 1.700 1.700 1.700 2.100 2.700 1.700 1.700 2.100 2.100 2.700 2.900 3.100 2.100 2.100 2.100 2.900 3.100 2.100 2.100 2.100 2.900 3.100 2.100 2.100 2.100 26/06/1974
2.100 2.100 2.100 2.000 2.100 2.100 2.100 2.100 2.000 2.200 2.100 2.100 2.000 2.000 2.200 2.300 2.300 2.000 1.900 2.000 2.300 2.300 2.000 2.000 2.000 2.400 2.400 2.100 2.000 1.900 27/06/1974
1.100 1.100 1.100 1.300 1.000 1.100 1.100 1.100 1.300 1.000 1.100 1.100 1.300 1.200 1.000 1.600 1.800 1.300 1.200 1.200 1.600 1.800 1.300 1.300 1.300 1.600 1.800 1.300 1.300 1.200 28/06/1974
3.500 3.500 3.400 2.600 3.300 3.400 3.400 3.400 3.600 3.300 3.400 3.400 3.600 3.600 3.400 3.700 4.400 3.600 3.600 3.600 3.700 4.400 3.600 3.600 3.600 3.700 4.400 3.700 3.700 3.600 29/06/1974
4.700 4.700 4.700 4.300 3.900 4.600 4.500 4.600 4.400 4.000 4.600 4.600 4.400 4.400 4.000 4.200 4.100 4.400 4.300 4.300 4.300 4.100 4.400 4.400 4.400 4.300 4.200 4.500 4.500 4.300 30/06/1974
2.400 2.300 2.300 2.100 2.100 2.300 2.200 2.300 2.300 2.100 2.300 2.300 2.300 2.300 2.100 2.500 2.900 2.300 2.200 2.200 2.600 2.900 2.300 2.300 2.300 2.600 3.000 2.400 2.300 2.200 01/07/1974
5.000 5.000 5.000 4.500 4.800 4.900 4.900 4.900 4.700 4.900 4.900 4.900 4.700 4.600 4.900 5.600 5.800 4.700 4.600 4.600 5.700 5.800 4.700 4.700 4.700 5.700 5.800 4.700 4.700 4.600 02/07/1974
4.700 4.700 4.700 3.900 4.100 4.600 4.600 4.600 4.700 4.100 4.600 4.600 4.700 4.700 4.200 4.700 5.000 4.700 4.600 4.700 4.700 5.000 4.700 4.800 4.800 4.800 5.000 4.800 4.800 4.700 03/07/1974
4.000 4.000 4.000 4.100 4.200 4.000 3.900 4.000 4.000 4.300 4.000 4.000 4.000 3.900 4.300 4.300 4.200 4.000 3.900 3.900 4.300 4.200 4.000 4.000 4.000 4.300 4.200 4.000 4.000 3.900 04/07/1974
2.700 2.700 2.700 3.400 3.500 2.600 2.600 2.600 3.100 3.500 2.700 2.700 3.200 3.100 3.500 2.700 2.600 3.100 3.100 3.100 2.700 2.600 3.100 3.200 3.200 2.800 2.600 3.200 3.200 3.100 05/07/1974
3.400 3.400 3.400 3.600 3.600 3.400 3.300 3.400 3.600 3.600 3.400 3.400 3.700 3.600 3.700 3.600 3.900 3.700 3.600 3.600 3.700 3.900 3.600 3.700 3.700 3.700 3.900 3.700 3.700 3.600 06/07/1974
4.900 4.900 4.900 4.500 4.600 4.900 4.800 4.900 4.800 4.700 4.900 4.900 4.800 4.800 4.700 5.100 5.100 4.800 4.800 4.800 5.200 5.100 4.800 4.800 4.800 5.200 5.100 4.900 4.900 4.800 07/07/1974
5.700 5.700 5.700 5.900 5.700 5.700 5.600 5.700 5.700 5.700 5.700 5.700 5.700 5.700 5.700 6.200 6.100 5.700 5.700 5.700 6.300 6.100 5.700 5.700 5.700 6.300 6.100 5.800 5.800 5.700 08/07/1974
5.200 5.200 5.100 5.000 5.600 5.100 5.000 5.100 5.600 5.600 5.100 5.100 5.600 5.600 5.700 4.900 5.600 5.600 5.600 5.600 4.900 5.600 5.600 5.700 5.700 5.000 5.700 5.700 5.700 5.600 09/07/1974
5.500 5.500 5.500 5.100 4.800 5.500 5.400 5.500 4.700 4.800 5.500 5.500 4.700 4.700 4.800 5.500 5.000 4.700 4.700 4.700 5.500 5.000 4.700 4.700 4.700 5.500 5.000 4.800 4.800 4.700 10/07/1974
5.800 5.800 5.700 5.700 5.800 5.700 5.700 5.700 5.900 5.800 5.700 5.700 6.000 5.900 5.800 5.800 5.800 5.900 5.900 5.900 5.800 5.800 5.900 6.000 6.000 5.800 5.800 6.000 6.000 5.900 11/07/1974
5.200 5.200 5.200 5.300 5.900 5.200 5.200 5.200 5.800 5.900 5.200 5.200 5.800 5.800 5.900 5.800 5.900 5.800 5.800 5.800 5.800 5.900 5.800 5.800 5.800 5.900 5.900 5.800 5.800 5.800 12/07/1974
1.700 1.700 1.700 2.100 1.300 1.700 1.600 1.700 1.300 1.300 1.700 1.700 1.300 1.300 1.300 1.300 1.100 1.300 1.300 1.300 1.300 1.100 1.300 1.300 1.300 1.300 1.100 1.300 1.300 1.300 13/07/1974
4.400 4.400 4.400 4.300 3.900 4.300 4.300 4.300 4.100 3.900 4.300 4.300 4.100 4.100 4.000 4.200 4.000 4.100 4.000 4.000 4.200 4.000 4.100 4.100 4.100 4.200 4.000 4.100 4.100 4.000 14/07/1974
3.200 3.200 3.200 3.200 3.500 3.200 3.100 3.200 3.300 3.500 3.200 3.200 3.400 3.300 3.600 3.500 3.600 3.400 3.300 3.300 3.500 3.600 3.300 3.400 3.400 3.600 3.600 3.400 3.400 3.300 15/07/1974
2.500 2.500 2.500 2.400 2.600 2.500 2.500 2.500 2.600 2.600 2.500 2.500 2.600 2.600 2.700 3.300 3.100 2.600 2.500 2.600 3.400 3.100 2.600 2.600 2.600 3.400 3.100 2.700 2.700 2.500 16/07/1974
4.100 4.100 4.000 2.200 3.100 4.000 3.900 4.000 3.600 3.200 4.000 4.000 3.600 3.600 3.200 3.300 4.100 3.600 3.600 3.600 3.400 4.100 3.600 3.700 3.700 3.400 4.200 3.700 3.700 3.600 17/07/1974
3.600 3.600 3.600 3.300 3.200 3.600 3.500 3.600 3.200 3.200 3.600 3.600 3.200 3.200 3.200 3.300 3.000 3.200 3.200 3.200 3.300 3.000 3.200 3.200 3.200 3.300 3.000 3.200 3.200 3.200 18/07/1974
3.900 3.900 3.900 4.100 4.000 3.800 3.800 3.800 4.000 4.000 3.900 3.900 4.000 4.000 4.100 4.200 4.200 4.000 4.000 4.000 4.200 4.200 4.000 4.000 4.000 4.200 4.200 4.100 4.100 4.000 19/07/1974
1.200 1.200 1.200 1.200 1.900 1.200 1.200 1.200 1.600 1.900 1.200 1.200 1.600 1.600 1.900 1.700 2.400 1.600 1.600 1.600 1.700 2.400 1.600 1.700 1.700 1.700 2.400 1.700 1.700 1.600 20/07/1974
4.400 4.300 4.300 4.000 3.500 4.300 4.200 4.300 4.100 3.500 4.300 4.300 4.100 4.100 3.600 4.100 4.200 4.100 4.100 4.100 4.200 4.200 4.100 4.200 4.200 4.200 4.200 4.200 4.200 4.100 21/07/1974
4.600 4.600 4.600 4.700 4.600 4.600 4.600 4.600 4.500 4.600 4.600 4.600 4.500 4.500 4.600 4.500 4.700 4.500 4.500 4.500 4.500 4.700 4.500 4.600 4.600 4.500 4.700 4.600 4.600 4.500 22/07/1974
2.600 2.600 2.600 3.100 3.600 2.500 2.500 2.500 3.000 3.600 2.600 2.600 3.000 2.900 3.600 3.400 3.800 3.000 2.900 2.900 3.500 3.800 3.000 3.000 3.000 3.500 3.800 3.000 3.000 2.900 23/07/1974
3.900 3.900 3.800 3.200 3.900 3.800 3.700 3.800 3.900 3.900 3.800 3.800 3.900 3.800 4.000 3.900 3.800 3.900 3.800 3.800 4.000 3.800 3.900 3.900 3.900 4.100 3.800 4.000 4.000 3.800 24/07/1974
4.100 4.100 4.100 4.200 4.000 4.000 4.000 4.000 4.400 4.000 4.000 4.000 4.400 4.400 4.000 4.100 4.600 4.400 4.300 4.300 4.100 4.600 4.400 4.400 4.400 4.200 4.700 4.500 4.400 4.300 25/07/1974
5.800 5.800 5.800 5.700 5.600 5.800 5.700 5.800 5.700 5.600 5.800 5.800 5.700 5.700 5.700 5.700 5.700 5.700 5.600 5.600 5.700 5.700 5.700 5.700 5.700 5.700 5.700 5.700 5.700 5.600 26/07/1974
5.900 5.900 5.900 5.800 5.800 5.800 5.800 5.800 5.900 5.800 5.800 5.800 5.900 5.900 5.900 5.400 5.500 5.900 5.900 5.900 5.400 5.500 5.900 5.900 5.900 5.500 5.500 5.900 5.900 5.900 27/07/1974
6.100 6.100 6.100 5.600 5.700 6.000 6.000 6.000 5.900 5.700 6.000 6.000 5.900 5.900 5.800 6.100 6.200 5.900 5.900 5.900 6.100 6.100 5.900 5.900 5.900 6.100 6.200 5.900 5.900 5.900 28/07/1974
6.000 6.000 6.000 6.000 6.200 6.000 5.900 6.000 6.200 6.200 6.000 6.000 6.200 6.200 6.200 6.200 6.300 6.200 6.100 6.100 6.200 6.300 6.200 6.200 6.200 6.200 6.300 6.200 6.200 6.100 29/07/1974
2.100 2.000 2.000 1.700 2.000 2.000 2.000 2.000 2.000 2.000 2.000 2.000 2.000 1.900 2.000 2.400 2.600 2.000 1.900 1.900 2.400 2.600 2.000 2.000 2.000 2.500 2.600 2.100 2.100 1.900 30/07/1974
5.400 5.400 5.400 5.300 4.600 5.400 5.400 5.400 4.400 4.600 5.400 5.400 4.400 4.400 4.700 4.500 3.800 4.400 4.400 4.400 4.500 3.800 4.400 4.500 4.500 4.500 3.800 4.500 4.500 4.400 31/07/1974
