# 6448 6449 6450 6451 6452 6528 6529 6530 6531 6532 6610 6611 6612 6613 6614 6693 6694 6695 6696 6697 6776 6777 6778 6779 6780 6859 6860 6861 6862 6863 Date
3.700 3.700 3.700 3.500 3.200 3.600 3.600 3.600 3.200 3.200 3.600 3.600 3.300 3.200 3.300 3.900 3.300 3.300 3.200 3.200 3.900 3.300 3.200 3.300 3.300 4.000 3.300 3.400 3.300 3.200 01/08/1975
5.500 5.500 5.500 5.900 4.600 5.500 5.500 5.500 4.700 4.700 5.500 5.500 4.700 4.700 4.700 5.600 5.000 4.700 4.700 4.700 5.600 5.000 4.700 4.700 4.700 5.600 5.000 4.800 4.800 4.700 02/08/1975
5.600 5.600 5.600 5.700 5.300 5.500 5.500 5.500 5.500 5.400 5.500 5.600 5.500 5.500 5.400 5.900 5.700 5.500 5.500 5.500 5.900 5.700 5.500 5.600 5.600 5.900 5.700 5.600 5.600 5.500 03/08/1975
4.100 4.100 4.100 4.500 4.300 4.000 4.000 4.000 4.500 4.400 4.000 4.100 4.500 4.500 4.400 4.600 5.000 4.500 4.500 4.500 4.600 5.000 4.500 4.500 4.500 4.700 5.000 4.600 4.600 4.500 04/08/1975
4.600 4.600 4.600 4.300 4.500 4.600 4.500 4.600 4.900 4.500 4.600 4.600 4.900 4.800 4.600 4.500 4.500 4.900 4.800 4.800 4.500 4.500 4.900 4.900 4.900 4.500 4.500 5.000 5.000 4.800 05/08/1975
5.100 5.100 5.100 5.700 5.900 5.100 5.100 5.100 5.800 6.000 5.100 5.100 5.900 5.800 6.000 5.600 5.300 5.800 5.800 5.800 5.600 5.300 5.800 5.900 5.900 5.600 5.300 5.900 5.900 5.800 06/08/1975
5.800 5.800 5.800 5.500 5.700 5.800 5.800 5.800 5.800 5.800 5.800 5.800 5.900 5.800 5.800 5.700 5.700 5.800 5.800 5.800 5.600 5.700 5.800 5.900 5.900 5.600 5.800 5.900 5.900 5.800 07/08/1975
4.000 4.000 4.000 3.000 3.800 4.000 3.900 4.000 4.000 3.800 4.000 4.000 4.000 4.000 3.900 4.300 4.300 4.000 4.000 4.000 4.400 4.300 4.000 4.000 4.000 4.400 4.300 4.100 4.100 4.000 08/08/1975
1.500 1.500 1.500 2.000 1.300 1.500 1.500 1.500 1.200 1.300 1.500 1.500 1.200 1.200 1.300 1.500 1.200 1.200 1.200 1.200 1.500 1.200 1.200 1.200 1.200 1.500 1.200 1.200 1.200 1.200 09/08/1975
3.500 3.400 3.400 3.200 3.400 3.400 3.400 3.400 3.800 3.500 3.400 3.400 3.800 3.700 3.500 3.800 4.100 3.800 3.700 3.700 3.800 4.000 3.800 3.800 3.800 3.800 4.100 3.900 3.900 3.700 10/08/1975
3.300 3.300 3.300 2.900 3.400 3.200 3.200 3.200 3.500 3.400 3.200 3.200 3.600 3.500 3.500 3.500 3.800 3.600 3.500 3.500 3.500 3.800 3.500 3.600 3.600 3.500 3.800 3.600 3.600 3.500 11/08/1975
3.700 3.700 3.700 3.600 4.000 3.700 3.700 3.700 4.200 4.000 3.700 3.700 4.300 4.200 4.100 3.600 3.900 4.200 4.200 4.200 3.700 3.900 4.200 4.300 4.300 3.700 3.900 4.300 4.300 4.200 12/08/1975
4.100 4.000 4.000 4.500 4.700 4.000 4.000 4.000 4.800 4.700 4.000 4.000 4.800 4.700 4.800 4.100 4.400 4.800 4.700 4.700 4.100 4.400 4.800 4.800 4.800 4.200 4.400 4.800 4.800 4.700 13/08/1975
2.600 2.600 2.600 3.800 3.700 2.600 2.600 2.600 3.400 3.800 2.600 2.600 3.500 3.400 3.800 2.300 2.900 3.400 3.400 3.400 2.300 2.900 3.400 3.500 3.500 2.300 2.900 3.500 3.500 3.400 14/08/1975
3.500 3.500 3.500 3.400 2.700 3.400 3.400 3.400 3.100 2.700 3.400 3.400 3.100 3.100 2.800 3.300 3.300 3.100 3.100 3.100 3.400 3.300 3.100 3.100 3.100 3.400 3.300 3.100 3.100 3.100 15/08/1975
2.700 2.700 2.700 2.500 1.800 2.600 2.600 2.600 2.100 1.800 2.600 2.700 2.200 2.100 1.900 2.300 2.100 2.100 2.100 2.100 2.300 2.100 2.100 2.200 2.200 2.300 2.100 2.300 2.200 2.100 16/08/1975
1.700 1.700 1.700 1.100 1.300 1.600 1.600 1.600 1.500 1.300 1.700 1.700 1.500 1.500 1.300 1.500 1.700 1.500 1.500 1.500 1.600 1.700 1.500 1.500 1.500 1.600 1.800 1.500 1.500 1.500 17/08/1975
2.800 2.800 2.800 2.300 2.700 2.700 2.700 2.700 3.200 2.800 2.800 2.800 3.300 3.200 2.800 3.000 3.600 3.300 3.200 3.200 3.100 3.600 3.200 3.300 3.300 3.100 3.600 3.400 3.300 3.200 18/08/1975
3.100 3.100 3.000 2.400 2.600 3.000 3.000 3.000 2.800 2.700 3.000 3.000 2.800 2.800 2.700 3.300 3.400 2.800 2.800 2.800 3.300 3.400 2.800 2.800 2.800 3.300 3.400 2.900 2.900 2.800 19/08/1975
5.300 5.300 5.300 5.000 5.200 5.300 5.300 5.300 5.300 5.200 5.300 5.300 5.300 5.300 5.200 5.600 5.600 5.300 5.300 5.300 5.600 5.600 5.300 5.300 5.300 5.600 5.600 5.400 5.400 5.300 20/08/1975
2.000 2.000 1.900 1.300 1.600 1.900 1.900 1.900 1.800 1.600 1.900 1.900 1.800 1.800 1.600 1.600 1.900 1.800 1.700 1.700 1.600 1.900 1.800 1.800 1.800 1.700 1.900 1.800 1.800 1.700 21/08/1975
3.300 3.300 3.300 3.300 3.200 3.300 3.300 3.300 3.400 3.200 3.300 3.300 3.400 3.400 3.300 3.400 3.400 3.400 3.400 3.400 3.400 3.400 3.400 3.500 3.500 3.500 3.400 3.500 3.500 3.400 22/08/1975
3.000 3.000 3.000 2.500 3.000 3.000 3.000 3.000 3.100 3.000 3.000 3.000 3.100 3.100 3.000 3.200 3.300 3.100 3.100 3.100 3.200 3.300 3.100 3.100 3.100 3.200 3.300 3.100 3.100 3.100 23/08/1975
2.600 2.600 2.600 2.700 2.800 2.600 2.600 2.600 2.800 2.900 2.600 2.600 2.800 2.800 2.900 2.500 2.600 2.800 2.800 2.800 2.500 2.600 2.800 2.800 2.800 2.500 2.600 2.900 2.900 2.800 24/08/1975
3.100 3.100 3.000 2.500 3.100 3.000 3.000 3.000 3.200 3.200 3.000 3.000 3.200 3.200 3.200 3.600 3.800 3.200 3.200 3.200 3.600 3.800 3.200 3.200 3.200 3.700 3.800 3.300 3.200 3.200 25/08/1975
3.900 3.900 3.900 3.600 3.800 3.900 3.900 3.900 4.000 3.900 3.900 3.900 4.000 4.000 3.900 3.900 3.900 4.000 4.000 4.000 4.000 3.900 4.000 4.000 4.000 4.100 3.900 4.100 4.100 4.000 26/08/1975
4.500 4.500 4.500 4.200 4.100 4.400 4.400 4.400 4.300 4.100 4.400 4.400 4.300 4.300 4.100 4.400 4.200 4.300 4.300 4.300 4.400 4.200 4.300 4.300 4.300 4.400 4.200 4.400 4.400 4.300 27/08/1975
4.100 4.100 4.100 3.700 3.700 4.100 4.000 4.100 3.800 3.700 4.100 4.100 3.900 3.800 3.800 4.300 4.400 3.800 3.800 3.800 4.400 4.400 3.800 3.900 3.900 4.400 4.400 3.900 3.900 3.800 28/08/1975
4.000 4.000 3.900 4.000 3.700 3.900 3.900 3.900 3.800 3.700 3.900 3.900 3.800 3.800 3.700 3.900 4.000 3.800 3.700 3.800 4.000 4.000 3.800 3.800 3.800 4.000 4.000 3.800 3.800 3.800 29/08/1975
3.900 3.900 3.800 3.100 3.400 3.800 3.700 3.800 3.900 3.400 3.800 3.800 3.900 3.800 3.500 3.800 3.900 3.900 3.800 3.800 3.800 3.900 3.900 3.900 3.900 3.900 3.900 4.000 4.000 3.800 30/08/1975
3.000 3.000 3.000 2.900 2.900 3.000 2.900 3.000 3.000 2.900 3.000 3.000 3.100 3.000 3.000 3.100 3.100 3.000 3.000 3.000 3.100 3.100 3.000 3.100 3.100 3.200 3.100 3.100 3.100 3.000 31/08/1975
0.900 0.900 0.900 1.300 1.600 0.900 0.900 0.900 1.500 1.700 0.900 0.900 1.500 1.500 1.700 0.900 1.300 1.500 1.500 1.500 0.900 1.300 1.500 1.500 1.500 0.900 1.400 1.600 1.600 1.500 01/09/1975
2.200 2.200 2.100 1.000 1.600 2.100 2.100 2.100 2.000 1.600 2.100 2.100 2.000 1.900 1.600 2.500 2.400 2.000 1.900 1.900 2.600 2.400 2.000 2.000 2.000 2.700 2.500 2.000 2.000 1.900 02/09/1975
2.900 2.800 2.800 3.200 3.200 2.800 2.800 2.800 3.500 3.200 2.800 2.800 3.500 3.400 3.300 3.000 3.000 3.500 3.400 3.400 3.100 3.000 3.500 3.500 3.500 3.100 3.000 3.500 3.500 3.400 03/09/1975
2.900 2.900 2.900 3.100 3.100 2.900 2.900 2.900 3.200 3.100 2.900 2.900 3.200 3.100 3.100 2.900 2.700 3.200 3.100 3.100 3.000 2.700 3.100 3.200 3.200 3.000 2.700 3.200 3.200 3.100 04/09/1975
3.300 3.300 3.300 3.400 3.400 3.300 3.300 3.300 3.500 3.400 3.300 3.300 3.500 3.500 3.500 3.300 3.200 3.500 3.500 3.500 3.300 3.200 3.500 3.500 3.500 3.300 3.200 3.600 3.600 3.500 05/09/1975
2.200 2.100 2.100 1.900 1.600 2.100 2.000 2.100 1.500 1.600 2.100 2.100 1.500 1.500 1.600 1.700 1.300 1.500 1.500 1.500 1.700 1.300 1.500 1.500 1.500 1.800 1.300 1.500 1.500 1.500 06/09/1975
3.000 3.000 3.000 2.900 2.800 3.000 3.000 3.000 2.800 2.800 3.000 3.000 2.800 2.800 2.800 3.100 2.800 2.800 2.800 2.800 3.100 2.800 2.800 2.800 2.800 3.100 2.800 2.800 2.800 2.800 07/09/1975
3.100 3.100 3.100 3.100 3.100 3.100 3.000 3.100 3.000 3.100 3.100 3.100 3.100 3.000 3.100 3.300 3.200 3.000 3.000 3.000 3.300 3.200 3.000 3.100 3.100 3.300 3.300 3.100 3.100 3.000 08/09/1975
3.400 3.300 3.300 3.100 3.300 3.300 3.300 3.300 3.400 3.300 3.300 3.300 3.400 3.400 3.300 3.300 3.200 3.400 3.400 3.400 3.300 3.200 3.400 3.400 3.400 3.400 3.200 3.400 3.400 3.400 09/09/1975
2.200 2.200 2.200 2.400 2.900 2.100 2.100 2.100 2.500 2.900 2.100 2.100 2.500 2.500 2.900 2.300 2.000 2.500 2.400 2.500 2.300 2.000 2.500 2.500 2.500 2.400 2.000 2.500 2.500 2.400 10/09/1975
2.600 2.600 2.500 2.500 2.400 2.500 2.500 2.500 2.400 2.400 2.500 2.500 2.400 2.400 2.500 2.800 2.400 2.400 2.400 2.400 2.800 2.400 2.400 2.400 2.400 2.800 2.400 2.500 2.500 2.400 11/09/1975
0.900 0.900 0.900 0.900 0.900 0.900 0.900 0.900 0.800 0.900 0.900 0.900 0.800 0.800 0.900 0.800 0.800 0.800 0.800 0.800 0.700 0.800 0.800 0.800 0.800 0.700 0.800 0.800 0.800 0.800 12/09/1975
1.300 1.300 1.300 1.100 1.100 1.300 1.300 1.300 1.400 1.200 1.300 1.300 1.400 1.400 1.200 1.400 1.700 1.400 1.400 1.400 1.300 1.700 1.400 1.500 1.500 1.300 1.700 1.500 1.500 1.400 13/09/1975
1.800 1.800 1.800 1.200 0.800 1.800 1.800 1.800 1.100 0.800 1.800 1.800 1.100 1.100 0.800 1.700 1.600 1.100 1.100 1.100 1.700 1.600 1.100 1.100 1.100 1.800 1.600 1.100 1.100 1.100 14/09/1975
2.000 2.000 1.900 1.800 1.900 1.900 1.800 1.900 1.900 1.900 1.900 1.900 1.900 1.900 2.000 1.700 2.000 1.900 1.900 1.900 1.800 2.000 1.900 1.900 1.900 1.800 2.100 2.000 2.000 1.900 15/09/1975
2.000 2.000 1.900 1.500 2.000 1.900 1.900 1.900 2.200 2.000 1.900 1.900 2.200 2.100 2.000 2.000 2.100 2.200 2.100 2.100 2.000 2.100 2.100 2.200 2.200 2.000 2.200 2.200 2.200 2.100 16/09/1975
0.900 0.900 0.900 0.600 0.800 0.900 0.800 0.900 0.900 0.800 0.900 0.900 0.900 0.900 0.800 1.200 1.200 0.900 0.900 0.900 1.200 1.200 0.900 0.900 0.900 1.200 1.200 0.900 0.900 0.900 17/09/1975
2.800 2.800 2.800 2.600 2.400 2.700 2.700 2.700 2.600 2.400 2.700 2.700 2.700 2.600 2.500 2.500 2.800 2.600 2.600 2.600 2.500 2.700 2.600 2.700 2.700 2.600 2.800 2.700 2.700 2.600 18/09/1975
2.800 2.800 2.800 2.500 2.500 2.800 2.700 2.800 2.700 2.500 2.800 2.800 2.700 2.600 2.600 2.600 2.500 2.700 2.600 2.600 2.600 2.500 2.700 2.700 2.700 2.700 2.500 2.700 2.700 2.600 19/09/1975
1.700 1.700 1.700 1.700 1.800 1.700 1.600 1.700 1.900 1.900 1.700 1.700 1.900 1.900 1.900 1.600 1.800 1.900 1.900 1.900 1.600 1.800 1.900 1.900 1.900 1.700 1.800 2.000 2.000 1.900 20/09/1975
2.300 2.200 2.200 1.900 1.900 2.200 2.200 2.200 2.000 1.900 2.200 2.200 2.100 2.000 1.900 2.000 2.000 2.000 2.000 2.000 2.000 2.000 2.000 2.100 2.100 2.100 2.000 2.100 2.100 2.000 21/09/1975
2.300 2.300 2.300 2.500 2.800 2.200 2.100 2.200 3.000 2.800 2.200 2.200 3.000 2.900 2.900 2.500 3.000 3.000 2.900 2.900 2.600 3.000 3.000 3.000 3.000 2.700 3.000 3.100 3.100 2.900 22/09/1975
2.100 2.100 2.000 2.000 2.200 2.000 1.900 2.000 2.300 2.200 2.000 2.000 2.300 2.300 2.300 2.500 2.600 2.300 2.200 2.200 2.600 2.600 2.300 2.300 2.300 2.700 2.600 2.400 2.400 2.200 23/09/1975
1.900 1.900 1.900 1.600 1.900 1.800 1.700 1.800 2.300 1.900 1.800 1.800 2.300 2.300 2.000 1.900 2.300 2.300 2.200 2.200 2.000 2.300 2.300 2.400 2.400 2.100 2.400 2.400 2.400 2.200 24/09/1975
2.200 2.200 2.200 1.800 2.100 2.100 2.000 2.100 2.300 2.200 2.100 2.100 2.300 2.300 2.200 2.300 2.700 2.300 2.300 2.300 2.400 2.700 2.300 2.300 2.300 2.500 2.700 2.400 2.400 2.300 25/09/1975
1.500 1.500 1.500 1.700 1.700 1.500 1.400 1.500 1.500 1.700 1.500 1.500 1.500 1.500 1.700 1.700 1.800 1.500 1.500 1.500 1.800 1.800 1.500 1.500 1.500 1.900 1.800 1.500 1.500 1.500 26/09/1975
2.800 2.800 2.700 2.300 2.600 2.700 2.600 2.700 2.600 2.600 2.700 2.700 2.600 2.500 2.700 2.700 2.900 2.600 2.500 2.500 2.800 2.900 2.600 2.600 2.600 2.900 3.000 2.700 2.700 2.500 27/09/1975
1.800 1.800 1.800 1.500 1.600 1.700 1.700 1.700 1.100 1.600 1.700 1.700 1.200 1.100 1.600 1.500 1.500 1.200 1.100 1.100 1.500 1.500 1.100 1.200 1.200 1.600 1.500 1.200 1.200 1.100 28/09/1975
2.100 2.100 2.100 2.400 2.600 2.100 2.100 2.100 2.400 2.600 2.100 2.100 2.400 2.400 2.700 2.000 2.000 2.400 2.400 2.400 2.000 2.000 2.400 2.400 2.400 2.000 2.000 2.400 2.400 2.400 29/09/1975
1.300 1.300 1.300 1.100 1.000 1.200 1.200 1.200 1.100 1.000 1.200 1.200 1.100 1.100 1.000 1.500 1.400 1.100 1.000 1.100 1.600 1.400 1.100 1.100 1.100 1.600 1.400 1.100 1.100 1.100 30/09/1975
2.200 2.200 2.200 1.800 2.100 2.200 2.100 2.200 2.000 2.100 2.200 2.200 2.100 2.000 2.100 2.300 2.400 2.000 2.000 2.000 2.300 2.400 2.000 2.100 2.100 2.300 2.400 2.100 2.100 2.000 01/10/1975
2.100 2.100 2.000 1.800 1.600 2.000 1.900 2.000 1.900 1.600 2.000 2.000 1.900 1.900 1.600 2.200 2.100 1.900 1.900 1.900 2.200 2.100 1.900 1.900 1.900 2.300 2.100 2.000 2.000 1.900 02/10/1975
2.800 2.700 2.700 2.000 2.000 2.600 2.600 2.600 2.400 2.000 2.700 2.700 2.400 2.400 2.100 2.600 2.400 2.400 2.300 2.400 2.700 2.400 2.400 2.400 2.500 2.700 2.400 2.500 2.500 2.400 03/10/1975
2.500 2.500 2.400 2.200 2.100 2.400 2.400 2.400 2.200 2.100 2.400 2.400 2.200 2.200 2.200 2.400 2.100 2.200 2.200 2.200 2.400 2.100 2.200 2.300 2.300 2.400 2.200 2.300 2.300 2.200 04/10/1975
2.600 2.600 2.600 2.400 2.300 2.500 2.500 2.500 2.400 2.300 2.500 2.500 2.400 2.400 2.300 2.400 2.100 2.400 2.400 2.400 2.400 2.100 2.400 2.400 2.400 2.500 2.100 2.500 2.500 2.400 05/10/1975
2.300 2.200 2.200 2.300 2.400 2.200 2.200 2.200 2.300 2.400 2.200 2.200 2.300 2.300 2.400 2.100 2.000 2.300 2.300 2.300 2.200 2.000 2.300 2.300 2.300 2.200 2.000 2.300 2.300 2.300 06/10/1975
2.600 2.600 2.500 2.500 2.600 2.500 2.500 2.500 2.600 2.600 2.500 2.500 2.600 2.600 2.700 2.600 2.500 2.600 2.600 2.600 2.600 2.500 2.600 2.700 2.700 2.600 2.500 2.700 2.700 2.600 07/10/1975
1.900 1.800 1.800 1.800 1.900 1.800 1.800 1.800 1.900 1.900 1.800 1.800 1.900 1.900 1.900 2.100 2.100 1.900 1.900 1.900 2.100 2.100 1.900 2.000 2.000 2.200 2.200 2.000 2.000 1.900 08/10/1975
1.300 1.300 1.300 1.500 1.400 1.300 1.200 1.300 1.400 1.400 1.300 1.300 1.400 1.400 1.500 1.400 1.400 1.400 1.300 1.300 1.500 1.400 1.400 1.400 1.400 1.500 1.500 1.500 1.500 1.300 09/10/1975
0.100 0.100 0.100 0.300 0.500 0.100 0.100 0.100 0.400 0.600 0.100 0.100 0.400 0.400 0.600 0.300 0.600 0.400 0.400 0.400 0.300 0.600 0.400 0.400 0.400 0.300 0.600 0.400 0.400 0.400 10/10/1975
1.400 1.400 1.400 1.600 1.800 1.400 1.400 1.400 1.700 1.800 1.400 1.400 1.800 1.700 1.800 1.700 1.700 1.700 1.700 1.700 1.700 1.700 1.700 1.800 1.800 1.700 1.700 1.800 1.800 1.700 11/10/1975
1.000 1.000 1.000 1.000 1.300 0.900 0.900 0.900 1.200 1.300 0.900 0.900 1.200 1.200 1.300 0.900 1.000 1.200 1.200 1.200 0.900 1.000 1.200 1.200 1.200 0.900 1.000 1.300 1.200 1.200 12/10/1975
0.700 0.700 0.700 0.400 0.300 0.600 0.600 0.600 0.400 0.400 0.700 0.700 0.400 0.400 0.400 0.700 0.600 0.400 0.400 0.400 0.700 0.600 0.400 0.400 0.400 0.700 0.600 0.500 0.500 0.400 13/10/1975
0.900 0.900 0.900 0.600 0.400 0.800 0.800 0.800 0.700 0.400 0.800 0.800 0.700 0.600 0.500 1.000 1.100 0.700 0.600 0.600 1.100 1.100 0.700 0.700 0.700 1.100 1.100 0.700 0.700 0.600 14/10/1975
1.800 1.800 1.800 1.400 0.900 1.700 1.700 1.700 1.400 0.900 1.700 1.700 1.400 1.400 0.900 1.600 1.400 1.400 1.400 1.400 1.600 1.400 1.400 1.400 1.400 1.600 1.400 1.400 1.400 1.400 15/10/1975
1.200 1.200 1.200 1.200 1.100 1.200 1.200 1.200 1.200 1.100 1.200 1.200 1.200 1.100 1.100 1.300 1.300 1.200 1.100 1.100 1.300 1.300 1.200 1.200 1.200 1.400 1.300 1.200 1.200 1.100 16/10/1975
1.800 1.800 1.800 1.400 1.400 1.700 1.700 1.700 1.600 1.400 1.800 1.800 1.700 1.600 1.500 1.800 1.900 1.700 1.600 1.600 1.900 1.800 1.600 1.700 1.700 1.900 1.900 1.700 1.700 1.600 17/10/1975
1.200 1.200 1.100 0.500 0.500 1.100 1.100 1.100 0.700 0.500 1.100 1.100 0.700 0.600 0.500 1.400 1.400 0.700 0.600 0.600 1.400 1.400 0.700 0.700 0.700 1.500 1.400 0.700 0.700 0.600 18/10/1975
1.700 1.600 1.600 1.300 1.400 1.600 1.500 1.600 1.500 1.500 1.600 1.600 1.600 1.500 1.500 1.600 1.600 1.600 1.500 1.500 1.700 1.600 1.500 1.600 1.600 1.700 1.600 1.600 1.600 1.500 19/10/1975
1.600 1.600 1.500 1.300 1.300 1.500 1.500 1.500 1.400 1.300 1.500 1.500 1.400 1.300 1.300 1.400 1.400 1.400 1.300 1.300 1.500 1.400 1.300 1.400 1.400 1.500 1.400 1.400 1.400 1.300 20/10/1975
1.500 1.500 1.500 1.300 1.100 1.500 1.500 1.500 1.200 1.100 1.500 1.500 1.200 1.200 1.100 1.300 1.300 1.200 1.200 1.200 1.300 1.300 1.200 1.200 1.200 1.300 1.300 1.300 1.300 1.200 21/10/1975
1.300 1.400 1.400 1.300 1.300 1.400 1.500 1.400 1.400 1.300 1.400 1.400 1.400 1.400 1.300 1.200 1.400 1.400 1.400 1.400 1.200 1.400 1.400 1.400 1.400 1.100 1.400 1.400 1.400 1.400 22/10/1975
2.600 2.600 2.600 2.400 2.500 2.600 2.600 2.600 2.700 2.600 2.600 2.600 2.700 2.700 2.600 2.300 2.500 2.700 2.700 2.700 2.300 2.500 2.700 2.700 2.700 2.300 2.600 2.700 2.700 2.700 23/10/1975
0.600 0.500 0.500 0.600 1.100 0.500 0.500 0.500 0.800 1.100 0.500 0.500 0.800 0.800 1.100 0.600 0.800 0.800 0.800 0.800 0.700 0.800 0.800 0.800 0.800 0.700 0.800 0.800 0.800 0.800 24/10/1975
2.100 2.000 2.000 1.800 1.700 2.000 1.900 2.000 1.800 1.700 2.000 2.000 1.800 1.700 1.700 1.900 1.600 1.800 1.700 1.700 2.000 1.600 1.800 1.800 1.800 2.000 1.600 1.800 1.800 1.700 25/10/1975
2.900 2.900 2.900 2.600 3.500 2.900 2.800 2.900 3.400 3.500 2.900 2.900 3.400 3.400 3.500 3.200 3.000 3.400 3.400 3.400 3.200 3.000 3.400 3.400 3.400 3.200 3.000 3.400 3.400 3.400 26/10/1975
3.700 3.700 3.700 2.900 3.500 3.700 3.700 3.700 3.600 3.500 3.700 3.700 3.700 3.600 3.500 3.400 3.100 3.600 3.600 3.600 3.400 3.100 3.600 3.700 3.700 3.400 3.100 3.700 3.700 3.600 27/10/1975
2.200 2.200 2.200 2.000 2.500 2.200 2.200 2.200 2.400 2.500 2.200 2.200 2.400 2.400 2.500 1.800 1.700 2.400 2.400 2.400 1.800 1.700 2.400 2.400 2.400 1.800 1.700 2.400 2.400 2.400 28/10/1975
2.900 2.900 2.900 2.700 2.600 3.000 2.900 3.000 2.800 2.600 3.000 3.000 2.800 2.800 2.600 2.100 2.100 2.800 2.800 2.800 2.100 2.100 2.800 2.800 2.800 2.000 2.100 2.800 2.800 2.800 29/10/1975
2.600 2.600 2.600 2.400 2.500 2.600 2.700 2.600 2.500 2.500 2.600 2.600 2.500 2.500 2.500 2.200 2.400 2.500 2.500 2.500 2.200 2.400 2.500 2.500 2.500 2.100 2.400 2.500 2.500 2.500 30/10/1975
2.000 2.000 2.000 2.300 1.900 2.000 2.000 2.000 2.000 1.900 2.000 2.000 2.000 1.900 1.900 1.600 1.600 2.000 1.900 1.900 1.600 1.600 2.000 2.000 2.000 1.600 1.600 2.000 2.000 1.900 31/10/1975
1.000 1.000 1.000 0.700 0.900 1.000 1.000 1.000 0.700 0.900 1.000 1.000 0.700 0.700 0.900 1.100 1.200 0.700 0.700 0.700 1.100 1.200 0.700 0.800 0.800 1.200 1.200 0.800 0.800 0.700 01/11/1975
1.200 1.200 1.200 0.500 0.800 1.100 1.100 1.100 0.900 0.800 1.100 1.100 0.900 0.800 0.800 1.200 1.200 0.900 0.800 0.800 1.300 1.200 0.900 0.900 0.900 1.300 1.200 0.900 0.900 0.800 02/11/1975
1.200 1.200 1.200 0.900 0.700 1.100 1.100 1.100 0.900 0.700 1.100 1.100 0.900 0.900 0.800 0.900 0.900 0.900 0.900 0.900 1.000 0.900 0.900 0.900 0.900 1.000 0.900 1.000 1.000 0.900 03/11/1975
1.600 1.500 1.500 1.300 1.200 1.500 1.400 1.500 1.400 1.200 1.500 1.500 1.400 1.300 1.300 1.300 1.200 1.400 1.300 1.300 1.300 1.200 1.400 1.400 1.400 1.400 1.200 1.400 1.400 1.300 04/11/1975
0.900 0.900 0.900 0.700 0.700 0.900 0.800 0.900 0.900 0.700 0.900 0.900 0.900 0.800 0.800 0.800 0.800 0.900 0.800 0.800 0.900 0.800 0.900 0.900 0.900 0.900 0.800 0.900 0.900 0.800 05/11/1975
0.200 0.200 0.200 0.100 0.100 0.200 0.200 0.200 0.100 0.100 0.200 0.200 0.100 0.100 0.100 0.300 0.400 0.100 0.100 0.100 0.400 0.400 0.100 0.100 0.100 0.400 0.400 0.100 0.100 0.100 06/11/1975
0.700 0.700 0.700 0.900 0.700 0.700 0.700 0.700 0.800 0.800 0.700 0.700 0.800 0.800 0.800 0.900 1.000 0.800 0.800 0.800 0.900 0.900 0.800 0.800 0.800 0.900 1.000 0.800 0.800 0.800 07/11/1975
0.400 0.300 0.300 0.300 0.300 0.300 0.300 0.300 0.300 0.300 0.300 0.300 0.300 0.300 0.300 0.500 0.600 0.300 0.300 0.300 0.500 0.600 0.300 0.400 0.400 0.500 0.600 0.400 0.400 0.300 08/11/1975
0.500 0.500 0.500 0.400 0.300 0.500 0.500 0.500 0.300 0.300 0.500 0.500 0.300 0.300 0.300 0.600 0.300 0.300 0.300 0.300 0.600 0.300 0.300 0.300 0.300 0.600 0.300 0.200 0.200 0.300 09/11/1975
1.000 1.000 0.900 0.400 0.300 0.900 0.900 0.900 0.500 0.300 0.900 0.900 0.500 0.500 0.400 1.000 0.800 0.500 0.500 0.500 1.100 0.800 0.500 0.500 0.500 1.100 0.900 0.500 0.500 0.500 10/11/1975
1.400 1.400 1.400 0.900 0.700 1.400 1.400 1.400 0.800 0.700 1.400 1.400 0.800 0.800 0.700 1.100 1.000 0.800 0.700 0.800 1.100 1.000 0.800 0.800 0.800 1.100 1.000 0.800 0.800 0.700 11/11/1975
0.900 0.900 0.900 1.000 1.200 0.900 0.900 0.900 1.200 1.200 0.900 0.900 1.200 1.200 1.200 1.200 1.300 1.200 1.200 1.200 1.200 1.300 1.200 1.200 1.200 1.200 1.300 1.200 1.200 1.200 12/11/1975
1.000 0.900 0.900 0.700 0.800 0.900 0.900 0.900 0.900 0.800 0.900 0.900 0.900 0.900 0.900 0.900 1.000 0.900 0.800 0.800 0.900 1.000 0.900 0.900 0.900 0.900 1.000 0.900 0.900 0.800 13/11/1975
0.300 0.300 0.300 0.400 0.400 0.300 0.300 0.300 0.300 0.400 0.300 0.300 0.300 0.300 0.400 0.300 0.400 0.300 0.300 0.300 0.300 0.400 0.300 0.300 0.300 0.300 0.400 0.300 0.300 0.300 14/11/1975
1.200 1.200 1.200 0.800 0.700 1.200 1.200 1.200 0.800 0.700 1.200 1.200 0.800 0.800 0.800 1.400 1.300 0.800 0.800 0.800 1.400 1.300 0.800 0.800 0.800 1.500 1.300 0.900 0.900 0.800 15/11/1975
0.500 0.500 0.500 0.200 0.400 0.500 0.500 0.500 0.300 0.400 0.500 0.500 0.300 0.300 0.400 0.600 0.600 0.300 0.300 0.300 0.600 0.600 0.300 0.300 0.300 0.600 0.600 0.400 0.300 0.300 16/11/1975
0.600 0.600 0.600 0.400 0.300 0.600 0.600 0.600 0.400 0.300 0.600 0.600 0.400 0.400 0.300 0.700 0.700 0.400 0.400 0.400 0.700 0.700 0.400 0.400 0.400 0.700 0.700 0.400 0.400 0.400 17/11/1975
0.600 0.600 0.600 0.600 0.400 0.600 0.600 0.600 0.400 0.400 0.600 0.600 0.400 0.400 0.400 0.700 0.700 0.400 0.400 0.400 0.700 0.700 0.400 0.400 0.400 0.700 0.700 0.400 0.400 0.400 18/11/1975
0.900 0.900 0.900 0.800 0.900 0.900 0.800 0.900 0.900 0.900 0.900 0.900 0.900 0.900 0.900 1.000 1.100 0.900 0.900 0.900 1.000 1.100 0.900 1.000 1.000 1.100 1.100 1.000 1.000 0.900 19/11/1975
0.600 0.500 0.500 0.300 0.400 0.500 0.400 0.500 0.400 0.400 0.500 0.500 0.400 0.300 0.400 0.400 0.400 0.400 0.300 0.300 0.400 0.400 0.400 0.400 0.400 0.400 0.400 0.400 0.400 0.300 20/11/1975
1.100 1.100 1.000 0.900 0.800 1.000 1.000 1.000 1.000 0.800 1.000 1.000 1.000 0.900 0.900 0.900 0.800 1.000 0.900 0.900 0.900 0.800 1.000 1.000 1.000 1.000 0.800 1.000 1.000 0.900 21/11/1975
0.600 0.600 0.600 0.500 0.800 0.600 0.600 0.600 0.600 0.800 0.600 0.600 0.600 0.600 0.800 0.500 0.500 0.600 0.600 0.600 0.500 0.500 0.600 0.600 0.600 0.500 0.500 0.700 0.700 0.600 22/11/1975
0.900 0.900 0.900 0.700 0.700 0.800 0.800 0.800 0.900 0.800 0.900 0.900 0.900 0.900 0.800 0.800 0.800 0.900 0.900 0.900 0.800 0.800 0.900 1.000 1.000 0.900 0.800 1.000 1.000 0.900 23/11/1975
0.800 0.800 0.800 0.700 0.700 0.800 0.800 0.800 0.800 0.700 0.800 0.800 0.800 0.800 0.700 0.600 0.700 0.800 0.800 0.800 0.600 0.700 0.800 0.800 0.800 0.600 0.700 0.800 0.800 0.800 24/11/1975
0.900 0.900 0.900 0.900 1.000 0.900 0.900 0.900 0.800 1.000 0.900 0.900 0.800 0.800 1.000 0.600 0.500 0.800 0.800 0.800 0.700 0.500 0.800 0.800 0.800 0.700 0.500 0.900 0.900 0.800 25/11/1975
0.600 0.500 0.500 0.300 0.500 0.500 0.500 0.500 0.500 0.500 0.500 0.500 0.500 0.500 0.500 0.400 0.400 0.500 0.500 0.500 0.500 0.400 0.500 0.500 0.500 0.500 0.500 0.500 0.500 0.500 26/11/1975
0.500 0.500 0.500 0.400 0.500 0.500 0.500 0.500 0.500 0.500 0.500 0.500 0.500 0.500 0.500 0.500 0.600 0.500 0.400 0.400 0.500 0.600 0.500 0.500 0.500 0.500 0.600 0.500 0.500 0.400 27/11/1975
0.200 0.200 0.200 0.200 0.300 0.200 0.200 0.200 0.300 0.300 0.200 0.200 0.300 0.300 0.300 0.300 0.300 0.300 0.300 0.300 0.300 0.300 0.300 0.300 0.300 0.300 0.300 0.300 0.300 0.300 28/11/1975
0.600 0.600 0.600 0.500 0.400 0.600 0.500 0.600 0.400 0.400 0.600 0.600 0.400 0.400 0.400 0.500 0.400 0.400 0.400 0.400 0.500 0.400 0.400 0.400 0.400 0.500 0.500 0.500 0.500 0.400 29/11/1975
0.600 0.600 0.500 0.500 0.300 0.500 0.500 0.500 0.400 0.300 0.500 0.500 0.400 0.400 0.300 0.700 0.500 0.400 0.400 0.400 0.800 0.500 0.400 0.400 0.400 0.800 0.500 0.500 0.400 0.400 30/11/1975
0.700 0.700 0.700 0.700 0.700 0.700 0.700 0.700 0.700 0.700 0.700 0.700 0.700 0.700 0.700 0.600 0.700 0.700 0.700 0.700 0.600 0.700 0.700 0.700 0.700 0.600 0.700 0.700 0.700 0.700 01/12/1975
0.600 0.600 0.600 0.200 0.200 0.500 0.500 0.500 0.400 0.200 0.600 0.600 0.400 0.400 0.300 0.700 0.700 0.400 0.400 0.400 0.700 0.700 0.400 0.400 0.400 0.700 0.700 0.400 0.400 0.400 02/12/1975
0.700 0.700 0.700 0.400 0.600 0.700 0.700 0.700 0.600 0.600 0.700 0.700 0.600 0.600 0.600 0.600 0.600 0.600 0.600 0.600 0.600 0.600 0.600 0.700 0.700 0.700 0.600 0.700 0.700 0.600 03/12/1975
0.800 0.700 0.700 0.700 0.700 0.700 0.700 0.700 0.700 0.700 0.700 0.700 0.700 0.700 0.700 0.700 0.600 0.700 0.700 0.700 0.700 0.600 0.700 0.700 0.700 0.700 0.700 0.700 0.700 0.700 04/12/1975
0.500 0.500 0.500 0.500 0.600 0.500 0.400 0.500 0.700 0.700 0.500 0.500 0.700 0.600 0.700 0.500 0.600 0.700 0.600 0.600 0.500 0.600 0.700 0.700 0.700 0.600 0.600 0.700 0.700 0.600 05/12/1975
0.600 0.600 0.600 0.700 0.800 0.600 0.600 0.600 0.600 0.800 0.600 0.600 0.600 0.600 0.800 0.500 0.400 0.600 0.600 0.600 0.500 0.400 0.600 0.600 0.600 0.500 0.400 0.600 0.600 0.600 06/12/1975
0.900 0.900 0.900 0.900 0.800 0.900 0.900 0.900 0.700 0.800 0.900 0.900 0.700 0.700 0.900 0.700 0.400 0.700 0.700 0.700 0.700 0.400 0.700 0.700 0.700 0.700 0.500 0.700 0.700 0.700 07/12/1975
0.300 0.300 0.300 0.300 0.600 0.300 0.300 0.300 0.400 0.700 0.300 0.300 0.500 0.400 0.700 0.400 0.400 0.400 0.400 0.400 0.400 0.400 0.400 0.500 0.500 0.500 0.400 0.500 0.500 0.400 08/12/1975
0.300 0.300 0.300 0.300 0.400 0.200 0.200 0.200 0.400 0.400 0.200 0.200 0.400 0.400 0.500 0.400 0.600 0.400 0.400 0.400 0.400 0.600 0.400 0.400 0.400 0.400 0.600 0.400 0.400 0.400 09/12/1975
0.700 0.700 0.700 0.500 0.600 0.700 0.700 0.700 0.600 0.600 0.700 0.700 0.600 0.600 0.600 0.800 0.600 0.600 0.600 0.600 0.800 0.600 0.600 0.600 0.600 0.800 0.700 0.600 0.600 0.600 10/12/1975
0.400 0.400 0.400 0.300 0.400 0.400 0.300 0.400 0.400 0.400 0.400 0.400 0.400 0.400 0.400 0.400 0.400 0.400 0.400 0.400 0.400 0.400 0.400 0.400 0.400 0.500 0.400 0.500 0.500 0.400 11/12/1975
0.300 0.300 0.300 0.200 0.300 0.300 0.300 0.300 0.300 0.300 0.300 0.300 0.300 0.300 0.300 0.200 0.300 0.300 0.300 0.300 0.300 0.300 0.300 0.300 0.300 0.300 0.300 0.400 0.400 0.300 12/12/1975
0.500 0.500 0.500 0.300 0.300 0.500 0.500 0.500 0.400 0.300 0.500 0.500 0.400 0.400 0.400 0.400 0.500 0.400 0.400 0.400 0.500 0.400 0.400 0.400 0.400 0.500 0.500 0.500 0.500 0.400 13/12/1975
1.100 1.100 1.000 0.900 0.900 1.000 1.000 1.000 1.000 0.900 1.000 1.000 1.000 1.000 0.900 1.100 1.000 1.000 1.000 1.000 1.100 1.000 1.000 1.000 1.000 1.100 1.000 1.000 1.000 1.000 14/12/1975
0.600 0.600 0.600 0.500 0.600 0.600 0.500 0.600 0.600 0.600 0.600 0.600 0.600 0.600 0.600 0.600 0.700 0.600 0.600 0.600 0.600 0.700 0.600 0.600 0.600 0.600 0.700 0.600 0.600 0.600 15/12/1975
0.400 0.400 0.400 0.600 0.600 0.400 0.400 0.400 0.500 0.600 0.400 0.400 0.500 0.500 0.600 0.400 0.400 0.500 0.500 0.500 0.400 0.400 0.500 0.500 0.500 0.400 0.400 0.500 0.500 0.500 16/12/1975
0.200 0.200 0.200 0.100 0.200 0.200 0.200 0.200 0.200 0.200 0.200 0.200 0.200 0.200 0.200 0.200 0.300 0.200 0.200 0.200 0.300 0.300 0.200 0.200 0.200 0.300 0.400 0.200 0.200 0.200 17/12/1975
0.900 0.900 0.900 0.700 0.800 0.900 0.900 0.900 0.900 0.800 0.900 0.900 0.900 0.900 0.800 1.000 1.000 0.900 0.900 0.900 1.000 1.000 0.900 0.900 0.900 1.000 1.000 0.900 0.900 0.900 18/12/1975
0.900 0.800 0.800 0.700 0.600 0.800 0.700 0.800 0.700 0.700 0.800 0.800 0.700 0.700 0.700 0.800 0.800 0.700 0.700 0.700 0.800 0.800 0.700 0.700 0.700 0.800 0.800 0.700 0.700 0.700 19/12/1975
0.900 0.900 0.900 0.900 0.900 0.900 0.900 0.900 0.800 0.900 0.900 0.900 0.800 0.800 0.900 0.700 0.600 0.800 0.800 0.800 0.700 0.600 0.800 0.800 0.800 0.700 0.600 0.800 0.800 0.800 20/12/1975
1.000 1.000 1.000 0.800 0.700 1.000 1.000 1.000 0.700 0.700 1.000 1.000 0.700 0.700 0.700 0.800 0.600 0.700 0.700 0.700 0.800 0.600 0.700 0.700 0.700 0.800 0.600 0.700 0.700 0.700 21/12/1975
0.400 0.400 0.400 0.400 0.300 0.300 0.300 0.300 0.300 0.300 0.300 0.300 0.300 0.300 0.300 0.300 0.200 0.300 0.300 0.300 0.300 0.200 0.300 0.300 0.300 0.300 0.200 0.300 0.300 0.300 22/12/1975
0.200 0.200 0.200 0.100 0.100 0.200 0.200 0.200 0.200 0.100 0.200 0.200 0.200 0.200 0.100 0.300 0.300 0.200 0.200 0.200 0.300 0.300 0.200 0.200 0.200 0.300 0.300 0.200 0.200 0.200 23/12/1975
0.300 0.300 0.300 0.200 0.100 0.200 0.200 0.200 0.200 0.100 0.200 0.200 0.200 0.200 0.100 0.400 0.300 0.200 0.200 0.200 0.400 0.300 0.200 0.200 0.200 0.400 0.300 0.200 0.200 0.200 24/12/1975
0.400 0.300 0.300 0.100 0.100 0.300 0.300 0.300 0.300 0.100 0.300 0.300 0.300 0.300 0.100 0.500 0.500 0.300 0.200 0.200 0.500 0.500 0.300 0.300 0.300 0.500 0.500 0.300 0.300 0.200 25/12/1975
0.400 0.400 0.400 0.300 0.300 0.300 0.300 0.300 0.400 0.400 0.300 0.300 0.400 0.400 0.400 0.400 0.400 0.400 0.400 0.400 0.400 0.400 0.400 0.400 0.400 0.400 0.400 0.500 0.500 0.400 26/12/1975
0.400 0.400 0.400 0.300 0.200 0.400 0.300 0.400 0.400 0.300 0.400 0.400 0.500 0.400 0.300 0.500 0.500 0.400 0.400 0.400 0.500 0.500 0.400 0.500 0.500 0.500 0.500 0.500 0.500 0.400 27/12/1975
0.300 0.300 0.300 0.300 0.500 0.300 0.200 0.300 0.300 0.600 0.300 0.300 0.300 0.300 0.600 0.300 0.300 0.300 0.300 0.300 0.400 0.300 0.300 0.300 0.300 0.400 0.300 0.400 0.400 0.300 28/12/1975
0.300 0.300 0.300 0.300 0.400 0.200 0.200 0.200 0.500 0.500 0.300 0.300 0.500 0.400 0.500 0.300 0.400 0.500 0.400 0.400 0.300 0.400 0.500 0.500 0.500 0.400 0.400 0.500 0.500 0.400 29/12/1975
0.200 0.200 0.200 0.100 0.200 0.200 0.200 0.200 0.200 0.200 0.200 0.200 0.200 0.200 0.200 0.300 0.300 0.200 0.200 0.200 0.300 0.300 0.200 0.200 0.200 0.300 0.300 0.300 0.300 0.200 30/12/1975
0.400 0.400 0.400 0.200 0.300 0.300 0.300 0.300 0.300 0.300 0.400 0.400 0.400 0.300 0.300 0.500 0.400 0.400 0.300 0.300 0.500 0.400 0.300 0.400 0.400 0.600 0.500 0.400 0.400 0.300 31/12/1975
0.500 0.500 0.500 0.300 0.300 0.400 0.400 0.400 0.300 0.300 0.400 0.400 0.300 0.200 0.400 0.400 0.200 0.300 0.200 0.200 0.500 0.200 0.300 0.300 0.300 0.500 0.200 0.300 0.300 0.200 01/01/1976
0.800 0.700 0.700 0.600 0.400 0.700 0.600 0.700 0.500 0.400 0.700 0.700 0.500 0.400 0.400 0.800 0.500 0.500 0.400 0.400 0.800 0.500 0.500 0.500 0.500 0.900 0.500 0.500 0.500 0.400 02/01/1976
1.300 1.300 1.300 1.000 0.700 1.300 1.200 1.300 0.900 0.700 1.300 1.300 0.900 0.900 0.700 1.100 1.000 0.900 0.900 0.900 1.200 1.000 0.900 1.000 1.000 1.200 1.000 1.000 1.000 0.900 03/01/1976
0.600 0.600 0.600 0.500 0.600 0.600 0.500 0.600 0.600 0.600 0.600 0.600 0.600 0.600 0.600 0.500 0.400 0.600 0.600 0.600 0.500 0.400 0.600 0.600 0.600 0.600 0.400 0.600 0.600 0.600 04/01/1976
0.300 0.300 0.300 0.400 0.700 0.300 0.300 0.300 0.500 0.700 0.300 0.300 0.500 0.500 0.700 0.400 0.500 0.500 0.500 0.500 0.500 0.400 0.500 0.600 0.600 0.500 0.500 0.600 0.600 0.500 05/01/1976
0.700 0.700 0.600 0.500 0.800 0.600 0.600 0.600 0.700 0.900 0.600 0.600 0.700 0.700 0.900 0.800 0.800 0.700 0.600 0.600 0.900 0.800 0.700 0.700 0.700 0.900 0.800 0.800 0.800 0.600 06/01/1976
1.000 1.000 1.000 0.700 0.700 1.000 0.900 1.000 0.700 0.700 1.000 1.000 0.700 0.600 0.800 0.700 0.500 0.700 0.600 0.600 0.700 0.500 0.600 0.700 0.700 0.700 0.500 0.700 0.700 0.600 07/01/1976
0.700 0.700 0.600 0.700 1.000 0.600 0.600 0.600 0.900 1.000 0.600 0.600 0.900 0.900 1.100 0.500 0.400 0.900 0.900 0.900 0.500 0.400 0.900 0.900 0.900 0.500 0.500 0.900 0.900 0.900 08/01/1976
0.900 0.900 0.900 0.800 0.800 0.800 0.800 0.800 0.800 0.800 0.800 0.900 0.800 0.800 0.800 0.800 0.600 0.800 0.800 0.800 0.800 0.600 0.800 0.800 0.800 0.800 0.600 0.800 0.800 0.800 09/01/1976
0.200 0.200 0.200 0.000 0.100 0.100 0.100 0.100 0.100 0.100 0.100 0.100 0.100 0.100 0.100 0.200 0.100 0.100 0.100 0.100 0.300 0.100 0.100 0.100 0.100 0.300 0.200 0.100 0.100 0.100 10/01/1976
0.500 0.500 0.400 0.200 0.200 0.400 0.400 0.400 0.200 0.200 0.400 0.400 0.300 0.200 0.200 0.600 0.500 0.200 0.200 0.200 0.600 0.500 0.200 0.300 0.300 0.600 0.500 0.300 0.300 0.200 11/01/1976
0.400 0.400 0.400 0.300 0.200 0.400 0.300 0.400 0.400 0.200 0.400 0.400 0.400 0.300 0.200 0.500 0.600 0.400 0.300 0.300 0.600 0.600 0.300 0.400 0.400 0.600 0.600 0.400 0.400 0.300 12/01/1976
0.700 0.700 0.700 0.700 0.900 0.600 0.600 0.600 0.800 0.900 0.600 0.700 0.800 0.800 0.900 0.800 0.700 0.800 0.800 0.800 0.800 0.700 0.800 0.800 0.800 0.900 0.800 0.800 0.800 0.800 13/01/1976
0.700 0.600 0.600 0.300 0.500 0.600 0.500 0.600 0.500 0.500 0.600 0.600 0.500 0.500 0.600 0.600 0.500 0.500 0.500 0.500 0.700 0.500 0.500 0.600 0.600 0.700 0.500 0.600 0.600 0.500 14/01/1976
1.100 1.100 1.100 0.900 0.800 1.000 1.000 1.000 1.000 0.900 1.100 1.100 1.000 0.900 0.900 0.900 0.700 1.000 0.900 0.900 1.000 0.700 0.900 1.000 1.000 1.000 0.700 1.000 1.000 0.900 15/01/1976
0.300 0.300 0.300 0.200 0.300 0.300 0.300 0.300 0.300 0.300 0.300 0.300 0.300 0.300 0.300 0.500 0.500 0.300 0.300 0.300 0.600 0.500 0.300 0.300 0.300 0.600 0.500 0.400 0.400 0.300 16/01/1976
0.900 0.900 0.900 0.700 0.800 0.800 0.800 0.800 0.900 0.800 0.900 0.900 0.900 0.800 0.800 0.700 0.500 0.900 0.800 0.800 0.700 0.500 0.900 0.900 0.900 0.700 0.500 0.900 0.900 0.800 17/01/1976
0.900 0.900 0.900 0.800 0.800 0.900 0.900 0.900 0.900 0.800 0.900 0.900 0.900 0.900 0.900 0.800 0.600 0.900 0.900 0.900 0.800 0.600 0.900 0.900 0.900 0.900 0.600 1.000 0.900 0.900 18/01/1976
0.300 0.300 0.300 0.200 0.300 0.200 0.200 0.200 0.300 0.300 0.200 0.200 0.400 0.300 0.400 0.300 0.300 0.400 0.300 0.300 0.300 0.300 0.300 0.400 0.400 0.400 0.300 0.400 0.400 0.300 19/01/1976
0.300 0.300 0.300 0.300 0.300 0.300 0.300 0.300 0.300 0.300 0.300 0.300 0.300 0.300 0.300 0.400 0.400 0.300 0.300 0.300 0.400 0.400 0.300 0.300 0.300 0.400 0.400 0.300 0.300 0.300 20/01/1976
1.100 1.100 1.000 0.900 0.800 1.000 1.000 1.000 1.000 0.900 1.000 1.000 1.000 1.000 0.900 1.200 1.200 1.000 1.000 1.000 1.200 1.200 1.000 1.000 1.000 1.200 1.200 1.000 1.000 1.000 21/01/1976
0.600 0.600 0.600 0.400 0.500 0.500 0.500 0.500 0.600 0.500 0.500 0.500 0.600 0.600 0.500 0.600 0.700 0.600 0.500 0.600 0.600 0.600 0.600 0.600 0.600 0.700 0.700 0.600 0.600 0.500 22/01/1976
1.000 0.900 0.900 0.800 0.700 0.900 0.900 0.900 0.700 0.800 0.900 0.900 0.700 0.700 0.800 1.000 0.800 0.700 0.700 0.700 1.000 0.800 0.700 0.700 0.700 1.000 0.800 0.800 0.800 0.700 23/01/1976
0.600 0.600 0.600 0.400 0.400 0.600 0.600 0.600 0.400 0.400 0.600 0.600 0.400 0.400 0.400 0.600 0.600 0.400 0.400 0.400 0.600 0.600 0.400 0.500 0.500 0.700 0.600 0.500 0.500 0.400 24/01/1976
0.400 0.400 0.400 0.400 0.400 0.400 0.400 0.400 0.500 0.400 0.400 0.400 0.500 0.400 0.500 0.400 0.500 0.500 0.400 0.400 0.400 0.500 0.500 0.500 0.500 0.400 0.500 0.500 0.500 0.400 25/01/1976
0.400 0.400 0.400 0.300 0.300 0.400 0.300 0.400 0.300 0.300 0.400 0.400 0.300 0.300 0.300 0.400 0.400 0.300 0.300 0.300 0.400 0.400 0.300 0.300 0.300 0.400 0.400 0.300 0.300 0.300 26/01/1976
0.200 0.200 0.200 0.200 0.200 0.200 0.200 0.200 0.100 0.200 0.200 0.200 0.100 0.100 0.200 0.300 0.300 0.100 0.100 0.100 0.300 0.300 0.100 0.100 0.100 0.300 0.300 0.200 0.100 0.100 27/01/1976
0.700 0.600 0.600 0.300 0.400 0.600 0.500 0.600 0.500 0.400 0.600 0.600 0.500 0.500 0.400 0.900 0.900 0.500 0.500 0.500 0.900 0.800 0.500 0.500 0.500 1.000 0.900 0.600 0.600 0.500 28/01/1976
1.100 1.100 1.100 0.900 1.000 1.100 1.100 1.100 1.000 1.000 1.100 1.100 1.000 1.000 1.000 1.100 1.000 1.000 1.000 1.000 1.100 1.000 1.000 1.000 1.000 1.100 1.000 1.000 1.000 1.000 29/01/1976
0.900 0.900 0.800 0.600 0.700 0.800 0.800 0.800 0.800 0.800 0.800 0.800 0.800 0.800 0.800 0.800 0.800 0.800 0.800 0.800 0.800 0.800 0.800 0.800 0.800 0.900 0.800 0.800 0.800 0.800 30/01/1976
0.400 0.400 0.400 0.200 0.200 0.300 0.300 0.300 0.300 0.200 0.300 0.300 0.300 0.300 0.200 0.300 0.400 0.300 0.200 0.200 0.400 0.400 0.300 0.300 0.300 0.400 0.400 0.300 0.300 0.200 31/01/1976
0.300 0.300 0.300 0.200 0.200 0.300 0.300 0.300 0.200 0.200 0.300 0.300 0.200 0.200 0.200 0.300 0.300 0.200 0.200 0.200 0.300 0.300 0.200 0.200 0.200 0.300 0.300 0.200 0.200 0.200 01/02/1976
0.600 0.600 0.600 0.400 0.300 0.500 0.500 0.500 0.600 0.400 0.500 0.500 0.600 0.500 0.400 0.700 0.700 0.600 0.500 0.500 0.700 0.700 0.600 0.600 0.600 0.700 0.700 0.600 0.600 0.500 02/02/1976
0.400 0.400 0.400 0.300 0.400 0.400 0.400 0.400 0.300 0.400 0.400 0.400 0.300 0.300 0.400 0.300 0.600 0.300 0.300 0.300 0.400 0.500 0.300 0.300 0.300 0.400 0.600 0.300 0.300 0.300 03/02/1976
0.900 0.900 0.900 0.600 0.700 0.900 0.900 0.900 0.700 0.700 0.900 0.900 0.700 0.600 0.800 0.800 0.700 0.700 0.600 0.600 0.800 0.700 0.700 0.700 0.700 0.900 0.700 0.700 0.700 0.600 04/02/1976
0.500 0.500 0.500 0.700 1.100 0.600 0.600 0.600 0.900 1.100 0.600 0.500 0.900 0.900 1.100 0.500 0.600 0.900 0.900 0.900 0.500 0.600 0.900 0.900 0.900 0.400 0.600 0.900 0.900 0.900 05/02/1976
1.100 1.100 1.100 1.100 1.100 1.100 1.100 1.100 1.100 1.100 1.100 1.100 1.100 1.100 1.100 0.800 0.800 1.100 1.100 1.100 0.800 0.800 1.100 1.100 1.100 0.800 0.800 1.100 1.100 1.100 06/02/1976
0.600 0.600 0.500 0.600 0.500 0.500 0.500 0.500 0.400 0.500 0.500 0.500 0.500 0.400 0.500 0.400 0.400 0.400 0.400 0.400 0.400 0.300 0.400 0.500 0.500 0.500 0.400 0.500 0.500 0.400 07/02/1976
0.800 0.800 0.800 0.500 0.500 0.800 0.800 0.800 0.500 0.500 0.800 0.800 0.500 0.500 0.600 0.800 0.700 0.500 0.500 0.500 0.800 0.700 0.500 0.600 0.600 0.800 0.700 0.600 0.600 0.500 08/02/1976
0.700 0.600 0.600 0.600 0.500 0.600 0.500 0.600 0.700 0.500 0.600 0.600 0.700 0.700 0.500 0.500 0.500 0.700 0.700 0.700 0.500 0.500 0.700 0.700 0.800 0.600 0.500 0.800 0.800 0.700 09/02/1976
0.500 0.500 0.500 0.300 0.100 0.400 0.400 0.400 0.400 0.100 0.400 0.500 0.400 0.300 0.100 0.500 0.400 0.400 0.300 0.300 0.500 0.400 0.400 0.400 0.400 0.500 0.400 0.400 0.400 0.300 10/02/1976
0.700 0.700 0.700 0.500 0.500 0.700 0.600 0.700 0.800 0.500 0.700 0.700 0.800 0.700 0.500 0.800 0.700 0.800 0.700 0.700 0.800 0.700 0.800 0.800 0.800 0.800 0.700 0.800 0.800 0.700 11/02/1976
0.600 0.600 0.600 0.400 0.400 0.600 0.600 0.600 0.600 0.400 0.600 0.600 0.600 0.600 0.400 0.700 0.800 0.600 0.600 0.600 0.700 0.800 0.600 0.600 0.600 0.700 0.800 0.600 0.600 0.600 12/02/1976
0.600 0.600 0.600 0.400 0.400 0.600 0.600 0.600 0.400 0.400 0.600 0.600 0.500 0.400 0.400 0.600 0.500 0.500 0.400 0.400 0.600 0.500 0.400 0.500 0.500 0.600 0.500 0.500 0.500 0.400 13/02/1976
1.200 1.200 1.200 0.900 0.700 1.200 1.200 1.200 1.000 0.700 1.200 1.200 1.000 0.900 0.700 1.600 1.500 1.000 0.900 0.900 1.600 1.500 1.000 1.000 1.000 1.700 1.600 1.000 1.000 0.900 14/02/1976
1.200 1.200 1.200 1.100 1.000 1.100 1.100 1.100 1.300 1.000 1.200 1.200 1.300 1.300 1.000 1.200 1.200 1.300 1.200 1.200 1.200 1.200 1.300 1.300 1.300 1.200 1.200 1.300 1.300 1.200 15/02/1976
0.700 0.700 0.700 0.600 0.700 0.700 0.600 0.700 0.800 0.700 0.700 0.700 0.800 0.800 0.700 0.700 0.900 0.800 0.800 0.800 0.800 0.900 0.800 0.900 0.900 0.800 0.900 0.900 0.900 0.800 16/02/1976
1.100 1.100 1.100 1.000 1.100 1.100 1.000 1.100 1.000 1.100 1.100 1.100 1.000 1.000 1.100 1.000 1.000 1.000 1.000 1.000 1.000 1.000 1.000 1.000 1.000 1.000 1.100 1.000 1.000 1.000 17/02/1976
1.000 0.900 0.900 0.900 1.200 0.900 0.900 0.900 1.300 1.200 0.900 0.900 1.300 1.300 1.300 0.700 0.900 1.300 1.300 1.300 0.700 0.900 1.300 1.300 1.300 0.700 0.900 1.300 1.300 1.300 18/02/1976
1.700 1.700 1.700 1.300 1.200 1.700 1.600 1.700 1.400 1.200 1.700 1.700 1.400 1.400 1.200 1.500 1.400 1.400 1.400 1.400 1.500 1.400 1.400 1.400 1.400 1.500 1.400 1.400 1.400 1.400 19/02/1976
1.900 1.900 1.900 1.600 1.600 1.900 1.900 1.900 1.600 1.600 1.900 1.900 1.600 1.600 1.600 1.500 1.300 1.600 1.600 1.600 1.500 1.300 1.600 1.600 1.600 1.600 1.300 1.600 1.600 1.600 20/02/1976
1.500 1.500 1.500 1.400 1.300 1.500 1.500 1.500 1.400 1.300 1.500 1.500 1.400 1.400 1.400 1.200 1.200 1.400 1.400 1.400 1.300 1.200 1.400 1.400 1.400 1.300 1.200 1.400 1.400 1.400 21/02/1976
0.900 0.900 0.900 0.600 0.500 0.900 0.900 0.900 0.600 0.500 0.900 0.900 0.600 0.600 0.500 0.700 0.700 0.600 0.600 0.600 0.800 0.700 0.600 0.600 0.600 0.800 0.700 0.600 0.600 0.600 22/02/1976
1.700 1.600 1.600 1.500 1.200 1.600 1.500 1.600 1.400 1.200 1.600 1.600 1.400 1.400 1.300 1.300 1.200 1.400 1.300 1.400 1.300 1.200 1.400 1.400 1.400 1.400 1.200 1.500 1.500 1.300 23/02/1976
0.500 0.500 0.500 0.500 0.400 0.500 0.500 0.500 0.700 0.500 0.500 0.500 0.700 0.600 0.500 0.700 0.900 0.700 0.600 0.600 0.700 0.900 0.700 0.700 0.700 0.800 0.900 0.700 0.700 0.600 24/02/1976
1.400 1.300 1.300 1.200 1.500 1.300 1.200 1.300 1.600 1.500 1.300 1.300 1.600 1.500 1.600 1.600 1.700 1.600 1.500 1.500 1.600 1.700 1.600 1.600 1.600 1.700 1.700 1.600 1.600 1.500 25/02/1976
1.800 1.700 1.700 1.600 1.400 1.700 1.700 1.700 1.600 1.400 1.700 1.700 1.600 1.600 1.400 1.500 1.500 1.600 1.500 1.500 1.600 1.500 1.600 1.600 1.600 1.600 1.500 1.600 1.600 1.500 26/02/1976
1.800 1.800 1.800 1.700 2.400 1.800 1.800 1.800 2.200 2.400 1.800 1.800 2.200 2.200 2.400 1.900 2.100 2.200 2.200 2.200 1.900 2.100 2.200 2.200 2.200 2.000 2.100 2.200 2.200 2.200 27/02/1976
2.800 2.800 2.800 2.700 3.000 2.700 2.700 2.700 2.900 3.000 2.700 2.700 2.900 2.900 3.100 2.400 2.400 2.900 2.900 2.900 2.500 2.300 2.900 3.000 3.000 2.500 2.400 3.000 3.000 2.900 28/02/1976
2.600 2.600 2.500 2.400 2.400 2.500 2.500 2.500 2.500 2.400 2.500 2.500 2.500 2.500 2.500 2.400 2.400 2.500 2.500 2.500 2.400 2.400 2.500 2.500 2.500 2.500 2.400 2.500 2.500 2.500 29/02/1976
2.100 2.100 2.100 2.300 2.600 2.100 2.100 2.100 2.500 2.600 2.100 2.100 2.500 2.500 2.600 2.000 2.000 2.500 2.500 2.500 2.000 2.000 2.500 2.500 2.500 2.000 2.000 2.500 2.500 2.500 01/03/1976
1.900 1.900 1.900 1.700 1.700 1.900 1.900 1.900 1.900 1.700 1.900 1.900 1.900 1.900 1.700 1.800 1.800 1.900 1.800 1.900 1.800 1.800 1.900 1.900 1.900 1.800 1.800 1.900 1.900 1.800 02/03/1976
1.900 1.900 1.900 1.600 1.700 1.800 1.800 1.800 1.800 1.700 1.800 1.800 1.800 1.700 1.800 1.700 1.700 1.800 1.700 1.700 1.800 1.700 1.800 1.800 1.800 1.800 1.700 1.800 1.800 1.700 03/03/1976
1.500 1.500 1.500 1.300 1.400 1.400 1.400 1.400 1.400 1.400 1.400 1.400 1.400 1.400 1.400 1.500 1.300 1.400 1.400 1.400 1.600 1.300 1.400 1.500 1.500 1.600 1.300 1.500 1.500 1.400 04/03/1976
1.700 1.700 1.700 1.900 1.900 1.700 1.700 1.700 1.900 1.900 1.700 1.700 1.900 1.900 2.000 1.600 1.600 1.900 1.800 1.800 1.600 1.600 1.900 1.900 1.900 1.600 1.600 1.900 1.900 1.800 05/03/1976
1.900 1.800 1.800 2.200 1.900 1.800 1.800 1.800 1.900 1.900 1.800 1.800 1.900 1.900 1.900 1.700 1.800 1.900 1.900 1.900 1.800 1.800 1.900 1.900 1.900 1.800 1.800 1.900 1.900 1.900 06/03/1976
2.100 2.000 2.000 2.000 1.400 2.000 2.000 2.000 1.500 1.400 2.000 2.000 1.500 1.500 1.400 1.400 1.400 1.500 1.500 1.500 1.400 1.400 1.500 1.500 1.500 1.400 1.400 1.500 1.500 1.500 07/03/1976
2.800 2.800 2.800 2.400 1.800 2.800 2.700 2.800 2.100 1.800 2.800 2.800 2.100 2.100 1.800 2.200 1.800 2.100 2.100 2.100 2.300 1.800 2.100 2.100 2.100 2.300 1.800 2.100 2.100 2.100 08/03/1976
2.300 2.300 2.300 2.200 2.500 2.200 2.200 2.200 2.400 2.500 2.200 2.200 2.400 2.400 2.500 2.300 2.300 2.400 2.400 2.400 2.300 2.300 2.400 2.400 2.400 2.400 2.300 2.500 2.500 2.400 09/03/1976
2.200 2.200 2.200 2.000 2.100 2.100 2.100 2.100 2.000 2.100 2.100 2.100 2.000 2.000 2.100 1.900 1.800 2.000 2.000 2.000 1.900 1.800 2.000 2.000 2.000 1.900 1.800 2.100 2.100 2.000 10/03/1976
2.200 2.200 2.200 1.600 1.700 2.200 2.200 2.200 1.900 1.700 2.200 2.200 1.900 1.900 1.700 2.200 2.100 1.900 1.900 1.900 2.200 2.100 1.900 1.900 1.900 2.300 2.200 2.000 1.900 1.900 11/03/1976
0.700 0.700 0.700 0.500 0.600 0.600 0.600 0.600 0.600 0.600 0.600 0.600 0.600 0.500 0.600 0.600 0.500 0.600 0.500 0.500 0.600 0.500 0.600 0.600 0.600 0.600 0.500 0.600 0.600 0.500 12/03/1976
1.200 1.200 1.200 0.700 0.500 1.200 1.100 1.200 0.800 0.500 1.200 1.200 0.800 0.800 0.500 1.300 1.300 0.800 0.700 0.700 1.300 1.300 0.800 0.800 0.800 1.400 1.300 0.800 0.800 0.700 13/03/1976
1.400 1.400 1.400 0.900 0.800 1.300 1.300 1.300 0.900 0.800 1.400 1.400 0.900 0.900 0.800 1.300 1.200 0.900 0.900 0.900 1.300 1.200 0.900 0.900 0.900 1.300 1.300 0.900 0.900 0.900 14/03/1976
1.600 1.600 1.600 1.300 1.300 1.500 1.500 1.500 1.300 1.400 1.500 1.600 1.300 1.200 1.400 1.500 1.400 1.300 1.200 1.200 1.500 1.400 1.300 1.300 1.300 1.600 1.400 1.300 1.300 1.200 15/03/1976
1.700 1.700 1.600 1.500 1.300 1.600 1.600 1.600 1.600 1.400 1.600 1.600 1.600 1.600 1.400 1.800 1.800 1.600 1.600 1.600 1.800 1.800 1.600 1.600 1.600 1.800 1.800 1.700 1.700 1.600 16/03/1976
0.500 0.500 0.500 0.400 0.500 0.500 0.400 0.500 0.600 0.500 0.500 0.500 0.600 0.500 0.500 0.500 0.500 0.600 0.500 0.500 0.500 0.500 0.600 0.600 0.600 0.600 0.500 0.600 0.600 0.500 17/03/1976
1.600 1.600 1.500 1.300 1.700 1.500 1.400 1.500 1.900 1.800 1.500 1.500 1.900 1.800 1.800 1.900 1.900 1.900 1.800 1.800 2.000 1.900 1.900 1.900 1.900 2.000 2.000 2.000 2.000 1.800 18/03/1976
2.000 2.000 2.000 1.400 1.500 2.000 1.900 2.000 1.600 1.600 2.000 2.000 1.600 1.600 1.600 1.700 1.700 1.600 1.600 1.600 1.700 1.600 1.600 1.600 1.600 1.800 1.700 1.600 1.600 1.600 19/03/1976
2.700 2.700 2.700 2.600 2.100 2.600 2.600 2.600 2.200 2.100 2.600 2.600 2.200 2.200 2.100 2.400 2.000 2.200 2.100 2.200 2.500 2.000 2.200 2.200 2.200 2.500 2.000 2.200 2.200 2.200 20/03/1976
1.500 1.500 1.500 1.600 1.500 1.500 1.500 1.500 1.500 1.500 1.500 1.500 1.500 1.500 1.600 1.300 1.400 1.500 1.500 1.500 1.300 1.400 1.500 1.500 1.500 1.300 1.400 1.500 1.500 1.500 21/03/1976
1.600 1.600 1.600 1.200 1.100 1.600 1.600 1.600 1.200 1.100 1.600 1.600 1.200 1.200 1.100 1.400 1.500 1.200 1.100 1.100 1.500 1.500 1.200 1.200 1.200 1.500 1.500 1.200 1.200 1.100 22/03/1976
0.800 0.800 0.800 0.600 0.300 0.800 0.800 0.800 0.500 0.300 0.800 0.800 0.500 0.500 0.300 1.100 1.000 0.500 0.500 0.500 1.100 1.000 0.500 0.500 0.500 1.200 1.000 0.500 0.500 0.500 23/03/1976
1.700 1.600 1.600 1.500 1.400 1.600 1.600 1.600 1.700 1.500 1.600 1.600 1.700 1.700 1.500 1.600 1.600 1.700 1.600 1.600 1.700 1.600 1.700 1.700 1.700 1.700 1.600 1.800 1.800 1.600 24/03/1976
2.000 2.000 1.900 1.700 1.600 1.900 1.900 1.900 1.700 1.600 1.900 1.900 1.800 1.700 1.600 1.900 1.800 1.800 1.700 1.700 1.900 1.700 1.700 1.800 1.800 2.000 1.800 1.800 1.800 1.700 25/03/1976
2.500 2.400 2.400 2.300 2.400 2.400 2.400 2.400 2.400 2.400 2.400 2.400 2.400 2.300 2.500 2.400 2.200 2.400 2.300 2.300 2.500 2.200 2.400 2.400 2.400 2.500 2.300 2.400 2.400 2.300 26/03/1976
2.800 2.800 2.800 2.700 2.800 2.800 2.700 2.800 2.700 2.900 2.800 2.800 2.700 2.700 2.900 2.700 2.500 2.700 2.700 2.700 2.700 2.500 2.700 2.800 2.800 2.800 2.600 2.800 2.800 2.700 27/03/1976
2.700 2.700 2.700 2.600 2.700 2.700 2.600 2.700 2.700 2.700 2.700 2.700 2.700 2.700 2.800 2.800 2.700 2.700 2.700 2.700 2.800 2.700 2.700 2.700 2.700 2.800 2.700 2.800 2.700 2.700 28/03/1976
3.400 3.400 3.400 3.400 3.600 3.300 3.300 3.300 3.500 3.700 3.300 3.300 3.500 3.500 3.700 3.400 3.400 3.500 3.500 3.500 3.400 3.400 3.500 3.600 3.600 3.400 3.400 3.600 3.600 3.500 29/03/1976
2.300 2.300 2.200 1.900 2.500 2.200 2.200 2.200 2.600 2.500 2.200 2.200 2.600 2.600 2.600 2.300 2.500 2.600 2.600 2.600 2.400 2.500 2.600 2.600 2.600 2.400 2.500 2.700 2.600 2.600 30/03/1976
2.800 2.700 2.700 2.800 2.900 2.600 2.600 2.600 2.900 2.900 2.700 2.700 2.900 2.800 2.900 2.800 2.900 2.900 2.800 2.800 2.900 2.900 2.900 2.900 2.900 2.900 2.900 3.000 3.000 2.800 31/03/1976
4.200 4.200 4.100 4.100 4.400 4.100 4.000 4.100 4.500 4.500 4.100 4.100 4.500 4.500 4.500 3.800 4.100 4.500 4.400 4.400 3.900 4.100 4.500 4.500 4.500 4.000 4.100 4.600 4.600 4.400 01/04/1976
1.300 1.300 1.300 1.500 2.600 1.300 1.200 1.300 2.200 2.700 1.300 1.300 2.200 2.200 2.700 1.200 1.400 2.200 2.200 2.200 1.300 1.400 2.200 2.200 2.200 1.300 1.500 2.300 2.300 2.200 02/04/1976
1.000 1.000 1.000 0.900 1.500 1.000 1.000 1.000 1.500 1.500 1.000 1.000 1.500 1.500 1.500 0.600 1.100 1.500 1.500 1.500 0.600 1.100 1.500 1.500 1.500 0.600 1.100 1.500 1.500 1.500 03/04/1976
0.500 0.500 0.500 0.700 0.700 0.500 0.500 0.500 0.900 0.700 0.500 0.500 0.900 0.900 0.800 0.600 0.900 0.900 0.900 0.900 0.600 0.900 0.900 0.900 0.900 0.600 0.900 0.900 0.900 0.900 04/04/1976
1.900 1.900 1.800 1.800 2.300 1.800 1.700 1.800 2.000 2.300 1.800 1.800 2.000 1.900 2.300 1.400 1.400 2.000 1.900 1.900 1.400 1.400 2.000 2.000 2.000 1.500 1.400 2.000 2.000 1.900 05/04/1976
2.900 2.900 2.800 2.900 2.500 2.800 2.800 2.800 2.600 2.500 2.800 2.800 2.600 2.600 2.500 2.600 2.500 2.600 2.600 2.600 2.600 2.500 2.600 2.700 2.700 2.700 2.500 2.700 2.700 2.600 06/04/1976
1.400 1.400 1.300 1.100 1.200 1.300 1.200 1.300 1.500 1.300 1.300 1.300 1.500 1.400 1.300 1.400 1.600 1.500 1.400 1.400 1.400 1.600 1.500 1.500 1.500 1.500 1.700 1.500 1.500 1.400 07/04/1976
3.800 3.800 3.800 3.400 3.500 3.800 3.800 3.800 3.500 3.500 3.800 3.800 3.500 3.500 3.500 3.500 3.300 3.500 3.500 3.500 3.500 3.300 3.500 3.500 3.500 3.500 3.300 3.500 3.500 3.500 08/04/1976
3.200 3.200 3.100 3.000 3.400 3.100 3.100 3.100 3.300 3.400 3.100 3.100 3.400 3.300 3.400 3.300 3.300 3.400 3.300 3.300 3.400 3.300 3.300 3.400 3.400 3.400 3.400 3.400 3.400 3.300 09/04/1976
3.400 3.400 3.400 3.600 3.900 3.400 3.400 3.400 3.600 3.900 3.400 3.400 3.600 3.600 3.900 3.600 3.700 3.600 3.600 3.600 3.600 3.700 3.600 3.600 3.600 3.700 3.700 3.600 3.600 3.600 10/04/1976
3.200 3.200 3.200 3.500 3.300 3.200 3.200 3.200 3.300 3.300 3.200 3.200 3.300 3.300 3.300 3.300 3.500 3.300 3.300 3.300 3.300 3.500 3.300 3.300 3.300 3.300 3.500 3.400 3.400 3.300 11/04/1976
3.200 3.200 3.100 3.700 3.600 3.100 3.100 3.100 3.500 3.600 3.100 3.100 3.500 3.500 3.700 3.300 3.400 3.500 3.400 3.500 3.300 3.400 3.500 3.500 3.500 3.300 3.400 3.500 3.500 3.400 12/04/1976
2.800 2.800 2.800 3.000 3.200 2.800 2.800 2.800 3.200 3.200 2.800 2.800 3.200 3.100 3.200 3.100 3.200 3.200 3.100 3.100 3.100 3.200 3.200 3.200 3.200 3.100 3.300 3.200 3.200 3.100 13/04/1976
2.000 2.000 2.000 1.900 1.700 2.000 1.900 2.000 1.700 1.700 2.000 2.000 1.700 1.700 1.700 1.800 1.700 1.700 1.700 1.700 1.800 1.700 1.700 1.700 1.700 1.900 1.700 1.700 1.700 1.700 14/04/1976
1.300 1.300 1.300 1.000 1.100 1.300 1.200 1.300 1.100 1.100 1.300 1.300 1.100 1.100 1.100 1.500 1.400 1.100 1.000 1.100 1.500 1.400 1.100 1.100 1.100 1.500 1.400 1.100 1.100 1.100 15/04/1976
3.300 3.200 3.200 3.400 2.800 3.200 3.200 3.200 2.900 2.800 3.200 3.200 2.900 2.800 2.800 2.800 2.300 2.900 2.800 2.800 2.800 2.300 2.800 2.900 2.900 2.800 2.300 2.900 2.900 2.800 16/04/1976
2.700 2.700 2.600 2.500 2.800 2.600 2.600 2.600 2.500 2.800 2.600 2.600 2.500 2.500 2.800 2.400 2.400 2.500 2.500 2.500 2.400 2.400 2.500 2.500 2.500 2.500 2.400 2.500 2.500 2.500 17/04/1976
2.100 2.100 2.000 2.000 2.100 2.000 2.000 2.000 2.200 2.200 2.000 2.000 2.300 2.200 2.200 2.500 2.600 2.200 2.200 2.200 2.500 2.600 2.200 2.300 2.300 2.500 2.600 2.300 2.300 2.200 18/04/1976
2.500 2.500 2.500 2.600 2.400 2.500 2.400 2.500 2.700 2.400 2.500 2.500 2.700 2.700 2.500 2.700 2.500 2.700 2.700 2.700 2.700 2.500 2.700 2.800 2.800 2.700 2.500 2.800 2.800 2.700 19/04/1976
2.600 2.600 2.600 2.700 2.700 2.600 2.600 2.600 3.000 2.800 2.600 2.600 3.000 3.000 2.800 2.900 3.100 3.000 3.000 3.000 2.900 3.100 3.000 3.000 3.000 2.900 3.100 3.100 3.100 3.000 20/04/1976
3.100 3.100 3.100 2.800 1.800 3.100 3.000 3.100 2.800 1.800 3.100 3.100 2.800 2.800 1.800 3.000 2.900 2.800 2.800 2.800 3.100 2.900 2.800 2.800 2.800 3.100 2.900 2.800 2.800 2.800 21/04/1976
2.700 2.600 2.600 3.200 2.900 2.600 2.600 2.600 2.900 2.900 2.600 2.600 2.900 2.900 3.000 2.800 2.700 2.900 2.900 2.900 2.900 2.700 2.900 2.900 2.900 2.900 2.700 2.900 2.900 2.900 22/04/1976
3.300 3.300 3.300 3.400 3.400 3.300 3.300 3.300 3.500 3.500 3.300 3.300 3.500 3.500 3.500 3.100 3.400 3.500 3.500 3.500 3.200 3.400 3.500 3.500 3.500 3.200 3.500 3.600 3.600 3.500 23/04/1976
2.300 2.300 2.300 1.700 1.500 2.300 2.300 2.300 1.800 1.500 2.300 2.300 1.800 1.800 1.600 2.500 2.400 1.800 1.800 1.800 2.500 2.400 1.800 1.800 1.800 2.500 2.400 1.800 1.800 1.800 24/04/1976
0.800 0.800 0.800 0.600 0.500 0.800 0.800 0.800 0.600 0.500 0.800 0.800 0.600 0.500 0.500 0.900 0.800 0.600 0.500 0.500 0.900 0.800 0.600 0.600 0.600 0.900 0.800 0.600 0.600 0.500 25/04/1976
2.100 2.000 2.000 1.600 1.600 2.000 2.000 2.000 2.000 1.600 2.000 2.000 2.000 2.000 1.600 2.600 2.700 2.000 2.000 2.000 2.600 2.600 2.000 2.000 2.000 2.600 2.700 2.100 2.100 2.000 26/04/1976
3.200 3.200 3.200 3.500 3.500 3.200 3.100 3.200 3.200 3.500 3.200 3.200 3.200 3.100 3.500 2.900 3.000 3.200 3.100 3.100 2.900 3.000 3.100 3.200 3.200 3.000 3.000 3.300 3.300 3.100 27/04/1976
4.500 4.500 4.500 4.300 4.100 4.500 4.500 4.500 4.300 4.100 4.500 4.500 4.300 4.300 4.100 4.000 3.800 4.300 4.300 4.300 4.000 3.800 4.300 4.300 4.300 4.000 3.800 4.300 4.300 4.300 28/04/1976
4.200 4.200 4.200 4.300 4.000 4.100 4.100 4.100 4.100 4.000 4.100 4.200 4.100 4.100 4.000 4.300 4.200 4.100 4.100 4.100 4.300 4.200 4.100 4.200 4.200 4.400 4.200 4.200 4.200 4.100 29/04/1976
4.300 4.200 4.200 4.400 4.300 4.200 4.100 4.200 4.300 4.400 4.200 4.200 4.300 4.300 4.400 4.400 4.500 4.300 4.300 4.300 4.500 4.500 4.300 4.400 4.400 4.500 4.500 4.400 4.400 4.300 30/04/1976
4.300 4.300 4.300 4.400 4.500 4.300 4.300 4.300 4.500 4.600 4.300 4.300 4.500 4.500 4.600 4.400 4.500 4.500 4.500 4.500 4.400 4.400 4.500 4.500 4.500 4.400 4.500 4.600 4.600 4.500 01/05/1976
2.600 2.600 2.600 2.600 3.100 2.600 2.600 2.600 3.100 3.100 2.600 2.600 3.100 3.000 3.100 2.800 3.300 3.100 3.000 3.000 2.800 3.300 3.100 3.100 3.100 2.800 3.300 3.100 3.100 3.000 02/05/1976
1.700 1.700 1.700 1.200 1.800 1.700 1.600 1.700 1.900 1.800 1.700 1.700 1.900 1.800 1.800 2.100 2.500 1.900 1.800 1.800 2.200 2.500 1.900 1.900 1.900 2.200 2.500 2.000 2.000 1.800 03/05/1976
3.500 3.500 3.500 3.300 3.300 3.400 3.400 3.400 3.600 3.300 3.400 3.400 3.600 3.600 3.300 3.400 3.400 3.600 3.600 3.600 3.400 3.400 3.600 3.600 3.600 3.400 3.500 3.600 3.600 3.600 04/05/1976
2.900 2.900 2.900 2.900 3.600 2.900 2.800 2.900 3.400 3.600 2.900 2.900 3.400 3.400 3.600 2.700 3.200 3.400 3.400 3.400 2.600 3.200 3.400 3.400 3.400 2.600 3.200 3.500 3.500 3.400 05/05/1976
5.000 5.000 5.000 5.100 5.600 4.900 4.900 4.900 5.500 5.700 5.000 5.000 5.600 5.500 5.700 5.200 5.400 5.500 5.500 5.500 5.300 5.400 5.500 5.600 5.600 5.300 5.400 5.600 5.600 5.500 06/05/1976
6.000 5.900 5.900 5.200 5.500 5.900 5.900 5.900 5.900 5.600 5.900 5.900 5.900 5.900 5.600 6.000 6.000 5.900 5.800 5.800 6.000 6.000 5.900 5.900 5.900 6.000 6.000 5.900 5.900 5.800 07/05/1976
3.000 3.000 3.000 2.500 2.900 2.900 2.900 2.900 2.800 2.900 3.000 3.000 2.800 2.800 3.000 2.900 3.300 2.800 2.800 2.800 3.000 3.300 2.800 2.900 2.900 3.000 3.400 2.900 2.900 2.800 08/05/1976
1.900 1.900 1.900 1.000 1.000 1.900 1.900 1.900 1.300 1.000 1.900 1.900 1.300 1.300 1.000 1.700 1.800 1.300 1.300 1.300 1.700 1.800 1.300 1.300 1.300 1.800 1.800 1.300 1.300 1.300 09/05/1976
0.600 0.600 0.600 0.600 0.500 0.600 0.600 0.600 0.400 0.500 0.600 0.600 0.400 0.400 0.500 0.800 0.700 0.400 0.400 0.400 0.800 0.700 0.400 0.400 0.400 0.900 0.700 0.500 0.500 0.400 10/05/1976
3.900 3.900 3.900 3.000 2.800 3.800 3.800 3.800 3.100 2.800 3.900 3.900 3.200 3.100 2.900 4.100 3.800 3.200 3.100 3.100 4.200 3.800 3.100 3.200 3.200 4.200 3.800 3.200 3.200 3.100 11/05/1976
2.000 1.900 1.900 1.400 1.800 1.900 1.800 1.900 2.300 1.900 1.900 1.900 2.300 2.200 1.900 2.400 3.400 2.300 2.200 2.200 2.400 3.400 2.300 2.300 2.300 2.500 3.400 2.400 2.400 2.200 12/05/1976
3.500 3.500 3.500 3.200 3.200 3.500 3.400 3.500 3.700 3.200 3.500 3.500 3.700 3.600 3.300 3.700 3.800 3.700 3.600 3.600 3.700 3.800 3.600 3.700 3.700 3.700 3.800 3.700 3.700 3.600 13/05/1976
4.800 4.800 4.700 4.900 4.900 4.700 4.700 4.700 4.900 4.900 4.700 4.700 4.900 4.900 4.900 4.800 5.000 4.900 4.800 4.800 4.900 4.900 4.900 4.900 4.900 4.900 5.000 4.900 4.900 4.800 14/05/1976
3.100 3.100 3.100 3.400 3.500 3.100 3.100 3.100 3.800 3.500 3.100 3.100 3.800 3.800 3.600 3.400 3.700 3.800 3.700 3.800 3.500 3.600 3.800 3.800 3.800 3.500 3.700 3.900 3.800 3.700 15/05/1976
3.800 3.800 3.800 3.300 3.100 3.700 3.700 3.700 3.200 3.100 3.700 3.700 3.300 3.200 3.200 3.800 3.600 3.300 3.200 3.200 3.900 3.600 3.200 3.300 3.300 3.900 3.600 3.300 3.300 3.200 16/05/1976
3.900 3.900 3.900 4.400 4.000 3.900 3.800 3.900 4.100 4.100 3.900 3.900 4.100 4.100 4.100 3.900 4.000 4.100 4.100 4.100 3.900 4.000 4.100 4.100 4.100 3.900 4.000 4.100 4.100 4.100 17/05/1976
2.200 2.100 2.100 1.800 1.900 2.100 2.100 2.100 1.900 1.900 2.100 2.100 1.900 1.900 1.900 1.800 1.800 1.900 1.900 1.900 1.800 1.800 1.900 1.900 1.900 1.800 1.800 1.900 1.900 1.900 18/05/1976
1.600 1.600 1.500 1.300 1.300 1.500 1.500 1.500 1.200 1.300 1.500 1.500 1.300 1.200 1.300 1.300 1.400 1.200 1.200 1.200 1.300 1.400 1.200 1.300 1.300 1.400 1.400 1.300 1.300 1.200 19/05/1976
0.900 0.900 0.900 0.800 1.000 0.900 0.900 0.900 1.100 1.000 0.900 0.900 1.100 1.100 1.000 0.900 1.100 1.100 1.100 1.100 0.900 1.100 1.100 1.100 1.100 0.900 1.100 1.100 1.100 1.100 20/05/1976
3.600 3.600 3.500 3.300 3.200 3.500 3.500 3.500 3.300 3.200 3.500 3.500 3.300 3.300 3.200 3.200 3.000 3.300 3.300 3.300 3.300 3.000 3.300 3.300 3.300 3.300 3.000 3.300 3.300 3.300 21/05/1976
3.700 3.700 3.700 3.400 3.700 3.700 3.700 3.700 3.700 3.700 3.700 3.700 3.700 3.600 3.700 4.000 4.000 3.700 3.600 3.600 4.000 4.000 3.700 3.700 3.700 4.100 4.000 3.700 3.700 3.600 22/05/1976
5.200 5.100 5.100 4.500 4.700 5.100 5.000 5.100 4.900 4.700 5.100 5.100 4.900 4.900 4.800 5.400 5.600 4.900 4.900 4.900 5.400 5.600 4.900 4.900 4.900 5.500 5.700 5.000 5.000 4.900 23/05/1976
4.000 4.000 4.000 4.100 4.100 4.000 4.000 4.000 4.000 4.200 4.000 4.000 4.100 4.000 4.200 4.300 4.300 4.000 4.000 4.000 4.300 4.300 4.000 4.100 4.100 4.300 4.300 4.100 4.100 4.000 24/05/1976
3.100 3.100 3.100 2.800 2.500 3.100 3.100 3.100 3.000 2.500 3.100 3.100 3.000 2.900 2.600 2.900 3.300 3.000 2.900 2.900 2.900 3.300 3.000 3.000 3.000 2.900 3.200 3.000 3.000 2.900 25/05/1976
2.900 2.900 2.900 2.800 3.100 2.900 2.900 2.900 3.200 3.100 2.900 2.900 3.200 3.200 3.100 3.500 3.700 3.200 3.100 3.100 3.500 3.700 3.200 3.200 3.200 3.500 3.700 3.200 3.200 3.100 26/05/1976
3.700 3.700 3.600 3.600 3.300 3.600 3.600 3.600 3.500 3.300 3.600 3.600 3.500 3.500 3.400 3.500 3.500 3.500 3.400 3.400 3.500 3.500 3.500 3.500 3.500 3.600 3.500 3.500 3.500 3.400 27/05/1976
2.900 2.900 2.900 2.500 2.200 2.900 2.900 2.900 2.100 2.200 2.900 2.900 2.100 2.100 2.200 3.200 3.100 2.100 2.100 2.100 3.200 3.100 2.100 2.100 2.200 3.200 3.100 2.200 2.200 2.100 28/05/1976
2.200 2.200 2.100 1.800 1.900 2.100 2.000 2.100 2.000 1.900 2.100 2.100 2.000 2.000 1.900 1.700 1.800 2.000 2.000 2.000 1.700 1.800 2.000 2.000 2.000 1.800 1.900 2.100 2.100 2.000 29/05/1976
3.600 3.500 3.500 3.000 2.800 3.400 3.400 3.400 3.400 2.800 3.500 3.500 3.500 3.400 2.900 3.300 3.500 3.400 3.400 3.400 3.400 3.500 3.400 3.500 3.500 3.500 3.600 3.500 3.500 3.400 30/05/1976
3.800 3.800 3.800 3.700 3.800 3.700 3.700 3.700 3.800 3.800 3.700 3.700 3.900 3.800 3.900 3.800 3.900 3.900 3.800 3.800 3.800 3.900 3.800 3.900 3.900 3.800 3.900 3.900 3.900 3.800 31/05/1976
2.900 2.900 2.900 2.900 3.700 2.800 2.700 2.800 3.900 3.800 2.800 2.800 3.900 3.900 3.800 3.600 4.400 3.900 3.900 3.900 3.600 4.400 3.900 4.000 4.000 3.700 4.500 4.000 4.000 3.900 01/06/1976
4.900 4.900 4.800 4.500 4.600 4.800 4.800 4.800 4.900 4.600 4.800 4.800 4.900 4.800 4.700 5.300 5.200 4.900 4.800 4.800 5.300 5.200 4.900 4.900 4.900 5.300 5.300 5.000 4.900 4.800 02/06/1976
4.900 4.900 4.900 4.700 4.500 4.900 4.900 4.900 4.900 4.500 4.900 4.900 4.900 4.900 4.600 4.800 4.700 4.900 4.900 4.900 4.800 4.700 4.900 4.900 4.900 4.800 4.800 4.900 4.900 4.900 03/06/1976
4.900 4.800 4.800 4.100 4.300 4.800 4.700 4.800 4.600 4.400 4.800 4.800 4.600 4.500 4.400 4.800 4.500 4.600 4.500 4.500 4.800 4.500 4.600 4.600 4.600 4.900 4.500 4.700 4.600 4.500 04/06/1976
4.000 4.000 4.000 4.500 4.500 4.000 4.000 4.000 4.300 4.500 4.000 4.000 4.300 4.300 4.500 4.400 4.700 4.300 4.300 4.300 4.400 4.700 4.300 4.300 4.300 4.400 4.700 4.300 4.300 4.300 05/06/1976
5.200 5.200 5.200 5.500 5.600 5.200 5.200 5.200 5.400 5.600 5.200 5.200 5.400 5.300 5.600 5.200 5.300 5.400 5.300 5.300 5.200 5.200 5.300 5.400 5.400 5.200 5.300 5.400 5.400 5.300 06/06/1976
7.000 7.000 7.000 6.900 6.900 7.000 6.900 7.000 6.900 6.900 7.000 7.000 7.000 6.900 6.900 7.300 7.100 6.900 6.900 6.900 7.300 7.100 6.900 7.000 7.000 7.300 7.100 7.000 7.000 6.900 07/06/1976
7.400 7.400 7.400 7.200 7.400 7.300 7.300 7.300 7.300 7.400 7.400 7.400 7.400 7.300 7.500 7.100 7.200 7.400 7.300 7.300 7.100 7.100 7.300 7.400 7.400 7.100 7.200 7.400 7.400 7.300 08/06/1976
4.300 4.200 4.200 4.600 4.100 4.100 4.100 4.100 3.900 4.100 4.200 4.200 3.900 3.900 4.200 3.800 3.600 3.900 3.900 3.900 3.800 3.600 3.900 3.900 3.900 3.900 3.600 3.900 3.900 3.900 09/06/1976
4.100 4.000 4.000 3.800 3.900 4.000 4.000 4.000 3.800 4.000 4.000 4.000 3.800 3.800 4.000 3.400 3.000 3.800 3.800 3.800 3.500 2.900 3.800 3.800 3.800 3.500 3.000 3.800 3.800 3.800 10/06/1976
4.200 4.200 4.200 4.300 5.000 4.200 4.200 4.200 4.400 5.000 4.200 4.200 4.400 4.400 5.000 4.600 4.700 4.400 4.400 4.400 4.600 4.700 4.400 4.400 4.400 4.600 4.700 4.400 4.400 4.400 11/06/1976
7.000 7.000 7.000 7.200 7.100 7.000 7.000 7.000 7.000 7.200 7.000 7.000 7.000 7.000 7.200 7.100 6.900 7.000 7.000 7.000 7.100 6.900 7.000 7.000 7.000 7.100 6.900 7.000 7.000 7.000 12/06/1976
6.800 6.800 6.800 6.800 6.700 6.800 6.800 6.800 6.800 6.700 6.800 6.800 6.800 6.800 6.700 6.500 6.600 6.800 6.800 6.800 6.500 6.600 6.800 6.800 6.800 6.500 6.600 6.800 6.800 6.800 13/06/1976
5.800 5.800 5.800 5.600 5.100 5.800 5.800 5.800 5.400 5.100 5.800 5.800 5.400 5.400 5.200 5.700 5.700 5.400 5.300 5.300 5.700 5.700 5.400 5.400 5.400 5.700 5.700 5.400 5.400 5.300 14/06/1976
5.700 5.700 5.600 5.700 5.300 5.600 5.500 5.600 5.100 5.300 5.600 5.600 5.100 5.100 5.300 5.400 5.000 5.100 5.000 5.000 5.400 5.000 5.100 5.100 5.100 5.500 5.000 5.100 5.100 5.000 15/06/1976
7.700 7.700 7.600 7.500 8.200 7.600 7.600 7.600 8.100 8.200 7.600 7.600 8.100 8.000 8.200 8.200 8.100 8.100 8.000 8.000 8.200 8.100 8.100 8.100 8.100 8.300 8.100 8.100 8.100 8.000 16/06/1976
6.600 6.600 6.600 6.400 6.200 6.600 6.500 6.600 7.000 6.200 6.600 6.600 7.000 6.900 6.200 6.600 6.400 7.000 6.900 6.900 6.600 6.400 7.000 7.000 7.000 6.700 6.400 7.000 7.000 6.900 17/06/1976
5.800 5.700 5.700 5.200 5.300 5.700 5.600 5.700 5.400 5.300 5.700 5.700 5.500 5.400 5.400 5.400 5.300 5.500 5.400 5.400 5.500 5.300 5.400 5.500 5.500 5.500 5.300 5.500 5.500 5.400 18/06/1976
6.000 6.000 6.000 5.900 5.800 6.000 6.000 6.000 5.900 5.800 6.000 6.000 5.900 5.900 5.900 5.500 5.600 5.900 5.900 5.900 5.600 5.600 5.900 5.900 5.900 5.600 5.600 5.900 5.900 5.900 19/06/1976
6.100 6.000 6.000 5.700 5.100 6.000 6.000 6.000 5.400 5.100 6.000 6.000 5.400 5.300 5.100 5.900 3.500 5.400 5.300 5.300 6.000 3.500 5.400 5.400 5.400 6.100 3.500 5.500 5.400 5.300 20/06/1976
2.900 2.900 2.900 3.200 4.300 2.900 2.900 2.900 3.000 4.300 2.900 2.900 3.000 3.000 4.300 2.600 3.000 3.000 3.000 3.000 2.600 2.900 3.000 3.000 3.000 2.600 3.000 3.000 3.000 3.000 21/06/1976
4.400 4.400 4.400 3.900 4.300 4.400 4.400 4.400 4.200 4.300 4.400 4.400 4.200 4.200 4.300 4.600 4.500 4.200 4.100 4.100 4.600 4.500 4.200 4.200 4.200 4.600 4.500 4.200 4.200 4.100 22/06/1976
5.200 5.200 5.200 5.200 5.300 5.100 5.100 5.100 4.700 5.300 5.100 5.100 4.800 4.700 5.300 4.700 4.300 4.700 4.700 4.700 4.700 4.300 4.700 4.800 4.800 4.700 4.300 4.800 4.800 4.700 23/06/1976
6.800 6.800 6.800 6.900 6.400 6.700 6.700 6.700 6.600 6.400 6.700 6.700 6.600 6.500 6.500 6.700 6.400 6.600 6.500 6.500 6.700 6.400 6.600 6.600 6.600 6.800 6.400 6.600 6.600 6.500 24/06/1976
7.800 7.800 7.800 7.800 7.100 7.700 7.700 7.700 7.300 7.200 7.700 7.700 7.300 7.300 7.200 7.900 7.500 7.300 7.200 7.200 7.900 7.500 7.300 7.300 7.300 8.000 7.500 7.400 7.400 7.200 25/06/1976
7.900 7.800 7.800 7.600 6.300 7.700 7.600 7.700 6.800 6.400 7.700 7.800 6.800 6.800 6.400 7.100 6.600 6.800 6.800 6.800 7.200 6.600 6.800 6.900 6.900 7.300 6.600 6.900 6.900 6.800 26/06/1976
6.300 6.300 6.300 6.400 5.600 6.200 6.200 6.200 5.800 5.600 6.200 6.300 5.800 5.700 5.700 6.100 5.900 5.800 5.700 5.700 6.100 5.800 5.800 5.800 5.800 6.200 5.900 5.800 5.800 5.700 27/06/1976
7.700 7.600 7.600 7.700 6.600 7.500 7.500 7.500 6.800 6.600 7.500 7.600 6.800 6.800 6.600 7.300 7.100 6.800 6.800 6.800 7.300 7.000 6.800 6.800 6.800 7.400 7.100 6.900 6.900 6.800 28/06/1976
8.300 8.300 8.300 7.500 7.400 8.300 8.300 8.300 7.500 7.400 8.300 8.300 7.500 7.500 7.500 7.700 7.000 7.500 7.500 7.500 7.700 7.000 7.500 7.500 7.500 7.700 7.000 7.500 7.500 7.500 29/06/1976
6.900 6.800 6.800 6.600 5.800 6.800 6.700 6.800 6.200 5.900 6.800 6.800 6.200 6.200 5.900 6.400 6.100 6.200 6.100 6.200 6.500 6.100 6.200 6.200 6.200 6.500 6.100 6.300 6.300 6.100 30/06/1976
5.800 5.700 5.700 4.200 4.500 5.700 5.600 5.700 4.900 4.500 5.700 5.700 4.900 4.900 4.500 5.100 4.900 4.900 4.900 4.900 5.100 4.900 4.900 4.900 4.900 5.200 4.900 4.900 4.900 4.900 01/07/1976
5.400 5.400 5.400 5.300 5.700 5.300 5.300 5.300 5.600 5.700 5.400 5.400 5.600 5.600 5.700 5.300 4.900 5.600 5.600 5.600 5.400 4.900 5.600 5.600 5.600 5.400 5.000 5.600 5.600 5.600 02/07/1976
6.200 6.200 6.100 6.100 6.100 6.100 6.000 6.100 6.000 6.100 6.100 6.100 6.000 5.900 6.200 5.400 5.400 6.000 5.900 5.900 5.400 5.300 6.000 6.000 6.000 5.500 5.400 6.000 6.000 5.900 03/07/1976
5.100 5.100 5.100 5.600 5.600 5.100 5.000 5.100 5.400 5.600 5.100 5.100 5.400 5.400 5.600 4.600 4.600 5.400 5.400 5.400 4.700 4.600 5.400 5.400 5.400 4.700 4.600 5.400 5.400 5.400 04/07/1976
3.600 3.500 3.500 3.400 4.000 3.500 3.500 3.500 3.800 4.000 3.500 3.500 3.800 3.800 4.000 3.500 3.300 3.800 3.800 3.800 3.500 3.300 3.800 3.800 3.800 3.500 3.300 3.900 3.900 3.800 05/07/1976
3.000 2.900 2.900 3.300 3.400 2.900 2.900 2.900 3.000 3.400 2.900 2.900 3.000 3.000 3.400 2.400 2.400 3.000 3.000 3.000 2.400 2.400 3.000 3.000 3.000 2.400 2.400 3.000 3.000 3.000 06/07/1976
1.500 1.500 1.500 1.500 1.600 1.500 1.400 1.500 1.500 1.600 1.500 1.500 1.600 1.500 1.600 1.500 1.800 1.600 1.500 1.500 1.500 1.800 1.500 1.600 1.600 1.400 1.800 1.600 1.600 1.500 07/07/1976
2.300 2.300 2.300 2.100 2.600 2.200 2.200 2.200 2.800 2.600 2.200 2.200 2.800 2.800 2.600 3.100 3.500 2.800 2.800 2.800 3.200 3.500 2.800 2.800 2.900 3.200 3.600 2.900 2.900 2.800 08/07/1976
3.600 3.500 3.500 2.600 3.100 3.500 3.500 3.500 3.800 3.200 3.500 3.500 3.800 3.700 3.200 4.000 4.300 3.800 3.700 3.700 4.000 4.200 3.800 3.800 3.800 4.000 4.300 3.900 3.800 3.700 09/07/1976
4.900 4.900 4.900 4.800 4.900 4.900 4.900 4.900 4.900 4.900 4.900 4.900 4.900 4.900 5.000 5.100 5.200 4.900 4.800 4.800 5.100 5.200 4.900 4.900 4.900 5.100 5.200 4.900 4.900 4.800 10/07/1976
2.200 2.200 2.200 2.000 2.300 2.100 2.100 2.100 2.600 2.300 2.100 2.100 2.600 2.600 2.300 2.500 3.200 2.600 2.600 2.600 2.600 3.200 2.600 2.600 2.600 2.600 3.200 2.700 2.700 2.600 11/07/1976
4.700 4.700 4.700 4.100 4.600 4.600 4.600 4.600 4.800 4.700 4.600 4.600 4.800 4.800 4.700 4.600 4.600 4.800 4.700 4.800 4.600 4.600 4.800 4.800 4.800 4.700 4.700 4.800 4.800 4.700 12/07/1976
4.500 4.500 4.500 3.600 4.000 4.500 4.400 4.500 4.400 4.000 4.500 4.500 4.500 4.400 4.100 4.200 3.900 4.500 4.400 4.400 4.200 3.900 4.400 4.500 4.500 4.300 3.900 4.500 4.500 4.400 13/07/1976
3.600 3.500 3.500 3.000 3.300 3.500 3.500 3.500 3.700 3.300 3.500 3.500 3.700 3.700 3.400 3.900 4.100 3.700 3.700 3.700 3.900 4.100 3.700 3.700 3.700 4.000 4.200 3.800 3.800 3.700 14/07/1976
6.100 6.000 6.000 5.900 5.900 6.000 5.900 6.000 6.200 5.900 6.000 6.000 6.200 6.200 5.900 6.800 6.700 6.200 6.100 6.200 6.800 6.700 6.200 6.200 6.200 6.800 6.700 6.200 6.200 6.200 15/07/1976
3.200 3.200 3.100 3.900 4.000 3.100 3.100 3.100 4.200 4.000 3.100 3.100 4.200 4.100 4.100 2.500 3.200 4.200 4.100 4.100 2.600 3.200 4.200 4.200 4.200 2.600 3.200 4.300 4.300 4.100 16/07/1976
1.400 1.400 1.400 1.300 1.200 1.300 1.300 1.300 1.400 1.200 1.300 1.300 1.400 1.400 1.300 1.600 1.600 1.400 1.400 1.400 1.600 1.600 1.400 1.400 1.400 1.700 1.600 1.500 1.500 1.400 17/07/1976
3.500 3.500 3.500 3.500 2.300 3.400 3.400 3.400 3.300 2.400 3.400 3.400 3.300 3.200 2.400 3.500 3.500 3.300 3.200 3.200 3.500 3.500 3.300 3.300 3.300 3.600 3.500 3.300 3.300 3.200 18/07/1976
3.800 3.700 3.700 3.300 3.600 3.700 3.600 3.700 3.700 3.600 3.700 3.700 3.700 3.700 3.600 3.800 3.800 3.700 3.700 3.700 3.800 3.800 3.700 3.800 3.800 3.800 3.800 3.800 3.800 3.700 19/07/1976
3.400 3.400 3.400 3.500 3.400 3.400 3.300 3.400 3.700 3.400 3.400 3.400 3.700 3.600 3.500 3.300 3.300 3.700 3.600 3.600 3.300 3.300 3.600 3.700 3.700 3.400 3.300 3.700 3.700 3.600 20/07/1976
4.000 4.000 4.000 3.800 4.000 4.000 3.900 4.000 4.300 4.100 4.000 4.000 4.300 4.300 4.200 4.800 5.100 4.300 4.200 4.300 4.900 5.100 4.300 4.400 4.400 4.900 5.100 4.400 4.400 4.200 21/07/1976
4.600 4.600 4.600 4.200 4.700 4.600 4.500 4.600 4.700 4.800 4.600 4.600 4.700 4.700 4.800 4.900 4.700 4.700 4.700 4.700 4.900 4.700 4.700 4.700 4.700 4.900 4.800 4.700 4.700 4.700 22/07/1976
5.000 5.000 5.000 4.900 5.000 5.000 5.000 5.000 5.000 5.000 5.000 5.000 5.000 5.000 5.000 5.800 5.900 5.000 5.000 5.000 5.800 5.900 5.000 5.000 5.000 5.800 5.900 5.000 5.000 5.000 23/07/1976
5.700 5.700 5.700 5.200 5.500 5.700 5.700 5.700 5.600 5.500 5.700 5.700 5.600 5.600 5.500 5.700 5.700 5.600 5.600 5.600 5.700 5.700 5.600 5.600 5.600 5.700 5.700 5.600 5.600 5.600 24/07/1976
6.000 6.000 6.000 5.900 5.900 6.000 6.000 6.000 5.800 5.900 6.000 6.000 5.900 5.800 5.900 6.200 5.700 5.900 5.800 5.800 6.200 5.700 5.800 5.900 5.900 6.200 5.700 5.900 5.900 5.800 25/07/1976
5.200 5.200 5.200 4.900 5.400 5.200 5.100 5.200 5.700 5.400 5.200 5.200 5.700 5.600 5.500 5.900 5.500 5.700 5.600 5.600 5.900 5.500 5.700 5.700 5.700 6.000 5.600 5.800 5.800 5.600 26/07/1976
4.600 4.600 4.600 4.400 5.000 4.600 4.600 4.600 4.400 5.100 4.600 4.600 4.400 4.400 5.100 5.100 5.100 4.400 4.400 4.400 5.100 5.000 4.400 4.400 4.400 5.100 5.100 4.500 4.500 4.400 27/07/1976
5.500 5.400 5.400 5.700 5.800 5.400 5.300 5.400 5.800 5.900 5.400 5.400 5.800 5.800 5.900 5.700 5.700 5.800 5.800 5.800 5.700 5.700 5.800 5.800 5.800 5.700 5.800 5.900 5.900 5.800 28/07/1976
5.600 5.600 5.500 5.200 5.900 5.500 5.500 5.500 5.900 5.900 5.500 5.500 5.900 5.800 5.900 5.900 6.000 5.900 5.800 5.800 5.900 6.000 5.900 5.900 5.900 5.900 6.000 5.900 5.900 5.800 29/07/1976
4.800 4.800 4.800 4.700 4.700 4.800 4.800 4.800 4.500 4.700 4.800 4.800 4.500 4.500 4.800 5.000 5.000 4.500 4.500 4.500 5.000 5.000 4.500 4.500 4.500 5.100 5.000 4.500 4.500 4.500 30/07/1976
3.600 3.600 3.600 2.600 3.000 3.600 3.500 3.600 3.100 3.000 3.600 3.600 3.100 3.100 3.000 4.000 3.800 3.100 3.100 3.100 4.000 3.800 3.100 3.100 3.100 4.000 3.800 3.200 3.200 3.100 31/07/1976
