# 6448 6449 6450 6451 6452 6528 6529 6530 6531 6532 6610 6611 6612 6613 6614 6693 6694 6695 6696 6697 6776 6777 6778 6779 6780 6859 6860 6861 6862 6863 Date
4.000 4.000 4.000 4.100 4.000 4.000 4.000 4.000 4.000 4.000 4.000 4.000 4.000 4.000 4.000 4.800 5.200 4.000 4.000 4.000 4.900 5.200 4.000 4.000 4.000 5.000 5.200 3.900 3.900 4.000 01/08/2006
2.000 2.000 2.000 1.800 1.900 2.000 1.900 2.000 1.500 1.900 2.000 2.000 1.500 1.500 1.900 1.500 1.800 1.500 1.500 1.500 1.600 1.800 1.500 1.500 1.500 1.600 1.800 1.500 1.500 1.500 02/08/2006
4.500 4.500 4.500 4.100 4.400 4.500 4.400 4.500 4.500 4.400 4.500 4.500 4.500 4.500 4.500 4.700 4.700 4.500 4.400 4.400 4.700 4.700 4.500 4.500 4.500 4.800 4.800 4.600 4.600 4.400 03/08/2006
4.300 4.300 4.200 3.300 3.000 4.200 4.100 4.200 3.800 3.000 4.200 4.200 3.800 3.800 3.100 3.000 4.600 3.800 3.800 3.800 3.000 4.500 3.800 3.900 3.900 3.000 4.600 3.900 3.900 3.800 04/08/2006
4.800 4.700 4.700 4.700 4.700 4.700 4.600 4.700 4.800 4.700 4.700 4.700 4.800 4.800 4.700 4.800 5.200 4.800 4.800 4.800 4.800 5.200 4.800 4.800 4.800 4.900 5.200 4.900 4.900 4.800 05/08/2006
5.200 5.200 5.200 3.600 3.200 5.200 5.200 5.200 4.100 3.300 5.200 5.200 4.100 4.100 3.300 4.000 4.700 4.100 4.100 4.100 4.000 4.700 4.100 4.100 4.100 4.000 4.800 4.100 4.100 4.100 06/08/2006
5.400 5.400 5.400 4.500 4.400 5.500 5.500 5.500 5.200 4.400 5.500 5.500 5.300 5.200 4.500 5.000 5.500 5.200 5.200 5.200 5.000 5.500 5.200 5.300 5.300 5.000 5.500 5.300 5.300 5.200 07/08/2006
5.400 5.400 5.300 5.200 5.000 5.300 5.200 5.300 5.500 5.000 5.300 5.300 5.500 5.400 5.100 5.100 5.900 5.500 5.400 5.400 5.100 5.900 5.500 5.500 5.500 5.200 5.900 5.500 5.500 5.400 08/08/2006
4.600 4.600 4.600 3.600 4.800 4.500 4.500 4.500 5.100 4.800 4.500 4.500 5.100 5.100 4.800 4.800 4.700 5.100 5.100 5.100 4.800 4.700 5.100 5.100 5.100 4.800 4.800 5.100 5.100 5.100 09/08/2006
5.200 5.200 5.200 5.300 5.500 5.100 5.100 5.100 5.400 5.500 5.100 5.100 5.500 5.400 5.500 6.100 6.000 5.400 5.400 5.400 6.100 6.000 5.400 5.500 5.500 6.200 6.000 5.500 5.500 5.400 10/08/2006
4.700 4.700 4.700 2.900 3.000 4.600 4.500 4.600 3.700 3.100 4.600 4.600 3.700 3.700 3.100 3.500 3.900 3.700 3.700 3.700 3.500 3.900 3.700 3.700 3.700 3.600 4.000 3.800 3.700 3.700 11/08/2006
3.900 3.900 3.900 3.800 3.900 3.900 3.800 3.900 4.100 3.900 3.900 3.900 4.100 4.100 4.000 4.100 4.200 4.100 4.000 4.000 4.200 4.200 4.100 4.100 4.100 4.200 4.200 4.200 4.200 4.000 12/08/2006
3.700 3.700 3.700 3.500 3.100 3.600 3.600 3.600 3.500 3.200 3.600 3.600 3.500 3.500 3.200 3.400 3.700 3.500 3.500 3.500 3.500 3.600 3.500 3.600 3.600 3.500 3.700 3.600 3.600 3.500 13/08/2006
3.600 3.600 3.600 3.400 3.200 3.500 3.500 3.500 3.500 3.300 3.500 3.500 3.600 3.500 3.300 2.900 3.900 3.600 3.500 3.500 2.900 3.900 3.500 3.600 3.600 3.000 3.900 3.600 3.600 3.500 14/08/2006
4.400 4.400 4.400 3.600 3.100 4.300 4.300 4.300 3.400 3.200 4.400 4.400 3.400 3.400 3.200 2.600 2.900 3.400 3.300 3.300 2.600 2.900 3.400 3.400 3.400 2.700 2.900 3.500 3.500 3.300 15/08/2006
2.900 2.800 2.800 3.000 2.500 2.800 2.800 2.800 2.200 2.600 2.800 2.800 2.200 2.200 2.600 2.000 2.000 2.200 2.200 2.200 2.000 2.000 2.200 2.200 2.200 2.100 2.000 2.300 2.200 2.200 16/08/2006
3.700 3.700 3.700 2.600 1.700 3.600 3.600 3.600 2.200 1.700 3.700 3.700 2.200 2.200 1.800 1.800 2.400 2.200 2.200 2.200 1.800 2.400 2.200 2.200 2.200 1.900 2.400 2.200 2.200 2.200 17/08/2006
3.900 3.900 3.900 3.800 3.800 3.800 3.800 3.800 4.000 3.800 3.800 3.800 4.000 4.000 3.900 2.400 3.500 4.000 4.000 4.000 2.500 3.400 4.000 4.000 4.000 2.500 3.500 4.100 4.100 4.000 18/08/2006
3.000 3.000 3.000 2.700 3.100 2.900 2.900 2.900 3.600 3.100 3.000 3.000 3.600 3.500 3.100 2.900 3.300 3.600 3.500 3.500 3.000 3.300 3.600 3.600 3.600 3.000 3.300 3.600 3.600 3.500 19/08/2006
2.800 2.800 2.800 2.600 2.800 2.700 2.700 2.700 3.000 2.800 2.700 2.700 3.000 3.000 2.800 2.900 3.000 3.000 2.900 2.900 3.000 3.000 3.000 3.000 3.000 3.000 3.100 3.100 3.100 2.900 20/08/2006
4.000 3.900 3.900 3.500 3.300 3.900 3.800 3.900 3.400 3.300 3.900 3.900 3.400 3.400 3.400 3.800 3.700 3.400 3.400 3.400 3.800 3.700 3.400 3.400 3.400 3.900 3.700 3.500 3.500 3.400 21/08/2006
4.400 4.300 4.300 3.900 3.800 4.300 4.200 4.300 4.300 3.800 4.300 4.300 4.400 4.300 3.800 4.400 4.400 4.300 4.300 4.300 4.400 4.400 4.300 4.400 4.400 4.500 4.400 4.400 4.400 4.300 22/08/2006
4.600 4.500 4.500 3.400 3.600 4.500 4.400 4.500 4.300 3.700 4.500 4.500 4.300 4.200 3.800 3.500 4.600 4.300 4.200 4.200 3.500 4.600 4.300 4.300 4.300 3.600 4.600 4.400 4.400 4.200 23/08/2006
4.300 4.300 4.300 3.900 4.000 4.200 4.100 4.200 4.300 4.000 4.200 4.200 4.300 4.300 4.100 3.900 4.400 4.300 4.300 4.300 3.900 4.400 4.300 4.400 4.400 4.000 4.500 4.400 4.400 4.300 24/08/2006
2.800 2.800 2.800 1.300 1.200 2.700 2.700 2.700 1.700 1.200 2.700 2.700 1.700 1.600 1.200 2.300 3.200 1.700 1.600 1.600 2.300 3.200 1.700 1.700 1.700 2.400 3.300 1.700 1.700 1.600 25/08/2006
3.900 3.900 3.800 3.600 3.600 3.800 3.700 3.800 3.400 3.600 3.800 3.800 3.500 3.400 3.700 2.700 3.900 3.400 3.400 3.400 2.700 3.800 3.400 3.500 3.500 2.800 3.900 3.500 3.500 3.400 26/08/2006
3.600 3.600 3.600 2.900 2.500 3.600 3.600 3.600 2.900 2.600 3.600 3.600 2.900 2.900 2.600 3.300 3.300 2.900 2.900 2.900 3.400 3.300 2.900 3.000 3.000 3.400 3.300 3.000 3.000 2.900 27/08/2006
2.900 2.900 2.800 2.200 2.300 2.800 2.700 2.800 2.300 2.300 2.800 2.800 2.300 2.300 2.300 2.900 3.000 2.300 2.200 2.200 3.000 3.000 2.300 2.300 2.300 3.000 3.000 2.300 2.300 2.200 28/08/2006
1.800 1.800 1.700 1.300 1.200 1.700 1.600 1.700 1.600 1.200 1.700 1.700 1.700 1.600 1.200 2.000 2.100 1.600 1.600 1.600 2.000 2.000 1.600 1.700 1.700 2.100 2.100 1.700 1.700 1.600 29/08/2006
3.800 3.800 3.800 3.400 3.100 3.800 3.700 3.800 3.700 3.100 3.800 3.800 3.700 3.700 3.200 3.600 4.000 3.700 3.600 3.700 3.600 3.900 3.700 3.700 3.700 3.700 4.000 3.800 3.800 3.600 30/08/2006
4.500 4.500 4.500 4.700 4.200 4.500 4.400 4.500 4.500 4.200 4.500 4.500 4.600 4.500 4.200 4.600 4.700 4.500 4.500 4.500 4.600 4.700 4.500 4.600 4.600 4.700 4.700 4.600 4.600 4.500 31/08/2006
5.100 5.100 5.100 5.200 5.000 5.100 5.100 5.100 5.100 5.000 5.100 5.100 5.100 5.100 5.000 5.000 5.000 5.100 5.100 5.100 5.000 5.000 5.100 5.100 5.100 5.000 5.000 5.100 5.100 5.100 01/09/2006
3.400 3.300 3.300 2.900 2.800 3.300 3.200 3.300 2.500 2.800 3.300 3.300 2.500 2.400 2.800 2.800 2.600 2.500 2.400 2.400 2.800 2.600 2.500 2.500 2.500 2.900 2.600 2.500 2.500 2.400 02/09/2006
3.800 3.700 3.700 3.500 3.100 3.700 3.600 3.700 3.600 3.200 3.700 3.700 3.600 3.600 3.200 3.800 3.700 3.600 3.500 3.500 3.900 3.700 3.600 3.600 3.600 3.900 3.800 3.700 3.700 3.500 03/09/2006
4.800 4.800 4.700 4.400 4.500 4.700 4.700 4.700 4.900 4.500 4.700 4.700 4.900 4.900 4.500 5.000 5.000 4.900 4.800 4.800 5.100 5.000 4.900 4.900 4.900 5.200 5.000 5.000 5.000 4.800 04/09/2006
5.100 5.000 5.000 4.900 4.700 4.900 4.800 4.900 5.000 4.700 4.900 5.000 5.100 5.000 4.800 4.600 4.700 5.000 5.000 5.000 4.700 4.700 5.000 5.100 5.100 4.700 4.700 5.100 5.100 5.000 05/09/2006
5.100 5.100 5.100 4.700 4.600 5.000 4.900 5.000 5.100 4.600 5.000 5.000 5.200 5.100 4.700 5.100 5.100 5.200 5.100 5.100 5.100 5.100 5.100 5.200 5.200 5.200 5.200 5.200 5.200 5.100 06/09/2006
5.300 5.300 5.300 3.500 3.100 5.200 5.200 5.200 3.600 3.100 5.200 5.200 3.600 3.600 3.200 4.000 3.700 3.600 3.600 3.600 4.000 3.700 3.600 3.700 3.700 4.000 3.700 3.700 3.700 3.600 07/09/2006
5.400 5.400 5.400 4.100 3.700 5.400 5.300 5.400 4.600 3.800 5.400 5.400 4.600 4.600 3.800 4.200 4.600 4.600 4.500 4.500 4.200 4.600 4.600 4.600 4.600 4.200 4.600 4.700 4.700 4.500 08/09/2006
4.800 4.800 4.700 3.300 3.200 4.700 4.700 4.700 4.000 3.300 4.700 4.700 4.000 3.900 3.300 4.100 4.100 4.000 3.900 3.900 4.100 4.100 4.000 4.000 4.000 4.200 4.100 4.000 4.000 3.900 09/09/2006
3.500 3.500 3.500 2.300 1.800 3.500 3.500 3.500 2.900 1.800 3.500 3.500 2.900 2.900 1.800 3.500 3.300 2.900 2.900 2.900 3.500 3.300 2.900 2.900 2.900 3.500 3.300 2.900 2.900 2.900 10/09/2006
4.400 4.400 4.400 3.000 3.300 4.400 4.400 4.400 3.700 3.300 4.400 4.400 3.700 3.700 3.300 2.600 3.200 3.700 3.700 3.700 2.600 3.200 3.700 3.800 3.800 2.600 3.300 3.800 3.800 3.700 11/09/2006
3.600 3.600 3.600 2.900 2.400 3.600 3.500 3.600 2.800 2.400 3.600 3.600 2.800 2.800 2.500 2.800 2.400 2.800 2.800 2.800 2.800 2.400 2.800 2.900 2.900 2.900 2.400 2.900 2.900 2.800 12/09/2006
3.700 3.700 3.600 3.700 3.500 3.600 3.600 3.600 3.700 3.500 3.600 3.600 3.700 3.700 3.600 2.800 2.800 3.700 3.600 3.700 2.800 2.800 3.700 3.700 3.700 2.900 2.800 3.800 3.800 3.600 13/09/2006
0.800 0.800 0.800 0.800 0.600 0.800 0.800 0.800 0.700 0.600 0.800 0.800 0.700 0.700 0.600 0.500 0.700 0.700 0.600 0.700 0.500 0.700 0.700 0.700 0.700 0.500 0.700 0.700 0.700 0.600 14/09/2006
0.900 0.900 0.900 0.700 0.900 0.900 0.900 0.900 0.900 0.900 0.900 0.900 0.900 0.900 0.800 1.200 2.000 0.900 0.900 0.900 1.200 2.000 0.900 0.900 0.900 1.200 2.000 0.900 0.900 0.900 15/09/2006
0.900 0.900 0.900 0.900 0.900 0.900 0.900 0.900 0.800 0.900 0.900 0.900 0.800 0.800 0.900 0.800 0.800 0.800 0.800 0.800 0.800 0.800 0.800 0.800 0.800 0.900 0.800 0.800 0.800 0.800 16/09/2006
2.400 2.300 2.300 2.500 2.600 2.300 2.300 2.300 2.900 2.600 2.300 2.300 2.900 2.900 2.600 2.800 2.900 2.900 2.900 2.900 2.800 2.900 2.900 2.900 2.900 2.900 3.000 3.000 3.000 2.900 17/09/2006
3.400 3.400 3.400 2.500 2.500 3.300 3.300 3.300 3.100 2.600 3.300 3.400 3.200 3.100 2.600 3.200 3.300 3.100 3.100 3.100 3.200 3.300 3.100 3.200 3.200 3.300 3.300 3.200 3.200 3.100 18/09/2006
2.900 2.900 2.800 2.300 2.200 2.800 2.800 2.800 2.600 2.300 2.800 2.800 2.600 2.600 2.300 2.800 3.000 2.600 2.600 2.600 2.800 3.000 2.600 2.600 2.600 2.900 3.000 2.600 2.600 2.600 19/09/2006
4.400 4.400 4.400 4.100 3.700 4.400 4.400 4.400 4.100 3.700 4.400 4.400 4.100 4.000 3.800 3.800 3.800 4.100 4.000 4.000 3.800 3.800 4.100 4.100 4.100 3.800 3.900 4.100 4.100 4.000 20/09/2006
5.600 5.600 5.600 5.200 4.600 5.600 5.500 5.600 5.500 4.700 5.600 5.600 5.600 5.500 4.700 4.600 4.800 5.500 5.500 5.500 4.700 4.800 5.500 5.600 5.600 4.700 4.800 5.600 5.600 5.500 21/09/2006
2.600 2.600 2.600 2.300 1.900 2.500 2.500 2.500 2.500 1.900 2.500 2.500 2.600 2.500 2.000 2.700 2.900 2.500 2.500 2.500 2.700 2.900 2.500 2.600 2.600 2.800 2.900 2.600 2.600 2.500 22/09/2006
2.900 2.900 2.900 2.000 1.700 2.800 2.800 2.800 1.600 1.700 2.900 2.900 1.600 1.600 1.700 1.900 1.400 1.600 1.600 1.600 2.000 1.400 1.600 1.600 1.600 2.000 1.400 1.600 1.600 1.600 23/09/2006
2.600 2.500 2.500 1.300 0.900 2.500 2.500 2.500 1.700 1.000 2.500 2.500 1.700 1.700 1.000 2.300 2.200 1.700 1.600 1.600 2.400 2.200 1.700 1.700 1.700 2.400 2.200 1.700 1.700 1.600 24/09/2006
2.900 2.900 2.900 2.400 2.400 2.900 2.800 2.900 2.900 2.400 2.900 2.900 2.900 2.800 2.500 3.400 3.400 2.900 2.800 2.800 3.400 3.400 2.800 2.900 2.900 3.500 3.500 2.900 2.900 2.800 25/09/2006
2.700 2.700 2.700 2.800 2.700 2.600 2.500 2.600 2.800 2.700 2.600 2.600 2.900 2.800 2.700 3.200 3.200 2.900 2.800 2.800 3.200 3.200 2.800 2.900 2.900 3.300 3.200 2.900 2.900 2.800 26/09/2006
3.500 3.400 3.400 2.800 2.400 3.400 3.400 3.400 2.700 2.400 3.400 3.400 2.800 2.700 2.500 2.600 2.800 2.700 2.700 2.700 2.700 2.800 2.700 2.800 2.800 2.700 2.800 2.800 2.800 2.700 27/09/2006
2.500 2.400 2.400 1.100 1.100 2.400 2.300 2.400 1.600 1.100 2.400 2.400 1.600 1.500 1.100 1.300 1.700 1.600 1.500 1.500 1.300 1.700 1.600 1.600 1.600 1.400 1.700 1.700 1.700 1.500 28/09/2006
2.700 2.700 2.700 2.300 2.000 2.600 2.600 2.600 2.200 2.000 2.600 2.600 2.200 2.200 2.100 1.800 2.300 2.200 2.200 2.200 1.800 2.300 2.200 2.300 2.300 1.800 2.300 2.300 2.300 2.200 29/09/2006
1.800 1.800 1.700 1.200 0.700 1.700 1.700 1.700 1.200 0.800 1.700 1.700 1.200 1.200 0.800 1.500 1.500 1.200 1.200 1.200 1.600 1.500 1.200 1.200 1.200 1.700 1.500 1.200 1.200 1.200 30/09/2006
3.200 3.200 3.200 2.600 2.600 3.200 3.100 3.200 2.800 2.700 3.200 3.200 2.800 2.800 2.700 2.900 2.800 2.800 2.800 2.800 2.900 2.800 2.800 2.900 2.900 3.000 2.800 2.900 2.900 2.800 01/10/2006
2.000 2.000 2.000 1.300 1.500 2.000 1.900 2.000 1.600 1.500 2.000 2.000 1.600 1.600 1.500 1.600 1.800 1.600 1.600 1.600 1.600 1.800 1.600 1.600 1.600 1.600 1.800 1.600 1.600 1.600 02/10/2006
1.300 1.300 1.300 0.700 1.100 1.300 1.200 1.300 1.300 1.100 1.300 1.300 1.300 1.300 1.100 1.500 1.900 1.300 1.300 1.300 1.500 1.800 1.300 1.300 1.300 1.600 1.900 1.300 1.300 1.300 03/10/2006
2.000 2.000 2.000 2.000 2.000 1.900 1.900 1.900 1.900 2.000 1.900 1.900 1.900 1.900 2.000 2.200 2.100 1.900 1.900 1.900 2.300 2.100 1.900 2.000 2.000 2.300 2.100 2.000 2.000 1.900 04/10/2006
1.600 1.500 1.500 1.100 1.200 1.500 1.500 1.500 1.100 1.200 1.500 1.500 1.100 1.100 1.200 1.000 1.000 1.100 1.100 1.100 1.000 1.000 1.100 1.100 1.100 1.000 1.000 1.100 1.100 1.100 05/10/2006
2.400 2.400 2.400 1.700 1.600 2.400 2.300 2.400 1.600 1.600 2.400 2.400 1.600 1.600 1.600 2.100 1.800 1.600 1.600 1.600 2.100 1.800 1.600 1.600 1.600 2.100 1.800 1.600 1.600 1.600 06/10/2006
2.700 2.700 2.700 2.300 2.100 2.700 2.700 2.700 2.100 2.100 2.700 2.700 2.200 2.100 2.100 2.400 2.300 2.100 2.100 2.100 2.400 2.300 2.100 2.200 2.200 2.500 2.300 2.200 2.200 2.100 07/10/2006
2.600 2.600 2.500 1.700 1.700 2.500 2.500 2.500 2.300 1.700 2.500 2.500 2.300 2.300 1.700 2.100 2.200 2.300 2.300 2.300 2.200 2.200 2.300 2.300 2.300 2.300 2.200 2.400 2.400 2.300 08/10/2006
2.400 2.400 2.400 2.000 1.500 2.400 2.400 2.400 2.100 1.600 2.400 2.400 2.100 2.100 1.600 2.400 2.500 2.100 2.100 2.100 2.400 2.500 2.100 2.100 2.100 2.400 2.500 2.200 2.200 2.100 09/10/2006
2.800 2.800 2.800 2.700 2.400 2.800 2.700 2.800 2.600 2.400 2.800 2.800 2.600 2.600 2.400 2.600 2.700 2.600 2.600 2.600 2.600 2.700 2.600 2.600 2.600 2.700 2.700 2.600 2.600 2.600 10/10/2006
2.300 2.300 2.300 1.700 1.300 2.300 2.300 2.300 1.500 1.400 2.300 2.300 1.500 1.500 1.400 2.000 1.500 1.500 1.500 1.500 2.000 1.500 1.500 1.500 1.500 2.000 1.500 1.500 1.500 1.500 11/10/2006
2.600 2.600 2.600 1.500 1.300 2.500 2.500 2.500 1.900 1.300 2.500 2.500 1.900 1.900 1.400 2.500 2.500 1.900 1.800 1.900 2.600 2.500 1.900 1.900 2.000 2.700 2.600 2.000 2.000 1.800 12/10/2006
3.000 2.900 2.900 2.600 2.400 2.900 2.800 2.900 2.800 2.500 2.900 2.900 2.800 2.800 2.500 2.600 2.400 2.800 2.800 2.800 2.700 2.300 2.800 2.900 2.900 2.800 2.400 2.900 2.900 2.800 13/10/2006
2.600 2.600 2.500 2.400 2.400 2.500 2.400 2.500 2.700 2.400 2.500 2.500 2.700 2.600 2.500 2.800 2.800 2.700 2.600 2.600 2.900 2.800 2.700 2.700 2.700 2.900 2.800 2.700 2.700 2.600 14/10/2006
3.100 3.200 3.200 2.800 2.500 3.200 3.200 3.200 3.100 2.600 3.200 3.200 3.100 3.100 2.600 3.100 3.200 3.100 3.100 3.100 3.100 3.200 3.100 3.100 3.100 3.100 3.200 3.100 3.100 3.100 15/10/2006
3.800 3.800 3.800 3.500 3.200 3.800 3.800 3.800 3.600 3.200 3.800 3.800 3.600 3.600 3.200 3.300 3.300 3.600 3.600 3.600 3.300 3.300 3.600 3.600 3.600 3.300 3.300 3.600 3.600 3.600 16/10/2006
3.200 3.200 3.200 3.000 2.400 3.200 3.200 3.200 2.800 2.400 3.200 3.200 2.800 2.800 2.400 2.300 2.100 2.800 2.700 2.700 2.300 2.100 2.800 2.800 2.800 2.300 2.100 2.800 2.800 2.700 17/10/2006
2.700 2.700 2.700 2.200 1.700 2.600 2.600 2.600 2.300 1.800 2.700 2.700 2.400 2.300 1.800 2.000 2.000 2.300 2.300 2.300 2.000 2.000 2.300 2.400 2.400 2.100 2.000 2.400 2.400 2.300 18/10/2006
2.000 2.000 2.000 1.300 1.300 2.000 1.900 2.000 1.600 1.300 2.000 2.000 1.600 1.600 1.400 1.400 1.400 1.600 1.600 1.600 1.400 1.400 1.600 1.600 1.600 1.500 1.500 1.700 1.600 1.600 19/10/2006
0.900 0.900 0.900 0.600 0.600 0.900 0.900 0.900 0.400 0.600 0.900 0.900 0.400 0.400 0.600 0.700 0.500 0.400 0.400 0.400 0.700 0.500 0.400 0.400 0.400 0.700 0.500 0.400 0.400 0.400 20/10/2006
1.000 1.000 1.000 1.300 1.300 1.000 1.000 1.000 1.400 1.300 1.000 1.000 1.400 1.400 1.300 1.100 1.400 1.400 1.400 1.400 1.200 1.400 1.400 1.400 1.400 1.300 1.400 1.500 1.500 1.400 21/10/2006
2.400 2.400 2.400 1.900 1.500 2.300 2.300 2.300 1.800 1.500 2.300 2.300 1.800 1.700 1.500 1.700 1.600 1.800 1.700 1.700 1.800 1.600 1.800 1.800 1.800 1.900 1.700 1.800 1.800 1.700 22/10/2006
2.200 2.200 2.200 1.800 1.400 2.200 2.200 2.200 1.700 1.400 2.200 2.200 1.700 1.700 1.500 1.900 1.800 1.700 1.600 1.700 1.900 1.800 1.700 1.700 1.700 2.000 1.800 1.800 1.800 1.600 23/10/2006
2.400 2.300 2.300 2.100 2.000 2.300 2.200 2.300 2.100 2.000 2.300 2.300 2.200 2.100 2.100 2.000 2.200 2.100 2.100 2.100 2.000 2.100 2.100 2.200 2.200 2.100 2.200 2.200 2.200 2.100 24/10/2006
3.100 3.100 3.100 2.700 2.300 3.000 3.000 3.000 2.500 2.300 3.100 3.100 2.500 2.500 2.300 2.300 2.200 2.500 2.500 2.500 2.300 2.200 2.500 2.500 2.500 2.200 2.300 2.600 2.500 2.500 25/10/2006
2.500 2.500 2.400 1.900 1.500 2.400 2.400 2.400 1.800 1.500 2.400 2.400 1.800 1.700 1.600 1.500 1.500 1.800 1.700 1.700 1.500 1.500 1.800 1.800 1.800 1.500 1.500 1.800 1.800 1.700 26/10/2006
2.400 2.400 2.400 2.200 1.800 2.300 2.300 2.300 2.300 1.800 2.300 2.400 2.300 2.200 1.900 2.300 2.200 2.300 2.200 2.200 2.400 2.200 2.300 2.300 2.300 2.400 2.300 2.400 2.300 2.200 27/10/2006
2.600 2.600 2.500 1.700 1.600 2.500 2.400 2.500 2.200 1.600 2.500 2.500 2.200 2.200 1.700 2.300 2.200 2.200 2.100 2.100 2.400 2.200 2.200 2.200 2.200 2.500 2.300 2.300 2.300 2.100 28/10/2006
2.400 2.400 2.400 2.000 1.900 2.300 2.300 2.300 2.400 1.900 2.300 2.300 2.400 2.400 2.000 2.400 2.300 2.400 2.300 2.300 2.500 2.300 2.400 2.400 2.400 2.500 2.400 2.400 2.400 2.300 29/10/2006
2.400 2.400 2.400 2.000 1.700 2.400 2.400 2.400 2.100 1.700 2.400 2.400 2.100 2.000 1.800 1.900 1.800 2.100 2.000 2.000 2.000 1.800 2.100 2.100 2.100 2.000 1.800 2.100 2.100 2.000 30/10/2006
1.900 1.900 1.900 0.900 0.800 1.800 1.800 1.800 1.200 0.800 1.800 1.800 1.200 1.200 0.900 1.000 1.100 1.200 1.200 1.200 1.000 1.100 1.200 1.200 1.200 1.000 1.100 1.200 1.200 1.200 31/10/2006
1.800 1.800 1.800 1.500 1.300 1.700 1.700 1.700 1.500 1.300 1.800 1.800 1.500 1.500 1.400 1.900 1.900 1.500 1.500 1.500 1.900 1.900 1.500 1.500 1.500 1.900 1.900 1.500 1.500 1.500 01/11/2006
2.000 2.000 2.000 2.000 2.100 1.900 1.900 1.900 2.200 2.100 2.000 2.000 2.200 2.200 2.100 2.100 2.400 2.200 2.200 2.200 2.200 2.400 2.200 2.200 2.200 2.200 2.400 2.200 2.200 2.200 02/11/2006
2.700 2.700 2.700 2.300 2.600 2.700 2.700 2.700 3.000 2.600 2.700 2.700 3.000 3.000 2.500 2.700 2.600 3.000 3.000 3.000 2.700 2.600 3.000 3.000 3.000 2.700 2.600 3.000 3.000 3.000 03/11/2006
2.400 2.400 2.400 2.000 2.100 2.300 2.300 2.300 2.400 2.100 2.300 2.300 2.400 2.400 2.100 2.200 2.200 2.400 2.400 2.400 2.200 2.200 2.400 2.400 2.400 2.200 2.200 2.400 2.400 2.400 04/11/2006
2.200 2.200 2.200 2.200 1.900 2.200 2.200 2.200 2.300 1.900 2.200 2.200 2.300 2.300 1.900 2.100 2.200 2.300 2.300 2.300 2.100 2.200 2.300 2.400 2.400 2.200 2.200 2.400 2.400 2.300 05/11/2006
2.200 2.200 2.200 1.900 1.800 2.200 2.200 2.200 2.200 1.800 2.200 2.200 2.200 2.200 1.700 1.900 2.000 2.200 2.200 2.200 1.900 2.000 2.200 2.200 2.200 1.900 2.100 2.200 2.200 2.200 06/11/2006
2.000 2.000 2.000 1.400 1.200 2.000 2.000 2.000 1.700 1.300 2.000 2.000 1.700 1.700 1.300 1.500 1.600 1.700 1.700 1.700 1.600 1.600 1.700 1.700 1.700 1.600 1.600 1.700 1.700 1.700 07/11/2006
2.400 2.300 2.300 2.000 1.500 2.300 2.300 2.300 1.900 1.600 2.300 2.300 1.900 1.800 1.600 1.900 1.900 1.900 1.800 1.800 2.000 1.900 1.900 1.900 1.900 2.000 2.000 1.900 1.900 1.800 08/11/2006
1.900 1.800 1.800 1.400 1.400 1.800 1.700 1.800 1.700 1.400 1.800 1.800 1.700 1.700 1.400 1.600 1.700 1.700 1.700 1.700 1.600 1.700 1.700 1.700 1.700 1.700 1.700 1.800 1.700 1.700 09/11/2006
1.800 1.800 1.700 1.300 1.500 1.700 1.600 1.700 1.800 1.500 1.700 1.700 1.800 1.800 1.500 1.700 1.900 1.800 1.700 1.700 1.800 1.900 1.800 1.800 1.800 1.900 2.000 1.900 1.900 1.700 10/11/2006
0.600 0.600 0.600 0.500 0.500 0.600 0.600 0.600 0.600 0.500 0.600 0.600 0.600 0.600 0.500 0.600 0.600 0.600 0.600 0.600 0.600 0.600 0.600 0.600 0.600 0.700 0.600 0.600 0.600 0.600 11/11/2006
1.200 1.200 1.200 0.900 0.900 1.200 1.100 1.200 1.100 0.900 1.200 1.200 1.100 1.000 0.900 1.300 1.300 1.100 1.000 1.000 1.300 1.300 1.100 1.100 1.100 1.400 1.300 1.100 1.100 1.000 12/11/2006
0.900 0.900 0.900 0.900 0.700 0.900 0.900 0.900 0.900 0.700 0.900 0.900 0.900 0.900 0.800 0.800 1.000 0.900 0.900 0.900 0.800 1.000 0.900 0.900 0.900 0.800 1.000 0.900 0.900 0.900 13/11/2006
1.500 1.500 1.500 1.200 1.100 1.500 1.400 1.500 1.400 1.100 1.500 1.500 1.400 1.400 1.100 1.500 1.600 1.400 1.400 1.400 1.500 1.600 1.400 1.500 1.500 1.600 1.600 1.500 1.500 1.400 14/11/2006
1.800 1.900 1.900 1.700 1.500 1.900 1.900 1.900 2.100 1.600 1.900 1.900 2.100 2.100 1.600 1.300 1.600 2.100 2.100 2.100 1.300 1.600 2.100 2.100 2.100 1.400 1.600 2.200 2.100 2.100 15/11/2006
1.600 1.600 1.600 1.600 1.900 1.500 1.500 1.500 2.200 1.900 1.600 1.600 2.300 2.200 2.000 1.000 1.400 2.300 2.200 2.200 1.000 1.400 2.200 2.300 2.300 1.100 1.400 2.300 2.300 2.200 16/11/2006
1.300 1.200 1.200 0.900 0.600 1.200 1.100 1.200 0.900 0.600 1.200 1.200 0.900 0.900 0.600 1.100 1.200 0.900 0.900 0.900 1.100 1.200 0.900 1.000 1.000 1.200 1.200 1.000 1.000 0.900 17/11/2006
0.900 0.800 0.800 0.700 0.500 0.800 0.800 0.800 0.700 0.500 0.800 0.800 0.700 0.700 0.500 0.700 0.800 0.700 0.700 0.700 0.800 0.800 0.700 0.700 0.700 0.800 0.800 0.700 0.700 0.700 18/11/2006
0.700 0.600 0.600 0.300 0.000 0.600 0.600 0.600 0.100 0.000 0.600 0.600 0.100 0.100 0.000 0.300 0.200 0.100 0.100 0.100 0.300 0.200 0.100 0.100 0.100 0.400 0.300 0.200 0.200 0.100 19/11/2006
0.600 0.600 0.600 0.500 0.400 0.600 0.600 0.600 0.500 0.400 0.600 0.600 0.500 0.400 0.400 0.600 0.500 0.500 0.400 0.400 0.600 0.500 0.500 0.500 0.500 0.600 0.600 0.500 0.500 0.400 20/11/2006
1.000 0.900 0.900 0.400 0.700 0.900 0.800 0.900 0.900 0.800 0.900 0.900 0.900 0.900 0.800 1.000 0.900 0.900 0.900 0.900 1.100 0.800 0.900 0.900 0.900 1.100 0.900 1.000 1.000 0.900 21/11/2006
0.600 0.600 0.600 0.700 0.700 0.600 0.600 0.600 0.700 0.700 0.600 0.600 0.700 0.700 0.700 0.400 0.400 0.700 0.700 0.700 0.400 0.400 0.700 0.700 0.700 0.500 0.400 0.700 0.700 0.700 22/11/2006
1.400 1.400 1.400 0.700 0.700 1.300 1.300 1.300 0.900 0.700 1.300 1.300 0.900 0.900 0.800 1.700 1.600 0.900 0.900 0.900 1.800 1.600 0.900 1.000 1.000 1.800 1.700 1.000 1.000 0.900 23/11/2006
1.000 1.000 1.000 1.200 1.000 1.000 1.000 1.000 1.100 1.000 1.000 1.000 1.100 1.100 1.000 0.900 1.000 1.100 1.100 1.100 0.900 1.000 1.100 1.100 1.100 1.000 1.000 1.100 1.100 1.100 24/11/2006
1.300 1.200 1.200 1.000 0.900 1.200 1.200 1.200 1.000 0.900 1.200 1.200 1.000 1.000 0.900 1.100 1.100 1.000 1.000 1.000 1.100 1.100 1.000 1.100 1.100 1.100 1.100 1.100 1.100 1.000 25/11/2006
1.600 1.600 1.600 1.400 0.700 1.600 1.500 1.600 1.000 0.700 1.600 1.600 1.000 1.000 0.800 1.400 1.300 1.000 1.000 1.000 1.400 1.200 1.000 1.000 1.000 1.500 1.300 1.100 1.100 1.000 26/11/2006
1.500 1.500 1.400 1.100 0.700 1.400 1.300 1.400 0.900 0.700 1.400 1.400 1.000 0.900 0.800 1.100 1.000 1.000 0.900 0.900 1.100 1.000 0.900 1.000 1.000 1.200 1.100 1.000 1.000 0.900 27/11/2006
1.000 1.000 1.000 0.700 0.400 0.900 0.900 0.900 0.500 0.400 0.900 0.900 0.600 0.500 0.400 0.500 0.500 0.500 0.500 0.500 0.500 0.500 0.500 0.600 0.600 0.500 0.500 0.600 0.600 0.500 28/11/2006
0.700 0.700 0.700 0.600 0.300 0.700 0.600 0.700 0.300 0.300 0.700 0.700 0.400 0.300 0.300 0.800 0.500 0.300 0.300 0.300 0.800 0.500 0.300 0.400 0.400 0.900 0.500 0.400 0.400 0.300 29/11/2006
1.000 1.000 1.000 0.700 0.900 0.900 0.900 0.900 1.200 0.900 0.900 0.900 1.200 1.200 1.000 0.900 1.000 1.200 1.200 1.200 1.000 1.000 1.200 1.200 1.200 1.000 1.000 1.300 1.200 1.200 30/11/2006
1.400 1.300 1.300 0.900 0.600 1.300 1.200 1.300 0.700 0.600 1.300 1.300 0.700 0.700 0.500 0.600 0.700 0.700 0.700 0.700 0.600 0.700 0.700 0.700 0.700 0.600 0.700 0.700 0.700 0.700 01/12/2006
1.200 1.100 1.100 0.900 0.600 1.100 1.100 1.100 0.500 0.600 1.100 1.100 0.500 0.500 0.500 0.700 0.600 0.500 0.500 0.500 0.700 0.500 0.500 0.500 0.500 0.800 0.600 0.500 0.500 0.500 02/12/2006
0.600 0.600 0.600 0.500 0.500 0.600 0.600 0.600 0.700 0.500 0.600 0.600 0.700 0.700 0.600 0.500 0.600 0.700 0.700 0.700 0.500 0.600 0.700 0.700 0.700 0.500 0.600 0.700 0.700 0.700 03/12/2006
0.600 0.600 0.600 0.500 0.600 0.600 0.600 0.600 0.700 0.600 0.600 0.600 0.700 0.700 0.600 0.500 0.600 0.700 0.700 0.700 0.500 0.600 0.700 0.700 0.700 0.500 0.600 0.700 0.700 0.700 04/12/2006
1.700 1.700 1.700 1.600 1.500 1.700 1.600 1.700 1.800 1.500 1.700 1.700 1.800 1.800 1.500 1.700 1.700 1.800 1.800 1.800 1.700 1.700 1.800 1.800 1.800 1.700 1.700 1.800 1.800 1.800 05/12/2006
1.100 1.000 1.000 0.800 0.600 1.000 1.000 1.000 0.800 0.700 1.000 1.000 0.800 0.800 0.700 0.800 1.000 0.800 0.800 0.800 0.800 1.000 0.800 0.800 0.800 0.800 1.000 0.800 0.800 0.800 06/12/2006
0.600 0.600 0.600 0.800 0.500 0.600 0.600 0.600 0.600 0.500 0.600 0.600 0.700 0.600 0.500 0.400 0.500 0.700 0.600 0.600 0.400 0.600 0.600 0.700 0.700 0.400 0.500 0.700 0.700 0.600 07/12/2006
0.700 0.700 0.700 0.700 0.600 0.700 0.700 0.700 0.700 0.600 0.700 0.700 0.700 0.700 0.600 0.600 0.800 0.700 0.700 0.700 0.600 0.800 0.700 0.700 0.700 0.600 0.800 0.700 0.700 0.700 08/12/2006
0.400 0.400 0.300 0.300 0.200 0.300 0.300 0.300 0.300 0.200 0.300 0.300 0.300 0.300 0.200 0.400 0.300 0.300 0.300 0.300 0.400 0.300 0.300 0.300 0.300 0.500 0.400 0.400 0.400 0.300 09/12/2006
0.300 0.300 0.300 0.200 0.100 0.300 0.200 0.300 0.200 0.100 0.300 0.300 0.300 0.200 0.200 0.300 0.300 0.300 0.200 0.200 0.400 0.300 0.200 0.300 0.300 0.400 0.300 0.300 0.300 0.200 10/12/2006
0.800 0.700 0.700 0.600 0.500 0.700 0.700 0.700 0.600 0.500 0.700 0.700 0.600 0.600 0.600 0.400 0.500 0.600 0.600 0.600 0.400 0.500 0.600 0.600 0.600 0.400 0.500 0.700 0.600 0.600 11/12/2006
0.600 0.500 0.500 0.400 0.300 0.500 0.400 0.500 0.400 0.300 0.500 0.500 0.400 0.400 0.400 0.400 0.400 0.400 0.400 0.400 0.500 0.400 0.400 0.400 0.400 0.500 0.400 0.400 0.400 0.400 12/12/2006
0.700 0.700 0.700 0.800 1.000 0.600 0.600 0.600 1.000 1.000 0.600 0.600 1.000 1.000 1.000 0.600 0.600 1.000 1.000 1.000 0.600 0.600 1.000 1.000 1.000 0.700 0.700 1.100 1.100 1.000 13/12/2006
0.900 0.900 0.800 0.900 0.800 0.800 0.800 0.800 1.000 0.800 0.800 0.800 1.000 1.000 0.900 0.600 0.700 1.000 1.000 1.000 0.700 0.700 1.000 1.000 1.000 0.700 0.700 1.100 1.100 1.000 14/12/2006
1.700 1.700 1.700 1.700 1.300 1.700 1.700 1.700 1.700 1.300 1.700 1.700 1.700 1.700 1.300 1.500 1.400 1.700 1.600 1.600 1.500 1.400 1.700 1.700 1.700 1.500 1.400 1.700 1.700 1.600 15/12/2006
0.500 0.500 0.500 0.400 0.200 0.400 0.400 0.400 0.300 0.300 0.500 0.500 0.300 0.300 0.300 0.400 0.400 0.300 0.300 0.300 0.500 0.400 0.300 0.300 0.300 0.500 0.400 0.400 0.400 0.300 16/12/2006
0.800 0.700 0.700 0.600 0.500 0.700 0.600 0.700 0.700 0.500 0.700 0.700 0.700 0.600 0.500 0.700 0.800 0.700 0.600 0.600 0.800 0.800 0.700 0.700 0.700 0.800 0.800 0.700 0.700 0.600 17/12/2006
0.400 0.400 0.300 0.100 0.300 0.300 0.300 0.300 0.400 0.300 0.300 0.300 0.400 0.400 0.300 0.300 0.300 0.400 0.400 0.400 0.300 0.300 0.400 0.400 0.400 0.300 0.300 0.500 0.500 0.400 18/12/2006
0.700 0.700 0.700 0.700 0.800 0.700 0.600 0.700 0.800 0.800 0.700 0.700 0.800 0.800 0.800 0.700 0.800 0.800 0.800 0.800 0.700 0.800 0.800 0.800 0.800 0.800 0.800 0.900 0.900 0.800 19/12/2006
0.900 0.900 0.900 0.900 0.800 0.900 0.900 0.900 0.900 0.800 0.900 0.900 0.900 0.900 0.800 0.900 0.900 0.900 0.900 0.900 0.900 0.900 0.900 0.900 1.000 1.000 0.900 1.000 1.000 0.900 20/12/2006
0.700 0.700 0.700 0.600 0.900 0.700 0.600 0.700 0.900 0.900 0.700 0.700 0.900 0.900 0.900 0.700 0.800 0.900 0.900 0.900 0.700 0.800 0.900 0.900 0.900 0.800 0.800 0.900 0.900 0.900 21/12/2006
0.900 0.800 0.800 0.800 0.500 0.800 0.800 0.800 0.500 0.500 0.800 0.800 0.500 0.500 0.500 0.400 0.300 0.500 0.500 0.500 0.400 0.300 0.500 0.500 0.500 0.500 0.300 0.600 0.600 0.500 22/12/2006
0.300 0.300 0.300 0.300 0.700 0.300 0.300 0.300 0.600 0.800 0.300 0.300 0.600 0.600 0.800 0.200 0.300 0.600 0.600 0.600 0.300 0.300 0.600 0.600 0.600 0.300 0.300 0.600 0.600 0.600 23/12/2006
0.100 0.100 0.100 0.100 0.200 0.100 0.100 0.100 0.200 0.200 0.100 0.100 0.200 0.200 0.200 0.100 0.100 0.200 0.200 0.200 0.100 0.100 0.200 0.200 0.200 0.100 0.100 0.200 0.200 0.200 24/12/2006
0.200 0.200 0.200 0.100 0.200 0.200 0.200 0.200 0.200 0.200 0.200 0.200 0.200 0.200 0.200 0.100 0.100 0.200 0.200 0.200 0.100 0.100 0.200 0.200 0.200 0.100 0.100 0.300 0.200 0.200 25/12/2006
0.400 0.300 0.300 0.200 0.200 0.300 0.300 0.300 0.300 0.300 0.300 0.300 0.300 0.300 0.300 0.200 0.300 0.300 0.300 0.300 0.300 0.300 0.300 0.300 0.300 0.300 0.300 0.400 0.400 0.300 26/12/2006
0.600 0.600 0.600 0.500 0.800 0.600 0.500 0.600 0.800 0.800 0.600 0.600 0.800 0.800 0.800 0.400 0.500 0.800 0.800 0.800 0.500 0.500 0.800 0.800 0.800 0.500 0.500 0.800 0.800 0.800 27/12/2006
1.200 1.200 1.200 1.100 1.200 1.200 1.200 1.200 1.300 1.200 1.200 1.200 1.300 1.300 1.100 1.000 1.100 1.300 1.300 1.300 1.000 1.100 1.300 1.300 1.300 1.000 1.100 1.300 1.300 1.300 28/12/2006
1.100 1.100 1.100 1.100 0.700 1.100 1.100 1.100 0.700 0.700 1.100 1.100 0.700 0.700 0.700 0.900 0.700 0.700 0.700 0.700 0.900 0.700 0.700 0.700 0.700 1.000 0.700 0.700 0.700 0.700 29/12/2006
1.000 1.000 1.000 1.200 0.700 0.900 0.900 0.900 0.700 0.700 1.000 1.000 0.700 0.700 0.600 0.600 0.700 0.700 0.800 0.800 0.700 0.700 0.700 0.700 0.700 0.700 0.700 0.700 0.700 0.800 30/12/2006
0.800 0.800 0.800 0.700 0.500 0.800 0.800 0.800 0.600 0.500 0.800 0.800 0.600 0.600 0.500 0.500 0.600 0.600 0.600 0.600 0.500 0.600 0.600 0.600 0.600 0.500 0.600 0.600 0.600 0.600 31/12/2006
0.900 0.900 0.800 0.600 0.900 0.800 0.700 0.800 0.900 0.900 0.800 0.800 1.000 0.900 0.900 0.900 0.900 0.900 0.900 0.900 0.900 0.900 0.900 1.000 1.000 0.900 0.900 1.000 1.000 0.900 01/01/2007
1.100 1.100 1.100 0.800 0.700 1.000 1.000 1.000 0.900 0.700 1.000 1.000 0.900 0.900 0.700 1.000 0.800 0.900 0.900 0.900 1.000 0.800 0.900 0.900 0.900 1.100 0.800 1.000 1.000 0.900 02/01/2007
0.400 0.400 0.400 0.300 0.200 0.400 0.400 0.400 0.200 0.200 0.400 0.400 0.300 0.200 0.200 0.300 0.300 0.200 0.200 0.200 0.300 0.300 0.200 0.300 0.300 0.400 0.300 0.300 0.300 0.200 03/01/2007
0.700 0.700 0.700 0.600 0.800 0.700 0.600 0.700 0.800 0.800 0.700 0.700 0.800 0.800 0.900 0.800 0.900 0.800 0.800 0.800 0.900 0.900 0.800 0.800 0.800 0.900 0.900 0.800 0.800 0.800 04/01/2007
0.500 0.400 0.400 0.400 0.400 0.400 0.300 0.400 0.300 0.400 0.400 0.400 0.300 0.300 0.500 0.500 0.400 0.300 0.300 0.300 0.600 0.400 0.300 0.300 0.300 0.600 0.400 0.400 0.400 0.300 05/01/2007
0.500 0.500 0.500 0.300 0.500 0.500 0.500 0.500 0.400 0.500 0.500 0.500 0.400 0.400 0.500 0.600 0.700 0.400 0.400 0.400 0.600 0.700 0.400 0.400 0.400 0.600 0.700 0.400 0.400 0.400 06/01/2007
0.400 0.400 0.400 0.300 0.600 0.400 0.300 0.400 0.700 0.600 0.400 0.400 0.700 0.700 0.600 0.600 0.700 0.700 0.700 0.700 0.700 0.700 0.700 0.700 0.700 0.700 0.800 0.700 0.700 0.700 07/01/2007
0.500 0.500 0.400 0.500 0.500 0.400 0.400 0.400 0.400 0.500 0.400 0.400 0.400 0.400 0.500 0.400 0.300 0.400 0.400 0.400 0.400 0.300 0.400 0.400 0.400 0.400 0.300 0.400 0.400 0.400 08/01/2007
1.000 1.000 1.000 0.900 0.500 0.900 0.900 0.900 0.800 0.600 0.900 1.000 0.800 0.700 0.600 0.900 0.800 0.800 0.700 0.700 0.900 0.800 0.800 0.800 0.800 0.900 0.800 0.800 0.800 0.700 09/01/2007
0.900 0.800 0.800 0.800 0.500 0.700 0.700 0.700 0.600 0.500 0.700 0.800 0.600 0.500 0.600 0.500 0.700 0.600 0.500 0.500 0.600 0.600 0.600 0.600 0.600 0.700 0.700 0.600 0.600 0.500 10/01/2007
0.800 0.700 0.700 0.600 0.600 0.700 0.700 0.700 0.900 0.600 0.700 0.700 0.900 0.800 0.700 0.600 0.800 0.900 0.800 0.800 0.700 0.800 0.900 0.900 0.900 0.700 0.900 0.900 0.900 0.800 11/01/2007
0.600 0.600 0.600 0.400 0.500 0.600 0.600 0.600 0.400 0.500 0.600 0.600 0.400 0.400 0.500 0.500 0.600 0.400 0.400 0.400 0.500 0.600 0.400 0.500 0.500 0.500 0.700 0.500 0.500 0.400 12/01/2007
0.400 0.400 0.400 0.300 0.200 0.400 0.400 0.400 0.400 0.300 0.400 0.400 0.400 0.300 0.300 0.500 0.600 0.400 0.300 0.300 0.500 0.600 0.400 0.400 0.400 0.600 0.600 0.400 0.400 0.300 13/01/2007
0.900 0.900 0.900 0.700 0.400 0.800 0.800 0.800 0.500 0.500 0.800 0.800 0.500 0.400 0.500 0.900 0.800 0.500 0.400 0.400 0.900 0.800 0.500 0.500 0.500 1.000 0.900 0.500 0.500 0.400 14/01/2007
0.600 0.600 0.600 0.300 0.500 0.600 0.600 0.600 0.700 0.500 0.600 0.600 0.700 0.700 0.500 0.600 0.700 0.700 0.700 0.700 0.600 0.700 0.700 0.700 0.700 0.600 0.700 0.800 0.800 0.700 15/01/2007
0.400 0.400 0.400 0.300 0.400 0.400 0.300 0.400 0.400 0.400 0.400 0.400 0.400 0.400 0.400 0.500 0.600 0.400 0.400 0.400 0.500 0.600 0.400 0.400 0.400 0.600 0.700 0.500 0.500 0.400 16/01/2007
1.100 1.100 1.100 1.000 0.900 1.100 1.100 1.100 1.000 0.900 1.100 1.100 1.000 1.000 0.900 0.900 1.000 1.000 1.000 1.000 0.900 1.000 1.000 1.000 1.000 0.900 1.000 1.000 1.000 1.000 17/01/2007
0.900 0.900 0.900 0.900 1.400 0.900 0.900 0.900 1.600 1.400 0.900 0.900 1.600 1.600 1.400 1.400 1.900 1.600 1.600 1.600 1.400 1.900 1.600 1.600 1.600 1.400 1.900 1.600 1.600 1.600 18/01/2007
0.800 0.800 0.800 0.500 0.600 0.800 0.700 0.800 0.700 0.600 0.800 0.800 0.700 0.700 0.700 0.700 0.800 0.700 0.700 0.700 0.700 0.800 0.700 0.700 0.700 0.800 0.800 0.800 0.800 0.700 19/01/2007
0.800 0.800 0.800 0.700 0.300 0.700 0.700 0.700 0.700 0.300 0.800 0.800 0.700 0.600 0.400 0.900 0.800 0.700 0.600 0.600 0.900 0.800 0.700 0.700 0.700 1.000 0.800 0.700 0.700 0.600 20/01/2007
1.200 1.100 1.100 0.600 0.500 1.100 1.000 1.100 0.700 0.600 1.100 1.100 0.700 0.700 0.600 0.900 0.800 0.700 0.600 0.700 0.900 0.800 0.700 0.700 0.700 1.000 0.900 0.800 0.800 0.600 21/01/2007
0.700 0.700 0.700 0.600 0.300 0.600 0.600 0.600 0.400 0.300 0.600 0.600 0.400 0.400 0.300 0.400 0.300 0.400 0.400 0.400 0.400 0.300 0.400 0.400 0.400 0.500 0.300 0.400 0.400 0.400 22/01/2007
0.100 0.100 0.100 0.100 0.200 0.100 0.100 0.100 0.200 0.200 0.100 0.100 0.200 0.200 0.200 0.200 0.200 0.200 0.200 0.200 0.200 0.200 0.200 0.200 0.200 0.200 0.300 0.200 0.200 0.200 23/01/2007
0.700 0.700 0.700 0.500 0.400 0.600 0.600 0.600 0.400 0.400 0.700 0.700 0.400 0.400 0.400 0.800 0.700 0.400 0.400 0.400 0.900 0.700 0.400 0.500 0.500 0.900 0.700 0.500 0.500 0.400 24/01/2007
0.800 0.800 0.800 0.700 0.900 0.800 0.800 0.800 1.000 0.900 0.800 0.800 1.000 1.000 0.900 0.700 0.800 1.000 1.000 1.000 0.700 0.800 1.000 1.000 1.000 0.700 0.800 1.100 1.100 1.000 25/01/2007
0.700 0.700 0.700 0.700 0.800 0.700 0.700 0.700 0.900 0.800 0.700 0.700 1.000 0.900 0.800 0.700 0.800 0.900 0.900 0.900 0.800 0.800 0.900 1.000 1.000 0.800 0.800 1.000 1.000 0.900 26/01/2007
0.800 0.800 0.800 0.700 0.600 0.800 0.700 0.800 0.500 0.700 0.800 0.800 0.500 0.500 0.700 0.600 0.500 0.500 0.500 0.500 0.600 0.500 0.500 0.500 0.500 0.700 0.500 0.600 0.600 0.500 27/01/2007
0.800 0.800 0.800 0.600 1.100 0.700 0.700 0.700 1.300 1.100 0.800 0.800 1.400 1.300 1.200 0.800 1.000 1.400 1.300 1.300 0.800 1.000 1.300 1.400 1.400 0.900 1.100 1.400 1.400 1.300 28/01/2007
1.400 1.400 1.400 1.000 0.800 1.400 1.400 1.400 1.000 0.800 1.400 1.400 1.000 1.000 0.800 1.200 1.000 1.000 1.100 1.100 1.200 1.000 1.000 1.000 1.000 1.200 1.000 1.000 1.000 1.100 29/01/2007
1.200 1.200 1.200 1.300 1.000 1.100 1.100 1.100 0.900 1.000 1.100 1.200 0.900 0.900 1.000 0.300 0.200 0.900 0.900 0.900 0.300 0.200 0.900 0.900 0.900 0.300 0.200 1.000 0.900 0.900 30/01/2007
0.300 0.300 0.300 0.300 0.400 0.300 0.300 0.300 0.300 0.400 0.300 0.300 0.300 0.300 0.400 0.200 0.200 0.300 0.300 0.300 0.200 0.200 0.300 0.300 0.300 0.300 0.200 0.200 0.200 0.300 31/01/2007
0.700 0.600 0.600 0.600 0.800 0.600 0.600 0.600 0.900 0.800 0.600 0.600 0.900 0.900 0.900 0.700 0.800 0.900 0.900 0.900 0.800 0.700 0.900 0.900 0.900 0.800 0.800 0.900 0.900 0.900 01/02/2007
1.500 1.500 1.500 1.500 0.500 1.400 1.400 1.400 0.800 0.600 1.500 1.500 0.800 0.800 0.600 1.000 0.700 0.800 0.800 0.800 1.100 0.600 0.800 0.800 0.900 1.100 0.700 0.900 0.900 0.800 02/02/2007
1.400 1.400 1.400 1.300 1.400 1.400 1.400 1.400 1.600 1.400 1.400 1.400 1.600 1.600 1.400 1.300 1.100 1.600 1.600 1.600 1.300 1.100 1.600 1.500 1.500 1.300 1.100 1.500 1.500 1.600 03/02/2007
1.400 1.400 1.400 1.300 1.100 1.300 1.300 1.300 1.600 1.100 1.400 1.400 1.600 1.600 1.200 0.900 0.800 1.600 1.500 1.600 0.900 0.800 1.600 1.600 1.600 0.900 0.800 1.700 1.600 1.500 04/02/2007
0.400 0.400 0.400 0.300 0.200 0.400 0.300 0.400 0.400 0.200 0.400 0.400 0.400 0.400 0.200 0.400 0.500 0.400 0.400 0.400 0.400 0.500 0.400 0.400 0.400 0.500 0.500 0.400 0.400 0.400 05/02/2007
1.000 0.900 0.900 0.900 0.800 0.900 0.900 0.900 0.900 0.800 0.900 0.900 0.900 0.900 0.800 0.700 0.900 0.900 0.800 0.800 0.800 0.900 0.900 0.900 0.900 0.800 0.900 0.900 0.900 0.800 06/02/2007
1.300 1.300 1.300 0.900 0.600 1.300 1.300 1.300 0.700 0.600 1.300 1.300 0.700 0.700 0.600 0.800 0.700 0.700 0.700 0.700 0.800 0.700 0.700 0.700 0.700 0.800 0.700 0.700 0.700 0.700 07/02/2007
1.100 1.000 1.000 0.900 0.900 1.000 1.000 1.000 1.100 1.000 1.000 1.000 1.100 1.100 1.000 0.900 1.000 1.100 1.100 1.100 0.900 1.000 1.100 1.100 1.100 0.900 1.100 1.100 1.100 1.100 08/02/2007
1.100 1.100 1.100 1.100 0.500 1.100 1.000 1.100 0.800 0.500 1.100 1.100 0.800 0.800 0.500 1.000 1.000 0.800 0.800 0.800 1.000 1.000 0.800 0.800 0.800 1.000 1.100 0.800 0.800 0.800 09/02/2007
1.000 1.000 1.000 0.700 0.700 1.000 1.000 1.000 0.800 0.700 1.000 1.000 0.800 0.800 0.700 0.900 0.600 0.800 0.700 0.700 0.900 0.600 0.800 0.800 0.800 0.900 0.600 0.800 0.800 0.700 10/02/2007
1.600 1.600 1.600 1.300 1.100 1.500 1.500 1.500 1.500 1.200 1.500 1.500 1.500 1.500 1.200 1.600 1.300 1.500 1.500 1.500 1.700 1.300 1.500 1.600 1.600 1.700 1.300 1.600 1.600 1.500 11/02/2007
1.400 1.300 1.300 0.700 0.700 1.300 1.300 1.300 1.200 0.800 1.300 1.300 1.200 1.200 0.800 1.000 1.300 1.200 1.100 1.200 1.000 1.300 1.200 1.200 1.200 1.100 1.300 1.200 1.200 1.100 12/02/2007
1.600 1.600 1.600 1.100 1.000 1.600 1.600 1.600 1.400 1.000 1.600 1.600 1.400 1.300 1.000 1.400 1.500 1.400 1.300 1.300 1.400 1.500 1.400 1.400 1.400 1.400 1.500 1.400 1.400 1.300 13/02/2007
2.000 2.000 2.000 1.700 1.600 2.000 1.900 2.000 2.600 1.600 2.000 2.000 2.600 2.600 1.600 2.400 2.400 2.600 2.500 2.500 2.500 2.400 2.600 2.600 2.600 2.600 2.400 2.600 2.600 2.500 14/02/2007
1.600 1.600 1.600 1.700 1.700 1.600 1.500 1.600 1.800 1.700 1.600 1.600 1.900 1.800 1.700 1.400 1.600 1.900 1.800 1.800 1.400 1.600 1.800 1.900 1.900 1.400 1.600 1.900 1.900 1.800 15/02/2007
4.000 4.000 4.000 4.000 3.500 4.000 4.100 4.000 3.900 3.500 4.000 4.000 3.900 3.900 3.500 2.200 2.100 3.900 4.000 4.000 2.200 2.100 3.900 3.900 3.900 2.200 2.100 3.800 3.900 4.000 16/02/2007
3.000 3.000 3.000 2.900 2.800 3.000 2.900 3.000 2.800 2.800 3.000 3.000 2.800 2.800 2.900 2.600 2.600 2.800 2.800 2.800 2.600 2.600 2.800 2.800 2.800 2.700 2.600 2.900 2.800 2.800 17/02/2007
1.000 1.000 1.000 0.800 0.800 1.000 1.000 1.000 1.000 0.800 1.000 1.000 1.000 1.000 0.800 0.900 1.000 1.000 1.000 1.000 0.900 1.000 1.000 1.000 1.000 0.900 1.000 1.000 1.000 1.000 18/02/2007
1.800 1.800 1.800 1.500 1.300 1.800 1.700 1.800 1.900 1.300 1.800 1.800 1.900 1.800 1.400 1.500 1.900 1.900 1.800 1.800 1.600 1.900 1.800 1.900 1.900 1.600 1.900 1.900 1.900 1.800 19/02/2007
1.500 1.500 1.500 0.700 1.000 1.500 1.400 1.500 1.500 1.000 1.500 1.500 1.500 1.500 1.000 1.000 1.100 1.500 1.500 1.500 1.000 1.100 1.500 1.500 1.500 1.000 1.100 1.500 1.500 1.500 20/02/2007
1.300 1.200 1.200 1.000 0.900 1.200 1.200 1.200 1.000 0.900 1.200 1.200 1.000 1.000 0.900 1.200 1.100 1.000 1.000 1.000 1.200 1.100 1.000 1.000 1.000 1.200 1.100 1.000 1.000 1.000 21/02/2007
1.000 1.000 1.000 0.800 0.700 1.000 1.000 1.000 1.100 0.700 1.000 1.000 1.100 1.100 0.700 0.700 0.700 1.100 1.100 1.100 0.800 0.700 1.100 1.100 1.100 0.800 0.700 1.200 1.200 1.100 22/02/2007
0.900 0.900 0.800 0.600 0.500 0.800 0.800 0.800 0.600 0.500 0.800 0.800 0.700 0.600 0.500 0.800 0.800 0.600 0.600 0.600 0.900 0.800 0.600 0.700 0.700 0.900 0.800 0.700 0.700 0.600 23/02/2007
2.000 1.900 1.900 1.200 1.500 1.900 1.900 1.900 1.700 1.500 1.900 1.900 1.800 1.700 1.600 2.100 1.600 1.800 1.700 1.700 2.100 1.600 1.700 1.800 1.800 2.100 1.600 1.800 1.800 1.700 24/02/2007
1.400 1.400 1.400 0.700 1.100 1.300 1.300 1.300 1.500 1.100 1.300 1.300 1.500 1.500 1.200 1.700 1.800 1.500 1.400 1.400 1.700 1.800 1.500 1.500 1.500 1.800 1.800 1.500 1.500 1.400 25/02/2007
2.000 2.000 2.000 1.600 1.900 2.000 2.000 2.000 2.200 1.900 2.000 2.000 2.200 2.200 1.900 1.300 1.400 2.200 2.200 2.200 1.300 1.400 2.200 2.200 2.200 1.400 1.400 2.200 2.200 2.200 26/02/2007
0.600 0.600 0.600 0.400 0.500 0.600 0.600 0.600 0.700 0.500 0.600 0.600 0.700 0.700 0.500 0.700 0.700 0.700 0.700 0.700 0.700 0.700 0.700 0.700 0.700 0.700 0.700 0.700 0.700 0.700 27/02/2007
2.100 2.100 2.000 1.500 1.600 2.000 2.000 2.000 2.200 1.600 2.000 2.000 2.300 2.200 1.700 1.900 2.000 2.200 2.200 2.200 1.900 2.000 2.200 2.300 2.300 2.000 2.100 2.300 2.300 2.200 28/02/2007
0.900 0.900 0.900 0.900 0.900 0.900 0.800 0.900 0.900 0.900 0.900 0.900 0.900 0.900 0.900 0.900 1.000 0.900 0.900 0.900 0.900 1.000 0.900 0.900 0.900 0.900 1.000 1.000 1.000 0.900 01/03/2007
0.400 0.400 0.400 0.400 0.600 0.400 0.400 0.400 0.500 0.600 0.400 0.400 0.500 0.500 0.600 0.700 0.800 0.500 0.500 0.500 0.700 0.800 0.500 0.500 0.500 0.700 0.800 0.500 0.500 0.500 02/03/2007
1.900 1.900 1.900 1.900 1.800 1.800 1.800 1.800 1.700 1.800 1.800 1.800 1.800 1.700 1.900 1.700 1.500 1.700 1.700 1.700 1.700 1.500 1.700 1.800 1.800 1.800 1.500 1.800 1.800 1.700 03/03/2007
2.700 2.700 2.700 1.800 1.700 2.600 2.600 2.600 2.700 1.700 2.600 2.700 2.700 2.600 1.800 2.600 2.600 2.700 2.600 2.600 2.700 2.600 2.700 2.700 2.700 2.800 2.700 2.700 2.700 2.600 04/03/2007
2.500 2.500 2.400 1.700 2.100 2.400 2.400 2.400 2.300 2.100 2.400 2.400 2.300 2.300 2.200 2.300 2.000 2.300 2.300 2.300 2.300 2.000 2.300 2.400 2.400 2.400 2.000 2.400 2.400 2.300 05/03/2007
2.000 2.000 2.000 1.500 1.400 2.000 2.000 2.000 2.000 1.500 2.000 2.000 2.000 2.000 1.500 1.700 1.400 2.000 2.000 2.000 1.700 1.400 2.000 2.000 2.000 1.700 1.400 2.100 2.100 2.000 06/03/2007
0.900 0.800 0.800 0.600 0.500 0.800 0.800 0.800 0.600 0.500 0.800 0.800 0.600 0.600 0.500 0.800 0.900 0.600 0.600 0.600 0.800 0.900 0.600 0.600 0.600 0.800 0.900 0.700 0.700 0.600 07/03/2007
2.100 2.100 2.100 1.800 2.200 2.100 2.100 2.100 2.500 2.200 2.100 2.100 2.500 2.500 2.300 2.200 2.400 2.500 2.500 2.500 2.300 2.300 2.500 2.500 2.500 2.300 2.400 2.600 2.600 2.500 08/03/2007
1.200 1.200 1.100 0.900 0.600 1.100 1.100 1.100 0.800 0.600 1.100 1.100 0.800 0.800 0.700 0.900 1.000 0.800 0.800 0.800 1.000 1.000 0.800 0.900 0.900 1.000 1.000 0.900 0.900 0.800 09/03/2007
1.900 1.900 1.800 1.600 2.300 1.800 1.700 1.800 2.300 2.300 1.800 1.800 2.300 2.300 2.400 2.000 2.400 2.300 2.200 2.300 2.100 2.400 2.300 2.300 2.300 2.100 2.400 2.300 2.300 2.200 10/03/2007
2.700 2.700 2.700 2.500 3.000 2.700 2.700 2.700 3.200 3.000 2.700 2.700 3.200 3.200 3.000 2.900 3.000 3.200 3.200 3.200 3.000 3.000 3.200 3.200 3.200 3.000 3.000 3.200 3.200 3.200 11/03/2007
2.700 2.700 2.600 2.700 2.700 2.600 2.600 2.600 3.000 2.700 2.600 2.600 3.100 3.000 2.700 2.500 2.700 3.000 3.000 3.000 2.500 2.700 3.000 3.100 3.100 2.600 2.700 3.100 3.100 3.000 12/03/2007
3.300 3.200 3.200 2.500 2.600 3.200 3.200 3.200 3.300 2.600 3.200 3.200 3.300 3.300 2.600 2.500 2.600 3.300 3.300 3.300 2.500 2.600 3.300 3.300 3.300 2.500 2.600 3.300 3.300 3.300 13/03/2007
3.000 3.000 3.000 2.500 3.100 3.000 2.900 3.000 3.400 3.100 3.000 3.000 3.400 3.400 3.100 2.900 3.100 3.400 3.400 3.400 3.000 3.100 3.400 3.400 3.400 3.000 3.100 3.400 3.400 3.400 14/03/2007
2.800 2.800 2.800 2.600 2.600 2.800 2.800 2.800 3.100 2.600 2.800 2.800 3.100 3.100 2.700 2.800 2.700 3.100 3.100 3.100 2.800 2.700 3.100 3.100 3.100 2.800 2.800 3.100 3.100 3.100 15/03/2007
3.100 3.100 3.100 2.900 3.400 3.100 3.000 3.100 3.500 3.400 3.100 3.100 3.500 3.500 3.400 3.100 3.300 3.500 3.500 3.500 3.100 3.300 3.500 3.500 3.500 3.100 3.300 3.500 3.500 3.500 16/03/2007
1.400 1.400 1.400 1.100 1.800 1.300 1.300 1.300 1.700 1.800 1.300 1.300 1.700 1.700 1.800 1.500 2.000 1.700 1.700 1.700 1.500 2.000 1.700 1.700 1.700 1.600 2.000 1.700 1.700 1.700 17/03/2007
1.200 1.200 1.100 0.800 0.900 1.100 1.100 1.100 1.300 0.900 1.100 1.100 1.300 1.300 0.900 1.500 1.700 1.300 1.300 1.300 1.500 1.700 1.300 1.300 1.300 1.500 1.700 1.300 1.300 1.300 18/03/2007
1.300 1.300 1.200 1.300 1.200 1.200 1.200 1.200 1.600 1.200 1.200 1.200 1.600 1.600 1.300 1.300 1.800 1.600 1.600 1.600 1.300 1.700 1.600 1.600 1.600 1.400 1.800 1.700 1.700 1.600 19/03/2007
1.600 1.600 1.600 0.800 0.900 1.600 1.500 1.600 1.500 1.000 1.600 1.600 1.500 1.500 1.000 1.700 1.800 1.500 1.400 1.400 1.700 1.800 1.500 1.500 1.500 1.800 1.800 1.500 1.500 1.400 20/03/2007
1.900 1.900 1.900 1.300 1.600 1.900 1.800 1.900 1.600 1.600 1.900 1.900 1.600 1.600 1.600 2.000 2.000 1.600 1.600 1.600 2.000 2.000 1.600 1.600 1.600 2.100 2.000 1.600 1.600 1.600 21/03/2007
1.800 1.800 1.800 1.500 1.400 1.800 1.800 1.800 1.700 1.400 1.800 1.800 1.700 1.700 1.500 1.900 1.900 1.700 1.700 1.700 1.900 1.900 1.700 1.700 1.700 1.900 1.900 1.700 1.700 1.700 22/03/2007
1.300 1.200 1.200 1.200 1.100 1.200 1.100 1.200 1.100 1.100 1.200 1.200 1.100 1.100 1.100 0.700 0.800 1.100 1.100 1.100 0.700 0.800 1.100 1.100 1.200 0.700 0.800 1.200 1.200 1.100 23/03/2007
1.900 1.800 1.800 1.500 1.800 1.800 1.800 1.800 1.800 1.800 1.800 1.800 1.800 1.800 1.900 1.900 2.000 1.800 1.800 1.800 1.900 2.000 1.800 1.800 1.800 1.900 2.000 1.800 1.800 1.800 24/03/2007
1.400 1.300 1.300 1.600 1.500 1.300 1.200 1.300 1.400 1.500 1.300 1.300 1.500 1.400 1.600 1.400 1.400 1.400 1.400 1.400 1.400 1.400 1.400 1.500 1.500 1.400 1.500 1.500 1.500 1.400 25/03/2007
1.600 1.600 1.600 1.800 1.600 1.600 1.600 1.600 1.600 1.600 1.600 1.600 1.600 1.600 1.700 1.700 1.900 1.600 1.600 1.600 1.700 1.900 1.600 1.700 1.700 1.700 1.900 1.700 1.700 1.600 26/03/2007
2.900 2.900 2.900 2.200 2.400 2.900 2.800 2.900 2.800 2.500 2.900 2.900 2.800 2.800 2.500 1.600 1.700 2.800 2.800 2.800 1.700 1.700 2.800 2.800 2.800 1.700 1.700 2.800 2.800 2.800 27/03/2007
2.100 2.100 2.100 2.500 2.300 2.100 2.100 2.100 2.300 2.300 2.100 2.100 2.300 2.300 2.300 1.600 2.100 2.300 2.300 2.300 1.600 2.100 2.300 2.300 2.300 1.700 2.100 2.300 2.300 2.300 28/03/2007
1.300 1.300 1.300 1.000 1.400 1.300 1.200 1.300 1.700 1.500 1.300 1.300 1.700 1.700 1.500 1.000 1.700 1.700 1.700 1.700 1.100 1.700 1.700 1.700 1.700 1.100 1.700 1.700 1.700 1.700 29/03/2007
2.000 2.000 1.900 1.400 1.800 1.900 1.800 1.900 2.100 1.800 1.900 1.900 2.100 2.100 1.800 1.800 1.900 2.100 2.100 2.100 1.800 1.900 2.100 2.100 2.100 1.800 1.900 2.200 2.200 2.100 30/03/2007
1.900 1.900 1.900 1.800 1.200 1.900 1.900 1.900 1.500 1.200 1.900 1.900 1.500 1.500 1.200 1.500 1.600 1.500 1.500 1.500 1.500 1.600 1.500 1.500 1.500 1.500 1.600 1.600 1.600 1.500 31/03/2007
1.100 1.100 1.100 0.700 1.000 1.100 1.100 1.100 1.400 1.000 1.100 1.100 1.400 1.400 1.000 0.800 0.500 1.400 1.300 1.400 0.800 0.600 1.400 1.400 1.400 0.800 0.500 1.400 1.400 1.300 01/04/2007
3.500 3.500 3.500 2.700 3.100 3.500 3.600 3.500 3.500 3.100 3.500 3.500 3.500 3.500 3.100 3.400 3.600 3.500 3.500 3.500 3.500 3.600 3.500 3.500 3.500 3.500 3.600 3.500 3.500 3.500 02/04/2007
2.400 2.300 2.300 2.300 3.300 2.300 2.300 2.300 3.200 3.300 2.300 2.300 3.200 3.200 3.300 2.700 3.400 3.200 3.200 3.200 2.700 3.400 3.200 3.200 3.200 2.700 3.400 3.200 3.200 3.200 03/04/2007
1.900 1.900 1.900 1.900 1.600 1.900 1.900 1.900 1.800 1.700 1.900 1.900 1.800 1.700 1.700 2.200 2.200 1.800 1.700 1.700 2.200 2.200 1.800 1.800 1.800 2.200 2.200 1.800 1.800 1.700 04/04/2007
3.300 3.200 3.200 3.200 2.900 3.200 3.100 3.200 3.200 3.000 3.200 3.200 3.300 3.200 3.000 3.000 3.100 3.200 3.200 3.200 3.100 3.100 3.200 3.300 3.300 3.200 3.200 3.300 3.300 3.200 05/04/2007
3.900 3.900 3.800 3.700 3.500 3.800 3.800 3.800 3.800 3.500 3.800 3.800 3.800 3.800 3.500 3.000 3.300 3.800 3.800 3.800 3.100 3.300 3.800 3.800 3.800 3.100 3.300 3.800 3.800 3.800 06/04/2007
3.800 3.800 3.800 3.500 3.600 3.900 3.900 3.900 4.000 3.600 3.900 3.800 4.000 4.000 3.500 3.800 4.000 4.000 4.000 4.000 3.800 4.000 4.000 4.000 4.000 3.800 4.000 4.000 4.000 4.000 07/04/2007
4.000 3.900 3.900 3.600 3.700 3.900 3.900 3.900 3.700 3.700 3.900 3.900 3.700 3.700 3.700 3.500 3.200 3.700 3.700 3.700 3.500 3.200 3.700 3.700 3.700 3.600 3.200 3.700 3.700 3.700 08/04/2007
3.800 3.800 3.800 3.800 3.600 3.800 3.700 3.800 3.900 3.600 3.800 3.800 3.900 3.900 3.700 3.700 3.700 3.900 3.900 3.900 3.700 3.700 3.900 3.900 3.900 3.800 3.700 3.900 3.900 3.900 09/04/2007
3.900 3.900 3.900 3.600 3.400 3.900 3.900 3.900 3.700 3.400 3.900 3.900 3.700 3.700 3.400 3.600 3.700 3.700 3.700 3.700 3.600 3.600 3.700 3.700 3.700 3.600 3.700 3.700 3.700 3.700 10/04/2007
2.700 2.700 2.700 2.300 2.000 2.700 2.700 2.700 2.300 2.000 2.700 2.700 2.300 2.300 2.000 2.000 1.600 2.300 2.300 2.300 2.000 1.600 2.300 2.300 2.300 2.000 1.600 2.300 2.300 2.300 11/04/2007
2.900 2.900 2.900 1.700 1.900 2.900 2.900 2.900 2.600 1.900 2.900 2.900 2.600 2.600 2.000 2.200 2.400 2.600 2.600 2.600 2.200 2.400 2.600 2.600 2.600 2.200 2.300 2.600 2.600 2.600 12/04/2007
2.900 2.900 2.900 1.900 1.800 2.900 2.900 2.900 2.400 1.800 2.900 2.900 2.400 2.400 1.800 2.500 1.600 2.400 2.400 2.400 2.500 1.600 2.400 2.400 2.400 2.600 1.600 2.400 2.400 2.400 13/04/2007
2.700 2.700 2.700 2.300 2.300 2.600 2.600 2.600 2.500 2.300 2.700 2.700 2.500 2.500 2.300 2.300 2.300 2.500 2.500 2.500 2.300 2.300 2.500 2.500 2.500 2.300 2.300 2.500 2.500 2.500 14/04/2007
4.000 4.000 3.900 3.900 3.900 3.900 3.900 3.900 3.900 3.900 3.900 3.900 3.900 3.900 4.000 3.700 3.700 3.900 3.900 3.900 3.700 3.600 3.900 3.900 3.900 3.800 3.700 4.000 4.000 3.900 15/04/2007
4.500 4.400 4.400 3.400 3.800 4.400 4.300 4.400 4.800 3.900 4.400 4.400 4.800 4.700 3.900 4.100 4.300 4.800 4.700 4.700 4.200 4.200 4.800 4.800 4.800 4.300 4.300 4.900 4.800 4.700 16/04/2007
4.100 4.100 4.000 4.000 2.700 4.000 3.900 4.000 3.200 2.700 4.000 4.000 3.200 3.100 2.800 3.500 3.100 3.200 3.100 3.100 3.600 3.100 3.200 3.200 3.200 3.600 3.100 3.300 3.300 3.100 17/04/2007
4.600 4.600 4.600 3.900 3.800 4.600 4.500 4.600 4.300 3.800 4.600 4.600 4.400 4.300 3.900 3.700 3.500 4.300 4.300 4.300 3.800 3.500 4.300 4.400 4.400 3.800 3.600 4.400 4.400 4.300 18/04/2007
4.800 4.800 4.800 4.600 4.200 4.800 4.800 4.800 4.700 4.300 4.800 4.800 4.700 4.600 4.300 4.400 4.400 4.700 4.600 4.600 4.500 4.400 4.600 4.700 4.700 4.500 4.400 4.700 4.700 4.600 19/04/2007
4.800 4.800 4.800 4.900 4.900 4.700 4.700 4.700 5.100 4.900 4.700 4.700 5.100 5.100 4.900 4.700 4.900 5.100 5.100 5.100 4.700 4.900 5.100 5.100 5.100 4.800 4.900 5.100 5.100 5.100 20/04/2007
5.100 5.000 5.000 4.500 4.500 5.000 5.000 5.000 5.300 4.500 5.000 5.000 5.300 5.300 4.600 4.900 4.500 5.300 5.300 5.300 4.900 4.500 5.300 5.300 5.300 4.900 4.500 5.300 5.300 5.300 21/04/2007
5.300 5.300 5.300 5.100 5.200 5.300 5.300 5.300 4.700 5.200 5.300 5.300 4.700 4.700 5.300 5.100 4.700 4.700 4.700 4.700 5.100 4.700 4.700 4.700 4.700 5.100 4.700 4.700 4.700 4.700 22/04/2007
5.000 5.000 5.000 5.100 5.400 5.000 4.900 5.000 5.300 5.400 5.000 5.000 5.300 5.300 5.400 4.500 5.400 5.300 5.300 5.300 4.500 5.400 5.300 5.300 5.300 4.500 5.400 5.300 5.300 5.300 23/04/2007
5.700 5.700 5.700 4.500 4.400 5.700 5.700 5.700 5.700 4.400 5.700 5.700 5.700 5.700 4.400 4.600 4.900 5.700 5.700 5.700 4.600 4.900 5.700 5.700 5.700 4.600 4.900 5.600 5.700 5.700 24/04/2007
4.200 4.200 4.100 4.000 4.000 4.100 4.100 4.100 4.100 4.000 4.100 4.100 4.100 4.100 4.100 3.800 4.100 4.100 4.000 4.000 3.900 4.100 4.100 4.100 4.100 3.900 4.100 4.200 4.200 4.000 25/04/2007
4.900 4.900 4.900 4.100 3.900 4.900 4.800 4.900 4.800 3.900 4.900 4.900 4.800 4.800 4.000 3.100 3.700 4.800 4.800 4.800 3.100 3.700 4.800 4.800 4.800 3.200 3.700 4.900 4.900 4.800 26/04/2007
4.100 4.100 4.100 3.000 2.800 4.100 4.100 4.100 4.000 2.800 4.100 4.100 4.000 4.000 2.800 3.200 3.500 4.000 4.000 4.000 3.300 3.500 4.000 4.000 4.000 3.300 3.500 4.000 4.000 4.000 27/04/2007
4.800 4.800 4.800 4.900 4.200 4.800 4.700 4.800 4.600 4.300 4.800 4.800 4.600 4.600 4.300 4.300 3.600 4.600 4.600 4.600 4.300 3.600 4.600 4.600 4.600 4.400 3.700 4.600 4.600 4.600 28/04/2007
4.000 4.000 3.900 3.500 3.300 3.900 3.900 3.900 3.500 3.300 3.900 3.900 3.500 3.500 3.400 3.900 3.200 3.500 3.400 3.400 3.900 3.100 3.500 3.500 3.500 4.000 3.200 3.600 3.600 3.400 29/04/2007
3.500 3.500 3.500 2.600 2.600 3.500 3.500 3.500 3.700 2.700 3.500 3.500 3.700 3.700 2.700 3.500 3.400 3.700 3.700 3.700 3.600 3.400 3.700 3.700 3.700 3.600 3.400 3.800 3.700 3.700 30/04/2007
1.400 1.400 1.300 2.000 2.000 1.300 1.300 1.300 1.500 2.000 1.300 1.300 1.500 1.400 2.100 1.200 1.300 1.500 1.400 1.400 1.200 1.300 1.500 1.500 1.500 1.200 1.300 1.500 1.500 1.400 01/05/2007
2.800 2.800 2.800 2.400 2.600 2.700 2.700 2.700 2.700 2.600 2.800 2.800 2.800 2.700 2.600 2.300 2.300 2.700 2.700 2.700 2.300 2.300 2.700 2.800 2.800 2.400 2.300 2.800 2.800 2.700 02/05/2007
3.600 3.600 3.600 4.000 3.100 3.500 3.400 3.500 3.300 3.100 3.500 3.500 3.300 3.300 3.200 3.700 4.000 3.300 3.200 3.300 3.700 4.000 3.300 3.400 3.400 3.700 4.000 3.400 3.400 3.200 03/05/2007
4.100 4.000 4.000 4.000 4.000 4.000 3.900 4.000 4.300 4.100 4.000 4.000 4.300 4.200 4.100 4.000 4.500 4.300 4.200 4.200 4.100 4.500 4.300 4.300 4.300 4.100 4.600 4.400 4.400 4.200 04/05/2007
2.900 2.800 2.800 2.300 2.400 2.800 2.800 2.800 2.400 2.400 2.800 2.800 2.400 2.400 2.400 3.000 2.700 2.400 2.400 2.400 3.000 2.700 2.400 2.500 2.500 3.100 2.800 2.500 2.500 2.400 05/05/2007
3.800 3.800 3.800 3.500 3.600 3.700 3.600 3.700 3.800 3.600 3.700 3.700 3.800 3.700 3.700 4.100 3.900 3.800 3.700 3.700 4.100 3.900 3.800 3.800 3.800 4.200 3.900 3.900 3.900 3.700 06/05/2007
3.500 3.400 3.400 3.000 2.800 3.400 3.300 3.400 3.100 2.800 3.400 3.400 3.100 3.100 2.800 2.600 3.500 3.100 3.100 3.100 2.600 3.500 3.100 3.100 3.100 2.700 3.500 3.200 3.200 3.100 07/05/2007
2.000 2.000 2.000 1.300 1.500 1.900 1.900 1.900 1.800 1.600 2.000 2.000 1.800 1.800 1.600 2.800 2.700 1.800 1.700 1.700 2.900 2.700 1.800 1.800 1.800 3.000 2.700 1.800 1.800 1.700 08/05/2007
5.000 5.000 5.000 4.100 4.400 4.900 4.900 4.900 4.900 4.400 4.900 5.000 4.900 4.900 4.500 5.200 5.200 4.900 4.800 4.800 5.200 5.100 4.900 4.900 5.000 5.300 5.200 5.000 5.000 4.800 09/05/2007
6.200 6.200 6.200 5.600 4.900 6.200 6.200 6.200 5.800 4.900 6.200 6.200 5.800 5.800 5.000 5.600 6.000 5.800 5.800 5.800 5.600 6.000 5.800 5.800 5.800 5.600 6.000 5.800 5.800 5.800 10/05/2007
3.500 3.400 3.400 2.700 2.400 3.400 3.300 3.400 2.400 2.400 3.400 3.400 2.400 2.400 2.400 2.400 3.000 2.400 2.400 2.400 2.400 3.000 2.400 2.400 2.400 2.400 3.000 2.500 2.500 2.400 11/05/2007
3.600 3.600 3.600 2.800 3.000 3.500 3.500 3.500 4.000 3.100 3.500 3.600 4.000 3.900 3.100 3.500 4.500 4.000 3.900 3.900 3.500 4.500 4.000 4.000 4.000 3.500 4.500 4.000 4.000 3.900 12/05/2007
5.000 4.900 4.900 4.400 4.500 4.900 4.900 4.900 4.800 4.500 4.900 4.900 4.800 4.800 4.500 5.200 5.200 4.800 4.800 4.800 5.300 5.200 4.800 4.800 4.800 5.300 5.200 4.900 4.900 4.800 13/05/2007
3.400 3.400 3.300 1.600 2.000 3.300 3.300 3.300 3.100 2.000 3.300 3.300 3.100 3.100 2.100 2.500 2.200 3.100 3.100 3.100 2.500 2.200 3.100 3.100 3.100 2.500 2.200 3.200 3.200 3.100 14/05/2007
2.300 2.300 2.300 2.100 2.500 2.300 2.300 2.300 2.400 2.500 2.300 2.300 2.400 2.400 2.500 1.400 1.300 2.400 2.400 2.400 1.400 1.300 2.400 2.400 2.400 1.400 1.400 2.400 2.400 2.400 15/05/2007
2.700 2.700 2.700 1.800 2.000 2.700 2.600 2.700 2.400 2.100 2.700 2.700 2.400 2.400 2.100 2.800 2.700 2.400 2.400 2.400 2.800 2.700 2.400 2.400 2.400 2.900 2.800 2.400 2.400 2.400 16/05/2007
1.200 1.200 1.200 0.900 1.000 1.100 1.100 1.100 1.000 1.000 1.200 1.200 1.000 1.000 1.000 1.200 1.300 1.000 1.000 1.000 1.200 1.300 1.000 1.000 1.000 1.200 1.300 1.100 1.000 1.000 17/05/2007
3.700 3.700 3.600 3.800 3.900 3.600 3.500 3.600 4.000 3.900 3.600 3.600 4.000 4.000 4.000 4.300 4.100 4.000 3.900 3.900 4.300 4.100 4.000 4.000 4.000 4.400 4.200 4.100 4.100 3.900 18/05/2007
2.200 2.200 2.200 2.800 2.700 2.100 2.100 2.100 2.800 2.800 2.100 2.200 2.800 2.800 2.800 3.200 2.100 2.800 2.800 2.800 3.200 2.100 2.800 2.900 2.900 3.300 2.100 2.900 2.900 2.800 19/05/2007
2.500 2.500 2.500 2.800 3.000 2.500 2.500 2.500 3.200 3.000 2.500 2.500 3.200 3.200 3.000 2.800 3.000 3.200 3.200 3.200 2.800 3.000 3.200 3.200 3.200 2.800 3.000 3.200 3.200 3.200 20/05/2007
4.800 4.800 4.800 4.000 4.700 4.700 4.700 4.700 5.000 4.700 4.700 4.800 5.000 5.000 4.700 4.400 4.700 5.000 5.000 5.000 4.400 4.700 5.000 5.000 5.000 4.400 4.800 5.100 5.000 5.000 21/05/2007
4.900 4.900 4.900 4.500 5.200 4.800 4.800 4.800 5.400 5.200 4.800 4.800 5.400 5.400 5.200 4.300 5.100 5.400 5.400 5.400 4.400 5.100 5.400 5.500 5.500 4.400 5.200 5.500 5.500 5.400 22/05/2007
5.800 5.700 5.700 5.100 5.500 5.700 5.600 5.700 5.900 5.500 5.700 5.700 5.900 5.800 5.600 5.800 6.000 5.900 5.800 5.800 5.800 6.000 5.900 5.900 5.900 5.800 6.100 6.000 6.000 5.800 23/05/2007
5.600 5.600 5.600 4.500 4.500 5.600 5.600 5.600 5.100 4.500 5.600 5.600 5.200 5.100 4.600 5.300 5.400 5.200 5.100 5.100 5.300 5.400 5.100 5.200 5.200 5.400 5.400 5.200 5.200 5.100 24/05/2007
5.700 5.700 5.700 5.000 5.300 5.600 5.600 5.600 5.700 5.300 5.700 5.700 5.700 5.700 5.400 3.500 5.500 5.700 5.700 5.700 3.500 5.500 5.700 5.700 5.700 3.500 5.500 5.800 5.700 5.700 25/05/2007
1.600 1.600 1.600 1.900 2.700 1.600 1.600 1.600 3.200 2.700 1.600 1.600 3.200 3.200 2.700 2.600 3.000 3.200 3.200 3.200 2.600 3.000 3.200 3.200 3.200 2.700 3.100 3.200 3.200 3.200 26/05/2007
1.300 1.300 1.300 1.200 1.300 1.200 1.200 1.200 1.300 1.300 1.200 1.200 1.300 1.300 1.300 1.100 1.400 1.300 1.300 1.300 1.100 1.400 1.300 1.300 1.400 1.200 1.400 1.400 1.400 1.300 27/05/2007
2.800 2.800 2.700 2.400 1.800 2.700 2.600 2.700 2.400 1.900 2.700 2.700 2.400 2.400 1.900 3.000 2.900 2.400 2.300 2.400 3.000 2.900 2.400 2.500 2.500 3.100 2.900 2.500 2.500 2.300 28/05/2007
2.800 2.800 2.800 3.100 3.100 2.800 2.800 2.800 2.800 3.100 2.800 2.800 2.800 2.800 3.200 2.200 2.400 2.800 2.800 2.800 2.300 2.400 2.800 2.800 2.800 2.300 2.400 2.800 2.800 2.800 29/05/2007
1.700 1.700 1.600 1.500 2.200 1.600 1.500 1.600 2.300 2.200 1.600 1.600 2.300 2.300 2.300 1.400 2.600 2.300 2.300 2.300 1.400 2.600 2.300 2.300 2.300 1.500 2.600 2.400 2.400 2.300 30/05/2007
2.400 2.400 2.300 1.700 2.200 2.300 2.300 2.300 2.700 2.200 2.300 2.300 2.700 2.700 2.200 1.800 2.900 2.700 2.700 2.700 1.800 2.900 2.700 2.700 2.700 1.800 2.900 2.700 2.700 2.700 31/05/2007
3.500 3.500 3.500 2.300 2.800 3.500 3.500 3.500 3.100 2.800 3.500 3.500 3.100 3.100 2.800 3.400 2.900 3.100 3.100 3.100 3.400 2.900 3.100 3.100 3.100 3.400 2.900 3.200 3.200 3.100 01/06/2007
3.700 3.700 3.700 4.000 4.000 3.700 3.700 3.700 3.700 4.000 3.700 3.700 3.700 3.700 4.000 4.000 4.100 3.700 3.700 3.700 4.100 4.100 3.700 3.700 3.700 4.100 4.200 3.700 3.700 3.700 02/06/2007
4.400 4.400 4.400 4.100 4.600 4.400 4.400 4.400 4.600 4.600 4.400 4.400 4.600 4.600 4.700 4.600 4.700 4.600 4.600 4.600 4.600 4.700 4.600 4.600 4.600 4.600 4.700 4.700 4.700 4.600 03/06/2007
2.700 2.600 2.600 1.900 1.900 2.600 2.600 2.600 1.900 1.900 2.600 2.600 1.900 1.900 1.900 1.100 1.300 1.900 1.900 1.900 1.200 1.300 1.900 1.900 1.900 1.200 1.300 2.000 1.900 1.900 04/06/2007
2.600 2.500 2.500 2.600 2.100 2.500 2.500 2.500 2.000 2.200 2.500 2.500 2.000 2.000 2.200 2.600 2.700 2.000 2.000 2.000 2.600 2.600 2.000 2.000 2.000 2.600 2.700 2.100 2.100 2.000 05/06/2007
4.400 4.400 4.400 4.400 4.400 4.300 4.300 4.300 4.300 4.400 4.300 4.400 4.300 4.200 4.500 4.200 3.600 4.300 4.200 4.200 4.300 3.600 4.300 4.300 4.300 4.300 3.600 4.300 4.300 4.200 06/06/2007
4.200 4.100 4.100 3.500 3.700 4.100 4.100 4.100 3.800 3.800 4.100 4.100 3.800 3.800 3.800 4.400 3.900 3.800 3.800 3.800 4.500 3.900 3.800 3.800 3.800 4.500 4.000 3.800 3.800 3.800 07/06/2007
5.900 5.900 5.900 5.000 4.800 5.900 5.800 5.900 5.600 4.800 5.900 5.900 5.600 5.500 4.800 5.800 5.700 5.600 5.500 5.500 5.800 5.700 5.600 5.600 5.600 5.900 5.700 5.600 5.600 5.500 08/06/2007
5.800 5.800 5.700 4.400 4.600 5.700 5.600 5.700 5.700 4.600 5.700 5.700 5.700 5.600 4.700 5.700 4.400 5.700 5.600 5.600 5.700 4.400 5.700 5.700 5.700 5.700 4.400 5.700 5.700 5.600 09/06/2007
4.300 4.200 4.200 2.800 3.400 4.200 4.200 4.200 4.500 3.400 4.200 4.200 4.500 4.500 3.400 4.600 3.900 4.500 4.400 4.400 4.700 3.900 4.500 4.500 4.500 4.700 3.900 4.600 4.600 4.400 10/06/2007
4.700 4.700 4.700 4.500 4.300 4.600 4.600 4.600 4.500 4.400 4.600 4.700 4.500 4.400 4.400 4.800 4.900 4.500 4.400 4.400 4.900 4.900 4.500 4.500 4.500 4.900 4.900 4.500 4.500 4.400 11/06/2007
5.000 5.000 4.900 4.700 4.700 4.900 4.800 4.900 4.900 4.800 4.900 4.900 5.000 4.900 4.800 4.900 4.900 4.900 4.900 4.900 5.000 4.900 4.900 5.000 5.000 5.000 4.900 5.000 5.000 4.900 12/06/2007
3.000 2.900 2.900 2.000 2.400 2.900 2.900 2.900 2.900 2.400 2.900 2.900 2.900 2.900 2.400 2.200 3.100 2.900 2.900 2.900 2.200 3.100 2.900 2.900 2.900 2.300 3.200 2.900 2.900 2.900 13/06/2007
3.400 3.400 3.400 2.800 3.600 3.400 3.300 3.400 3.600 3.600 3.400 3.400 3.700 3.600 3.700 2.300 3.300 3.600 3.600 3.600 2.400 3.300 3.600 3.700 3.700 2.400 3.300 3.700 3.700 3.600 14/06/2007
3.600 3.500 3.500 2.200 3.100 3.500 3.500 3.500 3.600 3.100 3.500 3.500 3.600 3.600 3.100 3.400 3.500 3.600 3.600 3.600 3.400 3.400 3.600 3.600 3.600 3.400 3.500 3.600 3.600 3.600 15/06/2007
4.700 4.700 4.700 4.200 4.600 4.700 4.600 4.700 4.600 4.700 4.700 4.700 4.600 4.600 4.700 4.600 4.200 4.600 4.500 4.600 4.700 4.200 4.600 4.600 4.600 4.700 4.200 4.700 4.700 4.500 16/06/2007
1.500 1.500 1.500 1.500 1.700 1.500 1.400 1.500 1.600 1.700 1.500 1.500 1.600 1.500 1.700 1.700 1.600 1.600 1.500 1.500 1.800 1.600 1.600 1.600 1.600 1.800 1.600 1.600 1.600 1.500 17/06/2007
5.300 5.300 5.300 5.300 5.300 5.300 5.200 5.300 5.400 5.300 5.300 5.300 5.400 5.300 5.300 4.600 5.100 5.400 5.300 5.300 4.600 5.000 5.400 5.400 5.400 4.600 5.100 5.400 5.400 5.300 18/06/2007
4.300 4.300 4.300 4.100 3.800 4.300 4.300 4.300 4.200 3.800 4.300 4.300 4.200 4.100 3.800 3.500 4.400 4.200 4.100 4.100 3.500 4.400 4.200 4.200 4.200 3.500 4.400 4.200 4.200 4.100 19/06/2007
4.300 4.300 4.300 4.400 4.500 4.200 4.200 4.200 4.500 4.500 4.200 4.200 4.500 4.500 4.600 4.000 4.600 4.500 4.500 4.500 4.000 4.600 4.500 4.500 4.500 4.000 4.600 4.600 4.600 4.500 20/06/2007
2.900 2.900 2.800 2.600 3.100 2.800 2.800 2.800 3.000 3.100 2.800 2.800 3.000 3.000 3.200 2.100 3.200 3.000 3.000 3.000 2.200 3.200 3.000 3.000 3.000 2.200 3.200 3.100 3.100 3.000 21/06/2007
2.800 2.800 2.800 2.200 2.900 2.800 2.700 2.800 2.700 2.900 2.800 2.800 2.700 2.600 3.000 2.500 3.600 2.700 2.600 2.600 2.500 3.500 2.700 2.700 2.700 2.600 3.600 2.700 2.700 2.600 22/06/2007
4.500 4.500 4.500 4.700 4.300 4.500 4.500 4.500 4.400 4.300 4.500 4.500 4.400 4.300 4.300 4.900 4.800 4.400 4.300 4.300 4.900 4.800 4.400 4.400 4.400 4.900 4.800 4.500 4.500 4.300 23/06/2007
4.500 4.500 4.500 4.200 4.300 4.400 4.400 4.400 4.700 4.400 4.400 4.400 4.700 4.600 4.400 4.300 4.300 4.700 4.600 4.600 4.400 4.300 4.700 4.700 4.700 4.400 4.300 4.800 4.800 4.600 24/06/2007
4.100 4.100 4.100 4.000 3.000 4.000 4.000 4.000 3.400 3.100 4.100 4.100 3.400 3.300 3.100 3.300 3.800 3.400 3.300 3.300 3.300 3.800 3.400 3.400 3.400 3.300 3.800 3.500 3.500 3.300 25/06/2007
2.800 2.800 2.800 3.200 3.400 2.800 2.800 2.800 3.000 3.400 2.800 2.800 3.000 3.000 3.400 2.800 4.200 3.000 3.000 3.000 2.800 4.200 3.000 3.000 3.000 2.800 4.200 3.000 3.000 3.000 26/06/2007
4.900 4.900 4.900 4.300 4.500 4.900 4.900 4.900 4.800 4.600 4.900 4.900 4.800 4.800 4.600 4.800 5.100 4.800 4.800 4.800 4.800 5.100 4.800 4.800 4.800 4.900 5.100 4.900 4.900 4.800 27/06/2007
5.000 4.900 4.900 4.600 4.300 4.900 4.900 4.900 4.600 4.400 4.900 4.900 4.700 4.600 4.400 5.000 3.700 4.600 4.600 4.600 5.000 3.700 4.600 4.700 4.700 5.000 3.700 4.700 4.700 4.600 28/06/2007
4.700 4.700 4.700 3.800 3.900 4.700 4.600 4.700 4.800 4.000 4.700 4.700 4.800 4.700 4.000 4.500 4.600 4.800 4.700 4.700 4.600 4.600 4.800 4.800 4.800 4.600 4.600 4.800 4.800 4.700 29/06/2007
5.500 5.500 5.500 4.600 4.900 5.400 5.400 5.400 5.600 5.000 5.400 5.500 5.600 5.600 5.000 5.400 5.200 5.600 5.600 5.600 5.500 5.200 5.600 5.700 5.700 5.500 5.300 5.700 5.700 5.600 30/06/2007
3.700 3.700 3.700 2.800 2.800 3.700 3.600 3.700 3.600 2.800 3.700 3.700 3.600 3.600 2.800 3.800 3.200 3.600 3.500 3.600 3.900 3.200 3.600 3.600 3.600 3.900 3.300 3.600 3.600 3.500 01/07/2007
4.600 4.500 4.500 3.300 3.900 4.500 4.500 4.500 4.500 4.000 4.500 4.500 4.500 4.500 4.000 3.900 4.300 4.500 4.500 4.500 3.900 4.300 4.500 4.600 4.600 3.900 4.300 4.600 4.600 4.500 02/07/2007
1.700 1.700 1.700 1.500 1.500 1.700 1.700 1.700 1.800 1.500 1.700 1.700 1.800 1.800 1.600 1.800 2.100 1.800 1.800 1.800 1.800 2.100 1.800 1.800 1.800 1.800 2.100 1.800 1.800 1.800 03/07/2007
4.200 4.100 4.100 2.300 3.400 4.100 4.000 4.100 4.200 3.500 4.100 4.100 4.300 4.200 3.500 3.900 4.800 4.200 4.200 4.200 4.000 4.700 4.200 4.300 4.300 4.000 4.800 4.300 4.300 4.200 04/07/2007
4.300 4.300 4.300 3.700 3.600 4.300 4.200 4.300 3.700 3.700 4.300 4.300 3.700 3.700 3.700 3.900 4.100 3.700 3.700 3.700 3.900 4.100 3.700 3.700 3.700 3.900 4.200 3.800 3.700 3.700 05/07/2007
4.100 4.100 4.100 3.600 3.200 4.000 4.000 4.000 4.200 3.200 4.000 4.000 4.200 4.100 3.200 4.500 5.100 4.200 4.100 4.100 4.500 5.100 4.200 4.200 4.200 4.600 5.100 4.300 4.200 4.100 06/07/2007
4.700 4.700 4.700 4.400 3.700 4.700 4.600 4.700 4.100 3.800 4.700 4.700 4.200 4.100 3.800 4.500 3.700 4.100 4.100 4.100 4.500 3.600 4.100 4.200 4.200 4.500 3.700 4.200 4.200 4.100 07/07/2007
3.300 3.300 3.300 2.800 1.900 3.200 3.200 3.200 2.500 1.900 3.300 3.300 2.600 2.500 1.900 3.100 2.700 2.600 2.500 2.500 3.200 2.600 2.500 2.600 2.600 3.200 2.700 2.600 2.600 2.500 08/07/2007
3.600 3.600 3.600 2.500 3.200 3.600 3.500 3.600 3.300 3.300 3.600 3.600 3.400 3.300 3.300 2.900 2.900 3.400 3.300 3.300 2.900 2.800 3.300 3.400 3.400 2.900 2.900 3.400 3.400 3.300 09/07/2007
3.300 3.300 3.300 2.400 3.400 3.200 3.200 3.200 3.600 3.400 3.300 3.300 3.600 3.600 3.500 2.300 3.300 3.600 3.600 3.600 2.300 3.300 3.600 3.600 3.600 2.300 3.300 3.700 3.700 3.600 10/07/2007
4.500 4.400 4.400 4.200 4.200 4.400 4.400 4.400 4.200 4.200 4.400 4.400 4.200 4.100 4.200 4.100 4.000 4.200 4.100 4.100 4.200 4.000 4.200 4.200 4.200 4.200 4.100 4.200 4.200 4.100 11/07/2007
4.200 4.200 4.200 4.000 4.600 4.100 4.100 4.100 4.600 4.600 4.100 4.100 4.600 4.500 4.700 5.200 4.800 4.600 4.500 4.500 5.200 4.800 4.600 4.600 4.600 5.300 4.800 4.700 4.700 4.500 12/07/2007
6.400 6.400 6.400 5.700 6.000 6.400 6.400 6.400 6.500 6.000 6.400 6.400 6.500 6.500 6.000 5.900 6.200 6.500 6.500 6.500 5.900 6.200 6.500 6.500 6.500 5.900 6.100 6.500 6.500 6.500 13/07/2007
7.000 6.900 6.900 7.100 6.500 6.900 6.900 6.900 7.300 6.600 6.900 6.900 7.400 7.300 6.600 6.200 5.900 7.300 7.300 7.300 6.300 5.900 7.300 7.400 7.400 6.300 5.900 7.300 7.300 7.300 14/07/2007
8.800 8.800 8.800 8.300 9.000 8.800 8.800 8.800 9.000 9.000 8.800 8.800 9.000 9.000 9.000 8.100 7.300 9.000 9.000 9.000 8.000 7.300 9.000 9.000 9.000 8.000 7.300 9.000 9.000 9.000 15/07/2007
3.400 3.300 3.300 2.900 3.800 3.300 3.300 3.300 4.300 3.800 3.300 3.300 4.400 4.300 3.800 2.800 3.200 4.400 4.300 4.300 2.800 3.200 4.300 4.400 4.400 2.800 3.200 4.400 4.400 4.300 16/07/2007
4.900 4.900 4.900 4.300 3.900 4.900 5.000 4.900 4.400 3.900 4.900 4.900 4.400 4.400 3.900 4.700 4.900 4.400 4.400 4.400 4.700 4.900 4.400 4.400 4.400 4.700 4.900 4.400 4.400 4.400 17/07/2007
3.700 3.700 3.700 3.500 3.700 3.700 3.700 3.700 3.600 3.700 3.700 3.700 3.600 3.600 3.600 2.600 4.000 3.600 3.600 3.600 2.500 4.000 3.600 3.500 3.500 2.400 4.000 3.500 3.500 3.600 18/07/2007
4.000 4.000 4.000 3.900 3.600 4.000 4.000 4.000 3.200 3.600 4.000 4.000 3.200 3.200 3.600 3.500 4.000 3.200 3.200 3.200 3.500 4.000 3.200 3.200 3.200 3.400 4.000 3.200 3.200 3.200 19/07/2007
4.500 4.500 4.400 4.100 3.500 4.400 4.300 4.400 3.600 3.500 4.400 4.400 3.600 3.600 3.500 4.100 4.000 3.600 3.600 3.600 4.200 4.000 3.600 3.600 3.600 4.300 4.100 3.700 3.700 3.600 20/07/2007
3.700 3.700 3.700 3.200 3.000 3.600 3.600 3.600 3.500 3.000 3.600 3.700 3.600 3.500 3.000 3.600 3.300 3.600 3.500 3.500 3.600 3.300 3.500 3.600 3.600 3.600 3.400 3.600 3.600 3.500 21/07/2007
4.200 4.100 4.100 3.900 4.000 4.100 4.100 4.100 3.900 4.000 4.100 4.100 3.900 3.900 4.100 4.000 3.900 3.900 3.900 3.900 4.000 3.900 3.900 4.000 4.000 4.100 3.900 4.000 4.000 3.900 22/07/2007
2.200 2.200 2.200 1.300 0.800 2.200 2.100 2.200 1.700 0.800 2.200 2.200 1.700 1.600 0.900 2.100 2.100 1.700 1.600 1.600 2.100 2.100 1.700 1.700 1.700 2.200 2.100 1.800 1.800 1.600 23/07/2007
2.900 2.900 2.900 2.800 3.200 2.900 2.900 2.900 3.700 3.200 2.900 2.900 3.700 3.700 3.300 3.300 4.100 3.700 3.600 3.600 3.300 4.100 3.700 3.700 3.700 3.400 4.100 3.700 3.700 3.600 24/07/2007
5.100 5.100 5.100 4.700 4.700 5.000 5.000 5.000 5.000 4.800 5.000 5.000 5.000 4.900 4.800 5.000 5.100 5.000 4.900 4.900 5.100 5.100 5.000 5.000 5.000 5.200 5.100 5.100 5.100 4.900 25/07/2007
5.500 5.500 5.400 5.200 5.100 5.400 5.400 5.400 5.500 5.200 5.400 5.400 5.500 5.500 5.200 5.200 5.800 5.500 5.400 5.400 5.200 5.800 5.500 5.500 5.500 5.300 5.800 5.600 5.600 5.400 26/07/2007
4.800 4.700 4.700 4.700 4.800 4.700 4.600 4.700 4.800 4.900 4.700 4.700 4.900 4.800 4.900 5.200 5.300 4.800 4.800 4.800 5.200 5.300 4.800 4.900 4.900 5.300 5.300 4.900 4.900 4.800 27/07/2007
4.300 4.300 4.200 4.400 3.500 4.200 4.200 4.200 3.700 3.500 4.200 4.200 3.700 3.700 3.600 4.300 3.800 3.700 3.700 3.700 4.300 3.800 3.700 3.800 3.800 4.300 3.900 3.800 3.800 3.700 28/07/2007
4.500 4.400 4.400 3.800 3.800 4.300 4.200 4.300 4.400 3.800 4.300 4.300 4.500 4.400 3.900 4.700 5.000 4.400 4.400 4.400 4.800 4.900 4.400 4.500 4.500 4.900 5.000 4.500 4.500 4.400 29/07/2007
4.900 4.900 4.900 4.800 4.800 4.900 4.800 4.900 5.200 4.800 4.900 4.900 5.200 5.200 4.800 4.900 5.200 5.200 5.200 5.200 4.900 5.200 5.200 5.200 5.200 5.000 5.300 5.200 5.200 5.200 30/07/2007
5.800 5.800 5.800 4.900 5.100 5.800 5.800 5.800 6.000 5.200 5.800 5.800 6.000 6.000 5.200 5.600 5.900 6.000 6.000 6.000 5.600 5.900 6.000 6.000 6.000 5.500 5.900 6.100 6.100 6.000 31/07/2007
