# 6448 6449 6450 6451 6452 6528 6529 6530 6531 6532 6610 6611 6612 6613 6614 6693 6694 6695 6696 6697 6776 6777 6778 6779 6780 6859 6860 6861 6862 6863 Date
2.200 2.200 2.200 1.900 0.900 2.200 2.100 2.200 1.100 0.900 2.200 2.200 1.100 1.000 1.000 1.600 1.800 1.100 1.000 1.000 1.600 1.800 1.100 1.100 1.100 1.600 1.800 1.100 1.100 1.000 01/08/2010
3.600 3.600 3.600 3.300 3.100 3.600 3.500 3.600 3.100 3.100 3.600 3.600 3.100 3.100 3.100 3.900 3.800 3.100 3.100 3.100 4.000 3.800 3.100 3.100 3.100 4.100 3.800 3.200 3.200 3.100 02/08/2010
4.800 4.800 4.800 4.600 3.800 4.800 4.800 4.800 4.200 3.800 4.800 4.800 4.200 4.200 3.900 4.400 4.500 4.200 4.200 4.200 4.400 4.400 4.200 4.300 4.300 4.500 4.500 4.300 4.300 4.200 03/08/2010
2.100 2.100 2.100 1.700 1.500 2.100 2.000 2.100 1.700 1.500 2.100 2.100 1.700 1.700 1.600 2.100 2.200 1.700 1.700 1.700 2.100 2.200 1.700 1.700 1.700 2.100 2.300 1.800 1.800 1.700 04/08/2010
4.700 4.600 4.600 4.200 4.600 4.500 4.400 4.500 4.500 4.700 4.500 4.500 4.500 4.400 4.700 4.500 4.600 4.500 4.400 4.400 4.600 4.600 4.500 4.500 4.500 4.600 4.600 4.600 4.600 4.400 05/08/2010
4.600 4.600 4.500 4.600 4.200 4.500 4.500 4.500 4.200 4.200 4.500 4.500 4.200 4.200 4.300 4.200 4.500 4.200 4.200 4.200 4.200 4.400 4.200 4.200 4.200 4.200 4.500 4.200 4.200 4.200 06/08/2010
6.400 6.400 6.400 5.700 5.600 6.400 6.300 6.400 5.700 5.600 6.400 6.400 5.700 5.700 5.700 5.200 5.600 5.700 5.700 5.700 5.300 5.600 5.700 5.700 5.700 5.300 5.600 5.700 5.700 5.700 07/08/2010
5.100 5.000 5.000 4.900 5.000 5.000 4.900 5.000 5.000 5.000 5.000 5.000 5.000 5.000 5.100 4.800 5.200 5.000 5.000 5.000 4.900 5.200 5.000 5.100 5.100 4.900 5.200 5.100 5.100 5.000 08/08/2010
5.600 5.600 5.600 5.600 4.300 5.600 5.600 5.600 4.600 4.400 5.600 5.600 4.600 4.600 4.400 4.600 4.300 4.600 4.500 4.600 4.600 4.200 4.600 4.600 4.600 4.600 4.300 4.700 4.700 4.500 09/08/2010
4.600 4.600 4.600 3.500 3.200 4.500 4.400 4.500 4.500 3.300 4.500 4.500 4.600 4.500 3.300 4.300 4.400 4.500 4.500 4.500 4.300 4.400 4.500 4.600 4.600 4.400 4.500 4.700 4.600 4.500 10/08/2010
2.100 2.100 2.100 1.900 2.700 2.100 2.100 2.100 2.900 2.700 2.100 2.100 2.900 2.800 2.700 2.500 2.200 2.900 2.800 2.800 2.500 2.200 2.900 2.900 2.900 2.500 2.200 2.900 2.900 2.800 11/08/2010
4.600 4.600 4.600 3.800 3.700 4.600 4.600 4.600 4.200 3.700 4.600 4.600 4.200 4.200 3.700 4.300 3.900 4.200 4.200 4.200 4.300 3.900 4.200 4.200 4.200 4.300 3.900 4.300 4.300 4.200 12/08/2010
3.600 3.600 3.500 2.900 3.500 3.500 3.500 3.500 3.400 3.500 3.500 3.500 3.400 3.400 3.600 3.500 4.500 3.400 3.400 3.400 3.500 4.500 3.400 3.400 3.400 3.500 4.600 3.500 3.500 3.400 13/08/2010
3.800 3.800 3.800 3.400 3.400 3.800 3.800 3.800 3.300 3.400 3.800 3.800 3.300 3.300 3.500 3.900 4.000 3.300 3.300 3.300 3.900 4.000 3.300 3.300 3.300 3.900 4.000 3.400 3.400 3.300 14/08/2010
2.900 2.900 2.900 3.000 2.500 2.900 2.900 2.900 2.300 2.500 2.900 2.900 2.300 2.300 2.600 2.300 2.800 2.300 2.300 2.300 2.300 2.800 2.300 2.300 2.300 2.300 2.900 2.400 2.400 2.300 15/08/2010
4.200 4.200 4.100 3.800 3.200 4.100 4.100 4.100 4.000 3.300 4.100 4.100 4.000 4.000 3.300 3.800 3.800 4.000 4.000 4.000 3.800 3.800 4.000 4.000 4.000 3.800 3.800 4.000 4.000 4.000 16/08/2010
3.900 3.900 3.900 3.100 2.900 3.900 3.900 3.900 3.900 2.900 3.900 3.900 3.900 3.800 3.000 4.000 4.300 3.900 3.800 3.800 4.000 4.300 3.900 3.900 3.900 3.900 4.300 3.900 3.900 3.800 17/08/2010
2.500 2.500 2.500 2.600 1.100 2.500 2.400 2.500 1.300 1.100 2.500 2.500 1.300 1.300 1.100 1.700 1.700 1.300 1.300 1.300 1.800 1.700 1.300 1.300 1.300 1.800 1.700 1.400 1.400 1.300 18/08/2010
4.200 4.200 4.200 3.500 3.400 4.200 4.200 4.200 3.600 3.500 4.200 4.200 3.600 3.600 3.500 3.900 3.200 3.600 3.600 3.600 3.900 3.200 3.600 3.700 3.700 3.900 3.200 3.700 3.700 3.600 19/08/2010
5.500 5.500 5.500 5.100 4.100 5.500 5.500 5.500 4.300 4.100 5.500 5.500 4.300 4.300 4.200 4.800 5.400 4.300 4.300 4.300 4.800 5.300 4.300 4.400 4.400 4.800 5.400 4.400 4.400 4.300 20/08/2010
5.900 5.900 5.900 5.900 5.100 5.900 5.900 5.900 5.600 5.200 5.900 5.900 5.600 5.600 5.200 5.600 5.900 5.600 5.600 5.600 5.700 5.900 5.600 5.600 5.600 5.700 5.900 5.700 5.700 5.600 21/08/2010
3.700 3.700 3.700 2.700 3.100 3.700 3.700 3.700 3.700 3.100 3.700 3.700 3.700 3.700 3.100 3.700 4.300 3.700 3.700 3.700 3.700 4.300 3.700 3.700 3.700 3.700 4.300 3.700 3.700 3.700 22/08/2010
3.800 3.800 3.700 3.500 4.200 3.700 3.700 3.700 3.900 4.200 3.700 3.700 4.000 3.900 4.200 3.700 3.900 3.900 3.900 3.900 3.700 3.900 3.900 4.000 4.000 3.800 3.900 4.000 4.000 3.900 23/08/2010
4.400 4.400 4.400 3.400 3.500 4.400 4.300 4.400 4.400 3.500 4.400 4.400 4.400 4.300 3.500 4.400 4.400 4.400 4.300 4.300 4.400 4.400 4.400 4.400 4.400 4.500 4.500 4.500 4.500 4.300 24/08/2010
4.400 4.400 4.400 3.900 3.600 4.300 4.300 4.300 4.200 3.700 4.400 4.400 4.200 4.200 3.700 4.100 4.300 4.200 4.100 4.100 4.100 4.200 4.200 4.200 4.200 4.100 4.300 4.300 4.200 4.100 25/08/2010
5.700 5.700 5.700 4.600 4.100 5.700 5.700 5.700 5.800 4.200 5.700 5.700 5.800 5.800 4.200 5.500 5.800 5.800 5.800 5.800 5.500 5.800 5.800 5.800 5.800 5.500 5.800 5.900 5.900 5.800 26/08/2010
2.700 2.700 2.700 2.500 4.500 2.700 2.700 2.700 3.900 4.600 2.700 2.700 3.900 3.800 4.600 3.100 3.800 3.900 3.800 3.800 3.100 3.800 3.900 3.900 3.900 3.100 3.800 3.900 3.900 3.800 27/08/2010
4.200 4.200 4.100 3.700 4.700 4.100 4.000 4.100 4.400 4.700 4.100 4.100 4.400 4.400 4.700 3.900 4.800 4.400 4.400 4.400 3.900 4.800 4.400 4.400 4.400 4.000 4.800 4.500 4.500 4.400 28/08/2010
4.400 4.400 4.400 3.700 4.000 4.400 4.400 4.400 4.600 4.000 4.400 4.400 4.600 4.600 4.000 4.300 4.900 4.600 4.600 4.600 4.300 4.900 4.600 4.600 4.600 4.300 4.900 4.600 4.600 4.600 29/08/2010
4.900 4.900 4.900 4.500 4.200 4.900 4.800 4.900 4.500 4.200 4.900 4.900 4.500 4.500 4.300 4.500 4.700 4.500 4.500 4.500 4.600 4.700 4.500 4.500 4.500 4.600 4.700 4.500 4.500 4.500 30/08/2010
5.700 5.700 5.700 5.100 5.100 5.700 5.600 5.700 5.400 5.100 5.700 5.700 5.400 5.400 5.100 5.200 5.100 5.400 5.400 5.400 5.200 5.100 5.400 5.400 5.400 5.200 5.100 5.400 5.400 5.400 31/08/2010
6.300 6.300 6.400 5.600 4.600 6.400 6.400 6.400 5.000 4.700 6.400 6.400 5.000 5.000 4.700 4.900 4.600 5.000 5.000 5.000 4.900 4.600 5.000 5.000 5.000 4.900 4.600 5.000 5.000 5.000 01/09/2010
5.200 5.300 5.300 4.300 3.600 5.300 5.300 5.300 4.900 3.600 5.300 5.300 5.000 4.900 3.700 4.800 4.400 4.900 4.900 4.900 4.900 4.400 4.900 5.000 5.000 4.900 4.400 5.000 5.000 4.900 02/09/2010
4.400 4.400 4.300 4.200 4.000 4.300 4.300 4.300 4.000 4.000 4.300 4.300 4.000 4.000 4.000 4.500 4.600 4.000 4.000 4.000 4.500 4.600 4.000 4.100 4.100 4.500 4.600 4.100 4.100 4.000 03/09/2010
4.500 4.400 4.400 3.000 3.000 4.400 4.300 4.400 4.100 3.000 4.400 4.400 4.100 4.100 3.000 4.400 4.200 4.100 4.100 4.100 4.500 4.200 4.100 4.100 4.100 4.500 4.300 4.200 4.200 4.100 04/09/2010
5.400 5.400 5.400 4.100 4.400 5.400 5.400 5.400 5.500 4.400 5.400 5.400 5.500 5.500 4.400 5.000 4.700 5.500 5.500 5.500 5.000 4.800 5.500 5.500 5.500 4.900 4.700 5.500 5.500 5.500 05/09/2010
3.800 3.800 3.800 2.900 1.800 3.700 3.700 3.700 3.000 1.800 3.700 3.700 3.000 3.000 1.800 3.500 3.000 3.000 3.000 3.000 3.500 3.000 3.000 3.000 3.000 3.500 3.000 3.000 3.000 3.000 06/09/2010
2.000 1.900 1.900 2.100 1.600 1.900 1.900 1.900 1.400 1.600 1.900 1.900 1.500 1.400 1.600 1.200 1.200 1.500 1.400 1.400 1.200 1.200 1.400 1.500 1.500 1.200 1.300 1.500 1.500 1.400 07/09/2010
3.800 3.700 3.700 1.900 2.300 3.600 3.600 3.600 3.400 2.300 3.600 3.700 3.400 3.400 2.400 3.100 3.300 3.400 3.300 3.300 3.200 3.300 3.400 3.500 3.500 3.200 3.300 3.500 3.500 3.300 08/09/2010
2.900 2.900 2.900 2.600 2.300 2.900 2.800 2.900 2.700 2.300 2.900 2.900 2.800 2.700 2.400 2.800 3.300 2.700 2.700 2.700 2.800 3.300 2.700 2.800 2.800 2.900 3.300 2.800 2.800 2.700 09/09/2010
3.500 3.500 3.500 3.100 3.000 3.500 3.400 3.500 3.300 3.000 3.500 3.500 3.300 3.300 3.000 3.500 3.500 3.300 3.300 3.300 3.600 3.500 3.300 3.300 3.300 3.600 3.500 3.400 3.400 3.300 10/09/2010
4.900 4.900 4.900 3.700 3.300 4.900 4.900 4.900 4.700 3.300 4.900 4.900 4.700 4.700 3.400 4.200 4.000 4.700 4.600 4.600 4.300 4.000 4.700 4.700 4.700 4.400 4.000 4.700 4.700 4.600 11/09/2010
3.300 3.300 3.300 2.900 3.000 3.300 3.300 3.300 3.200 3.000 3.300 3.300 3.200 3.200 3.100 3.300 3.600 3.200 3.200 3.200 3.300 3.600 3.200 3.200 3.200 3.300 3.600 3.300 3.300 3.200 12/09/2010
3.900 3.900 3.800 3.000 2.900 3.800 3.800 3.800 4.000 3.000 3.800 3.800 4.100 4.000 3.000 3.700 3.500 4.100 4.000 4.000 3.700 3.500 4.000 4.100 4.100 3.800 3.600 4.100 4.100 4.000 13/09/2010
4.100 4.100 4.100 3.300 2.700 4.100 4.100 4.100 3.600 2.700 4.100 4.100 3.700 3.600 2.800 3.800 3.200 3.700 3.600 3.600 3.900 3.200 3.600 3.700 3.700 3.900 3.200 3.700 3.700 3.600 14/09/2010
3.900 3.900 3.900 3.300 3.300 3.900 3.900 3.900 4.300 3.300 3.900 3.900 4.300 4.300 3.400 4.300 4.500 4.300 4.300 4.300 4.300 4.500 4.300 4.300 4.300 4.300 4.600 4.400 4.400 4.300 15/09/2010
2.300 2.300 2.300 1.400 0.900 2.300 2.300 2.300 1.900 0.900 2.300 2.300 1.900 1.900 0.900 2.100 1.600 1.900 1.900 1.900 2.100 1.600 1.900 2.000 2.000 2.200 1.600 2.000 2.000 1.900 16/09/2010
3.600 3.600 3.600 2.700 2.800 3.600 3.600 3.600 3.600 2.800 3.600 3.600 3.600 3.500 2.800 3.300 2.400 3.600 3.500 3.500 3.300 2.400 3.600 3.600 3.600 3.400 2.400 3.600 3.600 3.500 17/09/2010
4.300 4.300 4.300 3.100 3.200 4.300 4.300 4.300 4.300 3.200 4.300 4.300 4.300 4.300 3.200 4.200 3.700 4.300 4.300 4.300 4.200 3.700 4.300 4.300 4.300 4.200 3.800 4.400 4.400 4.300 18/09/2010
3.800 3.800 3.800 3.500 3.300 3.800 3.800 3.800 3.800 3.300 3.800 3.800 3.800 3.800 3.400 3.700 3.600 3.800 3.700 3.700 3.700 3.500 3.800 3.800 3.800 3.700 3.600 3.800 3.800 3.700 19/09/2010
3.800 3.800 3.800 3.300 3.100 3.800 3.800 3.800 3.900 3.100 3.800 3.800 3.900 3.900 3.200 3.400 3.600 3.900 3.800 3.900 3.400 3.600 3.900 3.900 3.900 3.400 3.600 3.900 3.900 3.800 20/09/2010
4.200 4.200 4.200 3.100 2.900 4.200 4.200 4.200 3.900 2.900 4.200 4.200 3.900 3.900 3.000 4.000 3.400 3.900 3.900 3.900 4.000 3.400 3.900 3.900 3.900 4.100 3.400 3.900 3.900 3.900 21/09/2010
3.800 3.800 3.800 3.600 3.200 3.800 3.800 3.800 3.500 3.300 3.800 3.800 3.500 3.500 3.300 3.400 3.700 3.500 3.500 3.500 3.400 3.700 3.500 3.500 3.500 3.500 3.700 3.600 3.600 3.500 22/09/2010
3.000 3.000 3.000 2.600 1.800 3.000 3.000 3.000 2.600 1.800 3.000 3.000 2.600 2.600 1.900 2.400 1.600 2.600 2.600 2.600 2.400 1.600 2.600 2.600 2.600 2.400 1.600 2.600 2.600 2.600 23/09/2010
2.800 2.700 2.700 2.300 2.200 2.700 2.600 2.700 2.500 2.200 2.700 2.700 2.500 2.500 2.300 2.100 2.100 2.500 2.400 2.400 2.100 2.100 2.500 2.500 2.500 2.200 2.200 2.600 2.600 2.400 24/09/2010
1.800 1.800 1.800 1.700 2.200 1.700 1.700 1.700 1.800 2.300 1.700 1.800 1.800 1.800 2.300 2.100 3.100 1.800 1.800 1.800 2.100 3.100 1.800 1.800 1.800 2.100 3.100 1.900 1.900 1.800 25/09/2010
2.300 2.300 2.300 2.100 2.300 2.300 2.300 2.300 2.500 2.300 2.300 2.300 2.600 2.500 2.400 2.400 2.800 2.600 2.500 2.500 2.500 2.800 2.500 2.600 2.600 2.500 2.800 2.600 2.600 2.500 26/09/2010
2.100 2.000 2.000 1.600 1.400 2.000 2.000 2.000 1.800 1.400 2.000 2.000 1.800 1.800 1.400 2.000 2.100 1.800 1.800 1.800 2.000 2.100 1.800 1.800 1.800 2.000 2.100 1.800 1.800 1.800 27/09/2010
2.200 2.200 2.200 1.900 1.900 2.100 2.100 2.100 2.200 1.900 2.100 2.100 2.200 2.200 1.900 2.200 2.300 2.200 2.100 2.100 2.200 2.300 2.200 2.200 2.200 2.200 2.300 2.200 2.200 2.100 28/09/2010
2.400 2.400 2.400 1.600 1.700 2.400 2.400 2.400 2.500 1.800 2.400 2.400 2.500 2.500 1.800 2.500 2.100 2.500 2.500 2.500 2.500 2.100 2.500 2.500 2.500 2.500 2.100 2.500 2.500 2.500 29/09/2010
2.800 2.700 2.700 2.100 2.200 2.700 2.600 2.700 2.600 2.200 2.700 2.700 2.600 2.500 2.200 2.600 2.100 2.600 2.500 2.500 2.700 2.100 2.600 2.600 2.600 2.700 2.200 2.600 2.600 2.500 30/09/2010
2.400 2.400 2.400 2.100 1.500 2.400 2.400 2.400 2.000 1.500 2.400 2.400 2.000 2.000 1.600 2.000 2.000 2.000 2.000 2.000 2.000 2.000 2.000 2.000 2.000 2.000 2.000 2.000 2.000 2.000 01/10/2010
3.400 3.400 3.400 3.200 2.400 3.400 3.400 3.400 3.200 2.400 3.400 3.400 3.200 3.200 2.500 2.600 2.500 3.200 3.200 3.200 2.500 2.500 3.200 3.200 3.200 2.500 2.500 3.200 3.200 3.200 02/10/2010
4.500 4.500 4.500 3.700 3.100 4.500 4.400 4.500 4.600 3.200 4.500 4.500 4.600 4.500 3.200 3.900 3.500 4.600 4.500 4.500 3.900 3.500 4.600 4.600 4.600 4.000 3.500 4.700 4.700 4.500 03/10/2010
2.300 2.200 2.200 1.500 0.600 2.200 2.200 2.200 1.500 0.700 2.200 2.200 1.500 1.500 0.700 1.800 1.200 1.500 1.500 1.500 1.800 1.200 1.500 1.500 1.500 1.800 1.300 1.600 1.600 1.500 04/10/2010
2.100 2.100 2.100 1.600 1.700 2.100 2.100 2.100 1.900 1.700 2.100 2.100 1.900 1.900 1.800 1.800 1.700 1.900 1.900 1.900 1.800 1.700 1.900 1.900 1.900 1.800 1.600 1.900 1.900 1.900 05/10/2010
2.800 2.800 2.800 2.800 2.500 2.800 2.800 2.800 3.300 2.500 2.800 2.800 3.300 3.300 2.600 2.500 2.900 3.300 3.300 3.300 2.500 2.900 3.300 3.300 3.300 2.500 2.900 3.300 3.300 3.300 06/10/2010
3.400 3.400 3.400 2.700 2.700 3.400 3.400 3.400 3.200 2.700 3.400 3.400 3.200 3.200 2.800 3.100 3.300 3.200 3.200 3.200 3.100 3.300 3.200 3.200 3.200 3.100 3.300 3.200 3.200 3.200 07/10/2010
3.900 3.900 3.900 3.900 3.600 3.900 3.900 3.900 3.800 3.600 3.900 3.900 3.800 3.800 3.600 3.300 3.300 3.800 3.800 3.800 3.200 3.300 3.800 3.800 3.800 3.200 3.300 3.900 3.900 3.800 08/10/2010
3.900 4.000 4.000 3.300 3.100 4.000 4.000 4.000 4.200 3.100 4.000 4.000 4.200 4.200 3.200 3.300 3.100 4.200 4.200 4.200 3.300 3.100 4.200 4.200 4.200 3.300 3.100 4.200 4.200 4.200 09/10/2010
1.300 1.300 1.300 1.400 1.100 1.300 1.300 1.300 1.500 1.100 1.300 1.300 1.500 1.500 1.200 0.600 0.700 1.500 1.400 1.400 0.600 0.700 1.500 1.500 1.500 0.600 0.700 1.500 1.500 1.400 10/10/2010
2.300 2.300 2.300 2.200 1.700 2.300 2.200 2.300 1.900 1.700 2.300 2.300 1.900 1.900 1.700 1.900 2.000 1.900 1.900 1.900 2.000 2.000 1.900 1.900 1.900 2.000 2.000 2.000 2.000 1.900 11/10/2010
3.500 3.400 3.400 2.900 2.800 3.400 3.400 3.400 3.100 2.800 3.400 3.400 3.200 3.100 2.800 2.900 3.300 3.200 3.100 3.100 2.900 3.300 3.100 3.200 3.200 2.900 3.300 3.200 3.200 3.100 12/10/2010
3.100 3.100 3.000 2.600 2.900 3.000 3.000 3.000 3.400 3.000 3.000 3.000 3.400 3.300 3.000 2.800 2.900 3.400 3.300 3.300 2.900 2.900 3.400 3.400 3.400 2.900 2.900 3.400 3.400 3.300 13/10/2010
2.300 2.200 2.200 1.800 2.200 2.200 2.100 2.200 2.400 2.300 2.200 2.200 2.400 2.400 2.300 2.300 2.300 2.400 2.300 2.400 2.300 2.300 2.400 2.400 2.400 2.400 2.300 2.500 2.500 2.300 14/10/2010
1.700 1.700 1.600 1.500 1.900 1.600 1.600 1.600 1.800 1.900 1.600 1.600 1.900 1.800 2.000 1.700 2.000 1.800 1.800 1.800 1.800 2.000 1.800 1.900 1.900 1.800 2.000 1.900 1.900 1.800 15/10/2010
1.400 1.400 1.400 1.000 0.600 1.400 1.400 1.400 1.000 0.700 1.400 1.400 1.000 1.000 0.700 1.200 1.200 1.000 1.000 1.000 1.200 1.200 1.000 1.000 1.000 1.200 1.200 1.000 1.000 1.000 16/10/2010
1.300 1.300 1.200 0.900 1.200 1.200 1.200 1.200 1.100 1.200 1.200 1.200 1.200 1.100 1.200 1.400 1.800 1.100 1.100 1.100 1.500 1.700 1.100 1.200 1.200 1.500 1.800 1.200 1.200 1.100 17/10/2010
1.400 1.300 1.300 1.300 1.300 1.300 1.300 1.300 1.400 1.300 1.300 1.300 1.400 1.300 1.300 1.400 1.700 1.400 1.300 1.300 1.500 1.700 1.400 1.400 1.400 1.500 1.700 1.400 1.400 1.300 18/10/2010
0.600 0.600 0.600 0.300 0.400 0.600 0.600 0.600 0.500 0.400 0.600 0.600 0.500 0.500 0.400 0.700 1.200 0.500 0.500 0.500 0.700 1.200 0.500 0.500 0.500 0.700 1.200 0.500 0.500 0.500 19/10/2010
1.800 1.800 1.800 1.700 1.800 1.800 1.800 1.800 1.700 1.800 1.800 1.800 1.700 1.700 1.800 1.900 2.200 1.700 1.600 1.700 1.900 2.200 1.700 1.700 1.700 1.900 2.200 1.700 1.700 1.600 20/10/2010
1.900 1.900 1.900 1.500 1.400 1.900 1.900 1.900 1.900 1.400 1.900 1.900 1.900 1.900 1.400 1.900 1.500 1.900 1.900 1.900 1.900 1.500 1.900 1.900 1.900 1.900 1.500 1.900 1.900 1.900 21/10/2010
1.600 1.600 1.600 1.100 1.100 1.600 1.600 1.600 1.700 1.100 1.600 1.600 1.700 1.700 1.100 1.600 1.400 1.700 1.700 1.700 1.600 1.400 1.700 1.800 1.800 1.600 1.400 1.800 1.800 1.700 22/10/2010
1.600 1.600 1.600 1.000 1.100 1.600 1.500 1.600 1.700 1.100 1.600 1.600 1.700 1.700 1.200 1.500 1.300 1.700 1.700 1.700 1.500 1.300 1.700 1.700 1.700 1.500 1.300 1.800 1.700 1.700 23/10/2010
0.500 0.500 0.500 0.500 0.300 0.500 0.500 0.500 0.400 0.300 0.500 0.500 0.400 0.400 0.300 0.300 0.500 0.400 0.400 0.400 0.400 0.500 0.400 0.400 0.400 0.400 0.500 0.400 0.400 0.400 24/10/2010
1.300 1.300 1.300 1.200 1.500 1.200 1.200 1.200 1.200 1.500 1.300 1.300 1.200 1.200 1.600 1.300 1.800 1.200 1.200 1.200 1.400 1.800 1.200 1.200 1.200 1.400 1.800 1.300 1.300 1.200 25/10/2010
1.600 1.600 1.500 1.600 1.600 1.500 1.500 1.500 1.700 1.700 1.500 1.500 1.700 1.700 1.700 1.900 2.000 1.700 1.700 1.700 1.900 2.000 1.700 1.700 1.700 2.000 2.000 1.800 1.800 1.700 26/10/2010
1.900 1.900 1.900 1.700 1.300 1.900 1.900 1.900 1.800 1.400 1.900 1.900 1.800 1.800 1.400 1.800 1.700 1.800 1.800 1.800 1.800 1.700 1.800 1.800 1.800 1.900 1.700 1.900 1.800 1.800 27/10/2010
0.900 0.900 0.900 0.700 0.900 0.900 1.000 0.900 1.000 0.900 0.900 0.900 1.100 1.000 0.900 0.900 1.100 1.000 1.000 1.000 0.900 1.100 1.000 1.100 1.100 0.900 1.100 1.100 1.100 1.000 28/10/2010
3.000 3.000 3.000 2.300 2.000 3.000 3.000 3.000 3.000 2.100 3.000 3.000 3.000 3.000 2.100 1.900 1.600 3.000 3.000 3.000 1.900 1.600 3.000 3.000 3.000 1.900 1.600 3.000 3.000 3.000 29/10/2010
1.500 1.500 1.500 1.400 1.100 1.500 1.400 1.500 1.300 1.100 1.500 1.500 1.300 1.200 1.200 1.400 1.400 1.300 1.200 1.200 1.400 1.400 1.300 1.300 1.300 1.500 1.400 1.300 1.300 1.200 30/10/2010
1.500 1.400 1.400 1.100 1.000 1.400 1.400 1.400 1.300 1.000 1.400 1.400 1.300 1.300 1.000 1.200 0.800 1.300 1.300 1.300 1.200 0.800 1.300 1.400 1.400 1.200 0.800 1.400 1.400 1.300 31/10/2010
0.600 0.600 0.600 0.500 1.500 0.600 0.600 0.600 1.200 1.500 0.600 0.600 1.200 1.200 1.600 0.800 1.400 1.200 1.200 1.200 0.800 1.400 1.200 1.300 1.300 0.800 1.400 1.300 1.300 1.200 01/11/2010
0.600 0.500 0.500 0.400 0.600 0.500 0.500 0.500 0.700 0.600 0.500 0.500 0.700 0.700 0.600 0.600 0.900 0.700 0.700 0.700 0.600 0.900 0.700 0.700 0.700 0.600 0.900 0.700 0.700 0.700 02/11/2010
0.900 0.800 0.800 0.700 1.100 0.800 0.800 0.800 0.900 1.100 0.800 0.800 1.000 0.900 1.100 1.000 1.600 1.000 0.900 0.900 1.000 1.600 0.900 1.000 1.000 1.100 1.600 1.000 1.000 0.900 03/11/2010
0.700 0.600 0.600 0.400 0.500 0.600 0.600 0.600 0.500 0.500 0.600 0.600 0.500 0.500 0.500 0.600 0.800 0.500 0.500 0.500 0.700 0.800 0.500 0.600 0.600 0.700 0.900 0.600 0.600 0.500 04/11/2010
0.500 0.500 0.500 0.500 0.800 0.500 0.500 0.500 0.600 0.800 0.500 0.500 0.600 0.600 0.800 0.500 0.900 0.600 0.600 0.600 0.500 0.900 0.600 0.600 0.600 0.500 0.900 0.600 0.600 0.600 05/11/2010
0.700 0.700 0.700 0.700 0.600 0.700 0.600 0.700 0.600 0.600 0.700 0.700 0.600 0.600 0.600 0.600 0.900 0.600 0.600 0.600 0.600 0.900 0.600 0.600 0.600 0.600 0.900 0.700 0.700 0.600 06/11/2010
0.400 0.400 0.400 0.200 0.400 0.400 0.300 0.400 0.400 0.400 0.400 0.400 0.400 0.400 0.400 0.500 0.700 0.400 0.300 0.300 0.500 0.700 0.400 0.400 0.400 0.600 0.700 0.400 0.400 0.300 07/11/2010
0.200 0.200 0.200 0.200 0.200 0.200 0.200 0.200 0.200 0.200 0.200 0.200 0.200 0.200 0.200 0.200 0.400 0.200 0.200 0.200 0.200 0.400 0.200 0.200 0.200 0.200 0.400 0.200 0.200 0.200 08/11/2010
1.100 1.100 1.000 0.900 0.700 1.000 1.000 1.000 0.800 0.700 1.000 1.000 0.800 0.800 0.700 0.600 0.800 0.800 0.800 0.800 0.600 0.800 0.800 0.800 0.800 0.600 0.800 0.800 0.800 0.800 09/11/2010
1.000 1.000 0.900 0.500 0.600 0.900 0.900 0.900 0.800 0.600 0.900 0.900 0.800 0.800 0.700 0.800 1.000 0.800 0.800 0.800 0.800 1.000 0.800 0.800 0.800 0.800 1.000 0.900 0.900 0.800 10/11/2010
0.400 0.400 0.500 0.400 0.400 0.500 0.500 0.500 0.300 0.400 0.500 0.500 0.300 0.300 0.400 0.400 0.300 0.300 0.300 0.300 0.300 0.400 0.300 0.300 0.300 0.300 0.300 0.300 0.300 0.300 11/11/2010
0.400 0.400 0.400 0.200 0.300 0.400 0.400 0.400 0.300 0.300 0.400 0.400 0.300 0.300 0.300 0.300 0.600 0.300 0.300 0.300 0.300 0.600 0.300 0.300 0.300 0.300 0.600 0.300 0.300 0.300 12/11/2010
2.100 2.100 2.100 1.900 1.500 2.000 2.000 2.000 2.000 1.600 2.000 2.100 2.100 2.000 1.600 1.400 1.900 2.100 2.000 2.000 1.400 1.900 2.000 2.100 2.100 1.500 1.900 2.100 2.100 2.000 13/11/2010
0.700 0.700 0.700 0.600 0.400 0.600 0.600 0.600 0.600 0.400 0.700 0.700 0.600 0.600 0.500 0.400 0.400 0.600 0.500 0.600 0.500 0.400 0.600 0.600 0.600 0.500 0.400 0.600 0.600 0.500 14/11/2010
1.100 1.100 1.100 0.800 0.500 1.000 1.000 1.000 0.800 0.600 1.000 1.000 0.800 0.800 0.600 0.900 1.200 0.800 0.800 0.800 0.900 1.200 0.800 0.800 0.800 0.900 1.200 0.900 0.800 0.800 15/11/2010
0.800 0.800 0.800 0.600 0.500 0.800 0.700 0.800 0.700 0.500 0.800 0.800 0.700 0.700 0.500 0.900 1.200 0.700 0.700 0.700 1.000 1.200 0.700 0.700 0.700 1.000 1.200 0.700 0.700 0.700 16/11/2010
0.400 0.400 0.400 0.200 0.300 0.400 0.400 0.400 0.400 0.300 0.400 0.400 0.400 0.400 0.300 0.300 0.200 0.400 0.400 0.400 0.300 0.200 0.400 0.400 0.400 0.300 0.300 0.400 0.400 0.400 17/11/2010
0.800 0.700 0.700 0.800 0.500 0.700 0.700 0.700 0.600 0.500 0.700 0.700 0.600 0.600 0.500 0.800 0.900 0.600 0.600 0.600 0.900 0.900 0.600 0.600 0.600 0.900 0.900 0.600 0.600 0.600 18/11/2010
0.400 0.400 0.400 0.200 0.200 0.400 0.300 0.400 0.300 0.200 0.400 0.400 0.300 0.300 0.200 0.400 0.500 0.300 0.300 0.300 0.400 0.500 0.300 0.300 0.300 0.400 0.500 0.300 0.300 0.300 19/11/2010
0.600 0.600 0.600 0.400 0.300 0.600 0.600 0.600 0.400 0.300 0.600 0.600 0.400 0.400 0.300 0.500 0.600 0.400 0.500 0.400 0.500 0.600 0.400 0.400 0.400 0.600 0.600 0.400 0.400 0.400 20/11/2010
0.500 0.500 0.500 0.500 0.400 0.500 0.500 0.500 0.400 0.400 0.500 0.500 0.400 0.400 0.400 0.400 0.600 0.400 0.400 0.400 0.400 0.600 0.400 0.400 0.400 0.400 0.600 0.500 0.500 0.400 21/11/2010
0.400 0.400 0.300 0.200 0.200 0.300 0.300 0.300 0.300 0.300 0.300 0.300 0.300 0.300 0.300 0.300 0.500 0.300 0.300 0.300 0.400 0.500 0.300 0.300 0.300 0.400 0.500 0.400 0.300 0.300 22/11/2010
0.800 0.700 0.700 0.400 0.500 0.700 0.700 0.700 0.700 0.500 0.700 0.700 0.700 0.700 0.600 0.700 0.900 0.700 0.700 0.700 0.800 0.900 0.700 0.700 0.700 0.800 0.900 0.700 0.700 0.700 23/11/2010
0.600 0.600 0.600 0.400 0.300 0.600 0.500 0.600 0.500 0.400 0.600 0.600 0.500 0.500 0.400 0.500 0.600 0.500 0.500 0.500 0.500 0.600 0.500 0.500 0.500 0.500 0.700 0.500 0.500 0.500 24/11/2010
0.400 0.300 0.300 0.200 0.200 0.300 0.300 0.300 0.300 0.200 0.300 0.300 0.300 0.300 0.200 0.300 0.400 0.300 0.300 0.300 0.400 0.400 0.300 0.300 0.300 0.400 0.400 0.300 0.300 0.300 25/11/2010
0.500 0.400 0.400 0.300 0.200 0.400 0.400 0.400 0.300 0.300 0.400 0.400 0.300 0.300 0.300 0.400 0.400 0.300 0.300 0.300 0.400 0.400 0.300 0.300 0.300 0.400 0.400 0.300 0.300 0.300 26/11/2010
0.400 0.400 0.400 0.300 0.300 0.300 0.300 0.300 0.400 0.300 0.400 0.400 0.400 0.400 0.300 0.400 0.800 0.400 0.400 0.400 0.500 0.800 0.400 0.400 0.400 0.500 0.900 0.500 0.500 0.400 27/11/2010
0.300 0.300 0.300 0.100 0.000 0.300 0.300 0.300 0.200 0.100 0.300 0.300 0.200 0.200 0.100 0.400 0.500 0.200 0.100 0.200 0.400 0.500 0.200 0.200 0.200 0.400 0.500 0.200 0.200 0.100 28/11/2010
0.500 0.500 0.500 0.400 0.400 0.500 0.500 0.500 0.500 0.500 0.500 0.500 0.500 0.500 0.500 0.700 0.700 0.500 0.400 0.500 0.700 0.700 0.500 0.500 0.500 0.800 0.700 0.500 0.500 0.400 29/11/2010
0.300 0.300 0.300 0.200 0.100 0.300 0.300 0.300 0.300 0.100 0.300 0.300 0.300 0.300 0.200 0.300 0.300 0.300 0.300 0.300 0.300 0.300 0.300 0.300 0.300 0.300 0.300 0.300 0.300 0.300 30/11/2010
0.300 0.300 0.300 0.200 0.200 0.300 0.300 0.300 0.200 0.200 0.300 0.300 0.200 0.200 0.200 0.200 0.400 0.200 0.200 0.200 0.200 0.400 0.200 0.200 0.200 0.300 0.400 0.300 0.300 0.200 01/12/2010
0.200 0.200 0.200 0.200 0.100 0.200 0.200 0.200 0.100 0.100 0.200 0.200 0.200 0.100 0.200 0.200 0.200 0.200 0.100 0.100 0.200 0.200 0.100 0.200 0.200 0.200 0.200 0.200 0.200 0.100 02/12/2010
0.400 0.400 0.400 0.200 0.300 0.400 0.300 0.400 0.400 0.300 0.400 0.400 0.400 0.400 0.400 0.400 0.500 0.400 0.400 0.400 0.400 0.500 0.400 0.400 0.400 0.400 0.600 0.400 0.400 0.400 03/12/2010
0.300 0.300 0.300 0.200 0.300 0.400 0.400 0.400 0.200 0.300 0.300 0.300 0.200 0.200 0.300 0.200 0.200 0.200 0.200 0.200 0.200 0.200 0.200 0.200 0.200 0.200 0.200 0.200 0.200 0.200 04/12/2010
0.700 0.700 0.700 0.700 0.400 0.700 0.700 0.700 0.600 0.400 0.700 0.700 0.600 0.600 0.400 0.400 0.300 0.600 0.600 0.600 0.400 0.300 0.600 0.600 0.600 0.400 0.300 0.600 0.600 0.600 05/12/2010
0.300 0.300 0.300 0.300 0.300 0.300 0.200 0.300 0.300 0.300 0.300 0.300 0.300 0.300 0.300 0.400 0.500 0.300 0.300 0.300 0.400 0.500 0.300 0.300 0.300 0.400 0.500 0.300 0.300 0.300 06/12/2010
1.200 1.100 1.100 1.000 0.700 1.100 1.100 1.100 0.900 0.700 1.100 1.100 0.900 0.900 0.700 0.800 0.700 0.900 0.900 0.900 0.800 0.700 0.900 0.900 0.900 0.800 0.700 0.900 0.900 0.900 07/12/2010
0.900 0.900 0.900 0.600 1.600 0.800 0.800 0.800 1.600 1.600 0.900 0.900 1.600 1.600 1.600 1.300 2.200 1.600 1.600 1.600 1.300 2.200 1.600 1.600 1.600 1.400 2.200 1.600 1.600 1.600 08/12/2010
0.700 0.700 0.700 0.500 0.800 0.700 0.700 0.700 0.700 0.700 0.700 0.700 0.700 0.700 0.700 0.900 1.000 0.700 0.700 0.700 0.900 1.000 0.700 0.700 0.700 0.900 1.000 0.700 0.700 0.700 09/12/2010
0.900 0.800 0.800 0.800 0.900 0.800 0.800 0.800 1.000 0.900 0.800 0.800 1.000 1.000 1.000 0.800 1.000 1.000 1.000 1.000 0.900 1.000 1.000 1.000 1.000 0.900 1.000 1.000 1.000 1.000 10/12/2010
1.100 1.200 1.200 0.900 0.800 1.200 1.200 1.200 0.800 0.800 1.200 1.200 0.800 0.900 0.800 0.900 0.800 0.800 0.900 0.900 0.800 0.800 0.800 0.800 0.800 0.800 0.800 0.800 0.800 0.900 11/12/2010
1.100 1.100 1.000 1.000 0.900 1.000 1.000 1.000 1.000 0.900 1.000 1.000 1.000 1.000 0.900 0.800 0.800 1.000 0.900 1.000 0.800 0.800 1.000 1.000 1.000 0.800 0.800 1.000 1.000 0.900 12/12/2010
1.000 1.000 1.000 0.900 1.100 0.900 0.900 0.900 1.100 1.100 1.000 1.000 1.100 1.100 1.100 0.900 1.000 1.100 1.100 1.100 0.900 1.000 1.100 1.100 1.100 0.900 1.000 1.100 1.100 1.100 13/12/2010
0.500 0.500 0.500 0.300 1.100 0.500 0.600 0.500 0.900 1.100 0.500 0.500 0.900 0.900 1.000 0.800 0.900 0.900 0.900 0.900 0.800 0.900 0.900 0.900 0.900 0.800 0.900 0.900 0.900 0.900 14/12/2010
0.500 0.500 0.500 0.500 0.700 0.500 0.500 0.500 0.500 0.700 0.500 0.500 0.500 0.500 0.700 0.500 0.600 0.500 0.500 0.500 0.500 0.600 0.500 0.500 0.500 0.500 0.600 0.500 0.500 0.500 15/12/2010
0.300 0.300 0.300 0.300 0.500 0.300 0.300 0.300 0.400 0.500 0.300 0.300 0.400 0.400 0.500 0.300 0.500 0.400 0.400 0.400 0.300 0.500 0.400 0.400 0.400 0.300 0.500 0.400 0.400 0.400 16/12/2010
0.500 0.500 0.500 0.400 0.400 0.400 0.400 0.400 0.400 0.400 0.400 0.500 0.400 0.400 0.400 0.400 0.300 0.400 0.400 0.400 0.400 0.300 0.400 0.400 0.400 0.400 0.300 0.400 0.400 0.400 17/12/2010
0.300 0.300 0.300 0.200 0.100 0.300 0.300 0.300 0.200 0.100 0.300 0.300 0.200 0.200 0.100 0.300 0.200 0.200 0.200 0.200 0.300 0.200 0.200 0.200 0.200 0.300 0.200 0.200 0.200 0.200 18/12/2010
0.600 0.600 0.600 0.700 0.800 0.600 0.600 0.600 0.700 0.800 0.600 0.600 0.700 0.700 0.800 0.400 0.500 0.700 0.700 0.700 0.400 0.500 0.700 0.700 0.700 0.400 0.500 0.700 0.700 0.700 19/12/2010
0.700 0.700 0.700 0.700 0.900 0.700 0.700 0.700 1.100 0.900 0.700 0.700 1.100 1.100 0.900 1.100 1.200 1.100 1.100 1.100 1.100 1.200 1.100 1.100 1.100 1.100 1.200 1.200 1.100 1.100 20/12/2010
0.400 0.400 0.400 0.600 0.300 0.400 0.400 0.400 0.400 0.300 0.400 0.400 0.400 0.400 0.300 0.200 0.300 0.400 0.400 0.400 0.200 0.300 0.400 0.400 0.400 0.200 0.300 0.400 0.400 0.400 21/12/2010
0.300 0.300 0.300 0.200 0.300 0.300 0.300 0.300 0.400 0.300 0.300 0.300 0.400 0.400 0.300 0.300 0.400 0.400 0.400 0.400 0.300 0.400 0.400 0.400 0.400 0.300 0.400 0.400 0.400 0.400 22/12/2010
0.100 0.100 0.100 0.100 0.200 0.100 0.100 0.100 0.200 0.200 0.100 0.100 0.200 0.200 0.200 0.200 0.200 0.200 0.200 0.200 0.200 0.200 0.200 0.200 0.200 0.200 0.200 0.200 0.200 0.200 23/12/2010
0.400 0.400 0.400 0.300 0.400 0.400 0.400 0.400 0.300 0.400 0.400 0.400 0.300 0.300 0.400 0.200 0.300 0.300 0.300 0.300 0.200 0.300 0.300 0.300 0.300 0.200 0.300 0.300 0.300 0.300 24/12/2010
1.100 1.100 1.100 1.000 1.000 1.100 1.100 1.100 1.000 1.000 1.100 1.100 1.000 1.000 1.000 1.000 1.000 1.000 1.000 1.000 1.000 1.000 1.000 1.000 1.000 1.000 1.000 1.000 1.000 1.000 25/12/2010
0.800 0.800 0.800 0.600 0.900 0.800 0.700 0.800 0.900 0.900 0.800 0.800 0.900 0.900 0.900 0.700 0.800 0.900 0.900 0.900 0.700 0.800 0.900 0.900 0.900 0.800 0.700 0.900 0.900 0.900 26/12/2010
1.100 1.200 1.200 1.200 1.100 1.200 1.200 1.200 1.300 1.100 1.200 1.200 1.300 1.300 1.100 1.000 1.100 1.300 1.300 1.300 1.000 1.100 1.300 1.300 1.200 1.000 1.100 1.200 1.200 1.300 27/12/2010
0.600 0.600 0.600 0.600 0.800 0.600 0.700 0.600 0.800 0.800 0.600 0.600 0.800 0.800 0.700 0.400 0.700 0.800 0.800 0.800 0.400 0.700 0.800 0.800 0.800 0.400 0.700 0.800 0.800 0.800 28/12/2010
0.600 0.600 0.600 0.400 0.700 0.600 0.600 0.600 0.800 0.700 0.600 0.600 0.800 0.800 0.700 0.600 0.500 0.800 0.800 0.800 0.600 0.500 0.800 0.800 0.800 0.500 0.500 0.800 0.800 0.800 29/12/2010
1.200 1.200 1.200 1.000 0.900 1.200 1.200 1.200 1.100 0.900 1.200 1.200 1.100 1.000 0.900 0.500 0.600 1.100 1.000 1.000 0.500 0.600 1.000 1.100 1.100 0.500 0.600 1.100 1.100 1.000 30/12/2010
1.100 1.000 1.000 0.700 0.700 1.000 1.000 1.000 1.000 0.800 1.000 1.000 1.000 1.000 0.800 1.200 1.000 1.000 1.000 1.000 1.200 1.000 1.000 1.000 1.000 1.200 1.000 1.000 1.000 1.000 31/12/2010
0.200 0.200 0.200 0.100 0.600 0.200 0.200 0.200 0.600 0.700 0.200 0.200 0.600 0.600 0.700 0.200 0.400 0.600 0.600 0.600 0.300 0.400 0.600 0.600 0.600 0.300 0.400 0.700 0.700 0.600 01/01/2011
0.800 0.800 0.800 0.500 1.000 0.800 0.700 0.800 0.900 1.000 0.800 0.800 0.900 0.900 1.000 0.800 0.900 0.900 0.900 0.900 0.800 0.900 0.900 0.900 0.900 0.800 0.900 0.800 0.900 0.900 02/01/2011
1.000 1.000 1.000 0.900 0.900 1.000 1.000 1.000 1.000 0.900 1.000 1.000 1.100 1.000 0.900 0.700 0.700 1.100 1.000 1.000 0.700 0.700 1.000 1.100 1.100 0.700 0.700 1.100 1.100 1.000 03/01/2011
0.500 0.500 0.500 0.500 0.400 0.500 0.600 0.500 0.500 0.400 0.500 0.500 0.500 0.500 0.400 0.500 0.500 0.500 0.500 0.500 0.500 0.500 0.500 0.500 0.500 0.500 0.500 0.600 0.600 0.500 04/01/2011
0.400 0.300 0.300 0.200 0.400 0.300 0.300 0.300 0.400 0.400 0.300 0.300 0.400 0.400 0.400 0.400 0.700 0.400 0.400 0.400 0.400 0.600 0.400 0.500 0.500 0.400 0.700 0.500 0.500 0.400 05/01/2011
0.800 0.800 0.800 0.700 0.500 0.800 0.800 0.800 0.500 0.500 0.800 0.800 0.500 0.500 0.500 0.500 0.300 0.500 0.500 0.500 0.500 0.300 0.500 0.500 0.500 0.400 0.300 0.500 0.500 0.500 06/01/2011
1.400 1.400 1.400 1.300 0.800 1.400 1.400 1.400 1.000 0.800 1.400 1.400 1.000 1.000 0.800 0.700 0.900 1.000 1.000 1.000 0.700 0.900 1.000 1.000 1.000 0.700 0.900 1.000 1.000 1.000 07/01/2011
1.800 1.800 1.800 1.900 1.200 1.800 1.800 1.800 1.300 1.200 1.800 1.800 1.300 1.300 1.200 1.000 1.000 1.300 1.300 1.300 1.000 1.000 1.300 1.400 1.400 1.000 1.000 1.400 1.400 1.300 08/01/2011
0.500 0.500 0.500 0.300 0.200 0.500 0.400 0.500 0.400 0.200 0.500 0.500 0.400 0.400 0.300 0.600 0.600 0.400 0.400 0.400 0.600 0.600 0.400 0.400 0.400 0.600 0.700 0.400 0.400 0.400 09/01/2011
0.800 0.800 0.800 0.400 0.500 0.800 0.800 0.800 0.700 0.500 0.800 0.800 0.700 0.700 0.600 0.700 0.600 0.700 0.700 0.700 0.700 0.600 0.700 0.700 0.700 0.700 0.600 0.700 0.700 0.700 10/01/2011
0.600 0.600 0.600 0.400 0.600 0.500 0.500 0.500 0.700 0.600 0.600 0.600 0.700 0.600 0.600 0.500 0.300 0.700 0.600 0.600 0.500 0.300 0.700 0.700 0.700 0.500 0.300 0.700 0.700 0.600 11/01/2011
0.400 0.400 0.400 0.300 0.300 0.400 0.300 0.400 0.500 0.300 0.400 0.400 0.500 0.500 0.400 0.300 0.400 0.500 0.500 0.500 0.300 0.400 0.500 0.500 0.500 0.300 0.400 0.600 0.600 0.500 12/01/2011
0.500 0.500 0.500 0.300 0.200 0.500 0.500 0.500 0.400 0.200 0.500 0.500 0.400 0.400 0.200 0.600 0.700 0.400 0.300 0.400 0.600 0.700 0.400 0.400 0.400 0.600 0.800 0.400 0.400 0.300 13/01/2011
0.800 0.800 0.800 0.700 0.500 0.700 0.700 0.700 0.600 0.500 0.700 0.700 0.700 0.600 0.500 0.400 0.400 0.600 0.600 0.600 0.400 0.400 0.600 0.700 0.700 0.400 0.400 0.700 0.700 0.600 14/01/2011
0.700 0.600 0.600 0.700 0.200 0.600 0.500 0.600 0.500 0.200 0.600 0.600 0.500 0.500 0.200 0.300 0.400 0.500 0.400 0.400 0.300 0.400 0.500 0.500 0.500 0.400 0.400 0.500 0.500 0.400 15/01/2011
1.300 1.300 1.300 1.100 1.000 1.200 1.200 1.200 1.200 1.000 1.200 1.200 1.200 1.200 1.000 1.000 0.800 1.200 1.200 1.200 1.000 0.800 1.200 1.300 1.300 1.000 0.900 1.300 1.300 1.200 16/01/2011
0.700 0.700 0.700 0.400 0.500 0.700 0.700 0.700 0.600 0.500 0.700 0.700 0.700 0.600 0.500 0.400 0.500 0.700 0.600 0.600 0.400 0.500 0.600 0.700 0.700 0.500 0.500 0.700 0.700 0.600 17/01/2011
0.600 0.600 0.600 0.400 0.300 0.500 0.500 0.500 0.400 0.300 0.500 0.600 0.400 0.400 0.300 0.500 0.300 0.400 0.300 0.300 0.500 0.300 0.400 0.400 0.400 0.500 0.300 0.400 0.400 0.300 18/01/2011
1.500 1.500 1.400 1.300 1.500 1.400 1.400 1.400 1.600 1.500 1.400 1.400 1.600 1.600 1.500 1.300 1.400 1.600 1.600 1.600 1.300 1.400 1.600 1.600 1.600 1.400 1.400 1.600 1.600 1.600 19/01/2011
0.900 0.900 0.900 0.700 0.800 0.900 0.800 0.900 0.900 0.900 0.900 0.900 0.900 0.900 0.900 0.900 1.100 0.900 0.900 0.900 0.900 1.000 0.900 0.900 0.900 1.000 1.100 0.900 0.900 0.900 20/01/2011
0.800 0.800 0.800 0.800 1.200 0.800 0.800 0.800 1.000 1.200 0.800 0.800 1.000 1.000 1.200 0.700 1.100 1.000 1.000 1.000 0.800 1.100 1.000 1.000 1.000 0.800 1.100 1.000 1.000 1.000 21/01/2011
0.700 0.700 0.700 0.600 1.200 0.700 0.700 0.700 1.100 1.200 0.700 0.700 1.100 1.100 1.200 0.500 1.000 1.100 1.100 1.100 0.500 1.000 1.100 1.100 1.100 0.600 1.000 1.100 1.100 1.100 22/01/2011
0.900 0.900 0.900 0.700 1.000 0.900 0.800 0.900 1.100 1.000 0.900 0.900 1.100 1.000 1.000 0.900 0.800 1.100 1.000 1.000 0.900 0.800 1.100 1.100 1.100 0.900 0.800 1.100 1.100 1.000 23/01/2011
0.700 0.700 0.700 0.600 1.100 0.700 0.600 0.700 1.000 1.100 0.700 0.700 1.000 1.000 1.100 0.700 1.100 1.000 1.000 1.000 0.700 1.100 1.000 1.000 1.000 0.700 1.100 1.000 1.000 1.000 24/01/2011
0.200 0.200 0.200 0.200 0.700 0.200 0.200 0.200 0.500 0.700 0.200 0.200 0.500 0.500 0.800 0.400 0.800 0.500 0.500 0.500 0.400 0.800 0.500 0.500 0.500 0.500 0.800 0.600 0.600 0.500 25/01/2011
0.600 0.600 0.600 0.400 0.600 0.600 0.600 0.600 0.600 0.600 0.600 0.600 0.600 0.600 0.600 0.700 0.700 0.600 0.600 0.600 0.600 0.700 0.600 0.600 0.600 0.600 0.700 0.600 0.600 0.600 26/01/2011
1.100 1.100 1.100 1.000 1.400 1.100 1.100 1.100 1.600 1.400 1.100 1.100 1.600 1.600 1.400 1.200 1.400 1.600 1.600 1.600 1.200 1.400 1.600 1.600 1.600 1.200 1.400 1.600 1.600 1.600 27/01/2011
0.900 0.900 0.900 0.600 0.900 0.900 0.900 0.900 1.000 0.900 0.900 0.900 1.000 1.000 0.900 0.700 0.900 1.000 1.000 1.000 0.700 0.900 1.000 1.000 1.000 0.700 0.900 0.900 0.900 1.000 28/01/2011
0.700 0.700 0.700 0.800 1.000 0.700 0.700 0.700 1.000 1.000 0.700 0.700 1.000 1.000 1.000 0.500 0.500 1.000 1.000 1.000 0.500 0.500 1.000 1.000 1.000 0.400 0.500 0.900 0.900 1.000 29/01/2011
0.400 0.500 0.500 0.500 0.800 0.500 0.500 0.500 0.500 0.800 0.500 0.500 0.500 0.500 0.800 0.300 0.500 0.500 0.500 0.500 0.300 0.500 0.500 0.500 0.500 0.300 0.600 0.500 0.500 0.500 30/01/2011
0.400 0.400 0.400 0.300 0.200 0.400 0.400 0.400 0.200 0.300 0.400 0.400 0.200 0.200 0.300 0.200 0.400 0.200 0.200 0.200 0.200 0.400 0.200 0.200 0.200 0.200 0.400 0.200 0.200 0.200 31/01/2011
0.800 0.700 0.700 0.600 0.500 0.700 0.700 0.700 0.600 0.500 0.700 0.700 0.600 0.600 0.500 0.700 0.700 0.600 0.600 0.600 0.700 0.700 0.600 0.600 0.600 0.700 0.700 0.700 0.700 0.600 01/02/2011
0.700 0.600 0.600 0.400 0.600 0.600 0.500 0.600 0.600 0.600 0.600 0.600 0.700 0.600 0.600 0.700 0.700 0.700 0.600 0.600 0.800 0.600 0.600 0.700 0.700 0.800 0.700 0.700 0.700 0.600 02/02/2011
0.400 0.400 0.400 0.300 0.400 0.400 0.300 0.400 0.400 0.400 0.400 0.400 0.400 0.400 0.400 0.200 0.400 0.400 0.400 0.400 0.200 0.400 0.400 0.400 0.500 0.300 0.400 0.500 0.500 0.400 03/02/2011
0.700 0.700 0.700 0.600 0.300 0.600 0.600 0.600 0.600 0.400 0.600 0.600 0.600 0.600 0.400 0.700 1.200 0.600 0.600 0.600 0.700 1.100 0.600 0.600 0.600 0.700 1.200 0.700 0.700 0.600 04/02/2011
1.100 1.000 1.000 1.200 1.300 1.000 1.000 1.000 1.100 1.300 1.000 1.000 1.100 1.000 1.400 0.900 1.300 1.100 1.000 1.000 1.000 1.300 1.100 1.100 1.100 1.000 1.300 1.100 1.100 1.000 05/02/2011
0.900 0.900 0.900 0.600 1.100 0.800 0.800 0.800 1.100 1.200 0.800 0.800 1.100 1.100 1.200 0.900 1.100 1.100 1.000 1.000 0.900 1.100 1.100 1.100 1.100 1.000 1.100 1.100 1.100 1.000 06/02/2011
1.700 1.700 1.700 1.800 1.700 1.700 1.700 1.700 1.800 1.700 1.700 1.700 1.800 1.800 1.700 1.300 1.500 1.800 1.800 1.800 1.400 1.500 1.800 1.700 1.700 1.400 1.600 1.700 1.700 1.800 07/02/2011
1.600 1.600 1.600 1.500 1.500 1.500 1.500 1.500 1.700 1.500 1.500 1.500 1.700 1.700 1.500 1.300 1.300 1.700 1.700 1.700 1.300 1.300 1.700 1.700 1.700 1.400 1.300 1.700 1.700 1.700 08/02/2011
2.000 2.000 2.000 2.300 2.000 1.900 1.900 1.900 2.100 2.000 2.000 2.000 2.100 2.100 2.000 1.800 1.700 2.100 2.100 2.100 1.800 1.700 2.100 2.100 2.100 1.900 1.800 2.100 2.100 2.100 09/02/2011
1.500 1.500 1.500 1.500 1.300 1.600 1.600 1.600 1.500 1.300 1.600 1.600 1.500 1.500 1.300 1.200 1.400 1.500 1.500 1.500 1.200 1.400 1.500 1.500 1.500 1.200 1.400 1.500 1.500 1.500 10/02/2011
2.200 2.200 2.200 2.000 1.300 2.200 2.200 2.200 1.900 1.300 2.200 2.200 2.000 1.900 1.300 1.900 1.500 2.000 1.900 1.900 2.000 1.500 1.900 2.000 2.000 2.000 1.500 2.000 2.000 1.900 11/02/2011
0.700 0.700 0.700 0.800 0.800 0.700 0.600 0.700 1.200 0.800 0.700 0.700 1.200 1.200 0.800 0.800 1.000 1.200 1.100 1.100 0.800 1.000 1.200 1.200 1.200 0.900 1.000 1.200 1.200 1.100 12/02/2011
1.400 1.400 1.400 1.300 1.200 1.400 1.400 1.400 1.500 1.300 1.400 1.400 1.500 1.500 1.300 0.700 0.600 1.500 1.500 1.500 0.800 0.600 1.500 1.500 1.500 0.800 0.600 1.500 1.500 1.500 13/02/2011
1.100 1.100 1.000 0.800 0.500 1.000 0.900 1.000 0.800 0.600 1.000 1.000 0.800 0.800 0.600 1.000 0.900 0.800 0.800 0.800 1.100 0.900 0.800 0.800 0.800 1.100 0.900 0.900 0.900 0.800 14/02/2011
0.900 0.900 0.900 0.800 0.600 0.900 0.800 0.900 0.800 0.600 0.900 0.900 0.800 0.800 0.700 0.800 1.000 0.800 0.800 0.800 0.800 1.000 0.800 0.800 0.800 0.900 1.000 0.900 0.900 0.800 15/02/2011
1.600 1.600 1.500 1.300 0.900 1.500 1.500 1.500 1.200 0.900 1.500 1.500 1.200 1.100 1.000 1.400 1.400 1.200 1.100 1.100 1.400 1.400 1.200 1.200 1.200 1.400 1.400 1.200 1.200 1.100 16/02/2011
1.400 1.400 1.400 1.400 1.200 1.300 1.300 1.300 1.400 1.200 1.300 1.300 1.400 1.400 1.200 1.400 1.400 1.400 1.400 1.400 1.400 1.400 1.400 1.400 1.400 1.400 1.400 1.400 1.400 1.400 17/02/2011
0.600 0.600 0.600 0.400 0.400 0.500 0.500 0.500 0.500 0.400 0.500 0.600 0.500 0.500 0.400 0.600 0.700 0.500 0.500 0.500 0.600 0.700 0.500 0.500 0.500 0.600 0.700 0.600 0.600 0.500 18/02/2011
0.400 0.400 0.400 0.200 0.300 0.400 0.300 0.400 0.300 0.300 0.400 0.400 0.300 0.300 0.300 0.300 0.500 0.300 0.300 0.300 0.400 0.500 0.300 0.300 0.300 0.400 0.500 0.300 0.300 0.300 19/02/2011
0.600 0.500 0.500 0.200 0.700 0.500 0.400 0.500 0.700 0.700 0.500 0.500 0.700 0.600 0.800 0.700 1.300 0.700 0.600 0.600 0.800 1.300 0.700 0.700 0.700 0.800 1.300 0.700 0.700 0.600 20/02/2011
0.500 0.500 0.500 0.400 0.400 0.500 0.500 0.500 0.600 0.400 0.500 0.500 0.600 0.600 0.400 0.400 0.500 0.600 0.600 0.600 0.400 0.500 0.600 0.600 0.600 0.500 0.500 0.600 0.600 0.600 21/02/2011
0.400 0.400 0.400 0.300 0.400 0.300 0.300 0.300 0.500 0.400 0.300 0.400 0.500 0.500 0.500 0.600 0.500 0.500 0.500 0.500 0.600 0.500 0.500 0.500 0.500 0.600 0.500 0.500 0.500 0.500 22/02/2011
0.600 0.600 0.600 0.500 0.900 0.600 0.600 0.600 0.800 0.900 0.600 0.600 0.800 0.800 0.900 0.500 0.800 0.800 0.800 0.800 0.600 0.800 0.800 0.800 0.800 0.600 0.800 0.800 0.800 0.800 23/02/2011
0.800 0.700 0.700 0.500 0.500 0.700 0.600 0.700 0.800 0.500 0.700 0.700 0.800 0.800 0.500 0.800 0.700 0.800 0.800 0.800 0.800 0.700 0.800 0.800 0.800 0.900 0.700 0.900 0.900 0.800 24/02/2011
1.300 1.300 1.300 1.200 1.500 1.300 1.200 1.300 1.500 1.500 1.300 1.300 1.600 1.500 1.600 1.300 1.700 1.500 1.500 1.500 1.300 1.700 1.500 1.600 1.600 1.400 1.700 1.600 1.600 1.500 25/02/2011
0.900 0.900 0.900 0.600 0.600 0.900 0.800 0.900 0.800 0.600 0.900 0.900 0.800 0.800 0.600 0.900 0.900 0.800 0.800 0.800 0.900 0.900 0.800 0.800 0.800 0.900 0.900 0.800 0.800 0.800 26/02/2011
1.200 1.200 1.200 1.100 1.300 1.200 1.100 1.200 1.200 1.300 1.200 1.200 1.200 1.200 1.300 1.200 1.200 1.200 1.200 1.200 1.200 1.200 1.200 1.200 1.200 1.200 1.200 1.200 1.200 1.200 27/02/2011
1.300 1.300 1.300 1.200 1.500 1.300 1.300 1.300 1.300 1.500 1.300 1.300 1.300 1.300 1.500 1.400 1.600 1.300 1.300 1.300 1.400 1.600 1.300 1.300 1.300 1.400 1.600 1.300 1.300 1.300 28/02/2011
1.100 1.100 1.100 1.000 1.200 1.100 1.100 1.100 1.000 1.200 1.100 1.100 1.000 1.000 1.200 0.900 0.900 1.000 1.000 1.000 0.900 0.900 1.000 1.000 1.000 1.000 0.900 1.000 1.000 1.000 01/03/2011
1.600 1.500 1.500 1.300 0.900 1.500 1.500 1.500 1.000 0.900 1.500 1.500 1.000 1.000 0.900 1.400 1.200 1.000 1.000 1.000 1.400 1.200 1.000 1.000 1.000 1.500 1.200 1.000 1.000 1.000 02/03/2011
2.100 2.100 2.100 1.900 1.900 2.100 2.000 2.100 1.800 1.900 2.100 2.100 1.800 1.800 1.900 1.700 1.700 1.800 1.800 1.800 1.700 1.700 1.800 1.800 1.800 1.800 1.800 1.900 1.900 1.800 03/03/2011
1.900 1.900 1.900 2.000 1.500 1.900 1.900 1.900 1.700 1.600 1.900 1.900 1.700 1.600 1.600 1.400 1.500 1.700 1.600 1.600 1.400 1.500 1.700 1.700 1.700 1.500 1.500 1.700 1.700 1.600 04/03/2011
2.500 2.500 2.500 2.300 2.500 2.500 2.500 2.500 2.600 2.500 2.500 2.500 2.600 2.600 2.500 2.300 2.300 2.600 2.600 2.600 2.300 2.300 2.600 2.600 2.600 2.300 2.300 2.500 2.500 2.600 05/03/2011
2.300 2.300 2.300 1.900 2.500 2.200 2.200 2.200 2.700 2.500 2.200 2.200 2.700 2.700 2.500 2.300 2.200 2.700 2.700 2.700 2.300 2.200 2.700 2.700 2.700 2.300 2.200 2.700 2.700 2.700 06/03/2011
2.100 2.100 2.100 2.200 2.100 2.100 2.100 2.100 2.300 2.100 2.100 2.100 2.300 2.300 2.100 2.000 2.200 2.300 2.300 2.300 2.000 2.200 2.300 2.300 2.300 2.100 2.200 2.300 2.300 2.300 07/03/2011
3.100 3.200 3.200 3.200 3.100 3.300 3.300 3.300 3.100 3.100 3.300 3.300 3.000 3.100 3.100 2.800 3.000 3.000 3.100 3.100 2.800 3.000 3.100 3.000 3.000 2.800 3.000 3.000 3.000 3.100 08/03/2011
2.400 2.400 2.400 1.900 1.900 2.400 2.400 2.400 2.300 2.000 2.400 2.400 2.300 2.300 2.000 2.300 2.200 2.300 2.300 2.300 2.300 2.200 2.300 2.300 2.300 2.300 2.200 2.300 2.300 2.300 09/03/2011
0.800 0.800 0.800 0.900 0.900 0.700 0.700 0.700 1.300 0.900 0.800 0.800 1.300 1.200 0.900 1.000 1.500 1.300 1.200 1.200 1.000 1.500 1.300 1.300 1.300 1.100 1.500 1.300 1.300 1.200 10/03/2011
2.500 2.500 2.500 2.300 2.100 2.500 2.500 2.500 2.500 2.100 2.500 2.500 2.500 2.500 2.200 2.300 2.400 2.500 2.500 2.500 2.300 2.400 2.500 2.500 2.500 2.300 2.400 2.600 2.600 2.500 11/03/2011
1.800 1.800 1.800 1.600 1.300 1.800 1.800 1.800 1.600 1.300 1.800 1.800 1.600 1.500 1.400 1.300 1.300 1.600 1.500 1.500 1.300 1.300 1.600 1.600 1.600 1.300 1.300 1.600 1.600 1.500 12/03/2011
1.300 1.300 1.300 1.300 1.200 1.300 1.300 1.300 1.400 1.300 1.300 1.300 1.400 1.400 1.300 1.200 1.600 1.400 1.400 1.400 1.200 1.600 1.400 1.400 1.400 1.300 1.600 1.400 1.400 1.400 13/03/2011
3.000 3.000 3.000 2.700 2.300 3.000 2.900 3.000 2.800 2.400 3.000 3.000 2.800 2.800 2.400 2.400 2.500 2.800 2.700 2.700 2.400 2.500 2.800 2.800 2.800 2.400 2.500 2.900 2.900 2.700 14/03/2011
2.600 2.600 2.600 2.600 2.600 2.600 2.500 2.600 3.000 2.600 2.600 2.600 3.000 3.000 2.600 2.700 2.700 3.000 3.000 3.000 2.700 2.700 3.000 3.000 3.000 2.700 2.700 3.100 3.100 3.000 15/03/2011
1.500 1.500 1.500 1.200 1.400 1.500 1.500 1.500 1.800 1.400 1.500 1.500 1.800 1.800 1.400 1.500 1.600 1.800 1.800 1.800 1.500 1.600 1.800 1.800 1.800 1.500 1.600 1.800 1.800 1.800 16/03/2011
1.700 1.600 1.600 1.200 1.800 1.600 1.500 1.600 1.700 1.800 1.600 1.600 1.700 1.700 1.800 1.700 2.200 1.700 1.600 1.700 1.700 2.200 1.700 1.700 1.700 1.800 2.200 1.700 1.700 1.600 17/03/2011
0.800 0.800 0.800 0.400 1.200 0.800 0.800 0.800 1.200 1.200 0.800 0.800 1.200 1.200 1.300 1.100 1.700 1.200 1.200 1.200 1.100 1.700 1.200 1.200 1.200 1.100 1.700 1.300 1.300 1.200 18/03/2011
2.200 2.200 2.100 1.900 2.700 2.100 2.100 2.100 2.400 2.700 2.100 2.100 2.400 2.400 2.700 2.300 2.700 2.400 2.400 2.400 2.300 2.600 2.400 2.400 2.400 2.300 2.700 2.400 2.400 2.400 19/03/2011
2.800 2.800 2.800 2.500 2.700 2.800 2.700 2.800 2.900 2.700 2.800 2.800 2.900 2.900 2.700 2.700 2.200 2.900 2.900 2.900 2.700 2.200 2.900 2.900 2.900 2.700 2.200 2.900 2.900 2.900 20/03/2011
4.100 4.100 4.100 3.700 4.200 4.100 4.100 4.100 4.400 4.200 4.100 4.100 4.400 4.400 4.200 4.000 4.000 4.400 4.500 4.500 4.000 4.000 4.400 4.400 4.400 4.000 4.000 4.400 4.400 4.500 21/03/2011
3.700 3.700 3.700 3.500 3.100 3.700 3.700 3.700 3.400 3.100 3.700 3.700 3.400 3.400 3.200 3.300 3.400 3.400 3.300 3.300 3.300 3.400 3.400 3.400 3.400 3.300 3.400 3.400 3.400 3.300 22/03/2011
3.700 3.700 3.700 3.400 3.000 3.700 3.700 3.700 3.500 3.000 3.700 3.700 3.500 3.500 3.000 3.200 3.600 3.500 3.500 3.500 3.200 3.600 3.500 3.500 3.500 3.300 3.600 3.500 3.500 3.500 23/03/2011
4.500 4.600 4.600 4.900 4.500 4.700 4.800 4.700 4.800 4.500 4.700 4.700 4.800 4.800 4.500 4.600 4.700 4.800 4.800 4.800 4.600 4.700 4.800 4.800 4.800 4.600 4.700 4.700 4.700 4.800 24/03/2011
3.100 3.100 3.100 3.000 2.700 3.200 3.200 3.200 3.700 2.700 3.200 3.200 3.700 3.700 2.700 2.500 2.600 3.700 3.700 3.700 2.500 2.600 3.700 3.700 3.700 2.500 2.600 3.700 3.700 3.700 25/03/2011
2.800 2.800 2.800 2.500 1.900 2.800 2.800 2.800 2.500 1.900 2.800 2.800 2.500 2.500 2.000 2.400 2.500 2.500 2.500 2.500 2.400 2.500 2.500 2.500 2.500 2.400 2.500 2.600 2.600 2.500 26/03/2011
1.200 1.200 1.200 0.900 0.700 1.200 1.100 1.200 0.900 0.700 1.200 1.200 0.900 0.900 0.700 1.800 1.600 0.900 0.900 0.900 1.800 1.600 0.900 0.900 0.900 1.900 1.600 0.900 0.900 0.900 27/03/2011
1.100 1.100 1.100 1.600 2.000 1.100 1.100 1.100 1.300 2.000 1.100 1.100 1.300 1.200 2.100 1.700 2.200 1.300 1.200 1.200 1.700 2.200 1.300 1.300 1.300 1.700 2.200 1.300 1.300 1.200 28/03/2011
1.500 1.500 1.500 1.300 1.500 1.500 1.400 1.500 1.400 1.500 1.500 1.500 1.400 1.400 1.500 1.300 2.000 1.400 1.400 1.400 1.400 1.900 1.400 1.400 1.400 1.400 2.000 1.400 1.400 1.400 29/03/2011
1.800 1.800 1.800 1.600 1.700 1.700 1.700 1.700 1.800 1.700 1.700 1.800 1.800 1.800 1.700 1.800 2.100 1.800 1.700 1.800 1.800 2.100 1.800 1.800 1.800 1.900 2.200 1.900 1.900 1.700 30/03/2011
0.600 0.600 0.600 0.400 0.800 0.600 0.500 0.600 0.800 0.800 0.600 0.600 0.800 0.700 0.800 0.800 1.400 0.800 0.700 0.700 0.800 1.400 0.800 0.800 0.800 0.800 1.400 0.800 0.800 0.700 31/03/2011
3.500 3.500 3.500 3.300 3.100 3.500 3.500 3.500 3.500 3.200 3.500 3.500 3.500 3.500 3.200 3.300 2.900 3.500 3.500 3.500 3.300 2.900 3.500 3.500 3.500 3.300 2.900 3.500 3.500 3.500 01/04/2011
4.900 4.900 4.900 4.500 3.900 4.900 5.000 4.900 4.600 4.000 4.900 4.900 4.600 4.500 4.000 4.300 3.800 4.600 4.500 4.500 4.300 3.800 4.600 4.600 4.600 4.300 3.800 4.600 4.600 4.500 02/04/2011
0.800 0.700 0.700 0.600 0.900 0.700 0.700 0.700 0.800 0.900 0.700 0.700 0.800 0.800 0.900 1.000 1.500 0.800 0.800 0.800 1.000 1.500 0.800 0.800 0.800 1.100 1.600 0.900 0.900 0.800 03/04/2011
2.400 2.400 2.400 2.300 2.700 2.300 2.300 2.300 2.500 2.800 2.300 2.300 2.500 2.400 2.800 2.600 3.000 2.500 2.400 2.400 2.600 3.000 2.400 2.500 2.500 2.600 3.000 2.500 2.500 2.400 04/04/2011
3.700 3.700 3.700 3.200 3.500 3.700 3.600 3.700 4.200 3.500 3.700 3.700 4.200 4.200 3.500 3.700 3.600 4.200 4.200 4.200 3.800 3.600 4.200 4.200 4.200 3.800 3.600 4.200 4.200 4.200 05/04/2011
4.600 4.600 4.600 4.500 4.300 4.600 4.600 4.600 5.000 4.300 4.600 4.600 5.000 5.000 4.300 4.400 4.500 5.000 5.000 5.000 4.400 4.500 5.000 5.000 5.000 4.300 4.500 5.000 5.000 5.000 06/04/2011
5.000 5.000 5.000 4.300 4.400 5.000 5.000 5.000 5.300 4.400 5.000 5.000 5.300 5.300 4.500 4.900 4.900 5.300 5.300 5.300 4.900 4.900 5.300 5.300 5.300 4.900 4.900 5.300 5.300 5.300 07/04/2011
5.700 5.700 5.700 5.300 5.500 5.700 5.700 5.700 5.900 5.500 5.700 5.700 5.900 5.900 5.600 5.500 5.800 5.900 5.900 5.900 5.500 5.800 5.900 5.900 5.900 5.500 5.800 5.900 5.900 5.900 08/04/2011
4.700 4.600 4.600 4.000 4.400 4.600 4.500 4.600 5.200 4.400 4.600 4.600 5.200 5.200 4.400 4.500 4.700 5.200 5.200 5.200 4.500 4.700 5.200 5.200 5.200 4.500 4.700 5.200 5.200 5.200 09/04/2011
1.600 1.500 1.500 1.600 2.500 1.500 1.500 1.500 2.000 2.500 1.500 1.500 2.000 2.000 2.600 1.700 2.800 2.000 2.000 2.000 1.800 2.800 2.000 2.000 2.000 1.800 2.800 2.100 2.100 2.000 10/04/2011
1.900 1.900 1.900 2.600 3.500 1.900 1.900 1.900 2.500 3.500 1.900 1.900 2.500 2.500 3.500 2.200 3.300 2.500 2.500 2.500 2.300 3.300 2.500 2.500 2.500 2.300 3.400 2.600 2.600 2.500 11/04/2011
3.000 3.000 3.000 2.900 3.500 3.000 2.900 3.000 3.400 3.500 3.000 3.000 3.400 3.400 3.500 3.400 3.900 3.400 3.400 3.400 3.400 3.900 3.400 3.400 3.400 3.500 4.000 3.500 3.400 3.400 12/04/2011
3.400 3.500 3.500 2.900 3.200 3.500 3.500 3.500 3.600 3.200 3.500 3.500 3.600 3.600 3.200 3.400 3.200 3.600 3.600 3.600 3.300 3.200 3.600 3.600 3.500 3.300 3.200 3.500 3.500 3.600 13/04/2011
4.500 4.500 4.600 3.200 3.500 4.600 4.600 4.600 4.700 3.400 4.600 4.600 4.700 4.700 3.400 4.500 4.100 4.700 4.700 4.700 4.500 4.200 4.700 4.700 4.700 4.500 4.100 4.700 4.700 4.700 14/04/2011
4.500 4.500 4.500 3.500 4.100 4.500 4.500 4.500 4.700 4.100 4.500 4.500 4.800 4.700 4.100 4.500 4.400 4.700 4.700 4.700 4.500 4.400 4.700 4.800 4.800 4.500 4.300 4.800 4.800 4.700 15/04/2011
4.600 4.600 4.600 4.300 4.400 4.600 4.600 4.600 4.700 4.400 4.600 4.600 4.700 4.700 4.400 4.500 4.700 4.700 4.700 4.700 4.500 4.700 4.700 4.700 4.700 4.500 4.700 4.700 4.700 4.700 16/04/2011
4.200 4.200 4.200 4.200 4.300 4.200 4.200 4.200 4.300 4.300 4.200 4.200 4.300 4.300 4.300 4.200 4.500 4.300 4.300 4.300 4.200 4.500 4.300 4.300 4.300 4.200 4.400 4.300 4.300 4.300 17/04/2011
5.500 5.600 5.600 5.100 4.200 5.700 5.700 5.700 5.200 4.200 5.600 5.600 5.100 5.200 4.200 5.000 5.000 5.100 5.200 5.200 4.900 5.000 5.200 5.100 5.100 4.800 5.000 5.100 5.100 5.200 18/04/2011
6.200 6.200 6.200 5.300 5.000 6.200 6.200 6.200 6.200 5.000 6.200 6.200 6.200 6.200 5.100 5.400 4.800 6.200 6.200 6.200 5.400 4.800 6.200 6.200 6.200 5.500 4.900 6.300 6.200 6.200 19/04/2011
5.100 5.100 5.100 5.300 5.500 5.200 5.200 5.200 5.600 5.500 5.200 5.200 5.600 5.600 5.500 4.300 4.900 5.600 5.600 5.600 4.300 4.900 5.600 5.600 5.600 4.300 4.900 5.600 5.600 5.600 20/04/2011
5.200 5.200 5.200 4.900 5.500 5.200 5.200 5.200 5.400 5.500 5.200 5.200 5.400 5.400 5.500 4.500 4.600 5.400 5.400 5.400 4.500 4.600 5.400 5.400 5.400 4.500 4.600 5.500 5.400 5.400 21/04/2011
5.900 5.900 5.900 6.000 5.500 5.900 5.900 5.900 6.000 5.500 5.900 5.900 6.100 6.000 5.600 5.200 5.200 6.000 6.000 6.000 5.200 5.200 6.000 6.100 6.100 5.200 5.200 6.100 6.100 6.000 22/04/2011
3.000 3.000 3.000 2.700 2.200 3.000 3.000 3.000 2.700 2.200 3.000 3.000 2.700 2.700 2.200 2.800 2.300 2.700 2.700 2.700 2.800 2.300 2.700 2.700 2.700 2.800 2.300 2.700 2.700 2.700 23/04/2011
2.300 2.300 2.300 1.900 2.000 2.300 2.300 2.300 2.400 2.100 2.300 2.300 2.400 2.300 2.100 2.500 2.800 2.400 2.300 2.300 2.500 2.800 2.400 2.400 2.400 2.600 2.800 2.400 2.400 2.300 24/04/2011
4.300 4.300 4.300 2.900 4.600 4.300 4.300 4.300 4.600 4.600 4.300 4.300 4.600 4.600 4.600 4.100 3.500 4.600 4.600 4.600 4.100 3.500 4.600 4.600 4.600 4.100 3.500 4.600 4.600 4.600 25/04/2011
6.100 6.000 6.000 5.300 5.500 6.000 5.900 6.000 5.900 5.500 6.000 6.000 5.900 5.900 5.600 5.600 6.000 5.900 5.900 5.900 5.700 6.000 5.900 5.900 5.900 5.700 6.100 6.000 6.000 5.900 26/04/2011
4.800 4.700 4.700 4.000 4.200 4.700 4.700 4.700 4.900 4.200 4.700 4.700 4.900 4.900 4.200 4.800 4.500 4.900 4.800 4.800 4.800 4.500 4.900 4.900 4.900 4.800 4.500 4.900 4.900 4.800 27/04/2011
3.300 3.300 3.200 2.900 3.600 3.200 3.200 3.200 3.500 3.600 3.200 3.200 3.500 3.400 3.700 3.500 4.100 3.500 3.400 3.400 3.600 4.100 3.500 3.500 3.500 3.600 4.100 3.600 3.500 3.400 28/04/2011
3.300 3.300 3.300 3.400 3.400 3.300 3.200 3.300 3.400 3.400 3.300 3.300 3.500 3.400 3.400 3.400 3.700 3.400 3.400 3.400 3.500 3.700 3.400 3.500 3.500 3.500 3.700 3.500 3.500 3.400 29/04/2011
4.000 4.000 4.000 3.800 3.600 3.900 3.900 3.900 4.000 3.700 3.900 3.900 4.000 4.000 3.700 3.800 3.900 4.000 4.000 4.000 3.800 3.900 4.000 4.100 4.100 3.900 3.900 4.100 4.100 4.000 30/04/2011
2.800 2.800 2.800 2.200 2.500 2.800 2.800 2.800 3.100 2.500 2.800 2.800 3.100 3.100 2.500 2.400 2.000 3.100 3.100 3.100 2.400 2.000 3.100 3.100 3.100 2.500 2.000 3.200 3.200 3.100 01/05/2011
4.500 4.500 4.500 4.000 4.000 4.500 4.400 4.500 4.500 4.000 4.500 4.500 4.500 4.500 4.000 4.000 4.400 4.500 4.500 4.500 4.100 4.400 4.500 4.500 4.500 4.100 4.400 4.600 4.600 4.500 02/05/2011
2.700 2.700 2.700 2.300 2.500 2.700 2.700 2.700 2.700 2.500 2.700 2.700 2.700 2.700 2.600 3.400 3.900 2.700 2.700 2.700 3.500 3.900 2.700 2.700 2.700 3.500 4.000 2.700 2.700 2.700 03/05/2011
4.200 4.200 4.100 3.300 3.800 4.100 4.100 4.100 4.300 3.800 4.100 4.100 4.300 4.300 3.800 4.200 3.800 4.300 4.300 4.300 4.200 3.800 4.300 4.300 4.300 4.200 3.800 4.300 4.300 4.300 04/05/2011
5.200 5.200 5.300 4.300 4.100 5.300 5.400 5.300 5.100 4.100 5.300 5.300 5.100 5.100 4.100 4.800 4.200 5.100 5.100 5.100 4.800 4.200 5.100 5.100 5.100 4.800 4.200 5.000 5.100 5.100 05/05/2011
6.100 6.100 6.200 5.700 5.100 6.200 6.200 6.200 5.800 5.100 6.200 6.200 5.800 5.800 5.100 5.400 5.400 5.800 5.800 5.800 5.300 5.400 5.800 5.800 5.800 5.200 5.300 5.700 5.700 5.800 06/05/2011
5.500 5.500 5.500 6.000 5.800 5.500 5.500 5.500 6.300 5.800 5.500 5.500 6.300 6.200 5.900 3.800 3.700 6.300 6.200 6.200 3.800 3.700 6.300 6.300 6.300 3.800 3.700 6.300 6.300 6.200 07/05/2011
6.000 6.000 6.000 5.900 5.400 6.000 6.100 6.000 5.900 5.400 6.000 6.000 5.900 5.900 5.400 5.900 5.900 5.900 5.900 5.900 5.900 5.900 5.900 6.000 6.000 5.800 5.900 6.000 6.000 5.900 08/05/2011
5.900 5.900 5.900 4.700 4.600 5.900 5.900 5.900 5.800 4.600 5.900 5.900 5.800 5.800 4.700 5.600 4.300 5.800 5.800 5.800 5.600 4.300 5.800 5.800 5.800 5.500 4.300 5.800 5.800 5.800 09/05/2011
4.500 4.500 4.500 3.800 4.100 4.500 4.500 4.500 5.000 4.100 4.500 4.500 5.000 5.000 4.200 4.300 4.400 5.000 5.000 5.000 4.300 4.400 5.000 5.000 5.000 4.300 4.400 5.000 5.000 5.000 10/05/2011
4.900 4.900 4.900 3.400 3.600 4.900 4.900 4.900 4.700 3.600 4.900 4.900 4.700 4.600 3.600 4.600 4.300 4.700 4.600 4.600 4.600 4.300 4.700 4.700 4.700 4.600 4.300 4.700 4.700 4.600 11/05/2011
4.600 4.600 4.500 3.700 2.900 4.500 4.500 4.500 3.200 3.000 4.500 4.500 3.200 3.100 3.000 4.100 3.600 3.200 3.100 3.100 4.100 3.600 3.200 3.200 3.200 4.100 3.600 3.200 3.200 3.100 12/05/2011
6.000 6.100 6.100 4.800 4.400 6.100 6.100 6.100 5.600 4.400 6.100 6.100 5.600 5.600 4.500 5.800 4.900 5.600 5.600 5.600 5.800 4.900 5.600 5.600 5.600 5.800 4.900 5.600 5.600 5.600 13/05/2011
3.100 3.100 3.100 2.000 2.300 3.100 3.100 3.100 2.700 2.300 3.100 3.100 2.700 2.700 2.300 3.300 3.600 2.700 2.700 2.700 3.300 3.600 2.700 2.700 2.700 3.300 3.600 2.700 2.700 2.700 14/05/2011
3.900 3.900 3.900 3.800 3.900 3.900 3.900 3.900 3.900 3.900 3.900 3.900 3.900 3.900 4.000 3.900 4.400 3.900 3.900 3.900 3.900 4.400 3.900 3.900 3.900 3.900 4.400 4.000 4.000 3.900 15/05/2011
5.200 5.100 5.100 4.300 4.000 5.100 5.100 5.100 4.900 4.000 5.100 5.100 4.900 4.900 4.000 5.100 5.100 4.900 4.900 4.900 5.100 5.100 4.900 5.000 5.000 5.100 5.200 5.000 5.000 4.900 16/05/2011
5.800 5.800 5.800 4.800 4.900 5.800 5.800 5.800 5.700 4.900 5.800 5.800 5.700 5.700 4.900 5.600 5.500 5.700 5.700 5.700 5.600 5.500 5.700 5.700 5.700 5.600 5.500 5.700 5.700 5.700 17/05/2011
6.500 6.600 6.600 5.100 5.000 6.700 6.700 6.700 6.300 5.000 6.700 6.700 6.300 6.300 5.000 6.100 5.200 6.300 6.300 6.300 6.100 5.200 6.300 6.300 6.300 6.100 5.200 6.200 6.200 6.300 18/05/2011
5.300 5.300 5.300 4.800 3.700 5.300 5.300 5.300 4.800 3.700 5.300 5.300 4.800 4.800 3.700 4.700 4.400 4.800 4.800 4.800 4.700 4.400 4.800 4.800 4.800 4.700 4.400 4.800 4.800 4.800 19/05/2011
4.800 4.800 4.700 4.500 4.400 4.700 4.700 4.700 4.900 4.400 4.700 4.700 4.900 4.900 4.400 4.900 4.700 4.900 4.800 4.800 4.900 4.700 4.900 4.900 4.900 4.900 4.700 4.900 4.900 4.800 20/05/2011
4.900 4.900 4.800 3.300 3.700 4.800 4.800 4.800 4.700 3.700 4.800 4.800 4.700 4.600 3.700 4.600 4.800 4.700 4.600 4.600 4.600 4.800 4.700 4.700 4.700 4.600 4.800 4.700 4.700 4.600 21/05/2011
2.800 2.800 2.800 2.900 4.100 2.800 2.700 2.800 3.300 4.200 2.800 2.800 3.300 3.300 4.300 3.200 4.800 3.300 3.200 3.200 3.200 4.800 3.300 3.300 3.300 3.300 4.900 3.400 3.400 3.200 22/05/2011
5.900 5.800 5.800 5.200 5.300 5.800 5.700 5.800 5.900 5.300 5.800 5.800 5.900 5.800 5.300 5.800 5.500 5.900 5.800 5.800 5.800 5.500 5.900 5.900 5.900 5.900 5.500 5.900 5.900 5.800 23/05/2011
5.600 5.600 5.500 4.700 5.400 5.500 5.500 5.500 6.300 5.500 5.500 5.500 6.300 6.300 5.500 5.700 5.400 6.300 6.300 6.300 5.700 5.400 6.300 6.300 6.300 5.800 5.400 6.300 6.300 6.300 24/05/2011
6.600 6.600 6.600 5.900 5.900 6.600 6.600 6.600 6.500 5.900 6.600 6.600 6.500 6.500 6.000 6.100 6.100 6.500 6.500 6.500 6.100 6.100 6.500 6.500 6.500 6.000 6.100 6.500 6.500 6.500 25/05/2011
4.900 4.900 4.900 4.400 4.300 4.800 4.800 4.800 4.400 4.300 4.800 4.800 4.400 4.400 4.300 4.600 5.000 4.400 4.400 4.400 4.700 5.000 4.400 4.400 4.400 4.800 5.000 4.400 4.400 4.400 26/05/2011
4.800 4.800 4.800 4.600 4.400 4.800 4.800 4.800 4.800 4.400 4.800 4.800 4.800 4.700 4.500 4.500 4.900 4.800 4.700 4.700 4.500 4.800 4.800 4.800 4.800 4.500 4.900 4.800 4.800 4.700 27/05/2011
5.700 5.700 5.800 4.800 5.000 5.800 5.800 5.800 5.800 5.000 5.800 5.800 5.800 5.800 5.000 5.600 5.600 5.800 5.800 5.800 5.500 5.600 5.800 5.800 5.800 5.500 5.600 5.800 5.800 5.800 28/05/2011
6.500 6.500 6.500 5.700 5.900 6.500 6.400 6.500 6.400 5.900 6.500 6.500 6.400 6.400 5.900 6.100 5.700 6.400 6.400 6.400 6.100 5.700 6.400 6.400 6.400 6.100 5.700 6.400 6.400 6.400 29/05/2011
5.300 5.400 5.400 4.900 4.400 5.400 5.500 5.400 5.100 4.400 5.400 5.400 5.100 5.100 4.400 4.600 4.300 5.100 5.100 5.100 4.500 4.300 5.100 5.100 5.100 4.500 4.300 5.000 5.000 5.100 30/05/2011
4.500 4.400 4.400 3.700 3.900 4.400 4.400 4.400 4.500 3.900 4.400 4.400 4.500 4.400 3.900 4.500 4.700 4.500 4.400 4.400 4.500 4.700 4.500 4.500 4.500 4.500 4.700 4.600 4.500 4.400 31/05/2011
6.300 6.200 6.200 5.000 4.800 6.200 6.100 6.200 6.000 4.800 6.200 6.200 6.000 6.000 4.800 5.800 5.200 6.000 6.000 6.000 5.900 5.200 6.000 6.100 6.100 5.900 5.300 6.100 6.100 6.000 01/06/2011
5.200 5.200 5.200 4.400 4.500 5.100 5.100 5.100 4.400 4.500 5.100 5.100 4.400 4.400 4.500 4.600 4.200 4.400 4.400 4.400 4.700 4.200 4.400 4.400 4.400 4.700 4.200 4.500 4.500 4.400 02/06/2011
4.900 4.900 4.900 4.400 3.500 4.800 4.800 4.800 4.300 3.600 4.800 4.800 4.300 4.200 3.600 4.300 4.700 4.300 4.200 4.200 4.300 4.700 4.300 4.300 4.300 4.300 4.700 4.300 4.300 4.200 03/06/2011
4.800 4.800 4.800 5.000 3.800 4.800 4.800 4.800 4.300 3.900 4.800 4.800 4.300 4.300 3.900 4.400 3.400 4.300 4.300 4.300 4.400 3.400 4.300 4.300 4.300 4.400 3.400 4.400 4.400 4.300 04/06/2011
3.800 3.800 3.800 3.400 3.700 3.800 3.800 3.800 3.400 3.700 3.800 3.800 3.400 3.300 3.700 3.100 3.200 3.400 3.300 3.300 3.100 3.200 3.400 3.400 3.400 3.100 3.200 3.400 3.400 3.300 05/06/2011
3.100 3.100 3.100 3.300 2.600 3.100 3.000 3.100 2.800 2.600 3.100 3.100 2.800 2.800 2.600 2.500 2.900 2.800 2.800 2.800 2.600 2.900 2.800 2.800 2.800 2.600 2.900 2.900 2.900 2.800 06/06/2011
1.200 1.200 1.100 0.900 1.100 1.100 1.000 1.100 1.100 1.100 1.100 1.100 1.100 1.000 1.100 1.100 1.000 1.100 1.000 1.000 1.100 1.000 1.100 1.100 1.100 1.200 1.000 1.100 1.100 1.000 07/06/2011
3.500 3.400 3.400 3.500 4.200 3.300 3.300 3.300 3.500 4.200 3.400 3.400 3.500 3.400 4.300 3.400 3.900 3.500 3.400 3.400 3.400 3.900 3.500 3.500 3.500 3.500 3.900 3.500 3.500 3.400 08/06/2011
3.800 3.800 3.800 2.700 2.900 3.800 3.700 3.800 3.500 2.900 3.800 3.800 3.500 3.500 2.900 3.200 3.100 3.500 3.500 3.500 3.200 3.100 3.500 3.500 3.500 3.300 3.100 3.500 3.500 3.500 09/06/2011
3.100 3.000 3.000 2.700 2.500 3.000 3.000 3.000 2.700 2.600 3.000 3.000 2.700 2.700 2.600 3.200 2.400 2.700 2.700 2.700 3.200 2.400 2.700 2.700 2.700 3.200 2.500 2.700 2.700 2.700 10/06/2011
3.400 3.400 3.400 2.900 3.500 3.400 3.400 3.400 3.200 3.600 3.400 3.400 3.200 3.200 3.600 3.200 3.900 3.200 3.200 3.200 3.200 3.900 3.200 3.200 3.200 3.200 3.900 3.200 3.200 3.200 11/06/2011
3.900 3.900 3.900 3.300 2.900 3.900 3.900 3.900 3.600 2.900 3.900 3.900 3.600 3.600 2.900 3.200 2.600 3.600 3.600 3.600 3.200 2.600 3.600 3.600 3.600 3.200 2.600 3.600 3.600 3.600 12/06/2011
4.700 4.700 4.600 4.400 3.900 4.600 4.600 4.600 4.200 3.900 4.600 4.600 4.200 4.200 3.900 3.900 3.500 4.200 4.200 4.200 3.900 3.500 4.200 4.200 4.200 3.900 3.500 4.200 4.200 4.200 13/06/2011
5.500 5.500 5.500 4.400 4.500 5.400 5.400 5.400 5.300 4.500 5.400 5.400 5.300 5.300 4.500 5.200 4.700 5.300 5.300 5.300 5.200 4.700 5.300 5.300 5.300 5.200 4.700 5.300 5.300 5.300 14/06/2011
4.900 4.900 4.900 4.500 4.600 4.900 4.900 4.900 4.800 4.600 4.900 4.900 4.800 4.800 4.600 4.600 4.500 4.800 4.800 4.800 4.600 4.500 4.800 4.800 4.800 4.500 4.400 4.800 4.800 4.800 15/06/2011
2.800 2.800 2.800 2.300 2.600 2.800 2.700 2.800 3.100 2.600 2.800 2.800 3.100 3.100 2.600 3.000 3.600 3.100 3.100 3.100 3.000 3.600 3.100 3.100 3.100 3.000 3.600 3.100 3.100 3.100 16/06/2011
4.600 4.600 4.600 3.400 3.100 4.600 4.600 4.600 4.500 3.200 4.600 4.600 4.500 4.500 3.200 3.900 3.700 4.500 4.500 4.500 3.900 3.700 4.500 4.600 4.600 3.800 3.700 4.600 4.600 4.500 17/06/2011
3.800 3.700 3.700 3.800 3.900 3.700 3.700 3.700 4.000 3.900 3.700 3.700 4.000 3.900 3.900 4.000 4.000 4.000 3.900 3.900 4.100 4.000 4.000 4.000 4.000 4.100 4.000 4.100 4.100 3.900 18/06/2011
4.500 4.500 4.400 4.400 4.200 4.400 4.400 4.400 4.300 4.200 4.400 4.400 4.300 4.300 4.300 4.200 4.600 4.300 4.300 4.300 4.200 4.600 4.300 4.300 4.300 4.300 4.600 4.400 4.300 4.300 19/06/2011
3.300 3.300 3.300 3.400 5.200 3.300 3.300 3.300 4.200 5.300 3.300 3.300 4.200 4.200 5.300 3.700 5.800 4.200 4.200 4.200 3.700 5.800 4.200 4.200 4.200 3.700 5.800 4.200 4.200 4.200 20/06/2011
5.000 5.000 5.000 5.000 5.700 5.000 4.900 5.000 5.300 5.700 5.000 5.000 5.300 5.200 5.700 5.100 4.400 5.300 5.200 5.200 5.100 4.400 5.300 5.300 5.300 5.200 4.400 5.300 5.300 5.200 21/06/2011
2.900 2.900 2.900 3.200 4.300 2.900 2.900 2.900 3.300 4.300 2.900 2.900 3.400 3.300 4.300 3.200 4.700 3.400 3.300 3.300 3.200 4.700 3.300 3.400 3.400 3.300 4.800 3.400 3.400 3.300 22/06/2011
3.100 3.100 3.100 2.400 4.000 3.000 3.000 3.000 3.500 4.000 3.000 3.000 3.600 3.500 4.000 3.200 3.900 3.600 3.500 3.500 3.200 3.800 3.500 3.600 3.600 3.300 3.900 3.600 3.600 3.500 23/06/2011
4.600 4.600 4.500 3.400 3.800 4.500 4.500 4.500 4.700 3.900 4.500 4.500 4.700 4.700 3.900 4.300 4.200 4.700 4.700 4.700 4.400 4.200 4.700 4.700 4.700 4.400 4.200 4.800 4.800 4.700 24/06/2011
7.100 7.100 7.100 6.700 7.100 7.100 7.200 7.100 7.100 7.100 7.100 7.100 7.100 7.100 7.100 6.400 6.900 7.100 7.100 7.100 6.400 6.900 7.100 7.100 7.100 6.400 6.900 7.100 7.100 7.100 25/06/2011
9.000 9.000 9.000 7.500 7.300 9.000 9.000 9.000 9.000 7.300 9.000 9.000 9.000 9.000 7.300 8.600 8.000 9.000 9.000 9.000 8.500 8.000 9.000 9.000 9.000 8.400 7.900 9.000 9.000 9.000 26/06/2011
8.000 8.100 8.100 8.100 7.600 8.200 8.200 8.200 8.800 7.500 8.200 8.200 8.800 8.900 7.500 7.600 7.600 8.800 8.900 8.900 7.500 7.600 8.800 8.800 8.800 7.400 7.600 8.700 8.700 8.900 27/06/2011
2.400 2.400 2.300 3.400 3.600 2.300 2.300 2.300 3.800 3.600 2.300 2.300 3.800 3.700 3.600 2.100 3.800 3.800 3.700 3.700 2.100 3.800 3.800 3.800 3.800 2.100 3.900 3.800 3.800 3.700 28/06/2011
5.400 5.400 5.400 5.100 4.700 5.400 5.400 5.400 4.800 4.700 5.400 5.400 4.800 4.800 4.700 4.800 5.400 4.800 4.800 4.800 4.800 5.400 4.800 4.800 4.800 4.800 5.400 4.800 4.800 4.800 29/06/2011
7.000 7.000 7.000 6.500 6.900 7.000 7.000 7.000 7.000 6.900 7.000 7.000 7.000 7.000 7.000 6.400 6.700 7.000 7.000 7.000 6.400 6.700 7.000 7.000 7.000 6.400 6.700 7.000 7.000 7.000 30/06/2011
7.600 7.600 7.600 5.700 6.100 7.600 7.600 7.600 7.500 6.100 7.600 7.600 7.500 7.500 6.100 6.700 6.700 7.500 7.500 7.500 6.700 6.700 7.500 7.500 7.500 6.600 6.600 7.400 7.400 7.500 01/07/2011
8.600 8.700 8.700 8.500 7.900 8.700 8.700 8.700 8.400 7.900 8.700 8.700 8.300 8.400 7.900 8.000 8.400 8.400 8.400 8.400 7.900 8.400 8.400 8.300 8.300 7.800 8.300 8.300 8.300 8.400 02/07/2011
9.000 9.000 9.000 7.700 7.400 9.000 9.000 9.000 8.700 7.500 9.000 9.000 8.800 8.700 7.500 8.600 7.200 8.800 8.700 8.700 8.600 7.200 8.700 8.800 8.800 8.500 7.200 8.800 8.800 8.700 03/07/2011
8.500 8.500 8.500 6.300 6.500 8.600 8.600 8.600 8.000 6.500 8.600 8.600 8.000 8.000 6.500 8.200 7.000 8.000 8.100 8.100 8.200 7.000 8.000 8.000 8.000 8.100 7.000 8.000 8.000 8.100 04/07/2011
7.300 7.300 7.300 7.200 6.900 7.200 7.200 7.200 7.300 6.900 7.300 7.300 7.300 7.300 6.900 6.400 6.400 7.300 7.300 7.300 6.500 6.400 7.300 7.300 7.300 6.600 6.500 7.400 7.400 7.300 05/07/2011
5.500 5.500 5.500 5.300 4.600 5.500 5.500 5.500 4.900 4.600 5.500 5.500 4.900 4.900 4.700 4.800 5.700 4.900 4.900 4.900 4.900 5.700 4.900 4.900 5.000 4.900 5.700 5.000 5.000 4.900 06/07/2011
3.900 3.900 3.900 3.700 3.800 3.900 3.800 3.900 4.000 3.800 3.900 3.900 4.000 4.000 3.800 3.600 4.200 4.000 4.000 4.000 3.600 4.200 4.000 4.000 4.000 3.600 4.200 4.000 4.000 4.000 07/07/2011
4.600 4.600 4.600 4.800 4.600 4.600 4.600 4.600 5.300 4.600 4.600 4.600 5.300 5.300 4.600 4.400 4.800 5.300 5.300 5.300 4.400 4.800 5.300 5.400 5.400 4.400 4.800 5.400 5.400 5.300 08/07/2011
2.700 2.700 2.700 2.800 2.400 2.700 2.700 2.700 2.600 2.400 2.700 2.700 2.600 2.600 2.400 2.500 3.400 2.600 2.600 2.600 2.500 3.400 2.600 2.600 2.600 2.500 3.400 2.600 2.600 2.600 09/07/2011
4.400 4.400 4.500 4.000 4.200 4.500 4.500 4.500 4.300 4.200 4.500 4.500 4.300 4.300 4.100 4.000 3.500 4.300 4.300 4.300 3.900 3.500 4.300 4.300 4.300 3.800 3.500 4.200 4.300 4.300 10/07/2011
7.300 7.300 7.300 6.000 6.000 7.400 7.400 7.400 6.300 6.000 7.400 7.300 6.300 6.300 6.000 6.100 5.700 6.300 6.300 6.300 6.100 5.700 6.300 6.200 6.200 6.000 5.700 6.200 6.200 6.300 11/07/2011
3.500 3.600 3.600 3.300 4.600 3.600 3.600 3.600 4.500 4.600 3.600 3.600 4.500 4.500 4.600 3.800 4.800 4.500 4.500 4.500 3.800 4.800 4.500 4.500 4.500 3.800 4.800 4.500 4.500 4.500 12/07/2011
4.100 4.100 4.100 3.400 2.600 4.000 4.000 4.000 3.000 2.600 4.000 4.000 3.000 3.000 2.600 3.300 2.900 3.000 3.000 3.000 3.300 2.900 3.000 3.000 3.000 3.300 3.000 3.000 3.000 3.000 13/07/2011
6.000 6.000 6.000 4.900 5.100 6.000 6.000 6.000 5.900 5.100 6.000 6.000 5.900 5.900 5.100 5.600 4.800 5.900 5.900 5.900 5.600 4.700 5.900 5.900 5.900 5.600 4.800 5.900 5.900 5.900 14/07/2011
5.500 5.500 5.500 4.800 4.700 5.500 5.500 5.500 5.900 4.700 5.500 5.500 5.900 5.900 4.800 5.200 5.200 5.900 5.900 5.900 5.200 5.200 5.900 5.900 5.900 5.200 5.200 5.900 5.900 5.900 15/07/2011
2.300 2.300 2.300 2.200 2.500 2.300 2.300 2.300 2.600 2.500 2.300 2.300 2.600 2.600 2.500 2.400 2.700 2.600 2.600 2.600 2.400 2.700 2.600 2.600 2.600 2.400 2.700 2.600 2.600 2.600 16/07/2011
4.400 4.300 4.300 2.600 4.000 4.200 4.100 4.200 3.600 4.100 4.200 4.200 3.700 3.600 4.100 3.100 3.400 3.700 3.600 3.600 3.100 3.400 3.600 3.700 3.700 3.200 3.400 3.800 3.800 3.600 17/07/2011
3.600 3.600 3.500 2.500 3.000 3.500 3.500 3.500 2.300 3.000 3.500 3.500 2.300 2.300 3.000 2.400 2.100 2.300 2.200 2.200 2.400 2.100 2.300 2.300 2.300 2.500 2.100 2.300 2.300 2.200 18/07/2011
2.700 2.700 2.700 2.900 3.400 2.600 2.600 2.600 2.900 3.400 2.600 2.600 2.900 2.900 3.400 2.600 2.700 2.900 2.900 2.900 2.600 2.700 2.900 3.000 3.000 2.700 2.700 3.000 3.000 2.900 19/07/2011
1.800 1.800 1.800 1.500 1.900 1.800 1.800 1.800 2.200 1.900 1.800 1.800 2.200 2.200 1.900 2.100 2.700 2.200 2.100 2.200 2.100 2.700 2.200 2.200 2.200 2.200 2.700 2.200 2.200 2.100 20/07/2011
2.300 2.300 2.300 2.100 3.300 2.300 2.300 2.300 3.300 3.300 2.300 2.300 3.300 3.300 3.400 2.300 2.800 3.300 3.300 3.300 2.300 2.800 3.300 3.300 3.300 2.300 2.800 3.300 3.300 3.300 21/07/2011
3.800 3.800 3.800 3.900 3.700 3.800 3.800 3.800 3.700 3.800 3.800 3.800 3.700 3.700 3.800 3.200 3.700 3.700 3.700 3.700 3.300 3.700 3.700 3.700 3.700 3.300 3.700 3.700 3.700 3.700 22/07/2011
3.500 3.500 3.500 3.500 3.700 3.400 3.400 3.400 3.700 3.700 3.400 3.400 3.700 3.700 3.700 3.700 3.900 3.700 3.700 3.700 3.700 3.800 3.700 3.700 3.700 3.700 3.900 3.800 3.800 3.700 23/07/2011
2.400 2.400 2.400 2.900 3.400 2.400 2.400 2.400 2.900 3.400 2.400 2.400 2.900 2.900 3.400 1.800 2.500 2.900 2.900 2.900 1.800 2.500 2.900 2.900 2.900 1.900 2.600 2.900 2.900 2.900 24/07/2011
1.000 1.000 1.000 0.700 0.900 1.000 1.000 1.000 1.000 0.900 1.000 1.000 1.000 1.000 0.900 1.100 1.500 1.000 1.000 1.000 1.100 1.500 1.000 1.000 1.000 1.100 1.500 1.100 1.100 1.000 25/07/2011
3.300 3.300 3.300 4.000 2.600 3.300 3.300 3.300 2.700 2.600 3.300 3.300 2.700 2.600 2.600 1.900 1.600 2.700 2.600 2.600 1.900 1.600 2.700 2.700 2.700 2.000 1.600 2.700 2.700 2.600 26/07/2011
4.000 4.000 3.900 3.600 3.300 3.900 3.900 3.900 3.200 3.400 3.900 3.900 3.200 3.200 3.400 3.600 4.000 3.200 3.100 3.200 3.600 3.900 3.200 3.200 3.200 3.700 4.000 3.200 3.200 3.100 27/07/2011
4.800 4.700 4.700 4.300 5.200 4.700 4.700 4.700 4.700 5.200 4.700 4.700 4.700 4.700 5.200 4.500 5.300 4.700 4.700 4.700 4.600 5.300 4.700 4.700 4.700 4.600 5.300 4.800 4.800 4.700 28/07/2011
5.400 5.400 5.400 4.400 4.500 5.300 5.300 5.300 5.200 4.500 5.300 5.400 5.200 5.200 4.500 5.100 4.800 5.200 5.200 5.200 5.100 4.800 5.200 5.200 5.200 5.100 4.800 5.300 5.300 5.200 29/07/2011
5.100 5.100 5.100 4.700 5.400 5.100 5.100 5.100 5.100 5.500 5.100 5.100 5.100 5.100 5.500 5.000 6.000 5.100 5.100 5.100 5.000 6.000 5.100 5.100 5.100 5.000 6.000 5.100 5.100 5.100 30/07/2011
6.000 6.000 6.000 4.800 5.100 6.000 6.000 6.000 5.900 5.200 6.000 6.000 5.900 5.900 5.200 5.900 5.700 5.900 5.900 5.900 5.900 5.700 5.900 5.900 5.900 5.900 5.700 6.000 6.000 5.900 31/07/2011
