# 6448 6449 6450 6451 6452 6528 6529 6530 6531 6532 6610 6611 6612 6613 6614 6693 6694 6695 6696 6697 6776 6777 6778 6779 6780 6859 6860 6861 6862 6863 Date
3.600 3.600 3.600 3.600 3.500 3.600 3.500 3.600 3.700 3.500 3.600 3.600 3.700 3.700 3.600 3.600 3.500 3.700 3.600 3.600 3.700 3.500 3.700 3.800 3.800 3.700 3.600 3.800 3.800 3.600 01/08/1965
0.900 0.900 0.900 1.000 1.500 0.900 0.900 0.900 1.300 1.600 0.900 0.900 1.300 1.300 1.600 1.400 1.700 1.300 1.300 1.300 1.400 1.700 1.300 1.400 1.400 1.500 1.700 1.400 1.400 1.300 02/08/1965
3.600 3.500 3.500 3.300 4.200 3.500 3.400 3.500 4.100 4.300 3.500 3.500 4.100 4.100 4.300 3.900 4.300 4.100 4.100 4.100 4.000 4.300 4.100 4.100 4.100 4.000 4.300 4.200 4.200 4.100 03/08/1965
6.100 6.000 6.000 5.700 6.100 6.000 5.900 6.000 6.100 6.100 6.000 6.000 6.200 6.100 6.100 6.100 6.300 6.200 6.100 6.100 6.200 6.300 6.100 6.200 6.200 6.200 6.300 6.200 6.200 6.100 04/08/1965
5.600 5.500 5.500 5.400 5.300 5.500 5.400 5.500 5.300 5.300 5.500 5.500 5.300 5.300 5.300 5.200 5.600 5.300 5.300 5.300 5.200 5.600 5.300 5.300 5.300 5.300 5.600 5.400 5.400 5.300 05/08/1965
1.300 1.300 1.300 0.900 1.500 1.300 1.200 1.300 2.000 1.500 1.300 1.300 2.000 1.900 1.500 1.500 2.200 2.000 1.900 1.900 1.500 2.200 2.000 2.000 2.000 1.600 2.200 2.000 2.000 1.900 06/08/1965
1.700 1.600 1.600 1.500 2.300 1.600 1.600 1.600 2.000 2.300 1.600 1.600 2.100 2.000 2.400 1.700 2.200 2.100 2.000 2.000 1.700 2.200 2.000 2.100 2.100 1.800 2.200 2.100 2.100 2.000 07/08/1965
3.500 3.500 3.500 3.200 2.800 3.500 3.500 3.500 3.300 2.800 3.500 3.500 3.300 3.300 2.900 3.300 3.300 3.300 3.200 3.300 3.300 3.300 3.300 3.300 3.300 3.400 3.300 3.400 3.300 3.200 08/08/1965
1.800 1.800 1.800 2.200 2.100 1.700 1.700 1.700 2.100 2.100 1.800 1.800 2.100 2.100 2.100 1.600 1.600 2.100 2.100 2.100 1.700 1.600 2.100 2.100 2.100 1.700 1.600 2.200 2.200 2.100 09/08/1965
3.200 3.200 3.200 2.800 3.100 3.200 3.100 3.200 3.500 3.100 3.200 3.200 3.500 3.400 3.200 3.400 3.400 3.500 3.400 3.400 3.400 3.400 3.500 3.500 3.500 3.400 3.400 3.600 3.600 3.400 10/08/1965
4.700 4.700 4.700 4.600 5.300 4.700 4.700 4.700 4.900 5.300 4.700 4.700 4.900 4.800 5.300 4.400 4.600 4.900 4.800 4.800 4.400 4.600 4.900 4.900 4.900 4.400 4.600 4.900 4.900 4.800 11/08/1965
5.200 5.200 5.200 5.200 5.700 5.100 5.100 5.100 5.600 5.700 5.100 5.100 5.600 5.600 5.700 5.000 5.300 5.600 5.600 5.600 5.100 5.300 5.600 5.600 5.600 5.100 5.300 5.600 5.600 5.600 12/08/1965
0.900 0.800 0.800 0.900 1.100 0.800 0.800 0.800 1.200 1.100 0.800 0.800 1.200 1.200 1.200 1.100 1.500 1.200 1.100 1.100 1.100 1.400 1.200 1.200 1.200 1.200 1.500 1.200 1.200 1.100 13/08/1965
2.300 2.300 2.300 2.800 3.000 2.200 2.200 2.200 2.800 3.000 2.300 2.300 2.800 2.700 3.100 2.500 3.000 2.800 2.700 2.700 2.500 3.000 2.800 2.800 2.800 2.600 3.000 2.900 2.800 2.700 14/08/1965
2.900 2.900 2.900 2.200 2.400 2.900 2.900 2.900 2.700 2.400 2.900 2.900 2.700 2.600 2.500 3.100 2.900 2.700 2.600 2.600 3.100 2.900 2.700 2.700 2.700 3.100 2.900 2.700 2.700 2.600 15/08/1965
3.700 3.700 3.600 3.300 3.500 3.600 3.600 3.600 3.700 3.500 3.600 3.600 3.700 3.700 3.500 3.800 3.900 3.700 3.600 3.700 3.900 3.900 3.700 3.700 3.700 3.900 3.900 3.800 3.800 3.600 16/08/1965
2.800 2.800 2.800 2.200 2.600 2.700 2.600 2.700 3.100 2.600 2.700 2.700 3.200 3.100 2.600 3.100 3.400 3.100 3.100 3.100 3.200 3.400 3.100 3.200 3.200 3.200 3.400 3.300 3.200 3.100 17/08/1965
3.800 3.700 3.700 3.500 3.700 3.700 3.600 3.700 3.900 3.800 3.700 3.700 3.900 3.800 3.800 3.600 3.500 3.900 3.800 3.800 3.600 3.500 3.900 3.900 3.900 3.600 3.500 4.000 4.000 3.800 18/08/1965
4.400 4.400 4.400 4.000 4.300 4.300 4.300 4.300 4.100 4.300 4.400 4.400 4.200 4.100 4.300 4.100 4.200 4.200 4.100 4.100 4.200 4.200 4.100 4.200 4.200 4.200 4.200 4.200 4.200 4.100 19/08/1965
4.200 4.200 4.200 3.600 3.900 4.200 4.100 4.200 4.000 4.000 4.200 4.200 4.000 4.000 4.000 4.400 4.700 4.000 4.000 4.000 4.500 4.700 4.000 4.100 4.100 4.500 4.700 4.100 4.100 4.000 20/08/1965
1.700 1.600 1.600 2.000 2.200 1.600 1.500 1.600 2.300 2.300 1.600 1.600 2.400 2.300 2.300 1.900 2.400 2.400 2.300 2.300 2.000 2.400 2.300 2.400 2.400 2.100 2.500 2.400 2.400 2.300 21/08/1965
2.400 2.300 2.300 2.800 2.300 2.300 2.300 2.300 2.300 2.300 2.300 2.300 2.300 2.300 2.400 1.800 2.200 2.300 2.300 2.300 1.800 2.200 2.300 2.300 2.300 1.800 2.200 2.400 2.400 2.300 22/08/1965
1.400 1.400 1.400 1.400 1.000 1.400 1.400 1.400 1.400 1.100 1.400 1.400 1.400 1.400 1.100 1.500 1.800 1.400 1.400 1.400 1.500 1.800 1.400 1.400 1.400 1.500 1.800 1.500 1.400 1.400 23/08/1965
2.700 2.700 2.600 2.400 2.400 2.600 2.600 2.600 2.800 2.400 2.600 2.600 2.800 2.800 2.500 2.500 2.700 2.800 2.700 2.800 2.500 2.700 2.800 2.800 2.800 2.400 2.700 2.900 2.900 2.700 24/08/1965
2.600 2.500 2.500 2.400 2.400 2.500 2.400 2.500 2.900 2.500 2.500 2.500 2.900 2.900 2.500 2.800 3.300 2.900 2.800 2.800 2.800 3.300 2.900 2.900 2.900 2.900 3.300 3.000 3.000 2.800 25/08/1965
2.200 2.100 2.100 2.000 2.200 2.100 2.000 2.100 2.100 2.200 2.100 2.100 2.100 2.000 2.200 2.600 2.500 2.100 2.000 2.000 2.700 2.500 2.100 2.100 2.100 2.700 2.500 2.100 2.100 2.000 26/08/1965
1.800 1.700 1.700 1.600 1.700 1.700 1.600 1.700 1.700 1.700 1.700 1.700 1.700 1.700 1.700 1.700 2.200 1.700 1.700 1.700 1.800 2.200 1.700 1.700 1.700 1.800 2.200 1.800 1.800 1.700 27/08/1965
2.900 2.900 2.800 2.700 3.000 2.800 2.700 2.800 3.000 3.000 2.800 2.800 3.000 3.000 3.000 3.200 3.400 3.000 2.900 2.900 3.200 3.400 3.000 3.000 3.000 3.300 3.500 3.100 3.000 2.900 28/08/1965
3.200 3.200 3.100 2.900 2.400 3.100 3.000 3.100 2.800 2.400 3.100 3.100 2.800 2.800 2.400 3.000 3.100 2.800 2.800 2.800 3.100 3.100 2.800 2.800 2.800 3.200 3.100 2.900 2.900 2.800 29/08/1965
3.500 3.400 3.400 3.000 3.000 3.400 3.300 3.400 3.100 3.000 3.400 3.400 3.200 3.100 3.000 3.400 3.300 3.200 3.100 3.100 3.400 3.200 3.100 3.200 3.200 3.500 3.300 3.200 3.200 3.100 30/08/1965
1.400 1.400 1.400 1.200 2.100 1.400 1.400 1.400 2.200 2.100 1.400 1.400 2.200 2.200 2.100 1.900 2.300 2.200 2.200 2.200 1.900 2.300 2.200 2.200 2.200 1.900 2.300 2.200 2.200 2.200 31/08/1965
1.900 1.900 1.900 1.600 1.300 1.900 1.900 1.900 1.400 1.300 1.900 1.900 1.400 1.400 1.400 2.500 2.300 1.400 1.400 1.400 2.600 2.300 1.400 1.500 1.500 2.600 2.400 1.500 1.500 1.400 01/09/1965
0.600 0.600 0.600 0.600 0.500 0.600 0.600 0.600 0.600 0.500 0.600 0.600 0.600 0.600 0.500 0.700 0.600 0.600 0.600 0.600 0.700 0.600 0.600 0.600 0.600 0.700 0.600 0.500 0.500 0.600 02/09/1965
0.700 0.700 0.700 0.700 0.700 0.700 0.700 0.700 0.700 0.700 0.700 0.700 0.700 0.700 0.700 0.900 0.900 0.700 0.700 0.700 0.900 0.900 0.700 0.700 0.700 0.900 0.900 0.700 0.700 0.700 03/09/1965
0.900 0.900 0.900 1.000 1.000 0.900 0.800 0.900 1.100 1.000 0.900 0.900 1.100 1.100 1.000 0.800 1.000 1.100 1.100 1.100 0.800 1.000 1.100 1.100 1.100 0.900 1.000 1.100 1.100 1.100 04/09/1965
1.100 1.100 1.100 1.300 2.000 1.100 1.000 1.100 1.700 2.000 1.100 1.100 1.700 1.600 2.000 1.400 1.500 1.700 1.600 1.600 1.400 1.500 1.700 1.700 1.700 1.400 1.500 1.700 1.700 1.600 05/09/1965
0.800 0.800 0.800 0.800 0.600 0.800 0.800 0.800 0.900 0.600 0.800 0.800 0.900 0.900 0.600 1.000 1.100 0.900 0.900 0.900 1.000 1.100 0.900 0.900 0.900 1.100 1.100 0.900 0.900 0.900 06/09/1965
2.100 2.100 2.100 2.200 2.200 2.000 2.000 2.000 2.700 2.200 2.000 2.000 2.700 2.600 2.300 2.300 3.100 2.700 2.600 2.600 2.300 3.100 2.700 2.700 2.700 2.400 3.100 2.800 2.700 2.600 07/09/1965
2.100 2.100 2.100 1.600 1.900 2.100 2.000 2.100 2.100 2.000 2.100 2.100 2.100 2.100 2.000 2.300 3.000 2.100 2.100 2.100 2.300 2.900 2.100 2.100 2.100 2.400 3.000 2.200 2.200 2.100 08/09/1965
2.200 2.100 2.100 1.500 0.800 2.100 2.000 2.100 1.100 0.800 2.100 2.100 1.100 1.000 0.800 2.300 2.000 1.100 1.000 1.000 2.300 2.000 1.100 1.100 1.100 2.300 2.000 1.100 1.100 1.000 09/09/1965
1.600 1.500 1.500 1.800 1.400 1.500 1.500 1.500 1.500 1.500 1.500 1.500 1.500 1.500 1.500 1.600 1.400 1.500 1.500 1.500 1.600 1.300 1.500 1.500 1.500 1.600 1.400 1.600 1.600 1.500 10/09/1965
1.500 1.500 1.500 1.300 1.200 1.400 1.400 1.400 1.800 1.200 1.500 1.500 1.800 1.800 1.200 2.000 2.300 1.800 1.700 1.700 2.000 2.300 1.800 1.800 1.800 2.000 2.300 1.800 1.800 1.700 11/09/1965
2.300 2.300 2.300 2.100 1.600 2.300 2.300 2.300 1.800 1.600 2.300 2.300 1.800 1.800 1.600 2.000 1.900 1.800 1.800 1.800 2.000 1.900 1.800 1.800 1.800 2.000 1.900 1.800 1.800 1.800 12/09/1965
0.600 0.600 0.600 0.600 0.600 0.600 0.600 0.600 0.700 0.600 0.600 0.600 0.700 0.700 0.600 0.800 0.500 0.700 0.600 0.700 0.800 0.500 0.700 0.700 0.700 0.800 0.500 0.700 0.700 0.700 13/09/1965
2.800 2.800 2.800 2.500 1.500 2.700 2.700 2.700 2.200 1.500 2.700 2.700 2.300 2.200 1.600 2.300 2.200 2.200 2.200 2.200 2.400 2.200 2.200 2.300 2.300 2.400 2.300 2.300 2.300 2.200 14/09/1965
2.800 2.800 2.700 2.700 2.700 2.700 2.600 2.700 3.000 2.700 2.700 2.700 3.000 2.900 2.800 2.600 2.800 3.000 2.900 2.900 2.700 2.800 3.000 3.000 3.000 2.700 2.800 3.100 3.100 2.900 15/09/1965
1.200 1.200 1.200 1.900 2.400 1.200 1.200 1.200 2.500 2.500 1.200 1.200 2.600 2.500 2.500 1.400 2.100 2.500 2.400 2.400 1.400 2.100 2.500 2.600 2.600 1.500 2.100 2.700 2.600 2.400 16/09/1965
1.000 1.000 1.000 1.000 0.900 0.900 0.900 0.900 1.000 0.900 1.000 1.000 1.000 1.000 0.900 1.200 1.000 1.000 1.000 1.000 1.200 1.000 1.000 1.000 1.000 1.200 1.000 1.000 1.000 1.000 17/09/1965
0.800 0.800 0.800 1.000 0.700 0.800 0.800 0.800 0.900 0.700 0.800 0.800 0.900 0.900 0.700 0.800 0.700 0.900 0.900 0.900 0.800 0.700 0.900 0.900 0.900 0.800 0.700 0.900 0.900 0.900 18/09/1965
3.000 3.000 3.000 2.500 2.700 2.900 2.900 2.900 2.800 2.800 2.900 2.900 2.800 2.800 2.800 3.100 3.000 2.800 2.800 2.800 3.200 3.000 2.800 2.900 2.900 3.200 3.100 2.900 2.900 2.800 19/09/1965
3.400 3.400 3.400 3.300 3.700 3.400 3.300 3.400 3.600 3.700 3.400 3.400 3.600 3.600 3.700 3.300 3.100 3.600 3.500 3.500 3.300 3.100 3.600 3.600 3.600 3.400 3.100 3.600 3.600 3.500 20/09/1965
3.100 3.100 3.000 2.600 3.000 3.000 3.000 3.000 3.000 3.000 3.000 3.000 3.000 3.000 3.000 3.000 2.900 3.000 3.000 3.000 3.000 2.900 3.000 3.000 3.000 3.000 2.900 3.000 3.000 3.000 21/09/1965
1.800 1.800 1.800 1.500 2.200 1.700 1.700 1.700 2.000 2.200 1.700 1.700 2.000 2.000 2.200 1.900 2.100 2.000 2.000 2.000 1.900 2.100 2.000 2.000 2.000 1.900 2.100 2.000 2.000 2.000 22/09/1965
3.700 3.700 3.700 3.400 3.800 3.600 3.600 3.600 3.800 3.800 3.700 3.700 3.800 3.800 3.800 3.400 3.400 3.800 3.700 3.700 3.500 3.400 3.800 3.800 3.800 3.600 3.400 3.900 3.900 3.700 23/09/1965
2.400 2.400 2.300 2.200 2.400 2.300 2.200 2.300 2.300 2.400 2.300 2.300 2.400 2.300 2.400 2.100 2.200 2.400 2.300 2.300 2.200 2.200 2.300 2.400 2.400 2.200 2.200 2.400 2.400 2.300 24/09/1965
0.300 0.300 0.300 0.600 1.000 0.300 0.300 0.300 0.700 1.100 0.300 0.300 0.700 0.700 1.100 0.500 0.400 0.700 0.700 0.700 0.500 0.400 0.700 0.700 0.700 0.500 0.400 0.700 0.700 0.700 25/09/1965
1.200 1.200 1.200 1.500 1.800 1.200 1.100 1.200 1.900 1.800 1.200 1.200 1.900 1.800 1.800 1.200 1.400 1.900 1.800 1.800 1.200 1.400 1.900 1.900 1.900 1.200 1.500 1.900 1.900 1.800 26/09/1965
0.600 0.600 0.600 0.700 0.800 0.600 0.600 0.600 0.700 0.800 0.600 0.600 0.700 0.700 0.800 0.700 0.800 0.700 0.700 0.700 0.800 0.800 0.700 0.700 0.700 0.800 0.800 0.800 0.800 0.700 27/09/1965
1.400 1.400 1.400 1.300 1.300 1.300 1.300 1.300 1.200 1.300 1.300 1.400 1.300 1.200 1.400 1.300 1.300 1.300 1.200 1.200 1.300 1.300 1.200 1.300 1.300 1.400 1.400 1.300 1.300 1.200 28/09/1965
0.500 0.500 0.500 0.600 0.600 0.500 0.500 0.500 0.600 0.600 0.500 0.500 0.600 0.600 0.600 0.400 0.400 0.600 0.600 0.600 0.400 0.400 0.600 0.600 0.600 0.400 0.400 0.600 0.600 0.600 29/09/1965
0.600 0.500 0.500 0.400 0.600 0.500 0.500 0.500 0.500 0.600 0.500 0.500 0.500 0.500 0.600 0.500 0.500 0.500 0.500 0.500 0.500 0.500 0.500 0.500 0.500 0.600 0.500 0.500 0.500 0.500 30/09/1965
1.600 1.600 1.600 1.400 1.700 1.600 1.600 1.600 1.600 1.700 1.600 1.600 1.600 1.500 1.800 1.800 1.800 1.600 1.500 1.500 1.800 1.800 1.600 1.600 1.600 1.800 1.900 1.700 1.700 1.500 01/10/1965
1.900 1.900 1.900 2.100 1.900 1.800 1.800 1.800 2.200 1.900 1.800 1.800 2.200 2.200 2.000 2.000 2.100 2.200 2.100 2.100 2.000 2.100 2.200 2.200 2.200 2.100 2.200 2.300 2.300 2.100 02/10/1965
2.800 2.800 2.800 1.900 2.100 2.700 2.700 2.700 2.400 2.100 2.700 2.700 2.400 2.300 2.100 2.400 2.500 2.400 2.300 2.300 2.400 2.500 2.400 2.400 2.400 2.500 2.500 2.500 2.500 2.300 03/10/1965
3.700 3.700 3.700 3.400 3.400 3.600 3.600 3.600 3.600 3.400 3.600 3.600 3.700 3.600 3.400 3.200 3.300 3.700 3.600 3.600 3.200 3.300 3.600 3.700 3.700 3.300 3.300 3.700 3.700 3.600 04/10/1965
2.200 2.200 2.200 2.200 3.000 2.200 2.200 2.200 2.800 3.000 2.200 2.200 2.800 2.800 3.000 2.100 2.500 2.800 2.800 2.800 2.200 2.500 2.800 2.800 2.800 2.200 2.500 2.800 2.800 2.800 05/10/1965
1.700 1.700 1.700 1.500 1.500 1.600 1.600 1.600 1.600 1.600 1.600 1.700 1.600 1.600 1.600 1.800 1.700 1.600 1.600 1.600 1.800 1.700 1.600 1.600 1.600 1.900 1.700 1.600 1.600 1.600 06/10/1965
2.800 2.800 2.700 2.800 2.900 2.700 2.700 2.700 2.900 2.900 2.700 2.700 2.900 2.900 2.900 2.600 2.500 2.900 2.900 2.900 2.600 2.500 2.900 2.900 2.900 2.600 2.600 3.000 3.000 2.900 07/10/1965
2.300 2.300 2.300 2.200 2.300 2.200 2.200 2.200 2.500 2.300 2.200 2.300 2.500 2.500 2.300 2.500 2.900 2.500 2.400 2.500 2.500 2.900 2.500 2.500 2.500 2.500 2.900 2.600 2.500 2.400 08/10/1965
1.400 1.400 1.400 1.300 1.700 1.300 1.300 1.300 1.800 1.700 1.400 1.400 1.800 1.700 1.800 1.700 1.800 1.800 1.700 1.700 1.700 1.800 1.800 1.800 1.800 1.800 1.900 1.800 1.800 1.700 09/10/1965
2.800 2.700 2.700 2.600 2.300 2.600 2.600 2.600 2.400 2.300 2.700 2.700 2.500 2.400 2.300 2.300 2.200 2.500 2.400 2.400 2.300 2.200 2.400 2.500 2.500 2.400 2.200 2.500 2.500 2.400 10/10/1965
2.200 2.200 2.200 2.000 1.900 2.100 2.100 2.100 2.100 1.900 2.100 2.100 2.100 2.100 1.900 2.000 2.100 2.100 2.000 2.100 2.000 2.100 2.100 2.100 2.100 2.000 2.100 2.200 2.100 2.000 11/10/1965
2.300 2.300 2.300 2.100 2.200 2.300 2.200 2.300 2.400 2.200 2.300 2.300 2.400 2.400 2.200 2.200 2.200 2.400 2.300 2.400 2.200 2.200 2.400 2.400 2.400 2.300 2.200 2.400 2.400 2.300 12/10/1965
1.900 1.900 1.900 1.700 1.900 1.800 1.800 1.800 2.000 1.900 1.800 1.800 2.000 2.000 1.900 2.000 2.000 2.000 2.000 2.000 2.000 2.000 2.000 2.000 2.000 2.000 2.000 2.100 2.100 2.000 13/10/1965
0.700 0.700 0.700 1.100 1.200 0.800 0.800 0.800 1.400 1.200 0.800 0.800 1.400 1.400 1.200 0.700 0.900 1.400 1.400 1.400 0.700 0.900 1.400 1.400 1.400 0.700 0.900 1.400 1.400 1.400 14/10/1965
1.200 1.200 1.200 1.200 1.200 1.200 1.200 1.200 1.200 1.200 1.200 1.200 1.200 1.200 1.200 1.000 0.900 1.200 1.200 1.200 1.000 0.900 1.200 1.200 1.200 1.000 0.900 1.200 1.200 1.200 15/10/1965
1.800 1.800 1.800 1.500 1.300 1.700 1.700 1.700 1.400 1.300 1.700 1.700 1.500 1.400 1.300 2.000 1.800 1.500 1.400 1.400 2.000 1.800 1.400 1.500 1.500 2.000 1.800 1.500 1.500 1.400 16/10/1965
1.200 1.100 1.100 0.900 0.900 1.100 1.000 1.100 1.000 0.900 1.100 1.100 1.000 1.000 0.900 1.200 1.200 1.000 1.000 1.000 1.200 1.200 1.000 1.000 1.000 1.300 1.200 1.100 1.100 1.000 17/10/1965
0.700 0.700 0.700 0.600 1.300 0.600 0.600 0.600 1.300 1.300 0.700 0.700 1.300 1.300 1.300 1.000 1.100 1.300 1.300 1.300 1.000 1.100 1.300 1.300 1.300 1.000 1.100 1.300 1.300 1.300 18/10/1965
1.400 1.400 1.400 1.600 1.800 1.400 1.500 1.400 1.800 1.800 1.400 1.400 1.800 1.800 1.800 1.500 1.500 1.800 1.800 1.800 1.500 1.500 1.800 1.800 1.800 1.500 1.500 1.800 1.800 1.800 19/10/1965
1.200 1.200 1.200 1.200 1.100 1.200 1.200 1.200 1.300 1.100 1.200 1.200 1.300 1.300 1.200 1.300 1.500 1.300 1.300 1.300 1.300 1.500 1.300 1.300 1.300 1.300 1.500 1.400 1.300 1.300 20/10/1965
1.300 1.300 1.300 1.300 1.100 1.200 1.200 1.200 1.200 1.100 1.200 1.200 1.200 1.200 1.100 1.300 1.200 1.200 1.200 1.200 1.300 1.200 1.200 1.200 1.200 1.300 1.200 1.200 1.200 1.200 21/10/1965
0.900 0.800 0.800 0.400 0.400 0.800 0.800 0.800 0.400 0.400 0.800 0.800 0.400 0.400 0.400 0.900 0.900 0.400 0.400 0.400 1.000 0.900 0.400 0.400 0.400 1.000 0.900 0.400 0.400 0.400 22/10/1965
0.800 0.700 0.700 0.600 0.700 0.700 0.700 0.700 0.900 0.800 0.700 0.700 0.900 0.900 0.800 0.900 1.200 0.900 0.900 0.900 0.900 1.200 0.900 0.900 0.900 1.000 1.200 0.900 0.900 0.900 23/10/1965
1.400 1.400 1.400 1.300 1.600 1.400 1.400 1.400 1.600 1.600 1.400 1.400 1.600 1.600 1.600 1.300 1.700 1.600 1.600 1.600 1.300 1.700 1.600 1.600 1.600 1.300 1.700 1.600 1.600 1.600 24/10/1965
1.700 1.700 1.700 1.600 2.000 1.700 1.800 1.700 2.100 2.000 1.700 1.700 2.100 2.100 2.000 1.600 1.900 2.100 2.100 2.100 1.500 1.900 2.100 2.100 2.100 1.500 1.900 2.100 2.100 2.100 25/10/1965
1.200 1.200 1.200 0.700 1.000 1.200 1.200 1.200 1.200 1.000 1.200 1.200 1.200 1.200 1.000 1.300 1.400 1.200 1.200 1.200 1.300 1.400 1.200 1.200 1.200 1.300 1.400 1.300 1.300 1.200 26/10/1965
1.200 1.200 1.200 1.000 1.000 1.200 1.200 1.200 1.100 1.000 1.200 1.200 1.100 1.100 1.000 1.100 1.200 1.100 1.100 1.100 1.100 1.200 1.100 1.100 1.100 1.100 1.200 1.100 1.100 1.100 27/10/1965
1.300 1.300 1.300 1.200 1.100 1.300 1.300 1.300 1.300 1.200 1.300 1.300 1.300 1.300 1.200 1.400 1.400 1.300 1.300 1.300 1.400 1.400 1.300 1.300 1.300 1.400 1.500 1.300 1.300 1.300 28/10/1965
1.400 1.400 1.400 1.200 1.100 1.300 1.300 1.300 1.200 1.100 1.300 1.300 1.200 1.100 1.100 1.300 1.200 1.200 1.100 1.100 1.400 1.200 1.200 1.200 1.200 1.400 1.200 1.200 1.200 1.100 29/10/1965
0.900 0.900 0.900 0.900 1.000 0.900 0.900 0.900 1.000 1.000 0.900 0.900 1.000 1.000 1.000 1.000 1.100 1.000 1.000 1.000 1.000 1.100 1.000 1.000 1.000 1.000 1.100 1.000 1.000 1.000 30/10/1965
0.700 0.700 0.700 0.700 0.500 0.700 0.700 0.700 0.600 0.600 0.700 0.700 0.600 0.600 0.600 0.600 0.600 0.600 0.600 0.600 0.600 0.600 0.600 0.600 0.600 0.600 0.600 0.700 0.700 0.600 31/10/1965
1.300 1.300 1.200 0.700 1.300 1.200 1.100 1.200 1.600 1.300 1.200 1.200 1.600 1.500 1.400 1.500 1.800 1.600 1.500 1.500 1.600 1.800 1.600 1.600 1.600 1.600 1.800 1.700 1.700 1.500 01/11/1965
1.500 1.500 1.500 1.500 1.400 1.500 1.400 1.500 1.300 1.400 1.500 1.500 1.300 1.300 1.400 1.500 1.200 1.300 1.300 1.300 1.500 1.200 1.300 1.300 1.300 1.500 1.200 1.400 1.400 1.300 02/11/1965
1.000 1.000 0.900 1.000 1.100 0.900 0.900 0.900 1.100 1.100 0.900 0.900 1.100 1.100 1.100 0.900 1.100 1.100 1.100 1.100 0.900 1.100 1.100 1.100 1.100 0.900 1.100 1.100 1.100 1.100 03/11/1965
1.000 1.000 1.000 0.800 0.900 1.000 0.900 1.000 0.800 0.900 1.000 1.000 0.800 0.800 0.900 0.900 0.800 0.800 0.800 0.800 0.900 0.800 0.800 0.800 0.800 0.900 0.800 0.800 0.800 0.800 04/11/1965
0.900 0.900 0.900 0.600 0.800 0.900 0.900 0.900 0.900 0.800 0.900 0.900 0.900 0.900 0.800 1.000 0.900 0.900 0.900 0.900 0.900 0.900 0.900 0.900 0.900 0.800 0.900 0.900 0.900 0.900 05/11/1965
1.600 1.600 1.600 1.800 1.900 1.500 1.500 1.500 1.900 1.900 1.500 1.500 1.900 1.900 1.900 1.400 1.600 1.900 1.800 1.800 1.500 1.600 1.900 1.900 1.900 1.500 1.600 1.900 1.900 1.800 06/11/1965
2.400 2.400 2.400 2.300 2.100 2.400 2.400 2.400 2.200 2.100 2.400 2.400 2.200 2.200 2.100 2.500 2.300 2.200 2.200 2.200 2.400 2.300 2.200 2.200 2.200 2.400 2.300 2.200 2.200 2.200 07/11/1965
1.400 1.400 1.400 1.100 1.200 1.400 1.400 1.400 1.200 1.200 1.400 1.400 1.200 1.200 1.200 1.400 1.400 1.200 1.200 1.200 1.400 1.400 1.200 1.200 1.200 1.400 1.400 1.300 1.300 1.200 08/11/1965
0.800 0.700 0.700 0.800 0.600 0.700 0.700 0.700 0.700 0.600 0.700 0.700 0.700 0.700 0.600 0.800 0.800 0.700 0.700 0.700 0.800 0.800 0.700 0.700 0.700 0.800 0.900 0.700 0.700 0.700 09/11/1965
0.800 0.800 0.800 0.600 0.600 0.800 0.700 0.800 0.900 0.600 0.800 0.800 0.900 0.800 0.600 1.000 0.900 0.900 0.800 0.800 1.000 0.900 0.900 0.900 0.900 1.000 0.900 0.900 0.900 0.800 10/11/1965
0.300 0.300 0.200 0.200 0.300 0.200 0.200 0.200 0.200 0.300 0.200 0.200 0.200 0.200 0.300 0.300 0.200 0.200 0.200 0.200 0.300 0.200 0.200 0.200 0.200 0.300 0.200 0.200 0.200 0.200 11/11/1965
0.900 0.800 0.800 0.600 0.700 0.800 0.800 0.800 0.700 0.700 0.800 0.800 0.700 0.700 0.700 0.800 0.700 0.700 0.700 0.700 0.900 0.700 0.700 0.800 0.800 0.900 0.700 0.800 0.800 0.700 12/11/1965
0.500 0.500 0.500 0.500 0.500 0.500 0.500 0.500 0.500 0.500 0.500 0.500 0.500 0.500 0.500 0.400 0.500 0.500 0.500 0.500 0.400 0.500 0.500 0.500 0.500 0.400 0.500 0.500 0.500 0.500 13/11/1965
0.200 0.200 0.200 0.200 0.100 0.200 0.200 0.200 0.200 0.100 0.200 0.200 0.200 0.200 0.100 0.300 0.300 0.200 0.200 0.200 0.400 0.300 0.200 0.200 0.200 0.400 0.300 0.200 0.200 0.200 14/11/1965
0.500 0.500 0.500 0.600 0.800 0.500 0.500 0.500 0.700 0.800 0.500 0.500 0.700 0.700 0.800 0.500 0.700 0.700 0.700 0.700 0.500 0.700 0.700 0.700 0.700 0.500 0.700 0.700 0.700 0.700 15/11/1965
1.500 1.400 1.400 0.900 1.000 1.300 1.300 1.300 1.300 1.000 1.400 1.400 1.300 1.300 1.000 1.600 1.600 1.300 1.300 1.300 1.700 1.600 1.300 1.300 1.300 1.800 1.600 1.300 1.300 1.300 16/11/1965
0.600 0.600 0.600 0.300 0.400 0.500 0.500 0.500 0.600 0.400 0.500 0.500 0.600 0.600 0.400 0.900 1.000 0.600 0.500 0.500 0.900 1.000 0.600 0.600 0.600 1.000 1.000 0.600 0.600 0.500 17/11/1965
0.900 0.900 0.900 0.700 0.700 0.900 0.800 0.900 0.800 0.700 0.900 0.900 0.800 0.700 0.700 0.800 0.900 0.800 0.700 0.700 0.800 0.900 0.800 0.800 0.800 0.800 0.900 0.800 0.800 0.700 18/11/1965
0.800 0.800 0.800 0.700 0.700 0.700 0.700 0.700 0.600 0.700 0.700 0.700 0.600 0.600 0.700 0.700 0.700 0.600 0.600 0.600 0.800 0.700 0.600 0.600 0.600 0.800 0.700 0.600 0.600 0.600 19/11/1965
1.500 1.500 1.500 1.500 1.400 1.500 1.500 1.500 1.400 1.400 1.500 1.500 1.400 1.400 1.400 1.500 1.500 1.400 1.400 1.400 1.500 1.500 1.400 1.400 1.400 1.500 1.500 1.400 1.400 1.400 20/11/1965
0.500 0.500 0.500 0.600 0.600 0.500 0.500 0.500 0.500 0.600 0.500 0.500 0.500 0.500 0.600 0.500 0.500 0.500 0.500 0.500 0.500 0.500 0.500 0.500 0.500 0.500 0.500 0.600 0.600 0.500 21/11/1965
0.600 0.600 0.600 0.500 0.500 0.600 0.600 0.600 0.600 0.500 0.600 0.600 0.600 0.600 0.500 0.700 0.600 0.600 0.600 0.600 0.700 0.600 0.600 0.600 0.600 0.700 0.600 0.600 0.600 0.600 22/11/1965
0.500 0.500 0.500 0.400 0.500 0.500 0.500 0.500 0.600 0.500 0.500 0.500 0.600 0.600 0.500 0.600 0.600 0.600 0.600 0.600 0.600 0.600 0.600 0.600 0.600 0.600 0.600 0.600 0.600 0.600 23/11/1965
0.900 0.900 0.900 0.600 0.700 1.000 1.000 1.000 0.800 0.700 1.000 1.000 0.800 0.800 0.700 0.900 0.900 0.800 0.800 0.800 0.900 0.900 0.800 0.800 0.800 0.900 0.900 0.800 0.800 0.800 24/11/1965
1.600 1.600 1.600 1.400 1.300 1.500 1.500 1.500 1.500 1.300 1.500 1.500 1.500 1.500 1.300 1.500 1.500 1.500 1.500 1.500 1.600 1.500 1.500 1.500 1.500 1.600 1.500 1.500 1.500 1.500 25/11/1965
0.900 0.900 0.900 1.100 1.000 0.900 0.900 0.900 1.000 1.000 0.900 0.900 1.000 1.000 1.000 0.800 0.800 1.000 1.000 1.000 0.800 0.800 1.000 1.000 1.000 0.700 0.700 1.000 1.000 1.000 26/11/1965
0.800 0.800 0.800 0.900 0.600 0.800 0.800 0.800 0.700 0.700 0.800 0.800 0.700 0.700 0.700 0.700 0.700 0.700 0.700 0.700 0.700 0.700 0.700 0.700 0.700 0.700 0.700 0.700 0.700 0.700 27/11/1965
1.000 1.000 1.000 1.000 0.800 0.900 0.900 0.900 0.800 0.800 0.900 0.900 0.800 0.800 0.900 1.100 0.800 0.800 0.800 0.800 1.100 0.800 0.800 0.800 0.800 1.100 0.800 0.800 0.800 0.800 28/11/1965
1.500 1.500 1.500 1.300 1.200 1.400 1.400 1.400 1.500 1.200 1.500 1.500 1.500 1.500 1.200 1.700 1.400 1.500 1.400 1.500 1.800 1.400 1.500 1.500 1.500 1.800 1.400 1.500 1.500 1.400 29/11/1965
0.600 0.600 0.600 0.600 0.500 0.600 0.600 0.600 0.600 0.500 0.600 0.600 0.600 0.600 0.400 0.500 0.500 0.600 0.600 0.600 0.500 0.500 0.600 0.600 0.600 0.500 0.500 0.600 0.600 0.600 30/11/1965
0.500 0.500 0.500 0.600 0.500 0.500 0.500 0.500 0.700 0.500 0.500 0.500 0.700 0.700 0.500 0.600 0.800 0.700 0.700 0.700 0.600 0.800 0.700 0.700 0.700 0.600 0.800 0.700 0.700 0.700 01/12/1965
0.400 0.400 0.400 0.300 0.200 0.400 0.400 0.400 0.300 0.200 0.400 0.400 0.300 0.300 0.200 0.200 0.100 0.300 0.300 0.300 0.200 0.100 0.300 0.300 0.300 0.200 0.100 0.300 0.300 0.300 02/12/1965
0.700 0.700 0.700 0.600 0.500 0.700 0.700 0.700 0.600 0.500 0.700 0.700 0.600 0.600 0.500 0.800 0.700 0.600 0.600 0.600 0.800 0.700 0.600 0.600 0.600 0.800 0.700 0.600 0.600 0.600 03/12/1965
0.900 0.900 0.900 0.800 0.700 0.800 0.800 0.800 0.800 0.700 0.800 0.800 0.800 0.800 0.700 1.000 1.000 0.800 0.700 0.800 1.100 1.000 0.800 0.800 0.800 1.100 1.100 0.800 0.800 0.700 04/12/1965
0.600 0.600 0.600 0.600 0.500 0.600 0.600 0.600 0.400 0.500 0.600 0.600 0.400 0.400 0.400 0.600 0.400 0.400 0.400 0.400 0.600 0.400 0.400 0.400 0.400 0.600 0.400 0.400 0.400 0.400 05/12/1965
0.700 0.600 0.600 0.700 0.600 0.600 0.600 0.600 0.500 0.600 0.600 0.600 0.500 0.500 0.600 0.500 0.500 0.500 0.500 0.500 0.500 0.500 0.500 0.500 0.500 0.600 0.500 0.500 0.500 0.500 06/12/1965
0.300 0.300 0.300 0.400 0.300 0.300 0.300 0.300 0.300 0.300 0.300 0.300 0.300 0.300 0.300 0.300 0.300 0.300 0.300 0.300 0.300 0.300 0.300 0.300 0.300 0.400 0.300 0.300 0.300 0.300 07/12/1965
0.200 0.200 0.100 0.200 0.300 0.100 0.100 0.100 0.100 0.300 0.100 0.100 0.200 0.100 0.300 0.000 0.000 0.100 0.100 0.100 0.000 0.000 0.100 0.200 0.200 0.100 0.000 0.200 0.200 0.100 08/12/1965
0.800 0.800 0.800 0.700 0.700 0.800 0.800 0.800 0.800 0.800 0.800 0.800 0.800 0.800 0.800 0.900 0.800 0.800 0.800 0.800 0.900 0.800 0.800 0.800 0.800 0.900 0.800 0.800 0.800 0.800 09/12/1965
0.700 0.700 0.700 0.700 0.600 0.700 0.700 0.700 0.600 0.600 0.700 0.700 0.600 0.600 0.700 0.700 0.700 0.600 0.600 0.600 0.700 0.700 0.600 0.600 0.600 0.800 0.700 0.600 0.600 0.600 10/12/1965
0.700 0.700 0.700 0.600 0.500 0.700 0.700 0.700 0.600 0.500 0.700 0.700 0.600 0.600 0.600 0.800 0.800 0.600 0.600 0.600 0.900 0.800 0.600 0.600 0.600 0.900 0.800 0.600 0.600 0.600 11/12/1965
0.500 0.500 0.500 0.500 0.500 0.500 0.400 0.500 0.600 0.500 0.500 0.500 0.600 0.500 0.500 0.500 0.600 0.600 0.500 0.500 0.500 0.600 0.600 0.600 0.600 0.500 0.600 0.600 0.600 0.500 12/12/1965
0.300 0.300 0.300 0.400 0.400 0.300 0.300 0.300 0.300 0.400 0.300 0.300 0.300 0.300 0.400 0.400 0.500 0.300 0.300 0.300 0.400 0.400 0.300 0.300 0.300 0.400 0.500 0.300 0.300 0.300 13/12/1965
0.500 0.500 0.500 0.400 0.500 0.400 0.400 0.400 0.500 0.500 0.400 0.400 0.500 0.500 0.500 0.400 0.500 0.500 0.500 0.500 0.500 0.500 0.500 0.600 0.600 0.500 0.500 0.600 0.600 0.500 14/12/1965
0.800 0.800 0.800 0.900 1.200 0.700 0.700 0.700 1.100 1.200 0.700 0.800 1.200 1.100 1.200 0.700 1.000 1.200 1.100 1.100 0.700 1.000 1.100 1.200 1.200 0.700 1.000 1.100 1.100 1.100 15/12/1965
0.300 0.300 0.300 0.300 0.300 0.300 0.300 0.300 0.300 0.300 0.300 0.300 0.300 0.300 0.300 0.400 0.400 0.300 0.300 0.300 0.400 0.400 0.300 0.300 0.300 0.400 0.400 0.300 0.300 0.300 16/12/1965
0.200 0.200 0.200 0.300 0.300 0.200 0.200 0.200 0.300 0.300 0.200 0.200 0.300 0.300 0.400 0.400 0.400 0.300 0.300 0.300 0.500 0.400 0.300 0.300 0.300 0.500 0.400 0.300 0.300 0.300 17/12/1965
1.000 1.000 1.000 1.100 1.100 1.000 1.000 1.000 1.000 1.100 1.000 1.000 1.000 1.000 1.100 1.000 1.000 1.000 1.000 1.000 1.000 1.000 1.000 1.000 1.000 1.000 1.000 1.000 1.000 1.000 18/12/1965
0.800 0.800 0.800 0.600 0.800 0.800 0.700 0.800 0.700 0.800 0.800 0.800 0.800 0.700 0.800 0.800 0.800 0.800 0.700 0.700 0.800 0.800 0.700 0.800 0.800 0.800 0.800 0.800 0.800 0.700 19/12/1965
0.600 0.600 0.600 0.700 0.600 0.600 0.600 0.600 0.600 0.600 0.600 0.600 0.600 0.600 0.600 0.600 0.600 0.600 0.600 0.600 0.600 0.600 0.600 0.600 0.600 0.600 0.600 0.600 0.600 0.600 20/12/1965
0.800 0.800 0.700 0.700 0.700 0.700 0.700 0.700 0.700 0.700 0.700 0.700 0.700 0.700 0.700 0.900 0.800 0.700 0.700 0.700 0.900 0.800 0.700 0.700 0.700 1.000 0.800 0.800 0.800 0.700 21/12/1965
0.400 0.400 0.400 0.400 0.500 0.400 0.500 0.400 0.400 0.500 0.400 0.400 0.400 0.400 0.500 0.600 0.500 0.400 0.400 0.400 0.500 0.500 0.400 0.400 0.400 0.500 0.400 0.400 0.400 0.400 22/12/1965
0.600 0.600 0.500 0.600 0.500 0.500 0.500 0.500 0.600 0.500 0.500 0.500 0.600 0.600 0.500 0.600 0.600 0.600 0.600 0.600 0.600 0.600 0.600 0.600 0.600 0.700 0.600 0.600 0.600 0.600 23/12/1965
1.200 1.200 1.200 1.100 0.900 1.200 1.100 1.200 1.000 1.000 1.200 1.200 1.000 1.000 1.000 1.000 1.000 1.000 1.000 1.000 1.100 1.000 1.000 1.000 1.000 1.100 1.000 1.100 1.000 1.000 24/12/1965
0.700 0.700 0.700 0.800 0.600 0.700 0.800 0.700 0.700 0.600 0.700 0.700 0.700 0.700 0.700 0.900 0.800 0.700 0.700 0.700 1.000 0.800 0.700 0.700 0.700 1.000 0.800 0.700 0.700 0.700 25/12/1965
0.500 0.500 0.500 0.600 0.500 0.500 0.500 0.500 0.500 0.500 0.500 0.500 0.600 0.500 0.500 0.600 0.600 0.600 0.500 0.500 0.600 0.600 0.500 0.600 0.600 0.600 0.600 0.600 0.600 0.500 26/12/1965
1.000 1.000 1.000 0.800 0.800 1.000 0.900 1.000 1.000 0.800 1.000 1.000 1.100 1.000 0.900 1.100 1.100 1.000 1.000 1.000 1.100 1.100 1.000 1.100 1.100 1.200 1.200 1.100 1.100 1.000 27/12/1965
0.500 0.400 0.400 0.300 0.500 0.400 0.400 0.400 0.400 0.500 0.400 0.400 0.400 0.400 0.500 0.600 0.600 0.400 0.400 0.400 0.600 0.600 0.400 0.400 0.400 0.600 0.600 0.400 0.400 0.400 28/12/1965
0.600 0.600 0.600 0.500 0.400 0.600 0.700 0.600 0.500 0.400 0.600 0.600 0.500 0.500 0.400 0.900 0.800 0.500 0.500 0.500 0.800 0.800 0.500 0.500 0.500 0.800 0.800 0.500 0.500 0.500 29/12/1965
0.600 0.500 0.500 0.400 0.300 0.500 0.400 0.500 0.400 0.400 0.500 0.500 0.400 0.400 0.400 0.500 0.600 0.400 0.400 0.400 0.600 0.600 0.400 0.400 0.400 0.600 0.600 0.400 0.400 0.400 30/12/1965
0.500 0.400 0.400 0.400 0.300 0.400 0.400 0.400 0.500 0.300 0.400 0.400 0.500 0.500 0.400 0.500 0.500 0.500 0.500 0.500 0.500 0.500 0.500 0.500 0.500 0.500 0.500 0.500 0.500 0.500 31/12/1965
1.300 1.200 1.200 0.900 0.800 1.200 1.200 1.200 0.900 0.800 1.200 1.200 0.900 0.900 0.800 1.100 1.000 0.900 0.900 0.900 1.200 1.000 0.900 0.900 0.900 1.200 1.000 1.000 1.000 0.900 01/01/1966
0.600 0.600 0.600 0.700 0.600 0.600 0.600 0.600 0.600 0.600 0.600 0.600 0.600 0.600 0.600 0.800 0.900 0.600 0.600 0.600 0.800 0.900 0.600 0.600 0.600 0.800 0.900 0.600 0.600 0.600 02/01/1966
0.500 0.500 0.500 0.600 0.500 0.500 0.500 0.500 0.400 0.500 0.500 0.500 0.400 0.400 0.500 0.400 0.400 0.400 0.400 0.400 0.400 0.400 0.400 0.400 0.400 0.400 0.400 0.400 0.400 0.400 03/01/1966
0.200 0.200 0.200 0.100 0.200 0.200 0.100 0.200 0.100 0.200 0.200 0.200 0.100 0.100 0.200 0.300 0.200 0.100 0.100 0.100 0.300 0.200 0.100 0.100 0.100 0.300 0.200 0.100 0.100 0.100 04/01/1966
0.500 0.500 0.500 0.600 0.600 0.500 0.500 0.500 0.600 0.600 0.500 0.500 0.600 0.600 0.600 0.600 0.700 0.600 0.600 0.600 0.600 0.700 0.600 0.600 0.600 0.700 0.700 0.600 0.600 0.600 05/01/1966
0.700 0.600 0.600 0.700 1.000 0.600 0.600 0.600 0.900 1.000 0.600 0.600 0.900 0.900 1.000 1.000 1.000 0.900 0.900 0.900 0.900 1.000 0.900 0.900 0.900 0.900 1.000 0.900 0.900 0.900 06/01/1966
0.400 0.400 0.500 0.500 0.700 0.500 0.500 0.500 0.700 0.700 0.500 0.500 0.700 0.700 0.700 0.300 0.300 0.700 0.700 0.700 0.300 0.300 0.700 0.700 0.700 0.200 0.300 0.700 0.700 0.700 07/01/1966
0.300 0.300 0.300 0.300 0.600 0.300 0.300 0.300 0.700 0.600 0.300 0.300 0.700 0.700 0.600 0.400 0.400 0.700 0.700 0.700 0.300 0.400 0.700 0.700 0.700 0.300 0.400 0.700 0.700 0.700 08/01/1966
0.800 0.800 0.700 0.600 0.300 0.700 0.700 0.700 0.600 0.300 0.700 0.700 0.600 0.500 0.400 0.600 0.600 0.600 0.500 0.500 0.700 0.600 0.600 0.600 0.600 0.700 0.600 0.600 0.600 0.500 09/01/1966
0.300 0.300 0.300 0.100 0.300 0.200 0.200 0.200 0.200 0.300 0.200 0.200 0.200 0.100 0.300 0.200 0.300 0.200 0.100 0.100 0.200 0.300 0.200 0.200 0.200 0.300 0.300 0.200 0.200 0.100 10/01/1966
1.100 1.100 1.100 0.900 0.900 1.100 1.100 1.100 0.900 0.900 1.100 1.100 0.900 0.900 0.900 1.200 0.900 0.900 0.900 0.900 1.200 0.900 0.900 0.900 0.900 1.300 0.900 0.900 0.900 0.900 11/01/1966
0.500 0.500 0.500 0.400 0.400 0.500 0.400 0.500 0.500 0.400 0.500 0.500 0.500 0.500 0.400 0.500 0.600 0.500 0.500 0.500 0.500 0.600 0.500 0.500 0.500 0.600 0.600 0.500 0.500 0.500 12/01/1966
0.900 0.900 0.900 0.800 1.000 0.800 0.800 0.800 0.900 1.000 0.800 0.800 0.900 0.900 1.000 1.000 1.100 0.900 0.900 0.900 1.000 1.100 0.900 0.900 0.900 1.100 1.100 1.000 1.000 0.900 13/01/1966
0.900 0.900 0.900 0.800 1.200 0.900 0.800 0.900 1.200 1.200 0.900 0.900 1.200 1.100 1.200 1.100 1.200 1.200 1.100 1.100 1.100 1.200 1.200 1.200 1.200 1.200 1.300 1.200 1.200 1.100 14/01/1966
0.800 0.800 0.800 0.900 1.000 0.700 0.700 0.700 1.000 1.000 0.700 0.700 1.000 1.000 1.000 0.800 0.900 1.000 1.000 1.000 0.800 0.900 1.000 1.000 1.000 0.800 0.900 1.000 1.000 1.000 15/01/1966
0.400 0.400 0.400 0.400 0.400 0.400 0.300 0.400 0.500 0.400 0.400 0.400 0.500 0.400 0.400 0.400 0.400 0.500 0.400 0.400 0.400 0.400 0.500 0.500 0.500 0.400 0.400 0.500 0.500 0.400 16/01/1966
0.400 0.400 0.400 0.200 0.300 0.400 0.300 0.400 0.300 0.300 0.400 0.400 0.300 0.300 0.300 0.400 0.300 0.300 0.300 0.300 0.400 0.300 0.300 0.300 0.300 0.400 0.300 0.400 0.400 0.300 17/01/1966
0.200 0.200 0.200 0.300 0.300 0.200 0.200 0.200 0.300 0.300 0.200 0.200 0.300 0.300 0.300 0.300 0.300 0.300 0.300 0.300 0.300 0.300 0.300 0.300 0.300 0.300 0.300 0.300 0.300 0.300 18/01/1966
0.500 0.500 0.500 0.400 0.400 0.500 0.500 0.500 0.400 0.400 0.500 0.500 0.400 0.400 0.400 0.500 0.400 0.400 0.400 0.400 0.500 0.400 0.400 0.400 0.400 0.600 0.400 0.400 0.400 0.400 19/01/1966
0.900 0.900 0.900 0.600 0.600 0.900 0.800 0.900 0.600 0.600 0.900 0.900 0.600 0.600 0.600 1.000 1.000 0.600 0.600 0.600 1.000 1.000 0.600 0.600 0.600 1.100 1.000 0.600 0.600 0.600 20/01/1966
0.300 0.300 0.300 0.400 0.500 0.300 0.300 0.300 0.500 0.500 0.300 0.300 0.500 0.500 0.500 0.300 0.400 0.500 0.500 0.500 0.300 0.400 0.500 0.500 0.500 0.300 0.400 0.500 0.500 0.500 21/01/1966
1.000 0.900 0.900 0.700 0.600 0.900 0.800 0.900 0.700 0.600 0.900 0.900 0.700 0.700 0.600 1.000 1.000 0.700 0.700 0.700 1.100 1.000 0.700 0.700 0.700 1.200 1.000 0.700 0.700 0.700 22/01/1966
1.200 1.200 1.200 1.200 0.700 1.100 1.100 1.100 0.900 0.700 1.100 1.200 0.900 0.900 0.800 1.000 0.900 0.900 0.900 0.900 1.000 0.900 0.900 0.900 0.900 1.100 0.900 1.000 1.000 0.900 23/01/1966
0.600 0.500 0.500 0.500 0.600 0.500 0.500 0.500 0.600 0.600 0.500 0.500 0.600 0.500 0.600 0.700 0.500 0.600 0.500 0.500 0.700 0.500 0.600 0.600 0.600 0.700 0.500 0.600 0.600 0.500 24/01/1966
0.300 0.300 0.300 0.500 0.800 0.300 0.300 0.300 0.500 0.800 0.300 0.300 0.500 0.500 0.800 0.400 0.500 0.500 0.500 0.500 0.400 0.500 0.500 0.500 0.500 0.400 0.500 0.500 0.500 0.500 25/01/1966
0.800 0.800 0.800 0.700 0.700 0.800 0.800 0.800 0.600 0.700 0.800 0.800 0.600 0.600 0.700 0.800 0.800 0.600 0.600 0.600 0.800 0.800 0.600 0.600 0.600 0.800 0.800 0.700 0.700 0.600 26/01/1966
0.600 0.600 0.600 0.500 0.600 0.600 0.600 0.600 0.500 0.600 0.600 0.600 0.500 0.500 0.600 0.700 0.600 0.500 0.500 0.500 0.800 0.600 0.500 0.500 0.500 0.800 0.700 0.500 0.500 0.500 27/01/1966
1.300 1.400 1.400 1.300 1.000 1.400 1.500 1.400 1.200 1.000 1.400 1.400 1.200 1.200 1.000 1.300 1.200 1.200 1.200 1.200 1.200 1.200 1.200 1.300 1.300 1.000 1.200 1.300 1.300 1.200 28/01/1966
3.100 3.100 3.000 2.800 2.600 3.000 3.000 3.000 2.800 2.600 3.000 3.000 2.800 2.800 2.700 2.600 2.400 2.800 2.800 2.800 2.600 2.400 2.800 2.800 2.800 2.700 2.400 2.900 2.900 2.800 29/01/1966
1.200 1.300 1.300 1.300 1.500 1.300 1.300 1.300 1.300 1.500 1.300 1.300 1.300 1.300 1.500 1.200 1.100 1.300 1.300 1.300 1.200 1.100 1.300 1.300 1.300 1.300 1.100 1.300 1.300 1.300 30/01/1966
1.300 1.300 1.300 1.300 1.400 1.300 1.300 1.300 1.400 1.400 1.300 1.300 1.400 1.300 1.400 1.200 1.100 1.400 1.300 1.300 1.200 1.100 1.300 1.400 1.400 1.200 1.100 1.400 1.400 1.300 31/01/1966
1.200 1.200 1.200 1.000 1.100 1.100 1.100 1.100 1.400 1.100 1.200 1.200 1.400 1.300 1.200 1.100 1.200 1.400 1.300 1.300 1.100 1.200 1.400 1.400 1.400 1.100 1.300 1.500 1.400 1.300 01/02/1966
1.800 1.800 1.800 1.900 1.800 1.800 1.800 1.800 1.700 1.800 1.800 1.800 1.700 1.700 1.800 1.600 1.600 1.700 1.700 1.700 1.600 1.600 1.700 1.700 1.700 1.600 1.600 1.700 1.700 1.700 02/02/1966
1.100 1.000 1.000 0.800 0.700 1.000 0.900 1.000 0.900 0.800 1.000 1.000 0.900 0.900 0.800 1.000 1.000 0.900 0.800 0.900 1.100 0.900 0.900 0.900 0.900 1.200 1.000 1.000 1.000 0.900 03/02/1966
0.400 0.400 0.400 0.100 0.300 0.400 0.400 0.400 0.300 0.300 0.400 0.400 0.300 0.300 0.300 0.400 0.400 0.300 0.300 0.300 0.400 0.400 0.300 0.300 0.300 0.400 0.400 0.300 0.300 0.300 04/02/1966
1.500 1.500 1.500 1.400 1.300 1.500 1.500 1.500 1.200 1.400 1.500 1.500 1.200 1.200 1.400 1.300 1.200 1.200 1.200 1.200 1.300 1.200 1.200 1.200 1.200 1.300 1.200 1.200 1.200 1.200 05/02/1966
1.200 1.200 1.200 1.200 1.400 1.200 1.200 1.200 1.500 1.400 1.200 1.200 1.500 1.500 1.400 1.300 1.500 1.500 1.500 1.500 1.400 1.500 1.500 1.500 1.500 1.400 1.500 1.500 1.500 1.500 06/02/1966
1.200 1.200 1.100 1.000 0.900 1.100 1.100 1.100 1.100 1.000 1.100 1.100 1.100 1.100 1.000 1.000 0.900 1.100 1.100 1.100 1.000 0.900 1.100 1.100 1.100 1.100 0.900 1.100 1.100 1.100 07/02/1966
1.200 1.200 1.200 0.600 1.000 1.200 1.200 1.200 1.100 1.000 1.200 1.200 1.100 1.100 1.000 1.600 1.500 1.100 1.100 1.100 1.600 1.500 1.100 1.100 1.100 1.700 1.500 1.100 1.100 1.100 08/02/1966
1.200 1.200 1.100 0.800 0.800 1.100 1.100 1.100 1.000 0.800 1.100 1.100 1.000 1.000 0.900 1.200 1.200 1.000 0.900 1.000 1.300 1.200 1.000 1.000 1.000 1.300 1.200 1.000 1.000 0.900 09/02/1966
1.500 1.500 1.500 1.200 1.000 1.400 1.300 1.400 1.200 1.100 1.400 1.400 1.200 1.200 1.100 1.500 1.300 1.200 1.200 1.200 1.500 1.200 1.200 1.200 1.200 1.600 1.300 1.300 1.300 1.200 10/02/1966
0.900 0.800 0.800 0.500 0.500 0.800 0.800 0.800 0.700 0.500 0.800 0.800 0.700 0.700 0.600 1.100 1.000 0.700 0.600 0.700 1.100 1.000 0.700 0.700 0.700 1.100 1.000 0.700 0.700 0.700 11/02/1966
0.600 0.600 0.600 0.700 0.800 0.500 0.500 0.500 0.900 0.900 0.600 0.600 0.900 0.900 0.900 0.500 0.700 0.900 0.900 0.900 0.500 0.700 0.900 0.900 0.900 0.500 0.700 0.900 0.900 0.900 12/02/1966
0.800 0.800 0.800 0.400 0.400 0.800 0.800 0.800 0.600 0.400 0.800 0.800 0.600 0.600 0.500 0.900 1.000 0.600 0.600 0.600 1.000 1.000 0.600 0.600 0.600 1.000 1.000 0.600 0.600 0.600 13/02/1966
0.800 0.700 0.700 0.700 0.800 0.700 0.700 0.700 0.900 0.800 0.700 0.700 0.900 0.900 0.800 0.700 0.900 0.900 0.800 0.900 0.700 0.900 0.900 0.900 0.900 0.800 1.000 0.900 0.900 0.800 14/02/1966
1.200 1.200 1.200 0.900 1.000 1.200 1.200 1.200 1.100 1.000 1.200 1.200 1.100 1.100 1.000 1.300 1.400 1.100 1.100 1.100 1.300 1.300 1.100 1.100 1.100 1.400 1.400 1.100 1.100 1.100 15/02/1966
1.100 1.100 1.100 1.100 1.100 1.100 1.100 1.100 1.200 1.100 1.100 1.100 1.200 1.200 1.100 1.100 1.000 1.200 1.200 1.200 1.100 1.000 1.200 1.200 1.200 1.100 1.000 1.200 1.200 1.200 16/02/1966
1.200 1.100 1.100 0.800 0.900 1.100 1.100 1.100 1.100 0.900 1.100 1.100 1.100 1.100 0.900 1.300 1.500 1.100 1.100 1.100 1.300 1.500 1.100 1.200 1.200 1.400 1.500 1.200 1.200 1.100 17/02/1966
1.800 1.800 1.800 1.500 1.500 1.800 1.800 1.800 1.900 1.600 1.800 1.800 1.900 1.900 1.600 1.700 1.800 1.900 1.800 1.900 1.800 1.800 1.900 1.900 1.900 1.800 1.800 1.900 1.900 1.800 18/02/1966
1.300 1.300 1.300 1.200 1.200 1.300 1.300 1.300 1.100 1.200 1.300 1.300 1.100 1.100 1.200 1.400 1.300 1.100 1.100 1.100 1.400 1.300 1.100 1.100 1.100 1.400 1.300 1.100 1.100 1.100 19/02/1966
2.100 2.100 2.000 2.100 1.900 2.000 1.900 2.000 2.000 1.900 2.000 2.000 2.000 2.000 2.000 2.200 2.200 2.000 1.900 1.900 2.300 2.200 2.000 2.000 2.000 2.300 2.200 2.100 2.100 1.900 20/02/1966
2.200 2.200 2.100 1.800 1.500 2.100 2.000 2.100 1.900 1.500 2.100 2.100 1.900 1.800 1.600 2.300 2.300 1.900 1.800 1.800 2.400 2.300 1.900 1.900 1.900 2.500 2.400 2.000 2.000 1.800 21/02/1966
2.400 2.400 2.300 2.400 2.200 2.300 2.300 2.300 2.200 2.200 2.300 2.300 2.200 2.200 2.200 2.300 2.100 2.200 2.200 2.200 2.300 2.100 2.200 2.200 2.200 2.300 2.100 2.200 2.200 2.200 22/02/1966
1.500 1.500 1.400 1.300 1.200 1.400 1.400 1.400 1.400 1.300 1.400 1.400 1.400 1.300 1.300 1.400 1.400 1.400 1.300 1.300 1.400 1.400 1.400 1.400 1.400 1.400 1.400 1.400 1.400 1.300 23/02/1966
1.100 1.100 1.100 1.000 1.000 1.100 1.100 1.100 1.100 1.000 1.100 1.100 1.100 1.100 1.000 1.300 1.300 1.100 1.100 1.100 1.300 1.300 1.100 1.100 1.100 1.300 1.300 1.200 1.200 1.100 24/02/1966
2.700 2.700 2.700 3.000 2.900 2.700 2.700 2.700 3.000 2.900 2.700 2.700 3.100 3.000 2.900 2.800 2.800 3.100 3.000 3.000 2.800 2.800 3.000 3.100 3.100 2.800 2.900 3.100 3.100 3.000 25/02/1966
2.000 2.000 2.000 1.900 1.600 2.000 2.000 2.000 1.800 1.700 2.000 2.000 1.800 1.800 1.700 1.900 1.800 1.800 1.800 1.800 1.900 1.800 1.800 1.800 1.800 2.000 1.800 1.800 1.800 1.800 26/02/1966
1.400 1.300 1.300 1.100 1.000 1.300 1.200 1.300 1.200 1.000 1.300 1.300 1.200 1.100 1.100 1.200 0.900 1.200 1.100 1.100 1.200 0.900 1.100 1.200 1.200 1.200 0.900 1.200 1.200 1.100 27/02/1966
1.600 1.600 1.600 1.300 0.900 1.500 1.500 1.500 1.200 0.900 1.500 1.500 1.200 1.100 0.900 1.800 1.600 1.200 1.100 1.100 1.800 1.600 1.200 1.200 1.200 1.900 1.600 1.200 1.200 1.100 28/02/1966
1.500 1.500 1.400 1.600 1.500 1.400 1.400 1.400 1.500 1.500 1.400 1.400 1.500 1.500 1.500 1.300 1.300 1.500 1.500 1.500 1.300 1.300 1.500 1.500 1.500 1.400 1.300 1.500 1.500 1.500 01/03/1966
1.300 1.300 1.300 1.100 1.000 1.300 1.300 1.300 1.200 1.000 1.300 1.300 1.200 1.200 1.000 1.400 1.300 1.200 1.200 1.200 1.400 1.300 1.200 1.200 1.200 1.400 1.300 1.200 1.200 1.200 02/03/1966
0.400 0.400 0.400 0.600 0.700 0.400 0.400 0.400 0.500 0.700 0.400 0.400 0.500 0.500 0.700 0.400 0.400 0.500 0.500 0.500 0.400 0.400 0.500 0.500 0.500 0.400 0.400 0.500 0.500 0.500 03/03/1966
1.300 1.300 1.300 1.200 1.300 1.200 1.200 1.200 1.300 1.400 1.200 1.200 1.300 1.300 1.400 1.400 1.400 1.300 1.300 1.300 1.400 1.400 1.300 1.400 1.400 1.500 1.500 1.400 1.400 1.300 04/03/1966
0.900 0.900 0.900 1.000 1.300 0.900 0.900 0.900 1.100 1.300 0.900 0.900 1.200 1.100 1.300 1.100 1.100 1.100 1.100 1.100 1.100 1.000 1.100 1.200 1.200 1.200 1.100 1.200 1.200 1.100 05/03/1966
1.900 1.800 1.800 1.700 1.800 1.800 1.700 1.800 1.800 1.800 1.800 1.800 1.900 1.800 1.900 1.800 1.800 1.900 1.800 1.800 1.800 1.800 1.800 1.900 1.900 1.900 1.800 1.900 1.900 1.800 06/03/1966
1.800 1.700 1.700 1.400 1.500 1.700 1.600 1.700 1.700 1.500 1.700 1.700 1.700 1.700 1.500 1.700 1.800 1.700 1.700 1.700 1.700 1.800 1.700 1.700 1.700 1.700 1.800 1.700 1.700 1.700 07/03/1966
1.800 1.800 1.800 1.700 1.600 1.800 1.700 1.800 1.800 1.600 1.800 1.800 1.800 1.800 1.600 1.800 1.900 1.800 1.700 1.700 1.800 1.900 1.800 1.800 1.800 1.800 1.900 1.800 1.800 1.700 08/03/1966
1.100 1.000 1.000 1.100 1.200 1.000 0.900 1.000 1.200 1.200 1.000 1.000 1.300 1.200 1.200 0.900 1.200 1.200 1.200 1.200 1.000 1.200 1.200 1.300 1.300 1.000 1.200 1.300 1.300 1.200 09/03/1966
1.500 1.500 1.500 1.500 1.400 1.500 1.400 1.500 1.500 1.400 1.500 1.500 1.500 1.500 1.400 1.500 1.500 1.500 1.500 1.500 1.500 1.500 1.500 1.500 1.500 1.600 1.500 1.600 1.600 1.500 10/03/1966
1.100 1.100 1.100 0.900 1.100 1.100 1.000 1.100 1.300 1.100 1.100 1.100 1.300 1.300 1.200 1.300 1.600 1.300 1.200 1.200 1.400 1.600 1.300 1.300 1.300 1.500 1.700 1.400 1.400 1.200 11/03/1966
1.600 1.600 1.500 1.800 1.700 1.500 1.500 1.500 1.800 1.700 1.500 1.500 1.800 1.800 1.700 1.600 1.800 1.800 1.800 1.800 1.600 1.800 1.800 1.800 1.800 1.600 1.800 1.800 1.800 1.800 12/03/1966
1.400 1.400 1.400 1.600 1.700 1.300 1.300 1.300 1.500 1.700 1.300 1.300 1.500 1.500 1.800 1.400 1.600 1.500 1.500 1.500 1.400 1.600 1.500 1.500 1.500 1.400 1.600 1.600 1.600 1.500 13/03/1966
2.500 2.500 2.500 1.900 1.800 2.400 2.400 2.400 2.100 1.900 2.400 2.400 2.100 2.100 1.900 2.500 2.400 2.100 2.000 2.100 2.500 2.400 2.100 2.100 2.100 2.600 2.400 2.200 2.200 2.000 14/03/1966
1.100 1.100 1.100 1.300 1.600 1.100 1.100 1.100 1.600 1.600 1.100 1.100 1.600 1.600 1.600 1.400 1.500 1.600 1.600 1.600 1.400 1.500 1.600 1.600 1.600 1.400 1.500 1.600 1.600 1.600 15/03/1966
2.400 2.400 2.400 2.000 1.900 2.300 2.300 2.300 2.200 1.900 2.400 2.400 2.200 2.100 2.000 2.400 2.200 2.200 2.100 2.100 2.400 2.200 2.100 2.200 2.200 2.500 2.300 2.300 2.200 2.100 16/03/1966
2.700 2.700 2.700 2.800 2.900 2.700 2.600 2.700 2.800 2.900 2.700 2.700 2.800 2.800 2.900 2.600 2.500 2.800 2.700 2.700 2.600 2.500 2.800 2.800 2.800 2.600 2.500 2.800 2.800 2.700 17/03/1966
2.300 2.300 2.300 2.200 2.400 2.300 2.300 2.300 2.600 2.500 2.300 2.300 2.600 2.500 2.500 2.600 2.700 2.600 2.500 2.500 2.600 2.700 2.600 2.600 2.600 2.600 2.700 2.600 2.600 2.500 18/03/1966
1.500 1.500 1.500 1.700 2.000 1.500 1.500 1.500 1.900 2.000 1.500 1.500 1.900 1.900 2.000 1.800 1.800 1.900 1.900 1.900 1.800 1.800 1.900 1.900 1.900 1.900 1.800 1.900 1.900 1.900 19/03/1966
2.700 2.700 2.600 2.200 2.200 2.600 2.500 2.600 2.300 2.300 2.600 2.600 2.300 2.300 2.300 2.500 2.400 2.300 2.300 2.300 2.500 2.400 2.300 2.400 2.400 2.600 2.400 2.400 2.400 2.300 20/03/1966
2.000 2.000 2.000 1.900 1.800 2.000 2.000 2.000 2.000 1.900 2.000 2.000 2.000 2.000 1.900 2.100 2.000 2.000 2.000 2.000 2.100 2.000 2.000 2.100 2.100 2.100 2.000 2.100 2.100 2.000 21/03/1966
2.100 2.100 2.000 1.900 1.800 2.000 2.000 2.000 1.900 1.800 2.000 2.000 2.000 1.900 1.800 1.900 1.800 1.900 1.900 1.900 1.900 1.800 1.900 2.000 2.000 2.000 1.800 2.000 2.000 1.900 22/03/1966
1.100 1.000 1.000 0.600 0.500 1.000 1.000 1.000 0.900 0.500 1.000 1.000 0.900 0.900 0.600 1.300 1.500 0.900 0.900 0.900 1.400 1.500 0.900 1.000 1.000 1.400 1.500 1.000 1.000 0.900 23/03/1966
1.900 1.800 1.800 1.600 1.500 1.800 1.800 1.800 1.800 1.500 1.800 1.800 1.800 1.800 1.600 1.800 1.900 1.800 1.800 1.800 1.800 1.800 1.800 1.800 1.800 1.800 1.900 1.900 1.900 1.800 24/03/1966
2.400 2.400 2.400 2.500 2.500 2.400 2.400 2.400 2.500 2.500 2.400 2.400 2.500 2.500 2.600 2.200 2.200 2.500 2.500 2.500 2.200 2.200 2.500 2.500 2.500 2.200 2.200 2.500 2.500 2.500 25/03/1966
0.600 0.600 0.600 0.500 0.500 0.600 0.600 0.600 0.500 0.500 0.600 0.600 0.500 0.500 0.500 0.700 0.600 0.500 0.500 0.500 0.700 0.600 0.500 0.600 0.600 0.700 0.600 0.600 0.600 0.500 26/03/1966
1.200 1.200 1.200 1.000 0.800 1.200 1.200 1.200 1.100 0.800 1.200 1.200 1.100 1.100 0.800 1.100 1.100 1.100 1.100 1.100 1.100 1.100 1.100 1.100 1.100 1.100 1.100 1.100 1.000 1.100 27/03/1966
2.800 2.700 2.700 2.700 2.400 2.700 2.700 2.700 2.600 2.400 2.700 2.700 2.600 2.600 2.500 2.600 2.500 2.600 2.500 2.600 2.600 2.500 2.600 2.600 2.600 2.700 2.500 2.700 2.700 2.500 28/03/1966
1.400 1.400 1.400 1.500 1.800 1.400 1.400 1.400 1.700 1.800 1.400 1.400 1.700 1.700 1.800 1.500 1.700 1.700 1.700 1.700 1.600 1.700 1.700 1.700 1.700 1.600 1.700 1.800 1.800 1.700 29/03/1966
2.100 2.100 2.000 1.800 1.800 2.000 2.000 2.000 1.900 1.800 2.000 2.000 1.900 1.900 1.800 1.900 1.900 1.900 1.900 1.900 1.900 1.900 1.900 1.900 1.900 1.900 1.900 1.900 1.900 1.900 30/03/1966
0.800 0.800 0.800 0.800 0.800 0.800 0.800 0.800 0.800 0.800 0.800 0.800 0.800 0.800 0.800 1.100 1.000 0.800 0.800 0.800 1.000 1.000 0.800 0.800 0.800 1.000 1.000 0.800 0.800 0.800 31/03/1966
1.000 1.000 1.000 1.000 0.900 1.000 1.000 1.000 1.000 0.900 1.000 1.000 1.000 1.000 0.900 0.700 0.700 1.000 1.000 1.000 0.700 0.700 1.000 1.000 1.000 0.800 0.700 1.000 1.000 1.000 01/04/1966
1.700 1.700 1.700 1.400 1.600 1.600 1.600 1.600 1.800 1.700 1.600 1.700 1.800 1.800 1.700 2.100 2.300 1.800 1.800 1.800 2.200 2.300 1.800 1.800 1.800 2.200 2.300 1.900 1.900 1.800 02/04/1966
1.800 1.800 1.800 1.700 1.600 1.800 1.700 1.800 2.000 1.700 1.800 1.800 2.000 2.000 1.700 1.800 1.700 2.000 1.900 1.900 1.900 1.600 2.000 2.000 2.000 1.900 1.700 2.100 2.000 1.900 03/04/1966
1.300 1.300 1.300 1.000 1.300 1.300 1.200 1.300 1.200 1.300 1.300 1.300 1.200 1.200 1.300 1.100 1.300 1.200 1.200 1.200 1.200 1.300 1.200 1.200 1.200 1.200 1.300 1.300 1.300 1.200 04/04/1966
0.900 0.800 0.800 0.600 0.700 0.800 0.800 0.800 0.800 0.700 0.800 0.800 0.800 0.800 0.700 1.100 1.200 0.800 0.800 0.800 1.200 1.200 0.800 0.800 0.800 1.200 1.200 0.800 0.800 0.800 05/04/1966
1.700 1.700 1.700 1.600 1.800 1.700 1.700 1.700 1.800 1.800 1.700 1.700 1.800 1.800 1.800 1.800 2.100 1.800 1.700 1.800 1.900 2.100 1.800 1.800 1.800 2.000 2.100 1.900 1.900 1.800 06/04/1966
1.300 1.200 1.200 1.400 1.600 1.200 1.200 1.200 1.300 1.600 1.200 1.200 1.300 1.300 1.600 1.200 1.200 1.300 1.300 1.300 1.300 1.200 1.300 1.300 1.300 1.300 1.300 1.300 1.300 1.300 07/04/1966
2.900 2.900 2.900 2.700 2.600 2.800 2.800 2.800 2.500 2.600 2.800 2.800 2.500 2.400 2.700 2.700 2.400 2.500 2.400 2.400 2.700 2.400 2.500 2.500 2.500 2.700 2.500 2.500 2.500 2.400 08/04/1966
2.300 2.300 2.300 1.900 1.200 2.200 2.100 2.200 1.700 1.200 2.200 2.200 1.700 1.700 1.200 2.200 2.100 1.700 1.600 1.700 2.200 2.100 1.700 1.700 1.700 2.300 2.200 1.800 1.700 1.600 09/04/1966
2.800 2.800 2.800 2.200 1.800 2.700 2.700 2.700 2.200 1.900 2.700 2.700 2.300 2.200 1.900 2.500 2.200 2.200 2.200 2.200 2.500 2.200 2.200 2.300 2.300 2.600 2.200 2.300 2.300 2.200 10/04/1966
2.500 2.500 2.500 2.300 2.000 2.400 2.400 2.400 2.400 2.000 2.400 2.500 2.400 2.400 2.000 2.000 2.300 2.400 2.400 2.400 2.100 2.300 2.400 2.400 2.400 2.100 2.300 2.500 2.500 2.400 11/04/1966
2.500 2.400 2.400 2.200 2.200 2.400 2.400 2.400 2.600 2.200 2.400 2.400 2.600 2.500 2.300 2.600 3.000 2.600 2.500 2.500 2.600 3.000 2.600 2.600 2.600 2.600 3.000 2.600 2.600 2.500 12/04/1966
2.800 2.800 2.700 2.000 2.000 2.700 2.600 2.700 2.000 2.000 2.700 2.700 2.100 2.000 2.000 2.900 2.600 2.100 2.000 2.000 3.000 2.600 2.000 2.100 2.100 3.100 2.700 2.200 2.100 2.000 13/04/1966
1.500 1.500 1.500 1.300 1.700 1.500 1.500 1.500 1.800 1.700 1.500 1.500 1.800 1.700 1.800 2.300 2.400 1.800 1.700 1.700 2.400 2.400 1.800 1.800 1.800 2.400 2.400 1.800 1.800 1.700 14/04/1966
2.700 2.700 2.600 2.400 2.600 2.600 2.500 2.600 3.000 2.600 2.600 2.600 3.000 2.900 2.700 2.600 3.300 3.000 2.900 2.900 2.700 3.300 2.900 3.000 3.000 2.800 3.300 3.100 3.100 2.900 15/04/1966
2.500 2.500 2.500 2.600 2.500 2.500 2.400 2.500 2.500 2.500 2.500 2.500 2.500 2.500 2.500 2.600 2.200 2.500 2.400 2.400 2.700 2.200 2.500 2.500 2.500 2.700 2.200 2.500 2.500 2.400 16/04/1966
1.900 1.900 1.900 2.300 1.900 1.900 1.900 1.900 2.200 1.900 1.900 1.900 2.200 2.100 1.900 1.600 1.800 2.200 2.100 2.100 1.700 1.800 2.200 2.200 2.200 1.700 1.800 2.200 2.200 2.100 17/04/1966
2.000 2.000 1.900 1.700 1.900 1.900 1.800 1.900 1.800 1.900 1.900 1.900 1.800 1.800 1.900 2.700 2.500 1.800 1.800 1.800 2.700 2.500 1.800 1.900 1.900 2.800 2.500 1.900 1.900 1.800 18/04/1966
2.600 2.600 2.600 2.600 2.500 2.600 2.600 2.600 2.500 2.500 2.600 2.600 2.500 2.500 2.500 2.500 2.500 2.500 2.500 2.500 2.500 2.500 2.500 2.500 2.500 2.500 2.500 2.600 2.600 2.500 19/04/1966
2.200 2.200 2.100 1.700 1.700 2.100 2.100 2.100 1.900 1.800 2.100 2.100 1.900 1.900 1.800 2.300 2.000 1.900 1.900 1.900 2.300 2.000 1.900 1.900 1.900 2.300 2.000 2.000 2.000 1.900 20/04/1966
2.400 2.400 2.400 2.300 2.400 2.400 2.400 2.400 2.600 2.500 2.400 2.400 2.600 2.600 2.500 2.600 2.600 2.600 2.500 2.500 2.600 2.600 2.600 2.600 2.600 2.700 2.700 2.600 2.600 2.500 21/04/1966
1.200 1.200 1.200 1.700 1.800 1.200 1.200 1.200 1.500 1.800 1.200 1.200 1.500 1.500 1.800 1.200 1.400 1.500 1.500 1.500 1.200 1.400 1.500 1.500 1.500 1.100 1.400 1.500 1.500 1.500 22/04/1966
2.200 2.200 2.200 2.100 2.100 2.200 2.200 2.200 2.100 2.100 2.200 2.200 2.100 2.100 2.100 2.300 2.100 2.100 2.100 2.100 2.300 2.100 2.100 2.100 2.100 2.300 2.100 2.100 2.100 2.100 23/04/1966
1.600 1.600 1.500 1.100 0.800 1.500 1.500 1.500 1.000 0.800 1.500 1.500 1.000 1.000 0.800 1.600 1.500 1.000 1.000 1.000 1.600 1.500 1.000 1.000 1.000 1.600 1.500 1.100 1.100 1.000 24/04/1966
2.400 2.300 2.300 2.600 2.300 2.300 2.300 2.300 2.500 2.400 2.300 2.300 2.500 2.400 2.400 2.700 2.600 2.500 2.400 2.400 2.700 2.500 2.500 2.500 2.500 2.800 2.600 2.500 2.500 2.400 25/04/1966
2.900 2.900 2.900 2.700 2.800 2.800 2.800 2.800 2.800 2.900 2.900 2.900 2.800 2.800 2.900 2.900 2.800 2.800 2.700 2.700 2.900 2.800 2.800 2.800 2.800 3.000 2.900 2.800 2.800 2.700 26/04/1966
0.700 0.700 0.700 0.700 1.100 0.700 0.700 0.700 1.000 1.100 0.700 0.700 1.000 1.000 1.100 0.800 1.000 1.000 1.000 1.000 0.900 1.000 1.000 1.100 1.100 0.900 1.000 1.100 1.100 1.000 27/04/1966
3.200 3.200 3.100 3.200 3.000 3.100 3.100 3.100 3.300 3.000 3.100 3.100 3.300 3.200 3.000 3.300 3.200 3.300 3.200 3.200 3.300 3.200 3.300 3.300 3.300 3.400 3.200 3.300 3.300 3.200 28/04/1966
3.800 3.800 3.800 3.800 3.700 3.800 3.700 3.800 3.600 3.700 3.800 3.800 3.600 3.600 3.700 3.900 3.800 3.600 3.600 3.600 3.900 3.800 3.600 3.600 3.600 3.900 3.800 3.700 3.700 3.600 29/04/1966
3.300 3.200 3.200 3.500 3.600 3.200 3.100 3.200 3.800 3.600 3.200 3.200 3.800 3.800 3.600 3.600 4.200 3.800 3.700 3.700 3.700 4.200 3.800 3.800 3.800 3.700 4.200 3.900 3.900 3.700 30/04/1966
5.500 5.500 5.400 5.000 4.700 5.400 5.300 5.400 5.000 4.700 5.400 5.400 5.000 4.900 4.700 5.100 4.900 5.000 4.900 4.900 5.100 4.900 5.000 5.000 5.000 5.100 4.900 5.000 5.000 4.900 01/05/1966
5.000 5.000 4.900 4.300 4.000 4.900 4.900 4.900 3.300 4.000 4.900 4.900 3.300 3.300 4.100 4.600 4.300 3.300 3.300 3.300 4.700 4.300 3.300 3.300 3.300 4.700 4.300 3.300 3.300 3.300 02/05/1966
2.500 2.400 2.400 2.600 3.200 2.400 2.300 2.400 3.700 3.200 2.400 2.400 3.700 3.700 3.300 2.800 3.600 3.700 3.700 3.700 2.900 3.600 3.700 3.800 3.800 2.900 3.700 3.800 3.800 3.700 03/05/1966
2.100 2.000 2.000 2.200 3.100 2.000 1.900 2.000 3.300 3.100 2.000 2.000 3.300 3.300 3.200 2.800 3.200 3.300 3.300 3.300 2.900 3.200 3.300 3.400 3.400 2.900 3.300 3.400 3.400 3.300 04/05/1966
1.900 1.900 1.900 1.900 2.300 1.900 1.900 1.900 2.400 2.300 1.900 1.900 2.400 2.400 2.400 2.600 3.200 2.400 2.300 2.400 2.600 3.200 2.400 2.400 2.400 2.600 3.200 2.400 2.400 2.400 05/05/1966
2.100 2.000 2.000 1.900 1.800 2.000 2.000 2.000 2.200 1.800 2.000 2.000 2.200 2.200 1.900 2.400 2.700 2.200 2.100 2.100 2.400 2.700 2.200 2.200 2.200 2.400 2.700 2.200 2.200 2.100 06/05/1966
2.800 2.800 2.700 2.700 2.200 2.700 2.700 2.700 3.100 2.200 2.700 2.700 3.100 3.100 2.300 3.100 2.900 3.100 3.100 3.100 3.200 2.900 3.100 3.200 3.200 3.200 2.900 3.200 3.200 3.100 07/05/1966
1.500 1.500 1.500 1.000 0.800 1.400 1.400 1.400 1.300 0.800 1.400 1.500 1.300 1.300 0.900 1.400 1.800 1.300 1.300 1.300 1.500 1.800 1.300 1.400 1.400 1.500 1.800 1.400 1.400 1.300 08/05/1966
1.700 1.700 1.700 1.400 1.500 1.600 1.600 1.600 1.600 1.500 1.700 1.700 1.600 1.600 1.500 1.900 1.800 1.600 1.600 1.600 1.900 1.800 1.600 1.600 1.600 2.000 1.800 1.600 1.600 1.600 09/05/1966
3.000 2.900 2.900 2.800 2.600 2.900 2.900 2.900 3.200 2.600 2.900 2.900 3.200 3.200 2.600 3.000 3.300 3.200 3.200 3.200 3.000 3.300 3.200 3.200 3.200 3.100 3.400 3.300 3.300 3.200 10/05/1966
1.300 1.200 1.200 1.300 1.600 1.200 1.200 1.200 1.500 1.600 1.200 1.200 1.500 1.500 1.700 1.600 2.200 1.500 1.500 1.500 1.700 2.200 1.500 1.500 1.500 1.700 2.200 1.600 1.600 1.500 11/05/1966
0.600 0.600 0.600 0.400 0.500 0.600 0.600 0.600 0.400 0.500 0.600 0.600 0.400 0.400 0.500 0.900 1.000 0.400 0.400 0.400 0.900 1.000 0.400 0.400 0.400 0.900 1.000 0.400 0.400 0.400 12/05/1966
2.000 2.000 1.900 1.400 1.100 1.900 1.900 1.900 1.400 1.200 1.900 1.900 1.400 1.400 1.200 2.300 2.200 1.400 1.400 1.400 2.400 2.100 1.400 1.400 1.400 2.400 2.200 1.400 1.400 1.400 13/05/1966
3.800 3.800 3.800 3.800 3.400 3.700 3.700 3.700 3.400 3.400 3.700 3.700 3.500 3.400 3.500 3.600 3.300 3.400 3.400 3.400 3.600 3.300 3.400 3.500 3.500 3.600 3.300 3.500 3.500 3.400 14/05/1966
4.400 4.400 4.400 4.400 4.400 4.400 4.300 4.400 4.300 4.400 4.400 4.400 4.300 4.300 4.400 4.400 4.400 4.300 4.300 4.300 4.500 4.400 4.300 4.300 4.300 4.600 4.500 4.300 4.300 4.300 15/05/1966
4.300 4.200 4.200 3.800 4.400 4.200 4.100 4.200 4.100 4.400 4.200 4.200 4.100 4.100 4.400 4.300 4.100 4.100 4.100 4.100 4.300 4.100 4.100 4.100 4.100 4.400 4.100 4.200 4.200 4.100 16/05/1966
3.900 3.900 3.900 4.100 4.200 3.800 3.800 3.800 4.400 4.200 3.800 3.800 4.400 4.300 4.300 3.700 4.100 4.400 4.300 4.300 3.700 4.100 4.400 4.400 4.400 3.700 4.100 4.400 4.400 4.300 17/05/1966
2.900 2.800 2.800 2.700 3.300 2.800 2.800 2.800 3.200 3.400 2.800 2.800 3.300 3.200 3.400 2.700 2.500 3.200 3.200 3.200 2.700 2.500 3.200 3.300 3.300 2.700 2.500 3.300 3.300 3.200 18/05/1966
3.400 3.400 3.400 3.400 3.400 3.400 3.500 3.400 3.500 3.500 3.400 3.400 3.500 3.500 3.500 3.300 3.300 3.500 3.500 3.500 3.300 3.300 3.500 3.500 3.500 3.300 3.300 3.500 3.500 3.500 19/05/1966
2.200 2.200 2.200 1.700 1.700 2.200 2.100 2.200 2.200 1.800 2.200 2.200 2.300 2.200 1.800 2.700 2.800 2.200 2.200 2.200 2.700 2.800 2.200 2.300 2.300 2.700 2.800 2.300 2.300 2.200 20/05/1966
4.600 4.500 4.500 4.100 4.300 4.500 4.400 4.500 4.600 4.300 4.500 4.500 4.600 4.500 4.400 4.700 4.700 4.600 4.500 4.500 4.700 4.700 4.600 4.600 4.600 4.800 4.800 4.700 4.600 4.500 21/05/1966
5.100 5.100 5.100 5.000 5.300 5.100 5.000 5.100 5.400 5.300 5.100 5.100 5.400 5.400 5.300 5.500 5.600 5.400 5.400 5.400 5.500 5.600 5.400 5.400 5.500 5.500 5.600 5.500 5.500 5.400 22/05/1966
3.900 3.900 3.900 4.000 4.000 3.900 3.900 3.900 3.900 4.000 3.900 3.900 3.900 3.800 4.000 4.000 4.200 3.900 3.800 3.800 4.000 4.200 3.900 3.900 3.900 3.900 4.200 3.900 3.900 3.800 23/05/1966
3.700 3.700 3.700 3.600 3.700 3.700 3.700 3.700 3.800 3.700 3.700 3.700 3.800 3.800 3.700 4.000 4.100 3.800 3.800 3.800 4.000 4.100 3.800 3.800 3.800 4.100 4.100 3.900 3.800 3.800 24/05/1966
4.000 4.000 4.000 3.600 4.200 3.900 3.900 3.900 4.300 4.200 3.900 3.900 4.300 4.200 4.200 4.100 4.200 4.300 4.200 4.200 4.100 4.200 4.300 4.300 4.300 4.200 4.200 4.300 4.300 4.200 25/05/1966
4.000 4.000 4.000 3.500 3.700 3.900 3.900 3.900 4.000 3.800 3.900 3.900 4.000 4.000 3.800 4.200 4.400 4.000 4.000 4.000 4.200 4.400 4.000 4.100 4.100 4.200 4.400 4.100 4.100 4.000 26/05/1966
5.400 5.400 5.400 4.800 5.100 5.300 5.300 5.300 5.200 5.200 5.300 5.300 5.200 5.100 5.200 5.500 5.600 5.200 5.100 5.100 5.500 5.600 5.200 5.200 5.200 5.500 5.600 5.300 5.300 5.100 27/05/1966
6.400 6.400 6.400 6.300 6.400 6.300 6.300 6.300 6.700 6.400 6.300 6.300 6.700 6.700 6.500 6.300 6.600 6.700 6.700 6.700 6.400 6.600 6.700 6.700 6.700 6.500 6.600 6.800 6.800 6.700 28/05/1966
6.800 6.800 6.800 6.900 6.500 6.800 6.800 6.800 6.900 6.500 6.800 6.800 6.900 6.900 6.600 6.400 7.000 6.900 6.900 6.900 6.500 7.000 6.900 6.900 6.900 6.500 7.000 7.000 7.000 6.900 29/05/1966
6.200 6.200 6.100 6.500 6.000 6.100 6.000 6.100 5.900 6.000 6.100 6.100 5.900 5.900 6.100 6.000 6.000 5.900 5.800 5.900 6.100 6.000 5.900 5.900 5.900 6.100 6.000 6.000 6.000 5.800 30/05/1966
6.300 6.200 6.200 5.800 5.600 6.200 6.200 6.200 6.200 5.600 6.200 6.200 6.200 6.100 5.700 6.000 6.200 6.200 6.100 6.100 6.000 6.200 6.200 6.200 6.200 6.000 6.200 6.200 6.200 6.100 31/05/1966
5.600 5.500 5.500 5.100 5.300 5.500 5.500 5.500 5.500 5.300 5.500 5.500 5.500 5.500 5.300 5.600 5.600 5.500 5.500 5.500 5.600 5.600 5.500 5.500 5.500 5.600 5.600 5.500 5.500 5.500 01/06/1966
6.000 5.900 5.900 5.500 5.300 5.900 5.900 5.900 5.700 5.300 5.900 5.900 5.700 5.700 5.400 6.200 6.200 5.700 5.700 5.700 6.200 6.200 5.700 5.700 5.700 6.200 6.200 5.800 5.800 5.700 02/06/1966
5.400 5.400 5.400 5.100 5.300 5.400 5.400 5.400 5.400 5.400 5.400 5.400 5.400 5.400 5.400 5.500 5.500 5.400 5.400 5.400 5.500 5.500 5.400 5.400 5.400 5.500 5.500 5.400 5.400 5.400 03/06/1966
5.100 5.100 5.100 4.300 3.600 5.000 5.000 5.000 4.100 3.600 5.100 5.100 4.100 4.100 3.600 4.600 4.200 4.100 4.000 4.000 4.600 4.200 4.100 4.100 4.100 4.700 4.200 4.200 4.200 4.000 04/06/1966
1.900 1.800 1.800 1.400 1.900 1.800 1.800 1.800 1.900 1.900 1.800 1.800 1.900 1.900 2.000 2.200 2.300 1.900 1.900 1.900 2.200 2.300 1.900 1.900 1.900 2.200 2.300 1.900 1.900 1.900 05/06/1966
4.100 4.100 4.100 3.300 3.900 4.000 4.000 4.000 4.300 4.000 4.000 4.000 4.400 4.300 4.000 4.200 4.500 4.400 4.300 4.300 4.300 4.500 4.300 4.400 4.400 4.300 4.500 4.400 4.400 4.300 06/06/1966
3.700 3.700 3.700 3.600 3.800 3.700 3.700 3.700 3.800 3.800 3.700 3.700 3.800 3.800 3.800 3.700 3.600 3.800 3.800 3.800 3.700 3.600 3.800 3.800 3.800 3.700 3.600 3.900 3.900 3.800 07/06/1966
5.100 5.100 5.100 5.100 5.100 5.100 5.100 5.100 5.300 5.100 5.100 5.100 5.300 5.200 5.100 4.700 4.700 5.300 5.200 5.200 4.700 4.700 5.300 5.300 5.300 4.700 4.700 5.300 5.300 5.200 08/06/1966
1.900 1.800 1.800 2.200 2.600 1.700 1.700 1.700 2.400 2.600 1.800 1.800 2.400 2.400 2.600 1.500 1.800 2.400 2.400 2.400 1.500 1.800 2.400 2.400 2.500 1.600 1.900 2.500 2.500 2.400 09/06/1966
2.900 2.900 2.900 2.700 1.900 2.900 2.900 2.900 2.000 1.900 2.900 2.900 2.000 2.000 1.900 2.200 1.600 2.000 2.000 2.000 2.200 1.600 2.000 2.000 2.000 2.200 1.600 2.000 2.000 2.000 10/06/1966
4.100 4.000 4.000 3.900 3.700 4.000 4.000 4.000 4.200 3.800 4.000 4.000 4.200 4.200 3.800 3.700 3.800 4.200 4.100 4.100 3.700 3.800 4.200 4.200 4.200 3.700 3.900 4.300 4.200 4.100 11/06/1966
2.300 2.300 2.300 2.900 3.100 2.300 2.300 2.300 2.900 3.100 2.300 2.300 2.900 2.900 3.100 2.600 2.800 2.900 2.900 2.900 2.600 2.800 2.900 2.900 2.900 2.600 2.800 3.000 3.000 2.900 12/06/1966
4.800 4.800 4.800 5.000 5.000 4.800 4.700 4.800 5.200 5.000 4.800 4.800 5.200 5.200 5.100 4.700 4.900 5.200 5.200 5.200 4.700 4.900 5.200 5.200 5.200 4.800 4.900 5.300 5.300 5.200 13/06/1966
4.300 4.300 4.300 4.100 3.900 4.300 4.300 4.300 4.000 4.000 4.300 4.300 4.000 4.000 4.000 4.300 3.900 4.000 4.000 4.000 4.300 3.900 4.000 4.000 4.000 4.300 3.900 4.000 4.000 4.000 14/06/1966
3.700 3.700 3.700 2.900 2.600 3.700 3.600 3.700 3.100 2.600 3.700 3.700 3.100 3.100 2.700 3.700 3.900 3.100 3.100 3.100 3.800 3.900 3.100 3.100 3.100 3.800 3.900 3.200 3.200 3.100 15/06/1966
3.600 3.600 3.600 2.900 3.500 3.600 3.500 3.600 3.400 3.600 3.600 3.600 3.500 3.400 3.600 3.700 3.800 3.400 3.400 3.400 3.700 3.800 3.400 3.500 3.500 3.700 3.900 3.500 3.500 3.400 16/06/1966
2.700 2.600 2.600 2.700 2.500 2.600 2.600 2.600 2.300 2.500 2.600 2.600 2.300 2.300 2.500 3.100 2.400 2.300 2.300 2.300 3.100 2.400 2.300 2.300 2.300 3.100 2.400 2.300 2.300 2.300 17/06/1966
2.000 2.000 1.900 1.600 1.300 1.900 1.900 1.900 1.500 1.300 1.900 1.900 1.500 1.500 1.300 1.900 1.400 1.500 1.500 1.500 1.900 1.400 1.500 1.500 1.500 2.000 1.400 1.500 1.500 1.500 18/06/1966
2.500 2.500 2.500 2.700 2.500 2.500 2.500 2.500 2.600 2.500 2.500 2.500 2.600 2.500 2.500 2.100 2.500 2.600 2.500 2.500 2.100 2.500 2.600 2.600 2.600 2.100 2.500 2.600 2.600 2.500 19/06/1966
2.000 2.000 2.000 1.800 1.600 2.000 2.000 2.000 1.800 1.700 2.000 2.000 1.800 1.800 1.700 2.400 2.300 1.800 1.800 1.800 2.400 2.300 1.800 1.800 1.800 2.400 2.300 1.800 1.800 1.800 20/06/1966
3.000 3.000 3.000 2.800 3.300 3.000 3.000 3.000 3.500 3.300 3.000 3.000 3.600 3.500 3.300 3.500 3.600 3.500 3.500 3.500 3.500 3.600 3.500 3.600 3.600 3.500 3.600 3.600 3.600 3.500 21/06/1966
4.800 4.700 4.700 4.500 4.700 4.700 4.700 4.700 4.800 4.800 4.700 4.700 4.800 4.800 4.800 4.700 4.800 4.800 4.800 4.800 4.800 4.800 4.800 4.800 4.800 4.800 4.800 4.800 4.800 4.800 22/06/1966
3.400 3.400 3.400 3.200 3.200 3.400 3.400 3.400 3.100 3.200 3.400 3.400 3.200 3.100 3.200 3.500 3.300 3.200 3.100 3.100 3.600 3.300 3.100 3.200 3.200 3.600 3.300 3.200 3.200 3.100 23/06/1966
1.800 1.700 1.700 1.200 1.700 1.700 1.700 1.700 2.000 1.700 1.700 1.700 2.000 2.000 1.800 1.900 2.400 2.000 1.900 1.900 1.900 2.400 2.000 2.000 2.000 1.900 2.400 2.000 2.000 1.900 24/06/1966
4.400 4.400 4.300 4.000 4.200 4.300 4.200 4.300 4.300 4.200 4.300 4.300 4.400 4.300 4.200 4.400 4.500 4.400 4.300 4.300 4.500 4.500 4.300 4.400 4.400 4.500 4.500 4.400 4.400 4.300 25/06/1966
3.700 3.600 3.600 2.900 3.300 3.600 3.500 3.600 3.900 3.300 3.600 3.600 3.900 3.900 3.400 3.900 4.000 3.900 3.800 3.900 4.000 4.000 3.900 3.900 3.900 4.100 4.000 4.000 4.000 3.900 26/06/1966
4.700 4.600 4.600 3.500 4.400 4.500 4.500 4.500 4.600 4.400 4.600 4.600 4.600 4.600 4.500 4.500 4.400 4.600 4.500 4.500 4.500 4.400 4.600 4.600 4.600 4.600 4.400 4.700 4.700 4.500 27/06/1966
3.900 3.800 3.800 3.600 3.900 3.700 3.600 3.700 4.100 3.900 3.700 3.700 4.100 4.000 4.000 3.700 4.100 4.100 4.000 4.000 3.800 4.100 4.100 4.100 4.100 3.800 4.100 4.200 4.200 4.000 28/06/1966
4.700 4.700 4.600 4.300 4.500 4.600 4.600 4.600 4.600 4.500 4.600 4.600 4.600 4.600 4.500 4.800 5.000 4.600 4.600 4.600 4.800 5.000 4.600 4.700 4.700 4.800 5.000 4.700 4.700 4.600 29/06/1966
4.600 4.600 4.600 4.100 4.400 4.600 4.600 4.600 4.500 4.400 4.600 4.600 4.500 4.500 4.400 4.600 4.600 4.500 4.500 4.500 4.600 4.600 4.500 4.500 4.500 4.600 4.700 4.500 4.500 4.500 30/06/1966
6.000 6.000 6.000 5.700 5.500 5.900 5.900 5.900 5.600 5.500 5.900 5.900 5.600 5.500 5.500 6.100 6.200 5.600 5.500 5.500 6.100 6.200 5.600 5.600 5.600 6.100 6.200 5.600 5.600 5.500 01/07/1966
5.100 5.100 5.000 5.400 5.700 5.000 5.000 5.000 5.700 5.700 5.000 5.000 5.700 5.700 5.800 5.800 5.400 5.700 5.700 5.700 5.800 5.400 5.700 5.700 5.700 5.900 5.400 5.800 5.800 5.700 02/07/1966
3.800 3.800 3.800 2.600 3.100 3.800 3.800 3.800 3.400 3.100 3.800 3.800 3.400 3.400 3.100 4.200 4.100 3.400 3.400 3.400 4.200 4.100 3.400 3.400 3.400 4.200 4.100 3.400 3.400 3.400 03/07/1966
3.500 3.500 3.500 4.000 4.600 3.500 3.400 3.500 4.300 4.600 3.500 3.500 4.300 4.300 4.600 3.600 4.200 4.300 4.300 4.300 3.600 4.100 4.300 4.300 4.300 3.600 4.200 4.300 4.300 4.300 04/07/1966
2.900 2.900 2.900 3.100 2.400 2.900 2.900 2.900 2.600 2.500 2.900 2.900 2.700 2.600 2.500 2.500 2.600 2.700 2.600 2.600 2.500 2.600 2.600 2.700 2.700 2.500 2.600 2.700 2.700 2.600 05/07/1966
3.200 3.200 3.200 3.600 2.900 3.200 3.100 3.200 3.300 2.900 3.200 3.200 3.300 3.300 2.900 3.100 3.200 3.300 3.300 3.300 3.100 3.200 3.300 3.300 3.300 3.100 3.200 3.300 3.300 3.300 06/07/1966
3.700 3.700 3.700 3.500 3.400 3.700 3.600 3.700 3.700 3.500 3.700 3.700 3.700 3.700 3.500 3.600 3.700 3.700 3.700 3.700 3.600 3.700 3.700 3.700 3.700 3.600 3.800 3.700 3.700 3.700 07/07/1966
4.100 4.100 4.100 3.800 4.000 4.000 4.000 4.000 4.300 4.100 4.000 4.000 4.300 4.300 4.100 4.300 4.300 4.300 4.300 4.300 4.400 4.300 4.300 4.300 4.300 4.400 4.300 4.400 4.300 4.300 08/07/1966
5.600 5.600 5.600 5.100 5.100 5.600 5.600 5.600 5.100 5.100 5.600 5.600 5.100 5.100 5.100 6.000 6.000 5.100 5.100 5.100 6.000 6.000 5.100 5.100 5.100 6.000 6.000 5.100 5.100 5.100 09/07/1966
4.500 4.500 4.500 4.400 5.500 4.500 4.400 4.500 5.500 5.500 4.500 4.500 5.600 5.500 5.500 4.900 5.100 5.500 5.500 5.500 5.000 5.100 5.500 5.600 5.600 5.000 5.100 5.600 5.600 5.500 10/07/1966
1.800 1.800 1.800 1.600 1.900 1.800 1.700 1.800 2.200 1.900 1.800 1.800 2.200 2.100 2.000 1.900 2.500 2.200 2.100 2.100 2.000 2.500 2.200 2.200 2.200 2.000 2.500 2.200 2.200 2.100 11/07/1966
5.700 5.600 5.600 4.900 5.000 5.500 5.400 5.500 5.700 5.000 5.500 5.500 5.700 5.700 5.000 5.400 5.600 5.700 5.700 5.700 5.500 5.600 5.700 5.700 5.700 5.600 5.600 5.800 5.800 5.700 12/07/1966
5.500 5.500 5.500 5.100 5.200 5.500 5.400 5.500 5.400 5.200 5.500 5.500 5.400 5.400 5.200 5.600 5.500 5.400 5.400 5.400 5.600 5.500 5.400 5.400 5.400 5.600 5.500 5.500 5.500 5.400 13/07/1966
4.800 4.700 4.700 4.900 4.900 4.700 4.700 4.700 5.000 4.900 4.700 4.700 5.000 5.000 4.900 4.600 4.700 5.000 5.000 5.000 4.700 4.700 5.000 5.000 5.000 4.800 4.700 5.000 5.000 5.000 14/07/1966
4.800 4.800 4.800 4.400 4.600 4.800 4.800 4.800 4.900 4.600 4.800 4.800 5.000 4.900 4.600 4.600 4.700 5.000 4.900 4.900 4.700 4.700 4.900 5.000 5.000 4.700 4.700 5.000 5.000 4.900 15/07/1966
3.100 3.100 3.100 3.000 2.500 3.100 3.000 3.100 2.900 2.600 3.100 3.100 3.000 2.900 2.600 2.800 2.700 2.900 2.900 2.900 2.800 2.700 2.900 3.000 3.000 2.800 2.700 3.000 3.000 2.900 16/07/1966
3.900 3.900 3.900 3.300 3.200 3.800 3.800 3.800 3.600 3.200 3.800 3.800 3.600 3.600 3.200 3.900 3.800 3.600 3.600 3.600 3.900 3.800 3.600 3.600 3.600 3.900 3.800 3.700 3.700 3.600 17/07/1966
3.000 3.000 3.000 2.200 2.400 3.000 2.900 3.000 2.700 2.500 3.000 3.000 2.700 2.700 2.500 3.600 3.400 2.700 2.600 2.700 3.600 3.400 2.700 2.700 2.700 3.700 3.400 2.700 2.700 2.600 18/07/1966
2.100 2.100 2.100 1.500 2.000 2.100 2.000 2.100 2.600 2.000 2.100 2.100 2.600 2.500 2.000 2.500 2.700 2.600 2.500 2.500 2.600 2.700 2.600 2.600 2.600 2.600 2.700 2.600 2.600 2.500 19/07/1966
1.400 1.400 1.400 1.200 1.000 1.400 1.400 1.400 1.100 1.000 1.400 1.400 1.100 1.100 1.100 1.400 1.300 1.100 1.100 1.100 1.400 1.300 1.100 1.200 1.200 1.300 1.300 1.200 1.200 1.100 20/07/1966
1.600 1.600 1.600 1.400 1.700 1.500 1.500 1.500 1.800 1.700 1.600 1.600 1.800 1.700 1.700 1.500 1.600 1.800 1.700 1.700 1.500 1.600 1.800 1.800 1.800 1.500 1.600 1.800 1.800 1.700 21/07/1966
3.600 3.600 3.600 3.500 3.800 3.600 3.500 3.600 4.400 3.800 3.600 3.600 4.400 4.400 3.900 3.400 4.000 4.400 4.300 4.300 3.500 4.000 4.400 4.500 4.500 3.500 4.000 4.500 4.500 4.300 22/07/1966
2.600 2.600 2.600 2.000 1.900 2.500 2.500 2.500 2.400 2.000 2.500 2.500 2.400 2.300 2.000 2.600 2.700 2.400 2.300 2.300 2.600 2.700 2.400 2.400 2.400 2.600 2.700 2.400 2.400 2.300 23/07/1966
4.000 3.900 3.900 4.000 4.500 3.800 3.800 3.800 4.800 4.500 3.900 3.900 4.800 4.800 4.600 3.800 4.500 4.800 4.800 4.800 3.900 4.400 4.800 4.800 4.900 3.900 4.500 4.900 4.900 4.800 24/07/1966
3.900 3.900 3.900 3.400 3.500 3.900 3.800 3.900 3.600 3.500 3.900 3.900 3.600 3.600 3.500 3.400 3.700 3.600 3.600 3.600 3.400 3.700 3.600 3.600 3.600 3.400 3.700 3.700 3.700 3.600 25/07/1966
4.100 4.100 4.100 3.700 3.900 4.100 4.100 4.100 4.200 3.900 4.100 4.100 4.200 4.200 4.000 4.300 4.400 4.200 4.200 4.200 4.300 4.400 4.200 4.200 4.200 4.300 4.400 4.300 4.300 4.200 26/07/1966
2.900 2.900 2.800 2.800 2.300 2.800 2.800 2.800 2.700 2.300 2.800 2.800 2.700 2.600 2.300 2.800 3.100 2.700 2.600 2.600 2.800 3.100 2.700 2.700 2.700 2.800 3.100 2.700 2.700 2.600 27/07/1966
3.800 3.800 3.800 3.900 3.800 3.800 3.800 3.800 4.000 3.800 3.800 3.800 4.000 4.000 3.800 3.700 3.600 4.000 4.000 4.000 3.700 3.600 4.000 4.000 4.000 3.700 3.700 4.100 4.100 4.000 28/07/1966
3.400 3.400 3.400 2.900 3.200 3.400 3.300 3.400 3.400 3.200 3.400 3.400 3.400 3.400 3.200 3.600 3.600 3.400 3.400 3.400 3.600 3.500 3.400 3.500 3.500 3.700 3.600 3.500 3.500 3.400 29/07/1966
4.000 4.000 4.000 4.200 3.600 3.900 3.900 3.900 4.000 3.600 3.900 3.900 4.100 4.000 3.700 4.000 3.900 4.000 4.000 4.000 4.100 3.900 4.000 4.100 4.100 4.100 3.900 4.100 4.100 4.000 30/07/1966
3.900 3.900 3.900 3.500 3.200 3.900 3.800 3.900 3.600 3.200 3.900 3.900 3.600 3.600 3.300 3.600 3.600 3.600 3.500 3.500 3.600 3.600 3.600 3.600 3.600 3.600 3.600 3.700 3.600 3.500 31/07/1966
