# 6448 6449 6450 6451 6452 6528 6529 6530 6531 6532 6610 6611 6612 6613 6614 6693 6694 6695 6696 6697 6776 6777 6778 6779 6780 6859 6860 6861 6862 6863 Date
0.000 0.000 0.000 0.000 0.000 0.000 0.000 0.000 0.000 0.000 0.000 0.000 0.000 0.000 0.000 0.000 0.000 0.000 0.000 0.000 0.000 0.000 0.000 0.000 0.000 0.000 0.000 0.000 0.000 0.000 01/08/1977
0.000 0.000 0.000 0.000 0.000 0.000 0.000 0.000 0.000 0.000 0.000 0.000 0.000 0.000 0.000 0.000 0.000 0.000 0.000 0.000 0.000 0.000 0.000 0.000 0.000 0.000 0.000 0.000 0.000 0.000 02/08/1977
0.000 0.000 0.000 0.000 0.000 0.000 0.000 0.000 0.000 0.000 0.000 0.000 0.000 0.000 0.000 0.000 0.000 0.000 0.000 0.000 0.000 0.000 0.000 0.000 0.000 0.000 0.000 0.000 0.000 0.000 03/08/1977
0.000 0.000 0.000 0.000 0.000 0.000 0.000 0.000 0.000 0.000 0.000 0.000 0.000 0.000 0.000 0.000 0.000 0.000 0.000 0.000 0.000 0.000 0.000 0.000 0.000 0.000 0.000 0.000 0.000 0.000 04/08/1977
0.000 0.000 0.000 0.000 0.000 0.000 0.000 0.000 0.000 0.000 0.000 0.000 0.000 0.000 0.000 0.000 0.000 0.000 0.000 0.000 0.000 0.000 0.000 0.000 0.000 0.000 0.000 0.000 0.000 0.000 05/08/1977
0.000 0.000 0.000 0.000 0.900 0.000 0.000 0.000 0.100 0.900 0.000 0.000 0.100 0.100 0.900 0.000 0.000 0.100 0.100 0.100 0.000 0.000 0.100 0.100 0.100 0.000 0.000 0.100 0.100 0.100 06/08/1977
0.000 0.000 0.000 0.800 0.000 0.000 0.000 0.000 0.000 0.000 0.000 0.000 0.000 0.000 0.000 0.000 0.000 0.000 0.000 0.000 0.000 0.000 0.000 0.000 0.000 0.000 0.000 0.000 0.000 0.000 07/08/1977
2.100 2.100 2.100 0.500 3.200 2.100 2.100 2.100 1.300 3.200 2.100 2.100 1.300 1.300 3.200 2.100 0.300 1.300 1.300 1.300 2.100 0.300 1.300 1.300 1.200 2.100 0.300 1.200 1.200 1.300 08/08/1977
0.000 0.000 0.000 0.000 0.000 0.000 0.000 0.000 0.000 0.000 0.000 0.000 0.000 0.000 0.000 0.000 0.000 0.000 0.000 0.000 0.000 0.000 0.000 0.000 0.000 0.000 0.000 0.000 0.000 0.000 09/08/1977
0.000 0.000 0.000 0.000 0.000 0.000 0.000 0.000 0.000 0.000 0.000 0.000 0.000 0.000 0.000 0.000 0.000 0.000 0.000 0.000 0.000 0.000 0.000 0.000 0.000 0.000 0.000 0.000 0.000 0.000 10/08/1977
0.000 0.000 0.000 0.000 0.000 0.000 0.000 0.000 0.000 0.000 0.000 0.000 0.000 0.000 0.000 0.000 0.000 0.000 0.000 0.000 0.000 0.000 0.000 0.000 0.000 0.000 0.000 0.000 0.000 0.000 11/08/1977
0.000 0.000 0.000 0.000 0.000 0.000 0.000 0.000 0.000 0.000 0.000 0.000 0.000 0.000 0.000 0.000 0.000 0.000 0.000 0.000 0.000 0.000 0.000 0.000 0.000 0.000 0.000 0.000 0.000 0.000 12/08/1977
0.000 0.000 0.000 0.000 0.000 0.000 0.000 0.000 0.000 0.000 0.000 0.000 0.000 0.000 0.000 0.000 0.000 0.000 0.000 0.000 0.000 0.000 0.000 0.000 0.000 0.000 0.000 0.000 0.000 0.000 13/08/1977
0.000 0.000 0.000 0.000 0.000 0.000 0.000 0.000 0.000 0.000 0.000 0.000 0.000 0.000 0.000 0.000 0.000 0.000 0.000 0.000 0.000 0.000 0.000 0.000 0.000 0.000 0.000 0.000 0.000 0.000 14/08/1977
0.500 0.500 0.500 0.100 0.100 0.500 0.500 0.500 0.900 0.100 0.500 0.500 0.900 0.900 0.100 1.600 2.700 0.900 0.900 0.900 1.600 2.700 0.900 0.900 0.900 1.600 2.700 0.900 0.900 0.900 15/08/1977
17.100 17.300 17.300 17.700 33.200 17.500 17.600 17.500 30.900 33.000 17.400 17.400 30.800 31.100 32.700 20.700 25.500 30.900 31.200 31.200 20.500 25.500 30.900 30.700 30.700 20.300 25.300 30.400 30.500 31.200 16/08/1977
5.200 5.200 5.300 7.600 8.800 5.300 5.400 5.300 4.100 8.700 5.300 5.300 4.100 4.200 8.700 7.100 7.500 4.100 4.200 4.200 7.000 7.500 4.200 4.100 4.100 6.900 7.500 4.100 4.100 4.200 17/08/1977
22.900 23.000 23.100 17.700 23.300 23.300 23.600 23.300 15.400 23.200 23.300 23.200 15.400 15.500 23.000 25.500 5.800 15.400 15.600 15.500 25.200 5.800 15.400 15.300 15.300 24.900 5.800 15.200 15.200 15.500 18/08/1977
4.400 4.400 4.400 4.700 10.300 4.500 4.500 4.500 10.500 10.200 4.400 4.400 10.500 10.600 10.100 5.700 9.400 10.500 10.600 10.600 5.700 9.400 10.500 10.500 10.500 5.600 9.400 10.400 10.400 10.600 19/08/1977
2.700 2.800 2.800 1.200 4.800 2.800 2.800 2.800 2.600 4.800 2.800 2.800 2.600 2.600 4.700 0.000 0.400 2.600 2.600 2.600 0.000 0.400 2.600 2.600 2.600 0.000 0.400 2.500 2.500 2.600 20/08/1977
6.900 6.900 6.900 3.700 5.500 7.000 7.100 7.000 5.800 5.500 7.000 7.000 5.800 5.800 5.400 14.300 6.300 5.800 5.800 5.800 14.100 6.300 5.800 5.700 5.700 14.000 6.200 5.700 5.700 5.800 21/08/1977
8.400 8.500 8.500 4.700 5.700 8.600 8.700 8.600 3.500 5.700 8.600 8.600 3.500 3.500 5.700 1.600 4.200 3.500 3.500 3.500 1.600 4.200 3.500 3.500 3.500 1.600 4.200 3.500 3.500 3.500 22/08/1977
0.600 0.600 0.600 0.400 0.800 0.600 0.600 0.600 1.200 0.800 0.600 0.600 1.200 1.200 0.800 0.000 0.500 1.200 1.200 1.200 0.000 0.500 1.200 1.100 1.100 0.000 0.500 1.100 1.100 1.200 23/08/1977
0.100 0.100 0.100 0.300 0.000 0.100 0.100 0.100 0.100 0.000 0.100 0.100 0.100 0.100 0.000 0.000 0.000 0.100 0.100 0.100 0.000 0.000 0.100 0.100 0.100 0.000 0.000 0.100 0.100 0.100 24/08/1977
0.100 0.100 0.100 0.100 6.800 0.100 0.100 0.100 3.300 6.800 0.100 0.100 3.300 3.400 6.700 0.100 2.900 3.300 3.400 3.400 0.100 2.900 3.300 3.300 3.300 0.100 2.900 3.300 3.300 3.400 25/08/1977
4.900 5.000 5.000 7.100 0.200 5.000 5.100 5.000 1.500 0.200 5.000 5.000 1.500 1.500 0.200 5.800 0.700 1.500 1.500 1.500 5.800 0.700 1.500 1.500 1.500 5.700 0.700 1.500 1.500 1.500 26/08/1977
0.000 0.000 0.000 0.000 0.200 0.000 0.000 0.000 0.000 0.200 0.000 0.000 0.000 0.000 0.200 0.000 0.000 0.000 0.000 0.000 0.000 0.000 0.000 0.000 0.000 0.000 0.000 0.000 0.000 0.000 27/08/1977
0.300 0.300 0.300 0.900 0.000 0.300 0.300 0.300 0.000 0.000 0.300 0.300 0.000 0.000 0.000 0.000 0.000 0.000 0.000 0.000 0.000 0.000 0.000 0.000 0.000 0.000 0.000 0.000 0.000 0.000 28/08/1977
0.000 0.000 0.000 0.000 0.800 0.000 0.000 0.000 0.000 0.700 0.000 0.000 0.000 0.000 0.700 0.000 0.000 0.000 0.000 0.000 0.000 0.000 0.000 0.000 0.000 0.000 0.000 0.000 0.000 0.000 29/08/1977
0.000 0.000 0.000 0.000 0.000 0.000 0.000 0.000 0.000 0.000 0.000 0.000 0.000 0.000 0.000 0.000 0.000 0.000 0.000 0.000 0.000 0.000 0.000 0.000 0.000 0.000 0.000 0.000 0.000 0.000 30/08/1977
0.000 0.000 0.000 0.000 0.000 0.000 0.000 0.000 0.000 0.000 0.000 0.000 0.000 0.000 0.000 0.000 0.000 0.000 0.000 0.000 0.000 0.000 0.000 0.000 0.000 0.000 0.000 0.000 0.000 0.000 31/08/1977
0.000 0.000 0.000 0.000 0.000 0.000 0.000 0.000 0.000 0.000 0.000 0.000 0.000 0.000 0.000 0.000 0.000 0.000 0.000 0.000 0.000 0.000 0.000 0.000 0.000 0.000 0.000 0.000 0.000 0.000 01/09/1977
0.000 0.000 0.000 0.000 0.000 0.000 0.000 0.000 0.000 0.000 0.000 0.000 0.000 0.000 0.000 0.000 0.000 0.000 0.000 0.000 0.000 0.000 0.000 0.000 0.000 0.000 0.000 0.000 0.000 0.000 02/09/1977
1.800 1.800 1.800 0.100 2.700 1.800 1.800 1.800 0.000 2.600 1.800 1.800 0.000 0.000 2.600 0.000 0.000 0.000 0.000 0.000 0.000 0.000 0.000 0.000 0.000 0.000 0.000 0.000 0.000 0.000 03/09/1977
0.000 0.000 0.000 0.000 0.000 0.000 0.000 0.000 0.000 0.000 0.000 0.000 0.000 0.000 0.000 0.000 0.000 0.000 0.000 0.000 0.000 0.000 0.000 0.000 0.000 0.000 0.000 0.000 0.000 0.000 04/09/1977
0.000 0.000 0.000 0.000 0.000 0.000 0.000 0.000 0.000 0.000 0.000 0.000 0.000 0.000 0.000 0.000 0.000 0.000 0.000 0.000 0.000 0.000 0.000 0.000 0.000 0.000 0.000 0.000 0.000 0.000 05/09/1977
0.000 0.000 0.000 0.000 0.000 0.000 0.000 0.000 0.000 0.000 0.000 0.000 0.000 0.000 0.000 0.000 0.000 0.000 0.000 0.000 0.000 0.000 0.000 0.000 0.000 0.000 0.000 0.000 0.000 0.000 06/09/1977
0.000 0.000 0.000 0.000 0.000 0.000 0.000 0.000 0.000 0.000 0.000 0.000 0.000 0.000 0.000 0.000 0.000 0.000 0.000 0.000 0.000 0.000 0.000 0.000 0.000 0.000 0.000 0.000 0.000 0.000 07/09/1977
0.500 0.500 0.500 0.600 0.800 0.600 0.600 0.600 0.100 0.800 0.500 0.500 0.100 0.100 0.800 0.000 0.100 0.100 0.100 0.100 0.000 0.100 0.100 0.100 0.100 0.000 0.100 0.100 0.100 0.100 08/09/1977
0.000 0.000 0.000 0.000 0.000 0.000 0.000 0.000 0.000 0.000 0.000 0.000 0.000 0.000 0.000 0.000 0.000 0.000 0.000 0.000 0.000 0.000 0.000 0.000 0.000 0.000 0.000 0.000 0.000 0.000 09/09/1977
0.000 0.000 0.000 0.000 0.000 0.000 0.000 0.000 0.000 0.000 0.000 0.000 0.000 0.000 0.000 0.000 0.000 0.000 0.000 0.000 0.000 0.000 0.000 0.000 0.000 0.000 0.000 0.000 0.000 0.000 10/09/1977
0.000 0.000 0.000 0.000 0.000 0.000 0.000 0.000 0.000 0.000 0.000 0.000 0.000 0.000 0.000 0.000 0.000 0.000 0.000 0.000 0.000 0.000 0.000 0.000 0.000 0.000 0.000 0.000 0.000 0.000 11/09/1977
0.000 0.000 0.000 0.000 0.000 0.000 0.000 0.000 0.000 0.000 0.000 0.000 0.000 0.000 0.000 0.000 0.000 0.000 0.000 0.000 0.000 0.000 0.000 0.000 0.000 0.000 0.000 0.000 0.000 0.000 12/09/1977
0.000 0.000 0.000 0.000 0.000 0.000 0.000 0.000 0.000 0.000 0.000 0.000 0.000 0.000 0.000 0.000 0.000 0.000 0.000 0.000 0.000 0.000 0.000 0.000 0.000 0.000 0.000 0.000 0.000 0.000 13/09/1977
0.000 0.000 0.000 0.000 0.000 0.000 0.000 0.000 0.000 0.000 0.000 0.000 0.000 0.000 0.000 0.000 0.000 0.000 0.000 0.000 0.000 0.000 0.000 0.000 0.000 0.000 0.000 0.000 0.000 0.000 14/09/1977
0.000 0.000 0.000 0.000 0.000 0.000 0.000 0.000 0.000 0.000 0.000 0.000 0.000 0.000 0.000 0.000 0.000 0.000 0.000 0.000 0.000 0.000 0.000 0.000 0.000 0.000 0.000 0.000 0.000 0.000 15/09/1977
0.000 0.000 0.000 0.000 0.000 0.000 0.000 0.000 0.000 0.000 0.000 0.000 0.000 0.000 0.000 0.000 0.000 0.000 0.000 0.000 0.000 0.000 0.000 0.000 0.000 0.000 0.000 0.000 0.000 0.000 16/09/1977
0.000 0.000 0.000 0.000 0.000 0.000 0.000 0.000 0.000 0.000 0.000 0.000 0.000 0.000 0.000 0.000 0.000 0.000 0.000 0.000 0.000 0.000 0.000 0.000 0.000 0.000 0.000 0.000 0.000 0.000 17/09/1977
0.000 0.000 0.000 0.000 0.000 0.000 0.000 0.000 0.000 0.000 0.000 0.000 0.000 0.000 0.000 0.000 0.000 0.000 0.000 0.000 0.000 0.000 0.000 0.000 0.000 0.000 0.000 0.000 0.000 0.000 18/09/1977
0.000 0.000 0.000 0.000 0.000 0.000 0.000 0.000 0.000 0.000 0.000 0.000 0.000 0.000 0.000 0.000 0.000 0.000 0.000 0.000 0.000 0.000 0.000 0.000 0.000 0.000 0.000 0.000 0.000 0.000 19/09/1977
0.000 0.000 0.000 0.000 0.000 0.000 0.000 0.000 0.000 0.000 0.000 0.000 0.000 0.000 0.000 0.000 0.000 0.000 0.000 0.000 0.000 0.000 0.000 0.000 0.000 0.000 0.000 0.000 0.000 0.000 20/09/1977
0.000 0.000 0.000 0.000 0.000 0.000 0.000 0.000 0.000 0.000 0.000 0.000 0.000 0.000 0.000 0.000 0.000 0.000 0.000 0.000 0.000 0.000 0.000 0.000 0.000 0.000 0.000 0.000 0.000 0.000 21/09/1977
0.000 0.000 0.000 0.000 0.000 0.000 0.000 0.000 0.000 0.000 0.000 0.000 0.000 0.000 0.000 0.000 0.000 0.000 0.000 0.000 0.000 0.000 0.000 0.000 0.000 0.000 0.000 0.000 0.000 0.000 22/09/1977
6.900 6.900 7.000 6.800 5.900 7.000 7.100 7.000 7.700 5.800 7.000 7.000 7.700 7.700 5.800 5.400 5.900 7.700 7.800 7.700 5.400 5.900 7.700 7.600 7.600 5.300 5.900 7.600 7.600 7.800 23/09/1977
2.700 2.800 2.800 1.000 5.500 2.800 2.800 2.800 2.200 5.500 2.800 2.800 2.200 2.300 5.500 1.700 2.900 2.200 2.300 2.300 1.700 2.900 2.200 2.200 2.200 1.700 2.900 2.200 2.200 2.300 24/09/1977
0.000 0.000 0.000 0.000 0.000 0.000 0.000 0.000 0.000 0.000 0.000 0.000 0.000 0.000 0.000 0.000 0.000 0.000 0.000 0.000 0.000 0.000 0.000 0.000 0.000 0.000 0.000 0.000 0.000 0.000 25/09/1977
0.000 0.000 0.000 0.000 0.000 0.000 0.000 0.000 0.000 0.000 0.000 0.000 0.000 0.000 0.000 0.000 0.000 0.000 0.000 0.000 0.000 0.000 0.000 0.000 0.000 0.000 0.000 0.000 0.000 0.000 26/09/1977
0.000 0.000 0.000 0.000 0.000 0.000 0.000 0.000 0.000 0.000 0.000 0.000 0.000 0.000 0.000 0.000 0.000 0.000 0.000 0.000 0.000 0.000 0.000 0.000 0.000 0.000 0.000 0.000 0.000 0.000 27/09/1977
1.000 1.100 1.100 0.800 1.400 1.100 1.100 1.100 1.300 1.400 1.100 1.100 1.300 1.300 1.400 1.000 0.700 1.300 1.300 1.300 1.000 0.700 1.300 1.300 1.300 1.000 0.700 1.300 1.300 1.300 28/09/1977
0.000 0.000 0.000 0.000 0.000 0.000 0.000 0.000 0.000 0.000 0.000 0.000 0.000 0.000 0.000 0.000 0.000 0.000 0.000 0.000 0.000 0.000 0.000 0.000 0.000 0.000 0.000 0.000 0.000 0.000 29/09/1977
0.000 0.000 0.000 0.000 0.000 0.000 0.000 0.000 0.000 0.000 0.000 0.000 0.000 0.000 0.000 0.000 0.000 0.000 0.000 0.000 0.000 0.000 0.000 0.000 0.000 0.000 0.000 0.000 0.000 0.000 30/09/1977
1.200 1.200 1.200 0.600 1.300 1.200 1.200 1.200 0.700 1.300 1.200 1.200 0.700 0.700 1.300 0.900 2.400 0.700 0.700 0.700 0.900 2.400 0.700 0.700 0.700 0.900 2.400 0.700 0.700 0.700 01/10/1977
3.100 3.100 3.100 4.300 5.200 3.200 3.200 3.200 4.100 5.100 3.200 3.200 4.100 4.100 5.100 6.200 5.800 4.100 4.200 4.100 6.200 5.800 4.100 4.100 4.100 6.100 5.800 4.000 4.100 4.100 02/10/1977
0.000 0.000 0.000 0.000 0.000 0.000 0.000 0.000 0.000 0.000 0.000 0.000 0.000 0.000 0.000 0.000 0.000 0.000 0.000 0.000 0.000 0.000 0.000 0.000 0.000 0.000 0.000 0.000 0.000 0.000 03/10/1977
0.000 0.000 0.000 0.000 0.000 0.000 0.000 0.000 0.000 0.000 0.000 0.000 0.000 0.000 0.000 0.000 0.000 0.000 0.000 0.000 0.000 0.000 0.000 0.000 0.000 0.000 0.000 0.000 0.000 0.000 04/10/1977
15.600 15.700 15.800 15.400 9.600 15.900 16.000 15.900 15.900 9.500 15.800 15.800 15.800 16.000 9.400 23.800 12.200 15.900 16.000 16.000 23.600 12.200 15.900 15.800 15.800 23.300 12.100 15.600 15.700 16.000 05/10/1977
6.300 6.300 6.300 10.500 32.100 6.400 6.400 6.400 9.500 31.900 6.400 6.400 9.400 9.500 31.600 6.900 7.900 9.500 9.600 9.600 6.800 8.000 9.500 9.400 9.400 6.700 7.900 9.300 9.400 9.600 06/10/1977
1.800 1.800 1.800 0.300 0.100 1.900 1.900 1.900 1.600 0.100 1.900 1.900 1.600 1.600 0.100 1.200 2.700 1.600 1.600 1.600 1.200 2.700 1.600 1.600 1.600 1.200 2.700 1.600 1.600 1.600 07/10/1977
3.400 3.400 3.400 4.100 2.700 3.400 3.400 3.400 2.900 2.700 3.400 3.400 2.900 2.900 2.700 3.200 9.600 2.900 3.000 2.900 3.200 9.600 2.900 2.900 2.900 3.100 9.600 2.900 2.900 3.000 08/10/1977
3.600 3.600 3.600 0.600 4.200 3.700 3.700 3.700 10.700 4.200 3.700 3.700 10.700 10.800 4.200 1.500 2.300 10.700 10.800 10.800 1.500 2.300 10.700 10.600 10.600 1.500 2.300 10.500 10.600 10.800 09/10/1977
0.000 0.000 0.000 0.000 0.000 0.000 0.000 0.000 0.000 0.000 0.000 0.000 0.000 0.000 0.000 0.000 0.000 0.000 0.000 0.000 0.000 0.000 0.000 0.000 0.000 0.000 0.000 0.000 0.000 0.000 10/10/1977
0.000 0.000 0.000 0.000 0.000 0.000 0.000 0.000 0.000 0.000 0.000 0.000 0.000 0.000 0.000 0.000 0.000 0.000 0.000 0.000 0.000 0.000 0.000 0.000 0.000 0.000 0.000 0.000 0.000 0.000 11/10/1977
0.000 0.000 0.000 0.000 0.000 0.000 0.000 0.000 0.000 0.000 0.000 0.000 0.000 0.000 0.000 0.000 0.000 0.000 0.000 0.000 0.000 0.000 0.000 0.000 0.000 0.000 0.000 0.000 0.000 0.000 12/10/1977
0.000 0.000 0.000 0.000 0.000 0.000 0.000 0.000 0.000 0.000 0.000 0.000 0.000 0.000 0.000 0.000 0.000 0.000 0.000 0.000 0.000 0.000 0.000 0.000 0.000 0.000 0.000 0.000 0.000 0.000 13/10/1977
0.000 0.000 0.000 0.000 0.000 0.000 0.000 0.000 0.000 0.000 0.000 0.000 0.000 0.000 0.000 0.000 0.000 0.000 0.000 0.000 0.000 0.000 0.000 0.000 0.000 0.000 0.000 0.000 0.000 0.000 14/10/1977
0.000 0.000 0.000 0.000 0.000 0.000 0.000 0.000 0.000 0.000 0.000 0.000 0.000 0.000 0.000 0.000 0.000 0.000 0.000 0.000 0.000 0.000 0.000 0.000 0.000 0.000 0.000 0.000 0.000 0.000 15/10/1977
0.000 0.000 0.000 0.000 0.000 0.000 0.000 0.000 0.000 0.000 0.000 0.000 0.000 0.000 0.000 0.000 0.000 0.000 0.000 0.000 0.000 0.000 0.000 0.000 0.000 0.000 0.000 0.000 0.000 0.000 16/10/1977
0.000 0.000 0.000 0.000 0.000 0.000 0.000 0.000 0.000 0.000 0.000 0.000 0.000 0.000 0.000 0.000 0.000 0.000 0.000 0.000 0.000 0.000 0.000 0.000 0.000 0.000 0.000 0.000 0.000 0.000 17/10/1977
0.000 0.000 0.000 0.000 0.000 0.000 0.000 0.000 0.000 0.000 0.000 0.000 0.000 0.000 0.000 0.000 0.000 0.000 0.000 0.000 0.000 0.000 0.000 0.000 0.000 0.000 0.000 0.000 0.000 0.000 18/10/1977
0.000 0.000 0.000 0.000 0.000 0.000 0.000 0.000 0.000 0.000 0.000 0.000 0.000 0.000 0.000 0.000 0.000 0.000 0.000 0.000 0.000 0.000 0.000 0.000 0.000 0.000 0.000 0.000 0.000 0.000 19/10/1977
4.000 4.100 4.100 2.900 0.000 4.100 4.100 4.100 2.300 0.000 4.100 4.100 2.300 2.300 0.000 4.600 6.100 2.300 2.300 2.300 4.500 6.100 2.300 2.300 2.300 4.500 6.100 2.300 2.300 2.300 20/10/1977
0.500 0.500 0.500 0.700 6.000 0.500 0.500 0.500 1.000 5.900 0.500 0.500 1.000 1.000 5.900 0.200 0.900 1.000 1.000 1.000 0.200 0.900 1.000 1.000 1.000 0.200 0.900 1.000 1.000 1.000 21/10/1977
4.900 4.900 5.000 6.300 15.000 5.000 5.000 5.000 11.900 14.900 5.000 5.000 11.900 12.000 14.800 2.400 4.800 11.900 12.000 12.000 2.400 4.800 11.900 11.900 11.900 2.400 4.800 11.700 11.800 12.000 22/10/1977
0.000 0.000 0.000 0.000 0.000 0.000 0.000 0.000 0.200 0.000 0.000 0.000 0.200 0.200 0.000 0.000 0.000 0.200 0.200 0.200 0.000 0.000 0.200 0.200 0.200 0.000 0.000 0.200 0.200 0.200 23/10/1977
0.100 0.100 0.100 0.100 0.900 0.100 0.100 0.100 2.000 0.900 0.100 0.100 2.000 2.000 0.900 0.100 1.500 2.000 2.000 2.000 0.100 1.500 2.000 2.000 2.000 0.100 1.500 1.900 1.900 2.000 24/10/1977
0.200 0.200 0.200 0.000 0.000 0.200 0.200 0.200 0.000 0.000 0.200 0.200 0.000 0.000 0.000 0.000 0.000 0.000 0.000 0.000 0.000 0.000 0.000 0.000 0.000 0.000 0.000 0.000 0.000 0.000 25/10/1977
0.400 0.400 0.400 0.000 0.100 0.400 0.400 0.400 0.100 0.100 0.400 0.400 0.100 0.100 0.100 0.000 0.000 0.100 0.100 0.100 0.000 0.000 0.100 0.100 0.100 0.000 0.000 0.100 0.100 0.100 26/10/1977
0.000 0.000 0.000 0.200 0.000 0.000 0.000 0.000 0.300 0.000 0.000 0.000 0.300 0.300 0.000 0.000 0.000 0.300 0.300 0.300 0.000 0.000 0.300 0.300 0.300 0.000 0.000 0.300 0.300 0.300 27/10/1977
0.100 0.100 0.100 0.100 0.500 0.100 0.100 0.100 0.400 0.500 0.100 0.100 0.400 0.400 0.500 0.000 1.400 0.400 0.400 0.400 0.000 1.400 0.400 0.400 0.400 0.000 1.400 0.400 0.400 0.400 28/10/1977
0.000 0.000 0.000 0.000 0.000 0.000 0.000 0.000 0.000 0.000 0.000 0.000 0.000 0.000 0.000 0.000 0.000 0.000 0.000 0.000 0.000 0.000 0.000 0.000 0.000 0.000 0.000 0.000 0.000 0.000 29/10/1977
0.000 0.000 0.000 0.000 0.000 0.000 0.000 0.000 0.000 0.000 0.000 0.000 0.000 0.000 0.000 0.000 0.000 0.000 0.000 0.000 0.000 0.000 0.000 0.000 0.000 0.000 0.000 0.000 0.000 0.000 30/10/1977
2.800 2.800 2.900 3.100 4.300 2.900 2.900 2.900 2.300 4.300 2.900 2.900 2.300 2.300 4.300 2.900 2.900 2.300 2.300 2.300 2.900 3.000 2.300 2.300 2.300 2.800 2.900 2.200 2.200 2.300 31/10/1977
0.100 0.100 0.100 0.000 0.200 0.100 0.100 0.100 0.000 0.200 0.100 0.100 0.000 0.000 0.200 0.000 0.000 0.000 0.000 0.000 0.000 0.000 0.000 0.000 0.000 0.000 0.000 0.000 0.000 0.000 01/11/1977
1.400 1.400 1.400 4.700 1.500 1.400 1.400 1.400 1.600 1.500 1.400 1.400 1.600 1.700 1.500 0.000 0.000 1.600 1.700 1.700 0.000 0.000 1.700 1.600 1.600 0.000 0.000 1.600 1.600 1.700 02/11/1977
4.400 4.400 4.400 8.200 6.200 4.400 4.500 4.400 2.600 6.200 4.400 4.400 2.600 2.600 6.100 4.600 3.100 2.600 2.600 2.600 4.500 3.100 2.600 2.600 2.600 4.500 3.100 2.500 2.500 2.600 03/11/1977
0.900 0.900 0.900 2.100 1.500 0.900 0.900 0.900 0.900 1.500 0.900 0.900 0.900 0.900 1.500 0.900 0.000 0.900 0.900 0.900 0.900 0.000 0.900 0.900 0.900 0.900 0.000 0.900 0.900 0.900 04/11/1977
0.000 0.000 0.000 0.000 0.000 0.000 0.000 0.000 0.000 0.000 0.000 0.000 0.000 0.000 0.000 0.000 0.000 0.000 0.000 0.000 0.000 0.000 0.000 0.000 0.000 0.000 0.000 0.000 0.000 0.000 05/11/1977
0.000 0.000 0.000 0.000 0.000 0.000 0.000 0.000 0.000 0.000 0.000 0.000 0.000 0.000 0.000 0.000 0.000 0.000 0.000 0.000 0.000 0.000 0.000 0.000 0.000 0.000 0.000 0.000 0.000 0.000 06/11/1977
0.000 0.000 0.000 0.000 0.000 0.000 0.000 0.000 0.000 0.000 0.000 0.000 0.000 0.000 0.000 0.000 0.000 0.000 0.000 0.000 0.000 0.000 0.000 0.000 0.000 0.000 0.000 0.000 0.000 0.000 07/11/1977
0.000 0.000 0.000 0.000 0.000 0.000 0.000 0.000 0.000 0.000 0.000 0.000 0.000 0.000 0.000 0.000 0.000 0.000 0.000 0.000 0.000 0.000 0.000 0.000 0.000 0.000 0.000 0.000 0.000 0.000 08/11/1977
0.000 0.000 0.000 0.000 0.000 0.000 0.000 0.000 0.000 0.000 0.000 0.000 0.000 0.000 0.000 0.000 0.000 0.000 0.000 0.000 0.000 0.000 0.000 0.000 0.000 0.000 0.000 0.000 0.000 0.000 09/11/1977
0.200 0.200 0.200 0.000 0.000 0.200 0.200 0.200 0.000 0.000 0.200 0.200 0.000 0.000 0.000 0.000 0.000 0.000 0.000 0.000 0.000 0.000 0.000 0.000 0.000 0.000 0.000 0.000 0.000 0.000 10/11/1977
0.000 0.000 0.000 0.000 0.000 0.000 0.000 0.000 0.000 0.000 0.000 0.000 0.000 0.000 0.000 0.000 0.000 0.000 0.000 0.000 0.000 0.000 0.000 0.000 0.000 0.000 0.000 0.000 0.000 0.000 11/11/1977
4.500 4.500 4.500 5.000 5.300 4.600 4.600 4.600 1.500 5.300 4.500 4.500 1.400 1.500 5.200 2.300 2.100 1.400 1.500 1.500 2.300 2.100 1.500 1.400 1.400 2.300 2.100 1.400 1.400 1.500 12/11/1977
8.100 8.200 8.200 7.900 15.800 8.300 8.400 8.300 11.900 15.700 8.300 8.300 11.900 12.000 15.600 8.600 3.200 11.900 12.000 12.000 8.500 3.200 11.900 11.800 11.800 8.400 3.200 11.700 11.800 12.000 13/11/1977
6.600 6.700 6.700 5.800 12.100 6.800 6.800 6.800 9.800 12.000 6.700 6.700 9.700 9.800 11.900 7.700 4.800 9.700 9.900 9.800 7.600 4.800 9.800 9.700 9.700 7.500 4.800 9.600 9.600 9.800 14/11/1977
5.700 5.700 5.700 2.300 8.500 5.800 5.900 5.800 5.200 8.500 5.800 5.800 5.200 5.200 8.400 5.000 8.900 5.200 5.200 5.200 4.900 8.900 5.200 5.200 5.200 4.900 8.800 5.100 5.100 5.200 15/11/1977
8.000 8.100 8.100 4.800 5.900 8.200 8.300 8.200 5.700 5.900 8.200 8.200 5.700 5.800 5.900 5.300 7.300 5.700 5.800 5.800 5.300 7.300 5.700 5.700 5.700 5.300 7.300 5.700 5.700 5.800 16/11/1977
0.600 0.600 0.600 0.200 3.000 0.600 0.600 0.600 1.200 2.900 0.600 0.600 1.200 1.200 2.900 1.300 2.600 1.200 1.200 1.200 1.300 2.600 1.200 1.200 1.200 1.300 2.600 1.200 1.200 1.200 17/11/1977
0.000 0.000 0.000 0.000 0.000 0.000 0.000 0.000 0.000 0.000 0.000 0.000 0.000 0.000 0.000 0.000 0.000 0.000 0.000 0.000 0.000 0.000 0.000 0.000 0.000 0.000 0.000 0.000 0.000 0.000 18/11/1977
0.000 0.000 0.000 0.000 0.000 0.000 0.000 0.000 0.000 0.000 0.000 0.000 0.000 0.000 0.000 0.000 0.000 0.000 0.000 0.000 0.000 0.000 0.000 0.000 0.000 0.000 0.000 0.000 0.000 0.000 19/11/1977
8.000 8.100 8.100 8.200 3.700 8.200 8.300 8.200 5.500 3.700 8.200 8.200 5.500 5.500 3.700 8.000 6.000 5.500 5.500 5.500 7.900 6.000 5.500 5.400 5.400 7.800 5.900 5.400 5.400 5.500 20/11/1977
3.600 3.700 3.700 4.400 4.500 3.700 3.700 3.700 4.200 4.500 3.700 3.700 4.200 4.200 4.500 2.900 1.700 4.200 4.200 4.200 2.800 1.700 4.200 4.100 4.100 2.800 1.600 4.100 4.100 4.200 21/11/1977
0.200 0.200 0.200 0.500 0.300 0.200 0.200 0.200 0.100 0.200 0.200 0.200 0.100 0.100 0.300 0.000 0.000 0.100 0.200 0.200 0.000 0.000 0.100 0.200 0.200 0.000 0.000 0.200 0.200 0.200 22/11/1977
1.700 1.700 1.700 2.300 1.800 1.700 1.700 1.700 1.000 1.800 1.700 1.700 0.900 1.000 1.700 3.000 3.500 0.900 1.000 1.000 3.000 3.500 1.000 0.900 0.900 3.000 3.400 0.900 0.900 1.000 23/11/1977
5.000 5.000 5.000 6.200 8.100 5.100 5.100 5.100 4.400 8.100 5.100 5.100 4.400 4.400 8.000 4.600 3.400 4.400 4.500 4.500 4.500 3.400 4.400 4.400 4.400 4.500 3.400 4.300 4.400 4.500 24/11/1977
0.000 0.000 0.000 0.000 0.000 0.000 0.000 0.000 0.000 0.000 0.000 0.000 0.000 0.000 0.000 0.000 0.000 0.000 0.000 0.000 0.000 0.000 0.000 0.000 0.000 0.000 0.000 0.000 0.000 0.000 25/11/1977
0.000 0.000 0.000 0.000 0.000 0.000 0.000 0.000 0.000 0.000 0.000 0.000 0.000 0.000 0.000 0.000 0.000 0.000 0.000 0.000 0.000 0.000 0.000 0.000 0.000 0.000 0.000 0.000 0.000 0.000 26/11/1977
0.000 0.000 0.000 0.000 0.000 0.000 0.000 0.000 0.000 0.000 0.000 0.000 0.000 0.000 0.000 0.000 0.000 0.000 0.000 0.000 0.000 0.000 0.000 0.000 0.000 0.000 0.000 0.000 0.000 0.000 27/11/1977
0.000 0.000 0.000 0.000 0.000 0.000 0.000 0.000 0.000 0.000 0.000 0.000 0.000 0.000 0.000 0.000 0.000 0.000 0.000 0.000 0.000 0.000 0.000 0.000 0.000 0.000 0.000 0.000 0.000 0.000 28/11/1977
0.000 0.000 0.000 0.000 0.000 0.000 0.000 0.000 0.000 0.000 0.000 0.000 0.000 0.000 0.000 0.000 0.000 0.000 0.000 0.000 0.000 0.000 0.000 0.000 0.000 0.000 0.000 0.000 0.000 0.000 29/11/1977
0.000 0.000 0.000 0.000 0.000 0.000 0.000 0.000 0.000 0.000 0.000 0.000 0.000 0.000 0.000 0.000 0.000 0.000 0.000 0.000 0.000 0.000 0.000 0.000 0.000 0.000 0.000 0.000 0.000 0.000 30/11/1977
0.000 0.000 0.000 0.000 0.000 0.000 0.000 0.000 0.000 0.000 0.000 0.000 0.000 0.000 0.000 0.000 0.000 0.000 0.000 0.000 0.000 0.000 0.000 0.000 0.000 0.000 0.000 0.000 0.000 0.000 01/12/1977
0.000 0.000 0.000 0.000 0.000 0.000 0.000 0.000 0.000 0.000 0.000 0.000 0.000 0.000 0.000 0.000 0.000 0.000 0.000 0.000 0.000 0.000 0.000 0.000 0.000 0.000 0.000 0.000 0.000 0.000 02/12/1977
0.000 0.000 0.000 0.000 0.000 0.000 0.000 0.000 0.000 0.000 0.000 0.000 0.000 0.000 0.000 0.000 0.000 0.000 0.000 0.000 0.000 0.000 0.000 0.000 0.000 0.000 0.000 0.000 0.000 0.000 03/12/1977
0.000 0.000 0.000 0.000 0.000 0.000 0.000 0.000 0.000 0.000 0.000 0.000 0.000 0.000 0.000 0.300 0.200 0.000 0.000 0.000 0.300 0.200 0.000 0.000 0.000 0.300 0.200 0.000 0.000 0.000 04/12/1977
20.200 20.300 20.400 17.400 21.400 20.600 20.800 20.600 16.700 21.300 20.600 20.500 16.600 16.800 21.100 17.500 19.700 16.600 16.800 16.800 17.300 19.700 16.700 16.600 16.600 17.100 19.600 16.400 16.400 16.800 05/12/1977
5.300 5.300 5.400 5.400 5.000 5.400 5.500 5.400 3.600 4.900 5.400 5.400 3.600 3.600 4.900 3.800 4.400 3.600 3.600 3.600 3.800 4.400 3.600 3.500 3.500 3.700 4.400 3.500 3.500 3.600 06/12/1977
3.400 3.400 3.400 2.400 3.400 3.500 3.500 3.500 3.900 3.400 3.500 3.500 3.900 4.000 3.300 4.800 5.200 3.900 4.000 4.000 4.700 5.200 3.900 3.900 3.900 4.700 5.200 3.900 3.900 4.000 07/12/1977
1.200 1.200 1.200 0.900 4.100 1.200 1.200 1.200 1.700 4.100 1.200 1.200 1.700 1.700 4.100 1.600 0.900 1.700 1.700 1.700 1.600 0.900 1.700 1.700 1.700 1.600 0.900 1.600 1.600 1.700 08/12/1977
2.400 2.400 2.400 1.000 3.200 2.400 2.400 2.400 2.900 3.200 2.400 2.400 2.900 2.900 3.100 2.300 2.300 2.900 2.900 2.900 2.300 2.300 2.900 2.900 2.900 2.200 2.300 2.800 2.800 2.900 09/12/1977
1.600 1.600 1.600 1.500 0.800 1.600 1.600 1.600 0.200 0.800 1.600 1.600 0.200 0.200 0.800 0.600 0.100 0.200 0.200 0.200 0.600 0.100 0.200 0.200 0.200 0.600 0.100 0.200 0.200 0.200 10/12/1977
26.800 27.000 27.100 25.700 14.500 27.300 27.600 27.300 19.100 14.400 27.300 27.200 19.000 19.200 14.300 24.500 17.100 19.100 19.300 19.300 24.300 17.100 19.100 19.000 19.000 24.000 17.000 18.800 18.800 19.300 11/12/1977
4.100 4.100 4.100 3.500 3.700 4.100 4.200 4.100 4.900 3.600 4.100 4.100 4.900 4.900 3.600 2.500 2.700 4.900 4.900 4.900 2.500 2.700 4.900 4.800 4.800 2.400 2.700 4.800 4.800 4.900 12/12/1977
0.000 0.000 0.000 0.100 0.000 0.000 0.000 0.000 0.100 0.000 0.000 0.000 0.100 0.100 0.000 0.000 0.000 0.100 0.100 0.100 0.000 0.000 0.100 0.100 0.100 0.000 0.000 0.100 0.100 0.100 13/12/1977
0.000 0.000 0.000 0.000 0.000 0.000 0.000 0.000 0.000 0.000 0.000 0.000 0.000 0.000 0.000 0.000 0.000 0.000 0.000 0.000 0.000 0.000 0.000 0.000 0.000 0.000 0.000 0.000 0.000 0.000 14/12/1977
0.000 0.000 0.000 0.000 0.000 0.000 0.000 0.000 0.000 0.000 0.000 0.000 0.000 0.000 0.000 0.000 0.000 0.000 0.000 0.000 0.000 0.000 0.000 0.000 0.000 0.000 0.000 0.000 0.000 0.000 15/12/1977
0.000 0.000 0.000 0.000 0.000 0.000 0.000 0.000 0.000 0.000 0.000 0.000 0.000 0.000 0.000 0.000 0.000 0.000 0.000 0.000 0.000 0.000 0.000 0.000 0.000 0.000 0.000 0.000 0.000 0.000 16/12/1977
0.000 0.000 0.000 0.000 0.000 0.000 0.000 0.000 0.000 0.000 0.000 0.000 0.000 0.000 0.000 0.000 0.000 0.000 0.000 0.000 0.000 0.000 0.000 0.000 0.000 0.000 0.000 0.000 0.000 0.000 17/12/1977
0.000 0.000 0.000 0.000 0.000 0.000 0.000 0.000 0.000 0.000 0.000 0.000 0.000 0.000 0.000 0.000 0.000 0.000 0.000 0.000 0.000 0.000 0.000 0.000 0.000 0.000 0.000 0.000 0.000 0.000 18/12/1977
0.000 0.000 0.000 0.000 0.000 0.000 0.000 0.000 0.000 0.000 0.000 0.000 0.000 0.000 0.000 0.000 0.000 0.000 0.000 0.000 0.000 0.000 0.000 0.000 0.000 0.000 0.000 0.000 0.000 0.000 19/12/1977
1.600 1.600 1.600 0.400 1.000 1.600 1.600 1.600 1.000 1.000 1.600 1.600 1.000 1.000 1.000 1.000 1.300 1.000 1.000 1.000 1.000 1.300 1.000 1.000 1.000 1.000 1.300 1.000 1.000 1.000 20/12/1977
7.400 7.500 7.500 7.300 9.500 7.500 7.600 7.500 7.700 9.400 7.500 7.500 7.600 7.700 9.400 6.200 7.200 7.600 7.700 7.700 6.200 7.200 7.700 7.600 7.600 6.100 7.200 7.500 7.500 7.700 21/12/1977
9.000 9.100 9.100 8.100 10.300 9.200 9.300 9.200 4.400 10.300 9.200 9.200 4.400 4.400 10.200 3.600 3.700 4.400 4.400 4.400 3.600 3.700 4.400 4.400 4.400 3.500 3.700 4.300 4.300 4.400 22/12/1977
0.200 0.200 0.200 0.000 0.100 0.200 0.200 0.200 0.000 0.100 0.200 0.200 0.000 0.000 0.100 0.000 0.000 0.000 0.000 0.000 0.000 0.000 0.000 0.000 0.000 0.000 0.000 0.000 0.000 0.000 23/12/1977
1.300 1.300 1.300 2.600 1.300 1.300 1.300 1.300 0.400 1.300 1.300 1.300 0.400 0.400 1.300 0.000 0.000 0.400 0.400 0.400 0.000 0.000 0.400 0.400 0.400 0.000 0.000 0.400 0.400 0.400 24/12/1977
0.000 0.000 0.000 0.000 0.000 0.000 0.000 0.000 0.000 0.000 0.000 0.000 0.000 0.000 0.000 0.000 0.000 0.000 0.000 0.000 0.000 0.000 0.000 0.000 0.000 0.000 0.000 0.000 0.000 0.000 25/12/1977
4.800 4.900 4.900 3.500 7.500 4.900 5.000 4.900 6.000 7.500 4.900 4.900 6.000 6.100 7.400 6.200 4.600 6.000 6.100 6.100 6.200 4.600 6.000 6.000 6.000 6.100 4.600 5.900 5.900 6.100 26/12/1977
13.100 13.200 13.300 7.700 10.400 13.400 13.500 13.400 11.700 10.300 13.300 13.300 11.700 11.800 10.200 11.800 11.800 11.700 11.800 11.800 11.700 11.800 11.700 11.600 11.600 11.600 11.700 11.500 11.500 11.800 27/12/1977
0.000 0.000 0.000 0.200 0.500 0.000 0.000 0.000 0.400 0.500 0.000 0.000 0.400 0.400 0.500 0.000 0.000 0.400 0.400 0.400 0.000 0.000 0.400 0.400 0.400 0.000 0.000 0.400 0.400 0.400 28/12/1977
0.000 0.000 0.000 0.000 0.100 0.000 0.000 0.000 0.200 0.100 0.000 0.000 0.200 0.100 0.100 0.000 0.000 0.200 0.100 0.100 0.000 0.000 0.200 0.200 0.200 0.000 0.000 0.100 0.200 0.100 29/12/1977
2.900 2.900 2.900 4.100 4.400 2.900 3.000 2.900 2.200 4.400 2.900 2.900 2.200 2.300 4.300 2.300 1.900 2.200 2.300 2.300 2.300 1.900 2.300 2.200 2.200 2.200 1.900 2.200 2.200 2.300 30/12/1977
1.500 1.500 1.500 1.300 1.100 1.500 1.500 1.500 0.200 1.100 1.500 1.500 0.200 0.200 1.100 0.000 0.000 0.200 0.200 0.200 0.000 0.000 0.200 0.200 0.200 0.000 0.000 0.200 0.200 0.200 31/12/1977
0.100 0.100 0.100 0.100 0.000 0.100 0.100 0.100 0.000 0.000 0.100 0.100 0.000 0.000 0.000 0.000 0.000 0.000 0.000 0.000 0.000 0.000 0.000 0.000 0.000 0.000 0.000 0.000 0.000 0.000 01/01/1978
1.400 1.400 1.400 2.400 2.500 1.400 1.400 1.400 1.700 2.500 1.400 1.400 1.700 1.700 2.500 0.000 0.100 1.700 1.700 1.700 0.000 0.100 1.700 1.700 1.700 0.000 0.100 1.700 1.700 1.700 02/01/1978
0.000 0.000 0.000 0.000 1.200 0.000 0.000 0.000 0.200 1.200 0.000 0.000 0.200 0.200 1.200 0.000 0.000 0.200 0.200 0.200 0.000 0.000 0.200 0.200 0.200 0.000 0.000 0.200 0.200 0.200 03/01/1978
0.700 0.700 0.700 0.300 0.400 0.700 0.800 0.700 0.100 0.400 0.700 0.700 0.100 0.100 0.400 0.000 1.100 0.100 0.100 0.100 0.000 1.100 0.100 0.100 0.100 0.000 1.100 0.100 0.100 0.100 04/01/1978
0.000 0.000 0.000 0.000 0.000 0.000 0.000 0.000 0.000 0.000 0.000 0.000 0.000 0.000 0.000 0.000 0.000 0.000 0.000 0.000 0.000 0.000 0.000 0.000 0.000 0.000 0.000 0.000 0.000 0.000 05/01/1978
0.000 0.000 0.000 0.000 0.000 0.000 0.000 0.000 0.000 0.000 0.000 0.000 0.000 0.000 0.000 0.000 0.000 0.000 0.000 0.000 0.000 0.000 0.000 0.000 0.000 0.000 0.000 0.000 0.000 0.000 06/01/1978
0.000 0.000 0.000 0.000 0.000 0.000 0.000 0.000 0.000 0.000 0.000 0.000 0.000 0.000 0.000 0.000 0.000 0.000 0.000 0.000 0.000 0.000 0.000 0.000 0.000 0.000 0.000 0.000 0.000 0.000 07/01/1978
0.000 0.000 0.000 0.000 0.000 0.000 0.000 0.000 0.000 0.000 0.000 0.000 0.000 0.000 0.000 0.000 0.000 0.000 0.000 0.000 0.000 0.000 0.000 0.000 0.000 0.000 0.000 0.000 0.000 0.000 08/01/1978
0.900 0.900 0.900 1.300 0.600 0.900 0.900 0.900 0.600 0.600 0.900 0.900 0.600 0.600 0.600 0.700 1.700 0.600 0.600 0.600 0.700 1.700 0.600 0.600 0.600 0.700 1.700 0.600 0.600 0.600 09/01/1978
7.500 7.500 7.500 9.000 8.400 7.600 7.700 7.600 9.400 8.400 7.600 7.600 9.400 9.500 8.300 8.100 6.300 9.400 9.500 9.500 8.100 6.300 9.400 9.400 9.400 8.000 6.300 9.300 9.300 9.500 10/01/1978
15.000 15.100 15.200 14.200 20.500 15.300 15.500 15.300 17.100 20.300 15.300 15.300 17.000 17.100 20.200 15.700 20.600 17.000 17.200 17.200 15.500 20.600 17.100 17.000 17.000 15.400 20.500 16.700 16.800 17.200 11/01/1978
3.800 3.800 3.800 4.700 5.700 3.900 4.000 3.900 2.400 5.600 3.900 3.900 2.400 2.400 5.700 0.100 1.000 2.400 2.500 2.400 0.100 1.000 2.400 2.400 2.400 0.100 1.100 2.400 2.400 2.500 12/01/1978
0.200 0.200 0.200 0.100 0.200 0.200 0.200 0.200 0.300 0.200 0.200 0.200 0.300 0.300 0.200 0.100 0.100 0.300 0.300 0.300 0.100 0.200 0.300 0.300 0.300 0.100 0.100 0.200 0.200 0.300 13/01/1978
0.000 0.000 0.000 0.000 0.000 0.000 0.000 0.000 0.000 0.000 0.000 0.000 0.000 0.000 0.000 0.000 0.000 0.000 0.000 0.000 0.000 0.000 0.000 0.000 0.000 0.000 0.000 0.000 0.000 0.000 14/01/1978
0.000 0.000 0.000 0.000 0.600 0.000 0.000 0.000 0.100 0.600 0.000 0.000 0.100 0.100 0.600 0.000 0.000 0.100 0.100 0.100 0.000 0.000 0.100 0.100 0.100 0.000 0.000 0.100 0.100 0.100 15/01/1978
0.000 0.000 0.000 0.200 0.000 0.000 0.000 0.000 0.000 0.000 0.000 0.000 0.000 0.000 0.000 0.000 0.000 0.000 0.000 0.000 0.000 0.000 0.000 0.000 0.000 0.000 0.000 0.000 0.000 0.000 16/01/1978
1.900 1.900 1.900 2.200 6.200 1.900 1.900 1.900 1.700 6.200 1.900 1.900 1.700 1.700 6.100 2.600 3.200 1.700 1.700 1.700 2.700 3.200 1.700 1.700 1.700 2.600 3.200 1.700 1.700 1.700 17/01/1978
6.600 6.700 6.700 7.000 10.600 6.700 6.700 6.700 8.700 10.600 6.700 6.600 8.600 8.700 10.500 3.200 5.400 8.600 8.700 8.700 3.100 5.400 8.600 8.500 8.600 3.100 5.500 8.500 8.500 8.700 18/01/1978
18.600 18.700 18.900 8.100 6.700 19.100 19.200 19.100 7.700 6.600 19.000 19.000 7.700 7.700 6.600 10.800 9.400 7.700 7.800 7.700 10.700 9.400 7.700 7.600 7.600 10.600 9.300 7.600 7.600 7.800 19/01/1978
0.300 0.400 0.400 0.600 0.600 0.400 0.400 0.400 0.200 0.600 0.400 0.400 0.200 0.200 0.600 0.000 0.300 0.200 0.200 0.200 0.000 0.300 0.200 0.200 0.200 0.000 0.300 0.200 0.200 0.200 20/01/1978
4.100 4.100 4.000 3.000 4.200 4.100 4.100 4.100 3.200 4.200 4.100 4.100 3.100 3.200 4.100 4.100 3.500 3.200 3.300 3.200 4.000 3.500 3.200 3.200 3.200 4.000 3.500 3.100 3.200 3.300 21/01/1978
1.200 1.100 1.100 1.100 0.000 1.200 1.200 1.200 1.100 0.000 1.200 1.200 1.100 1.100 0.000 0.700 0.800 1.100 1.100 1.100 0.700 0.800 1.100 1.000 1.000 0.700 0.800 1.000 1.000 1.100 22/01/1978
39.200 39.500 39.700 44.500 53.200 39.900 40.400 39.900 36.600 52.900 39.900 39.800 36.500 36.800 52.500 42.500 27.500 36.600 37.000 36.900 42.100 27.600 36.600 36.400 36.400 41.600 27.400 36.000 36.100 36.900 23/01/1978
11.200 11.300 11.300 12.900 12.400 11.400 11.500 11.400 11.700 12.400 11.400 11.400 11.700 11.800 12.300 9.600 7.200 11.700 11.800 11.800 9.500 7.200 11.700 11.700 11.700 9.400 7.100 11.500 11.600 11.800 24/01/1978
4.500 4.500 4.500 4.800 5.800 4.500 4.600 4.500 4.300 5.800 4.500 4.500 4.200 4.300 5.700 5.100 2.100 4.200 4.300 4.300 5.100 2.100 4.300 4.200 4.200 5.000 2.100 4.200 4.200 4.300 25/01/1978
2.300 2.400 2.400 2.700 3.800 2.400 2.400 2.400 2.800 3.800 2.400 2.400 2.800 2.800 3.700 1.500 3.200 2.800 2.800 2.800 1.500 3.200 2.800 2.800 2.800 1.500 3.100 2.800 2.800 2.800 26/01/1978
6.900 6.900 7.000 10.100 8.300 7.000 7.100 7.000 4.900 8.300 7.000 7.000 4.900 5.000 8.200 9.400 7.400 4.900 5.000 5.000 9.300 7.400 4.900 4.900 4.900 9.200 7.300 4.900 4.900 5.000 27/01/1978
8.900 9.000 9.000 7.300 11.800 9.100 9.100 9.100 12.800 11.700 9.000 9.000 12.700 12.800 11.600 9.500 16.200 12.700 12.900 12.900 9.400 16.200 12.800 12.700 12.700 9.300 16.100 12.500 12.600 12.900 28/01/1978
0.600 0.600 0.600 0.100 0.600 0.600 0.700 0.600 0.200 0.600 0.600 0.600 0.200 0.300 0.600 2.000 2.600 0.200 0.300 0.300 2.000 2.700 0.200 0.200 0.200 1.900 2.600 0.200 0.200 0.300 29/01/1978
0.000 0.000 0.000 0.800 0.700 0.000 0.000 0.000 0.100 0.700 0.000 0.000 0.100 0.100 0.700 0.000 0.000 0.100 0.100 0.100 0.000 0.000 0.100 0.100 0.100 0.000 0.000 0.100 0.100 0.100 30/01/1978
19.000 19.100 19.200 17.400 17.800 19.400 19.600 19.400 15.400 17.700 19.400 19.300 15.300 15.500 17.500 17.200 15.500 15.400 15.600 15.500 17.100 15.500 15.400 15.300 15.300 16.900 15.400 15.200 15.200 15.500 31/01/1978
12.100 12.200 12.300 10.600 13.500 12.400 12.500 12.400 14.400 13.400 12.300 12.300 14.300 14.500 13.300 11.900 6.500 14.400 14.500 14.500 11.800 6.500 14.400 14.300 14.300 11.700 6.500 14.100 14.200 14.500 01/02/1978
0.000 0.000 0.000 0.000 0.000 0.000 0.000 0.000 0.000 0.000 0.000 0.000 0.000 0.000 0.000 0.000 0.000 0.000 0.000 0.000 0.000 0.000 0.000 0.000 0.000 0.000 0.000 0.000 0.000 0.000 02/02/1978
5.400 5.500 5.500 4.200 2.200 5.600 5.600 5.600 4.900 2.200 5.600 5.500 4.900 4.900 2.200 6.400 6.500 4.800 4.900 4.900 6.300 6.500 4.900 4.900 4.900 6.300 6.500 4.800 4.800 4.900 03/02/1978
5.000 4.900 5.000 4.700 6.300 5.000 5.100 5.000 4.700 6.200 5.000 5.000 4.700 4.800 6.100 4.200 4.000 4.700 4.800 4.800 4.200 4.000 4.700 4.700 4.700 4.100 3.900 4.700 4.700 4.800 04/02/1978
1.300 1.300 1.300 1.000 0.900 1.400 1.400 1.400 1.700 0.900 1.300 1.300 1.700 1.700 0.900 1.200 1.100 1.700 1.800 1.700 1.200 1.100 1.700 1.700 1.700 1.200 1.100 1.700 1.700 1.700 05/02/1978
0.200 0.200 0.200 1.600 1.000 0.200 0.200 0.200 0.300 1.000 0.200 0.200 0.300 0.300 1.000 0.000 0.100 0.300 0.300 0.300 0.000 0.100 0.300 0.200 0.200 0.000 0.100 0.200 0.200 0.300 06/02/1978
3.800 3.800 3.800 1.500 0.700 3.900 3.900 3.900 3.700 0.700 3.900 3.900 3.700 3.700 0.700 3.400 5.200 3.700 3.700 3.700 3.400 5.200 3.700 3.700 3.700 3.300 5.200 3.600 3.600 3.700 07/02/1978
0.000 0.000 0.000 0.000 0.000 0.000 0.000 0.000 0.000 0.000 0.000 0.000 0.000 0.000 0.000 0.000 0.000 0.000 0.000 0.000 0.000 0.000 0.000 0.000 0.000 0.000 0.000 0.000 0.000 0.000 08/02/1978
0.600 0.600 0.600 1.000 0.600 0.600 0.600 0.600 2.600 0.600 0.600 0.600 2.600 2.700 0.500 1.000 2.500 2.600 2.600 2.600 1.000 2.500 2.600 2.600 2.600 1.000 2.500 2.600 2.600 2.600 09/02/1978
2.000 2.100 2.100 2.000 4.600 2.100 2.100 2.100 2.900 4.500 2.100 2.100 2.900 2.900 4.500 1.400 0.800 2.900 2.900 2.900 1.400 0.800 2.900 2.900 2.900 1.400 0.800 2.900 2.900 2.900 10/02/1978
1.700 1.800 1.800 1.700 1.000 1.800 1.800 1.800 2.000 1.000 1.800 1.800 2.000 2.100 0.900 1.400 2.100 2.000 2.100 2.100 1.400 2.100 2.000 2.000 2.000 1.400 2.000 2.000 2.000 2.100 11/02/1978
6.000 6.100 6.100 0.700 3.600 6.100 6.200 6.100 4.200 3.600 6.200 6.100 4.200 4.200 3.600 5.700 6.700 4.100 4.200 4.100 5.600 6.700 4.200 4.100 4.100 5.600 6.800 4.100 4.100 4.200 12/02/1978
1.300 1.300 1.300 0.100 0.100 1.300 1.400 1.300 0.700 0.100 1.300 1.300 0.700 0.700 0.100 0.000 0.500 0.700 0.700 0.700 0.000 0.500 0.700 0.700 0.700 0.000 0.500 0.700 0.700 0.700 13/02/1978
1.400 1.300 1.300 0.000 0.300 1.400 1.400 1.400 0.300 0.300 1.300 1.300 0.300 0.300 0.300 0.000 0.000 0.300 0.300 0.300 0.000 0.000 0.300 0.300 0.300 0.000 0.000 0.300 0.300 0.300 14/02/1978
12.500 12.600 12.600 10.700 21.800 12.700 12.900 12.700 16.100 21.700 12.700 12.700 16.000 16.200 21.500 18.700 17.100 16.100 16.200 16.200 18.500 17.200 16.100 16.000 16.000 18.300 17.000 15.800 15.900 16.200 15/02/1978
8.400 8.500 8.500 9.400 11.400 8.600 8.700 8.600 7.900 11.400 8.600 8.500 7.900 8.000 11.300 9.900 7.600 7.900 8.000 8.000 9.800 7.600 7.900 7.900 7.900 9.700 7.600 7.800 7.800 8.000 16/02/1978
1.600 1.700 1.700 1.900 3.900 1.700 1.700 1.700 1.400 3.900 1.700 1.700 1.400 1.400 3.800 2.000 0.000 1.400 1.400 1.400 2.000 0.000 1.400 1.400 1.400 2.000 0.000 1.400 1.400 1.400 17/02/1978
3.300 3.300 3.300 5.000 2.500 3.400 3.400 3.400 1.700 2.400 3.400 3.400 1.700 1.700 2.400 1.100 1.700 1.700 1.700 1.700 1.100 1.700 1.700 1.700 1.700 1.100 1.700 1.700 1.700 1.700 18/02/1978
0.900 0.900 0.900 0.000 0.700 0.900 0.900 0.900 3.700 0.700 0.900 0.900 3.700 3.700 0.700 9.200 24.900 3.700 3.700 3.700 9.100 25.000 3.700 3.700 3.700 9.000 24.800 3.600 3.700 3.700 19/02/1978
8.800 8.900 8.900 3.700 7.500 9.000 9.100 9.000 4.600 7.500 8.900 8.900 4.600 4.600 7.400 6.700 5.000 4.600 4.700 4.700 6.700 5.000 4.600 4.600 4.600 6.600 5.000 4.500 4.600 4.700 20/02/1978
3.400 3.400 3.400 2.100 1.400 3.500 3.500 3.500 0.600 1.400 3.400 3.400 0.600 0.600 1.400 3.000 2.600 0.600 0.600 0.600 3.000 2.600 0.600 0.600 0.600 3.000 2.600 0.600 0.600 0.600 21/02/1978
0.000 0.000 0.000 0.000 0.000 0.000 0.000 0.000 0.000 0.000 0.000 0.000 0.000 0.000 0.000 0.000 0.000 0.000 0.000 0.000 0.000 0.000 0.000 0.000 0.000 0.000 0.000 0.000 0.000 0.000 22/02/1978
0.100 0.100 0.100 0.000 0.000 0.100 0.100 0.100 0.300 0.000 0.100 0.100 0.300 0.300 0.000 0.000 0.000 0.300 0.300 0.300 0.000 0.000 0.300 0.300 0.300 0.000 0.000 0.300 0.300 0.300 23/02/1978
2.800 2.800 2.800 5.200 0.000 2.800 2.800 2.800 0.000 0.000 2.800 2.800 0.000 0.000 0.000 2.800 0.100 0.000 0.000 0.000 2.700 0.100 0.000 0.000 0.000 2.700 0.100 0.000 0.000 0.000 24/02/1978
11.500 11.500 11.600 10.800 11.000 11.700 11.800 11.700 13.000 10.900 11.600 11.600 12.900 13.100 10.900 11.600 11.400 13.000 13.100 13.100 11.500 11.400 13.000 12.900 12.900 11.400 11.400 12.800 12.800 13.100 25/02/1978
7.200 7.200 7.300 8.000 5.100 7.300 7.400 7.300 5.700 5.100 7.300 7.300 5.700 5.700 5.100 9.200 5.000 5.700 5.800 5.800 9.100 5.000 5.700 5.700 5.700 9.000 5.000 5.600 5.600 5.800 26/02/1978
0.400 0.400 0.400 0.400 1.700 0.400 0.400 0.400 0.100 1.700 0.400 0.400 0.100 0.100 1.700 0.000 0.000 0.100 0.100 0.100 0.000 0.000 0.100 0.100 0.100 0.000 0.000 0.100 0.100 0.100 27/02/1978
0.300 0.300 0.300 0.000 0.100 0.300 0.300 0.300 0.100 0.100 0.300 0.300 0.100 0.100 0.100 0.000 0.000 0.100 0.100 0.100 0.000 0.000 0.100 0.100 0.100 0.000 0.000 0.100 0.100 0.100 28/02/1978
1.800 1.800 1.800 1.900 1.700 1.800 1.900 1.800 4.600 1.600 1.800 1.800 4.600 4.600 1.600 4.700 4.100 4.600 4.700 4.700 4.700 4.100 4.600 4.600 4.600 4.600 4.000 4.500 4.600 4.700 01/03/1978
0.200 0.200 0.200 1.300 0.000 0.200 0.200 0.200 0.000 0.000 0.200 0.200 0.000 0.000 0.000 0.000 0.000 0.000 0.000 0.000 0.000 0.000 0.000 0.000 0.000 0.000 0.000 0.000 0.000 0.000 02/03/1978
12.100 12.200 12.200 13.800 15.900 12.300 12.400 12.300 15.200 15.800 12.300 12.300 15.100 15.300 15.700 15.100 16.100 15.200 15.300 15.300 15.000 16.100 15.200 15.100 15.100 14.800 16.000 15.000 15.000 15.300 03/03/1978
0.100 0.100 0.100 0.000 0.300 0.100 0.100 0.100 0.200 0.300 0.100 0.100 0.200 0.200 0.300 0.000 0.000 0.200 0.200 0.200 0.000 0.000 0.200 0.200 0.200 0.000 0.000 0.200 0.200 0.200 04/03/1978
0.000 0.000 0.000 0.000 0.000 0.000 0.000 0.000 0.000 0.000 0.000 0.000 0.000 0.000 0.000 0.000 0.000 0.000 0.000 0.000 0.000 0.000 0.000 0.000 0.000 0.000 0.000 0.000 0.000 0.000 05/03/1978
0.000 0.000 0.000 0.000 0.000 0.000 0.000 0.000 0.000 0.000 0.000 0.000 0.000 0.000 0.000 0.000 0.000 0.000 0.000 0.000 0.000 0.000 0.000 0.000 0.000 0.000 0.000 0.000 0.000 0.000 06/03/1978
0.000 0.000 0.000 0.000 0.000 0.000 0.000 0.000 0.000 0.000 0.000 0.000 0.000 0.000 0.000 0.000 0.000 0.000 0.000 0.000 0.000 0.000 0.000 0.000 0.000 0.000 0.000 0.000 0.000 0.000 07/03/1978
0.000 0.000 0.000 0.000 0.000 0.000 0.000 0.000 0.000 0.000 0.000 0.000 0.000 0.000 0.000 0.000 0.000 0.000 0.000 0.000 0.000 0.000 0.000 0.000 0.000 0.000 0.000 0.000 0.000 0.000 08/03/1978
0.000 0.000 0.000 0.000 0.000 0.000 0.000 0.000 0.000 0.000 0.000 0.000 0.000 0.000 0.000 0.000 0.000 0.000 0.000 0.000 0.000 0.000 0.000 0.000 0.000 0.000 0.000 0.000 0.000 0.000 09/03/1978
0.000 0.000 0.000 0.000 0.000 0.000 0.000 0.000 0.000 0.000 0.000 0.000 0.000 0.000 0.000 0.000 0.000 0.000 0.000 0.000 0.000 0.000 0.000 0.000 0.000 0.000 0.000 0.000 0.000 0.000 10/03/1978
0.000 0.000 0.000 0.000 0.000 0.000 0.000 0.000 0.000 0.000 0.000 0.000 0.000 0.000 0.000 0.200 0.000 0.000 0.000 0.000 0.200 0.000 0.000 0.000 0.000 0.200 0.000 0.000 0.000 0.000 11/03/1978
8.200 8.300 8.300 3.400 5.900 8.400 8.500 8.400 5.700 5.900 8.400 8.300 5.700 5.700 5.800 6.400 5.100 5.700 5.800 5.800 6.300 5.200 5.700 5.700 5.700 6.300 5.100 5.600 5.600 5.800 12/03/1978
0.300 0.300 0.300 0.000 0.000 0.300 0.300 0.300 0.000 0.000 0.300 0.300 0.000 0.000 0.000 0.300 0.100 0.000 0.000 0.000 0.300 0.100 0.000 0.000 0.000 0.300 0.100 0.000 0.000 0.000 13/03/1978
7.300 7.400 7.400 5.900 11.900 7.500 7.600 7.500 8.300 11.800 7.500 7.500 8.200 8.300 11.700 9.100 8.700 8.300 8.300 8.300 9.000 8.700 8.300 8.200 8.200 8.900 8.600 8.100 8.100 8.300 14/03/1978
6.300 6.300 6.400 9.200 7.200 6.400 6.500 6.400 8.200 7.100 6.400 6.400 8.100 8.200 7.100 9.000 5.200 8.200 8.200 8.200 8.900 5.200 8.200 8.100 8.100 8.800 5.200 8.100 8.100 8.200 15/03/1978
11.100 11.200 11.200 7.600 16.000 11.300 11.400 11.300 8.500 16.000 11.300 11.300 8.400 8.500 15.800 8.100 12.500 8.500 8.500 8.500 8.100 12.500 8.500 8.400 8.400 8.000 12.400 8.300 8.300 8.500 16/03/1978
3.800 3.900 3.900 7.000 6.100 3.900 4.000 3.900 6.900 6.000 3.900 3.900 6.900 6.900 5.900 4.900 5.400 6.900 6.900 6.900 4.900 5.400 6.900 6.800 6.800 4.800 5.300 6.700 6.800 6.900 17/03/1978
0.600 0.600 0.600 0.000 0.100 0.600 0.600 0.600 0.000 0.100 0.600 0.600 0.000 0.000 0.100 0.000 0.000 0.000 0.000 0.000 0.000 0.000 0.000 0.000 0.000 0.000 0.000 0.000 0.000 0.000 18/03/1978
7.500 7.600 7.600 7.400 9.500 7.700 7.700 7.700 6.400 9.500 7.600 7.600 6.400 6.500 9.400 6.200 1.900 6.400 6.500 6.500 6.100 1.900 6.400 6.400 6.400 6.100 1.900 6.300 6.300 6.500 19/03/1978
8.900 8.900 9.000 10.500 18.400 9.100 9.100 9.100 9.800 18.300 9.000 9.000 9.800 9.800 18.100 10.000 3.800 9.800 9.900 9.900 9.900 3.800 9.800 9.700 9.700 9.800 3.700 9.600 9.700 9.900 20/03/1978
1.400 1.400 1.400 0.300 0.100 1.400 1.400 1.400 1.000 0.100 1.400 1.400 1.000 1.000 0.100 1.600 1.100 1.000 1.000 1.000 1.600 1.100 1.000 1.000 1.000 1.600 1.100 1.000 1.000 1.000 21/03/1978
6.300 6.400 6.400 5.100 8.800 6.400 6.500 6.400 7.300 8.700 6.400 6.400 7.300 7.400 8.700 9.400 3.100 7.300 7.400 7.400 9.300 3.100 7.400 7.300 7.300 9.200 3.100 7.200 7.200 7.400 22/03/1978
9.600 9.700 9.700 5.500 11.800 9.800 9.900 9.800 13.000 11.700 9.800 9.800 12.900 13.000 11.700 10.700 15.200 12.900 13.100 13.100 10.600 15.200 13.000 12.900 12.900 10.500 15.100 12.700 12.800 13.100 23/03/1978
2.600 2.600 2.700 1.100 5.700 2.700 2.700 2.700 2.300 5.600 2.700 2.700 2.300 2.300 5.600 1.600 3.400 2.300 2.300 2.300 1.600 3.400 2.300 2.300 2.300 1.500 3.400 2.300 2.300 2.300 24/03/1978
6.100 6.200 6.200 6.400 11.800 6.200 6.300 6.200 7.200 11.800 6.200 6.200 7.200 7.200 11.700 7.000 5.100 7.200 7.300 7.300 7.000 5.200 7.200 7.200 7.200 6.900 5.100 7.100 7.100 7.300 25/03/1978
4.800 4.800 4.800 4.100 6.700 4.900 4.900 4.900 5.200 6.600 4.900 4.900 5.200 5.200 6.600 3.800 2.600 5.200 5.300 5.300 3.800 2.600 5.200 5.200 5.200 3.800 2.600 5.100 5.200 5.300 26/03/1978
0.100 0.100 0.200 0.100 1.300 0.200 0.200 0.200 0.400 1.300 0.200 0.200 0.400 0.400 1.300 0.000 0.000 0.400 0.400 0.400 0.000 0.000 0.400 0.400 0.400 0.000 0.000 0.400 0.400 0.400 27/03/1978
0.000 0.000 0.000 0.000 0.000 0.000 0.000 0.000 0.000 0.000 0.000 0.000 0.000 0.000 0.000 0.000 0.000 0.000 0.000 0.000 0.000 0.000 0.000 0.000 0.000 0.000 0.000 0.000 0.000 0.000 28/03/1978
23.900 24.100 24.200 23.200 25.200 24.400 24.600 24.400 26.800 25.100 24.300 24.300 26.700 27.000 24.900 22.000 23.200 26.800 27.100 27.000 21.800 23.200 26.900 26.700 26.700 21.500 23.000 26.400 26.500 27.100 29/03/1978
2.600 2.700 2.700 4.300 3.300 2.700 2.700 2.700 1.800 3.300 2.700 2.700 1.800 1.800 3.300 2.700 1.700 1.800 1.900 1.900 2.700 1.800 1.800 1.800 1.800 2.600 1.700 1.800 1.800 1.900 30/03/1978
3.800 3.800 3.900 6.500 1.800 3.900 3.900 3.900 0.900 1.800 3.900 3.900 0.900 0.900 1.800 2.200 3.800 0.900 0.900 0.900 2.100 3.800 0.900 0.900 0.900 2.100 3.700 0.900 0.900 0.900 31/03/1978
8.100 8.200 8.200 3.600 5.900 8.300 8.400 8.300 5.000 5.900 8.300 8.300 5.000 5.000 5.800 9.800 2.900 5.000 5.000 5.000 9.700 2.900 5.000 5.000 5.000 9.600 2.900 4.900 4.900 5.000 01/04/1978
1.600 1.600 1.600 1.300 0.400 1.600 1.600 1.600 0.100 0.400 1.600 1.600 0.100 0.100 0.400 0.000 0.200 0.100 0.100 0.100 0.000 0.200 0.100 0.100 0.100 0.000 0.200 0.100 0.100 0.100 02/04/1978
0.100 0.100 0.100 0.100 0.500 0.100 0.100 0.100 1.000 0.500 0.100 0.100 1.000 1.000 0.500 0.000 0.800 1.000 1.000 1.000 0.000 0.800 1.000 1.000 1.000 0.000 0.800 1.000 1.000 1.000 03/04/1978
0.000 0.000 0.000 0.000 1.500 0.000 0.000 0.000 0.100 1.500 0.000 0.000 0.100 0.200 1.400 0.000 0.000 0.100 0.200 0.200 0.000 0.000 0.100 0.100 0.100 0.000 0.000 0.100 0.100 0.200 04/04/1978
0.300 0.300 0.300 0.000 0.600 0.300 0.300 0.300 0.100 0.600 0.300 0.300 0.100 0.200 0.600 0.000 5.600 0.100 0.200 0.200 0.000 5.600 0.100 0.100 0.100 0.000 5.500 0.100 0.100 0.200 05/04/1978
0.000 0.000 0.000 0.000 0.000 0.000 0.000 0.000 0.000 0.000 0.000 0.000 0.000 0.000 0.000 0.000 0.000 0.000 0.000 0.000 0.000 0.000 0.000 0.000 0.000 0.000 0.000 0.000 0.000 0.000 06/04/1978
0.000 0.000 0.000 0.000 0.000 0.000 0.000 0.000 0.000 0.000 0.000 0.000 0.000 0.000 0.000 0.000 0.000 0.000 0.000 0.000 0.000 0.000 0.000 0.000 0.000 0.000 0.000 0.000 0.000 0.000 07/04/1978
0.000 0.000 0.000 0.000 0.000 0.000 0.000 0.000 0.000 0.000 0.000 0.000 0.000 0.000 0.000 0.000 0.000 0.000 0.000 0.000 0.000 0.000 0.000 0.000 0.000 0.000 0.000 0.000 0.000 0.000 08/04/1978
0.000 0.000 0.000 0.000 0.000 0.000 0.000 0.000 0.000 0.000 0.000 0.000 0.000 0.000 0.000 0.000 0.000 0.000 0.000 0.000 0.000 0.000 0.000 0.000 0.000 0.000 0.000 0.000 0.000 0.000 09/04/1978
1.100 1.100 1.100 1.700 2.500 1.100 1.100 1.100 1.400 2.400 1.100 1.100 1.400 1.400 2.400 0.600 0.300 1.400 1.400 1.400 0.600 0.300 1.400 1.300 1.300 0.600 0.300 1.300 1.300 1.400 10/04/1978
2.100 2.200 2.200 1.800 1.100 2.200 2.200 2.200 1.300 1.100 2.200 2.200 1.300 1.300 1.100 0.700 0.000 1.300 1.300 1.300 0.700 0.000 1.300 1.300 1.200 0.700 0.000 1.200 1.200 1.300 11/04/1978
4.700 4.700 4.800 3.500 3.200 4.800 4.800 4.800 2.900 3.200 4.800 4.800 2.900 2.900 3.200 1.400 1.000 2.900 2.900 2.900 1.400 1.000 2.900 2.900 2.900 1.400 1.000 2.800 2.800 2.900 12/04/1978
4.400 4.500 4.500 4.900 6.200 4.500 4.600 4.500 8.300 6.100 4.500 4.500 8.200 8.300 6.100 6.100 6.600 8.300 8.300 8.300 6.100 6.600 8.300 8.200 8.200 6.000 6.500 8.100 8.100 8.300 13/04/1978
2.500 2.500 2.500 4.400 2.300 2.500 2.600 2.500 5.600 2.300 2.500 2.500 5.600 5.600 2.300 0.300 1.300 5.600 5.600 5.600 0.200 1.300 5.600 5.500 5.500 0.200 1.300 5.500 5.500 5.600 14/04/1978
0.200 0.200 0.200 0.100 0.200 0.200 0.200 0.200 0.000 0.200 0.200 0.200 0.000 0.000 0.200 0.000 0.000 0.000 0.000 0.000 0.000 0.000 0.000 0.000 0.000 0.000 0.000 0.000 0.000 0.000 15/04/1978
0.000 0.000 0.000 0.000 0.000 0.000 0.000 0.000 0.000 0.000 0.000 0.000 0.000 0.000 0.000 0.000 0.000 0.000 0.000 0.000 0.000 0.000 0.000 0.000 0.000 0.000 0.000 0.000 0.000 0.000 16/04/1978
3.300 3.400 3.400 3.700 4.400 3.400 3.400 3.400 4.300 4.300 3.400 3.400 4.300 4.300 4.300 5.000 3.900 4.300 4.300 4.300 5.000 3.900 4.300 4.300 4.300 4.900 3.800 4.200 4.200 4.300 17/04/1978
6.300 6.300 6.300 8.300 13.200 6.400 6.500 6.400 6.100 13.100 6.400 6.400 6.100 6.100 13.000 3.200 3.700 6.100 6.100 6.100 3.200 3.700 6.100 6.000 6.000 3.100 3.700 6.000 6.000 6.100 18/04/1978
7.800 7.900 7.900 9.900 9.400 8.000 8.000 8.000 7.000 9.300 7.900 7.900 7.000 7.000 9.300 6.100 4.100 7.000 7.100 7.100 6.000 4.100 7.000 7.000 7.000 6.000 4.000 6.900 6.900 7.100 19/04/1978
1.600 1.700 1.700 1.600 1.800 1.700 1.700 1.700 1.700 1.800 1.700 1.700 1.700 1.700 1.800 0.800 1.800 1.700 1.700 1.700 0.800 1.800 1.700 1.700 1.700 0.800 1.800 1.700 1.700 1.700 20/04/1978
0.200 0.200 0.200 0.800 0.900 0.200 0.200 0.200 1.800 0.900 0.200 0.200 1.800 1.800 0.900 0.600 0.700 1.800 1.800 1.800 0.600 0.700 1.800 1.800 1.800 0.600 0.700 1.800 1.800 1.800 21/04/1978
0.000 0.000 0.000 0.000 0.000 0.000 0.000 0.000 0.000 0.000 0.000 0.000 0.000 0.000 0.000 0.000 0.000 0.000 0.000 0.000 0.000 0.000 0.000 0.000 0.000 0.000 0.000 0.000 0.000 0.000 22/04/1978
0.000 0.000 0.000 0.000 0.000 0.000 0.000 0.000 0.000 0.000 0.000 0.000 0.000 0.000 0.000 2.400 1.000 0.000 0.000 0.000 2.300 1.000 0.000 0.000 0.000 2.300 1.000 0.000 0.000 0.000 23/04/1978
12.700 12.700 12.800 5.900 7.900 12.900 13.000 12.900 16.600 7.800 12.900 12.900 16.500 16.700 7.800 12.100 18.500 16.500 16.700 16.700 12.000 18.500 16.600 16.500 16.500 11.800 18.400 16.300 16.400 16.700 24/04/1978
4.100 4.100 4.100 4.100 7.400 4.100 4.200 4.100 6.300 7.300 4.100 4.100 6.300 6.300 7.200 1.800 4.400 6.300 6.400 6.300 1.800 4.400 6.300 6.300 6.200 1.800 4.300 6.200 6.200 6.300 25/04/1978
3.800 3.800 3.800 1.700 4.400 3.900 3.900 3.900 5.000 4.400 3.900 3.800 4.900 5.000 4.300 5.800 3.600 5.000 5.000 5.000 5.700 3.600 5.000 4.900 4.900 5.700 3.600 4.900 4.900 5.000 26/04/1978
7.300 7.300 7.400 2.300 2.300 7.400 7.500 7.400 3.500 2.200 7.400 7.400 3.500 3.500 2.200 0.800 3.200 3.500 3.500 3.500 0.800 3.200 3.500 3.400 3.400 0.800 3.200 3.400 3.400 3.500 27/04/1978
1.600 1.700 1.700 1.600 0.600 1.700 1.700 1.700 0.200 0.600 1.700 1.700 0.100 0.200 0.600 0.900 0.600 0.100 0.200 0.200 0.900 0.600 0.200 0.100 0.100 0.900 0.600 0.100 0.100 0.200 28/04/1978
11.900 12.000 12.000 9.900 10.600 12.100 12.200 12.100 16.400 10.600 12.100 12.100 16.300 16.400 10.500 16.900 14.800 16.300 16.500 16.500 16.800 14.900 16.400 16.300 16.200 16.600 14.700 16.100 16.100 16.500 29/04/1978
16.300 16.400 16.400 13.000 16.600 16.600 16.700 16.600 12.300 16.500 16.500 16.500 12.300 12.400 16.300 7.300 11.200 12.300 12.400 12.400 7.200 11.200 12.300 12.200 12.200 7.100 11.100 12.100 12.100 12.400 30/04/1978
0.100 0.100 0.100 0.100 0.200 0.100 0.100 0.100 3.600 0.200 0.100 0.100 3.600 3.600 0.200 2.200 1.900 3.600 3.600 3.600 2.200 1.900 3.600 3.600 3.600 2.200 1.800 3.500 3.600 3.600 01/05/1978
0.100 0.100 0.100 0.700 0.000 0.100 0.100 0.100 0.000 0.000 0.100 0.100 0.000 0.000 0.000 0.000 0.000 0.000 0.000 0.000 0.000 0.000 0.000 0.000 0.000 0.000 0.000 0.000 0.000 0.000 02/05/1978
1.300 1.300 1.300 0.900 0.000 1.300 1.400 1.300 1.100 0.000 1.300 1.300 1.100 1.100 0.000 0.000 0.200 1.100 1.100 1.100 0.000 0.200 1.100 1.100 1.100 0.000 0.200 1.100 1.100 1.100 03/05/1978
0.700 0.700 0.700 0.200 0.000 0.700 0.700 0.700 1.100 0.000 0.700 0.700 1.100 1.100 0.000 1.500 8.900 1.100 1.100 1.100 1.500 8.900 1.100 1.100 1.100 1.500 8.800 1.000 1.000 1.100 04/05/1978
11.600 11.700 11.700 10.100 15.200 11.800 11.900 11.800 9.500 15.100 11.800 11.800 9.500 9.500 15.000 17.900 13.300 9.500 9.600 9.600 17.700 13.300 9.500 9.400 9.400 17.500 13.200 9.300 9.400 9.600 05/05/1978
1.700 1.700 1.700 1.300 2.300 1.800 1.800 1.800 3.200 2.300 1.700 1.700 3.200 3.200 2.300 1.900 1.800 3.200 3.200 3.200 1.900 1.800 3.200 3.100 3.100 1.900 1.800 3.100 3.100 3.200 06/05/1978
2.900 2.900 2.900 0.400 5.000 2.900 2.900 2.900 2.100 5.000 2.900 2.900 2.100 2.200 5.000 1.100 1.300 2.100 2.200 2.200 1.100 1.300 2.100 2.100 2.100 1.100 1.300 2.100 2.100 2.200 07/05/1978
4.300 4.300 4.400 4.000 6.100 4.400 4.400 4.400 2.800 6.000 4.400 4.400 2.800 2.800 6.000 0.200 0.000 2.800 2.800 2.800 0.200 0.000 2.800 2.800 2.800 0.200 0.000 2.800 2.800 2.800 08/05/1978
0.200 0.200 0.200 0.000 0.000 0.200 0.200 0.200 0.000 0.000 0.200 0.200 0.000 0.000 0.000 0.000 0.000 0.000 0.000 0.000 0.000 0.000 0.000 0.000 0.000 0.000 0.000 0.000 0.000 0.000 09/05/1978
0.000 0.000 0.000 0.000 0.000 0.000 0.000 0.000 0.000 0.000 0.000 0.000 0.000 0.000 0.000 0.000 0.000 0.000 0.000 0.000 0.000 0.000 0.000 0.000 0.000 0.000 0.000 0.000 0.000 0.000 10/05/1978
0.000 0.000 0.000 0.000 0.000 0.000 0.000 0.000 0.000 0.000 0.000 0.000 0.000 0.000 0.000 0.000 0.000 0.000 0.000 0.000 0.000 0.000 0.000 0.000 0.000 0.000 0.000 0.000 0.000 0.000 11/05/1978
3.400 3.400 3.400 4.900 3.800 3.400 3.500 3.400 1.900 3.800 3.400 3.400 1.900 1.900 3.800 2.300 2.200 1.900 2.000 2.000 2.300 2.200 1.900 1.900 1.900 2.300 2.200 1.900 1.900 2.000 12/05/1978
0.400 0.400 0.400 0.200 1.000 0.400 0.400 0.400 1.600 1.000 0.400 0.400 1.600 1.600 1.000 2.600 0.600 1.600 1.600 1.600 2.500 0.600 1.600 1.600 1.600 2.500 0.600 1.500 1.500 1.600 13/05/1978
0.400 0.400 0.400 2.200 0.900 0.400 0.500 0.400 0.300 0.900 0.400 0.400 0.300 0.300 0.900 0.100 0.000 0.300 0.300 0.300 0.100 0.000 0.300 0.300 0.300 0.100 0.000 0.300 0.300 0.300 14/05/1978
0.500 0.500 0.500 0.500 0.000 0.500 0.500 0.500 0.000 0.000 0.500 0.500 0.000 0.000 0.000 0.000 0.000 0.000 0.000 0.000 0.000 0.000 0.000 0.000 0.000 0.000 0.000 0.000 0.000 0.000 15/05/1978
2.700 2.700 2.700 0.200 0.000 2.700 2.800 2.700 0.000 0.000 2.700 2.700 0.000 0.000 0.000 1.200 0.000 0.000 0.000 0.000 1.100 0.000 0.000 0.000 0.000 1.100 0.000 0.000 0.000 0.000 16/05/1978
2.200 2.200 2.300 0.100 3.500 2.300 2.300 2.300 2.600 3.500 2.300 2.300 2.500 2.600 3.400 2.600 0.000 2.500 2.600 2.600 2.600 0.000 2.600 2.500 2.500 2.600 0.000 2.500 2.500 2.600 17/05/1978
23.200 23.300 23.400 13.500 15.200 23.600 23.800 23.600 11.500 15.100 23.600 23.500 11.500 11.600 15.000 16.600 13.100 11.500 11.600 11.600 16.400 13.100 11.500 11.500 11.500 16.200 13.000 11.300 11.400 11.600 18/05/1978
0.000 0.000 0.000 0.100 0.700 0.000 0.000 0.000 0.100 0.700 0.000 0.000 0.100 0.100 0.700 0.000 0.000 0.100 0.100 0.100 0.000 0.000 0.100 0.100 0.100 0.000 0.000 0.100 0.100 0.100 19/05/1978
0.000 0.000 0.000 0.800 0.000 0.000 0.000 0.000 0.000 0.000 0.000 0.000 0.000 0.000 0.000 0.000 0.500 0.000 0.000 0.000 0.000 0.500 0.000 0.000 0.000 0.000 0.500 0.000 0.000 0.000 20/05/1978
0.000 0.000 0.000 0.000 0.000 0.000 0.000 0.000 0.100 0.000 0.000 0.000 0.100 0.100 0.000 0.000 0.000 0.100 0.100 0.100 0.000 0.000 0.100 0.100 0.100 0.000 0.000 0.100 0.100 0.100 21/05/1978
0.000 0.000 0.000 0.000 0.000 0.000 0.000 0.000 0.000 0.000 0.000 0.000 0.000 0.000 0.000 0.000 0.000 0.000 0.000 0.000 0.000 0.000 0.000 0.000 0.000 0.000 0.000 0.000 0.000 0.000 22/05/1978
0.100 0.100 0.100 0.200 0.000 0.100 0.100 0.100 0.000 0.000 0.100 0.100 0.000 0.000 0.000 0.000 0.000 0.000 0.000 0.000 0.000 0.000 0.000 0.000 0.000 0.000 0.000 0.000 0.000 0.000 23/05/1978
0.000 0.000 0.000 0.000 0.000 0.000 0.000 0.000 0.000 0.000 0.000 0.000 0.000 0.000 0.000 0.500 0.100 0.000 0.000 0.000 0.500 0.100 0.000 0.000 0.000 0.500 0.100 0.000 0.000 0.000 24/05/1978
0.000 0.000 0.000 0.000 0.000 0.000 0.000 0.000 0.000 0.000 0.000 0.000 0.000 0.000 0.000 0.000 0.000 0.000 0.000 0.000 0.000 0.000 0.000 0.000 0.000 0.000 0.000 0.000 0.000 0.000 25/05/1978
0.000 0.000 0.000 0.000 0.000 0.000 0.000 0.000 0.000 0.000 0.000 0.000 0.000 0.000 0.000 0.000 0.000 0.000 0.000 0.000 0.000 0.000 0.000 0.000 0.000 0.000 0.000 0.000 0.000 0.000 26/05/1978
0.000 0.000 0.000 0.000 0.000 0.000 0.000 0.000 0.000 0.000 0.000 0.000 0.000 0.000 0.000 0.000 0.000 0.000 0.000 0.000 0.000 0.000 0.000 0.000 0.000 0.000 0.000 0.000 0.000 0.000 27/05/1978
0.000 0.000 0.000 0.000 0.000 0.000 0.000 0.000 0.600 0.000 0.000 0.000 0.600 0.600 0.000 0.000 0.600 0.600 0.600 0.600 0.000 0.600 0.600 0.600 0.600 0.000 0.600 0.600 0.600 0.600 28/05/1978
1.300 1.300 1.300 0.000 1.800 1.300 1.400 1.300 7.600 1.800 1.300 1.300 7.600 7.600 1.800 12.100 10.400 7.600 7.700 7.700 12.000 10.400 7.600 7.600 7.500 11.800 10.300 7.500 7.500 7.700 29/05/1978
0.000 0.000 0.000 0.000 0.000 0.000 0.000 0.000 0.600 0.000 0.000 0.000 0.600 0.600 0.000 0.100 2.400 0.600 0.700 0.700 0.100 2.400 0.600 0.600 0.600 0.100 2.400 0.600 0.600 0.700 30/05/1978
0.000 0.000 0.000 2.700 0.200 0.000 0.000 0.000 0.200 0.200 0.000 0.000 0.200 0.200 0.200 0.000 0.000 0.200 0.200 0.200 0.000 0.000 0.200 0.200 0.200 0.000 0.000 0.200 0.200 0.200 31/05/1978
0.000 0.000 0.000 0.000 0.100 0.000 0.000 0.000 0.000 0.100 0.000 0.000 0.000 0.000 0.100 0.000 0.000 0.000 0.000 0.000 0.000 0.000 0.000 0.000 0.000 0.000 0.000 0.000 0.000 0.000 01/06/1978
0.000 0.000 0.000 0.000 0.000 0.000 0.000 0.000 0.000 0.000 0.000 0.000 0.000 0.000 0.000 0.000 0.000 0.000 0.000 0.000 0.000 0.000 0.000 0.000 0.000 0.000 0.000 0.000 0.000 0.000 02/06/1978
0.100 0.100 0.100 0.000 0.000 0.100 0.100 0.100 0.000 0.000 0.100 0.100 0.000 0.000 0.000 1.300 0.200 0.000 0.000 0.000 1.300 0.200 0.000 0.000 0.000 1.300 0.200 0.000 0.000 0.000 03/06/1978
1.800 1.800 1.800 1.300 1.400 1.900 1.900 1.900 1.700 1.400 1.900 1.900 1.700 1.700 1.400 1.100 0.300 1.700 1.700 1.700 1.100 0.300 1.700 1.700 1.700 1.100 0.300 1.700 1.700 1.700 04/06/1978
0.700 0.700 0.700 0.100 0.000 0.700 0.700 0.700 0.300 0.000 0.700 0.700 0.300 0.300 0.000 1.000 0.200 0.300 0.300 0.300 1.000 0.200 0.300 0.300 0.300 0.900 0.200 0.300 0.300 0.300 05/06/1978
9.500 9.500 9.600 6.700 4.900 9.600 9.700 9.600 6.700 4.900 9.600 9.600 6.700 6.700 4.900 8.600 8.200 6.700 6.800 6.800 8.500 8.200 6.700 6.700 6.700 8.400 8.100 6.600 6.600 6.800 06/06/1978
3.800 3.800 3.900 0.500 0.500 3.900 3.900 3.900 0.200 0.500 3.900 3.900 0.100 0.200 0.500 2.200 1.700 0.200 0.200 0.200 2.200 1.800 0.200 0.100 0.100 2.200 1.700 0.100 0.100 0.200 07/06/1978
0.000 0.000 0.000 0.000 0.000 0.000 0.000 0.000 0.000 0.000 0.000 0.000 0.000 0.000 0.000 0.000 0.000 0.000 0.000 0.000 0.000 0.000 0.000 0.000 0.000 0.000 0.000 0.000 0.000 0.000 08/06/1978
0.000 0.000 0.000 0.000 0.000 0.000 0.000 0.000 0.000 0.000 0.000 0.000 0.000 0.000 0.000 0.000 0.000 0.000 0.000 0.000 0.000 0.000 0.000 0.000 0.000 0.000 0.000 0.000 0.000 0.000 09/06/1978
0.000 0.000 0.000 0.000 0.000 0.000 0.000 0.000 0.000 0.000 0.000 0.000 0.000 0.000 0.000 0.000 0.000 0.000 0.000 0.000 0.000 0.000 0.000 0.000 0.000 0.000 0.000 0.000 0.000 0.000 10/06/1978
0.000 0.000 0.000 0.000 0.000 0.000 0.000 0.000 0.000 0.000 0.000 0.000 0.000 0.000 0.000 0.000 0.000 0.000 0.000 0.000 0.000 0.000 0.000 0.000 0.000 0.000 0.000 0.000 0.000 0.000 11/06/1978
0.000 0.000 0.000 0.000 0.000 0.000 0.000 0.000 0.000 0.000 0.000 0.000 0.000 0.000 0.000 0.000 0.000 0.000 0.000 0.000 0.000 0.000 0.000 0.000 0.000 0.000 0.000 0.000 0.000 0.000 12/06/1978
0.000 0.000 0.000 0.000 0.000 0.000 0.000 0.000 0.000 0.000 0.000 0.000 0.000 0.000 0.000 0.000 0.000 0.000 0.000 0.000 0.000 0.000 0.000 0.000 0.000 0.000 0.000 0.000 0.000 0.000 13/06/1978
0.000 0.000 0.000 0.000 0.000 0.000 0.000 0.000 0.000 0.000 0.000 0.000 0.000 0.000 0.000 0.000 0.000 0.000 0.000 0.000 0.000 0.000 0.000 0.000 0.000 0.000 0.000 0.000 0.000 0.000 14/06/1978
5.900 5.900 5.900 5.900 5.100 6.000 6.000 6.000 4.400 5.100 6.000 5.900 4.400 4.400 5.000 7.800 4.400 4.400 4.400 4.400 7.800 4.400 4.400 4.400 4.400 7.700 4.400 4.300 4.300 4.400 15/06/1978
13.400 13.500 13.500 12.300 16.700 13.600 13.800 13.600 9.900 16.600 13.600 13.600 9.900 9.900 16.400 15.900 14.000 9.900 10.000 10.000 15.700 14.100 9.900 9.800 9.800 15.500 14.000 9.700 9.800 10.000 16/06/1978
1.400 1.400 1.400 1.800 1.800 1.400 1.400 1.400 1.000 1.700 1.400 1.400 0.900 1.000 1.600 0.900 0.100 1.000 1.000 1.000 0.900 0.100 1.000 0.900 0.900 0.900 0.100 0.900 0.900 1.000 17/06/1978
0.000 0.000 0.000 0.000 0.000 0.000 0.000 0.000 0.000 0.000 0.000 0.000 0.000 0.000 0.000 0.000 0.000 0.000 0.000 0.000 0.000 0.000 0.000 0.000 0.000 0.000 0.000 0.000 0.000 0.000 18/06/1978
0.000 0.000 0.000 0.000 0.000 0.000 0.000 0.000 0.000 0.000 0.000 0.000 0.000 0.000 0.000 0.000 0.000 0.000 0.000 0.000 0.000 0.000 0.000 0.000 0.000 0.000 0.000 0.000 0.000 0.000 19/06/1978
0.200 0.200 0.200 0.000 0.000 0.200 0.200 0.200 0.000 0.000 0.200 0.200 0.000 0.000 0.000 0.000 0.000 0.000 0.000 0.000 0.000 0.000 0.000 0.000 0.000 0.000 0.000 0.000 0.000 0.000 20/06/1978
0.400 0.400 0.400 0.100 0.300 0.400 0.400 0.400 0.200 0.300 0.400 0.400 0.200 0.200 0.300 0.500 0.500 0.200 0.200 0.200 0.500 0.500 0.200 0.200 0.200 0.500 0.500 0.200 0.200 0.200 21/06/1978
3.000 3.000 3.000 3.400 1.800 3.000 3.100 3.000 2.100 1.800 3.000 3.000 2.100 2.100 1.800 1.100 2.100 2.100 2.100 2.100 1.100 2.100 2.100 2.100 2.100 1.000 2.000 2.000 2.000 2.100 22/06/1978
5.000 5.000 5.000 2.200 3.800 5.100 5.100 5.100 4.100 3.800 5.100 5.100 4.100 4.200 3.700 1.500 2.000 4.100 4.200 4.200 1.500 2.000 4.200 4.100 4.100 1.500 1.900 4.100 4.100 4.200 23/06/1978
6.900 7.000 7.000 4.800 7.700 7.100 7.100 7.100 7.400 7.700 7.100 7.000 7.400 7.500 7.600 4.500 3.300 7.400 7.500 7.500 4.400 3.300 7.400 7.400 7.400 4.400 3.300 7.300 7.300 7.500 24/06/1978
2.800 2.900 2.900 6.100 6.200 2.900 2.900 2.900 4.500 6.200 2.900 2.900 4.500 4.500 6.200 1.000 2.800 4.500 4.500 4.500 1.000 2.800 4.500 4.500 4.500 1.000 2.800 4.400 4.400 4.500 25/06/1978
1.900 1.900 1.900 4.500 1.100 1.900 1.900 1.900 2.900 1.100 1.900 1.900 2.900 2.900 1.000 1.800 5.500 2.900 3.000 2.900 1.800 5.500 2.900 2.900 2.900 1.800 5.500 2.900 2.900 3.000 26/06/1978
0.000 0.000 0.000 0.000 0.000 0.000 0.000 0.000 0.000 0.000 0.000 0.000 0.000 0.000 0.000 0.000 0.000 0.000 0.000 0.000 0.000 0.000 0.000 0.000 0.000 0.000 0.000 0.000 0.000 0.000 27/06/1978
0.000 0.000 0.000 0.000 0.000 0.000 0.000 0.000 0.000 0.000 0.000 0.000 0.000 0.000 0.000 0.000 0.000 0.000 0.000 0.000 0.000 0.000 0.000 0.000 0.000 0.000 0.000 0.000 0.000 0.000 28/06/1978
0.000 0.000 0.000 0.000 0.000 0.000 0.000 0.000 0.000 0.000 0.000 0.000 0.000 0.000 0.000 0.000 0.000 0.000 0.000 0.000 0.000 0.000 0.000 0.000 0.000 0.000 0.000 0.000 0.000 0.000 29/06/1978
0.000 0.000 0.000 0.000 0.000 0.000 0.000 0.000 0.000 0.000 0.000 0.000 0.000 0.000 0.000 0.000 0.000 0.000 0.000 0.000 0.000 0.000 0.000 0.000 0.000 0.000 0.000 0.000 0.000 0.000 30/06/1978
0.000 0.000 0.000 0.000 0.000 0.000 0.000 0.000 0.000 0.000 0.000 0.000 0.000 0.000 0.000 0.000 0.000 0.000 0.000 0.000 0.000 0.000 0.000 0.000 0.000 0.000 0.000 0.000 0.000 0.000 01/07/1978
0.000 0.000 0.000 0.000 0.000 0.000 0.000 0.000 0.100 0.000 0.000 0.000 0.100 0.100 0.000 0.000 0.000 0.100 0.100 0.100 0.000 0.000 0.100 0.100 0.100 0.000 0.000 0.100 0.100 0.100 02/07/1978
3.200 3.200 3.200 2.600 6.100 3.200 3.300 3.200 4.000 6.100 3.200 3.200 4.000 4.000 6.000 5.000 2.700 4.000 4.000 4.000 5.000 2.700 4.000 4.000 4.000 4.900 2.700 3.900 4.000 4.000 03/07/1978
3.900 3.900 3.900 5.200 5.500 3.900 4.000 3.900 5.400 5.500 3.900 3.900 5.400 5.400 5.400 6.800 6.000 5.400 5.400 5.400 6.800 6.000 5.400 5.300 5.300 6.700 6.000 5.300 5.300 5.400 04/07/1978
3.200 3.200 3.200 2.900 4.000 3.200 3.300 3.200 0.500 4.000 3.200 3.200 0.500 0.500 3.900 1.900 3.900 0.500 0.500 0.500 1.900 3.900 0.500 0.500 0.500 1.900 3.800 0.400 0.500 0.500 05/07/1978
0.000 0.000 0.000 0.800 0.200 0.000 0.000 0.000 0.200 0.200 0.000 0.000 0.200 0.200 0.200 0.000 0.000 0.200 0.200 0.200 0.000 0.000 0.200 0.200 0.200 0.000 0.000 0.200 0.200 0.200 06/07/1978
0.000 0.000 0.000 0.000 0.000 0.000 0.000 0.000 0.000 0.000 0.000 0.000 0.000 0.000 0.000 0.000 0.000 0.000 0.000 0.000 0.000 0.000 0.000 0.000 0.000 0.000 0.000 0.000 0.000 0.000 07/07/1978
0.000 0.000 0.000 0.000 0.000 0.000 0.000 0.000 0.000 0.000 0.000 0.000 0.000 0.000 0.000 0.000 0.000 0.000 0.000 0.000 0.000 0.000 0.000 0.000 0.000 0.000 0.000 0.000 0.000 0.000 08/07/1978
0.000 0.000 0.000 0.000 0.000 0.000 0.000 0.000 0.000 0.000 0.000 0.000 0.000 0.000 0.000 0.000 0.000 0.000 0.000 0.000 0.000 0.000 0.000 0.000 0.000 0.000 0.000 0.000 0.000 0.000 09/07/1978
0.000 0.000 0.000 0.000 0.000 0.000 0.000 0.000 0.000 0.000 0.000 0.000 0.000 0.000 0.000 0.000 0.000 0.000 0.000 0.000 0.000 0.000 0.000 0.000 0.000 0.000 0.000 0.000 0.000 0.000 10/07/1978
0.000 0.000 0.000 0.000 0.000 0.000 0.000 0.000 0.000 0.000 0.000 0.000 0.000 0.000 0.000 0.000 0.000 0.000 0.000 0.000 0.000 0.000 0.000 0.000 0.000 0.000 0.000 0.000 0.000 0.000 11/07/1978
0.000 0.000 0.000 0.000 0.000 0.000 0.000 0.000 0.000 0.000 0.000 0.000 0.000 0.000 0.000 0.000 0.000 0.000 0.000 0.000 0.000 0.000 0.000 0.000 0.000 0.000 0.000 0.000 0.000 0.000 12/07/1978
0.000 0.000 0.000 0.000 0.000 0.000 0.000 0.000 0.000 0.000 0.000 0.000 0.000 0.000 0.000 0.000 0.000 0.000 0.000 0.000 0.000 0.000 0.000 0.000 0.000 0.000 0.000 0.000 0.000 0.000 13/07/1978
0.000 0.000 0.000 0.000 0.000 0.000 0.000 0.000 0.000 0.000 0.000 0.000 0.000 0.000 0.000 0.000 0.000 0.000 0.000 0.000 0.000 0.000 0.000 0.000 0.000 0.000 0.000 0.000 0.000 0.000 14/07/1978
0.000 0.000 0.000 0.000 0.000 0.000 0.000 0.000 0.000 0.000 0.000 0.000 0.000 0.000 0.000 0.000 0.000 0.000 0.000 0.000 0.000 0.000 0.000 0.000 0.000 0.000 0.000 0.000 0.000 0.000 15/07/1978
0.000 0.000 0.000 0.000 0.000 0.000 0.000 0.000 0.000 0.000 0.000 0.000 0.000 0.000 0.000 0.000 0.000 0.000 0.000 0.000 0.000 0.000 0.000 0.000 0.000 0.000 0.000 0.000 0.000 0.000 16/07/1978
0.000 0.000 0.000 0.000 0.000 0.000 0.000 0.000 0.000 0.000 0.000 0.000 0.000 0.000 0.000 0.000 0.000 0.000 0.000 0.000 0.000 0.000 0.000 0.000 0.000 0.000 0.000 0.000 0.000 0.000 17/07/1978
11.400 11.500 11.600 14.000 6.800 11.600 11.800 11.600 10.400 6.700 11.600 11.600 10.400 10.500 6.700 2.400 2.700 10.400 10.500 10.500 2.300 2.700 10.400 10.300 10.300 2.300 2.700 10.200 10.300 10.500 18/07/1978
0.000 0.000 0.000 0.000 0.000 0.000 0.000 0.000 0.200 0.000 0.000 0.000 0.200 0.200 0.000 0.000 0.000 0.200 0.200 0.200 0.000 0.000 0.200 0.200 0.200 0.000 0.000 0.200 0.200 0.200 19/07/1978
0.000 0.000 0.000 0.100 0.500 0.000 0.000 0.000 0.500 0.500 0.000 0.000 0.500 0.500 0.500 0.000 0.000 0.500 0.500 0.500 0.000 0.000 0.500 0.500 0.500 0.000 0.000 0.500 0.500 0.500 20/07/1978
0.000 0.000 0.000 0.000 0.000 0.000 0.000 0.000 0.000 0.000 0.000 0.000 0.000 0.000 0.000 0.000 0.000 0.000 0.000 0.000 0.000 0.000 0.000 0.000 0.000 0.000 0.000 0.000 0.000 0.000 21/07/1978
0.000 0.000 0.000 0.000 0.000 0.000 0.000 0.000 0.000 0.000 0.000 0.000 0.000 0.000 0.000 0.000 0.000 0.000 0.000 0.000 0.000 0.000 0.000 0.000 0.000 0.000 0.000 0.000 0.000 0.000 22/07/1978
0.000 0.000 0.000 0.000 0.000 0.000 0.000 0.000 0.000 0.000 0.000 0.000 0.000 0.000 0.000 0.000 0.000 0.000 0.000 0.000 0.000 0.000 0.000 0.000 0.000 0.000 0.000 0.000 0.000 0.000 23/07/1978
0.000 0.000 0.000 0.000 0.000 0.000 0.000 0.000 0.000 0.000 0.000 0.000 0.000 0.000 0.000 0.000 0.000 0.000 0.000 0.000 0.000 0.000 0.000 0.000 0.000 0.000 0.000 0.000 0.000 0.000 24/07/1978
0.200 0.200 0.200 0.000 0.900 0.200 0.200 0.200 0.300 0.900 0.200 0.200 0.300 0.300 0.900 0.000 0.000 0.300 0.300 0.300 0.000 0.000 0.300 0.300 0.300 0.000 0.000 0.300 0.300 0.300 25/07/1978
4.600 4.600 4.600 8.200 3.900 4.700 4.700 4.700 2.300 3.900 4.600 4.600 2.300 2.300 3.900 1.700 0.100 2.300 2.300 2.300 1.700 0.100 2.300 2.300 2.300 1.700 0.100 2.300 2.300 2.300 26/07/1978
0.000 0.000 0.000 0.000 0.000 0.000 0.000 0.000 0.000 0.000 0.000 0.000 0.000 0.000 0.000 0.000 0.000 0.000 0.000 0.000 0.000 0.000 0.000 0.000 0.000 0.000 0.000 0.000 0.000 0.000 27/07/1978
0.200 0.200 0.200 0.000 0.000 0.200 0.200 0.200 0.000 0.000 0.200 0.200 0.000 0.000 0.000 0.100 0.000 0.000 0.000 0.000 0.100 0.000 0.000 0.000 0.000 0.100 0.000 0.000 0.000 0.000 28/07/1978
2.000 2.000 2.000 0.600 0.100 2.000 2.000 2.000 0.100 0.100 2.000 2.000 0.100 0.200 0.100 2.800 1.000 0.100 0.200 0.200 2.700 1.000 0.100 0.100 0.100 2.700 1.000 0.100 0.100 0.200 29/07/1978
37.800 38.100 38.300 40.800 79.400 38.600 39.000 38.600 55.400 79.000 38.500 38.400 55.200 55.700 78.300 33.800 47.500 55.300 56.000 55.900 33.500 47.600 55.500 55.100 55.100 33.100 47.300 54.500 54.600 55.900 30/07/1978
1.900 1.900 1.900 0.800 5.300 1.900 1.900 1.900 2.700 5.300 1.900 1.900 2.700 2.700 5.300 0.600 0.200 2.700 2.700 2.700 0.600 0.200 2.700 2.700 2.700 0.600 0.200 2.600 2.600 2.700 31/07/1978
