# 6448 6449 6450 6451 6452 6528 6529 6530 6531 6532 6610 6611 6612 6613 6614 6693 6694 6695 6696 6697 6776 6777 6778 6779 6780 6859 6860 6861 6862 6863 Date
0.100 0.100 0.200 0.000 0.000 0.200 0.200 0.200 0.000 0.000 0.200 0.200 0.000 0.000 0.000 0.000 0.000 0.000 0.000 0.000 0.000 0.000 0.000 0.000 0.000 0.000 0.000 0.000 0.000 0.000 01/08/1979
4.200 4.300 4.300 5.600 3.700 4.300 4.400 4.300 4.000 3.600 4.300 4.300 4.000 4.000 3.600 4.700 5.500 4.000 4.000 4.000 4.700 5.500 4.000 4.000 4.000 4.600 5.500 3.900 4.000 4.000 02/08/1979
0.300 0.300 0.300 0.000 0.700 0.300 0.300 0.300 0.800 0.700 0.300 0.300 0.800 0.900 0.700 0.700 0.700 0.800 0.900 0.900 0.600 0.700 0.800 0.800 0.800 0.600 0.700 0.800 0.800 0.900 03/08/1979
0.000 0.000 0.000 0.000 0.000 0.000 0.000 0.000 0.000 0.000 0.000 0.000 0.000 0.000 0.000 0.000 0.000 0.000 0.000 0.000 0.000 0.000 0.000 0.000 0.000 0.000 0.000 0.000 0.000 0.000 04/08/1979
0.000 0.000 0.000 0.000 0.000 0.000 0.000 0.000 0.000 0.000 0.000 0.000 0.000 0.000 0.000 0.000 0.000 0.000 0.000 0.000 0.000 0.000 0.000 0.000 0.000 0.000 0.000 0.000 0.000 0.000 05/08/1979
0.000 0.000 0.000 0.000 0.000 0.000 0.000 0.000 0.100 0.000 0.000 0.000 0.100 0.100 0.000 0.000 0.000 0.100 0.100 0.100 0.000 0.000 0.100 0.100 0.100 0.000 0.000 0.100 0.100 0.100 06/08/1979
3.100 3.100 3.100 2.000 0.300 3.100 3.100 3.100 0.900 0.300 3.100 3.100 0.900 0.900 0.300 2.100 1.000 0.900 0.900 0.900 2.100 1.000 0.900 0.900 0.900 2.100 1.000 0.900 0.900 0.900 07/08/1979
1.200 1.200 1.200 0.200 5.400 1.200 1.200 1.200 2.000 5.300 1.200 1.200 2.000 2.000 5.300 0.000 3.400 2.000 2.000 2.000 0.000 3.500 2.000 2.000 2.000 0.000 3.400 1.900 1.900 2.000 08/08/1979
5.900 5.900 5.900 6.800 7.300 6.000 6.000 6.000 5.000 7.300 6.000 5.900 5.000 5.000 7.200 6.100 2.000 5.000 5.000 5.000 6.100 2.000 5.000 5.000 5.000 6.000 2.000 4.900 4.900 5.000 09/08/1979
1.600 1.600 1.700 1.500 2.200 1.700 1.700 1.700 1.200 2.200 1.700 1.700 1.200 1.200 2.100 1.100 1.100 1.200 1.200 1.200 1.100 1.100 1.200 1.100 1.100 1.100 1.100 1.100 1.100 1.200 10/08/1979
0.000 0.000 0.000 0.000 0.000 0.000 0.000 0.000 0.000 0.000 0.000 0.000 0.000 0.000 0.000 0.000 0.000 0.000 0.000 0.000 0.000 0.000 0.000 0.000 0.000 0.000 0.000 0.000 0.000 0.000 11/08/1979
0.000 0.000 0.000 0.000 0.000 0.000 0.000 0.000 0.000 0.000 0.000 0.000 0.000 0.000 0.000 0.000 0.000 0.000 0.000 0.000 0.000 0.000 0.000 0.000 0.000 0.000 0.000 0.000 0.000 0.000 12/08/1979
1.100 1.100 1.100 0.000 0.000 1.100 1.100 1.100 0.000 0.000 1.100 1.100 0.000 0.000 0.000 0.000 0.000 0.000 0.000 0.000 0.000 0.000 0.000 0.000 0.000 0.000 0.000 0.000 0.000 0.000 13/08/1979
0.000 0.000 0.000 0.700 1.700 0.000 0.000 0.000 0.100 1.700 0.000 0.000 0.100 0.100 1.700 0.200 0.900 0.100 0.100 0.100 0.100 0.900 0.100 0.100 0.100 0.100 0.900 0.100 0.100 0.100 14/08/1979
1.500 1.500 1.600 0.800 6.900 1.600 1.600 1.600 8.300 6.900 1.600 1.600 8.300 8.400 6.800 1.300 6.200 8.300 8.400 8.400 1.300 6.300 8.300 8.300 8.300 1.300 6.200 8.200 8.200 8.400 15/08/1979
1.800 1.800 1.800 1.700 2.100 1.800 1.800 1.800 1.600 2.100 1.800 1.800 1.600 1.600 2.100 1.700 1.500 1.600 1.600 1.600 1.700 1.500 1.600 1.600 1.600 1.600 1.500 1.600 1.600 1.600 16/08/1979
2.400 2.400 2.400 1.600 5.100 2.400 2.500 2.400 2.200 5.000 2.400 2.400 2.200 2.200 5.000 2.600 4.000 2.200 2.200 2.200 2.600 4.000 2.200 2.200 2.200 2.600 4.000 2.100 2.100 2.200 17/08/1979
0.000 0.000 0.000 0.000 0.000 0.000 0.000 0.000 0.000 0.000 0.000 0.000 0.000 0.000 0.000 0.000 0.100 0.000 0.000 0.000 0.000 0.100 0.000 0.000 0.000 0.000 0.100 0.000 0.000 0.000 18/08/1979
0.000 0.000 0.000 0.000 0.000 0.000 0.000 0.000 0.000 0.000 0.000 0.000 0.000 0.000 0.000 0.000 0.000 0.000 0.000 0.000 0.000 0.000 0.000 0.000 0.000 0.000 0.000 0.000 0.000 0.000 19/08/1979
0.000 0.000 0.000 0.000 0.000 0.000 0.000 0.000 0.000 0.000 0.000 0.000 0.000 0.000 0.000 0.000 0.000 0.000 0.000 0.000 0.000 0.000 0.000 0.000 0.000 0.000 0.000 0.000 0.000 0.000 20/08/1979
0.000 0.000 0.000 0.000 0.000 0.000 0.000 0.000 0.000 0.000 0.000 0.000 0.000 0.000 0.000 0.000 0.000 0.000 0.000 0.000 0.000 0.000 0.000 0.000 0.000 0.000 0.000 0.000 0.000 0.000 21/08/1979
0.900 0.900 0.900 0.500 1.800 0.900 0.900 0.900 4.400 1.800 0.900 0.900 4.400 4.400 1.700 0.600 7.300 4.400 4.400 4.400 0.600 7.300 4.400 4.400 4.400 0.600 7.300 4.300 4.300 4.400 22/08/1979
1.800 1.800 1.800 0.100 6.500 1.800 1.900 1.800 6.600 6.500 1.800 1.800 6.600 6.600 6.400 2.000 2.100 6.600 6.700 6.700 2.000 2.100 6.600 6.600 6.600 2.000 2.000 6.500 6.500 6.700 23/08/1979
2.800 2.800 2.800 3.400 3.800 2.900 2.900 2.900 1.500 3.800 2.900 2.800 1.500 1.500 3.700 1.600 0.500 1.500 1.500 1.500 1.600 0.500 1.500 1.500 1.500 1.600 0.500 1.500 1.500 1.500 24/08/1979
9.900 9.900 10.000 10.600 11.800 10.100 10.200 10.100 7.200 11.700 10.000 10.000 7.200 7.300 11.600 8.100 1.600 7.200 7.300 7.300 8.100 1.600 7.200 7.200 7.200 8.000 1.600 7.100 7.100 7.300 25/08/1979
0.600 0.600 0.600 0.000 0.600 0.600 0.600 0.600 0.100 0.600 0.600 0.600 0.100 0.100 0.600 0.200 1.100 0.100 0.100 0.100 0.200 1.100 0.100 0.100 0.100 0.200 1.100 0.100 0.100 0.100 26/08/1979
0.000 0.000 0.000 0.000 0.000 0.000 0.000 0.000 0.000 0.000 0.000 0.000 0.000 0.000 0.000 0.000 0.000 0.000 0.000 0.000 0.000 0.000 0.000 0.000 0.000 0.000 0.000 0.000 0.000 0.000 27/08/1979
0.000 0.000 0.000 0.000 0.000 0.000 0.000 0.000 0.000 0.000 0.000 0.000 0.000 0.000 0.000 0.000 0.000 0.000 0.000 0.000 0.000 0.000 0.000 0.000 0.000 0.000 0.000 0.000 0.000 0.000 28/08/1979
0.000 0.000 0.000 0.000 0.000 0.000 0.000 0.000 0.000 0.000 0.000 0.000 0.000 0.000 0.000 0.000 0.000 0.000 0.000 0.000 0.000 0.000 0.000 0.000 0.000 0.000 0.000 0.000 0.000 0.000 29/08/1979
0.000 0.000 0.000 0.000 0.000 0.000 0.000 0.000 0.000 0.000 0.000 0.000 0.000 0.000 0.000 0.000 0.000 0.000 0.000 0.000 0.000 0.000 0.000 0.000 0.000 0.000 0.000 0.000 0.000 0.000 30/08/1979
0.000 0.000 0.000 0.000 0.000 0.000 0.000 0.000 0.000 0.000 0.000 0.000 0.000 0.000 0.000 0.000 0.000 0.000 0.000 0.000 0.000 0.000 0.000 0.000 0.000 0.000 0.000 0.000 0.000 0.000 31/08/1979
1.100 1.100 1.200 0.000 0.000 1.200 1.200 1.200 0.000 0.000 1.200 1.200 0.000 0.000 0.000 1.800 0.000 0.000 0.000 0.000 1.800 0.000 0.000 0.000 0.000 1.800 0.000 0.000 0.000 0.000 01/09/1979
1.400 1.400 1.400 1.500 3.500 1.400 1.400 1.400 0.700 3.500 1.400 1.400 0.700 0.700 3.400 0.800 0.100 0.700 0.700 0.700 0.800 0.100 0.700 0.700 0.700 0.800 0.100 0.700 0.700 0.700 02/09/1979
0.000 0.000 0.000 0.000 0.000 0.000 0.000 0.000 0.000 0.000 0.000 0.000 0.000 0.000 0.000 0.000 0.000 0.000 0.000 0.000 0.000 0.000 0.000 0.000 0.000 0.000 0.000 0.000 0.000 0.000 03/09/1979
0.000 0.000 0.000 0.000 0.000 0.000 0.000 0.000 0.000 0.000 0.000 0.000 0.000 0.000 0.000 0.000 0.000 0.000 0.000 0.000 0.000 0.000 0.000 0.000 0.000 0.000 0.000 0.000 0.000 0.000 04/09/1979
0.000 0.000 0.000 0.000 0.000 0.000 0.000 0.000 0.000 0.000 0.000 0.000 0.000 0.000 0.000 0.000 0.000 0.000 0.000 0.000 0.000 0.000 0.000 0.000 0.000 0.000 0.000 0.000 0.000 0.000 05/09/1979
1.600 1.600 1.600 2.400 0.300 1.600 1.600 1.600 2.600 0.300 1.600 1.600 2.600 2.600 0.200 0.900 0.800 2.600 2.600 2.600 0.800 0.800 2.600 2.600 2.600 0.800 0.700 2.500 2.500 2.600 06/09/1979
2.100 2.100 2.100 2.400 0.200 2.100 2.100 2.100 1.100 0.200 2.100 2.100 1.100 1.100 0.200 1.300 0.600 1.100 1.100 1.100 1.300 0.600 1.100 1.100 1.100 1.300 0.600 1.100 1.100 1.100 07/09/1979
0.000 0.000 0.000 0.000 0.000 0.000 0.000 0.000 0.000 0.000 0.000 0.000 0.000 0.000 0.000 0.000 0.000 0.000 0.000 0.000 0.000 0.000 0.000 0.000 0.000 0.000 0.000 0.000 0.000 0.000 08/09/1979
0.000 0.000 0.000 0.200 0.300 0.000 0.000 0.000 0.100 0.300 0.000 0.000 0.100 0.100 0.300 0.000 1.900 0.100 0.100 0.100 0.000 2.000 0.100 0.100 0.100 0.000 1.900 0.100 0.100 0.100 09/09/1979
0.000 0.000 0.000 0.000 0.000 0.000 0.000 0.000 0.000 0.000 0.000 0.000 0.000 0.000 0.000 0.000 0.000 0.000 0.000 0.000 0.000 0.000 0.000 0.000 0.000 0.000 0.000 0.000 0.000 0.000 10/09/1979
0.000 0.000 0.000 0.000 0.000 0.000 0.000 0.000 0.000 0.000 0.000 0.000 0.000 0.000 0.000 0.000 0.000 0.000 0.000 0.000 0.000 0.000 0.000 0.000 0.000 0.000 0.000 0.000 0.000 0.000 11/09/1979
0.000 0.000 0.000 0.000 0.000 0.000 0.000 0.000 0.000 0.000 0.000 0.000 0.000 0.000 0.000 0.000 0.000 0.000 0.000 0.000 0.000 0.000 0.000 0.000 0.000 0.000 0.000 0.000 0.000 0.000 12/09/1979
0.000 0.000 0.000 0.000 0.000 0.000 0.000 0.000 0.000 0.000 0.000 0.000 0.000 0.000 0.000 0.000 0.000 0.000 0.000 0.000 0.000 0.000 0.000 0.000 0.000 0.000 0.000 0.000 0.000 0.000 13/09/1979
0.000 0.000 0.000 0.000 0.000 0.000 0.000 0.000 0.000 0.000 0.000 0.000 0.000 0.000 0.000 0.000 0.000 0.000 0.000 0.000 0.000 0.000 0.000 0.000 0.000 0.000 0.000 0.000 0.000 0.000 14/09/1979
0.000 0.000 0.000 0.000 0.000 0.000 0.000 0.000 0.000 0.000 0.000 0.000 0.000 0.000 0.000 0.000 0.000 0.000 0.000 0.000 0.000 0.000 0.000 0.000 0.000 0.000 0.000 0.000 0.000 0.000 15/09/1979
0.000 0.000 0.000 0.000 0.000 0.000 0.000 0.000 0.000 0.000 0.000 0.000 0.000 0.000 0.000 0.000 0.000 0.000 0.000 0.000 0.000 0.000 0.000 0.000 0.000 0.000 0.000 0.000 0.000 0.000 16/09/1979
0.000 0.000 0.000 0.000 0.000 0.000 0.000 0.000 0.000 0.000 0.000 0.000 0.000 0.000 0.000 0.000 0.000 0.000 0.000 0.000 0.000 0.000 0.000 0.000 0.000 0.000 0.000 0.000 0.000 0.000 17/09/1979
0.000 0.000 0.000 0.000 0.000 0.000 0.000 0.000 0.000 0.000 0.000 0.000 0.000 0.000 0.000 0.000 0.000 0.000 0.000 0.000 0.000 0.000 0.000 0.000 0.000 0.000 0.000 0.000 0.000 0.000 18/09/1979
7.100 7.100 7.100 2.000 11.200 7.200 7.300 7.200 2.700 11.200 7.200 7.200 2.700 2.700 11.100 9.000 6.200 2.700 2.700 2.700 8.900 6.200 2.700 2.700 2.700 8.800 6.200 2.600 2.600 2.700 19/09/1979
3.000 3.000 3.000 9.600 2.200 3.000 3.000 3.000 1.000 2.100 3.000 3.000 0.900 1.000 2.100 2.000 2.700 1.000 1.000 1.000 2.000 2.700 1.000 0.900 0.900 1.900 2.700 0.900 0.900 1.000 20/09/1979
13.800 13.800 13.900 20.500 10.300 14.000 14.200 14.000 13.700 10.300 14.000 14.000 13.700 13.800 10.200 15.100 14.600 13.700 13.900 13.900 14.900 14.700 13.700 13.700 13.600 14.700 14.500 13.500 13.500 13.900 21/09/1979
8.100 8.100 8.200 8.500 5.300 8.200 8.300 8.200 5.200 5.300 8.200 8.200 5.200 5.300 5.300 5.100 6.100 5.200 5.300 5.300 5.100 6.100 5.200 5.200 5.200 5.000 6.000 5.200 5.200 5.300 22/09/1979
0.000 0.000 0.000 0.000 0.000 0.000 0.000 0.000 0.000 0.000 0.000 0.000 0.000 0.000 0.000 0.000 0.000 0.000 0.000 0.000 0.000 0.000 0.000 0.000 0.000 0.000 0.000 0.000 0.000 0.000 23/09/1979
2.500 2.600 2.600 2.500 2.300 2.600 2.600 2.600 2.100 2.300 2.600 2.600 2.100 2.200 2.300 5.600 6.100 2.100 2.200 2.200 5.600 6.100 2.100 2.100 2.100 5.500 6.000 2.100 2.100 2.200 24/09/1979
0.000 0.000 0.000 0.000 0.000 0.000 0.000 0.000 0.000 0.000 0.000 0.000 0.000 0.000 0.000 0.000 0.000 0.000 0.000 0.000 0.000 0.000 0.000 0.000 0.000 0.000 0.000 0.000 0.000 0.000 25/09/1979
0.000 0.000 0.000 0.000 0.000 0.000 0.000 0.000 0.000 0.000 0.000 0.000 0.000 0.000 0.000 0.000 0.000 0.000 0.000 0.000 0.000 0.000 0.000 0.000 0.000 0.000 0.000 0.000 0.000 0.000 26/09/1979
0.000 0.000 0.000 0.000 0.000 0.000 0.000 0.000 0.000 0.000 0.000 0.000 0.000 0.000 0.000 0.000 0.000 0.000 0.000 0.000 0.000 0.000 0.000 0.000 0.000 0.000 0.000 0.000 0.000 0.000 27/09/1979
0.000 0.000 0.000 0.000 0.000 0.000 0.000 0.000 0.000 0.000 0.000 0.000 0.000 0.000 0.000 0.000 0.000 0.000 0.000 0.000 0.000 0.000 0.000 0.000 0.000 0.000 0.000 0.000 0.000 0.000 28/09/1979
0.000 0.000 0.000 0.000 0.000 0.000 0.000 0.000 0.000 0.000 0.000 0.000 0.000 0.000 0.000 0.000 0.000 0.000 0.000 0.000 0.000 0.000 0.000 0.000 0.000 0.000 0.000 0.000 0.000 0.000 29/09/1979
0.000 0.000 0.000 0.000 0.000 0.000 0.000 0.000 0.000 0.000 0.000 0.000 0.000 0.000 0.000 0.000 0.000 0.000 0.000 0.000 0.000 0.000 0.000 0.000 0.000 0.000 0.000 0.000 0.000 0.000 30/09/1979
0.000 0.000 0.000 0.000 0.000 0.000 0.000 0.000 0.000 0.000 0.000 0.000 0.000 0.000 0.000 0.000 0.000 0.000 0.000 0.000 0.000 0.000 0.000 0.000 0.000 0.000 0.000 0.000 0.000 0.000 01/10/1979
0.000 0.000 0.000 0.000 0.000 0.000 0.000 0.000 0.000 0.000 0.000 0.000 0.000 0.000 0.000 0.000 0.000 0.000 0.000 0.000 0.000 0.000 0.000 0.000 0.000 0.000 0.000 0.000 0.000 0.000 02/10/1979
1.000 1.000 1.000 0.700 0.900 1.000 1.000 1.000 0.700 0.900 1.000 1.000 0.700 0.700 0.900 1.500 1.000 0.700 0.700 0.700 1.400 1.000 0.700 0.700 0.700 1.400 1.000 0.700 0.700 0.700 03/10/1979
9.700 9.700 9.800 7.700 1.300 9.900 10.000 9.900 1.300 1.300 9.800 9.800 1.300 1.300 1.300 4.500 1.300 1.300 1.300 1.300 4.400 1.300 1.300 1.300 1.300 4.400 1.300 1.300 1.300 1.300 04/10/1979
0.000 0.000 0.000 0.000 0.000 0.000 0.000 0.000 0.100 0.000 0.000 0.000 0.100 0.100 0.000 0.000 0.000 0.100 0.100 0.100 0.000 0.000 0.100 0.100 0.100 0.000 0.000 0.100 0.100 0.100 05/10/1979
5.600 5.600 5.700 10.900 20.300 5.700 5.800 5.700 12.200 20.200 5.700 5.700 12.100 12.200 20.100 3.200 9.400 12.200 12.300 12.300 3.200 9.500 12.200 12.100 12.100 3.100 9.400 12.000 12.000 12.300 06/10/1979
0.000 0.000 0.000 0.000 0.000 0.000 0.000 0.000 0.000 0.000 0.000 0.000 0.000 0.000 0.000 0.100 0.000 0.000 0.000 0.000 0.100 0.000 0.000 0.000 0.000 0.100 0.000 0.000 0.000 0.000 07/10/1979
0.000 0.000 0.000 0.000 0.000 0.000 0.000 0.000 0.000 0.000 0.000 0.000 0.000 0.000 0.000 0.000 0.000 0.000 0.000 0.000 0.000 0.000 0.000 0.000 0.000 0.000 0.000 0.000 0.000 0.000 08/10/1979
2.200 2.200 2.200 0.700 2.900 2.200 2.200 2.200 3.700 2.900 2.200 2.200 3.700 3.800 2.900 2.300 5.200 3.700 3.800 3.800 2.200 5.200 3.700 3.700 3.700 2.200 5.200 3.700 3.700 3.800 09/10/1979
4.400 4.500 4.500 6.300 15.600 4.500 4.600 4.500 10.800 15.500 4.500 4.500 10.800 10.900 15.400 1.600 3.700 10.800 10.900 10.900 1.600 3.700 10.800 10.700 10.700 1.600 3.700 10.600 10.700 10.900 10/10/1979
0.100 0.100 0.100 0.300 2.700 0.100 0.100 0.100 0.100 2.700 0.100 0.100 0.100 0.100 2.700 0.100 0.000 0.100 0.100 0.100 0.100 0.000 0.100 0.100 0.100 0.100 0.000 0.100 0.100 0.100 11/10/1979
1.400 1.400 1.400 0.700 0.100 1.400 1.400 1.400 0.900 0.100 1.400 1.400 0.900 1.000 0.100 5.200 1.900 0.900 1.000 1.000 5.100 1.900 0.900 0.900 0.900 5.100 1.900 0.800 0.800 1.000 12/10/1979
11.200 11.300 11.400 5.900 9.100 11.500 11.600 11.500 9.300 9.000 11.400 11.400 9.200 9.300 9.000 17.900 11.900 9.200 9.300 9.300 17.800 12.000 9.300 9.200 9.200 17.600 11.900 9.100 9.100 9.300 13/10/1979
0.000 0.000 0.000 0.000 1.300 0.000 0.000 0.000 5.900 1.300 0.000 0.000 5.800 5.900 1.300 0.000 0.200 5.800 5.900 5.900 0.000 0.200 5.900 5.800 5.800 0.000 0.200 5.800 5.800 5.900 14/10/1979
1.700 1.700 1.700 2.600 6.500 1.700 1.700 1.700 1.100 6.500 1.700 1.700 1.100 1.100 6.400 4.900 1.400 1.100 1.100 1.100 4.800 1.400 1.100 1.100 1.100 4.800 1.400 1.000 1.000 1.100 15/10/1979
0.000 0.000 0.000 0.000 1.800 0.000 0.000 0.000 0.000 1.800 0.000 0.000 0.000 0.000 1.800 0.000 0.500 0.000 0.000 0.000 0.000 0.500 0.000 0.000 0.000 0.000 0.500 0.000 0.000 0.000 16/10/1979
0.000 0.000 0.000 0.000 0.600 0.000 0.000 0.000 0.100 0.600 0.000 0.000 0.100 0.100 0.600 0.000 0.000 0.100 0.100 0.100 0.000 0.000 0.100 0.100 0.100 0.000 0.000 0.100 0.100 0.100 17/10/1979
0.000 0.000 0.000 0.000 0.000 0.000 0.000 0.000 0.000 0.000 0.000 0.000 0.000 0.000 0.000 0.000 0.000 0.000 0.000 0.000 0.000 0.000 0.000 0.000 0.000 0.000 0.000 0.000 0.000 0.000 18/10/1979
0.000 0.000 0.000 0.000 0.000 0.000 0.000 0.000 0.000 0.000 0.000 0.000 0.000 0.000 0.000 0.000 0.000 0.000 0.000 0.000 0.000 0.000 0.000 0.000 0.000 0.000 0.000 0.000 0.000 0.000 19/10/1979
1.700 1.700 1.700 1.000 2.400 1.700 1.700 1.700 3.500 2.400 1.700 1.700 3.500 3.600 2.400 2.100 1.300 3.500 3.600 3.600 2.100 1.300 3.500 3.500 3.500 2.100 1.300 3.500 3.500 3.600 20/10/1979
0.300 0.300 0.300 0.600 0.600 0.300 0.300 0.300 1.500 0.600 0.300 0.300 1.500 1.500 0.600 0.500 1.300 1.500 1.500 1.500 0.400 1.300 1.500 1.500 1.500 0.400 1.300 1.500 1.500 1.500 21/10/1979
1.500 1.500 1.500 2.400 4.300 1.500 1.500 1.500 2.300 4.300 1.500 1.500 2.300 2.400 4.300 0.800 0.200 2.300 2.400 2.400 0.800 0.200 2.300 2.300 2.300 0.800 0.200 2.300 2.300 2.400 22/10/1979
1.400 1.400 1.400 2.100 2.900 1.400 1.400 1.400 1.900 2.900 1.400 1.400 1.900 1.900 2.900 3.000 3.200 1.900 1.900 1.900 2.900 3.200 1.900 1.900 1.900 2.900 3.200 1.900 1.900 1.900 23/10/1979
0.600 0.600 0.600 1.900 0.300 0.600 0.600 0.600 0.100 0.300 0.600 0.600 0.100 0.200 0.300 0.400 0.000 0.100 0.200 0.200 0.400 0.000 0.100 0.100 0.100 0.400 0.000 0.100 0.100 0.200 24/10/1979
3.100 3.100 3.100 9.100 22.400 3.200 3.200 3.200 5.800 22.200 3.200 3.200 5.800 5.800 22.000 2.600 3.400 5.800 5.900 5.900 2.500 3.400 5.800 5.800 5.800 2.500 3.400 5.700 5.700 5.900 25/10/1979
1.000 1.000 1.000 3.000 0.500 1.000 1.000 1.000 0.400 0.500 1.000 1.000 0.400 0.400 0.500 4.800 5.800 0.400 0.400 0.400 4.800 5.800 0.400 0.400 0.400 4.700 5.700 0.400 0.400 0.400 26/10/1979
1.100 1.100 1.100 1.700 3.300 1.100 1.200 1.100 0.800 3.300 1.100 1.100 0.800 0.800 3.300 1.000 3.200 0.800 0.800 0.800 1.000 3.200 0.800 0.800 0.800 1.000 3.200 0.800 0.800 0.800 27/10/1979
1.800 1.800 1.800 1.600 2.500 1.800 1.800 1.800 1.900 2.500 1.800 1.800 1.900 1.900 2.500 0.500 1.100 1.900 1.900 1.900 0.500 1.100 1.900 1.900 1.900 0.500 1.100 1.900 1.900 1.900 28/10/1979
0.400 0.400 0.400 0.000 0.600 0.400 0.400 0.400 0.100 0.600 0.400 0.400 0.100 0.100 0.600 0.000 1.000 0.100 0.100 0.100 0.000 1.000 0.100 0.100 0.100 0.000 1.000 0.100 0.100 0.100 29/10/1979
0.000 0.000 0.000 0.000 0.100 0.000 0.000 0.000 0.000 0.100 0.000 0.000 0.000 0.000 0.100 0.000 0.000 0.000 0.000 0.000 0.000 0.000 0.000 0.000 0.000 0.000 0.000 0.000 0.000 0.000 30/10/1979
9.000 9.100 9.100 9.400 9.600 9.200 9.300 9.200 8.500 9.600 9.200 9.200 8.500 8.600 9.500 13.400 1.200 8.500 8.600 8.600 13.300 1.200 8.500 8.500 8.500 13.100 1.200 8.400 8.400 8.600 31/10/1979
12.900 13.000 13.000 8.300 13.800 13.200 13.300 13.200 11.200 13.700 13.100 13.100 11.200 11.300 13.600 14.600 19.700 11.200 11.300 11.300 14.400 19.700 11.200 11.200 11.100 14.300 19.500 11.000 11.100 11.300 01/11/1979
0.000 0.000 0.000 0.000 0.000 0.000 0.000 0.000 0.000 0.000 0.000 0.000 0.000 0.000 0.000 0.000 0.000 0.000 0.000 0.000 0.000 0.000 0.000 0.000 0.000 0.000 0.000 0.000 0.000 0.000 02/11/1979
0.000 0.000 0.000 0.000 0.000 0.000 0.000 0.000 0.000 0.000 0.000 0.000 0.000 0.000 0.000 0.000 0.000 0.000 0.000 0.000 0.000 0.000 0.000 0.000 0.000 0.000 0.000 0.000 0.000 0.000 03/11/1979
2.200 2.200 2.200 3.100 3.600 2.200 2.200 2.200 2.200 3.600 2.200 2.200 2.200 2.200 3.600 2.700 1.600 2.200 2.200 2.200 2.700 1.600 2.200 2.200 2.200 2.600 1.600 2.200 2.200 2.200 04/11/1979
2.300 2.300 2.300 3.900 7.000 2.400 2.400 2.400 3.700 7.000 2.400 2.400 3.700 3.700 6.900 3.700 0.900 3.700 3.700 3.700 3.700 0.900 3.700 3.600 3.600 3.600 0.900 3.600 3.600 3.700 05/11/1979
2.900 2.900 2.900 4.800 7.400 2.900 3.000 2.900 1.100 7.300 2.900 2.900 1.100 1.100 7.300 3.100 0.500 1.100 1.200 1.200 3.000 0.500 1.100 1.000 1.000 3.000 0.500 1.000 1.000 1.200 06/11/1979
4.600 4.600 4.600 3.500 7.900 4.700 4.700 4.700 4.300 7.800 4.700 4.700 4.300 4.400 7.800 2.900 2.400 4.300 4.400 4.400 2.900 2.400 4.400 4.300 4.300 2.900 2.400 4.300 4.300 4.400 07/11/1979
6.500 6.500 6.600 7.900 8.000 6.600 6.700 6.600 3.800 8.000 6.600 6.600 3.800 3.800 7.900 4.900 1.100 3.800 3.800 3.800 4.800 1.100 3.800 3.800 3.800 4.800 1.100 3.800 3.800 3.800 08/11/1979
0.200 0.200 0.200 0.200 0.000 0.200 0.200 0.200 0.000 0.000 0.200 0.200 0.000 0.000 0.000 0.900 1.200 0.000 0.000 0.000 0.900 1.200 0.000 0.000 0.000 0.900 1.200 0.000 0.000 0.000 09/11/1979
0.100 0.100 0.100 0.100 0.000 0.100 0.100 0.100 0.000 0.000 0.100 0.100 0.000 0.000 0.000 0.000 0.000 0.000 0.000 0.000 0.000 0.000 0.000 0.000 0.000 0.000 0.000 0.000 0.000 0.000 10/11/1979
1.200 1.200 1.200 0.900 2.200 1.200 1.200 1.200 1.800 2.200 1.200 1.200 1.700 1.800 2.200 2.300 0.200 1.700 1.800 1.800 2.200 0.200 1.800 1.700 1.700 2.200 0.200 1.700 1.700 1.800 11/11/1979
20.700 20.800 20.900 20.300 19.200 21.100 21.300 21.100 19.600 19.100 21.000 21.000 19.500 19.700 19.000 15.100 9.700 19.600 19.800 19.700 15.000 9.700 19.600 19.500 19.500 14.800 9.600 19.300 19.300 19.800 12/11/1979
7.300 7.400 7.400 8.500 12.000 7.400 7.500 7.400 12.200 12.000 7.400 7.400 12.200 12.300 11.900 11.000 11.400 12.200 12.300 12.300 10.900 11.500 12.200 12.100 12.100 10.800 11.400 12.000 12.000 12.300 13/11/1979
5.500 5.500 5.500 1.800 4.200 5.600 5.600 5.600 3.900 4.100 5.600 5.600 3.900 3.900 4.100 3.200 1.700 3.900 3.900 3.900 3.100 1.700 3.900 3.900 3.900 3.100 1.700 3.800 3.800 3.900 14/11/1979
0.100 0.200 0.200 2.400 2.200 0.200 0.200 0.200 4.800 2.200 0.200 0.200 4.700 4.800 2.200 0.600 1.000 4.800 4.800 4.800 0.500 1.000 4.800 4.700 4.700 0.500 1.000 4.700 4.700 4.800 15/11/1979
1.200 1.200 1.200 0.100 2.000 1.200 1.300 1.200 0.000 2.000 1.200 1.200 0.000 0.000 2.000 0.000 0.000 0.000 0.000 0.000 0.000 0.000 0.000 0.000 0.000 0.000 0.000 0.000 0.000 0.000 16/11/1979
0.600 0.600 0.600 1.000 0.100 0.600 0.600 0.600 0.000 0.100 0.600 0.600 0.000 0.000 0.100 0.100 0.000 0.000 0.000 0.000 0.100 0.000 0.000 0.000 0.000 0.100 0.000 0.000 0.000 0.000 17/11/1979
1.500 1.500 1.500 0.100 1.400 1.500 1.500 1.500 1.600 1.400 1.500 1.500 1.600 1.600 1.400 1.100 1.000 1.600 1.600 1.600 1.000 1.000 1.600 1.600 1.600 1.000 1.000 1.500 1.500 1.600 18/11/1979
0.000 0.000 0.000 0.000 0.100 0.000 0.000 0.000 0.000 0.100 0.000 0.000 0.000 0.000 0.100 0.000 0.000 0.000 0.000 0.000 0.000 0.000 0.000 0.000 0.000 0.000 0.000 0.000 0.000 0.000 19/11/1979
0.000 0.000 0.000 0.000 0.000 0.000 0.000 0.000 0.000 0.000 0.000 0.000 0.000 0.000 0.000 0.000 0.000 0.000 0.000 0.000 0.000 0.000 0.000 0.000 0.000 0.000 0.000 0.000 0.000 0.000 20/11/1979
0.000 0.000 0.000 0.000 0.000 0.000 0.000 0.000 0.000 0.000 0.000 0.000 0.000 0.000 0.000 0.000 0.000 0.000 0.000 0.000 0.000 0.000 0.000 0.000 0.000 0.000 0.000 0.000 0.000 0.000 21/11/1979
0.000 0.000 0.000 0.000 0.000 0.000 0.000 0.000 0.000 0.000 0.000 0.000 0.000 0.000 0.000 0.000 0.000 0.000 0.000 0.000 0.000 0.000 0.000 0.000 0.000 0.000 0.000 0.000 0.000 0.000 22/11/1979
0.000 0.000 0.000 0.000 0.000 0.000 0.000 0.000 0.000 0.000 0.000 0.000 0.000 0.000 0.000 0.000 0.000 0.000 0.000 0.000 0.000 0.000 0.000 0.000 0.000 0.000 0.000 0.000 0.000 0.000 23/11/1979
0.000 0.000 0.000 0.000 0.000 0.000 0.000 0.000 0.000 0.000 0.000 0.000 0.000 0.000 0.000 0.000 0.000 0.000 0.000 0.000 0.000 0.000 0.000 0.000 0.000 0.000 0.000 0.000 0.000 0.000 24/11/1979
0.000 0.000 0.000 0.000 0.000 0.000 0.000 0.000 0.000 0.000 0.000 0.000 0.000 0.000 0.000 0.000 0.000 0.000 0.000 0.000 0.000 0.000 0.000 0.000 0.000 0.000 0.000 0.000 0.000 0.000 25/11/1979
0.000 0.000 0.000 0.000 0.000 0.000 0.000 0.000 0.000 0.000 0.000 0.000 0.000 0.000 0.000 0.000 0.000 0.000 0.000 0.000 0.000 0.000 0.000 0.000 0.000 0.000 0.000 0.000 0.000 0.000 26/11/1979
0.000 0.000 0.000 0.000 0.000 0.000 0.000 0.000 0.000 0.000 0.000 0.000 0.000 0.000 0.000 0.000 0.000 0.000 0.000 0.000 0.000 0.000 0.000 0.000 0.000 0.000 0.000 0.000 0.000 0.000 27/11/1979
0.000 0.000 0.000 0.000 0.000 0.000 0.000 0.000 0.000 0.000 0.000 0.000 0.000 0.000 0.000 0.000 0.000 0.000 0.000 0.000 0.000 0.000 0.000 0.000 0.000 0.000 0.000 0.000 0.000 0.000 28/11/1979
0.000 0.000 0.000 0.000 0.000 0.000 0.000 0.000 0.000 0.000 0.000 0.000 0.000 0.000 0.000 0.000 0.000 0.000 0.000 0.000 0.000 0.000 0.000 0.000 0.000 0.000 0.000 0.000 0.000 0.000 29/11/1979
0.600 0.600 0.600 0.000 0.400 0.600 0.600 0.600 0.200 0.400 0.600 0.600 0.200 0.300 0.400 0.000 0.600 0.200 0.300 0.300 0.000 0.700 0.200 0.200 0.200 0.000 0.600 0.200 0.200 0.300 30/11/1979
0.100 0.100 0.100 0.000 1.200 0.200 0.200 0.200 1.300 1.200 0.200 0.100 1.300 1.300 1.200 0.800 0.200 1.300 1.300 1.300 0.700 0.200 1.300 1.200 1.200 0.700 0.200 1.200 1.200 1.300 01/12/1979
0.000 0.000 0.000 0.000 0.000 0.000 0.000 0.000 0.000 0.000 0.000 0.000 0.000 0.000 0.000 0.000 0.000 0.000 0.000 0.000 0.000 0.000 0.000 0.000 0.000 0.000 0.000 0.000 0.000 0.000 02/12/1979
0.000 0.000 0.000 0.000 0.000 0.000 0.000 0.000 0.000 0.000 0.000 0.000 0.000 0.000 0.000 0.000 0.000 0.000 0.000 0.000 0.000 0.000 0.000 0.000 0.000 0.000 0.000 0.000 0.000 0.000 03/12/1979
0.000 0.000 0.000 0.000 0.000 0.000 0.000 0.000 0.000 0.000 0.000 0.000 0.000 0.000 0.000 0.000 0.000 0.000 0.000 0.000 0.000 0.000 0.000 0.000 0.000 0.000 0.000 0.000 0.000 0.000 04/12/1979
0.000 0.000 0.000 0.000 0.000 0.000 0.000 0.000 0.000 0.000 0.000 0.000 0.000 0.000 0.000 0.000 0.000 0.000 0.000 0.000 0.000 0.000 0.000 0.000 0.000 0.000 0.000 0.000 0.000 0.000 05/12/1979
0.000 0.000 0.000 0.000 0.000 0.000 0.000 0.000 0.000 0.000 0.000 0.000 0.000 0.000 0.000 0.000 0.000 0.000 0.000 0.000 0.000 0.000 0.000 0.000 0.000 0.000 0.000 0.000 0.000 0.000 06/12/1979
0.000 0.000 0.000 0.000 0.000 0.000 0.000 0.000 0.000 0.000 0.000 0.000 0.000 0.000 0.000 0.000 0.000 0.000 0.000 0.000 0.000 0.000 0.000 0.000 0.000 0.000 0.000 0.000 0.000 0.000 07/12/1979
5.500 5.600 5.600 6.600 7.200 5.600 5.700 5.600 6.100 7.200 5.600 5.600 6.100 6.200 7.100 4.800 9.400 6.100 6.200 6.200 4.800 9.400 6.100 6.100 6.100 4.700 9.300 6.000 6.000 6.200 08/12/1979
3.900 4.000 4.000 8.800 5.200 4.000 4.000 4.000 3.200 5.200 4.000 4.000 3.200 3.200 5.200 4.300 1.500 3.200 3.300 3.300 4.300 1.500 3.200 3.200 3.200 4.200 1.500 3.200 3.200 3.300 09/12/1979
26.500 26.700 26.800 31.500 24.300 27.000 27.300 27.000 17.600 24.200 27.000 26.900 17.500 17.700 24.000 18.900 13.600 17.600 17.700 17.700 18.700 13.600 17.600 17.500 17.500 18.500 13.500 17.300 17.300 17.700 10/12/1979
4.100 4.200 4.200 4.000 7.300 4.200 4.300 4.200 4.100 7.300 4.200 4.200 4.100 4.100 7.200 5.500 3.900 4.100 4.200 4.100 5.400 3.900 4.100 4.100 4.100 5.400 3.900 4.000 4.100 4.200 11/12/1979
2.400 2.400 2.500 1.100 2.600 2.500 2.500 2.500 2.700 2.600 2.500 2.500 2.700 2.700 2.500 1.900 1.300 2.700 2.700 2.700 1.900 1.300 2.700 2.700 2.700 1.800 1.300 2.600 2.600 2.700 12/12/1979
3.100 3.100 3.100 5.300 5.100 3.100 3.200 3.100 4.400 5.000 3.100 3.100 4.300 4.400 5.000 3.200 3.100 4.300 4.400 4.400 3.200 3.100 4.400 4.300 4.300 3.100 3.100 4.300 4.300 4.400 13/12/1979
13.700 13.800 13.900 21.100 12.000 14.000 14.100 14.000 6.900 12.000 14.000 14.000 6.900 6.900 11.900 16.000 5.800 6.900 7.000 7.000 15.800 5.800 6.900 6.900 6.900 15.600 5.800 6.800 6.800 7.000 14/12/1979
12.400 12.500 12.500 10.300 15.000 12.600 12.700 12.600 12.300 14.900 12.600 12.600 12.200 12.300 14.800 11.600 8.500 12.200 12.400 12.300 11.500 8.500 12.300 12.200 12.200 11.400 8.500 12.100 12.100 12.400 15/12/1979
17.300 17.400 17.500 11.900 28.300 17.600 17.800 17.600 20.900 28.100 17.600 17.500 20.800 21.000 27.900 23.400 24.100 20.900 21.100 21.100 23.200 24.100 20.900 20.800 20.800 22.900 23.900 20.600 20.600 21.100 16/12/1979
4.300 4.300 4.400 5.100 7.800 4.400 4.400 4.400 3.800 7.800 4.400 4.400 3.800 3.800 7.700 3.700 2.600 3.800 3.800 3.800 3.600 2.600 3.800 3.800 3.700 3.600 2.500 3.700 3.700 3.800 17/12/1979
15.000 15.100 15.100 12.500 16.300 15.200 15.400 15.200 15.800 16.200 15.200 15.200 15.800 15.900 16.000 11.800 11.300 15.800 16.000 15.900 11.700 11.300 15.800 15.700 15.700 11.500 11.200 15.600 15.600 16.000 18/12/1979
0.100 0.100 0.100 0.100 0.100 0.100 0.100 0.100 0.400 0.100 0.100 0.100 0.400 0.400 0.100 0.000 0.000 0.400 0.500 0.400 0.000 0.000 0.400 0.400 0.400 0.000 0.000 0.400 0.400 0.500 19/12/1979
0.000 0.000 0.000 0.000 0.000 0.000 0.000 0.000 0.000 0.000 0.000 0.000 0.000 0.000 0.000 0.000 0.000 0.000 0.000 0.000 0.000 0.000 0.000 0.000 0.000 0.000 0.000 0.000 0.000 0.000 20/12/1979
0.000 0.000 0.000 0.000 0.000 0.000 0.000 0.000 0.000 0.000 0.000 0.000 0.000 0.000 0.000 0.000 0.000 0.000 0.000 0.000 0.000 0.000 0.000 0.000 0.000 0.000 0.000 0.000 0.000 0.000 21/12/1979
0.000 0.000 0.000 0.000 0.000 0.000 0.000 0.000 0.000 0.000 0.000 0.000 0.000 0.000 0.000 0.000 0.000 0.000 0.000 0.000 0.000 0.000 0.000 0.000 0.000 0.000 0.000 0.000 0.000 0.000 22/12/1979
5.000 5.000 5.000 3.200 5.400 5.100 5.100 5.100 4.800 5.400 5.100 5.100 4.700 4.800 5.400 5.800 1.100 4.800 4.800 4.800 5.800 1.100 4.800 4.700 4.700 5.700 1.100 4.700 4.700 4.800 23/12/1979
0.000 0.000 0.000 0.000 0.000 0.000 0.000 0.000 0.000 0.000 0.000 0.000 0.000 0.000 0.000 0.000 0.000 0.000 0.000 0.000 0.000 0.000 0.000 0.000 0.000 0.000 0.000 0.000 0.000 0.000 24/12/1979
0.000 0.000 0.000 0.000 0.000 0.000 0.000 0.000 0.000 0.000 0.000 0.000 0.000 0.000 0.000 0.000 0.000 0.000 0.000 0.000 0.000 0.000 0.000 0.000 0.000 0.000 0.000 0.000 0.000 0.000 25/12/1979
0.000 0.000 0.000 0.000 0.000 0.000 0.000 0.000 0.000 0.000 0.000 0.000 0.000 0.000 0.000 0.000 0.000 0.000 0.000 0.000 0.000 0.000 0.000 0.000 0.000 0.000 0.000 0.000 0.000 0.000 26/12/1979
2.500 2.500 2.500 2.600 3.100 2.600 2.600 2.600 2.800 3.000 2.500 2.500 2.800 2.800 3.000 3.000 2.000 2.800 2.800 2.800 2.900 2.000 2.800 2.800 2.800 2.900 2.000 2.800 2.800 2.800 27/12/1979
1.500 1.500 1.500 1.600 3.400 1.500 1.500 1.500 1.400 3.400 1.500 1.500 1.400 1.400 3.300 4.200 2.700 1.400 1.400 1.400 4.200 2.700 1.400 1.400 1.400 4.100 2.700 1.300 1.300 1.400 28/12/1979
23.700 23.900 24.000 18.000 24.100 24.200 24.400 24.200 25.600 24.000 24.100 24.100 25.500 25.700 23.800 21.300 33.500 25.600 25.900 25.800 21.100 33.600 25.600 25.400 25.400 20.900 33.300 25.200 25.200 25.800 29/12/1979
20.200 20.300 20.400 18.500 20.900 20.600 20.800 20.600 17.600 20.800 20.600 20.500 17.500 17.700 20.600 18.600 13.900 17.600 17.800 17.800 18.400 13.900 17.600 17.500 17.500 18.100 13.800 17.300 17.400 17.800 30/12/1979
8.400 8.400 8.400 5.100 6.400 8.500 8.600 8.500 7.500 6.400 8.500 8.500 7.400 7.500 6.300 7.600 8.000 7.500 7.600 7.600 7.500 8.100 7.500 7.500 7.500 7.400 8.000 7.400 7.400 7.600 31/12/1979
6.200 6.200 6.200 6.500 6.300 6.300 6.400 6.300 5.600 6.300 6.300 6.300 5.600 5.600 6.200 4.400 5.400 5.600 5.600 5.600 4.300 5.400 5.600 5.600 5.600 4.300 5.300 5.500 5.500 5.600 01/01/1980
0.000 0.000 0.000 0.000 0.000 0.000 0.000 0.000 0.000 0.000 0.000 0.000 0.000 0.000 0.000 0.000 0.000 0.000 0.000 0.000 0.000 0.000 0.000 0.000 0.000 0.000 0.000 0.000 0.000 0.000 02/01/1980
0.600 0.600 0.600 0.300 1.300 0.600 0.600 0.600 1.000 1.300 0.600 0.600 1.000 1.000 1.300 0.000 2.400 1.000 1.000 1.000 0.000 2.400 1.000 1.000 1.000 0.000 2.400 1.000 1.000 1.000 03/01/1980
8.500 8.600 8.600 6.500 12.100 8.700 8.800 8.700 11.400 12.100 8.700 8.700 11.400 11.500 12.000 9.000 7.700 11.400 11.500 11.500 8.900 7.700 11.400 11.300 11.300 8.800 7.600 11.200 11.200 11.500 04/01/1980
1.000 1.000 1.000 0.400 2.000 1.000 1.100 1.000 1.500 2.000 1.000 1.000 1.500 1.500 1.900 4.400 4.100 1.500 1.500 1.500 4.400 4.100 1.500 1.500 1.500 4.300 4.000 1.500 1.500 1.500 05/01/1980
1.300 1.300 1.300 2.100 2.700 1.300 1.300 1.300 0.900 2.700 1.300 1.300 0.900 0.900 2.700 0.200 0.400 0.900 0.900 0.900 0.200 0.400 0.900 0.900 0.900 0.200 0.400 0.900 0.900 0.900 06/01/1980
6.500 6.500 6.600 10.800 6.700 6.600 6.700 6.600 3.900 6.700 6.600 6.600 3.900 3.900 6.600 1.000 0.100 3.900 3.900 3.900 1.000 0.100 3.900 3.800 3.800 1.000 0.100 3.800 3.800 3.900 07/01/1980
0.800 0.800 0.800 1.100 2.500 0.800 0.800 0.800 1.500 2.500 0.800 0.800 1.500 1.500 2.400 0.200 0.000 1.500 1.500 1.500 0.100 0.000 1.500 1.500 1.500 0.100 0.000 1.400 1.400 1.500 08/01/1980
4.600 4.600 4.600 3.000 3.800 4.600 4.700 4.600 6.300 3.800 4.600 4.600 6.300 6.400 3.800 8.000 10.400 6.300 6.400 6.400 7.900 10.400 6.300 6.300 6.300 7.800 10.400 6.200 6.200 6.400 09/01/1980
0.000 0.000 0.000 0.000 0.000 0.000 0.000 0.000 0.000 0.000 0.000 0.000 0.000 0.000 0.000 0.000 0.000 0.000 0.000 0.000 0.000 0.000 0.000 0.000 0.000 0.000 0.000 0.000 0.000 0.000 10/01/1980
0.000 0.000 0.000 0.000 0.000 0.000 0.000 0.000 0.000 0.000 0.000 0.000 0.000 0.000 0.000 0.000 0.000 0.000 0.000 0.000 0.000 0.000 0.000 0.000 0.000 0.000 0.000 0.000 0.000 0.000 11/01/1980
0.000 0.000 0.000 0.000 0.000 0.000 0.000 0.000 0.000 0.000 0.000 0.000 0.000 0.000 0.000 0.000 0.000 0.000 0.000 0.000 0.000 0.000 0.000 0.000 0.000 0.000 0.000 0.000 0.000 0.000 12/01/1980
0.000 0.000 0.000 0.000 0.000 0.000 0.000 0.000 0.000 0.000 0.000 0.000 0.000 0.000 0.000 0.000 0.000 0.000 0.000 0.000 0.000 0.000 0.000 0.000 0.000 0.000 0.000 0.000 0.000 0.000 13/01/1980
0.000 0.000 0.000 0.000 0.000 0.000 0.000 0.000 0.000 0.000 0.000 0.000 0.000 0.000 0.000 0.000 0.000 0.000 0.000 0.000 0.000 0.000 0.000 0.000 0.000 0.000 0.000 0.000 0.000 0.000 14/01/1980
0.000 0.000 0.000 0.000 0.000 0.000 0.000 0.000 0.000 0.000 0.000 0.000 0.000 0.000 0.000 0.000 0.000 0.000 0.000 0.000 0.000 0.000 0.000 0.000 0.000 0.000 0.000 0.000 0.000 0.000 15/01/1980
0.000 0.000 0.000 0.000 0.000 0.000 0.000 0.000 0.000 0.000 0.000 0.000 0.000 0.000 0.000 0.000 0.000 0.000 0.000 0.000 0.000 0.000 0.000 0.000 0.000 0.000 0.000 0.000 0.000 0.000 16/01/1980
0.000 0.000 0.000 0.000 0.000 0.000 0.000 0.000 0.000 0.000 0.000 0.000 0.000 0.000 0.000 0.000 0.000 0.000 0.000 0.000 0.000 0.000 0.000 0.000 0.000 0.000 0.000 0.000 0.000 0.000 17/01/1980
0.200 0.200 0.200 0.200 1.200 0.200 0.200 0.200 0.900 1.100 0.200 0.200 0.900 0.900 1.100 0.800 1.300 0.900 0.900 0.900 0.800 1.300 0.900 0.900 0.900 0.800 1.300 0.900 0.900 0.900 18/01/1980
5.100 5.100 5.100 3.000 2.700 5.200 5.200 5.200 5.100 2.700 5.200 5.100 5.100 5.200 2.700 6.800 5.100 5.100 5.300 5.300 6.700 5.100 5.100 5.100 5.100 6.700 5.000 5.100 5.100 5.300 19/01/1980
9.400 9.400 9.500 8.000 12.300 9.600 9.700 9.600 11.400 12.200 9.500 9.500 11.400 11.500 12.100 7.900 8.300 11.400 11.500 11.500 7.800 8.300 11.400 11.300 11.300 7.700 8.300 11.200 11.200 11.500 20/01/1980
18.800 18.900 19.000 16.100 22.100 19.200 19.400 19.200 18.900 22.000 19.100 19.100 18.800 19.000 21.800 16.400 21.600 18.900 19.100 19.100 16.200 21.700 18.900 18.800 18.800 16.000 21.500 18.600 18.700 19.100 21/01/1980
12.500 12.600 12.700 14.300 16.200 12.800 12.900 12.800 15.500 16.100 12.700 12.700 15.400 15.600 16.000 12.700 14.000 15.500 15.600 15.600 12.600 14.000 15.500 15.400 15.400 12.500 13.900 15.200 15.300 15.600 22/01/1980
11.200 11.200 11.300 12.400 12.700 11.400 11.500 11.400 7.800 12.600 11.400 11.300 7.800 7.800 12.500 9.700 8.700 7.800 7.900 7.900 9.600 8.800 7.800 7.800 7.700 9.500 8.700 7.700 7.700 7.900 23/01/1980
9.600 9.600 9.700 13.600 8.700 9.700 9.800 9.700 9.500 8.700 9.700 9.700 9.400 9.500 8.600 7.400 9.300 9.500 9.600 9.500 7.300 9.400 9.500 9.400 9.400 7.300 9.300 9.300 9.300 9.600 24/01/1980
0.000 0.000 0.000 0.200 0.000 0.000 0.000 0.000 0.000 0.000 0.000 0.000 0.000 0.000 0.000 0.400 2.300 0.000 0.000 0.000 0.400 2.300 0.000 0.000 0.000 0.400 2.200 0.000 0.000 0.000 25/01/1980
0.000 0.000 0.000 0.000 0.000 0.000 0.000 0.000 0.100 0.000 0.000 0.000 0.100 0.100 0.000 0.100 1.100 0.100 0.100 0.100 0.100 1.100 0.100 0.100 0.100 0.100 1.100 0.100 0.100 0.100 26/01/1980
0.000 0.000 0.000 0.000 0.000 0.000 0.000 0.000 0.000 0.000 0.000 0.000 0.000 0.000 0.000 0.000 0.000 0.000 0.000 0.000 0.000 0.000 0.000 0.000 0.000 0.000 0.000 0.000 0.000 0.000 27/01/1980
0.000 0.000 0.000 0.000 0.000 0.000 0.000 0.000 0.000 0.000 0.000 0.000 0.000 0.000 0.000 0.000 0.000 0.000 0.000 0.000 0.000 0.000 0.000 0.000 0.000 0.000 0.000 0.000 0.000 0.000 28/01/1980
0.000 0.000 0.000 0.000 0.000 0.000 0.000 0.000 0.000 0.000 0.000 0.000 0.000 0.000 0.000 0.000 0.000 0.000 0.000 0.000 0.000 0.000 0.000 0.000 0.000 0.000 0.000 0.000 0.000 0.000 29/01/1980
7.900 7.900 8.000 8.100 4.800 8.000 8.100 8.000 5.400 4.800 8.000 8.000 5.400 5.400 4.700 6.800 5.500 5.400 5.400 5.400 6.700 5.500 5.400 5.400 5.400 6.700 5.400 5.300 5.300 5.400 30/01/1980
4.900 4.900 4.900 7.500 10.700 5.000 5.000 5.000 9.400 10.700 5.000 5.000 9.400 9.500 10.600 4.300 5.700 9.400 9.500 9.500 4.300 5.700 9.500 9.400 9.400 4.200 5.700 9.300 9.300 9.500 31/01/1980
0.800 0.800 0.800 1.600 1.000 0.800 0.800 0.800 2.500 1.000 0.800 0.800 2.500 2.500 1.000 2.300 2.800 2.500 2.500 2.500 2.200 2.800 2.500 2.500 2.500 2.200 2.800 2.400 2.400 2.500 01/02/1980
9.500 9.600 9.600 10.300 16.700 9.700 9.800 9.700 7.200 16.600 9.700 9.700 7.100 7.200 16.500 5.800 2.200 7.200 7.200 7.200 5.800 2.200 7.200 7.100 7.100 5.700 2.200 7.100 7.100 7.200 02/02/1980
15.500 15.600 15.700 15.900 24.800 15.800 16.000 15.800 15.200 24.600 15.800 15.700 15.200 15.300 24.400 10.900 8.000 15.200 15.400 15.400 10.800 8.000 15.300 15.200 15.100 10.700 8.000 15.000 15.000 15.400 03/02/1980
4.900 4.900 5.000 3.700 8.600 5.000 5.100 5.000 5.800 8.500 5.000 5.000 5.800 5.800 8.500 4.800 5.100 5.800 5.800 5.800 4.700 5.100 5.800 5.700 5.700 4.700 5.100 5.700 5.700 5.800 04/02/1980
0.400 0.400 0.400 0.100 0.500 0.400 0.400 0.400 0.000 0.500 0.400 0.400 0.000 0.000 0.500 0.200 0.000 0.000 0.000 0.000 0.200 0.000 0.000 0.000 0.000 0.200 0.000 0.000 0.000 0.000 05/02/1980
6.500 6.600 6.600 9.600 5.100 6.600 6.700 6.600 5.500 5.100 6.600 6.600 5.400 5.500 5.000 6.500 6.800 5.500 5.500 5.500 6.400 6.900 5.500 5.400 5.400 6.400 6.800 5.400 5.400 5.500 06/02/1980
0.000 0.000 0.000 0.000 0.000 0.000 0.000 0.000 0.000 0.000 0.000 0.000 0.000 0.000 0.000 0.000 0.000 0.000 0.000 0.000 0.000 0.000 0.000 0.000 0.000 0.000 0.000 0.000 0.000 0.000 07/02/1980
0.000 0.000 0.000 0.000 0.000 0.000 0.000 0.000 0.000 0.000 0.000 0.000 0.000 0.000 0.000 0.000 0.000 0.000 0.000 0.000 0.000 0.000 0.000 0.000 0.000 0.000 0.000 0.000 0.000 0.000 08/02/1980
0.900 0.900 0.900 0.900 3.300 0.900 0.900 0.900 1.900 3.300 0.900 0.900 1.900 1.900 3.300 0.900 1.400 1.900 1.900 1.900 0.900 1.400 1.900 1.900 1.900 0.900 1.400 1.900 1.900 1.900 09/02/1980
0.900 0.900 0.900 0.100 0.200 0.900 0.900 0.900 0.200 0.200 0.900 0.900 0.200 0.200 0.200 1.300 0.100 0.200 0.200 0.200 1.300 0.200 0.200 0.200 0.200 1.200 0.100 0.200 0.200 0.200 10/02/1980
0.000 0.000 0.000 0.000 0.000 0.000 0.000 0.000 0.000 0.000 0.000 0.000 0.000 0.000 0.000 0.000 0.000 0.000 0.000 0.000 0.000 0.000 0.000 0.000 0.000 0.000 0.000 0.000 0.000 0.000 11/02/1980
0.000 0.000 0.000 0.000 0.000 0.000 0.000 0.000 0.000 0.000 0.000 0.000 0.000 0.000 0.000 0.000 0.000 0.000 0.000 0.000 0.000 0.000 0.000 0.000 0.000 0.000 0.000 0.000 0.000 0.000 12/02/1980
1.000 1.000 1.000 0.100 2.400 1.000 1.000 1.000 1.700 2.400 1.000 1.000 1.700 1.700 2.400 0.700 0.200 1.700 1.700 1.700 0.600 0.200 1.700 1.700 1.700 0.600 0.200 1.700 1.700 1.700 13/02/1980
0.000 0.000 0.000 0.000 0.000 0.000 0.000 0.000 0.000 0.000 0.000 0.000 0.000 0.000 0.000 0.000 0.000 0.000 0.000 0.000 0.000 0.000 0.000 0.000 0.000 0.000 0.000 0.000 0.000 0.000 14/02/1980
2.500 2.500 2.500 1.900 3.800 2.600 2.600 2.600 3.900 3.800 2.600 2.500 3.800 3.900 3.800 2.700 3.200 3.800 3.900 3.900 2.700 3.200 3.900 3.800 3.800 2.600 3.200 3.800 3.800 3.900 15/02/1980
0.000 0.000 0.000 0.000 0.100 0.000 0.000 0.000 0.200 0.100 0.000 0.000 0.200 0.200 0.100 0.000 0.000 0.200 0.200 0.200 0.000 0.000 0.200 0.200 0.200 0.000 0.000 0.200 0.200 0.200 16/02/1980
0.100 0.100 0.100 0.000 0.000 0.100 0.100 0.100 0.000 0.000 0.100 0.100 0.000 0.000 0.000 0.000 0.000 0.000 0.000 0.000 0.000 0.000 0.000 0.000 0.000 0.000 0.000 0.000 0.000 0.000 17/02/1980
0.000 0.000 0.000 0.000 0.000 0.000 0.000 0.000 0.000 0.000 0.000 0.000 0.000 0.000 0.000 0.000 0.000 0.000 0.000 0.000 0.000 0.000 0.000 0.000 0.000 0.000 0.000 0.000 0.000 0.000 18/02/1980
0.000 0.000 0.000 0.000 0.000 0.000 0.000 0.000 0.000 0.000 0.000 0.000 0.000 0.000 0.000 0.000 0.000 0.000 0.000 0.000 0.000 0.000 0.000 0.000 0.000 0.000 0.000 0.000 0.000 0.000 19/02/1980
0.700 0.700 0.700 0.000 0.000 0.700 0.700 0.700 0.000 0.000 0.700 0.700 0.000 0.000 0.000 0.400 0.300 0.000 0.000 0.000 0.400 0.300 0.000 0.000 0.000 0.400 0.300 0.000 0.000 0.000 20/02/1980
0.700 0.700 0.700 0.000 0.200 0.700 0.700 0.700 0.000 0.200 0.700 0.700 0.000 0.000 0.200 0.700 0.300 0.000 0.000 0.000 0.700 0.300 0.000 0.000 0.000 0.700 0.300 0.000 0.000 0.000 21/02/1980
8.300 8.300 8.400 8.900 15.300 8.400 8.500 8.400 11.100 15.200 8.400 8.400 11.000 11.200 15.100 6.500 8.800 11.100 11.200 11.200 6.400 8.800 11.100 11.000 11.000 6.300 8.700 10.900 10.900 11.200 22/02/1980
0.000 0.000 0.000 0.000 4.800 0.000 0.000 0.000 4.200 4.700 0.000 0.000 4.200 4.200 4.700 0.000 3.000 4.200 4.200 4.200 0.000 3.000 4.200 4.200 4.200 0.000 3.000 4.100 4.200 4.200 23/02/1980
0.000 0.000 0.000 0.100 6.200 0.000 0.000 0.000 2.200 6.200 0.000 0.000 2.200 2.200 6.100 0.000 0.200 2.200 2.300 2.300 0.000 0.200 2.200 2.200 2.200 0.000 0.200 2.200 2.100 2.300 24/02/1980
1.500 1.600 1.500 2.700 9.600 1.500 1.500 1.500 8.100 9.500 1.500 1.500 8.100 8.100 9.400 1.500 6.900 8.100 8.200 8.200 1.500 7.000 8.100 8.100 8.000 1.500 6.900 8.000 8.000 8.200 25/02/1980
2.300 2.300 2.300 1.200 0.400 2.300 2.400 2.300 0.500 0.400 2.300 2.300 0.500 0.500 0.400 0.000 1.300 0.500 0.500 0.500 0.000 1.300 0.500 0.500 0.500 0.000 1.300 0.400 0.400 0.500 26/02/1980
0.000 0.000 0.000 0.000 0.000 0.000 0.000 0.000 0.000 0.000 0.000 0.000 0.000 0.000 0.000 0.000 0.000 0.000 0.000 0.000 0.000 0.000 0.000 0.000 0.000 0.000 0.000 0.000 0.000 0.000 27/02/1980
0.000 0.000 0.000 0.000 0.000 0.000 0.000 0.000 0.000 0.000 0.000 0.000 0.000 0.000 0.000 0.000 0.000 0.000 0.000 0.000 0.000 0.000 0.000 0.000 0.000 0.000 0.000 0.000 0.000 0.000 28/02/1980
0.000 0.000 0.000 0.000 0.000 0.000 0.000 0.000 0.000 0.000 0.000 0.000 0.000 0.000 0.000 0.000 0.000 0.000 0.000 0.000 0.000 0.000 0.000 0.000 0.000 0.000 0.000 0.000 0.000 0.000 29/02/1980
0.000 0.000 0.000 0.000 0.000 0.000 0.000 0.000 0.000 0.000 0.000 0.000 0.000 0.000 0.000 0.000 0.000 0.000 0.000 0.000 0.000 0.000 0.000 0.000 0.000 0.000 0.000 0.000 0.000 0.000 01/03/1980
0.000 0.000 0.000 0.000 0.000 0.000 0.000 0.000 0.000 0.000 0.000 0.000 0.000 0.000 0.000 0.000 0.000 0.000 0.000 0.000 0.000 0.000 0.000 0.000 0.000 0.000 0.000 0.000 0.000 0.000 02/03/1980
0.000 0.000 0.000 0.000 0.000 0.000 0.000 0.000 0.000 0.000 0.000 0.000 0.000 0.000 0.000 0.000 0.000 0.000 0.000 0.000 0.000 0.000 0.000 0.000 0.000 0.000 0.000 0.000 0.000 0.000 03/03/1980
0.000 0.000 0.000 0.000 0.000 0.000 0.000 0.000 0.000 0.000 0.000 0.000 0.000 0.000 0.000 0.000 0.000 0.000 0.000 0.000 0.000 0.000 0.000 0.000 0.000 0.000 0.000 0.000 0.000 0.000 04/03/1980
1.700 1.700 1.700 1.500 2.400 1.700 1.700 1.700 1.000 2.400 1.700 1.700 1.000 1.000 2.400 1.400 0.600 1.000 1.000 1.000 1.400 0.600 1.000 1.000 1.000 1.400 0.600 1.000 1.000 1.000 05/03/1980
14.300 14.400 14.500 20.600 22.400 14.600 14.700 14.600 15.300 22.300 14.500 14.500 15.300 15.400 22.100 20.400 14.700 15.300 15.500 15.400 20.200 14.700 15.300 15.200 15.200 19.900 14.600 15.100 15.100 15.500 06/03/1980
13.700 13.800 13.900 11.800 21.400 14.000 14.100 14.000 19.200 21.300 14.000 13.900 19.100 19.200 21.100 22.900 14.800 19.100 19.300 19.300 22.600 14.900 19.200 19.000 19.000 22.400 14.700 18.800 18.900 19.300 07/03/1980
1.700 1.700 1.700 2.200 4.400 1.700 1.700 1.700 3.700 4.400 1.700 1.700 3.700 3.800 4.300 5.100 3.500 3.700 3.800 3.800 5.000 3.500 3.700 3.700 3.700 5.000 3.500 3.700 3.700 3.800 08/03/1980
6.200 6.200 6.300 0.800 1.800 6.300 6.400 6.300 1.800 1.800 6.300 6.300 1.800 1.800 1.800 1.500 3.400 1.800 1.800 1.800 1.500 3.400 1.800 1.800 1.800 1.500 3.400 1.800 1.800 1.800 09/03/1980
3.400 3.400 3.400 3.800 4.200 3.500 3.500 3.500 2.800 4.200 3.400 3.400 2.800 2.800 4.100 2.500 4.700 2.800 2.800 2.800 2.500 4.700 2.800 2.800 2.800 2.500 4.700 2.700 2.700 2.800 10/03/1980
4.300 4.300 4.300 2.300 1.100 4.400 4.400 4.400 2.100 1.100 4.400 4.400 2.100 2.100 1.100 4.000 3.100 2.100 2.100 2.100 3.900 3.200 2.100 2.100 2.100 3.900 3.100 2.000 2.000 2.100 11/03/1980
4.800 4.800 4.800 4.700 8.600 4.800 4.900 4.800 6.300 8.500 4.800 4.800 6.300 6.300 8.400 5.700 3.600 6.300 6.300 6.300 5.700 3.600 6.300 6.200 6.200 5.600 3.500 6.200 6.200 6.300 12/03/1980
2.500 2.500 2.500 3.300 4.600 2.500 2.500 2.500 4.800 4.600 2.500 2.500 4.900 4.900 4.600 1.400 2.900 4.800 4.900 4.900 1.400 2.900 4.800 4.800 4.800 1.400 2.900 4.800 4.700 4.900 13/03/1980
0.100 0.100 0.100 0.600 0.600 0.100 0.100 0.100 0.000 0.600 0.100 0.100 0.000 0.000 0.600 0.000 0.000 0.000 0.000 0.000 0.000 0.000 0.000 0.000 0.000 0.000 0.000 0.000 0.000 0.000 14/03/1980
0.000 0.000 0.000 0.100 0.300 0.000 0.000 0.000 0.100 0.300 0.000 0.000 0.100 0.100 0.200 0.000 0.000 0.100 0.100 0.100 0.000 0.000 0.100 0.100 0.100 0.000 0.000 0.100 0.100 0.100 15/03/1980
0.000 0.000 0.000 0.000 0.000 0.000 0.000 0.000 0.000 0.000 0.000 0.000 0.000 0.000 0.000 0.000 0.000 0.000 0.000 0.000 0.000 0.000 0.000 0.000 0.000 0.000 0.000 0.000 0.000 0.000 16/03/1980
0.000 0.000 0.000 0.000 0.000 0.000 0.000 0.000 0.000 0.000 0.000 0.000 0.000 0.000 0.000 0.000 0.000 0.000 0.000 0.000 0.000 0.000 0.000 0.000 0.000 0.000 0.000 0.000 0.000 0.000 17/03/1980
0.000 0.000 0.000 0.000 0.000 0.000 0.000 0.000 0.000 0.000 0.000 0.000 0.000 0.000 0.000 0.000 0.000 0.000 0.000 0.000 0.000 0.000 0.000 0.000 0.000 0.000 0.000 0.000 0.000 0.000 18/03/1980
16.200 16.300 16.400 14.400 10.300 16.500 16.700 16.500 16.400 10.200 16.500 16.500 16.300 16.500 10.200 23.200 17.300 16.400 16.600 16.500 22.900 17.300 16.400 16.300 16.300 22.700 17.200 16.100 16.200 16.600 19/03/1980
3.500 3.600 3.600 6.500 7.200 3.600 3.700 3.600 7.300 7.100 3.600 3.600 7.300 7.400 7.100 3.900 11.700 7.300 7.400 7.400 3.900 11.800 7.300 7.300 7.300 3.900 11.700 7.200 7.200 7.400 20/03/1980
0.200 0.200 0.200 0.600 0.000 0.200 0.200 0.200 0.000 0.000 0.200 0.200 0.000 0.000 0.000 0.000 0.000 0.000 0.000 0.000 0.000 0.000 0.000 0.000 0.000 0.000 0.000 0.000 0.000 0.000 21/03/1980
0.000 0.000 0.000 0.000 0.000 0.000 0.000 0.000 0.000 0.000 0.000 0.000 0.000 0.000 0.000 0.000 0.000 0.000 0.000 0.000 0.000 0.000 0.000 0.000 0.000 0.000 0.000 0.000 0.000 0.000 22/03/1980
0.000 0.000 0.000 0.000 0.000 0.000 0.000 0.000 0.000 0.000 0.000 0.000 0.000 0.000 0.000 0.000 0.000 0.000 0.000 0.000 0.000 0.000 0.000 0.000 0.000 0.000 0.000 0.000 0.000 0.000 23/03/1980
8.300 8.300 8.400 11.200 7.800 8.400 8.500 8.400 8.900 7.700 8.400 8.400 8.900 8.900 7.700 8.100 10.600 8.900 9.000 9.000 8.000 10.700 8.900 8.800 8.800 7.900 10.600 8.700 8.800 9.000 24/03/1980
4.600 4.600 4.700 1.900 5.800 4.700 4.800 4.700 5.400 5.800 4.700 4.700 5.400 5.400 5.700 3.400 3.900 5.400 5.500 5.500 3.400 3.900 5.400 5.400 5.400 3.400 3.900 5.300 5.300 5.500 25/03/1980
6.800 6.900 6.900 6.100 9.600 6.900 7.000 6.900 7.900 9.600 6.900 6.900 7.800 7.900 9.500 6.100 5.700 7.900 7.900 7.900 6.000 5.700 7.900 7.800 7.800 6.000 5.600 7.700 7.800 7.900 26/03/1980
2.300 2.300 2.300 5.300 1.400 2.300 2.300 2.300 1.700 1.400 2.300 2.300 1.700 1.700 1.400 0.700 0.100 1.700 1.700 1.700 0.700 0.100 1.700 1.700 1.700 0.700 0.100 1.700 1.700 1.700 27/03/1980
1.900 1.900 1.900 5.700 1.800 1.900 2.000 1.900 1.100 1.800 1.900 1.900 1.100 1.100 1.800 1.000 0.500 1.100 1.100 1.100 1.000 0.500 1.100 1.100 1.100 1.000 0.500 1.100 1.100 1.100 28/03/1980
0.000 0.000 0.000 0.000 0.100 0.000 0.000 0.000 0.900 0.100 0.000 0.000 0.900 0.900 0.100 0.000 0.700 0.900 0.900 0.900 0.000 0.700 0.900 0.900 0.900 0.000 0.700 0.900 0.900 0.900 29/03/1980
0.100 0.100 0.100 1.500 0.500 0.100 0.100 0.100 0.600 0.500 0.100 0.100 0.600 0.600 0.500 0.000 0.100 0.600 0.600 0.600 0.000 0.100 0.600 0.600 0.600 0.000 0.100 0.600 0.600 0.600 30/03/1980
0.000 0.000 0.000 0.800 0.000 0.000 0.000 0.000 0.000 0.000 0.000 0.000 0.000 0.000 0.000 0.100 0.000 0.000 0.000 0.000 0.100 0.000 0.000 0.000 0.000 0.100 0.000 0.000 0.000 0.000 31/03/1980
3.300 3.300 3.300 3.600 2.300 3.300 3.400 3.300 1.400 2.300 3.300 3.300 1.400 1.400 2.300 1.000 0.800 1.400 1.400 1.400 1.000 0.800 1.400 1.400 1.400 1.000 0.700 1.400 1.400 1.400 01/04/1980
0.200 0.200 0.200 0.000 0.000 0.200 0.200 0.200 0.000 0.000 0.200 0.200 0.000 0.000 0.000 0.000 0.000 0.000 0.000 0.000 0.000 0.000 0.000 0.000 0.000 0.000 0.000 0.000 0.000 0.000 02/04/1980
0.000 0.000 0.000 0.000 0.000 0.000 0.000 0.000 0.000 0.000 0.000 0.000 0.000 0.000 0.000 0.000 0.000 0.000 0.000 0.000 0.000 0.000 0.000 0.000 0.000 0.000 0.000 0.000 0.000 0.000 03/04/1980
0.000 0.000 0.000 0.000 0.000 0.000 0.000 0.000 0.000 0.000 0.000 0.000 0.000 0.000 0.000 0.000 0.000 0.000 0.000 0.000 0.000 0.000 0.000 0.000 0.000 0.000 0.000 0.000 0.000 0.000 04/04/1980
0.000 0.000 0.000 0.000 0.000 0.000 0.000 0.000 0.000 0.000 0.000 0.000 0.000 0.000 0.000 0.000 0.000 0.000 0.000 0.000 0.000 0.000 0.000 0.000 0.000 0.000 0.000 0.000 0.000 0.000 05/04/1980
0.000 0.000 0.000 0.000 0.000 0.000 0.000 0.000 0.000 0.000 0.000 0.000 0.000 0.000 0.000 0.000 0.000 0.000 0.000 0.000 0.000 0.000 0.000 0.000 0.000 0.000 0.000 0.000 0.000 0.000 06/04/1980
0.000 0.000 0.000 0.000 0.000 0.000 0.000 0.000 0.000 0.000 0.000 0.000 0.000 0.000 0.000 0.000 0.000 0.000 0.000 0.000 0.000 0.000 0.000 0.000 0.000 0.000 0.000 0.000 0.000 0.000 07/04/1980
0.000 0.000 0.000 0.000 0.000 0.000 0.000 0.000 0.000 0.000 0.000 0.000 0.000 0.000 0.000 0.000 0.000 0.000 0.000 0.000 0.000 0.000 0.000 0.000 0.000 0.000 0.000 0.000 0.000 0.000 08/04/1980
0.000 0.000 0.000 0.000 0.000 0.000 0.000 0.000 0.000 0.000 0.000 0.000 0.000 0.000 0.000 0.000 0.000 0.000 0.000 0.000 0.000 0.000 0.000 0.000 0.000 0.000 0.000 0.000 0.000 0.000 09/04/1980
0.000 0.000 0.000 0.000 0.000 0.000 0.000 0.000 0.000 0.000 0.000 0.000 0.000 0.000 0.000 0.000 0.000 0.000 0.000 0.000 0.000 0.000 0.000 0.000 0.000 0.000 0.000 0.000 0.000 0.000 10/04/1980
0.000 0.000 0.000 0.000 0.000 0.000 0.000 0.000 0.000 0.000 0.000 0.000 0.000 0.000 0.000 0.000 0.000 0.000 0.000 0.000 0.000 0.000 0.000 0.000 0.000 0.000 0.000 0.000 0.000 0.000 11/04/1980
0.000 0.000 0.000 0.000 0.000 0.000 0.000 0.000 0.000 0.000 0.000 0.000 0.000 0.000 0.000 0.000 0.000 0.000 0.000 0.000 0.000 0.000 0.000 0.000 0.000 0.000 0.000 0.000 0.000 0.000 12/04/1980
0.000 0.000 0.000 0.000 0.000 0.000 0.000 0.000 0.000 0.000 0.000 0.000 0.000 0.000 0.000 0.000 0.000 0.000 0.000 0.000 0.000 0.000 0.000 0.000 0.000 0.000 0.000 0.000 0.000 0.000 13/04/1980
3.100 3.100 3.100 2.000 0.500 3.200 3.200 3.200 1.800 0.500 3.200 3.200 1.800 1.900 0.500 4.400 5.700 1.800 1.900 1.900 4.300 5.800 1.900 1.800 1.800 4.300 5.700 1.800 1.800 1.900 14/04/1980
2.200 2.200 2.200 1.000 5.300 2.300 2.300 2.300 4.000 5.300 2.300 2.300 4.000 4.100 5.200 3.300 4.100 4.000 4.100 4.100 3.300 4.100 4.100 4.000 4.000 3.300 4.100 4.000 4.000 4.100 15/04/1980
0.200 0.200 0.200 0.200 1.100 0.200 0.200 0.200 2.300 1.100 0.200 0.200 2.300 2.300 1.100 1.100 0.800 2.300 2.300 2.300 1.100 0.800 2.300 2.300 2.300 1.100 0.800 2.300 2.300 2.300 16/04/1980
0.600 0.600 0.600 0.100 3.000 0.600 0.600 0.600 1.600 3.000 0.600 0.600 1.600 1.600 3.000 0.100 3.500 1.600 1.600 1.600 0.100 3.500 1.600 1.600 1.600 0.100 3.400 1.600 1.600 1.600 17/04/1980
0.000 0.000 0.000 0.000 0.000 0.000 0.000 0.000 0.000 0.000 0.000 0.000 0.000 0.000 0.000 0.000 0.000 0.000 0.000 0.000 0.000 0.000 0.000 0.000 0.000 0.000 0.000 0.000 0.000 0.000 18/04/1980
0.000 0.000 0.000 0.000 0.000 0.000 0.000 0.000 0.200 0.000 0.000 0.000 0.200 0.200 0.000 0.000 0.000 0.200 0.200 0.200 0.000 0.000 0.200 0.200 0.200 0.000 0.000 0.200 0.200 0.200 19/04/1980
0.300 0.300 0.300 0.100 0.100 0.300 0.300 0.300 0.000 0.100 0.300 0.300 0.000 0.000 0.100 0.000 0.000 0.000 0.000 0.000 0.000 0.000 0.000 0.000 0.000 0.000 0.000 0.000 0.000 0.000 20/04/1980
0.000 0.000 0.000 0.000 0.000 0.000 0.000 0.000 0.000 0.000 0.000 0.000 0.000 0.000 0.000 0.000 0.000 0.000 0.000 0.000 0.000 0.000 0.000 0.000 0.000 0.000 0.000 0.000 0.000 0.000 21/04/1980
0.900 0.900 0.900 2.000 2.800 0.900 0.900 0.900 0.300 2.800 0.900 0.900 0.300 0.300 2.700 0.100 0.000 0.300 0.300 0.300 0.100 0.000 0.300 0.300 0.300 0.100 0.000 0.300 0.300 0.300 22/04/1980
0.100 0.100 0.100 0.000 0.000 0.100 0.100 0.100 0.100 0.000 0.100 0.100 0.100 0.100 0.000 0.000 0.000 0.100 0.100 0.100 0.000 0.000 0.100 0.100 0.100 0.000 0.000 0.100 0.100 0.100 23/04/1980
0.000 0.000 0.000 0.000 0.000 0.000 0.000 0.000 0.000 0.000 0.000 0.000 0.000 0.000 0.000 0.000 0.000 0.000 0.000 0.000 0.000 0.000 0.000 0.000 0.000 0.000 0.000 0.000 0.000 0.000 24/04/1980
0.000 0.000 0.000 0.000 0.000 0.000 0.000 0.000 0.000 0.000 0.000 0.000 0.000 0.000 0.000 0.000 0.000 0.000 0.000 0.000 0.000 0.000 0.000 0.000 0.000 0.000 0.000 0.000 0.000 0.000 25/04/1980
0.000 0.000 0.000 0.200 0.000 0.000 0.000 0.000 0.000 0.000 0.000 0.000 0.000 0.000 0.000 0.000 0.000 0.000 0.000 0.000 0.000 0.000 0.000 0.000 0.000 0.000 0.000 0.000 0.000 0.000 26/04/1980
0.400 0.400 0.400 0.000 0.000 0.400 0.400 0.400 0.000 0.000 0.400 0.400 0.000 0.000 0.000 0.000 0.300 0.000 0.000 0.000 0.000 0.300 0.000 0.000 0.000 0.000 0.300 0.000 0.000 0.000 27/04/1980
0.000 0.000 0.000 0.000 0.000 0.000 0.000 0.000 0.000 0.000 0.000 0.000 0.000 0.000 0.000 0.000 0.000 0.000 0.000 0.000 0.000 0.000 0.000 0.000 0.000 0.000 0.000 0.000 0.000 0.000 28/04/1980
0.100 0.100 0.100 0.000 0.000 0.100 0.100 0.100 0.000 0.000 0.100 0.100 0.000 0.000 0.000 0.000 0.000 0.000 0.000 0.000 0.000 0.000 0.000 0.000 0.000 0.000 0.000 0.000 0.000 0.000 29/04/1980
0.200 0.200 0.200 6.700 0.000 0.200 0.200 0.200 0.100 0.000 0.200 0.200 0.100 0.100 0.000 0.000 0.000 0.100 0.100 0.100 0.000 0.000 0.100 0.100 0.100 0.000 0.000 0.100 0.100 0.100 30/04/1980
2.200 2.200 2.200 2.900 6.700 2.300 2.300 2.300 4.000 6.700 2.300 2.300 4.000 4.000 6.600 1.500 0.100 4.000 4.100 4.100 1.500 0.100 4.000 4.000 4.000 1.500 0.100 4.000 4.000 4.100 01/05/1980
0.100 0.100 0.100 0.200 0.800 0.100 0.100 0.100 0.600 0.800 0.100 0.100 0.600 0.600 0.800 0.000 0.000 0.600 0.600 0.600 0.000 0.000 0.600 0.600 0.600 0.000 0.000 0.600 0.600 0.600 02/05/1980
1.100 1.100 1.100 0.100 4.800 1.100 1.100 1.100 2.100 4.700 1.100 1.100 2.000 2.100 4.700 0.800 1.400 2.000 2.100 2.100 0.700 1.400 2.100 2.000 2.000 0.700 1.400 2.000 2.000 2.100 03/05/1980
0.000 0.000 0.000 0.000 0.100 0.000 0.000 0.000 0.000 0.100 0.000 0.000 0.000 0.000 0.100 0.000 0.000 0.000 0.000 0.000 0.000 0.000 0.000 0.000 0.000 0.000 0.000 0.000 0.000 0.000 04/05/1980
0.000 0.000 0.000 0.000 0.000 0.000 0.000 0.000 0.000 0.000 0.000 0.000 0.000 0.000 0.000 0.000 0.900 0.000 0.000 0.000 0.000 0.900 0.000 0.000 0.000 0.000 0.900 0.000 0.000 0.000 05/05/1980
1.300 1.300 1.300 1.000 3.000 1.300 1.400 1.300 3.200 2.900 1.300 1.300 3.200 3.200 2.900 1.300 1.100 3.200 3.200 3.200 1.300 1.100 3.200 3.200 3.200 1.300 1.100 3.100 3.100 3.200 06/05/1980
3.900 3.900 4.000 3.600 4.800 4.000 4.000 4.000 4.400 4.800 4.000 4.000 4.400 4.400 4.700 4.300 6.800 4.400 4.400 4.400 4.200 6.800 4.400 4.400 4.400 4.200 6.700 4.300 4.300 4.400 07/05/1980
19.700 19.800 19.900 16.200 22.900 20.100 20.300 20.100 10.400 22.800 20.100 20.000 10.300 10.400 22.600 6.200 1.100 10.300 10.500 10.400 6.100 1.100 10.400 10.300 10.300 6.100 1.100 10.200 10.200 10.400 08/05/1980
0.000 0.000 0.000 0.000 0.000 0.000 0.000 0.000 0.000 0.000 0.000 0.000 0.000 0.000 0.000 0.000 0.000 0.000 0.000 0.000 0.000 0.000 0.000 0.000 0.000 0.000 0.000 0.000 0.000 0.000 09/05/1980
0.000 0.000 0.000 0.000 0.000 0.000 0.000 0.000 0.000 0.000 0.000 0.000 0.000 0.000 0.000 0.000 0.000 0.000 0.000 0.000 0.000 0.000 0.000 0.000 0.000 0.000 0.000 0.000 0.000 0.000 10/05/1980
0.000 0.000 0.000 0.000 0.000 0.000 0.000 0.000 0.000 0.000 0.000 0.000 0.000 0.000 0.000 0.000 0.000 0.000 0.000 0.000 0.000 0.000 0.000 0.000 0.000 0.000 0.000 0.000 0.000 0.000 11/05/1980
1.600 1.600 1.600 1.000 3.700 1.600 1.600 1.600 4.100 3.600 1.600 1.600 4.100 4.100 3.600 4.500 10.300 4.100 4.100 4.100 4.400 10.300 4.100 4.100 4.100 4.400 10.300 4.000 4.000 4.100 12/05/1980
1.800 1.800 1.800 3.400 12.500 1.800 1.800 1.800 5.000 12.400 1.800 1.800 5.000 5.000 12.300 1.800 3.500 5.000 5.100 5.100 1.700 3.500 5.000 5.000 5.000 1.700 3.500 4.900 4.900 5.100 13/05/1980
0.000 0.000 0.000 0.000 0.000 0.000 0.000 0.000 0.000 0.000 0.000 0.000 0.000 0.000 0.000 0.000 0.000 0.000 0.000 0.000 0.000 0.000 0.000 0.000 0.000 0.000 0.000 0.000 0.000 0.000 14/05/1980
0.000 0.000 0.000 0.000 0.000 0.000 0.000 0.000 0.000 0.000 0.000 0.000 0.000 0.000 0.000 0.000 0.000 0.000 0.000 0.000 0.000 0.000 0.000 0.000 0.000 0.000 0.000 0.000 0.000 0.000 15/05/1980
0.200 0.200 0.200 0.000 0.000 0.200 0.200 0.200 0.000 0.000 0.200 0.200 0.000 0.000 0.000 0.000 0.000 0.000 0.000 0.000 0.000 0.000 0.000 0.000 0.000 0.000 0.000 0.000 0.000 0.000 16/05/1980
0.100 0.100 0.100 0.000 0.000 0.100 0.100 0.100 0.000 0.000 0.100 0.100 0.000 0.000 0.000 0.000 0.000 0.000 0.000 0.000 0.000 0.000 0.000 0.000 0.000 0.000 0.000 0.000 0.000 0.000 17/05/1980
0.000 0.000 0.000 0.000 0.000 0.000 0.000 0.000 0.000 0.000 0.000 0.000 0.000 0.000 0.000 0.000 0.000 0.000 0.000 0.000 0.000 0.000 0.000 0.000 0.000 0.000 0.000 0.000 0.000 0.000 18/05/1980
0.100 0.100 0.100 0.000 0.500 0.100 0.100 0.100 0.700 0.500 0.100 0.100 0.700 0.700 0.500 0.000 0.100 0.700 0.700 0.700 0.000 0.100 0.700 0.700 0.700 0.000 0.100 0.700 0.700 0.700 19/05/1980
4.000 4.000 4.000 3.100 6.000 4.100 4.100 4.100 2.500 6.000 4.100 4.000 2.500 2.500 5.900 1.800 1.400 2.500 2.500 2.500 1.800 1.400 2.500 2.500 2.500 1.800 1.400 2.500 2.500 2.500 20/05/1980
4.100 4.200 4.200 11.700 5.300 4.200 4.300 4.200 1.200 5.200 4.200 4.200 1.200 1.200 5.200 4.300 5.500 1.200 1.200 1.200 4.300 5.500 1.200 1.200 1.200 4.200 5.500 1.100 1.100 1.200 21/05/1980
3.300 3.300 3.300 3.800 0.700 3.300 3.400 3.300 0.500 0.700 3.300 3.300 0.500 0.500 0.700 2.900 6.800 0.500 0.500 0.500 2.800 6.800 0.500 0.500 0.500 2.800 6.700 0.500 0.500 0.500 22/05/1980
0.000 0.000 0.000 0.000 0.000 0.000 0.000 0.000 0.000 0.000 0.000 0.000 0.000 0.000 0.000 0.000 0.000 0.000 0.000 0.000 0.000 0.000 0.000 0.000 0.000 0.000 0.000 0.000 0.000 0.000 23/05/1980
0.000 0.000 0.000 0.000 0.000 0.000 0.000 0.000 0.000 0.000 0.000 0.000 0.000 0.000 0.000 0.000 0.000 0.000 0.000 0.000 0.000 0.000 0.000 0.000 0.000 0.000 0.000 0.000 0.000 0.000 24/05/1980
0.000 0.000 0.000 0.000 0.000 0.000 0.000 0.000 0.000 0.000 0.000 0.000 0.000 0.000 0.000 1.500 0.100 0.000 0.000 0.000 1.500 0.100 0.000 0.000 0.000 1.500 0.100 0.000 0.000 0.000 25/05/1980
0.700 0.700 0.700 1.000 4.300 0.700 0.700 0.700 2.000 4.300 0.700 0.700 2.000 2.000 4.300 2.200 2.700 2.000 2.000 2.000 2.200 2.700 2.000 2.000 2.000 2.100 2.700 2.000 2.000 2.000 26/05/1980
1.500 1.500 1.500 0.400 2.700 1.500 1.500 1.500 1.700 2.700 1.500 1.500 1.700 1.700 2.700 0.500 4.400 1.700 1.700 1.700 0.500 4.400 1.700 1.700 1.700 0.500 4.400 1.700 1.700 1.700 27/05/1980
3.800 3.800 3.900 3.600 4.100 3.900 3.900 3.900 2.800 4.100 3.900 3.900 2.800 2.800 4.100 3.100 2.500 2.800 2.800 2.800 3.100 2.500 2.800 2.800 2.800 3.000 2.500 2.800 2.800 2.800 28/05/1980
7.400 7.400 7.500 8.800 10.600 7.500 7.600 7.500 5.500 10.500 7.500 7.500 5.400 5.500 10.400 7.900 1.700 5.500 5.500 5.500 7.800 1.700 5.500 5.400 5.400 7.700 1.700 5.400 5.400 5.500 29/05/1980
1.700 1.800 1.800 1.400 2.600 1.800 1.800 1.800 0.900 2.600 1.800 1.800 0.900 0.900 2.600 1.700 1.200 0.900 0.900 0.900 1.700 1.200 0.900 0.900 0.900 1.700 1.200 0.900 0.900 0.900 30/05/1980
1.400 1.400 1.400 0.600 1.600 1.400 1.400 1.400 1.100 1.600 1.400 1.400 1.100 1.100 1.600 0.000 0.000 1.100 1.100 1.100 0.000 0.000 1.100 1.100 1.100 0.000 0.000 1.000 1.000 1.100 31/05/1980
0.000 0.000 0.000 0.000 0.200 0.000 0.000 0.000 0.000 0.200 0.000 0.000 0.000 0.000 0.200 0.000 0.000 0.000 0.000 0.000 0.000 0.000 0.000 0.000 0.000 0.000 0.000 0.000 0.000 0.000 01/06/1980
0.000 0.000 0.000 0.000 0.000 0.000 0.000 0.000 0.000 0.000 0.000 0.000 0.000 0.000 0.000 0.000 0.000 0.000 0.000 0.000 0.000 0.000 0.000 0.000 0.000 0.000 0.000 0.000 0.000 0.000 02/06/1980
0.000 0.000 0.000 0.000 0.000 0.000 0.000 0.000 0.000 0.000 0.000 0.000 0.000 0.000 0.000 0.000 0.000 0.000 0.000 0.000 0.000 0.000 0.000 0.000 0.000 0.000 0.000 0.000 0.000 0.000 03/06/1980
0.000 0.000 0.000 0.000 0.000 0.000 0.000 0.000 0.000 0.000 0.000 0.000 0.000 0.000 0.000 0.000 0.000 0.000 0.000 0.000 0.000 0.000 0.000 0.000 0.000 0.000 0.000 0.000 0.000 0.000 04/06/1980
0.000 0.000 0.000 0.000 0.400 0.000 0.000 0.000 0.000 0.400 0.000 0.000 0.000 0.000 0.400 0.000 0.000 0.000 0.000 0.000 0.000 0.000 0.000 0.000 0.000 0.000 0.000 0.000 0.000 0.000 05/06/1980
0.000 0.000 0.000 0.000 0.000 0.000 0.000 0.000 0.000 0.000 0.000 0.000 0.000 0.000 0.000 0.000 0.000 0.000 0.000 0.000 0.000 0.000 0.000 0.000 0.000 0.000 0.000 0.000 0.000 0.000 06/06/1980
0.000 0.000 0.000 0.000 0.000 0.000 0.000 0.000 0.000 0.000 0.000 0.000 0.000 0.000 0.000 0.000 0.000 0.000 0.000 0.000 0.000 0.000 0.000 0.000 0.000 0.000 0.000 0.000 0.000 0.000 07/06/1980
0.000 0.000 0.000 0.000 0.000 0.000 0.000 0.000 0.000 0.000 0.000 0.000 0.000 0.000 0.000 0.000 0.000 0.000 0.000 0.000 0.000 0.000 0.000 0.000 0.000 0.000 0.000 0.000 0.000 0.000 08/06/1980
3.900 3.900 3.900 1.800 6.500 3.900 4.000 3.900 4.800 6.400 3.900 3.900 4.800 4.800 6.400 9.200 10.000 4.800 4.800 4.800 9.100 10.000 4.800 4.800 4.800 9.000 9.900 4.700 4.700 4.800 09/06/1980
3.200 3.200 3.300 1.300 3.000 3.300 3.300 3.300 2.000 3.000 3.300 3.300 2.000 2.000 3.000 3.900 1.500 2.000 2.000 2.000 3.800 1.500 2.000 2.000 2.000 3.800 1.500 1.900 1.900 2.000 10/06/1980
7.200 7.200 7.200 6.200 5.300 7.300 7.400 7.300 5.900 5.300 7.300 7.300 5.900 6.000 5.300 11.500 10.000 5.900 6.000 6.000 11.400 10.000 5.900 5.900 5.900 11.300 10.000 5.800 5.800 6.000 11/06/1980
0.900 0.900 0.900 0.900 0.200 0.900 0.900 0.900 0.100 0.200 0.900 0.900 0.100 0.100 0.200 1.000 0.100 0.100 0.100 0.100 1.000 0.100 0.100 0.100 0.100 1.000 0.100 0.100 0.100 0.100 12/06/1980
5.300 5.400 5.400 2.600 4.800 5.500 5.500 5.500 4.400 4.700 5.400 5.400 4.400 4.500 4.700 6.300 4.900 4.400 4.500 4.500 6.200 4.900 4.400 4.400 4.400 6.100 4.800 4.400 4.400 4.500 13/06/1980
0.100 0.100 0.100 0.100 0.500 0.100 0.100 0.100 0.600 0.500 0.100 0.100 0.600 0.600 0.500 0.000 0.000 0.600 0.600 0.600 0.000 0.000 0.600 0.600 0.600 0.000 0.000 0.600 0.600 0.600 14/06/1980
0.400 0.400 0.400 0.800 2.200 0.400 0.400 0.400 3.400 2.200 0.400 0.400 3.400 3.500 2.200 1.000 0.600 3.400 3.500 3.500 1.000 0.600 3.400 3.400 3.400 1.000 0.600 3.400 3.400 3.500 15/06/1980
5.700 5.700 5.700 4.700 6.700 5.800 5.800 5.800 5.000 6.700 5.800 5.700 5.000 5.000 6.600 6.000 3.200 5.000 5.100 5.100 5.900 3.200 5.000 5.000 5.000 5.800 3.200 4.900 4.900 5.100 16/06/1980
2.500 2.500 2.500 5.000 3.300 2.500 2.600 2.500 3.300 3.300 2.500 2.500 3.300 3.300 3.300 2.800 2.200 3.300 3.300 3.300 2.800 2.200 3.300 3.200 3.200 2.800 2.200 3.200 3.200 3.300 17/06/1980
4.300 4.400 4.400 5.200 9.000 4.400 4.400 4.400 4.700 8.900 4.400 4.400 4.700 4.800 8.800 3.500 2.400 4.700 4.800 4.800 3.500 2.400 4.700 4.700 4.700 3.500 2.400 4.700 4.700 4.800 18/06/1980
0.600 0.600 0.600 0.600 2.500 0.600 0.600 0.600 1.700 2.500 0.600 0.600 1.700 1.800 2.500 0.700 0.100 1.700 1.800 1.800 0.700 0.100 1.700 1.700 1.700 0.700 0.100 1.700 1.700 1.800 19/06/1980
0.000 0.000 0.000 0.000 0.000 0.000 0.000 0.000 0.000 0.000 0.000 0.000 0.000 0.000 0.000 0.000 0.000 0.000 0.000 0.000 0.000 0.000 0.000 0.000 0.000 0.000 0.000 0.000 0.000 0.000 20/06/1980
2.900 2.900 2.900 3.600 1.400 2.900 2.900 2.900 0.600 1.400 2.900 2.900 0.600 0.600 1.400 1.500 0.500 0.600 0.600 0.600 1.500 0.500 0.600 0.600 0.600 1.500 0.500 0.600 0.600 0.600 21/06/1980
1.900 1.900 1.900 3.400 4.200 1.900 1.900 1.900 2.500 4.100 1.900 1.900 2.400 2.500 4.100 7.500 3.100 2.500 2.500 2.500 7.500 3.100 2.500 2.400 2.400 7.400 3.100 2.400 2.400 2.500 22/06/1980
3.300 3.300 3.300 4.000 2.600 3.300 3.400 3.300 6.000 2.600 3.300 3.300 5.900 6.000 2.600 4.000 3.900 5.900 6.000 6.000 3.900 3.900 6.000 5.900 5.900 3.900 3.800 5.900 5.900 6.000 23/06/1980
3.000 3.000 3.000 5.300 3.400 3.000 3.000 3.000 1.800 3.400 3.000 3.000 1.800 1.900 3.400 2.700 1.400 1.800 1.900 1.900 2.700 1.400 1.900 1.800 1.800 2.700 1.400 1.800 1.800 1.900 24/06/1980
9.000 9.100 9.100 16.900 6.200 9.200 9.300 9.200 5.500 6.200 9.200 9.200 5.400 5.500 6.100 8.500 4.100 5.500 5.500 5.500 8.400 4.100 5.500 5.400 5.400 8.300 4.000 5.400 5.400 5.500 25/06/1980
4.000 4.100 4.100 6.000 6.100 4.100 4.200 4.100 3.000 6.100 4.100 4.100 3.000 3.000 6.000 1.500 1.900 3.000 3.000 3.000 1.500 1.900 3.000 3.000 3.000 1.500 1.900 2.900 2.900 3.000 26/06/1980
0.100 0.100 0.100 0.000 0.000 0.100 0.100 0.100 0.200 0.000 0.100 0.100 0.200 0.200 0.000 0.000 0.000 0.200 0.200 0.200 0.000 0.000 0.200 0.200 0.200 0.000 0.000 0.200 0.200 0.200 27/06/1980
2.900 2.900 2.900 3.700 2.800 3.000 3.000 3.000 2.800 2.700 3.000 2.900 2.700 2.800 2.700 2.400 1.500 2.800 2.800 2.800 2.300 1.500 2.800 2.700 2.700 2.300 1.500 2.700 2.700 2.800 28/06/1980
0.600 0.600 0.600 0.100 0.600 0.600 0.600 0.600 0.100 0.600 0.600 0.600 0.100 0.100 0.600 0.100 0.700 0.100 0.100 0.100 0.100 0.700 0.100 0.100 0.100 0.100 0.700 0.100 0.100 0.100 29/06/1980
0.000 0.000 0.000 0.000 0.000 0.000 0.000 0.000 0.000 0.000 0.000 0.000 0.000 0.000 0.000 0.000 0.000 0.000 0.000 0.000 0.000 0.000 0.000 0.000 0.000 0.000 0.000 0.000 0.000 0.000 30/06/1980
2.100 2.100 2.100 1.900 3.300 2.200 2.200 2.200 1.600 3.300 2.200 2.200 1.600 1.600 3.200 0.600 1.600 1.600 1.600 1.600 0.500 1.600 1.600 1.600 1.600 0.500 1.600 1.600 1.600 1.600 01/07/1980
0.000 0.000 0.000 0.000 0.000 0.000 0.000 0.000 0.000 0.000 0.000 0.000 0.000 0.000 0.000 0.000 0.000 0.000 0.000 0.000 0.000 0.000 0.000 0.000 0.000 0.000 0.000 0.000 0.000 0.000 02/07/1980
0.000 0.000 0.000 0.000 0.000 0.000 0.000 0.000 0.000 0.000 0.000 0.000 0.000 0.000 0.000 0.000 0.000 0.000 0.000 0.000 0.000 0.000 0.000 0.000 0.000 0.000 0.000 0.000 0.000 0.000 03/07/1980
1.400 1.400 1.400 0.000 0.600 1.400 1.400 1.400 0.100 0.600 1.400 1.400 0.100 0.100 0.600 0.000 0.000 0.100 0.100 0.100 0.000 0.000 0.100 0.100 0.100 0.000 0.000 0.100 0.100 0.100 04/07/1980
0.000 0.000 0.000 0.000 0.100 0.000 0.000 0.000 0.000 0.100 0.000 0.000 0.000 0.000 0.100 0.000 0.000 0.000 0.000 0.000 0.000 0.000 0.000 0.000 0.000 0.000 0.000 0.000 0.000 0.000 05/07/1980
0.400 0.400 0.400 0.100 0.000 0.400 0.400 0.400 0.100 0.000 0.400 0.400 0.100 0.100 0.000 0.000 0.000 0.100 0.100 0.100 0.000 0.000 0.100 0.100 0.100 0.000 0.000 0.100 0.100 0.100 06/07/1980
2.900 2.900 2.900 8.200 9.200 2.900 3.000 2.900 9.100 9.200 2.900 2.900 9.100 9.200 9.100 3.800 11.500 9.100 9.200 9.200 3.800 11.500 9.100 9.100 9.100 3.800 11.400 9.000 9.000 9.200 07/07/1980
3.500 3.500 3.500 2.300 5.100 3.600 3.600 3.600 1.300 5.100 3.600 3.600 1.300 1.300 5.100 2.900 2.100 1.300 1.300 1.300 2.800 2.100 1.300 1.300 1.300 2.800 2.100 1.300 1.300 1.300 08/07/1980
2.500 2.500 2.500 7.900 6.000 2.600 2.600 2.600 12.300 6.000 2.600 2.500 12.200 12.300 5.900 11.300 5.000 12.300 12.400 12.400 11.200 5.000 12.300 12.200 12.200 11.100 5.000 12.100 12.100 12.400 09/07/1980
1.200 1.200 1.200 1.500 1.700 1.300 1.300 1.300 0.000 1.700 1.200 1.200 0.000 0.000 1.700 0.000 0.800 0.000 0.000 0.000 0.000 0.800 0.000 0.000 0.000 0.000 0.800 0.000 0.000 0.000 10/07/1980
2.000 2.000 2.000 1.900 3.300 2.000 2.000 2.000 1.800 3.300 2.000 2.000 1.800 1.800 3.300 1.000 0.500 1.800 1.800 1.800 1.000 0.500 1.800 1.800 1.800 1.000 0.500 1.700 1.700 1.800 11/07/1980
0.000 0.000 0.000 0.000 0.600 0.000 0.000 0.000 0.100 0.600 0.000 0.000 0.100 0.100 0.600 0.000 0.000 0.100 0.100 0.100 0.000 0.000 0.100 0.100 0.100 0.000 0.000 0.100 0.100 0.100 12/07/1980
0.000 0.000 0.000 0.000 0.000 0.000 0.000 0.000 0.000 0.000 0.000 0.000 0.000 0.000 0.000 0.000 0.000 0.000 0.000 0.000 0.000 0.000 0.000 0.000 0.000 0.000 0.000 0.000 0.000 0.000 13/07/1980
12.800 12.900 13.000 12.500 5.500 13.100 13.200 13.100 2.900 5.400 13.100 13.000 2.900 2.900 5.400 8.100 1.500 2.900 2.900 2.900 8.000 1.500 2.900 2.800 2.800 7.900 1.500 2.800 2.800 2.900 14/07/1980
0.800 0.800 0.800 2.200 3.600 0.800 0.800 0.800 1.100 3.600 0.800 0.800 1.100 1.100 3.600 0.100 0.600 1.100 1.100 1.100 0.100 0.600 1.100 1.100 1.100 0.100 0.600 1.100 1.100 1.100 15/07/1980
0.000 0.000 0.000 0.000 0.000 0.000 0.000 0.000 0.300 0.000 0.000 0.000 0.300 0.300 0.000 0.000 0.000 0.300 0.300 0.300 0.000 0.000 0.300 0.300 0.300 0.000 0.000 0.300 0.300 0.300 16/07/1980
0.000 0.000 0.000 0.000 0.000 0.000 0.000 0.000 0.000 0.000 0.000 0.000 0.000 0.000 0.000 0.000 0.000 0.000 0.000 0.000 0.000 0.000 0.000 0.000 0.000 0.000 0.000 0.000 0.000 0.000 17/07/1980
0.000 0.000 0.000 0.000 0.000 0.000 0.000 0.000 0.000 0.000 0.000 0.000 0.000 0.000 0.000 0.000 0.000 0.000 0.000 0.000 0.000 0.000 0.000 0.000 0.000 0.000 0.000 0.000 0.000 0.000 18/07/1980
0.000 0.000 0.000 0.000 0.000 0.000 0.000 0.000 0.000 0.000 0.000 0.000 0.000 0.000 0.000 0.000 0.000 0.000 0.000 0.000 0.000 0.000 0.000 0.000 0.000 0.000 0.000 0.000 0.000 0.000 19/07/1980
7.300 7.400 7.400 7.700 3.600 7.500 7.500 7.500 3.600 3.600 7.400 7.400 3.600 3.700 3.600 4.400 2.000 3.600 3.700 3.700 4.400 2.000 3.600 3.600 3.600 4.400 2.000 3.600 3.600 3.700 20/07/1980
0.000 0.000 0.000 0.000 0.600 0.000 0.000 0.000 0.000 0.600 0.000 0.000 0.000 0.000 0.600 0.000 0.000 0.000 0.000 0.000 0.000 0.000 0.000 0.000 0.000 0.000 0.000 0.000 0.000 0.000 21/07/1980
0.000 0.000 0.000 0.000 0.000 0.000 0.000 0.000 0.000 0.000 0.000 0.000 0.000 0.000 0.000 0.000 0.000 0.000 0.000 0.000 0.000 0.000 0.000 0.000 0.000 0.000 0.000 0.000 0.000 0.000 22/07/1980
0.000 0.000 0.000 0.000 0.000 0.000 0.000 0.000 0.000 0.000 0.000 0.000 0.000 0.000 0.000 0.000 0.000 0.000 0.000 0.000 0.000 0.000 0.000 0.000 0.000 0.000 0.000 0.000 0.000 0.000 23/07/1980
0.000 0.000 0.000 0.000 0.000 0.000 0.000 0.000 0.000 0.000 0.000 0.000 0.000 0.000 0.000 0.000 0.000 0.000 0.000 0.000 0.000 0.000 0.000 0.000 0.000 0.000 0.000 0.000 0.000 0.000 24/07/1980
10.100 10.200 10.200 16.200 17.500 10.300 10.400 10.300 19.600 17.400 10.300 10.300 19.500 19.700 17.200 6.300 10.900 19.600 19.800 19.800 6.200 11.000 19.600 19.500 19.500 6.100 10.900 19.300 19.300 19.800 25/07/1980
11.400 11.500 11.500 4.800 10.700 11.600 11.700 11.600 9.400 10.600 11.600 11.600 9.300 9.400 10.500 6.600 5.100 9.400 9.400 9.400 6.500 5.100 9.400 9.300 9.300 6.400 5.000 9.200 9.200 9.400 26/07/1980
0.100 0.100 0.100 0.000 0.100 0.100 0.100 0.100 0.100 0.100 0.100 0.100 0.100 0.100 0.100 0.000 0.000 0.100 0.200 0.200 0.000 0.000 0.100 0.100 0.100 0.000 0.000 0.100 0.100 0.200 27/07/1980
3.300 3.300 3.300 0.200 1.700 3.400 3.400 3.400 4.800 1.700 3.400 3.400 4.800 4.900 1.600 7.300 7.800 4.800 4.900 4.900 7.200 7.800 4.800 4.800 4.800 7.200 7.700 4.800 4.800 4.900 28/07/1980
0.500 0.500 0.500 0.400 1.000 0.500 0.500 0.500 0.000 1.000 0.500 0.500 0.000 0.000 1.000 0.100 0.000 0.000 0.000 0.000 0.100 0.000 0.000 0.000 0.000 0.100 0.000 0.000 0.000 0.000 29/07/1980
0.000 0.000 0.000 0.000 0.000 0.000 0.000 0.000 0.000 0.000 0.000 0.000 0.000 0.000 0.000 0.000 0.000 0.000 0.000 0.000 0.000 0.000 0.000 0.000 0.000 0.000 0.000 0.000 0.000 0.000 30/07/1980
0.000 0.000 0.000 0.000 1.200 0.000 0.000 0.000 2.100 1.200 0.000 0.000 2.000 2.100 1.200 0.100 1.000 2.000 2.100 2.100 0.100 1.000 2.100 2.000 2.000 0.100 1.000 2.000 2.000 2.100 31/07/1980
