# 6448 6449 6450 6451 6452 6528 6529 6530 6531 6532 6610 6611 6612 6613 6614 6693 6694 6695 6696 6697 6776 6777 6778 6779 6780 6859 6860 6861 6862 6863 Date
0.200 0.200 0.200 1.900 0.100 0.200 0.200 0.200 0.100 0.100 0.200 0.200 0.100 0.100 0.100 0.400 0.500 0.100 0.100 0.100 0.400 0.500 0.100 0.100 0.100 0.400 0.500 0.100 0.100 0.100 01/08/2019
0.000 0.000 0.000 0.000 0.000 0.000 0.000 0.000 0.000 0.000 0.000 0.000 0.000 0.000 0.000 0.000 0.000 0.000 0.000 0.000 0.000 0.000 0.000 0.000 0.000 0.000 0.000 0.000 0.000 0.000 02/08/2019
0.000 0.000 0.000 0.000 0.000 0.000 0.000 0.000 0.000 0.000 0.000 0.000 0.000 0.000 0.000 0.000 0.000 0.000 0.000 0.000 0.000 0.000 0.000 0.000 0.000 0.000 0.000 0.000 0.000 0.000 03/08/2019
0.100 0.100 0.100 0.100 0.000 0.100 0.100 0.100 0.000 0.000 0.100 0.100 0.000 0.000 0.000 0.000 0.000 0.000 0.000 0.000 0.000 0.000 0.000 0.000 0.000 0.000 0.000 0.000 0.000 0.000 04/08/2019
0.000 0.000 0.000 0.000 0.100 0.000 0.000 0.000 0.000 0.100 0.000 0.000 0.000 0.000 0.100 0.000 0.400 0.000 0.000 0.000 0.000 0.400 0.000 0.000 0.000 0.000 0.400 0.000 0.000 0.000 05/08/2019
0.000 0.000 0.000 0.000 0.100 0.000 0.000 0.000 0.200 0.100 0.000 0.000 0.200 0.200 0.100 0.000 1.000 0.200 0.200 0.200 0.000 1.000 0.200 0.200 0.200 0.000 1.000 0.200 0.200 0.200 06/08/2019
2.600 2.600 2.600 0.200 1.600 2.600 2.700 2.600 5.700 1.600 2.600 2.600 5.600 5.700 1.600 3.900 6.400 5.700 5.700 5.700 3.900 6.400 5.700 5.600 5.600 3.800 6.400 5.600 5.600 5.700 07/08/2019
0.000 0.000 0.000 0.000 0.000 0.000 0.000 0.000 0.000 0.000 0.000 0.000 0.000 0.000 0.000 0.000 0.000 0.000 0.000 0.000 0.000 0.000 0.000 0.000 0.000 0.000 0.000 0.000 0.000 0.000 08/08/2019
0.000 0.000 0.000 0.000 0.200 0.000 0.000 0.000 2.000 0.200 0.000 0.000 2.000 2.000 0.200 0.000 0.000 2.000 2.000 2.000 0.000 0.000 2.000 2.000 2.000 0.000 0.000 2.000 2.000 2.000 09/08/2019
6.500 6.500 6.500 2.800 1.300 6.600 6.700 6.600 1.900 1.300 6.600 6.600 1.800 1.900 1.300 6.000 4.600 1.800 1.900 1.900 5.900 4.700 1.900 1.800 1.800 5.900 4.600 1.800 1.800 1.900 10/08/2019
8.400 8.400 8.500 7.800 7.200 8.600 8.600 8.600 7.800 7.100 8.500 8.500 7.700 7.800 7.100 9.200 10.600 7.800 7.900 7.800 9.100 10.600 7.800 7.700 7.700 9.000 10.500 7.600 7.700 7.800 11/08/2019
5.600 5.600 5.700 3.100 0.900 5.700 5.800 5.700 1.500 0.800 5.700 5.700 1.500 1.500 0.800 1.200 1.100 1.500 1.500 1.500 1.200 1.200 1.500 1.500 1.500 1.200 1.100 1.500 1.500 1.500 12/08/2019
0.000 0.000 0.000 0.000 0.100 0.000 0.000 0.000 0.200 0.100 0.000 0.000 0.200 0.200 0.100 0.000 0.000 0.200 0.200 0.200 0.000 0.000 0.200 0.200 0.200 0.000 0.000 0.200 0.200 0.200 13/08/2019
0.400 0.400 0.400 1.200 1.600 0.400 0.400 0.400 1.800 1.600 0.400 0.400 1.800 1.800 1.600 1.300 1.000 1.800 1.800 1.800 1.300 1.000 1.800 1.800 1.800 1.300 1.000 1.800 1.800 1.800 14/08/2019
0.100 0.100 0.100 0.800 0.100 0.100 0.100 0.100 0.100 0.100 0.100 0.100 0.100 0.100 0.100 0.100 0.100 0.100 0.100 0.100 0.100 0.100 0.100 0.100 0.100 0.100 0.100 0.100 0.100 0.100 15/08/2019
0.000 0.000 0.000 0.000 0.100 0.000 0.000 0.000 0.000 0.100 0.000 0.000 0.000 0.000 0.100 0.000 0.000 0.000 0.000 0.000 0.000 0.000 0.000 0.000 0.000 0.000 0.000 0.000 0.000 0.000 16/08/2019
0.000 0.000 0.000 0.200 0.100 0.000 0.000 0.000 0.200 0.100 0.000 0.000 0.200 0.200 0.100 0.100 0.000 0.200 0.200 0.200 0.100 0.000 0.200 0.200 0.200 0.100 0.000 0.200 0.200 0.200 17/08/2019
0.100 0.100 0.200 0.200 1.700 0.200 0.200 0.200 2.000 1.700 0.200 0.200 2.000 2.000 1.700 0.500 2.600 2.000 2.000 2.000 0.500 2.600 2.000 2.000 2.000 0.500 2.600 2.000 2.000 2.000 18/08/2019
0.000 0.000 0.000 0.000 0.000 0.000 0.000 0.000 0.200 0.000 0.000 0.000 0.200 0.200 0.000 0.000 0.000 0.200 0.200 0.200 0.000 0.000 0.200 0.200 0.200 0.000 0.000 0.200 0.200 0.200 19/08/2019
0.000 0.000 0.000 0.000 0.100 0.000 0.000 0.000 0.200 0.100 0.000 0.000 0.200 0.200 0.100 0.000 0.000 0.200 0.200 0.200 0.000 0.000 0.200 0.200 0.200 0.000 0.000 0.200 0.200 0.200 20/08/2019
0.000 0.000 0.000 0.000 0.000 0.000 0.000 0.000 0.000 0.000 0.000 0.000 0.000 0.000 0.000 0.000 0.000 0.000 0.000 0.000 0.000 0.000 0.000 0.000 0.000 0.000 0.000 0.000 0.000 0.000 21/08/2019
0.000 0.000 0.000 0.000 0.000 0.000 0.000 0.000 0.000 0.000 0.000 0.000 0.000 0.000 0.000 0.000 0.000 0.000 0.000 0.000 0.000 0.000 0.000 0.000 0.000 0.000 0.000 0.000 0.000 0.000 22/08/2019
0.000 0.000 0.000 0.000 0.000 0.000 0.000 0.000 0.200 0.000 0.000 0.000 0.200 0.200 0.000 0.000 0.000 0.200 0.200 0.200 0.000 0.000 0.200 0.200 0.200 0.000 0.000 0.200 0.200 0.200 23/08/2019
0.000 0.000 0.000 0.000 0.000 0.000 0.000 0.000 0.000 0.000 0.000 0.000 0.000 0.000 0.000 0.000 0.000 0.000 0.000 0.000 0.000 0.000 0.000 0.000 0.000 0.000 0.000 0.000 0.000 0.000 24/08/2019
0.000 0.000 0.000 0.000 0.000 0.000 0.000 0.000 0.000 0.000 0.000 0.000 0.000 0.000 0.000 0.000 0.000 0.000 0.000 0.000 0.000 0.000 0.000 0.000 0.000 0.000 0.000 0.000 0.000 0.000 25/08/2019
0.000 0.000 0.000 0.000 0.000 0.000 0.000 0.000 0.000 0.000 0.000 0.000 0.000 0.000 0.000 1.400 1.000 0.000 0.000 0.000 1.400 1.000 0.000 0.000 0.000 1.400 0.900 0.000 0.000 0.000 26/08/2019
2.600 2.600 2.600 0.700 0.000 2.600 2.600 2.600 0.200 0.000 2.600 2.600 0.200 0.200 0.000 10.000 4.000 0.200 0.200 0.200 9.900 4.000 0.200 0.200 0.200 9.800 4.000 0.200 0.200 0.200 27/08/2019
0.000 0.000 0.000 0.000 0.000 0.000 0.000 0.000 0.000 0.000 0.000 0.000 0.000 0.000 0.000 0.000 0.000 0.000 0.000 0.000 0.000 0.000 0.000 0.000 0.000 0.000 0.000 0.000 0.000 0.000 28/08/2019
0.000 0.000 0.000 0.000 0.000 0.000 0.000 0.000 0.000 0.000 0.000 0.000 0.000 0.000 0.000 0.000 0.000 0.000 0.000 0.000 0.000 0.000 0.000 0.000 0.000 0.000 0.000 0.000 0.000 0.000 29/08/2019
0.000 0.000 0.000 0.000 0.000 0.000 0.000 0.000 0.200 0.000 0.000 0.000 0.200 0.200 0.000 0.200 0.000 0.200 0.200 0.200 0.200 0.000 0.200 0.200 0.200 0.200 0.000 0.200 0.200 0.200 30/08/2019
0.000 0.000 0.000 0.000 0.000 0.000 0.000 0.000 0.000 0.000 0.000 0.000 0.000 0.000 0.000 0.000 0.000 0.000 0.000 0.000 0.000 0.000 0.000 0.000 0.000 0.000 0.000 0.000 0.000 0.000 31/08/2019
0.300 0.300 0.300 2.000 0.100 0.300 0.300 0.300 0.300 0.100 0.300 0.300 0.300 0.300 0.100 0.000 0.200 0.300 0.300 0.300 0.000 0.200 0.300 0.300 0.300 0.000 0.200 0.300 0.300 0.300 01/09/2019
0.000 0.000 0.000 0.000 0.000 0.000 0.000 0.000 0.000 0.000 0.000 0.000 0.000 0.000 0.000 0.000 0.000 0.000 0.000 0.000 0.000 0.000 0.000 0.000 0.000 0.000 0.000 0.000 0.000 0.000 02/09/2019
0.000 0.000 0.000 0.000 0.000 0.000 0.000 0.000 0.000 0.000 0.000 0.000 0.000 0.000 0.000 0.000 0.000 0.000 0.000 0.000 0.000 0.000 0.000 0.000 0.000 0.000 0.000 0.000 0.000 0.000 03/09/2019
0.600 0.600 0.600 1.800 1.600 0.600 0.600 0.600 0.700 1.600 0.600 0.600 0.700 0.700 1.600 0.100 0.000 0.700 0.700 0.700 0.100 0.000 0.700 0.700 0.700 0.100 0.000 0.700 0.700 0.700 04/09/2019
0.000 0.000 0.000 0.000 0.000 0.000 0.000 0.000 0.200 0.000 0.000 0.000 0.200 0.200 0.000 0.000 0.000 0.200 0.200 0.200 0.000 0.000 0.200 0.200 0.200 0.000 0.000 0.200 0.200 0.200 05/09/2019
0.000 0.000 0.000 0.100 0.000 0.000 0.000 0.000 0.200 0.000 0.000 0.000 0.200 0.200 0.000 0.000 0.000 0.200 0.200 0.200 0.000 0.000 0.200 0.200 0.200 0.000 0.000 0.200 0.200 0.200 06/09/2019
0.000 0.000 0.000 0.000 0.000 0.000 0.000 0.000 0.000 0.000 0.000 0.000 0.000 0.000 0.000 0.000 0.000 0.000 0.000 0.000 0.000 0.000 0.000 0.000 0.000 0.000 0.000 0.000 0.000 0.000 07/09/2019
0.000 0.000 0.000 0.000 0.000 0.000 0.000 0.000 0.000 0.000 0.000 0.000 0.000 0.000 0.000 0.000 0.000 0.000 0.000 0.000 0.000 0.000 0.000 0.000 0.000 0.000 0.000 0.000 0.000 0.000 08/09/2019
9.200 9.300 9.300 2.800 2.700 9.400 9.500 9.400 4.300 2.700 9.400 9.400 4.300 4.400 2.700 12.200 9.600 4.300 4.400 4.400 12.100 9.600 4.300 4.300 4.300 11.900 9.500 4.300 4.300 4.400 09/09/2019
0.000 0.000 0.000 0.200 0.000 0.000 0.000 0.000 0.000 0.000 0.000 0.000 0.000 0.000 0.000 0.000 0.000 0.000 0.000 0.000 0.000 0.000 0.000 0.000 0.000 0.000 0.000 0.000 0.000 0.000 10/09/2019
0.000 0.000 0.000 0.000 0.000 0.000 0.000 0.000 0.200 0.000 0.000 0.000 0.200 0.200 0.000 0.000 0.000 0.200 0.200 0.200 0.000 0.000 0.200 0.200 0.200 0.000 0.000 0.200 0.200 0.200 11/09/2019
0.000 0.000 0.000 0.000 0.000 0.000 0.000 0.000 0.000 0.000 0.000 0.000 0.000 0.000 0.000 0.000 0.000 0.000 0.000 0.000 0.000 0.000 0.000 0.000 0.000 0.000 0.000 0.000 0.000 0.000 12/09/2019
0.000 0.000 0.000 0.000 0.000 0.000 0.000 0.000 0.000 0.000 0.000 0.000 0.000 0.000 0.000 0.000 0.000 0.000 0.000 0.000 0.000 0.000 0.000 0.000 0.000 0.000 0.000 0.000 0.000 0.000 13/09/2019
0.000 0.000 0.000 0.000 0.000 0.000 0.000 0.000 0.000 0.000 0.000 0.000 0.000 0.000 0.000 0.000 0.100 0.000 0.000 0.000 0.000 0.100 0.000 0.000 0.000 0.000 0.100 0.000 0.000 0.000 14/09/2019
0.000 0.000 0.000 0.000 0.000 0.000 0.000 0.000 0.000 0.000 0.000 0.000 0.000 0.000 0.000 0.000 0.000 0.000 0.000 0.000 0.000 0.000 0.000 0.000 0.000 0.000 0.000 0.000 0.000 0.000 15/09/2019
0.000 0.000 0.000 0.000 0.000 0.000 0.000 0.000 0.200 0.000 0.000 0.000 0.200 0.200 0.000 0.000 0.000 0.200 0.200 0.200 0.000 0.000 0.200 0.200 0.200 0.000 0.000 0.200 0.200 0.200 16/09/2019
0.000 0.000 0.000 0.000 0.000 0.000 0.000 0.000 0.000 0.000 0.000 0.000 0.000 0.000 0.000 0.000 0.000 0.000 0.000 0.000 0.000 0.000 0.000 0.000 0.000 0.000 0.000 0.000 0.000 0.000 17/09/2019
0.000 0.000 0.000 0.000 0.000 0.000 0.000 0.000 0.000 0.000 0.000 0.000 0.000 0.000 0.000 0.000 0.000 0.000 0.000 0.000 0.000 0.000 0.000 0.000 0.000 0.000 0.000 0.000 0.000 0.000 18/09/2019
0.000 0.000 0.000 0.000 0.000 0.000 0.000 0.000 0.000 0.000 0.000 0.000 0.000 0.000 0.000 0.000 0.000 0.000 0.000 0.000 0.000 0.000 0.000 0.000 0.000 0.000 0.000 0.000 0.000 0.000 19/09/2019
0.000 0.000 0.000 0.000 0.000 0.000 0.000 0.000 0.000 0.000 0.000 0.000 0.000 0.000 0.000 0.000 0.000 0.000 0.000 0.000 0.000 0.000 0.000 0.000 0.000 0.000 0.000 0.000 0.000 0.000 20/09/2019
5.800 5.800 5.900 1.000 0.600 5.900 6.000 5.900 1.200 0.600 5.900 5.900 1.200 1.200 0.600 7.200 8.100 1.200 1.200 1.200 7.100 8.100 1.200 1.200 1.200 7.100 8.100 1.100 1.100 1.200 21/09/2019
13.800 13.900 14.000 12.500 24.000 14.100 14.200 14.100 22.800 23.900 14.100 14.100 22.700 22.900 23.700 18.700 21.300 22.800 23.000 23.000 18.500 21.300 22.800 22.700 22.700 18.300 21.100 22.500 22.500 23.000 22/09/2019
7.400 7.400 7.500 8.300 3.000 7.500 7.600 7.500 2.400 2.900 7.500 7.500 2.400 2.400 2.900 5.400 3.100 2.400 2.500 2.500 5.400 3.100 2.400 2.400 2.400 5.300 3.100 2.400 2.400 2.500 23/09/2019
4.200 4.200 4.200 4.300 6.400 4.200 4.300 4.200 3.000 6.400 4.200 4.200 3.000 3.000 6.300 2.500 2.600 3.000 3.000 3.000 2.500 2.600 3.000 3.000 3.000 2.500 2.500 2.900 2.900 3.000 24/09/2019
11.700 11.700 11.800 11.200 15.100 11.900 12.000 11.900 9.500 15.000 11.900 11.800 9.500 9.600 14.900 10.500 9.100 9.500 9.600 9.600 10.400 9.100 9.500 9.400 9.400 10.300 9.000 9.300 9.300 9.600 25/09/2019
0.100 0.100 0.100 0.400 1.400 0.100 0.100 0.100 1.000 1.400 0.100 0.100 1.000 1.000 1.400 0.000 0.000 1.000 1.000 1.000 0.000 0.000 1.000 1.000 1.000 0.000 0.000 1.000 1.000 1.000 26/09/2019
6.500 6.500 6.600 9.200 4.800 6.600 6.700 6.600 2.200 4.800 6.600 6.600 2.200 2.200 4.700 2.800 2.600 2.200 2.200 2.200 2.800 2.600 2.200 2.200 2.200 2.800 2.600 2.100 2.100 2.200 27/09/2019
0.100 0.100 0.100 0.000 0.400 0.100 0.100 0.100 0.400 0.400 0.100 0.100 0.400 0.400 0.400 0.200 0.100 0.400 0.400 0.400 0.200 0.100 0.400 0.400 0.400 0.200 0.100 0.400 0.400 0.400 28/09/2019
2.000 2.000 2.000 1.800 3.700 2.000 2.000 2.000 3.600 3.700 2.000 2.000 3.600 3.600 3.700 1.100 1.400 3.600 3.600 3.600 1.100 1.400 3.600 3.600 3.600 1.100 1.400 3.600 3.600 3.600 29/09/2019
0.200 0.200 0.200 0.000 0.200 0.200 0.200 0.200 0.200 0.200 0.200 0.200 0.200 0.200 0.200 1.800 0.800 0.200 0.200 0.200 1.800 0.800 0.200 0.200 0.200 1.800 0.800 0.200 0.200 0.200 30/09/2019
4.700 4.700 4.700 11.300 9.900 4.800 4.800 4.800 7.200 9.800 4.800 4.800 7.200 7.300 9.700 6.700 9.100 7.200 7.300 7.300 6.700 9.100 7.200 7.200 7.200 6.600 9.100 7.100 7.100 7.300 01/10/2019
0.200 0.200 0.200 0.100 0.800 0.200 0.200 0.200 0.400 0.700 0.200 0.200 0.400 0.400 0.700 0.100 0.000 0.400 0.400 0.400 0.100 0.000 0.400 0.400 0.400 0.100 0.000 0.400 0.400 0.400 02/10/2019
1.600 1.600 1.600 1.800 3.500 1.600 1.600 1.600 2.700 3.500 1.600 1.600 2.700 2.700 3.500 1.600 2.000 2.700 2.700 2.700 1.600 2.000 2.700 2.700 2.700 1.600 1.900 2.600 2.600 2.700 03/10/2019
0.200 0.200 0.200 0.300 1.800 0.200 0.200 0.200 0.600 1.800 0.200 0.200 0.600 0.500 1.800 0.800 1.600 0.600 0.500 0.500 0.800 1.600 0.600 0.600 0.600 0.800 1.600 0.600 0.600 0.500 04/10/2019
0.500 0.500 0.500 0.600 1.000 0.500 0.500 0.500 0.900 1.000 0.500 0.500 0.900 0.900 1.000 0.000 0.000 0.900 0.900 0.900 0.000 0.000 0.900 0.900 0.900 0.000 0.000 0.900 0.900 0.900 05/10/2019
4.500 4.500 4.500 3.000 3.600 4.600 4.600 4.600 2.600 3.500 4.600 4.600 2.600 2.600 3.500 0.800 1.500 2.600 2.600 2.600 0.800 1.500 2.600 2.600 2.600 0.800 1.500 2.500 2.500 2.600 06/10/2019
0.100 0.100 0.100 0.600 0.100 0.100 0.100 0.100 0.900 0.100 0.100 0.100 0.900 0.900 0.100 0.000 0.000 0.900 0.900 0.900 0.000 0.000 0.900 0.900 0.900 0.000 0.000 0.900 0.900 0.900 07/10/2019
3.400 3.400 3.400 4.600 4.700 3.500 3.500 3.500 2.600 4.700 3.500 3.500 2.600 2.600 4.700 2.800 3.200 2.600 2.700 2.700 2.800 3.200 2.600 2.600 2.600 2.800 3.200 2.600 2.600 2.700 08/10/2019
2.700 2.700 2.800 3.900 2.100 2.800 2.800 2.800 1.100 2.100 2.800 2.800 1.100 1.100 2.100 1.700 0.900 1.100 1.100 1.100 1.700 0.900 1.100 1.000 1.000 1.700 0.800 1.000 1.000 1.100 09/10/2019
0.500 0.500 0.500 0.200 0.200 0.500 0.500 0.500 0.300 0.200 0.500 0.500 0.300 0.300 0.200 0.200 0.000 0.300 0.300 0.300 0.200 0.000 0.300 0.300 0.300 0.200 0.000 0.300 0.300 0.300 10/10/2019
0.400 0.400 0.400 0.700 0.800 0.400 0.400 0.400 0.600 0.800 0.400 0.400 0.600 0.600 0.800 0.700 0.100 0.600 0.600 0.600 0.700 0.100 0.600 0.600 0.600 0.700 0.100 0.600 0.600 0.600 11/10/2019
0.200 0.200 0.200 0.100 0.100 0.200 0.200 0.200 0.200 0.100 0.200 0.200 0.200 0.200 0.100 0.000 0.000 0.200 0.200 0.200 0.000 0.000 0.200 0.200 0.200 0.000 0.000 0.200 0.200 0.200 12/10/2019
0.500 0.500 0.500 4.500 8.200 0.500 0.500 0.500 11.400 8.200 0.500 0.500 11.400 11.500 8.100 0.100 3.000 11.400 11.500 11.500 0.100 3.000 11.400 11.400 11.400 0.100 3.000 11.300 11.300 11.500 13/10/2019
18.000 18.100 18.200 17.800 36.100 18.300 18.500 18.300 24.100 35.900 18.300 18.300 24.000 24.200 35.600 17.700 21.200 24.000 24.300 24.300 17.500 21.300 24.100 23.900 23.900 17.300 21.100 23.600 23.700 24.300 14/10/2019
5.300 5.300 5.300 6.500 5.900 5.400 5.400 5.400 3.500 5.900 5.400 5.300 3.400 3.500 5.800 4.800 3.000 3.500 3.500 3.500 4.700 3.000 3.500 3.400 3.400 4.700 3.000 3.400 3.400 3.500 15/10/2019
2.900 2.900 2.900 1.800 0.600 2.900 2.900 2.900 0.600 0.600 2.900 2.900 0.600 0.600 0.600 2.300 2.200 0.600 0.600 0.600 2.300 2.200 0.600 0.600 0.600 2.300 2.200 0.600 0.600 0.600 16/10/2019
12.300 12.400 12.400 10.100 11.900 12.500 12.600 12.500 6.700 11.900 12.500 12.500 6.700 6.700 11.800 4.200 4.300 6.700 6.800 6.700 4.100 4.400 6.700 6.700 6.700 4.100 4.300 6.600 6.600 6.800 17/10/2019
0.200 0.200 0.200 1.500 1.500 0.200 0.200 0.200 0.800 1.500 0.200 0.200 0.800 0.800 1.400 0.300 0.500 0.800 0.800 0.800 0.200 0.500 0.800 0.800 0.800 0.200 0.500 0.800 0.800 0.800 18/10/2019
15.300 15.400 15.500 18.900 4.200 15.600 15.700 15.600 4.100 4.200 15.500 15.500 4.100 4.100 4.200 20.500 3.300 4.100 4.100 4.100 20.300 3.300 4.100 4.100 4.100 20.000 3.200 4.000 4.000 4.100 19/10/2019
1.300 1.300 1.300 2.500 2.800 1.300 1.300 1.300 2.800 2.800 1.300 1.300 2.800 2.800 2.800 2.600 0.700 2.800 2.800 2.800 2.600 0.700 2.800 2.800 2.800 2.600 0.700 2.700 2.700 2.800 20/10/2019
0.000 0.000 0.000 0.100 0.100 0.000 0.000 0.000 0.200 0.100 0.000 0.000 0.200 0.200 0.100 0.100 0.000 0.200 0.200 0.200 0.100 0.000 0.200 0.200 0.200 0.100 0.000 0.200 0.200 0.200 21/10/2019
5.300 5.300 5.300 3.900 8.600 5.400 5.400 5.400 8.400 8.600 5.400 5.400 8.400 8.400 8.500 10.300 11.200 8.400 8.500 8.500 10.200 11.200 8.400 8.400 8.300 10.100 11.100 8.300 8.300 8.500 22/10/2019
1.000 1.000 1.000 1.000 7.400 1.000 1.000 1.000 3.700 7.400 1.000 1.000 3.700 3.700 7.300 2.300 2.100 3.700 3.700 3.700 2.300 2.100 3.700 3.700 3.700 2.200 2.100 3.600 3.700 3.700 23/10/2019
5.600 5.700 5.700 2.300 6.000 5.700 5.800 5.700 5.800 5.900 5.700 5.700 5.800 5.900 5.900 10.400 9.500 5.800 5.900 5.900 10.300 9.600 5.800 5.800 5.800 10.200 9.500 5.700 5.700 5.900 24/10/2019
0.100 0.100 0.100 0.100 0.200 0.100 0.100 0.100 0.200 0.200 0.100 0.100 0.200 0.200 0.200 0.100 0.200 0.200 0.200 0.200 0.100 0.200 0.200 0.200 0.200 0.100 0.100 0.200 0.200 0.200 25/10/2019
0.400 0.400 0.400 0.000 0.100 0.400 0.400 0.400 0.200 0.100 0.400 0.400 0.200 0.200 0.100 0.200 0.100 0.200 0.200 0.200 0.200 0.100 0.200 0.200 0.200 0.200 0.100 0.200 0.200 0.200 26/10/2019
5.400 5.500 5.500 2.400 6.800 5.500 5.600 5.500 8.500 6.700 5.500 5.500 8.500 8.500 6.700 7.600 9.000 8.500 8.600 8.600 7.500 9.100 8.500 8.500 8.500 7.400 9.000 8.400 8.400 8.600 27/10/2019
0.700 0.700 0.700 0.600 0.900 0.700 0.700 0.700 1.200 0.900 0.700 0.700 1.200 1.200 0.900 0.400 0.300 1.200 1.200 1.200 0.400 0.300 1.200 1.200 1.200 0.400 0.300 1.200 1.200 1.200 28/10/2019
0.200 0.200 0.200 0.200 0.100 0.200 0.200 0.200 0.000 0.100 0.200 0.200 0.000 0.000 0.100 0.100 0.000 0.000 0.000 0.000 0.100 0.000 0.000 0.000 0.000 0.100 0.000 0.000 0.000 0.000 29/10/2019
7.400 7.400 7.500 6.700 13.400 7.500 7.600 7.500 10.100 13.300 7.500 7.500 10.100 10.200 13.200 9.000 8.100 10.100 10.200 10.200 8.900 8.200 10.100 10.100 10.100 8.800 8.100 10.000 10.000 10.200 30/10/2019
1.000 1.000 1.000 0.600 0.800 1.000 1.000 1.000 0.700 0.800 1.000 1.000 0.700 0.700 0.800 1.100 1.500 0.700 0.700 0.700 1.100 1.500 0.700 0.700 0.700 1.100 1.500 0.700 0.700 0.700 31/10/2019
11.500 11.600 11.600 15.400 27.300 11.700 11.800 11.700 33.700 27.200 11.700 11.700 33.600 33.800 26.900 29.700 18.700 33.600 34.000 33.900 29.400 18.800 33.700 33.500 33.500 29.000 18.600 33.200 33.300 34.000 01/11/2019
28.500 28.700 28.800 17.000 26.600 29.100 29.300 29.100 22.300 26.400 29.000 29.000 22.200 22.500 26.200 28.400 22.000 22.300 22.600 22.500 28.200 22.100 22.400 22.200 22.200 27.800 21.900 21.900 22.000 22.600 02/11/2019
18.100 18.300 18.400 15.800 24.300 18.500 18.700 18.500 31.100 24.200 18.500 18.400 31.000 31.200 24.000 20.300 22.900 31.000 31.400 31.300 20.100 23.000 31.100 30.900 30.900 19.900 22.800 30.600 30.700 31.300 03/11/2019
10.200 10.300 10.300 8.800 13.200 10.400 10.500 10.400 9.400 13.100 10.400 10.400 9.400 9.500 13.000 19.000 17.800 9.400 9.500 9.500 18.800 17.800 9.400 9.400 9.400 18.600 17.700 9.300 9.300 9.500 04/11/2019
7.300 7.300 7.300 6.800 8.000 7.400 7.500 7.400 13.000 7.900 7.400 7.400 13.000 13.100 7.900 12.600 13.100 13.000 13.100 13.100 12.500 13.100 13.100 13.000 13.000 12.400 13.000 12.900 12.900 13.100 05/11/2019
10.200 10.300 10.300 8.400 15.000 10.400 10.500 10.400 10.100 14.900 10.400 10.400 10.100 10.200 14.800 8.100 6.900 10.100 10.200 10.200 8.100 6.900 10.100 10.100 10.100 8.000 6.800 9.900 10.000 10.200 06/11/2019
14.000 14.100 14.200 6.200 11.800 14.300 14.400 14.300 4.300 11.700 14.200 14.200 4.200 4.300 11.600 9.800 5.800 4.300 4.300 4.300 9.700 5.800 4.300 4.200 4.200 9.600 5.800 4.100 4.200 4.300 07/11/2019
2.500 2.500 2.500 4.200 9.900 2.500 2.600 2.500 6.400 9.800 2.500 2.500 6.400 6.400 9.700 3.600 4.600 6.400 6.500 6.400 3.600 4.600 6.400 6.400 6.400 3.500 4.600 6.300 6.300 6.500 08/11/2019
7.900 7.900 8.000 5.300 6.100 8.000 8.100 8.000 6.100 6.100 8.000 8.000 6.100 6.100 6.000 7.900 5.600 6.100 6.200 6.200 7.800 5.600 6.100 6.100 6.100 7.800 5.500 6.000 6.000 6.200 09/11/2019
0.100 0.100 0.100 1.800 0.600 0.100 0.100 0.100 0.500 0.600 0.100 0.100 0.500 0.500 0.600 0.000 0.000 0.500 0.500 0.500 0.000 0.000 0.500 0.500 0.500 0.000 0.000 0.500 0.500 0.500 10/11/2019
4.500 4.500 4.500 1.400 3.500 4.500 4.600 4.500 2.900 3.500 4.500 4.500 2.900 3.000 3.400 5.500 3.600 2.900 3.000 3.000 5.500 3.600 2.900 2.900 2.900 5.400 3.500 2.900 2.900 3.000 11/11/2019
0.700 0.700 0.700 1.800 1.800 0.700 0.700 0.700 2.500 1.800 0.700 0.700 2.500 2.500 1.800 2.500 2.200 2.500 2.500 2.500 2.500 2.200 2.500 2.500 2.500 2.400 2.200 2.500 2.500 2.500 12/11/2019
9.900 9.900 10.000 9.500 10.400 10.100 10.200 10.100 10.200 10.400 10.000 10.000 10.200 10.300 10.300 10.700 10.400 10.200 10.300 10.300 10.600 10.500 10.200 10.100 10.100 10.500 10.400 10.000 10.000 10.300 13/11/2019
4.300 4.300 4.300 5.100 7.000 4.300 4.400 4.300 2.500 7.000 4.300 4.300 2.500 2.500 6.900 5.100 1.300 2.500 2.600 2.600 5.100 1.300 2.500 2.500 2.500 5.000 1.300 2.500 2.500 2.600 14/11/2019
4.000 4.100 4.100 4.600 5.700 4.100 4.100 4.100 4.400 5.700 4.100 4.100 4.400 4.400 5.600 5.300 4.600 4.400 4.400 4.400 5.200 4.600 4.400 4.300 4.300 5.200 4.600 4.300 4.300 4.400 15/11/2019
1.000 1.000 1.000 2.500 9.300 1.000 1.000 1.000 7.600 9.200 1.000 1.000 7.600 7.700 9.100 6.400 6.500 7.600 7.700 7.700 6.300 6.500 7.700 7.600 7.600 6.200 6.500 7.500 7.600 7.700 16/11/2019
0.000 0.000 0.000 0.000 0.000 0.000 0.000 0.000 0.000 0.000 0.000 0.000 0.000 0.000 0.000 0.100 0.000 0.000 0.000 0.000 0.100 0.000 0.000 0.000 0.000 0.100 0.000 0.000 0.000 0.000 17/11/2019
0.000 0.000 0.000 0.000 0.000 0.000 0.000 0.000 0.200 0.000 0.000 0.000 0.200 0.200 0.000 0.000 0.000 0.200 0.200 0.200 0.000 0.000 0.200 0.200 0.200 0.000 0.000 0.200 0.200 0.200 18/11/2019
0.100 0.100 0.100 0.100 0.100 0.100 0.100 0.100 0.000 0.100 0.100 0.100 0.000 0.000 0.100 0.000 0.100 0.000 0.000 0.000 0.000 0.100 0.000 0.000 0.000 0.000 0.100 0.000 0.000 0.000 19/11/2019
0.900 0.900 0.900 0.600 0.200 0.900 1.000 0.900 0.200 0.200 0.900 0.900 0.200 0.200 0.200 0.700 0.200 0.200 0.200 0.200 0.600 0.200 0.200 0.200 0.200 0.600 0.200 0.200 0.200 0.200 20/11/2019
5.000 5.100 5.100 2.800 4.600 5.100 5.200 5.100 3.500 4.500 5.100 5.100 3.500 3.500 4.500 4.800 4.500 3.500 3.500 3.500 4.800 4.500 3.500 3.500 3.500 4.700 4.500 3.500 3.500 3.500 21/11/2019
1.800 1.800 1.800 1.000 2.700 1.800 1.900 1.800 2.700 2.700 1.800 1.800 2.700 2.800 2.700 3.100 3.100 2.700 2.800 2.800 3.100 3.100 2.700 2.700 2.700 3.000 3.100 2.700 2.700 2.800 22/11/2019
3.700 3.800 3.800 1.800 15.200 3.800 3.800 3.800 4.800 15.100 3.800 3.800 4.700 4.800 15.000 8.900 4.400 4.800 4.800 4.800 8.900 4.400 4.800 4.700 4.700 8.700 4.400 4.700 4.700 4.800 23/11/2019
2.000 2.000 2.000 1.200 2.800 2.000 2.000 2.000 2.000 2.800 2.000 2.000 2.000 2.000 2.800 3.300 2.800 2.000 2.000 2.000 3.300 2.800 2.000 2.000 2.000 3.200 2.800 1.900 1.900 2.000 24/11/2019
3.200 3.200 3.200 2.100 3.600 3.200 3.200 3.200 4.600 3.600 3.200 3.200 4.600 4.600 3.500 3.700 3.400 4.600 4.700 4.700 3.700 3.400 4.600 4.600 4.600 3.600 3.300 4.500 4.500 4.700 25/11/2019
7.200 7.200 7.300 6.300 8.500 7.300 7.400 7.300 6.700 8.400 7.300 7.300 6.700 6.700 8.400 7.800 8.600 6.700 6.800 6.800 7.700 8.600 6.700 6.700 6.700 7.600 8.500 6.600 6.600 6.800 26/11/2019
10.800 10.900 10.900 20.400 9.700 11.000 11.100 11.000 7.700 9.600 11.000 11.000 7.700 7.800 9.500 8.400 14.300 7.700 7.800 7.800 8.300 14.300 7.700 7.700 7.700 8.200 14.200 7.600 7.600 7.800 27/11/2019
5.600 5.700 5.700 16.500 11.800 5.700 5.800 5.700 6.500 11.700 5.700 5.700 6.500 6.500 11.600 9.600 10.600 6.500 6.600 6.600 9.500 10.600 6.500 6.400 6.400 9.300 10.500 6.400 6.400 6.600 28/11/2019
0.300 0.300 0.300 0.500 2.200 0.300 0.300 0.300 1.000 2.200 0.300 0.300 1.000 1.000 2.200 1.100 0.600 1.000 1.000 1.000 1.100 0.600 1.000 1.000 1.000 1.100 0.600 1.000 1.000 1.000 29/11/2019
10.600 10.700 10.700 9.000 15.600 10.800 10.900 10.800 19.200 15.500 10.800 10.800 19.200 19.300 15.300 16.200 15.800 19.200 19.400 19.400 16.000 15.800 19.300 19.100 19.100 15.800 15.700 19.000 19.000 19.400 30/11/2019
1.200 1.200 1.200 0.100 0.800 1.200 1.200 1.200 1.900 0.800 1.200 1.200 1.900 1.900 0.800 1.000 0.600 1.900 1.900 1.900 1.000 0.600 1.900 1.900 1.900 1.000 0.600 1.900 1.900 1.900 01/12/2019
0.000 0.000 0.000 0.000 0.000 0.000 0.000 0.000 0.000 0.000 0.000 0.000 0.000 0.000 0.000 0.000 0.000 0.000 0.000 0.000 0.000 0.000 0.000 0.000 0.000 0.000 0.000 0.000 0.000 0.000 02/12/2019
0.000 0.000 0.000 0.000 0.000 0.100 0.100 0.100 0.200 0.000 0.100 0.100 0.200 0.200 0.000 0.000 0.000 0.200 0.200 0.200 0.000 0.000 0.200 0.200 0.200 0.000 0.000 0.200 0.200 0.200 03/12/2019
0.200 0.200 0.200 0.200 0.100 0.200 0.200 0.200 0.200 0.100 0.200 0.200 0.200 0.200 0.100 0.100 0.200 0.200 0.200 0.200 0.100 0.200 0.200 0.200 0.200 0.100 0.100 0.200 0.200 0.200 04/12/2019
0.200 0.200 0.200 0.200 0.100 0.200 0.200 0.200 0.000 0.100 0.200 0.200 0.000 0.000 0.100 0.100 0.000 0.000 0.000 0.000 0.100 0.000 0.000 0.000 0.000 0.100 0.000 0.000 0.000 0.000 05/12/2019
1.400 1.400 1.400 1.000 0.400 1.400 1.400 1.400 0.700 0.300 1.400 1.400 0.700 0.700 0.300 0.400 0.200 0.700 0.700 0.700 0.400 0.200 0.700 0.700 0.700 0.400 0.200 0.600 0.600 0.700 06/12/2019
1.700 1.700 1.700 1.200 5.800 1.700 1.700 1.700 4.800 5.800 1.700 1.700 4.800 4.900 5.700 4.100 3.100 4.800 4.900 4.900 4.100 3.100 4.800 4.800 4.800 4.100 3.000 4.800 4.800 4.900 07/12/2019
11.300 11.400 11.400 9.400 16.300 11.500 11.600 11.500 16.000 16.200 11.500 11.500 15.900 16.000 16.100 8.600 9.900 15.900 16.100 16.100 8.500 10.000 16.000 15.900 15.800 8.400 9.900 15.700 15.700 16.100 08/12/2019
1.500 1.500 1.500 1.400 2.000 1.500 1.500 1.500 1.600 2.000 1.500 1.500 1.600 1.600 2.000 2.000 2.100 1.600 1.600 1.600 1.900 2.100 1.600 1.600 1.600 1.900 2.100 1.600 1.600 1.600 09/12/2019
1.200 1.200 1.200 0.400 1.600 1.200 1.200 1.200 0.600 1.600 1.200 1.200 0.600 0.600 1.600 0.400 1.000 0.600 0.600 0.600 0.400 1.000 0.600 0.600 0.600 0.400 1.000 0.600 0.600 0.600 10/12/2019
9.600 9.700 9.700 9.200 11.800 9.800 9.900 9.800 13.300 11.700 9.800 9.800 13.200 13.300 11.600 10.600 11.100 13.200 13.400 13.400 10.500 11.100 13.300 13.200 13.200 10.400 11.000 13.100 13.100 13.400 11/12/2019
26.300 26.400 26.600 19.300 34.400 26.800 27.100 26.800 34.100 34.200 26.700 26.700 33.900 34.300 33.900 31.300 27.500 34.000 34.400 34.400 31.000 27.600 34.100 33.900 33.900 30.700 27.300 33.500 33.600 34.400 12/12/2019
14.300 14.400 14.400 11.200 24.400 14.600 14.700 14.600 18.000 24.300 14.500 14.500 17.900 18.100 24.100 18.500 12.400 18.000 18.200 18.200 18.300 12.400 18.000 17.900 17.900 18.100 12.300 17.700 17.700 18.200 13/12/2019
7.900 8.000 8.000 9.000 13.300 8.100 8.200 8.100 6.200 13.200 8.100 8.100 6.100 6.200 13.100 4.900 4.600 6.200 6.200 6.200 4.800 4.600 6.200 6.100 6.100 4.800 4.600 6.000 6.100 6.200 14/12/2019
1.100 1.100 1.100 2.000 0.000 1.100 1.100 1.100 0.100 0.000 1.100 1.100 0.100 0.100 0.000 0.200 0.000 0.100 0.100 0.100 0.200 0.000 0.100 0.100 0.100 0.200 0.000 0.100 0.100 0.100 15/12/2019
0.000 0.000 0.000 0.000 0.000 0.000 0.000 0.000 0.000 0.000 0.000 0.000 0.000 0.000 0.000 0.000 0.000 0.000 0.000 0.000 0.000 0.000 0.000 0.000 0.000 0.000 0.000 0.000 0.000 0.000 16/12/2019
0.800 0.800 0.800 7.600 5.000 0.800 0.800 0.800 2.200 4.900 0.800 0.800 2.200 2.200 4.900 1.200 1.800 2.200 2.200 2.200 1.200 1.800 2.200 2.200 2.200 1.100 1.800 2.100 2.200 2.200 17/12/2019
0.000 0.000 0.000 0.000 0.000 0.000 0.000 0.000 0.200 0.000 0.000 0.000 0.200 0.200 0.000 0.000 0.200 0.200 0.200 0.200 0.000 0.200 0.200 0.200 0.200 0.000 0.200 0.200 0.200 0.200 18/12/2019
17.700 17.800 17.900 11.700 11.500 18.000 18.200 18.000 9.300 11.500 18.000 18.000 9.300 9.400 11.400 20.100 13.800 9.300 9.400 9.400 19.900 13.800 9.300 9.200 9.200 19.600 13.700 9.100 9.100 9.400 19/12/2019
7.700 7.700 7.700 6.400 9.700 7.800 7.900 7.800 11.700 9.600 7.800 7.800 11.700 11.800 9.600 6.600 6.800 11.700 11.800 11.800 6.500 6.800 11.700 11.600 11.600 6.400 6.800 11.500 11.600 11.800 20/12/2019
14.000 14.100 14.100 14.300 22.700 14.200 14.400 14.200 16.800 22.600 14.200 14.200 16.700 16.900 22.400 14.300 13.000 16.800 17.000 17.000 14.200 13.000 16.800 16.700 16.700 14.000 12.900 16.500 16.500 17.000 21/12/2019
7.800 7.800 7.900 11.200 18.300 7.900 8.000 7.900 10.400 18.200 7.900 7.900 10.400 10.500 18.000 9.800 11.100 10.400 10.500 10.500 9.700 11.100 10.400 10.300 10.300 9.600 11.000 10.200 10.200 10.500 22/12/2019
4.700 4.700 4.700 8.900 9.600 4.800 4.800 4.800 5.200 9.500 4.700 4.700 5.200 5.200 9.500 4.700 3.800 5.200 5.300 5.300 4.700 3.800 5.200 5.200 5.200 4.600 3.800 5.100 5.100 5.300 23/12/2019
0.600 0.600 0.600 1.300 2.000 0.600 0.600 0.600 1.300 2.000 0.600 0.600 1.300 1.400 2.000 0.900 1.900 1.300 1.400 1.400 0.900 1.900 1.300 1.300 1.300 0.900 1.800 1.300 1.300 1.400 24/12/2019
0.000 0.000 0.000 0.000 0.100 0.000 0.000 0.000 0.000 0.100 0.000 0.000 0.000 0.000 0.100 0.100 0.000 0.000 0.000 0.000 0.100 0.000 0.000 0.000 0.000 0.100 0.000 0.000 0.000 0.000 25/12/2019
0.200 0.200 0.200 0.100 0.100 0.200 0.200 0.200 0.200 0.100 0.200 0.200 0.200 0.200 0.100 0.200 0.000 0.200 0.200 0.200 0.200 0.000 0.200 0.200 0.200 0.200 0.000 0.200 0.200 0.200 26/12/2019
0.200 0.200 0.200 0.200 0.400 0.200 0.200 0.200 0.100 0.400 0.200 0.200 0.100 0.100 0.400 0.000 0.100 0.100 0.100 0.100 0.000 0.100 0.100 0.100 0.100 0.000 0.100 0.100 0.100 0.100 27/12/2019
0.100 0.100 0.100 0.000 0.000 0.100 0.100 0.100 0.200 0.000 0.100 0.100 0.200 0.200 0.000 0.100 0.000 0.200 0.200 0.200 0.100 0.000 0.200 0.200 0.200 0.100 0.000 0.200 0.200 0.200 28/12/2019
0.200 0.200 0.200 0.100 0.200 0.200 0.200 0.200 0.200 0.200 0.200 0.200 0.200 0.200 0.200 0.200 0.200 0.200 0.200 0.200 0.200 0.200 0.200 0.200 0.200 0.200 0.100 0.200 0.200 0.200 29/12/2019
0.200 0.200 0.200 0.100 0.100 0.200 0.200 0.200 0.500 0.100 0.200 0.200 0.500 0.400 0.100 0.100 0.000 0.500 0.400 0.400 0.100 0.000 0.500 0.500 0.500 0.100 0.000 0.400 0.400 0.400 30/12/2019
0.200 0.200 0.200 0.100 0.400 0.200 0.200 0.200 0.200 0.400 0.200 0.200 0.200 0.200 0.400 0.200 0.300 0.200 0.200 0.200 0.200 0.300 0.200 0.200 0.200 0.200 0.300 0.200 0.200 0.200 31/12/2019
1.900 1.900 1.900 0.600 0.700 1.900 1.900 1.900 0.800 0.700 1.900 1.900 0.800 0.800 0.700 0.900 0.200 0.800 0.800 0.800 0.900 0.200 0.800 0.800 0.800 0.900 0.100 0.800 0.800 0.800 01/01/2020
0.200 0.200 0.200 0.200 0.200 0.200 0.200 0.200 0.000 0.200 0.200 0.200 0.000 0.000 0.200 0.000 0.200 0.000 0.000 0.000 0.000 0.200 0.000 0.000 0.000 0.000 0.200 0.000 0.000 0.000 02/01/2020
2.200 2.200 2.200 3.100 5.500 2.200 2.200 2.200 4.100 5.400 2.200 2.200 4.100 4.100 5.400 2.400 1.700 4.100 4.100 4.100 2.400 1.700 4.100 4.000 4.000 2.400 1.700 4.000 4.000 4.100 03/01/2020
0.200 0.200 0.200 0.100 0.000 0.200 0.200 0.200 0.200 0.000 0.200 0.200 0.200 0.200 0.000 0.100 0.000 0.200 0.200 0.200 0.100 0.000 0.200 0.200 0.200 0.100 0.000 0.200 0.200 0.200 04/01/2020
0.300 0.300 0.300 0.100 0.300 0.300 0.300 0.300 0.200 0.300 0.300 0.300 0.200 0.200 0.300 0.100 0.000 0.200 0.200 0.200 0.100 0.000 0.200 0.200 0.200 0.100 0.000 0.200 0.200 0.200 05/01/2020
0.400 0.400 0.400 0.400 0.900 0.400 0.400 0.400 0.600 0.900 0.400 0.400 0.600 0.600 0.900 0.200 0.000 0.600 0.600 0.600 0.200 0.000 0.600 0.600 0.600 0.200 0.000 0.500 0.500 0.600 06/01/2020
1.900 1.900 1.900 0.400 2.700 1.900 1.900 1.900 3.400 2.700 1.900 1.900 3.400 3.400 2.700 2.200 1.300 3.400 3.500 3.500 2.200 1.300 3.400 3.400 3.400 2.200 1.300 3.400 3.400 3.500 07/01/2020
0.200 0.200 0.200 0.000 0.000 0.200 0.200 0.200 0.200 0.000 0.200 0.200 0.200 0.200 0.000 0.000 0.000 0.200 0.200 0.200 0.000 0.000 0.200 0.200 0.200 0.000 0.000 0.200 0.200 0.200 08/01/2020
7.100 7.100 7.100 5.800 8.300 7.200 7.300 7.200 5.100 8.300 7.200 7.200 5.100 5.200 8.200 6.700 4.600 5.100 5.200 5.200 6.600 4.600 5.100 5.100 5.100 6.500 4.600 5.000 5.000 5.200 09/01/2020
0.000 0.000 0.000 0.000 0.200 0.000 0.000 0.000 0.200 0.200 0.000 0.000 0.200 0.200 0.100 0.000 0.000 0.200 0.200 0.200 0.000 0.000 0.200 0.200 0.200 0.000 0.000 0.200 0.200 0.200 10/01/2020
0.100 0.100 0.100 0.000 0.100 0.100 0.100 0.100 0.200 0.100 0.100 0.100 0.200 0.200 0.100 0.200 0.000 0.200 0.200 0.200 0.200 0.000 0.200 0.200 0.200 0.200 0.000 0.200 0.200 0.200 11/01/2020
0.100 0.100 0.100 1.400 0.100 0.100 0.100 0.100 0.000 0.100 0.100 0.100 0.000 0.000 0.100 0.100 0.000 0.000 0.000 0.000 0.100 0.000 0.000 0.000 0.000 0.100 0.000 0.000 0.000 0.000 12/01/2020
0.000 0.000 0.000 0.000 0.000 0.000 0.000 0.000 0.100 0.000 0.000 0.000 0.100 0.200 0.000 0.000 0.000 0.100 0.200 0.200 0.000 0.000 0.100 0.100 0.100 0.000 0.000 0.100 0.100 0.200 13/01/2020
0.000 0.000 0.000 0.000 0.000 0.000 0.000 0.000 0.000 0.000 0.000 0.000 0.000 0.000 0.000 0.000 0.000 0.000 0.000 0.000 0.000 0.000 0.000 0.000 0.000 0.000 0.000 0.000 0.000 0.000 14/01/2020
0.200 0.200 0.200 0.000 0.200 0.200 0.200 0.200 0.000 0.200 0.200 0.200 0.000 0.000 0.200 0.200 0.000 0.000 0.000 0.000 0.200 0.000 0.000 0.000 0.000 0.200 0.000 0.000 0.000 0.000 15/01/2020
3.000 3.000 3.000 3.400 5.100 3.000 3.100 3.000 3.000 5.100 3.000 3.000 3.000 3.000 5.000 2.300 2.900 3.000 3.000 3.000 2.300 2.900 3.000 3.000 3.000 2.200 2.900 2.900 2.900 3.000 16/01/2020
2.200 2.200 2.200 3.300 2.000 2.300 2.300 2.300 2.400 2.000 2.300 2.300 2.400 2.400 2.000 3.700 4.000 2.400 2.400 2.400 3.700 4.000 2.400 2.400 2.400 3.700 4.000 2.400 2.400 2.400 17/01/2020
0.000 0.000 0.000 0.200 0.000 0.000 0.000 0.000 0.000 0.000 0.000 0.000 0.000 0.000 0.000 0.000 0.000 0.000 0.000 0.000 0.000 0.000 0.000 0.000 0.000 0.000 0.000 0.000 0.000 0.000 18/01/2020
0.000 0.000 0.000 0.000 0.000 0.000 0.000 0.000 0.000 0.000 0.000 0.000 0.000 0.000 0.000 0.000 0.000 0.000 0.000 0.000 0.000 0.000 0.000 0.000 0.000 0.000 0.000 0.000 0.000 0.000 19/01/2020
0.000 0.000 0.000 0.000 0.000 0.000 0.000 0.000 0.000 0.000 0.000 0.000 0.000 0.000 0.000 0.000 0.000 0.000 0.000 0.000 0.000 0.000 0.000 0.000 0.000 0.000 0.000 0.000 0.000 0.000 20/01/2020
0.000 0.000 0.000 0.000 0.000 0.000 0.000 0.000 0.000 0.000 0.000 0.000 0.000 0.000 0.000 0.000 0.000 0.000 0.000 0.000 0.000 0.000 0.000 0.000 0.000 0.000 0.000 0.000 0.000 0.000 21/01/2020
0.000 0.000 0.000 0.000 0.000 0.000 0.000 0.000 0.200 0.000 0.000 0.000 0.200 0.200 0.000 0.100 0.400 0.200 0.200 0.200 0.100 0.400 0.200 0.200 0.200 0.100 0.400 0.200 0.200 0.200 22/01/2020
1.200 1.200 1.200 0.600 1.000 1.200 1.200 1.200 1.800 1.000 1.200 1.200 1.800 1.800 1.000 3.000 5.600 1.800 1.800 1.800 2.900 5.600 1.800 1.800 1.800 2.900 5.500 1.700 1.700 1.800 23/01/2020
0.200 0.200 0.200 0.100 0.100 0.200 0.200 0.200 0.200 0.100 0.200 0.200 0.200 0.200 0.100 0.200 0.000 0.200 0.200 0.200 0.200 0.000 0.200 0.200 0.200 0.200 0.000 0.200 0.200 0.200 24/01/2020
1.900 1.900 1.900 2.500 0.400 1.900 2.000 1.900 1.100 0.400 1.900 1.900 1.000 1.100 0.400 3.100 2.200 1.000 1.100 1.100 3.000 2.200 1.100 1.000 1.000 3.000 2.100 1.000 1.000 1.100 25/01/2020
4.100 4.100 4.100 2.900 5.900 4.100 4.200 4.100 6.500 5.900 4.100 4.100 6.400 6.500 5.800 2.700 4.000 6.400 6.500 6.500 2.700 4.000 6.500 6.400 6.400 2.700 4.000 6.300 6.400 6.500 26/01/2020
17.400 17.600 17.600 14.100 17.400 17.800 18.000 17.800 13.600 17.300 17.800 17.700 13.500 13.600 17.100 14.000 11.200 13.500 13.700 13.700 13.900 11.200 13.600 13.500 13.500 13.700 11.100 13.300 13.400 13.700 27/01/2020
4.100 4.100 4.100 5.200 5.800 4.200 4.200 4.200 3.300 5.700 4.200 4.200 3.300 3.300 5.700 5.000 3.600 3.300 3.300 3.300 4.900 3.600 3.300 3.300 3.300 4.900 3.500 3.200 3.200 3.300 28/01/2020
8.900 8.900 9.000 4.300 9.400 9.100 9.200 9.100 6.800 9.400 9.000 9.000 6.800 6.800 9.300 7.300 5.700 6.800 6.800 6.800 7.200 5.700 6.800 6.700 6.700 7.200 5.600 6.700 6.700 6.800 29/01/2020
6.600 6.700 6.700 12.400 16.000 6.700 6.800 6.700 12.700 16.000 6.700 6.700 12.600 12.700 15.800 5.000 7.400 12.600 12.800 12.800 5.000 7.400 12.700 12.600 12.600 4.900 7.300 12.500 12.500 12.800 30/01/2020
5.500 5.500 5.500 3.800 4.100 5.500 5.600 5.500 4.300 4.000 5.500 5.500 4.300 4.300 4.000 6.600 5.400 4.300 4.300 4.300 6.500 5.400 4.300 4.300 4.300 6.500 5.300 4.200 4.200 4.300 31/01/2020
6.400 6.400 6.400 9.900 16.700 6.500 6.500 6.500 7.300 16.600 6.500 6.500 7.300 7.400 16.400 3.200 3.400 7.300 7.400 7.400 3.100 3.400 7.300 7.300 7.300 3.100 3.400 7.200 7.200 7.400 01/02/2020
2.900 2.900 2.900 5.800 4.900 2.900 2.900 2.900 1.800 4.800 2.900 2.900 1.800 1.800 4.800 0.900 0.600 1.800 1.800 1.800 0.900 0.600 1.800 1.800 1.800 0.800 0.600 1.800 1.800 1.800 02/02/2020
0.200 0.200 0.200 1.000 0.800 0.200 0.200 0.200 0.300 0.800 0.200 0.200 0.300 0.300 0.800 0.000 0.000 0.300 0.300 0.300 0.000 0.000 0.300 0.300 0.300 0.000 0.000 0.300 0.300 0.300 03/02/2020
0.500 0.500 0.500 0.000 0.000 0.500 0.500 0.500 0.200 0.000 0.500 0.500 0.200 0.200 0.000 0.200 0.000 0.200 0.200 0.200 0.200 0.000 0.200 0.200 0.200 0.200 0.000 0.200 0.200 0.200 04/02/2020
0.000 0.000 0.000 0.000 0.000 0.000 0.000 0.000 0.100 0.000 0.000 0.000 0.100 0.200 0.000 0.000 0.000 0.100 0.200 0.200 0.000 0.000 0.100 0.100 0.100 0.000 0.000 0.100 0.100 0.200 05/02/2020
0.000 0.000 0.000 0.000 0.000 0.000 0.000 0.000 0.000 0.000 0.000 0.000 0.000 0.000 0.000 0.000 0.100 0.000 0.000 0.000 0.000 0.100 0.000 0.000 0.000 0.000 0.100 0.000 0.000 0.000 06/02/2020
0.000 0.000 0.000 0.000 0.000 0.000 0.000 0.000 0.200 0.000 0.000 0.000 0.200 0.200 0.000 0.100 0.000 0.200 0.200 0.200 0.100 0.000 0.200 0.200 0.200 0.100 0.000 0.200 0.200 0.200 07/02/2020
0.400 0.400 0.400 0.300 0.000 0.400 0.400 0.400 0.200 0.000 0.400 0.400 0.200 0.200 0.000 0.300 0.000 0.200 0.200 0.200 0.300 0.000 0.200 0.200 0.200 0.300 0.000 0.200 0.200 0.200 08/02/2020
1.600 1.600 1.600 4.500 6.700 1.700 1.700 1.700 2.900 6.700 1.700 1.700 2.800 2.900 6.600 1.900 1.800 2.900 2.900 2.900 1.900 1.800 2.900 2.800 2.800 1.900 1.800 2.800 2.800 2.900 09/02/2020
2.500 2.500 2.600 1.900 4.200 2.600 2.600 2.600 2.700 4.200 2.600 2.600 2.600 2.700 4.100 2.200 2.000 2.600 2.700 2.700 2.200 2.000 2.700 2.600 2.600 2.100 1.900 2.600 2.600 2.700 10/02/2020
1.000 1.000 1.000 0.700 2.100 1.000 1.000 1.000 2.700 2.100 1.000 1.000 2.700 2.700 2.100 2.800 3.000 2.700 2.700 2.700 2.800 3.000 2.700 2.700 2.700 2.800 3.000 2.600 2.600 2.700 11/02/2020
0.700 0.700 0.700 0.100 0.700 0.700 0.800 0.700 0.700 0.700 0.700 0.700 0.700 0.700 0.700 0.900 1.200 0.700 0.700 0.700 0.900 1.200 0.700 0.700 0.700 0.900 1.200 0.700 0.700 0.700 12/02/2020
2.700 2.700 2.700 3.200 5.300 2.700 2.700 2.700 2.400 5.200 2.700 2.700 2.400 2.400 5.200 2.600 2.800 2.400 2.400 2.400 2.600 2.800 2.400 2.400 2.400 2.600 2.800 2.300 2.300 2.400 13/02/2020
0.000 0.000 0.000 0.000 0.100 0.000 0.000 0.000 0.200 0.100 0.000 0.000 0.200 0.200 0.100 0.000 0.000 0.200 0.200 0.200 0.000 0.000 0.200 0.200 0.200 0.000 0.000 0.200 0.200 0.200 14/02/2020
0.000 0.000 0.000 0.000 0.000 0.000 0.000 0.000 0.000 0.000 0.000 0.000 0.000 0.000 0.000 0.000 0.000 0.000 0.000 0.000 0.000 0.000 0.000 0.000 0.000 0.000 0.000 0.000 0.000 0.000 15/02/2020
2.400 2.400 2.500 1.800 1.600 2.500 2.500 2.500 1.600 1.600 2.500 2.500 1.500 1.600 1.500 0.600 0.000 1.600 1.600 1.600 0.600 0.000 1.600 1.500 1.500 0.600 0.000 1.500 1.500 1.600 16/02/2020
4.500 4.500 4.500 6.100 8.400 4.500 4.600 4.500 5.900 8.400 4.500 4.500 5.900 5.900 8.300 5.500 5.200 5.900 6.000 6.000 5.400 5.200 5.900 5.900 5.900 5.400 5.100 5.800 5.800 6.000 17/02/2020
2.000 2.000 2.000 1.000 2.500 2.000 2.000 2.000 1.800 2.500 2.000 2.000 1.800 1.800 2.500 1.500 1.200 1.800 1.800 1.800 1.500 1.200 1.800 1.800 1.800 1.500 1.100 1.800 1.800 1.800 18/02/2020
0.300 0.300 0.300 1.300 2.200 0.300 0.300 0.300 0.600 2.200 0.300 0.300 0.600 0.600 2.200 0.000 0.200 0.600 0.600 0.600 0.000 0.200 0.600 0.600 0.600 0.000 0.200 0.600 0.600 0.600 19/02/2020
0.300 0.300 0.300 0.500 0.600 0.300 0.300 0.300 0.400 0.600 0.300 0.300 0.400 0.400 0.600 0.200 0.000 0.400 0.400 0.400 0.200 0.000 0.400 0.400 0.400 0.200 0.000 0.400 0.400 0.400 20/02/2020
0.000 0.000 0.000 0.100 0.000 0.000 0.000 0.000 0.000 0.000 0.000 0.000 0.000 0.000 0.000 0.000 0.000 0.000 0.000 0.000 0.000 0.000 0.000 0.000 0.000 0.000 0.000 0.000 0.000 0.000 21/02/2020
0.100 0.100 0.100 0.100 0.100 0.100 0.100 0.100 0.200 0.100 0.100 0.100 0.200 0.200 0.100 0.100 0.000 0.200 0.200 0.200 0.100 0.000 0.200 0.200 0.200 0.100 0.000 0.200 0.200 0.200 22/02/2020
0.000 0.000 0.000 0.000 0.000 0.000 0.000 0.000 0.000 0.000 0.000 0.000 0.000 0.000 0.000 0.000 0.200 0.000 0.000 0.000 0.000 0.200 0.000 0.000 0.000 0.000 0.200 0.000 0.000 0.000 23/02/2020
1.700 1.700 1.700 0.400 1.000 1.700 1.700 1.700 0.700 1.000 1.700 1.700 0.700 0.700 1.000 0.700 0.400 0.700 0.700 0.700 0.600 0.400 0.700 0.700 0.700 0.600 0.400 0.700 0.700 0.700 24/02/2020
6.100 6.100 6.100 7.700 13.300 6.200 6.200 6.200 7.200 13.200 6.200 6.200 7.200 7.200 13.100 8.600 6.100 7.200 7.300 7.300 8.500 6.100 7.200 7.100 7.100 8.400 6.100 7.100 7.100 7.300 25/02/2020
6.600 6.600 6.700 2.900 5.100 6.700 6.800 6.700 4.900 5.100 6.700 6.700 4.900 4.900 5.000 6.700 5.600 4.900 4.900 4.900 6.700 5.600 4.900 4.800 4.800 6.600 5.600 4.800 4.800 4.900 26/02/2020
4.900 5.000 5.000 6.700 13.600 5.000 5.100 5.000 8.200 13.600 5.000 5.000 8.100 8.200 13.400 10.200 8.200 8.200 8.300 8.200 10.100 8.200 8.200 8.100 8.100 10.000 8.200 8.000 8.000 8.300 27/02/2020
0.800 0.800 0.800 0.100 1.800 0.800 0.800 0.800 1.700 1.800 0.800 0.800 1.700 1.700 1.800 0.700 0.500 1.700 1.700 1.700 0.700 0.500 1.700 1.700 1.700 0.700 0.500 1.700 1.700 1.700 28/02/2020
3.800 3.900 3.900 2.300 3.400 3.900 3.900 3.900 4.900 3.400 3.900 3.900 4.900 5.000 3.300 5.300 3.700 4.900 5.000 5.000 5.200 3.700 4.900 4.900 4.900 5.200 3.700 4.800 4.900 5.000 29/02/2020
11.100 11.200 11.200 10.000 8.700 11.300 11.400 11.300 8.200 8.600 11.300 11.300 8.100 8.200 8.600 11.500 9.700 8.100 8.200 8.200 11.300 9.700 8.200 8.100 8.100 11.200 9.600 8.000 8.000 8.200 01/03/2020
6.200 6.200 6.300 9.700 10.300 6.300 6.400 6.300 8.800 10.300 6.300 6.300 8.800 8.900 10.200 8.300 7.900 8.800 8.900 8.900 8.300 7.900 8.800 8.800 8.800 8.200 7.800 8.700 8.700 8.900 02/03/2020
8.600 8.700 8.700 5.700 8.400 8.800 8.900 8.800 10.100 8.400 8.800 8.800 10.000 10.100 8.300 8.900 9.200 10.100 10.200 10.100 8.800 9.200 10.100 10.000 10.000 8.700 9.100 9.900 9.900 10.200 03/03/2020
9.700 9.800 9.800 13.600 15.300 9.900 9.900 9.900 9.600 15.300 9.800 9.800 9.600 9.700 15.200 7.900 7.200 9.600 9.700 9.700 7.800 7.200 9.600 9.500 9.500 7.700 7.100 9.400 9.500 9.700 04/03/2020
10.600 10.700 10.700 10.900 19.300 10.800 10.900 10.800 16.200 19.200 10.800 10.800 16.100 16.300 19.000 15.300 13.500 16.100 16.300 16.300 15.100 13.500 16.200 16.100 16.100 15.000 13.400 15.900 15.900 16.300 05/03/2020
2.800 2.800 2.900 9.500 8.100 2.900 2.900 2.900 5.300 8.000 2.900 2.900 5.300 5.400 8.000 1.800 1.400 5.300 5.400 5.400 1.800 1.400 5.300 5.300 5.300 1.800 1.400 5.200 5.300 5.400 06/03/2020
0.200 0.200 0.200 0.100 0.000 0.200 0.200 0.200 0.000 0.000 0.200 0.200 0.000 0.000 0.000 0.200 0.000 0.000 0.000 0.000 0.200 0.000 0.000 0.000 0.000 0.100 0.000 0.000 0.000 0.000 07/03/2020
4.400 4.400 4.400 4.300 6.800 4.500 4.500 4.500 4.800 6.800 4.500 4.500 4.800 4.800 6.700 3.800 4.300 4.800 4.800 4.800 3.800 4.300 4.800 4.700 4.700 3.700 4.300 4.700 4.700 4.800 08/03/2020
4.200 4.200 4.200 4.400 5.300 4.300 4.300 4.300 4.500 5.300 4.300 4.300 4.500 4.500 5.200 3.600 4.200 4.500 4.500 4.500 3.600 4.200 4.500 4.500 4.500 3.600 4.200 4.400 4.400 4.500 09/03/2020
0.900 0.900 0.900 1.400 3.400 0.900 0.900 0.900 1.200 3.400 0.900 0.900 1.200 1.200 3.400 0.600 0.400 1.200 1.200 1.200 0.600 0.400 1.200 1.200 1.200 0.600 0.400 1.200 1.200 1.200 10/03/2020
3.100 3.100 3.100 0.400 0.200 3.100 3.200 3.100 0.100 0.200 3.100 3.100 0.100 0.100 0.200 0.400 0.000 0.100 0.100 0.100 0.400 0.000 0.100 0.100 0.100 0.400 0.000 0.100 0.100 0.100 11/03/2020
0.800 0.800 0.800 1.700 0.600 0.800 0.800 0.800 0.500 0.600 0.800 0.800 0.500 0.500 0.600 0.500 0.700 0.500 0.500 0.500 0.500 0.700 0.500 0.500 0.500 0.500 0.700 0.500 0.500 0.500 12/03/2020
0.200 0.200 0.200 0.000 0.200 0.200 0.200 0.200 0.000 0.200 0.200 0.200 0.000 0.000 0.200 0.200 0.000 0.000 0.000 0.000 0.200 0.000 0.000 0.000 0.000 0.200 0.000 0.000 0.000 0.000 13/03/2020
0.100 0.100 0.100 0.100 0.200 0.100 0.100 0.100 1.000 0.200 0.100 0.100 1.000 1.000 0.200 0.000 0.000 1.000 1.000 1.000 0.000 0.000 1.000 1.000 1.000 0.000 0.000 1.000 1.000 1.000 14/03/2020
13.400 13.400 13.500 11.700 10.600 13.600 13.800 13.600 12.500 10.600 13.600 13.600 12.400 12.500 10.500 14.800 13.000 12.400 12.600 12.500 14.700 13.000 12.500 12.400 12.400 14.500 12.900 12.300 12.300 12.600 15/03/2020
0.900 0.900 0.900 1.900 2.800 0.900 0.900 0.900 2.400 2.800 0.900 0.900 2.400 2.400 2.800 2.100 2.900 2.400 2.500 2.500 2.100 2.900 2.400 2.400 2.400 2.000 2.900 2.400 2.400 2.500 16/03/2020
0.100 0.100 0.100 0.000 0.400 0.100 0.100 0.100 0.100 0.400 0.100 0.100 0.100 0.100 0.400 0.100 0.200 0.100 0.100 0.100 0.100 0.200 0.100 0.100 0.100 0.100 0.200 0.100 0.100 0.100 17/03/2020
0.000 0.000 0.000 0.000 0.000 0.000 0.000 0.000 0.000 0.000 0.000 0.000 0.000 0.000 0.000 0.000 0.000 0.000 0.000 0.000 0.000 0.000 0.000 0.000 0.000 0.000 0.000 0.000 0.000 0.000 18/03/2020
0.000 0.000 0.000 0.000 0.000 0.000 0.000 0.000 0.000 0.000 0.000 0.000 0.000 0.000 0.000 0.000 0.000 0.000 0.000 0.000 0.000 0.000 0.000 0.000 0.000 0.000 0.000 0.000 0.000 0.000 19/03/2020
0.000 0.000 0.000 0.000 0.000 0.000 0.000 0.000 0.000 0.000 0.000 0.000 0.000 0.000 0.000 0.000 0.000 0.000 0.000 0.000 0.000 0.000 0.000 0.000 0.000 0.000 0.000 0.000 0.000 0.000 20/03/2020
0.000 0.000 0.000 0.000 0.200 0.000 0.000 0.000 0.000 0.200 0.000 0.000 0.000 0.000 0.200 0.000 0.000 0.000 0.000 0.000 0.000 0.000 0.000 0.000 0.000 0.000 0.000 0.000 0.000 0.000 21/03/2020
0.000 0.000 0.000 0.000 0.100 0.000 0.000 0.000 0.000 0.100 0.000 0.000 0.000 0.000 0.100 0.000 0.000 0.000 0.000 0.000 0.000 0.000 0.000 0.000 0.000 0.000 0.000 0.000 0.000 0.000 22/03/2020
0.100 0.100 0.100 2.900 0.400 0.100 0.100 0.100 0.400 0.400 0.100 0.100 0.300 0.400 0.400 0.000 0.000 0.400 0.400 0.400 0.000 0.000 0.400 0.300 0.300 0.000 0.000 0.300 0.300 0.400 23/03/2020
0.000 0.000 0.000 0.000 0.000 0.000 0.000 0.000 0.000 0.000 0.000 0.000 0.000 0.000 0.000 0.000 0.000 0.000 0.000 0.000 0.000 0.000 0.000 0.000 0.000 0.000 0.000 0.000 0.000 0.000 24/03/2020
0.000 0.000 0.000 0.000 0.000 0.000 0.000 0.000 0.000 0.000 0.000 0.000 0.000 0.000 0.000 0.000 0.000 0.000 0.000 0.000 0.000 0.000 0.000 0.000 0.000 0.000 0.000 0.000 0.000 0.000 25/03/2020
0.000 0.000 0.000 0.000 0.000 0.000 0.000 0.000 0.000 0.000 0.000 0.000 0.000 0.000 0.000 0.000 0.000 0.000 0.000 0.000 0.000 0.000 0.000 0.000 0.000 0.000 0.000 0.000 0.000 0.000 26/03/2020
0.000 0.000 0.000 0.000 0.000 0.000 0.000 0.000 0.000 0.000 0.000 0.000 0.000 0.000 0.000 0.000 0.000 0.000 0.000 0.000 0.000 0.000 0.000 0.000 0.000 0.000 0.000 0.000 0.000 0.000 27/03/2020
0.000 0.000 0.000 0.000 0.000 0.000 0.000 0.000 0.000 0.000 0.000 0.000 0.000 0.000 0.000 0.000 0.000 0.000 0.000 0.000 0.000 0.000 0.000 0.000 0.000 0.000 0.000 0.000 0.000 0.000 28/03/2020
0.100 0.200 0.200 0.200 0.000 0.200 0.100 0.200 0.000 0.000 0.200 0.200 0.000 0.000 0.000 0.000 0.200 0.000 0.000 0.000 0.000 0.200 0.000 0.000 0.000 0.000 0.200 0.000 0.000 0.000 29/03/2020
2.600 2.600 2.600 0.800 1.800 2.700 2.600 2.700 2.300 1.800 2.600 2.600 2.300 2.300 1.800 4.100 3.800 2.300 2.300 2.300 4.000 3.800 2.300 2.300 2.300 4.000 3.800 2.200 2.200 2.300 30/03/2020
0.000 0.000 0.000 0.000 0.000 0.000 0.000 0.000 0.000 0.000 0.000 0.000 0.000 0.000 0.000 0.000 0.000 0.000 0.000 0.000 0.000 0.000 0.000 0.000 0.000 0.000 0.000 0.000 0.000 0.000 31/03/2020
0.000 0.000 0.000 0.000 0.000 0.000 0.000 0.000 0.000 0.000 0.000 0.000 0.000 0.000 0.000 0.000 0.000 0.000 0.000 0.000 0.000 0.000 0.000 0.000 0.000 0.000 0.000 0.000 0.000 0.000 01/04/2020
0.000 0.000 0.000 0.000 0.000 0.000 0.000 0.000 0.000 0.000 0.000 0.000 0.000 0.000 0.000 0.000 0.000 0.000 0.000 0.000 0.000 0.000 0.000 0.000 0.000 0.000 0.000 0.000 0.000 0.000 02/04/2020
0.000 0.000 0.000 0.000 0.000 0.000 0.000 0.000 0.000 0.000 0.000 0.000 0.000 0.000 0.000 0.000 0.000 0.000 0.000 0.000 0.000 0.000 0.000 0.000 0.000 0.000 0.000 0.000 0.000 0.000 03/04/2020
0.000 0.000 0.000 0.000 0.000 0.000 0.000 0.000 0.000 0.000 0.000 0.000 0.000 0.000 0.000 0.000 0.000 0.000 0.000 0.000 0.000 0.000 0.000 0.000 0.000 0.000 0.000 0.000 0.000 0.000 04/04/2020
0.000 0.000 0.000 0.000 0.000 0.000 0.000 0.000 0.000 0.000 0.000 0.000 0.000 0.000 0.000 0.000 0.000 0.000 0.000 0.000 0.000 0.000 0.000 0.000 0.000 0.000 0.000 0.000 0.000 0.000 05/04/2020
0.000 0.000 0.000 0.000 0.000 0.000 0.000 0.000 0.000 0.000 0.000 0.000 0.000 0.000 0.000 0.000 0.000 0.000 0.000 0.000 0.000 0.000 0.000 0.000 0.000 0.000 0.000 0.000 0.000 0.000 06/04/2020
0.000 0.000 0.000 0.000 0.000 0.000 0.000 0.000 0.000 0.000 0.000 0.000 0.000 0.000 0.000 0.000 0.000 0.000 0.000 0.000 0.000 0.000 0.000 0.000 0.000 0.000 0.000 0.000 0.000 0.000 07/04/2020
0.000 0.000 0.000 0.000 0.000 0.000 0.000 0.000 0.000 0.000 0.000 0.000 0.000 0.000 0.000 0.000 0.000 0.000 0.000 0.000 0.000 0.000 0.000 0.000 0.000 0.000 0.000 0.000 0.000 0.000 08/04/2020
0.000 0.000 0.000 0.000 0.000 0.000 0.000 0.000 0.000 0.000 0.000 0.000 0.000 0.000 0.000 0.000 0.000 0.000 0.000 0.000 0.000 0.000 0.000 0.000 0.000 0.000 0.000 0.000 0.000 0.000 09/04/2020
0.000 0.000 0.000 0.000 0.000 0.000 0.000 0.000 0.000 0.000 0.000 0.000 0.000 0.000 0.000 0.000 0.000 0.000 0.000 0.000 0.000 0.000 0.000 0.000 0.000 0.000 0.000 0.000 0.000 0.000 10/04/2020
0.000 0.000 0.000 0.000 0.000 0.000 0.000 0.000 0.000 0.000 0.000 0.000 0.000 0.000 0.000 0.000 0.000 0.000 0.000 0.000 0.000 0.000 0.000 0.000 0.000 0.000 0.000 0.000 0.000 0.000 11/04/2020
0.000 0.000 0.000 0.000 0.000 0.000 0.000 0.000 0.000 0.000 0.000 0.000 0.000 0.000 0.000 0.000 0.000 0.000 0.000 0.000 0.000 0.000 0.000 0.000 0.000 0.000 0.000 0.000 0.000 0.000 12/04/2020
0.000 0.000 0.000 0.000 0.000 0.000 0.000 0.000 0.000 0.000 0.000 0.000 0.000 0.000 0.000 0.000 0.000 0.000 0.000 0.000 0.000 0.000 0.000 0.000 0.000 0.000 0.000 0.000 0.000 0.000 13/04/2020
0.000 0.000 0.000 0.000 0.000 0.000 0.000 0.000 0.000 0.000 0.000 0.000 0.000 0.000 0.000 0.000 0.000 0.000 0.000 0.000 0.000 0.000 0.000 0.000 0.000 0.000 0.000 0.000 0.000 0.000 14/04/2020
0.000 0.000 0.000 0.000 0.000 0.000 0.000 0.000 0.000 0.000 0.000 0.000 0.000 0.000 0.000 0.000 0.000 0.000 0.000 0.000 0.000 0.000 0.000 0.000 0.000 0.000 0.000 0.000 0.000 0.000 15/04/2020
0.000 0.000 0.000 0.000 0.000 0.000 0.000 0.000 0.000 0.000 0.000 0.000 0.000 0.000 0.000 0.000 0.000 0.000 0.000 0.000 0.000 0.000 0.000 0.000 0.000 0.000 0.000 0.000 0.000 0.000 16/04/2020
0.000 0.000 0.000 0.000 0.000 0.000 0.000 0.000 0.000 0.000 0.000 0.000 0.000 0.000 0.000 0.000 0.000 0.000 0.000 0.000 0.000 0.000 0.000 0.000 0.000 0.000 0.000 0.000 0.000 0.000 17/04/2020
0.000 0.000 0.000 0.000 0.000 0.000 0.000 0.000 0.000 0.000 0.000 0.000 0.000 0.000 0.000 0.000 0.000 0.000 0.000 0.000 0.000 0.000 0.000 0.000 0.000 0.000 0.000 0.000 0.000 0.000 18/04/2020
0.000 0.000 0.000 0.000 0.000 0.000 0.000 0.000 0.000 0.000 0.000 0.000 0.000 0.000 0.000 0.000 0.000 0.000 0.000 0.000 0.000 0.000 0.000 0.000 0.000 0.000 0.000 0.000 0.000 0.000 19/04/2020
0.000 0.000 0.000 0.000 0.000 0.000 0.000 0.000 0.000 0.000 0.000 0.000 0.000 0.000 0.000 0.000 0.000 0.000 0.000 0.000 0.000 0.000 0.000 0.000 0.000 0.000 0.000 0.000 0.000 0.000 20/04/2020
0.000 0.000 0.000 0.000 0.000 0.000 0.000 0.000 0.000 0.000 0.000 0.000 0.000 0.000 0.000 0.000 0.000 0.000 0.000 0.000 0.000 0.000 0.000 0.000 0.000 0.000 0.000 0.000 0.000 0.000 21/04/2020
0.000 0.000 0.000 0.000 0.000 0.000 0.000 0.000 0.000 0.000 0.000 0.000 0.000 0.000 0.000 0.000 0.000 0.000 0.000 0.000 0.000 0.000 0.000 0.000 0.000 0.000 0.000 0.000 0.000 0.000 22/04/2020
0.000 0.000 0.000 0.000 0.000 0.000 0.000 0.000 0.000 0.000 0.000 0.000 0.000 0.000 0.000 0.000 0.000 0.000 0.000 0.000 0.000 0.000 0.000 0.000 0.000 0.000 0.000 0.000 0.000 0.000 23/04/2020
0.000 0.000 0.000 0.000 0.000 0.000 0.000 0.000 0.000 0.000 0.000 0.000 0.000 0.000 0.000 0.000 0.000 0.000 0.000 0.000 0.000 0.000 0.000 0.000 0.000 0.000 0.000 0.000 0.000 0.000 24/04/2020
0.000 0.000 0.000 0.000 0.000 0.000 0.000 0.000 0.000 0.000 0.000 0.000 0.000 0.000 0.000 0.000 0.000 0.000 0.000 0.000 0.000 0.000 0.000 0.000 0.000 0.000 0.000 0.000 0.000 0.000 25/04/2020
0.000 0.000 0.000 0.000 0.000 0.000 0.000 0.000 0.000 0.000 0.000 0.000 0.000 0.000 0.000 0.000 0.000 0.000 0.000 0.000 0.000 0.000 0.000 0.000 0.000 0.000 0.000 0.000 0.000 0.000 26/04/2020
0.000 0.000 0.000 0.000 0.000 0.000 0.000 0.000 0.000 0.000 0.000 0.000 0.000 0.000 0.000 0.000 0.000 0.000 0.000 0.000 0.000 0.000 0.000 0.000 0.000 0.000 0.000 0.000 0.000 0.000 27/04/2020
0.000 0.000 0.000 0.000 0.000 0.000 0.000 0.000 0.000 0.000 0.000 0.000 0.000 0.000 0.000 0.000 0.000 0.000 0.000 0.000 0.000 0.000 0.000 0.000 0.000 0.000 0.000 0.000 0.000 0.000 28/04/2020
0.000 0.000 0.000 0.000 0.000 0.000 0.000 0.000 0.000 0.000 0.000 0.000 0.000 0.000 0.000 0.000 0.000 0.000 0.000 0.000 0.000 0.000 0.000 0.000 0.000 0.000 0.000 0.000 0.000 0.000 29/04/2020
0.000 0.000 0.000 0.000 0.000 0.000 0.000 0.000 0.000 0.000 0.000 0.000 0.000 0.000 0.000 0.000 0.000 0.000 0.000 0.000 0.000 0.000 0.000 0.000 0.000 0.000 0.000 0.000 0.000 0.000 30/04/2020
0.000 0.000 0.000 0.000 0.000 0.000 0.000 0.000 0.000 0.000 0.000 0.000 0.000 0.000 0.000 0.000 0.000 0.000 0.000 0.000 0.000 0.000 0.000 0.000 0.000 0.000 0.000 0.000 0.000 0.000 01/05/2020
0.000 0.000 0.000 0.000 0.000 0.000 0.000 0.000 0.000 0.000 0.000 0.000 0.000 0.000 0.000 0.000 0.000 0.000 0.000 0.000 0.000 0.000 0.000 0.000 0.000 0.000 0.000 0.000 0.000 0.000 02/05/2020
0.000 0.000 0.000 0.000 0.000 0.000 0.000 0.000 0.000 0.000 0.000 0.000 0.000 0.000 0.000 0.000 0.000 0.000 0.000 0.000 0.000 0.000 0.000 0.000 0.000 0.000 0.000 0.000 0.000 0.000 03/05/2020
0.000 0.000 0.000 0.000 0.000 0.000 0.000 0.000 0.000 0.000 0.000 0.000 0.000 0.000 0.000 0.000 0.000 0.000 0.000 0.000 0.000 0.000 0.000 0.000 0.000 0.000 0.000 0.000 0.000 0.000 04/05/2020
0.000 0.000 0.000 0.000 0.000 0.000 0.000 0.000 0.000 0.000 0.000 0.000 0.000 0.000 0.000 0.000 0.000 0.000 0.000 0.000 0.000 0.000 0.000 0.000 0.000 0.000 0.000 0.000 0.000 0.000 05/05/2020
0.000 0.000 0.000 0.000 0.000 0.000 0.000 0.000 0.000 0.000 0.000 0.000 0.000 0.000 0.000 0.000 0.000 0.000 0.000 0.000 0.000 0.000 0.000 0.000 0.000 0.000 0.000 0.000 0.000 0.000 06/05/2020
0.000 0.000 0.000 0.000 0.000 0.000 0.000 0.000 0.000 0.000 0.000 0.000 0.000 0.000 0.000 0.000 0.000 0.000 0.000 0.000 0.000 0.000 0.000 0.000 0.000 0.000 0.000 0.000 0.000 0.000 07/05/2020
0.000 0.000 0.000 0.000 0.000 0.000 0.000 0.000 0.000 0.000 0.000 0.000 0.000 0.000 0.000 0.000 0.000 0.000 0.000 0.000 0.000 0.000 0.000 0.000 0.000 0.000 0.000 0.000 0.000 0.000 08/05/2020
0.000 0.000 0.000 0.000 0.000 0.000 0.000 0.000 0.000 0.000 0.000 0.000 0.000 0.000 0.000 0.000 0.000 0.000 0.000 0.000 0.000 0.000 0.000 0.000 0.000 0.000 0.000 0.000 0.000 0.000 09/05/2020
0.000 0.000 0.000 0.000 0.000 0.000 0.000 0.000 0.000 0.000 0.000 0.000 0.000 0.000 0.000 0.000 0.000 0.000 0.000 0.000 0.000 0.000 0.000 0.000 0.000 0.000 0.000 0.000 0.000 0.000 10/05/2020
0.000 0.000 0.000 0.000 0.000 0.000 0.000 0.000 0.000 0.000 0.000 0.000 0.000 0.000 0.000 0.000 0.000 0.000 0.000 0.000 0.000 0.000 0.000 0.000 0.000 0.000 0.000 0.000 0.000 0.000 11/05/2020
0.000 0.000 0.000 0.000 0.000 0.000 0.000 0.000 0.000 0.000 0.000 0.000 0.000 0.000 0.000 0.000 0.000 0.000 0.000 0.000 0.000 0.000 0.000 0.000 0.000 0.000 0.000 0.000 0.000 0.000 12/05/2020
0.000 0.000 0.000 0.000 0.000 0.000 0.000 0.000 0.000 0.000 0.000 0.000 0.000 0.000 0.000 0.000 0.000 0.000 0.000 0.000 0.000 0.000 0.000 0.000 0.000 0.000 0.000 0.000 0.000 0.000 13/05/2020
0.000 0.000 0.000 0.000 0.000 0.000 0.000 0.000 0.000 0.000 0.000 0.000 0.000 0.000 0.000 0.000 0.000 0.000 0.000 0.000 0.000 0.000 0.000 0.000 0.000 0.000 0.000 0.000 0.000 0.000 14/05/2020
0.000 0.000 0.000 0.000 0.000 0.000 0.000 0.000 0.000 0.000 0.000 0.000 0.000 0.000 0.000 0.000 0.000 0.000 0.000 0.000 0.000 0.000 0.000 0.000 0.000 0.000 0.000 0.000 0.000 0.000 15/05/2020
0.000 0.000 0.000 0.000 0.000 0.000 0.000 0.000 0.000 0.000 0.000 0.000 0.000 0.000 0.000 0.000 0.000 0.000 0.000 0.000 0.000 0.000 0.000 0.000 0.000 0.000 0.000 0.000 0.000 0.000 16/05/2020
0.000 0.000 0.000 0.000 0.000 0.000 0.000 0.000 0.000 0.000 0.000 0.000 0.000 0.000 0.000 0.000 0.000 0.000 0.000 0.000 0.000 0.000 0.000 0.000 0.000 0.000 0.000 0.000 0.000 0.000 17/05/2020
0.000 0.000 0.000 0.000 0.000 0.000 0.000 0.000 0.000 0.000 0.000 0.000 0.000 0.000 0.000 0.000 0.000 0.000 0.000 0.000 0.000 0.000 0.000 0.000 0.000 0.000 0.000 0.000 0.000 0.000 18/05/2020
0.000 0.000 0.000 0.000 0.000 0.000 0.000 0.000 0.000 0.000 0.000 0.000 0.000 0.000 0.000 0.000 0.000 0.000 0.000 0.000 0.000 0.000 0.000 0.000 0.000 0.000 0.000 0.000 0.000 0.000 19/05/2020
0.000 0.000 0.000 0.000 0.000 0.000 0.000 0.000 0.000 0.000 0.000 0.000 0.000 0.000 0.000 0.000 0.000 0.000 0.000 0.000 0.000 0.000 0.000 0.000 0.000 0.000 0.000 0.000 0.000 0.000 20/05/2020
0.000 0.000 0.000 0.000 0.000 0.000 0.000 0.000 0.000 0.000 0.000 0.000 0.000 0.000 0.000 0.000 0.000 0.000 0.000 0.000 0.000 0.000 0.000 0.000 0.000 0.000 0.000 0.000 0.000 0.000 21/05/2020
0.000 0.000 0.000 0.000 0.000 0.000 0.000 0.000 0.000 0.000 0.000 0.000 0.000 0.000 0.000 0.000 0.000 0.000 0.000 0.000 0.000 0.000 0.000 0.000 0.000 0.000 0.000 0.000 0.000 0.000 22/05/2020
0.000 0.000 0.000 0.000 0.000 0.000 0.000 0.000 0.000 0.000 0.000 0.000 0.000 0.000 0.000 0.000 0.000 0.000 0.000 0.000 0.000 0.000 0.000 0.000 0.000 0.000 0.000 0.000 0.000 0.000 23/05/2020
0.000 0.000 0.000 0.000 0.000 0.000 0.000 0.000 0.000 0.000 0.000 0.000 0.000 0.000 0.000 0.000 0.000 0.000 0.000 0.000 0.000 0.000 0.000 0.000 0.000 0.000 0.000 0.000 0.000 0.000 24/05/2020
0.000 0.000 0.000 0.000 0.000 0.000 0.000 0.000 0.000 0.000 0.000 0.000 0.000 0.000 0.000 0.000 0.000 0.000 0.000 0.000 0.000 0.000 0.000 0.000 0.000 0.000 0.000 0.000 0.000 0.000 25/05/2020
0.000 0.000 0.000 0.000 0.000 0.000 0.000 0.000 0.000 0.000 0.000 0.000 0.000 0.000 0.000 0.000 0.000 0.000 0.000 0.000 0.000 0.000 0.000 0.000 0.000 0.000 0.000 0.000 0.000 0.000 26/05/2020
0.000 0.000 0.000 0.000 0.000 0.000 0.000 0.000 0.000 0.000 0.000 0.000 0.000 0.000 0.000 0.000 0.000 0.000 0.000 0.000 0.000 0.000 0.000 0.000 0.000 0.000 0.000 0.000 0.000 0.000 27/05/2020
0.000 0.000 0.000 0.000 0.000 0.000 0.000 0.000 0.000 0.000 0.000 0.000 0.000 0.000 0.000 0.000 0.000 0.000 0.000 0.000 0.000 0.000 0.000 0.000 0.000 0.000 0.000 0.000 0.000 0.000 28/05/2020
0.000 0.000 0.000 0.000 0.000 0.000 0.000 0.000 0.000 0.000 0.000 0.000 0.000 0.000 0.000 0.000 0.000 0.000 0.000 0.000 0.000 0.000 0.000 0.000 0.000 0.000 0.000 0.000 0.000 0.000 29/05/2020
0.000 0.000 0.000 0.000 0.000 0.000 0.000 0.000 0.000 0.000 0.000 0.000 0.000 0.000 0.000 0.000 0.000 0.000 0.000 0.000 0.000 0.000 0.000 0.000 0.000 0.000 0.000 0.000 0.000 0.000 30/05/2020
0.000 0.000 0.000 0.000 0.000 0.000 0.000 0.000 0.000 0.000 0.000 0.000 0.000 0.000 0.000 0.000 0.000 0.000 0.000 0.000 0.000 0.000 0.000 0.000 0.000 0.000 0.000 0.000 0.000 0.000 31/05/2020
0.000 0.000 0.000 0.000 0.000 0.000 0.000 0.000 0.000 0.000 0.000 0.000 0.000 0.000 0.000 0.000 0.000 0.000 0.000 0.000 0.000 0.000 0.000 0.000 0.000 0.000 0.000 0.000 0.000 0.000 01/06/2020
0.000 0.000 0.000 0.000 0.000 0.000 0.000 0.000 0.000 0.000 0.000 0.000 0.000 0.000 0.000 0.000 0.000 0.000 0.000 0.000 0.000 0.000 0.000 0.000 0.000 0.000 0.000 0.000 0.000 0.000 02/06/2020
0.000 0.000 0.000 0.000 0.000 0.000 0.000 0.000 0.000 0.000 0.000 0.000 0.000 0.000 0.000 0.000 0.000 0.000 0.000 0.000 0.000 0.000 0.000 0.000 0.000 0.000 0.000 0.000 0.000 0.000 03/06/2020
0.000 0.000 0.000 0.000 0.000 0.000 0.000 0.000 0.000 0.000 0.000 0.000 0.000 0.000 0.000 0.000 0.000 0.000 0.000 0.000 0.000 0.000 0.000 0.000 0.000 0.000 0.000 0.000 0.000 0.000 04/06/2020
0.000 0.000 0.000 0.000 0.000 0.000 0.000 0.000 0.000 0.000 0.000 0.000 0.000 0.000 0.000 0.000 0.000 0.000 0.000 0.000 0.000 0.000 0.000 0.000 0.000 0.000 0.000 0.000 0.000 0.000 05/06/2020
0.000 0.000 0.000 0.000 0.000 0.000 0.000 0.000 0.000 0.000 0.000 0.000 0.000 0.000 0.000 0.000 0.000 0.000 0.000 0.000 0.000 0.000 0.000 0.000 0.000 0.000 0.000 0.000 0.000 0.000 06/06/2020
0.000 0.000 0.000 0.000 0.000 0.000 0.000 0.000 0.000 0.000 0.000 0.000 0.000 0.000 0.000 0.000 0.000 0.000 0.000 0.000 0.000 0.000 0.000 0.000 0.000 0.000 0.000 0.000 0.000 0.000 07/06/2020
0.000 0.000 0.000 0.000 0.000 0.000 0.000 0.000 0.000 0.000 0.000 0.000 0.000 0.000 0.000 0.000 0.000 0.000 0.000 0.000 0.000 0.000 0.000 0.000 0.000 0.000 0.000 0.000 0.000 0.000 08/06/2020
0.000 0.000 0.000 0.000 0.000 0.000 0.000 0.000 0.000 0.000 0.000 0.000 0.000 0.000 0.000 0.000 0.000 0.000 0.000 0.000 0.000 0.000 0.000 0.000 0.000 0.000 0.000 0.000 0.000 0.000 09/06/2020
0.000 0.000 0.000 0.000 0.000 0.000 0.000 0.000 0.000 0.000 0.000 0.000 0.000 0.000 0.000 0.000 0.000 0.000 0.000 0.000 0.000 0.000 0.000 0.000 0.000 0.000 0.000 0.000 0.000 0.000 10/06/2020
0.000 0.000 0.000 0.000 0.000 0.000 0.000 0.000 0.000 0.000 0.000 0.000 0.000 0.000 0.000 0.000 0.000 0.000 0.000 0.000 0.000 0.000 0.000 0.000 0.000 0.000 0.000 0.000 0.000 0.000 11/06/2020
0.000 0.000 0.000 0.000 0.000 0.000 0.000 0.000 0.000 0.000 0.000 0.000 0.000 0.000 0.000 0.000 0.000 0.000 0.000 0.000 0.000 0.000 0.000 0.000 0.000 0.000 0.000 0.000 0.000 0.000 12/06/2020
0.000 0.000 0.000 0.000 0.000 0.000 0.000 0.000 0.000 0.000 0.000 0.000 0.000 0.000 0.000 0.000 0.000 0.000 0.000 0.000 0.000 0.000 0.000 0.000 0.000 0.000 0.000 0.000 0.000 0.000 13/06/2020
0.000 0.000 0.000 0.000 0.000 0.000 0.000 0.000 0.000 0.000 0.000 0.000 0.000 0.000 0.000 0.000 0.000 0.000 0.000 0.000 0.000 0.000 0.000 0.000 0.000 0.000 0.000 0.000 0.000 0.000 14/06/2020
0.000 0.000 0.000 0.000 0.000 0.000 0.000 0.000 0.000 0.000 0.000 0.000 0.000 0.000 0.000 0.000 0.000 0.000 0.000 0.000 0.000 0.000 0.000 0.000 0.000 0.000 0.000 0.000 0.000 0.000 15/06/2020
0.000 0.000 0.000 0.000 0.000 0.000 0.000 0.000 0.000 0.000 0.000 0.000 0.000 0.000 0.000 0.000 0.000 0.000 0.000 0.000 0.000 0.000 0.000 0.000 0.000 0.000 0.000 0.000 0.000 0.000 16/06/2020
0.000 0.000 0.000 0.000 0.000 0.000 0.000 0.000 0.000 0.000 0.000 0.000 0.000 0.000 0.000 0.000 0.000 0.000 0.000 0.000 0.000 0.000 0.000 0.000 0.000 0.000 0.000 0.000 0.000 0.000 17/06/2020
0.000 0.000 0.000 0.000 0.000 0.000 0.000 0.000 0.000 0.000 0.000 0.000 0.000 0.000 0.000 0.000 0.000 0.000 0.000 0.000 0.000 0.000 0.000 0.000 0.000 0.000 0.000 0.000 0.000 0.000 18/06/2020
0.000 0.000 0.000 0.000 0.000 0.000 0.000 0.000 0.000 0.000 0.000 0.000 0.000 0.000 0.000 0.000 0.000 0.000 0.000 0.000 0.000 0.000 0.000 0.000 0.000 0.000 0.000 0.000 0.000 0.000 19/06/2020
0.000 0.000 0.000 0.000 0.000 0.000 0.000 0.000 0.000 0.000 0.000 0.000 0.000 0.000 0.000 0.000 0.000 0.000 0.000 0.000 0.000 0.000 0.000 0.000 0.000 0.000 0.000 0.000 0.000 0.000 20/06/2020
0.000 0.000 0.000 0.000 0.000 0.000 0.000 0.000 0.000 0.000 0.000 0.000 0.000 0.000 0.000 0.000 0.000 0.000 0.000 0.000 0.000 0.000 0.000 0.000 0.000 0.000 0.000 0.000 0.000 0.000 21/06/2020
0.000 0.000 0.000 0.000 0.000 0.000 0.000 0.000 0.000 0.000 0.000 0.000 0.000 0.000 0.000 0.000 0.000 0.000 0.000 0.000 0.000 0.000 0.000 0.000 0.000 0.000 0.000 0.000 0.000 0.000 22/06/2020
0.000 0.000 0.000 0.000 0.000 0.000 0.000 0.000 0.000 0.000 0.000 0.000 0.000 0.000 0.000 0.000 0.000 0.000 0.000 0.000 0.000 0.000 0.000 0.000 0.000 0.000 0.000 0.000 0.000 0.000 23/06/2020
0.000 0.000 0.000 0.000 0.000 0.000 0.000 0.000 0.000 0.000 0.000 0.000 0.000 0.000 0.000 0.000 0.000 0.000 0.000 0.000 0.000 0.000 0.000 0.000 0.000 0.000 0.000 0.000 0.000 0.000 24/06/2020
0.000 0.000 0.000 0.000 0.000 0.000 0.000 0.000 0.000 0.000 0.000 0.000 0.000 0.000 0.000 0.000 0.000 0.000 0.000 0.000 0.000 0.000 0.000 0.000 0.000 0.000 0.000 0.000 0.000 0.000 25/06/2020
0.000 0.000 0.000 0.000 0.000 0.000 0.000 0.000 0.000 0.000 0.000 0.000 0.000 0.000 0.000 0.000 0.000 0.000 0.000 0.000 0.000 0.000 0.000 0.000 0.000 0.000 0.000 0.000 0.000 0.000 26/06/2020
0.000 0.000 0.000 0.000 0.000 0.000 0.000 0.000 0.000 0.000 0.000 0.000 0.000 0.000 0.000 0.000 0.000 0.000 0.000 0.000 0.000 0.000 0.000 0.000 0.000 0.000 0.000 0.000 0.000 0.000 27/06/2020
0.000 0.000 0.000 0.000 0.000 0.000 0.000 0.000 0.000 0.000 0.000 0.000 0.000 0.000 0.000 0.000 0.000 0.000 0.000 0.000 0.000 0.000 0.000 0.000 0.000 0.000 0.000 0.000 0.000 0.000 28/06/2020
0.000 0.000 0.000 0.000 0.000 0.000 0.000 0.000 0.000 0.000 0.000 0.000 0.000 0.000 0.000 0.000 0.000 0.000 0.000 0.000 0.000 0.000 0.000 0.000 0.000 0.000 0.000 0.000 0.000 0.000 29/06/2020
0.000 0.000 0.000 0.000 0.000 0.000 0.000 0.000 0.000 0.000 0.000 0.000 0.000 0.000 0.000 0.000 0.000 0.000 0.000 0.000 0.000 0.000 0.000 0.000 0.000 0.000 0.000 0.000 0.000 0.000 30/06/2020
0.000 0.000 0.000 0.000 0.000 0.000 0.000 0.000 0.000 0.000 0.000 0.000 0.000 0.000 0.000 0.000 0.000 0.000 0.000 0.000 0.000 0.000 0.000 0.000 0.000 0.000 0.000 0.000 0.000 0.000 01/07/2020
0.000 0.000 0.000 0.000 0.000 0.000 0.000 0.000 0.000 0.000 0.000 0.000 0.000 0.000 0.000 0.000 0.000 0.000 0.000 0.000 0.000 0.000 0.000 0.000 0.000 0.000 0.000 0.000 0.000 0.000 02/07/2020
0.000 0.000 0.000 0.000 0.000 0.000 0.000 0.000 0.000 0.000 0.000 0.000 0.000 0.000 0.000 0.000 0.000 0.000 0.000 0.000 0.000 0.000 0.000 0.000 0.000 0.000 0.000 0.000 0.000 0.000 03/07/2020
0.000 0.000 0.000 0.000 0.000 0.000 0.000 0.000 0.000 0.000 0.000 0.000 0.000 0.000 0.000 0.000 0.000 0.000 0.000 0.000 0.000 0.000 0.000 0.000 0.000 0.000 0.000 0.000 0.000 0.000 04/07/2020
0.000 0.000 0.000 0.000 0.000 0.000 0.000 0.000 0.000 0.000 0.000 0.000 0.000 0.000 0.000 0.000 0.000 0.000 0.000 0.000 0.000 0.000 0.000 0.000 0.000 0.000 0.000 0.000 0.000 0.000 05/07/2020
0.000 0.000 0.000 0.000 0.000 0.000 0.000 0.000 0.000 0.000 0.000 0.000 0.000 0.000 0.000 0.000 0.000 0.000 0.000 0.000 0.000 0.000 0.000 0.000 0.000 0.000 0.000 0.000 0.000 0.000 06/07/2020
0.000 0.000 0.000 0.000 0.000 0.000 0.000 0.000 0.000 0.000 0.000 0.000 0.000 0.000 0.000 0.000 0.000 0.000 0.000 0.000 0.000 0.000 0.000 0.000 0.000 0.000 0.000 0.000 0.000 0.000 07/07/2020
0.000 0.000 0.000 0.000 0.000 0.000 0.000 0.000 0.000 0.000 0.000 0.000 0.000 0.000 0.000 0.000 0.000 0.000 0.000 0.000 0.000 0.000 0.000 0.000 0.000 0.000 0.000 0.000 0.000 0.000 08/07/2020
0.000 0.000 0.000 0.000 0.000 0.000 0.000 0.000 0.000 0.000 0.000 0.000 0.000 0.000 0.000 0.000 0.000 0.000 0.000 0.000 0.000 0.000 0.000 0.000 0.000 0.000 0.000 0.000 0.000 0.000 09/07/2020
0.000 0.000 0.000 0.000 0.000 0.000 0.000 0.000 0.000 0.000 0.000 0.000 0.000 0.000 0.000 0.000 0.000 0.000 0.000 0.000 0.000 0.000 0.000 0.000 0.000 0.000 0.000 0.000 0.000 0.000 10/07/2020
0.000 0.000 0.000 0.000 0.000 0.000 0.000 0.000 0.000 0.000 0.000 0.000 0.000 0.000 0.000 0.000 0.000 0.000 0.000 0.000 0.000 0.000 0.000 0.000 0.000 0.000 0.000 0.000 0.000 0.000 11/07/2020
0.000 0.000 0.000 0.000 0.000 0.000 0.000 0.000 0.000 0.000 0.000 0.000 0.000 0.000 0.000 0.000 0.000 0.000 0.000 0.000 0.000 0.000 0.000 0.000 0.000 0.000 0.000 0.000 0.000 0.000 12/07/2020
0.000 0.000 0.000 0.000 0.000 0.000 0.000 0.000 0.000 0.000 0.000 0.000 0.000 0.000 0.000 0.000 0.000 0.000 0.000 0.000 0.000 0.000 0.000 0.000 0.000 0.000 0.000 0.000 0.000 0.000 13/07/2020
0.000 0.000 0.000 0.000 0.000 0.000 0.000 0.000 0.000 0.000 0.000 0.000 0.000 0.000 0.000 0.000 0.000 0.000 0.000 0.000 0.000 0.000 0.000 0.000 0.000 0.000 0.000 0.000 0.000 0.000 14/07/2020
0.000 0.000 0.000 0.000 0.000 0.000 0.000 0.000 0.000 0.000 0.000 0.000 0.000 0.000 0.000 0.000 0.000 0.000 0.000 0.000 0.000 0.000 0.000 0.000 0.000 0.000 0.000 0.000 0.000 0.000 15/07/2020
0.000 0.000 0.000 0.000 0.000 0.000 0.000 0.000 0.000 0.000 0.000 0.000 0.000 0.000 0.000 0.000 0.000 0.000 0.000 0.000 0.000 0.000 0.000 0.000 0.000 0.000 0.000 0.000 0.000 0.000 16/07/2020
0.000 0.000 0.000 0.000 0.000 0.000 0.000 0.000 0.000 0.000 0.000 0.000 0.000 0.000 0.000 0.000 0.000 0.000 0.000 0.000 0.000 0.000 0.000 0.000 0.000 0.000 0.000 0.000 0.000 0.000 17/07/2020
0.000 0.000 0.000 0.000 0.000 0.000 0.000 0.000 0.000 0.000 0.000 0.000 0.000 0.000 0.000 0.000 0.000 0.000 0.000 0.000 0.000 0.000 0.000 0.000 0.000 0.000 0.000 0.000 0.000 0.000 18/07/2020
0.000 0.000 0.000 0.000 0.000 0.000 0.000 0.000 0.000 0.000 0.000 0.000 0.000 0.000 0.000 0.000 0.000 0.000 0.000 0.000 0.000 0.000 0.000 0.000 0.000 0.000 0.000 0.000 0.000 0.000 19/07/2020
0.000 0.000 0.000 0.000 0.000 0.000 0.000 0.000 0.000 0.000 0.000 0.000 0.000 0.000 0.000 0.000 0.000 0.000 0.000 0.000 0.000 0.000 0.000 0.000 0.000 0.000 0.000 0.000 0.000 0.000 20/07/2020
0.000 0.000 0.000 0.000 0.000 0.000 0.000 0.000 0.000 0.000 0.000 0.000 0.000 0.000 0.000 0.000 0.000 0.000 0.000 0.000 0.000 0.000 0.000 0.000 0.000 0.000 0.000 0.000 0.000 0.000 21/07/2020
0.000 0.000 0.000 0.000 0.000 0.000 0.000 0.000 0.000 0.000 0.000 0.000 0.000 0.000 0.000 0.000 0.000 0.000 0.000 0.000 0.000 0.000 0.000 0.000 0.000 0.000 0.000 0.000 0.000 0.000 22/07/2020
0.000 0.000 0.000 0.000 0.000 0.000 0.000 0.000 0.000 0.000 0.000 0.000 0.000 0.000 0.000 0.000 0.000 0.000 0.000 0.000 0.000 0.000 0.000 0.000 0.000 0.000 0.000 0.000 0.000 0.000 23/07/2020
0.000 0.000 0.000 0.000 0.000 0.000 0.000 0.000 0.000 0.000 0.000 0.000 0.000 0.000 0.000 0.000 0.000 0.000 0.000 0.000 0.000 0.000 0.000 0.000 0.000 0.000 0.000 0.000 0.000 0.000 24/07/2020
0.000 0.000 0.000 0.000 0.000 0.000 0.000 0.000 0.000 0.000 0.000 0.000 0.000 0.000 0.000 0.000 0.000 0.000 0.000 0.000 0.000 0.000 0.000 0.000 0.000 0.000 0.000 0.000 0.000 0.000 25/07/2020
0.000 0.000 0.000 0.000 0.000 0.000 0.000 0.000 0.000 0.000 0.000 0.000 0.000 0.000 0.000 0.000 0.000 0.000 0.000 0.000 0.000 0.000 0.000 0.000 0.000 0.000 0.000 0.000 0.000 0.000 26/07/2020
0.000 0.000 0.000 0.000 0.000 0.000 0.000 0.000 0.000 0.000 0.000 0.000 0.000 0.000 0.000 0.000 0.000 0.000 0.000 0.000 0.000 0.000 0.000 0.000 0.000 0.000 0.000 0.000 0.000 0.000 27/07/2020
0.000 0.000 0.000 0.000 0.000 0.000 0.000 0.000 0.000 0.000 0.000 0.000 0.000 0.000 0.000 0.000 0.000 0.000 0.000 0.000 0.000 0.000 0.000 0.000 0.000 0.000 0.000 0.000 0.000 0.000 28/07/2020
0.000 0.000 0.000 0.000 0.000 0.000 0.000 0.000 0.000 0.000 0.000 0.000 0.000 0.000 0.000 0.000 0.000 0.000 0.000 0.000 0.000 0.000 0.000 0.000 0.000 0.000 0.000 0.000 0.000 0.000 29/07/2020
0.000 0.000 0.000 0.000 0.000 0.000 0.000 0.000 0.000 0.000 0.000 0.000 0.000 0.000 0.000 0.000 0.000 0.000 0.000 0.000 0.000 0.000 0.000 0.000 0.000 0.000 0.000 0.000 0.000 0.000 30/07/2020
0.000 0.000 0.000 0.000 0.000 0.000 0.000 0.000 0.000 0.000 0.000 0.000 0.000 0.000 0.000 0.000 0.000 0.000 0.000 0.000 0.000 0.000 0.000 0.000 0.000 0.000 0.000 0.000 0.000 0.000 31/07/2020
