# 6448 6449 6450 6451 6452 6528 6529 6530 6531 6532 6610 6611 6612 6613 6614 6693 6694 6695 6696 6697 6776 6777 6778 6779 6780 6859 6860 6861 6862 6863 Date
0.000 0.000 0.000 0.000 0.000 0.000 0.000 0.000 0.000 0.000 0.000 0.000 0.000 0.000 0.000 0.000 0.000 0.000 0.000 0.000 0.000 0.000 0.000 0.000 0.000 0.000 0.000 0.000 0.000 0.000 01/08/1990
0.000 0.000 0.000 0.000 0.000 0.000 0.000 0.000 0.000 0.000 0.000 0.000 0.000 0.000 0.000 0.000 0.000 0.000 0.000 0.000 0.000 0.000 0.000 0.000 0.000 0.000 0.000 0.000 0.000 0.000 02/08/1990
0.000 0.000 0.000 0.000 0.000 0.000 0.000 0.000 0.000 0.000 0.000 0.000 0.000 0.000 0.000 0.000 0.000 0.000 0.000 0.000 0.000 0.000 0.000 0.000 0.000 0.000 0.000 0.000 0.000 0.000 03/08/1990
0.000 0.000 0.000 0.000 0.000 0.000 0.000 0.000 0.000 0.000 0.000 0.000 0.000 0.000 0.000 0.000 0.000 0.000 0.000 0.000 0.000 0.000 0.000 0.000 0.000 0.000 0.000 0.000 0.000 0.000 04/08/1990
0.000 0.000 0.000 0.000 0.000 0.000 0.000 0.000 0.000 0.000 0.000 0.000 0.000 0.000 0.000 0.000 0.000 0.000 0.000 0.000 0.000 0.000 0.000 0.000 0.000 0.000 0.000 0.000 0.000 0.000 05/08/1990
0.000 0.000 0.000 0.000 0.000 0.000 0.000 0.000 0.000 0.000 0.000 0.000 0.000 0.000 0.000 0.000 0.000 0.000 0.000 0.000 0.000 0.000 0.000 0.000 0.000 0.000 0.000 0.000 0.000 0.000 06/08/1990
0.000 0.000 0.000 0.000 0.000 0.000 0.000 0.000 0.000 0.000 0.000 0.000 0.000 0.000 0.000 0.000 0.000 0.000 0.000 0.000 0.000 0.000 0.000 0.000 0.000 0.000 0.000 0.000 0.000 0.000 07/08/1990
0.000 0.000 0.000 0.000 0.000 0.000 0.000 0.000 0.000 0.000 0.000 0.000 0.000 0.000 0.000 0.000 0.000 0.000 0.000 0.000 0.000 0.000 0.000 0.000 0.000 0.000 0.000 0.000 0.000 0.000 08/08/1990
0.000 0.000 0.000 0.000 0.000 0.000 0.000 0.000 0.000 0.000 0.000 0.000 0.000 0.000 0.000 0.000 0.000 0.000 0.000 0.000 0.000 0.000 0.000 0.000 0.000 0.000 0.000 0.000 0.000 0.000 09/08/1990
0.000 0.000 0.000 0.000 0.000 0.000 0.000 0.000 0.000 0.000 0.000 0.000 0.000 0.000 0.000 0.000 0.000 0.000 0.000 0.000 0.000 0.000 0.000 0.000 0.000 0.000 0.000 0.000 0.000 0.000 10/08/1990
0.000 0.000 0.000 0.000 0.000 0.000 0.000 0.000 0.000 0.000 0.000 0.000 0.000 0.000 0.000 0.000 0.000 0.000 0.000 0.000 0.000 0.000 0.000 0.000 0.000 0.000 0.000 0.000 0.000 0.000 11/08/1990
0.200 0.200 0.200 0.000 0.000 0.200 0.200 0.200 0.000 0.000 0.200 0.200 0.000 0.000 0.000 0.600 0.000 0.000 0.000 0.000 0.600 0.000 0.000 0.000 0.000 0.600 0.000 0.000 0.000 0.000 12/08/1990
3.900 4.000 4.000 1.800 16.400 4.000 4.000 4.000 26.900 16.300 4.000 4.000 26.800 27.100 16.100 19.300 36.600 26.900 27.200 27.100 19.100 36.700 26.900 26.800 26.700 18.800 36.400 26.500 26.500 27.200 13/08/1990
0.000 0.000 0.000 0.000 0.100 0.000 0.000 0.000 0.000 0.100 0.000 0.000 0.000 0.000 0.100 0.100 0.000 0.000 0.000 0.000 0.100 0.000 0.000 0.000 0.000 0.100 0.000 0.000 0.000 0.000 14/08/1990
11.600 11.600 11.700 4.700 1.100 11.800 11.900 11.800 1.600 1.100 11.800 11.700 1.600 1.700 1.100 4.700 0.100 1.600 1.700 1.700 4.600 0.100 1.600 1.600 1.600 4.600 0.100 1.600 1.600 1.700 15/08/1990
1.000 1.000 1.000 1.900 4.100 1.000 1.000 1.000 1.500 4.100 1.000 1.000 1.500 1.500 4.100 0.900 2.600 1.500 1.500 1.500 0.900 2.600 1.500 1.500 1.500 0.900 2.600 1.400 1.400 1.500 16/08/1990
0.000 0.000 0.000 0.000 0.000 0.000 0.000 0.000 0.000 0.000 0.000 0.000 0.000 0.000 0.000 0.000 0.000 0.000 0.000 0.000 0.000 0.000 0.000 0.000 0.000 0.000 0.000 0.000 0.000 0.000 17/08/1990
0.000 0.000 0.000 0.000 0.000 0.000 0.000 0.000 0.000 0.000 0.000 0.000 0.000 0.000 0.000 0.000 0.000 0.000 0.000 0.000 0.000 0.000 0.000 0.000 0.000 0.000 0.000 0.000 0.000 0.000 18/08/1990
0.000 0.000 0.000 0.000 0.000 0.000 0.000 0.000 0.000 0.000 0.000 0.000 0.000 0.000 0.000 0.000 0.000 0.000 0.000 0.000 0.000 0.000 0.000 0.000 0.000 0.000 0.000 0.000 0.000 0.000 19/08/1990
0.000 0.000 0.000 0.000 0.000 0.000 0.000 0.000 0.000 0.000 0.000 0.000 0.000 0.000 0.000 0.000 0.000 0.000 0.000 0.000 0.000 0.000 0.000 0.000 0.000 0.000 0.000 0.000 0.000 0.000 20/08/1990
0.000 0.000 0.000 0.000 0.000 0.000 0.000 0.000 0.000 0.000 0.000 0.000 0.000 0.000 0.000 0.000 0.000 0.000 0.000 0.000 0.000 0.000 0.000 0.000 0.000 0.000 0.000 0.000 0.000 0.000 21/08/1990
0.000 0.000 0.000 0.000 0.000 0.000 0.000 0.000 0.000 0.000 0.000 0.000 0.000 0.000 0.000 0.000 0.000 0.000 0.000 0.000 0.000 0.000 0.000 0.000 0.000 0.000 0.000 0.000 0.000 0.000 22/08/1990
1.500 1.500 1.500 0.000 0.000 1.500 1.500 1.500 0.000 0.000 1.500 1.500 0.000 0.000 0.000 1.300 0.600 0.000 0.000 0.000 1.300 0.600 0.000 0.000 0.000 1.200 0.600 0.000 0.000 0.000 23/08/1990
0.900 0.900 0.900 0.500 8.900 0.900 0.900 0.900 0.200 8.800 0.900 0.900 0.200 0.200 8.700 0.000 0.100 0.200 0.200 0.200 0.000 0.100 0.200 0.200 0.200 0.000 0.100 0.200 0.200 0.200 24/08/1990
2.800 2.800 2.800 6.300 1.700 2.900 2.900 2.900 3.200 1.700 2.900 2.900 3.200 3.200 1.600 0.700 0.200 3.200 3.200 3.200 0.600 0.200 3.200 3.200 3.200 0.600 0.200 3.100 3.100 3.200 25/08/1990
0.200 0.200 0.200 0.000 2.600 0.200 0.200 0.200 0.500 2.600 0.200 0.200 0.500 0.500 2.600 0.000 0.000 0.500 0.500 0.500 0.000 0.000 0.500 0.500 0.500 0.000 0.000 0.400 0.400 0.500 26/08/1990
0.000 0.000 0.000 0.000 0.000 0.000 0.000 0.000 0.000 0.000 0.000 0.000 0.000 0.000 0.000 0.000 0.000 0.000 0.000 0.000 0.000 0.000 0.000 0.000 0.000 0.000 0.000 0.000 0.000 0.000 27/08/1990
0.000 0.000 0.000 0.000 0.000 0.000 0.000 0.000 0.000 0.000 0.000 0.000 0.000 0.000 0.000 0.000 0.000 0.000 0.000 0.000 0.000 0.000 0.000 0.000 0.000 0.000 0.000 0.000 0.000 0.000 28/08/1990
13.600 13.700 13.800 5.400 8.000 13.900 14.000 13.900 5.800 7.900 13.900 13.800 5.800 5.800 7.900 12.600 3.600 5.800 5.800 5.800 12.500 3.600 5.800 5.700 5.700 12.400 3.600 5.700 5.700 5.800 29/08/1990
5.400 5.400 5.400 7.700 18.500 5.400 5.500 5.400 11.800 18.400 5.400 5.400 11.700 11.800 18.300 6.500 9.100 11.800 11.900 11.900 6.500 9.100 11.800 11.700 11.700 6.400 9.100 11.600 11.600 11.900 30/08/1990
0.000 0.000 0.000 0.000 0.000 0.000 0.000 0.000 0.100 0.000 0.000 0.000 0.100 0.100 0.000 0.000 0.000 0.100 0.100 0.100 0.000 0.000 0.100 0.100 0.100 0.000 0.000 0.100 0.100 0.100 31/08/1990
0.000 0.000 0.000 0.000 0.000 0.000 0.000 0.000 0.000 0.000 0.000 0.000 0.000 0.000 0.000 0.000 0.000 0.000 0.000 0.000 0.000 0.000 0.000 0.000 0.000 0.000 0.000 0.000 0.000 0.000 01/09/1990
0.000 0.000 0.000 0.000 0.000 0.000 0.000 0.000 0.000 0.000 0.000 0.000 0.000 0.000 0.000 0.000 0.000 0.000 0.000 0.000 0.000 0.000 0.000 0.000 0.000 0.000 0.000 0.000 0.000 0.000 02/09/1990
0.000 0.000 0.000 0.000 0.000 0.000 0.000 0.000 0.000 0.000 0.000 0.000 0.000 0.000 0.000 0.000 0.000 0.000 0.000 0.000 0.000 0.000 0.000 0.000 0.000 0.000 0.000 0.000 0.000 0.000 03/09/1990
0.000 0.000 0.000 0.000 0.000 0.000 0.000 0.000 0.000 0.000 0.000 0.000 0.000 0.000 0.000 0.000 0.000 0.000 0.000 0.000 0.000 0.000 0.000 0.000 0.000 0.000 0.000 0.000 0.000 0.000 04/09/1990
0.100 0.100 0.100 0.000 0.000 0.100 0.100 0.100 0.000 0.000 0.100 0.100 0.000 0.000 0.000 0.000 0.000 0.000 0.000 0.000 0.000 0.000 0.000 0.000 0.000 0.000 0.000 0.000 0.000 0.000 05/09/1990
0.000 0.000 0.000 0.100 0.000 0.000 0.000 0.000 0.200 0.000 0.000 0.000 0.200 0.200 0.000 0.100 0.000 0.200 0.200 0.200 0.100 0.000 0.200 0.200 0.200 0.100 0.000 0.200 0.200 0.200 06/09/1990
0.000 0.000 0.000 0.000 0.000 0.000 0.000 0.000 0.000 0.000 0.000 0.000 0.000 0.000 0.000 0.000 0.000 0.000 0.000 0.000 0.000 0.000 0.000 0.000 0.000 0.000 0.000 0.000 0.000 0.000 07/09/1990
0.000 0.000 0.000 0.000 0.000 0.000 0.000 0.000 0.000 0.000 0.000 0.000 0.000 0.000 0.000 0.000 0.000 0.000 0.000 0.000 0.000 0.000 0.000 0.000 0.000 0.000 0.000 0.000 0.000 0.000 08/09/1990
0.000 0.000 0.000 0.000 0.000 0.000 0.000 0.000 0.000 0.000 0.000 0.000 0.000 0.000 0.000 0.000 0.000 0.000 0.000 0.000 0.000 0.000 0.000 0.000 0.000 0.000 0.000 0.000 0.000 0.000 09/09/1990
0.000 0.000 0.000 0.000 0.000 0.000 0.000 0.000 0.000 0.000 0.000 0.000 0.000 0.000 0.000 0.000 0.000 0.000 0.000 0.000 0.000 0.000 0.000 0.000 0.000 0.000 0.000 0.000 0.000 0.000 10/09/1990
0.000 0.000 0.000 0.000 0.000 0.000 0.000 0.000 0.000 0.000 0.000 0.000 0.000 0.000 0.000 0.000 0.000 0.000 0.000 0.000 0.000 0.000 0.000 0.000 0.000 0.000 0.000 0.000 0.000 0.000 11/09/1990
0.000 0.000 0.000 0.000 0.000 0.000 0.000 0.000 0.000 0.000 0.000 0.000 0.000 0.000 0.000 0.000 0.000 0.000 0.000 0.000 0.000 0.000 0.000 0.000 0.000 0.000 0.000 0.000 0.000 0.000 12/09/1990
0.100 0.100 0.100 0.000 0.000 0.100 0.100 0.100 0.000 0.000 0.100 0.100 0.000 0.000 0.000 0.300 0.000 0.000 0.000 0.000 0.300 0.000 0.000 0.000 0.000 0.300 0.000 0.000 0.000 0.000 13/09/1990
5.200 5.200 5.200 4.500 11.100 5.300 5.300 5.300 19.100 11.000 5.300 5.200 19.000 19.200 11.000 2.500 3.400 19.100 19.300 19.200 2.400 3.400 19.100 19.000 19.000 2.400 3.400 18.800 18.800 19.300 14/09/1990
0.000 0.000 0.000 0.000 0.000 0.000 0.000 0.000 0.000 0.000 0.000 0.000 0.000 0.000 0.000 0.000 0.000 0.000 0.000 0.000 0.000 0.000 0.000 0.000 0.000 0.000 0.000 0.000 0.000 0.000 15/09/1990
0.000 0.000 0.000 0.000 0.000 0.000 0.000 0.000 0.000 0.000 0.000 0.000 0.000 0.000 0.000 0.000 0.000 0.000 0.000 0.000 0.000 0.000 0.000 0.000 0.000 0.000 0.000 0.000 0.000 0.000 16/09/1990
0.000 0.000 0.000 0.000 0.000 0.000 0.000 0.000 0.000 0.000 0.000 0.000 0.000 0.000 0.000 0.000 0.000 0.000 0.000 0.000 0.000 0.000 0.000 0.000 0.000 0.000 0.000 0.000 0.000 0.000 17/09/1990
0.000 0.000 0.000 0.000 0.000 0.000 0.000 0.000 0.000 0.000 0.000 0.000 0.000 0.000 0.000 0.000 0.000 0.000 0.000 0.000 0.000 0.000 0.000 0.000 0.000 0.000 0.000 0.000 0.000 0.000 18/09/1990
0.000 0.000 0.000 0.000 0.000 0.000 0.000 0.000 0.000 0.000 0.000 0.000 0.000 0.000 0.000 0.100 0.000 0.000 0.000 0.000 0.100 0.000 0.000 0.000 0.000 0.100 0.000 0.000 0.000 0.000 19/09/1990
0.300 0.300 0.300 0.100 0.400 0.300 0.300 0.300 0.100 0.400 0.300 0.300 0.100 0.100 0.400 1.000 1.700 0.100 0.100 0.100 1.000 1.700 0.100 0.100 0.100 1.000 1.700 0.100 0.100 0.100 20/09/1990
4.800 4.900 4.900 4.600 7.900 4.900 5.000 4.900 4.200 7.900 4.900 4.900 4.200 4.200 7.800 4.200 5.300 4.200 4.300 4.300 4.200 5.300 4.200 4.200 4.200 4.100 5.300 4.200 4.200 4.300 21/09/1990
8.600 8.600 8.700 7.100 24.100 8.800 8.800 8.800 24.300 24.000 8.700 8.700 24.200 24.400 23.800 16.200 20.500 24.300 24.500 24.500 16.000 20.600 24.300 24.200 24.100 15.800 20.400 23.900 24.000 24.500 22/09/1990
2.800 2.800 2.800 2.700 7.900 2.800 2.800 2.800 6.700 7.900 2.800 2.800 6.700 6.800 7.800 5.500 8.800 6.700 6.800 6.800 5.500 8.800 6.700 6.700 6.700 5.400 8.800 6.600 6.600 6.800 23/09/1990
0.100 0.100 0.100 1.100 0.000 0.100 0.100 0.100 0.000 0.000 0.100 0.100 0.000 0.000 0.000 1.900 0.000 0.000 0.000 0.000 1.900 0.000 0.000 0.000 0.000 1.900 0.000 0.000 0.000 0.000 24/09/1990
0.000 0.000 0.000 0.000 0.000 0.000 0.000 0.000 0.000 0.000 0.000 0.000 0.000 0.000 0.000 0.000 0.000 0.000 0.000 0.000 0.000 0.000 0.000 0.000 0.000 0.000 0.000 0.000 0.000 0.000 25/09/1990
0.000 0.000 0.000 0.000 0.000 0.000 0.000 0.000 0.000 0.000 0.000 0.000 0.000 0.000 0.000 0.000 0.000 0.000 0.000 0.000 0.000 0.000 0.000 0.000 0.000 0.000 0.000 0.000 0.000 0.000 26/09/1990
0.000 0.000 0.000 0.000 0.000 0.000 0.000 0.000 0.000 0.000 0.000 0.000 0.000 0.000 0.000 0.000 0.000 0.000 0.000 0.000 0.000 0.000 0.000 0.000 0.000 0.000 0.000 0.000 0.000 0.000 27/09/1990
0.000 0.000 0.000 0.000 0.000 0.000 0.000 0.000 0.000 0.000 0.000 0.000 0.000 0.000 0.000 0.000 0.000 0.000 0.000 0.000 0.000 0.000 0.000 0.000 0.000 0.000 0.000 0.000 0.000 0.000 28/09/1990
2.200 2.200 2.200 3.000 2.300 2.200 2.200 2.200 2.300 2.300 2.200 2.200 2.200 2.300 2.300 4.600 4.400 2.300 2.300 2.300 4.500 4.400 2.300 2.200 2.200 4.500 4.300 2.200 2.200 2.300 29/09/1990
2.200 2.200 2.200 2.300 11.200 2.200 2.300 2.200 3.500 11.200 2.200 2.200 3.500 3.600 11.100 1.800 3.600 3.500 3.600 3.600 1.800 3.600 3.500 3.500 3.500 1.800 3.600 3.500 3.500 3.600 30/09/1990
0.200 0.200 0.200 0.100 0.500 0.200 0.200 0.200 0.300 0.500 0.200 0.200 0.300 0.300 0.500 1.000 0.000 0.300 0.300 0.300 1.000 0.000 0.300 0.300 0.300 1.000 0.000 0.300 0.300 0.300 01/10/1990
0.000 0.000 0.000 0.000 0.100 0.000 0.000 0.000 0.200 0.100 0.000 0.000 0.200 0.200 0.100 0.000 0.000 0.200 0.200 0.200 0.000 0.000 0.200 0.200 0.200 0.000 0.000 0.200 0.200 0.200 02/10/1990
1.500 1.500 1.600 4.700 1.900 1.600 1.600 1.600 0.400 1.900 1.600 1.600 0.400 0.400 1.900 0.400 0.000 0.400 0.400 0.400 0.400 0.000 0.400 0.400 0.400 0.400 0.000 0.300 0.300 0.400 03/10/1990
0.000 0.000 0.000 0.000 0.000 0.000 0.000 0.000 0.000 0.000 0.000 0.000 0.000 0.000 0.000 0.000 0.000 0.000 0.000 0.000 0.000 0.000 0.000 0.000 0.000 0.000 0.000 0.000 0.000 0.000 04/10/1990
0.000 0.000 0.000 0.000 0.000 0.000 0.000 0.000 0.000 0.000 0.000 0.000 0.000 0.000 0.000 0.000 0.000 0.000 0.000 0.000 0.000 0.000 0.000 0.000 0.000 0.000 0.000 0.000 0.000 0.000 05/10/1990
2.300 2.300 2.300 2.000 3.600 2.300 2.400 2.300 1.300 3.600 2.300 2.300 1.300 1.300 3.600 1.200 1.800 1.300 1.300 1.300 1.200 1.900 1.300 1.300 1.300 1.200 1.800 1.300 1.300 1.300 06/10/1990
3.300 3.300 3.300 3.200 3.100 3.300 3.400 3.300 4.500 3.100 3.300 3.300 4.500 4.500 3.100 1.200 3.400 4.500 4.500 4.500 1.200 3.400 4.500 4.500 4.500 1.200 3.400 4.400 4.400 4.500 07/10/1990
0.000 0.000 0.000 0.000 0.000 0.000 0.000 0.000 0.000 0.000 0.000 0.000 0.000 0.000 0.000 0.000 0.000 0.000 0.000 0.000 0.000 0.000 0.000 0.000 0.000 0.000 0.000 0.000 0.000 0.000 08/10/1990
0.000 0.000 0.000 0.000 0.000 0.000 0.000 0.000 0.000 0.000 0.000 0.000 0.000 0.000 0.000 0.000 0.000 0.000 0.000 0.000 0.000 0.000 0.000 0.000 0.000 0.000 0.000 0.000 0.000 0.000 09/10/1990
0.000 0.000 0.000 0.000 0.000 0.000 0.000 0.000 0.000 0.000 0.000 0.000 0.000 0.000 0.000 0.000 0.000 0.000 0.000 0.000 0.000 0.000 0.000 0.000 0.000 0.000 0.000 0.000 0.000 0.000 10/10/1990
0.000 0.000 0.000 0.000 0.000 0.000 0.000 0.000 0.000 0.000 0.000 0.000 0.000 0.000 0.000 0.000 0.000 0.000 0.000 0.000 0.000 0.000 0.000 0.000 0.000 0.000 0.000 0.000 0.000 0.000 11/10/1990
0.000 0.000 0.000 0.000 1.400 0.000 0.000 0.000 0.000 1.400 0.000 0.000 0.000 0.000 1.400 0.000 0.000 0.000 0.000 0.000 0.000 0.000 0.000 0.000 0.000 0.000 0.000 0.000 0.000 0.000 12/10/1990
0.000 0.000 0.000 0.000 0.000 0.000 0.000 0.000 0.000 0.000 0.000 0.000 0.000 0.000 0.000 0.000 0.000 0.000 0.000 0.000 0.000 0.000 0.000 0.000 0.000 0.000 0.000 0.000 0.000 0.000 13/10/1990
0.000 0.000 0.000 0.000 0.000 0.000 0.000 0.000 0.000 0.000 0.000 0.000 0.000 0.000 0.000 0.000 0.000 0.000 0.000 0.000 0.000 0.000 0.000 0.000 0.000 0.000 0.000 0.000 0.000 0.000 14/10/1990
4.600 4.700 4.700 1.400 5.500 4.700 4.800 4.700 2.700 5.500 4.700 4.700 2.700 2.700 5.400 5.100 3.200 2.700 2.700 2.700 5.100 3.200 2.700 2.700 2.700 5.000 3.200 2.700 2.700 2.700 15/10/1990
2.400 2.400 2.400 1.100 0.800 2.500 2.500 2.500 1.800 0.800 2.500 2.500 1.800 1.800 0.800 1.700 1.600 1.800 1.800 1.800 1.600 1.600 1.800 1.800 1.800 1.600 1.600 1.800 1.800 1.800 16/10/1990
5.500 5.600 5.600 7.100 3.200 5.600 5.700 5.600 3.300 3.200 5.600 5.600 3.300 3.400 3.200 4.500 4.100 3.300 3.400 3.400 4.500 4.100 3.300 3.300 3.300 4.400 4.100 3.300 3.300 3.400 17/10/1990
0.000 0.000 0.000 0.100 0.000 0.000 0.000 0.000 0.000 0.000 0.000 0.000 0.000 0.000 0.000 0.000 0.000 0.000 0.000 0.000 0.000 0.000 0.000 0.000 0.000 0.000 0.000 0.000 0.000 0.000 18/10/1990
2.700 2.700 2.800 0.700 2.000 2.800 2.800 2.800 1.900 2.000 2.800 2.800 1.900 2.000 2.000 7.200 3.900 1.900 2.000 2.000 7.100 3.900 1.900 1.900 1.900 7.000 3.900 1.900 1.900 2.000 19/10/1990
0.000 0.000 0.000 0.200 0.000 0.000 0.000 0.000 0.000 0.000 0.000 0.000 0.000 0.000 0.000 0.100 0.000 0.000 0.000 0.000 0.100 0.000 0.000 0.000 0.000 0.100 0.000 0.000 0.000 0.000 20/10/1990
0.000 0.000 0.000 0.000 0.000 0.000 0.000 0.000 0.000 0.000 0.000 0.000 0.000 0.000 0.000 0.500 0.000 0.000 0.000 0.000 0.500 0.000 0.000 0.000 0.000 0.400 0.000 0.000 0.000 0.000 21/10/1990
16.000 16.100 16.200 9.200 23.600 16.300 16.500 16.300 19.900 23.400 16.300 16.300 19.800 20.000 23.200 24.800 32.000 19.800 20.000 20.000 24.500 32.100 19.900 19.700 19.700 24.200 31.800 19.500 19.600 20.000 22/10/1990
0.200 0.200 0.200 0.700 0.200 0.200 0.200 0.200 0.100 0.200 0.200 0.200 0.100 0.100 0.200 0.900 0.900 0.100 0.100 0.100 0.900 0.900 0.100 0.100 0.100 0.900 0.900 0.100 0.100 0.100 23/10/1990
4.200 4.300 4.300 3.300 10.000 4.300 4.400 4.300 9.900 10.000 4.300 4.300 9.800 9.900 9.900 2.700 5.100 9.900 10.000 9.900 2.600 5.100 9.900 9.800 9.800 2.600 5.100 9.700 9.700 10.000 24/10/1990
10.600 10.700 10.700 9.800 7.700 10.800 10.900 10.800 7.800 7.700 10.800 10.800 7.800 7.800 7.600 10.600 7.600 7.800 7.900 7.900 10.500 7.600 7.800 7.800 7.700 10.400 7.600 7.700 7.700 7.900 25/10/1990
9.800 9.900 9.900 13.400 10.400 10.000 10.100 10.000 10.500 10.400 10.000 10.000 10.400 10.500 10.300 14.400 9.900 10.400 10.600 10.500 14.300 10.000 10.500 10.400 10.400 14.100 9.900 10.300 10.300 10.600 26/10/1990
10.700 10.800 10.900 11.200 11.700 10.900 11.100 10.900 9.700 11.700 10.900 10.900 9.700 9.700 11.600 13.500 7.700 9.700 9.800 9.800 13.400 7.700 9.700 9.600 9.600 13.300 7.700 9.500 9.600 9.800 27/10/1990
20.400 20.500 20.600 24.900 45.800 20.800 21.000 20.800 32.500 45.500 20.700 20.700 32.400 32.700 45.100 30.100 36.800 32.400 32.800 32.800 29.800 36.900 32.500 32.300 32.300 29.400 36.600 32.000 32.000 32.800 28/10/1990
20.900 21.000 21.100 26.800 37.000 21.300 21.500 21.300 24.800 36.800 21.200 21.200 24.700 25.000 36.500 15.800 17.700 24.800 25.100 25.000 15.700 17.700 24.800 24.700 24.700 15.500 17.600 24.400 24.500 25.000 29/10/1990
8.000 8.000 8.000 7.000 10.000 8.100 8.200 8.100 10.000 9.900 8.100 8.100 10.000 10.100 9.800 8.900 12.300 10.000 10.100 10.100 8.900 12.300 10.000 9.900 9.900 8.700 12.200 9.800 9.900 10.100 30/10/1990
3.600 3.600 3.600 3.700 9.600 3.600 3.700 3.600 14.200 9.600 3.600 3.600 14.100 14.200 9.500 7.100 4.600 14.100 14.300 14.300 7.000 4.600 14.200 14.100 14.100 6.900 4.500 13.900 14.000 14.300 31/10/1990
9.900 10.000 10.100 8.500 12.300 10.100 10.200 10.100 12.200 12.200 10.100 10.100 12.100 12.200 12.100 14.900 15.000 12.100 12.300 12.300 14.800 15.100 12.200 12.100 12.100 14.600 14.900 12.000 12.000 12.300 01/11/1990
2.500 2.500 2.500 2.100 2.800 2.500 2.500 2.500 4.200 2.800 2.500 2.500 4.200 4.200 2.800 7.500 11.700 4.200 4.200 4.200 7.400 11.700 4.200 4.200 4.200 7.400 11.600 4.100 4.100 4.200 02/11/1990
0.300 0.300 0.300 0.300 0.200 0.300 0.300 0.300 0.600 0.200 0.300 0.300 0.600 0.600 0.200 0.700 1.900 0.600 0.600 0.600 0.700 1.900 0.600 0.600 0.600 0.700 1.900 0.500 0.500 0.600 03/11/1990
0.000 0.000 0.000 0.000 0.000 0.000 0.000 0.000 0.000 0.000 0.000 0.000 0.000 0.000 0.000 0.000 0.000 0.000 0.000 0.000 0.000 0.000 0.000 0.000 0.000 0.000 0.000 0.000 0.000 0.000 04/11/1990
0.000 0.000 0.000 0.000 0.000 0.000 0.000 0.000 0.000 0.000 0.000 0.000 0.000 0.000 0.000 0.000 0.000 0.000 0.000 0.000 0.000 0.000 0.000 0.000 0.000 0.000 0.000 0.000 0.000 0.000 05/11/1990
0.000 0.000 0.000 0.000 0.000 0.000 0.000 0.000 0.000 0.000 0.000 0.000 0.000 0.000 0.000 0.000 0.000 0.000 0.000 0.000 0.000 0.000 0.000 0.000 0.000 0.000 0.000 0.000 0.000 0.000 06/11/1990
0.000 0.000 0.000 0.000 0.000 0.000 0.000 0.000 0.000 0.000 0.000 0.000 0.000 0.000 0.000 0.000 0.000 0.000 0.000 0.000 0.000 0.000 0.000 0.000 0.000 0.000 0.000 0.000 0.000 0.000 07/11/1990
1.200 1.200 1.200 1.100 0.400 1.200 1.200 1.200 0.600 0.400 1.200 1.200 0.600 0.600 0.400 1.000 0.000 0.600 0.600 0.600 1.000 0.000 0.600 0.600 0.600 1.000 0.000 0.600 0.600 0.600 08/11/1990
0.900 0.900 0.900 1.700 0.800 0.900 0.900 0.900 0.200 0.800 0.900 0.900 0.200 0.200 0.700 2.200 0.000 0.200 0.200 0.200 2.100 0.000 0.200 0.200 0.200 2.000 0.000 0.200 0.200 0.200 09/11/1990
1.400 1.400 1.400 2.300 6.000 1.400 1.400 1.400 3.500 6.000 1.400 1.400 3.500 3.500 5.900 1.100 1.800 3.500 3.500 3.500 1.100 1.800 3.500 3.400 3.400 1.000 1.800 3.400 3.400 3.500 10/11/1990
0.000 0.000 0.000 0.000 0.000 0.000 0.000 0.000 0.000 0.000 0.000 0.000 0.000 0.000 0.000 0.000 0.000 0.000 0.000 0.000 0.000 0.000 0.000 0.000 0.000 0.000 0.000 0.000 0.000 0.000 11/11/1990
0.000 0.000 0.000 0.000 0.000 0.000 0.000 0.000 0.000 0.000 0.000 0.000 0.000 0.000 0.000 0.000 0.000 0.000 0.000 0.000 0.000 0.000 0.000 0.000 0.000 0.000 0.000 0.000 0.000 0.000 12/11/1990
4.900 4.900 4.900 7.100 4.400 5.000 5.000 5.000 2.500 4.400 4.900 4.900 2.400 2.500 4.300 2.200 3.500 2.500 2.500 2.500 2.200 3.500 2.500 2.400 2.400 2.200 3.400 2.400 2.400 2.500 13/11/1990
1.300 1.300 1.300 3.300 4.200 1.300 1.300 1.300 2.300 4.200 1.300 1.300 2.300 2.300 4.200 1.600 1.400 2.300 2.300 2.300 1.600 1.400 2.300 2.300 2.300 1.600 1.400 2.300 2.300 2.300 14/11/1990
0.600 0.600 0.600 1.000 2.100 0.600 0.600 0.600 1.300 2.000 0.600 0.600 1.300 1.300 2.000 1.500 0.900 1.300 1.300 1.300 1.500 0.900 1.300 1.300 1.300 1.500 0.900 1.200 1.200 1.300 15/11/1990
2.500 2.500 2.500 2.800 3.600 2.500 2.500 2.500 3.000 3.600 2.500 2.500 3.000 3.100 3.600 2.800 2.000 3.000 3.100 3.100 2.800 2.000 3.000 3.000 3.000 2.800 2.000 3.000 3.000 3.100 16/11/1990
2.900 2.900 2.900 3.100 3.700 2.900 2.900 2.900 2.900 3.700 2.900 2.900 2.900 2.900 3.700 3.600 3.200 2.900 2.900 2.900 3.600 3.200 2.900 2.900 2.900 3.500 3.200 2.900 2.900 2.900 17/11/1990
1.300 1.300 1.300 2.000 2.600 1.300 1.300 1.300 2.100 2.600 1.300 1.300 2.100 2.100 2.600 1.400 2.500 2.100 2.100 2.100 1.400 2.500 2.100 2.100 2.100 1.300 2.500 2.100 2.100 2.100 18/11/1990
8.600 8.700 8.700 11.700 14.400 8.800 8.900 8.800 13.500 14.300 8.800 8.800 13.500 13.600 14.200 14.200 12.000 13.500 13.700 13.600 14.000 12.000 13.500 13.400 13.400 13.900 11.900 13.300 13.300 13.600 19/11/1990
23.800 24.000 24.100 22.200 22.300 24.300 24.500 24.300 19.600 22.200 24.200 24.200 19.500 19.700 22.000 22.100 19.800 19.600 19.800 19.800 21.900 19.800 19.600 19.500 19.500 21.700 19.700 19.300 19.300 19.800 20/11/1990
0.900 0.900 0.900 0.300 5.100 0.900 0.900 0.900 4.800 5.000 0.900 0.900 4.800 4.800 5.000 2.700 2.900 4.800 4.800 4.800 2.600 2.900 4.800 4.800 4.800 2.600 2.800 4.700 4.700 4.800 21/11/1990
0.000 0.000 0.000 0.600 0.400 0.000 0.000 0.000 0.800 0.400 0.000 0.000 0.800 0.800 0.400 0.000 0.100 0.800 0.800 0.800 0.000 0.100 0.800 0.800 0.800 0.000 0.100 0.800 0.800 0.800 22/11/1990
4.000 4.000 4.000 4.900 7.500 4.100 4.100 4.100 5.100 7.500 4.100 4.100 5.100 5.200 7.400 4.100 4.400 5.100 5.200 5.200 4.100 4.400 5.100 5.100 5.100 4.000 4.400 5.100 5.100 5.200 23/11/1990
7.100 7.100 7.200 11.100 14.100 7.200 7.300 7.200 11.100 14.000 7.200 7.200 11.100 11.200 13.900 8.900 14.700 11.100 11.200 11.200 8.800 14.700 11.200 11.100 11.100 8.700 14.600 11.000 11.000 11.200 24/11/1990
1.800 1.800 1.900 1.100 5.500 1.900 1.900 1.900 3.400 5.500 1.900 1.900 3.400 3.400 5.400 1.400 5.700 3.400 3.400 3.400 1.400 5.700 3.400 3.400 3.400 1.300 5.700 3.400 3.400 3.400 25/11/1990
1.300 1.300 1.300 2.300 1.500 1.300 1.300 1.300 2.000 1.500 1.300 1.300 2.000 2.000 1.500 2.000 0.800 2.000 2.000 2.000 2.000 0.800 2.000 2.000 2.000 2.000 0.800 2.000 2.000 2.000 26/11/1990
0.300 0.300 0.300 0.000 0.200 0.300 0.300 0.300 1.400 0.200 0.300 0.300 1.400 1.400 0.200 0.200 0.000 1.400 1.400 1.400 0.200 0.000 1.400 1.400 1.400 0.200 0.000 1.300 1.300 1.400 27/11/1990
0.000 0.000 0.000 0.000 0.000 0.000 0.000 0.000 0.000 0.000 0.000 0.000 0.000 0.000 0.000 0.000 0.000 0.000 0.000 0.000 0.000 0.000 0.000 0.000 0.000 0.000 0.000 0.000 0.000 0.000 28/11/1990
0.000 0.000 0.000 0.000 0.000 0.000 0.000 0.000 0.000 0.000 0.000 0.000 0.000 0.000 0.000 0.000 0.000 0.000 0.000 0.000 0.000 0.000 0.000 0.000 0.000 0.000 0.000 0.000 0.000 0.000 29/11/1990
0.000 0.000 0.000 0.000 0.400 0.000 0.000 0.000 0.100 0.400 0.000 0.000 0.100 0.100 0.400 0.000 0.000 0.100 0.100 0.100 0.000 0.000 0.100 0.100 0.100 0.000 0.000 0.100 0.100 0.100 30/11/1990
0.000 0.000 0.000 0.000 0.000 0.000 0.000 0.000 0.000 0.000 0.000 0.000 0.000 0.000 0.000 0.000 0.000 0.000 0.000 0.000 0.000 0.000 0.000 0.000 0.000 0.000 0.000 0.000 0.000 0.000 01/12/1990
0.000 0.000 0.000 0.000 0.000 0.000 0.000 0.000 0.000 0.000 0.000 0.000 0.000 0.000 0.000 0.000 0.000 0.000 0.000 0.000 0.000 0.000 0.000 0.000 0.000 0.000 0.000 0.000 0.000 0.000 02/12/1990
0.000 0.000 0.000 0.000 0.000 0.000 0.000 0.000 0.000 0.000 0.000 0.000 0.000 0.000 0.000 0.000 0.000 0.000 0.000 0.000 0.000 0.000 0.000 0.000 0.000 0.000 0.000 0.000 0.000 0.000 03/12/1990
0.000 0.000 0.000 0.000 0.000 0.000 0.000 0.000 0.000 0.000 0.000 0.000 0.000 0.000 0.000 0.000 0.000 0.000 0.000 0.000 0.000 0.000 0.000 0.000 0.000 0.000 0.000 0.000 0.000 0.000 04/12/1990
0.000 0.000 0.000 0.000 0.000 0.000 0.000 0.000 0.000 0.000 0.000 0.000 0.000 0.000 0.000 0.000 0.000 0.000 0.000 0.000 0.000 0.000 0.000 0.000 0.000 0.000 0.000 0.000 0.000 0.000 05/12/1990
0.100 0.100 0.100 0.000 0.000 0.100 0.100 0.100 0.000 0.000 0.100 0.100 0.000 0.000 0.000 0.000 0.000 0.000 0.000 0.000 0.000 0.000 0.000 0.000 0.000 0.000 0.000 0.000 0.000 0.000 06/12/1990
1.200 1.200 1.200 0.500 1.400 1.200 1.200 1.200 2.300 1.300 1.200 1.200 2.300 2.200 1.400 1.100 1.800 2.300 2.300 2.300 1.100 1.800 2.300 2.200 2.200 1.100 1.700 2.200 2.200 2.300 07/12/1990
0.500 0.500 0.500 0.100 3.200 0.500 0.500 0.500 1.800 3.100 0.400 0.400 1.800 1.800 3.100 0.800 0.300 1.800 1.800 1.800 0.800 0.300 1.800 1.800 1.800 0.800 0.200 1.700 1.800 1.800 08/12/1990
1.900 1.900 1.900 0.000 0.400 2.000 2.000 2.000 0.300 0.400 1.900 1.900 0.300 0.300 0.300 2.200 1.300 0.300 0.300 0.300 2.200 1.300 0.300 0.300 0.300 2.200 1.300 0.200 0.200 0.300 09/12/1990
11.100 11.200 11.200 14.800 9.900 11.300 11.400 11.300 9.500 9.900 11.300 11.300 9.400 9.500 9.700 7.900 7.200 9.500 9.600 9.500 7.800 7.200 9.500 9.400 9.400 7.700 7.200 9.300 9.300 9.600 10/12/1990
6.600 6.600 6.700 7.000 4.800 6.700 6.800 6.700 6.000 4.800 6.700 6.700 6.000 6.100 4.800 5.800 4.800 6.000 6.100 6.100 5.700 4.800 6.000 6.000 6.000 5.700 4.800 5.900 5.900 6.100 11/12/1990
4.100 4.100 4.100 5.600 8.600 4.200 4.200 4.200 5.000 8.600 4.200 4.200 4.900 5.000 8.500 4.200 3.500 5.000 5.000 5.000 4.200 3.500 5.000 4.900 4.900 4.100 3.500 4.900 4.900 5.000 12/12/1990
0.000 0.000 0.000 0.000 0.100 0.000 0.000 0.000 0.000 0.100 0.000 0.000 0.000 0.000 0.100 0.000 0.000 0.000 0.000 0.000 0.000 0.000 0.000 0.000 0.000 0.000 0.000 0.000 0.000 0.000 13/12/1990
0.000 0.000 0.000 0.000 0.000 0.000 0.000 0.000 0.000 0.000 0.000 0.000 0.000 0.000 0.000 0.000 0.000 0.000 0.000 0.000 0.000 0.000 0.000 0.000 0.000 0.000 0.000 0.000 0.000 0.000 14/12/1990
0.000 0.000 0.000 0.000 0.000 0.000 0.000 0.000 0.000 0.000 0.000 0.000 0.000 0.000 0.000 0.000 0.000 0.000 0.000 0.000 0.000 0.000 0.000 0.000 0.000 0.000 0.000 0.000 0.000 0.000 15/12/1990
0.000 0.000 0.000 0.000 0.000 0.000 0.000 0.000 0.000 0.000 0.000 0.000 0.000 0.000 0.000 0.000 0.000 0.000 0.000 0.000 0.000 0.000 0.000 0.000 0.000 0.000 0.000 0.000 0.000 0.000 16/12/1990
0.000 0.000 0.000 0.000 0.000 0.000 0.000 0.000 0.000 0.000 0.000 0.000 0.000 0.000 0.000 0.000 0.000 0.000 0.000 0.000 0.000 0.000 0.000 0.000 0.000 0.000 0.000 0.000 0.000 0.000 17/12/1990
0.000 0.000 0.000 0.000 0.000 0.000 0.000 0.000 0.000 0.000 0.000 0.000 0.000 0.000 0.000 0.000 0.000 0.000 0.000 0.000 0.000 0.000 0.000 0.000 0.000 0.000 0.000 0.000 0.000 0.000 18/12/1990
0.000 0.000 0.000 0.300 0.000 0.000 0.000 0.000 0.000 0.000 0.000 0.000 0.000 0.000 0.000 0.000 0.000 0.000 0.000 0.000 0.000 0.000 0.000 0.000 0.000 0.000 0.000 0.000 0.000 0.000 19/12/1990
0.000 0.000 0.000 0.000 0.000 0.000 0.000 0.000 0.000 0.000 0.000 0.000 0.000 0.000 0.000 0.000 0.000 0.000 0.000 0.000 0.000 0.000 0.000 0.000 0.000 0.000 0.000 0.000 0.000 0.000 20/12/1990
0.100 0.100 0.100 1.700 0.100 0.100 0.200 0.100 0.300 0.100 0.100 0.100 0.300 0.300 0.100 0.000 0.000 0.300 0.300 0.300 0.000 0.000 0.300 0.300 0.300 0.000 0.000 0.300 0.300 0.300 21/12/1990
0.000 0.000 0.000 0.000 0.000 0.000 0.000 0.000 0.000 0.000 0.000 0.000 0.000 0.000 0.000 0.000 0.000 0.000 0.000 0.000 0.000 0.000 0.000 0.000 0.000 0.000 0.000 0.000 0.000 0.000 22/12/1990
0.000 0.000 0.000 0.000 0.000 0.000 0.000 0.000 0.000 0.000 0.000 0.000 0.000 0.000 0.000 0.000 0.000 0.000 0.000 0.000 0.000 0.000 0.000 0.000 0.000 0.000 0.000 0.000 0.000 0.000 23/12/1990
1.700 1.800 1.800 1.700 3.800 1.800 1.800 1.800 2.700 3.800 1.800 1.800 2.700 2.700 3.800 2.600 2.700 2.700 2.800 2.800 2.600 2.700 2.700 2.700 2.700 2.500 2.700 2.700 2.700 2.800 24/12/1990
8.200 8.300 8.300 9.400 9.500 8.400 8.500 8.400 8.400 9.500 8.400 8.300 8.300 8.400 9.400 7.900 7.200 8.400 8.500 8.500 7.800 7.300 8.400 8.300 8.300 7.700 7.200 8.200 8.300 8.500 25/12/1990
18.400 18.500 18.600 13.800 19.900 18.700 18.900 18.700 17.900 19.800 18.700 18.700 17.800 17.900 19.600 20.200 18.200 17.800 18.000 18.000 20.000 18.200 17.900 17.700 17.700 19.700 18.100 17.600 17.600 18.000 26/12/1990
1.200 1.200 1.200 2.800 4.400 1.200 1.200 1.200 2.300 4.300 1.200 1.200 2.300 2.300 4.300 2.800 1.500 2.300 2.300 2.300 2.800 1.500 2.300 2.300 2.300 2.800 1.500 2.200 2.200 2.300 27/12/1990
1.300 1.300 1.300 3.000 2.800 1.300 1.300 1.300 1.400 2.800 1.300 1.300 1.400 1.500 2.800 1.400 1.900 1.400 1.500 1.500 1.400 1.900 1.400 1.400 1.400 1.400 1.900 1.400 1.400 1.500 28/12/1990
0.000 0.000 0.000 0.100 0.100 0.000 0.000 0.000 0.400 0.100 0.000 0.000 0.400 0.400 0.100 0.600 0.200 0.400 0.400 0.400 0.600 0.200 0.400 0.400 0.400 0.600 0.200 0.400 0.400 0.400 29/12/1990
5.100 5.100 5.100 6.400 2.600 5.200 5.200 5.200 1.800 2.600 5.200 5.200 1.800 1.800 2.500 2.300 2.300 1.800 1.800 1.800 2.200 2.300 1.800 1.800 1.800 2.100 2.300 1.800 1.800 1.800 30/12/1990
1.400 1.400 1.400 2.400 1.500 1.400 1.400 1.400 2.200 1.500 1.400 1.400 2.200 2.200 1.500 0.900 3.500 2.200 2.200 2.200 0.900 3.500 2.200 2.200 2.200 0.900 3.500 2.200 2.200 2.200 31/12/1990
5.100 5.100 5.100 4.900 5.600 5.200 5.200 5.200 4.500 5.600 5.200 5.200 4.500 4.500 5.500 4.100 4.600 4.500 4.500 4.500 4.000 4.600 4.500 4.500 4.500 4.000 4.500 4.400 4.400 4.500 01/01/1991
4.200 4.200 4.200 8.000 6.400 4.300 4.300 4.300 3.000 6.400 4.300 4.200 3.000 3.100 6.300 1.700 1.000 3.000 3.100 3.100 1.700 1.000 3.000 3.000 3.000 1.700 1.000 3.000 3.000 3.100 02/01/1991
7.100 7.200 7.200 8.300 5.200 7.200 7.300 7.200 5.900 5.200 7.200 7.200 5.900 5.900 5.200 6.000 4.700 5.900 6.000 5.900 5.900 4.700 5.900 5.900 5.900 5.800 4.600 5.800 5.800 6.000 03/01/1991
5.400 5.400 5.500 5.800 4.300 5.500 5.600 5.500 3.700 4.300 5.500 5.500 3.700 3.700 4.200 3.000 2.000 3.700 3.700 3.700 3.000 2.000 3.700 3.700 3.700 2.900 2.000 3.700 3.700 3.700 04/01/1991
7.700 7.800 7.800 12.500 8.300 7.900 7.900 7.900 5.500 8.200 7.800 7.800 5.500 5.500 8.100 7.800 4.800 5.500 5.500 5.500 7.800 4.800 5.500 5.500 5.500 7.700 4.800 5.400 5.400 5.500 05/01/1991
23.200 23.300 23.400 26.300 25.500 23.600 23.800 23.600 17.600 25.400 23.600 23.500 17.500 17.700 25.100 20.800 10.500 17.600 17.800 17.700 20.600 10.500 17.600 17.500 17.500 20.400 10.400 17.300 17.400 17.800 06/01/1991
0.600 0.600 0.600 0.800 1.600 0.600 0.700 0.600 0.600 1.600 0.600 0.600 0.600 0.600 1.600 0.800 0.600 0.600 0.600 0.600 0.800 0.600 0.600 0.600 0.600 0.800 0.600 0.600 0.600 0.600 07/01/1991
0.600 0.600 0.600 1.600 2.900 0.600 0.700 0.600 1.900 2.900 0.600 0.600 1.900 1.900 2.800 1.000 2.200 1.900 1.900 1.900 1.000 2.200 1.900 1.900 1.900 1.000 2.200 1.900 1.900 1.900 08/01/1991
0.000 0.000 0.000 0.000 0.600 0.000 0.000 0.000 0.300 0.600 0.000 0.000 0.300 0.300 0.600 0.000 0.000 0.300 0.300 0.300 0.000 0.000 0.300 0.300 0.300 0.000 0.000 0.300 0.300 0.300 09/01/1991
3.800 3.800 3.800 3.100 3.300 3.900 3.900 3.900 3.300 3.300 3.800 3.800 3.300 3.300 3.300 3.700 2.800 3.300 3.300 3.300 3.600 2.800 3.300 3.300 3.300 3.600 2.800 3.300 3.300 3.300 10/01/1991
2.000 2.000 2.000 2.200 3.900 2.000 2.000 2.000 5.100 3.900 2.000 2.000 5.100 5.100 3.800 3.800 5.900 5.100 5.200 5.200 3.800 5.900 5.100 5.100 5.100 3.700 5.800 5.000 5.000 5.200 11/01/1991
0.100 0.100 0.100 0.900 0.600 0.100 0.100 0.100 0.300 0.600 0.100 0.100 0.300 0.300 0.600 0.300 0.200 0.300 0.300 0.300 0.300 0.200 0.300 0.300 0.300 0.300 0.200 0.300 0.300 0.300 12/01/1991
0.200 0.200 0.200 0.600 0.200 0.200 0.200 0.200 0.200 0.200 0.200 0.200 0.200 0.200 0.200 0.000 0.000 0.200 0.200 0.200 0.000 0.000 0.200 0.200 0.200 0.000 0.000 0.200 0.200 0.200 13/01/1991
3.700 3.700 3.800 0.600 0.100 3.800 3.800 3.800 1.600 0.100 3.800 3.800 1.600 1.600 0.100 1.800 1.400 1.600 1.600 1.600 1.800 1.400 1.600 1.600 1.600 1.700 1.400 1.600 1.600 1.600 14/01/1991
3.600 3.700 3.700 3.000 2.500 3.700 3.800 3.700 3.800 2.500 3.700 3.700 3.900 3.900 2.500 3.600 2.400 3.900 3.900 3.900 3.600 2.400 3.800 3.800 3.800 3.600 2.400 3.800 3.800 3.900 15/01/1991
0.100 0.100 0.100 0.500 0.600 0.100 0.100 0.100 0.100 0.600 0.100 0.100 0.100 0.100 0.500 2.500 1.200 0.100 0.100 0.100 2.400 1.200 0.100 0.000 0.000 2.400 1.200 0.000 0.000 0.100 16/01/1991
0.800 0.800 0.800 0.600 1.000 0.800 0.800 0.800 1.300 1.000 0.800 0.800 1.300 1.300 1.000 1.300 2.500 1.300 1.400 1.400 1.200 2.500 1.300 1.300 1.300 1.200 2.500 1.300 1.300 1.400 17/01/1991
3.800 3.800 3.800 2.200 1.500 3.900 3.900 3.900 2.400 1.500 3.900 3.900 2.400 2.400 1.500 3.600 1.300 2.400 2.400 2.400 3.600 1.300 2.400 2.400 2.400 3.500 1.300 2.300 2.300 2.400 18/01/1991
0.000 0.000 0.000 0.000 1.000 0.000 0.000 0.000 0.600 1.000 0.000 0.000 0.600 0.600 1.000 0.000 0.000 0.600 0.600 0.600 0.000 0.000 0.600 0.600 0.600 0.000 0.000 0.600 0.600 0.600 19/01/1991
0.000 0.000 0.000 0.000 0.000 0.000 0.000 0.000 0.100 0.000 0.000 0.000 0.100 0.100 0.000 0.000 0.000 0.100 0.100 0.100 0.000 0.000 0.100 0.100 0.100 0.000 0.000 0.100 0.100 0.100 20/01/1991
0.500 0.500 0.500 0.800 1.400 0.500 0.500 0.500 0.700 1.400 0.500 0.500 0.700 0.700 1.400 0.500 0.000 0.700 0.700 0.700 0.500 0.000 0.700 0.700 0.700 0.500 0.000 0.700 0.700 0.700 21/01/1991
0.000 0.000 0.000 0.000 0.000 0.000 0.000 0.000 0.000 0.000 0.000 0.000 0.000 0.000 0.000 0.000 0.000 0.000 0.000 0.000 0.000 0.000 0.000 0.000 0.000 0.000 0.000 0.000 0.000 0.000 22/01/1991
0.000 0.000 0.000 0.000 0.000 0.000 0.000 0.000 0.000 0.000 0.000 0.000 0.000 0.000 0.000 0.000 0.000 0.000 0.000 0.000 0.000 0.000 0.000 0.000 0.000 0.000 0.000 0.000 0.000 0.000 23/01/1991
0.000 0.000 0.000 0.000 0.000 0.000 0.000 0.000 0.000 0.000 0.000 0.000 0.000 0.000 0.000 0.000 0.000 0.000 0.000 0.000 0.000 0.000 0.000 0.000 0.000 0.000 0.000 0.000 0.000 0.000 24/01/1991
0.000 0.000 0.000 0.000 0.000 0.000 0.000 0.000 0.000 0.000 0.000 0.000 0.000 0.000 0.000 0.000 0.000 0.000 0.000 0.000 0.000 0.000 0.000 0.000 0.000 0.000 0.000 0.000 0.000 0.000 25/01/1991
0.000 0.000 0.000 0.000 0.000 0.000 0.000 0.000 0.000 0.000 0.000 0.000 0.000 0.000 0.000 0.000 0.000 0.000 0.000 0.000 0.000 0.000 0.000 0.000 0.000 0.000 0.000 0.000 0.000 0.000 26/01/1991
0.000 0.000 0.000 0.000 0.000 0.000 0.000 0.000 0.000 0.000 0.000 0.000 0.000 0.000 0.000 0.000 0.000 0.000 0.000 0.000 0.000 0.000 0.000 0.000 0.000 0.000 0.000 0.000 0.000 0.000 27/01/1991
0.000 0.000 0.000 0.000 0.000 0.000 0.000 0.000 0.000 0.000 0.000 0.000 0.000 0.000 0.000 0.000 0.000 0.000 0.000 0.000 0.000 0.000 0.000 0.000 0.000 0.000 0.000 0.000 0.000 0.000 28/01/1991
0.000 0.000 0.000 0.000 0.000 0.000 0.000 0.000 0.000 0.000 0.000 0.000 0.000 0.000 0.000 0.000 0.000 0.000 0.000 0.000 0.000 0.000 0.000 0.000 0.000 0.000 0.000 0.000 0.000 0.000 29/01/1991
0.200 0.200 0.200 0.000 0.000 0.200 0.200 0.200 0.000 0.000 0.200 0.200 0.000 0.000 0.000 0.000 0.000 0.000 0.000 0.000 0.000 0.000 0.000 0.000 0.000 0.000 0.000 0.000 0.000 0.000 30/01/1991
0.000 0.000 0.000 0.000 0.000 0.000 0.000 0.000 0.000 0.000 0.000 0.000 0.000 0.000 0.000 0.000 0.000 0.000 0.000 0.000 0.000 0.000 0.000 0.000 0.000 0.000 0.000 0.000 0.000 0.000 31/01/1991
0.000 0.000 0.000 0.000 0.000 0.000 0.000 0.000 0.000 0.000 0.000 0.000 0.000 0.000 0.000 0.000 0.000 0.000 0.000 0.000 0.000 0.000 0.000 0.000 0.000 0.000 0.000 0.000 0.000 0.000 01/02/1991
0.300 0.300 0.300 1.000 0.000 0.300 0.300 0.300 0.000 0.000 0.300 0.300 0.000 0.000 0.000 0.000 0.000 0.000 0.000 0.000 0.000 0.000 0.000 0.000 0.000 0.000 0.000 0.000 0.000 0.000 02/02/1991
0.000 0.000 0.000 0.000 0.000 0.000 0.000 0.000 0.500 0.000 0.000 0.000 0.500 0.500 0.000 0.000 0.000 0.500 0.500 0.500 0.000 0.000 0.500 0.500 0.500 0.000 0.000 0.500 0.500 0.500 03/02/1991
0.000 0.000 0.000 0.000 0.000 0.000 0.000 0.000 0.200 0.000 0.000 0.000 0.200 0.200 0.000 0.000 0.000 0.200 0.200 0.200 0.000 0.000 0.200 0.200 0.200 0.000 0.000 0.200 0.200 0.200 04/02/1991
0.000 0.000 0.000 0.000 0.000 0.000 0.000 0.000 0.000 0.000 0.000 0.000 0.000 0.000 0.000 0.000 0.000 0.000 0.000 0.000 0.000 0.000 0.000 0.000 0.000 0.000 0.000 0.000 0.000 0.000 05/02/1991
0.000 0.000 0.000 0.000 0.000 0.000 0.000 0.000 0.000 0.000 0.000 0.000 0.000 0.000 0.000 0.000 0.000 0.000 0.000 0.000 0.000 0.000 0.000 0.000 0.000 0.000 0.000 0.000 0.000 0.000 06/02/1991
2.200 2.200 2.200 6.200 6.100 2.200 2.200 2.200 9.100 6.000 2.200 2.200 9.100 9.100 6.000 3.400 8.700 9.100 9.200 9.200 3.400 8.700 9.100 9.000 9.000 3.400 8.700 9.000 9.000 9.200 07/02/1991
4.100 4.100 4.200 7.000 4.800 4.200 4.200 4.200 5.600 4.800 4.200 4.200 5.500 5.500 4.800 7.900 6.900 5.600 5.600 5.600 7.900 6.900 5.600 5.500 5.500 7.800 6.800 5.500 5.500 5.600 08/02/1991
10.200 10.200 10.300 15.000 8.100 10.400 10.500 10.400 11.000 8.000 10.300 10.300 11.000 11.100 8.000 10.900 12.700 11.000 11.100 11.100 10.900 12.700 11.000 11.000 11.000 10.700 12.600 10.900 10.900 11.100 09/02/1991
2.700 2.700 2.700 0.800 0.700 2.800 2.800 2.800 2.300 0.700 2.800 2.800 2.300 2.300 0.700 2.400 0.900 2.300 2.400 2.300 2.400 0.900 2.300 2.300 2.300 2.400 0.900 2.300 2.300 2.400 10/02/1991
0.200 0.200 0.200 0.300 0.500 0.200 0.200 0.200 0.100 0.500 0.200 0.200 0.100 0.100 0.500 0.900 0.000 0.100 0.100 0.100 0.800 0.000 0.100 0.100 0.100 0.900 0.000 0.100 0.100 0.100 11/02/1991
1.600 1.600 1.600 2.800 0.200 1.600 1.700 1.600 0.100 0.200 1.600 1.600 0.100 0.100 0.200 0.500 1.100 0.100 0.100 0.100 0.500 1.100 0.100 0.100 0.100 0.500 1.100 0.100 0.100 0.100 12/02/1991
1.900 1.900 1.900 1.600 2.100 1.900 1.900 1.900 2.100 2.100 1.900 1.900 2.100 2.100 2.100 0.600 2.700 2.100 2.100 2.100 0.600 2.700 2.100 2.100 2.100 0.600 2.600 2.100 2.100 2.100 13/02/1991
0.000 0.000 0.000 0.200 0.000 0.000 0.000 0.000 0.000 0.000 0.000 0.000 0.000 0.000 0.000 0.100 0.000 0.000 0.000 0.000 0.100 0.000 0.000 0.000 0.000 0.100 0.000 0.000 0.000 0.000 14/02/1991
13.000 13.100 13.100 15.900 13.400 13.200 13.400 13.200 12.500 13.300 13.200 13.200 12.500 12.600 13.200 11.700 7.700 12.500 12.700 12.600 11.600 7.700 12.500 12.500 12.500 11.400 7.700 12.300 12.400 12.600 15/02/1991
2.400 2.400 2.400 3.100 11.300 2.400 2.400 2.400 1.800 11.300 2.400 2.400 1.800 1.800 11.200 1.400 2.200 1.800 1.800 1.800 1.400 2.200 1.800 1.800 1.800 1.300 2.200 1.800 1.800 1.800 16/02/1991
0.500 0.500 0.500 1.300 1.700 0.500 0.500 0.500 1.100 1.700 0.500 0.500 1.100 1.100 1.700 1.300 1.900 1.100 1.100 1.100 1.300 2.000 1.100 1.100 1.100 1.300 1.900 1.100 1.100 1.100 17/02/1991
0.100 0.100 0.100 0.200 0.000 0.100 0.100 0.100 0.100 0.000 0.100 0.100 0.100 0.100 0.000 0.100 0.000 0.100 0.100 0.100 0.100 0.000 0.100 0.100 0.100 0.100 0.000 0.100 0.100 0.100 18/02/1991
0.000 0.000 0.000 0.000 0.000 0.000 0.000 0.000 0.000 0.000 0.000 0.000 0.000 0.000 0.000 0.000 0.000 0.000 0.000 0.000 0.000 0.000 0.000 0.000 0.000 0.000 0.000 0.000 0.000 0.000 19/02/1991
0.000 0.000 0.000 0.000 0.000 0.000 0.000 0.000 0.000 0.000 0.000 0.000 0.000 0.000 0.000 0.200 0.000 0.000 0.000 0.000 0.200 0.000 0.000 0.000 0.000 0.200 0.000 0.000 0.000 0.000 20/02/1991
1.600 1.600 1.600 1.300 1.000 1.600 1.600 1.600 0.700 1.000 1.600 1.600 0.700 0.700 1.000 0.500 0.900 0.700 0.700 0.700 0.500 0.900 0.700 0.700 0.700 0.500 0.900 0.600 0.600 0.700 21/02/1991
0.000 0.000 0.000 0.000 0.000 0.000 0.000 0.000 0.000 0.000 0.000 0.000 0.000 0.000 0.000 0.000 0.000 0.000 0.000 0.000 0.000 0.000 0.000 0.000 0.000 0.000 0.000 0.000 0.000 0.000 22/02/1991
0.000 0.000 0.000 0.000 0.000 0.000 0.000 0.000 0.000 0.000 0.000 0.000 0.000 0.000 0.000 0.000 0.000 0.000 0.000 0.000 0.000 0.000 0.000 0.000 0.000 0.000 0.000 0.000 0.000 0.000 23/02/1991
0.000 0.000 0.000 0.000 0.000 0.000 0.000 0.000 0.000 0.000 0.000 0.000 0.000 0.000 0.000 0.000 0.000 0.000 0.000 0.000 0.000 0.000 0.000 0.000 0.000 0.000 0.000 0.000 0.000 0.000 24/02/1991
0.000 0.000 0.000 0.000 0.000 0.000 0.000 0.000 0.000 0.000 0.000 0.000 0.000 0.000 0.000 0.000 0.000 0.000 0.000 0.000 0.000 0.000 0.000 0.000 0.000 0.000 0.000 0.000 0.000 0.000 25/02/1991
0.000 0.000 0.000 0.000 0.200 0.000 0.000 0.000 0.000 0.200 0.000 0.000 0.000 0.000 0.200 0.000 0.000 0.000 0.000 0.000 0.000 0.000 0.000 0.000 0.000 0.000 0.000 0.000 0.000 0.000 26/02/1991
9.300 9.400 9.400 9.200 8.200 9.500 9.600 9.500 9.200 8.200 9.500 9.500 9.100 9.200 8.100 6.500 9.000 9.200 9.300 9.200 6.400 9.000 9.200 9.100 9.100 6.300 9.000 9.000 9.000 9.300 27/02/1991
0.000 0.000 0.000 0.000 0.000 0.000 0.000 0.000 0.000 0.000 0.000 0.000 0.000 0.000 0.000 0.000 0.000 0.000 0.000 0.000 0.000 0.000 0.000 0.000 0.000 0.000 0.000 0.000 0.000 0.000 28/02/1991
0.000 0.000 0.000 0.000 0.000 0.000 0.000 0.000 0.000 0.000 0.000 0.000 0.000 0.000 0.000 0.000 0.000 0.000 0.000 0.000 0.000 0.000 0.000 0.000 0.000 0.000 0.000 0.000 0.000 0.000 01/03/1991
0.000 0.000 0.000 0.000 0.100 0.000 0.000 0.000 0.000 0.100 0.000 0.000 0.000 0.000 0.100 0.000 0.000 0.000 0.000 0.000 0.000 0.000 0.000 0.000 0.000 0.000 0.000 0.000 0.000 0.000 02/03/1991
0.000 0.000 0.000 0.000 0.000 0.000 0.000 0.000 0.000 0.000 0.000 0.000 0.000 0.000 0.000 0.000 0.000 0.000 0.000 0.000 0.000 0.000 0.000 0.000 0.000 0.000 0.000 0.000 0.000 0.000 03/03/1991
0.000 0.000 0.000 0.000 0.000 0.000 0.000 0.000 0.000 0.000 0.000 0.000 0.000 0.000 0.000 0.200 0.000 0.000 0.000 0.000 0.200 0.000 0.000 0.000 0.000 0.200 0.000 0.000 0.000 0.000 04/03/1991
0.100 0.100 0.100 0.100 0.000 0.100 0.100 0.100 0.000 0.000 0.100 0.100 0.000 0.000 0.000 0.000 0.000 0.000 0.000 0.000 0.000 0.000 0.000 0.000 0.000 0.000 0.000 0.000 0.000 0.000 05/03/1991
7.700 7.800 7.800 10.600 13.800 7.900 7.900 7.900 12.300 13.700 7.900 7.800 12.200 12.300 13.600 3.800 8.200 12.200 12.400 12.400 3.800 8.200 12.300 12.200 12.200 3.800 8.100 12.100 12.100 12.400 06/03/1991
0.100 0.100 0.100 0.100 0.000 0.200 0.200 0.200 0.500 0.000 0.200 0.100 0.500 0.500 0.000 2.500 0.000 0.500 0.600 0.600 2.500 0.000 0.500 0.500 0.500 2.500 0.000 0.500 0.500 0.600 07/03/1991
1.200 1.200 1.200 1.500 2.100 1.200 1.200 1.200 1.200 2.100 1.200 1.200 1.200 1.200 2.100 0.200 5.200 1.200 1.200 1.200 0.200 5.200 1.200 1.200 1.200 0.100 5.200 1.100 1.100 1.200 08/03/1991
0.500 0.500 0.500 0.600 0.500 0.500 0.500 0.500 0.600 0.500 0.500 0.500 0.600 0.600 0.500 1.400 0.800 0.600 0.600 0.600 1.400 0.800 0.600 0.600 0.600 1.300 0.800 0.600 0.600 0.600 09/03/1991
1.500 1.500 1.500 1.900 2.300 1.500 1.500 1.500 1.600 2.300 1.500 1.500 1.600 1.700 2.200 1.600 1.600 1.600 1.700 1.700 1.600 1.600 1.600 1.600 1.600 1.600 1.600 1.600 1.600 1.700 10/03/1991
0.000 0.000 0.000 0.000 0.000 0.000 0.000 0.000 0.000 0.000 0.000 0.000 0.000 0.000 0.000 0.000 0.000 0.000 0.000 0.000 0.000 0.000 0.000 0.000 0.000 0.000 0.000 0.000 0.000 0.000 11/03/1991
0.000 0.000 0.000 0.000 0.000 0.000 0.000 0.000 0.000 0.000 0.000 0.000 0.000 0.000 0.000 0.000 0.000 0.000 0.000 0.000 0.000 0.000 0.000 0.000 0.000 0.000 0.000 0.000 0.000 0.000 12/03/1991
0.000 0.000 0.000 0.000 0.000 0.000 0.000 0.000 0.000 0.000 0.000 0.000 0.000 0.000 0.000 0.000 0.000 0.000 0.000 0.000 0.000 0.000 0.000 0.000 0.000 0.000 0.000 0.000 0.000 0.000 13/03/1991
0.200 0.200 0.200 0.000 0.000 0.200 0.200 0.200 0.000 0.000 0.200 0.200 0.000 0.000 0.000 0.200 0.000 0.000 0.000 0.000 0.200 0.000 0.000 0.000 0.000 0.200 0.000 0.000 0.000 0.000 14/03/1991
0.000 0.000 0.000 0.000 0.000 0.000 0.000 0.000 0.000 0.000 0.000 0.000 0.000 0.000 0.000 0.000 0.000 0.000 0.000 0.000 0.000 0.000 0.000 0.000 0.000 0.000 0.000 0.000 0.000 0.000 15/03/1991
14.600 14.700 14.800 11.900 12.700 14.900 15.000 14.900 12.900 12.600 14.900 14.800 12.800 12.900 12.500 11.700 17.000 12.800 13.000 13.000 11.600 17.000 12.900 12.800 12.800 11.400 16.900 12.700 12.700 13.000 16/03/1991
3.300 3.400 3.400 2.800 6.100 3.400 3.400 3.400 3.300 6.100 3.400 3.400 3.300 3.300 6.000 4.500 2.700 3.300 3.300 3.300 4.400 2.700 3.300 3.300 3.300 4.400 2.700 3.200 3.200 3.300 17/03/1991
3.000 3.100 3.100 2.700 4.300 3.100 3.100 3.100 3.700 4.300 3.100 3.100 3.700 3.700 4.300 1.900 2.300 3.700 3.700 3.700 1.900 2.300 3.700 3.700 3.700 1.900 2.300 3.600 3.600 3.700 18/03/1991
10.900 11.000 11.000 7.800 13.800 11.100 11.200 11.100 6.400 13.700 11.100 11.100 6.400 6.400 13.600 4.400 1.700 6.400 6.400 6.400 4.300 1.700 6.400 6.300 6.300 4.200 1.700 6.300 6.300 6.400 19/03/1991
0.900 0.900 0.900 0.000 0.800 0.900 0.900 0.900 0.500 0.800 0.900 0.900 0.500 0.500 0.800 0.200 0.200 0.500 0.500 0.500 0.200 0.200 0.500 0.500 0.500 0.200 0.200 0.500 0.500 0.500 20/03/1991
2.100 2.100 2.100 2.300 2.000 2.100 2.100 2.100 1.200 2.000 2.100 2.100 1.200 1.200 2.000 1.600 0.900 1.200 1.200 1.200 1.600 0.900 1.200 1.200 1.200 1.600 0.900 1.200 1.200 1.200 21/03/1991
0.400 0.400 0.400 4.300 0.500 0.400 0.400 0.400 0.400 0.500 0.400 0.400 0.400 0.400 0.500 0.600 0.300 0.400 0.400 0.400 0.600 0.300 0.400 0.400 0.400 0.600 0.300 0.400 0.400 0.400 22/03/1991
2.300 2.300 2.300 1.300 2.400 2.400 2.400 2.400 4.100 2.400 2.400 2.400 4.100 4.100 2.300 2.400 2.600 4.100 4.100 4.100 2.400 2.600 4.100 4.100 4.000 2.400 2.600 4.000 4.000 4.100 23/03/1991
2.700 2.700 2.700 2.700 10.500 2.700 2.800 2.700 11.500 10.500 2.700 2.700 11.500 11.600 10.400 5.900 10.000 11.500 11.600 11.600 5.900 10.000 11.500 11.500 11.400 5.800 9.900 11.300 11.400 11.600 24/03/1991
0.000 0.000 0.000 0.000 0.000 0.000 0.000 0.000 0.100 0.000 0.000 0.000 0.100 0.100 0.000 0.000 0.000 0.100 0.100 0.100 0.000 0.000 0.100 0.100 0.100 0.000 0.000 0.100 0.100 0.100 25/03/1991
0.000 0.000 0.000 0.000 0.100 0.000 0.000 0.000 0.000 0.100 0.000 0.000 0.000 0.000 0.100 0.000 0.000 0.000 0.000 0.000 0.000 0.000 0.000 0.000 0.000 0.000 0.000 0.000 0.000 0.000 26/03/1991
0.100 0.100 0.100 0.000 3.600 0.100 0.100 0.100 3.600 3.600 0.100 0.100 3.600 3.700 3.600 0.400 2.300 3.600 3.700 3.700 0.400 2.300 3.600 3.600 3.600 0.400 2.300 3.600 3.600 3.700 27/03/1991
0.000 0.000 0.000 0.000 0.000 0.000 0.000 0.000 0.000 0.000 0.000 0.000 0.000 0.000 0.000 0.000 0.000 0.000 0.000 0.000 0.000 0.000 0.000 0.000 0.000 0.000 0.000 0.000 0.000 0.000 28/03/1991
0.000 0.000 0.000 0.000 0.000 0.000 0.000 0.000 0.000 0.000 0.000 0.000 0.000 0.000 0.000 0.000 0.000 0.000 0.000 0.000 0.000 0.000 0.000 0.000 0.000 0.000 0.000 0.000 0.000 0.000 29/03/1991
0.000 0.000 0.000 0.000 0.000 0.000 0.000 0.000 0.000 0.000 0.000 0.000 0.000 0.000 0.000 0.000 0.000 0.000 0.000 0.000 0.000 0.000 0.000 0.000 0.000 0.000 0.000 0.000 0.000 0.000 30/03/1991
0.000 0.000 0.000 0.000 0.000 0.000 0.000 0.000 0.000 0.000 0.000 0.000 0.000 0.000 0.000 0.000 0.000 0.000 0.000 0.000 0.000 0.000 0.000 0.000 0.000 0.000 0.000 0.000 0.000 0.000 31/03/1991
0.000 0.000 0.000 0.000 0.000 0.000 0.000 0.000 0.000 0.000 0.000 0.000 0.000 0.000 0.000 0.000 0.000 0.000 0.000 0.000 0.000 0.000 0.000 0.000 0.000 0.000 0.000 0.000 0.000 0.000 01/04/1991
0.000 0.000 0.000 0.000 0.400 0.000 0.000 0.000 0.200 0.400 0.000 0.000 0.200 0.200 0.400 0.300 1.000 0.200 0.200 0.200 0.300 1.000 0.200 0.200 0.200 0.300 1.000 0.200 0.200 0.200 02/04/1991
0.900 0.900 0.900 1.200 4.100 0.900 0.900 0.900 1.000 4.100 0.900 0.900 1.000 1.000 4.000 0.600 2.800 1.000 1.000 1.000 0.600 2.900 1.000 1.000 1.000 0.600 2.800 1.000 1.000 1.000 03/04/1991
9.100 9.100 9.200 11.300 11.200 9.200 9.300 9.200 9.900 11.100 9.200 9.200 9.900 10.000 11.000 13.100 9.400 9.900 10.000 10.000 12.900 9.400 9.900 9.900 9.900 12.800 9.400 9.800 9.800 10.000 04/04/1991
3.400 3.500 3.500 1.600 8.000 3.500 3.500 3.500 3.500 8.000 3.500 3.500 3.500 3.500 7.900 4.000 2.800 3.500 3.600 3.500 4.000 2.800 3.500 3.500 3.500 3.900 2.700 3.500 3.500 3.600 05/04/1991
1.000 1.000 1.000 0.700 0.600 1.000 1.000 1.000 0.200 0.600 1.000 1.000 0.200 0.200 0.600 0.000 0.000 0.200 0.200 0.200 0.000 0.000 0.200 0.200 0.200 0.000 0.000 0.200 0.200 0.200 06/04/1991
0.200 0.200 0.200 1.500 0.000 0.200 0.200 0.200 0.000 0.000 0.200 0.200 0.000 0.000 0.000 0.000 0.000 0.000 0.000 0.000 0.000 0.000 0.000 0.000 0.000 0.000 0.000 0.000 0.000 0.000 07/04/1991
0.000 0.000 0.000 0.000 0.000 0.000 0.000 0.000 0.000 0.000 0.000 0.000 0.000 0.000 0.000 0.000 0.000 0.000 0.000 0.000 0.000 0.000 0.000 0.000 0.000 0.000 0.000 0.000 0.000 0.000 08/04/1991
0.000 0.000 0.000 0.000 0.000 0.000 0.000 0.000 0.000 0.000 0.000 0.000 0.000 0.000 0.000 0.000 0.000 0.000 0.000 0.000 0.000 0.000 0.000 0.000 0.000 0.000 0.000 0.000 0.000 0.000 09/04/1991
0.000 0.000 0.000 0.000 0.000 0.000 0.000 0.000 0.000 0.000 0.000 0.000 0.000 0.000 0.000 0.000 0.000 0.000 0.000 0.000 0.000 0.000 0.000 0.000 0.000 0.000 0.000 0.000 0.000 0.000 10/04/1991
0.000 0.000 0.000 0.000 0.000 0.000 0.000 0.000 0.000 0.000 0.000 0.000 0.000 0.000 0.000 0.000 0.000 0.000 0.000 0.000 0.000 0.000 0.000 0.000 0.000 0.000 0.000 0.000 0.000 0.000 11/04/1991
3.000 3.000 3.000 2.400 3.600 3.000 3.100 3.000 2.300 3.500 3.000 3.000 2.300 2.300 3.500 4.300 5.000 2.300 2.300 2.300 4.200 5.000 2.300 2.300 2.300 4.200 5.000 2.200 2.200 2.300 12/04/1991
1.900 1.900 1.900 1.100 10.100 1.900 2.000 1.900 9.700 10.100 1.900 1.900 9.600 9.700 10.000 5.100 3.600 9.600 9.700 9.700 5.100 3.600 9.700 9.600 9.600 5.000 3.600 9.500 9.500 9.700 13/04/1991
0.800 0.800 0.800 0.600 0.100 0.800 0.800 0.800 0.100 0.100 0.800 0.800 0.100 0.100 0.100 0.000 0.000 0.100 0.100 0.100 0.000 0.000 0.100 0.100 0.100 0.000 0.000 0.100 0.100 0.100 14/04/1991
0.000 0.000 0.000 0.000 0.000 0.000 0.000 0.000 0.000 0.000 0.000 0.000 0.000 0.000 0.000 0.000 0.000 0.000 0.000 0.000 0.000 0.000 0.000 0.000 0.000 0.000 0.000 0.000 0.000 0.000 15/04/1991
0.000 0.000 0.000 0.000 0.000 0.000 0.000 0.000 0.000 0.000 0.000 0.000 0.000 0.000 0.000 0.000 0.000 0.000 0.000 0.000 0.000 0.000 0.000 0.000 0.000 0.000 0.000 0.000 0.000 0.000 16/04/1991
0.000 0.000 0.000 0.000 0.000 0.000 0.000 0.000 0.000 0.000 0.000 0.000 0.000 0.000 0.000 0.000 0.000 0.000 0.000 0.000 0.000 0.000 0.000 0.000 0.000 0.000 0.000 0.000 0.000 0.000 17/04/1991
0.000 0.000 0.000 0.000 0.400 0.000 0.000 0.000 0.100 0.400 0.000 0.000 0.100 0.100 0.400 0.600 0.400 0.100 0.100 0.100 0.600 0.400 0.100 0.100 0.100 0.600 0.400 0.100 0.100 0.100 18/04/1991
1.000 1.000 1.000 2.100 1.900 1.100 1.100 1.100 1.600 1.900 1.100 1.100 1.600 1.600 1.900 1.500 0.900 1.600 1.600 1.600 1.500 0.900 1.600 1.600 1.600 1.500 0.900 1.600 1.600 1.600 19/04/1991
2.200 2.200 2.200 3.000 3.000 2.200 2.300 2.200 2.400 3.000 2.200 2.200 2.300 2.300 3.000 2.100 1.400 2.400 2.300 2.300 2.000 1.400 2.400 2.300 2.300 2.000 1.500 2.300 2.300 2.300 20/04/1991
0.100 0.100 0.100 0.000 0.000 0.100 0.100 0.100 0.000 0.000 0.100 0.100 0.000 0.000 0.000 0.200 0.000 0.000 0.000 0.000 0.200 0.000 0.000 0.000 0.000 0.200 0.000 0.000 0.000 0.000 21/04/1991
2.100 2.100 2.100 3.400 2.200 2.100 2.100 2.100 2.600 2.200 2.100 2.100 2.600 2.600 2.200 2.100 1.400 2.600 2.600 2.600 2.100 1.400 2.600 2.600 2.600 2.100 1.400 2.600 2.600 2.600 22/04/1991
0.000 0.000 0.000 0.000 0.000 0.000 0.000 0.000 0.000 0.000 0.000 0.000 0.000 0.000 0.000 0.000 0.000 0.000 0.000 0.000 0.000 0.000 0.000 0.000 0.000 0.000 0.000 0.000 0.000 0.000 23/04/1991
5.100 5.200 5.200 1.200 0.100 5.200 5.300 5.200 1.900 0.100 5.200 5.200 1.900 1.900 0.100 3.900 3.300 1.900 1.900 1.900 3.800 3.300 1.900 1.900 1.900 3.800 3.300 1.900 1.900 1.900 24/04/1991
9.500 9.600 9.600 4.500 6.100 9.700 9.800 9.700 7.100 6.000 9.700 9.700 7.100 7.200 6.000 7.000 6.500 7.100 7.200 7.200 7.000 6.500 7.100 7.100 7.100 6.900 6.400 7.000 7.000 7.200 25/04/1991
0.700 0.700 0.700 0.000 0.100 0.700 0.700 0.700 0.300 0.100 0.700 0.700 0.300 0.300 0.100 0.200 0.300 0.300 0.300 0.300 0.200 0.300 0.300 0.300 0.300 0.200 0.300 0.300 0.300 0.300 26/04/1991
9.600 9.600 9.700 7.100 7.500 9.700 9.800 9.700 10.400 7.400 9.700 9.700 10.300 10.400 7.400 13.100 6.800 10.300 10.500 10.400 13.000 6.900 10.400 10.300 10.300 12.800 6.800 10.200 10.200 10.500 27/04/1991
0.000 0.000 0.000 0.000 0.000 0.000 0.000 0.000 0.000 0.000 0.000 0.000 0.000 0.000 0.000 0.000 0.000 0.000 0.000 0.000 0.000 0.000 0.000 0.000 0.000 0.000 0.000 0.000 0.000 0.000 28/04/1991
0.300 0.300 0.300 1.100 0.200 0.300 0.300 0.300 0.100 0.200 0.300 0.300 0.100 0.100 0.200 0.000 0.000 0.100 0.100 0.100 0.000 0.000 0.100 0.100 0.100 0.000 0.000 0.100 0.100 0.100 29/04/1991
8.400 8.400 8.500 8.300 16.400 8.500 8.600 8.500 13.300 16.400 8.500 8.500 13.200 13.400 16.200 10.000 7.000 13.300 13.400 13.400 9.900 7.100 13.300 13.200 13.200 9.800 7.000 13.100 13.100 13.400 30/04/1991
4.700 4.700 4.700 7.100 7.200 4.800 4.800 4.800 5.600 7.100 4.700 4.700 5.600 5.700 7.100 8.000 8.500 5.600 5.700 5.700 8.000 8.500 5.600 5.600 5.600 7.900 8.400 5.500 5.500 5.700 01/05/1991
0.600 0.600 0.600 1.200 0.200 0.600 0.600 0.600 0.500 0.200 0.600 0.600 0.500 0.500 0.200 0.600 1.200 0.500 0.500 0.500 0.600 1.200 0.500 0.500 0.500 0.600 1.200 0.500 0.500 0.500 02/05/1991
0.400 0.400 0.400 0.200 0.000 0.400 0.400 0.400 0.000 0.000 0.400 0.400 0.000 0.000 0.000 0.200 0.000 0.000 0.000 0.000 0.200 0.000 0.000 0.000 0.000 0.200 0.000 0.000 0.000 0.000 03/05/1991
1.100 1.100 1.100 3.000 1.900 1.200 1.200 1.200 1.100 1.900 1.200 1.200 1.100 1.100 1.900 1.900 1.700 1.100 1.100 1.100 1.900 1.800 1.100 1.100 1.100 1.900 1.700 1.100 1.100 1.100 04/05/1991
2.000 2.000 2.000 2.300 0.100 2.000 2.000 2.000 3.400 0.100 2.000 2.000 3.400 3.400 0.100 1.200 1.100 3.400 3.500 3.400 1.200 1.100 3.400 3.400 3.400 1.200 1.100 3.400 3.400 3.400 05/05/1991
8.400 8.400 8.500 7.200 5.000 8.500 8.600 8.500 5.000 5.000 8.500 8.500 5.000 5.100 5.000 13.100 12.700 5.000 5.100 5.100 12.900 12.700 5.000 5.000 5.000 12.800 12.600 5.000 5.000 5.100 06/05/1991
3.400 3.400 3.400 5.700 6.800 3.400 3.400 3.400 5.400 6.800 3.400 3.400 5.400 5.400 6.800 3.900 6.600 5.400 5.500 5.500 3.800 6.600 5.400 5.400 5.400 3.800 6.500 5.300 5.300 5.500 07/05/1991
1.800 1.800 1.800 1.200 1.400 1.800 1.800 1.800 5.300 1.400 1.800 1.800 5.200 5.300 1.400 2.700 4.200 5.300 5.300 5.300 2.700 4.200 5.300 5.200 5.200 2.600 4.100 5.200 5.200 5.300 08/05/1991
0.000 0.000 0.000 0.100 0.000 0.000 0.000 0.000 0.600 0.000 0.000 0.000 0.600 0.600 0.000 0.000 0.000 0.600 0.600 0.600 0.000 0.000 0.600 0.600 0.600 0.000 0.000 0.600 0.600 0.600 09/05/1991
4.500 4.600 4.600 0.100 0.100 4.600 4.700 4.600 0.500 0.100 4.600 4.600 0.500 0.500 0.100 2.800 1.900 0.500 0.500 0.500 2.800 1.900 0.500 0.500 0.500 2.800 1.900 0.500 0.500 0.500 10/05/1991
0.200 0.200 0.200 1.300 0.000 0.200 0.200 0.200 0.000 0.000 0.200 0.200 0.000 0.000 0.000 0.200 0.000 0.000 0.000 0.000 0.200 0.000 0.000 0.000 0.000 0.200 0.000 0.000 0.000 0.000 11/05/1991
2.200 2.200 2.200 2.300 1.700 2.200 2.200 2.200 1.300 1.700 2.200 2.200 1.300 1.300 1.700 1.800 1.700 1.300 1.300 1.300 1.700 1.700 1.300 1.300 1.300 1.700 1.700 1.300 1.300 1.300 12/05/1991
0.000 0.000 0.000 0.000 0.000 0.000 0.000 0.000 0.000 0.000 0.000 0.000 0.000 0.000 0.000 0.000 0.000 0.000 0.000 0.000 0.000 0.000 0.000 0.000 0.000 0.000 0.000 0.000 0.000 0.000 13/05/1991
0.000 0.000 0.000 0.000 0.000 0.000 0.000 0.000 0.000 0.000 0.000 0.000 0.000 0.000 0.000 0.000 0.000 0.000 0.000 0.000 0.000 0.000 0.000 0.000 0.000 0.000 0.000 0.000 0.000 0.000 14/05/1991
0.000 0.000 0.000 0.000 0.000 0.000 0.000 0.000 0.000 0.000 0.000 0.000 0.000 0.000 0.000 0.000 0.000 0.000 0.000 0.000 0.000 0.000 0.000 0.000 0.000 0.000 0.000 0.000 0.000 0.000 15/05/1991
0.000 0.000 0.000 0.000 0.000 0.000 0.000 0.000 0.000 0.000 0.000 0.000 0.000 0.000 0.000 0.000 0.000 0.000 0.000 0.000 0.000 0.000 0.000 0.000 0.000 0.000 0.000 0.000 0.000 0.000 16/05/1991
0.000 0.000 0.000 1.300 0.000 0.000 0.000 0.000 0.000 0.000 0.000 0.000 0.000 0.000 0.000 0.200 0.000 0.000 0.000 0.000 0.200 0.000 0.000 0.000 0.000 0.200 0.000 0.000 0.000 0.000 17/05/1991
0.000 0.000 0.000 0.000 0.000 0.000 0.000 0.000 0.000 0.000 0.000 0.000 0.000 0.000 0.000 0.000 0.000 0.000 0.000 0.000 0.000 0.000 0.000 0.000 0.000 0.000 0.000 0.000 0.000 0.000 18/05/1991
0.000 0.000 0.000 0.000 0.000 0.000 0.000 0.000 0.000 0.000 0.000 0.000 0.000 0.000 0.000 0.000 0.000 0.000 0.000 0.000 0.000 0.000 0.000 0.000 0.000 0.000 0.000 0.000 0.000 0.000 19/05/1991
1.100 1.100 1.100 0.000 0.000 1.100 1.100 1.100 0.000 0.000 1.100 1.100 0.000 0.000 0.000 0.000 0.000 0.000 0.000 0.000 0.000 0.000 0.000 0.000 0.000 0.000 0.000 0.000 0.000 0.000 20/05/1991
0.000 0.000 0.000 0.000 0.000 0.000 0.000 0.000 0.000 0.000 0.000 0.000 0.000 0.000 0.000 0.000 0.000 0.000 0.000 0.000 0.000 0.000 0.000 0.000 0.000 0.000 0.000 0.000 0.000 0.000 21/05/1991
0.000 0.000 0.000 0.000 0.000 0.000 0.000 0.000 0.000 0.000 0.000 0.000 0.000 0.000 0.000 0.000 0.000 0.000 0.000 0.000 0.000 0.000 0.000 0.000 0.000 0.000 0.000 0.000 0.000 0.000 22/05/1991
0.000 0.000 0.000 0.000 0.000 0.000 0.000 0.000 0.000 0.000 0.000 0.000 0.000 0.000 0.000 0.000 0.000 0.000 0.000 0.000 0.000 0.000 0.000 0.000 0.000 0.000 0.000 0.000 0.000 0.000 23/05/1991
0.000 0.000 0.000 0.000 0.000 0.000 0.000 0.000 0.000 0.000 0.000 0.000 0.000 0.000 0.000 0.000 0.000 0.000 0.000 0.000 0.000 0.000 0.000 0.000 0.000 0.000 0.000 0.000 0.000 0.000 24/05/1991
0.000 0.000 0.000 0.000 0.000 0.000 0.000 0.000 0.000 0.000 0.000 0.000 0.000 0.000 0.000 0.000 0.000 0.000 0.000 0.000 0.000 0.000 0.000 0.000 0.000 0.000 0.000 0.000 0.000 0.000 25/05/1991
0.000 0.000 0.000 0.000 0.000 0.000 0.000 0.000 0.000 0.000 0.000 0.000 0.000 0.000 0.000 0.000 0.000 0.000 0.000 0.000 0.000 0.000 0.000 0.000 0.000 0.000 0.000 0.000 0.000 0.000 26/05/1991
0.000 0.000 0.000 0.000 0.000 0.000 0.000 0.000 0.000 0.000 0.000 0.000 0.000 0.000 0.000 0.000 0.000 0.000 0.000 0.000 0.000 0.000 0.000 0.000 0.000 0.000 0.000 0.000 0.000 0.000 27/05/1991
0.000 0.000 0.000 0.000 1.000 0.000 0.000 0.000 0.100 1.000 0.000 0.000 0.100 0.100 1.000 0.000 0.000 0.100 0.100 0.100 0.000 0.000 0.100 0.100 0.100 0.000 0.000 0.100 0.100 0.100 28/05/1991
0.100 0.100 0.100 0.100 1.700 0.100 0.100 0.100 1.600 1.700 0.100 0.100 1.600 1.600 1.600 0.700 0.300 1.600 1.600 1.600 0.700 0.300 1.600 1.600 1.600 0.700 0.300 1.600 1.600 1.600 29/05/1991
1.100 1.100 1.100 0.000 1.300 1.100 1.100 1.100 1.300 1.300 1.100 1.100 1.300 1.300 1.300 1.600 3.500 1.300 1.300 1.300 1.600 3.500 1.300 1.300 1.300 1.600 3.400 1.300 1.300 1.300 30/05/1991
1.800 1.800 1.800 0.000 2.100 1.800 1.800 1.800 1.500 2.100 1.800 1.800 1.500 1.500 2.100 6.100 6.000 1.500 1.500 1.500 6.000 6.000 1.500 1.500 1.500 6.000 5.900 1.400 1.400 1.500 31/05/1991
0.400 0.400 0.400 0.000 12.300 0.400 0.400 0.400 6.600 12.200 0.400 0.400 6.600 6.700 12.100 1.000 18.900 6.600 6.700 6.700 1.000 19.000 6.600 6.600 6.600 1.000 18.800 6.500 6.500 6.700 01/06/1991
6.500 6.500 6.500 1.000 0.600 6.600 6.700 6.600 0.600 0.600 6.600 6.600 0.600 0.600 0.500 6.000 9.700 0.600 0.600 0.600 5.900 9.700 0.600 0.600 0.600 5.900 9.700 0.500 0.500 0.600 02/06/1991
0.000 0.000 0.000 0.000 0.000 0.000 0.000 0.000 0.000 0.000 0.000 0.000 0.000 0.000 0.000 0.000 0.000 0.000 0.000 0.000 0.000 0.000 0.000 0.000 0.000 0.000 0.000 0.000 0.000 0.000 03/06/1991
0.000 0.000 0.000 0.000 0.100 0.000 0.000 0.000 0.000 0.100 0.000 0.000 0.000 0.000 0.100 0.000 0.000 0.000 0.000 0.000 0.000 0.000 0.000 0.000 0.000 0.000 0.000 0.000 0.000 0.000 04/06/1991
6.300 6.300 6.400 5.100 7.700 6.400 6.500 6.400 6.000 7.700 6.400 6.400 6.000 6.000 7.600 6.100 4.500 6.000 6.000 6.000 6.100 4.500 6.000 5.900 5.900 6.000 4.500 5.900 5.900 6.000 05/06/1991
8.000 8.100 8.100 8.800 6.900 8.200 8.200 8.200 7.500 6.900 8.100 8.100 7.400 7.500 6.900 7.600 5.400 7.500 7.500 7.500 7.600 5.400 7.500 7.400 7.400 7.500 5.300 7.300 7.400 7.500 06/06/1991
6.200 6.200 6.300 12.000 8.300 6.300 6.400 6.300 7.000 8.300 6.300 6.300 7.000 7.100 8.200 2.800 7.200 7.000 7.100 7.100 2.800 7.200 7.000 7.000 7.000 2.800 7.100 6.900 6.900 7.100 07/06/1991
0.000 0.000 0.000 0.400 0.100 0.000 0.000 0.000 0.000 0.100 0.000 0.000 0.000 0.000 0.100 0.000 0.000 0.000 0.000 0.000 0.000 0.000 0.000 0.000 0.000 0.000 0.000 0.000 0.000 0.000 08/06/1991
5.300 5.400 5.400 10.300 4.900 5.400 5.500 5.400 2.600 4.900 5.400 5.400 2.600 2.600 4.900 2.500 2.000 2.600 2.600 2.600 2.400 2.000 2.600 2.600 2.600 2.400 1.900 2.600 2.600 2.600 09/06/1991
0.900 0.900 0.900 0.700 0.000 0.900 0.900 0.900 0.000 0.000 0.900 0.900 0.000 0.000 0.000 0.200 0.000 0.000 0.000 0.000 0.200 0.000 0.000 0.000 0.000 0.200 0.000 0.000 0.000 0.000 10/06/1991
0.000 0.000 0.000 0.000 0.000 0.000 0.000 0.000 0.000 0.000 0.000 0.000 0.000 0.000 0.000 0.000 0.000 0.000 0.000 0.000 0.000 0.000 0.000 0.000 0.000 0.000 0.000 0.000 0.000 0.000 11/06/1991
0.000 0.000 0.000 0.000 0.000 0.000 0.000 0.000 0.000 0.000 0.000 0.000 0.000 0.000 0.000 0.000 0.000 0.000 0.000 0.000 0.000 0.000 0.000 0.000 0.000 0.000 0.000 0.000 0.000 0.000 12/06/1991
0.000 0.000 0.000 0.000 0.000 0.000 0.000 0.000 0.000 0.000 0.000 0.000 0.000 0.000 0.000 0.000 0.000 0.000 0.000 0.000 0.000 0.000 0.000 0.000 0.000 0.000 0.000 0.000 0.000 0.000 13/06/1991
0.000 0.000 0.000 0.000 0.000 0.000 0.000 0.000 0.000 0.000 0.000 0.000 0.000 0.000 0.000 0.000 0.000 0.000 0.000 0.000 0.000 0.000 0.000 0.000 0.000 0.000 0.000 0.000 0.000 0.000 14/06/1991
1.400 1.400 1.400 1.500 0.000 1.400 1.400 1.400 0.200 0.000 1.400 1.400 0.200 0.200 0.000 0.700 0.000 0.200 0.200 0.200 0.700 0.000 0.200 0.200 0.200 0.700 0.000 0.200 0.200 0.200 15/06/1991
4.500 4.500 4.600 9.200 4.900 4.600 4.600 4.600 3.400 4.900 4.600 4.600 3.400 3.500 4.900 2.500 2.100 3.400 3.500 3.500 2.400 2.100 3.400 3.400 3.400 2.400 2.100 3.400 3.400 3.500 16/06/1991
2.500 2.500 2.600 2.200 3.000 2.600 2.600 2.600 1.600 3.000 2.600 2.600 1.600 1.700 2.900 1.200 1.600 1.600 1.700 1.700 1.200 1.600 1.600 1.600 1.600 1.200 1.600 1.600 1.600 1.700 17/06/1991
0.500 0.600 0.600 0.000 1.100 0.600 0.600 0.600 2.700 1.100 0.600 0.600 2.700 2.700 1.100 3.400 0.900 2.700 2.700 2.700 3.300 0.900 2.700 2.700 2.700 3.300 0.900 2.700 2.700 2.700 18/06/1991
3.200 3.200 3.200 2.200 4.500 3.300 3.300 3.300 4.000 4.400 3.200 3.200 4.000 4.000 4.400 3.500 5.400 4.000 4.100 4.100 3.500 5.400 4.000 4.000 4.000 3.400 5.400 4.000 4.000 4.100 19/06/1991
0.300 0.300 0.300 0.600 4.200 0.300 0.400 0.300 1.900 4.200 0.300 0.300 1.900 1.900 4.200 0.900 0.900 1.900 1.900 1.900 0.900 0.900 1.900 1.900 1.900 0.900 0.900 1.800 1.800 1.900 20/06/1991
1.600 1.600 1.600 6.200 0.100 1.600 1.600 1.600 0.200 0.100 1.600 1.600 0.200 0.200 0.100 2.100 0.000 0.200 0.200 0.200 2.000 0.000 0.200 0.200 0.200 2.000 0.000 0.200 0.200 0.200 21/06/1991
0.000 0.000 0.000 0.000 0.000 0.000 0.000 0.000 0.000 0.000 0.000 0.000 0.000 0.000 0.000 0.000 0.000 0.000 0.000 0.000 0.000 0.000 0.000 0.000 0.000 0.000 0.000 0.000 0.000 0.000 22/06/1991
0.000 0.000 0.000 0.000 0.000 0.000 0.000 0.000 0.000 0.000 0.000 0.000 0.000 0.000 0.000 0.000 0.000 0.000 0.000 0.000 0.000 0.000 0.000 0.000 0.000 0.000 0.000 0.000 0.000 0.000 23/06/1991
0.000 0.000 0.000 0.000 0.000 0.000 0.000 0.000 0.000 0.000 0.000 0.000 0.000 0.000 0.000 0.000 0.000 0.000 0.000 0.000 0.000 0.000 0.000 0.000 0.000 0.000 0.000 0.000 0.000 0.000 24/06/1991
0.000 0.000 0.000 0.000 0.000 0.000 0.000 0.000 0.000 0.000 0.000 0.000 0.000 0.000 0.000 0.000 0.000 0.000 0.000 0.000 0.000 0.000 0.000 0.000 0.000 0.000 0.000 0.000 0.000 0.000 25/06/1991
0.200 0.200 0.200 0.700 0.100 0.200 0.200 0.200 0.000 0.100 0.200 0.200 0.000 0.000 0.100 0.100 0.000 0.000 0.000 0.000 0.100 0.000 0.000 0.000 0.000 0.100 0.000 0.000 0.000 0.000 26/06/1991
0.300 0.300 0.300 0.100 1.000 0.300 0.300 0.300 0.200 1.000 0.300 0.300 0.200 0.200 1.000 0.100 0.500 0.200 0.200 0.200 0.100 0.500 0.200 0.200 0.200 0.100 0.500 0.200 0.200 0.200 27/06/1991
0.000 0.000 0.000 0.000 0.100 0.000 0.000 0.000 0.000 0.100 0.000 0.000 0.000 0.000 0.100 0.000 0.000 0.000 0.000 0.000 0.000 0.000 0.000 0.000 0.000 0.000 0.000 0.000 0.000 0.000 28/06/1991
0.000 0.000 0.000 0.000 0.000 0.000 0.000 0.000 0.000 0.000 0.000 0.000 0.000 0.000 0.000 0.000 0.000 0.000 0.000 0.000 0.000 0.000 0.000 0.000 0.000 0.000 0.000 0.000 0.000 0.000 29/06/1991
0.000 0.000 0.000 0.000 0.000 0.000 0.000 0.000 0.000 0.000 0.000 0.000 0.000 0.000 0.000 0.000 0.000 0.000 0.000 0.000 0.000 0.000 0.000 0.000 0.000 0.000 0.000 0.000 0.000 0.000 30/06/1991
1.500 1.500 1.500 1.000 5.000 1.600 1.600 1.600 8.800 5.000 1.600 1.500 8.700 8.800 4.900 1.800 5.700 8.700 8.800 8.800 1.800 5.700 8.800 8.700 8.700 1.700 5.700 8.600 8.600 8.800 01/07/1991
2.800 2.800 2.800 8.100 8.600 2.900 2.900 2.900 6.700 8.600 2.800 2.800 6.600 6.700 8.500 2.300 3.800 6.600 6.700 6.700 2.300 3.900 6.700 6.600 6.600 2.300 3.800 6.600 6.600 6.700 02/07/1991
1.000 1.000 1.000 1.200 0.600 1.000 1.000 1.000 0.400 0.600 1.000 1.000 0.400 0.400 0.600 1.000 1.000 0.400 0.400 0.400 1.000 1.000 0.400 0.400 0.400 1.000 1.000 0.400 0.400 0.400 03/07/1991
0.000 0.000 0.000 0.000 0.000 0.000 0.000 0.000 0.000 0.000 0.000 0.000 0.000 0.000 0.000 0.000 0.000 0.000 0.000 0.000 0.000 0.000 0.000 0.000 0.000 0.000 0.000 0.000 0.000 0.000 04/07/1991
5.800 5.900 5.900 6.300 8.000 5.900 6.000 5.900 9.500 8.000 5.900 5.900 9.500 9.600 7.900 4.500 4.500 9.500 9.600 9.600 4.500 4.500 9.500 9.500 9.500 4.500 4.500 9.400 9.400 9.600 05/07/1991
0.000 0.000 0.000 0.000 0.000 0.000 0.000 0.000 0.000 0.000 0.000 0.000 0.000 0.000 0.000 0.000 0.000 0.000 0.000 0.000 0.000 0.000 0.000 0.000 0.000 0.000 0.000 0.000 0.000 0.000 06/07/1991
0.000 0.000 0.000 0.000 0.000 0.000 0.000 0.000 0.000 0.000 0.000 0.000 0.000 0.000 0.000 0.000 0.000 0.000 0.000 0.000 0.000 0.000 0.000 0.000 0.000 0.000 0.000 0.000 0.000 0.000 07/07/1991
0.000 0.000 0.000 0.000 0.000 0.000 0.000 0.000 0.000 0.000 0.000 0.000 0.000 0.000 0.000 0.000 0.000 0.000 0.000 0.000 0.000 0.000 0.000 0.000 0.000 0.000 0.000 0.000 0.000 0.000 08/07/1991
0.000 0.000 0.000 0.000 0.000 0.000 0.000 0.000 0.000 0.000 0.000 0.000 0.000 0.000 0.000 0.000 0.000 0.000 0.000 0.000 0.000 0.000 0.000 0.000 0.000 0.000 0.000 0.000 0.000 0.000 09/07/1991
0.000 0.000 0.000 0.000 0.000 0.000 0.000 0.000 0.000 0.000 0.000 0.000 0.000 0.000 0.000 0.000 0.000 0.000 0.000 0.000 0.000 0.000 0.000 0.000 0.000 0.000 0.000 0.000 0.000 0.000 10/07/1991
0.000 0.000 0.000 0.000 0.000 0.000 0.000 0.000 0.000 0.000 0.000 0.000 0.000 0.000 0.000 0.100 0.000 0.000 0.000 0.000 0.100 0.000 0.000 0.000 0.000 0.100 0.000 0.000 0.000 0.000 11/07/1991
0.000 0.000 0.000 0.000 0.000 0.000 0.000 0.000 0.000 0.000 0.000 0.000 0.000 0.000 0.000 0.100 0.000 0.000 0.000 0.000 0.100 0.000 0.000 0.000 0.000 0.100 0.000 0.000 0.000 0.000 12/07/1991
0.700 0.700 0.700 1.300 1.900 0.700 0.700 0.700 0.000 1.900 0.700 0.700 0.000 0.000 1.900 0.000 0.300 0.000 0.000 0.000 0.000 0.300 0.000 0.000 0.000 0.000 0.300 0.000 0.000 0.000 13/07/1991
1.000 1.000 1.000 0.800 1.400 1.000 1.000 1.000 0.600 1.300 1.000 1.000 0.600 0.600 1.300 0.300 0.700 0.600 0.600 0.600 0.300 0.700 0.600 0.600 0.600 0.300 0.700 0.600 0.600 0.600 14/07/1991
0.000 0.000 0.000 0.100 0.000 0.000 0.000 0.000 0.000 0.000 0.000 0.000 0.000 0.000 0.000 0.000 0.000 0.000 0.000 0.000 0.000 0.000 0.000 0.000 0.000 0.000 0.000 0.000 0.000 0.000 15/07/1991
0.000 0.000 0.000 0.000 0.000 0.000 0.000 0.000 0.000 0.000 0.000 0.000 0.000 0.000 0.000 0.000 0.000 0.000 0.000 0.000 0.000 0.000 0.000 0.000 0.000 0.000 0.000 0.000 0.000 0.000 16/07/1991
0.000 0.000 0.000 0.000 0.000 0.000 0.000 0.000 0.000 0.000 0.000 0.000 0.000 0.000 0.000 0.000 0.000 0.000 0.000 0.000 0.000 0.000 0.000 0.000 0.000 0.000 0.000 0.000 0.000 0.000 17/07/1991
0.000 0.000 0.000 0.000 0.000 0.000 0.000 0.000 0.000 0.000 0.000 0.000 0.000 0.000 0.000 0.000 0.000 0.000 0.000 0.000 0.000 0.000 0.000 0.000 0.000 0.000 0.000 0.000 0.000 0.000 18/07/1991
0.000 0.000 0.000 0.100 0.000 0.000 0.000 0.000 0.000 0.000 0.000 0.000 0.000 0.000 0.000 0.100 0.000 0.000 0.000 0.000 0.100 0.000 0.000 0.000 0.000 0.100 0.000 0.000 0.000 0.000 19/07/1991
0.000 0.000 0.000 0.000 0.000 0.000 0.000 0.000 0.000 0.000 0.000 0.000 0.000 0.000 0.000 0.000 0.000 0.000 0.000 0.000 0.000 0.000 0.000 0.000 0.000 0.000 0.000 0.000 0.000 0.000 20/07/1991
0.000 0.000 0.000 0.000 0.000 0.000 0.000 0.000 0.000 0.000 0.000 0.000 0.000 0.000 0.000 0.000 0.000 0.000 0.000 0.000 0.000 0.000 0.000 0.000 0.000 0.000 0.000 0.000 0.000 0.000 21/07/1991
0.000 0.000 0.000 0.000 0.000 0.000 0.000 0.000 0.000 0.000 0.000 0.000 0.000 0.000 0.000 0.000 0.200 0.000 0.000 0.000 0.000 0.200 0.000 0.000 0.000 0.000 0.200 0.000 0.000 0.000 22/07/1991
0.200 0.200 0.200 0.200 0.600 0.200 0.200 0.200 1.200 0.600 0.200 0.200 1.200 1.200 0.600 0.200 0.000 1.200 1.300 1.200 0.200 0.000 1.200 1.200 1.200 0.200 0.000 1.200 1.200 1.200 23/07/1991
0.600 0.600 0.600 1.300 1.100 0.600 0.600 0.600 1.000 1.100 0.600 0.600 1.000 1.000 1.100 0.300 1.400 1.000 1.000 1.000 0.300 1.400 1.000 1.000 1.000 0.300 1.400 0.900 0.900 1.000 24/07/1991
1.800 1.900 1.900 4.500 1.400 1.900 1.900 1.900 0.800 1.400 1.900 1.900 0.800 0.800 1.400 0.800 0.100 0.800 0.800 0.800 0.800 0.100 0.800 0.800 0.800 0.800 0.100 0.800 0.800 0.800 25/07/1991
0.000 0.000 0.000 0.000 0.000 0.000 0.000 0.000 0.000 0.000 0.000 0.000 0.000 0.000 0.000 0.000 0.000 0.000 0.000 0.000 0.000 0.000 0.000 0.000 0.000 0.000 0.000 0.000 0.000 0.000 26/07/1991
0.000 0.000 0.000 0.000 0.000 0.000 0.000 0.000 0.000 0.000 0.000 0.000 0.000 0.000 0.000 0.000 0.000 0.000 0.000 0.000 0.000 0.000 0.000 0.000 0.000 0.000 0.000 0.000 0.000 0.000 27/07/1991
0.000 0.000 0.000 0.000 0.000 0.000 0.000 0.000 0.000 0.000 0.000 0.000 0.000 0.000 0.000 0.000 0.000 0.000 0.000 0.000 0.000 0.000 0.000 0.000 0.000 0.000 0.000 0.000 0.000 0.000 28/07/1991
9.600 9.700 9.800 8.600 19.100 9.800 9.900 9.800 14.600 19.000 9.800 9.800 14.600 14.700 18.800 11.500 16.400 14.600 14.800 14.700 11.400 16.400 14.600 14.500 14.500 11.300 16.300 14.400 14.400 14.700 29/07/1991
2.100 2.200 2.200 4.900 6.900 2.200 2.200 2.200 9.100 6.800 2.200 2.200 9.100 9.200 6.800 4.200 3.800 9.100 9.200 9.200 4.200 3.800 9.100 9.100 9.100 4.100 3.800 9.000 9.000 9.200 30/07/1991
26.200 26.300 26.500 14.200 20.300 26.700 26.900 26.700 23.400 20.200 26.600 26.600 23.300 23.500 20.000 22.300 21.400 23.300 23.600 23.600 22.100 21.500 23.400 23.200 23.200 21.900 21.300 23.000 23.000 23.600 31/07/1991
