# 6448 6449 6450 6451 6452 6528 6529 6530 6531 6532 6610 6611 6612 6613 6614 6693 6694 6695 6696 6697 6776 6777 6778 6779 6780 6859 6860 6861 6862 6863 Date
2.600 2.600 2.600 4.700 1.800 2.600 2.600 2.600 0.700 1.800 2.600 2.600 0.700 0.700 1.800 0.500 0.800 0.700 0.700 0.700 0.500 0.800 0.700 0.700 0.700 0.500 0.700 0.700 0.700 0.700 01/08/2000
0.000 0.000 0.000 0.500 0.000 0.000 0.000 0.000 0.000 0.000 0.000 0.000 0.000 0.000 0.000 0.000 0.000 0.000 0.000 0.000 0.000 0.000 0.000 0.000 0.000 0.000 0.000 0.000 0.000 0.000 02/08/2000
0.600 0.600 0.600 1.000 0.000 0.600 0.600 0.600 0.000 0.000 0.600 0.600 0.000 0.000 0.000 0.000 0.200 0.000 0.000 0.000 0.000 0.200 0.000 0.000 0.000 0.000 0.200 0.000 0.000 0.000 03/08/2000
1.200 1.200 1.200 4.400 4.900 1.200 1.200 1.200 2.400 4.900 1.200 1.200 2.400 2.400 4.800 4.600 1.700 2.400 2.400 2.400 4.500 1.700 2.400 2.400 2.400 4.500 1.700 2.300 2.300 2.400 04/08/2000
0.000 0.000 0.000 0.000 0.000 0.000 0.000 0.000 0.000 0.000 0.000 0.000 0.000 0.000 0.000 0.000 0.000 0.000 0.000 0.000 0.000 0.000 0.000 0.000 0.000 0.000 0.000 0.000 0.000 0.000 05/08/2000
0.000 0.000 0.000 0.000 0.000 0.000 0.000 0.000 0.000 0.000 0.000 0.000 0.000 0.000 0.000 0.000 0.000 0.000 0.000 0.000 0.000 0.000 0.000 0.000 0.000 0.000 0.000 0.000 0.000 0.000 06/08/2000
0.000 0.000 0.000 0.100 0.000 0.000 0.000 0.000 0.000 0.000 0.000 0.000 0.000 0.000 0.000 0.000 0.000 0.000 0.000 0.000 0.000 0.000 0.000 0.000 0.000 0.000 0.000 0.000 0.000 0.000 07/08/2000
0.000 0.000 0.000 0.000 0.000 0.000 0.000 0.000 0.000 0.000 0.000 0.000 0.000 0.000 0.000 0.000 0.000 0.000 0.000 0.000 0.000 0.000 0.000 0.000 0.000 0.000 0.000 0.000 0.000 0.000 08/08/2000
0.000 0.000 0.000 0.000 0.000 0.000 0.000 0.000 0.000 0.000 0.000 0.000 0.000 0.000 0.000 0.000 0.000 0.000 0.000 0.000 0.000 0.000 0.000 0.000 0.000 0.000 0.000 0.000 0.000 0.000 09/08/2000
0.000 0.000 0.000 0.000 0.000 0.000 0.000 0.000 0.000 0.000 0.000 0.000 0.000 0.000 0.000 0.000 0.000 0.000 0.000 0.000 0.000 0.000 0.000 0.000 0.000 0.000 0.000 0.000 0.000 0.000 10/08/2000
0.000 0.000 0.000 1.100 2.700 0.000 0.000 0.000 0.100 2.700 0.000 0.000 0.100 0.100 2.700 1.000 0.000 0.100 0.100 0.100 1.000 0.000 0.100 0.100 0.100 1.000 0.000 0.100 0.100 0.100 11/08/2000
0.500 0.500 0.500 3.000 0.000 0.500 0.500 0.500 0.100 0.000 0.500 0.500 0.100 0.100 0.000 0.800 1.000 0.100 0.100 0.100 0.800 1.000 0.100 0.100 0.100 0.800 1.000 0.100 0.100 0.100 12/08/2000
0.000 0.000 0.000 0.000 0.000 0.000 0.000 0.000 0.000 0.000 0.000 0.000 0.000 0.000 0.000 0.000 0.000 0.000 0.000 0.000 0.000 0.000 0.000 0.000 0.000 0.000 0.000 0.000 0.000 0.000 13/08/2000
0.000 0.000 0.000 0.000 0.000 0.000 0.000 0.000 0.000 0.000 0.000 0.000 0.000 0.000 0.000 0.000 0.000 0.000 0.000 0.000 0.000 0.000 0.000 0.000 0.000 0.000 0.000 0.000 0.000 0.000 14/08/2000
0.000 0.000 0.000 0.000 0.000 0.000 0.000 0.000 0.000 0.000 0.000 0.000 0.000 0.000 0.000 0.000 0.000 0.000 0.000 0.000 0.000 0.000 0.000 0.000 0.000 0.000 0.000 0.000 0.000 0.000 15/08/2000
0.000 0.000 0.000 0.000 0.000 0.000 0.000 0.000 0.000 0.000 0.000 0.000 0.000 0.000 0.000 0.000 0.000 0.000 0.000 0.000 0.000 0.000 0.000 0.000 0.000 0.000 0.000 0.000 0.000 0.000 16/08/2000
0.000 0.000 0.000 0.000 0.000 0.000 0.000 0.000 0.100 0.000 0.000 0.000 0.100 0.100 0.000 0.000 0.000 0.100 0.100 0.100 0.000 0.000 0.100 0.100 0.100 0.000 0.000 0.100 0.100 0.100 17/08/2000
0.100 0.100 0.100 0.200 2.900 0.100 0.100 0.100 4.600 2.900 0.100 0.100 4.600 4.600 2.800 0.200 0.000 4.600 4.600 4.600 0.200 0.000 4.600 4.600 4.600 0.200 0.000 4.500 4.500 4.600 18/08/2000
0.100 0.100 0.100 1.300 0.200 0.100 0.100 0.100 0.000 0.200 0.100 0.100 0.000 0.000 0.200 0.000 0.000 0.000 0.000 0.000 0.000 0.000 0.000 0.000 0.000 0.000 0.000 0.000 0.000 0.000 19/08/2000
0.200 0.200 0.200 0.300 4.300 0.200 0.200 0.200 5.400 4.200 0.200 0.200 5.400 5.400 4.200 0.600 5.600 5.400 5.400 5.400 0.600 5.700 5.400 5.400 5.400 0.600 5.600 5.300 5.300 5.400 20/08/2000
0.800 0.800 0.800 0.400 0.300 0.800 0.800 0.800 0.500 0.300 0.800 0.800 0.500 0.500 0.300 0.900 1.000 0.500 0.500 0.500 0.900 1.000 0.500 0.500 0.500 0.900 1.000 0.500 0.500 0.500 21/08/2000
0.000 0.000 0.000 0.000 0.000 0.000 0.000 0.000 0.100 0.000 0.000 0.000 0.100 0.100 0.000 0.000 0.000 0.100 0.100 0.100 0.000 0.000 0.100 0.100 0.100 0.000 0.000 0.100 0.100 0.100 22/08/2000
0.000 0.000 0.000 0.000 0.000 0.000 0.000 0.000 0.000 0.000 0.000 0.000 0.000 0.000 0.000 0.000 0.000 0.000 0.000 0.000 0.000 0.000 0.000 0.000 0.000 0.000 0.000 0.000 0.000 0.000 23/08/2000
0.000 0.000 0.000 0.000 0.000 0.000 0.000 0.000 0.000 0.000 0.000 0.000 0.000 0.000 0.000 0.000 0.000 0.000 0.000 0.000 0.000 0.000 0.000 0.000 0.000 0.000 0.000 0.000 0.000 0.000 24/08/2000
0.200 0.200 0.200 0.600 0.000 0.200 0.200 0.200 0.000 0.000 0.200 0.200 0.000 0.000 0.000 0.500 0.000 0.000 0.000 0.000 0.500 0.000 0.000 0.000 0.000 0.500 0.000 0.000 0.000 0.000 25/08/2000
2.800 2.900 2.900 3.600 10.300 2.900 2.900 2.900 12.400 10.300 2.900 2.900 12.400 12.500 10.200 4.500 12.900 12.400 12.600 12.500 4.500 12.900 12.500 12.400 12.400 4.400 12.800 12.200 12.300 12.600 26/08/2000
0.700 0.700 0.700 0.100 0.500 0.700 0.700 0.700 1.600 0.500 0.700 0.700 1.600 1.600 0.500 0.000 0.000 1.600 1.600 1.600 0.000 0.000 1.600 1.600 1.600 0.000 0.000 1.500 1.500 1.600 27/08/2000
0.000 0.000 0.000 0.000 0.000 0.000 0.000 0.000 0.100 0.000 0.000 0.000 0.100 0.100 0.000 0.000 0.000 0.100 0.100 0.100 0.000 0.000 0.100 0.100 0.100 0.000 0.000 0.100 0.100 0.100 28/08/2000
0.000 0.000 0.000 0.000 0.000 0.000 0.000 0.000 0.100 0.000 0.000 0.000 0.100 0.100 0.000 0.000 0.500 0.100 0.100 0.100 0.000 0.500 0.100 0.100 0.100 0.000 0.500 0.100 0.100 0.100 29/08/2000
3.900 3.900 3.900 21.700 10.600 3.900 4.000 3.900 2.600 10.500 3.900 3.900 2.600 2.600 10.500 3.800 2.700 2.600 2.600 2.600 3.800 2.700 2.600 2.600 2.600 3.800 2.700 2.600 2.600 2.600 30/08/2000
0.300 0.300 0.300 0.500 0.600 0.300 0.300 0.300 0.100 0.600 0.300 0.300 0.100 0.100 0.500 0.000 0.000 0.100 0.100 0.100 0.000 0.000 0.100 0.100 0.100 0.000 0.000 0.100 0.100 0.100 31/08/2000
2.500 2.500 2.600 2.000 1.900 2.600 2.600 2.600 1.600 1.900 2.600 2.600 1.600 1.600 1.900 1.100 0.800 1.600 1.600 1.600 1.100 0.800 1.600 1.600 1.600 1.100 0.800 1.500 1.500 1.600 01/09/2000
0.100 0.100 0.100 0.900 0.300 0.100 0.100 0.100 0.100 0.300 0.100 0.100 0.100 0.100 0.300 0.200 0.100 0.100 0.100 0.100 0.100 0.100 0.100 0.100 0.100 0.100 0.100 0.100 0.100 0.100 02/09/2000
0.200 0.200 0.200 0.200 0.400 0.200 0.200 0.200 0.200 0.400 0.200 0.200 0.200 0.200 0.400 0.900 0.000 0.200 0.200 0.200 0.900 0.000 0.200 0.200 0.200 0.900 0.000 0.200 0.200 0.200 03/09/2000
0.000 0.000 0.000 0.000 0.000 0.000 0.000 0.000 0.000 0.000 0.000 0.000 0.000 0.000 0.000 0.000 0.000 0.000 0.000 0.000 0.000 0.000 0.000 0.000 0.000 0.000 0.000 0.000 0.000 0.000 04/09/2000
0.000 0.000 0.000 0.000 0.000 0.000 0.000 0.000 0.000 0.000 0.000 0.000 0.000 0.000 0.000 0.000 0.000 0.000 0.000 0.000 0.000 0.000 0.000 0.000 0.000 0.000 0.000 0.000 0.000 0.000 05/09/2000
1.300 1.300 1.300 0.300 1.700 1.300 1.300 1.300 3.100 1.700 1.300 1.300 3.000 3.100 1.600 0.500 0.300 3.100 3.100 3.100 0.500 0.300 3.100 3.000 3.000 0.500 0.300 3.000 3.000 3.100 06/09/2000
0.000 0.000 0.000 0.000 0.000 0.000 0.000 0.000 0.000 0.000 0.000 0.000 0.000 0.000 0.000 0.200 0.000 0.000 0.000 0.000 0.200 0.000 0.000 0.000 0.000 0.200 0.000 0.000 0.000 0.000 07/09/2000
0.000 0.000 0.000 0.000 0.000 0.000 0.000 0.000 0.000 0.000 0.000 0.000 0.000 0.000 0.000 0.000 0.000 0.000 0.000 0.000 0.000 0.000 0.000 0.000 0.000 0.000 0.000 0.000 0.000 0.000 08/09/2000
0.000 0.000 0.000 0.000 0.000 0.000 0.000 0.000 0.000 0.000 0.000 0.000 0.000 0.000 0.000 0.000 0.000 0.000 0.000 0.000 0.000 0.000 0.000 0.000 0.000 0.000 0.000 0.000 0.000 0.000 09/09/2000
0.000 0.000 0.000 0.000 0.000 0.000 0.000 0.000 0.000 0.000 0.000 0.000 0.000 0.000 0.000 0.000 0.000 0.000 0.000 0.000 0.000 0.000 0.000 0.000 0.000 0.000 0.000 0.000 0.000 0.000 10/09/2000
0.000 0.000 0.000 0.000 0.000 0.000 0.000 0.000 0.000 0.000 0.000 0.000 0.000 0.000 0.000 0.000 0.000 0.000 0.000 0.000 0.000 0.000 0.000 0.000 0.000 0.000 0.000 0.000 0.000 0.000 11/09/2000
0.000 0.000 0.000 1.000 0.000 0.000 0.000 0.000 0.000 0.000 0.000 0.000 0.000 0.000 0.000 0.700 2.100 0.000 0.000 0.000 0.700 2.100 0.000 0.000 0.000 0.700 2.100 0.000 0.000 0.000 12/09/2000
0.000 0.000 0.000 0.000 0.000 0.000 0.000 0.000 0.000 0.000 0.000 0.000 0.000 0.000 0.000 0.000 0.100 0.000 0.000 0.000 0.000 0.100 0.000 0.000 0.000 0.000 0.100 0.000 0.000 0.000 13/09/2000
0.000 0.000 0.000 0.000 0.000 0.000 0.000 0.000 0.000 0.000 0.000 0.000 0.000 0.000 0.000 0.000 0.000 0.000 0.000 0.000 0.000 0.000 0.000 0.000 0.000 0.000 0.000 0.000 0.000 0.000 14/09/2000
0.000 0.000 0.000 0.200 0.000 0.000 0.000 0.000 0.100 0.000 0.000 0.000 0.100 0.100 0.000 0.000 0.000 0.100 0.100 0.100 0.000 0.000 0.100 0.100 0.100 0.000 0.000 0.100 0.100 0.100 15/09/2000
0.000 0.000 0.000 0.100 0.000 0.000 0.000 0.000 0.000 0.000 0.000 0.000 0.000 0.000 0.000 0.000 0.000 0.000 0.000 0.000 0.000 0.000 0.000 0.000 0.000 0.000 0.000 0.000 0.000 0.000 16/09/2000
0.200 0.200 0.200 0.000 0.000 0.200 0.200 0.200 0.000 0.000 0.200 0.200 0.000 0.000 0.000 0.000 0.000 0.000 0.000 0.000 0.000 0.000 0.000 0.000 0.000 0.000 0.000 0.000 0.000 0.000 17/09/2000
1.200 1.200 1.200 1.400 2.600 1.200 1.200 1.200 3.600 2.600 1.200 1.200 3.600 3.700 2.600 0.200 3.200 3.600 3.700 3.700 0.200 3.200 3.600 3.600 3.600 0.100 3.200 3.600 3.600 3.700 18/09/2000
20.600 20.800 20.900 22.800 20.600 21.000 21.300 21.000 27.300 20.500 21.000 21.000 27.200 27.500 20.300 16.200 19.500 27.300 27.600 27.600 16.000 19.500 27.400 27.200 27.200 15.800 19.300 26.900 27.000 27.600 19/09/2000
1.000 1.000 1.000 2.400 1.200 1.000 1.000 1.000 2.300 1.200 1.000 1.000 2.300 2.400 1.100 0.300 0.100 2.300 2.400 2.400 0.300 0.100 2.300 2.300 2.300 0.300 0.100 2.300 2.300 2.400 20/09/2000
0.000 0.000 0.000 0.000 0.000 0.000 0.000 0.000 0.200 0.000 0.000 0.000 0.200 0.200 0.000 0.000 0.100 0.200 0.200 0.200 0.000 0.100 0.200 0.200 0.200 0.000 0.100 0.200 0.200 0.200 21/09/2000
0.000 0.000 0.000 0.100 0.000 0.000 0.000 0.000 0.100 0.000 0.000 0.000 0.100 0.200 0.000 0.000 0.100 0.100 0.200 0.200 0.000 0.100 0.100 0.100 0.100 0.000 0.100 0.100 0.100 0.200 22/09/2000
0.000 0.000 0.000 0.100 0.000 0.000 0.000 0.000 0.100 0.000 0.000 0.000 0.100 0.100 0.000 0.000 0.100 0.100 0.100 0.100 0.000 0.100 0.100 0.100 0.100 0.000 0.100 0.100 0.100 0.100 23/09/2000
0.000 0.000 0.000 0.000 0.000 0.000 0.000 0.000 0.000 0.000 0.000 0.000 0.000 0.000 0.000 0.000 0.000 0.000 0.000 0.000 0.000 0.000 0.000 0.000 0.000 0.000 0.000 0.000 0.000 0.000 24/09/2000
0.000 0.000 0.000 0.000 0.000 0.000 0.000 0.000 0.100 0.000 0.000 0.000 0.100 0.100 0.000 0.000 0.100 0.100 0.100 0.100 0.000 0.100 0.100 0.100 0.100 0.000 0.100 0.100 0.100 0.100 25/09/2000
0.000 0.000 0.000 0.100 0.100 0.000 0.000 0.000 2.500 0.100 0.000 0.000 2.500 2.500 0.100 0.200 1.400 2.500 2.500 2.500 0.200 1.400 2.500 2.400 2.400 0.200 1.400 2.400 2.400 2.500 26/09/2000
0.200 0.200 0.200 0.000 0.000 0.200 0.200 0.200 0.100 0.000 0.200 0.200 0.100 0.100 0.000 0.100 0.000 0.100 0.100 0.100 0.100 0.000 0.100 0.100 0.100 0.100 0.000 0.100 0.100 0.100 27/09/2000
4.000 4.100 4.100 3.300 3.100 4.100 4.200 4.100 1.100 3.100 4.100 4.100 1.100 1.100 3.100 2.700 0.600 1.100 1.100 1.100 2.700 0.600 1.100 1.000 1.000 2.600 0.600 1.000 1.000 1.100 28/09/2000
2.000 2.000 2.000 0.800 2.100 2.000 2.000 2.000 1.500 2.100 2.000 2.000 1.500 1.500 2.100 2.200 2.000 1.500 1.500 1.500 2.200 2.000 1.500 1.500 1.500 2.100 2.000 1.500 1.500 1.500 29/09/2000
4.700 4.700 4.700 2.600 1.900 4.700 4.800 4.700 1.100 1.900 4.700 4.700 1.100 1.100 1.900 5.800 3.700 1.100 1.100 1.100 5.700 3.700 1.100 1.100 1.100 5.700 3.700 1.100 1.100 1.100 30/09/2000
5.100 5.200 5.200 6.300 9.100 5.200 5.300 5.200 3.400 9.100 5.200 5.200 3.400 3.500 9.000 3.800 3.100 3.400 3.500 3.500 3.800 3.100 3.400 3.400 3.400 3.800 3.100 3.400 3.400 3.500 01/10/2000
0.400 0.400 0.400 0.000 0.100 0.400 0.500 0.400 0.200 0.100 0.400 0.400 0.200 0.300 0.100 3.500 1.300 0.200 0.300 0.300 3.500 1.300 0.300 0.200 0.200 3.400 1.300 0.200 0.200 0.300 02/10/2000
0.400 0.400 0.400 0.000 0.000 0.400 0.400 0.400 0.200 0.000 0.400 0.400 0.200 0.200 0.000 0.000 0.000 0.200 0.200 0.200 0.000 0.000 0.200 0.200 0.200 0.000 0.000 0.200 0.200 0.200 03/10/2000
2.400 2.400 2.500 4.600 0.300 2.500 2.500 2.500 0.600 0.300 2.500 2.500 0.600 0.600 0.300 1.000 0.400 0.600 0.600 0.600 1.000 0.400 0.600 0.600 0.600 1.000 0.400 0.600 0.600 0.600 04/10/2000
0.500 0.500 0.500 0.900 0.100 0.500 0.500 0.500 0.800 0.100 0.500 0.500 0.800 0.800 0.100 0.100 0.100 0.800 0.800 0.800 0.100 0.100 0.800 0.800 0.800 0.100 0.100 0.800 0.800 0.800 05/10/2000
0.200 0.200 0.200 0.000 0.100 0.200 0.200 0.200 0.200 0.100 0.200 0.200 0.200 0.200 0.100 0.000 0.000 0.200 0.200 0.200 0.000 0.000 0.200 0.200 0.200 0.000 0.000 0.200 0.200 0.200 06/10/2000
1.000 1.000 1.000 0.100 0.000 1.000 1.000 1.000 0.000 0.000 1.000 1.000 0.000 0.000 0.000 0.000 0.000 0.000 0.000 0.000 0.000 0.000 0.000 0.000 0.000 0.000 0.000 0.000 0.000 0.000 07/10/2000
1.300 1.300 1.300 4.000 0.900 1.400 1.400 1.400 0.700 0.900 1.300 1.300 0.700 0.700 0.900 1.100 0.800 0.700 0.700 0.700 1.100 0.800 0.700 0.700 0.700 1.100 0.800 0.700 0.700 0.700 08/10/2000
11.000 11.000 11.100 11.500 15.800 11.200 11.300 11.200 14.600 15.800 11.200 11.100 14.600 14.700 15.600 13.900 10.700 14.600 14.800 14.700 13.700 10.800 14.600 14.500 14.500 13.600 10.700 14.400 14.400 14.800 09/10/2000
34.100 34.300 34.400 32.700 46.100 34.700 35.100 34.700 57.200 45.800 34.700 34.600 57.000 57.500 45.400 50.800 40.600 57.100 57.700 57.700 50.300 40.700 57.200 56.800 56.800 49.700 40.400 56.300 56.400 57.700 10/10/2000
14.000 14.100 14.100 16.000 12.800 14.200 14.400 14.200 11.900 12.700 14.200 14.200 11.800 11.900 12.600 14.200 8.300 11.900 12.000 12.000 14.000 8.300 11.900 11.800 11.800 13.900 8.200 11.700 11.700 12.000 11/10/2000
1.900 2.000 2.000 3.300 1.600 2.000 2.000 2.000 5.600 1.600 2.000 2.000 5.500 5.600 1.600 2.700 2.300 5.500 5.600 5.600 2.700 2.300 5.600 5.500 5.500 2.700 2.300 5.500 5.500 5.600 12/10/2000
0.200 0.200 0.200 0.100 0.000 0.200 0.200 0.200 0.100 0.000 0.200 0.200 0.100 0.100 0.000 0.000 0.000 0.100 0.100 0.100 0.000 0.000 0.100 0.100 0.100 0.000 0.000 0.100 0.100 0.100 13/10/2000
0.900 0.900 0.900 0.500 1.600 0.900 0.900 0.900 2.300 1.600 0.900 0.900 2.300 2.300 1.600 0.700 3.100 2.300 2.300 2.300 0.700 3.100 2.300 2.300 2.300 0.700 3.100 2.300 2.300 2.300 14/10/2000
7.700 7.700 7.800 8.000 4.800 7.800 7.900 7.800 5.000 4.800 7.800 7.800 4.900 5.000 4.700 5.300 4.700 5.000 5.000 5.000 5.300 4.700 5.000 4.900 4.900 5.200 4.700 4.900 4.900 5.000 15/10/2000
9.200 9.300 9.300 13.200 10.700 9.400 9.500 9.400 8.900 10.600 9.400 9.400 8.900 9.000 10.600 8.000 5.400 8.900 9.000 9.000 7.900 5.400 8.900 8.900 8.900 7.800 5.400 8.800 8.800 9.000 16/10/2000
0.200 0.200 0.200 0.200 0.100 0.200 0.200 0.200 0.200 0.100 0.200 0.200 0.200 0.200 0.100 0.300 1.000 0.200 0.200 0.200 0.300 1.000 0.200 0.200 0.200 0.300 1.000 0.200 0.200 0.200 17/10/2000
5.000 5.000 5.000 4.800 3.500 5.100 5.100 5.100 3.700 3.400 5.100 5.100 3.700 3.800 3.400 3.900 1.500 3.700 3.800 3.800 3.800 1.500 3.700 3.700 3.700 3.800 1.500 3.700 3.700 3.800 18/10/2000
5.000 5.100 5.100 1.400 0.800 5.100 5.200 5.100 0.300 0.800 5.100 5.100 0.300 0.300 0.800 6.100 0.600 0.300 0.300 0.300 6.100 0.600 0.300 0.300 0.300 6.000 0.600 0.300 0.300 0.300 19/10/2000
1.100 1.100 1.100 1.100 0.400 1.100 1.100 1.100 0.600 0.400 1.100 1.100 0.600 0.600 0.400 2.100 0.500 0.600 0.600 0.600 2.100 0.500 0.600 0.600 0.600 2.100 0.500 0.600 0.600 0.600 20/10/2000
3.000 3.000 3.000 0.500 0.100 3.000 3.100 3.000 0.600 0.100 3.000 3.000 0.600 0.600 0.100 1.800 0.900 0.600 0.600 0.600 1.800 0.900 0.600 0.600 0.600 1.800 0.900 0.600 0.600 0.600 21/10/2000
0.000 0.000 0.000 0.000 0.000 0.000 0.000 0.000 0.200 0.000 0.000 0.000 0.200 0.200 0.000 0.000 0.100 0.200 0.200 0.200 0.000 0.100 0.200 0.200 0.200 0.000 0.100 0.200 0.200 0.200 22/10/2000
0.000 0.000 0.000 0.100 0.000 0.000 0.000 0.000 0.100 0.000 0.000 0.000 0.100 0.100 0.000 0.000 0.000 0.100 0.100 0.100 0.000 0.000 0.100 0.100 0.100 0.000 0.000 0.100 0.100 0.100 23/10/2000
0.200 0.200 0.200 0.100 0.000 0.200 0.200 0.200 0.100 0.000 0.200 0.200 0.100 0.100 0.000 0.000 0.200 0.100 0.100 0.100 0.000 0.200 0.100 0.100 0.100 0.000 0.200 0.100 0.100 0.100 24/10/2000
0.300 0.300 0.300 0.600 0.600 0.300 0.300 0.300 2.500 0.600 0.300 0.300 2.500 2.500 0.600 1.000 0.700 2.500 2.500 2.500 1.000 0.700 2.500 2.500 2.500 1.000 0.700 2.400 2.400 2.500 25/10/2000
1.100 1.100 1.100 3.000 1.200 1.200 1.200 1.200 1.000 1.200 1.200 1.200 1.000 1.000 1.200 0.200 0.500 1.000 1.000 1.000 0.200 0.500 1.000 1.000 1.000 0.200 0.500 1.000 1.000 1.000 26/10/2000
0.100 0.100 0.100 0.000 0.000 0.100 0.100 0.100 0.100 0.000 0.100 0.100 0.100 0.100 0.000 0.000 0.200 0.100 0.100 0.100 0.000 0.200 0.100 0.100 0.100 0.000 0.200 0.100 0.100 0.100 27/10/2000
2.600 2.600 2.600 3.800 1.000 2.700 2.700 2.700 1.400 1.000 2.700 2.700 1.400 1.400 0.900 1.500 0.300 1.400 1.400 1.400 1.500 0.300 1.400 1.400 1.400 1.500 0.300 1.400 1.400 1.400 28/10/2000
0.600 0.600 0.600 0.700 0.600 0.700 0.700 0.700 0.300 0.600 0.700 0.700 0.300 0.300 0.600 1.400 0.200 0.300 0.300 0.300 1.300 0.200 0.300 0.300 0.300 1.300 0.200 0.300 0.300 0.300 29/10/2000
21.500 21.700 21.800 18.000 14.600 21.900 22.200 21.900 13.700 14.500 21.900 21.900 13.600 13.700 14.400 12.300 10.900 13.600 13.800 13.800 12.200 10.900 13.700 13.600 13.600 12.100 10.900 13.400 13.500 13.800 30/10/2000
7.600 7.700 7.700 4.900 7.800 7.800 7.900 7.800 5.800 7.700 7.800 7.800 5.800 5.900 7.700 4.800 4.200 5.800 5.900 5.900 4.700 4.200 5.800 5.800 5.800 4.700 4.200 5.700 5.800 5.900 31/10/2000
9.400 9.500 9.500 7.100 8.500 9.600 9.700 9.600 7.200 8.400 9.600 9.600 7.100 7.200 8.400 9.500 4.600 7.100 7.200 7.200 9.400 4.600 7.200 7.100 7.100 9.300 4.600 7.000 7.100 7.200 01/11/2000
11.500 11.600 11.700 10.400 12.000 11.800 11.900 11.800 11.500 11.900 11.700 11.700 11.400 11.500 11.800 7.200 10.800 11.400 11.600 11.600 7.200 10.800 11.500 11.400 11.400 7.100 10.700 11.300 11.300 11.600 02/11/2000
14.600 14.700 14.800 6.000 12.500 14.900 15.000 14.900 8.800 12.400 14.900 14.800 8.800 8.900 12.300 17.500 11.700 8.800 8.900 8.900 17.300 11.700 8.800 8.800 8.700 17.100 11.600 8.700 8.700 8.900 03/11/2000
1.200 1.200 1.200 2.800 2.200 1.200 1.200 1.200 2.400 2.200 1.200 1.200 2.400 2.400 2.200 2.700 2.000 2.400 2.400 2.400 2.700 2.000 2.400 2.400 2.400 2.700 2.000 2.300 2.300 2.400 04/11/2000
31.100 31.300 31.500 24.000 25.000 31.700 32.000 31.700 27.000 24.900 31.700 31.600 26.900 27.100 24.700 31.500 23.700 27.000 27.300 27.200 31.200 23.700 27.000 26.800 26.800 30.800 23.500 26.600 26.600 27.200 05/11/2000
34.800 35.100 35.200 33.400 37.200 35.500 35.900 35.500 26.700 37.000 35.400 35.400 26.600 26.800 36.600 28.500 26.300 26.700 26.900 26.900 28.300 26.400 26.700 26.500 26.500 27.900 26.200 26.300 26.300 26.900 06/11/2000
22.700 22.900 23.000 20.400 30.200 23.200 23.400 23.200 32.700 30.000 23.100 23.100 32.500 32.800 29.800 28.000 22.100 32.600 33.000 32.900 27.700 22.200 32.700 32.400 32.400 27.400 22.000 32.100 32.200 32.900 07/11/2000
9.200 9.300 9.300 6.600 16.100 9.400 9.500 9.400 20.700 16.000 9.400 9.400 20.600 20.800 15.900 23.000 26.700 20.600 20.900 20.800 22.800 26.800 20.700 20.500 20.500 22.500 26.600 20.300 20.400 20.900 08/11/2000
2.000 2.000 2.000 1.800 4.800 2.000 2.000 2.000 5.500 4.700 2.000 2.000 5.400 5.500 4.700 4.700 3.800 5.400 5.500 5.500 4.600 3.800 5.500 5.400 5.400 4.600 3.800 5.400 5.400 5.500 09/11/2000
0.400 0.400 0.400 0.200 0.300 0.400 0.400 0.400 0.000 0.300 0.400 0.400 0.000 0.000 0.300 0.100 0.200 0.000 0.000 0.000 0.100 0.200 0.000 0.000 0.000 0.100 0.100 0.000 0.000 0.000 10/11/2000
0.000 0.000 0.000 0.000 0.000 0.000 0.000 0.000 0.000 0.000 0.000 0.000 0.000 0.000 0.000 0.100 0.000 0.000 0.000 0.000 0.100 0.000 0.000 0.000 0.000 0.100 0.000 0.000 0.000 0.000 11/11/2000
18.000 18.200 18.200 22.200 30.500 18.400 18.600 18.400 27.600 30.300 18.300 18.300 27.500 27.800 30.000 15.900 22.500 27.600 27.900 27.800 15.800 22.500 27.600 27.400 27.400 15.600 22.400 27.200 27.200 27.900 12/11/2000
3.000 3.100 3.100 3.800 3.100 3.100 3.100 3.100 2.900 3.100 3.100 3.100 2.900 3.000 3.100 2.700 2.000 2.900 3.000 3.000 2.700 2.000 3.000 2.900 2.900 2.600 1.900 2.900 2.900 3.000 13/11/2000
5.100 5.200 5.200 3.700 1.600 5.200 5.300 5.200 1.600 1.600 5.200 5.200 1.600 1.600 1.600 3.900 1.500 1.600 1.600 1.600 3.800 1.500 1.600 1.600 1.600 3.800 1.500 1.600 1.600 1.600 14/11/2000
1.500 1.500 1.500 1.600 1.200 1.500 1.500 1.500 1.100 1.200 1.500 1.500 1.100 1.100 1.200 5.500 1.400 1.100 1.100 1.100 5.500 1.400 1.100 1.100 1.100 5.400 1.400 1.100 1.100 1.100 15/11/2000
2.200 2.300 2.300 1.900 2.000 2.300 2.300 2.300 2.700 2.000 2.300 2.300 2.700 2.700 2.000 2.700 2.900 2.700 2.700 2.700 2.700 2.900 2.700 2.700 2.700 2.700 2.900 2.600 2.600 2.700 16/11/2000
0.200 0.200 0.200 0.100 0.100 0.200 0.200 0.200 0.100 0.100 0.200 0.200 0.100 0.100 0.100 0.900 0.400 0.100 0.100 0.100 0.900 0.400 0.100 0.100 0.100 0.900 0.400 0.100 0.100 0.100 17/11/2000
9.900 10.000 10.000 9.200 11.300 10.100 10.200 10.100 9.900 11.200 10.100 10.000 9.800 9.900 11.100 8.100 4.300 9.900 10.000 9.900 8.000 4.300 9.900 9.800 9.800 7.900 4.300 9.700 9.700 10.000 18/11/2000
8.100 8.100 8.100 9.800 11.900 8.200 8.300 8.200 9.100 11.800 8.200 8.200 9.000 9.100 11.700 8.200 11.800 9.100 9.200 9.200 8.100 11.800 9.100 9.000 9.000 8.000 11.700 8.900 9.000 9.200 19/11/2000
10.000 10.100 10.100 5.100 6.900 10.200 10.300 10.200 6.000 6.800 10.200 10.200 6.000 6.100 6.800 5.200 4.000 6.000 6.100 6.100 5.100 4.000 6.000 6.000 6.000 5.100 3.900 5.900 5.900 6.100 20/11/2000
16.900 17.000 17.100 14.000 17.600 17.200 17.400 17.200 13.000 17.500 17.200 17.200 13.000 13.100 17.400 13.000 7.800 13.000 13.100 13.100 12.900 7.800 13.000 12.900 12.900 12.800 7.800 12.800 12.800 13.100 21/11/2000
5.900 6.000 6.000 5.700 7.400 6.000 6.100 6.000 6.000 7.300 6.000 6.000 6.000 6.000 7.300 5.600 4.700 6.000 6.000 6.000 5.600 4.700 6.000 6.000 6.000 5.500 4.700 5.900 5.900 6.000 22/11/2000
7.900 7.900 7.900 7.200 23.700 8.000 8.100 8.000 14.200 23.600 8.000 8.000 14.200 14.300 23.400 12.100 14.200 14.200 14.300 14.300 12.000 14.300 14.200 14.100 14.100 11.900 14.200 14.000 14.000 14.300 23/11/2000
1.500 1.500 1.500 0.800 0.200 1.600 1.600 1.600 1.400 0.200 1.600 1.600 1.400 1.400 0.200 1.400 2.200 1.400 1.400 1.400 1.400 2.200 1.400 1.400 1.400 1.400 2.200 1.400 1.400 1.400 24/11/2000
20.600 20.700 20.800 22.700 18.200 21.000 21.200 21.000 17.400 18.100 20.900 20.900 17.400 17.500 17.900 14.300 11.900 17.400 17.600 17.600 14.100 11.900 17.500 17.300 17.300 13.900 11.900 17.200 17.200 17.600 25/11/2000
4.300 4.300 4.300 5.400 5.500 4.400 4.400 4.400 5.200 5.500 4.400 4.400 5.200 5.200 5.500 4.700 3.400 5.200 5.300 5.200 4.600 3.400 5.200 5.200 5.200 4.500 3.400 5.100 5.100 5.200 26/11/2000
10.300 10.400 10.500 8.800 14.500 10.500 10.700 10.500 10.800 14.400 10.500 10.500 10.700 10.800 14.300 10.400 10.000 10.700 10.900 10.800 10.300 10.000 10.800 10.700 10.700 10.200 9.900 10.600 10.600 10.800 27/11/2000
0.000 0.000 0.000 0.000 0.100 0.000 0.000 0.000 0.200 0.100 0.000 0.000 0.200 0.200 0.100 0.000 0.100 0.200 0.200 0.200 0.000 0.100 0.200 0.200 0.200 0.000 0.100 0.200 0.200 0.200 28/11/2000
4.800 4.800 4.800 5.500 4.700 4.900 4.900 4.900 5.000 4.700 4.900 4.800 5.000 5.100 4.700 3.800 4.400 5.000 5.100 5.100 3.700 4.400 5.000 5.000 5.000 3.700 4.400 5.000 5.000 5.100 29/11/2000
0.000 0.000 0.000 0.000 0.100 0.000 0.000 0.000 0.100 0.100 0.000 0.000 0.100 0.100 0.100 0.000 0.100 0.100 0.100 0.100 0.000 0.100 0.100 0.100 0.100 0.000 0.100 0.100 0.100 0.100 30/11/2000
6.000 6.000 6.000 6.700 6.300 6.100 6.100 6.100 5.200 6.300 6.100 6.100 5.100 5.200 6.200 5.000 3.900 5.200 5.200 5.200 4.900 3.900 5.200 5.100 5.100 4.900 3.900 5.100 5.100 5.200 01/12/2000
24.000 24.100 24.300 18.800 9.000 24.500 24.700 24.500 17.000 8.900 24.400 24.400 16.900 17.100 8.900 19.800 11.000 16.900 17.100 17.100 19.600 11.100 17.000 16.900 16.900 19.300 11.000 16.700 16.700 17.100 02/12/2000
0.100 0.100 0.100 0.000 0.000 0.100 0.100 0.100 0.100 0.000 0.100 0.100 0.100 0.100 0.000 0.000 0.100 0.100 0.100 0.100 0.000 0.100 0.100 0.100 0.100 0.000 0.100 0.100 0.100 0.100 03/12/2000
1.900 1.900 1.900 4.700 0.400 1.900 2.000 1.900 0.700 0.300 1.900 1.900 0.700 0.700 0.300 1.500 0.100 0.700 0.700 0.700 1.400 0.100 0.700 0.700 0.700 1.400 0.100 0.700 0.700 0.700 04/12/2000
4.000 4.000 4.000 3.500 0.600 4.100 4.100 4.100 2.000 0.600 4.100 4.100 2.000 2.000 0.600 2.200 0.600 2.000 2.000 2.000 2.200 0.600 2.000 2.000 2.000 2.200 0.600 1.900 1.900 2.000 05/12/2000
2.000 2.000 2.000 2.200 1.800 2.100 2.100 2.100 1.700 1.800 2.100 2.100 1.700 1.700 1.800 3.000 2.600 1.700 1.800 1.700 3.000 2.600 1.700 1.700 1.700 3.000 2.600 1.700 1.700 1.700 06/12/2000
5.400 5.400 5.400 7.000 3.800 5.500 5.500 5.500 1.000 3.800 5.500 5.500 0.900 1.000 3.800 3.600 2.000 1.000 1.000 1.000 3.600 2.000 1.000 0.900 0.900 3.600 1.900 0.900 0.900 1.000 07/12/2000
0.400 0.400 0.400 0.400 0.900 0.400 0.400 0.400 0.700 0.900 0.400 0.400 0.700 0.700 0.900 1.000 1.000 0.700 0.700 0.700 1.000 1.000 0.700 0.700 0.700 1.000 1.000 0.700 0.700 0.700 08/12/2000
4.100 4.100 4.100 5.400 3.000 4.100 4.200 4.100 3.800 3.000 4.100 4.100 3.800 3.900 3.000 3.100 0.600 3.800 3.900 3.900 3.000 0.600 3.800 3.800 3.800 3.000 0.600 3.800 3.800 3.900 09/12/2000
0.900 0.900 0.900 1.900 1.100 0.900 1.000 0.900 0.800 1.000 0.900 0.900 0.800 0.900 1.000 1.300 1.600 0.800 0.900 0.900 1.300 1.600 0.800 0.800 0.800 1.300 1.600 0.800 0.800 0.900 10/12/2000
0.000 0.000 0.000 0.000 0.000 0.000 0.000 0.000 0.000 0.000 0.000 0.000 0.000 0.000 0.000 0.000 0.100 0.000 0.000 0.000 0.000 0.100 0.000 0.000 0.000 0.000 0.100 0.000 0.000 0.000 11/12/2000
0.400 0.400 0.400 0.800 0.500 0.400 0.400 0.400 0.600 0.500 0.400 0.400 0.600 0.600 0.500 0.500 0.100 0.600 0.600 0.600 0.500 0.100 0.600 0.600 0.600 0.500 0.100 0.600 0.600 0.600 12/12/2000
0.500 0.500 0.500 1.100 0.600 0.500 0.500 0.500 1.800 0.600 0.500 0.500 1.800 1.800 0.600 0.500 0.600 1.800 1.800 1.800 0.500 0.600 1.800 1.800 1.800 0.500 0.600 1.800 1.800 1.800 13/12/2000
6.700 6.700 6.700 8.700 6.500 6.800 6.900 6.800 5.900 6.500 6.800 6.800 5.800 5.900 6.500 6.600 6.300 5.800 5.900 5.900 6.600 6.300 5.900 5.800 5.800 6.500 6.300 5.800 5.800 5.900 14/12/2000
0.800 0.800 0.800 0.400 2.000 0.800 0.800 0.800 2.200 2.000 0.800 0.800 2.200 2.200 2.000 2.300 1.700 2.200 2.200 2.200 2.300 1.700 2.200 2.200 2.200 2.300 1.700 2.100 2.100 2.200 15/12/2000
2.400 2.400 2.400 2.700 4.400 2.500 2.500 2.500 4.200 4.400 2.500 2.400 4.200 4.200 4.300 2.800 5.800 4.200 4.300 4.300 2.800 5.800 4.200 4.200 4.200 2.800 5.800 4.100 4.200 4.300 16/12/2000
0.300 0.300 0.300 0.100 0.600 0.300 0.300 0.300 0.400 0.600 0.300 0.300 0.400 0.400 0.600 0.500 0.300 0.400 0.400 0.400 0.500 0.300 0.400 0.400 0.400 0.500 0.300 0.400 0.400 0.400 17/12/2000
0.000 0.000 0.000 0.000 0.100 0.000 0.000 0.000 0.600 0.100 0.000 0.000 0.600 0.600 0.100 0.300 0.500 0.600 0.600 0.600 0.300 0.500 0.600 0.600 0.600 0.300 0.500 0.600 0.600 0.600 18/12/2000
0.000 0.000 0.000 0.000 0.000 0.000 0.000 0.000 0.200 0.000 0.000 0.000 0.200 0.200 0.000 0.000 0.000 0.200 0.200 0.200 0.000 0.000 0.200 0.200 0.200 0.000 0.000 0.200 0.200 0.200 19/12/2000
0.000 0.000 0.000 0.000 0.000 0.000 0.000 0.000 0.100 0.000 0.000 0.000 0.100 0.100 0.000 0.000 0.000 0.100 0.100 0.100 0.000 0.000 0.100 0.100 0.100 0.000 0.000 0.100 0.100 0.100 20/12/2000
0.000 0.000 0.000 0.000 0.000 0.000 0.000 0.000 0.000 0.000 0.000 0.000 0.000 0.000 0.000 0.000 0.000 0.000 0.000 0.000 0.000 0.000 0.000 0.000 0.000 0.000 0.000 0.000 0.000 0.000 21/12/2000
0.000 0.000 0.000 0.000 0.000 0.000 0.000 0.000 0.000 0.000 0.000 0.000 0.000 0.000 0.000 0.000 0.000 0.000 0.000 0.000 0.000 0.000 0.000 0.000 0.000 0.000 0.000 0.000 0.000 0.000 22/12/2000
0.000 0.000 0.000 0.000 0.000 0.000 0.000 0.000 0.000 0.000 0.000 0.000 0.000 0.000 0.000 0.000 0.000 0.000 0.000 0.000 0.000 0.000 0.000 0.000 0.000 0.000 0.000 0.000 0.000 0.000 23/12/2000
0.900 0.900 0.900 0.700 0.700 0.900 0.900 0.900 0.400 0.700 0.900 0.900 0.400 0.400 0.700 0.900 0.300 0.400 0.400 0.400 0.900 0.300 0.400 0.400 0.400 0.900 0.300 0.400 0.400 0.400 24/12/2000
13.200 13.300 13.300 12.800 9.000 13.400 13.600 13.400 13.400 9.000 13.400 13.400 13.300 13.500 8.900 11.400 10.400 13.400 13.500 13.500 11.300 10.500 13.400 13.300 13.300 11.100 10.400 13.200 13.200 13.500 25/12/2000
7.900 7.900 8.000 10.500 6.300 8.000 8.100 8.000 4.100 6.300 8.000 8.000 4.100 4.200 6.300 7.400 3.000 4.100 4.200 4.200 7.400 3.000 4.200 4.100 4.100 7.300 2.900 4.100 4.100 4.200 26/12/2000
3.500 3.500 3.600 5.700 5.600 3.600 3.600 3.600 2.500 5.600 3.600 3.600 2.500 2.500 5.500 5.200 5.400 2.500 2.500 2.500 5.200 5.400 2.500 2.500 2.500 5.100 5.400 2.500 2.500 2.500 27/12/2000
2.700 2.800 2.700 0.500 2.900 2.800 2.900 2.800 4.900 2.900 2.800 2.800 4.900 4.900 2.900 7.400 8.600 4.900 4.800 4.800 7.300 8.700 4.900 4.800 4.800 7.200 8.600 4.800 4.800 4.800 28/12/2000
4.900 4.900 4.900 0.900 6.700 5.000 5.000 5.000 9.800 6.600 5.000 5.000 9.800 9.900 6.600 13.600 11.100 9.800 9.900 9.900 13.400 11.200 9.800 9.800 9.800 13.300 11.100 9.700 9.700 9.900 29/12/2000
0.000 0.000 0.000 0.000 0.200 0.000 0.000 0.000 0.700 0.200 0.000 0.000 0.700 0.800 0.100 0.000 0.000 0.700 0.800 0.800 0.000 0.000 0.700 0.700 0.700 0.000 0.000 0.700 0.700 0.800 30/12/2000
0.600 0.700 0.700 0.600 0.100 0.600 0.700 0.600 0.600 0.100 0.600 0.600 0.600 0.500 0.100 0.600 0.400 0.600 0.600 0.600 0.600 0.400 0.600 0.600 0.600 0.600 0.300 0.600 0.600 0.600 31/12/2000
0.600 0.600 0.600 1.000 0.400 0.600 0.600 0.600 0.800 0.400 0.600 0.600 0.800 0.800 0.400 0.000 0.000 0.800 0.800 0.800 0.000 0.000 0.800 0.800 0.800 0.000 0.000 0.800 0.800 0.800 01/01/2001
6.100 6.100 6.200 4.600 5.200 6.200 6.300 6.200 3.400 5.200 6.200 6.200 3.400 3.400 5.100 3.300 3.600 3.400 3.400 3.400 3.300 3.600 3.400 3.400 3.400 3.300 3.600 3.300 3.400 3.400 02/01/2001
7.300 7.300 7.400 7.200 7.700 7.400 7.500 7.400 9.600 7.600 7.400 7.400 9.600 9.700 7.600 6.600 6.700 9.600 9.700 9.700 6.600 6.800 9.600 9.600 9.600 6.500 6.700 9.500 9.500 9.700 03/01/2001
6.100 6.100 6.100 9.400 8.100 6.200 6.300 6.200 8.500 8.100 6.200 6.200 8.500 8.600 8.000 4.500 4.400 8.500 8.600 8.600 4.400 4.400 8.600 8.500 8.500 4.400 4.400 8.400 8.400 8.600 04/01/2001
18.800 18.900 19.000 20.000 24.600 19.100 19.300 19.100 24.400 24.500 19.100 19.100 24.300 24.500 24.300 20.500 19.200 24.300 24.600 24.500 20.300 19.200 24.400 24.200 24.200 20.100 19.100 23.900 24.000 24.600 05/01/2001
2.100 2.100 2.100 2.400 2.500 2.100 2.100 2.100 2.100 2.500 2.100 2.100 2.100 2.200 2.500 1.600 4.300 2.100 2.200 2.200 1.600 4.300 2.100 2.100 2.100 1.500 4.300 2.100 2.100 2.200 06/01/2001
2.000 2.000 2.000 2.000 3.000 2.000 2.000 2.000 1.800 3.000 2.000 2.000 1.800 1.800 3.000 5.300 5.500 1.800 1.800 1.800 5.300 5.500 1.800 1.800 1.800 5.200 5.400 1.800 1.800 1.800 07/01/2001
0.000 0.000 0.000 0.600 0.500 0.000 0.000 0.000 0.100 0.500 0.000 0.000 0.100 0.100 0.500 0.000 0.000 0.100 0.100 0.100 0.000 0.000 0.100 0.100 0.100 0.000 0.000 0.100 0.100 0.100 08/01/2001
0.800 0.800 0.800 0.500 0.100 0.800 0.900 0.800 1.400 0.100 0.800 0.800 1.400 1.400 0.100 0.500 0.500 1.400 1.400 1.400 0.500 0.500 1.400 1.400 1.400 0.500 0.500 1.400 1.400 1.400 09/01/2001
0.000 0.000 0.000 0.100 0.000 0.000 0.000 0.000 0.000 0.000 0.000 0.000 0.000 0.000 0.000 0.000 0.100 0.000 0.000 0.000 0.000 0.100 0.000 0.000 0.000 0.000 0.100 0.000 0.000 0.000 10/01/2001
0.900 0.900 0.900 0.600 0.300 0.900 0.900 0.900 0.200 0.300 0.900 0.900 0.200 0.200 0.300 1.200 0.200 0.200 0.200 0.200 1.200 0.200 0.200 0.200 0.200 1.100 0.200 0.200 0.200 0.200 11/01/2001
0.000 0.000 0.000 0.100 0.000 0.000 0.000 0.000 0.000 0.000 0.000 0.000 0.000 0.000 0.000 0.300 0.200 0.000 0.000 0.000 0.300 0.200 0.000 0.000 0.000 0.300 0.200 0.000 0.000 0.000 12/01/2001
0.000 0.000 0.000 0.000 0.000 0.000 0.000 0.000 0.000 0.000 0.000 0.000 0.000 0.000 0.000 0.000 0.000 0.000 0.000 0.000 0.000 0.000 0.000 0.000 0.000 0.000 0.000 0.000 0.000 0.000 13/01/2001
0.000 0.000 0.000 0.000 0.000 0.000 0.000 0.000 0.000 0.000 0.000 0.000 0.000 0.000 0.000 0.000 0.000 0.000 0.000 0.000 0.000 0.000 0.000 0.000 0.000 0.000 0.000 0.000 0.000 0.000 14/01/2001
0.100 0.100 0.100 0.100 2.100 0.100 0.100 0.100 0.900 2.100 0.100 0.100 0.900 0.900 2.100 0.100 0.500 0.900 0.900 0.900 0.100 0.500 0.900 0.900 0.900 0.100 0.400 0.900 0.900 0.900 15/01/2001
0.600 0.600 0.600 1.600 1.400 0.600 0.600 0.600 1.200 1.400 0.600 0.600 1.200 1.200 1.400 0.800 1.100 1.200 1.200 1.200 0.800 1.100 1.200 1.200 1.200 0.800 1.100 1.200 1.200 1.200 16/01/2001
1.300 1.300 1.300 0.200 2.500 1.300 1.300 1.300 3.000 2.500 1.300 1.300 3.000 3.100 2.500 3.600 3.300 3.000 3.100 3.100 3.600 3.300 3.000 3.000 3.000 3.600 3.300 3.000 3.000 3.100 17/01/2001
0.500 0.500 0.500 0.000 0.400 0.500 0.500 0.500 0.900 0.400 0.500 0.500 0.900 0.900 0.400 2.200 1.500 0.900 0.900 0.900 2.100 1.500 0.900 0.900 0.900 2.100 1.400 0.900 0.900 0.900 18/01/2001
2.900 3.000 3.000 2.800 1.600 3.000 3.000 3.000 1.100 1.600 3.000 3.000 1.100 1.100 1.500 2.000 1.300 1.100 1.100 1.100 2.000 1.300 1.100 1.100 1.100 2.000 1.300 1.100 1.100 1.100 19/01/2001
0.900 0.900 0.900 0.500 1.300 0.900 0.900 0.900 1.000 1.300 0.900 0.900 1.000 1.000 1.300 1.700 0.400 1.000 1.000 1.000 1.600 0.400 1.000 1.000 1.000 1.600 0.400 1.000 1.000 1.000 20/01/2001
0.300 0.300 0.300 0.200 0.400 0.300 0.300 0.300 0.900 0.400 0.300 0.300 0.900 0.900 0.400 0.200 0.300 0.900 0.900 0.900 0.100 0.300 0.900 0.900 0.900 0.100 0.300 0.900 0.900 0.900 21/01/2001
8.500 8.600 8.600 9.200 6.400 8.700 8.700 8.700 4.300 6.400 8.700 8.600 4.200 4.300 6.400 5.100 4.200 4.200 4.300 4.300 5.100 4.200 4.300 4.200 4.200 5.000 4.100 4.200 4.200 4.300 22/01/2001
10.700 10.700 10.800 9.700 7.700 10.900 11.000 10.900 9.000 7.700 10.900 10.800 9.000 9.100 7.600 12.800 6.300 9.000 9.100 9.100 12.700 6.400 9.100 9.000 9.000 12.500 6.300 8.900 8.900 9.100 23/01/2001
11.300 11.400 11.500 12.800 11.800 11.600 11.700 11.600 5.900 11.700 11.500 11.500 5.900 5.900 11.600 9.700 10.400 5.900 5.900 5.900 9.600 10.500 5.900 5.800 5.800 9.500 10.400 5.800 5.800 5.900 24/01/2001
10.500 10.500 10.600 8.100 14.000 10.600 10.700 10.600 9.700 13.900 10.600 10.600 9.600 9.700 13.800 10.400 7.300 9.600 9.700 9.700 10.300 7.400 9.700 9.600 9.600 10.200 7.300 9.500 9.500 9.700 25/01/2001
10.300 10.400 10.400 9.800 14.700 10.500 10.600 10.500 12.800 14.600 10.500 10.500 12.700 12.900 14.500 11.900 12.200 12.800 12.900 12.900 11.800 12.200 12.800 12.700 12.700 11.700 12.100 12.600 12.600 12.900 26/01/2001
6.200 6.300 6.300 4.100 5.300 6.300 6.400 6.300 7.000 5.300 6.300 6.300 7.000 7.000 5.200 6.200 6.000 7.000 7.100 7.100 6.200 6.000 7.000 7.000 7.000 6.100 5.900 6.900 6.900 7.100 27/01/2001
0.500 0.500 0.500 0.200 1.100 0.600 0.600 0.600 0.600 1.100 0.600 0.600 0.600 0.600 1.100 0.800 0.500 0.600 0.600 0.600 0.800 0.500 0.600 0.600 0.600 0.800 0.500 0.600 0.600 0.600 28/01/2001
0.000 0.000 0.000 0.000 0.200 0.000 0.000 0.000 0.200 0.200 0.000 0.000 0.200 0.200 0.200 0.000 0.000 0.200 0.200 0.200 0.000 0.000 0.200 0.200 0.200 0.000 0.000 0.200 0.200 0.200 29/01/2001
4.500 4.500 4.500 5.100 3.600 4.600 4.600 4.600 5.500 3.600 4.500 4.500 5.500 5.500 3.600 4.400 4.800 5.500 5.500 5.500 4.300 4.800 5.500 5.400 5.400 4.300 4.700 5.400 5.400 5.500 30/01/2001
1.600 1.600 1.600 1.900 1.400 1.600 1.600 1.600 1.400 1.400 1.600 1.600 1.400 1.400 1.400 0.900 1.100 1.400 1.400 1.400 0.900 1.100 1.400 1.400 1.400 0.900 1.000 1.400 1.400 1.400 31/01/2001
0.000 0.000 0.000 0.000 0.000 0.000 0.000 0.000 0.000 0.000 0.000 0.000 0.000 0.000 0.000 0.000 0.000 0.000 0.000 0.000 0.000 0.000 0.000 0.000 0.000 0.000 0.000 0.000 0.000 0.000 01/02/2001
11.700 11.800 11.900 5.200 13.600 12.000 12.100 12.000 16.200 13.500 11.900 11.900 16.200 16.300 13.400 10.800 7.600 16.200 16.400 16.400 10.700 7.600 16.200 16.100 16.100 10.600 7.600 16.000 16.000 16.400 02/02/2001
2.800 2.800 2.800 4.700 6.300 2.800 2.800 2.800 4.700 6.300 2.800 2.800 4.700 4.700 6.200 3.400 5.800 4.700 4.700 4.700 3.400 5.800 4.700 4.700 4.700 3.400 5.800 4.600 4.600 4.700 03/02/2001
2.300 2.300 2.400 2.000 2.700 2.400 2.400 2.400 1.500 2.700 2.400 2.400 1.500 1.500 2.700 1.800 0.400 1.500 1.500 1.500 1.700 0.400 1.500 1.500 1.500 1.700 0.300 1.500 1.500 1.500 04/02/2001
1.700 1.700 1.700 2.300 0.100 1.700 1.700 1.700 0.100 0.100 1.700 1.700 0.100 0.100 0.100 0.600 0.000 0.100 0.100 0.100 0.600 0.000 0.100 0.100 0.100 0.600 0.000 0.100 0.100 0.100 05/02/2001
1.200 1.200 1.300 2.700 0.400 1.300 1.300 1.300 0.400 0.400 1.300 1.300 0.400 0.400 0.400 0.100 0.000 0.400 0.400 0.400 0.100 0.000 0.400 0.400 0.400 0.100 0.000 0.400 0.400 0.400 06/02/2001
1.800 1.800 1.800 2.300 1.600 1.800 1.800 1.800 1.600 1.600 1.800 1.800 1.600 1.600 1.600 1.500 0.800 1.600 1.600 1.600 1.500 0.800 1.600 1.600 1.600 1.500 0.700 1.500 1.500 1.600 07/02/2001
7.500 7.500 7.600 6.000 9.300 7.600 7.700 7.600 14.500 9.300 7.600 7.600 14.500 14.600 9.200 10.100 10.700 14.500 14.700 14.600 10.000 10.700 14.500 14.400 14.400 9.900 10.600 14.300 14.300 14.700 08/02/2001
0.200 0.200 0.200 0.300 0.100 0.200 0.200 0.200 0.200 0.100 0.200 0.200 0.200 0.200 0.100 0.100 0.100 0.200 0.200 0.200 0.100 0.100 0.200 0.200 0.200 0.100 0.100 0.200 0.200 0.200 09/02/2001
0.300 0.300 0.300 0.000 0.100 0.300 0.300 0.300 0.300 0.100 0.300 0.300 0.300 0.300 0.100 0.400 1.000 0.300 0.300 0.300 0.400 1.000 0.300 0.300 0.300 0.400 1.000 0.200 0.200 0.300 10/02/2001
0.100 0.100 0.100 0.000 0.000 0.100 0.100 0.100 0.300 0.000 0.100 0.100 0.300 0.300 0.000 0.000 0.000 0.300 0.300 0.300 0.000 0.000 0.300 0.300 0.300 0.000 0.000 0.300 0.300 0.300 11/02/2001
0.100 0.100 0.100 0.200 1.000 0.100 0.100 0.100 0.000 1.000 0.100 0.100 0.000 0.000 1.000 0.000 0.000 0.000 0.000 0.000 0.000 0.000 0.000 0.000 0.000 0.000 0.000 0.000 0.000 0.000 12/02/2001
0.000 0.000 0.000 0.000 0.100 0.000 0.000 0.000 0.200 0.100 0.000 0.000 0.200 0.200 0.100 0.000 0.000 0.200 0.200 0.200 0.000 0.000 0.200 0.200 0.200 0.000 0.000 0.200 0.200 0.200 13/02/2001
0.000 0.000 0.000 0.000 0.000 0.000 0.000 0.000 0.100 0.000 0.000 0.000 0.100 0.100 0.000 0.000 0.000 0.100 0.100 0.100 0.000 0.000 0.100 0.100 0.100 0.000 0.000 0.100 0.100 0.100 14/02/2001
0.200 0.200 0.200 0.100 0.000 0.200 0.200 0.200 0.200 0.000 0.200 0.200 0.200 0.200 0.000 0.000 0.000 0.200 0.200 0.200 0.000 0.000 0.200 0.200 0.200 0.000 0.000 0.200 0.200 0.200 15/02/2001
0.200 0.200 0.200 0.000 0.000 0.200 0.200 0.200 0.100 0.000 0.200 0.200 0.100 0.100 0.000 0.000 0.200 0.100 0.100 0.100 0.000 0.200 0.100 0.100 0.100 0.000 0.200 0.100 0.100 0.100 16/02/2001
0.000 0.000 0.000 0.000 0.100 0.000 0.000 0.000 0.100 0.100 0.000 0.000 0.100 0.100 0.100 0.000 0.000 0.100 0.100 0.100 0.000 0.000 0.100 0.100 0.100 0.000 0.000 0.100 0.100 0.100 17/02/2001
0.000 0.000 0.000 0.000 0.000 0.000 0.000 0.000 0.000 0.000 0.000 0.000 0.000 0.000 0.000 0.000 0.000 0.000 0.000 0.000 0.000 0.000 0.000 0.000 0.000 0.000 0.000 0.000 0.000 0.000 18/02/2001
0.100 0.100 0.100 0.100 0.000 0.100 0.100 0.100 0.100 0.000 0.100 0.100 0.100 0.100 0.000 0.000 0.000 0.100 0.100 0.100 0.000 0.000 0.100 0.100 0.100 0.000 0.000 0.100 0.100 0.100 19/02/2001
0.000 0.000 0.000 0.000 0.000 0.000 0.000 0.000 0.200 0.000 0.000 0.000 0.200 0.200 0.000 0.000 0.000 0.200 0.200 0.200 0.000 0.000 0.200 0.200 0.200 0.000 0.000 0.200 0.200 0.200 20/02/2001
0.000 0.000 0.000 0.000 0.000 0.000 0.000 0.000 0.000 0.000 0.000 0.000 0.000 0.000 0.000 0.000 0.000 0.000 0.000 0.000 0.000 0.000 0.000 0.000 0.000 0.000 0.000 0.000 0.000 0.000 21/02/2001
0.700 0.700 0.700 0.200 0.000 0.700 0.700 0.700 0.100 0.000 0.700 0.700 0.100 0.100 0.000 0.200 0.000 0.100 0.100 0.100 0.200 0.000 0.100 0.100 0.100 0.200 0.000 0.100 0.100 0.100 22/02/2001
1.100 1.100 1.100 1.100 1.600 1.100 1.100 1.100 3.900 1.600 1.100 1.100 3.900 3.900 1.600 1.000 2.500 3.900 3.900 3.900 1.000 2.500 3.900 3.900 3.900 1.000 2.400 3.800 3.800 3.900 23/02/2001
0.000 0.000 0.000 0.000 0.000 0.000 0.000 0.000 0.000 0.000 0.000 0.000 0.000 0.000 0.000 0.000 0.000 0.000 0.000 0.000 0.000 0.000 0.000 0.000 0.000 0.000 0.000 0.000 0.000 0.000 24/02/2001
0.000 0.000 0.000 0.000 0.000 0.000 0.000 0.000 0.100 0.000 0.000 0.000 0.100 0.100 0.000 0.100 0.000 0.100 0.100 0.100 0.100 0.000 0.100 0.100 0.100 0.100 0.000 0.100 0.100 0.100 25/02/2001
1.800 1.800 1.800 1.200 1.700 1.900 1.800 1.900 1.600 1.800 1.800 1.800 1.600 1.600 1.800 2.400 3.800 1.600 1.600 1.600 2.300 3.800 1.700 1.600 1.600 2.300 3.700 1.600 1.600 1.600 26/02/2001
7.300 7.300 7.300 3.900 7.400 7.400 7.500 7.400 10.300 7.300 7.400 7.400 10.200 10.300 7.300 11.600 9.800 10.200 10.300 10.300 11.500 9.800 10.300 10.200 10.100 11.400 9.700 10.100 10.100 10.300 27/02/2001
5.000 5.000 5.000 6.300 3.800 5.100 5.100 5.100 2.600 3.700 5.100 5.100 2.600 2.600 3.700 1.600 2.900 2.600 2.600 2.600 1.500 2.900 2.600 2.600 2.600 1.500 2.900 2.600 2.600 2.600 28/02/2001
0.500 0.500 0.500 2.000 1.100 0.500 0.500 0.500 0.800 1.100 0.500 0.500 0.800 0.800 1.100 0.100 2.700 0.800 0.800 0.800 0.100 2.700 0.800 0.800 0.800 0.100 2.700 0.800 0.800 0.800 01/03/2001
16.700 16.800 16.900 20.200 10.200 17.000 17.200 17.000 11.400 10.200 17.000 17.000 11.300 11.500 10.100 13.300 9.600 11.400 11.500 11.500 13.100 9.600 11.400 11.300 11.300 13.000 9.500 11.200 11.200 11.500 02/03/2001
3.500 3.500 3.500 3.300 5.600 3.500 3.500 3.500 7.500 5.600 3.500 3.500 7.500 7.600 5.600 4.000 6.500 7.500 7.600 7.600 4.000 6.500 7.500 7.500 7.500 3.900 6.500 7.400 7.400 7.600 03/03/2001
3.100 3.200 3.200 2.100 7.400 3.200 3.200 3.200 7.900 7.300 3.200 3.200 7.900 7.900 7.300 9.200 9.000 7.900 8.000 8.000 9.100 9.100 7.900 7.900 7.900 9.000 9.000 7.800 7.800 8.000 04/03/2001
0.000 0.000 0.000 0.000 0.000 0.000 0.000 0.000 0.000 0.000 0.000 0.000 0.000 0.000 0.000 0.000 0.000 0.000 0.000 0.000 0.000 0.000 0.000 0.000 0.000 0.000 0.000 0.000 0.000 0.000 05/03/2001
1.100 1.200 1.200 1.200 0.000 1.200 1.200 1.200 0.100 0.000 1.200 1.200 0.100 0.100 0.000 0.100 0.000 0.100 0.100 0.100 0.100 0.000 0.100 0.100 0.100 0.100 0.000 0.100 0.100 0.100 06/03/2001
18.700 18.800 18.900 19.600 17.800 19.000 19.200 19.000 15.300 17.700 19.000 19.000 15.300 15.400 17.500 10.800 12.600 15.300 15.500 15.500 10.700 12.600 15.300 15.200 15.200 10.600 12.500 15.100 15.100 15.500 07/03/2001
1.400 1.400 1.400 1.800 2.600 1.400 1.400 1.400 1.900 2.500 1.400 1.400 1.900 1.900 2.500 0.800 0.800 1.900 1.900 1.900 0.800 0.800 1.900 1.900 1.900 0.800 0.800 1.900 1.900 1.900 08/03/2001
7.000 7.100 7.100 7.700 11.500 7.200 7.200 7.200 9.000 11.400 7.200 7.100 9.000 9.100 11.300 8.400 9.100 9.000 9.100 9.100 8.300 9.100 9.100 9.000 9.000 8.200 9.000 8.900 8.900 9.100 09/03/2001
4.700 4.700 4.700 4.000 6.100 4.700 4.800 4.700 5.000 6.100 4.700 4.700 5.000 5.000 6.000 4.600 3.600 5.000 5.000 5.000 4.600 3.600 5.000 5.000 5.000 4.500 3.600 4.900 4.900 5.000 10/03/2001
9.100 9.200 9.200 10.400 20.400 9.300 9.400 9.300 14.900 20.200 9.300 9.200 14.900 15.000 20.100 8.700 5.200 14.900 15.100 15.000 8.600 5.300 14.900 14.800 14.800 8.500 5.200 14.700 14.700 15.100 11/03/2001
6.900 6.900 7.000 7.400 8.000 7.000 7.100 7.000 4.700 8.000 7.000 7.000 4.600 4.700 7.900 6.000 6.100 4.700 4.700 4.700 5.900 6.100 4.700 4.600 4.600 5.800 6.100 4.600 4.600 4.700 12/03/2001
7.000 7.100 7.100 8.500 11.200 7.200 7.200 7.200 9.400 11.200 7.200 7.200 9.400 9.500 11.100 4.800 3.900 9.400 9.500 9.500 4.700 3.900 9.400 9.400 9.400 4.700 3.900 9.300 9.300 9.500 13/03/2001
0.800 0.800 0.800 0.900 1.800 0.800 0.800 0.800 0.600 1.800 0.800 0.800 0.600 0.600 1.800 1.200 0.200 0.600 0.700 0.700 1.200 0.300 0.600 0.600 0.600 1.200 0.200 0.600 0.600 0.700 14/03/2001
0.000 0.000 0.000 0.000 0.000 0.000 0.000 0.000 0.200 0.000 0.000 0.000 0.200 0.200 0.000 0.000 0.100 0.200 0.200 0.200 0.000 0.100 0.200 0.200 0.200 0.000 0.100 0.200 0.200 0.200 15/03/2001
2.500 2.500 2.500 1.400 1.400 2.500 2.500 2.500 5.300 1.400 2.500 2.500 5.300 5.300 1.400 2.000 7.100 5.300 5.400 5.300 2.000 7.100 5.300 5.300 5.300 1.900 7.100 5.200 5.200 5.400 16/03/2001
3.500 3.500 3.500 2.500 3.900 3.600 3.600 3.600 4.300 3.800 3.600 3.600 4.300 4.300 3.800 1.200 1.700 4.300 4.300 4.300 1.200 1.700 4.300 4.300 4.300 1.200 1.600 4.200 4.200 4.300 17/03/2001
3.000 3.000 3.000 4.600 2.900 3.100 3.100 3.100 1.800 2.900 3.100 3.100 1.800 1.800 2.900 1.300 1.800 1.800 1.800 1.800 1.300 1.800 1.800 1.800 1.800 1.300 1.800 1.800 1.800 1.800 18/03/2001
9.700 9.700 9.800 6.600 13.000 9.800 9.900 9.800 11.900 12.900 9.800 9.800 11.900 12.000 12.800 8.400 7.700 11.900 12.000 12.000 8.300 7.800 11.900 11.900 11.900 8.200 7.700 11.700 11.800 12.000 19/03/2001
11.700 11.800 11.900 9.800 11.100 12.000 12.100 12.000 7.300 11.000 11.900 11.900 7.300 7.400 10.900 5.900 3.600 7.300 7.400 7.400 5.800 3.700 7.300 7.300 7.300 5.800 3.600 7.200 7.200 7.400 20/03/2001
11.200 11.300 11.300 8.400 18.100 11.400 11.500 11.400 19.500 18.000 11.400 11.400 19.400 19.600 17.900 18.300 19.300 19.500 19.700 19.600 18.100 19.300 19.500 19.400 19.400 17.900 19.200 19.200 19.200 19.700 21/03/2001
0.000 0.000 0.000 0.000 0.000 0.000 0.000 0.000 0.000 0.000 0.000 0.000 0.000 0.000 0.000 0.000 0.000 0.000 0.000 0.000 0.000 0.000 0.000 0.000 0.000 0.000 0.000 0.000 0.000 0.000 22/03/2001
0.100 0.100 0.100 0.100 0.000 0.100 0.100 0.100 0.000 0.000 0.100 0.100 0.000 0.000 0.000 0.100 0.000 0.000 0.000 0.000 0.100 0.000 0.000 0.000 0.000 0.100 0.000 0.000 0.000 0.000 23/03/2001
0.400 0.400 0.400 3.400 0.000 0.400 0.500 0.400 0.100 0.000 0.400 0.400 0.100 0.100 0.000 0.000 0.800 0.100 0.100 0.100 0.000 0.800 0.100 0.100 0.100 0.000 0.700 0.100 0.100 0.100 24/03/2001
4.500 4.500 4.600 7.200 8.000 4.600 4.600 4.600 8.300 8.000 4.600 4.600 8.200 8.300 7.900 4.000 6.100 8.200 8.300 8.300 3.900 6.100 8.300 8.200 8.200 3.900 6.100 8.100 8.200 8.300 25/03/2001
9.000 9.000 9.100 1.700 2.900 9.100 9.200 9.100 1.900 2.900 9.100 9.100 1.900 1.900 2.800 3.600 0.000 1.900 1.900 1.900 3.600 0.000 1.900 1.900 1.900 3.500 0.000 1.900 1.900 1.900 26/03/2001
0.100 0.100 0.100 0.100 1.700 0.100 0.100 0.100 3.300 1.700 0.100 0.100 3.300 3.300 1.700 0.700 0.700 3.300 3.300 3.300 0.700 0.700 3.300 3.300 3.300 0.700 0.700 3.200 3.300 3.300 27/03/2001
33.800 34.000 34.200 38.100 34.800 34.400 34.800 34.400 28.600 34.600 34.400 34.300 28.500 28.800 34.300 28.500 23.600 28.600 28.900 28.900 28.200 23.600 28.700 28.500 28.400 27.800 23.500 28.200 28.200 28.900 28/03/2001
2.500 2.600 2.600 5.800 6.900 2.600 2.600 2.600 3.800 6.900 2.600 2.600 3.800 3.900 6.900 5.000 8.000 3.800 3.900 3.900 5.000 8.000 3.800 3.800 3.800 4.900 8.000 3.800 3.800 3.900 29/03/2001
0.100 0.100 0.100 0.000 0.000 0.100 0.100 0.100 0.000 0.000 0.100 0.100 0.000 0.000 0.000 0.000 0.000 0.000 0.000 0.000 0.000 0.000 0.000 0.000 0.000 0.000 0.000 0.000 0.000 0.000 30/03/2001
0.000 0.000 0.000 0.100 0.000 0.000 0.000 0.000 0.000 0.000 0.000 0.000 0.000 0.000 0.000 0.000 0.000 0.000 0.000 0.000 0.000 0.000 0.000 0.000 0.000 0.000 0.000 0.000 0.000 0.000 31/03/2001
0.000 0.000 0.000 0.000 0.000 0.000 0.000 0.000 0.000 0.000 0.000 0.000 0.000 0.000 0.000 0.000 0.000 0.000 0.000 0.000 0.000 0.000 0.000 0.000 0.000 0.000 0.000 0.000 0.000 0.000 01/04/2001
2.400 2.500 2.500 2.800 7.100 2.500 2.500 2.500 6.300 7.000 2.500 2.500 6.300 6.300 7.000 3.100 5.500 6.300 6.400 6.300 3.000 5.500 6.300 6.300 6.200 3.000 5.500 6.200 6.200 6.300 02/04/2001
0.400 0.400 0.400 0.500 0.100 0.400 0.400 0.400 0.100 0.100 0.400 0.400 0.100 0.100 0.100 0.100 0.000 0.100 0.100 0.100 0.100 0.000 0.100 0.100 0.100 0.100 0.000 0.100 0.100 0.100 03/04/2001
1.700 1.700 1.700 1.200 3.800 1.700 1.800 1.700 4.400 3.800 1.700 1.700 4.400 4.400 3.800 0.800 1.300 4.400 4.500 4.500 0.800 1.300 4.400 4.400 4.400 0.800 1.300 4.300 4.400 4.500 04/04/2001
2.400 2.400 2.400 1.600 2.900 2.400 2.400 2.400 4.300 2.900 2.400 2.400 4.300 4.300 2.800 1.900 2.200 4.300 4.300 4.300 1.900 2.200 4.300 4.300 4.300 1.800 2.200 4.200 4.200 4.300 05/04/2001
12.600 12.700 12.800 10.900 13.400 12.900 13.000 12.900 11.900 13.300 12.800 12.800 11.900 12.000 13.200 8.500 7.600 11.900 12.000 12.000 8.400 7.600 11.900 11.900 11.900 8.300 7.500 11.700 11.800 12.000 06/04/2001
9.000 9.100 9.100 11.900 13.200 9.200 9.200 9.200 8.900 13.100 9.100 9.100 8.900 9.000 13.000 8.300 9.800 8.900 9.000 9.000 8.200 9.800 9.000 8.900 8.900 8.100 9.700 8.800 8.800 9.000 07/04/2001
0.100 0.100 0.200 0.200 0.100 0.200 0.200 0.200 0.200 0.100 0.200 0.200 0.200 0.200 0.100 0.000 0.000 0.200 0.200 0.200 0.000 0.000 0.200 0.200 0.200 0.000 0.000 0.200 0.200 0.200 08/04/2001
4.000 4.000 4.000 3.800 4.200 4.000 4.100 4.000 4.000 4.200 4.000 4.000 4.000 4.000 4.200 2.900 4.000 4.000 4.000 4.000 2.900 4.100 4.000 4.000 4.000 2.900 4.000 3.900 3.900 4.000 09/04/2001
1.500 1.500 1.500 2.800 4.500 1.500 1.500 1.500 2.500 4.500 1.500 1.500 2.500 2.500 4.500 1.200 1.000 2.500 2.500 2.500 1.200 1.000 2.500 2.500 2.500 1.100 1.000 2.400 2.400 2.500 10/04/2001
0.000 0.000 0.000 0.000 0.000 0.000 0.000 0.000 0.000 0.000 0.000 0.000 0.000 0.000 0.000 0.000 0.000 0.000 0.000 0.000 0.000 0.000 0.000 0.000 0.000 0.000 0.000 0.000 0.000 0.000 11/04/2001
0.000 0.000 0.000 0.000 0.000 0.000 0.000 0.000 0.000 0.000 0.000 0.000 0.000 0.000 0.000 0.000 0.000 0.000 0.000 0.000 0.000 0.000 0.000 0.000 0.000 0.000 0.000 0.000 0.000 0.000 12/04/2001
0.000 0.000 0.000 0.000 0.000 0.000 0.000 0.000 0.000 0.000 0.000 0.000 0.000 0.000 0.000 0.000 0.000 0.000 0.000 0.000 0.000 0.000 0.000 0.000 0.000 0.000 0.000 0.000 0.000 0.000 13/04/2001
0.000 0.000 0.000 0.000 0.000 0.000 0.000 0.000 0.000 0.000 0.000 0.000 0.000 0.000 0.000 0.000 0.000 0.000 0.000 0.000 0.000 0.000 0.000 0.000 0.000 0.000 0.000 0.000 0.000 0.000 14/04/2001
1.800 1.800 1.800 4.100 3.500 1.800 1.900 1.800 2.800 3.500 1.800 1.800 2.800 2.800 3.500 2.300 2.400 2.800 2.800 2.800 2.200 2.400 2.800 2.800 2.800 2.200 2.400 2.700 2.700 2.800 15/04/2001
0.000 0.000 0.000 0.000 0.000 0.000 0.000 0.000 0.000 0.000 0.000 0.000 0.000 0.000 0.000 0.000 0.200 0.000 0.000 0.000 0.000 0.200 0.000 0.000 0.000 0.000 0.100 0.000 0.000 0.000 16/04/2001
0.200 0.200 0.200 0.000 0.000 0.200 0.200 0.200 0.000 0.000 0.200 0.200 0.000 0.000 0.000 0.000 0.000 0.000 0.000 0.000 0.000 0.000 0.000 0.000 0.000 0.000 0.000 0.000 0.000 0.000 17/04/2001
4.100 4.200 4.200 5.300 7.600 4.200 4.300 4.200 3.000 7.500 4.200 4.200 3.000 3.000 7.500 1.000 2.200 3.000 3.000 3.000 1.000 2.200 3.000 3.000 3.000 1.000 2.200 2.900 3.000 3.000 18/04/2001
0.200 0.200 0.200 0.000 0.000 0.200 0.200 0.200 0.000 0.000 0.200 0.200 0.000 0.000 0.000 0.000 0.100 0.000 0.000 0.000 0.000 0.100 0.000 0.000 0.000 0.000 0.100 0.000 0.000 0.000 19/04/2001
1.300 1.300 1.300 1.500 1.500 1.300 1.300 1.300 1.200 1.500 1.300 1.300 1.200 1.200 1.500 0.400 0.500 1.200 1.200 1.200 0.400 0.500 1.200 1.200 1.200 0.400 0.500 1.200 1.200 1.200 20/04/2001
0.200 0.200 0.200 0.000 0.000 0.200 0.200 0.200 0.200 0.000 0.200 0.200 0.200 0.200 0.000 0.000 0.000 0.200 0.200 0.200 0.000 0.000 0.200 0.200 0.200 0.000 0.000 0.200 0.200 0.200 21/04/2001
9.000 9.100 9.100 8.000 14.500 9.200 9.300 9.200 16.800 14.400 9.200 9.200 16.800 16.900 14.300 15.000 15.600 16.800 17.000 17.000 14.900 15.700 16.800 16.700 16.700 14.700 15.600 16.600 16.600 17.000 22/04/2001
1.200 1.200 1.200 0.100 1.300 1.200 1.200 1.200 1.500 1.300 1.200 1.200 1.500 1.500 1.300 0.800 1.500 1.500 1.500 1.500 0.800 1.500 1.500 1.500 1.500 0.800 1.500 1.500 1.500 1.500 23/04/2001
12.900 13.000 13.100 14.800 14.700 13.200 13.300 13.200 14.500 14.700 13.200 13.200 14.400 14.500 14.500 12.500 13.700 14.400 14.600 14.600 12.400 13.700 14.500 14.400 14.400 12.300 13.600 14.200 14.200 14.600 24/04/2001
5.700 5.800 5.800 8.500 3.600 5.800 5.900 5.800 2.400 3.600 5.800 5.800 2.400 2.400 3.500 1.500 2.800 2.400 2.400 2.400 1.500 2.800 2.400 2.400 2.400 1.500 2.800 2.400 2.400 2.400 25/04/2001
0.100 0.100 0.100 0.100 0.100 0.100 0.100 0.100 0.000 0.100 0.100 0.100 0.000 0.000 0.100 0.100 0.000 0.000 0.000 0.000 0.100 0.000 0.000 0.000 0.000 0.100 0.000 0.000 0.000 0.000 26/04/2001
1.000 1.100 1.100 0.500 0.200 1.100 1.100 1.100 0.400 0.200 1.100 1.100 0.400 0.400 0.200 0.500 0.200 0.400 0.400 0.400 0.500 0.200 0.400 0.400 0.400 0.500 0.100 0.400 0.400 0.400 27/04/2001
6.600 6.600 6.600 5.900 3.000 6.700 6.800 6.700 4.300 3.000 6.700 6.700 4.300 4.300 2.900 2.400 3.300 4.300 4.300 4.300 2.400 3.300 4.300 4.300 4.300 2.300 3.300 4.200 4.200 4.300 28/04/2001
11.800 11.900 11.900 13.800 24.100 12.000 12.100 12.000 15.200 23.900 12.000 11.900 15.200 15.300 23.700 11.500 17.100 15.200 15.400 15.400 11.400 17.100 15.200 15.100 15.100 11.200 17.000 15.000 15.000 15.400 29/04/2001
23.900 24.100 24.200 29.400 35.700 24.400 24.600 24.400 23.700 35.500 24.300 24.300 23.600 23.800 35.200 19.400 23.600 23.600 23.900 23.900 19.200 23.700 23.700 23.500 23.500 19.000 23.500 23.300 23.300 23.900 30/04/2001
1.700 1.700 1.700 1.400 1.700 1.700 1.700 1.700 2.900 1.700 1.700 1.700 2.900 2.900 1.600 1.500 0.600 2.900 3.000 3.000 1.500 0.600 2.900 2.900 2.900 1.500 0.600 2.900 2.900 3.000 01/05/2001
0.600 0.600 0.600 3.300 1.100 0.600 0.600 0.600 0.200 1.000 0.600 0.600 0.200 0.200 1.000 0.200 0.000 0.200 0.200 0.200 0.200 0.000 0.200 0.200 0.200 0.200 0.000 0.200 0.200 0.200 02/05/2001
0.400 0.400 0.400 0.100 4.800 0.400 0.400 0.400 0.200 4.800 0.400 0.400 0.200 0.200 4.700 0.500 0.000 0.200 0.200 0.200 0.400 0.000 0.200 0.200 0.200 0.400 0.000 0.200 0.200 0.200 03/05/2001
1.800 1.800 1.800 2.100 3.500 1.900 1.900 1.900 1.000 3.400 1.900 1.900 1.000 1.000 3.400 3.200 1.300 1.000 1.000 1.000 3.100 1.300 1.000 1.000 1.000 3.100 1.300 1.000 1.000 1.000 04/05/2001
3.800 3.800 3.900 5.500 1.100 3.900 3.900 3.900 3.600 1.100 3.900 3.900 3.600 3.700 1.100 2.600 1.300 3.600 3.700 3.700 2.600 1.300 3.600 3.600 3.600 2.600 1.300 3.600 3.600 3.700 05/05/2001
0.100 0.100 0.100 0.000 0.000 0.100 0.100 0.100 0.100 0.000 0.100 0.100 0.100 0.100 0.000 0.200 0.000 0.100 0.100 0.100 0.200 0.000 0.100 0.100 0.100 0.200 0.000 0.100 0.100 0.100 06/05/2001
0.000 0.000 0.000 0.000 0.000 0.000 0.000 0.000 0.300 0.000 0.000 0.000 0.300 0.300 0.000 0.000 0.000 0.300 0.300 0.300 0.000 0.000 0.300 0.300 0.300 0.000 0.000 0.300 0.300 0.300 07/05/2001
0.000 0.000 0.000 0.000 0.000 0.000 0.000 0.000 0.500 0.000 0.000 0.000 0.500 0.500 0.000 0.000 0.000 0.500 0.500 0.500 0.000 0.000 0.500 0.500 0.500 0.000 0.000 0.500 0.500 0.500 08/05/2001
0.900 0.900 0.900 0.500 0.000 0.900 0.900 0.900 0.100 0.000 0.900 0.900 0.100 0.100 0.000 1.200 2.600 0.100 0.100 0.100 1.200 2.600 0.100 0.100 0.100 1.200 2.600 0.100 0.100 0.100 09/05/2001
0.200 0.200 0.200 0.000 0.200 0.200 0.200 0.200 0.200 0.200 0.200 0.200 0.200 0.200 0.200 0.100 0.000 0.200 0.200 0.200 0.100 0.000 0.200 0.200 0.200 0.100 0.000 0.200 0.200 0.200 10/05/2001
0.000 0.000 0.000 0.000 0.800 0.000 0.000 0.000 2.000 0.800 0.000 0.000 2.000 2.000 0.700 0.000 0.100 2.000 2.000 2.000 0.000 0.100 2.000 2.000 2.000 0.000 0.100 1.900 1.900 2.000 11/05/2001
0.000 0.000 0.000 0.000 0.000 0.000 0.000 0.000 0.000 0.000 0.000 0.000 0.000 0.000 0.000 0.000 0.000 0.000 0.000 0.000 0.000 0.000 0.000 0.000 0.000 0.000 0.000 0.000 0.000 0.000 12/05/2001
1.800 1.800 1.800 4.400 4.200 1.800 1.800 1.800 2.300 4.100 1.800 1.800 2.300 2.400 4.100 1.500 4.500 2.300 2.400 2.400 1.500 4.500 2.300 2.300 2.300 1.500 4.500 2.300 2.300 2.400 13/05/2001
15.500 15.600 15.700 15.200 12.500 15.800 15.900 15.800 14.300 12.500 15.800 15.700 14.300 14.400 12.300 9.600 6.300 14.300 14.500 14.400 9.600 6.300 14.300 14.200 14.200 9.400 6.200 14.100 14.100 14.500 14/05/2001
0.000 0.000 0.000 0.000 0.100 0.000 0.000 0.000 0.100 0.100 0.000 0.000 0.100 0.100 0.100 0.000 0.200 0.100 0.100 0.100 0.000 0.200 0.100 0.100 0.100 0.000 0.200 0.100 0.100 0.100 15/05/2001
1.500 1.500 1.500 1.300 8.000 1.500 1.500 1.500 4.800 8.000 1.500 1.500 4.700 4.800 7.900 2.100 5.600 4.800 4.800 4.800 2.100 5.600 4.800 4.700 4.700 2.000 5.600 4.700 4.700 4.800 16/05/2001
4.000 4.000 4.000 4.500 1.500 4.000 4.100 4.000 0.700 1.500 4.000 4.000 0.700 0.700 1.500 2.100 0.800 0.700 0.700 0.700 2.100 0.800 0.700 0.700 0.700 2.100 0.700 0.700 0.700 0.700 17/05/2001
0.200 0.200 0.200 0.000 0.000 0.200 0.200 0.200 0.100 0.000 0.200 0.200 0.100 0.100 0.000 0.000 0.000 0.100 0.100 0.100 0.000 0.000 0.100 0.100 0.100 0.000 0.000 0.100 0.100 0.100 18/05/2001
0.000 0.000 0.000 0.000 0.000 0.000 0.000 0.000 0.000 0.000 0.000 0.000 0.000 0.000 0.000 0.000 0.000 0.000 0.000 0.000 0.000 0.000 0.000 0.000 0.000 0.000 0.000 0.000 0.000 0.000 19/05/2001
0.000 0.000 0.000 0.000 0.000 0.000 0.000 0.000 0.000 0.000 0.000 0.000 0.000 0.000 0.000 0.000 0.000 0.000 0.000 0.000 0.000 0.000 0.000 0.000 0.000 0.000 0.000 0.000 0.000 0.000 20/05/2001
0.000 0.000 0.000 0.000 0.000 0.000 0.000 0.000 0.000 0.000 0.000 0.000 0.000 0.000 0.000 0.000 0.000 0.000 0.000 0.000 0.000 0.000 0.000 0.000 0.000 0.000 0.000 0.000 0.000 0.000 21/05/2001
0.000 0.000 0.000 0.000 1.500 0.000 0.000 0.000 1.300 1.500 0.000 0.000 1.300 1.300 1.500 5.200 7.900 1.300 1.300 1.300 5.200 7.900 1.300 1.300 1.200 5.100 7.900 1.200 1.200 1.300 22/05/2001
0.000 0.000 0.000 4.300 0.400 0.000 0.000 0.000 0.000 0.400 0.000 0.000 0.000 0.000 0.400 0.100 1.700 0.000 0.000 0.000 0.100 1.700 0.000 0.000 0.000 0.100 1.700 0.000 0.000 0.000 23/05/2001
0.000 0.000 0.000 0.000 0.100 0.000 0.000 0.000 0.000 0.100 0.000 0.000 0.000 0.000 0.100 0.000 0.000 0.000 0.000 0.000 0.000 0.000 0.000 0.000 0.000 0.000 0.000 0.000 0.000 0.000 24/05/2001
0.000 0.000 0.000 0.000 0.000 0.000 0.000 0.000 0.000 0.000 0.000 0.000 0.000 0.000 0.000 0.000 0.000 0.000 0.000 0.000 0.000 0.000 0.000 0.000 0.000 0.000 0.000 0.000 0.000 0.000 25/05/2001
0.000 0.000 0.000 0.000 0.000 0.000 0.000 0.000 0.000 0.000 0.000 0.000 0.000 0.000 0.000 0.000 0.000 0.000 0.000 0.000 0.000 0.000 0.000 0.000 0.000 0.000 0.000 0.000 0.000 0.000 26/05/2001
0.000 0.000 0.000 0.000 0.000 0.000 0.000 0.000 0.000 0.000 0.000 0.000 0.000 0.000 0.000 0.000 0.000 0.000 0.000 0.000 0.000 0.000 0.000 0.000 0.000 0.000 0.000 0.000 0.000 0.000 27/05/2001
0.000 0.000 0.000 0.000 0.000 0.000 0.000 0.000 0.000 0.000 0.000 0.000 0.000 0.000 0.000 0.000 0.000 0.000 0.000 0.000 0.000 0.000 0.000 0.000 0.000 0.000 0.000 0.000 0.000 0.000 28/05/2001
0.000 0.000 0.000 0.000 0.000 0.000 0.000 0.000 0.000 0.000 0.000 0.000 0.000 0.000 0.000 0.000 0.000 0.000 0.000 0.000 0.000 0.000 0.000 0.000 0.000 0.000 0.000 0.000 0.000 0.000 29/05/2001
0.000 0.000 0.000 0.000 0.000 0.000 0.000 0.000 0.000 0.000 0.000 0.000 0.000 0.000 0.000 0.000 0.000 0.000 0.000 0.000 0.000 0.000 0.000 0.000 0.000 0.000 0.000 0.000 0.000 0.000 30/05/2001
0.000 0.000 0.000 0.000 0.000 0.000 0.000 0.000 0.000 0.000 0.000 0.000 0.000 0.000 0.000 0.000 0.000 0.000 0.000 0.000 0.000 0.000 0.000 0.000 0.000 0.000 0.000 0.000 0.000 0.000 31/05/2001
0.000 0.000 0.000 0.000 0.000 0.000 0.000 0.000 0.100 0.000 0.000 0.000 0.100 0.100 0.000 0.000 0.000 0.100 0.100 0.100 0.000 0.000 0.100 0.100 0.100 0.000 0.000 0.100 0.100 0.100 01/06/2001
0.000 0.000 0.000 0.000 0.000 0.000 0.000 0.000 0.200 0.000 0.000 0.000 0.200 0.200 0.000 0.000 0.000 0.200 0.200 0.200 0.000 0.000 0.200 0.200 0.200 0.000 0.000 0.200 0.200 0.200 02/06/2001
0.000 0.000 0.000 0.000 0.000 0.000 0.000 0.000 0.000 0.000 0.000 0.000 0.000 0.000 0.000 0.000 0.000 0.000 0.000 0.000 0.000 0.000 0.000 0.000 0.000 0.000 0.000 0.000 0.000 0.000 03/06/2001
0.000 0.000 0.000 0.000 0.000 0.000 0.000 0.000 0.000 0.000 0.000 0.000 0.000 0.000 0.000 0.000 0.000 0.000 0.000 0.000 0.000 0.000 0.000 0.000 0.000 0.000 0.000 0.000 0.000 0.000 04/06/2001
2.200 2.200 2.200 2.000 2.200 2.200 2.300 2.200 2.000 2.200 2.200 2.200 2.000 2.000 2.200 2.600 1.600 2.000 2.100 2.100 2.600 1.600 2.000 2.000 2.000 2.500 1.600 2.000 2.000 2.100 05/06/2001
0.100 0.100 0.100 0.500 0.900 0.100 0.100 0.100 1.100 0.900 0.100 0.100 1.100 1.100 0.900 0.400 1.500 1.100 1.100 1.100 0.400 1.500 1.100 1.100 1.100 0.400 1.500 1.100 1.100 1.100 06/06/2001
2.200 2.200 2.200 1.200 0.100 2.200 2.200 2.200 0.200 0.100 2.200 2.200 0.200 0.200 0.100 1.100 0.000 0.200 0.200 0.200 1.100 0.000 0.200 0.200 0.200 1.100 0.000 0.200 0.200 0.200 07/06/2001
2.800 2.800 2.800 2.600 3.600 2.800 2.900 2.800 6.100 3.600 2.800 2.800 6.000 6.100 3.600 4.100 2.600 6.000 6.100 6.100 4.000 2.600 6.100 6.000 6.000 4.000 2.500 6.000 6.000 6.100 08/06/2001
0.100 0.100 0.100 0.100 0.300 0.100 0.100 0.100 0.200 0.300 0.100 0.100 0.200 0.200 0.300 0.000 0.000 0.200 0.200 0.200 0.000 0.000 0.200 0.200 0.200 0.000 0.000 0.200 0.200 0.200 09/06/2001
0.000 0.000 0.000 0.000 0.000 0.000 0.000 0.000 0.000 0.000 0.000 0.000 0.000 0.000 0.000 0.000 0.000 0.000 0.000 0.000 0.000 0.000 0.000 0.000 0.000 0.000 0.000 0.000 0.000 0.000 10/06/2001
0.000 0.000 0.000 0.000 0.000 0.000 0.000 0.000 0.000 0.000 0.000 0.000 0.000 0.000 0.000 0.000 0.000 0.000 0.000 0.000 0.000 0.000 0.000 0.000 0.000 0.000 0.000 0.000 0.000 0.000 11/06/2001
0.000 0.000 0.000 0.000 0.000 0.000 0.000 0.000 0.000 0.000 0.000 0.000 0.000 0.000 0.000 0.000 0.000 0.000 0.000 0.000 0.000 0.000 0.000 0.000 0.000 0.000 0.000 0.000 0.000 0.000 12/06/2001
0.000 0.000 0.000 0.000 0.000 0.000 0.000 0.000 0.000 0.000 0.000 0.000 0.000 0.000 0.000 0.000 0.000 0.000 0.000 0.000 0.000 0.000 0.000 0.000 0.000 0.000 0.000 0.000 0.000 0.000 13/06/2001
0.000 0.000 0.000 0.000 0.000 0.000 0.000 0.000 0.200 0.000 0.000 0.000 0.200 0.200 0.000 0.100 0.100 0.200 0.200 0.200 0.100 0.100 0.200 0.200 0.200 0.100 0.100 0.200 0.200 0.200 14/06/2001
5.600 5.600 5.700 4.200 6.600 5.700 5.800 5.700 4.900 6.600 5.700 5.700 4.800 4.900 6.500 4.400 8.100 4.900 4.900 4.900 4.300 8.100 4.900 4.800 4.800 4.300 8.000 4.800 4.800 4.900 15/06/2001
17.400 17.500 17.600 21.700 12.700 17.800 17.900 17.800 13.700 12.700 17.700 17.700 13.600 13.700 12.600 17.500 12.700 13.600 13.800 13.800 17.400 12.800 13.700 13.600 13.600 17.200 12.700 13.400 13.500 13.800 16/06/2001
7.900 8.000 8.000 16.800 19.800 8.100 8.200 8.100 7.300 19.700 8.100 8.100 7.300 7.400 19.600 6.200 5.600 7.300 7.400 7.400 6.200 5.600 7.300 7.300 7.300 6.100 5.600 7.200 7.200 7.400 17/06/2001
0.100 0.100 0.100 0.000 0.000 0.100 0.100 0.100 0.100 0.000 0.100 0.100 0.100 0.100 0.000 0.000 0.000 0.100 0.100 0.100 0.000 0.000 0.100 0.100 0.100 0.000 0.000 0.100 0.100 0.100 18/06/2001
0.000 0.000 0.000 0.000 0.000 0.000 0.000 0.000 0.100 0.000 0.000 0.000 0.100 0.100 0.000 0.000 0.000 0.100 0.100 0.100 0.000 0.000 0.100 0.100 0.100 0.000 0.000 0.100 0.100 0.100 19/06/2001
0.000 0.000 0.000 0.000 0.200 0.000 0.000 0.000 0.200 0.200 0.000 0.000 0.200 0.200 0.200 0.000 0.000 0.200 0.200 0.200 0.000 0.000 0.200 0.200 0.200 0.000 0.000 0.200 0.200 0.200 20/06/2001
0.000 0.000 0.000 0.000 0.000 0.000 0.000 0.000 0.000 0.000 0.000 0.000 0.000 0.000 0.000 0.000 0.000 0.000 0.000 0.000 0.000 0.000 0.000 0.000 0.000 0.000 0.000 0.000 0.000 0.000 21/06/2001
0.000 0.000 0.000 0.000 0.000 0.000 0.000 0.000 0.100 0.000 0.000 0.000 0.100 0.100 0.000 0.000 0.000 0.100 0.100 0.100 0.000 0.000 0.100 0.100 0.100 0.000 0.000 0.100 0.100 0.100 22/06/2001
0.000 0.000 0.000 0.000 0.000 0.000 0.000 0.000 0.000 0.000 0.000 0.000 0.000 0.000 0.000 0.000 0.000 0.000 0.000 0.000 0.000 0.000 0.000 0.000 0.000 0.000 0.000 0.000 0.000 0.000 23/06/2001
0.000 0.000 0.000 0.000 0.000 0.000 0.000 0.000 0.000 0.000 0.000 0.000 0.000 0.000 0.000 0.000 0.000 0.000 0.000 0.000 0.000 0.000 0.000 0.000 0.000 0.000 0.000 0.000 0.000 0.000 24/06/2001
0.000 0.000 0.000 0.000 0.000 0.000 0.000 0.000 0.000 0.000 0.000 0.000 0.000 0.000 0.000 0.000 0.000 0.000 0.000 0.000 0.000 0.000 0.000 0.000 0.000 0.000 0.000 0.000 0.000 0.000 25/06/2001
0.000 0.000 0.000 0.100 0.000 0.000 0.000 0.000 0.000 0.000 0.000 0.000 0.000 0.000 0.000 0.200 0.000 0.000 0.000 0.000 0.200 0.000 0.000 0.000 0.000 0.200 0.000 0.000 0.000 0.000 26/06/2001
0.100 0.100 0.100 1.200 1.100 0.100 0.100 0.100 0.300 1.100 0.100 0.100 0.300 0.300 1.100 0.800 2.000 0.300 0.300 0.300 0.700 2.000 0.300 0.300 0.300 0.700 2.000 0.300 0.300 0.300 27/06/2001
0.000 0.000 0.000 0.000 0.000 0.000 0.000 0.000 0.000 0.000 0.000 0.000 0.000 0.000 0.000 0.000 0.000 0.000 0.000 0.000 0.000 0.000 0.000 0.000 0.000 0.000 0.000 0.000 0.000 0.000 28/06/2001
0.000 0.000 0.000 0.000 0.000 0.000 0.000 0.000 0.000 0.000 0.000 0.000 0.000 0.000 0.000 0.000 0.000 0.000 0.000 0.000 0.000 0.000 0.000 0.000 0.000 0.000 0.000 0.000 0.000 0.000 29/06/2001
0.000 0.000 0.000 0.000 0.000 0.000 0.000 0.000 0.000 0.000 0.000 0.000 0.000 0.000 0.000 0.000 0.000 0.000 0.000 0.000 0.000 0.000 0.000 0.000 0.000 0.000 0.000 0.000 0.000 0.000 30/06/2001
0.000 0.000 0.000 0.000 0.000 0.000 0.000 0.000 0.000 0.000 0.000 0.000 0.000 0.000 0.000 0.000 0.000 0.000 0.000 0.000 0.000 0.000 0.000 0.000 0.000 0.000 0.000 0.000 0.000 0.000 01/07/2001
0.000 0.000 0.000 0.000 0.000 0.000 0.000 0.000 0.000 0.000 0.000 0.000 0.000 0.000 0.000 0.000 0.000 0.000 0.000 0.000 0.000 0.000 0.000 0.000 0.000 0.000 0.000 0.000 0.000 0.000 02/07/2001
0.500 0.500 0.500 0.200 0.000 0.500 0.500 0.500 0.000 0.000 0.500 0.500 0.000 0.000 0.000 0.500 0.400 0.000 0.000 0.000 0.500 0.400 0.000 0.000 0.000 0.500 0.400 0.000 0.000 0.000 03/07/2001
24.600 24.800 24.900 17.900 33.800 25.100 25.400 25.100 14.400 33.600 25.100 25.000 14.300 14.500 33.300 28.600 13.800 14.400 14.500 14.500 28.300 13.900 14.400 14.300 14.300 27.900 13.700 14.100 14.200 14.500 04/07/2001
1.500 1.500 1.500 2.300 7.000 1.600 1.600 1.600 1.500 6.900 1.600 1.600 1.500 1.500 6.900 1.700 1.500 1.500 1.500 1.500 1.700 1.500 1.500 1.500 1.500 1.700 1.500 1.500 1.500 1.500 05/07/2001
30.400 30.600 30.700 32.400 33.000 31.000 31.300 31.000 56.800 32.800 30.900 30.900 56.600 57.100 32.500 24.500 38.000 56.700 57.400 57.300 24.200 38.100 56.900 56.500 56.500 23.900 37.800 55.900 56.000 57.300 06/07/2001
2.000 2.000 2.000 4.200 4.800 2.100 2.100 2.100 7.400 4.800 2.100 2.100 7.400 7.400 4.700 4.100 4.600 7.400 7.400 7.400 4.000 4.600 7.400 7.300 7.300 4.000 4.600 7.300 7.300 7.400 07/07/2001
0.100 0.100 0.100 0.000 0.100 0.100 0.100 0.100 0.200 0.100 0.100 0.100 0.200 0.200 0.100 0.000 0.000 0.200 0.200 0.200 0.000 0.000 0.200 0.200 0.200 0.000 0.000 0.200 0.200 0.200 08/07/2001
0.000 0.000 0.000 0.000 0.000 0.000 0.000 0.000 0.000 0.000 0.000 0.000 0.000 0.000 0.000 0.000 0.200 0.000 0.000 0.000 0.000 0.200 0.000 0.000 0.000 0.000 0.200 0.000 0.000 0.000 09/07/2001
1.700 1.700 1.700 1.500 2.100 1.700 1.700 1.700 1.700 2.100 1.700 1.700 1.700 1.700 2.100 1.300 0.800 1.700 1.800 1.700 1.300 0.800 1.700 1.700 1.700 1.300 0.800 1.700 1.700 1.700 10/07/2001
0.600 0.600 0.600 0.400 0.800 0.600 0.600 0.600 0.200 0.800 0.600 0.600 0.200 0.200 0.800 1.000 1.600 0.200 0.200 0.200 0.900 1.600 0.200 0.200 0.200 0.900 1.600 0.200 0.200 0.200 11/07/2001
3.500 3.600 3.600 6.400 9.200 3.600 3.600 3.600 13.000 9.100 3.600 3.600 12.900 13.100 9.100 3.800 3.900 13.000 13.100 13.100 3.800 4.000 13.000 12.900 12.900 3.800 3.900 12.800 12.800 13.100 12/07/2001
6.600 6.600 6.600 7.700 7.700 6.700 6.800 6.700 5.500 7.700 6.700 6.700 5.500 5.600 7.600 6.500 4.800 5.500 5.600 5.600 6.400 4.800 5.500 5.500 5.500 6.400 4.700 5.500 5.500 5.600 13/07/2001
9.500 9.600 9.600 7.600 15.100 9.700 9.800 9.700 11.900 15.000 9.700 9.600 11.900 12.000 14.900 9.000 3.900 11.900 12.000 12.000 8.900 4.000 11.900 11.800 11.800 8.800 3.900 11.700 11.700 12.000 14/07/2001
0.000 0.000 0.000 0.000 0.000 0.000 0.000 0.000 0.000 0.000 0.000 0.000 0.000 0.000 0.000 0.000 0.000 0.000 0.000 0.000 0.000 0.000 0.000 0.000 0.000 0.000 0.000 0.000 0.000 0.000 15/07/2001
0.000 0.000 0.000 0.000 0.000 0.000 0.000 0.000 0.700 0.000 0.000 0.000 0.700 0.700 0.000 0.200 0.100 0.700 0.700 0.700 0.200 0.100 0.700 0.700 0.700 0.200 0.100 0.700 0.700 0.700 16/07/2001
6.700 6.700 6.800 9.000 12.600 6.800 6.900 6.800 7.400 12.600 6.800 6.800 7.400 7.500 12.500 6.100 8.100 7.400 7.500 7.500 6.000 8.100 7.400 7.400 7.400 6.000 8.000 7.300 7.300 7.500 17/07/2001
16.800 16.900 16.900 11.900 9.500 17.100 17.300 17.100 7.200 9.400 17.100 17.000 7.200 7.300 9.300 5.200 6.900 7.200 7.300 7.300 5.100 6.900 7.200 7.200 7.200 5.100 6.800 7.100 7.100 7.300 18/07/2001
1.200 1.200 1.200 5.300 5.200 1.200 1.200 1.200 2.400 5.200 1.200 1.200 2.400 2.400 5.100 4.200 4.300 2.400 2.400 2.400 4.100 4.300 2.400 2.400 2.400 4.100 4.200 2.400 2.400 2.400 19/07/2001
0.000 0.000 0.000 0.000 0.000 0.000 0.000 0.000 0.200 0.000 0.000 0.000 0.200 0.200 0.000 0.000 0.000 0.200 0.200 0.200 0.000 0.000 0.200 0.200 0.200 0.000 0.000 0.200 0.200 0.200 20/07/2001
0.000 0.000 0.000 0.000 0.000 0.000 0.000 0.000 0.000 0.000 0.000 0.000 0.000 0.000 0.000 0.000 0.000 0.000 0.000 0.000 0.000 0.000 0.000 0.000 0.000 0.000 0.000 0.000 0.000 0.000 21/07/2001
2.200 2.200 2.300 3.000 0.000 2.300 2.300 2.300 0.300 0.000 2.300 2.300 0.300 0.300 0.000 0.500 0.200 0.300 0.300 0.300 0.400 0.200 0.300 0.300 0.300 0.400 0.200 0.300 0.300 0.300 22/07/2001
0.000 0.000 0.000 0.000 0.000 0.000 0.000 0.000 0.200 0.000 0.000 0.000 0.200 0.200 0.000 0.000 0.000 0.200 0.200 0.200 0.000 0.000 0.200 0.200 0.200 0.000 0.000 0.200 0.200 0.200 23/07/2001
0.000 0.000 0.000 0.000 0.000 0.000 0.000 0.000 0.000 0.000 0.000 0.000 0.000 0.000 0.000 0.000 0.000 0.000 0.000 0.000 0.000 0.000 0.000 0.000 0.000 0.000 0.000 0.000 0.000 0.000 24/07/2001
0.000 0.000 0.000 0.000 0.000 0.000 0.000 0.000 0.000 0.000 0.000 0.000 0.000 0.000 0.000 0.000 0.000 0.000 0.000 0.000 0.000 0.000 0.000 0.000 0.000 0.000 0.000 0.000 0.000 0.000 25/07/2001
0.000 0.000 0.000 0.100 0.900 0.000 0.000 0.000 0.800 0.900 0.000 0.000 0.800 0.900 0.900 0.800 1.400 0.800 0.900 0.900 0.800 1.400 0.800 0.800 0.800 0.800 1.400 0.800 0.800 0.900 26/07/2001
10.200 10.300 10.300 0.100 6.600 10.400 10.500 10.400 21.600 6.600 10.400 10.400 21.500 21.700 6.500 12.300 38.200 21.500 21.800 21.700 12.200 38.300 21.600 21.400 21.400 12.000 38.000 21.200 21.300 21.800 27/07/2001
11.800 11.800 11.900 3.900 3.800 12.000 12.100 12.000 4.400 3.800 12.000 11.900 4.400 4.400 3.700 9.300 3.700 4.400 4.400 4.400 9.200 3.700 4.400 4.400 4.400 9.100 3.700 4.300 4.300 4.400 28/07/2001
0.000 0.000 0.000 0.000 0.000 0.000 0.000 0.000 0.000 0.000 0.000 0.000 0.000 0.000 0.000 0.000 0.000 0.000 0.000 0.000 0.000 0.000 0.000 0.000 0.000 0.000 0.000 0.000 0.000 0.000 29/07/2001
0.000 0.000 0.000 0.000 0.000 0.000 0.000 0.000 0.200 0.000 0.000 0.000 0.200 0.200 0.000 0.000 0.000 0.200 0.200 0.200 0.000 0.000 0.200 0.200 0.200 0.000 0.000 0.200 0.200 0.200 30/07/2001
0.000 0.000 0.000 0.000 0.000 0.000 0.000 0.000 0.000 0.000 0.000 0.000 0.000 0.000 0.000 0.000 0.000 0.000 0.000 0.000 0.000 0.000 0.000 0.000 0.000 0.000 0.000 0.000 0.000 0.000 31/07/2001
