# 6448 6449 6450 6451 6452 6528 6529 6530 6531 6532 6610 6611 6612 6613 6614 6693 6694 6695 6696 6697 6776 6777 6778 6779 6780 6859 6860 6861 6862 6863 Date
0.000 0.000 0.000 0.000 0.000 0.000 0.000 0.000 0.200 0.000 0.000 0.000 0.200 0.200 0.000 0.000 1.600 0.200 0.200 0.200 0.000 1.600 0.200 0.200 0.200 0.000 1.600 0.200 0.200 0.200 01/08/1996
0.000 0.000 0.000 0.000 0.000 0.000 0.000 0.000 0.000 0.000 0.000 0.000 0.000 0.000 0.000 0.000 1.300 0.000 0.000 0.000 0.000 1.300 0.000 0.000 0.000 0.000 1.300 0.000 0.000 0.000 02/08/1996
0.000 0.000 0.000 0.000 0.000 0.000 0.000 0.000 0.000 0.000 0.000 0.000 0.000 0.000 0.000 0.000 0.000 0.000 0.000 0.000 0.000 0.000 0.000 0.000 0.000 0.000 0.000 0.000 0.000 0.000 03/08/1996
0.000 0.000 0.000 0.000 0.000 0.000 0.000 0.000 0.000 0.000 0.000 0.000 0.000 0.000 0.000 0.000 0.000 0.000 0.000 0.000 0.000 0.000 0.000 0.000 0.000 0.000 0.000 0.000 0.000 0.000 04/08/1996
7.300 7.400 7.400 15.400 10.900 7.500 7.600 7.500 7.000 10.800 7.500 7.500 6.900 7.000 10.700 9.900 13.100 7.000 7.000 7.000 9.800 13.100 7.000 6.900 6.900 9.700 13.000 6.900 6.900 7.000 05/08/1996
4.300 4.300 4.300 5.900 9.300 4.400 4.400 4.400 9.600 9.300 4.400 4.300 9.600 9.700 9.200 6.000 5.100 9.600 9.700 9.700 6.000 5.100 9.600 9.600 9.600 5.900 5.100 9.500 9.500 9.700 06/08/1996
0.000 0.000 0.000 0.000 0.000 0.000 0.000 0.000 0.000 0.000 0.000 0.000 0.000 0.000 0.000 0.000 0.000 0.000 0.000 0.000 0.000 0.000 0.000 0.000 0.000 0.000 0.000 0.000 0.000 0.000 07/08/1996
0.000 0.000 0.000 0.100 0.000 0.000 0.000 0.000 0.000 0.000 0.000 0.000 0.000 0.000 0.000 0.000 0.000 0.000 0.000 0.000 0.000 0.000 0.000 0.000 0.000 0.000 0.000 0.000 0.000 0.000 08/08/1996
0.600 0.600 0.600 3.500 0.000 0.600 0.600 0.600 0.000 0.000 0.600 0.600 0.000 0.000 0.000 0.000 0.000 0.000 0.000 0.000 0.000 0.000 0.000 0.000 0.000 0.000 0.000 0.000 0.000 0.000 09/08/1996
27.600 27.800 28.000 19.000 7.100 28.200 28.500 28.200 6.600 7.100 28.100 28.100 6.600 6.600 7.000 6.900 4.800 6.600 6.600 6.600 6.900 4.800 6.600 6.500 6.500 6.800 4.800 6.500 6.500 6.600 10/08/1996
4.900 4.900 4.900 4.300 10.200 5.000 5.000 5.000 4.700 10.100 5.000 5.000 4.700 4.700 10.000 4.800 11.200 4.700 4.700 4.700 4.800 11.200 4.700 4.700 4.700 4.700 11.100 4.600 4.600 4.700 11/08/1996
0.000 0.000 0.000 0.000 0.000 0.000 0.000 0.000 0.000 0.000 0.000 0.000 0.000 0.000 0.000 0.000 0.000 0.000 0.000 0.000 0.000 0.000 0.000 0.000 0.000 0.000 0.000 0.000 0.000 0.000 12/08/1996
0.100 0.100 0.100 0.000 0.000 0.100 0.100 0.100 0.000 0.000 0.100 0.100 0.000 0.000 0.000 0.000 0.000 0.000 0.000 0.000 0.000 0.000 0.000 0.000 0.000 0.000 0.000 0.000 0.000 0.000 13/08/1996
0.000 0.000 0.000 0.000 0.000 0.000 0.000 0.000 0.100 0.000 0.000 0.000 0.100 0.100 0.000 0.000 0.100 0.100 0.100 0.100 0.000 0.100 0.100 0.100 0.100 0.000 0.100 0.100 0.100 0.100 14/08/1996
0.000 0.000 0.000 0.000 0.000 0.000 0.000 0.000 0.000 0.000 0.000 0.000 0.000 0.000 0.000 0.000 0.000 0.000 0.000 0.000 0.000 0.000 0.000 0.000 0.000 0.000 0.000 0.000 0.000 0.000 15/08/1996
0.000 0.000 0.000 0.100 0.000 0.000 0.000 0.000 0.000 0.000 0.000 0.000 0.000 0.000 0.000 0.000 0.000 0.000 0.000 0.000 0.000 0.000 0.000 0.000 0.000 0.000 0.000 0.000 0.000 0.000 16/08/1996
0.000 0.000 0.000 0.000 0.000 0.000 0.000 0.000 0.000 0.000 0.000 0.000 0.000 0.000 0.000 0.000 0.000 0.000 0.000 0.000 0.000 0.000 0.000 0.000 0.000 0.000 0.000 0.000 0.000 0.000 17/08/1996
0.000 0.000 0.000 0.000 0.000 0.000 0.000 0.000 0.000 0.000 0.000 0.000 0.000 0.000 0.000 0.000 0.000 0.000 0.000 0.000 0.000 0.000 0.000 0.000 0.000 0.000 0.000 0.000 0.000 0.000 18/08/1996
13.700 13.800 13.900 13.500 25.300 14.000 14.100 14.000 29.000 25.100 13.900 13.900 28.900 29.200 24.900 14.800 29.200 29.000 29.300 29.200 14.700 29.300 29.000 28.800 28.800 14.500 29.000 28.500 28.600 29.300 19/08/1996
6.600 6.600 6.700 4.800 10.500 6.700 6.800 6.700 4.600 10.400 6.700 6.700 4.500 4.600 10.400 3.100 7.500 4.500 4.600 4.600 3.100 7.500 4.600 4.500 4.500 3.000 7.500 4.500 4.500 4.600 20/08/1996
31.400 31.600 31.700 39.100 7.800 32.000 32.300 32.000 14.600 7.800 31.900 31.900 14.500 14.700 7.700 27.800 7.800 14.600 14.700 14.700 27.500 7.800 14.600 14.500 14.500 27.200 7.700 14.300 14.400 14.700 21/08/1996
0.000 0.000 0.000 0.000 0.000 0.000 0.000 0.000 0.000 0.000 0.000 0.000 0.000 0.000 0.000 0.000 0.000 0.000 0.000 0.000 0.000 0.000 0.000 0.000 0.000 0.000 0.000 0.000 0.000 0.000 22/08/1996
0.500 0.500 0.500 0.100 0.000 0.500 0.500 0.500 0.000 0.000 0.500 0.500 0.000 0.000 0.000 0.500 0.300 0.000 0.000 0.000 0.500 0.300 0.000 0.000 0.000 0.500 0.300 0.000 0.000 0.000 23/08/1996
7.000 7.100 7.100 8.500 5.000 7.200 7.200 7.200 6.900 4.900 7.200 7.100 6.900 6.900 4.900 5.100 7.500 6.900 7.000 7.000 5.100 7.600 6.900 6.900 6.900 5.000 7.500 6.800 6.800 7.000 24/08/1996
1.900 1.900 1.900 4.200 3.700 1.900 1.900 1.900 3.500 3.600 1.900 1.900 3.500 3.500 3.600 3.500 6.900 3.500 3.500 3.500 3.500 6.900 3.500 3.500 3.500 3.400 6.800 3.400 3.400 3.500 25/08/1996
0.900 0.900 0.900 1.100 2.600 1.000 1.000 1.000 0.200 2.500 1.000 1.000 0.200 0.200 2.500 0.800 0.700 0.200 0.200 0.200 0.800 0.700 0.200 0.200 0.200 0.800 0.700 0.200 0.200 0.200 26/08/1996
0.000 0.000 0.000 0.100 0.000 0.000 0.000 0.000 0.100 0.000 0.000 0.000 0.100 0.100 0.000 0.000 0.000 0.100 0.100 0.100 0.000 0.000 0.100 0.100 0.100 0.000 0.000 0.100 0.100 0.100 27/08/1996
0.100 0.100 0.100 0.200 0.000 0.100 0.100 0.100 0.200 0.000 0.100 0.100 0.200 0.200 0.000 0.200 0.100 0.200 0.200 0.200 0.200 0.100 0.200 0.200 0.200 0.200 0.100 0.200 0.200 0.200 28/08/1996
0.100 0.100 0.100 0.000 0.000 0.100 0.100 0.100 1.500 0.000 0.100 0.100 1.500 1.600 0.000 2.100 0.900 1.500 1.600 1.600 2.100 0.900 1.500 1.500 1.500 2.100 0.900 1.500 1.500 1.600 29/08/1996
0.100 0.100 0.100 0.100 0.000 0.100 0.100 0.100 0.200 0.000 0.100 0.100 0.200 0.200 0.000 0.000 0.100 0.200 0.200 0.200 0.000 0.100 0.200 0.200 0.200 0.000 0.100 0.200 0.200 0.200 30/08/1996
0.000 0.000 0.000 0.000 0.000 0.000 0.000 0.000 0.000 0.000 0.000 0.000 0.000 0.000 0.000 0.000 0.100 0.000 0.000 0.000 0.000 0.100 0.000 0.000 0.000 0.000 0.100 0.000 0.000 0.000 31/08/1996
0.000 0.000 0.000 0.000 0.000 0.000 0.000 0.000 0.100 0.000 0.000 0.000 0.100 0.100 0.000 0.000 0.000 0.100 0.100 0.100 0.000 0.000 0.100 0.100 0.100 0.000 0.000 0.100 0.100 0.100 01/09/1996
0.000 0.000 0.000 0.000 0.000 0.000 0.000 0.000 0.000 0.000 0.000 0.000 0.000 0.000 0.000 0.000 0.000 0.000 0.000 0.000 0.000 0.000 0.000 0.000 0.000 0.000 0.000 0.000 0.000 0.000 02/09/1996
0.000 0.000 0.000 0.000 0.000 0.000 0.000 0.000 0.000 0.000 0.000 0.000 0.000 0.000 0.000 0.000 0.000 0.000 0.000 0.000 0.000 0.000 0.000 0.000 0.000 0.000 0.000 0.000 0.000 0.000 03/09/1996
0.000 0.000 0.000 0.000 0.000 0.000 0.000 0.000 0.000 0.000 0.000 0.000 0.000 0.000 0.000 0.000 0.000 0.000 0.000 0.000 0.000 0.000 0.000 0.000 0.000 0.000 0.000 0.000 0.000 0.000 04/09/1996
0.000 0.000 0.000 0.100 0.000 0.000 0.000 0.000 0.000 0.000 0.000 0.000 0.000 0.000 0.000 0.000 0.000 0.000 0.000 0.000 0.000 0.000 0.000 0.000 0.000 0.000 0.000 0.000 0.000 0.000 05/09/1996
0.000 0.000 0.000 0.000 0.000 0.000 0.000 0.000 0.000 0.000 0.000 0.000 0.000 0.000 0.000 0.000 0.100 0.000 0.000 0.000 0.000 0.100 0.000 0.000 0.000 0.000 0.100 0.000 0.000 0.000 06/09/1996
0.000 0.000 0.000 0.000 0.000 0.000 0.000 0.000 0.000 0.000 0.000 0.000 0.000 0.000 0.000 0.000 0.000 0.000 0.000 0.000 0.000 0.000 0.000 0.000 0.000 0.000 0.000 0.000 0.000 0.000 07/09/1996
0.000 0.000 0.000 0.000 0.000 0.000 0.000 0.000 0.000 0.000 0.000 0.000 0.000 0.000 0.000 0.000 0.000 0.000 0.000 0.000 0.000 0.000 0.000 0.000 0.000 0.000 0.000 0.000 0.000 0.000 08/09/1996
0.000 0.000 0.000 0.000 0.000 0.000 0.000 0.000 0.000 0.000 0.000 0.000 0.000 0.000 0.000 0.000 0.000 0.000 0.000 0.000 0.000 0.000 0.000 0.000 0.000 0.000 0.000 0.000 0.000 0.000 09/09/1996
0.000 0.000 0.000 0.000 0.000 0.000 0.000 0.000 0.000 0.000 0.000 0.000 0.000 0.000 0.000 0.000 0.000 0.000 0.000 0.000 0.000 0.000 0.000 0.000 0.000 0.000 0.000 0.000 0.000 0.000 10/09/1996
0.000 0.000 0.000 0.000 0.000 0.000 0.000 0.000 0.000 0.000 0.000 0.000 0.000 0.000 0.000 0.000 0.000 0.000 0.000 0.000 0.000 0.000 0.000 0.000 0.000 0.000 0.000 0.000 0.000 0.000 11/09/1996
0.000 0.000 0.000 0.000 0.000 0.000 0.000 0.000 0.000 0.000 0.000 0.000 0.000 0.000 0.000 0.000 0.000 0.000 0.000 0.000 0.000 0.000 0.000 0.000 0.000 0.000 0.000 0.000 0.000 0.000 12/09/1996
0.000 0.000 0.000 0.000 0.000 0.000 0.000 0.000 0.000 0.000 0.000 0.000 0.000 0.000 0.000 0.000 0.000 0.000 0.000 0.000 0.000 0.000 0.000 0.000 0.000 0.000 0.000 0.000 0.000 0.000 13/09/1996
0.000 0.000 0.000 0.000 0.000 0.000 0.000 0.000 0.000 0.000 0.000 0.000 0.000 0.000 0.000 0.000 0.000 0.000 0.000 0.000 0.000 0.000 0.000 0.000 0.000 0.000 0.000 0.000 0.000 0.000 14/09/1996
0.000 0.000 0.000 0.000 0.000 0.000 0.000 0.000 0.000 0.000 0.000 0.000 0.000 0.000 0.000 0.000 0.000 0.000 0.000 0.000 0.000 0.000 0.000 0.000 0.000 0.000 0.000 0.000 0.000 0.000 15/09/1996
0.000 0.000 0.000 0.000 0.000 0.000 0.000 0.000 0.000 0.000 0.000 0.000 0.000 0.000 0.000 0.000 0.000 0.000 0.000 0.000 0.000 0.000 0.000 0.000 0.000 0.000 0.000 0.000 0.000 0.000 16/09/1996
0.100 0.100 0.100 0.000 0.000 0.100 0.100 0.100 0.000 0.000 0.100 0.100 0.000 0.000 0.000 0.000 0.000 0.000 0.000 0.000 0.000 0.000 0.000 0.000 0.000 0.000 0.000 0.000 0.000 0.000 17/09/1996
4.300 4.300 4.300 7.800 2.600 4.300 4.400 4.300 5.400 2.500 4.300 4.300 5.400 5.500 2.500 1.000 0.400 5.400 5.500 5.500 1.000 0.400 5.400 5.400 5.400 1.000 0.400 5.400 5.400 5.500 18/09/1996
4.200 4.200 4.200 11.200 10.400 4.300 4.300 4.300 8.200 10.300 4.300 4.300 8.200 8.200 10.300 2.700 4.300 8.200 8.300 8.300 2.700 4.300 8.200 8.200 8.200 2.600 4.300 8.100 8.100 8.300 19/09/1996
3.600 3.700 3.700 2.000 0.100 3.700 3.700 3.700 0.600 0.100 3.700 3.700 0.600 0.600 0.100 1.600 1.800 0.600 0.600 0.600 1.600 1.800 0.600 0.600 0.600 1.600 1.800 0.500 0.500 0.600 20/09/1996
1.700 1.700 1.700 1.700 10.300 1.700 1.700 1.700 14.700 10.200 1.700 1.700 14.700 14.800 10.100 8.200 13.900 14.700 14.900 14.800 8.100 14.000 14.700 14.600 14.600 8.000 13.900 14.500 14.500 14.800 21/09/1996
0.200 0.200 0.200 0.000 0.000 0.200 0.200 0.200 0.100 0.000 0.200 0.200 0.100 0.100 0.000 0.100 0.000 0.100 0.100 0.100 0.100 0.000 0.100 0.100 0.100 0.100 0.000 0.100 0.100 0.100 22/09/1996
0.000 0.000 0.000 0.000 0.000 0.000 0.000 0.000 0.000 0.000 0.000 0.000 0.000 0.000 0.000 0.500 0.900 0.000 0.000 0.000 0.500 0.900 0.000 0.000 0.000 0.500 0.900 0.000 0.000 0.000 23/09/1996
8.200 8.200 8.300 8.000 10.600 8.300 8.400 8.300 6.100 10.500 8.300 8.300 6.000 6.100 10.400 9.100 6.700 6.000 6.100 6.100 9.000 6.700 6.100 6.000 6.000 8.900 6.600 6.000 6.000 6.100 24/09/1996
2.400 2.400 2.400 5.500 6.400 2.400 2.400 2.400 1.400 6.400 2.400 2.400 1.400 1.400 6.300 1.700 6.600 1.400 1.500 1.500 1.700 6.600 1.400 1.400 1.400 1.700 6.600 1.400 1.400 1.500 25/09/1996
4.200 4.200 4.300 1.500 3.900 4.300 4.300 4.300 4.100 3.900 4.300 4.300 4.100 4.100 3.900 4.200 3.700 4.100 4.100 4.100 4.200 3.700 4.100 4.100 4.100 4.100 3.700 4.000 4.000 4.100 26/09/1996
1.300 1.300 1.300 1.300 2.700 1.300 1.300 1.300 1.900 2.700 1.300 1.300 1.900 1.900 2.700 1.300 2.000 1.900 2.000 2.000 1.300 2.000 1.900 1.900 1.900 1.300 1.900 1.900 1.900 2.000 27/09/1996
0.200 0.200 0.200 0.000 0.000 0.200 0.200 0.200 0.000 0.000 0.200 0.200 0.000 0.000 0.000 0.100 0.100 0.000 0.000 0.000 0.100 0.100 0.000 0.000 0.000 0.100 0.100 0.000 0.000 0.000 28/09/1996
0.200 0.200 0.200 0.100 0.000 0.200 0.200 0.200 0.000 0.000 0.200 0.200 0.000 0.000 0.000 0.000 0.200 0.000 0.000 0.000 0.000 0.200 0.000 0.000 0.000 0.000 0.200 0.000 0.000 0.000 29/09/1996
30.200 30.400 30.600 29.600 20.600 30.800 31.100 30.800 21.600 20.400 30.800 30.700 21.500 21.700 20.300 32.300 24.200 21.600 21.800 21.800 32.000 24.200 21.600 21.500 21.500 31.600 24.100 21.300 21.300 21.800 30/09/1996
24.200 24.400 24.500 38.900 22.700 24.700 24.900 24.700 25.400 22.500 24.700 24.600 25.300 25.500 22.400 13.800 7.600 25.300 25.600 25.600 13.600 7.600 25.400 25.200 25.200 13.500 7.500 24.900 25.000 25.600 01/10/1996
5.000 5.000 5.100 4.600 11.100 5.100 5.100 5.100 9.900 11.000 5.100 5.100 9.900 10.000 10.900 6.700 8.600 9.900 10.000 10.000 6.600 8.600 9.900 9.900 9.900 6.500 8.600 9.800 9.800 10.000 02/10/1996
0.200 0.200 0.200 0.100 0.100 0.200 0.200 0.200 0.200 0.100 0.200 0.200 0.200 0.200 0.100 0.200 0.200 0.200 0.200 0.200 0.200 0.200 0.200 0.200 0.200 0.200 0.200 0.200 0.200 0.200 03/10/1996
3.300 3.300 3.300 5.200 3.600 3.400 3.400 3.400 4.100 3.600 3.300 3.300 4.100 4.100 3.600 2.900 3.500 4.100 4.100 4.100 2.900 3.500 4.100 4.100 4.000 2.900 3.500 4.000 4.000 4.100 04/10/1996
0.400 0.400 0.400 0.600 1.700 0.400 0.400 0.400 0.500 1.700 0.400 0.400 0.500 0.500 1.700 1.000 1.000 0.500 0.500 0.500 1.000 1.000 0.500 0.500 0.500 1.000 1.000 0.500 0.500 0.500 05/10/1996
0.100 0.100 0.100 0.200 0.000 0.100 0.100 0.100 0.000 0.000 0.100 0.100 0.000 0.000 0.000 0.200 0.200 0.000 0.000 0.000 0.200 0.200 0.000 0.000 0.000 0.200 0.200 0.000 0.000 0.000 06/10/1996
0.100 0.100 0.100 0.300 0.000 0.100 0.100 0.100 0.000 0.000 0.100 0.100 0.000 0.000 0.000 0.000 0.200 0.000 0.000 0.000 0.000 0.200 0.000 0.000 0.000 0.000 0.200 0.000 0.000 0.000 07/10/1996
0.000 0.000 0.000 0.000 0.000 0.000 0.000 0.000 0.100 0.000 0.000 0.000 0.100 0.100 0.000 0.000 0.000 0.100 0.100 0.100 0.000 0.000 0.100 0.100 0.100 0.000 0.000 0.100 0.100 0.100 08/10/1996
0.000 0.000 0.000 0.000 0.000 0.000 0.000 0.000 0.100 0.000 0.000 0.000 0.100 0.100 0.000 0.000 0.000 0.100 0.100 0.100 0.000 0.000 0.100 0.100 0.100 0.000 0.000 0.100 0.100 0.100 09/10/1996
0.200 0.200 0.200 0.100 0.000 0.200 0.200 0.200 0.000 0.000 0.200 0.200 0.000 0.000 0.000 0.100 0.200 0.000 0.000 0.000 0.100 0.200 0.000 0.000 0.000 0.100 0.200 0.000 0.000 0.000 10/10/1996
0.100 0.100 0.100 0.000 0.000 0.100 0.100 0.100 0.000 0.000 0.100 0.100 0.000 0.000 0.000 0.100 0.000 0.000 0.000 0.000 0.100 0.000 0.000 0.000 0.000 0.100 0.000 0.000 0.000 0.000 11/10/1996
0.000 0.000 0.000 0.000 0.000 0.000 0.000 0.000 0.200 0.000 0.000 0.000 0.200 0.200 0.000 0.000 0.000 0.200 0.200 0.200 0.000 0.000 0.200 0.200 0.200 0.000 0.000 0.200 0.200 0.200 12/10/1996
0.000 0.000 0.000 0.000 0.000 0.000 0.000 0.000 0.000 0.000 0.000 0.000 0.000 0.000 0.000 0.000 0.000 0.000 0.000 0.000 0.000 0.000 0.000 0.000 0.000 0.000 0.000 0.000 0.000 0.000 13/10/1996
2.000 2.000 2.000 3.700 10.600 2.000 2.000 2.000 1.200 10.600 2.000 2.000 1.200 1.200 10.500 2.000 1.700 1.200 1.200 1.200 1.900 1.700 1.200 1.200 1.200 1.900 1.700 1.200 1.200 1.200 14/10/1996
0.100 0.100 0.100 0.100 2.200 0.100 0.100 0.100 1.000 2.200 0.100 0.100 1.000 1.000 2.200 0.100 0.200 1.000 1.000 1.000 0.100 0.200 1.000 1.000 1.000 0.100 0.200 1.000 1.000 1.000 15/10/1996
7.800 7.800 7.900 10.800 6.600 7.900 8.000 7.900 4.600 6.600 7.900 7.900 4.600 4.600 6.500 5.100 3.900 4.600 4.600 4.600 5.100 3.900 4.600 4.600 4.600 5.000 3.900 4.500 4.500 4.600 16/10/1996
0.100 0.100 0.100 0.100 1.800 0.100 0.100 0.100 1.400 1.800 0.100 0.100 1.400 1.400 1.700 0.200 1.000 1.400 1.400 1.400 0.200 1.000 1.400 1.400 1.400 0.200 1.000 1.400 1.400 1.400 17/10/1996
1.400 1.400 1.400 1.600 1.900 1.400 1.500 1.400 2.300 1.900 1.400 1.400 2.300 2.300 1.900 1.800 1.800 2.300 2.300 2.300 1.800 1.800 2.300 2.300 2.300 1.800 1.800 2.300 2.300 2.300 18/10/1996
0.200 0.200 0.200 0.100 0.000 0.200 0.200 0.200 0.200 0.000 0.200 0.200 0.200 0.200 0.000 0.400 0.100 0.200 0.200 0.200 0.400 0.100 0.200 0.200 0.200 0.400 0.100 0.200 0.200 0.200 19/10/1996
0.200 0.200 0.200 0.700 0.600 0.200 0.200 0.200 0.500 0.600 0.200 0.200 0.500 0.500 0.600 0.100 0.100 0.500 0.500 0.500 0.100 0.100 0.500 0.500 0.500 0.100 0.100 0.500 0.500 0.500 20/10/1996
1.700 1.700 1.700 3.500 2.600 1.700 1.700 1.700 1.100 2.600 1.700 1.700 1.100 1.100 2.600 0.500 0.200 1.100 1.100 1.100 0.500 0.200 1.100 1.100 1.100 0.500 0.200 1.100 1.100 1.100 21/10/1996
0.100 0.100 0.100 0.100 0.100 0.100 0.100 0.100 0.100 0.100 0.100 0.100 0.100 0.100 0.100 0.200 0.000 0.100 0.100 0.100 0.200 0.000 0.100 0.100 0.100 0.200 0.000 0.100 0.100 0.100 22/10/1996
0.000 0.000 0.000 0.000 0.000 0.000 0.000 0.000 0.000 0.000 0.000 0.000 0.000 0.000 0.000 0.000 0.100 0.000 0.000 0.000 0.000 0.100 0.000 0.000 0.000 0.000 0.100 0.000 0.000 0.000 23/10/1996
0.000 0.000 0.000 0.000 0.000 0.000 0.000 0.000 0.000 0.000 0.000 0.000 0.000 0.000 0.000 0.000 0.000 0.000 0.000 0.000 0.000 0.000 0.000 0.000 0.000 0.000 0.000 0.000 0.000 0.000 24/10/1996
0.100 0.100 0.100 0.000 0.000 0.100 0.100 0.100 0.000 0.000 0.100 0.100 0.000 0.000 0.000 0.100 0.100 0.000 0.000 0.000 0.100 0.100 0.000 0.000 0.000 0.100 0.100 0.000 0.000 0.000 25/10/1996
0.000 0.000 0.000 0.100 0.000 0.000 0.000 0.000 0.200 0.000 0.000 0.000 0.200 0.200 0.000 0.000 0.000 0.200 0.200 0.200 0.000 0.000 0.200 0.200 0.200 0.000 0.000 0.200 0.200 0.200 26/10/1996
0.200 0.200 0.200 0.100 0.000 0.200 0.200 0.200 0.200 0.000 0.200 0.200 0.200 0.200 0.000 0.200 0.200 0.200 0.200 0.200 0.200 0.200 0.200 0.200 0.200 0.200 0.100 0.200 0.200 0.200 27/10/1996
5.500 5.600 5.600 7.500 8.300 5.600 5.700 5.600 7.700 8.300 5.600 5.600 7.700 7.700 8.200 4.500 5.800 7.700 7.800 7.800 4.500 5.900 7.700 7.700 7.600 4.400 5.800 7.600 7.600 7.800 28/10/1996
0.900 0.900 0.900 0.900 2.200 0.900 0.900 0.900 1.200 2.200 0.900 0.900 1.200 1.200 2.200 0.700 0.800 1.200 1.200 1.200 0.700 0.800 1.200 1.200 1.200 0.700 0.800 1.200 1.200 1.200 29/10/1996
0.100 0.100 0.100 0.000 0.000 0.100 0.100 0.100 0.000 0.000 0.100 0.100 0.000 0.000 0.000 0.100 0.200 0.000 0.000 0.000 0.100 0.200 0.000 0.000 0.000 0.100 0.200 0.000 0.000 0.000 30/10/1996
1.100 1.100 1.100 1.100 1.200 1.100 1.100 1.100 1.200 1.200 1.100 1.100 1.200 1.200 1.200 0.900 0.800 1.200 1.300 1.300 0.900 0.800 1.200 1.200 1.200 0.900 0.800 1.200 1.200 1.300 31/10/1996
1.300 1.300 1.300 1.400 2.100 1.300 1.300 1.300 1.600 2.100 1.300 1.300 1.600 1.700 2.000 0.600 0.300 1.600 1.700 1.700 0.600 0.300 1.600 1.600 1.600 0.600 0.300 1.600 1.600 1.700 01/11/1996
0.100 0.100 0.100 0.600 0.100 0.100 0.100 0.100 0.100 0.100 0.100 0.100 0.100 0.100 0.100 0.100 0.000 0.100 0.100 0.100 0.100 0.000 0.100 0.100 0.100 0.100 0.000 0.100 0.100 0.100 02/11/1996
0.000 0.000 0.000 0.000 0.000 0.000 0.000 0.000 0.000 0.000 0.000 0.000 0.000 0.000 0.000 0.000 0.000 0.000 0.000 0.000 0.000 0.000 0.000 0.000 0.000 0.000 0.000 0.000 0.000 0.000 03/11/1996
13.200 13.300 13.400 13.700 16.000 13.500 13.600 13.500 18.900 15.900 13.500 13.400 18.800 19.000 15.800 14.700 13.400 18.900 19.100 19.100 14.600 13.400 18.900 18.800 18.800 14.400 13.300 18.600 18.700 19.100 04/11/1996
0.500 0.500 0.500 0.300 1.300 0.500 0.500 0.500 1.100 1.300 0.500 0.500 1.100 1.100 1.300 1.300 1.200 1.100 1.100 1.100 1.300 1.200 1.100 1.100 1.100 1.300 1.200 1.000 1.000 1.100 05/11/1996
1.300 1.300 1.300 3.100 2.600 1.400 1.400 1.400 0.700 2.600 1.300 1.300 0.700 0.700 2.500 0.600 0.400 0.700 0.700 0.700 0.600 0.400 0.700 0.700 0.700 0.600 0.400 0.700 0.700 0.700 06/11/1996
6.200 6.300 6.300 8.000 7.400 6.400 6.400 6.400 3.600 7.400 6.300 6.300 3.600 3.600 7.300 5.500 4.500 3.600 3.700 3.600 5.400 4.500 3.600 3.600 3.600 5.400 4.500 3.600 3.600 3.700 07/11/1996
0.400 0.400 0.400 1.500 0.100 0.400 0.400 0.400 0.200 0.100 0.400 0.400 0.200 0.200 0.100 1.500 0.300 0.200 0.200 0.200 1.400 0.300 0.200 0.200 0.200 1.400 0.300 0.200 0.200 0.200 08/11/1996
0.100 0.100 0.100 0.000 0.000 0.100 0.100 0.100 0.100 0.000 0.100 0.100 0.100 0.100 0.000 0.100 0.200 0.100 0.100 0.100 0.100 0.200 0.100 0.100 0.100 0.100 0.200 0.100 0.100 0.100 09/11/1996
18.700 18.900 18.900 20.000 21.300 19.100 19.300 19.100 20.900 21.200 19.100 19.000 20.900 21.100 21.000 17.800 22.400 20.900 21.100 21.100 17.600 22.500 21.000 20.800 20.800 17.400 22.300 20.600 20.600 21.100 10/11/1996
1.600 1.600 1.600 1.600 1.500 1.600 1.600 1.600 2.000 1.500 1.600 1.600 1.900 2.000 1.500 2.300 2.500 1.900 2.000 2.000 2.300 2.500 2.000 1.900 1.900 2.300 2.500 1.900 1.900 2.000 11/11/1996
2.500 2.600 2.600 2.800 1.500 2.600 2.600 2.600 1.400 1.500 2.600 2.600 1.400 1.400 1.500 3.100 2.000 1.400 1.400 1.400 3.000 2.000 1.400 1.400 1.400 3.000 2.000 1.400 1.400 1.400 12/11/1996
0.100 0.100 0.100 0.400 0.200 0.100 0.100 0.100 0.000 0.200 0.100 0.100 0.000 0.000 0.200 0.200 0.200 0.000 0.000 0.000 0.200 0.200 0.000 0.000 0.000 0.200 0.200 0.000 0.000 0.000 13/11/1996
0.000 0.000 0.000 0.000 0.000 0.000 0.000 0.000 0.000 0.000 0.000 0.000 0.000 0.000 0.000 0.000 0.100 0.000 0.000 0.000 0.000 0.100 0.000 0.000 0.000 0.000 0.100 0.000 0.000 0.000 14/11/1996
0.100 0.100 0.100 2.200 0.100 0.100 0.100 0.100 0.200 0.100 0.100 0.100 0.200 0.200 0.100 0.000 0.000 0.200 0.200 0.200 0.000 0.000 0.200 0.200 0.200 0.000 0.000 0.100 0.100 0.200 15/11/1996
0.000 0.000 0.000 0.400 0.600 0.000 0.000 0.000 0.600 0.600 0.000 0.000 0.600 0.600 0.600 1.400 3.000 0.600 0.600 0.600 1.400 3.000 0.600 0.600 0.600 1.400 3.000 0.600 0.600 0.600 16/11/1996
1.700 1.700 1.700 1.300 6.300 1.700 1.700 1.700 6.300 6.300 1.700 1.700 6.200 6.300 6.300 2.000 4.100 6.200 6.300 6.300 2.000 4.200 6.300 6.200 6.200 2.000 4.100 6.200 6.200 6.300 17/11/1996
0.700 0.700 0.700 0.200 0.900 0.700 0.700 0.700 0.700 0.900 0.700 0.700 0.700 0.700 0.900 0.500 0.300 0.700 0.700 0.700 0.500 0.300 0.700 0.700 0.700 0.500 0.300 0.600 0.600 0.700 18/11/1996
22.500 22.700 22.800 26.200 22.600 23.000 23.200 23.000 20.800 22.500 22.900 22.900 20.800 20.900 22.300 18.800 18.700 20.800 21.000 21.000 18.600 18.700 20.900 20.700 20.700 18.300 18.600 20.500 20.600 21.000 19/11/1996
4.100 4.100 4.100 1.600 5.100 4.100 4.200 4.100 4.400 5.100 4.100 4.100 4.400 4.500 5.000 3.000 3.300 4.400 4.500 4.500 2.900 3.300 4.400 4.400 4.400 2.900 3.300 4.300 4.400 4.500 20/11/1996
12.100 12.200 12.200 11.300 14.900 12.300 12.500 12.300 19.100 14.800 12.300 12.300 19.000 19.200 14.700 15.200 21.200 19.000 19.300 19.200 15.000 21.200 19.100 19.000 18.900 14.900 21.000 18.800 18.800 19.200 21/11/1996
0.200 0.200 0.200 0.100 0.000 0.200 0.200 0.200 0.100 0.000 0.200 0.200 0.100 0.100 0.000 0.100 0.200 0.100 0.100 0.100 0.100 0.200 0.100 0.100 0.100 0.100 0.200 0.100 0.100 0.100 22/11/1996
0.000 0.000 0.000 0.500 0.200 0.000 0.000 0.000 0.000 0.200 0.000 0.000 0.000 0.000 0.200 0.000 0.100 0.000 0.000 0.000 0.000 0.100 0.000 0.000 0.000 0.000 0.100 0.000 0.000 0.000 23/11/1996
10.700 10.800 10.800 10.100 10.500 10.900 11.000 10.900 13.100 10.500 10.900 10.900 13.000 13.100 10.400 10.600 10.200 13.000 13.200 13.200 10.500 10.200 13.100 13.000 13.000 10.400 10.100 12.900 12.900 13.200 24/11/1996
11.300 11.400 11.500 14.200 20.600 11.600 11.700 11.600 15.800 20.500 11.500 11.500 15.700 15.800 20.300 15.500 14.800 15.700 15.900 15.900 15.300 14.900 15.800 15.700 15.600 15.100 14.700 15.500 15.500 15.900 25/11/1996
4.800 4.800 4.800 3.500 3.800 4.900 4.900 4.900 8.200 3.800 4.800 4.800 8.200 8.300 3.800 5.500 4.600 8.200 8.300 8.300 5.500 4.600 8.200 8.200 8.200 5.400 4.500 8.100 8.100 8.300 26/11/1996
12.500 12.600 12.600 9.600 12.900 12.700 12.800 12.700 11.200 12.800 12.700 12.700 11.100 11.300 12.700 10.000 9.700 11.200 11.300 11.300 9.900 9.800 11.200 11.100 11.100 9.700 9.700 11.000 11.000 11.300 27/11/1996
0.200 0.200 0.200 0.400 0.000 0.200 0.300 0.200 0.200 0.000 0.200 0.200 0.200 0.200 0.000 0.000 0.000 0.200 0.200 0.200 0.000 0.000 0.200 0.200 0.200 0.000 0.000 0.200 0.200 0.200 28/11/1996
7.600 7.600 7.700 8.500 16.900 7.700 7.800 7.700 9.100 16.800 7.700 7.700 9.000 9.100 16.600 7.200 8.400 9.000 9.100 9.100 7.100 8.600 9.100 9.000 9.000 7.100 8.400 8.800 8.800 9.100 29/11/1996
3.900 3.900 3.900 6.000 11.500 4.000 4.000 4.000 4.100 11.400 4.000 4.000 4.000 4.100 11.300 2.800 3.200 4.000 4.100 4.100 2.800 3.200 4.100 4.000 4.000 2.800 3.200 4.000 4.000 4.100 30/11/1996
2.600 2.600 2.600 3.500 4.700 2.700 2.700 2.700 4.000 4.700 2.700 2.700 3.900 4.000 4.600 2.200 2.500 3.900 4.000 4.000 2.200 2.500 4.000 3.900 3.900 2.200 2.500 3.900 3.900 4.000 01/12/1996
0.000 0.000 0.000 0.000 0.000 0.000 0.000 0.000 0.000 0.000 0.000 0.000 0.000 0.000 0.000 0.000 0.000 0.000 0.000 0.000 0.000 0.000 0.000 0.000 0.000 0.000 0.000 0.000 0.000 0.000 02/12/1996
3.400 3.500 3.500 2.800 0.000 3.500 3.500 3.500 0.000 0.000 3.500 3.500 0.000 0.000 0.000 2.200 0.000 0.000 0.000 0.000 2.200 0.000 0.000 0.000 0.000 2.200 0.000 0.000 0.000 0.000 03/12/1996
17.400 17.500 17.500 19.800 9.500 17.700 17.800 17.700 12.400 9.400 17.600 17.600 12.400 12.500 9.400 14.100 10.500 12.400 12.500 12.500 14.000 10.500 12.400 12.300 12.300 13.800 10.400 12.200 12.200 12.500 04/12/1996
9.400 9.500 9.500 10.100 6.900 9.600 9.700 9.600 5.000 6.900 9.600 9.600 4.900 5.000 6.900 7.500 3.500 5.000 5.000 5.000 7.400 3.500 5.000 4.900 4.900 7.300 3.500 4.900 4.900 5.000 05/12/1996
2.700 2.700 2.700 2.000 2.200 2.700 2.700 2.700 4.600 2.200 2.700 2.700 4.600 4.600 2.200 4.500 5.500 4.600 4.700 4.600 4.400 5.500 4.600 4.600 4.600 4.400 5.400 4.500 4.500 4.600 06/12/1996
0.100 0.100 0.100 0.100 0.000 0.100 0.100 0.100 0.200 0.000 0.100 0.100 0.200 0.200 0.000 0.000 0.200 0.200 0.200 0.200 0.000 0.200 0.200 0.200 0.200 0.000 0.200 0.200 0.200 0.200 07/12/1996
0.000 0.000 0.000 0.000 0.000 0.000 0.000 0.000 0.000 0.000 0.000 0.000 0.000 0.000 0.000 0.000 0.100 0.000 0.000 0.000 0.000 0.100 0.000 0.000 0.000 0.000 0.100 0.000 0.000 0.000 08/12/1996
0.000 0.000 0.000 0.000 0.500 0.000 0.000 0.000 1.200 0.500 0.000 0.000 1.200 1.200 0.500 0.000 0.400 1.200 1.200 1.200 0.000 0.400 1.200 1.200 1.100 0.000 0.400 1.100 1.100 1.200 09/12/1996
0.000 0.000 0.000 0.000 0.000 0.000 0.000 0.000 0.000 0.000 0.000 0.000 0.000 0.000 0.000 0.000 0.000 0.000 0.000 0.000 0.000 0.000 0.000 0.000 0.000 0.000 0.000 0.000 0.000 0.000 10/12/1996
2.000 2.000 2.000 1.300 2.700 2.000 2.000 2.000 6.200 2.600 2.000 2.000 6.100 6.200 2.600 3.000 4.400 6.100 6.200 6.200 2.900 4.400 6.200 6.100 6.100 2.900 4.300 6.100 6.100 6.200 11/12/1996
2.600 2.600 2.600 5.000 4.300 2.600 2.600 2.600 3.500 4.200 2.600 2.600 3.500 3.500 4.200 1.800 2.200 3.500 3.500 3.500 1.800 2.200 3.500 3.400 3.400 1.800 2.200 3.400 3.400 3.500 12/12/1996
1.900 1.900 1.900 0.300 13.300 2.000 2.000 2.000 7.400 13.200 2.000 2.000 7.400 7.400 13.100 2.500 2.800 7.400 7.500 7.500 2.500 2.800 7.400 7.300 7.300 2.400 2.800 7.300 7.300 7.500 13/12/1996
0.000 0.000 0.000 0.000 0.000 0.000 0.000 0.000 0.200 0.000 0.000 0.000 0.200 0.200 0.000 0.100 0.000 0.200 0.200 0.200 0.100 0.000 0.200 0.200 0.200 0.100 0.000 0.200 0.200 0.200 14/12/1996
0.300 0.300 0.200 0.000 0.000 0.300 0.300 0.300 0.000 0.000 0.200 0.200 0.000 0.000 0.000 0.000 0.000 0.000 0.000 0.000 0.000 0.000 0.000 0.000 0.000 0.000 0.000 0.000 0.000 0.000 15/12/1996
0.000 0.000 0.000 0.000 0.000 0.000 0.000 0.000 0.000 0.000 0.000 0.000 0.000 0.000 0.000 0.000 0.100 0.000 0.000 0.000 0.000 0.100 0.000 0.000 0.000 0.000 0.100 0.000 0.000 0.000 16/12/1996
0.000 0.000 0.000 0.000 0.000 0.000 0.000 0.000 0.000 0.000 0.000 0.000 0.000 0.000 0.000 0.000 0.100 0.000 0.000 0.000 0.000 0.100 0.000 0.000 0.000 0.000 0.100 0.000 0.000 0.000 17/12/1996
4.300 4.300 4.400 2.900 10.700 4.400 4.400 4.400 11.100 10.600 4.400 4.400 11.000 11.200 10.500 5.700 11.300 11.100 11.200 11.200 5.600 11.300 11.100 11.000 11.000 5.500 11.200 10.900 10.900 11.200 18/12/1996
1.900 1.900 1.900 1.200 3.400 1.900 1.900 1.900 2.200 3.400 1.900 1.900 2.200 2.200 3.300 2.100 2.200 2.200 2.200 2.200 2.000 2.200 2.200 2.200 2.200 2.000 2.200 2.200 2.200 2.200 19/12/1996
0.200 0.200 0.200 0.100 0.000 0.200 0.200 0.200 0.100 0.000 0.200 0.200 0.100 0.100 0.000 0.200 0.200 0.100 0.100 0.100 0.200 0.200 0.100 0.100 0.100 0.200 0.200 0.100 0.100 0.100 20/12/1996
1.100 1.100 1.100 1.500 0.100 1.100 1.100 1.100 0.400 0.100 1.100 1.100 0.400 0.400 0.100 2.100 0.700 0.400 0.400 0.400 2.100 0.700 0.400 0.400 0.400 2.100 0.700 0.400 0.400 0.400 21/12/1996
8.500 8.600 8.600 9.300 6.900 8.700 8.800 8.700 8.100 6.800 8.700 8.600 8.100 8.200 6.800 6.300 8.300 8.100 8.200 8.200 6.300 8.300 8.100 8.100 8.100 6.200 8.200 8.000 8.000 8.200 22/12/1996
0.700 0.700 0.700 1.000 1.300 0.700 0.800 0.700 2.700 1.200 0.700 0.700 2.700 2.700 1.200 0.400 1.700 2.700 2.700 2.700 0.400 1.700 2.700 2.700 2.700 0.400 1.700 2.600 2.600 2.700 23/12/1996
4.700 4.700 4.800 3.100 3.900 4.800 4.800 4.800 4.400 3.900 4.800 4.800 4.400 4.400 3.900 6.500 7.400 4.400 4.500 4.500 6.400 7.400 4.400 4.400 4.400 6.400 7.300 4.400 4.400 4.500 24/12/1996
2.600 2.600 2.600 1.000 3.400 2.600 2.700 2.600 0.900 3.400 2.700 2.700 0.900 0.900 3.300 0.700 0.500 0.900 0.900 0.900 0.700 0.500 0.900 0.900 0.900 0.700 0.500 0.900 0.900 0.900 25/12/1996
0.000 0.000 0.000 0.000 0.000 0.000 0.000 0.000 0.000 0.000 0.000 0.000 0.000 0.000 0.000 0.200 0.000 0.000 0.000 0.000 0.200 0.000 0.000 0.000 0.000 0.200 0.000 0.000 0.000 0.000 26/12/1996
0.000 0.000 0.000 0.000 0.000 0.000 0.000 0.000 0.000 0.000 0.000 0.000 0.000 0.000 0.000 0.000 0.000 0.000 0.000 0.000 0.000 0.000 0.000 0.000 0.000 0.000 0.000 0.000 0.000 0.000 27/12/1996
0.000 0.000 0.000 0.000 0.000 0.000 0.000 0.000 0.000 0.000 0.000 0.000 0.000 0.000 0.000 0.000 0.000 0.000 0.000 0.000 0.000 0.000 0.000 0.000 0.000 0.000 0.000 0.000 0.000 0.000 28/12/1996
0.000 0.000 0.000 0.000 0.000 0.000 0.000 0.000 0.000 0.000 0.000 0.000 0.000 0.000 0.000 0.000 0.000 0.000 0.000 0.000 0.000 0.000 0.000 0.000 0.000 0.000 0.000 0.000 0.000 0.000 29/12/1996
0.200 0.200 0.200 0.100 0.000 0.200 0.200 0.200 0.000 0.000 0.200 0.200 0.000 0.000 0.000 0.000 0.000 0.000 0.000 0.000 0.000 0.000 0.000 0.000 0.000 0.000 0.000 0.000 0.000 0.000 30/12/1996
0.000 0.000 0.000 0.100 0.000 0.000 0.000 0.000 0.000 0.000 0.000 0.000 0.000 0.000 0.000 0.000 0.000 0.000 0.000 0.000 0.000 0.000 0.000 0.000 0.000 0.000 0.000 0.000 0.000 0.000 31/12/1996
0.000 0.000 0.000 0.000 0.000 0.000 0.000 0.000 0.000 0.000 0.000 0.000 0.000 0.000 0.000 0.000 0.000 0.000 0.000 0.000 0.000 0.000 0.000 0.000 0.000 0.000 0.000 0.000 0.000 0.000 01/01/1997
0.000 0.000 0.000 0.000 0.400 0.000 0.000 0.000 0.100 0.400 0.000 0.000 0.100 0.100 0.300 0.000 0.000 0.100 0.100 0.100 0.000 0.000 0.100 0.000 0.000 0.000 0.000 0.000 0.000 0.100 02/01/1997
4.900 5.000 4.900 3.900 3.200 5.000 5.000 5.000 2.500 3.200 5.000 5.000 2.500 2.500 3.100 10.400 9.100 2.500 2.600 2.600 10.300 9.000 2.500 2.500 2.500 10.100 9.000 2.400 2.400 2.600 03/01/1997
4.000 4.100 4.100 8.100 8.800 4.100 4.200 4.100 6.900 8.800 4.100 4.100 6.800 6.900 8.700 0.600 2.900 6.900 6.900 6.900 0.600 2.900 6.900 6.800 6.800 0.600 2.900 6.800 6.800 6.900 04/01/1997
0.000 0.000 0.000 0.000 0.000 0.000 0.000 0.000 0.000 0.000 0.000 0.000 0.000 0.000 0.000 0.000 0.000 0.000 0.000 0.000 0.000 0.000 0.000 0.000 0.000 0.000 0.000 0.000 0.000 0.000 05/01/1997
0.000 0.000 0.000 0.000 0.000 0.000 0.000 0.000 0.000 0.000 0.000 0.000 0.000 0.000 0.000 0.000 0.000 0.000 0.000 0.000 0.000 0.000 0.000 0.000 0.000 0.000 0.000 0.000 0.000 0.000 06/01/1997
0.000 0.000 0.000 0.000 0.000 0.000 0.000 0.000 0.000 0.000 0.000 0.000 0.000 0.000 0.000 0.000 0.100 0.000 0.000 0.000 0.000 0.100 0.000 0.000 0.000 0.000 0.100 0.000 0.000 0.000 07/01/1997
2.600 2.600 2.600 0.100 0.900 2.600 2.600 2.600 1.100 0.900 2.600 2.600 1.100 1.100 0.900 0.800 1.900 1.100 1.100 1.100 0.800 1.900 1.100 1.100 1.100 0.800 1.900 1.100 1.100 1.100 08/01/1997
0.200 0.200 0.200 0.100 0.000 0.200 0.200 0.200 0.200 0.000 0.200 0.200 0.200 0.200 0.000 0.200 0.000 0.200 0.200 0.200 0.200 0.000 0.200 0.200 0.200 0.100 0.000 0.200 0.200 0.200 09/01/1997
0.000 0.000 0.000 0.000 0.000 0.000 0.000 0.000 0.000 0.000 0.000 0.000 0.000 0.000 0.000 0.000 0.000 0.000 0.000 0.000 0.000 0.000 0.000 0.000 0.000 0.000 0.000 0.000 0.000 0.000 10/01/1997
0.000 0.000 0.000 0.000 0.000 0.000 0.000 0.000 0.000 0.000 0.000 0.000 0.000 0.000 0.000 0.000 0.000 0.000 0.000 0.000 0.000 0.000 0.000 0.000 0.000 0.000 0.000 0.000 0.000 0.000 11/01/1997
0.000 0.000 0.000 0.000 0.000 0.000 0.000 0.000 0.000 0.000 0.000 0.000 0.000 0.000 0.000 0.000 0.100 0.000 0.000 0.000 0.000 0.100 0.000 0.000 0.000 0.000 0.100 0.000 0.000 0.000 12/01/1997
0.000 0.000 0.000 0.000 0.000 0.000 0.000 0.000 0.000 0.000 0.000 0.000 0.000 0.000 0.000 0.000 0.000 0.000 0.000 0.000 0.000 0.000 0.000 0.000 0.000 0.000 0.000 0.000 0.000 0.000 13/01/1997
0.000 0.000 0.000 0.000 0.000 0.000 0.000 0.000 0.100 0.000 0.000 0.000 0.100 0.100 0.000 0.000 0.100 0.100 0.100 0.100 0.000 0.100 0.100 0.100 0.100 0.000 0.100 0.100 0.100 0.100 14/01/1997
0.000 0.000 0.000 0.000 0.000 0.000 0.000 0.000 0.000 0.000 0.000 0.000 0.000 0.000 0.000 0.000 0.000 0.000 0.000 0.000 0.000 0.000 0.000 0.000 0.000 0.000 0.000 0.000 0.000 0.000 15/01/1997
0.000 0.000 0.000 0.000 0.000 0.000 0.000 0.000 0.100 0.000 0.000 0.000 0.100 0.100 0.000 0.000 0.100 0.100 0.100 0.100 0.000 0.100 0.100 0.100 0.100 0.000 0.100 0.100 0.100 0.100 16/01/1997
1.600 1.600 1.600 2.100 3.200 1.600 1.700 1.600 2.700 3.200 1.600 1.600 2.700 2.700 3.200 1.500 2.000 2.700 2.700 2.700 1.500 2.000 2.700 2.700 2.700 1.500 2.000 2.700 2.700 2.700 17/01/1997
4.600 4.700 4.700 7.000 4.600 4.700 4.800 4.700 2.900 4.600 4.700 4.700 2.900 2.900 4.600 1.400 2.000 2.900 2.900 2.900 1.400 2.000 2.900 2.900 2.900 1.400 1.900 2.900 2.900 2.900 18/01/1997
2.500 2.600 2.600 4.000 1.000 2.600 2.600 2.600 0.300 0.900 2.600 2.600 0.300 0.300 0.900 1.200 0.100 0.300 0.300 0.300 1.200 0.100 0.300 0.300 0.300 1.200 0.100 0.300 0.300 0.300 19/01/1997
0.200 0.200 0.200 0.700 0.200 0.200 0.200 0.200 0.100 0.200 0.200 0.200 0.100 0.100 0.200 0.100 0.000 0.100 0.100 0.100 0.100 0.000 0.100 0.100 0.100 0.100 0.000 0.100 0.100 0.100 20/01/1997
1.500 1.500 1.600 0.400 0.000 1.600 1.600 1.600 0.100 0.000 1.600 1.600 0.100 0.100 0.000 2.500 0.000 0.100 0.100 0.100 2.500 0.000 0.100 0.100 0.100 2.500 0.000 0.100 0.100 0.100 21/01/1997
0.200 0.200 0.200 0.900 0.700 0.200 0.200 0.200 1.300 0.700 0.200 0.200 1.300 1.300 0.700 0.400 0.400 1.300 1.300 1.300 0.400 0.400 1.300 1.300 1.300 0.400 0.400 1.300 1.300 1.300 22/01/1997
0.000 0.000 0.000 0.000 0.000 0.000 0.000 0.000 0.000 0.000 0.000 0.000 0.000 0.000 0.000 0.100 0.000 0.000 0.000 0.000 0.100 0.000 0.000 0.000 0.000 0.100 0.000 0.000 0.000 0.000 23/01/1997
20.800 20.900 21.000 11.300 4.100 21.200 21.400 21.200 9.000 4.100 21.200 21.100 8.900 9.000 4.100 2.300 4.100 9.000 9.100 9.000 2.300 4.100 9.000 8.900 8.900 2.200 4.100 8.800 8.800 9.000 24/01/1997
0.100 0.100 0.100 0.000 0.100 0.100 0.100 0.100 0.100 0.100 0.100 0.100 0.100 0.100 0.100 0.000 0.200 0.100 0.100 0.100 0.000 0.200 0.100 0.100 0.100 0.000 0.200 0.100 0.100 0.100 25/01/1997
0.000 0.000 0.000 0.000 0.000 0.000 0.000 0.000 0.000 0.000 0.000 0.000 0.000 0.000 0.000 0.000 0.000 0.000 0.000 0.000 0.000 0.000 0.000 0.000 0.000 0.000 0.000 0.000 0.000 0.000 26/01/1997
0.000 0.000 0.000 0.000 0.000 0.000 0.000 0.000 0.000 0.000 0.000 0.000 0.000 0.000 0.000 0.000 0.000 0.000 0.000 0.000 0.000 0.000 0.000 0.000 0.000 0.000 0.000 0.000 0.000 0.000 27/01/1997
0.000 0.000 0.000 0.000 0.000 0.000 0.000 0.000 0.000 0.000 0.000 0.000 0.000 0.000 0.000 0.000 0.000 0.000 0.000 0.000 0.000 0.000 0.000 0.000 0.000 0.000 0.000 0.000 0.000 0.000 28/01/1997
0.000 0.000 0.000 0.000 0.000 0.000 0.000 0.000 0.000 0.000 0.000 0.000 0.000 0.000 0.000 0.000 0.000 0.000 0.000 0.000 0.000 0.000 0.000 0.000 0.000 0.000 0.000 0.000 0.000 0.000 29/01/1997
0.000 0.000 0.000 0.000 0.000 0.000 0.000 0.000 0.100 0.000 0.000 0.000 0.100 0.100 0.000 0.000 0.000 0.100 0.100 0.100 0.000 0.000 0.100 0.100 0.100 0.000 0.000 0.100 0.100 0.100 30/01/1997
0.000 0.000 0.000 0.000 0.000 0.000 0.000 0.000 0.000 0.000 0.000 0.000 0.000 0.000 0.000 0.000 0.100 0.000 0.000 0.000 0.000 0.100 0.000 0.000 0.000 0.000 0.100 0.000 0.000 0.000 31/01/1997
0.100 0.100 0.100 0.000 0.100 0.100 0.100 0.100 0.100 0.100 0.100 0.100 0.100 0.100 0.100 0.100 0.200 0.100 0.100 0.100 0.100 0.200 0.100 0.100 0.100 0.100 0.200 0.100 0.100 0.100 01/02/1997
4.500 4.500 4.500 4.900 6.300 4.600 4.600 4.600 8.200 6.300 4.600 4.600 8.100 8.200 6.200 2.100 2.800 8.100 8.200 8.200 2.100 2.800 8.200 8.100 8.100 2.100 2.700 8.000 8.000 8.200 02/02/1997
0.000 0.000 0.000 0.000 0.100 0.000 0.000 0.000 0.000 0.100 0.000 0.000 0.000 0.000 0.100 0.000 0.200 0.000 0.000 0.000 0.000 0.200 0.000 0.000 0.000 0.000 0.100 0.000 0.000 0.000 03/02/1997
0.900 0.900 0.900 1.100 1.200 0.900 0.900 0.900 1.800 1.200 0.900 0.900 1.800 1.800 1.200 0.500 0.500 1.800 1.800 1.800 0.500 0.500 1.800 1.800 1.800 0.500 0.500 1.700 1.700 1.800 04/02/1997
1.500 1.500 1.500 2.000 3.400 1.500 1.500 1.500 1.600 3.400 1.500 1.500 1.600 1.600 3.300 1.000 0.800 1.600 1.600 1.600 1.000 0.800 1.600 1.600 1.600 1.000 0.800 1.600 1.600 1.600 05/02/1997
0.000 0.000 0.000 0.100 0.000 0.000 0.000 0.000 0.000 0.000 0.000 0.000 0.000 0.000 0.000 0.200 0.100 0.000 0.000 0.000 0.200 0.100 0.000 0.000 0.000 0.200 0.100 0.000 0.000 0.000 06/02/1997
0.000 0.000 0.000 0.100 0.000 0.000 0.000 0.000 0.000 0.000 0.000 0.000 0.000 0.000 0.000 0.000 0.000 0.000 0.000 0.000 0.000 0.000 0.000 0.000 0.000 0.000 0.000 0.000 0.000 0.000 07/02/1997
0.000 0.000 0.000 0.000 0.000 0.000 0.000 0.000 0.000 0.000 0.000 0.000 0.000 0.000 0.000 0.000 0.000 0.000 0.000 0.000 0.000 0.000 0.000 0.000 0.000 0.000 0.000 0.000 0.000 0.000 08/02/1997
0.100 0.100 0.100 0.000 0.000 0.100 0.100 0.100 0.200 0.000 0.100 0.100 0.200 0.100 0.000 0.000 0.100 0.200 0.100 0.100 0.000 0.100 0.200 0.200 0.200 0.000 0.100 0.200 0.200 0.100 09/02/1997
4.700 4.800 4.800 3.900 4.800 4.800 4.900 4.800 5.500 4.800 4.800 4.800 5.500 5.600 4.800 6.000 5.800 5.500 5.600 5.600 6.000 5.900 5.600 5.500 5.500 5.900 5.800 5.500 5.500 5.600 10/02/1997
1.200 1.200 1.200 1.300 4.000 1.200 1.200 1.200 2.600 4.000 1.200 1.200 2.600 2.600 3.900 1.500 1.900 2.600 2.600 2.600 1.500 2.000 2.600 2.600 2.600 1.500 1.900 2.600 2.600 2.600 11/02/1997
4.200 4.200 4.200 6.900 7.500 4.200 4.300 4.200 6.700 7.400 4.200 4.200 6.700 6.700 7.400 3.100 3.100 6.700 6.700 6.700 3.000 3.100 6.700 6.600 6.600 3.000 3.100 6.600 6.600 6.700 12/02/1997
11.600 11.700 11.800 18.100 12.900 11.900 12.000 11.900 11.100 12.800 11.800 11.800 11.000 11.100 12.700 12.600 8.100 11.000 11.200 11.200 12.400 8.100 11.100 11.000 11.000 12.300 8.000 10.900 10.900 11.200 13/02/1997
9.100 9.200 9.200 11.700 19.100 9.300 9.400 9.300 12.900 19.000 9.300 9.300 12.900 13.000 18.800 10.900 11.400 12.900 13.100 13.000 10.800 11.400 12.900 12.900 12.900 10.700 11.400 12.700 12.800 13.100 14/02/1997
0.000 0.000 0.000 0.000 0.000 0.000 0.000 0.000 0.100 0.000 0.000 0.000 0.100 0.100 0.000 0.000 0.100 0.100 0.100 0.100 0.000 0.100 0.100 0.100 0.100 0.000 0.100 0.100 0.100 0.100 15/02/1997
1.000 1.000 1.000 0.600 1.000 1.000 1.000 1.000 0.900 1.000 1.000 1.000 0.900 0.900 1.000 0.700 0.400 0.900 0.900 0.900 0.700 0.400 0.900 0.900 0.900 0.700 0.400 0.800 0.800 0.900 16/02/1997
1.600 1.600 1.600 1.900 1.800 1.600 1.600 1.600 1.800 1.800 1.600 1.600 1.800 1.900 1.800 1.800 2.300 1.800 1.900 1.900 1.700 2.300 1.800 1.800 1.800 1.700 2.300 1.800 1.800 1.900 17/02/1997
1.900 1.900 1.900 2.100 2.300 1.900 1.900 1.900 0.800 2.300 1.900 1.900 0.800 0.800 2.300 1.300 1.300 0.800 0.800 0.800 1.300 1.300 0.800 0.800 0.800 1.300 1.300 0.700 0.700 0.800 18/02/1997
0.300 0.300 0.300 1.300 0.900 0.300 0.300 0.300 0.300 0.900 0.300 0.300 0.300 0.300 0.900 0.200 0.300 0.300 0.300 0.300 0.200 0.300 0.300 0.300 0.300 0.200 0.300 0.300 0.300 0.300 19/02/1997
0.000 0.000 0.000 0.200 0.000 0.000 0.000 0.000 0.100 0.000 0.000 0.000 0.100 0.100 0.000 0.000 0.000 0.100 0.100 0.100 0.000 0.000 0.100 0.100 0.100 0.000 0.000 0.100 0.100 0.100 20/02/1997
0.200 0.200 0.200 0.000 0.000 0.200 0.200 0.200 0.000 0.000 0.200 0.200 0.000 0.000 0.000 0.000 0.100 0.000 0.000 0.000 0.000 0.100 0.000 0.000 0.000 0.000 0.100 0.000 0.000 0.000 21/02/1997
0.000 0.000 0.000 0.000 0.000 0.000 0.000 0.000 0.000 0.000 0.000 0.000 0.000 0.000 0.000 0.000 0.000 0.000 0.000 0.000 0.000 0.000 0.000 0.000 0.000 0.000 0.000 0.000 0.000 0.000 22/02/1997
3.200 3.200 3.200 4.500 2.900 3.300 3.300 3.300 2.700 2.900 3.200 3.200 2.700 2.700 2.900 2.000 2.600 2.700 2.800 2.800 2.000 2.600 2.700 2.700 2.700 1.900 2.600 2.700 2.700 2.800 23/02/1997
13.600 13.700 13.800 21.800 14.800 13.900 14.000 13.900 8.300 14.700 13.900 13.800 8.200 8.300 14.600 8.900 4.700 8.200 8.300 8.300 8.800 4.700 8.300 8.200 8.200 8.700 4.600 8.100 8.100 8.300 24/02/1997
8.400 8.500 8.500 11.400 6.200 8.600 8.700 8.600 4.400 6.200 8.600 8.600 4.400 4.400 6.100 4.000 1.700 4.400 4.400 4.400 4.000 1.700 4.400 4.400 4.400 3.900 1.700 4.300 4.300 4.400 25/02/1997
3.500 3.500 3.500 4.100 2.500 3.600 3.600 3.600 2.000 2.500 3.600 3.600 2.000 2.000 2.500 2.000 1.700 2.000 2.000 2.000 2.000 1.700 2.000 2.000 2.000 2.000 1.700 2.000 2.000 2.000 26/02/1997
0.000 0.000 0.000 0.000 0.000 0.000 0.000 0.000 0.000 0.000 0.000 0.000 0.000 0.000 0.000 0.000 0.200 0.000 0.000 0.000 0.000 0.200 0.000 0.000 0.000 0.000 0.200 0.000 0.000 0.000 27/02/1997
0.000 0.000 0.000 0.000 0.000 0.000 0.000 0.000 0.000 0.000 0.000 0.000 0.000 0.000 0.000 0.000 0.000 0.000 0.000 0.000 0.000 0.000 0.000 0.000 0.000 0.000 0.000 0.000 0.000 0.000 28/02/1997
0.000 0.000 0.000 0.000 0.000 0.000 0.000 0.000 0.000 0.000 0.000 0.000 0.000 0.000 0.000 0.000 0.000 0.000 0.000 0.000 0.000 0.000 0.000 0.000 0.000 0.000 0.000 0.000 0.000 0.000 01/03/1997
0.100 0.100 0.100 0.100 0.000 0.100 0.100 0.100 0.000 0.000 0.100 0.100 0.000 0.000 0.000 0.000 0.100 0.000 0.000 0.000 0.000 0.100 0.000 0.000 0.000 0.000 0.100 0.000 0.000 0.000 02/03/1997
0.000 0.000 0.000 0.000 0.000 0.000 0.000 0.000 0.000 0.000 0.000 0.000 0.000 0.000 0.000 0.000 0.100 0.000 0.000 0.000 0.000 0.100 0.000 0.000 0.000 0.000 0.100 0.000 0.000 0.000 03/03/1997
0.000 0.000 0.000 0.000 0.000 0.000 0.000 0.000 0.000 0.000 0.000 0.000 0.000 0.000 0.000 0.000 0.000 0.000 0.000 0.000 0.000 0.000 0.000 0.000 0.000 0.000 0.000 0.000 0.000 0.000 04/03/1997
0.000 0.000 0.000 0.100 0.000 0.000 0.000 0.000 0.200 0.000 0.000 0.000 0.200 0.200 0.000 0.000 0.000 0.200 0.200 0.200 0.000 0.000 0.200 0.200 0.200 0.000 0.000 0.200 0.200 0.200 05/03/1997
0.000 0.000 0.000 0.000 0.000 0.000 0.000 0.000 0.200 0.000 0.000 0.000 0.200 0.200 0.000 0.000 0.000 0.200 0.200 0.200 0.000 0.000 0.200 0.200 0.200 0.000 0.000 0.200 0.200 0.200 06/03/1997
0.000 0.000 0.000 0.000 0.000 0.000 0.000 0.000 0.000 0.000 0.000 0.000 0.000 0.000 0.000 0.000 0.200 0.000 0.000 0.000 0.000 0.200 0.000 0.000 0.000 0.000 0.200 0.000 0.000 0.000 07/03/1997
0.000 0.000 0.000 0.000 0.000 0.000 0.000 0.000 0.000 0.000 0.000 0.000 0.000 0.000 0.000 0.000 0.000 0.000 0.000 0.000 0.000 0.000 0.000 0.000 0.000 0.000 0.000 0.000 0.000 0.000 08/03/1997
0.000 0.000 0.000 0.000 0.000 0.000 0.000 0.000 0.000 0.000 0.000 0.000 0.000 0.000 0.000 0.000 0.000 0.000 0.000 0.000 0.000 0.000 0.000 0.000 0.000 0.000 0.000 0.000 0.000 0.000 09/03/1997
0.000 0.000 0.000 0.000 0.000 0.000 0.000 0.000 0.000 0.000 0.000 0.000 0.000 0.000 0.000 0.000 0.000 0.000 0.000 0.000 0.000 0.000 0.000 0.000 0.000 0.000 0.000 0.000 0.000 0.000 10/03/1997
0.000 0.000 0.000 0.000 0.000 0.000 0.000 0.000 0.100 0.000 0.000 0.000 0.100 0.100 0.000 0.000 0.000 0.100 0.100 0.100 0.000 0.000 0.100 0.100 0.100 0.000 0.000 0.100 0.100 0.100 11/03/1997
0.100 0.100 0.100 0.000 0.000 0.100 0.100 0.100 0.000 0.000 0.100 0.100 0.000 0.000 0.000 0.000 0.000 0.000 0.000 0.000 0.000 0.000 0.000 0.000 0.000 0.000 0.000 0.000 0.000 0.000 12/03/1997
0.200 0.200 0.200 0.100 0.000 0.200 0.200 0.200 0.100 0.000 0.200 0.200 0.100 0.100 0.000 0.000 0.200 0.100 0.100 0.100 0.000 0.200 0.100 0.100 0.100 0.000 0.200 0.100 0.100 0.100 13/03/1997
0.400 0.400 0.400 0.100 0.100 0.400 0.400 0.400 0.200 0.100 0.400 0.400 0.200 0.200 0.100 1.000 0.400 0.200 0.200 0.200 1.000 0.400 0.200 0.200 0.200 1.000 0.400 0.200 0.200 0.200 14/03/1997
0.000 0.000 0.000 0.000 0.000 0.000 0.000 0.000 0.000 0.000 0.000 0.000 0.000 0.000 0.000 0.800 0.300 0.000 0.000 0.000 0.800 0.300 0.000 0.000 0.000 0.800 0.300 0.000 0.000 0.000 15/03/1997
0.000 0.000 0.000 0.000 0.000 0.000 0.000 0.000 0.000 0.000 0.000 0.000 0.000 0.000 0.000 0.000 0.100 0.000 0.000 0.000 0.000 0.100 0.000 0.000 0.000 0.000 0.100 0.000 0.000 0.000 16/03/1997
0.100 0.100 0.100 0.000 0.000 0.100 0.100 0.100 0.000 0.000 0.100 0.100 0.000 0.000 0.000 0.000 0.100 0.000 0.000 0.000 0.000 0.100 0.000 0.000 0.000 0.000 0.100 0.000 0.000 0.000 17/03/1997
0.200 0.200 0.200 0.000 0.000 0.200 0.200 0.200 0.000 0.000 0.200 0.200 0.000 0.000 0.000 0.100 0.100 0.000 0.000 0.000 0.100 0.100 0.000 0.000 0.000 0.100 0.100 0.000 0.000 0.000 18/03/1997
0.000 0.000 0.000 0.200 0.100 0.000 0.000 0.000 0.200 0.100 0.000 0.000 0.200 0.200 0.100 0.200 0.300 0.200 0.200 0.200 0.200 0.300 0.200 0.200 0.200 0.200 0.300 0.200 0.200 0.200 19/03/1997
0.000 0.000 0.000 0.000 0.000 0.000 0.000 0.000 0.100 0.000 0.000 0.000 0.100 0.100 0.000 0.000 0.000 0.100 0.100 0.100 0.000 0.000 0.100 0.100 0.100 0.000 0.000 0.100 0.100 0.100 20/03/1997
0.000 0.000 0.000 0.000 0.000 0.000 0.000 0.000 0.000 0.000 0.000 0.000 0.000 0.000 0.000 0.000 0.000 0.000 0.000 0.000 0.000 0.000 0.000 0.000 0.000 0.000 0.000 0.000 0.000 0.000 21/03/1997
0.000 0.000 0.000 0.000 0.000 0.000 0.000 0.000 0.000 0.000 0.000 0.000 0.000 0.000 0.000 0.000 0.000 0.000 0.000 0.000 0.000 0.000 0.000 0.000 0.000 0.000 0.000 0.000 0.000 0.000 22/03/1997
0.000 0.000 0.000 0.000 0.000 0.000 0.000 0.000 0.000 0.000 0.000 0.000 0.000 0.000 0.000 0.100 0.500 0.000 0.000 0.000 0.100 0.500 0.000 0.000 0.000 0.100 0.500 0.000 0.000 0.000 23/03/1997
4.600 4.600 4.600 4.300 5.900 4.700 4.700 4.700 4.900 5.800 4.600 4.600 4.900 4.900 5.800 2.700 4.300 4.900 4.900 4.900 2.600 4.300 4.900 4.900 4.900 2.500 4.300 4.800 4.800 4.900 24/03/1997
0.000 0.000 0.000 0.000 0.100 0.000 0.000 0.000 0.000 0.100 0.000 0.000 0.000 0.000 0.100 0.200 0.000 0.000 0.000 0.000 0.200 0.000 0.000 0.000 0.000 0.200 0.000 0.000 0.000 0.000 25/03/1997
0.000 0.000 0.000 0.000 0.000 0.000 0.000 0.000 0.000 0.000 0.000 0.000 0.000 0.000 0.000 0.000 0.000 0.000 0.000 0.000 0.000 0.000 0.000 0.000 0.000 0.000 0.000 0.000 0.000 0.000 26/03/1997
0.100 0.100 0.100 0.000 0.000 0.100 0.100 0.100 0.000 0.000 0.100 0.100 0.000 0.000 0.000 0.100 0.000 0.000 0.000 0.000 0.100 0.000 0.000 0.000 0.000 0.100 0.000 0.000 0.000 0.000 27/03/1997
0.100 0.100 0.100 0.200 0.100 0.100 0.100 0.100 0.000 0.100 0.100 0.100 0.000 0.000 0.100 0.000 0.000 0.000 0.000 0.000 0.000 0.000 0.000 0.000 0.000 0.000 0.000 0.000 0.000 0.000 28/03/1997
0.000 0.000 0.000 0.000 0.000 0.000 0.000 0.000 0.000 0.000 0.000 0.000 0.000 0.000 0.000 0.000 0.000 0.000 0.000 0.000 0.000 0.000 0.000 0.000 0.000 0.000 0.000 0.000 0.000 0.000 29/03/1997
0.000 0.000 0.000 0.000 0.000 0.000 0.000 0.000 0.000 0.000 0.000 0.000 0.000 0.000 0.000 0.000 0.000 0.000 0.000 0.000 0.000 0.000 0.000 0.000 0.000 0.000 0.000 0.000 0.000 0.000 30/03/1997
0.000 0.000 0.000 0.000 0.000 0.000 0.000 0.000 0.000 0.000 0.000 0.000 0.000 0.000 0.000 0.000 0.000 0.000 0.000 0.000 0.000 0.000 0.000 0.000 0.000 0.000 0.000 0.000 0.000 0.000 31/03/1997
0.000 0.000 0.000 0.000 0.000 0.000 0.000 0.000 0.000 0.000 0.000 0.000 0.000 0.000 0.000 0.000 0.000 0.000 0.000 0.000 0.000 0.000 0.000 0.000 0.000 0.000 0.000 0.000 0.000 0.000 01/04/1997
0.000 0.000 0.000 0.000 0.000 0.000 0.000 0.000 0.000 0.000 0.000 0.000 0.000 0.000 0.000 0.000 0.000 0.000 0.000 0.000 0.000 0.000 0.000 0.000 0.000 0.000 0.000 0.000 0.000 0.000 02/04/1997
0.000 0.000 0.000 0.000 0.000 0.000 0.000 0.000 0.000 0.000 0.000 0.000 0.000 0.000 0.000 0.000 0.000 0.000 0.000 0.000 0.000 0.000 0.000 0.000 0.000 0.000 0.000 0.000 0.000 0.000 03/04/1997
0.000 0.000 0.000 0.000 0.000 0.000 0.000 0.000 0.000 0.000 0.000 0.000 0.000 0.000 0.000 0.000 0.000 0.000 0.000 0.000 0.000 0.000 0.000 0.000 0.000 0.000 0.000 0.000 0.000 0.000 04/04/1997
0.000 0.000 0.000 0.000 0.000 0.000 0.000 0.000 0.000 0.000 0.000 0.000 0.000 0.000 0.000 0.000 0.000 0.000 0.000 0.000 0.000 0.000 0.000 0.000 0.000 0.000 0.000 0.000 0.000 0.000 05/04/1997
0.000 0.000 0.000 0.000 0.000 0.000 0.000 0.000 0.000 0.000 0.000 0.000 0.000 0.000 0.000 0.000 0.000 0.000 0.000 0.000 0.000 0.000 0.000 0.000 0.000 0.000 0.000 0.000 0.000 0.000 06/04/1997
0.000 0.000 0.000 0.000 0.000 0.000 0.000 0.000 0.000 0.000 0.000 0.000 0.000 0.000 0.000 0.000 0.000 0.000 0.000 0.000 0.000 0.000 0.000 0.000 0.000 0.000 0.000 0.000 0.000 0.000 07/04/1997
0.000 0.000 0.000 0.000 0.000 0.000 0.000 0.000 0.000 0.000 0.000 0.000 0.000 0.000 0.000 0.000 0.000 0.000 0.000 0.000 0.000 0.000 0.000 0.000 0.000 0.000 0.000 0.000 0.000 0.000 08/04/1997
0.000 0.000 0.000 0.000 0.000 0.000 0.000 0.000 0.000 0.000 0.000 0.000 0.000 0.000 0.000 0.000 0.000 0.000 0.000 0.000 0.000 0.000 0.000 0.000 0.000 0.000 0.000 0.000 0.000 0.000 09/04/1997
0.000 0.000 0.000 0.000 0.000 0.000 0.000 0.000 0.000 0.000 0.000 0.000 0.000 0.000 0.000 0.000 0.000 0.000 0.000 0.000 0.000 0.000 0.000 0.000 0.000 0.000 0.000 0.000 0.000 0.000 10/04/1997
0.000 0.000 0.000 0.000 0.000 0.000 0.000 0.000 0.000 0.000 0.000 0.000 0.000 0.000 0.000 0.000 0.000 0.000 0.000 0.000 0.000 0.000 0.000 0.000 0.000 0.000 0.000 0.000 0.000 0.000 11/04/1997
0.000 0.000 0.000 0.000 0.000 0.000 0.000 0.000 0.000 0.000 0.000 0.000 0.000 0.000 0.000 0.000 0.000 0.000 0.000 0.000 0.000 0.000 0.000 0.000 0.000 0.000 0.000 0.000 0.000 0.000 12/04/1997
0.000 0.000 0.000 0.000 0.000 0.000 0.000 0.000 0.000 0.000 0.000 0.000 0.000 0.000 0.000 0.000 0.000 0.000 0.000 0.000 0.000 0.000 0.000 0.000 0.000 0.000 0.000 0.000 0.000 0.000 13/04/1997
0.000 0.000 0.000 0.000 0.000 0.000 0.000 0.000 0.000 0.000 0.000 0.000 0.000 0.000 0.000 0.000 0.000 0.000 0.000 0.000 0.000 0.000 0.000 0.000 0.000 0.000 0.000 0.000 0.000 0.000 14/04/1997
0.000 0.000 0.000 0.000 0.000 0.000 0.000 0.000 0.000 0.000 0.000 0.000 0.000 0.000 0.000 0.000 0.000 0.000 0.000 0.000 0.000 0.000 0.000 0.000 0.000 0.000 0.000 0.000 0.000 0.000 15/04/1997
0.000 0.000 0.000 0.000 0.000 0.000 0.000 0.000 0.000 0.000 0.000 0.000 0.000 0.000 0.000 0.000 0.000 0.000 0.000 0.000 0.000 0.000 0.000 0.000 0.000 0.000 0.000 0.000 0.000 0.000 16/04/1997
0.000 0.000 0.000 0.000 0.000 0.000 0.000 0.000 0.000 0.000 0.000 0.000 0.000 0.000 0.000 0.200 0.200 0.000 0.000 0.000 0.200 0.200 0.000 0.000 0.000 0.200 0.200 0.000 0.000 0.000 17/04/1997
0.000 0.000 0.000 0.000 0.000 0.000 0.000 0.000 0.000 0.000 0.000 0.000 0.000 0.000 0.000 0.000 0.000 0.000 0.000 0.000 0.000 0.000 0.000 0.000 0.000 0.000 0.000 0.000 0.000 0.000 18/04/1997
0.300 0.300 0.300 0.000 0.000 0.300 0.300 0.300 0.000 0.000 0.300 0.300 0.000 0.000 0.000 0.900 0.100 0.000 0.000 0.000 0.800 0.100 0.000 0.000 0.000 0.800 0.100 0.000 0.000 0.000 19/04/1997
0.000 0.000 0.000 0.000 0.000 0.000 0.000 0.000 0.000 0.000 0.000 0.000 0.000 0.000 0.000 0.000 0.000 0.000 0.000 0.000 0.000 0.000 0.000 0.000 0.000 0.000 0.000 0.000 0.000 0.000 20/04/1997
0.000 0.000 0.000 0.000 0.000 0.000 0.000 0.000 0.000 0.000 0.000 0.000 0.000 0.000 0.000 0.000 0.000 0.000 0.000 0.000 0.000 0.000 0.000 0.000 0.000 0.000 0.000 0.000 0.000 0.000 21/04/1997
0.000 0.000 0.000 0.000 0.000 0.000 0.000 0.000 0.000 0.000 0.000 0.000 0.000 0.000 0.000 0.000 0.000 0.000 0.000 0.000 0.000 0.000 0.000 0.000 0.000 0.000 0.000 0.000 0.000 0.000 22/04/1997
0.000 0.000 0.000 0.000 0.000 0.000 0.000 0.000 0.000 0.000 0.000 0.000 0.000 0.000 0.000 0.000 0.000 0.000 0.000 0.000 0.000 0.000 0.000 0.000 0.000 0.000 0.000 0.000 0.000 0.000 23/04/1997
0.000 0.000 0.000 0.000 0.000 0.000 0.000 0.000 0.000 0.000 0.000 0.000 0.000 0.000 0.000 0.000 0.000 0.000 0.000 0.000 0.000 0.000 0.000 0.000 0.000 0.000 0.000 0.000 0.000 0.000 24/04/1997
0.000 0.000 0.000 0.000 0.000 0.000 0.000 0.000 0.000 0.000 0.000 0.000 0.000 0.000 0.000 0.000 0.000 0.000 0.000 0.000 0.000 0.000 0.000 0.000 0.000 0.000 0.000 0.000 0.000 0.000 25/04/1997
10.300 10.400 10.400 11.000 5.600 10.500 10.600 10.500 3.300 5.500 10.500 10.500 3.300 3.300 5.500 3.600 3.500 3.300 3.300 3.300 3.500 3.600 3.300 3.300 3.300 3.500 3.500 3.200 3.200 3.300 26/04/1997
3.400 3.400 3.500 3.900 7.800 3.500 3.500 3.500 5.300 7.700 3.500 3.500 5.300 5.400 7.600 5.800 5.500 5.300 5.400 5.400 5.700 5.500 5.300 5.300 5.300 5.600 5.500 5.300 5.300 5.400 27/04/1997
1.400 1.400 1.400 2.400 3.300 1.400 1.400 1.400 2.900 3.300 1.400 1.400 2.900 2.900 3.300 1.800 2.100 2.900 2.900 2.900 1.800 2.100 2.900 2.900 2.900 1.800 2.100 2.900 2.900 2.900 28/04/1997
0.000 0.000 0.000 0.000 0.000 0.000 0.000 0.000 0.100 0.000 0.000 0.000 0.100 0.100 0.000 0.000 0.100 0.100 0.100 0.100 0.000 0.100 0.100 0.100 0.100 0.000 0.100 0.100 0.100 0.100 29/04/1997
0.000 0.000 0.000 0.000 0.000 0.000 0.000 0.000 0.000 0.000 0.000 0.000 0.000 0.000 0.000 0.000 0.000 0.000 0.000 0.000 0.000 0.000 0.000 0.000 0.000 0.000 0.000 0.000 0.000 0.000 30/04/1997
0.000 0.000 0.000 0.000 0.000 0.000 0.000 0.000 0.000 0.000 0.000 0.000 0.000 0.000 0.000 0.000 0.000 0.000 0.000 0.000 0.000 0.000 0.000 0.000 0.000 0.000 0.000 0.000 0.000 0.000 01/05/1997
0.000 0.000 0.000 0.000 0.000 0.000 0.000 0.000 0.000 0.000 0.000 0.000 0.000 0.000 0.000 0.000 0.000 0.000 0.000 0.000 0.000 0.000 0.000 0.000 0.000 0.000 0.000 0.000 0.000 0.000 02/05/1997
0.000 0.000 0.000 0.000 0.000 0.000 0.000 0.000 0.000 0.000 0.000 0.000 0.000 0.000 0.000 0.000 0.000 0.000 0.000 0.000 0.000 0.000 0.000 0.000 0.000 0.000 0.000 0.000 0.000 0.000 03/05/1997
19.200 19.300 19.400 20.400 17.800 19.600 19.800 19.600 25.200 17.700 19.600 19.500 25.100 25.300 17.500 13.800 15.900 25.200 25.400 25.400 13.700 15.900 25.200 25.000 25.000 13.500 15.800 24.800 24.800 25.400 04/05/1997
12.200 12.300 12.400 19.200 13.700 12.500 12.600 12.500 15.200 13.600 12.500 12.400 15.200 15.300 13.500 9.500 13.900 15.200 15.400 15.300 9.400 13.900 15.200 15.100 15.100 9.300 13.800 15.000 15.000 15.400 05/05/1997
11.100 11.200 11.300 12.700 13.700 11.300 11.500 11.300 11.600 13.600 11.300 11.300 11.600 11.700 13.500 11.900 7.300 11.600 11.700 11.700 11.800 7.300 11.600 11.500 11.500 11.700 7.200 11.400 11.400 11.700 06/05/1997
1.000 1.000 1.000 2.200 3.400 1.000 1.000 1.000 0.900 3.400 1.000 1.000 0.900 0.900 3.400 0.700 0.700 0.900 0.900 0.900 0.700 0.700 0.900 0.900 0.900 0.700 0.700 0.900 0.900 0.900 07/05/1997
18.900 19.000 19.100 17.400 14.600 19.200 19.400 19.200 13.000 14.600 19.200 19.200 12.900 13.000 14.400 15.400 10.000 12.900 13.100 13.100 15.300 10.000 13.000 12.900 12.900 15.100 9.900 12.800 12.800 13.100 08/05/1997
4.200 4.200 4.300 2.700 4.600 4.300 4.300 4.300 2.700 4.600 4.300 4.300 2.700 2.700 4.500 2.000 2.100 2.700 2.800 2.800 2.000 2.100 2.700 2.700 2.700 1.900 2.100 2.700 2.700 2.800 09/05/1997
2.600 2.600 2.700 1.900 11.900 2.700 2.700 2.700 11.100 11.800 2.700 2.700 11.100 11.200 11.700 1.500 10.800 11.100 11.200 11.200 1.500 10.800 11.100 11.000 11.000 1.500 10.800 10.900 11.000 11.200 10/05/1997
7.100 7.200 7.200 7.000 11.600 7.300 7.300 7.300 11.300 11.500 7.300 7.300 11.300 11.400 11.400 5.600 5.700 11.300 11.500 11.400 5.600 5.800 11.400 11.300 11.300 5.500 5.700 11.200 11.200 11.400 11/05/1997
0.100 0.100 0.100 0.000 0.700 0.100 0.100 0.100 1.900 0.700 0.100 0.100 1.900 1.900 0.600 0.200 0.400 1.900 1.900 1.900 0.200 0.400 1.900 1.900 1.900 0.200 0.400 1.900 1.900 1.900 12/05/1997
9.400 9.500 9.500 10.400 16.400 9.600 9.700 9.600 19.200 16.300 9.600 9.600 19.100 19.300 16.100 11.500 11.700 19.200 19.400 19.400 11.400 11.700 19.200 19.100 19.100 11.300 11.600 18.900 19.000 19.400 13/05/1997
7.300 7.400 7.400 1.700 3.300 7.500 7.600 7.500 2.900 3.300 7.500 7.500 2.900 2.900 3.300 6.900 5.100 2.900 2.900 2.900 6.800 5.100 2.900 2.900 2.900 6.700 5.100 2.900 2.900 2.900 14/05/1997
1.600 1.600 1.600 2.000 0.700 1.600 1.600 1.600 0.200 0.700 1.600 1.600 0.200 0.200 0.700 0.000 0.200 0.200 0.200 0.200 0.000 0.200 0.200 0.200 0.200 0.000 0.200 0.200 0.200 0.200 15/05/1997
7.200 7.200 7.300 1.100 0.800 7.300 7.400 7.300 4.000 0.700 7.300 7.300 3.900 4.000 0.700 14.200 13.900 3.900 4.000 4.000 14.000 14.000 4.000 3.900 3.900 13.800 13.800 3.900 3.900 4.000 16/05/1997
10.300 10.400 10.500 9.700 14.100 10.600 10.700 10.600 8.700 14.000 10.500 10.500 8.700 8.800 13.900 1.700 8.000 8.700 8.800 8.800 1.600 8.000 8.700 8.700 8.700 1.600 7.900 8.600 8.600 8.800 17/05/1997
1.200 1.200 1.200 0.400 0.000 1.200 1.200 1.200 1.400 0.000 1.200 1.200 1.400 1.400 0.000 0.800 0.300 1.400 1.500 1.500 0.800 0.300 1.400 1.400 1.400 0.800 0.300 1.400 1.400 1.500 18/05/1997
6.200 6.300 6.300 8.000 5.300 6.400 6.400 6.400 6.700 5.300 6.400 6.300 6.600 6.700 5.300 5.000 6.800 6.600 6.700 6.700 4.900 6.800 6.700 6.600 6.600 4.900 6.800 6.600 6.600 6.700 19/05/1997
3.200 3.200 3.200 2.500 1.600 3.200 3.200 3.200 0.600 1.600 3.200 3.200 0.600 0.600 1.600 0.100 0.100 0.600 0.600 0.600 0.100 0.100 0.600 0.600 0.600 0.100 0.100 0.600 0.600 0.600 20/05/1997
1.000 1.000 1.000 0.200 0.100 1.000 1.000 1.000 0.100 0.100 1.000 1.000 0.100 0.100 0.100 0.000 0.000 0.100 0.100 0.100 0.000 0.000 0.100 0.100 0.100 0.000 0.000 0.100 0.100 0.100 21/05/1997
0.100 0.100 0.100 0.000 0.000 0.100 0.100 0.100 0.000 0.000 0.100 0.100 0.000 0.000 0.000 0.000 0.000 0.000 0.000 0.000 0.000 0.000 0.000 0.000 0.000 0.000 0.000 0.000 0.000 0.000 22/05/1997
0.400 0.400 0.400 0.000 0.000 0.400 0.400 0.400 0.000 0.000 0.400 0.400 0.000 0.000 0.000 1.400 0.600 0.000 0.000 0.000 1.400 0.600 0.000 0.000 0.000 1.400 0.600 0.000 0.000 0.000 23/05/1997
2.100 2.100 2.100 3.300 2.500 2.100 2.100 2.100 3.600 2.500 2.100 2.100 3.600 3.700 2.400 2.500 2.200 3.600 3.700 3.700 2.500 2.200 3.600 3.600 3.600 2.400 2.200 3.600 3.600 3.700 24/05/1997
0.000 0.000 0.000 0.000 0.600 0.000 0.000 0.000 0.100 0.600 0.000 0.000 0.100 0.100 0.600 0.000 0.000 0.100 0.100 0.100 0.000 0.000 0.100 0.100 0.100 0.000 0.000 0.100 0.100 0.100 25/05/1997
0.000 0.000 0.000 0.000 0.000 0.000 0.000 0.000 0.000 0.000 0.000 0.000 0.000 0.000 0.000 0.000 0.000 0.000 0.000 0.000 0.000 0.000 0.000 0.000 0.000 0.000 0.000 0.000 0.000 0.000 26/05/1997
0.000 0.000 0.000 0.000 0.000 0.000 0.000 0.000 0.000 0.000 0.000 0.000 0.000 0.000 0.000 0.000 0.000 0.000 0.000 0.000 0.000 0.000 0.000 0.000 0.000 0.000 0.000 0.000 0.000 0.000 27/05/1997
0.000 0.000 0.000 0.000 0.000 0.000 0.000 0.000 0.000 0.000 0.000 0.000 0.000 0.000 0.000 0.000 0.000 0.000 0.000 0.000 0.000 0.000 0.000 0.000 0.000 0.000 0.000 0.000 0.000 0.000 28/05/1997
0.000 0.000 0.000 0.000 0.000 0.000 0.000 0.000 0.000 0.000 0.000 0.000 0.000 0.000 0.000 0.000 0.000 0.000 0.000 0.000 0.000 0.000 0.000 0.000 0.000 0.000 0.000 0.000 0.000 0.000 29/05/1997
0.000 0.000 0.000 0.000 0.000 0.000 0.000 0.000 0.000 0.000 0.000 0.000 0.000 0.000 0.000 0.000 0.100 0.000 0.000 0.000 0.000 0.100 0.000 0.000 0.000 0.000 0.100 0.000 0.000 0.000 30/05/1997
0.000 0.000 0.000 5.500 4.500 0.000 0.000 0.000 1.400 4.500 0.000 0.000 1.400 1.500 4.400 0.000 4.800 1.400 1.500 1.500 0.000 4.800 1.400 1.400 1.400 0.000 4.700 1.400 1.400 1.500 31/05/1997
0.600 0.600 0.600 3.800 1.100 0.600 0.600 0.600 1.600 1.100 0.600 0.600 1.600 1.600 1.100 0.900 1.000 1.600 1.600 1.600 0.900 1.000 1.600 1.600 1.600 0.900 1.000 1.600 1.600 1.600 01/06/1997
0.100 0.100 0.100 0.000 1.800 0.100 0.100 0.100 1.300 1.800 0.100 0.100 1.300 1.300 1.800 0.200 0.600 1.300 1.300 1.300 0.200 0.600 1.300 1.300 1.300 0.200 0.600 1.300 1.300 1.300 02/06/1997
0.000 0.000 0.000 0.000 0.000 0.000 0.000 0.000 0.000 0.000 0.000 0.000 0.000 0.000 0.000 0.000 0.000 0.000 0.000 0.000 0.000 0.000 0.000 0.000 0.000 0.000 0.000 0.000 0.000 0.000 03/06/1997
0.000 0.000 0.000 0.100 0.000 0.000 0.000 0.000 0.300 0.000 0.000 0.000 0.300 0.300 0.000 0.800 0.400 0.300 0.300 0.300 0.800 0.500 0.300 0.300 0.300 0.800 0.400 0.300 0.300 0.300 04/06/1997
0.000 0.000 0.000 0.900 0.300 0.000 0.000 0.000 0.000 0.300 0.000 0.000 0.000 0.000 0.300 0.000 0.000 0.000 0.000 0.000 0.000 0.000 0.000 0.000 0.000 0.000 0.000 0.000 0.000 0.000 05/06/1997
0.200 0.200 0.200 0.400 0.100 0.200 0.200 0.200 0.100 0.100 0.200 0.200 0.100 0.100 0.100 0.000 0.000 0.100 0.100 0.100 0.000 0.000 0.100 0.100 0.100 0.000 0.000 0.100 0.100 0.100 06/06/1997
0.000 0.000 0.000 0.500 8.700 0.000 0.000 0.000 5.400 8.600 0.000 0.000 5.400 5.400 8.600 0.200 2.800 5.400 5.400 5.400 0.200 2.800 5.400 5.400 5.400 0.200 2.800 5.300 5.300 5.400 07/06/1997
2.900 2.900 2.900 6.700 0.000 2.900 3.000 2.900 0.100 0.000 2.900 2.900 0.100 0.100 0.000 3.200 0.100 0.100 0.100 0.100 3.200 0.100 0.100 0.100 0.100 3.200 0.100 0.100 0.100 0.100 08/06/1997
0.000 0.000 0.000 0.000 0.000 0.000 0.000 0.000 0.000 0.000 0.000 0.000 0.000 0.000 0.000 0.000 0.000 0.000 0.000 0.000 0.000 0.000 0.000 0.000 0.000 0.000 0.000 0.000 0.000 0.000 09/06/1997
6.200 6.200 6.200 0.900 1.100 6.300 6.300 6.300 1.600 1.000 6.300 6.300 1.600 1.600 1.000 7.000 1.700 1.600 1.600 1.600 7.000 1.700 1.600 1.600 1.600 6.900 1.700 1.500 1.500 1.600 10/06/1997
0.000 0.000 0.000 0.000 0.000 0.000 0.000 0.000 0.200 0.000 0.000 0.000 0.200 0.200 0.000 0.000 0.000 0.200 0.200 0.200 0.000 0.000 0.200 0.200 0.200 0.000 0.000 0.200 0.200 0.200 11/06/1997
0.200 0.200 0.200 0.200 0.000 0.200 0.200 0.200 0.000 0.000 0.200 0.200 0.000 0.000 0.000 0.000 0.000 0.000 0.000 0.000 0.000 0.000 0.000 0.000 0.000 0.000 0.000 0.000 0.000 0.000 12/06/1997
1.500 1.500 1.500 5.200 5.000 1.500 1.500 1.500 3.600 5.000 1.500 1.500 3.600 3.600 4.900 2.200 5.700 3.600 3.600 3.600 2.200 5.700 3.600 3.500 3.500 2.200 5.700 3.500 3.500 3.600 13/06/1997
0.000 0.000 0.000 0.200 0.800 0.000 0.000 0.000 0.500 0.800 0.000 0.000 0.500 0.500 0.700 0.200 0.300 0.500 0.500 0.500 0.200 0.300 0.500 0.500 0.500 0.200 0.300 0.500 0.500 0.500 14/06/1997
0.000 0.000 0.000 0.000 0.100 0.000 0.000 0.000 0.000 0.100 0.000 0.000 0.000 0.000 0.100 0.000 0.100 0.000 0.000 0.000 0.000 0.100 0.000 0.000 0.000 0.000 0.100 0.000 0.000 0.000 15/06/1997
4.400 4.400 4.400 5.400 8.800 4.400 4.500 4.400 4.600 8.800 4.400 4.400 4.600 4.700 8.700 2.800 5.700 4.600 4.700 4.700 2.800 5.700 4.600 4.600 4.600 2.800 5.700 4.600 4.600 4.700 16/06/1997
1.500 1.500 1.500 2.400 0.300 1.500 1.500 1.500 0.100 0.300 1.500 1.500 0.100 0.100 0.300 0.600 0.200 0.100 0.100 0.100 0.600 0.200 0.100 0.100 0.100 0.600 0.200 0.100 0.100 0.100 17/06/1997
0.000 0.000 0.000 0.000 0.400 0.000 0.000 0.000 0.000 0.400 0.000 0.000 0.000 0.000 0.400 0.000 0.000 0.000 0.000 0.000 0.000 0.000 0.000 0.000 0.000 0.000 0.000 0.000 0.000 0.000 18/06/1997
3.600 3.600 3.600 2.300 2.800 3.700 3.700 3.700 1.600 2.700 3.700 3.700 1.600 1.600 2.700 3.300 2.100 1.600 1.600 1.600 3.200 2.100 1.600 1.600 1.600 3.200 2.100 1.500 1.500 1.600 19/06/1997
7.100 7.200 7.200 9.000 9.600 7.300 7.400 7.300 7.400 9.600 7.300 7.300 7.300 7.400 9.500 6.100 6.500 7.400 7.400 7.400 6.000 6.600 7.400 7.300 7.300 5.900 6.500 7.200 7.300 7.400 20/06/1997
8.800 8.900 8.900 12.900 8.400 9.000 9.100 9.000 6.000 8.400 9.000 9.000 6.000 6.000 8.300 6.400 4.200 6.000 6.000 6.000 6.300 4.200 6.000 5.900 5.900 6.300 4.200 5.900 5.900 6.000 21/06/1997
3.200 3.200 3.200 7.000 6.400 3.300 3.300 3.300 4.400 6.400 3.300 3.300 4.400 4.500 6.300 6.000 6.100 4.400 4.500 4.500 6.000 6.100 4.400 4.400 4.400 5.900 6.100 4.400 4.400 4.500 22/06/1997
3.000 3.000 3.000 5.000 1.800 3.000 3.100 3.000 2.000 1.800 3.000 3.000 2.000 2.000 1.800 2.700 2.500 2.000 2.000 2.000 2.700 2.500 2.000 2.000 2.000 2.600 2.500 2.000 2.000 2.000 23/06/1997
0.000 0.000 0.000 0.000 0.000 0.000 0.000 0.000 0.200 0.000 0.000 0.000 0.200 0.200 0.000 0.100 0.100 0.200 0.200 0.200 0.100 0.100 0.200 0.200 0.200 0.100 0.100 0.200 0.200 0.200 24/06/1997
5.900 6.000 6.000 5.400 5.500 6.000 6.100 6.000 4.700 5.400 6.000 6.000 4.700 4.700 5.400 5.500 3.500 4.700 4.800 4.700 5.400 3.500 4.700 4.700 4.700 5.400 3.400 4.600 4.600 4.800 25/06/1997
8.400 8.500 8.500 12.700 15.900 8.600 8.600 8.600 14.200 15.800 8.500 8.500 14.100 14.300 15.700 16.700 10.800 14.200 14.300 14.300 16.500 10.800 14.200 14.100 14.100 16.300 10.700 13.900 14.000 14.300 26/06/1997
6.300 6.300 6.400 4.500 6.300 6.400 6.500 6.400 2.700 6.300 6.400 6.400 2.700 2.700 6.200 7.600 2.500 2.700 2.700 2.700 7.600 2.500 2.700 2.700 2.700 7.500 2.400 2.600 2.600 2.700 27/06/1997
6.000 6.100 6.100 5.000 7.200 6.100 6.200 6.100 9.500 7.100 6.100 6.100 9.500 9.600 7.100 5.200 6.800 9.500 9.600 9.600 5.100 6.800 9.600 9.500 9.500 5.100 6.800 9.400 9.400 9.600 28/06/1997
24.200 24.400 24.500 22.800 11.800 24.700 24.900 24.700 20.200 11.700 24.600 24.600 20.100 20.300 11.600 25.400 28.200 20.200 20.400 20.400 25.100 28.200 20.200 20.100 20.100 24.800 28.000 19.900 19.900 20.400 29/06/1997
12.200 12.300 12.300 23.900 10.200 12.400 12.600 12.400 5.000 10.200 12.400 12.400 4.900 5.000 10.100 8.700 9.200 5.000 5.000 5.000 8.700 9.300 5.000 4.900 4.900 8.600 9.200 4.900 4.900 5.000 30/06/1997
15.700 15.800 15.900 18.800 18.000 16.000 16.100 16.000 19.300 17.900 16.000 15.900 19.200 19.400 17.700 14.700 25.600 19.300 19.500 19.500 14.600 25.600 19.300 19.200 19.200 14.400 25.400 19.000 19.000 19.500 01/07/1997
6.400 6.400 6.400 7.000 15.200 6.500 6.500 6.500 9.900 15.100 6.500 6.400 9.900 10.000 15.000 7.000 8.900 9.900 10.000 10.000 6.900 8.900 9.900 9.900 9.900 6.800 8.900 9.800 9.800 10.000 02/07/1997
2.300 2.300 2.300 1.800 1.900 2.400 2.400 2.400 2.200 1.900 2.400 2.400 2.200 2.200 1.900 1.800 0.100 2.200 2.200 2.200 1.800 0.100 2.200 2.200 2.200 1.700 0.100 2.200 2.200 2.200 03/07/1997
8.300 8.400 8.400 8.600 7.000 8.500 8.600 8.500 7.100 7.000 8.500 8.400 7.100 7.200 6.900 4.200 6.500 7.100 7.200 7.200 4.200 6.500 7.100 7.100 7.100 4.100 6.400 7.000 7.000 7.200 04/07/1997
0.100 0.100 0.100 0.000 0.200 0.100 0.100 0.100 0.700 0.200 0.100 0.100 0.700 0.700 0.200 0.200 2.100 0.700 0.700 0.700 0.200 2.100 0.700 0.700 0.700 0.200 2.100 0.700 0.700 0.700 05/07/1997
0.000 0.000 0.000 0.000 0.000 0.000 0.000 0.000 0.000 0.000 0.000 0.000 0.000 0.000 0.000 0.000 0.000 0.000 0.000 0.000 0.000 0.000 0.000 0.000 0.000 0.000 0.000 0.000 0.000 0.000 06/07/1997
0.000 0.000 0.000 0.000 0.000 0.000 0.000 0.000 0.000 0.000 0.000 0.000 0.000 0.000 0.000 0.000 0.000 0.000 0.000 0.000 0.000 0.000 0.000 0.000 0.000 0.000 0.000 0.000 0.000 0.000 07/07/1997
0.000 0.000 0.000 0.000 0.000 0.000 0.000 0.000 0.000 0.000 0.000 0.000 0.000 0.000 0.000 0.000 0.000 0.000 0.000 0.000 0.000 0.000 0.000 0.000 0.000 0.000 0.000 0.000 0.000 0.000 08/07/1997
0.000 0.000 0.000 0.000 0.000 0.000 0.000 0.000 0.000 0.000 0.000 0.000 0.000 0.000 0.000 0.000 0.000 0.000 0.000 0.000 0.000 0.000 0.000 0.000 0.000 0.000 0.000 0.000 0.000 0.000 09/07/1997
0.300 0.400 0.400 2.000 2.800 0.400 0.400 0.400 5.700 2.800 0.400 0.400 5.700 5.800 2.800 11.200 2.100 5.700 5.800 5.800 11.100 2.100 5.700 5.700 5.700 11.000 2.100 5.600 5.600 5.800 10/07/1997
0.000 0.000 0.000 0.100 0.100 0.000 0.000 0.000 0.000 0.100 0.000 0.000 0.000 0.000 0.100 0.000 0.000 0.000 0.000 0.000 0.000 0.000 0.000 0.000 0.000 0.000 0.000 0.000 0.000 0.000 11/07/1997
0.000 0.000 0.000 0.000 0.000 0.000 0.000 0.000 0.000 0.000 0.000 0.000 0.000 0.000 0.000 0.000 0.000 0.000 0.000 0.000 0.000 0.000 0.000 0.000 0.000 0.000 0.000 0.000 0.000 0.000 12/07/1997
0.000 0.000 0.000 0.000 0.800 0.000 0.000 0.000 1.200 0.800 0.000 0.000 1.200 1.200 0.800 0.200 1.000 1.200 1.200 1.200 0.200 1.000 1.200 1.200 1.200 0.200 1.000 1.100 1.100 1.200 13/07/1997
0.000 0.000 0.000 0.000 0.000 0.000 0.000 0.000 0.000 0.000 0.000 0.000 0.000 0.000 0.000 0.000 0.000 0.000 0.000 0.000 0.000 0.000 0.000 0.000 0.000 0.000 0.000 0.000 0.000 0.000 14/07/1997
0.000 0.000 0.000 0.000 0.000 0.000 0.000 0.000 0.000 0.000 0.000 0.000 0.000 0.000 0.000 0.000 0.000 0.000 0.000 0.000 0.000 0.000 0.000 0.000 0.000 0.000 0.000 0.000 0.000 0.000 15/07/1997
0.000 0.000 0.000 0.000 0.000 0.000 0.000 0.000 0.000 0.000 0.000 0.000 0.000 0.000 0.000 0.000 0.200 0.000 0.000 0.000 0.000 0.200 0.000 0.000 0.000 0.000 0.200 0.000 0.000 0.000 16/07/1997
0.000 0.000 0.000 0.000 0.000 0.000 0.000 0.000 0.000 0.000 0.000 0.000 0.000 0.000 0.000 0.000 0.000 0.000 0.000 0.000 0.000 0.000 0.000 0.000 0.000 0.000 0.000 0.000 0.000 0.000 17/07/1997
0.000 0.000 0.000 0.000 0.000 0.000 0.000 0.000 0.000 0.000 0.000 0.000 0.000 0.000 0.000 0.000 0.000 0.000 0.000 0.000 0.000 0.000 0.000 0.000 0.000 0.000 0.000 0.000 0.000 0.000 18/07/1997
0.100 0.100 0.100 0.000 0.000 0.100 0.100 0.100 0.000 0.000 0.100 0.100 0.000 0.000 0.000 0.000 0.100 0.000 0.000 0.000 0.000 0.100 0.000 0.000 0.000 0.000 0.100 0.000 0.000 0.000 19/07/1997
0.000 0.000 0.000 0.000 0.000 0.000 0.000 0.000 0.000 0.000 0.000 0.000 0.000 0.000 0.000 0.000 0.000 0.000 0.000 0.000 0.000 0.000 0.000 0.000 0.000 0.000 0.000 0.000 0.000 0.000 20/07/1997
0.000 0.000 0.000 0.000 0.000 0.000 0.000 0.000 0.000 0.000 0.000 0.000 0.000 0.000 0.000 0.000 0.000 0.000 0.000 0.000 0.000 0.000 0.000 0.000 0.000 0.000 0.000 0.000 0.000 0.000 21/07/1997
0.600 0.600 0.600 0.000 0.000 0.600 0.600 0.600 0.000 0.000 0.600 0.600 0.000 0.000 0.000 0.000 0.000 0.000 0.000 0.000 0.000 0.000 0.000 0.000 0.000 0.000 0.000 0.000 0.000 0.000 22/07/1997
3.300 3.300 3.400 1.100 0.700 3.400 3.400 3.400 0.100 0.700 3.400 3.400 0.100 0.100 0.700 0.000 0.000 0.100 0.100 0.100 0.000 0.000 0.100 0.100 0.100 0.000 0.000 0.100 0.100 0.100 23/07/1997
0.600 0.600 0.600 1.200 0.600 0.600 0.600 0.600 0.100 0.600 0.600 0.600 0.100 0.100 0.600 0.400 0.200 0.100 0.100 0.100 0.400 0.200 0.100 0.100 0.100 0.400 0.200 0.100 0.100 0.100 24/07/1997
1.800 1.800 1.800 2.700 5.100 1.800 1.900 1.800 2.100 5.000 1.800 1.800 2.100 2.100 5.000 1.500 3.000 2.100 2.100 2.100 1.500 3.000 2.100 2.100 2.100 1.500 3.000 2.000 2.000 2.100 25/07/1997
0.300 0.300 0.300 0.100 0.100 0.300 0.300 0.300 0.000 0.100 0.300 0.300 0.000 0.000 0.100 0.000 0.000 0.000 0.000 0.000 0.000 0.000 0.000 0.000 0.000 0.000 0.000 0.000 0.000 0.000 26/07/1997
0.000 0.000 0.000 0.000 0.000 0.000 0.000 0.000 0.000 0.000 0.000 0.000 0.000 0.000 0.000 0.000 0.100 0.000 0.000 0.000 0.000 0.100 0.000 0.000 0.000 0.000 0.100 0.000 0.000 0.000 27/07/1997
0.000 0.000 0.000 0.000 0.000 0.000 0.000 0.000 0.000 0.000 0.000 0.000 0.000 0.000 0.000 0.000 0.000 0.000 0.000 0.000 0.000 0.000 0.000 0.000 0.000 0.000 0.000 0.000 0.000 0.000 28/07/1997
0.000 0.000 0.000 0.000 0.000 0.000 0.000 0.000 0.000 0.000 0.000 0.000 0.000 0.000 0.000 0.000 0.000 0.000 0.000 0.000 0.000 0.000 0.000 0.000 0.000 0.000 0.000 0.000 0.000 0.000 29/07/1997
0.000 0.000 0.000 0.000 0.000 0.000 0.000 0.000 0.000 0.000 0.000 0.000 0.000 0.000 0.000 0.000 0.000 0.000 0.000 0.000 0.000 0.000 0.000 0.000 0.000 0.000 0.000 0.000 0.000 0.000 30/07/1997
0.000 0.000 0.000 0.000 0.000 0.000 0.000 0.000 0.000 0.000 0.000 0.000 0.000 0.000 0.000 0.000 0.000 0.000 0.000 0.000 0.000 0.000 0.000 0.000 0.000 0.000 0.000 0.000 0.000 0.000 31/07/1997
