# 6448 6449 6450 6451 6452 6528 6529 6530 6531 6532 6610 6611 6612 6613 6614 6693 6694 6695 6696 6697 6776 6777 6778 6779 6780 6859 6860 6861 6862 6863 Date
0.400 0.400 0.400 2.700 4.400 0.400 0.400 0.400 0.900 4.400 0.400 0.400 0.900 0.900 4.400 1.700 0.800 0.900 0.900 0.900 1.700 0.800 0.900 0.900 0.900 1.700 0.800 0.900 0.900 0.900 01/08/1960
0.000 0.000 0.000 0.000 0.200 0.000 0.000 0.000 0.000 0.200 0.000 0.000 0.000 0.000 0.200 0.000 0.000 0.000 0.000 0.000 0.000 0.000 0.000 0.000 0.000 0.000 0.000 0.000 0.000 0.000 02/08/1960
0.000 0.000 0.000 0.000 0.000 0.000 0.000 0.000 3.700 0.000 0.000 0.000 3.700 3.700 0.000 0.000 0.000 3.700 3.800 3.800 0.000 0.000 3.700 3.700 3.700 0.000 0.000 3.600 3.600 3.800 03/08/1960
40.000 40.200 40.400 21.600 39.500 40.700 41.200 40.700 50.700 39.300 40.700 40.600 50.500 51.000 39.000 25.800 46.400 50.600 51.200 51.200 25.600 46.600 50.800 50.400 50.300 25.300 46.200 49.800 49.900 51.200 04/08/1960
2.500 2.500 2.500 1.200 5.500 2.500 2.500 2.500 1.200 5.400 2.500 2.500 1.200 1.200 5.400 1.000 1.200 1.200 1.200 1.200 1.000 1.200 1.200 1.200 1.200 1.000 1.200 1.100 1.100 1.200 05/08/1960
5.100 5.200 5.200 3.400 1.500 5.200 5.300 5.200 0.500 1.500 5.200 5.200 0.500 0.500 1.500 9.800 0.000 0.500 0.500 0.500 9.800 0.000 0.500 0.500 0.500 9.700 0.000 0.500 0.500 0.500 06/08/1960
1.300 1.400 1.400 16.600 7.500 1.400 1.400 1.400 3.200 7.500 1.400 1.400 3.200 3.200 7.400 1.100 6.100 3.200 3.300 3.300 1.100 6.100 3.200 3.200 3.200 1.100 6.100 3.200 3.200 3.300 07/08/1960
8.100 8.200 8.200 3.200 8.000 8.300 8.400 8.300 1.900 8.000 8.300 8.300 1.900 1.900 7.900 5.100 0.100 1.900 1.900 1.900 5.000 0.100 1.900 1.900 1.900 5.000 0.100 1.800 1.800 1.900 08/08/1960
1.300 1.300 1.300 1.200 3.400 1.300 1.300 1.300 1.600 3.400 1.300 1.300 1.500 1.600 3.300 2.300 0.000 1.600 1.600 1.600 2.200 0.000 1.600 1.500 1.500 2.200 0.000 1.500 1.500 1.600 09/08/1960
0.000 0.000 0.000 0.200 7.400 0.000 0.000 0.000 2.500 7.400 0.000 0.000 2.500 2.500 7.300 0.000 3.700 2.500 2.600 2.500 0.000 3.700 2.500 2.500 2.500 0.000 3.700 2.500 2.500 2.500 10/08/1960
7.100 7.200 7.200 11.600 3.800 7.300 7.300 7.300 7.400 3.800 7.300 7.200 7.400 7.500 3.700 11.900 0.000 7.400 7.500 7.500 11.800 0.000 7.400 7.400 7.400 11.700 0.000 7.300 7.300 7.500 11/08/1960
0.000 0.000 0.000 0.200 2.900 0.000 0.000 0.000 1.100 2.900 0.000 0.000 1.100 1.100 2.800 0.200 0.000 1.100 1.100 1.100 0.200 0.000 1.100 1.100 1.100 0.200 0.000 1.100 1.100 1.100 12/08/1960
6.900 6.900 7.000 6.200 5.200 7.000 7.100 7.000 3.800 5.200 7.000 7.000 3.800 3.800 5.200 0.800 3.200 3.800 3.800 3.800 0.800 3.200 3.800 3.800 3.800 0.800 3.200 3.800 3.800 3.800 13/08/1960
0.400 0.400 0.400 0.300 0.200 0.400 0.400 0.400 0.000 0.200 0.400 0.400 0.000 0.000 0.200 0.000 0.000 0.000 0.000 0.000 0.000 0.000 0.000 0.000 0.000 0.000 0.000 0.000 0.000 0.000 14/08/1960
0.000 0.000 0.000 0.000 0.000 0.000 0.000 0.000 0.000 0.000 0.000 0.000 0.000 0.000 0.000 2.700 0.000 0.000 0.000 0.000 2.600 0.000 0.000 0.000 0.000 2.600 0.000 0.000 0.000 0.000 15/08/1960
0.000 0.000 0.000 0.200 0.000 0.000 0.000 0.000 0.500 0.000 0.000 0.000 0.500 0.500 0.000 0.000 0.000 0.500 0.500 0.500 0.000 0.000 0.500 0.500 0.500 0.000 0.000 0.500 0.500 0.500 16/08/1960
0.100 0.100 0.100 0.100 22.300 0.100 0.100 0.100 7.500 22.200 0.100 0.100 7.500 7.600 22.000 0.000 16.800 7.500 7.600 7.600 0.000 16.800 7.500 7.500 7.500 0.000 16.700 7.400 7.400 7.600 17/08/1960
14.500 14.600 14.700 19.000 22.900 14.800 14.900 14.800 3.700 22.800 14.800 14.700 3.700 3.800 22.600 8.500 8.900 3.700 3.900 3.800 8.400 8.900 3.700 3.600 3.600 8.300 8.800 3.500 3.500 3.900 18/08/1960
0.000 0.000 0.000 0.000 0.000 0.000 0.000 0.000 0.000 0.000 0.000 0.000 0.000 0.000 0.000 0.000 0.000 0.000 0.000 0.000 0.000 0.000 0.000 0.000 0.000 0.000 0.000 0.000 0.000 0.000 19/08/1960
0.000 0.000 0.000 0.000 0.000 0.000 0.000 0.000 0.000 0.000 0.000 0.000 0.000 0.000 0.000 0.000 0.000 0.000 0.000 0.000 0.000 0.000 0.000 0.000 0.000 0.000 0.000 0.000 0.000 0.000 20/08/1960
0.000 0.000 0.000 0.000 0.000 0.000 0.000 0.000 0.000 0.000 0.000 0.000 0.000 0.000 0.000 0.000 0.000 0.000 0.000 0.000 0.000 0.000 0.000 0.000 0.000 0.000 0.000 0.000 0.000 0.000 21/08/1960
0.000 0.000 0.000 0.000 0.000 0.000 0.000 0.000 0.000 0.000 0.000 0.000 0.000 0.000 0.000 0.000 0.000 0.000 0.000 0.000 0.000 0.000 0.000 0.000 0.000 0.000 0.000 0.000 0.000 0.000 22/08/1960
0.000 0.000 0.000 0.000 0.000 0.000 0.000 0.000 0.000 0.000 0.000 0.000 0.000 0.000 0.000 0.000 0.000 0.000 0.000 0.000 0.000 0.000 0.000 0.000 0.000 0.000 0.000 0.000 0.000 0.000 23/08/1960
0.000 0.000 0.000 0.400 0.000 0.000 0.000 0.000 1.700 0.000 0.000 0.000 1.700 1.700 0.000 0.000 0.000 1.700 1.800 1.800 0.000 0.000 1.700 1.700 1.700 0.000 0.000 1.700 1.700 1.800 24/08/1960
11.300 11.400 11.400 16.700 28.900 11.500 11.700 11.500 22.400 28.800 11.500 11.500 22.200 22.500 28.500 11.200 26.600 22.300 22.600 22.600 11.100 26.600 22.400 22.200 22.200 11.000 26.400 21.900 22.000 22.600 25/08/1960
0.000 0.000 0.000 0.100 7.900 0.000 0.000 0.000 3.300 7.800 0.000 0.000 3.300 3.300 7.800 0.300 0.000 3.300 3.300 3.300 0.300 0.000 3.300 3.300 3.300 0.300 0.000 3.200 3.300 3.300 26/08/1960
0.100 0.100 0.100 0.000 8.800 0.100 0.100 0.100 1.900 8.700 0.100 0.100 1.900 1.900 8.700 0.000 2.100 1.900 1.900 1.900 0.000 2.100 1.900 1.900 1.900 0.000 2.100 1.900 1.900 1.900 27/08/1960
0.600 0.700 0.700 0.000 0.000 0.700 0.700 0.700 0.300 0.000 0.700 0.700 0.300 0.300 0.000 0.000 0.000 0.300 0.300 0.300 0.000 0.000 0.300 0.300 0.300 0.000 0.000 0.300 0.300 0.300 28/08/1960
0.400 0.400 0.400 1.400 0.300 0.400 0.400 0.400 0.300 0.300 0.400 0.400 0.300 0.300 0.300 1.000 0.500 0.300 0.300 0.300 1.000 0.500 0.300 0.300 0.300 1.000 0.500 0.300 0.300 0.300 29/08/1960
0.000 0.000 0.000 0.000 1.200 0.000 0.000 0.000 0.800 1.200 0.000 0.000 0.800 0.800 1.200 0.000 1.700 0.800 0.800 0.800 0.000 1.700 0.800 0.800 0.800 0.000 1.600 0.800 0.800 0.800 30/08/1960
0.000 0.000 0.000 0.000 0.000 0.000 0.000 0.000 0.000 0.000 0.000 0.000 0.000 0.000 0.000 0.000 0.000 0.000 0.000 0.000 0.000 0.000 0.000 0.000 0.000 0.000 0.000 0.000 0.000 0.000 31/08/1960
0.000 0.000 0.000 0.000 0.000 0.000 0.000 0.000 0.000 0.000 0.000 0.000 0.000 0.000 0.000 0.000 0.000 0.000 0.000 0.000 0.000 0.000 0.000 0.000 0.000 0.000 0.000 0.000 0.000 0.000 01/09/1960
0.000 0.000 0.000 0.000 0.000 0.000 0.000 0.000 0.500 0.000 0.000 0.000 0.500 0.500 0.000 0.000 1.000 0.500 0.500 0.500 0.000 1.000 0.500 0.500 0.500 0.000 1.000 0.500 0.500 0.500 02/09/1960
3.200 3.200 3.200 2.500 3.900 3.200 3.200 3.200 1.400 3.900 3.200 3.200 1.300 1.400 3.900 0.000 8.700 1.400 1.400 1.400 0.000 8.800 1.400 1.300 1.300 0.000 8.700 1.300 1.300 1.400 03/09/1960
6.300 6.300 6.400 8.400 3.700 6.400 6.500 6.400 8.700 3.700 6.400 6.400 8.600 8.700 3.700 12.900 5.100 8.700 8.700 8.700 12.800 5.100 8.700 8.600 8.600 12.600 5.000 8.500 8.600 8.700 04/09/1960
0.200 0.300 0.300 0.200 0.900 0.300 0.300 0.300 0.100 0.900 0.300 0.300 0.100 0.100 0.900 0.000 0.100 0.100 0.100 0.100 0.000 0.100 0.100 0.100 0.100 0.000 0.100 0.100 0.100 0.100 05/09/1960
3.100 3.200 3.200 4.100 3.600 3.200 3.200 3.200 1.600 3.600 3.200 3.200 1.600 1.600 3.600 4.600 11.800 1.600 1.600 1.600 4.500 11.800 1.600 1.600 1.500 4.500 11.700 1.500 1.500 1.600 06/09/1960
14.600 14.700 14.800 4.400 22.300 14.900 15.000 14.900 13.100 22.200 14.900 14.800 13.000 13.200 22.000 9.500 1.900 13.000 13.200 13.200 9.400 2.000 13.100 13.000 13.000 9.300 1.800 12.800 12.900 13.200 07/09/1960
0.000 0.000 0.000 0.000 0.000 0.000 0.000 0.000 0.000 0.000 0.000 0.000 0.000 0.000 0.000 0.000 0.000 0.000 0.000 0.000 0.000 0.000 0.000 0.000 0.000 0.000 0.000 0.000 0.000 0.000 08/09/1960
0.000 0.000 0.000 0.000 0.000 0.000 0.000 0.000 0.000 0.000 0.000 0.000 0.000 0.000 0.000 0.000 0.000 0.000 0.000 0.000 0.000 0.000 0.000 0.000 0.000 0.000 0.000 0.000 0.000 0.000 09/09/1960
0.000 0.000 0.000 0.000 0.000 0.000 0.000 0.000 0.000 0.000 0.000 0.000 0.000 0.000 0.000 0.000 0.000 0.000 0.000 0.000 0.000 0.000 0.000 0.000 0.000 0.000 0.000 0.000 0.000 0.000 10/09/1960
0.000 0.000 0.000 0.000 0.000 0.000 0.000 0.000 0.000 0.000 0.000 0.000 0.000 0.000 0.000 0.000 0.000 0.000 0.000 0.000 0.000 0.000 0.000 0.000 0.000 0.000 0.000 0.000 0.000 0.000 11/09/1960
0.000 0.000 0.000 0.000 0.100 0.000 0.000 0.000 0.000 0.100 0.000 0.000 0.000 0.000 0.100 0.000 0.000 0.000 0.000 0.000 0.000 0.000 0.000 0.000 0.000 0.000 0.000 0.000 0.000 0.000 12/09/1960
0.000 0.000 0.000 0.200 0.000 0.000 0.000 0.000 2.100 0.000 0.000 0.000 2.100 2.100 0.000 0.000 0.000 2.100 2.100 2.100 0.000 0.000 2.100 2.000 2.000 0.000 0.000 2.000 2.000 2.100 13/09/1960
9.600 9.600 9.700 7.900 1.400 9.800 9.900 9.800 7.700 1.400 9.700 9.700 7.700 7.800 1.400 10.300 14.200 7.700 7.800 7.800 10.200 14.300 7.700 7.700 7.700 10.100 14.100 7.600 7.600 7.800 14/09/1960
13.100 13.200 13.200 15.600 38.900 13.300 13.400 13.300 21.500 38.700 13.300 13.300 21.400 21.600 38.300 5.200 26.300 21.400 21.800 21.700 5.200 26.300 21.500 21.300 21.300 5.100 26.100 21.000 21.100 21.700 15/09/1960
1.000 1.100 1.100 0.000 1.700 1.100 1.100 1.100 2.200 1.700 1.100 1.100 2.200 2.200 1.700 7.600 6.200 2.200 2.200 2.200 7.500 6.200 2.200 2.200 2.200 7.400 6.200 2.200 2.200 2.200 16/09/1960
5.400 5.400 5.400 3.200 5.500 5.500 5.500 5.500 5.300 5.500 5.500 5.500 5.300 5.400 5.400 8.500 18.000 5.300 5.400 5.400 8.400 18.000 5.300 5.300 5.300 8.300 17.900 5.200 5.300 5.400 17/09/1960
3.100 3.200 3.200 3.500 12.100 3.200 3.200 3.200 7.800 12.000 3.200 3.200 7.800 7.900 11.900 11.800 22.300 7.800 7.900 7.900 11.700 22.300 7.800 7.800 7.700 11.600 22.200 7.700 7.700 7.900 18/09/1960
3.800 3.900 3.900 2.200 1.800 3.900 4.000 3.900 3.100 1.800 3.900 3.900 3.000 3.100 1.800 1.000 2.000 3.100 3.100 3.100 1.000 2.000 3.100 3.000 3.000 1.000 2.000 3.000 3.000 3.100 19/09/1960
0.100 0.100 0.100 0.200 3.100 0.100 0.200 0.100 2.700 3.100 0.100 0.100 2.700 2.700 3.100 0.600 0.300 2.700 2.700 2.700 0.600 0.300 2.700 2.700 2.700 0.600 0.300 2.700 2.700 2.700 20/09/1960
0.000 0.000 0.000 0.000 0.000 0.000 0.000 0.000 0.000 0.000 0.000 0.000 0.000 0.000 0.000 0.000 0.000 0.000 0.000 0.000 0.000 0.000 0.000 0.000 0.000 0.000 0.000 0.000 0.000 0.000 21/09/1960
0.000 0.000 0.000 0.000 0.000 0.000 0.000 0.000 0.000 0.000 0.000 0.000 0.000 0.000 0.000 0.000 0.000 0.000 0.000 0.000 0.000 0.000 0.000 0.000 0.000 0.000 0.000 0.000 0.000 0.000 22/09/1960
0.000 0.000 0.000 0.000 0.000 0.000 0.000 0.000 0.000 0.000 0.000 0.000 0.000 0.000 0.000 0.000 0.000 0.000 0.000 0.000 0.000 0.000 0.000 0.000 0.000 0.000 0.000 0.000 0.000 0.000 23/09/1960
0.000 0.000 0.000 0.000 0.000 0.000 0.000 0.000 0.000 0.000 0.000 0.000 0.000 0.000 0.000 0.000 0.000 0.000 0.000 0.000 0.000 0.000 0.000 0.000 0.000 0.000 0.000 0.000 0.000 0.000 24/09/1960
0.000 0.000 0.000 0.000 0.000 0.000 0.000 0.000 0.000 0.000 0.000 0.000 0.000 0.000 0.000 0.000 0.000 0.000 0.000 0.000 0.000 0.000 0.000 0.000 0.000 0.000 0.000 0.000 0.000 0.000 25/09/1960
6.000 6.000 6.000 2.300 12.600 6.100 6.200 6.100 11.800 12.500 6.100 6.100 11.800 11.900 12.400 14.100 12.700 11.800 11.900 11.900 14.000 12.700 11.800 11.800 11.800 13.800 12.600 11.700 11.700 11.900 26/09/1960
7.300 7.300 7.400 5.100 8.400 7.400 7.500 7.400 10.000 8.400 7.400 7.400 10.000 10.100 8.300 7.900 6.300 10.000 10.100 10.100 7.800 6.300 10.000 9.900 9.900 7.700 6.300 9.800 9.900 10.100 27/09/1960
4.200 4.200 4.200 2.600 7.100 4.300 4.300 4.300 5.000 7.100 4.300 4.300 4.900 5.000 7.000 4.400 6.300 5.000 5.000 5.000 4.300 6.300 5.000 4.900 4.900 4.300 6.300 4.900 4.900 5.000 28/09/1960
10.200 10.200 10.300 3.800 9.000 10.400 10.500 10.400 16.500 9.000 10.300 10.300 16.500 16.600 8.900 11.500 8.300 16.500 16.600 16.600 11.400 8.300 16.500 16.400 16.400 11.300 8.300 16.300 16.300 16.600 29/09/1960
7.200 7.300 7.300 4.700 5.900 7.400 7.400 7.400 5.800 5.900 7.400 7.300 5.800 5.800 5.800 2.700 6.200 5.800 5.800 5.800 2.700 6.200 5.800 5.800 5.800 2.600 6.200 5.700 5.700 5.800 30/09/1960
0.000 0.000 0.000 0.000 0.000 0.000 0.000 0.000 1.500 0.000 0.000 0.000 1.500 1.500 0.000 0.000 5.400 1.500 1.500 1.500 0.000 5.400 1.500 1.500 1.500 0.000 5.300 1.500 1.500 1.500 01/10/1960
8.500 8.600 8.600 3.200 7.700 8.700 8.800 8.700 12.800 7.700 8.700 8.700 12.800 12.900 7.600 12.500 8.800 12.800 12.900 12.900 12.400 8.900 12.800 12.800 12.800 12.200 8.800 12.700 12.700 12.900 02/10/1960
14.600 14.700 14.800 14.400 42.900 14.900 15.000 14.900 16.500 42.700 14.800 14.800 16.400 16.600 42.300 18.800 10.100 16.500 16.700 16.700 18.600 10.100 16.500 16.400 16.400 18.400 10.000 16.200 16.200 16.700 03/10/1960
3.000 3.000 3.000 0.500 4.700 3.000 3.100 3.000 6.700 4.600 3.000 3.000 6.700 6.800 4.600 0.300 11.900 6.700 6.800 6.800 0.300 11.900 6.700 6.700 6.700 0.200 11.800 6.700 6.700 6.800 04/10/1960
7.400 7.500 7.500 10.200 8.600 7.600 7.600 7.600 16.600 8.500 7.500 7.500 16.500 16.700 8.500 11.400 16.000 16.600 16.700 16.700 11.300 16.100 16.600 16.500 16.500 11.100 16.000 16.300 16.400 16.700 05/10/1960
7.400 7.500 7.500 9.100 8.500 7.500 7.600 7.500 14.800 8.500 7.500 7.500 14.700 14.900 8.400 10.500 10.300 14.700 14.900 14.900 10.400 10.400 14.800 14.700 14.700 10.300 10.300 14.500 14.500 14.900 06/10/1960
2.300 2.300 2.300 1.100 4.000 2.300 2.400 2.300 5.200 4.000 2.300 2.300 5.200 5.200 3.900 7.300 4.400 5.200 5.200 5.200 7.200 4.400 5.200 5.200 5.200 7.100 4.400 5.200 5.200 5.200 07/10/1960
8.400 8.500 8.500 6.900 22.500 8.600 8.700 8.600 12.400 22.400 8.600 8.500 12.300 12.500 22.200 7.800 11.200 12.400 12.500 12.500 7.700 11.300 12.400 12.300 12.300 7.600 11.200 12.200 12.200 12.500 08/10/1960
12.100 12.200 12.200 10.600 11.400 12.300 12.400 12.300 10.500 11.300 12.300 12.300 10.400 10.500 11.200 29.000 12.700 10.500 10.600 10.600 28.700 12.700 10.500 10.400 10.400 28.400 12.600 10.300 10.300 10.600 09/10/1960
3.200 3.200 3.200 1.500 3.600 3.300 3.300 3.300 4.400 3.600 3.200 3.200 4.400 4.400 3.600 6.900 9.200 4.400 4.400 4.400 6.900 9.200 4.400 4.400 4.400 6.800 9.200 4.300 4.300 4.400 10/10/1960
0.000 0.000 0.000 0.100 1.500 0.000 0.000 0.000 0.400 1.500 0.000 0.000 0.400 0.400 1.500 0.300 3.800 0.400 0.400 0.400 0.300 3.800 0.400 0.400 0.400 0.300 3.700 0.400 0.400 0.400 11/10/1960
0.000 0.000 0.000 0.400 1.400 0.000 0.000 0.000 0.100 1.300 0.000 0.000 0.100 0.100 1.300 0.900 1.800 0.100 0.100 0.100 0.900 1.800 0.100 0.100 0.100 0.900 1.800 0.100 0.100 0.100 12/10/1960
0.000 0.000 0.000 0.000 0.000 0.000 0.000 0.000 0.000 0.000 0.000 0.000 0.000 0.000 0.000 0.000 1.300 0.000 0.000 0.000 0.000 1.300 0.000 0.000 0.000 0.000 1.300 0.000 0.000 0.000 13/10/1960
0.000 0.000 0.000 0.000 0.000 0.000 0.000 0.000 0.000 0.000 0.000 0.000 0.000 0.000 0.000 0.000 0.000 0.000 0.000 0.000 0.000 0.000 0.000 0.000 0.000 0.000 0.000 0.000 0.000 0.000 14/10/1960
0.000 0.000 0.000 0.100 0.000 0.000 0.000 0.000 0.000 0.000 0.000 0.000 0.000 0.000 0.000 0.000 0.000 0.000 0.000 0.000 0.000 0.000 0.000 0.000 0.000 0.000 0.000 0.000 0.000 0.000 15/10/1960
0.000 0.000 0.000 0.300 0.000 0.000 0.000 0.000 0.000 0.000 0.000 0.000 0.000 0.000 0.000 0.000 0.000 0.000 0.000 0.000 0.000 0.000 0.000 0.000 0.000 0.000 0.000 0.000 0.000 0.000 16/10/1960
0.000 0.000 0.000 0.000 0.000 0.000 0.000 0.000 0.100 0.000 0.000 0.000 0.100 0.100 0.000 0.000 0.000 0.100 0.100 0.100 0.000 0.000 0.100 0.100 0.100 0.000 0.000 0.100 0.100 0.100 17/10/1960
0.100 0.100 0.100 0.200 0.000 0.100 0.100 0.100 0.600 0.000 0.100 0.100 0.600 0.600 0.000 3.000 1.100 0.600 0.600 0.600 2.900 1.100 0.600 0.600 0.600 2.900 1.100 0.600 0.600 0.600 18/10/1960
5.600 5.600 5.600 4.700 14.900 5.700 5.700 5.700 2.400 14.800 5.700 5.700 2.300 2.400 14.700 5.500 13.300 2.400 2.400 2.400 5.400 13.400 2.400 2.300 2.300 5.400 13.300 2.300 2.300 2.400 19/10/1960
16.700 16.800 16.900 19.100 7.900 17.000 17.200 17.000 19.200 7.800 17.000 16.900 19.100 19.200 7.800 15.300 9.600 19.100 19.300 19.300 15.200 9.600 19.200 19.100 19.100 15.000 9.600 18.900 18.900 19.300 20/10/1960
6.000 6.100 6.100 8.300 4.600 6.100 6.200 6.100 6.800 4.500 6.100 6.100 6.800 6.800 4.500 6.200 9.200 6.800 6.900 6.900 6.100 9.200 6.800 6.800 6.800 6.000 9.100 6.700 6.700 6.900 21/10/1960
10.500 10.600 10.600 12.300 3.200 10.700 10.800 10.700 2.400 3.100 10.700 10.700 2.400 2.400 3.100 9.200 0.800 2.400 2.400 2.400 9.100 0.800 2.400 2.400 2.400 9.000 0.800 2.400 2.400 2.400 22/10/1960
2.300 2.300 2.300 1.700 0.100 2.300 2.300 2.300 0.500 0.100 2.300 2.300 0.500 0.500 0.100 0.000 0.200 0.500 0.500 0.500 0.000 0.200 0.500 0.500 0.500 0.000 0.200 0.500 0.500 0.500 23/10/1960
4.400 4.400 4.500 0.800 1.200 4.500 4.500 4.500 3.600 1.100 4.500 4.500 3.600 3.700 1.100 3.700 0.900 3.600 3.700 3.700 3.700 0.900 3.600 3.600 3.600 3.600 0.900 3.600 3.600 3.700 24/10/1960
8.200 8.300 8.300 6.800 2.200 8.400 8.500 8.400 3.000 2.200 8.400 8.400 3.000 3.000 2.200 2.500 4.900 3.000 3.000 3.000 2.400 4.900 3.000 3.000 3.000 2.400 4.900 2.900 2.900 3.000 25/10/1960
2.400 2.400 2.400 4.000 1.100 2.500 2.500 2.500 2.300 1.100 2.400 2.400 2.300 2.300 1.100 3.700 0.300 2.300 2.300 2.300 3.600 0.300 2.300 2.300 2.300 3.600 0.300 2.200 2.200 2.300 26/10/1960
1.700 1.700 1.800 0.100 0.100 1.800 1.800 1.800 3.500 0.100 1.800 1.800 3.500 3.500 0.100 0.400 3.800 3.500 3.500 3.500 0.400 3.800 3.500 3.500 3.500 0.300 3.800 3.400 3.400 3.500 27/10/1960
56.700 57.100 57.300 35.900 39.100 57.800 58.400 57.800 38.600 38.900 57.700 57.600 38.400 38.800 38.600 85.100 61.600 38.500 38.900 38.900 84.300 61.700 38.600 38.300 38.300 83.300 61.300 37.800 37.900 38.900 28/10/1960
7.000 7.100 7.100 14.700 28.800 7.100 7.200 7.100 5.700 28.600 7.100 7.100 5.600 5.700 28.400 3.000 4.500 5.600 5.800 5.700 2.900 4.500 5.700 5.600 5.600 2.900 4.500 5.500 5.500 5.800 29/10/1960
3.000 3.000 3.000 2.300 5.000 3.100 3.100 3.100 2.600 5.000 3.100 3.100 2.600 2.600 5.000 4.900 0.900 2.600 2.600 2.600 4.800 0.900 2.600 2.600 2.600 4.800 0.900 2.500 2.500 2.600 30/10/1960
3.300 3.300 3.300 2.800 4.700 3.300 3.300 3.300 2.700 4.600 3.300 3.300 2.700 2.700 4.600 2.800 2.300 2.700 2.700 2.700 2.700 2.300 2.700 2.700 2.700 2.700 2.300 2.600 2.600 2.700 31/10/1960
0.200 0.200 0.200 0.400 0.600 0.200 0.200 0.200 1.200 0.600 0.200 0.200 1.200 1.200 0.600 0.100 0.400 1.200 1.200 1.200 0.100 0.400 1.200 1.200 1.200 0.100 0.400 1.200 1.200 1.200 01/11/1960
0.300 0.300 0.300 0.800 0.200 0.300 0.300 0.300 0.500 0.200 0.300 0.300 0.500 0.500 0.200 2.600 0.000 0.500 0.500 0.500 2.500 0.000 0.500 0.500 0.500 2.500 0.000 0.500 0.500 0.500 02/11/1960
0.000 0.000 0.000 0.000 5.000 0.000 0.000 0.000 3.000 5.000 0.000 0.000 3.000 3.100 5.000 0.100 1.200 3.000 3.100 3.100 0.100 1.200 3.000 3.000 3.000 0.100 1.200 3.000 3.000 3.100 03/11/1960
10.700 10.800 10.800 7.300 8.300 10.900 11.000 10.900 6.000 8.200 10.900 10.800 6.000 6.100 8.100 11.900 6.500 6.000 6.100 6.100 11.800 6.500 6.000 6.000 6.000 11.600 6.500 5.900 5.900 6.100 04/11/1960
4.200 4.300 4.300 1.800 5.800 4.300 4.400 4.300 4.300 5.700 4.300 4.300 4.300 4.400 5.700 3.800 9.900 4.300 4.400 4.400 3.800 10.000 4.300 4.300 4.300 3.800 9.900 4.200 4.300 4.400 05/11/1960
1.900 1.900 1.900 3.900 2.300 1.900 1.900 1.900 3.000 2.300 1.900 1.900 3.000 3.000 2.300 0.600 1.900 3.000 3.000 3.000 0.600 1.900 3.000 3.000 3.000 0.600 1.900 2.900 2.900 3.000 06/11/1960
0.000 0.000 0.000 0.000 0.000 0.000 0.000 0.000 0.000 0.000 0.000 0.000 0.000 0.000 0.000 0.000 0.000 0.000 0.000 0.000 0.000 0.000 0.000 0.000 0.000 0.000 0.000 0.000 0.000 0.000 07/11/1960
0.000 0.000 0.000 0.200 0.000 0.000 0.000 0.000 1.000 0.000 0.000 0.000 1.000 1.000 0.000 0.000 1.600 1.000 1.000 1.000 0.000 1.600 1.000 1.000 1.000 0.000 1.600 1.000 1.000 1.000 08/11/1960
2.000 2.000 2.000 0.700 4.500 2.000 2.000 2.000 2.200 4.500 2.000 2.000 2.200 2.200 4.500 2.800 2.000 2.200 2.200 2.200 2.700 2.000 2.200 2.200 2.200 2.700 2.000 2.200 2.200 2.200 09/11/1960
6.100 6.100 6.100 4.200 2.500 6.200 6.300 6.200 5.000 2.500 6.200 6.200 5.000 5.000 2.500 5.100 4.000 5.000 5.000 5.000 5.100 4.000 5.000 4.900 4.900 5.000 4.000 4.900 4.900 5.000 10/11/1960
9.900 10.000 10.000 7.600 5.000 10.100 10.200 10.100 8.300 5.000 10.100 10.100 8.300 8.300 5.000 11.200 9.300 8.300 8.400 8.400 11.100 9.300 8.300 8.300 8.300 10.900 9.300 8.200 8.200 8.400 11/11/1960
8.300 8.400 8.400 6.800 7.900 8.500 8.600 8.500 5.900 7.900 8.500 8.400 5.900 6.000 7.800 9.400 8.300 5.900 6.000 6.000 9.400 8.300 6.000 5.900 5.900 9.300 8.300 5.800 5.900 6.000 12/11/1960
4.400 4.500 4.500 3.700 5.900 4.500 4.600 4.500 4.500 5.800 4.500 4.500 4.500 4.600 5.800 6.800 4.400 4.500 4.600 4.600 6.700 4.500 4.500 4.500 4.500 6.600 4.400 4.500 4.500 4.600 13/11/1960
6.600 6.600 6.600 7.100 2.000 6.700 6.700 6.700 4.400 2.000 6.700 6.700 4.300 4.400 2.000 4.200 9.400 4.400 4.400 4.400 4.100 9.400 4.400 4.300 4.300 4.100 9.300 4.300 4.300 4.400 14/11/1960
7.500 7.600 7.600 12.200 20.400 7.700 7.700 7.700 14.000 20.300 7.600 7.600 13.900 14.100 20.100 13.400 12.700 14.000 14.200 14.100 13.300 12.800 14.000 13.900 13.900 13.100 12.700 13.800 13.800 14.100 15/11/1960
6.000 6.100 6.100 4.900 6.000 6.200 6.200 6.200 4.100 6.000 6.100 6.100 4.100 4.100 6.000 5.900 5.100 4.100 4.200 4.200 5.800 5.100 4.100 4.100 4.100 5.800 5.000 4.000 4.000 4.200 16/11/1960
1.000 1.000 1.000 1.900 1.100 1.000 1.000 1.000 1.700 1.000 1.000 1.000 1.700 1.700 1.000 0.400 0.500 1.700 1.800 1.800 0.400 0.500 1.700 1.700 1.700 0.400 0.500 1.700 1.700 1.800 17/11/1960
14.500 14.500 14.600 12.300 9.600 14.700 14.900 14.700 11.600 9.600 14.700 14.700 11.500 11.700 9.500 15.300 9.600 11.600 11.700 11.700 15.100 9.600 11.600 11.500 11.500 14.900 9.500 11.400 11.400 11.700 18/11/1960
0.800 0.800 0.800 2.600 0.800 0.800 0.800 0.800 1.100 0.800 0.800 0.800 1.100 1.100 0.800 1.500 1.300 1.100 1.100 1.100 1.500 1.300 1.100 1.100 1.100 1.500 1.300 1.100 1.100 1.100 19/11/1960
0.600 0.600 0.600 0.200 3.400 0.600 0.600 0.600 2.900 3.400 0.600 0.600 2.800 2.900 3.400 0.000 1.600 2.900 2.900 2.900 0.000 1.600 2.900 2.800 2.800 0.000 1.500 2.800 2.800 2.900 20/11/1960
15.900 16.000 16.100 12.100 28.300 16.200 16.400 16.200 16.200 28.200 16.200 16.200 16.100 16.300 27.900 22.800 18.700 16.200 16.400 16.400 22.500 18.700 16.200 16.100 16.100 22.300 18.600 15.900 15.900 16.400 21/11/1960
3.000 3.000 3.000 1.500 2.100 3.000 3.100 3.000 1.200 2.100 3.000 3.000 1.200 1.200 2.000 1.000 1.400 1.200 1.200 1.200 1.000 1.400 1.200 1.200 1.200 1.000 1.400 1.200 1.200 1.200 22/11/1960
1.900 1.900 2.000 1.300 4.000 2.000 2.000 2.000 2.900 4.000 2.000 2.000 2.900 2.900 4.000 4.400 2.200 2.900 2.900 2.900 4.300 2.200 2.900 2.900 2.900 4.300 2.200 2.900 2.900 2.900 23/11/1960
3.300 3.300 3.300 3.700 10.400 3.300 3.400 3.300 7.100 10.400 3.300 3.300 7.100 7.200 10.300 6.000 3.900 7.100 7.200 7.200 5.900 3.900 7.100 7.100 7.100 5.900 3.900 7.000 7.000 7.200 24/11/1960
0.100 0.100 0.100 0.000 1.000 0.100 0.100 0.100 0.600 1.000 0.100 0.100 0.600 0.600 0.900 0.300 1.000 0.600 0.600 0.600 0.300 1.000 0.600 0.600 0.600 0.300 1.000 0.600 0.600 0.600 25/11/1960
0.000 0.000 0.000 0.100 0.000 0.000 0.000 0.000 0.200 0.000 0.000 0.000 0.200 0.200 0.000 0.100 1.600 0.200 0.200 0.200 0.100 1.600 0.200 0.200 0.200 0.100 1.600 0.200 0.200 0.200 26/11/1960
0.800 0.800 0.800 1.600 4.000 0.800 0.900 0.800 2.300 4.000 0.800 0.800 2.300 2.300 4.000 0.300 1.000 2.300 2.300 2.300 0.300 1.000 2.300 2.300 2.300 0.300 1.000 2.300 2.300 2.300 27/11/1960
1.400 1.400 1.500 1.000 2.700 1.500 1.500 1.500 1.300 2.700 1.500 1.500 1.300 1.400 2.700 0.400 0.100 1.300 1.400 1.400 0.400 0.100 1.300 1.300 1.300 0.400 0.100 1.300 1.300 1.400 28/11/1960
0.000 0.000 0.000 0.100 0.000 0.000 0.000 0.000 0.100 0.000 0.000 0.000 0.100 0.100 0.000 0.000 0.000 0.100 0.100 0.100 0.000 0.000 0.100 0.100 0.100 0.000 0.000 0.100 0.100 0.100 29/11/1960
0.000 0.000 0.000 0.000 0.000 0.000 0.000 0.000 0.600 0.000 0.000 0.000 0.600 0.600 0.000 0.000 0.000 0.600 0.600 0.600 0.000 0.000 0.600 0.600 0.600 0.000 0.000 0.600 0.600 0.600 30/11/1960
6.800 6.800 6.900 3.800 2.600 6.900 7.000 6.900 3.800 2.600 6.900 6.900 3.800 3.800 2.500 3.800 5.100 3.800 3.800 3.800 3.800 5.100 3.800 3.800 3.800 3.800 5.100 3.700 3.700 3.800 01/12/1960
1.500 1.500 1.500 1.500 3.500 1.500 1.500 1.500 0.300 3.500 1.500 1.500 0.300 0.300 3.500 1.600 1.900 0.300 0.300 0.300 1.600 1.900 0.300 0.300 0.300 1.600 1.900 0.300 0.300 0.300 02/12/1960
0.000 0.000 0.000 0.000 0.000 0.000 0.000 0.000 2.600 0.000 0.000 0.000 2.600 2.600 0.000 0.000 0.000 2.600 2.600 2.600 0.000 0.000 2.600 2.600 2.600 0.000 0.000 2.500 2.500 2.600 03/12/1960
22.800 22.900 23.000 20.000 21.700 23.200 23.500 23.200 12.600 21.600 23.200 23.100 12.500 12.700 21.400 17.400 11.300 12.600 12.700 12.700 17.200 11.400 12.600 12.500 12.500 17.000 11.300 12.400 12.400 12.700 04/12/1960
31.100 31.300 31.500 19.800 38.700 31.700 32.100 31.700 27.400 38.500 31.700 31.600 27.200 27.600 38.100 26.000 27.400 27.300 27.700 27.600 25.800 27.500 27.400 27.200 27.200 25.500 27.300 26.800 26.900 27.700 05/12/1960
7.300 7.300 7.400 3.200 7.700 7.400 7.500 7.400 8.400 7.600 7.400 7.400 8.400 8.500 7.600 9.400 6.400 8.400 8.500 8.500 9.300 6.400 8.400 8.300 8.300 9.200 6.400 8.200 8.300 8.500 06/12/1960
0.000 0.000 0.000 0.000 0.000 0.000 0.000 0.000 0.000 0.000 0.000 0.000 0.000 0.000 0.000 0.000 0.000 0.000 0.000 0.000 0.000 0.000 0.000 0.000 0.000 0.000 0.000 0.000 0.000 0.000 07/12/1960
0.000 0.000 0.000 0.000 0.000 0.000 0.000 0.000 0.000 0.000 0.000 0.000 0.000 0.000 0.000 0.000 0.000 0.000 0.000 0.000 0.000 0.000 0.000 0.000 0.000 0.000 0.000 0.000 0.000 0.000 08/12/1960
8.700 8.800 8.800 6.800 5.600 8.900 9.000 8.900 4.800 5.600 8.900 8.900 4.700 4.800 5.500 1.400 7.100 4.800 4.800 4.900 1.400 7.200 4.800 4.800 4.800 1.300 7.100 4.700 4.700 4.800 09/12/1960
1.000 0.900 0.900 2.800 8.300 0.900 1.000 0.900 0.100 8.200 1.000 1.000 0.100 0.100 8.200 0.000 0.000 0.100 0.100 0.100 0.000 0.000 0.100 0.200 0.200 0.000 0.000 0.100 0.100 0.100 10/12/1960
0.000 0.000 0.000 0.000 0.000 0.000 0.000 0.000 0.000 0.000 0.000 0.000 0.000 0.000 0.000 0.000 0.000 0.000 0.000 0.000 0.000 0.000 0.000 0.000 0.000 0.000 0.000 0.000 0.000 0.000 11/12/1960
0.000 0.000 0.000 0.000 0.000 0.000 0.000 0.000 0.000 0.000 0.000 0.000 0.000 0.000 0.000 0.000 0.000 0.000 0.000 0.000 0.000 0.000 0.000 0.000 0.000 0.000 0.000 0.000 0.000 0.000 12/12/1960
0.100 0.100 0.100 0.000 0.000 0.100 0.100 0.100 0.000 0.000 0.100 0.100 0.000 0.000 0.000 0.700 0.000 0.000 0.000 0.000 0.700 0.000 0.000 0.000 0.000 0.700 0.000 0.000 0.000 0.000 13/12/1960
0.500 0.500 0.500 0.400 0.000 0.500 0.500 0.500 0.000 0.000 0.500 0.500 0.000 0.000 0.000 2.500 0.100 0.000 0.000 0.000 2.500 0.100 0.000 0.000 0.000 2.500 0.100 0.000 0.000 0.000 14/12/1960
0.400 0.400 0.400 0.100 0.000 0.400 0.400 0.400 0.000 0.000 0.400 0.400 0.000 0.000 0.000 0.000 0.000 0.000 0.000 0.000 0.000 0.000 0.000 0.000 0.000 0.000 0.000 0.000 0.000 0.000 15/12/1960
0.000 0.000 0.000 0.000 0.000 0.000 0.000 0.000 0.000 0.000 0.000 0.000 0.000 0.000 0.000 0.000 0.000 0.000 0.000 0.000 0.000 0.000 0.000 0.000 0.000 0.000 0.000 0.000 0.000 0.000 16/12/1960
0.000 0.000 0.000 0.100 0.000 0.000 0.000 0.000 0.000 0.000 0.000 0.000 0.000 0.000 0.000 0.000 0.000 0.000 0.000 0.000 0.000 0.000 0.000 0.000 0.000 0.000 0.000 0.000 0.000 0.000 17/12/1960
0.500 0.500 0.600 3.100 0.100 0.600 0.500 0.600 0.000 0.100 0.600 0.600 0.000 0.000 0.100 0.300 1.000 0.000 0.000 0.000 0.300 1.000 0.000 0.000 0.000 0.300 1.000 0.000 0.000 0.000 18/12/1960
14.600 14.600 14.700 8.300 13.200 14.800 14.900 14.800 9.600 13.100 14.800 14.700 9.500 9.700 13.000 19.200 7.900 9.600 9.700 9.700 19.100 7.900 9.600 9.500 9.500 18.800 7.800 9.400 9.400 9.700 19/12/1960
4.900 5.000 5.000 3.700 3.500 5.000 5.100 5.000 4.800 3.400 5.000 5.000 4.800 4.800 3.400 4.000 1.700 4.800 4.800 4.800 4.000 1.700 4.800 4.800 4.800 3.900 1.700 4.800 4.800 4.800 20/12/1960
4.100 4.100 4.200 4.200 5.600 4.100 4.200 4.100 4.100 5.500 4.200 4.200 4.100 4.200 5.500 1.600 3.600 4.000 4.100 4.100 1.600 3.600 4.100 4.100 4.000 1.600 3.500 4.000 4.000 4.100 21/12/1960
3.000 3.100 3.100 3.800 3.700 3.000 3.100 3.000 2.800 3.600 3.100 3.100 2.700 2.800 3.600 0.100 0.200 2.800 2.800 2.800 0.100 0.200 2.800 2.700 2.700 0.100 0.200 2.700 2.700 2.800 22/12/1960
0.500 0.600 0.600 0.000 0.000 0.600 0.600 0.600 0.200 0.000 0.600 0.600 0.200 0.200 0.000 0.000 0.000 0.200 0.200 0.200 0.000 0.000 0.200 0.200 0.200 0.000 0.000 0.200 0.200 0.200 23/12/1960
0.000 0.000 0.000 0.000 0.400 0.000 0.000 0.000 1.700 0.400 0.000 0.000 1.700 1.800 0.400 0.000 0.000 1.700 1.800 1.800 0.000 0.000 1.700 1.800 1.800 0.000 0.000 1.700 1.700 1.800 24/12/1960
1.100 1.100 1.100 2.300 7.200 1.200 1.200 1.200 0.100 7.200 1.200 1.200 0.100 0.100 7.100 0.500 0.300 0.100 0.100 0.100 0.500 0.300 0.100 0.100 0.100 0.500 0.300 0.100 0.100 0.100 25/12/1960
16.500 16.600 16.700 10.000 19.800 16.800 17.000 16.800 10.700 19.700 16.800 16.800 10.600 10.700 19.500 7.700 10.000 10.600 10.800 10.800 7.700 10.100 10.700 10.600 10.600 7.600 10.000 10.400 10.500 10.800 26/12/1960
3.500 3.500 3.500 2.900 10.600 3.500 3.600 3.500 3.200 10.500 3.500 3.500 3.100 3.200 10.400 6.900 6.100 3.100 3.200 3.200 6.900 6.100 3.200 3.100 3.100 6.800 6.100 3.100 3.100 3.200 27/12/1960
16.000 16.100 16.200 7.800 8.800 16.300 16.500 16.300 9.100 8.700 16.300 16.300 9.100 9.200 8.700 9.100 12.500 9.100 9.200 9.200 9.000 12.600 9.100 9.100 9.100 8.900 12.500 9.000 9.000 9.200 28/12/1960
3.100 3.100 3.100 2.700 2.800 3.100 3.200 3.100 3.700 2.700 3.100 3.100 3.700 3.800 2.700 12.400 6.600 3.700 3.800 3.800 12.300 6.600 3.700 3.700 3.700 12.100 6.500 3.700 3.700 3.800 29/12/1960
6.700 6.800 6.800 5.600 6.200 6.900 6.900 6.900 6.000 6.200 6.900 6.900 6.000 6.100 6.100 10.100 11.200 6.000 6.100 6.100 10.000 11.300 6.000 6.000 6.000 9.900 11.200 5.900 5.900 6.100 30/12/1960
2.600 2.600 2.600 3.800 5.000 2.600 2.600 2.600 2.700 5.000 2.600 2.600 2.700 2.700 4.900 2.400 5.400 2.700 2.700 2.700 2.300 5.500 2.700 2.700 2.700 2.300 5.400 2.700 2.700 2.700 31/12/1960
8.400 8.500 8.500 8.300 12.500 8.600 8.700 8.600 7.500 12.400 8.600 8.500 7.400 7.500 12.300 8.100 9.200 7.500 7.600 7.500 8.000 9.200 7.500 7.400 7.400 7.900 9.100 7.300 7.400 7.500 01/01/1961
22.100 22.200 22.300 30.000 33.500 22.500 22.700 22.500 15.900 33.300 22.500 22.400 15.800 16.000 33.000 18.200 9.900 15.900 16.100 16.100 18.000 9.900 15.900 15.800 15.800 17.800 9.800 15.500 15.600 16.100 02/01/1961
10.500 10.500 10.600 8.600 16.400 10.700 10.800 10.700 10.200 16.300 10.600 10.600 10.200 10.300 16.200 13.300 10.600 10.200 10.300 10.300 13.100 10.600 10.200 10.200 10.200 13.000 10.500 10.100 10.100 10.300 03/01/1961
6.900 6.900 7.000 5.300 8.500 7.000 7.100 7.000 11.000 8.500 7.000 7.000 10.900 11.000 8.400 14.000 7.900 10.900 11.100 11.000 13.900 8.000 11.000 10.900 10.900 13.700 7.900 10.800 10.800 11.100 04/01/1961
9.400 9.500 9.500 8.700 1.000 9.600 9.700 9.600 2.400 1.000 9.600 9.600 2.300 2.400 1.000 6.600 0.000 2.400 2.400 2.400 6.600 0.000 2.400 2.300 2.300 6.500 0.000 2.300 2.300 2.400 05/01/1961
19.900 20.000 20.100 18.500 29.300 20.300 20.500 20.300 25.900 29.200 20.200 20.200 25.800 26.100 28.900 15.200 28.000 25.900 26.200 26.100 15.100 28.100 25.900 25.800 25.700 14.900 27.900 25.500 25.500 26.200 06/01/1961
7.200 7.200 7.300 6.000 9.700 7.300 7.400 7.300 7.300 9.700 7.300 7.300 7.300 7.300 9.600 9.600 15.400 7.300 7.400 7.400 9.500 15.400 7.300 7.300 7.300 9.300 15.300 7.200 7.200 7.400 07/01/1961
4.600 4.600 4.600 5.300 9.200 4.700 4.700 4.700 6.900 9.200 4.700 4.600 6.900 7.000 9.100 10.100 4.700 6.900 7.000 7.000 10.000 4.700 6.900 6.900 6.900 9.900 4.600 6.800 6.800 7.000 08/01/1961
5.800 5.800 5.800 4.900 6.000 5.900 5.900 5.900 5.300 6.000 5.900 5.900 5.300 5.300 5.900 4.000 4.200 5.300 5.300 5.300 3.900 4.300 5.300 5.300 5.300 3.900 4.200 5.200 5.200 5.300 09/01/1961
6.300 6.300 6.300 5.300 7.000 6.400 6.500 6.400 4.800 7.000 6.400 6.400 4.800 4.800 6.900 8.400 3.900 4.800 4.800 4.800 8.300 3.900 4.800 4.800 4.800 8.200 3.900 4.700 4.700 4.800 10/01/1961
0.000 0.000 0.000 0.000 0.000 0.000 0.000 0.000 0.000 0.000 0.000 0.000 0.000 0.000 0.000 0.000 0.000 0.000 0.000 0.000 0.000 0.000 0.000 0.000 0.000 0.000 0.000 0.000 0.000 0.000 11/01/1961
0.000 0.000 0.000 0.000 0.000 0.000 0.000 0.000 0.000 0.000 0.000 0.000 0.000 0.000 0.000 0.000 0.000 0.000 0.000 0.000 0.000 0.000 0.000 0.000 0.000 0.000 0.000 0.000 0.000 0.000 12/01/1961
0.000 0.000 0.000 0.000 0.000 0.000 0.000 0.000 0.000 0.000 0.000 0.000 0.000 0.000 0.000 0.000 0.000 0.000 0.000 0.000 0.000 0.000 0.000 0.000 0.000 0.000 0.000 0.000 0.000 0.000 13/01/1961
0.000 0.000 0.000 0.000 0.000 0.000 0.000 0.000 0.000 0.000 0.000 0.000 0.000 0.000 0.000 0.000 0.000 0.000 0.000 0.000 0.000 0.000 0.000 0.000 0.000 0.000 0.000 0.000 0.000 0.000 14/01/1961
0.300 0.400 0.400 0.300 0.000 0.400 0.400 0.400 0.000 0.000 0.400 0.400 0.000 0.000 0.000 0.900 0.000 0.000 0.000 0.000 1.000 0.000 0.000 0.000 0.000 1.000 0.000 0.000 0.000 0.000 15/01/1961
0.000 0.000 0.000 0.000 0.000 0.000 0.000 0.000 0.000 0.000 0.000 0.000 0.000 0.000 0.000 0.000 0.000 0.000 0.000 0.000 0.000 0.000 0.000 0.000 0.000 0.000 0.000 0.000 0.000 0.000 16/01/1961
0.000 0.000 0.000 0.000 0.000 0.000 0.000 0.000 0.000 0.000 0.000 0.000 0.000 0.000 0.000 0.000 0.000 0.000 0.000 0.000 0.000 0.000 0.000 0.000 0.000 0.000 0.000 0.000 0.000 0.000 17/01/1961
0.000 0.000 0.000 0.000 0.000 0.000 0.000 0.000 0.000 0.000 0.000 0.000 0.000 0.000 0.000 0.000 0.000 0.000 0.000 0.000 0.000 0.000 0.000 0.000 0.000 0.000 0.000 0.000 0.000 0.000 18/01/1961
1.400 1.400 1.400 1.100 4.700 1.400 1.400 1.400 2.000 4.700 1.400 1.400 2.000 2.000 4.600 1.000 5.400 2.000 2.000 2.000 1.000 5.400 2.000 2.000 2.000 1.000 5.400 1.900 2.000 2.000 19/01/1961
1.100 1.100 1.100 1.800 1.000 1.100 1.100 1.100 0.200 1.000 1.100 1.100 0.200 0.200 1.000 0.200 1.700 0.200 0.200 0.200 0.200 1.700 0.200 0.200 0.200 0.200 1.700 0.200 0.200 0.200 20/01/1961
0.700 0.700 0.700 0.000 0.000 0.700 0.800 0.700 0.000 0.000 0.700 0.700 0.000 0.000 0.000 0.500 0.800 0.000 0.000 0.000 0.500 0.800 0.000 0.000 0.000 0.500 0.800 0.000 0.000 0.000 21/01/1961
0.000 0.000 0.000 0.000 0.000 0.000 0.000 0.000 0.000 0.000 0.000 0.000 0.000 0.000 0.000 0.100 0.200 0.000 0.000 0.000 0.100 0.200 0.000 0.000 0.000 0.100 0.200 0.000 0.000 0.000 22/01/1961
0.100 0.100 0.100 0.000 0.000 0.100 0.100 0.100 1.100 0.000 0.100 0.100 1.100 1.100 0.000 0.100 0.000 1.100 1.100 1.100 0.100 0.000 1.100 1.100 1.100 0.100 0.000 1.100 1.100 1.100 23/01/1961
7.300 7.400 7.400 4.700 9.700 7.500 7.500 7.500 5.600 9.700 7.500 7.400 5.600 5.600 9.600 9.500 6.400 5.600 5.700 5.700 9.400 6.400 5.600 5.500 5.500 9.200 6.300 5.500 5.500 5.700 24/01/1961
3.500 3.600 3.600 2.400 2.500 3.600 3.600 3.600 4.800 2.500 3.600 3.600 4.800 4.800 2.500 5.100 4.100 4.800 4.800 4.800 5.100 4.100 4.800 4.800 4.800 5.000 4.100 4.700 4.700 4.800 25/01/1961
0.000 0.000 0.000 0.000 0.000 0.000 0.000 0.000 0.000 0.000 0.000 0.000 0.000 0.000 0.000 0.000 0.000 0.000 0.000 0.000 0.000 0.000 0.000 0.000 0.000 0.000 0.000 0.000 0.000 0.000 26/01/1961
8.400 8.400 8.500 5.300 4.000 8.500 8.600 8.500 6.400 4.000 8.500 8.500 6.400 6.400 4.000 8.200 2.500 6.400 6.400 6.400 8.200 2.500 6.400 6.400 6.400 8.100 2.500 6.300 6.300 6.400 27/01/1961
3.400 3.400 3.400 2.400 6.500 3.500 3.500 3.500 3.000 6.500 3.500 3.400 2.900 3.000 6.400 1.000 0.900 2.900 3.000 3.000 1.000 0.900 3.000 2.900 2.900 1.000 0.900 2.900 2.900 3.000 28/01/1961
3.400 3.500 3.500 0.000 0.000 3.500 3.500 3.500 0.400 0.000 3.500 3.500 0.400 0.400 0.000 0.000 0.000 0.400 0.400 0.400 0.000 0.000 0.400 0.400 0.400 0.000 0.000 0.400 0.400 0.400 29/01/1961
15.100 15.200 15.200 14.900 19.200 15.400 15.500 15.400 8.200 19.100 15.300 15.300 8.100 8.300 18.900 10.200 7.400 8.200 8.300 8.300 10.100 7.500 8.200 8.100 8.100 9.900 7.400 8.000 8.000 8.300 30/01/1961
12.500 12.500 12.600 11.200 19.000 12.700 12.800 12.700 12.100 18.900 12.700 12.600 12.100 12.200 18.800 10.100 16.600 12.100 12.200 12.200 10.000 16.600 12.100 12.100 12.100 9.800 16.500 12.000 12.000 12.200 31/01/1961
7.800 7.900 7.900 7.900 14.700 8.000 8.000 8.000 6.000 14.700 8.000 7.900 6.000 6.100 14.500 10.200 8.200 6.000 6.100 6.100 10.100 8.200 6.000 6.000 6.000 10.000 8.200 5.900 5.900 6.100 01/02/1961
5.500 5.500 5.600 4.500 11.900 5.600 5.700 5.600 6.900 11.800 5.600 5.600 6.900 7.000 11.700 12.400 23.600 6.900 7.000 7.000 12.200 23.600 6.900 6.900 6.900 12.100 23.500 6.800 6.800 7.000 02/02/1961
1.300 1.300 1.300 4.300 4.500 1.300 1.300 1.300 2.900 4.500 1.300 1.300 2.900 2.900 4.400 2.800 2.400 2.900 2.900 2.900 2.800 2.400 2.900 2.900 2.900 2.800 2.400 2.900 2.900 2.900 03/02/1961
5.300 5.400 5.400 7.900 13.000 5.400 5.500 5.400 6.400 12.900 5.400 5.400 6.400 6.500 12.800 5.800 5.300 6.400 6.500 6.500 5.700 5.300 6.400 6.400 6.400 5.700 5.300 6.300 6.300 6.500 04/02/1961
0.100 0.100 0.100 0.200 1.500 0.100 0.100 0.100 0.600 1.500 0.100 0.100 0.600 0.600 1.500 0.200 0.300 0.600 0.600 0.600 0.200 0.300 0.600 0.600 0.600 0.200 0.300 0.600 0.600 0.600 05/02/1961
2.500 2.500 2.500 2.300 1.300 2.600 2.600 2.600 2.300 1.300 2.500 2.500 2.300 2.400 1.300 2.600 0.800 2.300 2.400 2.400 2.600 0.800 2.300 2.300 2.300 2.600 0.800 2.300 2.300 2.400 06/02/1961
0.000 0.000 0.000 0.400 1.200 0.000 0.000 0.000 0.400 1.200 0.000 0.000 0.400 0.400 1.200 0.000 1.000 0.400 0.400 0.400 0.000 1.000 0.400 0.400 0.400 0.000 1.000 0.400 0.400 0.400 07/02/1961
0.100 0.100 0.100 0.600 1.400 0.100 0.100 0.100 0.500 1.400 0.100 0.100 0.500 0.500 1.400 0.500 0.500 0.500 0.500 0.500 0.500 0.500 0.500 0.500 0.500 0.500 0.500 0.500 0.500 0.500 08/02/1961
0.200 0.200 0.200 0.600 2.400 0.200 0.200 0.200 0.200 2.400 0.200 0.200 0.200 0.200 2.400 0.600 0.500 0.200 0.200 0.200 0.600 0.500 0.200 0.200 0.200 0.600 0.500 0.200 0.200 0.200 09/02/1961
0.000 0.000 0.000 0.000 0.100 0.000 0.000 0.000 0.000 0.100 0.000 0.000 0.000 0.000 0.100 0.100 0.100 0.000 0.000 0.000 0.100 0.100 0.000 0.000 0.000 0.100 0.100 0.000 0.000 0.000 10/02/1961
1.800 1.800 1.800 1.800 2.300 1.800 1.800 1.800 1.800 2.300 1.800 1.800 1.800 1.800 2.300 2.400 0.100 1.800 1.800 1.800 2.300 0.100 1.800 1.800 1.800 2.300 0.100 1.700 1.700 1.800 11/02/1961
0.100 0.100 0.100 0.900 0.100 0.100 0.100 0.100 0.000 0.100 0.100 0.100 0.000 0.000 0.100 0.000 0.000 0.000 0.000 0.000 0.000 0.000 0.000 0.000 0.000 0.000 0.000 0.000 0.000 0.000 12/02/1961
0.000 0.000 0.000 0.000 0.000 0.000 0.000 0.000 0.000 0.000 0.000 0.000 0.000 0.000 0.000 0.000 0.000 0.000 0.000 0.000 0.000 0.000 0.000 0.000 0.000 0.000 0.000 0.000 0.000 0.000 13/02/1961
0.000 0.000 0.000 0.000 0.000 0.000 0.000 0.000 0.000 0.000 0.000 0.000 0.000 0.000 0.000 0.000 0.000 0.000 0.000 0.000 0.000 0.000 0.000 0.000 0.000 0.000 0.000 0.000 0.000 0.000 14/02/1961
0.000 0.000 0.000 0.000 0.000 0.000 0.000 0.000 0.000 0.000 0.000 0.000 0.000 0.000 0.000 0.000 0.000 0.000 0.000 0.000 0.000 0.000 0.000 0.000 0.000 0.000 0.000 0.000 0.000 0.000 15/02/1961
0.000 0.000 0.000 0.000 0.000 0.000 0.000 0.000 0.000 0.000 0.000 0.000 0.000 0.000 0.000 0.000 0.000 0.000 0.000 0.000 0.000 0.000 0.000 0.000 0.000 0.000 0.000 0.000 0.000 0.000 16/02/1961
0.000 0.000 0.000 0.000 0.000 0.000 0.000 0.000 0.000 0.000 0.000 0.000 0.000 0.000 0.000 0.000 0.000 0.000 0.000 0.000 0.000 0.000 0.000 0.000 0.000 0.000 0.000 0.000 0.000 0.000 17/02/1961
0.000 0.000 0.000 0.000 0.000 0.000 0.000 0.000 0.000 0.000 0.000 0.000 0.000 0.000 0.000 0.000 0.000 0.000 0.000 0.000 0.000 0.000 0.000 0.000 0.000 0.000 0.000 0.000 0.000 0.000 18/02/1961
0.000 0.000 0.000 0.000 0.000 0.000 0.000 0.000 0.000 0.000 0.000 0.000 0.000 0.000 0.000 0.000 0.000 0.000 0.000 0.000 0.000 0.000 0.000 0.000 0.000 0.000 0.000 0.000 0.000 0.000 19/02/1961
0.000 0.000 0.000 0.000 0.000 0.000 0.000 0.000 0.000 0.000 0.000 0.000 0.000 0.000 0.000 0.000 0.000 0.000 0.000 0.000 0.000 0.000 0.000 0.000 0.000 0.000 0.000 0.000 0.000 0.000 20/02/1961
0.000 0.000 0.000 0.000 0.000 0.000 0.000 0.000 0.000 0.000 0.000 0.000 0.000 0.000 0.000 0.000 0.000 0.000 0.000 0.000 0.000 0.000 0.000 0.000 0.000 0.000 0.000 0.000 0.000 0.000 21/02/1961
2.200 2.300 2.300 0.100 0.000 2.300 2.300 2.300 0.100 0.000 2.300 2.300 0.100 0.100 0.000 0.100 1.700 0.100 0.100 0.100 0.100 1.700 0.100 0.100 0.100 0.100 1.700 0.100 0.100 0.100 22/02/1961
3.500 3.600 3.600 8.000 1.500 3.600 3.600 3.600 0.700 1.500 3.600 3.600 0.700 0.700 1.500 1.200 0.000 0.700 0.700 0.700 1.200 0.000 0.700 0.700 0.700 1.200 0.000 0.700 0.700 0.700 23/02/1961
0.400 0.400 0.400 0.100 0.200 0.400 0.400 0.400 0.000 0.200 0.400 0.400 0.000 0.000 0.200 0.200 0.100 0.000 0.000 0.000 0.200 0.100 0.000 0.000 0.000 0.200 0.100 0.000 0.000 0.000 24/02/1961
0.400 0.400 0.400 0.800 0.000 0.400 0.400 0.400 0.000 0.000 0.400 0.400 0.000 0.000 0.000 0.000 0.000 0.000 0.000 0.000 0.000 0.000 0.000 0.000 0.000 0.000 0.000 0.000 0.000 0.000 25/02/1961
0.000 0.000 0.000 0.000 0.000 0.000 0.000 0.000 0.000 0.000 0.000 0.000 0.000 0.000 0.000 0.000 0.000 0.000 0.000 0.000 0.000 0.000 0.000 0.000 0.000 0.000 0.000 0.000 0.000 0.000 26/02/1961
8.500 8.600 8.600 10.500 7.700 8.700 8.800 8.700 7.800 7.700 8.700 8.700 7.800 7.900 7.600 8.300 2.900 7.800 7.900 7.900 8.200 3.000 7.800 7.800 7.800 8.100 2.900 7.700 7.700 7.900 27/02/1961
0.600 0.600 0.600 0.000 0.100 0.600 0.600 0.600 0.200 0.100 0.600 0.600 0.200 0.200 0.100 0.000 0.500 0.200 0.200 0.200 0.000 0.500 0.200 0.200 0.200 0.000 0.500 0.200 0.200 0.200 28/02/1961
0.000 0.000 0.000 0.000 0.000 0.000 0.000 0.000 0.000 0.000 0.000 0.000 0.000 0.000 0.000 0.000 0.000 0.000 0.000 0.000 0.000 0.000 0.000 0.000 0.000 0.000 0.000 0.000 0.000 0.000 01/03/1961
0.000 0.000 0.000 0.000 0.000 0.000 0.000 0.000 0.000 0.000 0.000 0.000 0.000 0.000 0.000 0.000 0.000 0.000 0.000 0.000 0.000 0.000 0.000 0.000 0.000 0.000 0.000 0.000 0.000 0.000 02/03/1961
0.000 0.000 0.000 0.000 0.000 0.000 0.000 0.000 0.000 0.000 0.000 0.000 0.000 0.000 0.000 0.000 0.000 0.000 0.000 0.000 0.000 0.000 0.000 0.000 0.000 0.000 0.000 0.000 0.000 0.000 03/03/1961
0.000 0.000 0.000 0.000 0.000 0.000 0.000 0.000 0.000 0.000 0.000 0.000 0.000 0.000 0.000 0.000 0.000 0.000 0.000 0.000 0.000 0.000 0.000 0.000 0.000 0.000 0.000 0.000 0.000 0.000 04/03/1961
0.000 0.000 0.000 0.000 0.000 0.000 0.000 0.000 0.000 0.000 0.000 0.000 0.000 0.000 0.000 0.000 0.000 0.000 0.000 0.000 0.000 0.000 0.000 0.000 0.000 0.000 0.000 0.000 0.000 0.000 05/03/1961
0.000 0.000 0.000 0.000 0.000 0.000 0.000 0.000 0.000 0.000 0.000 0.000 0.000 0.000 0.000 0.000 0.000 0.000 0.000 0.000 0.000 0.000 0.000 0.000 0.000 0.000 0.000 0.000 0.000 0.000 06/03/1961
0.000 0.000 0.000 0.000 0.000 0.000 0.000 0.000 0.000 0.000 0.000 0.000 0.000 0.000 0.000 0.000 0.000 0.000 0.000 0.000 0.000 0.000 0.000 0.000 0.000 0.000 0.000 0.000 0.000 0.000 07/03/1961
0.000 0.000 0.000 0.000 0.000 0.000 0.000 0.000 0.000 0.000 0.000 0.000 0.000 0.000 0.000 0.000 0.000 0.000 0.000 0.000 0.000 0.000 0.000 0.000 0.000 0.000 0.000 0.000 0.000 0.000 08/03/1961
0.000 0.000 0.000 0.000 0.000 0.000 0.000 0.000 0.000 0.000 0.000 0.000 0.000 0.000 0.000 0.000 0.000 0.000 0.000 0.000 0.000 0.000 0.000 0.000 0.000 0.000 0.000 0.000 0.000 0.000 09/03/1961
0.000 0.000 0.000 0.000 0.100 0.000 0.000 0.000 0.000 0.100 0.000 0.000 0.000 0.000 0.100 0.000 0.000 0.000 0.000 0.000 0.000 0.000 0.000 0.000 0.000 0.000 0.000 0.000 0.000 0.000 10/03/1961
0.000 0.000 0.000 0.000 0.000 0.000 0.000 0.000 0.000 0.000 0.000 0.000 0.000 0.000 0.000 0.000 0.000 0.000 0.000 0.000 0.000 0.000 0.000 0.000 0.000 0.000 0.000 0.000 0.000 0.000 11/03/1961
0.000 0.000 0.000 0.000 0.000 0.000 0.000 0.000 0.000 0.000 0.000 0.000 0.000 0.000 0.000 0.000 0.000 0.000 0.000 0.000 0.000 0.000 0.000 0.000 0.000 0.000 0.000 0.000 0.000 0.000 12/03/1961
0.000 0.000 0.000 0.000 0.000 0.000 0.000 0.000 0.000 0.000 0.000 0.000 0.000 0.000 0.000 0.000 0.000 0.000 0.000 0.000 0.000 0.000 0.000 0.000 0.000 0.000 0.000 0.000 0.000 0.000 13/03/1961
0.000 0.000 0.000 0.000 0.000 0.000 0.000 0.000 0.000 0.000 0.000 0.000 0.000 0.000 0.000 0.000 0.000 0.000 0.000 0.000 0.000 0.000 0.000 0.000 0.000 0.000 0.000 0.000 0.000 0.000 14/03/1961
0.000 0.000 0.000 0.000 0.000 0.000 0.000 0.000 0.000 0.000 0.000 0.000 0.000 0.000 0.000 0.000 0.000 0.000 0.000 0.000 0.000 0.000 0.000 0.000 0.000 0.000 0.000 0.000 0.000 0.000 15/03/1961
0.000 0.000 0.000 0.000 0.000 0.000 0.000 0.000 0.000 0.000 0.000 0.000 0.000 0.000 0.000 0.000 0.000 0.000 0.000 0.000 0.000 0.000 0.000 0.000 0.000 0.000 0.000 0.000 0.000 0.000 16/03/1961
0.000 0.000 0.000 0.000 0.000 0.000 0.000 0.000 0.000 0.000 0.000 0.000 0.000 0.000 0.000 0.000 0.000 0.000 0.000 0.000 0.000 0.000 0.000 0.000 0.000 0.000 0.000 0.000 0.000 0.000 17/03/1961
0.000 0.000 0.000 0.100 0.300 0.000 0.000 0.000 0.200 0.300 0.000 0.000 0.200 0.200 0.300 0.000 0.000 0.200 0.200 0.200 0.000 0.000 0.200 0.200 0.200 0.000 0.000 0.200 0.200 0.200 18/03/1961
0.000 0.000 0.000 0.000 0.000 0.000 0.000 0.000 0.000 0.000 0.000 0.000 0.000 0.000 0.000 0.000 0.000 0.000 0.000 0.000 0.000 0.000 0.000 0.000 0.000 0.000 0.000 0.000 0.000 0.000 19/03/1961
0.000 0.000 0.000 0.000 0.000 0.000 0.000 0.000 0.000 0.000 0.000 0.000 0.000 0.000 0.000 0.000 0.000 0.000 0.000 0.000 0.000 0.000 0.000 0.000 0.000 0.000 0.000 0.000 0.000 0.000 20/03/1961
0.000 0.000 0.000 0.000 0.000 0.000 0.000 0.000 0.000 0.000 0.000 0.000 0.000 0.000 0.000 0.000 0.000 0.000 0.000 0.000 0.000 0.000 0.000 0.000 0.000 0.000 0.000 0.000 0.000 0.000 21/03/1961
0.000 0.000 0.000 0.000 0.000 0.000 0.000 0.000 0.000 0.000 0.000 0.000 0.000 0.000 0.000 0.000 0.000 0.000 0.000 0.000 0.000 0.000 0.000 0.000 0.000 0.000 0.000 0.000 0.000 0.000 22/03/1961
0.000 0.000 0.000 0.000 0.000 0.000 0.000 0.000 0.000 0.000 0.000 0.000 0.000 0.000 0.000 0.000 0.000 0.000 0.000 0.000 0.000 0.000 0.000 0.000 0.000 0.000 0.000 0.000 0.000 0.000 23/03/1961
0.000 0.000 0.000 0.000 0.000 0.000 0.000 0.000 0.000 0.000 0.000 0.000 0.000 0.000 0.000 0.000 0.000 0.000 0.000 0.000 0.000 0.000 0.000 0.000 0.000 0.000 0.000 0.000 0.000 0.000 24/03/1961
0.000 0.000 0.000 0.000 0.000 0.000 0.000 0.000 0.000 0.000 0.000 0.000 0.000 0.000 0.000 0.000 0.000 0.000 0.000 0.000 0.000 0.000 0.000 0.000 0.000 0.000 0.000 0.000 0.000 0.000 25/03/1961
0.000 0.000 0.000 0.000 0.000 0.000 0.000 0.000 0.000 0.000 0.000 0.000 0.000 0.000 0.000 0.000 0.000 0.000 0.000 0.000 0.000 0.000 0.000 0.000 0.000 0.000 0.000 0.000 0.000 0.000 26/03/1961
0.000 0.000 0.000 0.000 0.000 0.000 0.000 0.000 0.000 0.000 0.000 0.000 0.000 0.000 0.000 0.000 0.000 0.000 0.000 0.000 0.000 0.000 0.000 0.000 0.000 0.000 0.000 0.000 0.000 0.000 27/03/1961
0.000 0.000 0.000 0.000 0.000 0.000 0.000 0.000 0.000 0.000 0.000 0.000 0.000 0.000 0.000 0.000 0.000 0.000 0.000 0.000 0.000 0.000 0.000 0.000 0.000 0.000 0.000 0.000 0.000 0.000 28/03/1961
0.000 0.000 0.000 0.000 0.000 0.000 0.000 0.000 0.000 0.000 0.000 0.000 0.000 0.000 0.000 0.000 0.000 0.000 0.000 0.000 0.000 0.000 0.000 0.000 0.000 0.000 0.000 0.000 0.000 0.000 29/03/1961
0.000 0.000 0.000 0.600 0.200 0.000 0.000 0.000 0.000 0.200 0.000 0.000 0.000 0.000 0.200 0.000 0.000 0.000 0.000 0.000 0.000 0.000 0.000 0.000 0.000 0.000 0.000 0.000 0.000 0.000 30/03/1961
0.000 0.000 0.000 0.200 0.300 0.000 0.000 0.000 0.600 0.300 0.000 0.000 0.600 0.600 0.300 0.200 0.000 0.600 0.600 0.600 0.200 0.000 0.600 0.600 0.600 0.200 0.000 0.600 0.600 0.600 31/03/1961
0.000 0.000 0.000 0.000 0.000 0.000 0.000 0.000 0.000 0.000 0.000 0.000 0.000 0.000 0.000 0.000 0.000 0.000 0.000 0.000 0.000 0.000 0.000 0.000 0.000 0.000 0.000 0.000 0.000 0.000 01/04/1961
0.000 0.000 0.000 0.000 0.000 0.000 0.000 0.000 0.000 0.000 0.000 0.000 0.000 0.000 0.000 0.000 0.000 0.000 0.000 0.000 0.000 0.000 0.000 0.000 0.000 0.000 0.000 0.000 0.000 0.000 02/04/1961
0.000 0.000 0.000 0.000 0.000 0.000 0.000 0.000 0.000 0.000 0.000 0.000 0.000 0.000 0.000 0.000 0.000 0.000 0.000 0.000 0.000 0.000 0.000 0.000 0.000 0.000 0.000 0.000 0.000 0.000 03/04/1961
0.000 0.000 0.000 0.000 0.000 0.000 0.000 0.000 0.000 0.000 0.000 0.000 0.000 0.000 0.000 0.000 0.000 0.000 0.000 0.000 0.000 0.000 0.000 0.000 0.000 0.000 0.000 0.000 0.000 0.000 04/04/1961
0.100 0.100 0.100 0.000 0.000 0.100 0.100 0.100 0.000 0.000 0.100 0.100 0.000 0.000 0.000 0.000 0.000 0.000 0.000 0.000 0.000 0.000 0.000 0.000 0.000 0.000 0.000 0.000 0.000 0.000 05/04/1961
0.000 0.000 0.000 0.000 0.000 0.000 0.000 0.000 0.000 0.000 0.000 0.000 0.000 0.000 0.000 0.000 0.000 0.000 0.000 0.000 0.000 0.000 0.000 0.000 0.000 0.000 0.000 0.000 0.000 0.000 06/04/1961
0.000 0.000 0.000 0.000 0.000 0.000 0.000 0.000 0.000 0.000 0.000 0.000 0.000 0.000 0.000 0.000 0.000 0.000 0.000 0.000 0.000 0.000 0.000 0.000 0.000 0.000 0.000 0.000 0.000 0.000 07/04/1961
0.000 0.000 0.000 0.100 0.000 0.000 0.000 0.000 0.000 0.000 0.000 0.000 0.000 0.000 0.000 0.000 0.000 0.000 0.000 0.000 0.000 0.000 0.000 0.000 0.000 0.000 0.000 0.000 0.000 0.000 08/04/1961
3.700 3.800 3.800 4.400 5.900 3.800 3.900 3.800 3.500 5.800 3.800 3.800 3.500 3.500 5.800 4.300 6.700 3.500 3.500 3.500 4.200 6.700 3.500 3.500 3.500 4.200 6.700 3.500 3.500 3.500 09/04/1961
3.700 3.700 3.700 7.800 8.700 3.800 3.800 3.800 10.200 8.600 3.800 3.800 10.100 10.200 8.600 4.800 4.300 10.200 10.300 10.300 4.800 4.300 10.200 10.100 10.100 4.800 4.300 10.000 10.100 10.300 10/04/1961
0.900 0.900 0.900 0.000 1.200 0.900 0.900 0.900 0.600 1.200 0.900 0.900 0.600 0.600 1.200 0.100 0.000 0.600 0.600 0.600 0.100 0.000 0.600 0.600 0.600 0.100 0.000 0.600 0.600 0.600 11/04/1961
0.000 0.000 0.000 0.000 0.000 0.000 0.000 0.000 0.000 0.000 0.000 0.000 0.000 0.000 0.000 0.000 0.000 0.000 0.000 0.000 0.000 0.000 0.000 0.000 0.000 0.000 0.000 0.000 0.000 0.000 12/04/1961
0.100 0.100 0.100 0.000 2.500 0.100 0.100 0.100 2.300 2.500 0.100 0.100 2.300 2.300 2.500 0.100 1.600 2.300 2.400 2.400 0.100 1.600 2.300 2.300 2.300 0.100 1.500 2.300 2.300 2.400 13/04/1961
4.500 4.500 4.600 3.800 2.700 4.600 4.600 4.600 5.100 2.600 4.600 4.600 5.100 5.100 2.600 15.900 6.400 5.100 5.100 5.100 15.700 6.400 5.100 5.100 5.100 15.500 6.300 5.000 5.100 5.100 14/04/1961
1.800 1.800 1.800 2.000 13.700 1.800 1.800 1.800 1.600 13.600 1.800 1.800 1.600 1.600 13.500 1.400 3.500 1.600 1.600 1.600 1.400 3.500 1.600 1.600 1.600 1.400 3.400 1.600 1.600 1.600 15/04/1961
8.400 8.400 8.500 10.600 6.800 8.500 8.600 8.500 5.000 6.700 8.500 8.500 4.900 5.000 6.700 5.900 7.400 5.000 5.000 5.000 5.900 7.500 5.000 4.900 4.900 5.800 7.400 4.900 4.900 5.000 16/04/1961
0.600 0.600 0.600 1.800 3.700 0.600 0.600 0.600 0.500 3.700 0.600 0.600 0.500 0.500 3.700 0.400 0.000 0.500 0.500 0.500 0.400 0.000 0.500 0.500 0.500 0.300 0.000 0.500 0.500 0.500 17/04/1961
0.000 0.000 0.000 0.000 0.000 0.000 0.000 0.000 0.000 0.000 0.000 0.000 0.000 0.000 0.000 0.000 0.000 0.000 0.000 0.000 0.000 0.000 0.000 0.000 0.000 0.000 0.000 0.000 0.000 0.000 18/04/1961
2.800 2.800 2.900 3.400 1.100 2.900 2.900 2.900 1.800 1.100 2.900 2.900 1.800 1.800 1.100 1.600 3.500 1.800 1.800 1.800 1.600 3.500 1.800 1.800 1.800 1.600 3.400 1.800 1.800 1.800 19/04/1961
1.300 1.300 1.300 1.100 1.600 1.300 1.300 1.300 0.700 1.600 1.300 1.300 0.700 0.700 1.600 0.100 3.300 0.700 0.700 0.700 0.100 3.300 0.700 0.700 0.700 0.100 3.200 0.600 0.600 0.700 20/04/1961
1.900 1.900 1.900 0.500 3.200 1.900 1.900 1.900 0.900 3.100 1.900 1.900 0.900 0.900 3.100 1.500 5.300 0.900 0.900 0.900 1.500 5.300 0.900 0.900 0.900 1.500 5.300 0.900 0.900 0.900 21/04/1961
5.400 5.500 5.500 7.400 7.100 5.500 5.600 5.500 5.300 7.000 5.500 5.500 5.300 5.300 7.000 8.600 12.200 5.300 5.300 5.300 8.600 12.200 5.300 5.300 5.300 8.500 12.100 5.200 5.200 5.300 22/04/1961
4.900 4.900 5.000 4.000 12.300 5.000 5.100 5.000 8.800 12.200 5.000 5.000 8.800 8.800 12.100 1.200 4.600 8.800 8.900 8.900 1.200 4.600 8.800 8.800 8.800 1.200 4.600 8.700 8.700 8.900 23/04/1961
0.000 0.000 0.000 4.200 0.000 0.000 0.000 0.000 0.000 0.000 0.000 0.000 0.000 0.000 0.000 0.000 0.000 0.000 0.000 0.000 0.000 0.000 0.000 0.000 0.000 0.000 0.000 0.000 0.000 0.000 24/04/1961
16.000 16.100 16.200 16.700 14.500 16.300 16.500 16.300 10.700 14.500 16.300 16.300 10.700 10.800 14.300 10.100 7.700 10.700 10.800 10.800 10.000 7.700 10.700 10.700 10.600 9.800 7.700 10.500 10.600 10.800 25/04/1961
2.200 2.300 2.300 1.100 2.400 2.300 2.300 2.300 7.900 2.300 2.300 2.300 7.900 7.900 2.300 0.700 3.500 7.900 8.000 8.000 0.700 3.500 7.900 7.900 7.900 0.700 3.400 7.800 7.800 8.000 26/04/1961
0.500 0.500 0.500 0.100 0.000 0.500 0.500 0.500 0.000 0.000 0.500 0.500 0.000 0.000 0.000 0.000 0.000 0.000 0.000 0.000 0.000 0.000 0.000 0.000 0.000 0.000 0.000 0.000 0.000 0.000 27/04/1961
2.600 2.600 2.600 0.000 1.300 2.700 2.700 2.700 0.900 1.300 2.700 2.600 0.900 0.900 1.300 1.200 2.400 0.900 0.900 0.900 1.200 2.400 0.900 0.900 0.900 1.200 2.400 0.900 0.900 0.900 28/04/1961
0.000 0.000 0.000 0.500 0.000 0.000 0.000 0.000 0.400 0.000 0.000 0.000 0.400 0.400 0.000 0.000 0.600 0.400 0.400 0.400 0.000 0.600 0.400 0.400 0.400 0.000 0.600 0.400 0.400 0.400 29/04/1961
2.000 2.000 2.000 2.300 2.300 2.000 2.100 2.000 1.800 2.300 2.000 2.000 1.800 1.800 2.300 2.300 2.400 1.800 1.800 1.800 2.300 2.400 1.800 1.800 1.800 2.300 2.400 1.800 1.800 1.800 30/04/1961
2.300 2.300 2.400 3.200 3.200 2.400 2.400 2.400 2.100 3.200 2.400 2.400 2.100 2.200 3.200 1.900 1.500 2.100 2.200 2.200 1.900 1.500 2.100 2.100 2.100 1.900 1.500 2.100 2.100 2.200 01/05/1961
14.300 14.400 14.400 13.300 13.000 14.500 14.700 14.500 10.000 12.900 14.500 14.500 9.900 10.000 12.800 6.400 5.100 10.000 10.100 10.100 6.300 5.100 10.000 9.900 9.900 6.300 5.000 9.800 9.800 10.100 02/05/1961
3.000 3.000 3.000 3.000 9.300 3.000 3.100 3.000 1.100 9.200 3.000 3.000 1.100 1.100 9.100 2.600 3.200 1.100 1.200 1.200 2.500 3.200 1.100 1.100 1.100 2.500 3.100 1.100 1.100 1.200 03/05/1961
4.400 4.400 4.400 12.500 1.000 4.500 4.500 4.500 14.000 1.000 4.400 4.400 13.900 14.000 1.000 2.400 4.300 13.900 14.100 14.000 2.300 4.300 14.000 13.900 13.900 2.300 4.300 13.800 13.800 14.000 04/05/1961
13.900 14.000 14.100 14.000 9.500 14.200 14.300 14.200 9.100 9.500 14.200 14.100 9.000 9.100 9.400 13.900 4.300 9.100 9.200 9.200 13.800 4.300 9.100 9.000 9.000 13.600 4.300 8.900 9.000 9.200 05/05/1961
0.000 0.000 0.000 0.000 0.000 0.000 0.000 0.000 0.500 0.000 0.000 0.000 0.500 0.600 0.000 0.000 0.300 0.500 0.600 0.600 0.000 0.300 0.500 0.500 0.500 0.000 0.300 0.500 0.500 0.600 06/05/1961
1.600 1.600 1.600 1.400 0.400 1.600 1.700 1.600 0.100 0.400 1.600 1.600 0.100 0.100 0.400 0.700 0.000 0.100 0.100 0.100 0.700 0.000 0.100 0.100 0.100 0.700 0.000 0.100 0.100 0.100 07/05/1961
0.000 0.000 0.000 0.000 0.000 0.000 0.000 0.000 0.000 0.000 0.000 0.000 0.000 0.000 0.000 0.000 0.000 0.000 0.000 0.000 0.000 0.000 0.000 0.000 0.000 0.000 0.000 0.000 0.000 0.000 08/05/1961
0.000 0.000 0.000 0.000 0.000 0.000 0.000 0.000 0.000 0.000 0.000 0.000 0.000 0.000 0.000 0.000 0.000 0.000 0.000 0.000 0.000 0.000 0.000 0.000 0.000 0.000 0.000 0.000 0.000 0.000 09/05/1961
0.000 0.000 0.000 0.000 0.000 0.000 0.000 0.000 0.000 0.000 0.000 0.000 0.000 0.000 0.000 0.000 0.000 0.000 0.000 0.000 0.000 0.000 0.000 0.000 0.000 0.000 0.000 0.000 0.000 0.000 10/05/1961
0.000 0.000 0.000 0.000 0.000 0.000 0.000 0.000 0.000 0.000 0.000 0.000 0.000 0.000 0.000 0.000 0.000 0.000 0.000 0.000 0.000 0.000 0.000 0.000 0.000 0.000 0.000 0.000 0.000 0.000 11/05/1961
0.000 0.000 0.000 0.000 0.000 0.000 0.000 0.000 0.000 0.000 0.000 0.000 0.000 0.000 0.000 0.000 0.000 0.000 0.000 0.000 0.000 0.000 0.000 0.000 0.000 0.000 0.000 0.000 0.000 0.000 12/05/1961
0.000 0.000 0.000 0.000 0.000 0.000 0.000 0.000 0.000 0.000 0.000 0.000 0.000 0.000 0.000 0.000 0.000 0.000 0.000 0.000 0.000 0.000 0.000 0.000 0.000 0.000 0.000 0.000 0.000 0.000 13/05/1961
0.000 0.000 0.000 0.000 0.000 0.000 0.000 0.000 0.000 0.000 0.000 0.000 0.000 0.000 0.000 0.000 0.000 0.000 0.000 0.000 0.000 0.000 0.000 0.000 0.000 0.000 0.000 0.000 0.000 0.000 14/05/1961
0.000 0.000 0.000 0.000 0.000 0.000 0.000 0.000 0.000 0.000 0.000 0.000 0.000 0.000 0.000 0.000 0.000 0.000 0.000 0.000 0.000 0.000 0.000 0.000 0.000 0.000 0.000 0.000 0.000 0.000 15/05/1961
0.000 0.000 0.000 0.000 6.400 0.000 0.000 0.000 0.900 6.400 0.000 0.000 0.900 0.900 6.300 2.300 4.200 0.900 0.900 0.900 2.300 4.200 0.900 0.900 0.900 2.300 4.200 0.900 0.900 0.900 16/05/1961
0.000 0.000 0.000 0.000 1.300 0.000 0.000 0.000 0.800 1.300 0.000 0.000 0.800 0.800 1.300 0.000 2.600 0.800 0.800 0.800 0.000 2.600 0.800 0.800 0.800 0.000 2.600 0.800 0.800 0.800 17/05/1961
0.000 0.000 0.000 0.000 0.000 0.000 0.000 0.000 0.500 0.000 0.000 0.000 0.500 0.500 0.000 0.000 0.000 0.500 0.500 0.500 0.000 0.000 0.500 0.500 0.500 0.000 0.000 0.500 0.500 0.500 18/05/1961
0.000 0.000 0.000 0.000 0.000 0.000 0.000 0.000 0.000 0.000 0.000 0.000 0.000 0.000 0.000 0.000 0.000 0.000 0.000 0.000 0.000 0.000 0.000 0.000 0.000 0.000 0.000 0.000 0.000 0.000 19/05/1961
0.000 0.000 0.000 0.000 0.000 0.000 0.000 0.000 0.000 0.000 0.000 0.000 0.000 0.000 0.000 0.000 0.000 0.000 0.000 0.000 0.000 0.000 0.000 0.000 0.000 0.000 0.000 0.000 0.000 0.000 20/05/1961
0.000 0.000 0.000 0.000 0.000 0.000 0.000 0.000 0.000 0.000 0.000 0.000 0.000 0.000 0.000 0.000 0.000 0.000 0.000 0.000 0.000 0.000 0.000 0.000 0.000 0.000 0.000 0.000 0.000 0.000 21/05/1961
0.000 0.000 0.000 0.000 0.000 0.000 0.000 0.000 0.000 0.000 0.000 0.000 0.000 0.000 0.000 0.000 0.000 0.000 0.000 0.000 0.000 0.000 0.000 0.000 0.000 0.000 0.000 0.000 0.000 0.000 22/05/1961
0.000 0.000 0.000 0.000 0.000 0.000 0.000 0.000 0.000 0.000 0.000 0.000 0.000 0.000 0.000 0.000 0.000 0.000 0.000 0.000 0.000 0.000 0.000 0.000 0.000 0.000 0.000 0.000 0.000 0.000 23/05/1961
15.600 15.700 15.800 16.800 7.500 15.900 16.100 15.900 9.000 7.400 15.900 15.900 8.900 9.000 7.400 4.500 0.700 9.000 9.000 9.000 4.500 0.700 9.000 8.900 8.900 4.400 0.700 8.900 8.900 9.000 24/05/1961
4.600 4.600 4.600 7.900 10.000 4.700 4.700 4.700 2.000 9.900 4.700 4.600 2.000 2.000 9.800 1.800 0.500 2.000 2.000 2.000 1.800 0.500 2.000 2.000 2.000 1.800 0.500 1.900 1.900 2.000 25/05/1961
11.500 11.600 11.600 9.300 9.200 11.700 11.800 11.700 0.800 9.100 11.700 11.700 0.800 0.800 9.100 6.900 2.500 0.800 0.800 0.800 6.800 2.500 0.800 0.800 0.800 6.700 2.500 0.700 0.700 0.800 26/05/1961
0.000 0.000 0.000 0.000 2.500 0.000 0.000 0.000 0.400 2.500 0.000 0.000 0.400 0.400 2.500 0.000 0.000 0.400 0.400 0.400 0.000 0.000 0.400 0.400 0.400 0.000 0.000 0.400 0.400 0.400 27/05/1961
0.000 0.000 0.000 0.000 0.000 0.000 0.000 0.000 0.000 0.000 0.000 0.000 0.000 0.000 0.000 0.000 0.000 0.000 0.000 0.000 0.000 0.000 0.000 0.000 0.000 0.000 0.000 0.000 0.000 0.000 28/05/1961
0.000 0.000 0.000 0.000 0.000 0.000 0.000 0.000 0.000 0.000 0.000 0.000 0.000 0.000 0.000 0.000 0.000 0.000 0.000 0.000 0.000 0.000 0.000 0.000 0.000 0.000 0.000 0.000 0.000 0.000 29/05/1961
16.400 16.500 16.500 2.800 0.000 16.700 16.900 16.700 1.200 0.000 16.600 16.600 1.200 1.200 0.000 12.200 8.400 1.200 1.200 1.200 12.000 8.400 1.200 1.200 1.200 11.900 8.300 1.200 1.200 1.200 30/05/1961
6.900 7.000 7.000 4.800 1.100 7.000 7.100 7.000 3.500 1.100 7.000 7.000 3.500 3.500 1.000 15.200 6.700 3.500 3.500 3.500 15.100 6.700 3.500 3.500 3.500 14.900 6.700 3.500 3.500 3.500 31/05/1961
4.000 4.100 4.100 6.500 6.800 4.100 4.200 4.100 7.100 6.800 4.100 4.100 7.100 7.200 6.700 5.500 4.700 7.100 7.200 7.200 5.400 4.700 7.100 7.100 7.100 5.400 4.600 7.000 7.000 7.200 01/06/1961
1.000 1.000 1.000 0.200 0.800 1.100 1.100 1.100 0.600 0.800 1.100 1.100 0.600 0.600 0.800 0.200 2.400 0.600 0.600 0.600 0.200 2.400 0.600 0.600 0.600 0.100 2.400 0.600 0.600 0.600 02/06/1961
0.000 0.000 0.000 0.000 0.000 0.000 0.000 0.000 0.000 0.000 0.000 0.000 0.000 0.000 0.000 0.000 0.000 0.000 0.000 0.000 0.000 0.000 0.000 0.000 0.000 0.000 0.000 0.000 0.000 0.000 03/06/1961
0.100 0.100 0.100 0.200 2.300 0.100 0.100 0.100 0.000 2.200 0.100 0.100 0.000 0.000 2.200 0.000 0.000 0.000 0.000 0.000 0.000 0.000 0.000 0.000 0.000 0.000 0.000 0.000 0.000 0.000 04/06/1961
0.100 0.100 0.200 1.900 4.400 0.200 0.200 0.200 0.600 4.400 0.200 0.200 0.600 0.600 4.400 0.100 2.000 0.600 0.600 0.600 0.100 2.000 0.600 0.600 0.600 0.100 2.000 0.600 0.600 0.600 05/06/1961
1.600 1.600 1.600 1.800 5.000 1.600 1.600 1.600 3.900 5.000 1.600 1.600 3.900 3.900 4.900 7.100 3.900 3.900 3.900 3.900 7.000 3.900 3.900 3.900 3.900 6.900 3.900 3.800 3.800 3.900 06/06/1961
0.000 0.000 0.000 0.100 1.600 0.000 0.000 0.000 0.500 1.600 0.000 0.000 0.500 0.500 1.600 0.000 1.900 0.500 0.500 0.500 0.000 1.900 0.500 0.500 0.500 0.000 1.900 0.500 0.500 0.500 07/06/1961
4.200 4.200 4.300 8.400 1.000 4.300 4.300 4.300 0.400 1.000 4.300 4.300 0.400 0.500 0.900 0.200 0.000 0.400 0.500 0.500 0.200 0.000 0.400 0.400 0.400 0.200 0.000 0.400 0.400 0.500 08/06/1961
2.900 2.900 2.900 0.300 1.900 2.900 3.000 2.900 2.500 1.900 2.900 2.900 2.500 2.600 1.800 1.700 0.000 2.500 2.600 2.600 1.600 0.000 2.500 2.500 2.500 1.600 0.000 2.500 2.500 2.600 09/06/1961
0.100 0.100 0.100 0.200 0.000 0.100 0.200 0.100 0.000 0.000 0.100 0.100 0.000 0.000 0.000 0.000 0.000 0.000 0.000 0.000 0.000 0.000 0.000 0.000 0.000 0.000 0.000 0.000 0.000 0.000 10/06/1961
1.300 1.300 1.300 4.200 1.200 1.300 1.300 1.300 3.100 1.200 1.300 1.300 3.100 3.100 1.100 0.000 0.600 3.100 3.100 3.100 0.000 0.600 3.100 3.100 3.100 0.000 0.600 3.000 3.000 3.100 11/06/1961
5.800 5.800 5.800 4.500 2.000 5.900 5.900 5.900 5.500 2.000 5.900 5.900 5.500 5.600 1.900 5.800 0.800 5.500 5.600 5.600 5.800 0.800 5.500 5.500 5.500 5.700 0.800 5.500 5.500 5.600 12/06/1961
0.400 0.400 0.400 0.000 5.800 0.400 0.400 0.400 0.800 5.700 0.400 0.400 0.800 0.800 5.700 0.300 1.600 0.800 0.800 0.800 0.300 1.600 0.800 0.800 0.800 0.300 1.600 0.800 0.800 0.800 13/06/1961
0.000 0.000 0.000 0.000 0.000 0.000 0.000 0.000 0.000 0.000 0.000 0.000 0.000 0.000 0.000 0.000 0.000 0.000 0.000 0.000 0.000 0.000 0.000 0.000 0.000 0.000 0.000 0.000 0.000 0.000 14/06/1961
0.000 0.000 0.000 0.000 0.000 0.000 0.000 0.000 0.000 0.000 0.000 0.000 0.000 0.000 0.000 0.000 0.000 0.000 0.000 0.000 0.000 0.000 0.000 0.000 0.000 0.000 0.000 0.000 0.000 0.000 15/06/1961
0.000 0.000 0.000 0.000 0.000 0.000 0.000 0.000 0.000 0.000 0.000 0.000 0.000 0.000 0.000 0.000 0.000 0.000 0.000 0.000 0.000 0.000 0.000 0.000 0.000 0.000 0.000 0.000 0.000 0.000 16/06/1961
0.000 0.000 0.000 0.000 0.000 0.000 0.000 0.000 0.000 0.000 0.000 0.000 0.000 0.000 0.000 0.000 0.000 0.000 0.000 0.000 0.000 0.000 0.000 0.000 0.000 0.000 0.000 0.000 0.000 0.000 17/06/1961
0.000 0.000 0.000 0.000 0.000 0.000 0.000 0.000 0.000 0.000 0.000 0.000 0.000 0.000 0.000 0.000 0.000 0.000 0.000 0.000 0.000 0.000 0.000 0.000 0.000 0.000 0.000 0.000 0.000 0.000 18/06/1961
0.000 0.000 0.000 0.000 0.000 0.000 0.000 0.000 0.000 0.000 0.000 0.000 0.000 0.000 0.000 0.000 0.000 0.000 0.000 0.000 0.000 0.000 0.000 0.000 0.000 0.000 0.000 0.000 0.000 0.000 19/06/1961
0.000 0.000 0.000 0.000 0.000 0.000 0.000 0.000 0.000 0.000 0.000 0.000 0.000 0.000 0.000 0.000 0.000 0.000 0.000 0.000 0.000 0.000 0.000 0.000 0.000 0.000 0.000 0.000 0.000 0.000 20/06/1961
0.000 0.000 0.000 0.000 0.000 0.000 0.000 0.000 0.000 0.000 0.000 0.000 0.000 0.000 0.000 0.000 0.000 0.000 0.000 0.000 0.000 0.000 0.000 0.000 0.000 0.000 0.000 0.000 0.000 0.000 21/06/1961
0.000 0.000 0.000 0.000 0.000 0.000 0.000 0.000 0.000 0.000 0.000 0.000 0.000 0.000 0.000 0.000 0.000 0.000 0.000 0.000 0.000 0.000 0.000 0.000 0.000 0.000 0.000 0.000 0.000 0.000 22/06/1961
0.000 0.000 0.000 0.000 0.000 0.000 0.000 0.000 0.000 0.000 0.000 0.000 0.000 0.000 0.000 0.000 0.000 0.000 0.000 0.000 0.000 0.000 0.000 0.000 0.000 0.000 0.000 0.000 0.000 0.000 23/06/1961
0.000 0.000 0.000 0.000 0.000 0.000 0.000 0.000 0.000 0.000 0.000 0.000 0.000 0.000 0.000 0.000 0.000 0.000 0.000 0.000 0.000 0.000 0.000 0.000 0.000 0.000 0.000 0.000 0.000 0.000 24/06/1961
9.000 9.000 9.100 6.800 0.500 9.200 9.300 9.200 1.000 0.500 9.100 9.100 1.000 1.000 0.500 2.500 17.000 1.000 1.000 1.000 2.500 17.100 1.000 1.000 1.000 2.400 16.900 1.000 1.000 1.000 25/06/1961
4.300 4.400 4.400 4.800 1.000 4.400 4.500 4.400 0.800 1.000 4.400 4.400 0.800 0.800 1.000 8.400 2.600 0.800 0.800 0.800 8.300 2.700 0.800 0.800 0.800 8.200 2.600 0.800 0.800 0.800 26/06/1961
0.000 0.000 0.000 0.000 7.800 0.000 0.000 0.000 1.300 7.700 0.000 0.000 1.300 1.300 7.700 0.000 0.000 1.300 1.400 1.400 0.000 0.000 1.300 1.300 1.300 0.000 0.000 1.300 1.300 1.400 27/06/1961
0.000 0.000 0.000 0.000 0.000 0.000 0.000 0.000 0.000 0.000 0.000 0.000 0.000 0.000 0.000 0.000 0.000 0.000 0.000 0.000 0.000 0.000 0.000 0.000 0.000 0.000 0.000 0.000 0.000 0.000 28/06/1961
0.000 0.000 0.000 0.000 0.000 0.000 0.000 0.000 0.000 0.000 0.000 0.000 0.000 0.000 0.000 0.000 0.000 0.000 0.000 0.000 0.000 0.000 0.000 0.000 0.000 0.000 0.000 0.000 0.000 0.000 29/06/1961
0.000 0.000 0.000 0.000 0.000 0.000 0.000 0.000 0.000 0.000 0.000 0.000 0.000 0.000 0.000 0.000 0.000 0.000 0.000 0.000 0.000 0.000 0.000 0.000 0.000 0.000 0.000 0.000 0.000 0.000 30/06/1961
0.000 0.000 0.000 0.000 0.000 0.000 0.000 0.000 0.000 0.000 0.000 0.000 0.000 0.000 0.000 0.000 0.000 0.000 0.000 0.000 0.000 0.000 0.000 0.000 0.000 0.000 0.000 0.000 0.000 0.000 01/07/1961
0.000 0.000 0.000 0.000 0.000 0.000 0.000 0.000 0.000 0.000 0.000 0.000 0.000 0.000 0.000 0.000 0.000 0.000 0.000 0.000 0.000 0.000 0.000 0.000 0.000 0.000 0.000 0.000 0.000 0.000 02/07/1961
0.000 0.000 0.000 0.000 0.100 0.000 0.000 0.000 0.000 0.100 0.000 0.000 0.000 0.000 0.100 0.000 0.000 0.000 0.000 0.000 0.000 0.000 0.000 0.000 0.000 0.000 0.000 0.000 0.000 0.000 03/07/1961
0.000 0.000 0.000 0.000 0.000 0.000 0.000 0.000 0.000 0.000 0.000 0.000 0.000 0.000 0.000 0.000 0.000 0.000 0.000 0.000 0.000 0.000 0.000 0.000 0.000 0.000 0.000 0.000 0.000 0.000 04/07/1961
0.000 0.000 0.000 0.000 0.000 0.000 0.000 0.000 0.000 0.000 0.000 0.000 0.000 0.000 0.000 0.000 0.000 0.000 0.000 0.000 0.000 0.000 0.000 0.000 0.000 0.000 0.000 0.000 0.000 0.000 05/07/1961
0.000 0.000 0.000 0.000 0.000 0.000 0.000 0.000 0.000 0.000 0.000 0.000 0.000 0.000 0.000 0.000 0.000 0.000 0.000 0.000 0.000 0.000 0.000 0.000 0.000 0.000 0.000 0.000 0.000 0.000 06/07/1961
0.000 0.000 0.000 0.000 0.000 0.000 0.000 0.000 0.000 0.000 0.000 0.000 0.000 0.000 0.000 0.000 0.000 0.000 0.000 0.000 0.000 0.000 0.000 0.000 0.000 0.000 0.000 0.000 0.000 0.000 07/07/1961
0.000 0.000 0.000 0.000 0.000 0.000 0.000 0.000 0.000 0.000 0.000 0.000 0.000 0.000 0.000 0.000 0.000 0.000 0.000 0.000 0.000 0.000 0.000 0.000 0.000 0.000 0.000 0.000 0.000 0.000 08/07/1961
0.000 0.000 0.000 0.000 0.000 0.000 0.000 0.000 0.000 0.000 0.000 0.000 0.000 0.000 0.000 0.000 0.000 0.000 0.000 0.000 0.000 0.000 0.000 0.000 0.000 0.000 0.000 0.000 0.000 0.000 09/07/1961
0.000 0.000 0.000 0.000 0.000 0.000 0.000 0.000 0.000 0.000 0.000 0.000 0.000 0.000 0.000 0.000 0.000 0.000 0.000 0.000 0.000 0.000 0.000 0.000 0.000 0.000 0.000 0.000 0.000 0.000 10/07/1961
0.000 0.000 0.000 0.000 0.000 0.000 0.000 0.000 0.000 0.000 0.000 0.000 0.000 0.000 0.000 0.000 0.000 0.000 0.000 0.000 0.000 0.000 0.000 0.000 0.000 0.000 0.000 0.000 0.000 0.000 11/07/1961
16.300 16.400 16.500 20.200 16.600 16.600 16.800 16.600 11.600 16.600 16.600 16.600 11.500 11.700 16.400 16.300 4.400 11.600 11.700 11.700 16.200 4.500 11.600 11.500 11.500 16.000 4.400 11.400 11.400 11.700 12/07/1961
19.000 19.100 19.200 20.600 8.500 19.300 19.500 19.300 8.600 8.500 19.300 19.300 8.600 8.700 8.400 14.000 1.300 8.600 8.700 8.700 13.900 1.300 8.600 8.600 8.600 13.700 1.300 8.500 8.500 8.700 13/07/1961
11.300 11.400 11.400 14.000 22.700 11.500 11.600 11.500 10.900 22.500 11.500 11.500 10.900 11.000 22.400 10.700 3.700 10.900 11.000 11.000 10.600 3.700 10.900 10.800 10.800 10.500 3.700 10.700 10.800 11.000 14/07/1961
2.200 2.200 2.200 7.800 3.000 2.200 2.300 2.200 5.800 3.000 2.200 2.200 5.800 5.800 3.000 6.300 1.400 5.800 5.800 5.800 6.300 1.400 5.800 5.800 5.800 6.200 1.400 5.700 5.700 5.800 15/07/1961
6.700 6.700 6.800 5.700 7.200 6.800 6.900 6.800 3.700 7.200 6.800 6.800 3.700 3.700 7.100 3.400 3.100 3.700 3.800 3.800 3.400 3.100 3.700 3.700 3.700 3.400 3.000 3.600 3.600 3.800 16/07/1961
3.800 3.800 3.800 6.400 7.600 3.800 3.900 3.800 6.200 7.600 3.800 3.800 6.200 6.200 7.500 6.500 4.100 6.200 6.300 6.200 6.400 4.100 6.200 6.200 6.200 6.300 4.100 6.200 6.200 6.300 17/07/1961
9.200 9.200 9.300 10.000 20.600 9.400 9.500 9.400 12.500 20.500 9.300 9.300 12.400 12.500 20.300 7.800 7.100 12.500 12.600 12.600 7.700 7.100 12.500 12.400 12.400 7.600 7.100 12.300 12.300 12.600 18/07/1961
7.100 7.200 7.200 10.500 10.700 7.200 7.300 7.200 1.100 10.600 7.200 7.200 1.100 1.100 10.500 0.400 4.300 1.100 1.100 1.100 0.400 4.300 1.100 1.100 1.100 0.300 4.300 1.100 1.100 1.100 19/07/1961
0.000 0.000 0.000 0.000 0.000 0.000 0.000 0.000 0.000 0.000 0.000 0.000 0.000 0.000 0.000 0.000 2.300 0.000 0.000 0.000 0.000 2.300 0.000 0.000 0.000 0.000 2.300 0.000 0.000 0.000 20/07/1961
0.000 0.000 0.000 5.500 0.000 0.000 0.000 0.000 0.000 0.000 0.000 0.000 0.000 0.000 0.000 1.200 0.000 0.000 0.000 0.000 1.200 0.000 0.000 0.000 0.000 1.200 0.000 0.000 0.000 0.000 21/07/1961
1.900 1.900 2.000 0.000 0.000 2.000 2.000 2.000 0.100 0.000 2.000 2.000 0.100 0.100 0.000 0.100 5.500 0.100 0.100 0.100 0.100 5.500 0.100 0.100 0.100 0.100 5.500 0.100 0.100 0.100 22/07/1961
1.000 1.000 1.000 1.600 0.100 1.000 1.000 1.000 0.600 0.100 1.000 1.000 0.600 0.600 0.100 0.000 0.000 0.600 0.600 0.600 0.000 0.000 0.600 0.600 0.600 0.000 0.000 0.600 0.600 0.600 23/07/1961
0.000 0.000 0.000 0.000 0.000 0.000 0.000 0.000 0.000 0.000 0.000 0.000 0.000 0.000 0.000 0.000 0.000 0.000 0.000 0.000 0.000 0.000 0.000 0.000 0.000 0.000 0.000 0.000 0.000 0.000 24/07/1961
0.000 0.000 0.000 0.000 0.000 0.000 0.000 0.000 0.000 0.000 0.000 0.000 0.000 0.000 0.000 0.000 0.000 0.000 0.000 0.000 0.000 0.000 0.000 0.000 0.000 0.000 0.000 0.000 0.000 0.000 25/07/1961
0.000 0.000 0.000 0.000 0.000 0.000 0.000 0.000 0.000 0.000 0.000 0.000 0.000 0.000 0.000 0.000 0.000 0.000 0.000 0.000 0.000 0.000 0.000 0.000 0.000 0.000 0.000 0.000 0.000 0.000 26/07/1961
1.900 1.900 1.900 1.200 3.500 1.900 1.900 1.900 1.100 3.500 1.900 1.900 1.000 1.100 3.500 2.000 1.000 1.100 1.100 1.100 2.000 1.000 1.100 1.000 1.000 2.000 1.000 1.000 1.000 1.100 27/07/1961
1.800 1.800 1.800 3.800 7.100 1.800 1.800 1.800 1.200 7.000 1.800 1.800 1.200 1.200 7.000 2.400 1.500 1.200 1.300 1.300 2.400 1.500 1.200 1.200 1.200 2.300 1.500 1.200 1.200 1.300 28/07/1961
0.000 0.000 0.000 0.000 0.000 0.000 0.000 0.000 0.000 0.000 0.000 0.000 0.000 0.000 0.000 0.000 0.000 0.000 0.000 0.000 0.000 0.000 0.000 0.000 0.000 0.000 0.000 0.000 0.000 0.000 29/07/1961
0.000 0.000 0.000 0.000 0.000 0.000 0.000 0.000 0.000 0.000 0.000 0.000 0.000 0.000 0.000 0.000 0.000 0.000 0.000 0.000 0.000 0.000 0.000 0.000 0.000 0.000 0.000 0.000 0.000 0.000 30/07/1961
0.000 0.000 0.000 0.000 0.000 0.000 0.000 0.000 0.000 0.000 0.000 0.000 0.000 0.000 0.000 0.000 0.000 0.000 0.000 0.000 0.000 0.000 0.000 0.000 0.000 0.000 0.000 0.000 0.000 0.000 31/07/1961
