# 6448 6449 6450 6451 6452 6528 6529 6530 6531 6532 6610 6611 6612 6613 6614 6693 6694 6695 6696 6697 6776 6777 6778 6779 6780 6859 6860 6861 6862 6863 Date
1.900 1.900 1.900 3.000 5.700 2.000 2.000 2.000 0.800 5.700 2.000 2.000 0.800 0.800 5.600 0.700 0.100 0.800 0.800 0.800 0.700 0.100 0.800 0.800 0.800 0.700 0.100 0.800 0.800 0.800 01/08/1991
0.000 0.000 0.000 0.000 0.000 0.000 0.000 0.000 0.000 0.000 0.000 0.000 0.000 0.000 0.000 0.000 0.000 0.000 0.000 0.000 0.000 0.000 0.000 0.000 0.000 0.000 0.000 0.000 0.000 0.000 02/08/1991
0.000 0.000 0.000 0.000 0.000 0.000 0.000 0.000 0.000 0.000 0.000 0.000 0.000 0.000 0.000 0.000 0.000 0.000 0.000 0.000 0.000 0.000 0.000 0.000 0.000 0.000 0.000 0.000 0.000 0.000 03/08/1991
0.000 0.000 0.000 0.000 0.000 0.000 0.000 0.000 0.000 0.000 0.000 0.000 0.000 0.000 0.000 0.000 0.000 0.000 0.000 0.000 0.000 0.000 0.000 0.000 0.000 0.000 0.000 0.000 0.000 0.000 04/08/1991
0.000 0.000 0.000 0.000 0.000 0.000 0.000 0.000 0.000 0.000 0.000 0.000 0.000 0.000 0.000 0.000 0.000 0.000 0.000 0.000 0.000 0.000 0.000 0.000 0.000 0.000 0.000 0.000 0.000 0.000 05/08/1991
0.000 0.000 0.000 0.000 0.000 0.000 0.000 0.000 0.000 0.000 0.000 0.000 0.000 0.000 0.000 0.000 0.000 0.000 0.000 0.000 0.000 0.000 0.000 0.000 0.000 0.000 0.000 0.000 0.000 0.000 06/08/1991
1.400 1.400 1.400 4.100 5.200 1.400 1.400 1.400 3.100 5.200 1.400 1.400 3.100 3.100 5.100 1.800 2.100 3.100 3.100 3.100 1.800 2.100 3.100 3.100 3.100 1.700 2.100 3.100 3.100 3.100 07/08/1991
11.800 11.900 12.000 7.600 8.400 12.100 12.200 12.100 5.100 8.300 12.000 12.000 5.100 5.100 8.200 2.500 2.700 5.100 5.100 5.100 2.500 2.700 5.100 5.100 5.100 2.400 2.700 5.000 5.000 5.100 08/08/1991
0.000 0.000 0.000 0.000 0.000 0.000 0.000 0.000 0.000 0.000 0.000 0.000 0.000 0.000 0.000 0.000 0.000 0.000 0.000 0.000 0.000 0.000 0.000 0.000 0.000 0.000 0.000 0.000 0.000 0.000 09/08/1991
0.000 0.000 0.000 0.000 0.000 0.000 0.000 0.000 0.000 0.000 0.000 0.000 0.000 0.000 0.000 0.000 0.000 0.000 0.000 0.000 0.000 0.000 0.000 0.000 0.000 0.000 0.000 0.000 0.000 0.000 10/08/1991
0.000 0.000 0.000 0.000 0.000 0.000 0.000 0.000 0.000 0.000 0.000 0.000 0.000 0.000 0.000 0.000 0.000 0.000 0.000 0.000 0.000 0.000 0.000 0.000 0.000 0.000 0.000 0.000 0.000 0.000 11/08/1991
0.000 0.000 0.000 0.000 2.800 0.000 0.000 0.000 0.000 2.800 0.000 0.000 0.000 0.000 2.700 0.000 0.000 0.000 0.000 0.000 0.000 0.000 0.000 0.000 0.000 0.000 0.000 0.000 0.000 0.000 12/08/1991
0.000 0.000 0.000 0.000 0.200 0.000 0.000 0.000 0.200 0.200 0.000 0.000 0.200 0.200 0.200 0.000 0.000 0.200 0.200 0.200 0.000 0.000 0.200 0.200 0.200 0.000 0.000 0.200 0.200 0.200 13/08/1991
0.000 0.000 0.000 0.000 0.000 0.000 0.000 0.000 0.000 0.000 0.000 0.000 0.000 0.000 0.000 0.000 0.000 0.000 0.000 0.000 0.000 0.000 0.000 0.000 0.000 0.000 0.000 0.000 0.000 0.000 14/08/1991
0.000 0.000 0.000 0.000 0.000 0.000 0.000 0.000 0.000 0.000 0.000 0.000 0.000 0.000 0.000 0.000 0.000 0.000 0.000 0.000 0.000 0.000 0.000 0.000 0.000 0.000 0.000 0.000 0.000 0.000 15/08/1991
0.000 0.000 0.000 0.000 0.000 0.000 0.000 0.000 0.000 0.000 0.000 0.000 0.000 0.000 0.000 0.000 0.000 0.000 0.000 0.000 0.000 0.000 0.000 0.000 0.000 0.000 0.000 0.000 0.000 0.000 16/08/1991
0.000 0.000 0.000 0.000 0.000 0.000 0.000 0.000 0.000 0.000 0.000 0.000 0.000 0.000 0.000 0.000 0.000 0.000 0.000 0.000 0.000 0.000 0.000 0.000 0.000 0.000 0.000 0.000 0.000 0.000 17/08/1991
0.000 0.000 0.000 0.000 0.000 0.000 0.000 0.000 0.000 0.000 0.000 0.000 0.000 0.000 0.000 0.000 0.000 0.000 0.000 0.000 0.000 0.000 0.000 0.000 0.000 0.000 0.000 0.000 0.000 0.000 18/08/1991
0.000 0.000 0.000 0.000 0.000 0.000 0.000 0.000 0.000 0.000 0.000 0.000 0.000 0.000 0.000 0.000 0.000 0.000 0.000 0.000 0.000 0.000 0.000 0.000 0.000 0.000 0.000 0.000 0.000 0.000 19/08/1991
0.000 0.000 0.000 0.000 0.000 0.000 0.000 0.000 0.000 0.000 0.000 0.000 0.000 0.000 0.000 0.000 0.000 0.000 0.000 0.000 0.000 0.000 0.000 0.000 0.000 0.000 0.000 0.000 0.000 0.000 20/08/1991
2.400 2.400 2.400 2.000 1.100 2.400 2.500 2.400 1.100 1.100 2.400 2.400 1.100 1.100 1.100 2.500 1.500 1.100 1.100 1.100 2.400 1.500 1.100 1.100 1.100 2.400 1.500 1.000 1.000 1.100 21/08/1991
0.000 0.000 0.000 0.000 0.000 0.000 0.000 0.000 0.000 0.000 0.000 0.000 0.000 0.000 0.000 0.000 0.000 0.000 0.000 0.000 0.000 0.000 0.000 0.000 0.000 0.000 0.000 0.000 0.000 0.000 22/08/1991
0.000 0.000 0.000 0.000 0.000 0.000 0.000 0.000 0.000 0.000 0.000 0.000 0.000 0.000 0.000 0.000 0.000 0.000 0.000 0.000 0.000 0.000 0.000 0.000 0.000 0.000 0.000 0.000 0.000 0.000 23/08/1991
0.000 0.000 0.000 0.000 0.000 0.000 0.000 0.000 0.000 0.000 0.000 0.000 0.000 0.000 0.000 0.000 0.000 0.000 0.000 0.000 0.000 0.000 0.000 0.000 0.000 0.000 0.000 0.000 0.000 0.000 24/08/1991
0.000 0.000 0.000 0.000 0.000 0.000 0.000 0.000 0.000 0.000 0.000 0.000 0.000 0.000 0.000 0.000 0.000 0.000 0.000 0.000 0.000 0.000 0.000 0.000 0.000 0.000 0.000 0.000 0.000 0.000 25/08/1991
0.000 0.000 0.000 0.000 0.000 0.000 0.000 0.000 0.000 0.000 0.000 0.000 0.000 0.000 0.000 0.000 0.000 0.000 0.000 0.000 0.000 0.000 0.000 0.000 0.000 0.000 0.000 0.000 0.000 0.000 26/08/1991
0.000 0.000 0.000 0.000 0.000 0.000 0.000 0.000 0.000 0.000 0.000 0.000 0.000 0.000 0.000 0.000 0.000 0.000 0.000 0.000 0.000 0.000 0.000 0.000 0.000 0.000 0.000 0.000 0.000 0.000 27/08/1991
0.000 0.000 0.000 0.000 0.000 0.000 0.000 0.000 0.000 0.000 0.000 0.000 0.000 0.000 0.000 0.000 0.000 0.000 0.000 0.000 0.000 0.000 0.000 0.000 0.000 0.000 0.000 0.000 0.000 0.000 28/08/1991
0.000 0.000 0.000 0.000 0.000 0.000 0.000 0.000 0.000 0.000 0.000 0.000 0.000 0.000 0.000 0.000 0.000 0.000 0.000 0.000 0.000 0.000 0.000 0.000 0.000 0.000 0.000 0.000 0.000 0.000 29/08/1991
0.700 0.700 0.700 0.000 0.100 0.700 0.800 0.700 1.300 0.100 0.700 0.700 1.300 1.300 0.100 0.000 0.000 1.300 1.300 1.300 0.000 0.000 1.300 1.300 1.300 0.000 0.000 1.300 1.300 1.300 30/08/1991
10.600 10.600 10.700 35.200 26.200 10.800 10.900 10.800 32.900 26.000 10.700 10.700 32.700 33.000 25.800 9.500 23.200 32.800 33.200 33.100 9.400 23.300 32.900 32.700 32.700 9.300 23.100 32.300 32.400 33.200 31/08/1991
22.000 22.100 22.200 7.300 13.200 22.400 22.600 22.400 14.800 13.200 22.400 22.300 14.800 14.900 13.100 12.400 7.600 14.800 15.000 15.000 12.200 7.600 14.900 14.700 14.700 12.100 7.500 14.600 14.600 15.000 01/09/1991
0.000 0.000 0.000 0.000 0.000 0.000 0.000 0.000 0.300 0.000 0.000 0.000 0.300 0.300 0.000 0.100 0.000 0.300 0.300 0.300 0.100 0.000 0.300 0.300 0.300 0.100 0.000 0.300 0.300 0.300 02/09/1991
0.000 0.000 0.000 0.000 0.000 0.000 0.000 0.000 0.000 0.000 0.000 0.000 0.000 0.000 0.000 0.000 0.000 0.000 0.000 0.000 0.000 0.000 0.000 0.000 0.000 0.000 0.000 0.000 0.000 0.000 03/09/1991
0.000 0.000 0.000 0.000 0.000 0.000 0.000 0.000 0.000 0.000 0.000 0.000 0.000 0.000 0.000 0.000 0.000 0.000 0.000 0.000 0.000 0.000 0.000 0.000 0.000 0.000 0.000 0.000 0.000 0.000 04/09/1991
0.000 0.000 0.000 0.000 0.000 0.000 0.000 0.000 0.000 0.000 0.000 0.000 0.000 0.000 0.000 0.000 0.000 0.000 0.000 0.000 0.000 0.000 0.000 0.000 0.000 0.000 0.000 0.000 0.000 0.000 05/09/1991
0.000 0.000 0.000 0.000 0.200 0.000 0.000 0.000 0.100 0.200 0.000 0.000 0.100 0.100 0.200 0.000 0.000 0.100 0.100 0.100 0.000 0.000 0.100 0.100 0.100 0.000 0.000 0.100 0.100 0.100 06/09/1991
0.000 0.000 0.000 0.000 0.000 0.000 0.000 0.000 0.000 0.000 0.000 0.000 0.000 0.000 0.000 0.000 0.000 0.000 0.000 0.000 0.000 0.000 0.000 0.000 0.000 0.000 0.000 0.000 0.000 0.000 07/09/1991
0.000 0.000 0.000 0.100 0.000 0.000 0.000 0.000 0.000 0.000 0.000 0.000 0.000 0.000 0.000 0.300 0.200 0.000 0.000 0.000 0.300 0.200 0.000 0.000 0.000 0.300 0.200 0.000 0.000 0.000 08/09/1991
0.500 0.500 0.500 0.700 0.500 0.600 0.600 0.600 1.400 0.500 0.600 0.600 1.400 1.400 0.500 1.000 0.800 1.400 1.400 1.400 1.000 0.800 1.400 1.400 1.400 1.000 0.800 1.400 1.400 1.400 09/09/1991
1.700 1.700 1.700 2.100 3.400 1.700 1.800 1.700 0.300 3.300 1.700 1.700 0.300 0.300 3.300 10.000 1.500 0.300 0.300 0.300 9.900 1.500 0.300 0.300 0.300 9.700 1.500 0.300 0.300 0.300 10/09/1991
0.100 0.100 0.100 5.100 4.700 0.100 0.100 0.100 28.500 4.700 0.100 0.100 28.400 28.700 4.700 2.400 0.300 28.500 28.800 28.700 2.400 0.300 28.500 28.300 28.300 2.400 0.300 28.000 28.100 28.800 11/09/1991
0.000 0.000 0.000 0.000 3.500 0.000 0.000 0.000 0.100 3.500 0.000 0.000 0.100 0.100 3.500 1.400 0.200 0.100 0.100 0.100 1.300 0.200 0.100 0.100 0.100 1.300 0.200 0.100 0.100 0.100 12/09/1991
0.000 0.000 0.000 0.000 0.000 0.000 0.000 0.000 0.000 0.000 0.000 0.000 0.000 0.000 0.000 0.000 0.000 0.000 0.000 0.000 0.000 0.000 0.000 0.000 0.000 0.000 0.000 0.000 0.000 0.000 13/09/1991
0.000 0.000 0.000 0.000 0.000 0.000 0.000 0.000 0.000 0.000 0.000 0.000 0.000 0.000 0.000 0.000 0.000 0.000 0.000 0.000 0.000 0.000 0.000 0.000 0.000 0.000 0.000 0.000 0.000 0.000 14/09/1991
0.000 0.000 0.000 0.000 0.000 0.000 0.000 0.000 0.000 0.000 0.000 0.000 0.000 0.000 0.000 0.000 0.000 0.000 0.000 0.000 0.000 0.000 0.000 0.000 0.000 0.000 0.000 0.000 0.000 0.000 15/09/1991
0.000 0.000 0.000 0.000 0.000 0.000 0.000 0.000 0.000 0.000 0.000 0.000 0.000 0.000 0.000 0.000 0.000 0.000 0.000 0.000 0.000 0.000 0.000 0.000 0.000 0.000 0.000 0.000 0.000 0.000 16/09/1991
0.000 0.000 0.000 0.000 0.000 0.000 0.000 0.000 0.000 0.000 0.000 0.000 0.000 0.000 0.000 0.000 0.000 0.000 0.000 0.000 0.000 0.000 0.000 0.000 0.000 0.000 0.000 0.000 0.000 0.000 17/09/1991
0.000 0.000 0.000 0.000 0.000 0.000 0.000 0.000 0.000 0.000 0.000 0.000 0.000 0.000 0.000 0.000 0.000 0.000 0.000 0.000 0.000 0.000 0.000 0.000 0.000 0.000 0.000 0.000 0.000 0.000 18/09/1991
0.000 0.000 0.000 0.000 0.000 0.000 0.000 0.000 0.000 0.000 0.000 0.000 0.000 0.000 0.000 0.000 0.000 0.000 0.000 0.000 0.000 0.000 0.000 0.000 0.000 0.000 0.000 0.000 0.000 0.000 19/09/1991
0.000 0.000 0.000 0.000 0.000 0.000 0.000 0.000 0.000 0.000 0.000 0.000 0.000 0.000 0.000 0.000 0.000 0.000 0.000 0.000 0.000 0.000 0.000 0.000 0.000 0.000 0.000 0.000 0.000 0.000 20/09/1991
0.000 0.000 0.000 0.000 0.000 0.000 0.000 0.000 0.000 0.000 0.000 0.000 0.000 0.000 0.000 0.000 0.000 0.000 0.000 0.000 0.000 0.000 0.000 0.000 0.000 0.000 0.000 0.000 0.000 0.000 21/09/1991
0.100 0.100 0.100 2.300 3.900 0.100 0.100 0.100 3.900 3.900 0.100 0.100 3.900 3.900 3.900 0.400 0.500 3.900 3.900 3.900 0.400 0.500 3.900 3.900 3.900 0.400 0.500 3.800 3.800 3.900 22/09/1991
0.000 0.000 0.000 0.600 0.000 0.000 0.000 0.000 0.000 0.000 0.000 0.000 0.000 0.000 0.000 0.000 0.000 0.000 0.000 0.000 0.000 0.000 0.000 0.000 0.000 0.000 0.000 0.000 0.000 0.000 23/09/1991
7.000 7.100 7.100 1.800 0.600 7.200 7.200 7.200 1.000 0.600 7.100 7.100 1.000 1.000 0.600 3.300 1.000 1.000 1.000 1.000 3.300 1.000 1.000 1.000 1.000 3.200 1.000 0.900 0.900 1.000 24/09/1991
18.800 18.900 19.000 23.900 35.100 19.200 19.400 19.200 26.900 34.900 19.100 19.100 26.800 27.000 34.600 20.800 22.500 26.800 27.100 27.100 20.600 22.500 26.900 26.700 26.700 20.300 22.300 26.400 26.500 27.100 25/09/1991
7.100 7.200 7.200 5.200 11.600 7.200 7.300 7.200 13.600 11.500 7.200 7.200 13.500 13.700 11.400 10.900 11.100 13.600 13.700 13.700 10.800 11.100 13.600 13.500 13.500 10.700 11.000 13.400 13.400 13.700 26/09/1991
32.700 32.900 33.100 25.700 18.600 33.300 33.700 33.300 19.500 18.500 33.300 33.200 19.400 19.600 18.300 37.600 19.000 19.500 19.700 19.700 37.300 19.000 19.500 19.400 19.400 36.800 18.900 19.200 19.200 19.700 27/09/1991
9.600 9.700 9.700 10.200 14.400 9.800 9.900 9.800 11.500 14.300 9.800 9.800 11.400 11.500 14.200 11.700 12.200 11.500 11.600 11.600 11.600 12.300 11.500 11.400 11.400 11.500 12.200 11.300 11.300 11.600 28/09/1991
0.000 0.000 0.000 0.000 0.000 0.000 0.000 0.000 0.000 0.000 0.000 0.000 0.000 0.000 0.000 0.000 0.000 0.000 0.000 0.000 0.000 0.000 0.000 0.000 0.000 0.000 0.000 0.000 0.000 0.000 29/09/1991
0.500 0.500 0.500 0.100 0.000 0.500 0.500 0.500 0.000 0.000 0.500 0.500 0.000 0.000 0.000 0.200 0.000 0.000 0.000 0.000 0.200 0.000 0.000 0.000 0.000 0.200 0.000 0.000 0.000 0.000 30/09/1991
2.100 2.100 2.100 1.500 3.500 2.100 2.100 2.100 3.000 3.500 2.100 2.100 3.000 3.000 3.500 2.600 2.300 3.000 3.000 3.000 2.600 2.300 3.000 3.000 3.000 2.600 2.300 2.900 2.900 3.000 01/10/1991
0.000 0.000 0.000 0.000 0.000 0.000 0.000 0.000 0.000 0.000 0.000 0.000 0.000 0.000 0.000 0.000 0.000 0.000 0.000 0.000 0.000 0.000 0.000 0.000 0.000 0.000 0.000 0.000 0.000 0.000 02/10/1991
0.000 0.000 0.000 0.000 0.000 0.000 0.000 0.000 0.000 0.000 0.000 0.000 0.000 0.000 0.000 0.000 0.000 0.000 0.000 0.000 0.000 0.000 0.000 0.000 0.000 0.000 0.000 0.000 0.000 0.000 03/10/1991
0.800 0.800 0.800 0.400 0.000 0.800 0.800 0.800 0.000 0.000 0.800 0.800 0.000 0.000 0.000 0.300 0.000 0.000 0.000 0.000 0.300 0.000 0.000 0.000 0.000 0.300 0.000 0.000 0.000 0.000 04/10/1991
0.500 0.500 0.500 1.400 0.400 0.500 0.500 0.500 0.100 0.400 0.500 0.500 0.100 0.100 0.400 0.600 0.700 0.100 0.100 0.100 0.600 0.700 0.100 0.100 0.100 0.600 0.700 0.100 0.100 0.100 05/10/1991
0.000 0.000 0.000 0.000 0.000 0.000 0.000 0.000 0.000 0.000 0.000 0.000 0.000 0.000 0.000 0.000 0.000 0.000 0.000 0.000 0.000 0.000 0.000 0.000 0.000 0.000 0.000 0.000 0.000 0.000 06/10/1991
0.000 0.000 0.000 0.000 0.000 0.000 0.000 0.000 0.000 0.000 0.000 0.000 0.000 0.000 0.000 0.000 0.000 0.000 0.000 0.000 0.000 0.000 0.000 0.000 0.000 0.000 0.000 0.000 0.000 0.000 07/10/1991
7.400 7.500 7.500 7.900 6.900 7.600 7.600 7.600 4.800 6.900 7.500 7.500 4.800 4.900 6.900 7.300 5.500 4.800 4.900 4.900 7.200 5.500 4.800 4.800 4.800 7.100 5.400 4.800 4.800 4.900 08/10/1991
0.900 0.900 0.900 0.600 1.700 0.900 0.900 0.900 0.900 1.700 0.900 0.900 0.900 0.900 1.700 3.500 2.100 0.900 0.900 0.900 3.500 2.100 0.900 0.900 0.900 3.400 2.100 0.800 0.800 0.900 09/10/1991
2.100 2.200 2.200 1.800 3.700 2.200 2.200 2.200 4.300 3.700 2.200 2.200 4.300 4.400 3.700 1.300 1.500 4.300 4.400 4.400 1.300 1.500 4.300 4.300 4.300 1.300 1.500 4.300 4.300 4.400 10/10/1991
2.300 2.300 2.300 10.600 11.200 2.300 2.400 2.300 1.800 11.200 2.300 2.300 1.800 1.900 11.100 1.200 1.100 1.800 1.900 1.900 1.200 1.100 1.900 1.800 1.800 1.200 1.100 1.800 1.800 1.900 11/10/1991
0.300 0.300 0.300 3.900 0.100 0.300 0.300 0.300 5.600 0.100 0.300 0.300 5.600 5.700 0.100 1.700 1.200 5.600 5.700 5.700 1.700 1.200 5.700 5.600 5.600 1.700 1.200 5.600 5.600 5.700 12/10/1991
0.500 0.500 0.500 0.200 0.300 0.500 0.500 0.500 1.200 0.300 0.500 0.500 1.200 1.200 0.200 0.900 0.400 1.200 1.200 1.200 0.900 0.400 1.200 1.200 1.200 0.900 0.400 1.100 1.100 1.200 13/10/1991
2.700 2.700 2.700 4.500 2.000 2.700 2.700 2.700 2.900 2.000 2.700 2.700 2.900 3.000 2.000 2.900 3.100 2.900 3.000 3.000 2.900 3.100 2.900 2.900 2.900 2.900 3.100 2.900 2.900 3.000 14/10/1991
8.500 8.600 8.600 4.400 6.100 8.700 8.800 8.700 7.000 6.000 8.700 8.700 7.000 7.000 6.000 25.600 21.700 7.000 7.100 7.000 25.400 21.700 7.000 6.900 6.900 25.100 21.600 6.900 6.900 7.100 15/10/1991
3.300 3.300 3.300 4.100 5.700 3.400 3.400 3.400 6.900 5.700 3.300 3.300 6.800 6.900 5.600 4.700 7.200 6.900 6.900 6.900 4.700 7.200 6.900 6.800 6.800 4.600 7.100 6.800 6.800 6.900 16/10/1991
3.100 3.100 3.100 5.100 4.800 3.200 3.200 3.200 3.200 4.800 3.200 3.100 3.200 3.200 4.800 2.100 1.500 3.200 3.200 3.200 2.100 1.500 3.200 3.200 3.200 2.100 1.500 3.100 3.200 3.200 17/10/1991
1.200 1.200 1.200 0.900 4.400 1.300 1.300 1.300 1.500 4.400 1.300 1.200 1.500 1.500 4.300 1.800 2.800 1.500 1.500 1.500 1.800 2.800 1.500 1.500 1.500 1.700 2.800 1.400 1.400 1.500 18/10/1991
0.000 0.000 0.000 0.100 0.100 0.000 0.000 0.000 0.000 0.100 0.000 0.000 0.000 0.000 0.100 0.100 0.300 0.000 0.000 0.000 0.100 0.300 0.000 0.000 0.000 0.100 0.300 0.000 0.000 0.000 19/10/1991
1.100 1.100 1.100 1.700 0.400 1.100 1.100 1.100 1.900 0.400 1.100 1.100 1.900 1.900 0.400 0.500 1.300 1.900 1.900 1.900 0.500 1.300 1.900 1.900 1.900 0.500 1.300 1.900 1.900 1.900 20/10/1991
0.000 0.000 0.000 0.000 0.100 0.000 0.000 0.000 0.000 0.100 0.000 0.000 0.000 0.000 0.100 0.000 0.000 0.000 0.000 0.000 0.000 0.000 0.000 0.000 0.000 0.000 0.000 0.000 0.000 0.000 21/10/1991
0.000 0.000 0.000 0.000 0.000 0.000 0.000 0.000 0.000 0.000 0.000 0.000 0.000 0.000 0.000 0.000 0.000 0.000 0.000 0.000 0.000 0.000 0.000 0.000 0.000 0.000 0.000 0.000 0.000 0.000 22/10/1991
0.000 0.000 0.000 0.000 0.000 0.000 0.000 0.000 0.000 0.000 0.000 0.000 0.000 0.000 0.000 0.000 0.000 0.000 0.000 0.000 0.000 0.000 0.000 0.000 0.000 0.000 0.000 0.000 0.000 0.000 23/10/1991
0.000 0.000 0.000 0.000 0.000 0.000 0.000 0.000 0.000 0.000 0.000 0.000 0.000 0.000 0.000 0.000 0.000 0.000 0.000 0.000 0.000 0.000 0.000 0.000 0.000 0.000 0.000 0.000 0.000 0.000 24/10/1991
0.000 0.000 0.000 0.000 0.000 0.000 0.000 0.000 0.000 0.000 0.000 0.000 0.000 0.000 0.000 0.000 0.000 0.000 0.000 0.000 0.000 0.000 0.000 0.000 0.000 0.000 0.000 0.000 0.000 0.000 25/10/1991
5.800 5.800 5.800 8.300 14.600 5.900 5.900 5.900 9.900 14.500 5.900 5.900 9.800 9.900 14.400 4.400 6.800 9.900 10.000 10.000 4.400 6.900 9.900 9.800 9.800 4.300 6.800 9.700 9.700 10.000 26/10/1991
8.800 8.900 8.900 13.300 9.500 9.000 9.100 9.000 12.100 9.400 9.000 9.000 12.100 12.200 9.400 10.300 4.100 12.100 12.200 12.200 10.200 4.100 12.100 12.000 12.000 10.100 4.000 11.900 11.900 12.200 27/10/1991
3.000 3.100 3.100 1.800 3.100 3.100 3.100 3.100 5.500 3.100 3.100 3.100 5.400 5.500 3.100 2.200 1.800 5.500 5.500 5.500 2.200 1.800 5.500 5.400 5.400 2.200 1.800 5.400 5.400 5.500 28/10/1991
5.000 5.000 5.000 4.000 0.800 5.100 5.100 5.100 2.800 0.800 5.100 5.100 2.700 2.800 0.800 1.700 1.900 2.800 2.800 2.800 1.700 2.000 2.800 2.700 2.700 1.700 1.900 2.700 2.700 2.800 29/10/1991
5.300 5.300 5.400 6.900 9.000 5.400 5.500 5.400 5.600 9.000 5.400 5.400 5.600 5.600 8.900 4.400 6.800 5.600 5.600 5.600 4.400 6.800 5.600 5.600 5.600 4.300 6.800 5.500 5.500 5.600 30/10/1991
0.000 0.000 0.000 0.000 0.000 0.000 0.000 0.000 0.000 0.000 0.000 0.000 0.000 0.000 0.000 0.000 0.000 0.000 0.000 0.000 0.000 0.000 0.000 0.000 0.000 0.000 0.000 0.000 0.000 0.000 31/10/1991
4.600 4.700 4.700 7.200 3.700 4.700 4.800 4.700 2.900 3.700 4.700 4.700 2.900 2.900 3.600 2.900 1.900 2.900 2.900 2.900 2.900 2.000 2.900 2.900 2.900 2.900 1.900 2.900 2.900 2.900 01/11/1991
0.800 0.800 0.800 1.700 2.400 0.800 0.800 0.800 1.100 2.400 0.800 0.800 1.100 1.100 2.400 0.600 1.000 1.100 1.200 1.100 0.600 1.000 1.100 1.100 1.100 0.600 1.000 1.100 1.100 1.100 02/11/1991
12.500 12.600 12.700 20.800 14.600 12.800 12.900 12.800 12.900 14.500 12.800 12.700 12.800 12.900 14.400 14.600 19.600 12.800 13.000 13.000 14.400 19.600 12.900 12.800 12.800 14.200 19.500 12.700 12.700 13.000 03/11/1991
7.700 7.700 7.800 1.800 10.400 7.800 7.900 7.800 5.500 10.400 7.800 7.800 5.500 5.600 10.300 9.300 6.900 5.500 5.600 5.600 9.200 7.000 5.500 5.500 5.500 9.100 6.900 5.400 5.400 5.600 04/11/1991
0.200 0.200 0.200 1.400 2.000 0.200 0.300 0.200 0.800 2.000 0.200 0.200 0.800 0.800 2.000 0.600 1.200 0.800 0.800 0.800 0.600 1.200 0.800 0.700 0.700 0.600 1.200 0.700 0.700 0.800 05/11/1991
0.600 0.600 0.600 1.100 0.400 0.600 0.600 0.600 0.400 0.400 0.600 0.600 0.400 0.400 0.400 0.200 0.100 0.400 0.400 0.400 0.200 0.100 0.400 0.400 0.400 0.200 0.100 0.400 0.400 0.400 06/11/1991
1.500 1.500 1.500 1.800 1.800 1.500 1.500 1.500 1.400 1.800 1.500 1.500 1.400 1.400 1.800 1.200 0.400 1.400 1.400 1.400 1.200 0.400 1.400 1.400 1.400 1.200 0.400 1.400 1.400 1.400 07/11/1991
5.900 5.900 5.900 9.400 7.900 6.000 6.100 6.000 6.900 7.800 6.000 6.000 6.900 6.900 7.800 6.500 5.800 6.900 7.000 6.900 6.500 5.900 6.900 6.900 6.900 6.400 5.800 6.800 6.800 7.000 08/11/1991
0.000 0.000 0.000 0.400 1.300 0.000 0.000 0.000 0.000 1.300 0.000 0.000 0.000 0.000 1.300 0.000 0.000 0.000 0.000 0.000 0.000 0.000 0.000 0.000 0.000 0.000 0.000 0.000 0.000 0.000 09/11/1991
0.000 0.000 0.000 0.000 0.000 0.000 0.000 0.000 0.200 0.000 0.000 0.000 0.200 0.200 0.000 0.000 0.000 0.200 0.200 0.200 0.000 0.000 0.200 0.200 0.200 0.000 0.000 0.200 0.200 0.200 10/11/1991
5.700 5.700 5.700 7.100 7.200 5.800 5.800 5.800 6.200 7.200 5.800 5.800 6.200 6.200 7.100 4.800 4.700 6.200 6.300 6.300 4.700 4.700 6.200 6.200 6.200 4.700 4.700 6.100 6.100 6.300 11/11/1991
22.400 22.600 22.700 27.200 20.600 22.900 23.100 22.900 21.400 20.500 22.800 22.800 21.400 21.600 20.300 16.800 14.900 21.400 21.600 21.600 16.600 15.000 21.500 21.300 21.300 16.400 14.900 21.100 21.200 21.600 12/11/1991
12.900 13.000 13.000 15.300 25.800 13.100 13.300 13.100 22.900 25.700 13.100 13.100 22.800 23.000 25.400 18.600 18.200 22.800 23.100 23.000 18.400 18.200 22.900 22.700 22.700 18.200 18.100 22.500 22.600 23.000 13/11/1991
8.700 8.700 8.800 9.400 13.600 8.800 8.900 8.800 19.400 13.600 8.800 8.800 19.300 19.500 13.400 17.500 23.800 19.400 19.600 19.600 17.300 23.800 19.400 19.300 19.300 17.100 23.600 19.100 19.100 19.600 14/11/1991
0.300 0.300 0.300 0.100 2.100 0.300 0.300 0.300 0.400 2.100 0.300 0.300 0.400 0.400 2.100 1.200 1.300 0.400 0.400 0.400 1.200 1.300 0.400 0.400 0.400 1.100 1.300 0.400 0.400 0.400 15/11/1991
1.900 1.900 1.900 0.100 0.100 1.900 2.000 1.900 1.500 0.100 1.900 1.900 1.500 1.500 0.100 1.400 1.700 1.500 1.500 1.500 1.400 1.700 1.500 1.500 1.500 1.400 1.700 1.500 1.500 1.500 16/11/1991
3.800 3.800 3.900 3.000 7.100 3.900 3.900 3.900 4.600 7.100 3.900 3.900 4.500 4.600 7.000 6.100 9.200 4.600 4.600 4.600 6.000 9.200 4.600 4.500 4.500 5.900 9.100 4.500 4.500 4.600 17/11/1991
8.300 8.300 8.400 7.700 5.500 8.400 8.500 8.400 5.300 5.400 8.400 8.400 5.300 5.300 5.400 6.600 5.600 5.300 5.300 5.300 6.500 5.700 5.300 5.300 5.300 6.400 5.600 5.200 5.200 5.300 18/11/1991
6.900 7.000 7.000 4.400 9.000 7.100 7.100 7.100 9.200 9.000 7.100 7.000 9.200 9.300 8.900 6.700 2.300 9.200 9.300 9.300 6.600 2.300 9.200 9.200 9.200 6.500 2.300 9.100 9.100 9.300 19/11/1991
2.100 2.100 2.100 2.700 2.000 2.100 2.100 2.100 2.100 2.000 2.100 2.100 2.100 2.100 2.000 1.900 1.900 2.100 2.100 2.100 1.900 1.900 2.100 2.100 2.100 1.900 1.900 2.100 2.100 2.100 20/11/1991
0.000 0.000 0.000 0.000 0.000 0.000 0.000 0.000 0.000 0.000 0.000 0.000 0.000 0.000 0.000 0.000 0.000 0.000 0.000 0.000 0.000 0.000 0.000 0.000 0.000 0.000 0.000 0.000 0.000 0.000 21/11/1991
0.000 0.000 0.000 0.000 0.000 0.000 0.000 0.000 0.000 0.000 0.000 0.000 0.000 0.000 0.000 0.000 0.000 0.000 0.000 0.000 0.000 0.000 0.000 0.000 0.000 0.000 0.000 0.000 0.000 0.000 22/11/1991
0.000 0.000 0.000 0.000 0.000 0.000 0.000 0.000 0.000 0.000 0.000 0.000 0.000 0.000 0.000 0.000 0.000 0.000 0.000 0.000 0.000 0.000 0.000 0.000 0.000 0.000 0.000 0.000 0.000 0.000 23/11/1991
0.000 0.000 0.000 0.000 0.000 0.000 0.000 0.000 0.000 0.000 0.000 0.000 0.000 0.000 0.000 0.000 0.000 0.000 0.000 0.000 0.000 0.000 0.000 0.000 0.000 0.000 0.000 0.000 0.000 0.000 24/11/1991
0.000 0.000 0.000 0.000 0.000 0.000 0.000 0.000 0.000 0.000 0.000 0.000 0.000 0.000 0.000 0.000 0.000 0.000 0.000 0.000 0.000 0.000 0.000 0.000 0.000 0.000 0.000 0.000 0.000 0.000 25/11/1991
0.000 0.000 0.000 0.000 0.000 0.000 0.000 0.000 0.000 0.000 0.000 0.000 0.000 0.000 0.000 0.000 0.000 0.000 0.000 0.000 0.000 0.000 0.000 0.000 0.000 0.000 0.000 0.000 0.000 0.000 26/11/1991
0.000 0.000 0.000 0.000 0.000 0.000 0.000 0.000 0.000 0.000 0.000 0.000 0.000 0.000 0.000 0.000 0.000 0.000 0.000 0.000 0.000 0.000 0.000 0.000 0.000 0.000 0.000 0.000 0.000 0.000 27/11/1991
0.000 0.000 0.000 0.000 0.000 0.000 0.000 0.000 0.000 0.000 0.000 0.000 0.000 0.000 0.000 0.000 0.000 0.000 0.000 0.000 0.000 0.000 0.000 0.000 0.000 0.000 0.000 0.000 0.000 0.000 28/11/1991
0.000 0.000 0.000 0.000 0.000 0.000 0.000 0.000 0.300 0.000 0.000 0.000 0.300 0.300 0.000 0.000 0.000 0.300 0.300 0.300 0.000 0.000 0.300 0.300 0.300 0.000 0.000 0.200 0.200 0.300 29/11/1991
0.000 0.000 0.000 0.000 0.000 0.000 0.000 0.000 0.100 0.000 0.000 0.000 0.100 0.100 0.000 0.100 0.000 0.100 0.100 0.100 0.100 0.000 0.100 0.100 0.100 0.100 0.000 0.100 0.100 0.100 30/11/1991
0.000 0.000 0.000 0.000 0.000 0.000 0.000 0.000 0.000 0.000 0.000 0.000 0.000 0.000 0.000 0.000 0.000 0.000 0.000 0.000 0.000 0.000 0.000 0.000 0.000 0.000 0.000 0.000 0.000 0.000 01/12/1991
0.000 0.000 0.000 0.000 0.000 0.000 0.000 0.000 0.000 0.000 0.000 0.000 0.000 0.000 0.000 0.000 0.000 0.000 0.000 0.000 0.000 0.000 0.000 0.000 0.000 0.000 0.000 0.000 0.000 0.000 02/12/1991
0.000 0.000 0.000 0.000 0.000 0.000 0.000 0.000 0.000 0.000 0.000 0.000 0.000 0.000 0.000 0.000 0.000 0.000 0.000 0.000 0.000 0.000 0.000 0.000 0.000 0.000 0.000 0.000 0.000 0.000 03/12/1991
0.000 0.000 0.000 0.000 0.000 0.000 0.000 0.000 0.000 0.000 0.000 0.000 0.000 0.000 0.000 0.000 0.000 0.000 0.000 0.000 0.000 0.000 0.000 0.000 0.000 0.000 0.000 0.000 0.000 0.000 04/12/1991
0.000 0.000 0.000 0.000 0.000 0.000 0.000 0.000 0.000 0.000 0.000 0.000 0.000 0.000 0.000 0.000 0.000 0.000 0.000 0.000 0.000 0.000 0.000 0.000 0.000 0.000 0.000 0.000 0.000 0.000 05/12/1991
0.000 0.000 0.000 0.000 0.000 0.000 0.000 0.000 0.000 0.000 0.000 0.000 0.000 0.000 0.000 0.000 0.000 0.000 0.000 0.000 0.000 0.000 0.000 0.000 0.000 0.000 0.000 0.000 0.000 0.000 06/12/1991
0.000 0.000 0.000 0.000 0.000 0.000 0.000 0.000 0.000 0.000 0.000 0.000 0.000 0.000 0.000 0.000 0.000 0.000 0.000 0.000 0.000 0.000 0.000 0.000 0.000 0.000 0.000 0.000 0.000 0.000 07/12/1991
0.000 0.000 0.000 0.000 0.000 0.000 0.000 0.000 0.000 0.000 0.000 0.000 0.000 0.000 0.000 0.000 0.000 0.000 0.000 0.000 0.000 0.000 0.000 0.000 0.000 0.000 0.000 0.000 0.000 0.000 08/12/1991
0.000 0.000 0.000 0.000 0.000 0.000 0.000 0.000 0.000 0.000 0.000 0.000 0.000 0.000 0.000 0.000 0.000 0.000 0.000 0.000 0.000 0.000 0.000 0.000 0.000 0.000 0.000 0.000 0.000 0.000 09/12/1991
0.000 0.000 0.000 0.000 0.000 0.000 0.000 0.000 0.000 0.000 0.000 0.000 0.000 0.000 0.000 0.000 0.000 0.000 0.000 0.000 0.000 0.000 0.000 0.000 0.000 0.000 0.000 0.000 0.000 0.000 10/12/1991
0.000 0.000 0.000 0.000 0.000 0.000 0.000 0.000 0.000 0.000 0.000 0.000 0.000 0.000 0.000 0.000 0.000 0.000 0.000 0.000 0.000 0.000 0.000 0.000 0.000 0.000 0.000 0.000 0.000 0.000 11/12/1991
0.000 0.000 0.000 0.000 0.000 0.000 0.000 0.000 0.000 0.000 0.000 0.000 0.000 0.000 0.000 0.000 0.000 0.000 0.000 0.000 0.000 0.000 0.000 0.000 0.000 0.000 0.000 0.000 0.000 0.000 12/12/1991
0.000 0.000 0.000 0.000 0.000 0.000 0.000 0.000 0.000 0.000 0.000 0.000 0.000 0.000 0.000 0.000 0.000 0.000 0.000 0.000 0.000 0.000 0.000 0.000 0.000 0.000 0.000 0.000 0.000 0.000 13/12/1991
0.000 0.000 0.000 0.000 0.000 0.000 0.000 0.000 0.000 0.000 0.000 0.000 0.000 0.000 0.000 0.000 0.000 0.000 0.000 0.000 0.000 0.000 0.000 0.000 0.000 0.000 0.000 0.000 0.000 0.000 14/12/1991
1.700 1.700 1.700 0.200 1.100 1.700 1.700 1.700 1.600 1.100 1.700 1.700 1.600 1.700 1.100 1.400 1.200 1.600 1.700 1.700 1.400 1.200 1.600 1.600 1.600 1.400 1.200 1.600 1.600 1.700 15/12/1991
0.000 0.000 0.000 0.000 0.000 0.000 0.000 0.000 0.000 0.000 0.000 0.000 0.000 0.000 0.000 0.000 0.000 0.000 0.000 0.000 0.000 0.000 0.000 0.000 0.000 0.000 0.000 0.000 0.000 0.000 16/12/1991
2.500 2.500 2.600 2.500 3.900 2.600 2.600 2.600 3.300 3.900 2.600 2.600 3.300 3.400 3.800 2.600 2.700 3.300 3.400 3.400 2.600 2.700 3.300 3.300 3.300 2.600 2.700 3.300 3.300 3.400 17/12/1991
0.700 0.700 0.700 0.700 1.400 0.700 0.700 0.700 1.200 1.300 0.700 0.700 1.200 1.200 1.300 0.200 0.700 1.200 1.200 1.200 0.200 0.700 1.200 1.200 1.200 0.200 0.700 1.200 1.200 1.200 18/12/1991
10.400 10.500 10.500 9.900 14.600 10.600 10.700 10.600 10.500 14.500 10.600 10.600 10.500 10.600 14.400 7.900 9.200 10.500 10.600 10.600 7.800 9.200 10.500 10.500 10.500 7.700 9.100 10.400 10.400 10.600 19/12/1991
6.400 6.400 6.400 5.100 7.000 6.500 6.600 6.500 7.100 7.000 6.500 6.500 7.000 7.100 6.900 8.700 10.800 7.000 7.100 7.100 8.600 10.800 7.100 7.000 7.000 8.500 10.700 7.000 7.000 7.100 20/12/1991
3.800 3.800 3.800 3.700 9.500 3.800 3.800 3.800 5.400 9.400 3.800 3.800 5.300 5.400 9.300 3.300 4.500 5.400 5.400 5.400 3.300 4.500 5.400 5.300 5.300 3.200 4.500 5.300 5.300 5.400 21/12/1991
2.300 2.300 2.300 3.400 3.000 2.300 2.300 2.300 2.000 3.000 2.300 2.300 2.000 2.000 3.000 1.400 1.700 2.000 2.000 2.000 1.300 1.700 2.000 2.000 2.000 1.300 1.700 2.000 2.000 2.000 22/12/1991
1.000 1.000 1.000 1.500 2.700 1.000 1.000 1.000 2.700 2.700 1.000 1.000 2.600 2.700 2.700 0.900 1.600 2.600 2.700 2.700 0.900 1.600 2.700 2.600 2.600 0.900 1.600 2.600 2.600 2.700 23/12/1991
0.000 0.000 0.000 0.000 0.000 0.000 0.000 0.000 0.000 0.000 0.000 0.000 0.000 0.000 0.000 0.000 0.000 0.000 0.000 0.000 0.000 0.000 0.000 0.000 0.000 0.000 0.000 0.000 0.000 0.000 24/12/1991
0.000 0.000 0.000 0.000 0.000 0.000 0.000 0.000 0.000 0.000 0.000 0.000 0.000 0.000 0.000 0.000 0.000 0.000 0.000 0.000 0.000 0.000 0.000 0.000 0.000 0.000 0.000 0.000 0.000 0.000 25/12/1991
1.000 1.000 1.000 0.600 0.800 1.000 1.000 1.000 0.600 0.800 1.000 1.000 0.600 0.600 0.800 0.300 0.300 0.600 0.600 0.600 0.300 0.300 0.600 0.600 0.600 0.300 0.300 0.500 0.500 0.600 26/12/1991
0.200 0.200 0.200 0.200 0.200 0.200 0.200 0.200 0.300 0.200 0.200 0.200 0.300 0.300 0.200 0.200 0.900 0.300 0.300 0.300 0.200 0.900 0.300 0.300 0.300 0.200 0.900 0.300 0.300 0.300 27/12/1991
0.000 0.000 0.000 0.000 0.000 0.000 0.000 0.000 0.000 0.000 0.000 0.000 0.000 0.000 0.000 0.000 0.000 0.000 0.000 0.000 0.000 0.000 0.000 0.000 0.000 0.000 0.000 0.000 0.000 0.000 28/12/1991
0.000 0.000 0.000 0.000 0.000 0.000 0.000 0.000 0.000 0.000 0.000 0.000 0.000 0.000 0.000 0.000 0.000 0.000 0.000 0.000 0.000 0.000 0.000 0.000 0.000 0.000 0.000 0.000 0.000 0.000 29/12/1991
0.000 0.000 0.000 0.000 0.000 0.000 0.000 0.000 0.000 0.000 0.000 0.000 0.000 0.000 0.000 0.000 0.000 0.000 0.000 0.000 0.000 0.000 0.000 0.000 0.000 0.000 0.000 0.000 0.000 0.000 30/12/1991
0.000 0.000 0.000 0.000 0.000 0.000 0.000 0.000 0.000 0.000 0.000 0.000 0.000 0.000 0.000 0.000 0.000 0.000 0.000 0.000 0.000 0.000 0.000 0.000 0.000 0.000 0.000 0.000 0.000 0.000 31/12/1991
0.000 0.000 0.000 0.000 0.000 0.000 0.000 0.000 0.000 0.000 0.000 0.000 0.000 0.000 0.000 0.000 0.000 0.000 0.000 0.000 0.000 0.000 0.000 0.000 0.000 0.000 0.000 0.000 0.000 0.000 01/01/1992
0.000 0.000 0.000 0.000 0.000 0.000 0.000 0.000 0.000 0.000 0.000 0.000 0.000 0.000 0.000 0.000 0.000 0.000 0.000 0.000 0.000 0.000 0.000 0.000 0.000 0.000 0.000 0.000 0.000 0.000 02/01/1992
0.000 0.000 0.000 0.000 0.000 0.000 0.000 0.000 0.000 0.000 0.000 0.000 0.000 0.000 0.000 0.000 0.000 0.000 0.000 0.000 0.000 0.000 0.000 0.000 0.000 0.000 0.000 0.000 0.000 0.000 03/01/1992
0.100 0.100 0.100 1.000 0.000 0.100 0.100 0.100 0.000 0.000 0.100 0.100 0.000 0.000 0.000 0.000 0.000 0.000 0.000 0.000 0.000 0.000 0.000 0.000 0.000 0.000 0.000 0.000 0.000 0.000 04/01/1992
0.000 0.000 0.000 0.000 0.000 0.000 0.000 0.000 0.000 0.000 0.000 0.000 0.000 0.000 0.000 0.000 0.000 0.000 0.000 0.000 0.000 0.000 0.000 0.000 0.000 0.000 0.000 0.000 0.000 0.000 05/01/1992
0.000 0.000 0.000 0.000 0.000 0.000 0.000 0.000 0.000 0.000 0.000 0.000 0.000 0.000 0.000 0.000 0.000 0.000 0.000 0.000 0.000 0.000 0.000 0.000 0.000 0.000 0.000 0.000 0.000 0.000 06/01/1992
0.000 0.000 0.000 0.000 0.000 0.000 0.000 0.000 0.000 0.000 0.000 0.000 0.000 0.000 0.000 0.000 0.000 0.000 0.000 0.000 0.000 0.000 0.000 0.000 0.000 0.000 0.000 0.000 0.000 0.000 07/01/1992
6.000 6.000 6.100 7.000 5.900 6.100 6.200 6.100 5.600 5.900 6.100 6.100 5.600 5.700 5.800 5.300 4.700 5.600 5.700 5.700 5.300 4.700 5.600 5.600 5.600 5.200 4.700 5.500 5.500 5.700 08/01/1992
14.100 14.100 14.200 10.800 12.500 14.300 14.500 14.300 10.500 12.400 14.300 14.300 10.500 10.600 12.300 14.300 11.000 10.500 10.600 10.600 14.200 11.000 10.500 10.500 10.500 14.100 11.000 10.400 10.400 10.600 09/01/1992
0.900 0.900 1.000 0.500 2.300 1.000 1.000 1.000 1.900 2.300 1.000 1.000 1.900 1.900 2.300 0.800 1.000 1.900 1.900 1.900 0.800 1.000 1.900 1.900 1.900 0.700 1.000 1.900 1.900 1.900 10/01/1992
0.000 0.000 0.000 0.000 0.300 0.000 0.000 0.000 0.300 0.300 0.000 0.000 0.300 0.300 0.300 0.000 0.200 0.300 0.300 0.300 0.000 0.200 0.300 0.300 0.300 0.000 0.200 0.300 0.300 0.300 11/01/1992
0.000 0.000 0.000 0.000 0.000 0.000 0.000 0.000 0.000 0.000 0.000 0.000 0.000 0.000 0.000 0.000 0.000 0.000 0.000 0.000 0.000 0.000 0.000 0.000 0.000 0.000 0.000 0.000 0.000 0.000 12/01/1992
0.000 0.000 0.000 0.000 0.000 0.000 0.000 0.000 0.000 0.000 0.000 0.000 0.000 0.000 0.000 0.000 0.000 0.000 0.000 0.000 0.000 0.000 0.000 0.000 0.000 0.000 0.000 0.000 0.000 0.000 13/01/1992
0.000 0.000 0.000 0.000 0.000 0.000 0.000 0.000 0.000 0.000 0.000 0.000 0.000 0.000 0.000 0.000 0.000 0.000 0.000 0.000 0.000 0.000 0.000 0.000 0.000 0.000 0.000 0.000 0.000 0.000 14/01/1992
0.000 0.000 0.000 0.000 0.000 0.000 0.000 0.000 0.000 0.000 0.000 0.000 0.000 0.000 0.000 0.000 0.000 0.000 0.000 0.000 0.000 0.000 0.000 0.000 0.000 0.000 0.000 0.000 0.000 0.000 15/01/1992
0.000 0.000 0.000 0.000 0.000 0.000 0.000 0.000 0.000 0.000 0.000 0.000 0.000 0.000 0.000 0.000 0.000 0.000 0.000 0.000 0.000 0.000 0.000 0.000 0.000 0.000 0.000 0.000 0.000 0.000 16/01/1992
0.000 0.000 0.000 0.000 0.000 0.000 0.000 0.000 0.000 0.000 0.000 0.000 0.000 0.000 0.000 0.000 0.000 0.000 0.000 0.000 0.000 0.000 0.000 0.000 0.000 0.000 0.000 0.000 0.000 0.000 17/01/1992
0.000 0.000 0.000 0.000 0.000 0.000 0.000 0.000 0.000 0.000 0.000 0.000 0.000 0.000 0.000 0.000 0.000 0.000 0.000 0.000 0.000 0.000 0.000 0.000 0.000 0.000 0.000 0.000 0.000 0.000 18/01/1992
0.500 0.400 0.400 1.100 0.200 0.400 0.500 0.400 0.200 0.300 0.400 0.400 0.200 0.200 0.300 0.000 0.000 0.200 0.200 0.200 0.000 0.000 0.200 0.200 0.200 0.000 0.000 0.200 0.200 0.200 19/01/1992
2.000 2.000 2.000 3.000 2.500 2.100 2.100 2.100 2.800 2.400 2.100 2.100 2.700 2.800 2.400 1.600 1.400 2.800 2.900 2.800 1.600 1.500 2.800 2.700 2.700 1.500 1.500 2.800 2.800 2.800 20/01/1992
0.000 0.000 0.000 0.000 0.000 0.000 0.000 0.000 0.000 0.000 0.000 0.000 0.000 0.000 0.000 0.000 0.000 0.000 0.000 0.000 0.000 0.000 0.000 0.000 0.000 0.000 0.000 0.000 0.000 0.000 21/01/1992
0.000 0.000 0.000 0.000 0.000 0.000 0.000 0.000 0.000 0.000 0.000 0.000 0.000 0.000 0.000 0.000 0.000 0.000 0.000 0.000 0.000 0.000 0.000 0.000 0.000 0.000 0.000 0.000 0.000 0.000 22/01/1992
1.500 1.500 1.500 1.500 4.200 1.500 1.600 1.500 3.200 4.200 1.500 1.500 3.200 3.200 4.100 0.800 2.300 3.200 3.200 3.200 0.800 2.300 3.200 3.200 3.200 0.800 2.300 3.100 3.100 3.200 23/01/1992
0.000 0.000 0.000 0.400 0.000 0.000 0.000 0.000 0.000 0.000 0.000 0.000 0.000 0.000 0.000 0.000 0.000 0.000 0.000 0.000 0.000 0.000 0.000 0.000 0.000 0.000 0.000 0.000 0.000 0.000 24/01/1992
0.000 0.000 0.000 0.000 0.000 0.000 0.000 0.000 0.000 0.000 0.000 0.000 0.000 0.000 0.000 0.000 0.000 0.000 0.000 0.000 0.000 0.000 0.000 0.000 0.000 0.000 0.000 0.000 0.000 0.000 25/01/1992
0.000 0.000 0.000 0.000 0.000 0.000 0.000 0.000 0.000 0.000 0.000 0.000 0.000 0.000 0.000 0.000 0.000 0.000 0.000 0.000 0.000 0.000 0.000 0.000 0.000 0.000 0.000 0.000 0.000 0.000 26/01/1992
0.000 0.000 0.000 0.000 0.000 0.000 0.000 0.000 0.000 0.000 0.000 0.000 0.000 0.000 0.000 0.000 0.000 0.000 0.000 0.000 0.000 0.000 0.000 0.000 0.000 0.000 0.000 0.000 0.000 0.000 27/01/1992
0.000 0.000 0.000 0.000 0.000 0.000 0.000 0.000 0.000 0.000 0.000 0.000 0.000 0.000 0.000 0.000 0.000 0.000 0.000 0.000 0.000 0.000 0.000 0.000 0.000 0.000 0.000 0.000 0.000 0.000 28/01/1992
0.000 0.000 0.000 0.000 0.000 0.000 0.000 0.000 0.000 0.000 0.000 0.000 0.000 0.000 0.000 0.000 0.000 0.000 0.000 0.000 0.000 0.000 0.000 0.000 0.000 0.000 0.000 0.000 0.000 0.000 29/01/1992
0.000 0.000 0.000 0.000 0.000 0.000 0.000 0.000 0.000 0.000 0.000 0.000 0.000 0.000 0.000 0.000 0.000 0.000 0.000 0.000 0.000 0.000 0.000 0.000 0.000 0.000 0.000 0.000 0.000 0.000 30/01/1992
0.000 0.000 0.000 0.000 0.000 0.000 0.000 0.000 0.000 0.000 0.000 0.000 0.000 0.000 0.000 0.000 0.000 0.000 0.000 0.000 0.000 0.000 0.000 0.000 0.000 0.000 0.000 0.000 0.000 0.000 31/01/1992
0.000 0.000 0.000 0.000 0.000 0.000 0.000 0.000 0.000 0.000 0.000 0.000 0.000 0.000 0.000 0.000 0.000 0.000 0.000 0.000 0.000 0.000 0.000 0.000 0.000 0.000 0.000 0.000 0.000 0.000 01/02/1992
0.000 0.000 0.000 0.000 0.000 0.000 0.000 0.000 0.000 0.000 0.000 0.000 0.000 0.000 0.000 0.000 0.000 0.000 0.000 0.000 0.000 0.000 0.000 0.000 0.000 0.000 0.000 0.000 0.000 0.000 02/02/1992
0.200 0.200 0.200 1.000 0.900 0.200 0.200 0.200 0.300 0.900 0.200 0.200 0.300 0.300 0.900 0.200 0.000 0.300 0.300 0.300 0.200 0.000 0.300 0.300 0.300 0.200 0.000 0.300 0.300 0.300 03/02/1992
0.000 0.000 0.000 0.000 0.100 0.000 0.000 0.000 0.000 0.100 0.000 0.000 0.000 0.000 0.100 0.000 0.000 0.000 0.000 0.000 0.000 0.000 0.000 0.000 0.000 0.000 0.000 0.000 0.000 0.000 04/02/1992
0.000 0.000 0.000 0.000 0.000 0.000 0.000 0.000 0.000 0.000 0.000 0.000 0.000 0.000 0.000 0.000 0.000 0.000 0.000 0.000 0.000 0.000 0.000 0.000 0.000 0.000 0.000 0.000 0.000 0.000 05/02/1992
0.000 0.000 0.000 0.000 0.000 0.000 0.000 0.000 0.000 0.000 0.000 0.000 0.000 0.000 0.000 0.000 0.000 0.000 0.000 0.000 0.000 0.000 0.000 0.000 0.000 0.000 0.000 0.000 0.000 0.000 06/02/1992
0.000 0.000 0.000 0.000 0.000 0.000 0.000 0.000 0.000 0.000 0.000 0.000 0.000 0.000 0.000 0.000 0.000 0.000 0.000 0.000 0.000 0.000 0.000 0.000 0.000 0.000 0.000 0.000 0.000 0.000 07/02/1992
0.000 0.000 0.000 0.000 0.000 0.000 0.000 0.000 0.000 0.000 0.000 0.000 0.000 0.000 0.000 0.000 0.000 0.000 0.000 0.000 0.000 0.000 0.000 0.000 0.000 0.000 0.000 0.000 0.000 0.000 08/02/1992
2.500 2.500 2.500 3.200 4.500 2.500 2.600 2.500 2.600 4.500 2.500 2.500 2.600 2.600 4.500 3.100 1.700 2.600 2.600 2.600 3.100 1.700 2.600 2.600 2.600 3.100 1.700 2.600 2.600 2.600 09/02/1992
0.100 0.100 0.100 0.400 0.100 0.100 0.100 0.100 0.300 0.100 0.100 0.100 0.300 0.300 0.100 0.000 0.000 0.300 0.300 0.300 0.000 0.000 0.300 0.300 0.300 0.000 0.000 0.300 0.300 0.300 10/02/1992
7.000 7.100 7.100 7.000 5.900 7.200 7.200 7.200 2.800 5.900 7.100 7.100 2.800 2.900 5.900 5.100 3.700 2.800 2.900 2.900 5.000 3.700 2.800 2.800 2.800 4.900 3.700 2.800 2.800 2.900 11/02/1992
7.000 7.000 7.100 7.000 9.100 7.100 7.200 7.100 8.900 9.000 7.100 7.100 8.800 8.900 9.000 6.100 7.600 8.800 8.900 8.900 6.000 7.600 8.900 8.800 8.800 5.900 7.500 8.700 8.700 8.900 12/02/1992
2.700 2.700 2.700 2.300 2.500 2.700 2.800 2.700 5.800 2.500 2.700 2.700 5.700 5.800 2.500 3.500 2.700 5.700 5.800 5.900 3.500 2.700 5.800 5.800 5.800 3.400 2.700 5.700 5.700 5.800 13/02/1992
1.700 1.700 1.700 2.900 0.900 1.700 1.700 1.700 0.300 0.900 1.700 1.700 0.300 0.300 0.900 0.200 0.500 0.300 0.300 0.300 0.200 0.500 0.300 0.400 0.400 0.200 0.500 0.300 0.400 0.300 14/02/1992
6.200 6.200 6.200 7.600 4.600 6.300 6.300 6.300 3.000 4.600 6.300 6.300 3.000 3.000 4.500 1.800 1.400 3.000 3.000 3.000 1.800 1.400 3.000 3.000 3.000 1.800 1.400 2.900 2.900 3.000 15/02/1992
1.000 1.000 1.000 0.900 0.600 1.000 1.000 1.000 0.000 0.600 1.000 1.100 0.000 0.000 0.700 0.000 0.500 0.000 0.000 0.000 0.000 0.500 0.000 0.000 0.000 0.000 0.500 0.000 0.000 0.000 16/02/1992
0.000 0.000 0.000 0.000 0.000 0.000 0.000 0.000 0.000 0.000 0.000 0.000 0.000 0.000 0.000 0.000 0.000 0.000 0.000 0.000 0.000 0.000 0.000 0.000 0.000 0.000 0.000 0.000 0.000 0.000 17/02/1992
0.000 0.000 0.000 0.000 0.000 0.000 0.000 0.000 0.000 0.000 0.000 0.000 0.000 0.000 0.000 0.000 0.000 0.000 0.000 0.000 0.000 0.000 0.000 0.000 0.000 0.000 0.000 0.000 0.000 0.000 18/02/1992
0.000 0.000 0.000 0.000 0.000 0.000 0.000 0.000 0.000 0.000 0.000 0.000 0.000 0.000 0.000 0.000 0.000 0.000 0.000 0.000 0.000 0.000 0.000 0.000 0.000 0.000 0.000 0.000 0.000 0.000 19/02/1992
0.000 0.000 0.000 0.000 0.000 0.000 0.000 0.000 0.000 0.000 0.000 0.000 0.000 0.000 0.000 0.000 0.000 0.000 0.000 0.000 0.000 0.000 0.000 0.000 0.000 0.000 0.000 0.000 0.000 0.000 20/02/1992
0.000 0.000 0.000 0.000 0.000 0.000 0.000 0.000 0.000 0.000 0.000 0.000 0.000 0.000 0.000 0.000 0.000 0.000 0.000 0.000 0.000 0.000 0.000 0.000 0.000 0.000 0.000 0.000 0.000 0.000 21/02/1992
0.000 0.000 0.000 0.000 0.000 0.000 0.000 0.000 0.000 0.000 0.000 0.000 0.000 0.000 0.000 0.000 0.000 0.000 0.000 0.000 0.000 0.000 0.000 0.000 0.000 0.000 0.000 0.000 0.000 0.000 22/02/1992
0.000 0.000 0.000 0.000 0.000 0.000 0.000 0.000 0.000 0.000 0.000 0.000 0.000 0.000 0.000 0.000 0.000 0.000 0.000 0.000 0.000 0.000 0.000 0.000 0.000 0.000 0.000 0.000 0.000 0.000 23/02/1992
0.000 0.000 0.000 0.000 0.000 0.000 0.000 0.000 0.000 0.000 0.000 0.000 0.000 0.000 0.000 0.000 0.000 0.000 0.000 0.000 0.000 0.000 0.000 0.000 0.000 0.000 0.000 0.000 0.000 0.000 24/02/1992
0.000 0.000 0.000 0.000 2.900 0.000 0.000 0.000 0.400 2.900 0.000 0.000 0.400 0.400 2.900 0.000 0.000 0.400 0.400 0.400 0.000 0.000 0.400 0.400 0.400 0.000 0.000 0.400 0.400 0.400 25/02/1992
0.000 0.000 0.000 0.000 0.000 0.000 0.000 0.000 0.000 0.000 0.000 0.000 0.000 0.000 0.000 0.000 0.000 0.000 0.000 0.000 0.000 0.000 0.000 0.000 0.000 0.000 0.000 0.000 0.000 0.000 26/02/1992
0.000 0.000 0.000 0.000 0.000 0.000 0.000 0.000 0.000 0.000 0.000 0.000 0.000 0.000 0.000 0.000 0.000 0.000 0.000 0.000 0.000 0.000 0.000 0.000 0.000 0.000 0.000 0.000 0.000 0.000 27/02/1992
0.000 0.000 0.000 0.000 0.000 0.000 0.000 0.000 0.000 0.000 0.000 0.000 0.000 0.000 0.000 0.000 0.000 0.000 0.000 0.000 0.000 0.000 0.000 0.000 0.000 0.000 0.000 0.000 0.000 0.000 28/02/1992
0.000 0.000 0.000 0.000 0.000 0.000 0.000 0.000 0.000 0.000 0.000 0.000 0.000 0.000 0.000 0.000 0.000 0.000 0.000 0.000 0.000 0.000 0.000 0.000 0.000 0.000 0.000 0.000 0.000 0.000 29/02/1992
0.000 0.000 0.000 0.100 0.000 0.000 0.000 0.000 0.000 0.000 0.000 0.000 0.000 0.000 0.000 0.000 0.000 0.000 0.000 0.000 0.000 0.000 0.000 0.000 0.000 0.000 0.000 0.000 0.000 0.000 01/03/1992
0.000 0.000 0.000 0.000 0.000 0.000 0.000 0.000 0.000 0.000 0.000 0.000 0.000 0.000 0.000 0.000 0.000 0.000 0.000 0.000 0.000 0.000 0.000 0.000 0.000 0.000 0.000 0.000 0.000 0.000 02/03/1992
0.000 0.000 0.000 0.000 0.000 0.000 0.000 0.000 0.000 0.000 0.000 0.000 0.000 0.000 0.000 0.000 0.000 0.000 0.000 0.000 0.000 0.000 0.000 0.000 0.000 0.000 0.000 0.000 0.000 0.000 03/03/1992
0.000 0.000 0.000 0.000 0.000 0.000 0.000 0.000 0.000 0.000 0.000 0.000 0.000 0.000 0.000 0.000 0.000 0.000 0.000 0.000 0.000 0.000 0.000 0.000 0.000 0.000 0.000 0.000 0.000 0.000 04/03/1992
0.300 0.300 0.300 0.600 0.000 0.300 0.300 0.300 0.300 0.000 0.300 0.300 0.300 0.300 0.000 0.000 0.500 0.300 0.300 0.300 0.000 0.500 0.300 0.300 0.300 0.000 0.500 0.300 0.300 0.300 05/03/1992
0.000 0.000 0.000 0.000 0.000 0.000 0.000 0.000 0.000 0.000 0.000 0.000 0.000 0.000 0.000 0.000 0.000 0.000 0.000 0.000 0.000 0.000 0.000 0.000 0.000 0.000 0.000 0.000 0.000 0.000 06/03/1992
0.000 0.000 0.000 0.400 1.700 0.000 0.000 0.000 1.500 1.700 0.000 0.000 1.500 1.600 1.700 0.300 2.200 1.500 1.600 1.600 0.300 2.200 1.500 1.500 1.500 0.300 2.200 1.500 1.500 1.600 07/03/1992
0.000 0.000 0.000 0.000 0.000 0.000 0.000 0.000 0.000 0.000 0.000 0.000 0.000 0.000 0.000 0.000 0.000 0.000 0.000 0.000 0.000 0.000 0.000 0.000 0.000 0.000 0.000 0.000 0.000 0.000 08/03/1992
0.000 0.000 0.000 0.000 0.000 0.000 0.000 0.000 0.000 0.000 0.000 0.000 0.000 0.000 0.000 0.000 0.000 0.000 0.000 0.000 0.000 0.000 0.000 0.000 0.000 0.000 0.000 0.000 0.000 0.000 09/03/1992
0.000 0.000 0.000 0.000 0.200 0.000 0.000 0.000 0.000 0.200 0.000 0.000 0.000 0.000 0.200 0.000 0.000 0.000 0.000 0.000 0.000 0.000 0.000 0.000 0.000 0.000 0.000 0.000 0.000 0.000 10/03/1992
0.000 0.000 0.000 0.000 0.000 0.000 0.000 0.000 0.200 0.000 0.000 0.000 0.200 0.300 0.000 0.000 0.100 0.200 0.300 0.300 0.000 0.100 0.200 0.200 0.200 0.000 0.100 0.200 0.200 0.300 11/03/1992
2.400 2.500 2.500 2.200 4.300 2.500 2.500 2.500 2.800 4.300 2.500 2.500 2.800 2.800 4.200 1.600 1.000 2.800 2.800 2.800 1.600 1.000 2.800 2.800 2.800 1.600 1.000 2.700 2.700 2.800 12/03/1992
3.300 3.300 3.300 4.400 4.500 3.300 3.400 3.300 3.200 4.500 3.300 3.300 3.200 3.200 4.500 2.400 2.900 3.200 3.200 3.200 2.300 2.900 3.200 3.200 3.200 2.300 2.900 3.100 3.100 3.200 13/03/1992
1.000 1.000 1.000 1.400 2.100 1.000 1.000 1.000 2.100 2.100 1.000 1.000 2.100 2.200 2.100 1.000 1.800 2.100 2.200 2.200 1.000 1.900 2.100 2.100 2.100 1.000 1.800 2.100 2.100 2.200 14/03/1992
0.100 0.100 0.100 0.100 0.000 0.100 0.100 0.100 0.100 0.000 0.100 0.100 0.100 0.100 0.000 0.100 0.200 0.100 0.100 0.100 0.100 0.200 0.100 0.100 0.100 0.100 0.200 0.100 0.100 0.100 15/03/1992
0.000 0.000 0.000 0.000 0.000 0.000 0.000 0.000 0.000 0.000 0.000 0.000 0.000 0.000 0.000 0.000 0.000 0.000 0.000 0.000 0.000 0.000 0.000 0.000 0.000 0.000 0.000 0.000 0.000 0.000 16/03/1992
0.000 0.000 0.000 0.000 0.000 0.000 0.000 0.000 0.000 0.000 0.000 0.000 0.000 0.000 0.000 0.000 0.000 0.000 0.000 0.000 0.000 0.000 0.000 0.000 0.000 0.000 0.000 0.000 0.000 0.000 17/03/1992
0.000 0.000 0.000 0.000 0.000 0.000 0.000 0.000 0.000 0.000 0.000 0.000 0.000 0.000 0.000 0.000 0.000 0.000 0.000 0.000 0.000 0.000 0.000 0.000 0.000 0.000 0.000 0.000 0.000 0.000 18/03/1992
0.000 0.000 0.000 0.200 0.000 0.000 0.000 0.000 0.000 0.000 0.000 0.000 0.000 0.000 0.000 0.000 0.000 0.000 0.000 0.000 0.000 0.000 0.000 0.000 0.000 0.000 0.000 0.000 0.000 0.000 19/03/1992
0.100 0.100 0.100 0.100 0.000 0.100 0.100 0.100 0.000 0.000 0.100 0.100 0.000 0.000 0.000 0.100 0.000 0.000 0.000 0.000 0.100 0.000 0.000 0.000 0.000 0.100 0.000 0.000 0.000 0.000 20/03/1992
0.100 0.100 0.100 0.200 0.100 0.100 0.100 0.100 0.100 0.100 0.100 0.100 0.100 0.100 0.100 0.300 0.000 0.100 0.100 0.100 0.300 0.000 0.100 0.100 0.100 0.200 0.000 0.100 0.100 0.100 21/03/1992
8.100 8.200 8.200 7.000 11.400 8.300 8.400 8.300 9.500 11.300 8.300 8.200 9.400 9.500 11.200 7.000 7.000 9.500 9.600 9.500 6.900 7.000 9.500 9.400 9.400 6.800 6.900 9.300 9.300 9.600 22/03/1992
7.000 7.100 7.100 7.600 8.000 7.200 7.300 7.200 10.600 7.900 7.200 7.200 10.500 10.600 7.800 6.300 7.000 10.600 10.700 10.700 6.300 7.000 10.600 10.500 10.500 6.200 7.000 10.400 10.400 10.700 23/03/1992
4.100 4.100 4.100 5.400 2.900 4.100 4.200 4.100 4.800 2.900 4.100 4.100 4.700 4.800 2.800 5.400 4.000 4.800 4.800 4.800 5.400 4.000 4.800 4.700 4.700 5.300 4.000 4.700 4.700 4.800 24/03/1992
3.700 3.700 3.700 5.200 4.900 3.800 3.800 3.800 4.500 4.900 3.800 3.800 4.500 4.600 4.800 2.500 4.200 4.500 4.600 4.600 2.500 4.200 4.500 4.500 4.500 2.400 4.100 4.500 4.500 4.600 25/03/1992
8.800 8.800 8.900 7.700 9.800 8.900 9.000 8.900 8.200 9.700 8.900 8.900 8.200 8.300 9.600 8.900 7.900 8.200 8.300 8.300 8.800 7.900 8.200 8.200 8.200 8.700 7.900 8.100 8.100 8.300 26/03/1992
1.500 1.500 1.500 2.400 2.600 1.500 1.500 1.500 1.600 2.600 1.500 1.500 1.600 1.600 2.600 2.100 2.100 1.600 1.600 1.600 2.100 2.100 1.600 1.600 1.600 2.100 2.100 1.600 1.600 1.600 27/03/1992
0.000 0.000 0.000 0.000 0.000 0.000 0.000 0.000 0.000 0.000 0.000 0.000 0.000 0.000 0.000 0.000 0.000 0.000 0.000 0.000 0.000 0.000 0.000 0.000 0.000 0.000 0.000 0.000 0.000 0.000 28/03/1992
4.100 4.100 4.100 3.600 2.100 4.100 4.200 4.100 2.100 2.100 4.100 4.100 2.100 2.100 2.100 4.100 1.700 2.100 2.100 2.100 4.100 1.700 2.100 2.100 2.100 4.000 1.700 2.100 2.100 2.100 29/03/1992
14.000 14.100 14.100 15.900 6.400 14.200 14.400 14.200 9.100 6.300 14.200 14.200 9.100 9.100 6.300 13.300 10.900 9.100 9.200 9.200 13.200 10.900 9.100 9.000 9.000 13.000 10.900 8.900 9.000 9.200 30/03/1992
6.300 6.300 6.400 6.400 3.300 6.400 6.500 6.400 2.500 3.300 6.400 6.400 2.500 2.500 3.200 6.700 3.600 2.500 2.500 2.500 6.700 3.600 2.500 2.500 2.500 6.600 3.600 2.400 2.400 2.500 31/03/1992
9.700 9.800 9.800 7.400 8.000 9.900 10.000 9.900 7.300 8.000 9.900 9.800 7.300 7.400 7.900 7.900 8.700 7.300 7.400 7.400 7.800 8.800 7.300 7.300 7.300 7.700 8.700 7.200 7.200 7.400 01/04/1992
5.200 5.300 5.300 5.500 10.800 5.300 5.400 5.300 12.200 10.800 5.300 5.300 12.200 12.300 10.700 7.300 5.700 12.200 12.300 12.300 7.200 5.700 12.200 12.100 12.100 7.100 5.700 12.000 12.000 12.300 02/04/1992
4.100 4.100 4.100 6.900 3.300 4.200 4.200 4.200 5.200 3.300 4.100 4.100 5.100 5.200 3.200 3.000 5.600 5.200 5.200 5.200 3.000 5.600 5.200 5.100 5.100 3.000 5.600 5.100 5.100 5.200 03/04/1992
0.000 0.000 0.000 0.000 0.000 0.000 0.000 0.000 0.000 0.000 0.000 0.000 0.000 0.000 0.000 0.000 0.000 0.000 0.000 0.000 0.000 0.000 0.000 0.000 0.000 0.000 0.000 0.000 0.000 0.000 04/04/1992
0.000 0.000 0.000 0.000 0.000 0.000 0.000 0.000 0.000 0.000 0.000 0.000 0.000 0.000 0.000 0.000 0.000 0.000 0.000 0.000 0.000 0.000 0.000 0.000 0.000 0.000 0.000 0.000 0.000 0.000 05/04/1992
0.500 0.500 0.500 0.200 0.000 0.600 0.600 0.600 0.000 0.000 0.600 0.600 0.000 0.000 0.000 0.500 0.500 0.000 0.000 0.000 0.500 0.500 0.000 0.000 0.000 0.500 0.500 0.000 0.000 0.000 06/04/1992
1.900 1.900 1.900 2.100 1.300 1.900 1.900 1.900 3.200 1.300 1.900 1.900 3.200 3.200 1.200 2.800 1.700 3.200 3.200 3.200 2.800 1.800 3.200 3.100 3.100 2.800 1.700 3.100 3.100 3.200 07/04/1992
1.800 1.800 1.800 1.400 1.700 1.900 1.900 1.900 1.900 1.700 1.900 1.900 1.900 1.900 1.700 4.900 0.400 1.900 1.900 1.900 4.900 0.400 1.900 1.900 1.900 4.800 0.400 1.900 1.900 1.900 08/04/1992
0.000 0.000 0.000 0.000 0.000 0.000 0.000 0.000 0.000 0.000 0.000 0.000 0.000 0.000 0.000 0.000 0.000 0.000 0.000 0.000 0.000 0.000 0.000 0.000 0.000 0.000 0.000 0.000 0.000 0.000 09/04/1992
0.000 0.000 0.000 0.000 0.000 0.000 0.000 0.000 0.000 0.000 0.000 0.000 0.000 0.000 0.000 0.000 0.000 0.000 0.000 0.000 0.000 0.000 0.000 0.000 0.000 0.000 0.000 0.000 0.000 0.000 10/04/1992
0.000 0.000 0.000 0.000 0.000 0.000 0.000 0.000 0.000 0.000 0.000 0.000 0.000 0.000 0.000 0.000 0.000 0.000 0.000 0.000 0.000 0.000 0.000 0.000 0.000 0.000 0.000 0.000 0.000 0.000 11/04/1992
0.000 0.000 0.000 0.300 0.000 0.000 0.000 0.000 0.000 0.000 0.000 0.000 0.000 0.000 0.000 0.000 0.000 0.000 0.000 0.000 0.000 0.000 0.000 0.000 0.000 0.000 0.000 0.000 0.000 0.000 12/04/1992
0.000 0.000 0.000 0.000 0.000 0.000 0.000 0.000 0.000 0.000 0.000 0.000 0.000 0.000 0.000 0.000 0.000 0.000 0.000 0.000 0.000 0.000 0.000 0.000 0.000 0.000 0.000 0.000 0.000 0.000 13/04/1992
9.800 9.900 9.900 8.200 10.500 10.000 10.100 10.000 10.400 10.500 10.000 10.000 10.400 10.500 10.400 8.500 9.400 10.400 10.500 10.500 8.400 9.400 10.400 10.400 10.400 8.300 9.300 10.300 10.300 10.500 14/04/1992
4.500 4.500 4.600 5.100 7.800 4.600 4.600 4.600 4.600 7.800 4.600 4.600 4.600 4.700 7.700 2.900 3.500 4.600 4.700 4.700 2.900 3.600 4.600 4.600 4.600 2.900 3.500 4.600 4.600 4.700 15/04/1992
0.000 0.000 0.000 0.200 0.000 0.000 0.000 0.000 0.000 0.000 0.000 0.000 0.000 0.000 0.000 0.000 0.000 0.000 0.000 0.000 0.000 0.000 0.000 0.000 0.000 0.000 0.000 0.000 0.000 0.000 16/04/1992
1.800 1.800 1.800 1.500 1.700 1.800 1.800 1.800 1.600 1.700 1.800 1.800 1.600 1.600 1.700 2.000 1.900 1.600 1.600 1.600 2.000 1.900 1.600 1.600 1.600 2.000 1.900 1.600 1.600 1.600 17/04/1992
0.000 0.000 0.000 0.000 0.500 0.000 0.000 0.000 0.200 0.500 0.000 0.000 0.200 0.200 0.500 0.000 0.300 0.200 0.200 0.200 0.000 0.300 0.200 0.200 0.200 0.000 0.300 0.200 0.200 0.200 18/04/1992
0.000 0.000 0.000 0.000 0.000 0.000 0.000 0.000 0.000 0.000 0.000 0.000 0.000 0.000 0.000 0.000 0.000 0.000 0.000 0.000 0.000 0.000 0.000 0.000 0.000 0.000 0.000 0.000 0.000 0.000 19/04/1992
0.000 0.000 0.000 0.000 0.000 0.000 0.000 0.000 0.000 0.000 0.000 0.000 0.000 0.000 0.000 0.000 0.000 0.000 0.000 0.000 0.000 0.000 0.000 0.000 0.000 0.000 0.000 0.000 0.000 0.000 20/04/1992
0.000 0.000 0.000 0.000 0.000 0.000 0.000 0.000 0.000 0.000 0.000 0.000 0.000 0.000 0.000 0.000 0.000 0.000 0.000 0.000 0.000 0.000 0.000 0.000 0.000 0.000 0.000 0.000 0.000 0.000 21/04/1992
0.000 0.000 0.000 0.000 0.000 0.000 0.000 0.000 0.000 0.000 0.000 0.000 0.000 0.000 0.000 0.000 0.000 0.000 0.000 0.000 0.000 0.000 0.000 0.000 0.000 0.000 0.000 0.000 0.000 0.000 22/04/1992
0.000 0.000 0.000 0.000 0.000 0.000 0.000 0.000 0.000 0.000 0.000 0.000 0.000 0.000 0.000 0.000 0.000 0.000 0.000 0.000 0.000 0.000 0.000 0.000 0.000 0.000 0.000 0.000 0.000 0.000 23/04/1992
0.000 0.000 0.000 0.000 0.000 0.000 0.000 0.000 0.000 0.000 0.000 0.000 0.000 0.000 0.000 0.000 0.000 0.000 0.000 0.000 0.000 0.000 0.000 0.000 0.000 0.000 0.000 0.000 0.000 0.000 24/04/1992
0.000 0.000 0.000 0.000 0.000 0.000 0.000 0.000 0.000 0.000 0.000 0.000 0.000 0.000 0.000 0.000 0.000 0.000 0.000 0.000 0.000 0.000 0.000 0.000 0.000 0.000 0.000 0.000 0.000 0.000 25/04/1992
0.000 0.000 0.000 0.000 0.000 0.000 0.000 0.000 0.000 0.000 0.000 0.000 0.000 0.000 0.000 0.000 0.000 0.000 0.000 0.000 0.000 0.000 0.000 0.000 0.000 0.000 0.000 0.000 0.000 0.000 26/04/1992
1.300 1.300 1.300 1.900 1.400 1.300 1.300 1.300 1.600 1.400 1.300 1.300 1.500 1.600 1.400 0.500 2.700 1.600 1.600 1.600 0.500 2.700 1.600 1.500 1.500 0.500 2.700 1.500 1.500 1.600 27/04/1992
5.500 5.500 5.500 4.600 4.800 5.600 5.600 5.600 4.200 4.800 5.600 5.500 4.200 4.200 4.800 3.900 3.400 4.200 4.300 4.300 3.900 3.400 4.200 4.200 4.200 3.800 3.300 4.200 4.200 4.300 28/04/1992
0.100 0.100 0.100 0.000 0.100 0.100 0.200 0.100 0.400 0.100 0.100 0.100 0.400 0.400 0.100 0.000 0.000 0.400 0.400 0.400 0.000 0.000 0.400 0.400 0.400 0.000 0.000 0.400 0.400 0.400 29/04/1992
2.400 2.400 2.400 5.400 4.000 2.400 2.500 2.400 2.300 4.000 2.400 2.400 2.300 2.300 4.000 1.400 2.300 2.300 2.300 2.300 1.400 2.300 2.300 2.300 2.300 1.400 2.300 2.200 2.200 2.300 30/04/1992
3.100 3.100 3.100 4.100 5.200 3.100 3.100 3.100 2.700 5.200 3.100 3.100 2.700 2.700 5.200 2.200 2.700 2.700 2.700 2.700 2.200 2.700 2.700 2.700 2.700 2.200 2.700 2.700 2.700 2.700 01/05/1992
0.100 0.100 0.100 1.300 0.100 0.100 0.100 0.100 0.000 0.100 0.100 0.100 0.000 0.000 0.100 0.000 0.000 0.000 0.000 0.000 0.000 0.000 0.000 0.000 0.000 0.000 0.000 0.000 0.000 0.000 02/05/1992
0.000 0.000 0.000 0.000 0.000 0.000 0.000 0.000 0.000 0.000 0.000 0.000 0.000 0.000 0.000 0.000 0.000 0.000 0.000 0.000 0.000 0.000 0.000 0.000 0.000 0.000 0.000 0.000 0.000 0.000 03/05/1992
0.000 0.000 0.000 0.000 0.000 0.000 0.000 0.000 0.000 0.000 0.000 0.000 0.000 0.000 0.000 0.000 0.000 0.000 0.000 0.000 0.000 0.000 0.000 0.000 0.000 0.000 0.000 0.000 0.000 0.000 04/05/1992
0.000 0.000 0.000 0.000 0.000 0.000 0.000 0.000 0.000 0.000 0.000 0.000 0.000 0.000 0.000 0.000 0.000 0.000 0.000 0.000 0.000 0.000 0.000 0.000 0.000 0.000 0.000 0.000 0.000 0.000 05/05/1992
0.000 0.000 0.000 0.000 0.000 0.000 0.000 0.000 0.000 0.000 0.000 0.000 0.000 0.000 0.000 0.000 0.000 0.000 0.000 0.000 0.000 0.000 0.000 0.000 0.000 0.000 0.000 0.000 0.000 0.000 06/05/1992
0.000 0.000 0.000 0.000 0.000 0.000 0.000 0.000 0.000 0.000 0.000 0.000 0.000 0.000 0.000 0.000 0.000 0.000 0.000 0.000 0.000 0.000 0.000 0.000 0.000 0.000 0.000 0.000 0.000 0.000 07/05/1992
0.000 0.000 0.000 0.000 0.000 0.000 0.000 0.000 0.000 0.000 0.000 0.000 0.000 0.000 0.000 0.000 0.000 0.000 0.000 0.000 0.000 0.000 0.000 0.000 0.000 0.000 0.000 0.000 0.000 0.000 08/05/1992
0.100 0.100 0.100 0.800 0.600 0.100 0.100 0.100 0.100 0.600 0.100 0.100 0.100 0.100 0.600 0.300 0.700 0.100 0.100 0.100 0.300 0.700 0.100 0.100 0.100 0.300 0.700 0.100 0.100 0.100 09/05/1992
0.200 0.200 0.200 0.400 0.700 0.200 0.200 0.200 0.100 0.700 0.200 0.200 0.100 0.100 0.700 0.100 0.000 0.100 0.100 0.100 0.100 0.000 0.100 0.100 0.100 0.100 0.000 0.100 0.100 0.100 10/05/1992
0.000 0.000 0.000 0.000 0.000 0.000 0.000 0.000 0.000 0.000 0.000 0.000 0.000 0.000 0.000 0.000 0.000 0.000 0.000 0.000 0.000 0.000 0.000 0.000 0.000 0.000 0.000 0.000 0.000 0.000 11/05/1992
0.000 0.000 0.000 0.000 0.000 0.000 0.000 0.000 0.000 0.000 0.000 0.000 0.000 0.000 0.000 0.000 0.000 0.000 0.000 0.000 0.000 0.000 0.000 0.000 0.000 0.000 0.000 0.000 0.000 0.000 12/05/1992
0.000 0.000 0.000 0.000 0.000 0.000 0.000 0.000 0.000 0.000 0.000 0.000 0.000 0.000 0.000 0.000 0.000 0.000 0.000 0.000 0.000 0.000 0.000 0.000 0.000 0.000 0.000 0.000 0.000 0.000 13/05/1992
0.000 0.000 0.000 0.000 0.000 0.000 0.000 0.000 0.000 0.000 0.000 0.000 0.000 0.000 0.000 0.000 0.000 0.000 0.000 0.000 0.000 0.000 0.000 0.000 0.000 0.000 0.000 0.000 0.000 0.000 14/05/1992
0.000 0.000 0.000 0.000 0.000 0.000 0.000 0.000 0.000 0.000 0.000 0.000 0.000 0.000 0.000 0.000 0.000 0.000 0.000 0.000 0.000 0.000 0.000 0.000 0.000 0.000 0.000 0.000 0.000 0.000 15/05/1992
0.000 0.000 0.000 0.000 0.000 0.000 0.000 0.000 0.000 0.000 0.000 0.000 0.000 0.000 0.000 0.000 0.000 0.000 0.000 0.000 0.000 0.000 0.000 0.000 0.000 0.000 0.000 0.000 0.000 0.000 16/05/1992
0.000 0.000 0.000 0.000 0.000 0.000 0.000 0.000 0.000 0.000 0.000 0.000 0.000 0.000 0.000 0.000 0.000 0.000 0.000 0.000 0.000 0.000 0.000 0.000 0.000 0.000 0.000 0.000 0.000 0.000 17/05/1992
0.000 0.000 0.000 0.000 0.000 0.000 0.000 0.000 0.000 0.000 0.000 0.000 0.000 0.000 0.000 0.000 0.000 0.000 0.000 0.000 0.000 0.000 0.000 0.000 0.000 0.000 0.000 0.000 0.000 0.000 18/05/1992
0.000 0.000 0.000 0.000 0.000 0.000 0.000 0.000 0.000 0.000 0.000 0.000 0.000 0.000 0.000 0.000 0.000 0.000 0.000 0.000 0.000 0.000 0.000 0.000 0.000 0.000 0.000 0.000 0.000 0.000 19/05/1992
0.000 0.000 0.000 0.000 0.300 0.000 0.000 0.000 0.300 0.300 0.000 0.000 0.300 0.300 0.300 0.000 0.000 0.300 0.300 0.300 0.000 0.000 0.300 0.300 0.300 0.000 0.000 0.200 0.200 0.300 20/05/1992
0.700 0.700 0.700 0.100 1.400 0.700 0.700 0.700 1.700 1.400 0.700 0.700 1.700 1.700 1.400 1.000 4.400 1.700 1.700 1.700 1.000 4.400 1.700 1.700 1.700 1.000 4.400 1.600 1.600 1.700 21/05/1992
0.000 0.000 0.000 2.000 0.100 0.000 0.000 0.000 0.000 0.100 0.000 0.000 0.000 0.000 0.100 0.200 0.000 0.000 0.000 0.000 0.200 0.000 0.000 0.000 0.000 0.100 0.000 0.000 0.000 0.000 22/05/1992
2.400 2.400 2.400 0.000 3.200 2.400 2.500 2.400 6.900 3.200 2.400 2.400 6.900 6.900 3.200 12.300 9.500 6.900 7.000 7.000 12.100 9.500 6.900 6.900 6.900 12.000 9.400 6.800 6.800 7.000 23/05/1992
5.900 6.000 6.000 1.300 2.000 6.100 6.100 6.100 4.100 2.000 6.000 6.000 4.000 4.100 2.000 3.800 7.000 4.000 4.100 4.100 3.800 7.000 4.100 4.000 4.000 3.700 7.000 4.000 4.000 4.100 24/05/1992
0.000 0.000 0.000 0.000 0.000 0.000 0.000 0.000 0.000 0.000 0.000 0.000 0.000 0.000 0.000 0.000 0.000 0.000 0.000 0.000 0.000 0.000 0.000 0.000 0.000 0.000 0.000 0.000 0.000 0.000 25/05/1992
0.000 0.000 0.000 0.000 0.000 0.000 0.000 0.000 0.000 0.000 0.000 0.000 0.000 0.000 0.000 0.000 0.000 0.000 0.000 0.000 0.000 0.000 0.000 0.000 0.000 0.000 0.000 0.000 0.000 0.000 26/05/1992
5.400 5.400 5.400 6.200 7.700 5.500 5.500 5.500 11.600 7.700 5.500 5.500 11.600 11.700 7.600 2.600 12.400 11.600 11.700 11.700 2.600 12.400 11.600 11.500 11.500 2.500 12.300 11.400 11.400 11.700 27/05/1992
1.700 1.700 1.700 3.100 4.300 1.700 1.700 1.700 1.100 4.300 1.700 1.700 1.100 1.100 4.200 3.700 2.800 1.100 1.100 1.100 3.700 2.800 1.100 1.100 1.100 3.600 2.800 1.100 1.100 1.100 28/05/1992
1.300 1.300 1.300 0.700 0.900 1.400 1.400 1.400 0.200 0.900 1.400 1.400 0.200 0.200 0.900 1.500 1.000 0.200 0.200 0.200 1.500 1.000 0.200 0.200 0.200 1.500 1.000 0.200 0.200 0.200 29/05/1992
0.000 0.000 0.000 0.300 0.100 0.000 0.000 0.000 0.600 0.100 0.000 0.000 0.600 0.600 0.100 0.200 3.100 0.600 0.600 0.600 0.200 3.100 0.600 0.600 0.600 0.200 3.000 0.600 0.600 0.600 30/05/1992
1.600 1.600 1.600 8.300 9.100 1.600 1.700 1.600 2.000 9.000 1.600 1.600 2.000 2.000 9.000 0.400 1.800 2.000 2.000 2.000 0.300 1.800 2.000 2.000 2.000 0.300 1.800 1.900 1.900 2.000 31/05/1992
0.000 0.000 0.000 0.100 2.600 0.000 0.000 0.000 0.300 2.600 0.000 0.000 0.300 0.300 2.600 0.000 0.000 0.300 0.400 0.400 0.000 0.000 0.300 0.300 0.300 0.000 0.000 0.300 0.300 0.400 01/06/1992
7.000 7.100 7.100 7.500 9.000 7.200 7.200 7.200 6.900 8.900 7.200 7.100 6.900 6.900 8.800 5.900 8.000 6.900 7.000 6.900 5.900 8.000 6.900 6.800 6.800 5.800 8.000 6.800 6.800 7.000 02/06/1992
0.100 0.100 0.100 0.200 2.000 0.100 0.100 0.100 1.000 2.000 0.100 0.100 1.000 1.000 2.000 0.000 0.300 1.000 1.000 1.000 0.000 0.300 1.000 1.000 1.000 0.000 0.300 1.000 1.000 1.000 03/06/1992
28.400 28.600 28.700 22.200 33.600 28.900 29.200 28.900 36.200 33.400 28.900 28.800 36.000 36.400 33.100 18.500 32.900 36.100 36.500 36.500 18.300 32.900 36.200 35.900 35.900 18.100 32.700 35.600 35.700 36.500 04/06/1992
14.000 14.100 14.200 12.000 18.800 14.300 14.400 14.300 11.800 18.700 14.200 14.200 11.800 11.900 18.600 13.900 10.300 11.800 11.900 11.900 13.700 10.300 11.800 11.800 11.700 13.600 10.200 11.600 11.700 11.900 05/06/1992
4.400 4.500 4.500 1.400 3.500 4.500 4.600 4.500 2.900 3.500 4.500 4.500 2.800 2.900 3.500 4.700 3.200 2.900 2.900 2.900 4.600 3.200 2.900 2.800 2.800 4.600 3.200 2.800 2.800 2.900 06/06/1992
0.100 0.100 0.100 0.000 0.400 0.100 0.100 0.100 1.100 0.400 0.100 0.100 1.100 1.100 0.400 2.800 0.000 1.100 1.100 1.100 2.700 0.000 1.100 1.100 1.100 2.700 0.000 1.000 1.000 1.100 07/06/1992
0.400 0.400 0.400 4.500 1.800 0.400 0.400 0.400 0.300 1.800 0.400 0.400 0.300 0.300 1.700 0.000 0.100 0.300 0.300 0.300 0.000 0.100 0.300 0.300 0.300 0.000 0.100 0.300 0.300 0.300 08/06/1992
9.200 9.300 9.300 6.300 11.900 9.400 9.500 9.400 17.700 11.800 9.400 9.300 17.600 17.700 11.700 9.200 17.400 17.600 17.800 17.800 9.100 17.500 17.700 17.500 17.500 9.000 17.300 17.400 17.400 17.800 09/06/1992
4.700 4.700 4.700 5.100 8.100 4.800 4.800 4.800 7.400 8.100 4.700 4.700 7.300 7.400 8.000 4.100 4.900 7.300 7.400 7.400 4.100 4.900 7.400 7.300 7.300 4.000 4.900 7.300 7.300 7.400 10/06/1992
0.300 0.300 0.300 0.300 2.600 0.300 0.300 0.300 0.800 2.600 0.300 0.300 0.800 0.800 2.600 0.700 0.600 0.800 0.800 0.800 0.700 0.600 0.800 0.800 0.800 0.700 0.600 0.800 0.800 0.800 11/06/1992
0.000 0.000 0.000 0.000 0.000 0.000 0.000 0.000 0.000 0.000 0.000 0.000 0.000 0.000 0.000 0.900 2.100 0.000 0.000 0.000 0.900 2.100 0.000 0.000 0.000 0.900 2.000 0.000 0.000 0.000 12/06/1992
1.100 1.100 1.100 0.000 0.000 1.100 1.100 1.100 0.000 0.000 1.100 1.100 0.000 0.000 0.000 0.200 0.400 0.000 0.000 0.000 0.200 0.400 0.000 0.000 0.000 0.100 0.400 0.000 0.000 0.000 13/06/1992
0.000 0.000 0.000 0.000 0.000 0.000 0.000 0.000 0.000 0.000 0.000 0.000 0.000 0.000 0.000 0.000 0.000 0.000 0.000 0.000 0.000 0.000 0.000 0.000 0.000 0.000 0.000 0.000 0.000 0.000 14/06/1992
0.900 0.900 0.900 0.200 1.600 0.900 0.900 0.900 1.800 1.600 0.900 0.900 1.800 1.800 1.600 0.600 2.100 1.800 1.800 1.800 0.600 2.100 1.800 1.800 1.800 0.600 2.100 1.700 1.700 1.800 15/06/1992
0.000 0.000 0.000 0.700 6.900 0.000 0.000 0.000 0.800 6.800 0.000 0.000 0.800 0.800 6.800 0.000 0.000 0.800 0.800 0.800 0.000 0.000 0.800 0.800 0.800 0.000 0.000 0.700 0.700 0.800 16/06/1992
0.000 0.000 0.000 0.000 0.000 0.000 0.000 0.000 0.000 0.000 0.000 0.000 0.000 0.000 0.000 0.000 0.000 0.000 0.000 0.000 0.000 0.000 0.000 0.000 0.000 0.000 0.000 0.000 0.000 0.000 17/06/1992
0.000 0.000 0.000 0.000 0.000 0.000 0.000 0.000 0.000 0.000 0.000 0.000 0.000 0.000 0.000 0.000 0.000 0.000 0.000 0.000 0.000 0.000 0.000 0.000 0.000 0.000 0.000 0.000 0.000 0.000 18/06/1992
0.300 0.300 0.300 1.500 0.100 0.300 0.300 0.300 0.200 0.100 0.300 0.300 0.200 0.200 0.100 0.200 0.000 0.200 0.200 0.200 0.200 0.000 0.200 0.200 0.200 0.200 0.000 0.200 0.200 0.200 19/06/1992
6.700 6.700 6.700 3.900 1.300 6.800 6.900 6.800 1.400 1.300 6.800 6.800 1.400 1.400 1.300 10.300 0.800 1.400 1.400 1.400 10.200 0.800 1.400 1.300 1.300 10.100 0.800 1.300 1.300 1.400 20/06/1992
36.900 37.100 37.300 13.700 3.200 37.600 38.000 37.600 6.800 3.200 37.500 37.500 6.800 6.800 3.200 18.700 7.500 6.800 6.900 6.800 18.500 7.500 6.800 6.700 6.700 18.300 7.500 6.700 6.700 6.800 21/06/1992
1.400 1.400 1.400 3.200 2.200 1.400 1.500 1.400 0.100 2.200 1.400 1.400 0.100 0.100 2.100 0.200 0.000 0.100 0.100 0.100 0.200 0.000 0.100 0.100 0.100 0.200 0.000 0.100 0.100 0.100 22/06/1992
1.900 2.000 2.000 2.100 4.800 2.000 2.000 2.000 0.100 4.800 2.000 2.000 0.100 0.200 4.800 1.800 5.100 0.100 0.200 0.200 1.800 5.100 0.100 0.100 0.100 1.800 5.000 0.100 0.100 0.200 23/06/1992
1.000 1.000 1.000 0.500 2.000 1.000 1.000 1.000 1.400 2.000 1.000 1.000 1.400 1.400 2.000 1.600 1.000 1.400 1.400 1.400 1.600 1.000 1.400 1.400 1.400 1.500 1.000 1.400 1.400 1.400 24/06/1992
0.100 0.100 0.100 0.000 1.300 0.100 0.100 0.100 1.000 1.300 0.100 0.100 1.000 1.000 1.300 0.000 0.000 1.000 1.000 1.000 0.000 0.000 1.000 1.000 1.000 0.000 0.000 1.000 1.000 1.000 25/06/1992
0.000 0.000 0.000 0.000 0.400 0.000 0.000 0.000 0.000 0.400 0.000 0.000 0.000 0.000 0.400 0.000 0.000 0.000 0.000 0.000 0.000 0.000 0.000 0.000 0.000 0.000 0.000 0.000 0.000 0.000 26/06/1992
0.000 0.000 0.000 0.000 0.000 0.000 0.000 0.000 0.000 0.000 0.000 0.000 0.000 0.000 0.000 0.000 0.000 0.000 0.000 0.000 0.000 0.000 0.000 0.000 0.000 0.000 0.000 0.000 0.000 0.000 27/06/1992
0.200 0.200 0.200 0.000 0.000 0.200 0.200 0.200 0.000 0.000 0.200 0.200 0.000 0.000 0.000 0.000 0.000 0.000 0.000 0.000 0.000 0.000 0.000 0.000 0.000 0.000 0.000 0.000 0.000 0.000 28/06/1992
7.500 7.500 7.600 4.300 1.500 7.600 7.700 7.600 3.700 1.500 7.600 7.600 3.700 3.700 1.500 10.200 5.200 3.700 3.700 3.700 10.100 5.200 3.700 3.600 3.600 10.000 5.100 3.600 3.600 3.700 29/06/1992
13.100 13.200 13.200 10.800 14.900 13.400 13.500 13.400 40.200 14.800 13.300 13.300 40.000 40.400 14.700 24.300 23.500 40.100 40.500 40.500 24.000 23.500 40.200 39.900 39.900 23.700 23.300 39.500 39.600 40.500 30/06/1992
7.000 7.100 7.100 5.000 5.800 7.200 7.300 7.200 6.400 5.800 7.200 7.200 6.400 6.400 5.800 6.400 5.900 6.400 6.400 6.400 6.300 5.900 6.400 6.300 6.300 6.300 5.900 6.300 6.300 6.400 01/07/1992
0.000 0.000 0.000 0.000 0.600 0.000 0.000 0.000 0.000 0.600 0.000 0.000 0.000 0.000 0.600 0.000 0.000 0.000 0.000 0.000 0.000 0.000 0.000 0.000 0.000 0.000 0.000 0.000 0.000 0.000 02/07/1992
3.900 4.000 4.000 3.700 5.400 4.000 4.000 4.000 1.700 5.300 4.000 4.000 1.700 1.700 5.300 1.700 3.100 1.700 1.700 1.700 1.700 3.100 1.700 1.700 1.700 1.700 3.100 1.700 1.700 1.700 03/07/1992
11.500 11.500 11.600 21.000 21.100 11.700 11.800 11.700 8.600 21.000 11.700 11.600 8.600 8.700 20.800 12.300 10.800 8.600 8.700 8.700 12.200 10.800 8.600 8.600 8.600 12.100 10.700 8.500 8.500 8.700 04/07/1992
6.300 6.400 6.400 5.600 12.000 6.400 6.500 6.400 8.700 11.900 6.400 6.400 8.600 8.700 11.800 6.300 6.100 8.600 8.700 8.700 6.200 6.100 8.700 8.600 8.600 6.100 6.000 8.500 8.500 8.700 05/07/1992
1.300 1.300 1.300 3.000 2.200 1.300 1.400 1.300 1.500 2.200 1.300 1.300 1.500 1.500 2.100 0.700 1.000 1.500 1.500 1.500 0.700 1.000 1.500 1.400 1.400 0.700 1.000 1.400 1.400 1.500 06/07/1992
0.000 0.000 0.000 0.000 0.000 0.000 0.000 0.000 0.000 0.000 0.000 0.000 0.000 0.000 0.000 0.000 0.000 0.000 0.000 0.000 0.000 0.000 0.000 0.000 0.000 0.000 0.000 0.000 0.000 0.000 07/07/1992
0.000 0.000 0.000 0.000 0.000 0.000 0.000 0.000 0.000 0.000 0.000 0.000 0.000 0.000 0.000 0.000 0.000 0.000 0.000 0.000 0.000 0.000 0.000 0.000 0.000 0.000 0.000 0.000 0.000 0.000 08/07/1992
3.100 3.100 3.100 1.300 0.100 3.200 3.200 3.200 1.100 0.100 3.200 3.200 1.100 1.100 0.100 0.600 0.400 1.100 1.100 1.100 0.600 0.400 1.100 1.100 1.100 0.600 0.400 1.000 1.000 1.100 09/07/1992
3.600 3.600 3.600 6.700 3.000 3.700 3.700 3.700 0.800 3.000 3.700 3.600 0.800 0.800 3.000 3.100 2.700 0.800 0.800 0.800 3.000 2.700 0.800 0.800 0.800 3.000 2.700 0.800 0.800 0.800 10/07/1992
7.700 7.800 7.800 6.000 12.000 7.900 8.000 7.900 9.800 11.900 7.900 7.900 9.700 9.800 11.800 12.000 6.400 9.700 9.800 9.800 11.900 6.400 9.800 9.700 9.700 11.800 6.300 9.600 9.600 9.800 11/07/1992
0.100 0.100 0.100 0.100 3.000 0.100 0.100 0.100 4.400 3.000 0.100 0.100 4.400 4.400 3.000 1.200 2.800 4.400 4.400 4.400 1.200 2.800 4.400 4.400 4.400 1.200 2.800 4.300 4.300 4.400 12/07/1992
0.000 0.000 0.000 0.000 0.000 0.000 0.000 0.000 0.000 0.000 0.000 0.000 0.000 0.000 0.000 0.000 0.000 0.000 0.000 0.000 0.000 0.000 0.000 0.000 0.000 0.000 0.000 0.000 0.000 0.000 13/07/1992
0.000 0.000 0.000 0.000 0.000 0.000 0.000 0.000 0.000 0.000 0.000 0.000 0.000 0.000 0.000 0.000 0.000 0.000 0.000 0.000 0.000 0.000 0.000 0.000 0.000 0.000 0.000 0.000 0.000 0.000 14/07/1992
0.000 0.000 0.000 0.000 0.000 0.000 0.000 0.000 0.000 0.000 0.000 0.000 0.000 0.000 0.000 0.000 0.000 0.000 0.000 0.000 0.000 0.000 0.000 0.000 0.000 0.000 0.000 0.000 0.000 0.000 15/07/1992
0.000 0.000 0.000 0.000 0.000 0.000 0.000 0.000 0.000 0.000 0.000 0.000 0.000 0.000 0.000 0.000 0.000 0.000 0.000 0.000 0.000 0.000 0.000 0.000 0.000 0.000 0.000 0.000 0.000 0.000 16/07/1992
0.000 0.000 0.000 0.000 0.000 0.000 0.000 0.000 0.000 0.000 0.000 0.000 0.000 0.000 0.000 0.000 0.000 0.000 0.000 0.000 0.000 0.000 0.000 0.000 0.000 0.000 0.000 0.000 0.000 0.000 17/07/1992
0.000 0.000 0.000 0.000 0.000 0.000 0.000 0.000 0.000 0.000 0.000 0.000 0.000 0.000 0.000 0.000 0.000 0.000 0.000 0.000 0.000 0.000 0.000 0.000 0.000 0.000 0.000 0.000 0.000 0.000 18/07/1992
0.000 0.000 0.000 0.000 0.000 0.000 0.000 0.000 0.000 0.000 0.000 0.000 0.000 0.000 0.000 0.000 0.000 0.000 0.000 0.000 0.000 0.000 0.000 0.000 0.000 0.000 0.000 0.000 0.000 0.000 19/07/1992
4.400 4.400 4.400 7.600 1.800 4.500 4.500 4.500 2.000 1.800 4.500 4.500 2.000 2.000 1.800 3.400 2.500 2.000 2.000 2.000 3.400 2.500 2.000 2.000 2.000 3.300 2.500 2.000 2.000 2.000 20/07/1992
0.000 0.000 0.000 0.100 0.600 0.000 0.000 0.000 1.200 0.600 0.000 0.000 1.200 1.200 0.600 0.000 0.600 1.200 1.200 1.200 0.000 0.600 1.200 1.200 1.200 0.000 0.600 1.200 1.200 1.200 21/07/1992
0.000 0.000 0.000 0.000 0.000 0.000 0.000 0.000 0.000 0.000 0.000 0.000 0.000 0.000 0.000 0.000 0.000 0.000 0.000 0.000 0.000 0.000 0.000 0.000 0.000 0.000 0.000 0.000 0.000 0.000 22/07/1992
0.000 0.000 0.000 0.000 0.000 0.000 0.000 0.000 0.000 0.000 0.000 0.000 0.000 0.000 0.000 0.000 0.000 0.000 0.000 0.000 0.000 0.000 0.000 0.000 0.000 0.000 0.000 0.000 0.000 0.000 23/07/1992
0.100 0.100 0.100 0.000 1.100 0.100 0.100 0.100 0.200 1.100 0.100 0.100 0.200 0.200 1.100 0.200 1.400 0.200 0.200 0.200 0.200 1.400 0.200 0.200 0.200 0.200 1.400 0.200 0.200 0.200 24/07/1992
0.000 0.000 0.000 0.000 0.000 0.000 0.000 0.000 0.000 0.000 0.000 0.000 0.000 0.000 0.000 0.000 0.000 0.000 0.000 0.000 0.000 0.000 0.000 0.000 0.000 0.000 0.000 0.000 0.000 0.000 25/07/1992
0.000 0.000 0.000 0.000 0.000 0.000 0.000 0.000 0.000 0.000 0.000 0.000 0.000 0.000 0.000 0.000 0.000 0.000 0.000 0.000 0.000 0.000 0.000 0.000 0.000 0.000 0.000 0.000 0.000 0.000 26/07/1992
0.000 0.000 0.000 0.000 0.000 0.000 0.000 0.000 0.000 0.000 0.000 0.000 0.000 0.000 0.000 0.000 0.000 0.000 0.000 0.000 0.000 0.000 0.000 0.000 0.000 0.000 0.000 0.000 0.000 0.000 27/07/1992
0.000 0.000 0.000 0.000 0.000 0.000 0.000 0.000 0.000 0.000 0.000 0.000 0.000 0.000 0.000 0.000 0.000 0.000 0.000 0.000 0.000 0.000 0.000 0.000 0.000 0.000 0.000 0.000 0.000 0.000 28/07/1992
0.000 0.000 0.000 0.000 0.000 0.000 0.000 0.000 0.000 0.000 0.000 0.000 0.000 0.000 0.000 0.000 0.000 0.000 0.000 0.000 0.000 0.000 0.000 0.000 0.000 0.000 0.000 0.000 0.000 0.000 29/07/1992
0.000 0.000 0.000 0.000 0.000 0.000 0.000 0.000 0.000 0.000 0.000 0.000 0.000 0.000 0.000 0.000 0.000 0.000 0.000 0.000 0.000 0.000 0.000 0.000 0.000 0.000 0.000 0.000 0.000 0.000 30/07/1992
0.100 0.100 0.100 0.300 0.800 0.100 0.100 0.100 0.000 0.800 0.100 0.100 0.000 0.000 0.800 2.500 1.200 0.000 0.000 0.000 2.500 1.200 0.000 0.000 0.000 2.500 1.200 0.000 0.000 0.000 31/07/1992
