# 6448 6449 6450 6451 6452 6528 6529 6530 6531 6532 6610 6611 6612 6613 6614 6693 6694 6695 6696 6697 6776 6777 6778 6779 6780 6859 6860 6861 6862 6863 Date
0.000 0.000 0.000 0.000 0.000 0.000 0.000 0.000 0.000 0.000 0.000 0.000 0.000 0.000 0.000 0.000 0.000 0.000 0.000 0.000 0.000 0.000 0.000 0.000 0.000 0.000 0.000 0.000 0.000 0.000 01/08/1962
0.000 0.000 0.000 0.000 0.000 0.000 0.000 0.000 0.000 0.000 0.000 0.000 0.000 0.000 0.000 0.000 0.000 0.000 0.000 0.000 0.000 0.000 0.000 0.000 0.000 0.000 0.000 0.000 0.000 0.000 02/08/1962
0.000 0.000 0.000 0.000 0.000 0.000 0.000 0.000 0.000 0.000 0.000 0.000 0.000 0.000 0.000 0.000 0.000 0.000 0.000 0.000 0.000 0.000 0.000 0.000 0.000 0.000 0.000 0.000 0.000 0.000 03/08/1962
0.000 0.000 0.000 0.000 0.000 0.000 0.000 0.000 0.000 0.000 0.000 0.000 0.000 0.000 0.000 0.000 0.000 0.000 0.000 0.000 0.000 0.000 0.000 0.000 0.000 0.000 0.000 0.000 0.000 0.000 04/08/1962
0.000 0.000 0.000 0.000 0.000 0.000 0.000 0.000 0.000 0.000 0.000 0.000 0.000 0.000 0.000 0.000 0.000 0.000 0.000 0.000 0.000 0.000 0.000 0.000 0.000 0.000 0.000 0.000 0.000 0.000 05/08/1962
2.700 2.700 2.700 4.300 1.500 2.800 2.800 2.800 1.300 1.500 2.800 2.700 1.300 1.300 1.400 4.800 0.700 1.300 1.300 1.300 4.700 0.700 1.300 1.300 1.300 4.700 0.700 1.300 1.300 1.300 06/08/1962
3.700 3.800 3.800 4.300 1.900 3.800 3.900 3.800 0.900 1.900 3.800 3.800 0.900 0.900 1.900 5.900 1.300 0.900 0.900 0.900 5.900 1.300 0.900 0.800 0.800 5.800 1.300 0.800 0.800 0.900 07/08/1962
0.000 0.000 0.000 0.100 0.300 0.000 0.000 0.000 0.300 0.300 0.000 0.000 0.300 0.300 0.300 0.000 0.000 0.300 0.300 0.300 0.000 0.000 0.300 0.300 0.300 0.000 0.000 0.300 0.300 0.300 08/08/1962
0.000 0.000 0.000 0.000 0.000 0.000 0.000 0.000 0.000 0.000 0.000 0.000 0.000 0.000 0.000 0.000 0.000 0.000 0.000 0.000 0.000 0.000 0.000 0.000 0.000 0.000 0.000 0.000 0.000 0.000 09/08/1962
0.100 0.100 0.100 0.000 0.000 0.100 0.100 0.100 0.000 0.000 0.100 0.100 0.000 0.000 0.000 0.000 0.000 0.000 0.000 0.000 0.000 0.000 0.000 0.000 0.000 0.000 0.000 0.000 0.000 0.000 10/08/1962
0.000 0.000 0.000 0.000 0.000 0.000 0.000 0.000 0.000 0.000 0.000 0.000 0.000 0.000 0.000 0.000 0.000 0.000 0.000 0.000 0.000 0.000 0.000 0.000 0.000 0.000 0.000 0.000 0.000 0.000 11/08/1962
0.200 0.200 0.200 0.000 0.000 0.200 0.200 0.200 0.000 0.000 0.200 0.200 0.000 0.000 0.000 0.000 0.000 0.000 0.000 0.000 0.000 0.000 0.000 0.000 0.000 0.000 0.000 0.000 0.000 0.000 12/08/1962
0.000 0.000 0.000 0.000 0.000 0.000 0.000 0.000 0.000 0.000 0.000 0.000 0.000 0.000 0.000 0.000 0.000 0.000 0.000 0.000 0.000 0.000 0.000 0.000 0.000 0.000 0.000 0.000 0.000 0.000 13/08/1962
0.100 0.100 0.100 0.100 0.000 0.100 0.100 0.100 0.000 0.000 0.100 0.100 0.000 0.000 0.000 0.000 0.100 0.000 0.000 0.000 0.000 0.100 0.000 0.000 0.000 0.000 0.100 0.000 0.000 0.000 14/08/1962
0.100 0.100 0.100 1.200 0.000 0.100 0.100 0.100 0.000 0.000 0.100 0.100 0.000 0.000 0.000 0.000 0.000 0.000 0.000 0.000 0.000 0.000 0.000 0.000 0.000 0.000 0.000 0.000 0.000 0.000 15/08/1962
0.100 0.100 0.100 0.000 0.000 0.100 0.100 0.100 0.000 0.000 0.100 0.100 0.000 0.000 0.000 0.000 0.000 0.000 0.000 0.000 0.000 0.000 0.000 0.000 0.000 0.000 0.000 0.000 0.000 0.000 16/08/1962
3.600 3.600 3.600 8.500 0.200 3.600 3.700 3.600 0.800 0.200 3.600 3.600 0.800 0.800 0.200 0.200 0.300 0.800 0.800 0.800 0.200 0.300 0.800 0.800 0.800 0.200 0.300 0.700 0.700 0.800 17/08/1962
0.000 0.000 0.000 0.000 0.000 0.000 0.000 0.000 0.000 0.000 0.000 0.000 0.000 0.000 0.000 0.000 0.000 0.000 0.000 0.000 0.000 0.000 0.000 0.000 0.000 0.000 0.000 0.000 0.000 0.000 18/08/1962
0.000 0.000 0.000 0.000 0.000 0.000 0.000 0.000 0.000 0.000 0.000 0.000 0.000 0.000 0.000 0.000 0.000 0.000 0.000 0.000 0.000 0.000 0.000 0.000 0.000 0.000 0.000 0.000 0.000 0.000 19/08/1962
2.500 2.500 2.500 0.900 1.600 2.500 2.500 2.500 1.100 1.600 2.500 2.500 1.100 1.100 1.500 0.100 2.300 1.100 1.100 1.100 0.100 2.300 1.100 1.100 1.100 0.100 2.300 1.100 1.100 1.100 20/08/1962
0.100 0.100 0.100 0.000 0.000 0.100 0.100 0.100 0.000 0.000 0.100 0.100 0.000 0.000 0.000 2.900 0.000 0.000 0.000 0.000 2.900 0.000 0.000 0.000 0.000 2.800 0.000 0.000 0.000 0.000 21/08/1962
0.000 0.000 0.000 0.000 0.000 0.000 0.000 0.000 0.000 0.000 0.000 0.000 0.000 0.000 0.000 0.000 0.000 0.000 0.000 0.000 0.000 0.000 0.000 0.000 0.000 0.000 0.000 0.000 0.000 0.000 22/08/1962
0.000 0.000 0.000 0.000 0.000 0.000 0.000 0.000 0.000 0.000 0.000 0.000 0.000 0.000 0.000 0.000 0.000 0.000 0.000 0.000 0.000 0.000 0.000 0.000 0.000 0.000 0.000 0.000 0.000 0.000 23/08/1962
0.300 0.300 0.300 0.500 0.000 0.300 0.300 0.300 0.100 0.000 0.300 0.300 0.100 0.100 0.000 0.400 0.000 0.100 0.100 0.100 0.400 0.000 0.100 0.100 0.100 0.400 0.000 0.100 0.100 0.100 24/08/1962
0.200 0.200 0.200 0.000 0.500 0.200 0.200 0.200 1.000 0.500 0.200 0.200 1.000 1.000 0.500 0.000 0.000 1.000 1.000 1.000 0.000 0.000 1.000 1.000 1.000 0.000 0.000 0.900 0.900 1.000 25/08/1962
0.100 0.100 0.100 0.000 0.000 0.100 0.100 0.100 0.000 0.000 0.100 0.100 0.000 0.000 0.000 0.000 0.000 0.000 0.000 0.000 0.000 0.000 0.000 0.000 0.000 0.000 0.000 0.000 0.000 0.000 26/08/1962
0.100 0.100 0.100 0.000 0.000 0.100 0.100 0.100 0.000 0.000 0.100 0.100 0.000 0.000 0.000 0.000 0.000 0.000 0.000 0.000 0.000 0.000 0.000 0.000 0.000 0.000 0.000 0.000 0.000 0.000 27/08/1962
0.000 0.000 0.000 0.000 0.000 0.000 0.000 0.000 0.000 0.000 0.000 0.000 0.000 0.000 0.000 0.000 0.000 0.000 0.000 0.000 0.000 0.000 0.000 0.000 0.000 0.000 0.000 0.000 0.000 0.000 28/08/1962
0.000 0.000 0.000 0.000 0.000 0.000 0.000 0.000 0.000 0.000 0.000 0.000 0.000 0.000 0.000 0.000 0.000 0.000 0.000 0.000 0.000 0.000 0.000 0.000 0.000 0.000 0.000 0.000 0.000 0.000 29/08/1962
0.000 0.000 0.000 0.000 0.000 0.000 0.000 0.000 0.000 0.000 0.000 0.000 0.000 0.000 0.000 0.000 0.000 0.000 0.000 0.000 0.000 0.000 0.000 0.000 0.000 0.000 0.000 0.000 0.000 0.000 30/08/1962
0.000 0.000 0.000 0.000 0.000 0.000 0.000 0.000 0.000 0.000 0.000 0.000 0.000 0.000 0.000 0.000 0.000 0.000 0.000 0.000 0.000 0.000 0.000 0.000 0.000 0.000 0.000 0.000 0.000 0.000 31/08/1962
0.000 0.000 0.000 0.000 0.000 0.000 0.000 0.000 0.000 0.000 0.000 0.000 0.000 0.000 0.000 0.000 0.000 0.000 0.000 0.000 0.000 0.000 0.000 0.000 0.000 0.000 0.000 0.000 0.000 0.000 01/09/1962
0.000 0.000 0.000 0.000 0.000 0.000 0.000 0.000 0.000 0.000 0.000 0.000 0.000 0.000 0.000 0.000 0.000 0.000 0.000 0.000 0.000 0.000 0.000 0.000 0.000 0.000 0.000 0.000 0.000 0.000 02/09/1962
0.100 0.100 0.100 0.100 0.700 0.100 0.100 0.100 1.400 0.700 0.100 0.100 1.400 1.400 0.700 0.100 0.600 1.400 1.400 1.400 0.100 0.600 1.400 1.400 1.400 0.100 0.600 1.400 1.400 1.400 03/09/1962
4.100 4.100 4.200 5.700 3.900 4.200 4.200 4.200 2.400 3.900 4.200 4.200 2.400 2.400 3.900 0.800 2.400 2.400 2.400 2.400 0.800 2.400 2.400 2.400 2.400 0.800 2.400 2.400 2.400 2.400 04/09/1962
3.900 3.900 3.900 7.500 3.600 3.900 4.000 3.900 1.200 3.600 3.900 3.900 1.200 1.200 3.600 2.100 0.500 1.200 1.200 1.200 2.100 0.500 1.200 1.200 1.200 2.000 0.500 1.200 1.200 1.200 05/09/1962
4.800 4.800 4.900 5.400 0.600 4.900 4.900 4.900 0.500 0.600 4.900 4.900 0.500 0.500 0.600 1.800 0.600 0.500 0.500 0.500 1.800 0.600 0.500 0.500 0.500 1.800 0.600 0.400 0.400 0.500 06/09/1962
3.200 3.200 3.200 1.200 5.000 3.300 3.300 3.300 7.000 5.000 3.200 3.200 7.000 7.000 4.900 5.300 4.900 7.000 7.000 7.000 5.200 4.900 7.000 7.000 7.000 5.200 4.900 6.900 6.900 7.000 07/09/1962
0.000 0.000 0.000 0.000 0.000 0.000 0.000 0.000 0.000 0.000 0.000 0.000 0.000 0.000 0.000 0.000 0.000 0.000 0.000 0.000 0.000 0.000 0.000 0.000 0.000 0.000 0.000 0.000 0.000 0.000 08/09/1962
0.000 0.000 0.000 0.000 0.000 0.000 0.000 0.000 0.000 0.000 0.000 0.000 0.000 0.000 0.000 0.000 0.000 0.000 0.000 0.000 0.000 0.000 0.000 0.000 0.000 0.000 0.000 0.000 0.000 0.000 09/09/1962
0.200 0.200 0.200 0.000 0.000 0.200 0.200 0.200 0.000 0.000 0.200 0.200 0.000 0.000 0.000 0.000 0.000 0.000 0.000 0.000 0.000 0.000 0.000 0.000 0.000 0.000 0.000 0.000 0.000 0.000 10/09/1962
0.000 0.000 0.000 0.000 0.000 0.000 0.000 0.000 0.000 0.000 0.000 0.000 0.000 0.000 0.000 0.000 0.000 0.000 0.000 0.000 0.000 0.000 0.000 0.000 0.000 0.000 0.000 0.000 0.000 0.000 11/09/1962
0.000 0.000 0.000 0.000 0.000 0.000 0.000 0.000 0.000 0.000 0.000 0.000 0.000 0.000 0.000 0.000 0.000 0.000 0.000 0.000 0.000 0.000 0.000 0.000 0.000 0.000 0.000 0.000 0.000 0.000 12/09/1962
0.000 0.000 0.000 0.000 0.000 0.000 0.000 0.000 0.000 0.000 0.000 0.000 0.000 0.000 0.000 0.000 0.000 0.000 0.000 0.000 0.000 0.000 0.000 0.000 0.000 0.000 0.000 0.000 0.000 0.000 13/09/1962
0.000 0.000 0.000 0.000 0.000 0.000 0.000 0.000 0.000 0.000 0.000 0.000 0.000 0.000 0.000 0.000 0.000 0.000 0.000 0.000 0.000 0.000 0.000 0.000 0.000 0.000 0.000 0.000 0.000 0.000 14/09/1962
0.400 0.400 0.400 1.200 1.100 0.400 0.400 0.400 0.400 1.100 0.400 0.400 0.400 0.400 1.100 0.000 0.000 0.400 0.400 0.400 0.000 0.000 0.400 0.400 0.400 0.000 0.000 0.400 0.400 0.400 15/09/1962
6.400 6.500 6.500 9.500 3.000 6.600 6.600 6.600 0.600 3.000 6.500 6.500 0.600 0.600 2.900 2.200 0.900 0.600 0.600 0.600 2.100 0.900 0.600 0.600 0.600 2.100 0.900 0.500 0.500 0.600 16/09/1962
0.000 0.000 0.000 0.000 0.000 0.000 0.000 0.000 0.000 0.000 0.000 0.000 0.000 0.000 0.000 0.000 0.000 0.000 0.000 0.000 0.000 0.000 0.000 0.000 0.000 0.000 0.000 0.000 0.000 0.000 17/09/1962
0.000 0.000 0.000 0.000 0.000 0.000 0.000 0.000 0.000 0.000 0.000 0.000 0.000 0.000 0.000 0.000 0.000 0.000 0.000 0.000 0.000 0.000 0.000 0.000 0.000 0.000 0.000 0.000 0.000 0.000 18/09/1962
0.000 0.000 0.000 0.000 0.000 0.000 0.000 0.000 0.000 0.000 0.000 0.000 0.000 0.000 0.000 0.000 0.000 0.000 0.000 0.000 0.000 0.000 0.000 0.000 0.000 0.000 0.000 0.000 0.000 0.000 19/09/1962
0.000 0.000 0.000 0.000 0.000 0.000 0.000 0.000 0.000 0.000 0.000 0.000 0.000 0.000 0.000 0.000 0.000 0.000 0.000 0.000 0.000 0.000 0.000 0.000 0.000 0.000 0.000 0.000 0.000 0.000 20/09/1962
0.000 0.000 0.000 0.000 0.000 0.000 0.000 0.000 0.000 0.000 0.000 0.000 0.000 0.000 0.000 0.000 0.000 0.000 0.000 0.000 0.000 0.000 0.000 0.000 0.000 0.000 0.000 0.000 0.000 0.000 21/09/1962
0.000 0.000 0.000 0.000 0.000 0.000 0.000 0.000 0.000 0.000 0.000 0.000 0.000 0.000 0.000 0.000 0.000 0.000 0.000 0.000 0.000 0.000 0.000 0.000 0.000 0.000 0.000 0.000 0.000 0.000 22/09/1962
0.000 0.000 0.000 0.000 0.000 0.000 0.000 0.000 0.000 0.000 0.000 0.000 0.000 0.000 0.000 0.000 0.000 0.000 0.000 0.000 0.000 0.000 0.000 0.000 0.000 0.000 0.000 0.000 0.000 0.000 23/09/1962
0.000 0.000 0.000 0.000 0.000 0.000 0.000 0.000 0.000 0.000 0.000 0.000 0.000 0.000 0.000 0.000 0.000 0.000 0.000 0.000 0.000 0.000 0.000 0.000 0.000 0.000 0.000 0.000 0.000 0.000 24/09/1962
20.700 20.800 20.900 11.100 17.900 21.100 21.300 21.100 20.500 17.800 21.000 21.000 20.400 20.600 17.600 29.600 19.600 20.400 20.700 20.600 29.300 19.600 20.500 20.300 20.300 29.000 19.400 20.100 20.200 20.700 25/09/1962
9.000 9.000 9.100 6.200 13.000 9.200 9.300 9.200 8.700 12.900 9.100 9.100 8.700 8.800 12.800 2.500 7.300 8.700 8.800 8.800 2.400 7.300 8.700 8.700 8.700 2.400 7.300 8.600 8.600 8.800 26/09/1962
0.000 0.000 0.000 0.000 0.000 0.000 0.000 0.000 0.000 0.000 0.000 0.000 0.000 0.000 0.000 0.000 0.000 0.000 0.000 0.000 0.000 0.000 0.000 0.000 0.000 0.000 0.000 0.000 0.000 0.000 27/09/1962
4.100 4.100 4.100 1.300 6.000 4.100 4.200 4.100 7.000 6.000 4.100 4.100 7.000 7.000 5.900 4.600 4.700 7.000 7.100 7.100 4.500 4.700 7.000 7.000 7.000 4.500 4.700 6.900 6.900 7.100 28/09/1962
0.000 0.000 0.000 0.000 0.000 0.000 0.000 0.000 0.000 0.000 0.000 0.000 0.000 0.000 0.000 0.000 0.000 0.000 0.000 0.000 0.000 0.000 0.000 0.000 0.000 0.000 0.000 0.000 0.000 0.000 29/09/1962
0.100 0.100 0.100 0.000 0.000 0.100 0.100 0.100 0.000 0.000 0.100 0.100 0.000 0.000 0.000 0.000 0.000 0.000 0.000 0.000 0.000 0.000 0.000 0.000 0.000 0.000 0.000 0.000 0.000 0.000 30/09/1962
0.000 0.000 0.000 0.000 0.000 0.000 0.000 0.000 0.000 0.000 0.000 0.000 0.000 0.000 0.000 0.000 0.000 0.000 0.000 0.000 0.000 0.000 0.000 0.000 0.000 0.000 0.000 0.000 0.000 0.000 01/10/1962
43.500 43.800 44.000 23.200 3.000 44.300 44.800 44.300 3.600 3.000 44.200 44.200 3.600 3.700 2.900 37.800 4.900 3.600 3.700 3.700 37.400 4.900 3.600 3.600 3.600 37.000 4.800 3.600 3.600 3.700 02/10/1962
0.000 0.000 0.000 0.100 0.000 0.000 0.000 0.000 0.000 0.000 0.000 0.000 0.000 0.000 0.000 0.000 0.000 0.000 0.000 0.000 0.000 0.000 0.000 0.000 0.000 0.000 0.000 0.000 0.000 0.000 03/10/1962
0.000 0.000 0.000 0.000 0.000 0.000 0.000 0.000 0.000 0.000 0.000 0.000 0.000 0.000 0.000 0.000 0.000 0.000 0.000 0.000 0.000 0.000 0.000 0.000 0.000 0.000 0.000 0.000 0.000 0.000 04/10/1962
0.000 0.000 0.000 0.000 0.000 0.000 0.000 0.000 0.000 0.000 0.000 0.000 0.000 0.000 0.000 0.000 0.000 0.000 0.000 0.000 0.000 0.000 0.000 0.000 0.000 0.000 0.000 0.000 0.000 0.000 05/10/1962
0.000 0.000 0.000 0.000 0.000 0.000 0.000 0.000 0.000 0.000 0.000 0.000 0.000 0.000 0.000 0.000 0.000 0.000 0.000 0.000 0.000 0.000 0.000 0.000 0.000 0.000 0.000 0.000 0.000 0.000 06/10/1962
0.000 0.000 0.000 0.000 0.000 0.000 0.000 0.000 0.000 0.000 0.000 0.000 0.000 0.000 0.000 0.000 0.000 0.000 0.000 0.000 0.000 0.000 0.000 0.000 0.000 0.000 0.000 0.000 0.000 0.000 07/10/1962
0.000 0.000 0.000 0.000 0.000 0.000 0.000 0.000 0.000 0.000 0.000 0.000 0.000 0.000 0.000 0.000 0.000 0.000 0.000 0.000 0.000 0.000 0.000 0.000 0.000 0.000 0.000 0.000 0.000 0.000 08/10/1962
0.000 0.000 0.000 0.000 0.000 0.000 0.000 0.000 0.000 0.000 0.000 0.000 0.000 0.000 0.000 0.000 0.000 0.000 0.000 0.000 0.000 0.000 0.000 0.000 0.000 0.000 0.000 0.000 0.000 0.000 09/10/1962
0.000 0.000 0.000 0.000 0.000 0.000 0.000 0.000 0.000 0.000 0.000 0.000 0.000 0.000 0.000 0.000 0.000 0.000 0.000 0.000 0.000 0.000 0.000 0.000 0.000 0.000 0.000 0.000 0.000 0.000 10/10/1962
4.800 4.900 4.900 4.800 2.200 4.900 5.000 4.900 4.100 2.200 4.900 4.900 4.100 4.100 2.200 14.700 19.400 4.100 4.100 4.100 14.500 19.400 4.100 4.100 4.100 14.400 19.200 4.000 4.000 4.100 11/10/1962
0.700 0.700 0.700 2.000 3.600 0.700 0.700 0.700 4.200 3.600 0.700 0.700 4.200 4.300 3.600 0.000 3.300 4.200 4.300 4.300 0.000 3.300 4.200 4.200 4.200 0.000 3.200 4.200 4.200 4.300 12/10/1962
0.500 0.500 0.500 0.000 0.000 0.500 0.600 0.500 0.000 0.000 0.500 0.500 0.000 0.000 0.000 0.000 0.000 0.000 0.000 0.000 0.000 0.000 0.000 0.000 0.000 0.000 0.000 0.000 0.000 0.000 13/10/1962
0.000 0.000 0.000 0.000 0.000 0.000 0.000 0.000 0.000 0.000 0.000 0.000 0.000 0.000 0.000 0.000 0.000 0.000 0.000 0.000 0.000 0.000 0.000 0.000 0.000 0.000 0.000 0.000 0.000 0.000 14/10/1962
0.000 0.000 0.000 0.000 0.000 0.000 0.000 0.000 0.000 0.000 0.000 0.000 0.000 0.000 0.000 0.000 0.000 0.000 0.000 0.000 0.000 0.000 0.000 0.000 0.000 0.000 0.000 0.000 0.000 0.000 15/10/1962
0.000 0.000 0.000 0.000 0.000 0.000 0.000 0.000 0.000 0.000 0.000 0.000 0.000 0.000 0.000 0.000 0.000 0.000 0.000 0.000 0.000 0.000 0.000 0.000 0.000 0.000 0.000 0.000 0.000 0.000 16/10/1962
0.000 0.000 0.000 0.000 0.000 0.000 0.000 0.000 0.000 0.000 0.000 0.000 0.000 0.000 0.000 0.000 0.000 0.000 0.000 0.000 0.000 0.000 0.000 0.000 0.000 0.000 0.000 0.000 0.000 0.000 17/10/1962
0.000 0.000 0.000 0.000 0.000 0.000 0.000 0.000 0.000 0.000 0.000 0.000 0.000 0.000 0.000 0.000 0.000 0.000 0.000 0.000 0.000 0.000 0.000 0.000 0.000 0.000 0.000 0.000 0.000 0.000 18/10/1962
0.000 0.000 0.000 0.000 0.000 0.000 0.000 0.000 0.000 0.000 0.000 0.000 0.000 0.000 0.000 0.000 0.000 0.000 0.000 0.000 0.000 0.000 0.000 0.000 0.000 0.000 0.000 0.000 0.000 0.000 19/10/1962
0.000 0.000 0.000 0.000 0.000 0.000 0.000 0.000 0.000 0.000 0.000 0.000 0.000 0.000 0.000 0.000 0.000 0.000 0.000 0.000 0.000 0.000 0.000 0.000 0.000 0.000 0.000 0.000 0.000 0.000 20/10/1962
0.000 0.000 0.000 0.000 0.000 0.000 0.000 0.000 0.000 0.000 0.000 0.000 0.000 0.000 0.000 0.000 0.000 0.000 0.000 0.000 0.000 0.000 0.000 0.000 0.000 0.000 0.000 0.000 0.000 0.000 21/10/1962
0.000 0.000 0.000 0.000 0.000 0.000 0.000 0.000 0.000 0.000 0.000 0.000 0.000 0.000 0.000 0.000 0.000 0.000 0.000 0.000 0.000 0.000 0.000 0.000 0.000 0.000 0.000 0.000 0.000 0.000 22/10/1962
0.000 0.000 0.000 0.000 0.000 0.000 0.000 0.000 0.000 0.000 0.000 0.000 0.000 0.000 0.000 0.000 0.000 0.000 0.000 0.000 0.000 0.000 0.000 0.000 0.000 0.000 0.000 0.000 0.000 0.000 23/10/1962
0.000 0.000 0.000 0.000 0.000 0.000 0.000 0.000 0.000 0.000 0.000 0.000 0.000 0.000 0.000 0.000 0.000 0.000 0.000 0.000 0.000 0.000 0.000 0.000 0.000 0.000 0.000 0.000 0.000 0.000 24/10/1962
0.000 0.000 0.000 0.000 0.000 0.000 0.000 0.000 0.000 0.000 0.000 0.000 0.000 0.000 0.000 0.000 0.000 0.000 0.000 0.000 0.000 0.000 0.000 0.000 0.000 0.000 0.000 0.000 0.000 0.000 25/10/1962
12.400 12.400 12.500 13.900 12.600 12.600 12.700 12.600 4.300 12.500 12.600 12.600 4.200 4.300 12.400 7.100 4.700 4.300 4.300 4.300 7.000 4.700 4.300 4.200 4.200 6.900 4.600 4.100 4.200 4.300 26/10/1962
0.000 0.000 0.000 0.000 0.000 0.000 0.000 0.000 0.000 0.000 0.000 0.000 0.000 0.000 0.000 0.000 0.000 0.000 0.000 0.000 0.000 0.000 0.000 0.000 0.000 0.000 0.000 0.000 0.000 0.000 27/10/1962
2.200 2.300 2.300 4.400 7.200 2.300 2.300 2.300 3.000 7.200 2.300 2.300 2.900 3.000 7.100 3.500 2.600 3.000 3.000 3.000 3.500 2.600 3.000 2.900 2.900 3.500 2.600 2.900 2.900 3.000 28/10/1962
0.100 0.100 0.100 0.000 0.000 0.100 0.100 0.100 0.000 0.000 0.100 0.100 0.000 0.000 0.000 0.000 0.000 0.000 0.000 0.000 0.000 0.000 0.000 0.000 0.000 0.000 0.000 0.000 0.000 0.000 29/10/1962
4.500 4.600 4.600 4.400 6.900 4.600 4.700 4.600 6.100 6.800 4.600 4.600 6.100 6.100 6.800 7.900 9.400 6.100 6.200 6.200 7.900 9.400 6.100 6.100 6.100 7.800 9.300 6.000 6.000 6.200 30/10/1962
0.000 0.000 0.000 0.000 0.000 0.000 0.000 0.000 0.000 0.000 0.000 0.000 0.000 0.000 0.000 0.200 0.100 0.000 0.000 0.000 0.200 0.100 0.000 0.000 0.000 0.100 0.100 0.000 0.000 0.000 31/10/1962
0.800 0.800 0.800 0.400 0.700 0.800 0.800 0.800 0.500 0.700 0.800 0.800 0.500 0.500 0.700 0.800 2.600 0.500 0.500 0.500 0.800 2.600 0.500 0.500 0.500 0.800 2.600 0.500 0.500 0.500 01/11/1962
2.900 2.900 2.900 2.800 0.000 2.900 2.900 2.900 0.400 0.000 2.900 2.900 0.400 0.400 0.000 3.900 0.000 0.400 0.400 0.400 3.900 0.000 0.400 0.400 0.400 3.900 0.000 0.400 0.400 0.400 02/11/1962
12.500 12.600 12.700 32.500 20.800 12.800 12.900 12.800 9.400 20.700 12.700 12.700 9.400 9.500 20.500 1.900 8.500 9.400 9.500 9.500 1.800 8.500 9.400 9.300 9.300 1.800 8.400 9.200 9.200 9.500 03/11/1962
20.700 20.800 20.900 31.100 12.700 21.100 21.300 21.100 29.000 12.600 21.000 21.000 28.900 29.100 12.500 12.800 12.000 28.900 29.200 29.200 12.700 12.000 29.000 28.800 28.800 12.600 11.900 28.600 28.700 29.200 04/11/1962
13.900 14.000 14.100 17.700 34.500 14.200 14.300 14.200 10.600 34.300 14.200 14.100 10.600 10.700 34.000 0.800 9.700 10.600 10.800 10.800 0.800 9.700 10.700 10.500 10.500 0.800 9.700 10.300 10.400 10.800 05/11/1962
0.000 0.000 0.000 3.000 5.400 0.000 0.000 0.000 1.400 5.400 0.000 0.000 1.400 1.400 5.400 0.000 2.800 1.400 1.400 1.400 0.000 2.800 1.400 1.400 1.400 0.000 2.700 1.400 1.400 1.400 06/11/1962
24.700 24.800 25.000 36.100 59.600 25.200 25.400 25.200 15.900 59.300 25.100 25.100 15.800 16.000 58.800 13.000 14.200 15.800 16.100 16.100 12.900 14.200 15.900 15.700 15.700 12.800 14.100 15.500 15.500 16.100 07/11/1962
0.800 0.800 0.800 0.300 2.600 0.800 0.800 0.800 20.300 2.600 0.800 0.800 20.200 20.400 2.600 1.100 1.400 20.300 20.500 20.500 1.100 1.400 20.300 20.200 20.100 1.100 1.400 19.900 20.000 20.500 08/11/1962
0.000 0.000 0.000 0.000 0.000 0.000 0.000 0.000 0.000 0.000 0.000 0.000 0.000 0.000 0.000 0.000 0.000 0.000 0.000 0.000 0.000 0.000 0.000 0.000 0.000 0.000 0.000 0.000 0.000 0.000 09/11/1962
0.000 0.000 0.000 0.000 0.100 0.000 0.000 0.000 0.000 0.100 0.000 0.000 0.000 0.000 0.100 0.000 0.000 0.000 0.000 0.000 0.000 0.000 0.000 0.000 0.000 0.000 0.000 0.000 0.000 0.000 10/11/1962
0.000 0.000 0.000 0.300 0.200 0.000 0.000 0.000 0.000 0.200 0.000 0.000 0.000 0.000 0.200 0.000 0.000 0.000 0.000 0.000 0.000 0.000 0.000 0.000 0.000 0.000 0.000 0.000 0.000 0.000 11/11/1962
0.000 0.000 0.000 0.000 7.100 0.000 0.000 0.000 1.100 7.100 0.000 0.000 1.100 1.100 7.000 0.000 1.800 1.100 1.100 1.100 0.000 1.800 1.100 1.100 1.100 0.000 1.800 1.000 1.000 1.100 12/11/1962
0.000 0.000 0.000 0.000 0.000 0.000 0.000 0.000 0.000 0.000 0.000 0.000 0.000 0.000 0.000 0.000 0.000 0.000 0.000 0.000 0.000 0.000 0.000 0.000 0.000 0.000 0.000 0.000 0.000 0.000 13/11/1962
0.000 0.000 0.000 0.000 0.000 0.000 0.000 0.000 0.000 0.000 0.000 0.000 0.000 0.000 0.000 0.000 0.000 0.000 0.000 0.000 0.000 0.000 0.000 0.000 0.000 0.000 0.000 0.000 0.000 0.000 14/11/1962
0.300 0.300 0.300 0.100 0.700 0.300 0.300 0.300 6.400 0.700 0.300 0.300 6.400 6.400 0.600 2.100 2.100 6.400 6.500 6.500 2.100 2.100 6.400 6.400 6.400 2.000 2.100 6.300 6.300 6.500 15/11/1962
9.100 9.100 9.200 7.100 7.300 9.300 9.400 9.300 5.000 7.300 9.200 9.200 5.000 5.000 7.200 11.000 10.400 5.000 5.100 5.100 10.900 10.400 5.000 5.000 5.000 10.800 10.300 4.900 4.900 5.100 16/11/1962
12.600 12.600 12.700 10.600 12.500 12.800 12.900 12.800 11.100 12.500 12.800 12.800 11.000 11.100 12.300 20.800 23.100 11.000 11.200 11.100 20.600 23.100 11.100 11.000 11.000 20.300 22.900 10.900 10.900 11.100 17/11/1962
9.600 9.700 9.700 7.000 11.500 9.800 9.900 9.800 9.400 11.500 9.800 9.800 9.400 9.500 11.400 12.600 5.100 9.400 9.500 9.500 12.500 5.100 9.400 9.400 9.400 12.300 5.100 9.300 9.300 9.500 18/11/1962
3.500 3.500 3.500 4.500 3.000 3.600 3.600 3.600 4.700 3.000 3.600 3.600 4.700 4.700 2.900 0.100 0.000 4.700 4.800 4.800 0.100 0.000 4.700 4.700 4.700 0.100 0.000 4.700 4.700 4.800 19/11/1962
8.800 8.900 8.900 9.600 8.800 9.000 9.100 9.000 7.900 8.700 9.000 8.900 7.900 8.000 8.700 8.500 9.200 7.900 8.000 8.000 8.400 9.300 7.900 7.900 7.900 8.300 9.200 7.800 7.800 8.000 20/11/1962
6.000 6.100 6.100 5.600 16.000 6.200 6.200 6.200 6.200 15.900 6.100 6.100 6.200 6.200 15.800 4.200 7.800 6.200 6.200 6.200 4.100 7.900 6.200 6.100 6.100 4.100 7.800 6.100 6.100 6.200 21/11/1962
0.000 0.000 0.000 0.000 0.000 0.000 0.000 0.000 0.000 0.000 0.000 0.000 0.000 0.000 0.000 0.000 0.000 0.000 0.000 0.000 0.000 0.000 0.000 0.000 0.000 0.000 0.000 0.000 0.000 0.000 22/11/1962
0.300 0.300 0.300 0.500 2.500 0.300 0.300 0.300 1.700 2.500 0.300 0.300 1.700 1.700 2.500 0.300 1.100 1.700 1.700 1.700 0.300 1.100 1.700 1.700 1.700 0.300 1.100 1.700 1.700 1.700 23/11/1962
0.500 0.500 0.500 0.100 0.300 0.500 0.500 0.500 0.200 0.300 0.500 0.500 0.100 0.200 0.300 0.300 0.000 0.100 0.200 0.200 0.300 0.000 0.200 0.100 0.100 0.200 0.000 0.100 0.100 0.200 24/11/1962
0.000 0.000 0.000 0.000 0.000 0.000 0.000 0.000 0.000 0.000 0.000 0.000 0.000 0.000 0.000 0.000 0.000 0.000 0.000 0.000 0.000 0.000 0.000 0.000 0.000 0.000 0.000 0.000 0.000 0.000 25/11/1962
0.000 0.000 0.000 0.000 0.000 0.000 0.000 0.000 0.000 0.000 0.000 0.000 0.000 0.000 0.000 0.000 0.000 0.000 0.000 0.000 0.000 0.000 0.000 0.000 0.000 0.000 0.000 0.000 0.000 0.000 26/11/1962
0.000 0.000 0.000 0.000 0.000 0.000 0.000 0.000 0.000 0.000 0.000 0.000 0.000 0.000 0.000 0.000 0.000 0.000 0.000 0.000 0.000 0.000 0.000 0.000 0.000 0.000 0.000 0.000 0.000 0.000 27/11/1962
0.000 0.000 0.000 0.000 0.000 0.000 0.000 0.000 0.000 0.000 0.000 0.000 0.000 0.000 0.000 0.000 0.000 0.000 0.000 0.000 0.000 0.000 0.000 0.000 0.000 0.000 0.000 0.000 0.000 0.000 28/11/1962
0.000 0.000 0.000 0.000 0.000 0.000 0.000 0.000 0.000 0.000 0.000 0.000 0.000 0.000 0.000 0.000 0.000 0.000 0.000 0.000 0.000 0.000 0.000 0.000 0.000 0.000 0.000 0.000 0.000 0.000 29/11/1962
0.000 0.000 0.000 0.000 0.000 0.000 0.000 0.000 0.000 0.000 0.000 0.000 0.000 0.000 0.000 0.000 0.000 0.000 0.000 0.000 0.000 0.000 0.000 0.000 0.000 0.000 0.000 0.000 0.000 0.000 30/11/1962
0.000 0.000 0.000 0.000 0.000 0.000 0.000 0.000 0.000 0.000 0.000 0.000 0.000 0.000 0.000 0.000 0.000 0.000 0.000 0.000 0.000 0.000 0.000 0.000 0.000 0.000 0.000 0.000 0.000 0.000 01/12/1962
0.000 0.000 0.000 0.000 0.000 0.000 0.000 0.000 0.000 0.000 0.000 0.000 0.000 0.000 0.000 0.000 0.000 0.000 0.000 0.000 0.000 0.000 0.000 0.000 0.000 0.000 0.000 0.000 0.000 0.000 02/12/1962
0.000 0.000 0.000 0.000 0.000 0.000 0.000 0.000 0.000 0.000 0.000 0.000 0.000 0.000 0.000 0.000 0.000 0.000 0.000 0.000 0.000 0.000 0.000 0.000 0.000 0.000 0.000 0.000 0.000 0.000 03/12/1962
0.000 0.000 0.000 0.000 0.000 0.000 0.000 0.000 0.000 0.000 0.000 0.000 0.000 0.000 0.000 0.000 0.000 0.000 0.000 0.000 0.000 0.000 0.000 0.000 0.000 0.000 0.000 0.000 0.000 0.000 04/12/1962
0.000 0.000 0.000 0.000 0.000 0.000 0.000 0.000 0.000 0.000 0.000 0.000 0.000 0.000 0.000 0.000 0.000 0.000 0.000 0.000 0.000 0.000 0.000 0.000 0.000 0.000 0.000 0.000 0.000 0.000 05/12/1962
0.000 0.000 0.000 0.000 0.000 0.000 0.000 0.000 0.000 0.000 0.000 0.000 0.000 0.000 0.000 0.000 0.000 0.000 0.000 0.000 0.000 0.000 0.000 0.000 0.000 0.000 0.000 0.000 0.000 0.000 06/12/1962
0.000 0.000 0.000 0.000 0.000 0.000 0.000 0.000 0.000 0.000 0.000 0.000 0.000 0.000 0.000 0.000 0.000 0.000 0.000 0.000 0.000 0.000 0.000 0.000 0.000 0.000 0.000 0.000 0.000 0.000 07/12/1962
0.300 0.300 0.300 1.000 3.700 0.300 0.300 0.300 0.800 3.700 0.300 0.300 0.800 0.900 3.700 2.000 0.500 0.800 0.900 0.900 1.900 0.500 0.800 0.800 0.800 1.900 0.500 0.800 0.800 0.900 08/12/1962
5.000 5.000 5.100 5.000 12.500 5.100 5.200 5.100 5.200 12.500 5.100 5.100 5.200 5.200 12.400 4.000 4.100 5.200 5.200 5.200 3.900 4.100 5.200 5.200 5.200 3.900 4.100 5.100 5.100 5.200 09/12/1962
0.600 0.600 0.600 2.300 7.700 0.600 0.600 0.600 2.100 7.700 0.600 0.600 2.100 2.100 7.600 0.600 0.900 2.100 2.100 2.100 0.600 0.900 2.100 2.100 2.100 0.600 0.900 2.100 2.100 2.100 10/12/1962
15.800 15.900 15.900 15.000 14.900 16.100 16.200 16.100 6.600 14.900 16.000 16.000 6.500 6.600 14.700 15.300 6.500 6.500 6.700 6.600 15.200 6.600 6.600 6.500 6.500 15.000 6.500 6.400 6.400 6.700 11/12/1962
15.100 15.200 15.300 13.600 13.000 15.400 15.500 15.400 3.400 12.900 15.300 15.300 3.300 3.400 12.800 6.600 4.600 3.400 3.500 3.500 6.600 4.600 3.400 3.300 3.300 6.500 4.500 3.200 3.300 3.500 12/12/1962
4.900 4.900 4.900 0.900 3.800 4.900 5.000 4.900 2.400 3.700 5.000 4.900 2.300 2.400 3.700 0.600 2.400 2.400 2.400 2.400 0.600 2.500 2.400 2.400 2.400 0.600 2.400 2.300 2.300 2.400 13/12/1962
5.000 5.100 5.100 7.200 9.700 5.100 5.200 5.100 3.500 9.600 5.100 5.100 3.500 3.500 9.600 3.800 4.600 3.500 3.500 3.500 3.800 4.600 3.500 3.500 3.500 3.800 4.600 3.500 3.500 3.500 14/12/1962
9.900 9.900 10.000 11.300 18.900 10.000 10.100 10.000 11.600 18.800 10.000 10.000 11.600 11.700 18.700 10.300 11.600 11.600 11.700 11.700 10.200 11.600 11.600 11.600 11.600 10.100 11.600 11.400 11.500 11.700 15/12/1962
1.600 1.600 1.600 0.300 5.000 1.600 1.600 1.600 1.600 5.000 1.600 1.600 1.600 1.600 4.900 0.900 0.200 1.600 1.600 1.600 0.900 0.200 1.600 1.600 1.600 0.900 0.200 1.600 1.600 1.600 16/12/1962
1.900 1.900 1.900 2.200 6.500 1.900 2.000 1.900 1.600 6.500 1.900 1.900 1.600 1.600 6.400 4.500 5.800 1.600 1.600 1.600 4.500 5.800 1.600 1.600 1.600 4.500 5.800 1.600 1.600 1.600 17/12/1962
1.200 1.200 1.200 0.200 0.800 1.300 1.300 1.300 0.600 0.800 1.300 1.300 0.600 0.600 0.800 0.000 1.700 0.600 0.600 0.600 0.000 1.700 0.600 0.600 0.600 0.000 1.700 0.600 0.600 0.600 18/12/1962
0.300 0.300 0.200 0.600 1.500 0.200 0.300 0.200 0.500 1.500 0.200 0.200 0.500 0.500 1.500 0.000 2.500 0.500 0.500 0.500 0.000 2.500 0.500 0.400 0.400 0.000 2.500 0.400 0.400 0.500 19/12/1962
14.100 14.100 14.200 12.600 13.100 14.300 14.400 14.300 10.000 13.100 14.300 14.300 9.900 10.000 13.000 15.700 9.900 9.900 10.100 10.100 15.500 9.900 10.000 9.900 9.900 15.400 9.800 9.800 9.800 10.100 20/12/1962
0.300 0.300 0.300 0.000 6.100 0.300 0.300 0.300 0.000 6.100 0.300 0.300 0.000 0.000 6.100 0.000 0.000 0.000 0.000 0.000 0.000 0.000 0.000 0.000 0.000 0.000 0.000 0.000 0.000 0.000 21/12/1962
0.000 0.000 0.000 0.000 0.000 0.000 0.000 0.000 0.000 0.000 0.000 0.000 0.000 0.000 0.000 0.000 0.000 0.000 0.000 0.000 0.000 0.000 0.000 0.000 0.000 0.000 0.000 0.000 0.000 0.000 22/12/1962
0.000 0.000 0.000 0.000 0.000 0.000 0.000 0.000 0.000 0.000 0.000 0.000 0.000 0.000 0.000 0.200 0.000 0.000 0.000 0.000 0.200 0.000 0.000 0.000 0.000 0.200 0.000 0.000 0.000 0.000 23/12/1962
0.000 0.000 0.000 0.000 0.000 0.000 0.000 0.000 0.000 0.000 0.000 0.000 0.000 0.000 0.000 0.000 0.000 0.000 0.000 0.000 0.000 0.000 0.000 0.000 0.000 0.000 0.000 0.000 0.000 0.000 24/12/1962
0.000 0.000 0.000 0.000 0.000 0.000 0.000 0.000 0.000 0.000 0.000 0.000 0.000 0.000 0.000 0.000 0.000 0.000 0.000 0.000 0.000 0.000 0.000 0.000 0.000 0.000 0.000 0.000 0.000 0.000 25/12/1962
0.000 0.000 0.000 0.000 0.000 0.000 0.000 0.000 0.000 0.000 0.000 0.000 0.000 0.000 0.000 0.000 0.000 0.000 0.000 0.000 0.000 0.000 0.000 0.000 0.000 0.000 0.000 0.000 0.000 0.000 26/12/1962
0.000 0.000 0.000 0.000 0.000 0.000 0.000 0.000 0.000 0.000 0.000 0.000 0.000 0.000 0.000 0.000 0.000 0.000 0.000 0.000 0.000 0.000 0.000 0.000 0.000 0.000 0.000 0.000 0.000 0.000 27/12/1962
0.000 0.000 0.000 0.000 0.000 0.000 0.000 0.000 0.000 0.000 0.000 0.000 0.000 0.000 0.000 0.000 0.000 0.000 0.000 0.000 0.000 0.000 0.000 0.000 0.000 0.000 0.000 0.000 0.000 0.000 28/12/1962
3.500 3.600 3.600 3.800 3.200 3.600 3.600 3.600 0.400 3.200 3.600 3.600 0.400 0.400 3.200 2.500 3.100 0.400 0.400 0.400 2.400 3.100 0.400 0.400 0.400 2.400 3.100 0.400 0.400 0.400 29/12/1962
2.300 2.400 2.400 0.500 0.500 2.400 2.400 2.400 2.000 0.500 2.400 2.400 2.000 2.000 0.500 4.300 2.400 2.000 2.000 2.000 4.200 2.400 2.000 2.000 2.000 4.200 2.400 2.000 2.000 2.000 30/12/1962
4.900 5.000 5.000 3.200 4.900 5.000 5.100 5.000 4.100 4.800 5.000 5.000 4.100 4.100 4.800 1.600 5.100 4.100 4.100 4.100 1.600 5.200 4.100 4.100 4.100 1.600 5.100 4.000 4.100 4.100 31/12/1962
2.100 2.100 2.100 2.900 2.700 2.200 2.200 2.200 0.200 2.600 2.200 2.200 0.200 0.200 2.600 2.600 1.900 0.200 0.200 0.200 2.500 1.900 0.200 0.200 0.200 2.500 1.800 0.200 0.200 0.200 01/01/1963
6.000 6.100 6.100 4.900 11.600 6.200 6.200 6.200 9.400 11.500 6.100 6.100 9.300 9.400 11.400 9.600 9.800 9.400 9.500 9.400 9.500 9.900 9.400 9.300 9.300 9.400 9.800 9.200 9.200 9.400 02/01/1963
14.300 14.400 14.500 11.800 13.200 14.600 14.700 14.600 10.400 13.100 14.500 14.500 10.400 10.500 13.000 19.700 16.400 10.400 10.500 10.500 19.500 16.400 10.400 10.300 10.300 19.300 16.300 10.200 10.200 10.500 03/01/1963
6.300 6.400 6.400 6.800 8.800 6.500 6.500 6.500 2.700 8.800 6.500 6.400 2.700 2.800 8.700 7.500 5.000 2.700 2.800 2.800 7.500 5.000 2.700 2.700 2.700 7.400 5.000 2.700 2.700 2.800 04/01/1963
5.000 5.000 5.000 8.900 4.200 5.100 5.100 5.100 4.000 4.100 5.100 5.100 4.000 4.000 4.100 1.300 2.800 4.000 4.000 4.000 1.300 2.800 4.000 4.000 4.000 1.300 2.800 4.000 4.000 4.000 05/01/1963
0.100 0.100 0.100 0.000 1.200 0.100 0.100 0.100 0.600 1.200 0.100 0.100 0.600 0.600 1.200 0.600 0.700 0.600 0.600 0.600 0.600 0.700 0.600 0.600 0.600 0.600 0.700 0.600 0.600 0.600 06/01/1963
0.000 0.000 0.000 0.000 0.200 0.000 0.000 0.000 0.000 0.200 0.000 0.000 0.000 0.000 0.200 0.000 0.100 0.000 0.000 0.000 0.000 0.100 0.000 0.000 0.000 0.000 0.100 0.000 0.000 0.000 07/01/1963
0.000 0.000 0.000 0.600 0.000 0.000 0.000 0.000 0.000 0.000 0.000 0.000 0.000 0.000 0.000 0.200 0.000 0.000 0.000 0.000 0.200 0.000 0.000 0.000 0.000 0.200 0.000 0.000 0.000 0.000 08/01/1963
3.600 3.700 3.700 2.900 1.800 3.700 3.700 3.700 0.800 1.800 3.700 3.700 0.800 0.800 1.800 1.900 0.100 0.800 0.800 0.800 1.900 0.100 0.800 0.700 0.700 1.800 0.100 0.700 0.700 0.800 09/01/1963
0.100 0.100 0.100 0.200 0.600 0.100 0.100 0.100 0.400 0.600 0.100 0.100 0.400 0.400 0.600 0.000 0.000 0.400 0.400 0.400 0.000 0.000 0.400 0.400 0.400 0.000 0.000 0.300 0.300 0.400 10/01/1963
0.000 0.000 0.000 0.000 0.000 0.000 0.000 0.000 0.000 0.000 0.000 0.000 0.000 0.000 0.000 0.000 0.000 0.000 0.000 0.000 0.000 0.000 0.000 0.000 0.000 0.000 0.000 0.000 0.000 0.000 11/01/1963
0.000 0.000 0.000 0.000 0.000 0.000 0.000 0.000 0.000 0.000 0.000 0.000 0.000 0.000 0.000 0.000 0.000 0.000 0.000 0.000 0.000 0.000 0.000 0.000 0.000 0.000 0.000 0.000 0.000 0.000 12/01/1963
0.000 0.000 0.000 0.000 0.000 0.000 0.000 0.000 0.000 0.000 0.000 0.000 0.000 0.000 0.000 0.000 0.000 0.000 0.000 0.000 0.000 0.000 0.000 0.000 0.000 0.000 0.000 0.000 0.000 0.000 13/01/1963
0.000 0.000 0.000 0.000 0.000 0.000 0.000 0.000 0.000 0.000 0.000 0.000 0.000 0.000 0.000 0.000 0.000 0.000 0.000 0.000 0.000 0.000 0.000 0.000 0.000 0.000 0.000 0.000 0.000 0.000 14/01/1963
0.000 0.000 0.000 0.000 0.000 0.000 0.000 0.000 0.000 0.000 0.000 0.000 0.000 0.000 0.000 0.000 0.000 0.000 0.000 0.000 0.000 0.000 0.000 0.000 0.000 0.000 0.000 0.000 0.000 0.000 15/01/1963
0.000 0.000 0.000 0.000 0.000 0.000 0.000 0.000 0.000 0.000 0.000 0.000 0.000 0.000 0.000 0.000 0.000 0.000 0.000 0.000 0.000 0.000 0.000 0.000 0.000 0.000 0.000 0.000 0.000 0.000 16/01/1963
0.000 0.000 0.000 1.400 0.000 0.000 0.000 0.000 0.000 0.000 0.000 0.000 0.000 0.000 0.000 0.000 0.600 0.000 0.000 0.000 0.000 0.600 0.000 0.000 0.000 0.000 0.600 0.000 0.000 0.000 17/01/1963
0.100 0.100 0.100 0.000 0.100 0.100 0.100 0.100 0.600 0.100 0.100 0.100 0.700 0.600 0.100 0.000 0.000 0.700 0.600 0.600 0.000 0.000 0.600 0.700 0.700 0.000 0.000 0.700 0.700 0.600 18/01/1963
7.600 7.600 7.600 5.000 6.300 7.700 7.800 7.700 2.200 6.200 7.600 7.700 2.200 2.200 6.200 6.000 2.400 2.200 2.200 2.200 5.900 2.400 2.200 2.200 2.200 5.900 2.300 2.100 2.100 2.200 19/01/1963
0.000 0.000 0.000 0.100 0.100 0.000 0.000 0.000 0.300 0.100 0.000 0.000 0.300 0.300 0.100 0.000 0.000 0.300 0.300 0.300 0.000 0.000 0.300 0.300 0.300 0.000 0.000 0.300 0.300 0.300 20/01/1963
0.000 0.000 0.000 0.000 0.000 0.000 0.000 0.000 0.000 0.000 0.000 0.000 0.000 0.000 0.000 0.000 0.000 0.000 0.000 0.000 0.000 0.000 0.000 0.000 0.000 0.000 0.000 0.000 0.000 0.000 21/01/1963
0.000 0.000 0.000 0.000 0.000 0.000 0.000 0.000 0.000 0.000 0.000 0.000 0.000 0.000 0.000 0.000 0.000 0.000 0.000 0.000 0.000 0.000 0.000 0.000 0.000 0.000 0.000 0.000 0.000 0.000 22/01/1963
0.000 0.000 0.000 0.000 0.000 0.000 0.000 0.000 0.000 0.000 0.000 0.000 0.000 0.000 0.000 0.000 0.000 0.000 0.000 0.000 0.000 0.000 0.000 0.000 0.000 0.000 0.000 0.000 0.000 0.000 23/01/1963
0.000 0.000 0.000 0.000 0.000 0.000 0.000 0.000 0.000 0.000 0.000 0.000 0.000 0.000 0.000 0.000 0.000 0.000 0.000 0.000 0.000 0.000 0.000 0.000 0.000 0.000 0.000 0.000 0.000 0.000 24/01/1963
0.000 0.000 0.000 0.000 0.000 0.000 0.000 0.000 0.000 0.000 0.000 0.000 0.000 0.000 0.000 0.000 0.000 0.000 0.000 0.000 0.000 0.000 0.000 0.000 0.000 0.000 0.000 0.000 0.000 0.000 25/01/1963
0.000 0.000 0.000 0.000 0.000 0.000 0.000 0.000 0.000 0.000 0.000 0.000 0.000 0.000 0.000 0.000 0.000 0.000 0.000 0.000 0.000 0.000 0.000 0.000 0.000 0.000 0.000 0.000 0.000 0.000 26/01/1963
0.000 0.000 0.000 0.000 0.000 0.000 0.000 0.000 0.000 0.000 0.000 0.000 0.000 0.000 0.000 0.000 0.000 0.000 0.000 0.000 0.000 0.000 0.000 0.000 0.000 0.000 0.000 0.000 0.000 0.000 27/01/1963
0.000 0.000 0.000 0.000 0.000 0.000 0.000 0.000 0.000 0.000 0.000 0.000 0.000 0.000 0.000 0.000 0.000 0.000 0.000 0.000 0.000 0.000 0.000 0.000 0.000 0.000 0.000 0.000 0.000 0.000 28/01/1963
0.000 0.000 0.000 0.000 0.000 0.000 0.000 0.000 0.000 0.000 0.000 0.000 0.000 0.000 0.000 0.000 0.000 0.000 0.000 0.000 0.000 0.000 0.000 0.000 0.000 0.000 0.000 0.000 0.000 0.000 29/01/1963
0.000 0.000 0.000 0.100 0.000 0.000 0.000 0.000 0.200 0.000 0.000 0.000 0.200 0.200 0.000 0.000 0.000 0.200 0.200 0.200 0.000 0.000 0.200 0.200 0.200 0.000 0.000 0.200 0.200 0.200 30/01/1963
0.000 0.000 0.000 0.000 0.000 0.000 0.000 0.000 0.000 0.000 0.000 0.000 0.000 0.000 0.000 0.000 0.000 0.000 0.000 0.000 0.000 0.000 0.000 0.000 0.000 0.000 0.000 0.000 0.000 0.000 31/01/1963
0.000 0.000 0.000 0.000 0.000 0.000 0.000 0.000 0.000 0.000 0.000 0.000 0.000 0.000 0.000 0.000 0.000 0.000 0.000 0.000 0.000 0.000 0.000 0.000 0.000 0.000 0.000 0.000 0.000 0.000 01/02/1963
0.000 0.000 0.000 0.000 0.000 0.000 0.000 0.000 0.000 0.000 0.000 0.000 0.000 0.000 0.000 0.000 0.000 0.000 0.000 0.000 0.000 0.000 0.000 0.000 0.000 0.000 0.000 0.000 0.000 0.000 02/02/1963
0.000 0.000 0.000 0.000 0.000 0.000 0.000 0.000 0.000 0.000 0.000 0.000 0.000 0.000 0.000 0.000 0.000 0.000 0.000 0.000 0.000 0.000 0.000 0.000 0.000 0.000 0.000 0.000 0.000 0.000 03/02/1963
0.000 0.000 0.000 0.000 0.000 0.000 0.000 0.000 0.000 0.000 0.000 0.000 0.000 0.000 0.000 0.000 0.000 0.000 0.000 0.000 0.000 0.000 0.000 0.000 0.000 0.000 0.000 0.000 0.000 0.000 04/02/1963
0.000 0.000 0.000 0.000 0.000 0.000 0.000 0.000 0.000 0.000 0.000 0.000 0.000 0.000 0.000 0.000 0.000 0.000 0.000 0.000 0.000 0.000 0.000 0.000 0.000 0.000 0.000 0.000 0.000 0.000 05/02/1963
0.000 0.000 0.000 0.000 0.000 0.000 0.000 0.000 0.000 0.000 0.000 0.000 0.000 0.000 0.000 0.300 0.700 0.000 0.000 0.000 0.300 0.700 0.000 0.000 0.000 0.300 0.700 0.000 0.000 0.000 06/02/1963
1.100 1.100 1.100 0.900 6.900 1.100 1.100 1.100 3.300 6.800 1.100 1.100 3.300 3.300 6.800 0.300 0.200 3.300 3.300 3.300 0.300 0.200 3.300 3.200 3.200 0.300 0.200 3.200 3.200 3.300 07/02/1963
0.000 0.000 0.000 0.000 0.100 0.000 0.000 0.000 0.000 0.100 0.000 0.000 0.000 0.000 0.100 0.000 0.000 0.000 0.000 0.000 0.000 0.000 0.000 0.000 0.000 0.000 0.000 0.000 0.000 0.000 08/02/1963
3.200 3.200 3.200 2.100 2.300 3.200 3.300 3.200 2.700 2.300 3.200 3.200 2.700 2.700 2.300 3.000 5.300 2.700 2.800 2.800 3.000 5.300 2.700 2.700 2.700 2.900 5.200 2.700 2.700 2.800 09/02/1963
6.900 6.900 7.000 7.500 6.000 7.000 7.100 7.000 7.300 5.900 7.000 7.000 7.300 7.300 5.900 7.300 7.200 7.300 7.400 7.400 7.300 7.200 7.300 7.300 7.300 7.200 7.200 7.200 7.200 7.400 10/02/1963
0.900 0.900 0.900 1.000 5.000 0.900 0.900 0.900 2.500 5.000 0.900 0.900 2.500 2.600 5.000 0.700 2.800 2.500 2.600 2.600 0.700 2.800 2.500 2.500 2.500 0.700 2.800 2.500 2.500 2.600 11/02/1963
0.000 0.000 0.000 0.000 0.100 0.000 0.000 0.000 0.100 0.100 0.000 0.000 0.100 0.100 0.100 0.000 0.000 0.100 0.100 0.100 0.000 0.000 0.100 0.100 0.100 0.000 0.000 0.100 0.100 0.100 12/02/1963
0.000 0.000 0.000 0.000 0.000 0.000 0.000 0.000 0.000 0.000 0.000 0.000 0.000 0.000 0.000 0.000 0.000 0.000 0.000 0.000 0.000 0.000 0.000 0.000 0.000 0.000 0.000 0.000 0.000 0.000 13/02/1963
10.200 10.300 10.400 9.300 9.000 10.400 10.500 10.400 10.600 8.900 10.400 10.400 10.500 10.700 8.800 14.000 14.300 10.600 10.700 10.700 13.900 14.300 10.600 10.500 10.500 13.700 14.200 10.400 10.400 10.700 14/02/1963
3.100 3.100 3.100 3.900 7.300 3.200 3.200 3.200 4.400 7.200 3.200 3.200 4.400 4.400 7.200 5.500 7.700 4.400 4.500 4.400 5.400 7.800 4.400 4.400 4.400 5.400 7.700 4.400 4.400 4.500 15/02/1963
4.700 4.700 4.700 1.900 7.600 4.800 4.800 4.800 4.500 7.500 4.800 4.800 4.500 4.500 7.500 3.400 7.400 4.500 4.500 4.500 3.400 7.400 4.500 4.400 4.400 3.400 7.300 4.400 4.400 4.500 16/02/1963
6.400 6.400 6.500 3.700 7.200 6.500 6.600 6.500 3.400 7.200 6.500 6.500 3.300 3.400 7.100 11.100 9.400 3.400 3.400 3.400 11.000 9.400 3.400 3.300 3.300 10.800 9.300 3.300 3.300 3.400 17/02/1963
26.400 26.600 26.700 30.900 36.700 27.000 27.200 27.000 33.800 36.500 26.900 26.900 33.700 34.000 36.100 30.300 15.600 33.800 34.100 34.100 30.000 15.600 33.800 33.600 33.600 29.600 15.500 33.300 33.400 34.100 18/02/1963
6.600 6.700 6.700 9.800 19.600 6.800 6.800 6.800 16.100 19.500 6.800 6.800 16.000 16.200 19.300 21.100 17.300 16.100 16.300 16.300 20.900 17.300 16.100 16.000 16.000 20.600 17.200 15.800 15.800 16.300 19/02/1963
5.000 5.100 5.100 3.500 5.800 5.100 5.200 5.100 2.200 5.700 5.100 5.100 2.200 2.200 5.700 2.500 1.500 2.200 2.300 2.300 2.500 1.500 2.200 2.200 2.200 2.500 1.500 2.200 2.200 2.300 20/02/1963
0.200 0.200 0.200 0.100 3.500 0.200 0.200 0.200 2.000 3.500 0.200 0.200 2.000 2.000 3.500 2.800 0.900 2.000 2.000 2.000 2.700 0.900 2.000 1.900 1.900 2.700 0.900 1.900 1.900 2.000 21/02/1963
0.100 0.100 0.100 0.000 0.000 0.100 0.100 0.100 0.000 0.000 0.100 0.100 0.000 0.000 0.000 0.000 0.600 0.000 0.000 0.000 0.000 0.600 0.000 0.000 0.000 0.000 0.600 0.000 0.000 0.000 22/02/1963
0.000 0.000 0.000 0.000 0.000 0.000 0.000 0.000 0.000 0.000 0.000 0.000 0.000 0.000 0.000 0.000 0.000 0.000 0.000 0.000 0.000 0.000 0.000 0.000 0.000 0.000 0.000 0.000 0.000 0.000 23/02/1963
0.000 0.000 0.000 0.000 0.000 0.000 0.000 0.000 0.000 0.000 0.000 0.000 0.000 0.000 0.000 0.000 0.000 0.000 0.000 0.000 0.000 0.000 0.000 0.000 0.000 0.000 0.000 0.000 0.000 0.000 24/02/1963
0.000 0.000 0.000 0.000 0.000 0.000 0.000 0.000 0.000 0.000 0.000 0.000 0.000 0.000 0.000 0.000 0.000 0.000 0.000 0.000 0.000 0.000 0.000 0.000 0.000 0.000 0.000 0.000 0.000 0.000 25/02/1963
0.000 0.000 0.000 0.000 0.000 0.000 0.000 0.000 0.000 0.000 0.000 0.000 0.000 0.000 0.000 0.000 0.000 0.000 0.000 0.000 0.000 0.000 0.000 0.000 0.000 0.000 0.000 0.000 0.000 0.000 26/02/1963
0.000 0.000 0.000 0.000 0.000 0.000 0.000 0.000 0.000 0.000 0.000 0.000 0.000 0.000 0.000 0.000 0.000 0.000 0.000 0.000 0.000 0.000 0.000 0.000 0.000 0.000 0.000 0.000 0.000 0.000 27/02/1963
0.000 0.000 0.000 0.000 0.000 0.000 0.000 0.000 0.000 0.000 0.000 0.000 0.000 0.000 0.000 0.000 0.000 0.000 0.000 0.000 0.000 0.000 0.000 0.000 0.000 0.000 0.000 0.000 0.000 0.000 28/02/1963
0.000 0.000 0.000 0.000 0.000 0.000 0.000 0.000 0.000 0.000 0.000 0.000 0.000 0.000 0.000 0.000 0.000 0.000 0.000 0.000 0.000 0.000 0.000 0.000 0.000 0.000 0.000 0.000 0.000 0.000 01/03/1963
0.000 0.000 0.000 0.000 0.000 0.000 0.000 0.000 0.000 0.000 0.000 0.000 0.000 0.000 0.000 0.000 0.000 0.000 0.000 0.000 0.000 0.000 0.000 0.000 0.000 0.000 0.000 0.000 0.000 0.000 02/03/1963
0.000 0.000 0.000 0.000 0.000 0.000 0.000 0.000 0.000 0.000 0.000 0.000 0.000 0.000 0.000 0.000 0.000 0.000 0.000 0.000 0.000 0.000 0.000 0.000 0.000 0.000 0.000 0.000 0.000 0.000 03/03/1963
0.000 0.000 0.000 0.000 0.000 0.000 0.000 0.000 0.000 0.000 0.000 0.000 0.000 0.000 0.000 0.000 0.000 0.000 0.000 0.000 0.000 0.000 0.000 0.000 0.000 0.000 0.000 0.000 0.000 0.000 04/03/1963
0.000 0.000 0.000 0.000 0.000 0.000 0.000 0.000 0.000 0.000 0.000 0.000 0.000 0.000 0.000 0.000 0.000 0.000 0.000 0.000 0.000 0.000 0.000 0.000 0.000 0.000 0.000 0.000 0.000 0.000 05/03/1963
0.000 0.000 0.000 0.000 0.000 0.000 0.000 0.000 0.000 0.000 0.000 0.000 0.000 0.000 0.000 0.000 0.000 0.000 0.000 0.000 0.000 0.000 0.000 0.000 0.000 0.000 0.000 0.000 0.000 0.000 06/03/1963
0.000 0.000 0.000 0.000 0.000 0.000 0.000 0.000 0.000 0.000 0.000 0.000 0.000 0.000 0.000 0.000 0.000 0.000 0.000 0.000 0.000 0.000 0.000 0.000 0.000 0.000 0.000 0.000 0.000 0.000 07/03/1963
5.800 5.900 5.900 2.600 6.700 5.900 6.000 5.900 2.200 6.700 5.900 5.900 2.200 2.200 6.600 4.300 3.500 2.200 2.200 2.200 4.200 3.500 2.200 2.200 2.200 4.200 3.500 2.200 2.200 2.200 08/03/1963
10.200 10.200 10.300 8.400 10.400 10.300 10.500 10.300 5.300 10.300 10.300 10.300 5.300 5.400 10.200 7.500 9.200 5.300 5.400 5.400 7.400 9.300 5.300 5.300 5.300 7.300 9.200 5.200 5.200 5.400 09/03/1963
15.000 15.100 15.200 17.800 15.200 15.300 15.500 15.300 6.900 15.100 15.300 15.300 6.900 7.000 15.000 15.400 11.100 6.900 7.000 7.000 15.200 11.100 6.900 6.900 6.900 15.100 11.000 6.800 6.800 7.000 10/03/1963
5.600 5.600 5.600 7.300 6.600 5.700 5.700 5.700 5.000 6.500 5.700 5.700 5.000 5.100 6.500 6.900 7.300 5.000 5.100 5.100 6.800 7.300 5.000 5.000 5.000 6.700 7.200 5.000 5.000 5.100 11/03/1963
6.700 6.700 6.800 5.400 14.100 6.800 6.900 6.800 5.700 14.100 6.800 6.800 5.600 5.700 13.900 4.000 8.900 5.700 5.700 5.700 3.900 8.900 5.700 5.600 5.600 3.900 8.900 5.600 5.600 5.700 12/03/1963
1.800 1.800 1.800 1.300 0.600 1.800 1.900 1.800 0.400 0.600 1.800 1.800 0.400 0.400 0.600 0.000 0.000 0.400 0.400 0.400 0.000 0.000 0.400 0.400 0.400 0.000 0.000 0.400 0.400 0.400 13/03/1963
0.000 0.000 0.000 0.000 0.000 0.000 0.000 0.000 0.000 0.000 0.000 0.000 0.000 0.000 0.000 0.300 0.000 0.000 0.000 0.000 0.300 0.000 0.000 0.000 0.000 0.300 0.000 0.000 0.000 0.000 14/03/1963
1.100 1.100 1.100 1.500 0.700 1.200 1.200 1.200 0.400 0.700 1.200 1.200 0.400 0.400 0.700 0.100 0.400 0.400 0.400 0.400 0.100 0.400 0.400 0.400 0.400 0.100 0.400 0.400 0.400 0.400 15/03/1963
0.100 0.100 0.100 0.300 4.900 0.100 0.100 0.100 0.800 4.800 0.100 0.100 0.800 0.800 4.800 0.000 1.400 0.800 0.800 0.800 0.000 1.400 0.800 0.800 0.800 0.000 1.400 0.800 0.800 0.800 16/03/1963
7.600 7.600 7.700 8.600 12.600 7.700 7.800 7.700 9.500 12.500 7.700 7.700 9.500 9.600 12.400 4.800 11.500 9.500 9.600 9.600 4.700 11.500 9.600 9.500 9.500 4.700 11.400 9.400 9.400 9.600 17/03/1963
1.100 1.100 1.100 1.500 2.600 1.100 1.100 1.100 1.300 2.600 1.100 1.100 1.300 1.300 2.500 1.400 0.500 1.300 1.400 1.400 1.400 0.500 1.300 1.300 1.300 1.400 0.500 1.300 1.300 1.400 18/03/1963
13.300 13.300 13.400 14.700 13.300 13.500 13.600 13.500 6.100 13.200 13.500 13.500 6.100 6.200 13.100 11.300 7.500 6.100 6.200 6.200 11.200 7.500 6.100 6.100 6.100 11.100 7.400 6.000 6.000 6.200 19/03/1963
2.700 2.700 2.700 6.400 10.000 2.800 2.800 2.800 7.800 9.900 2.800 2.700 7.700 7.800 9.800 5.900 6.800 7.800 7.800 7.800 5.800 6.800 7.800 7.700 7.700 5.800 6.800 7.700 7.700 7.800 20/03/1963
1.100 1.100 1.100 0.100 2.700 1.200 1.200 1.200 4.000 2.700 1.200 1.200 4.000 4.100 2.700 2.100 2.700 4.000 4.100 4.100 2.100 2.700 4.000 4.000 4.000 2.100 2.700 4.000 4.000 4.100 21/03/1963
0.000 0.000 0.000 0.000 0.000 0.000 0.000 0.000 0.000 0.000 0.000 0.000 0.000 0.000 0.000 0.000 0.000 0.000 0.000 0.000 0.000 0.000 0.000 0.000 0.000 0.000 0.000 0.000 0.000 0.000 22/03/1963
0.000 0.000 0.000 0.000 0.000 0.000 0.000 0.000 0.000 0.000 0.000 0.000 0.000 0.000 0.000 0.000 0.000 0.000 0.000 0.000 0.000 0.000 0.000 0.000 0.000 0.000 0.000 0.000 0.000 0.000 23/03/1963
0.000 0.000 0.000 0.000 0.000 0.000 0.000 0.000 0.000 0.000 0.000 0.000 0.000 0.000 0.000 0.000 0.000 0.000 0.000 0.000 0.000 0.000 0.000 0.000 0.000 0.000 0.000 0.000 0.000 0.000 24/03/1963
5.400 5.400 5.400 3.700 5.100 5.500 5.500 5.500 1.400 5.100 5.500 5.500 1.300 1.400 5.100 3.500 2.400 1.400 1.400 1.400 3.500 2.400 1.400 1.300 1.300 3.400 2.400 1.300 1.300 1.400 25/03/1963
28.900 29.100 29.200 33.000 48.900 29.500 29.800 29.500 29.500 48.600 29.400 29.400 29.400 29.700 48.200 36.400 29.000 29.400 29.800 29.800 36.000 29.000 29.500 29.300 29.300 35.600 28.800 28.900 29.000 29.800 26/03/1963
2.300 2.400 2.400 1.400 3.900 2.400 2.400 2.400 3.800 3.900 2.400 2.400 3.700 3.800 3.900 2.500 12.800 3.800 3.800 3.800 2.500 12.800 3.800 3.700 3.700 2.500 12.700 3.700 3.700 3.800 27/03/1963
6.600 6.700 6.700 9.800 5.000 6.700 6.800 6.700 3.000 5.000 6.700 6.700 3.000 3.000 4.900 5.900 3.200 3.000 3.000 3.000 5.900 3.200 3.000 3.000 3.000 5.800 3.100 3.000 3.000 3.000 28/03/1963
9.500 9.500 9.600 8.300 14.900 9.700 9.800 9.700 6.100 14.800 9.600 9.600 6.100 6.200 14.700 6.500 8.200 6.100 6.200 6.200 6.400 8.200 6.100 6.100 6.100 6.300 8.200 6.000 6.000 6.200 29/03/1963
1.900 1.900 1.900 3.300 1.500 1.900 1.900 1.900 3.900 1.500 1.900 1.900 3.800 3.900 1.500 0.700 1.100 3.800 3.900 3.900 0.700 1.100 3.900 3.800 3.800 0.700 1.000 3.800 3.800 3.900 30/03/1963
0.000 0.000 0.000 0.200 0.100 0.000 0.000 0.000 0.100 0.100 0.000 0.000 0.100 0.100 0.100 0.000 0.100 0.100 0.100 0.100 0.000 0.100 0.100 0.100 0.100 0.000 0.100 0.100 0.100 0.100 31/03/1963
0.000 0.000 0.000 0.000 0.000 0.000 0.000 0.000 0.000 0.000 0.000 0.000 0.000 0.000 0.000 0.000 0.000 0.000 0.000 0.000 0.000 0.000 0.000 0.000 0.000 0.000 0.000 0.000 0.000 0.000 01/04/1963
0.000 0.000 0.000 0.000 0.000 0.000 0.000 0.000 0.000 0.000 0.000 0.000 0.000 0.000 0.000 0.000 0.000 0.000 0.000 0.000 0.000 0.000 0.000 0.000 0.000 0.000 0.000 0.000 0.000 0.000 02/04/1963
0.000 0.000 0.000 0.200 0.000 0.000 0.000 0.000 0.000 0.000 0.000 0.000 0.000 0.000 0.000 0.100 0.000 0.000 0.000 0.000 0.100 0.000 0.000 0.000 0.000 0.100 0.000 0.000 0.000 0.000 03/04/1963
0.100 0.100 0.100 0.900 3.300 0.100 0.100 0.100 3.500 3.300 0.100 0.100 3.500 3.500 3.300 0.000 2.000 3.500 3.500 3.500 0.000 2.000 3.500 3.500 3.500 0.000 2.000 3.500 3.500 3.500 04/04/1963
0.800 0.800 0.800 1.300 3.800 0.800 0.800 0.800 3.900 3.800 0.800 0.800 3.900 3.900 3.800 1.800 2.800 3.900 4.000 4.000 1.800 2.800 3.900 3.900 3.900 1.800 2.800 3.900 3.900 4.000 05/04/1963
12.600 12.600 12.700 9.300 24.500 12.800 12.900 12.800 10.200 24.300 12.800 12.800 10.200 10.300 24.100 10.900 4.500 10.200 10.400 10.300 10.800 4.500 10.200 10.100 10.100 10.700 4.500 10.000 10.000 10.300 06/04/1963
0.000 0.000 0.000 0.000 0.000 0.000 0.000 0.000 0.000 0.000 0.000 0.000 0.000 0.000 0.000 0.000 0.000 0.000 0.000 0.000 0.000 0.000 0.000 0.000 0.000 0.000 0.000 0.000 0.000 0.000 07/04/1963
0.300 0.300 0.300 0.000 0.300 0.300 0.300 0.300 0.100 0.300 0.300 0.300 0.100 0.100 0.300 0.000 0.500 0.100 0.100 0.100 0.000 0.500 0.100 0.100 0.100 0.000 0.500 0.100 0.100 0.100 08/04/1963
2.000 2.000 2.000 1.600 3.000 2.000 2.100 2.000 1.500 2.900 2.000 2.000 1.500 1.500 2.900 1.800 1.400 1.500 1.500 1.500 1.800 1.400 1.500 1.500 1.500 1.800 1.400 1.500 1.500 1.500 09/04/1963
4.000 4.000 4.000 1.800 1.300 4.100 4.100 4.100 1.400 1.300 4.100 4.100 1.400 1.400 1.300 2.200 3.600 1.400 1.400 1.400 2.200 3.600 1.400 1.400 1.400 2.100 3.600 1.400 1.400 1.400 10/04/1963
3.100 3.200 3.200 2.300 2.400 3.200 3.200 3.200 1.600 2.400 3.200 3.200 1.600 1.600 2.400 4.700 2.300 1.600 1.600 1.600 4.600 2.300 1.600 1.600 1.600 4.600 2.300 1.500 1.500 1.600 11/04/1963
1.200 1.200 1.200 1.000 3.400 1.300 1.300 1.300 0.800 3.400 1.300 1.300 0.800 0.800 3.400 0.000 2.100 0.800 0.900 0.900 0.000 2.100 0.800 0.800 0.800 0.000 2.100 0.800 0.800 0.900 12/04/1963
0.000 0.000 0.000 0.000 0.000 0.000 0.000 0.000 0.000 0.000 0.000 0.000 0.000 0.000 0.000 0.000 0.000 0.000 0.000 0.000 0.000 0.000 0.000 0.000 0.000 0.000 0.000 0.000 0.000 0.000 13/04/1963
0.000 0.000 0.000 0.000 0.000 0.000 0.000 0.000 0.000 0.000 0.000 0.000 0.000 0.000 0.000 0.000 0.000 0.000 0.000 0.000 0.000 0.000 0.000 0.000 0.000 0.000 0.000 0.000 0.000 0.000 14/04/1963
3.700 3.700 3.700 4.000 4.900 3.700 3.800 3.700 0.900 4.900 3.700 3.700 0.900 0.900 4.900 4.700 4.100 0.900 0.900 0.900 4.600 4.100 0.900 0.900 0.900 4.600 4.100 0.900 0.900 0.900 15/04/1963
0.200 0.200 0.200 2.100 4.100 0.200 0.200 0.200 7.500 4.100 0.200 0.200 7.500 7.500 4.000 0.000 1.300 7.500 7.500 7.500 0.000 1.300 7.500 7.400 7.400 0.000 1.200 7.400 7.400 7.500 16/04/1963
2.500 2.600 2.600 1.900 6.100 2.600 2.600 2.600 5.900 6.100 2.600 2.600 5.800 5.900 6.000 4.300 2.600 5.900 5.900 5.900 4.200 2.600 5.900 5.800 5.800 4.200 2.600 5.700 5.800 5.900 17/04/1963
8.200 8.300 8.300 5.300 5.800 8.400 8.500 8.400 5.100 5.700 8.400 8.400 5.000 5.100 5.700 7.400 4.100 5.000 5.100 5.100 7.400 4.100 5.100 5.000 5.000 7.300 4.100 5.000 5.000 5.100 18/04/1963
0.900 0.900 0.900 0.300 1.100 1.000 1.000 1.000 1.200 1.100 1.000 1.000 1.200 1.200 1.100 0.000 0.000 1.200 1.200 1.200 0.000 0.000 1.200 1.200 1.200 0.000 0.000 1.200 1.200 1.200 19/04/1963
14.200 14.300 14.400 9.300 6.100 14.500 14.600 14.500 5.200 6.100 14.400 14.400 5.200 5.200 6.100 6.500 2.900 5.200 5.300 5.200 6.500 2.900 5.200 5.100 5.100 6.400 2.800 5.100 5.100 5.200 20/04/1963
0.000 0.000 0.000 0.000 0.100 0.000 0.000 0.000 0.500 0.100 0.000 0.000 0.500 0.500 0.100 0.000 0.000 0.500 0.500 0.500 0.000 0.000 0.500 0.500 0.500 0.000 0.000 0.500 0.500 0.500 21/04/1963
4.600 4.600 4.600 4.600 6.900 4.700 4.700 4.700 4.700 6.800 4.700 4.600 4.700 4.700 6.800 3.500 2.400 4.700 4.700 4.700 3.500 2.400 4.700 4.600 4.600 3.400 2.400 4.600 4.600 4.700 22/04/1963
12.400 12.400 12.500 9.300 16.100 12.600 12.700 12.600 11.200 16.000 12.600 12.600 11.100 11.200 15.900 4.500 2.700 11.200 11.300 11.300 4.500 2.700 11.200 11.100 11.100 4.400 2.600 11.000 11.000 11.300 23/04/1963
2.700 2.700 2.700 1.700 9.900 2.700 2.800 2.700 3.000 9.800 2.700 2.700 3.000 3.000 9.700 3.000 1.600 3.000 3.000 3.000 2.900 1.600 3.000 3.000 3.000 2.900 1.600 2.900 2.900 3.000 24/04/1963
0.100 0.100 0.100 0.000 2.600 0.100 0.100 0.100 1.700 2.600 0.100 0.100 1.700 1.700 2.600 0.100 0.500 1.700 1.700 1.700 0.100 0.500 1.700 1.700 1.700 0.100 0.500 1.700 1.700 1.700 25/04/1963
0.000 0.000 0.000 0.000 0.000 0.000 0.000 0.000 0.000 0.000 0.000 0.000 0.000 0.000 0.000 0.000 0.000 0.000 0.000 0.000 0.000 0.000 0.000 0.000 0.000 0.000 0.000 0.000 0.000 0.000 26/04/1963
0.000 0.000 0.000 0.000 0.000 0.000 0.000 0.000 0.000 0.000 0.000 0.000 0.000 0.000 0.000 0.000 0.000 0.000 0.000 0.000 0.000 0.000 0.000 0.000 0.000 0.000 0.000 0.000 0.000 0.000 27/04/1963
0.000 0.000 0.000 0.000 0.000 0.000 0.000 0.000 0.000 0.000 0.000 0.000 0.000 0.000 0.000 0.000 0.000 0.000 0.000 0.000 0.000 0.000 0.000 0.000 0.000 0.000 0.000 0.000 0.000 0.000 28/04/1963
0.000 0.000 0.000 0.000 0.000 0.000 0.000 0.000 0.000 0.000 0.000 0.000 0.000 0.000 0.000 0.000 0.000 0.000 0.000 0.000 0.000 0.000 0.000 0.000 0.000 0.000 0.000 0.000 0.000 0.000 29/04/1963
0.000 0.000 0.000 0.000 0.000 0.000 0.000 0.000 0.000 0.000 0.000 0.000 0.000 0.000 0.000 0.000 0.000 0.000 0.000 0.000 0.000 0.000 0.000 0.000 0.000 0.000 0.000 0.000 0.000 0.000 30/04/1963
1.300 1.300 1.300 4.000 2.400 1.300 1.300 1.300 0.300 2.400 1.300 1.300 0.300 0.300 2.400 2.000 1.600 0.300 0.300 0.300 2.000 1.600 0.300 0.300 0.300 1.900 1.600 0.300 0.300 0.300 01/05/1963
3.400 3.400 3.400 3.100 7.100 3.400 3.500 3.400 5.600 7.100 3.400 3.400 5.600 5.700 7.000 1.100 2.000 5.600 5.700 5.700 1.100 2.000 5.600 5.600 5.600 1.100 2.000 5.500 5.600 5.700 02/05/1963
0.600 0.600 0.600 0.200 0.000 0.600 0.600 0.600 0.000 0.000 0.600 0.600 0.000 0.000 0.000 1.400 0.000 0.000 0.000 0.000 1.400 0.000 0.000 0.000 0.000 1.400 0.000 0.000 0.000 0.000 03/05/1963
0.000 0.000 0.000 0.000 0.000 0.000 0.000 0.000 0.000 0.000 0.000 0.000 0.000 0.000 0.000 0.000 0.000 0.000 0.000 0.000 0.000 0.000 0.000 0.000 0.000 0.000 0.000 0.000 0.000 0.000 04/05/1963
0.000 0.000 0.000 0.000 0.000 0.000 0.000 0.000 0.000 0.000 0.000 0.000 0.000 0.000 0.000 0.000 0.000 0.000 0.000 0.000 0.000 0.000 0.000 0.000 0.000 0.000 0.000 0.000 0.000 0.000 05/05/1963
0.000 0.000 0.000 0.000 0.000 0.000 0.000 0.000 0.000 0.000 0.000 0.000 0.000 0.000 0.000 0.000 0.000 0.000 0.000 0.000 0.000 0.000 0.000 0.000 0.000 0.000 0.000 0.000 0.000 0.000 06/05/1963
0.000 0.000 0.000 0.000 0.000 0.000 0.000 0.000 0.000 0.000 0.000 0.000 0.000 0.000 0.000 0.000 0.000 0.000 0.000 0.000 0.000 0.000 0.000 0.000 0.000 0.000 0.000 0.000 0.000 0.000 07/05/1963
1.400 1.400 1.400 0.500 0.300 1.400 1.400 1.400 0.400 0.300 1.400 1.400 0.400 0.400 0.300 0.200 0.300 0.400 0.400 0.400 0.200 0.300 0.400 0.400 0.400 0.200 0.300 0.400 0.400 0.400 08/05/1963
4.100 4.100 4.100 2.500 4.100 4.200 4.200 4.200 1.500 4.100 4.100 4.100 1.500 1.500 4.000 2.700 1.700 1.500 1.500 1.500 2.700 1.700 1.500 1.500 1.500 2.600 1.700 1.500 1.500 1.500 09/05/1963
2.700 2.700 2.700 1.800 3.300 2.800 2.800 2.800 1.300 3.300 2.800 2.700 1.300 1.300 3.300 0.900 2.300 1.300 1.300 1.300 0.900 2.300 1.300 1.300 1.300 0.900 2.300 1.300 1.300 1.300 10/05/1963
0.100 0.100 0.100 0.200 0.000 0.100 0.100 0.100 1.100 0.000 0.100 0.100 1.100 1.100 0.000 0.100 0.000 1.100 1.100 1.100 0.100 0.000 1.100 1.100 1.100 0.100 0.000 1.100 1.100 1.100 11/05/1963
0.000 0.000 0.000 0.000 0.000 0.000 0.000 0.000 0.000 0.000 0.000 0.000 0.000 0.000 0.000 0.000 0.000 0.000 0.000 0.000 0.000 0.000 0.000 0.000 0.000 0.000 0.000 0.000 0.000 0.000 12/05/1963
3.300 3.300 3.300 1.400 4.200 3.300 3.400 3.300 5.100 4.200 3.300 3.300 5.100 5.100 4.100 0.500 1.000 5.100 5.100 5.100 0.400 1.000 5.100 5.100 5.100 0.400 1.000 5.000 5.000 5.100 13/05/1963
4.100 4.100 4.200 7.700 11.600 4.200 4.200 4.200 2.000 11.500 4.200 4.200 2.000 2.000 11.400 6.100 4.100 2.000 2.000 2.000 6.000 4.100 2.000 2.000 2.000 6.000 4.100 1.900 2.000 2.000 14/05/1963
1.100 1.100 1.100 0.000 0.000 1.100 1.100 1.100 0.200 0.000 1.100 1.100 0.200 0.200 0.000 0.000 0.000 0.200 0.200 0.200 0.000 0.000 0.200 0.200 0.200 0.000 0.000 0.200 0.200 0.200 15/05/1963
0.000 0.000 0.000 0.000 0.000 0.000 0.000 0.000 0.000 0.000 0.000 0.000 0.000 0.000 0.000 0.000 0.000 0.000 0.000 0.000 0.000 0.000 0.000 0.000 0.000 0.000 0.000 0.000 0.000 0.000 16/05/1963
0.000 0.000 0.000 0.000 0.000 0.000 0.000 0.000 0.000 0.000 0.000 0.000 0.000 0.000 0.000 0.000 0.000 0.000 0.000 0.000 0.000 0.000 0.000 0.000 0.000 0.000 0.000 0.000 0.000 0.000 17/05/1963
0.000 0.000 0.000 0.000 0.000 0.000 0.000 0.000 0.000 0.000 0.000 0.000 0.000 0.000 0.000 0.000 0.000 0.000 0.000 0.000 0.000 0.000 0.000 0.000 0.000 0.000 0.000 0.000 0.000 0.000 18/05/1963
0.000 0.000 0.000 0.000 0.000 0.000 0.000 0.000 0.000 0.000 0.000 0.000 0.000 0.000 0.000 0.000 0.000 0.000 0.000 0.000 0.000 0.000 0.000 0.000 0.000 0.000 0.000 0.000 0.000 0.000 19/05/1963
0.000 0.000 0.000 0.000 0.000 0.000 0.000 0.000 0.000 0.000 0.000 0.000 0.000 0.000 0.000 0.000 0.000 0.000 0.000 0.000 0.000 0.000 0.000 0.000 0.000 0.000 0.000 0.000 0.000 0.000 20/05/1963
14.200 14.300 14.400 14.700 11.300 14.500 14.600 14.500 12.900 11.200 14.400 14.400 12.800 12.900 11.100 15.300 11.000 12.900 13.000 13.000 15.100 11.000 12.900 12.800 12.800 15.000 10.900 12.700 12.700 13.000 21/05/1963
2.500 2.500 2.500 2.900 9.800 2.500 2.500 2.500 1.900 9.700 2.500 2.500 1.800 1.900 9.700 6.000 5.800 1.800 1.900 1.900 6.000 5.900 1.900 1.800 1.800 5.900 5.800 1.800 1.800 1.900 22/05/1963
3.900 3.900 3.900 1.800 3.400 4.000 4.000 4.000 2.400 3.400 4.000 4.000 2.300 2.400 3.400 1.800 2.400 2.400 2.400 2.400 1.800 2.400 2.400 2.300 2.300 1.800 2.300 2.300 2.300 2.400 23/05/1963
0.000 0.000 0.000 0.000 0.000 0.000 0.000 0.000 0.000 0.000 0.000 0.000 0.000 0.000 0.000 0.000 0.000 0.000 0.000 0.000 0.000 0.000 0.000 0.000 0.000 0.000 0.000 0.000 0.000 0.000 24/05/1963
0.000 0.000 0.000 0.000 0.000 0.000 0.000 0.000 0.000 0.000 0.000 0.000 0.000 0.000 0.000 0.000 0.000 0.000 0.000 0.000 0.000 0.000 0.000 0.000 0.000 0.000 0.000 0.000 0.000 0.000 25/05/1963
2.900 2.900 2.900 0.000 0.000 3.000 3.000 3.000 0.000 0.000 3.000 3.000 0.000 0.000 0.000 0.800 0.000 0.000 0.000 0.000 0.800 0.000 0.000 0.000 0.000 0.800 0.000 0.000 0.000 0.000 26/05/1963
0.000 0.000 0.000 0.000 0.000 0.000 0.000 0.000 0.000 0.000 0.000 0.000 0.000 0.000 0.000 3.400 0.000 0.000 0.000 0.000 3.400 0.000 0.000 0.000 0.000 3.400 0.000 0.000 0.000 0.000 27/05/1963
0.100 0.100 0.100 0.000 8.100 0.100 0.200 0.100 6.100 8.000 0.100 0.100 6.100 6.200 8.000 0.000 12.200 6.100 6.200 6.200 0.000 12.200 6.100 6.100 6.100 0.000 12.200 6.000 6.100 6.200 28/05/1963
0.000 0.000 0.000 0.000 0.000 0.000 0.000 0.000 0.000 0.000 0.000 0.000 0.000 0.000 0.000 0.000 0.600 0.000 0.000 0.000 0.000 0.600 0.000 0.000 0.000 0.000 0.600 0.000 0.000 0.000 29/05/1963
0.000 0.000 0.000 0.000 0.000 0.000 0.000 0.000 0.000 0.000 0.000 0.000 0.000 0.000 0.000 0.000 0.000 0.000 0.000 0.000 0.000 0.000 0.000 0.000 0.000 0.000 0.000 0.000 0.000 0.000 30/05/1963
2.500 2.500 2.500 7.700 3.500 2.500 2.500 2.500 0.300 3.400 2.500 2.500 0.300 0.300 3.100 1.200 6.400 0.300 0.300 0.300 1.200 6.500 0.300 0.300 0.300 1.200 6.400 0.300 0.300 0.300 31/05/1963
0.900 0.900 0.900 2.500 11.900 0.900 0.900 0.900 11.600 11.800 0.900 0.900 11.500 11.600 11.700 6.300 0.600 11.600 11.700 11.700 6.300 0.600 11.600 11.500 11.500 6.200 0.600 11.400 11.400 11.700 01/06/1963
19.800 19.900 20.000 15.900 9.900 20.200 20.400 20.200 0.000 9.500 20.100 20.100 0.000 0.000 8.800 13.700 4.100 0.000 0.000 0.000 13.500 4.100 0.000 0.000 0.000 13.400 4.100 0.000 0.000 0.000 02/06/1963
1.100 1.100 1.100 2.700 1.100 1.200 1.200 1.200 2.100 1.100 1.200 1.200 2.100 2.100 1.100 2.000 1.400 2.100 2.100 2.100 2.000 1.400 2.100 2.100 2.100 2.000 1.400 2.100 2.100 2.100 03/06/1963
4.700 4.700 4.800 8.600 4.200 4.800 4.800 4.800 9.200 4.100 4.800 4.800 9.200 9.200 4.100 3.400 7.600 9.200 9.300 9.300 3.400 7.600 9.200 9.200 9.200 3.400 7.600 9.100 9.100 9.300 04/06/1963
0.100 0.100 0.100 3.000 8.000 0.100 0.100 0.100 4.100 8.000 0.100 0.100 4.100 4.100 7.900 9.800 21.600 4.100 4.100 4.100 9.700 21.700 4.100 4.100 4.100 9.600 21.500 4.000 4.000 4.100 05/06/1963
1.400 1.400 1.400 1.500 1.500 1.400 1.400 1.400 0.900 1.500 1.400 1.400 0.900 0.900 1.500 17.000 1.100 0.900 0.900 0.900 16.900 1.100 0.900 0.900 0.900 16.700 1.000 0.900 0.900 0.900 06/06/1963
0.000 0.000 0.000 0.000 0.000 0.000 0.000 0.000 0.000 0.000 0.000 0.000 0.000 0.000 0.000 0.000 0.000 0.000 0.000 0.000 0.000 0.000 0.000 0.000 0.000 0.000 0.000 0.000 0.000 0.000 07/06/1963
0.000 0.000 0.000 0.100 0.000 0.000 0.000 0.000 0.000 0.000 0.000 0.000 0.000 0.000 0.000 0.000 0.000 0.000 0.000 0.000 0.000 0.000 0.000 0.000 0.000 0.000 0.000 0.000 0.000 0.000 08/06/1963
22.200 22.300 22.400 14.600 32.800 22.600 22.800 22.600 19.800 32.600 22.600 22.500 19.800 19.900 32.300 31.300 23.200 19.800 20.000 20.000 31.000 23.300 19.800 19.700 19.700 30.600 23.100 19.500 19.600 20.000 09/06/1963
15.600 15.700 15.800 2.900 12.900 15.900 16.100 15.900 9.600 12.900 15.900 15.900 9.500 9.600 12.800 8.800 9.900 9.500 9.600 9.600 8.700 9.900 9.600 9.500 9.500 8.700 9.800 9.400 9.400 9.600 10/06/1963
0.000 0.000 0.000 0.000 0.000 0.000 0.000 0.000 0.000 0.000 0.000 0.000 0.000 0.000 0.000 0.000 0.000 0.000 0.000 0.000 0.000 0.000 0.000 0.000 0.000 0.000 0.000 0.000 0.000 0.000 11/06/1963
1.800 1.800 1.800 0.100 0.200 1.800 1.800 1.800 0.300 0.200 1.800 1.800 0.300 0.300 0.200 0.000 0.500 0.300 0.300 0.300 0.000 0.500 0.300 0.300 0.300 0.000 0.500 0.300 0.300 0.300 12/06/1963
4.500 4.500 4.500 1.000 0.000 4.600 4.600 4.600 0.100 0.000 4.600 4.500 0.100 0.100 0.000 0.000 2.800 0.100 0.100 0.100 0.000 2.900 0.100 0.100 0.100 0.000 2.800 0.100 0.100 0.100 13/06/1963
9.800 9.900 9.900 7.100 7.200 10.000 10.000 10.000 3.200 7.200 9.900 9.900 3.200 3.200 7.100 0.100 0.900 3.200 3.200 3.200 0.100 0.900 3.200 3.200 3.200 0.100 0.900 3.100 3.200 3.200 14/06/1963
4.700 4.700 4.700 0.000 0.000 4.800 4.800 4.800 0.600 0.000 4.800 4.800 0.600 0.600 0.000 0.000 0.000 0.600 0.600 0.600 0.000 0.000 0.600 0.500 0.500 0.000 0.000 0.500 0.500 0.600 15/06/1963
0.000 0.000 0.000 0.000 0.000 0.000 0.000 0.000 0.000 0.000 0.000 0.000 0.000 0.000 0.000 0.000 0.000 0.000 0.000 0.000 0.000 0.000 0.000 0.000 0.000 0.000 0.000 0.000 0.000 0.000 16/06/1963
0.000 0.000 0.000 0.000 0.000 0.000 0.000 0.000 0.000 0.000 0.000 0.000 0.000 0.000 0.000 0.000 0.000 0.000 0.000 0.000 0.000 0.000 0.000 0.000 0.000 0.000 0.000 0.000 0.000 0.000 17/06/1963
0.900 0.900 0.900 0.900 1.200 0.900 0.900 0.900 0.600 1.200 0.900 0.900 0.600 0.600 1.200 0.200 0.500 0.600 0.600 0.600 0.200 0.500 0.600 0.600 0.600 0.200 0.500 0.600 0.600 0.600 18/06/1963
0.400 0.400 0.400 0.600 1.000 0.400 0.400 0.400 0.000 1.000 0.400 0.400 0.000 0.000 1.000 0.000 0.000 0.000 0.000 0.000 0.000 0.000 0.000 0.000 0.000 0.000 0.000 0.000 0.000 0.000 19/06/1963
0.100 0.100 0.100 0.100 0.000 0.100 0.100 0.100 0.000 0.000 0.100 0.100 0.000 0.000 0.000 0.000 0.000 0.000 0.000 0.000 0.000 0.000 0.000 0.000 0.000 0.000 0.000 0.000 0.000 0.000 20/06/1963
0.000 0.000 0.000 0.000 0.000 0.000 0.000 0.000 0.000 0.000 0.000 0.000 0.000 0.000 0.000 0.000 0.000 0.000 0.000 0.000 0.000 0.000 0.000 0.000 0.000 0.000 0.000 0.000 0.000 0.000 21/06/1963
0.100 0.100 0.100 0.100 0.500 0.100 0.100 0.100 1.500 0.500 0.100 0.100 1.500 1.500 0.500 0.400 4.600 1.500 1.500 1.500 0.400 4.600 1.500 1.500 1.500 0.400 4.600 1.500 1.500 1.500 22/06/1963
0.000 0.000 0.000 0.000 0.000 0.000 0.000 0.000 0.000 0.000 0.000 0.000 0.000 0.000 0.000 0.000 0.000 0.000 0.000 0.000 0.000 0.000 0.000 0.000 0.000 0.000 0.000 0.000 0.000 0.000 23/06/1963
1.700 1.700 1.800 0.900 6.500 1.800 1.800 1.800 2.700 6.400 1.800 1.800 2.700 2.700 6.400 1.800 8.100 2.700 2.800 2.800 1.800 8.100 2.700 2.700 2.700 1.800 8.100 2.600 2.700 2.800 24/06/1963
0.000 0.000 0.000 0.000 0.000 0.000 0.000 0.000 0.000 0.000 0.000 0.000 0.000 0.000 0.000 0.000 0.000 0.000 0.000 0.000 0.000 0.000 0.000 0.000 0.000 0.000 0.000 0.000 0.000 0.000 25/06/1963
13.300 13.300 13.400 13.300 8.800 13.500 13.700 13.500 11.700 8.800 13.500 13.500 11.700 11.800 8.700 11.100 20.500 11.700 11.800 11.800 11.000 20.600 11.700 11.700 11.700 10.900 20.400 11.600 11.600 11.800 26/06/1963
18.600 18.700 18.800 17.200 34.900 19.000 19.100 19.000 16.600 34.700 18.900 18.900 16.500 16.700 34.400 9.000 22.400 16.600 16.800 16.700 8.900 22.500 16.600 16.500 16.500 8.800 22.300 16.300 16.300 16.700 27/06/1963
0.000 0.000 0.000 0.000 0.000 0.000 0.000 0.000 0.100 0.000 0.000 0.000 0.100 0.100 0.000 0.000 0.000 0.100 0.100 0.100 0.000 0.000 0.100 0.100 0.100 0.000 0.000 0.100 0.100 0.100 28/06/1963
0.000 0.000 0.000 0.000 0.200 0.000 0.000 0.000 0.200 0.200 0.000 0.000 0.200 0.200 0.200 0.200 0.300 0.200 0.200 0.200 0.200 0.300 0.200 0.200 0.200 0.200 0.300 0.200 0.200 0.200 29/06/1963
1.400 1.400 1.400 2.400 2.100 1.400 1.400 1.400 1.000 2.100 1.400 1.400 1.000 1.000 2.100 2.000 1.700 1.000 1.000 1.000 2.000 1.700 1.000 1.000 1.000 2.000 1.700 1.000 1.000 1.000 30/06/1963
0.300 0.300 0.300 1.300 0.000 0.300 0.300 0.300 0.000 0.000 0.300 0.300 0.000 0.000 0.000 0.000 0.600 0.000 0.000 0.000 0.000 0.600 0.000 0.000 0.000 0.000 0.600 0.000 0.000 0.000 01/07/1963
1.200 1.200 1.200 2.100 0.400 1.200 1.200 1.200 1.700 0.400 1.200 1.200 1.700 1.700 0.400 2.100 0.000 1.700 1.700 1.700 2.000 0.000 1.700 1.700 1.700 2.000 0.000 1.600 1.600 1.700 02/07/1963
0.000 0.000 0.000 0.200 2.600 0.000 0.000 0.000 0.100 2.600 0.000 0.000 0.100 0.100 2.600 0.000 0.000 0.100 0.100 0.100 0.000 0.000 0.100 0.100 0.100 0.000 0.000 0.100 0.100 0.100 03/07/1963
0.000 0.000 0.000 0.000 0.000 0.000 0.000 0.000 0.000 0.000 0.000 0.000 0.000 0.000 0.000 0.000 0.000 0.000 0.000 0.000 0.000 0.000 0.000 0.000 0.000 0.000 0.000 0.000 0.000 0.000 04/07/1963
0.000 0.000 0.000 0.000 0.000 0.000 0.000 0.000 0.000 0.000 0.000 0.000 0.000 0.000 0.000 0.000 0.000 0.000 0.000 0.000 0.000 0.000 0.000 0.000 0.000 0.000 0.000 0.000 0.000 0.000 05/07/1963
0.300 0.300 0.300 0.000 0.000 0.300 0.300 0.300 0.000 0.000 0.300 0.300 0.000 0.000 0.000 0.000 0.000 0.000 0.000 0.000 0.000 0.000 0.000 0.000 0.000 0.000 0.000 0.000 0.000 0.000 06/07/1963
0.400 0.400 0.400 0.700 1.000 0.400 0.400 0.400 3.900 1.000 0.400 0.400 3.900 3.900 1.000 0.100 0.100 3.900 3.900 3.900 0.100 0.100 3.900 3.900 3.900 0.100 0.100 3.900 3.900 3.900 07/07/1963
0.000 0.000 0.000 0.000 0.000 0.000 0.000 0.000 0.000 0.000 0.000 0.000 0.000 0.000 0.000 0.000 0.000 0.000 0.000 0.000 0.000 0.000 0.000 0.000 0.000 0.000 0.000 0.000 0.000 0.000 08/07/1963
0.000 0.000 0.000 0.000 0.000 0.000 0.000 0.000 0.000 0.000 0.000 0.000 0.000 0.000 0.000 0.000 0.000 0.000 0.000 0.000 0.000 0.000 0.000 0.000 0.000 0.000 0.000 0.000 0.000 0.000 09/07/1963
0.600 0.600 0.600 1.400 1.500 0.600 0.700 0.600 3.900 1.500 0.600 0.600 3.900 3.900 1.400 0.800 5.700 3.900 4.000 4.000 0.800 5.700 3.900 3.900 3.900 0.800 5.700 3.900 3.900 4.000 10/07/1963
6.800 6.800 6.900 5.600 9.700 6.900 7.000 6.900 9.600 9.700 6.900 6.900 9.600 9.600 9.600 10.600 6.800 9.600 9.700 9.700 10.500 6.800 9.600 9.600 9.600 10.400 6.800 9.500 9.500 9.700 11/07/1963
9.900 9.900 10.000 6.100 3.100 10.000 10.100 10.000 5.000 3.100 10.000 10.000 5.000 5.000 3.100 12.700 10.800 5.000 5.000 5.000 12.600 10.800 5.000 5.000 5.000 12.500 10.700 4.900 4.900 5.000 12/07/1963
4.300 4.300 4.400 4.300 5.500 4.400 4.400 4.400 3.700 5.500 4.400 4.400 3.700 3.800 5.400 1.600 1.600 3.700 3.800 3.800 1.600 1.600 3.800 3.700 3.700 1.600 1.600 3.700 3.700 3.800 13/07/1963
0.000 0.000 0.000 0.000 0.000 0.000 0.000 0.000 0.000 0.000 0.000 0.000 0.000 0.000 0.000 0.000 0.000 0.000 0.000 0.000 0.000 0.000 0.000 0.000 0.000 0.000 0.000 0.000 0.000 0.000 14/07/1963
0.000 0.000 0.000 0.000 0.000 0.000 0.000 0.000 0.000 0.000 0.000 0.000 0.000 0.000 0.000 0.000 0.000 0.000 0.000 0.000 0.000 0.000 0.000 0.000 0.000 0.000 0.000 0.000 0.000 0.000 15/07/1963
0.000 0.000 0.000 0.000 0.000 0.000 0.000 0.000 0.000 0.000 0.000 0.000 0.000 0.000 0.000 0.000 0.100 0.000 0.000 0.000 0.000 0.100 0.000 0.000 0.000 0.000 0.100 0.000 0.000 0.000 16/07/1963
0.000 0.000 0.000 0.000 0.000 0.000 0.000 0.000 0.000 0.000 0.000 0.000 0.000 0.000 0.000 0.000 0.000 0.000 0.000 0.000 0.000 0.000 0.000 0.000 0.000 0.000 0.000 0.000 0.000 0.000 17/07/1963
0.000 0.000 0.000 0.000 0.000 0.000 0.000 0.000 0.000 0.000 0.000 0.000 0.000 0.000 0.000 0.000 0.000 0.000 0.000 0.000 0.000 0.000 0.000 0.000 0.000 0.000 0.000 0.000 0.000 0.000 18/07/1963
0.000 0.000 0.000 0.000 0.000 0.000 0.000 0.000 0.000 0.000 0.000 0.000 0.000 0.000 0.000 0.000 0.000 0.000 0.000 0.000 0.000 0.000 0.000 0.000 0.000 0.000 0.000 0.000 0.000 0.000 19/07/1963
0.000 0.000 0.000 0.000 0.000 0.000 0.000 0.000 0.000 0.000 0.000 0.000 0.000 0.000 0.000 0.000 0.000 0.000 0.000 0.000 0.000 0.000 0.000 0.000 0.000 0.000 0.000 0.000 0.000 0.000 20/07/1963
0.000 0.000 0.000 0.000 0.000 0.000 0.000 0.000 0.000 0.000 0.000 0.000 0.000 0.000 0.000 0.000 0.000 0.000 0.000 0.000 0.000 0.000 0.000 0.000 0.000 0.000 0.000 0.000 0.000 0.000 21/07/1963
0.000 0.000 0.000 4.600 0.000 0.000 0.000 0.000 0.000 0.000 0.000 0.000 0.000 0.000 0.000 0.000 0.000 0.000 0.000 0.000 0.000 0.000 0.000 0.000 0.000 0.000 0.000 0.000 0.000 0.000 22/07/1963
0.000 0.000 0.000 0.000 0.000 0.000 0.000 0.000 0.000 0.000 0.000 0.000 0.000 0.000 0.000 0.000 0.000 0.000 0.000 0.000 0.000 0.000 0.000 0.000 0.000 0.000 0.000 0.000 0.000 0.000 23/07/1963
0.000 0.000 0.000 0.000 0.000 0.000 0.000 0.000 0.000 0.000 0.000 0.000 0.000 0.000 0.000 0.000 0.000 0.000 0.000 0.000 0.000 0.000 0.000 0.000 0.000 0.000 0.000 0.000 0.000 0.000 24/07/1963
4.000 4.000 4.000 6.600 3.000 4.000 4.100 4.000 3.900 2.900 4.000 4.000 3.800 3.900 2.900 15.800 4.600 3.800 3.900 3.900 15.600 4.600 3.900 3.800 3.800 15.400 4.600 3.800 3.800 3.900 25/07/1963
0.000 0.000 0.000 0.000 0.000 0.000 0.000 0.000 0.000 0.000 0.000 0.000 0.000 0.000 0.000 0.000 0.000 0.000 0.000 0.000 0.000 0.000 0.000 0.000 0.000 0.000 0.000 0.000 0.000 0.000 26/07/1963
0.000 0.000 0.000 0.000 0.000 0.000 0.000 0.000 0.000 0.000 0.000 0.000 0.000 0.000 0.000 0.000 0.000 0.000 0.000 0.000 0.000 0.000 0.000 0.000 0.000 0.000 0.000 0.000 0.000 0.000 27/07/1963
0.000 0.000 0.000 0.000 0.000 0.000 0.000 0.000 0.000 0.000 0.000 0.000 0.000 0.000 0.000 0.000 0.000 0.000 0.000 0.000 0.000 0.000 0.000 0.000 0.000 0.000 0.000 0.000 0.000 0.000 28/07/1963
0.000 0.000 0.000 0.000 0.000 0.000 0.000 0.000 0.000 0.000 0.000 0.000 0.000 0.000 0.000 0.000 1.700 0.000 0.000 0.000 0.000 1.700 0.000 0.000 0.000 0.000 1.700 0.000 0.000 0.000 29/07/1963
0.000 0.000 0.000 0.000 0.000 0.000 0.000 0.000 0.000 0.000 0.000 0.000 0.000 0.000 0.000 0.000 0.000 0.000 0.000 0.000 0.000 0.000 0.000 0.000 0.000 0.000 0.000 0.000 0.000 0.000 30/07/1963
0.200 0.200 0.200 5.600 0.000 0.200 0.200 0.200 0.000 0.000 0.200 0.200 0.000 0.000 0.000 1.000 0.000 0.000 0.000 0.000 1.000 0.000 0.000 0.000 0.000 1.000 0.000 0.000 0.000 0.000 31/07/1963
