# 6448 6449 6450 6451 6452 6528 6529 6530 6531 6532 6610 6611 6612 6613 6614 6693 6694 6695 6696 6697 6776 6777 6778 6779 6780 6859 6860 6861 6862 6863 Date
0.000 0.000 0.000 0.000 0.000 0.000 0.000 0.000 0.000 0.000 0.000 0.000 0.000 0.000 0.000 0.000 0.000 0.000 0.000 0.000 0.000 0.000 0.000 0.000 0.000 0.000 0.000 0.000 0.000 0.000 01/08/2015
0.000 0.000 0.000 0.000 0.000 0.000 0.000 0.000 0.000 0.000 0.000 0.000 0.000 0.000 0.000 0.000 0.000 0.000 0.000 0.000 0.000 0.000 0.000 0.000 0.000 0.000 0.000 0.000 0.000 0.000 02/08/2015
16.400 16.500 16.600 18.000 21.500 16.700 16.900 16.700 16.300 21.400 16.700 16.700 16.300 16.400 21.200 12.900 14.000 16.300 16.500 16.500 12.800 14.000 16.400 16.200 16.200 12.600 13.900 16.100 16.100 16.500 03/08/2015
0.000 0.000 0.000 0.200 0.100 0.000 0.000 0.000 0.000 0.100 0.000 0.000 0.000 0.000 0.100 0.000 0.000 0.000 0.000 0.000 0.000 0.000 0.000 0.000 0.000 0.000 0.000 0.000 0.000 0.000 04/08/2015
0.000 0.000 0.000 0.000 0.000 0.000 0.000 0.000 0.000 0.000 0.000 0.000 0.000 0.000 0.000 0.000 0.000 0.000 0.000 0.000 0.000 0.000 0.000 0.000 0.000 0.000 0.000 0.000 0.000 0.000 05/08/2015
0.000 0.000 0.000 0.000 0.000 0.000 0.000 0.000 0.000 0.000 0.000 0.000 0.000 0.000 0.000 0.000 0.000 0.000 0.000 0.000 0.000 0.000 0.000 0.000 0.000 0.000 0.000 0.000 0.000 0.000 06/08/2015
8.800 8.800 8.800 5.500 4.500 8.900 9.000 8.900 4.100 4.400 8.900 8.900 4.100 4.100 4.400 10.500 8.200 4.100 4.100 4.100 10.400 8.300 4.100 4.100 4.100 10.300 8.200 4.000 4.000 4.100 07/08/2015
23.700 23.800 23.900 31.700 18.700 24.100 24.400 24.100 22.600 18.600 24.100 24.000 22.500 22.700 18.500 20.900 25.200 22.600 22.800 22.800 20.700 25.300 22.600 22.500 22.500 20.400 25.100 22.300 22.300 22.800 08/08/2015
9.600 9.700 9.700 11.200 10.800 9.800 9.900 9.800 14.200 10.700 9.800 9.800 14.100 14.200 10.700 6.200 10.100 14.100 14.300 14.300 6.100 10.100 14.200 14.100 14.100 6.100 10.000 13.900 13.900 14.300 09/08/2015
0.000 0.000 0.000 0.000 0.000 0.000 0.000 0.000 0.000 0.000 0.000 0.000 0.000 0.000 0.000 0.000 0.200 0.000 0.000 0.000 0.000 0.200 0.000 0.000 0.000 0.000 0.200 0.000 0.000 0.000 10/08/2015
0.000 0.000 0.000 0.000 0.000 0.000 0.000 0.000 0.000 0.000 0.000 0.000 0.000 0.000 0.000 0.000 0.000 0.000 0.000 0.000 0.000 0.000 0.000 0.000 0.000 0.000 0.000 0.000 0.000 0.000 11/08/2015
9.800 9.800 9.900 4.200 7.400 10.000 10.100 10.000 8.000 7.400 9.900 9.900 8.000 8.100 7.300 15.400 7.200 8.000 8.100 8.100 15.300 7.200 8.000 8.000 8.000 15.100 7.200 7.900 7.900 8.100 12/08/2015
3.600 3.600 3.600 18.600 8.900 3.600 3.700 3.600 11.300 8.900 3.600 3.600 11.300 11.400 8.800 6.400 8.600 11.300 11.400 11.400 6.400 8.600 11.300 11.300 11.300 6.300 8.500 11.200 11.200 11.400 13/08/2015
8.200 8.300 8.300 11.500 11.600 8.400 8.400 8.400 5.800 11.600 8.300 8.300 5.700 5.800 11.500 9.700 7.100 5.800 5.800 5.800 9.600 7.100 5.800 5.700 5.700 9.500 7.100 5.700 5.700 5.800 14/08/2015
0.100 0.100 0.100 0.200 0.000 0.100 0.100 0.100 0.000 0.000 0.100 0.100 0.000 0.000 0.000 0.000 0.200 0.000 0.000 0.000 0.000 0.200 0.000 0.000 0.000 0.000 0.200 0.000 0.000 0.000 15/08/2015
0.000 0.000 0.000 0.200 0.200 0.000 0.000 0.000 0.000 0.200 0.000 0.000 0.000 0.000 0.200 0.200 0.200 0.000 0.000 0.000 0.200 0.200 0.000 0.000 0.000 0.200 0.200 0.000 0.000 0.000 16/08/2015
0.000 0.000 0.000 0.000 0.000 0.000 0.000 0.000 0.000 0.000 0.000 0.000 0.000 0.000 0.000 0.000 0.000 0.000 0.000 0.000 0.000 0.000 0.000 0.000 0.000 0.000 0.000 0.000 0.000 0.000 17/08/2015
0.000 0.000 0.000 0.200 0.200 0.000 0.000 0.000 0.000 0.200 0.000 0.000 0.000 0.000 0.200 0.000 0.000 0.000 0.000 0.000 0.000 0.000 0.000 0.000 0.000 0.000 0.000 0.000 0.000 0.000 18/08/2015
0.000 0.000 0.000 0.100 0.000 0.000 0.000 0.000 0.000 0.000 0.000 0.000 0.000 0.000 0.000 0.000 0.000 0.000 0.000 0.000 0.000 0.000 0.000 0.000 0.000 0.000 0.000 0.000 0.000 0.000 19/08/2015
0.000 0.000 0.000 0.000 0.000 0.000 0.000 0.000 0.000 0.000 0.000 0.000 0.000 0.000 0.000 0.000 0.100 0.000 0.000 0.000 0.000 0.100 0.000 0.000 0.000 0.000 0.100 0.000 0.000 0.000 20/08/2015
0.000 0.000 0.000 0.000 0.000 0.000 0.000 0.000 0.000 0.000 0.000 0.000 0.000 0.000 0.000 0.000 0.000 0.000 0.000 0.000 0.000 0.000 0.000 0.000 0.000 0.000 0.000 0.000 0.000 0.000 21/08/2015
14.100 14.100 14.200 7.000 12.800 14.300 14.500 14.300 13.200 12.700 14.300 14.300 13.100 13.200 12.600 14.300 15.500 13.200 13.300 13.300 14.100 15.600 13.200 13.100 13.100 13.900 15.500 13.000 13.000 13.300 22/08/2015
2.500 2.500 2.500 2.800 8.300 2.600 2.600 2.600 3.500 8.300 2.600 2.600 3.500 3.500 8.200 2.400 3.100 3.500 3.500 3.500 2.400 3.100 3.500 3.500 3.400 2.300 3.100 3.400 3.400 3.500 23/08/2015
2.200 2.200 2.200 3.000 0.600 2.300 2.300 2.300 2.500 0.600 2.300 2.300 2.500 2.500 0.600 2.100 2.400 2.500 2.500 2.500 2.100 2.400 2.500 2.500 2.500 2.100 2.400 2.500 2.500 2.500 24/08/2015
0.000 0.000 0.000 0.000 0.000 0.000 0.000 0.000 0.000 0.000 0.000 0.000 0.000 0.000 0.000 0.000 0.100 0.000 0.000 0.000 0.000 0.100 0.000 0.000 0.000 0.000 0.100 0.000 0.000 0.000 25/08/2015
0.000 0.000 0.000 0.000 0.200 0.000 0.000 0.000 0.000 0.200 0.000 0.000 0.000 0.000 0.200 0.000 0.000 0.000 0.000 0.000 0.000 0.000 0.000 0.000 0.000 0.000 0.000 0.000 0.000 0.000 26/08/2015
0.000 0.000 0.000 0.100 0.000 0.000 0.000 0.000 0.000 0.000 0.000 0.000 0.000 0.000 0.000 0.000 0.000 0.000 0.000 0.000 0.000 0.000 0.000 0.000 0.000 0.000 0.000 0.000 0.000 0.000 27/08/2015
0.000 0.000 0.000 0.000 0.000 0.000 0.000 0.000 0.000 0.000 0.000 0.000 0.000 0.000 0.000 0.000 0.100 0.000 0.000 0.000 0.000 0.100 0.000 0.000 0.000 0.000 0.100 0.000 0.000 0.000 28/08/2015
0.000 0.000 0.000 0.000 0.000 0.000 0.000 0.000 0.000 0.000 0.000 0.000 0.000 0.000 0.000 0.000 0.000 0.000 0.000 0.000 0.000 0.000 0.000 0.000 0.000 0.000 0.000 0.000 0.000 0.000 29/08/2015
0.000 0.000 0.000 0.000 0.000 0.000 0.000 0.000 0.000 0.000 0.000 0.000 0.000 0.000 0.000 0.000 0.000 0.000 0.000 0.000 0.000 0.000 0.000 0.000 0.000 0.000 0.000 0.000 0.000 0.000 30/08/2015
19.600 19.700 19.800 8.200 13.900 20.000 20.200 20.000 5.100 13.800 19.900 19.900 5.100 5.100 13.700 12.400 7.600 5.100 5.200 5.100 12.300 7.600 5.100 5.100 5.100 12.100 7.500 5.000 5.000 5.200 31/08/2015
0.400 0.400 0.400 0.100 0.300 0.400 0.400 0.400 1.100 0.300 0.400 0.400 1.100 1.100 0.300 0.200 0.200 1.100 1.100 1.100 0.200 0.200 1.100 1.100 1.100 0.200 0.200 1.100 1.100 1.100 01/09/2015
0.000 0.000 0.000 0.000 0.000 0.000 0.000 0.000 0.000 0.000 0.000 0.000 0.000 0.000 0.000 0.000 0.000 0.000 0.000 0.000 0.000 0.000 0.000 0.000 0.000 0.000 0.000 0.000 0.000 0.000 02/09/2015
0.000 0.000 0.000 0.500 0.000 0.000 0.000 0.000 0.000 0.000 0.000 0.000 0.000 0.000 0.000 0.000 0.000 0.000 0.000 0.000 0.000 0.000 0.000 0.000 0.000 0.000 0.000 0.000 0.000 0.000 03/09/2015
0.000 0.000 0.000 0.000 0.000 0.000 0.000 0.000 0.000 0.000 0.000 0.000 0.000 0.000 0.000 0.000 0.000 0.000 0.000 0.000 0.000 0.000 0.000 0.000 0.000 0.000 0.000 0.000 0.000 0.000 04/09/2015
0.000 0.000 0.000 0.000 0.000 0.000 0.000 0.000 0.000 0.000 0.000 0.000 0.000 0.000 0.000 0.000 0.000 0.000 0.000 0.000 0.000 0.000 0.000 0.000 0.000 0.000 0.000 0.000 0.000 0.000 05/09/2015
0.000 0.000 0.000 0.000 0.000 0.000 0.000 0.000 0.000 0.000 0.000 0.000 0.000 0.000 0.000 0.000 0.100 0.000 0.000 0.000 0.000 0.100 0.000 0.000 0.000 0.000 0.100 0.000 0.000 0.000 06/09/2015
0.000 0.000 0.000 0.000 0.000 0.000 0.000 0.000 0.000 0.000 0.000 0.000 0.000 0.000 0.000 0.000 0.000 0.000 0.000 0.000 0.000 0.000 0.000 0.000 0.000 0.000 0.000 0.000 0.000 0.000 07/09/2015
0.000 0.000 0.000 0.000 0.000 0.000 0.000 0.000 0.000 0.000 0.000 0.000 0.000 0.000 0.000 0.000 0.000 0.000 0.000 0.000 0.000 0.000 0.000 0.000 0.000 0.000 0.000 0.000 0.000 0.000 08/09/2015
0.000 0.000 0.000 0.000 0.000 0.000 0.000 0.000 0.000 0.000 0.000 0.000 0.000 0.000 0.000 0.000 0.000 0.000 0.000 0.000 0.000 0.000 0.000 0.000 0.000 0.000 0.000 0.000 0.000 0.000 09/09/2015
0.000 0.000 0.000 0.000 0.000 0.000 0.000 0.000 0.000 0.000 0.000 0.000 0.000 0.000 0.000 0.000 0.000 0.000 0.000 0.000 0.000 0.000 0.000 0.000 0.000 0.000 0.000 0.000 0.000 0.000 10/09/2015
32.900 33.200 33.300 36.400 9.900 33.600 33.900 33.600 20.000 9.800 33.500 33.500 19.900 20.100 9.700 31.000 9.900 19.900 20.200 20.100 30.700 9.900 20.000 19.800 19.800 30.300 9.800 19.600 19.700 20.200 11/09/2015
6.200 6.200 6.300 4.900 15.900 6.300 6.400 6.300 13.600 15.800 6.300 6.300 13.600 13.700 15.700 9.100 9.900 13.600 13.800 13.700 9.000 9.900 13.600 13.600 13.500 8.900 9.800 13.400 13.400 13.800 12/09/2015
12.300 12.400 12.400 11.900 4.400 12.500 12.700 12.500 6.300 4.400 12.500 12.500 6.300 6.400 4.300 3.900 10.200 6.300 6.400 6.400 3.900 10.200 6.300 6.300 6.300 3.900 10.100 6.200 6.200 6.400 13/09/2015
4.000 4.000 4.000 3.500 3.600 4.100 4.100 4.100 2.100 3.600 4.100 4.000 2.100 2.100 3.500 4.200 2.000 2.100 2.100 2.100 4.100 2.000 2.100 2.100 2.100 4.100 2.000 2.100 2.100 2.100 14/09/2015
3.400 3.500 3.500 7.900 6.800 3.500 3.500 3.500 4.700 6.800 3.500 3.500 4.700 4.700 6.700 4.100 4.000 4.700 4.700 4.700 4.100 4.000 4.700 4.700 4.700 4.000 4.000 4.600 4.600 4.700 15/09/2015
0.100 0.100 0.100 1.200 7.700 0.100 0.100 0.100 2.400 7.700 0.100 0.100 2.400 2.400 7.600 0.200 3.000 2.400 2.400 2.400 0.200 3.000 2.400 2.400 2.400 0.200 3.000 2.400 2.400 2.400 16/09/2015
0.900 0.900 0.900 0.400 4.500 0.900 1.000 0.900 1.400 4.500 0.900 0.900 1.400 1.400 4.400 1.700 1.700 1.400 1.400 1.400 1.700 1.700 1.400 1.400 1.400 1.700 1.700 1.400 1.400 1.400 17/09/2015
2.500 2.600 2.600 5.000 3.700 2.600 2.600 2.600 1.100 3.600 2.600 2.600 1.100 1.100 3.600 2.000 1.700 1.100 1.100 1.100 1.900 1.700 1.100 1.100 1.100 1.900 1.700 1.100 1.100 1.100 18/09/2015
0.300 0.300 0.300 0.700 0.800 0.300 0.300 0.300 0.300 0.800 0.300 0.300 0.300 0.300 0.800 0.100 0.700 0.300 0.300 0.300 0.100 0.700 0.300 0.300 0.300 0.100 0.700 0.300 0.300 0.300 19/09/2015
0.000 0.000 0.000 0.100 0.000 0.000 0.000 0.000 0.100 0.000 0.000 0.000 0.100 0.100 0.000 0.000 0.200 0.100 0.100 0.100 0.000 0.200 0.100 0.100 0.100 0.000 0.200 0.100 0.100 0.100 20/09/2015
1.900 1.900 1.900 4.900 2.400 2.000 2.000 2.000 2.200 2.400 2.000 2.000 2.200 2.200 2.400 1.700 1.200 2.200 2.300 2.300 1.700 1.200 2.200 2.200 2.200 1.700 1.200 2.200 2.200 2.300 21/09/2015
4.700 4.700 4.700 5.200 7.900 4.800 4.800 4.800 5.200 7.800 4.800 4.800 5.100 5.200 7.800 6.500 4.000 5.100 5.200 5.200 6.500 4.000 5.200 5.100 5.100 6.400 3.900 5.100 5.100 5.200 22/09/2015
0.000 0.000 0.000 0.000 0.100 0.000 0.000 0.000 0.000 0.100 0.000 0.000 0.000 0.000 0.100 0.000 0.200 0.000 0.000 0.000 0.000 0.200 0.000 0.000 0.000 0.000 0.200 0.000 0.000 0.000 23/09/2015
0.000 0.000 0.000 0.000 0.000 0.000 0.000 0.000 0.000 0.000 0.000 0.000 0.000 0.000 0.000 0.000 0.100 0.000 0.000 0.000 0.000 0.100 0.000 0.000 0.000 0.000 0.100 0.000 0.000 0.000 24/09/2015
0.000 0.000 0.000 0.000 0.000 0.000 0.000 0.000 0.000 0.000 0.000 0.000 0.000 0.000 0.000 0.000 0.000 0.000 0.000 0.000 0.000 0.000 0.000 0.000 0.000 0.000 0.000 0.000 0.000 0.000 25/09/2015
0.000 0.000 0.000 0.000 0.000 0.000 0.000 0.000 0.100 0.000 0.000 0.000 0.100 0.100 0.000 0.000 0.000 0.100 0.100 0.100 0.000 0.000 0.100 0.100 0.100 0.000 0.000 0.100 0.100 0.100 26/09/2015
0.100 0.100 0.100 0.000 0.000 0.100 0.100 0.100 0.000 0.000 0.100 0.100 0.000 0.000 0.000 0.000 0.000 0.000 0.000 0.000 0.000 0.000 0.000 0.000 0.000 0.000 0.000 0.000 0.000 0.000 27/09/2015
0.000 0.000 0.000 0.000 0.000 0.000 0.000 0.000 0.000 0.000 0.000 0.000 0.000 0.000 0.000 0.000 0.000 0.000 0.000 0.000 0.000 0.000 0.000 0.000 0.000 0.000 0.000 0.000 0.000 0.000 28/09/2015
0.200 0.200 0.200 0.000 0.100 0.200 0.200 0.200 0.000 0.100 0.200 0.200 0.000 0.000 0.100 0.500 0.300 0.000 0.000 0.000 0.500 0.300 0.000 0.000 0.000 0.500 0.300 0.000 0.000 0.000 29/09/2015
0.000 0.000 0.000 0.000 0.000 0.000 0.000 0.000 0.000 0.000 0.000 0.000 0.000 0.000 0.000 0.900 0.100 0.000 0.000 0.000 0.900 0.100 0.000 0.000 0.000 0.900 0.100 0.000 0.000 0.000 30/09/2015
0.000 0.000 0.000 0.000 0.000 0.000 0.000 0.000 0.000 0.000 0.000 0.000 0.000 0.000 0.000 0.000 0.200 0.000 0.000 0.000 0.000 0.200 0.000 0.000 0.000 0.000 0.200 0.000 0.000 0.000 01/10/2015
1.100 1.100 1.100 1.800 0.900 1.100 1.100 1.100 2.500 0.900 1.100 1.100 2.500 2.500 0.900 3.200 8.100 2.500 2.500 2.500 3.200 8.100 2.500 2.500 2.500 3.100 8.100 2.500 2.500 2.500 02/10/2015
6.100 6.200 6.200 6.700 8.700 6.200 6.300 6.200 10.800 8.700 6.200 6.200 10.700 10.800 8.600 12.000 6.100 10.800 10.900 10.900 11.800 6.200 10.800 10.700 10.700 11.700 6.100 10.600 10.600 10.900 03/10/2015
1.700 1.700 1.700 1.900 1.200 1.700 1.800 1.700 1.300 1.200 1.700 1.700 1.300 1.300 1.200 1.300 1.500 1.300 1.300 1.300 1.300 1.500 1.300 1.300 1.300 1.300 1.400 1.300 1.300 1.300 04/10/2015
1.000 1.000 1.000 1.800 2.100 1.000 1.000 1.000 0.800 2.100 1.000 1.000 0.800 0.800 2.100 1.500 0.600 0.800 0.800 0.800 1.400 0.600 0.800 0.800 0.800 1.400 0.600 0.800 0.800 0.800 05/10/2015
1.900 1.900 1.900 3.700 5.000 2.000 2.000 2.000 3.700 5.000 2.000 2.000 3.700 3.700 5.000 2.900 2.100 3.700 3.700 3.700 2.900 2.100 3.700 3.700 3.700 2.900 2.100 3.600 3.600 3.700 06/10/2015
1.500 1.500 1.500 1.100 2.600 1.500 1.500 1.500 1.900 2.600 1.500 1.500 1.900 1.900 2.600 1.900 1.100 1.900 2.000 2.000 1.900 1.100 1.900 1.900 1.900 1.900 1.100 1.900 1.900 2.000 07/10/2015
0.000 0.000 0.000 0.000 0.000 0.000 0.000 0.000 0.100 0.000 0.000 0.000 0.100 0.100 0.000 0.000 0.100 0.100 0.100 0.100 0.000 0.100 0.100 0.100 0.100 0.000 0.100 0.100 0.100 0.100 08/10/2015
0.000 0.000 0.000 0.000 0.000 0.000 0.000 0.000 0.200 0.000 0.000 0.000 0.200 0.200 0.000 0.100 0.100 0.200 0.200 0.200 0.100 0.100 0.200 0.200 0.200 0.100 0.100 0.200 0.200 0.200 09/10/2015
0.100 0.100 0.100 0.000 0.100 0.100 0.100 0.100 0.000 0.100 0.100 0.100 0.000 0.000 0.100 0.000 0.100 0.000 0.000 0.000 0.000 0.100 0.000 0.000 0.000 0.000 0.100 0.000 0.000 0.000 10/10/2015
0.200 0.200 0.200 0.000 0.900 0.200 0.300 0.200 1.500 0.900 0.200 0.200 1.500 1.500 0.900 1.400 0.900 1.500 1.500 1.500 1.400 1.000 1.500 1.500 1.500 1.400 0.900 1.500 1.500 1.500 11/10/2015
0.100 0.100 0.100 0.000 2.000 0.100 0.100 0.100 2.400 2.000 0.100 0.100 2.400 2.400 2.000 1.500 3.900 2.400 2.400 2.400 1.500 3.900 2.400 2.400 2.400 1.500 3.900 2.400 2.400 2.400 12/10/2015
0.000 0.000 0.000 0.000 0.000 0.000 0.000 0.000 0.000 0.000 0.000 0.000 0.000 0.000 0.000 0.000 0.100 0.000 0.000 0.000 0.000 0.100 0.000 0.000 0.000 0.000 0.100 0.000 0.000 0.000 13/10/2015
0.100 0.100 0.100 0.500 1.000 0.200 0.200 0.200 0.200 1.000 0.200 0.200 0.200 0.200 1.000 0.100 0.000 0.200 0.200 0.200 0.100 0.000 0.200 0.200 0.200 0.100 0.000 0.200 0.200 0.200 14/10/2015
0.600 0.600 0.600 0.200 1.600 0.600 0.600 0.600 0.700 1.600 0.600 0.600 0.700 0.700 1.600 0.200 0.600 0.700 0.700 0.700 0.200 0.600 0.700 0.700 0.700 0.200 0.600 0.700 0.700 0.700 15/10/2015
0.000 0.000 0.000 0.100 0.100 0.000 0.000 0.000 0.000 0.100 0.000 0.000 0.000 0.000 0.100 0.000 0.000 0.000 0.000 0.000 0.000 0.000 0.000 0.000 0.000 0.000 0.000 0.000 0.000 0.000 16/10/2015
0.000 0.000 0.000 0.000 0.000 0.000 0.000 0.000 0.000 0.000 0.000 0.000 0.000 0.000 0.000 0.400 0.800 0.000 0.000 0.000 0.400 0.800 0.000 0.000 0.000 0.400 0.800 0.000 0.000 0.000 17/10/2015
0.000 0.000 0.000 0.000 0.000 0.000 0.000 0.000 0.000 0.000 0.000 0.000 0.000 0.000 0.000 0.000 0.300 0.000 0.000 0.000 0.000 0.300 0.000 0.000 0.000 0.000 0.300 0.000 0.000 0.000 18/10/2015
0.000 0.000 0.000 0.000 0.000 0.000 0.000 0.000 0.000 0.000 0.000 0.000 0.000 0.000 0.000 0.000 0.000 0.000 0.000 0.000 0.000 0.000 0.000 0.000 0.000 0.000 0.000 0.000 0.000 0.000 19/10/2015
0.000 0.000 0.000 0.000 0.000 0.000 0.000 0.000 0.000 0.000 0.000 0.000 0.000 0.000 0.000 0.000 0.000 0.000 0.000 0.000 0.000 0.000 0.000 0.000 0.000 0.000 0.000 0.000 0.000 0.000 20/10/2015
0.200 0.200 0.200 0.700 0.400 0.200 0.200 0.200 0.000 0.400 0.200 0.200 0.000 0.000 0.400 0.000 0.000 0.000 0.000 0.000 0.000 0.000 0.000 0.000 0.000 0.000 0.000 0.000 0.000 0.000 21/10/2015
1.200 1.200 1.200 1.400 2.400 1.200 1.200 1.200 1.900 2.400 1.200 1.200 1.900 2.000 2.400 1.400 2.100 1.900 2.000 2.000 1.400 2.100 1.900 1.900 1.900 1.400 2.100 1.900 1.900 2.000 22/10/2015
0.000 0.000 0.000 0.000 0.100 0.000 0.000 0.000 0.100 0.100 0.000 0.000 0.100 0.100 0.100 0.000 0.000 0.100 0.100 0.100 0.000 0.000 0.100 0.100 0.100 0.000 0.000 0.100 0.100 0.100 23/10/2015
0.000 0.000 0.000 0.000 0.000 0.000 0.000 0.000 0.100 0.000 0.000 0.000 0.100 0.100 0.000 0.000 0.000 0.100 0.100 0.100 0.000 0.000 0.100 0.100 0.100 0.000 0.000 0.100 0.100 0.100 24/10/2015
0.000 0.000 0.000 0.100 0.100 0.000 0.000 0.000 0.100 0.100 0.000 0.000 0.100 0.100 0.100 0.000 0.000 0.100 0.100 0.100 0.000 0.000 0.100 0.100 0.100 0.000 0.000 0.100 0.100 0.100 25/10/2015
0.000 0.000 0.000 0.000 0.000 0.000 0.000 0.000 0.000 0.000 0.000 0.000 0.000 0.000 0.000 0.000 0.000 0.000 0.000 0.000 0.000 0.000 0.000 0.000 0.000 0.000 0.000 0.000 0.000 0.000 26/10/2015
8.700 8.700 8.800 7.600 15.800 8.900 8.900 8.900 8.400 15.800 8.800 8.800 8.300 8.400 15.600 7.000 9.600 8.400 8.500 8.400 6.900 9.700 8.400 8.300 8.300 6.900 9.600 8.200 8.300 8.500 27/10/2015
0.900 0.900 0.900 4.000 3.800 1.000 1.000 1.000 2.300 3.800 0.900 0.900 2.300 2.300 3.800 1.600 1.700 2.300 2.300 2.300 1.600 1.700 2.300 2.300 2.300 1.600 1.600 2.300 2.300 2.300 28/10/2015
0.000 0.000 0.000 0.000 0.000 0.000 0.000 0.000 0.200 0.000 0.000 0.000 0.200 0.200 0.000 0.000 0.200 0.200 0.200 0.200 0.000 0.200 0.200 0.200 0.200 0.000 0.200 0.200 0.200 0.200 29/10/2015
0.000 0.000 0.000 0.000 0.000 0.000 0.000 0.000 0.000 0.000 0.000 0.000 0.000 0.000 0.000 0.000 0.000 0.000 0.000 0.000 0.000 0.000 0.000 0.000 0.000 0.000 0.000 0.000 0.000 0.000 30/10/2015
0.000 0.000 0.000 0.000 0.000 0.000 0.000 0.000 0.000 0.000 0.000 0.000 0.000 0.000 0.000 0.000 0.000 0.000 0.000 0.000 0.000 0.000 0.000 0.000 0.000 0.000 0.000 0.000 0.000 0.000 31/10/2015
0.000 0.000 0.000 0.000 0.000 0.000 0.000 0.000 0.000 0.000 0.000 0.000 0.000 0.000 0.000 0.000 0.000 0.000 0.000 0.000 0.000 0.000 0.000 0.000 0.000 0.000 0.000 0.000 0.000 0.000 01/11/2015
0.900 0.900 0.900 0.400 2.900 1.000 1.000 1.000 2.100 2.900 0.900 0.900 2.100 2.100 2.900 1.200 2.500 2.100 2.100 2.100 1.200 2.500 2.100 2.100 2.100 1.200 2.500 2.100 2.100 2.100 02/11/2015
0.300 0.300 0.300 2.000 2.900 0.300 0.300 0.300 1.000 2.900 0.300 0.300 1.000 1.000 2.900 1.500 0.400 1.000 1.000 1.000 1.500 0.400 1.000 1.000 1.000 1.500 0.400 1.000 1.000 1.000 03/11/2015
0.000 0.000 0.000 0.000 0.000 0.000 0.000 0.000 0.000 0.000 0.000 0.000 0.000 0.000 0.000 0.000 0.000 0.000 0.000 0.000 0.000 0.000 0.000 0.000 0.000 0.000 0.000 0.000 0.000 0.000 04/11/2015
2.300 2.300 2.300 1.700 2.400 2.300 2.300 2.300 1.200 2.400 2.300 2.300 1.200 1.200 2.400 1.600 0.900 1.200 1.200 1.200 1.500 0.900 1.200 1.200 1.200 1.500 0.900 1.200 1.200 1.200 05/11/2015
0.500 0.500 0.500 0.700 0.900 0.500 0.500 0.500 0.100 0.900 0.500 0.500 0.100 0.100 0.900 0.200 0.200 0.100 0.100 0.100 0.200 0.200 0.100 0.100 0.100 0.200 0.200 0.100 0.100 0.100 06/11/2015
0.100 0.100 0.100 0.400 0.100 0.100 0.200 0.100 0.100 0.100 0.100 0.100 0.100 0.100 0.100 0.100 0.100 0.100 0.100 0.100 0.100 0.100 0.100 0.100 0.100 0.100 0.100 0.100 0.100 0.100 07/11/2015
0.000 0.000 0.000 0.000 0.000 0.000 0.000 0.000 0.000 0.000 0.000 0.000 0.000 0.000 0.000 0.000 0.100 0.000 0.000 0.000 0.000 0.100 0.000 0.000 0.000 0.000 0.100 0.000 0.000 0.000 08/11/2015
0.000 0.000 0.000 0.200 0.300 0.000 0.000 0.000 0.100 0.200 0.000 0.000 0.100 0.100 0.200 0.200 0.200 0.100 0.100 0.100 0.200 0.200 0.100 0.100 0.100 0.200 0.200 0.100 0.100 0.100 09/11/2015
0.000 0.000 0.000 0.300 0.200 0.000 0.000 0.000 0.300 0.200 0.000 0.000 0.300 0.300 0.200 0.100 0.200 0.300 0.300 0.300 0.100 0.200 0.300 0.300 0.300 0.100 0.200 0.300 0.300 0.300 10/11/2015
0.200 0.200 0.200 0.300 0.100 0.200 0.200 0.200 0.100 0.100 0.200 0.200 0.100 0.100 0.100 0.200 0.200 0.100 0.100 0.100 0.200 0.200 0.100 0.100 0.100 0.200 0.200 0.100 0.100 0.100 11/11/2015
0.000 0.000 0.000 0.100 0.500 0.000 0.000 0.000 0.300 0.500 0.000 0.000 0.300 0.300 0.500 0.000 0.200 0.300 0.300 0.300 0.000 0.200 0.300 0.300 0.300 0.000 0.200 0.300 0.300 0.300 12/11/2015
0.100 0.100 0.100 0.200 0.000 0.100 0.100 0.100 0.100 0.000 0.100 0.100 0.100 0.100 0.000 0.200 0.000 0.100 0.100 0.100 0.200 0.000 0.100 0.100 0.100 0.200 0.000 0.100 0.100 0.100 13/11/2015
0.000 0.000 0.000 0.100 0.100 0.000 0.000 0.000 0.200 0.100 0.000 0.000 0.200 0.200 0.100 0.000 0.200 0.200 0.200 0.200 0.000 0.200 0.200 0.200 0.200 0.000 0.200 0.200 0.200 0.200 14/11/2015
0.100 0.100 0.100 0.300 0.200 0.100 0.100 0.100 0.200 0.200 0.100 0.100 0.200 0.200 0.200 0.200 0.300 0.200 0.200 0.200 0.200 0.300 0.200 0.200 0.200 0.200 0.300 0.200 0.200 0.200 15/11/2015
0.000 0.000 0.000 0.000 0.000 0.000 0.000 0.000 0.000 0.000 0.000 0.000 0.000 0.000 0.000 0.000 0.000 0.000 0.000 0.000 0.000 0.000 0.000 0.000 0.000 0.000 0.000 0.000 0.000 0.000 16/11/2015
3.600 3.600 3.600 5.200 7.100 3.600 3.700 3.600 5.900 7.000 3.600 3.600 5.900 5.900 7.000 3.900 3.400 5.900 5.900 5.900 3.900 3.400 5.900 5.800 5.800 3.900 3.400 5.800 5.800 5.900 17/11/2015
3.100 3.100 3.200 3.700 4.700 3.200 3.200 3.200 5.300 4.700 3.200 3.200 5.300 5.300 4.600 4.000 5.300 5.300 5.400 5.300 4.000 5.300 5.300 5.300 5.300 3.900 5.300 5.200 5.200 5.400 18/11/2015
3.500 3.500 3.500 5.600 10.100 3.500 3.500 3.500 7.100 10.000 3.500 3.500 7.100 7.100 9.900 5.400 3.700 7.100 7.200 7.200 5.400 3.700 7.100 7.100 7.100 5.300 3.700 7.000 7.000 7.200 19/11/2015
23.100 23.200 23.300 24.300 29.300 23.500 23.800 23.500 22.900 29.100 23.500 23.500 22.800 23.100 28.900 22.900 19.800 22.900 23.100 23.100 22.700 19.800 22.900 22.800 22.800 22.400 19.600 22.600 22.600 23.100 20/11/2015
0.100 0.100 0.100 0.300 0.600 0.100 0.100 0.100 0.100 0.600 0.100 0.100 0.100 0.100 0.500 0.500 0.300 0.100 0.100 0.100 0.500 0.300 0.100 0.100 0.100 0.500 0.300 0.100 0.100 0.100 21/11/2015
0.200 0.200 0.200 0.000 0.000 0.200 0.200 0.200 0.000 0.000 0.200 0.200 0.000 0.000 0.000 0.400 0.000 0.000 0.000 0.000 0.400 0.000 0.000 0.000 0.000 0.400 0.000 0.000 0.000 0.000 22/11/2015
0.400 0.300 0.300 0.400 0.600 0.300 0.400 0.300 0.800 0.600 0.300 0.300 0.800 0.800 0.600 0.500 1.100 0.800 0.900 0.800 0.500 1.000 0.800 0.900 0.900 0.500 1.100 0.800 0.800 0.900 23/11/2015
0.900 0.900 0.900 1.300 3.000 0.900 0.900 0.900 4.100 2.900 0.900 0.900 4.100 4.100 2.900 2.300 3.100 4.100 4.100 4.100 2.300 3.100 4.100 4.100 4.100 2.200 3.100 4.000 4.000 4.100 24/11/2015
2.400 2.400 2.400 3.100 6.200 2.500 2.500 2.500 3.500 6.200 2.500 2.400 3.500 3.500 6.100 2.200 2.700 3.500 3.500 3.500 2.100 2.700 3.500 3.500 3.500 2.100 2.700 3.500 3.500 3.500 25/11/2015
0.400 0.400 0.400 1.200 0.800 0.400 0.400 0.400 1.100 0.800 0.400 0.400 1.100 1.100 0.800 0.300 0.500 1.100 1.100 1.100 0.300 0.500 1.100 1.100 1.100 0.300 0.500 1.100 1.100 1.100 26/11/2015
1.400 1.400 1.400 2.800 3.600 1.500 1.500 1.500 2.600 3.600 1.500 1.500 2.600 2.600 3.500 2.300 2.000 2.600 2.600 2.600 2.300 2.000 2.600 2.600 2.600 2.300 2.000 2.600 2.600 2.600 27/11/2015
0.200 0.200 0.200 0.100 0.100 0.200 0.200 0.200 0.200 0.100 0.200 0.200 0.200 0.200 0.100 0.000 0.000 0.200 0.200 0.200 0.000 0.000 0.200 0.200 0.200 0.000 0.000 0.200 0.200 0.200 28/11/2015
1.500 1.600 1.600 2.300 1.900 1.600 1.600 1.600 0.300 1.900 1.600 1.600 0.300 0.300 1.900 0.100 0.000 0.300 0.300 0.300 0.100 0.000 0.300 0.300 0.300 0.100 0.000 0.300 0.300 0.300 29/11/2015
0.100 0.100 0.100 0.100 0.000 0.100 0.100 0.100 0.000 0.000 0.100 0.100 0.000 0.000 0.000 0.000 0.100 0.000 0.000 0.000 0.000 0.100 0.000 0.000 0.000 0.000 0.100 0.000 0.000 0.000 30/11/2015
0.000 0.000 0.000 0.000 0.000 0.000 0.000 0.000 0.000 0.000 0.000 0.000 0.000 0.000 0.000 0.000 0.000 0.000 0.000 0.000 0.000 0.000 0.000 0.000 0.000 0.000 0.000 0.000 0.000 0.000 01/12/2015
0.200 0.200 0.200 0.200 0.100 0.200 0.200 0.200 0.300 0.100 0.200 0.200 0.300 0.300 0.100 0.300 0.200 0.300 0.300 0.300 0.300 0.200 0.300 0.300 0.300 0.300 0.200 0.300 0.300 0.300 02/12/2015
0.000 0.000 0.000 0.100 0.100 0.000 0.000 0.000 0.400 0.100 0.000 0.000 0.400 0.400 0.100 0.000 0.200 0.400 0.400 0.400 0.000 0.200 0.400 0.400 0.400 0.000 0.200 0.400 0.400 0.400 03/12/2015
0.200 0.200 0.200 0.300 0.000 0.200 0.200 0.200 0.100 0.000 0.200 0.200 0.100 0.100 0.000 0.000 0.000 0.100 0.100 0.100 0.000 0.000 0.100 0.100 0.100 0.000 0.000 0.100 0.100 0.100 04/12/2015
0.100 0.100 0.100 0.000 0.000 0.100 0.100 0.100 0.500 0.000 0.100 0.100 0.500 0.500 0.000 0.200 0.200 0.500 0.500 0.500 0.200 0.200 0.500 0.500 0.500 0.200 0.200 0.500 0.500 0.500 05/12/2015
0.000 0.000 0.000 0.000 0.000 0.000 0.000 0.000 0.200 0.000 0.000 0.000 0.200 0.200 0.000 0.000 0.000 0.200 0.200 0.200 0.000 0.000 0.200 0.200 0.200 0.000 0.000 0.200 0.200 0.200 06/12/2015
0.000 0.000 0.000 0.000 0.000 0.000 0.000 0.000 0.100 0.000 0.000 0.000 0.100 0.100 0.000 0.100 0.100 0.100 0.100 0.100 0.100 0.100 0.100 0.100 0.100 0.100 0.100 0.100 0.100 0.100 07/12/2015
0.200 0.200 0.200 1.000 0.700 0.200 0.200 0.200 0.300 0.700 0.200 0.200 0.300 0.300 0.700 0.300 0.800 0.300 0.300 0.300 0.300 0.800 0.300 0.300 0.300 0.300 0.800 0.300 0.300 0.300 08/12/2015
0.100 0.100 0.100 0.100 0.000 0.100 0.100 0.100 0.000 0.000 0.100 0.100 0.000 0.000 0.000 0.000 0.200 0.000 0.000 0.000 0.000 0.200 0.000 0.000 0.000 0.000 0.200 0.000 0.000 0.000 09/12/2015
0.000 0.000 0.000 0.100 0.100 0.000 0.000 0.000 0.200 0.100 0.000 0.000 0.200 0.200 0.100 0.100 0.000 0.200 0.200 0.200 0.100 0.000 0.200 0.200 0.200 0.100 0.000 0.200 0.200 0.200 10/12/2015
0.000 0.000 0.000 0.000 0.100 0.000 0.000 0.000 0.500 0.100 0.000 0.000 0.500 0.500 0.100 0.200 0.000 0.500 0.500 0.500 0.200 0.000 0.500 0.500 0.500 0.200 0.000 0.500 0.500 0.500 11/12/2015
0.100 0.100 0.100 0.300 0.000 0.100 0.100 0.100 0.000 0.000 0.100 0.100 0.000 0.000 0.000 0.100 0.100 0.000 0.000 0.000 0.100 0.100 0.000 0.000 0.000 0.100 0.100 0.000 0.000 0.000 12/12/2015
0.000 0.000 0.000 0.200 0.000 0.000 0.000 0.000 0.200 0.000 0.000 0.000 0.200 0.200 0.000 0.100 0.200 0.200 0.200 0.200 0.100 0.200 0.200 0.200 0.200 0.100 0.200 0.200 0.200 0.200 13/12/2015
0.000 0.000 0.000 0.000 0.000 0.000 0.000 0.000 0.000 0.000 0.000 0.000 0.000 0.000 0.000 0.100 0.000 0.000 0.000 0.000 0.100 0.000 0.000 0.000 0.000 0.100 0.000 0.000 0.000 0.000 14/12/2015
1.100 1.100 1.100 0.900 1.100 1.100 1.100 1.100 1.100 1.100 1.100 1.100 1.100 1.100 1.100 0.700 0.700 1.100 1.100 1.100 0.700 0.700 1.100 1.100 1.100 0.700 0.700 1.100 1.100 1.100 15/12/2015
0.200 0.200 0.200 0.100 0.000 0.200 0.200 0.200 0.600 0.000 0.200 0.200 0.600 0.600 0.000 0.600 0.700 0.600 0.600 0.600 0.600 0.700 0.600 0.600 0.600 0.600 0.700 0.600 0.600 0.600 16/12/2015
0.000 0.000 0.000 0.000 0.000 0.000 0.000 0.000 0.000 0.000 0.000 0.000 0.000 0.000 0.000 0.000 0.000 0.000 0.000 0.000 0.000 0.000 0.000 0.000 0.000 0.000 0.000 0.000 0.000 0.000 17/12/2015
0.000 0.000 0.000 0.000 0.000 0.000 0.000 0.000 0.100 0.000 0.000 0.000 0.100 0.100 0.000 0.100 0.000 0.100 0.100 0.100 0.100 0.000 0.100 0.100 0.100 0.100 0.000 0.100 0.100 0.100 18/12/2015
0.000 0.000 0.000 0.000 0.000 0.000 0.000 0.000 0.000 0.000 0.000 0.000 0.000 0.000 0.000 0.000 0.000 0.000 0.000 0.000 0.000 0.000 0.000 0.000 0.000 0.000 0.000 0.000 0.000 0.000 19/12/2015
4.000 4.100 4.100 5.700 7.100 4.100 4.100 4.100 5.200 7.000 4.100 4.100 5.100 5.200 7.000 2.400 2.400 5.200 5.200 5.200 2.300 2.400 5.200 5.100 5.100 2.300 2.400 5.100 5.100 5.200 20/12/2015
0.000 0.000 0.000 0.000 0.100 0.000 0.000 0.000 0.100 0.100 0.000 0.000 0.100 0.100 0.100 0.000 0.000 0.100 0.100 0.100 0.000 0.000 0.100 0.100 0.100 0.000 0.000 0.100 0.100 0.100 21/12/2015
0.200 0.200 0.200 0.100 0.200 0.200 0.200 0.200 0.500 0.200 0.200 0.200 0.500 0.500 0.200 0.500 0.200 0.500 0.500 0.500 0.500 0.200 0.500 0.500 0.500 0.500 0.200 0.500 0.500 0.500 22/12/2015
0.000 0.000 0.000 0.000 0.000 0.000 0.000 0.000 0.200 0.000 0.000 0.000 0.200 0.200 0.000 0.000 0.100 0.200 0.200 0.200 0.000 0.100 0.200 0.200 0.200 0.000 0.100 0.200 0.200 0.200 23/12/2015
0.100 0.100 0.100 0.000 0.000 0.100 0.100 0.100 0.300 0.000 0.100 0.100 0.300 0.300 0.000 0.000 0.100 0.300 0.300 0.300 0.000 0.100 0.300 0.300 0.300 0.000 0.100 0.300 0.300 0.300 24/12/2015
0.200 0.200 0.200 0.000 0.000 0.200 0.200 0.200 0.200 0.000 0.200 0.200 0.200 0.200 0.000 0.200 0.200 0.200 0.200 0.200 0.200 0.200 0.200 0.200 0.200 0.200 0.200 0.200 0.200 0.200 25/12/2015
0.000 0.000 0.000 0.000 0.000 0.000 0.000 0.000 0.000 0.000 0.000 0.000 0.000 0.000 0.000 0.000 0.000 0.000 0.000 0.000 0.000 0.000 0.000 0.000 0.000 0.000 0.000 0.000 0.000 0.000 26/12/2015
0.100 0.100 0.100 0.000 0.000 0.100 0.100 0.100 0.000 0.000 0.100 0.100 0.000 0.000 0.000 0.000 0.100 0.000 0.000 0.000 0.000 0.100 0.000 0.000 0.000 0.000 0.100 0.000 0.000 0.000 27/12/2015
8.500 8.600 8.600 9.200 6.800 8.700 8.800 8.700 6.600 6.800 8.700 8.700 6.600 6.700 6.700 7.700 5.800 6.600 6.700 6.700 7.700 5.800 6.600 6.600 6.600 7.600 5.700 6.500 6.500 6.700 28/12/2015
0.000 0.000 0.000 0.400 0.000 0.000 0.000 0.000 0.100 0.000 0.000 0.000 0.100 0.100 0.000 0.100 0.000 0.100 0.100 0.100 0.100 0.000 0.100 0.100 0.100 0.100 0.000 0.100 0.100 0.100 29/12/2015
2.000 2.000 2.000 2.200 2.400 2.000 2.100 2.000 1.700 2.400 2.000 2.000 1.700 1.700 2.400 1.400 1.400 1.700 1.800 1.800 1.400 1.500 1.700 1.700 1.700 1.400 1.400 1.700 1.700 1.800 30/12/2015
0.300 0.300 0.300 1.200 0.100 0.300 0.300 0.300 0.300 0.100 0.300 0.300 0.300 0.300 0.100 0.200 0.200 0.300 0.300 0.300 0.200 0.200 0.300 0.300 0.300 0.200 0.200 0.300 0.300 0.300 31/12/2015
6.100 6.100 6.100 7.900 5.200 6.200 6.200 6.200 4.600 5.100 6.200 6.200 4.600 4.600 5.100 3.700 2.800 4.600 4.600 4.600 3.700 2.800 4.600 4.600 4.600 3.600 2.800 4.500 4.500 4.600 01/01/2016
3.500 3.500 3.600 3.500 3.200 3.600 3.600 3.600 3.300 3.100 3.600 3.600 3.300 3.300 3.100 2.800 2.800 3.300 3.300 3.300 2.800 2.800 3.300 3.200 3.200 2.800 2.800 3.200 3.200 3.300 02/01/2016
24.200 24.400 24.500 22.400 28.200 24.700 24.900 24.700 30.900 28.100 24.600 24.600 30.800 31.100 27.800 25.300 25.900 30.900 31.200 31.200 25.000 25.900 30.900 30.700 30.700 24.700 25.700 30.400 30.500 31.200 03/01/2016
14.200 14.300 14.400 10.000 13.600 14.500 14.600 14.500 10.300 13.500 14.400 14.400 10.200 10.300 13.400 9.100 11.200 10.200 10.400 10.300 9.000 11.200 10.300 10.200 10.200 8.900 11.100 10.100 10.100 10.300 04/01/2016
12.000 12.100 12.100 12.300 8.600 12.200 12.400 12.200 10.500 8.600 12.200 12.200 10.400 10.500 8.500 17.500 17.000 10.500 10.600 10.600 17.300 17.000 10.500 10.400 10.400 17.100 16.900 10.300 10.300 10.600 05/01/2016
28.200 28.400 28.600 27.500 34.500 28.800 29.100 28.800 35.300 34.400 28.700 28.700 35.200 35.500 34.100 35.600 30.300 35.200 35.600 35.600 35.200 30.300 35.300 35.100 35.100 34.800 30.100 34.700 34.800 35.600 06/01/2016
11.000 11.000 11.100 8.300 16.500 11.200 11.300 11.200 18.000 16.400 11.100 11.100 17.900 18.100 16.300 14.400 11.800 17.900 18.100 18.100 14.200 11.800 18.000 17.900 17.900 14.100 11.700 17.700 17.700 18.100 07/01/2016
4.300 4.400 4.400 6.800 3.400 4.400 4.500 4.400 2.000 3.400 4.400 4.400 2.000 2.000 3.400 2.400 1.400 2.000 2.000 2.000 2.400 1.400 2.000 2.000 2.000 2.400 1.400 2.000 2.000 2.000 08/01/2016
5.300 5.400 5.400 3.800 10.000 5.400 5.500 5.400 14.300 9.900 5.400 5.400 14.300 14.400 9.800 7.700 15.800 14.300 14.500 14.500 7.700 15.900 14.400 14.300 14.300 7.600 15.700 14.100 14.200 14.500 09/01/2016
17.200 17.300 17.400 15.200 29.100 17.500 17.700 17.500 29.700 28.900 17.500 17.500 29.600 29.800 28.700 23.300 26.300 29.600 30.000 29.900 23.100 26.400 29.700 29.500 29.500 22.800 26.200 29.200 29.300 29.900 10/01/2016
12.900 13.000 13.000 8.200 14.100 13.100 13.300 13.100 6.800 14.000 13.100 13.100 6.800 6.800 13.900 10.800 10.200 6.800 6.900 6.800 10.700 10.200 6.800 6.800 6.700 10.600 10.100 6.700 6.700 6.900 11/01/2016
2.700 2.700 2.700 3.300 6.400 2.700 2.800 2.700 8.900 6.300 2.700 2.700 8.900 8.900 6.300 7.400 7.600 8.800 9.000 8.900 7.300 7.600 8.900 8.800 8.900 7.200 7.500 8.800 8.700 8.900 12/01/2016
4.400 4.400 4.400 2.900 6.900 4.400 4.500 4.400 9.300 6.900 4.400 4.400 9.300 9.400 6.800 6.400 9.300 9.300 9.400 9.400 6.300 9.300 9.300 9.300 9.300 6.300 9.300 9.200 9.200 9.400 13/01/2016
0.000 0.000 0.000 0.000 0.200 0.000 0.000 0.000 0.100 0.200 0.000 0.000 0.100 0.100 0.200 0.700 0.500 0.100 0.100 0.100 0.700 0.500 0.100 0.100 0.100 0.600 0.500 0.100 0.100 0.100 14/01/2016
1.600 1.600 1.600 0.300 0.100 1.700 1.700 1.700 2.400 0.100 1.700 1.700 2.400 2.400 0.100 0.200 0.700 2.400 2.300 2.300 0.200 0.700 2.400 2.300 2.300 0.200 0.700 2.300 2.300 2.300 15/01/2016
0.100 0.100 0.200 0.200 0.200 0.200 0.200 0.200 0.400 0.200 0.200 0.200 0.400 0.400 0.200 0.400 0.000 0.400 0.400 0.400 0.300 0.000 0.400 0.400 0.400 0.300 0.000 0.400 0.400 0.400 16/01/2016
0.100 0.100 0.100 0.100 0.100 0.100 0.100 0.100 0.100 0.100 0.100 0.100 0.100 0.100 0.100 0.500 0.800 0.100 0.100 0.100 0.500 0.800 0.100 0.100 0.100 0.500 0.800 0.100 0.100 0.100 17/01/2016
2.200 2.200 2.200 1.300 3.000 2.200 2.200 2.200 3.300 3.000 2.200 2.200 3.300 3.300 3.000 4.600 7.800 3.300 3.400 3.300 4.500 7.800 3.300 3.300 3.300 4.500 7.700 3.300 3.300 3.300 18/01/2016
1.000 1.000 1.000 1.800 3.600 1.000 1.000 1.000 3.600 3.600 1.000 1.000 3.600 3.700 3.600 1.700 2.100 3.600 3.700 3.700 1.700 2.100 3.600 3.600 3.600 1.700 2.100 3.600 3.600 3.700 19/01/2016
0.000 0.000 0.000 0.000 0.000 0.000 0.000 0.000 0.200 0.000 0.000 0.000 0.200 0.200 0.000 0.000 0.000 0.200 0.200 0.200 0.000 0.000 0.200 0.200 0.200 0.000 0.000 0.200 0.200 0.200 20/01/2016
0.200 0.200 0.200 0.200 0.100 0.200 0.200 0.200 0.300 0.100 0.200 0.200 0.300 0.300 0.100 0.200 0.200 0.300 0.300 0.300 0.100 0.200 0.300 0.300 0.300 0.100 0.200 0.300 0.300 0.300 21/01/2016
6.400 6.400 6.400 3.600 6.400 6.500 6.600 6.500 7.800 6.400 6.500 6.500 7.700 7.800 6.400 7.400 7.700 7.800 7.800 7.800 7.400 7.700 7.800 7.700 7.700 7.300 7.600 7.600 7.700 7.800 22/01/2016
0.000 0.000 0.000 0.100 0.100 0.000 0.000 0.000 0.400 0.100 0.000 0.000 0.400 0.400 0.100 0.000 0.100 0.400 0.400 0.400 0.000 0.100 0.400 0.400 0.400 0.000 0.100 0.400 0.400 0.400 23/01/2016
0.000 0.000 0.000 0.000 0.000 0.000 0.000 0.000 0.000 0.000 0.000 0.000 0.000 0.000 0.000 0.000 0.000 0.000 0.000 0.000 0.000 0.000 0.000 0.000 0.000 0.000 0.000 0.000 0.000 0.000 24/01/2016
0.000 0.000 0.000 0.000 0.000 0.000 0.000 0.000 0.200 0.000 0.000 0.000 0.200 0.200 0.000 0.000 0.100 0.200 0.200 0.200 0.000 0.100 0.200 0.200 0.200 0.000 0.100 0.200 0.200 0.200 25/01/2016
0.000 0.000 0.000 0.000 0.100 0.000 0.000 0.000 0.200 0.100 0.000 0.000 0.200 0.200 0.100 0.200 0.300 0.200 0.200 0.200 0.200 0.300 0.200 0.200 0.200 0.200 0.300 0.200 0.200 0.200 26/01/2016
0.000 0.000 0.000 0.100 0.000 0.000 0.000 0.000 0.300 0.000 0.000 0.000 0.300 0.300 0.000 0.000 0.000 0.300 0.300 0.300 0.000 0.000 0.300 0.300 0.300 0.000 0.000 0.300 0.300 0.300 27/01/2016
2.600 2.600 2.600 2.200 0.900 2.600 2.700 2.600 1.100 0.900 2.600 2.600 1.100 1.100 0.900 1.700 1.400 1.100 1.100 1.100 1.700 1.400 1.100 1.100 1.100 1.700 1.400 1.100 1.100 1.100 28/01/2016
0.000 0.000 0.000 0.000 0.000 0.000 0.000 0.000 0.000 0.000 0.000 0.000 0.000 0.000 0.000 0.000 0.000 0.000 0.000 0.000 0.000 0.000 0.000 0.000 0.000 0.000 0.000 0.000 0.000 0.000 29/01/2016
21.300 21.400 21.500 22.300 24.200 21.700 21.900 21.700 25.200 24.100 21.700 21.600 25.100 25.300 23.900 21.500 14.500 25.100 25.400 25.400 21.300 14.500 25.200 25.000 25.000 21.000 14.400 24.800 24.800 25.400 30/01/2016
4.700 4.700 4.700 6.000 12.500 4.800 4.800 4.800 9.500 12.400 4.800 4.800 9.400 9.500 12.300 6.400 5.700 9.400 9.500 9.500 6.400 5.700 9.500 9.400 9.400 6.300 5.700 9.300 9.300 9.500 31/01/2016
1.600 1.600 1.600 1.800 2.200 1.600 1.600 1.600 1.600 2.200 1.600 1.600 1.600 1.600 2.200 0.800 0.700 1.600 1.600 1.600 0.800 0.700 1.600 1.600 1.600 0.700 0.600 1.600 1.600 1.600 01/02/2016
4.200 4.200 4.200 4.400 4.800 4.300 4.300 4.300 4.800 4.800 4.300 4.300 4.700 4.800 4.700 4.200 6.100 4.700 4.800 4.800 4.100 6.100 4.800 4.700 4.700 4.100 6.000 4.700 4.700 4.800 02/02/2016
0.000 0.000 0.000 0.000 0.500 0.000 0.000 0.000 0.200 0.500 0.000 0.000 0.200 0.200 0.500 0.000 0.200 0.200 0.200 0.200 0.000 0.200 0.200 0.200 0.200 0.000 0.200 0.200 0.200 0.200 03/02/2016
0.700 0.700 0.700 1.100 2.200 0.700 0.700 0.700 0.500 2.200 0.700 0.700 0.500 0.500 2.200 0.100 0.000 0.500 0.500 0.500 0.100 0.000 0.500 0.500 0.500 0.100 0.000 0.500 0.500 0.500 04/02/2016
0.000 0.000 0.000 0.000 0.000 0.000 0.000 0.000 0.200 0.000 0.000 0.000 0.200 0.200 0.000 0.100 0.200 0.200 0.200 0.200 0.100 0.200 0.200 0.200 0.200 0.100 0.200 0.200 0.200 0.200 05/02/2016
10.300 10.400 10.400 11.400 14.400 10.500 10.600 10.500 10.500 14.300 10.500 10.500 10.500 10.600 14.200 7.800 10.000 10.500 10.600 10.600 7.700 10.000 10.500 10.500 10.500 7.600 9.900 10.300 10.400 10.600 06/02/2016
3.600 3.600 3.700 3.700 8.900 3.700 3.700 3.700 6.600 8.900 3.700 3.700 6.600 6.700 8.800 5.500 5.700 6.600 6.700 6.700 5.400 5.700 6.600 6.600 6.600 5.300 5.700 6.500 6.500 6.700 07/02/2016
16.700 16.800 16.800 16.000 28.300 17.000 17.200 17.000 26.100 28.100 16.900 16.900 25.900 26.200 27.900 24.200 21.900 26.000 26.300 26.300 23.900 21.900 26.100 25.900 25.900 23.700 21.700 25.600 25.700 26.300 08/02/2016
13.300 13.400 13.400 10.800 21.800 13.600 13.700 13.600 16.900 21.600 13.500 13.500 16.800 17.000 21.500 15.400 13.000 16.900 17.100 17.000 15.200 13.000 16.900 16.800 16.800 15.100 12.900 16.600 16.700 17.100 09/02/2016
4.300 4.400 4.400 2.300 2.000 4.400 4.500 4.400 1.700 2.000 4.400 4.400 1.700 1.700 2.000 2.800 3.000 1.700 1.800 1.800 2.700 3.000 1.700 1.700 1.700 2.700 2.900 1.700 1.700 1.800 10/02/2016
11.500 11.600 11.600 12.700 12.700 11.700 11.800 11.700 14.300 12.600 11.700 11.700 14.200 14.400 12.500 10.500 15.800 14.300 14.400 14.400 10.400 15.800 14.300 14.200 14.200 10.300 15.700 14.100 14.100 14.400 11/02/2016
14.200 14.300 14.300 12.100 19.300 14.500 14.600 14.500 14.600 19.200 14.400 14.400 14.500 14.700 19.000 8.600 9.200 14.600 14.700 14.700 8.500 9.200 14.600 14.500 14.500 8.400 9.100 14.400 14.400 14.700 12/02/2016
20.800 20.900 21.000 17.100 21.600 21.200 21.400 21.200 25.000 21.500 21.200 21.100 24.900 25.200 21.300 21.200 22.700 25.000 25.300 25.200 20.900 22.700 25.000 24.900 24.900 20.700 22.500 24.600 24.700 25.300 13/02/2016
0.600 0.600 0.600 0.600 0.200 0.600 0.600 0.600 1.400 0.200 0.600 0.600 1.400 1.400 0.200 0.700 1.500 1.400 1.400 1.400 0.700 1.500 1.400 1.400 1.400 0.700 1.500 1.400 1.400 1.400 14/02/2016
0.600 0.700 0.600 0.200 0.100 0.600 0.700 0.600 0.100 0.100 0.600 0.600 0.100 0.100 0.100 0.300 0.200 0.100 0.100 0.100 0.300 0.200 0.100 0.200 0.200 0.300 0.200 0.100 0.100 0.100 15/02/2016
0.000 0.000 0.000 0.000 0.000 0.000 0.000 0.000 0.100 0.000 0.000 0.000 0.100 0.100 0.000 0.000 0.100 0.100 0.100 0.100 0.000 0.100 0.100 0.100 0.100 0.000 0.100 0.100 0.100 0.100 16/02/2016
1.600 1.600 1.600 1.100 1.000 1.700 1.600 1.700 2.300 0.900 1.600 1.600 2.300 2.400 1.000 1.900 2.900 2.300 2.300 2.300 1.900 2.800 2.300 2.400 2.400 1.800 2.800 2.400 2.300 2.300 17/02/2016
1.000 1.000 1.000 2.200 1.000 1.000 1.000 1.000 0.300 1.100 1.000 1.000 0.300 0.300 1.100 0.100 0.200 0.300 0.300 0.300 0.100 0.200 0.300 0.300 0.300 0.100 0.200 0.300 0.300 0.300 18/02/2016
0.800 0.800 0.800 1.500 0.600 0.800 0.800 0.800 1.300 0.600 0.800 0.800 1.300 1.300 0.600 0.600 0.500 1.300 1.300 1.300 0.600 0.500 1.300 1.300 1.300 0.600 0.500 1.300 1.300 1.300 19/02/2016
0.800 0.800 0.800 1.000 3.000 0.800 0.800 0.800 1.600 3.000 0.800 0.800 1.600 1.600 3.000 1.200 1.300 1.600 1.600 1.600 1.100 1.300 1.600 1.600 1.600 1.100 1.200 1.600 1.600 1.600 20/02/2016
0.100 0.100 0.100 0.000 0.600 0.100 0.100 0.100 0.500 0.600 0.100 0.100 0.500 0.500 0.600 0.200 0.300 0.500 0.500 0.500 0.200 0.300 0.500 0.500 0.500 0.200 0.300 0.500 0.500 0.500 21/02/2016
3.100 3.100 3.100 2.700 5.300 3.100 3.200 3.100 0.900 5.300 3.100 3.100 0.900 0.900 5.200 1.000 0.600 0.900 0.900 0.900 1.000 0.600 0.900 0.900 0.900 1.000 0.600 0.900 0.900 0.900 22/02/2016
10.600 10.600 10.700 12.500 15.900 10.800 10.900 10.800 9.000 15.900 10.800 10.700 9.000 9.000 15.700 5.300 4.200 9.000 9.100 9.100 5.200 4.200 9.000 8.900 8.900 5.200 4.100 8.800 8.900 9.100 23/02/2016
13.200 13.200 13.300 16.400 4.600 13.400 13.500 13.400 0.900 4.500 13.400 13.400 0.900 0.900 4.500 1.700 0.600 0.900 0.900 0.900 1.700 0.600 0.900 0.900 0.900 1.600 0.600 0.900 0.900 0.900 24/02/2016
0.100 0.100 0.100 0.400 0.300 0.100 0.100 0.100 1.600 0.300 0.100 0.100 1.600 1.600 0.300 0.400 2.000 1.600 1.600 1.600 0.400 2.000 1.600 1.600 1.600 0.400 2.000 1.600 1.600 1.600 25/02/2016
0.000 0.000 0.000 0.000 0.000 0.000 0.000 0.000 0.100 0.000 0.000 0.000 0.100 0.100 0.000 0.100 0.000 0.100 0.100 0.100 0.100 0.000 0.100 0.100 0.100 0.100 0.000 0.100 0.100 0.100 26/02/2016
1.800 1.800 1.800 1.000 1.800 1.800 1.800 1.800 2.400 1.800 1.800 1.800 2.400 2.400 1.700 3.500 2.400 2.400 2.400 2.400 3.500 2.400 2.400 2.400 2.400 3.400 2.400 2.400 2.400 2.400 27/02/2016
0.000 0.000 0.000 0.000 0.000 0.000 0.000 0.000 0.000 0.000 0.000 0.000 0.000 0.000 0.000 0.000 0.000 0.000 0.000 0.000 0.000 0.000 0.000 0.000 0.000 0.000 0.000 0.000 0.000 0.000 28/02/2016
0.000 0.000 0.000 0.000 0.000 0.000 0.000 0.000 0.000 0.000 0.000 0.000 0.000 0.000 0.000 0.000 0.000 0.000 0.000 0.000 0.000 0.000 0.000 0.000 0.000 0.000 0.000 0.000 0.000 0.000 29/02/2016
6.400 6.400 6.500 7.100 12.000 6.500 6.600 6.500 8.300 11.900 6.500 6.500 8.300 8.400 11.800 7.400 5.900 8.300 8.400 8.400 7.300 5.900 8.300 8.300 8.300 7.300 5.900 8.200 8.200 8.400 01/03/2016
2.900 3.000 3.000 3.600 5.600 3.000 3.000 3.000 8.100 5.600 3.000 3.000 8.100 8.200 5.500 4.700 5.600 8.100 8.200 8.200 4.600 5.600 8.100 8.100 8.100 4.600 5.500 8.000 8.000 8.200 02/03/2016
8.000 8.000 8.100 8.100 12.600 8.100 8.200 8.100 10.200 12.600 8.100 8.100 10.100 10.200 12.500 10.700 11.400 10.100 10.300 10.200 10.500 11.400 10.200 10.100 10.100 10.400 11.300 10.000 10.000 10.300 03/03/2016
8.600 8.700 8.700 12.500 14.800 8.800 8.800 8.800 10.500 14.700 8.800 8.700 10.500 10.600 14.500 7.200 10.600 10.500 10.600 10.600 7.100 10.600 10.500 10.500 10.500 7.000 10.500 10.300 10.400 10.600 04/03/2016
0.700 0.700 0.700 0.800 2.100 0.700 0.700 0.700 1.200 2.100 0.700 0.700 1.200 1.200 2.100 0.200 0.900 1.200 1.200 1.200 0.200 1.000 1.200 1.200 1.200 0.200 0.900 1.200 1.200 1.200 05/03/2016
0.100 0.100 0.100 0.700 0.100 0.100 0.100 0.100 0.200 0.100 0.100 0.100 0.200 0.200 0.100 0.300 1.000 0.200 0.200 0.200 0.300 1.000 0.200 0.200 0.200 0.200 1.000 0.200 0.200 0.200 06/03/2016
0.300 0.300 0.300 0.100 0.100 0.300 0.300 0.300 0.300 0.100 0.300 0.300 0.300 0.300 0.100 0.100 0.000 0.300 0.300 0.300 0.100 0.000 0.300 0.300 0.300 0.100 0.000 0.300 0.300 0.300 07/03/2016
1.000 1.000 1.000 0.700 2.500 1.000 1.000 1.000 3.600 2.500 1.000 1.000 3.600 3.600 2.500 1.800 1.000 3.600 3.600 3.600 1.800 1.000 3.600 3.600 3.600 1.800 1.000 3.500 3.500 3.600 08/03/2016
16.100 16.200 16.300 14.400 16.600 16.400 16.600 16.400 14.200 16.500 16.400 16.400 14.100 14.200 16.400 13.700 14.400 14.100 14.300 14.300 13.500 14.400 14.200 14.100 14.100 13.400 14.300 13.900 13.900 14.300 09/03/2016
0.100 0.100 0.100 0.000 0.000 0.100 0.100 0.100 0.100 0.000 0.100 0.100 0.100 0.100 0.000 0.000 0.100 0.100 0.100 0.100 0.000 0.100 0.100 0.100 0.100 0.000 0.100 0.100 0.100 0.100 10/03/2016
0.000 0.000 0.000 0.000 0.000 0.000 0.000 0.000 0.000 0.000 0.000 0.000 0.000 0.000 0.000 0.000 0.000 0.000 0.000 0.000 0.000 0.000 0.000 0.000 0.000 0.000 0.000 0.000 0.000 0.000 11/03/2016
0.000 0.000 0.000 0.000 0.000 0.000 0.000 0.000 0.000 0.000 0.000 0.000 0.000 0.000 0.000 0.000 0.000 0.000 0.000 0.000 0.000 0.000 0.000 0.000 0.000 0.000 0.000 0.000 0.000 0.000 12/03/2016
0.000 0.000 0.000 0.000 0.000 0.000 0.000 0.000 0.100 0.000 0.000 0.000 0.100 0.100 0.000 0.000 0.100 0.100 0.100 0.100 0.000 0.100 0.100 0.100 0.100 0.000 0.100 0.100 0.100 0.100 13/03/2016
0.000 0.000 0.000 0.000 0.000 0.000 0.000 0.000 0.200 0.000 0.000 0.000 0.200 0.200 0.000 0.000 0.000 0.200 0.200 0.200 0.000 0.000 0.200 0.200 0.200 0.000 0.000 0.200 0.200 0.200 14/03/2016
0.000 0.000 0.000 0.000 0.100 0.000 0.000 0.000 0.200 0.100 0.000 0.000 0.200 0.200 0.100 0.000 0.000 0.200 0.200 0.200 0.000 0.000 0.200 0.200 0.200 0.000 0.000 0.200 0.200 0.200 15/03/2016
0.000 0.000 0.000 0.000 0.000 0.000 0.000 0.000 0.000 0.000 0.000 0.000 0.000 0.000 0.000 0.000 0.000 0.000 0.000 0.000 0.000 0.000 0.000 0.000 0.000 0.000 0.000 0.000 0.000 0.000 16/03/2016
0.400 0.400 0.400 0.900 1.100 0.400 0.400 0.400 0.600 1.100 0.400 0.400 0.600 0.600 1.100 1.000 2.400 0.600 0.600 0.600 1.000 2.400 0.600 0.600 0.600 1.000 2.300 0.600 0.600 0.600 17/03/2016
0.000 0.000 0.000 0.000 0.000 0.000 0.000 0.000 0.000 0.000 0.000 0.000 0.000 0.000 0.000 0.000 0.000 0.000 0.000 0.000 0.000 0.000 0.000 0.000 0.000 0.000 0.000 0.000 0.000 0.000 18/03/2016
0.600 0.600 0.600 0.000 1.400 0.600 0.700 0.600 5.200 1.400 0.600 0.600 5.100 5.200 1.400 3.700 5.000 5.200 5.200 5.200 3.700 5.100 5.200 5.100 5.100 3.700 5.000 5.100 5.100 5.200 19/03/2016
1.300 1.300 1.300 0.300 1.200 1.300 1.300 1.300 0.500 1.200 1.300 1.300 0.500 0.500 1.200 1.600 0.000 0.500 0.500 0.500 1.600 0.000 0.500 0.500 0.500 1.600 0.000 0.500 0.500 0.500 20/03/2016
0.000 0.000 0.000 0.000 0.000 0.000 0.000 0.000 0.300 0.000 0.000 0.000 0.300 0.300 0.000 0.000 0.000 0.300 0.300 0.300 0.000 0.000 0.300 0.300 0.300 0.000 0.000 0.300 0.300 0.300 21/03/2016
0.000 0.000 0.000 0.000 0.000 0.000 0.000 0.000 0.000 0.000 0.000 0.000 0.000 0.000 0.000 0.000 0.000 0.000 0.000 0.000 0.000 0.000 0.000 0.000 0.000 0.000 0.000 0.000 0.000 0.000 22/03/2016
0.000 0.000 0.000 0.000 0.000 0.000 0.000 0.000 0.000 0.000 0.000 0.000 0.000 0.000 0.000 0.000 0.000 0.000 0.000 0.000 0.000 0.000 0.000 0.000 0.000 0.000 0.000 0.000 0.000 0.000 23/03/2016
0.400 0.400 0.400 0.200 0.000 0.400 0.400 0.400 0.500 0.000 0.400 0.400 0.500 0.500 0.000 0.100 0.200 0.500 0.500 0.500 0.100 0.200 0.500 0.500 0.500 0.100 0.200 0.500 0.500 0.500 24/03/2016
2.600 2.600 2.700 3.100 2.900 2.700 2.700 2.700 2.400 2.900 2.700 2.700 2.400 2.400 2.800 1.600 1.100 2.400 2.400 2.400 1.600 1.100 2.400 2.400 2.400 1.600 1.100 2.400 2.400 2.400 25/03/2016
4.800 4.800 4.800 5.600 6.300 4.800 4.800 4.800 4.900 6.200 4.800 4.800 4.800 4.900 6.200 3.100 2.500 4.800 4.900 4.900 3.000 2.500 4.900 4.800 4.800 3.000 2.500 4.800 4.800 4.900 26/03/2016
3.700 3.700 3.700 4.400 2.200 3.800 3.800 3.800 1.800 2.200 3.800 3.800 1.800 1.800 2.200 2.300 1.400 1.800 1.900 1.900 2.300 1.400 1.800 1.800 1.800 2.200 1.400 1.800 1.800 1.900 27/03/2016
1.200 1.200 1.200 1.000 1.400 1.200 1.200 1.200 1.000 1.300 1.200 1.200 1.000 1.000 1.300 2.100 0.600 1.000 1.000 1.000 2.000 0.600 1.000 1.000 1.000 2.000 0.600 1.000 1.000 1.000 28/03/2016
6.000 6.100 6.100 6.700 1.400 6.200 6.200 6.200 0.400 1.400 6.200 6.100 0.400 0.400 1.400 1.100 1.400 0.400 0.400 0.400 1.100 1.400 0.400 0.400 0.400 1.100 1.400 0.400 0.400 0.400 29/03/2016
0.200 0.200 0.200 0.200 0.100 0.200 0.200 0.200 0.500 0.100 0.200 0.200 0.500 0.500 0.100 0.000 0.100 0.500 0.500 0.500 0.000 0.100 0.500 0.500 0.500 0.000 0.100 0.500 0.500 0.500 30/03/2016
13.000 13.100 13.200 11.600 10.800 13.300 13.400 13.300 9.200 10.700 13.200 13.200 9.200 9.200 10.600 16.300 11.900 9.200 9.300 9.300 16.100 11.900 9.200 9.100 9.100 15.900 11.800 9.000 9.100 9.300 31/03/2016
0.000 0.000 0.000 0.000 0.000 0.000 0.000 0.000 0.000 0.000 0.000 0.000 0.000 0.000 0.000 0.000 0.200 0.000 0.000 0.000 0.000 0.200 0.000 0.000 0.000 0.000 0.200 0.000 0.000 0.000 01/04/2016
0.500 0.500 0.500 0.300 0.100 0.500 0.500 0.500 0.300 0.100 0.500 0.500 0.300 0.300 0.100 0.000 0.100 0.300 0.300 0.300 0.000 0.100 0.300 0.300 0.300 0.000 0.100 0.300 0.300 0.300 02/04/2016
4.400 4.500 4.500 3.300 6.400 4.500 4.600 4.500 2.900 6.400 4.500 4.500 2.800 2.900 6.300 4.300 4.900 2.900 2.900 2.900 4.300 4.900 2.900 2.800 2.800 4.200 4.800 2.800 2.800 2.900 03/04/2016
0.600 0.600 0.600 0.700 7.900 0.600 0.600 0.600 0.400 7.900 0.600 0.600 0.400 0.400 7.800 2.000 3.400 0.400 0.400 0.400 2.000 3.400 0.400 0.400 0.400 2.000 3.400 0.300 0.300 0.400 04/04/2016
0.000 0.000 0.000 0.000 0.000 0.000 0.000 0.000 0.100 0.000 0.000 0.000 0.100 0.100 0.000 0.100 0.200 0.100 0.100 0.100 0.100 0.200 0.100 0.100 0.100 0.100 0.200 0.100 0.100 0.100 05/04/2016
0.800 0.800 0.800 0.500 1.000 0.800 0.800 0.800 2.600 1.000 0.800 0.800 2.500 2.600 1.000 0.800 1.100 2.500 2.600 2.600 0.800 1.100 2.600 2.500 2.500 0.800 1.100 2.500 2.500 2.600 06/04/2016
1.000 0.900 0.900 2.000 2.600 0.900 0.900 0.900 2.500 2.500 0.900 0.900 2.500 2.500 2.500 2.200 1.900 2.500 2.500 2.500 2.200 1.900 2.500 2.500 2.500 2.200 1.900 2.500 2.500 2.500 07/04/2016
1.800 1.800 1.800 0.200 0.200 1.800 1.800 1.800 0.500 0.200 1.800 1.800 0.500 0.500 0.200 2.600 0.900 0.500 0.500 0.500 2.500 0.900 0.500 0.500 0.500 2.500 0.900 0.500 0.500 0.500 08/04/2016
2.500 2.500 2.500 1.700 1.400 2.500 2.600 2.500 1.300 1.400 2.500 2.500 1.300 1.300 1.400 1.800 2.500 1.300 1.300 1.300 1.800 2.500 1.300 1.300 1.300 1.700 2.400 1.300 1.300 1.300 09/04/2016
6.900 7.000 7.000 10.200 12.400 7.100 7.100 7.100 7.800 12.300 7.000 7.000 7.800 7.900 12.200 3.700 8.800 7.800 7.900 7.900 3.700 8.800 7.800 7.800 7.800 3.700 8.800 7.700 7.700 7.900 10/04/2016
8.500 8.600 8.600 3.900 2.800 8.700 8.800 8.700 2.100 2.800 8.700 8.600 2.100 2.100 2.700 4.900 1.700 2.100 2.100 2.100 4.800 1.700 2.100 2.100 2.100 4.800 1.700 2.100 2.100 2.100 11/04/2016
2.300 2.300 2.300 4.300 6.800 2.300 2.300 2.300 13.200 6.800 2.300 2.300 13.200 13.300 6.700 3.600 6.100 13.200 13.400 13.300 3.600 6.100 13.200 13.100 13.100 3.500 6.000 13.000 13.000 13.300 12/04/2016
0.300 0.300 0.300 1.100 2.500 0.300 0.300 0.300 2.400 2.500 0.300 0.300 2.400 2.400 2.500 1.200 2.100 2.400 2.400 2.400 1.200 2.100 2.400 2.400 2.400 1.200 2.100 2.400 2.400 2.400 13/04/2016
5.000 5.000 5.000 5.700 15.400 5.100 5.100 5.100 11.600 15.300 5.000 5.000 11.600 11.700 15.200 5.200 12.900 11.600 11.800 11.700 5.200 12.900 11.700 11.600 11.600 5.100 12.800 11.500 11.500 11.800 14/04/2016
6.100 6.100 6.100 7.700 11.900 6.200 6.200 6.200 13.100 11.800 6.200 6.200 13.100 13.200 11.700 4.900 11.200 13.100 13.300 13.200 4.800 11.200 13.100 13.000 13.000 4.800 11.100 12.900 12.900 13.200 15/04/2016
11.100 11.100 11.200 10.800 10.700 11.300 11.400 11.300 8.500 10.600 11.200 11.200 8.500 8.600 10.500 9.600 8.000 8.500 8.600 8.600 9.500 8.100 8.500 8.500 8.500 9.400 8.000 8.400 8.400 8.600 16/04/2016
0.100 0.100 0.100 0.500 2.300 0.100 0.100 0.100 2.700 2.300 0.100 0.100 2.600 2.700 2.300 1.000 1.200 2.600 2.700 2.700 1.000 1.200 2.700 2.600 2.600 1.000 1.200 2.600 2.600 2.700 17/04/2016
0.100 0.100 0.100 0.000 0.000 0.100 0.100 0.100 0.100 0.000 0.100 0.100 0.100 0.100 0.000 0.000 0.100 0.100 0.100 0.100 0.000 0.100 0.100 0.100 0.100 0.000 0.100 0.100 0.100 0.100 18/04/2016
0.000 0.000 0.000 0.000 0.000 0.000 0.000 0.000 0.000 0.000 0.000 0.000 0.000 0.000 0.000 0.000 0.000 0.000 0.000 0.000 0.000 0.000 0.000 0.000 0.000 0.000 0.000 0.000 0.000 0.000 19/04/2016
0.300 0.300 0.300 0.200 0.100 0.300 0.300 0.300 0.500 0.100 0.300 0.300 0.500 0.500 0.100 0.000 0.200 0.500 0.500 0.500 0.000 0.200 0.500 0.500 0.500 0.000 0.200 0.500 0.500 0.500 20/04/2016
3.500 3.500 3.500 2.900 4.900 3.600 3.600 3.600 3.300 4.800 3.500 3.500 3.300 3.300 4.800 1.300 4.300 3.300 3.300 3.300 1.300 4.300 3.300 3.300 3.300 1.300 4.300 3.300 3.300 3.300 21/04/2016
1.500 1.500 1.500 1.400 3.900 1.600 1.600 1.600 3.100 3.900 1.500 1.500 3.100 3.100 3.900 0.000 0.100 3.100 3.100 3.100 0.000 0.100 3.100 3.100 3.100 0.000 0.100 3.100 3.100 3.100 22/04/2016
0.600 0.600 0.600 1.100 1.000 0.600 0.600 0.600 4.600 1.000 0.600 0.600 4.600 4.600 1.000 10.900 13.200 4.600 4.600 4.600 10.800 13.200 4.600 4.600 4.600 10.600 13.100 4.500 4.500 4.600 23/04/2016
0.100 0.100 0.100 0.000 0.000 0.100 0.100 0.100 0.000 0.000 0.100 0.100 0.000 0.000 0.000 0.000 0.000 0.000 0.000 0.000 0.000 0.000 0.000 0.000 0.000 0.000 0.000 0.000 0.000 0.000 24/04/2016
1.400 1.400 1.400 2.500 1.500 1.400 1.400 1.400 1.800 1.500 1.400 1.400 1.800 1.800 1.500 1.700 1.200 1.800 1.800 1.800 1.600 1.200 1.800 1.800 1.800 1.600 1.200 1.800 1.800 1.800 25/04/2016
1.400 1.400 1.400 0.600 3.700 1.400 1.400 1.400 2.700 3.700 1.400 1.400 2.600 2.700 3.700 0.900 2.300 2.600 2.700 2.700 0.900 2.300 2.700 2.600 2.600 0.900 2.300 2.600 2.600 2.700 26/04/2016
0.200 0.200 0.200 0.000 0.000 0.200 0.200 0.200 0.000 0.000 0.200 0.200 0.000 0.000 0.000 0.000 0.000 0.000 0.000 0.000 0.000 0.000 0.000 0.000 0.000 0.000 0.000 0.000 0.000 0.000 27/04/2016
0.000 0.000 0.000 0.000 0.000 0.000 0.000 0.000 0.000 0.000 0.000 0.000 0.000 0.000 0.000 0.000 0.000 0.000 0.000 0.000 0.000 0.000 0.000 0.000 0.000 0.000 0.000 0.000 0.000 0.000 28/04/2016
0.100 0.100 0.100 0.000 0.600 0.100 0.100 0.100 0.400 0.600 0.100 0.100 0.400 0.400 0.600 1.600 1.700 0.400 0.400 0.400 1.600 1.700 0.400 0.400 0.400 1.600 1.600 0.400 0.400 0.400 29/04/2016
0.600 0.600 0.600 0.600 5.200 0.600 0.600 0.600 0.900 5.200 0.600 0.600 0.900 0.900 5.100 2.100 2.500 0.900 0.900 0.900 2.100 2.500 0.900 0.900 0.900 2.100 2.500 0.900 0.900 0.900 30/04/2016
0.000 0.000 0.000 0.200 0.000 0.000 0.000 0.000 0.000 0.000 0.000 0.000 0.000 0.000 0.000 0.000 0.000 0.000 0.000 0.000 0.000 0.000 0.000 0.000 0.000 0.000 0.000 0.000 0.000 0.000 01/05/2016
0.000 0.000 0.000 0.000 0.000 0.000 0.000 0.000 0.000 0.000 0.000 0.000 0.000 0.000 0.000 0.000 0.000 0.000 0.000 0.000 0.000 0.000 0.000 0.000 0.000 0.000 0.000 0.000 0.000 0.000 02/05/2016
0.000 0.000 0.000 0.000 0.000 0.000 0.000 0.000 0.000 0.000 0.000 0.000 0.000 0.000 0.000 0.000 0.000 0.000 0.000 0.000 0.000 0.000 0.000 0.000 0.000 0.000 0.000 0.000 0.000 0.000 03/05/2016
0.000 0.000 0.000 0.000 0.000 0.000 0.000 0.000 0.000 0.000 0.000 0.000 0.000 0.000 0.000 0.000 0.000 0.000 0.000 0.000 0.000 0.000 0.000 0.000 0.000 0.000 0.000 0.000 0.000 0.000 04/05/2016
0.000 0.000 0.000 0.000 0.000 0.000 0.000 0.000 0.000 0.000 0.000 0.000 0.000 0.000 0.000 0.000 0.000 0.000 0.000 0.000 0.000 0.000 0.000 0.000 0.000 0.000 0.000 0.000 0.000 0.000 05/05/2016
0.000 0.000 0.000 0.000 0.000 0.000 0.000 0.000 0.700 0.000 0.000 0.000 0.700 0.700 0.000 0.300 0.600 0.700 0.700 0.700 0.300 0.600 0.700 0.700 0.700 0.300 0.600 0.700 0.700 0.700 06/05/2016
0.000 0.000 0.000 0.000 0.100 0.000 0.000 0.000 0.100 0.100 0.000 0.000 0.100 0.100 0.100 0.000 0.000 0.100 0.100 0.100 0.000 0.000 0.100 0.100 0.100 0.000 0.000 0.100 0.100 0.100 07/05/2016
0.100 0.100 0.100 0.000 0.000 0.100 0.100 0.100 0.200 0.000 0.100 0.100 0.200 0.200 0.000 0.400 0.300 0.200 0.200 0.200 0.400 0.300 0.200 0.200 0.200 0.400 0.300 0.200 0.200 0.200 08/05/2016
15.300 15.400 15.400 11.800 12.900 15.600 15.700 15.600 14.100 12.800 15.500 15.500 14.100 14.200 12.700 12.700 20.300 14.100 14.300 14.300 12.600 20.400 14.200 14.100 14.100 12.400 20.200 13.900 14.000 14.300 09/05/2016
0.000 0.000 0.000 0.500 0.000 0.000 0.000 0.000 0.000 0.000 0.000 0.000 0.000 0.000 0.000 0.000 0.000 0.000 0.000 0.000 0.000 0.000 0.000 0.000 0.000 0.000 0.000 0.000 0.000 0.000 10/05/2016
4.300 4.400 4.400 18.400 12.500 4.400 4.500 4.400 0.600 12.500 4.400 4.400 0.600 0.600 12.300 0.000 0.300 0.600 0.600 0.600 0.000 0.300 0.600 0.600 0.600 0.000 0.300 0.500 0.500 0.600 11/05/2016
1.400 1.400 1.400 5.400 5.700 1.400 1.400 1.400 5.400 5.600 1.400 1.400 5.300 5.400 5.600 1.500 1.400 5.400 5.400 5.400 1.500 1.400 5.400 5.300 5.300 1.500 1.400 5.300 5.300 5.400 12/05/2016
3.500 3.500 3.600 9.700 4.000 3.600 3.600 3.600 4.000 4.000 3.600 3.600 3.900 4.000 4.000 1.500 1.900 3.900 4.000 4.000 1.500 2.000 4.000 3.900 3.900 1.500 1.900 3.900 3.900 4.000 13/05/2016
0.000 0.000 0.000 0.000 0.000 0.000 0.000 0.000 0.000 0.000 0.000 0.000 0.000 0.000 0.000 0.000 2.800 0.000 0.000 0.000 0.000 2.800 0.000 0.000 0.000 0.000 2.800 0.000 0.000 0.000 14/05/2016
0.000 0.000 0.000 0.000 0.000 0.000 0.000 0.000 0.000 0.000 0.000 0.000 0.000 0.000 0.000 0.000 0.000 0.000 0.000 0.000 0.000 0.000 0.000 0.000 0.000 0.000 0.000 0.000 0.000 0.000 15/05/2016
0.000 0.000 0.000 0.000 0.000 0.000 0.000 0.000 0.000 0.000 0.000 0.000 0.000 0.000 0.000 0.000 0.000 0.000 0.000 0.000 0.000 0.000 0.000 0.000 0.000 0.000 0.000 0.000 0.000 0.000 16/05/2016
0.000 0.000 0.000 0.000 0.000 0.000 0.000 0.000 0.000 0.000 0.000 0.000 0.000 0.000 0.000 0.000 0.000 0.000 0.000 0.000 0.000 0.000 0.000 0.000 0.000 0.000 0.000 0.000 0.000 0.000 17/05/2016
2.500 2.500 2.500 3.300 4.500 2.500 2.500 2.500 3.100 4.500 2.500 2.500 3.100 3.100 4.400 1.600 1.900 3.100 3.100 3.100 1.600 1.900 3.100 3.100 3.100 1.600 1.800 3.100 3.100 3.100 18/05/2016
0.100 0.100 0.100 0.700 1.000 0.100 0.100 0.100 0.900 0.900 0.100 0.100 0.900 0.900 0.900 0.100 0.100 0.900 0.900 0.900 0.100 0.100 0.900 0.900 0.900 0.100 0.100 0.900 0.900 0.900 19/05/2016
0.400 0.400 0.400 0.000 0.100 0.400 0.400 0.400 0.100 0.100 0.400 0.400 0.100 0.100 0.100 0.500 0.300 0.100 0.100 0.100 0.500 0.300 0.100 0.100 0.100 0.500 0.300 0.100 0.100 0.100 20/05/2016
18.600 18.700 18.800 23.500 26.000 19.000 19.200 19.000 30.800 25.900 18.900 18.900 30.700 31.000 25.700 20.600 24.300 30.700 31.100 31.000 20.400 24.400 30.800 30.600 30.600 20.200 24.200 30.300 30.400 31.100 21/05/2016
12.100 12.200 12.200 12.500 19.200 12.300 12.400 12.300 13.200 19.100 12.300 12.300 13.200 13.300 18.900 10.500 10.900 13.200 13.400 13.300 10.400 10.900 13.200 13.100 13.100 10.300 10.800 13.000 13.000 13.300 22/05/2016
0.600 0.600 0.600 0.100 1.700 0.600 0.600 0.600 0.800 1.700 0.600 0.600 0.800 0.800 1.700 1.600 1.100 0.800 0.800 0.800 1.600 1.100 0.800 0.800 0.800 1.600 1.100 0.800 0.800 0.800 23/05/2016
0.000 0.000 0.000 0.000 0.000 0.000 0.000 0.000 0.100 0.000 0.000 0.000 0.100 0.100 0.000 0.000 0.300 0.100 0.100 0.100 0.000 0.300 0.100 0.100 0.100 0.000 0.300 0.100 0.100 0.100 24/05/2016
0.700 0.700 0.700 0.100 0.500 0.700 0.700 0.700 0.200 0.500 0.700 0.700 0.200 0.200 0.500 2.100 2.700 0.200 0.200 0.200 2.100 2.700 0.200 0.200 0.200 2.100 2.700 0.200 0.200 0.200 25/05/2016
1.600 1.600 1.600 2.400 1.000 1.600 1.600 1.600 1.500 1.000 1.600 1.600 1.500 1.500 1.000 2.400 3.100 1.500 1.500 1.500 2.400 3.100 1.500 1.500 1.500 2.400 3.100 1.500 1.500 1.500 26/05/2016
0.000 0.000 0.000 0.200 0.000 0.000 0.000 0.000 0.000 0.000 0.000 0.000 0.000 0.000 0.000 0.000 0.200 0.000 0.000 0.000 0.000 0.200 0.000 0.000 0.000 0.000 0.200 0.000 0.000 0.000 27/05/2016
8.100 8.200 8.200 0.100 1.400 8.300 8.400 8.300 7.100 1.400 8.300 8.300 7.100 7.100 1.400 2.800 16.700 7.100 7.200 7.200 2.700 16.800 7.100 7.100 7.100 2.700 16.600 7.000 7.000 7.200 28/05/2016
10.000 10.100 10.100 3.800 18.000 10.200 10.300 10.200 7.800 17.900 10.200 10.200 7.700 7.800 17.800 2.100 3.200 7.800 7.800 7.800 2.100 3.200 7.800 7.700 7.700 2.100 3.100 7.600 7.700 7.800 29/05/2016
7.400 7.400 7.400 18.800 14.800 7.500 7.600 7.500 5.200 14.700 7.500 7.500 5.200 5.200 14.600 8.000 8.600 5.200 5.200 5.200 7.900 8.600 5.200 5.200 5.200 7.800 8.500 5.100 5.100 5.200 30/05/2016
7.400 7.500 7.500 24.100 23.600 7.600 7.600 7.600 17.800 23.500 7.500 7.500 17.800 17.900 23.300 3.500 8.400 17.800 18.000 18.000 3.500 8.400 17.800 17.700 17.700 3.400 8.400 17.500 17.600 18.000 31/05/2016
0.700 0.700 0.700 0.800 0.300 0.700 0.700 0.700 0.300 0.200 0.700 0.700 0.300 0.300 0.200 0.500 1.600 0.300 0.300 0.300 0.500 1.600 0.300 0.300 0.300 0.500 1.600 0.300 0.300 0.300 01/06/2016
0.200 0.200 0.200 1.000 0.100 0.200 0.200 0.200 0.100 0.100 0.200 0.200 0.100 0.100 0.100 0.100 0.000 0.100 0.100 0.100 0.100 0.000 0.100 0.100 0.100 0.100 0.000 0.100 0.100 0.100 02/06/2016
0.100 0.100 0.100 0.000 0.000 0.100 0.100 0.100 0.000 0.000 0.100 0.100 0.000 0.000 0.000 0.000 0.000 0.000 0.000 0.000 0.000 0.000 0.000 0.000 0.000 0.000 0.000 0.000 0.000 0.000 03/06/2016
0.000 0.000 0.000 0.000 0.000 0.000 0.000 0.000 0.000 0.000 0.000 0.000 0.000 0.000 0.000 0.000 0.200 0.000 0.000 0.000 0.000 0.200 0.000 0.000 0.000 0.000 0.200 0.000 0.000 0.000 04/06/2016
0.000 0.000 0.000 0.200 0.000 0.000 0.000 0.000 0.000 0.000 0.000 0.000 0.000 0.000 0.000 0.000 0.000 0.000 0.000 0.000 0.000 0.000 0.000 0.000 0.000 0.000 0.000 0.000 0.000 0.000 05/06/2016
0.100 0.100 0.100 0.000 0.400 0.100 0.100 0.100 1.200 0.400 0.100 0.100 1.200 1.200 0.400 0.000 5.400 1.200 1.200 1.200 0.000 5.500 1.200 1.200 1.200 0.000 5.400 1.200 1.200 1.200 06/06/2016
0.000 0.000 0.000 0.000 0.000 0.000 0.000 0.000 0.000 0.000 0.000 0.000 0.000 0.000 0.000 0.200 2.300 0.000 0.000 0.000 0.200 2.300 0.000 0.000 0.000 0.200 2.300 0.000 0.000 0.000 07/06/2016
0.000 0.000 0.000 0.000 0.000 0.000 0.000 0.000 0.000 0.000 0.000 0.000 0.000 0.000 0.000 0.000 0.000 0.000 0.000 0.000 0.000 0.000 0.000 0.000 0.000 0.000 0.000 0.000 0.000 0.000 08/06/2016
0.000 0.000 0.000 0.000 0.000 0.000 0.000 0.000 0.000 0.000 0.000 0.000 0.000 0.000 0.000 0.000 0.000 0.000 0.000 0.000 0.000 0.000 0.000 0.000 0.000 0.000 0.000 0.000 0.000 0.000 09/06/2016
6.400 6.400 6.400 13.700 9.400 6.500 6.500 6.500 5.900 9.300 6.500 6.500 5.900 6.000 9.200 6.300 6.400 5.900 6.000 6.000 6.300 6.400 5.900 5.900 5.900 6.200 6.400 5.800 5.800 6.000 10/06/2016
0.200 0.200 0.200 0.000 1.100 0.200 0.200 0.200 1.000 1.100 0.200 0.200 1.000 1.000 1.100 0.000 0.000 1.000 1.000 1.000 0.000 0.000 1.000 1.000 1.000 0.000 0.000 1.000 1.000 1.000 11/06/2016
5.200 5.300 5.300 4.800 4.800 5.300 5.400 5.300 5.200 4.800 5.300 5.300 5.200 5.200 4.800 2.500 2.100 5.200 5.200 5.200 2.400 2.100 5.200 5.200 5.200 2.400 2.100 5.100 5.100 5.200 12/06/2016
9.300 9.300 9.400 10.600 11.200 9.400 9.500 9.400 6.100 11.100 9.400 9.400 6.100 6.200 11.000 3.300 4.400 6.100 6.200 6.200 3.300 4.400 6.100 6.100 6.100 3.300 4.400 6.000 6.000 6.200 13/06/2016
4.400 4.400 4.400 5.100 8.600 4.400 4.500 4.400 9.800 8.600 4.400 4.400 9.800 9.900 8.500 4.900 7.700 9.800 9.900 9.900 4.900 7.700 9.800 9.700 9.700 4.800 7.600 9.600 9.700 9.900 14/06/2016
6.300 6.400 6.400 7.200 9.700 6.500 6.500 6.500 12.200 9.600 6.500 6.400 12.100 12.200 9.600 8.300 9.000 12.100 12.300 12.300 8.200 9.100 12.200 12.100 12.100 8.100 9.000 12.000 12.000 12.300 15/06/2016
5.000 5.000 5.100 7.400 6.000 5.100 5.100 5.100 8.500 6.000 5.100 5.100 8.400 8.500 5.900 6.300 13.700 8.500 8.600 8.500 6.200 13.700 8.500 8.400 8.400 6.100 13.600 8.300 8.400 8.600 16/06/2016
16.400 16.500 16.600 9.600 9.900 16.700 16.900 16.700 14.700 9.900 16.700 16.700 14.600 14.800 9.800 13.300 13.700 14.700 14.800 14.800 13.200 13.700 14.700 14.600 14.600 13.000 13.600 14.500 14.500 14.800 17/06/2016
0.000 0.000 0.000 0.200 0.100 0.000 0.000 0.000 0.200 0.100 0.000 0.000 0.200 0.200 0.100 1.300 1.400 0.200 0.200 0.200 1.300 1.400 0.200 0.200 0.200 1.300 1.400 0.200 0.200 0.200 18/06/2016
0.000 0.000 0.000 0.000 0.000 0.000 0.000 0.000 0.000 0.000 0.000 0.000 0.000 0.000 0.000 0.000 0.200 0.000 0.000 0.000 0.000 0.200 0.000 0.000 0.000 0.000 0.200 0.000 0.000 0.000 19/06/2016
0.000 0.000 0.000 0.100 0.000 0.000 0.000 0.000 0.000 0.000 0.000 0.000 0.000 0.000 0.000 0.000 0.000 0.000 0.000 0.000 0.000 0.000 0.000 0.000 0.000 0.000 0.000 0.000 0.000 0.000 20/06/2016
0.000 0.000 0.000 0.000 0.000 0.000 0.000 0.000 0.000 0.000 0.000 0.000 0.000 0.000 0.000 0.000 0.000 0.000 0.000 0.000 0.000 0.000 0.000 0.000 0.000 0.000 0.000 0.000 0.000 0.000 21/06/2016
0.000 0.000 0.000 0.000 0.000 0.000 0.000 0.000 0.000 0.000 0.000 0.000 0.000 0.000 0.000 0.000 0.000 0.000 0.000 0.000 0.000 0.000 0.000 0.000 0.000 0.000 0.000 0.000 0.000 0.000 22/06/2016
16.500 16.600 16.700 16.700 4.600 16.800 17.000 16.800 8.800 4.600 16.800 16.800 8.800 8.800 4.500 8.900 6.800 8.800 8.900 8.900 8.800 6.800 8.800 8.700 8.700 8.700 6.800 8.600 8.700 8.900 23/06/2016
0.000 0.000 0.000 0.000 4.500 0.000 0.000 0.000 0.800 4.500 0.000 0.000 0.800 0.800 4.400 0.400 0.400 0.800 0.800 0.800 0.400 0.400 0.800 0.800 0.800 0.400 0.400 0.800 0.800 0.800 24/06/2016
0.000 0.000 0.000 0.100 0.000 0.000 0.000 0.000 0.000 0.000 0.000 0.000 0.000 0.000 0.000 0.000 0.000 0.000 0.000 0.000 0.000 0.000 0.000 0.000 0.000 0.000 0.000 0.000 0.000 0.000 25/06/2016
0.000 0.000 0.000 0.000 0.000 0.000 0.000 0.000 0.000 0.000 0.000 0.000 0.000 0.000 0.000 0.000 0.100 0.000 0.000 0.000 0.000 0.100 0.000 0.000 0.000 0.000 0.100 0.000 0.000 0.000 26/06/2016
0.000 0.000 0.000 0.000 0.000 0.000 0.000 0.000 0.000 0.000 0.000 0.000 0.000 0.000 0.000 0.000 0.000 0.000 0.000 0.000 0.000 0.000 0.000 0.000 0.000 0.000 0.000 0.000 0.000 0.000 27/06/2016
0.200 0.200 0.200 0.300 0.000 0.200 0.200 0.200 0.000 0.000 0.200 0.200 0.000 0.000 0.000 0.000 0.000 0.000 0.000 0.000 0.000 0.000 0.000 0.000 0.000 0.000 0.000 0.000 0.000 0.000 28/06/2016
0.000 0.000 0.000 0.000 0.000 0.000 0.000 0.000 0.000 0.000 0.000 0.000 0.000 0.000 0.000 0.000 0.000 0.000 0.000 0.000 0.000 0.000 0.000 0.000 0.000 0.000 0.000 0.000 0.000 0.000 29/06/2016
0.000 0.000 0.000 0.100 0.000 0.000 0.000 0.000 0.000 0.000 0.000 0.000 0.000 0.000 0.000 0.000 0.000 0.000 0.000 0.000 0.000 0.000 0.000 0.000 0.000 0.000 0.000 0.000 0.000 0.000 30/06/2016
1.100 1.100 1.100 1.300 0.700 1.100 1.100 1.100 0.300 0.700 1.100 1.100 0.300 0.300 0.700 0.800 0.300 0.300 0.300 0.300 0.800 0.300 0.300 0.300 0.300 0.800 0.300 0.300 0.300 0.300 01/07/2016
0.000 0.000 0.000 0.000 0.000 0.000 0.000 0.000 0.000 0.000 0.000 0.000 0.000 0.000 0.000 0.000 0.500 0.000 0.000 0.000 0.000 0.500 0.000 0.000 0.000 0.000 0.500 0.000 0.000 0.000 02/07/2016
0.000 0.000 0.000 0.000 0.000 0.000 0.000 0.000 0.000 0.000 0.000 0.000 0.000 0.000 0.000 0.000 0.000 0.000 0.000 0.000 0.000 0.000 0.000 0.000 0.000 0.000 0.000 0.000 0.000 0.000 03/07/2016
0.000 0.000 0.000 0.000 0.000 0.000 0.000 0.000 0.000 0.000 0.000 0.000 0.000 0.000 0.000 0.000 0.000 0.000 0.000 0.000 0.000 0.000 0.000 0.000 0.000 0.000 0.000 0.000 0.000 0.000 04/07/2016
0.000 0.000 0.000 0.000 0.000 0.000 0.000 0.000 0.000 0.000 0.000 0.000 0.000 0.000 0.000 0.000 0.000 0.000 0.000 0.000 0.000 0.000 0.000 0.000 0.000 0.000 0.000 0.000 0.000 0.000 05/07/2016
0.000 0.000 0.000 0.100 0.000 0.000 0.000 0.000 0.000 0.000 0.000 0.000 0.000 0.000 0.000 0.000 0.000 0.000 0.000 0.000 0.000 0.000 0.000 0.000 0.000 0.000 0.000 0.000 0.000 0.000 06/07/2016
0.000 0.000 0.000 0.000 0.000 0.000 0.000 0.000 0.000 0.000 0.000 0.000 0.000 0.000 0.000 0.000 0.000 0.000 0.000 0.000 0.000 0.000 0.000 0.000 0.000 0.000 0.000 0.000 0.000 0.000 07/07/2016
0.000 0.000 0.000 0.000 0.000 0.000 0.000 0.000 0.000 0.000 0.000 0.000 0.000 0.000 0.000 0.000 0.100 0.000 0.000 0.000 0.000 0.100 0.000 0.000 0.000 0.000 0.100 0.000 0.000 0.000 08/07/2016
0.000 0.000 0.000 0.000 0.000 0.000 0.000 0.000 0.000 0.000 0.000 0.000 0.000 0.000 0.000 0.000 0.000 0.000 0.000 0.000 0.000 0.000 0.000 0.000 0.000 0.000 0.000 0.000 0.000 0.000 09/07/2016
0.000 0.000 0.000 0.000 0.000 0.000 0.000 0.000 0.000 0.000 0.000 0.000 0.000 0.000 0.000 0.000 0.000 0.000 0.000 0.000 0.000 0.000 0.000 0.000 0.000 0.000 0.000 0.000 0.000 0.000 10/07/2016
0.000 0.000 0.000 0.400 0.000 0.000 0.000 0.000 0.000 0.000 0.000 0.000 0.000 0.000 0.000 0.000 0.000 0.000 0.000 0.000 0.000 0.000 0.000 0.000 0.000 0.000 0.000 0.000 0.000 0.000 11/07/2016
0.200 0.200 0.200 0.000 0.300 0.200 0.200 0.200 0.300 0.200 0.200 0.200 0.300 0.300 0.200 0.200 0.700 0.300 0.300 0.300 0.200 0.700 0.300 0.300 0.300 0.200 0.700 0.300 0.300 0.300 12/07/2016
0.100 0.100 0.100 0.000 0.100 0.100 0.100 0.100 0.000 0.100 0.100 0.100 0.000 0.000 0.100 0.100 0.100 0.000 0.000 0.000 0.100 0.100 0.000 0.000 0.000 0.100 0.100 0.000 0.000 0.000 13/07/2016
0.000 0.000 0.000 0.000 0.000 0.000 0.000 0.000 0.000 0.000 0.000 0.000 0.000 0.000 0.000 0.000 0.000 0.000 0.000 0.000 0.000 0.000 0.000 0.000 0.000 0.000 0.000 0.000 0.000 0.000 14/07/2016
0.000 0.000 0.000 0.000 0.000 0.000 0.000 0.000 0.000 0.000 0.000 0.000 0.000 0.000 0.000 0.000 0.000 0.000 0.000 0.000 0.000 0.000 0.000 0.000 0.000 0.000 0.000 0.000 0.000 0.000 15/07/2016
0.000 0.000 0.000 0.000 0.000 0.000 0.000 0.000 0.000 0.000 0.000 0.000 0.000 0.000 0.000 0.000 0.000 0.000 0.000 0.000 0.000 0.000 0.000 0.000 0.000 0.000 0.000 0.000 0.000 0.000 16/07/2016
0.000 0.000 0.000 0.000 0.000 0.000 0.000 0.000 0.000 0.000 0.000 0.000 0.000 0.000 0.000 0.000 0.000 0.000 0.000 0.000 0.000 0.000 0.000 0.000 0.000 0.000 0.000 0.000 0.000 0.000 17/07/2016
0.000 0.000 0.000 0.000 0.000 0.000 0.000 0.000 0.000 0.000 0.000 0.000 0.000 0.000 0.000 0.000 0.000 0.000 0.000 0.000 0.000 0.000 0.000 0.000 0.000 0.000 0.000 0.000 0.000 0.000 18/07/2016
0.000 0.000 0.000 0.000 0.000 0.000 0.000 0.000 0.000 0.000 0.000 0.000 0.000 0.000 0.000 0.000 0.000 0.000 0.000 0.000 0.000 0.000 0.000 0.000 0.000 0.000 0.000 0.000 0.000 0.000 19/07/2016
0.500 0.500 0.500 0.300 0.100 0.500 0.500 0.500 0.000 0.100 0.500 0.500 0.000 0.000 0.100 0.700 0.000 0.000 0.000 0.000 0.700 0.000 0.000 0.000 0.000 0.700 0.000 0.000 0.000 0.000 20/07/2016
0.000 0.000 0.000 0.000 0.000 0.000 0.000 0.000 0.000 0.000 0.000 0.000 0.000 0.000 0.000 0.000 0.000 0.000 0.000 0.000 0.000 0.000 0.000 0.000 0.000 0.000 0.000 0.000 0.000 0.000 21/07/2016
2.300 2.300 2.300 0.000 0.400 2.300 2.300 2.300 3.400 0.400 2.300 2.300 3.400 3.400 0.400 5.600 2.000 3.400 3.500 3.400 5.500 2.000 3.400 3.400 3.400 5.500 2.000 3.400 3.400 3.500 22/07/2016
0.000 0.000 0.000 0.000 0.000 0.000 0.000 0.000 0.000 0.000 0.000 0.000 0.000 0.000 0.000 0.000 0.000 0.000 0.000 0.000 0.000 0.000 0.000 0.000 0.000 0.000 0.000 0.000 0.000 0.000 23/07/2016
0.000 0.000 0.000 0.100 0.000 0.000 0.000 0.000 0.000 0.000 0.000 0.000 0.000 0.000 0.000 0.000 0.000 0.000 0.000 0.000 0.000 0.000 0.000 0.000 0.000 0.000 0.000 0.000 0.000 0.000 24/07/2016
0.000 0.000 0.000 0.000 0.000 0.000 0.000 0.000 0.000 0.000 0.000 0.000 0.000 0.000 0.000 0.000 0.000 0.000 0.000 0.000 0.000 0.000 0.000 0.000 0.000 0.000 0.000 0.000 0.000 0.000 25/07/2016
0.000 0.000 0.000 0.000 0.000 0.000 0.000 0.000 0.000 0.000 0.000 0.000 0.000 0.000 0.000 0.000 0.000 0.000 0.000 0.000 0.000 0.000 0.000 0.000 0.000 0.000 0.000 0.000 0.000 0.000 26/07/2016
0.200 0.200 0.200 0.600 0.100 0.200 0.200 0.200 0.100 0.100 0.200 0.200 0.100 0.100 0.100 0.000 0.200 0.100 0.100 0.100 0.000 0.200 0.100 0.100 0.100 0.000 0.200 0.100 0.100 0.100 27/07/2016
0.500 0.500 0.500 1.000 0.200 0.600 0.600 0.600 0.400 0.200 0.600 0.600 0.400 0.400 0.200 1.300 0.000 0.400 0.400 0.400 1.300 0.000 0.400 0.400 0.400 1.300 0.000 0.400 0.400 0.400 28/07/2016
0.000 0.000 0.000 0.800 1.100 0.000 0.000 0.000 0.300 1.000 0.000 0.000 0.300 0.300 1.000 0.000 0.100 0.300 0.300 0.300 0.000 0.100 0.300 0.300 0.300 0.000 0.100 0.300 0.300 0.300 29/07/2016
0.000 0.000 0.000 0.000 2.200 0.000 0.000 0.000 1.700 2.200 0.000 0.000 1.700 1.700 2.200 0.100 3.800 1.700 1.800 1.800 0.100 3.800 1.700 1.700 1.700 0.100 3.800 1.700 1.700 1.800 30/07/2016
0.000 0.000 0.000 0.000 0.000 0.000 0.000 0.000 0.000 0.000 0.000 0.000 0.000 0.000 0.000 0.000 0.000 0.000 0.000 0.000 0.000 0.000 0.000 0.000 0.000 0.000 0.000 0.000 0.000 0.000 31/07/2016
