# 6448 6449 6450 6451 6452 6528 6529 6530 6531 6532 6610 6611 6612 6613 6614 6693 6694 6695 6696 6697 6776 6777 6778 6779 6780 6859 6860 6861 6862 6863 Date
2.300 2.300 2.300 1.400 1.700 2.400 2.400 2.400 0.300 1.700 2.300 2.300 0.300 0.300 1.700 0.200 0.300 0.300 0.300 0.300 0.200 0.300 0.300 0.300 0.300 0.100 0.300 0.300 0.300 0.300 01/08/1972
2.800 2.800 2.800 1.000 4.900 2.900 2.900 2.900 3.500 4.900 2.900 2.800 3.500 3.500 4.800 3.700 1.100 3.500 3.500 3.500 3.600 1.100 3.500 3.500 3.500 3.600 1.100 3.500 3.500 3.500 02/08/1972
0.000 0.000 0.000 0.000 0.000 0.000 0.000 0.000 0.000 0.000 0.000 0.000 0.000 0.000 0.000 0.000 0.000 0.000 0.000 0.000 0.000 0.000 0.000 0.000 0.000 0.000 0.000 0.000 0.000 0.000 03/08/1972
0.000 0.000 0.000 0.000 0.000 0.000 0.000 0.000 0.000 0.000 0.000 0.000 0.000 0.000 0.000 0.000 0.000 0.000 0.000 0.000 0.000 0.000 0.000 0.000 0.000 0.000 0.000 0.000 0.000 0.000 04/08/1972
0.000 0.000 0.000 0.000 0.000 0.000 0.000 0.000 0.000 0.000 0.000 0.000 0.000 0.000 0.000 0.000 0.000 0.000 0.000 0.000 0.000 0.000 0.000 0.000 0.000 0.000 0.000 0.000 0.000 0.000 05/08/1972
1.000 1.000 1.000 0.100 0.700 1.000 1.000 1.000 0.300 0.700 1.000 1.000 0.300 0.300 0.700 0.400 0.500 0.300 0.300 0.300 0.400 0.500 0.300 0.300 0.300 0.400 0.500 0.300 0.300 0.300 06/08/1972
0.700 0.700 0.700 0.600 0.000 0.700 0.700 0.700 0.000 0.000 0.700 0.700 0.000 0.000 0.000 0.000 0.300 0.000 0.000 0.000 0.000 0.300 0.000 0.000 0.000 0.000 0.300 0.000 0.000 0.000 07/08/1972
1.200 1.200 1.200 1.100 5.700 1.200 1.200 1.200 5.100 5.600 1.200 1.200 5.100 5.100 5.600 1.300 8.000 5.100 5.100 5.100 1.300 8.100 5.100 5.100 5.000 1.300 8.000 5.000 5.000 5.100 08/08/1972
7.500 7.600 7.600 12.300 10.600 7.700 7.700 7.700 10.000 10.500 7.700 7.600 10.000 10.100 10.500 12.900 9.400 10.000 10.100 10.100 12.800 9.500 10.000 10.000 10.000 12.600 9.400 9.900 9.900 10.100 09/08/1972
13.200 13.300 13.400 17.600 19.000 13.500 13.600 13.500 11.200 18.900 13.500 13.400 11.100 11.200 18.800 11.200 13.500 11.100 11.300 11.300 11.100 13.600 11.200 11.100 11.100 10.900 13.500 11.000 11.000 11.300 10/08/1972
2.500 2.500 2.500 3.500 1.900 2.500 2.600 2.500 2.300 1.800 2.500 2.500 2.200 2.400 1.800 2.100 6.800 2.300 2.500 2.500 2.100 6.800 2.300 2.200 2.100 2.100 6.800 1.900 2.000 2.500 11/08/1972
5.800 5.800 5.800 1.400 19.900 5.900 5.900 5.900 13.500 19.800 5.900 5.900 13.400 13.500 19.600 5.500 11.200 13.400 13.600 13.600 5.500 11.200 13.500 13.400 13.400 5.400 11.200 13.200 13.300 13.600 12/08/1972
9.000 9.100 9.100 5.300 15.900 9.200 9.300 9.200 19.400 15.800 9.200 9.200 19.300 19.500 15.600 13.200 39.700 19.400 19.600 19.600 13.100 39.800 19.400 19.300 19.300 13.000 39.500 19.100 19.100 19.600 13/08/1972
4.500 4.500 4.500 0.300 16.700 4.500 4.600 4.500 12.800 16.600 4.500 4.500 12.800 12.900 16.500 27.000 46.100 12.800 12.900 12.900 26.800 46.200 12.800 12.700 12.700 26.400 45.900 12.600 12.600 12.900 14/08/1972
0.600 0.600 0.600 0.200 0.600 0.600 0.700 0.600 2.600 0.600 0.600 0.600 2.600 2.600 0.600 2.900 2.700 2.600 2.600 2.600 2.800 2.700 2.600 2.600 2.600 2.800 2.600 2.600 2.600 2.600 15/08/1972
0.000 0.000 0.000 0.000 0.000 0.000 0.000 0.000 0.000 0.000 0.000 0.000 0.000 0.000 0.000 0.000 0.000 0.000 0.000 0.000 0.000 0.000 0.000 0.000 0.000 0.000 0.000 0.000 0.000 0.000 16/08/1972
3.600 3.600 3.600 2.300 3.100 3.600 3.700 3.600 4.300 3.100 3.600 3.600 4.300 4.300 3.100 1.200 0.900 4.300 4.400 4.400 1.200 0.900 4.300 4.300 4.300 1.200 0.900 4.200 4.300 4.400 17/08/1972
0.000 0.000 0.000 0.000 0.000 0.000 0.000 0.000 0.000 0.000 0.000 0.000 0.000 0.000 0.000 0.000 0.000 0.000 0.000 0.000 0.000 0.000 0.000 0.000 0.000 0.000 0.000 0.000 0.000 0.000 18/08/1972
0.000 0.000 0.000 0.000 0.000 0.000 0.000 0.000 0.000 0.000 0.000 0.000 0.000 0.000 0.000 0.000 0.000 0.000 0.000 0.000 0.000 0.000 0.000 0.000 0.000 0.000 0.000 0.000 0.000 0.000 19/08/1972
0.000 0.000 0.000 0.000 0.000 0.000 0.000 0.000 0.000 0.000 0.000 0.000 0.000 0.000 0.000 0.000 0.000 0.000 0.000 0.000 0.000 0.000 0.000 0.000 0.000 0.000 0.000 0.000 0.000 0.000 20/08/1972
0.000 0.000 0.000 0.000 0.000 0.000 0.000 0.000 0.000 0.000 0.000 0.000 0.000 0.000 0.000 0.000 0.000 0.000 0.000 0.000 0.000 0.000 0.000 0.000 0.000 0.000 0.000 0.000 0.000 0.000 21/08/1972
0.000 0.000 0.000 0.000 0.000 0.000 0.000 0.000 0.000 0.000 0.000 0.000 0.000 0.000 0.000 0.000 0.000 0.000 0.000 0.000 0.000 0.000 0.000 0.000 0.000 0.000 0.000 0.000 0.000 0.000 22/08/1972
0.000 0.000 0.000 0.000 0.000 0.000 0.000 0.000 0.000 0.000 0.000 0.000 0.000 0.000 0.000 0.000 0.000 0.000 0.000 0.000 0.000 0.000 0.000 0.000 0.000 0.000 0.000 0.000 0.000 0.000 23/08/1972
0.000 0.000 0.000 0.000 0.000 0.000 0.000 0.000 0.000 0.000 0.000 0.000 0.000 0.000 0.000 0.000 0.000 0.000 0.000 0.000 0.000 0.000 0.000 0.000 0.000 0.000 0.000 0.000 0.000 0.000 24/08/1972
0.100 0.100 0.100 0.000 0.000 0.100 0.100 0.100 0.000 0.000 0.100 0.100 0.000 0.000 0.000 0.000 0.000 0.000 0.000 0.000 0.000 0.000 0.000 0.000 0.000 0.000 0.000 0.000 0.000 0.000 25/08/1972
4.900 4.900 5.000 1.200 0.000 5.000 5.100 5.000 0.000 0.000 5.000 5.000 0.000 0.000 0.000 2.700 0.100 0.000 0.000 0.000 2.600 0.100 0.000 0.000 0.000 2.600 0.100 0.000 0.000 0.000 26/08/1972
0.000 0.000 0.000 0.000 0.000 0.000 0.000 0.000 0.000 0.000 0.000 0.000 0.000 0.000 0.000 0.000 0.000 0.000 0.000 0.000 0.000 0.000 0.000 0.000 0.000 0.000 0.000 0.000 0.000 0.000 27/08/1972
0.500 0.500 0.500 0.900 0.000 0.500 0.500 0.500 0.000 0.000 0.500 0.500 0.000 0.000 0.000 0.000 0.000 0.000 0.000 0.000 0.000 0.000 0.000 0.000 0.000 0.000 0.000 0.000 0.000 0.000 28/08/1972
0.700 0.700 0.700 2.000 5.100 0.700 0.700 0.700 2.500 5.100 0.700 0.700 2.500 2.500 5.100 1.100 0.100 2.500 2.500 2.500 1.000 0.100 2.500 2.500 2.500 1.000 0.100 2.500 2.500 2.500 29/08/1972
11.400 11.400 11.500 1.400 4.700 11.600 11.700 11.600 0.100 4.700 11.500 11.500 0.100 0.100 4.700 1.300 4.500 0.100 0.100 0.100 1.300 4.500 0.100 0.100 0.100 1.300 4.500 0.100 0.100 0.100 30/08/1972
3.500 3.500 3.500 0.100 0.100 3.500 3.600 3.500 1.700 0.100 3.500 3.500 1.700 1.700 0.100 7.300 1.100 1.700 1.700 1.700 7.200 1.100 1.700 1.700 1.700 7.100 1.100 1.600 1.600 1.700 31/08/1972
0.000 0.000 0.000 2.100 0.100 0.000 0.000 0.000 0.000 0.100 0.000 0.000 0.000 0.000 0.100 0.000 0.600 0.000 0.000 0.000 0.000 0.700 0.000 0.000 0.000 0.000 0.600 0.000 0.000 0.000 01/09/1972
0.000 0.000 0.000 0.000 0.000 0.000 0.000 0.000 0.000 0.000 0.000 0.000 0.000 0.000 0.000 0.000 0.000 0.000 0.000 0.000 0.000 0.000 0.000 0.000 0.000 0.000 0.000 0.000 0.000 0.000 02/09/1972
0.900 0.900 0.900 1.100 8.500 0.900 0.900 0.900 2.300 8.400 0.900 0.900 2.300 2.300 8.400 0.100 1.700 2.300 2.300 2.300 0.100 1.700 2.300 2.300 2.300 0.100 1.600 2.200 2.200 2.300 03/09/1972
3.400 3.400 3.400 3.200 5.100 3.500 3.500 3.500 3.300 5.100 3.400 3.400 3.300 3.300 5.100 1.600 0.900 3.300 3.300 3.300 1.600 0.900 3.300 3.300 3.200 1.600 0.800 3.200 3.200 3.300 04/09/1972
1.700 1.700 1.700 0.000 1.000 1.800 1.800 1.800 0.000 0.900 1.700 1.700 0.000 0.000 0.900 0.600 0.000 0.000 0.000 0.000 0.600 0.000 0.000 0.000 0.000 0.600 0.000 0.000 0.000 0.000 05/09/1972
0.000 0.000 0.000 1.000 2.400 0.000 0.000 0.000 9.000 2.400 0.000 0.000 8.900 9.000 2.400 2.100 7.500 9.000 9.100 9.100 2.100 7.500 9.000 8.900 8.900 2.100 7.500 8.800 8.900 9.100 06/09/1972
4.600 4.700 4.700 0.200 23.600 4.700 4.800 4.700 6.800 23.500 4.700 4.700 6.800 6.800 23.300 3.300 3.500 6.800 6.900 6.900 3.300 3.500 6.800 6.800 6.800 3.200 3.500 6.700 6.700 6.900 07/09/1972
0.000 0.000 0.000 0.000 0.000 0.000 0.000 0.000 0.000 0.000 0.000 0.000 0.000 0.000 0.000 0.000 0.000 0.000 0.000 0.000 0.000 0.000 0.000 0.000 0.000 0.000 0.000 0.000 0.000 0.000 08/09/1972
6.600 6.700 6.700 9.500 13.100 6.800 6.800 6.800 7.800 13.100 6.800 6.700 7.800 7.900 13.000 5.000 5.600 7.800 7.900 7.900 5.000 5.600 7.800 7.800 7.800 4.900 5.600 7.700 7.700 7.900 09/09/1972
0.100 0.100 0.100 0.000 0.100 0.100 0.100 0.100 0.100 0.100 0.100 0.100 0.100 0.100 0.100 0.000 0.200 0.100 0.100 0.100 0.000 0.200 0.100 0.100 0.100 0.000 0.200 0.100 0.100 0.100 10/09/1972
0.000 0.000 0.000 0.000 0.000 0.000 0.000 0.000 0.000 0.000 0.000 0.000 0.000 0.000 0.000 0.000 0.000 0.000 0.000 0.000 0.000 0.000 0.000 0.000 0.000 0.000 0.000 0.000 0.000 0.000 11/09/1972
0.000 0.000 0.000 0.000 0.000 0.000 0.000 0.000 0.000 0.000 0.000 0.000 0.000 0.000 0.000 0.000 0.000 0.000 0.000 0.000 0.000 0.000 0.000 0.000 0.000 0.000 0.000 0.000 0.000 0.000 12/09/1972
0.800 0.800 0.800 1.300 0.500 0.800 0.800 0.800 0.000 0.500 0.800 0.800 0.000 0.000 0.500 0.000 0.900 0.000 0.000 0.000 0.000 0.900 0.000 0.000 0.000 0.000 0.900 0.000 0.000 0.000 13/09/1972
0.000 0.000 0.000 0.000 0.300 0.000 0.000 0.000 0.000 0.300 0.000 0.000 0.000 0.000 0.300 0.000 0.100 0.000 0.000 0.000 0.000 0.100 0.000 0.000 0.000 0.000 0.100 0.000 0.000 0.000 14/09/1972
0.000 0.000 0.000 0.000 0.000 0.000 0.000 0.000 0.000 0.000 0.000 0.000 0.000 0.000 0.000 0.000 0.000 0.000 0.000 0.000 0.000 0.000 0.000 0.000 0.000 0.000 0.000 0.000 0.000 0.000 15/09/1972
0.000 0.000 0.000 0.000 0.000 0.000 0.000 0.000 0.000 0.000 0.000 0.000 0.000 0.000 0.000 0.000 0.000 0.000 0.000 0.000 0.000 0.000 0.000 0.000 0.000 0.000 0.000 0.000 0.000 0.000 16/09/1972
0.100 0.100 0.100 0.000 0.000 0.100 0.100 0.100 0.000 0.000 0.100 0.100 0.000 0.000 0.000 0.900 0.100 0.000 0.000 0.000 0.900 0.100 0.000 0.000 0.000 0.900 0.100 0.000 0.000 0.000 17/09/1972
0.000 0.000 0.000 0.000 1.100 0.000 0.000 0.000 0.100 1.100 0.000 0.000 0.100 0.100 1.100 0.000 0.000 0.100 0.100 0.100 0.000 0.000 0.100 0.100 0.100 0.000 0.000 0.100 0.100 0.100 18/09/1972
3.200 3.200 3.200 1.200 2.800 3.300 3.300 3.300 2.000 2.800 3.300 3.300 2.000 2.000 2.700 0.000 0.200 2.000 2.000 2.000 0.000 0.200 2.000 2.000 2.000 0.000 0.200 1.900 1.900 2.000 19/09/1972
0.000 0.000 0.000 0.000 0.000 0.000 0.000 0.000 0.000 0.000 0.000 0.000 0.000 0.000 0.000 0.000 0.000 0.000 0.000 0.000 0.000 0.000 0.000 0.000 0.000 0.000 0.000 0.000 0.000 0.000 20/09/1972
0.000 0.000 0.000 0.000 0.000 0.000 0.000 0.000 0.000 0.000 0.000 0.000 0.000 0.000 0.000 0.000 0.000 0.000 0.000 0.000 0.000 0.000 0.000 0.000 0.000 0.000 0.000 0.000 0.000 0.000 21/09/1972
0.000 0.000 0.000 0.000 0.000 0.000 0.000 0.000 0.000 0.000 0.000 0.000 0.000 0.000 0.000 0.000 0.000 0.000 0.000 0.000 0.000 0.000 0.000 0.000 0.000 0.000 0.000 0.000 0.000 0.000 22/09/1972
0.000 0.000 0.000 0.000 0.000 0.000 0.000 0.000 0.000 0.000 0.000 0.000 0.000 0.000 0.000 0.000 0.200 0.000 0.000 0.000 0.000 0.200 0.000 0.000 0.000 0.000 0.200 0.000 0.000 0.000 23/09/1972
0.000 0.000 0.000 0.000 0.000 0.000 0.000 0.000 0.000 0.000 0.000 0.000 0.000 0.000 0.000 0.000 0.000 0.000 0.000 0.000 0.000 0.000 0.000 0.000 0.000 0.000 0.000 0.000 0.000 0.000 24/09/1972
0.000 0.000 0.000 0.000 0.000 0.000 0.000 0.000 0.000 0.000 0.000 0.000 0.000 0.000 0.000 0.000 0.000 0.000 0.000 0.000 0.000 0.000 0.000 0.000 0.000 0.000 0.000 0.000 0.000 0.000 25/09/1972
0.000 0.000 0.000 0.000 0.000 0.000 0.000 0.000 0.000 0.000 0.000 0.000 0.000 0.000 0.000 0.000 0.000 0.000 0.000 0.000 0.000 0.000 0.000 0.000 0.000 0.000 0.000 0.000 0.000 0.000 26/09/1972
0.000 0.000 0.000 0.000 0.000 0.000 0.000 0.000 0.000 0.000 0.000 0.000 0.000 0.000 0.000 0.000 0.000 0.000 0.000 0.000 0.000 0.000 0.000 0.000 0.000 0.000 0.000 0.000 0.000 0.000 27/09/1972
0.000 0.000 0.000 0.000 0.000 0.000 0.000 0.000 0.000 0.000 0.000 0.000 0.000 0.000 0.000 0.000 0.000 0.000 0.000 0.000 0.000 0.000 0.000 0.000 0.000 0.000 0.000 0.000 0.000 0.000 28/09/1972
0.000 0.000 0.000 0.000 0.000 0.000 0.000 0.000 0.000 0.000 0.000 0.000 0.000 0.000 0.000 0.000 0.000 0.000 0.000 0.000 0.000 0.000 0.000 0.000 0.000 0.000 0.000 0.000 0.000 0.000 29/09/1972
0.000 0.000 0.000 0.000 0.000 0.000 0.000 0.000 0.000 0.000 0.000 0.000 0.000 0.000 0.000 0.000 0.000 0.000 0.000 0.000 0.000 0.000 0.000 0.000 0.000 0.000 0.000 0.000 0.000 0.000 30/09/1972
0.400 0.400 0.400 0.300 3.400 0.400 0.500 0.400 0.600 3.400 0.400 0.400 0.600 0.600 3.300 0.000 0.700 0.600 0.600 0.600 0.000 0.700 0.600 0.600 0.600 0.000 0.700 0.600 0.600 0.600 01/10/1972
0.000 0.000 0.000 0.000 0.000 0.000 0.000 0.000 0.000 0.000 0.000 0.000 0.000 0.000 0.000 0.000 0.000 0.000 0.000 0.000 0.000 0.000 0.000 0.000 0.000 0.000 0.000 0.000 0.000 0.000 02/10/1972
0.000 0.000 0.000 0.000 0.000 0.000 0.000 0.000 0.000 0.000 0.000 0.000 0.000 0.000 0.000 0.000 0.000 0.000 0.000 0.000 0.000 0.000 0.000 0.000 0.000 0.000 0.000 0.000 0.000 0.000 03/10/1972
0.000 0.000 0.000 0.000 0.000 0.000 0.000 0.000 0.000 0.000 0.000 0.000 0.000 0.000 0.000 0.000 0.000 0.000 0.000 0.000 0.000 0.000 0.000 0.000 0.000 0.000 0.000 0.000 0.000 0.000 04/10/1972
0.000 0.000 0.000 0.000 0.000 0.000 0.000 0.000 0.000 0.000 0.000 0.000 0.000 0.000 0.000 0.000 0.000 0.000 0.000 0.000 0.000 0.000 0.000 0.000 0.000 0.000 0.000 0.000 0.000 0.000 05/10/1972
0.000 0.000 0.000 0.000 0.000 0.000 0.000 0.000 0.000 0.000 0.000 0.000 0.000 0.000 0.000 0.000 0.000 0.000 0.000 0.000 0.000 0.000 0.000 0.000 0.000 0.000 0.000 0.000 0.000 0.000 06/10/1972
0.000 0.000 0.000 0.000 0.000 0.000 0.000 0.000 0.000 0.000 0.000 0.000 0.000 0.000 0.000 0.000 0.000 0.000 0.000 0.000 0.000 0.000 0.000 0.000 0.000 0.000 0.000 0.000 0.000 0.000 07/10/1972
0.000 0.000 0.000 0.000 0.000 0.000 0.000 0.000 0.000 0.000 0.000 0.000 0.000 0.000 0.000 0.000 0.000 0.000 0.000 0.000 0.000 0.000 0.000 0.000 0.000 0.000 0.000 0.000 0.000 0.000 08/10/1972
0.200 0.200 0.200 0.100 0.000 0.200 0.200 0.200 0.000 0.000 0.200 0.200 0.000 0.000 0.000 1.000 0.000 0.000 0.000 0.000 0.900 0.000 0.000 0.000 0.000 0.900 0.000 0.000 0.000 0.000 09/10/1972
14.000 14.100 14.200 15.700 14.100 14.300 14.500 14.300 7.700 14.000 14.300 14.300 7.700 7.800 13.900 10.200 11.300 7.700 7.800 7.800 10.100 11.400 7.700 7.700 7.700 10.000 11.300 7.600 7.600 7.800 10/10/1972
0.000 0.000 0.000 0.100 0.900 0.000 0.000 0.000 1.900 0.900 0.000 0.000 1.900 1.900 0.900 0.000 3.700 1.900 1.900 1.900 0.000 3.700 1.900 1.900 1.900 0.000 3.700 1.900 1.900 1.900 11/10/1972
14.700 14.800 14.800 8.900 4.500 15.000 15.100 15.000 9.200 4.500 14.900 14.900 9.100 9.200 4.500 13.000 5.100 9.200 9.300 9.300 12.900 5.100 9.200 9.100 9.100 12.800 5.100 9.000 9.100 9.300 12/10/1972
0.800 0.900 0.900 1.500 9.300 0.900 0.900 0.900 1.200 9.200 0.900 0.900 1.200 1.200 9.100 0.500 2.600 1.200 1.200 1.200 0.500 2.600 1.200 1.100 1.100 0.500 2.600 1.100 1.100 1.200 13/10/1972
0.000 0.000 0.000 0.100 0.000 0.000 0.000 0.000 0.000 0.000 0.000 0.000 0.000 0.000 0.000 0.000 0.000 0.000 0.000 0.000 0.000 0.000 0.000 0.000 0.000 0.000 0.000 0.000 0.000 0.000 14/10/1972
0.000 0.000 0.000 0.000 0.000 0.000 0.000 0.000 0.000 0.000 0.000 0.000 0.000 0.000 0.000 0.000 0.000 0.000 0.000 0.000 0.000 0.000 0.000 0.000 0.000 0.000 0.000 0.000 0.000 0.000 15/10/1972
0.000 0.000 0.000 0.000 0.000 0.000 0.000 0.000 0.000 0.000 0.000 0.000 0.000 0.000 0.000 0.000 0.000 0.000 0.000 0.000 0.000 0.000 0.000 0.000 0.000 0.000 0.000 0.000 0.000 0.000 16/10/1972
0.000 0.000 0.000 0.000 0.000 0.000 0.000 0.000 0.000 0.000 0.000 0.000 0.000 0.000 0.000 0.000 0.000 0.000 0.000 0.000 0.000 0.000 0.000 0.000 0.000 0.000 0.000 0.000 0.000 0.000 17/10/1972
0.000 0.000 0.000 0.000 0.000 0.000 0.000 0.000 0.000 0.000 0.000 0.000 0.000 0.000 0.000 0.000 0.000 0.000 0.000 0.000 0.000 0.000 0.000 0.000 0.000 0.000 0.000 0.000 0.000 0.000 18/10/1972
0.000 0.000 0.000 0.000 0.000 0.000 0.000 0.000 0.000 0.000 0.000 0.000 0.000 0.000 0.000 0.000 0.000 0.000 0.000 0.000 0.000 0.000 0.000 0.000 0.000 0.000 0.000 0.000 0.000 0.000 19/10/1972
0.000 0.000 0.000 0.000 0.000 0.000 0.000 0.000 0.000 0.000 0.000 0.000 0.000 0.000 0.000 0.000 0.000 0.000 0.000 0.000 0.000 0.000 0.000 0.000 0.000 0.000 0.000 0.000 0.000 0.000 20/10/1972
0.000 0.000 0.000 0.000 0.000 0.000 0.000 0.000 0.000 0.000 0.000 0.000 0.000 0.000 0.000 0.000 0.000 0.000 0.000 0.000 0.000 0.000 0.000 0.000 0.000 0.000 0.000 0.000 0.000 0.000 21/10/1972
0.000 0.000 0.000 0.000 0.000 0.000 0.000 0.000 0.000 0.000 0.000 0.000 0.000 0.000 0.000 0.000 0.000 0.000 0.000 0.000 0.000 0.000 0.000 0.000 0.000 0.000 0.000 0.000 0.000 0.000 22/10/1972
0.000 0.000 0.000 0.000 0.000 0.000 0.000 0.000 0.000 0.000 0.000 0.000 0.000 0.000 0.000 0.000 0.000 0.000 0.000 0.000 0.000 0.000 0.000 0.000 0.000 0.000 0.000 0.000 0.000 0.000 23/10/1972
0.000 0.000 0.000 0.000 0.000 0.000 0.000 0.000 0.000 0.000 0.000 0.000 0.000 0.000 0.000 0.000 0.000 0.000 0.000 0.000 0.000 0.000 0.000 0.000 0.000 0.000 0.000 0.000 0.000 0.000 24/10/1972
0.800 0.800 0.800 0.100 1.900 0.800 0.800 0.800 1.500 1.900 0.800 0.800 1.500 1.500 1.900 0.800 1.300 1.500 1.500 1.500 0.800 1.300 1.500 1.500 1.500 0.800 1.300 1.500 1.500 1.500 25/10/1972
0.700 0.700 0.700 0.400 1.500 0.700 0.700 0.700 0.600 1.400 0.700 0.700 0.600 0.600 1.400 1.600 3.500 0.600 0.600 0.600 1.500 3.500 0.600 0.600 0.600 1.500 3.500 0.600 0.600 0.600 26/10/1972
7.600 7.600 7.600 7.800 20.800 7.700 7.800 7.700 16.600 20.700 7.700 7.700 16.600 16.700 20.500 7.600 11.800 16.600 16.800 16.800 7.500 11.800 16.600 16.500 16.500 7.400 11.700 16.400 16.400 16.800 27/10/1972
2.400 2.400 2.400 1.200 3.400 2.400 2.500 2.400 6.600 3.400 2.400 2.400 6.600 6.700 3.400 1.100 1.400 6.600 6.700 6.700 1.100 1.400 6.600 6.600 6.600 1.100 1.400 6.500 6.600 6.700 28/10/1972
0.000 0.000 0.000 0.200 0.000 0.000 0.000 0.000 0.000 0.000 0.000 0.000 0.000 0.000 0.000 0.000 0.000 0.000 0.000 0.000 0.000 0.000 0.000 0.000 0.000 0.000 0.000 0.000 0.000 0.000 29/10/1972
0.000 0.000 0.000 0.000 0.000 0.000 0.000 0.000 0.000 0.000 0.000 0.000 0.000 0.000 0.000 0.000 0.000 0.000 0.000 0.000 0.000 0.000 0.000 0.000 0.000 0.000 0.000 0.000 0.000 0.000 30/10/1972
1.500 1.500 1.600 1.200 1.300 1.600 1.600 1.600 1.300 1.300 1.600 1.600 1.300 1.300 1.300 1.700 1.000 1.300 1.300 1.300 1.600 1.000 1.300 1.300 1.300 1.600 1.000 1.300 1.300 1.300 31/10/1972
0.300 0.300 0.300 0.000 0.300 0.300 0.300 0.300 0.100 0.300 0.300 0.300 0.100 0.100 0.300 0.500 3.900 0.100 0.100 0.100 0.500 3.900 0.100 0.100 0.100 0.400 3.900 0.100 0.100 0.100 01/11/1972
0.000 0.000 0.000 0.000 0.000 0.000 0.000 0.000 0.000 0.000 0.000 0.000 0.000 0.000 0.000 0.000 0.000 0.000 0.000 0.000 0.000 0.000 0.000 0.000 0.000 0.000 0.000 0.000 0.000 0.000 02/11/1972
0.000 0.000 0.000 0.000 0.000 0.000 0.000 0.000 0.000 0.000 0.000 0.000 0.000 0.000 0.000 0.000 0.000 0.000 0.000 0.000 0.000 0.000 0.000 0.000 0.000 0.000 0.000 0.000 0.000 0.000 03/11/1972
0.000 0.000 0.000 0.000 2.300 0.000 0.000 0.000 1.100 2.300 0.000 0.000 1.100 1.100 2.200 0.000 0.000 1.100 1.100 1.100 0.000 0.000 1.100 1.100 1.100 0.000 0.000 1.100 1.100 1.100 04/11/1972
0.000 0.000 0.000 0.000 0.500 0.000 0.000 0.000 0.100 0.500 0.000 0.000 0.100 0.100 0.500 0.000 0.200 0.100 0.100 0.100 0.000 0.200 0.100 0.100 0.100 0.000 0.200 0.100 0.100 0.100 05/11/1972
0.000 0.000 0.000 0.000 0.000 0.000 0.000 0.000 0.000 0.000 0.000 0.000 0.000 0.000 0.000 0.000 0.000 0.000 0.000 0.000 0.000 0.000 0.000 0.000 0.000 0.000 0.000 0.000 0.000 0.000 06/11/1972
0.000 0.000 0.000 0.000 1.800 0.000 0.000 0.000 0.000 1.800 0.000 0.000 0.000 0.000 1.800 0.000 0.000 0.000 0.000 0.000 0.000 0.000 0.000 0.000 0.000 0.000 0.000 0.000 0.000 0.000 07/11/1972
0.100 0.100 0.100 0.000 0.000 0.100 0.100 0.100 0.000 0.000 0.100 0.100 0.000 0.000 0.000 0.400 0.000 0.000 0.000 0.000 0.400 0.000 0.000 0.000 0.000 0.400 0.000 0.000 0.000 0.000 08/11/1972
0.000 0.000 0.000 0.200 0.700 0.000 0.000 0.000 0.000 0.700 0.000 0.000 0.000 0.000 0.700 0.100 0.000 0.000 0.000 0.000 0.100 0.000 0.000 0.000 0.000 0.100 0.000 0.000 0.000 0.000 09/11/1972
6.900 6.900 7.000 7.900 7.800 7.000 7.100 7.000 10.500 7.800 7.000 7.000 10.500 10.600 7.700 7.700 6.800 10.500 10.600 10.600 7.600 6.800 10.500 10.500 10.500 7.500 6.800 10.400 10.400 10.600 10/11/1972
1.600 1.600 1.700 2.400 3.800 1.700 1.700 1.700 1.900 3.800 1.700 1.700 1.900 1.900 3.800 2.800 2.200 1.900 1.900 1.900 2.800 2.200 1.900 1.900 1.900 2.800 2.200 1.800 1.800 1.900 11/11/1972
4.700 4.700 4.800 5.600 3.700 4.800 4.800 4.800 0.200 3.500 4.800 4.800 0.200 0.200 3.300 3.500 1.000 0.200 0.200 0.200 3.500 1.000 0.200 0.200 0.200 3.400 1.000 0.200 0.200 0.200 12/11/1972
16.000 16.100 16.200 13.600 17.900 16.300 16.500 16.300 14.100 17.800 16.300 16.300 14.100 14.200 17.700 13.300 10.300 14.100 14.300 14.200 13.200 10.300 14.100 14.000 14.000 13.000 10.300 13.900 13.900 14.200 13/11/1972
11.800 11.800 11.900 16.600 10.100 12.000 12.100 12.000 11.300 10.100 12.000 12.000 11.200 11.400 10.000 10.900 7.600 11.300 11.400 11.400 10.800 7.600 11.300 11.200 11.200 10.700 7.500 11.100 11.100 11.400 14/11/1972
2.600 2.600 2.600 1.300 0.900 2.600 2.700 2.600 2.000 0.900 2.600 2.600 2.000 2.000 0.900 2.400 0.700 2.000 2.000 2.000 2.400 0.700 2.000 2.000 2.000 2.300 0.700 1.900 1.900 2.000 15/11/1972
6.800 6.900 6.900 7.900 10.000 7.000 7.000 7.000 9.500 10.000 7.000 6.900 9.500 9.500 9.900 2.000 1.400 9.500 9.600 9.600 2.000 1.400 9.500 9.400 9.400 1.900 1.400 9.400 9.400 9.600 16/11/1972
8.600 8.600 8.700 8.900 11.700 8.700 8.800 8.700 5.900 11.700 8.700 8.700 5.800 5.900 11.600 6.100 7.700 5.900 5.900 5.900 6.000 7.800 5.900 5.800 5.800 6.000 7.700 5.800 5.800 5.900 17/11/1972
0.800 0.800 0.800 0.400 0.500 0.800 0.900 0.800 0.500 0.500 0.800 0.800 0.400 0.500 0.500 1.000 0.300 0.400 0.500 0.500 1.000 0.300 0.500 0.400 0.400 1.000 0.300 0.400 0.400 0.500 18/11/1972
8.600 8.600 8.600 7.000 10.900 8.700 8.800 8.700 11.100 10.800 8.700 8.700 11.100 11.200 10.700 8.000 13.300 11.100 11.200 11.200 7.900 13.300 11.100 11.100 11.000 7.800 13.200 10.900 11.000 11.200 19/11/1972
10.400 10.400 10.500 12.600 12.700 10.600 10.700 10.600 5.600 12.600 10.500 10.500 5.600 5.600 12.500 4.600 7.000 5.600 5.700 5.700 4.600 7.000 5.600 5.600 5.600 4.500 6.900 5.500 5.500 5.700 20/11/1972
13.200 13.200 13.300 16.000 11.800 13.400 13.500 13.400 11.200 11.700 13.400 13.400 11.100 11.200 11.600 12.100 11.400 11.100 11.300 11.300 11.900 11.500 11.200 11.100 11.100 11.800 11.400 11.000 11.000 11.300 21/11/1972
10.400 10.500 10.500 15.700 8.000 10.600 10.700 10.600 4.900 8.000 10.600 10.600 4.900 5.000 7.900 5.100 0.300 4.900 5.000 5.000 5.100 0.400 4.900 4.900 4.900 5.000 0.300 4.800 4.800 5.000 22/11/1972
0.000 0.000 0.000 0.000 0.900 0.000 0.000 0.000 0.000 0.900 0.000 0.000 0.000 0.000 0.900 0.000 0.100 0.000 0.000 0.000 0.000 0.100 0.000 0.000 0.000 0.000 0.100 0.000 0.000 0.000 23/11/1972
0.000 0.000 0.000 0.000 0.000 0.000 0.000 0.000 0.000 0.000 0.000 0.000 0.000 0.000 0.000 0.000 0.000 0.000 0.000 0.000 0.000 0.000 0.000 0.000 0.000 0.000 0.000 0.000 0.000 0.000 24/11/1972
0.100 0.100 0.100 0.200 0.000 0.100 0.000 0.100 0.000 0.000 0.100 0.100 0.000 0.000 0.000 0.600 0.000 0.000 0.000 0.000 0.600 0.000 0.000 0.000 0.000 0.700 0.000 0.000 0.000 0.000 25/11/1972
0.300 0.300 0.300 0.000 0.300 0.300 0.300 0.300 0.000 0.300 0.300 0.300 0.000 0.000 0.300 0.100 0.000 0.000 0.000 0.000 0.100 0.000 0.000 0.100 0.100 0.100 0.000 0.100 0.100 0.000 26/11/1972
0.000 0.000 0.000 0.000 0.900 0.000 0.000 0.000 0.000 0.900 0.000 0.000 0.000 0.000 0.900 0.000 0.000 0.000 0.000 0.000 0.000 0.000 0.000 0.000 0.000 0.000 0.000 0.000 0.000 0.000 27/11/1972
0.500 0.500 0.500 0.000 1.000 0.500 0.500 0.500 0.000 0.900 0.500 0.500 0.000 0.000 0.900 0.000 0.000 0.000 0.000 0.000 0.000 0.000 0.000 0.000 0.000 0.000 0.000 0.000 0.000 0.000 28/11/1972
4.300 4.300 4.400 4.900 6.400 4.400 4.400 4.400 6.200 6.400 4.400 4.400 6.200 6.200 6.300 3.500 4.800 6.200 6.300 6.200 3.500 4.800 6.200 6.200 6.200 3.400 4.800 6.100 6.100 6.300 29/11/1972
0.500 0.500 0.500 1.700 3.300 0.600 0.600 0.600 0.700 3.300 0.600 0.500 0.700 0.700 3.200 0.500 0.200 0.700 0.700 0.700 0.500 0.200 0.700 0.700 0.700 0.500 0.200 0.700 0.700 0.700 30/11/1972
0.200 0.200 0.200 0.100 0.500 0.200 0.200 0.200 0.400 0.500 0.200 0.200 0.400 0.400 0.500 0.300 0.000 0.400 0.400 0.400 0.300 0.000 0.400 0.400 0.400 0.300 0.000 0.400 0.400 0.400 01/12/1972
7.600 7.700 7.700 8.100 6.800 7.700 7.800 7.700 5.300 6.800 7.700 7.700 5.300 5.300 6.700 4.300 7.500 5.300 5.400 5.300 4.200 7.500 5.300 5.300 5.300 4.200 7.500 5.200 5.200 5.400 02/12/1972
0.300 0.300 0.300 0.100 0.700 0.300 0.300 0.300 1.000 0.600 0.300 0.300 1.000 1.000 0.600 0.000 0.100 1.000 1.000 1.000 0.000 0.100 1.000 1.000 1.000 0.000 0.100 1.000 1.000 1.000 03/12/1972
5.500 5.500 5.500 2.900 4.700 5.600 5.600 5.600 4.200 4.600 5.600 5.600 4.200 4.200 4.600 3.500 2.000 4.200 4.300 4.200 3.500 2.000 4.200 4.200 4.200 3.500 2.000 4.100 4.200 4.300 04/12/1972
0.100 0.100 0.100 0.500 0.300 0.100 0.100 0.100 1.300 0.300 0.100 0.100 1.300 1.300 0.300 0.100 0.100 1.300 1.300 1.300 0.100 0.100 1.300 1.300 1.300 0.100 0.100 1.300 1.300 1.300 05/12/1972
11.500 11.500 11.600 10.300 10.600 11.700 11.800 11.700 7.800 10.500 11.700 11.700 7.800 7.900 10.400 9.300 8.400 7.800 7.900 7.900 9.200 8.500 7.800 7.800 7.800 9.100 8.400 7.700 7.700 7.900 06/12/1972
7.400 7.400 7.500 8.700 13.600 7.500 7.600 7.500 10.400 13.500 7.500 7.500 10.400 10.500 13.400 6.700 10.100 10.400 10.500 10.500 6.700 10.100 10.400 10.400 10.400 6.600 10.000 10.300 10.300 10.500 07/12/1972
4.100 4.200 4.200 2.700 6.500 4.200 4.200 4.200 6.800 6.400 4.200 4.200 6.700 6.800 6.400 4.400 5.900 6.800 6.800 6.800 4.400 5.900 6.800 6.700 6.700 4.300 5.800 6.700 6.700 6.800 08/12/1972
0.100 0.100 0.100 0.100 0.500 0.100 0.100 0.100 0.000 0.500 0.100 0.100 0.000 0.000 0.500 2.000 0.800 0.000 0.000 0.000 1.900 0.800 0.000 0.000 0.000 1.900 0.800 0.000 0.000 0.000 09/12/1972
0.000 0.000 0.000 0.000 0.000 0.000 0.000 0.000 0.000 0.000 0.000 0.000 0.000 0.000 0.000 0.000 0.000 0.000 0.000 0.000 0.000 0.000 0.000 0.000 0.000 0.000 0.000 0.000 0.000 0.000 10/12/1972
0.000 0.000 0.000 0.000 0.000 0.000 0.000 0.000 0.000 0.000 0.000 0.000 0.000 0.000 0.000 0.000 0.000 0.000 0.000 0.000 0.000 0.000 0.000 0.000 0.000 0.000 0.000 0.000 0.000 0.000 11/12/1972
0.000 0.000 0.000 0.000 0.000 0.000 0.000 0.000 0.000 0.000 0.000 0.000 0.000 0.000 0.000 0.000 0.000 0.000 0.000 0.000 0.000 0.000 0.000 0.000 0.000 0.000 0.000 0.000 0.000 0.000 12/12/1972
0.000 0.000 0.000 0.000 0.000 0.000 0.000 0.000 0.000 0.000 0.000 0.000 0.000 0.000 0.000 0.000 0.000 0.000 0.000 0.000 0.000 0.000 0.000 0.000 0.000 0.000 0.000 0.000 0.000 0.000 13/12/1972
0.000 0.000 0.000 0.000 0.000 0.000 0.000 0.000 0.000 0.000 0.000 0.000 0.000 0.000 0.000 0.000 0.000 0.000 0.000 0.000 0.000 0.000 0.000 0.000 0.000 0.000 0.000 0.000 0.000 0.000 14/12/1972
0.000 0.000 0.000 0.000 0.000 0.000 0.000 0.000 0.000 0.000 0.000 0.000 0.000 0.000 0.000 0.000 0.000 0.000 0.000 0.000 0.000 0.000 0.000 0.000 0.000 0.000 0.000 0.000 0.000 0.000 15/12/1972
0.000 0.000 0.000 0.000 0.000 0.000 0.000 0.000 0.000 0.000 0.000 0.000 0.000 0.000 0.000 0.000 0.000 0.000 0.000 0.000 0.000 0.000 0.000 0.000 0.000 0.000 0.000 0.000 0.000 0.000 16/12/1972
0.000 0.000 0.000 0.000 0.000 0.000 0.000 0.000 0.000 0.000 0.000 0.000 0.000 0.000 0.000 0.000 0.000 0.000 0.000 0.000 0.000 0.000 0.000 0.000 0.000 0.000 0.000 0.000 0.000 0.000 17/12/1972
0.000 0.000 0.000 0.000 0.000 0.000 0.000 0.000 0.000 0.000 0.000 0.000 0.000 0.000 0.000 0.000 0.000 0.000 0.000 0.000 0.000 0.000 0.000 0.000 0.000 0.000 0.000 0.000 0.000 0.000 18/12/1972
0.000 0.000 0.000 0.000 0.000 0.000 0.000 0.000 0.000 0.000 0.000 0.000 0.000 0.000 0.000 0.000 0.000 0.000 0.000 0.000 0.000 0.000 0.000 0.000 0.000 0.000 0.000 0.000 0.000 0.000 19/12/1972
0.000 0.000 0.000 0.000 0.000 0.000 0.000 0.000 0.000 0.000 0.000 0.000 0.000 0.000 0.000 0.000 0.000 0.000 0.000 0.000 0.000 0.000 0.000 0.000 0.000 0.000 0.000 0.000 0.000 0.000 20/12/1972
0.000 0.000 0.000 0.000 0.000 0.000 0.000 0.000 0.000 0.000 0.000 0.000 0.000 0.000 0.000 0.000 0.000 0.000 0.000 0.000 0.000 0.000 0.000 0.000 0.000 0.000 0.000 0.000 0.000 0.000 21/12/1972
0.000 0.000 0.000 0.000 0.000 0.000 0.000 0.000 0.000 0.000 0.000 0.000 0.000 0.000 0.000 0.000 0.000 0.000 0.000 0.000 0.000 0.000 0.000 0.000 0.000 0.000 0.000 0.000 0.000 0.000 22/12/1972
0.000 0.000 0.000 0.000 0.000 0.000 0.000 0.000 0.000 0.000 0.000 0.000 0.000 0.000 0.000 0.000 0.000 0.000 0.000 0.000 0.000 0.000 0.000 0.000 0.000 0.000 0.000 0.000 0.000 0.000 23/12/1972
0.000 0.000 0.000 0.000 0.000 0.000 0.000 0.000 0.000 0.000 0.000 0.000 0.000 0.000 0.000 0.000 0.000 0.000 0.000 0.000 0.000 0.000 0.000 0.000 0.000 0.000 0.000 0.000 0.000 0.000 24/12/1972
0.000 0.000 0.000 0.000 0.000 0.000 0.000 0.000 0.000 0.000 0.000 0.000 0.000 0.000 0.000 0.000 0.000 0.000 0.000 0.000 0.000 0.000 0.000 0.000 0.000 0.000 0.000 0.000 0.000 0.000 25/12/1972
4.400 4.500 4.500 3.200 1.700 4.500 4.600 4.500 3.300 1.700 4.500 4.500 3.300 3.300 1.600 4.300 4.700 3.300 3.300 3.300 4.300 4.700 3.300 3.200 3.200 4.200 4.600 3.200 3.200 3.300 26/12/1972
1.000 1.000 1.000 0.100 3.100 1.000 1.100 1.000 2.400 3.100 1.000 1.000 2.400 2.400 3.100 1.800 0.600 2.400 2.400 2.400 1.800 0.600 2.400 2.400 2.400 1.800 0.600 2.400 2.400 2.400 27/12/1972
0.100 0.100 0.100 0.000 0.000 0.100 0.100 0.100 0.100 0.000 0.100 0.100 0.100 0.100 0.000 0.900 0.100 0.100 0.100 0.100 0.900 0.100 0.100 0.100 0.100 0.900 0.100 0.100 0.100 0.100 28/12/1972
0.000 0.000 0.000 0.000 0.000 0.000 0.000 0.000 0.000 0.000 0.000 0.000 0.000 0.000 0.000 0.000 0.000 0.000 0.000 0.000 0.000 0.000 0.000 0.000 0.000 0.000 0.000 0.000 0.000 0.000 29/12/1972
0.000 0.000 0.000 0.000 0.000 0.000 0.000 0.000 0.000 0.000 0.000 0.000 0.000 0.000 0.000 0.000 0.100 0.000 0.000 0.000 0.000 0.100 0.000 0.000 0.000 0.000 0.100 0.000 0.000 0.000 30/12/1972
0.000 0.000 0.000 0.000 0.000 0.000 0.000 0.000 0.000 0.000 0.000 0.000 0.000 0.000 0.000 0.000 0.000 0.000 0.000 0.000 0.000 0.000 0.000 0.000 0.000 0.000 0.000 0.000 0.000 0.000 31/12/1972
0.000 0.000 0.000 0.000 0.000 0.000 0.000 0.000 0.000 0.000 0.000 0.000 0.000 0.000 0.000 0.000 0.000 0.000 0.000 0.000 0.000 0.000 0.000 0.000 0.000 0.000 0.000 0.000 0.000 0.000 01/01/1973
0.000 0.000 0.000 0.000 0.000 0.000 0.000 0.000 0.000 0.000 0.000 0.000 0.000 0.000 0.000 0.000 0.000 0.000 0.000 0.000 0.000 0.000 0.000 0.000 0.000 0.000 0.000 0.000 0.000 0.000 02/01/1973
0.000 0.000 0.000 0.000 0.000 0.000 0.000 0.000 0.000 0.000 0.000 0.000 0.000 0.000 0.000 0.000 0.000 0.000 0.000 0.000 0.000 0.000 0.000 0.000 0.000 0.000 0.000 0.000 0.000 0.000 03/01/1973
0.000 0.000 0.000 0.000 0.000 0.000 0.000 0.000 0.000 0.000 0.000 0.000 0.000 0.000 0.000 0.000 0.000 0.000 0.000 0.000 0.000 0.000 0.000 0.000 0.000 0.000 0.000 0.000 0.000 0.000 04/01/1973
0.000 0.000 0.000 0.000 0.000 0.000 0.000 0.000 0.000 0.000 0.000 0.000 0.000 0.000 0.000 0.000 0.000 0.000 0.000 0.000 0.000 0.000 0.000 0.000 0.000 0.000 0.000 0.000 0.000 0.000 05/01/1973
0.000 0.000 0.000 0.000 0.000 0.000 0.000 0.000 0.000 0.000 0.000 0.000 0.000 0.000 0.000 0.000 0.000 0.000 0.000 0.000 0.000 0.000 0.000 0.000 0.000 0.000 0.000 0.000 0.000 0.000 06/01/1973
0.000 0.000 0.000 0.000 0.000 0.000 0.000 0.000 0.000 0.000 0.000 0.000 0.000 0.000 0.000 0.000 0.000 0.000 0.000 0.000 0.000 0.000 0.000 0.000 0.000 0.000 0.000 0.000 0.000 0.000 07/01/1973
0.000 0.000 0.000 0.000 0.000 0.000 0.000 0.000 0.000 0.000 0.000 0.000 0.000 0.000 0.000 0.000 0.000 0.000 0.000 0.000 0.000 0.000 0.000 0.000 0.000 0.000 0.000 0.000 0.000 0.000 08/01/1973
0.000 0.000 0.000 0.000 0.000 0.000 0.000 0.000 0.000 0.000 0.000 0.000 0.000 0.000 0.000 0.000 0.000 0.000 0.000 0.000 0.000 0.000 0.000 0.000 0.000 0.000 0.000 0.000 0.000 0.000 09/01/1973
0.000 0.000 0.000 0.000 0.000 0.000 0.000 0.000 0.000 0.000 0.000 0.000 0.000 0.000 0.000 0.000 0.000 0.000 0.000 0.000 0.000 0.000 0.000 0.000 0.000 0.000 0.000 0.000 0.000 0.000 10/01/1973
0.000 0.000 0.000 0.000 0.000 0.000 0.000 0.000 0.000 0.000 0.000 0.000 0.000 0.000 0.000 0.000 0.000 0.000 0.000 0.000 0.000 0.000 0.000 0.000 0.000 0.000 0.000 0.000 0.000 0.000 11/01/1973
0.000 0.000 0.000 0.000 0.000 0.000 0.000 0.000 0.000 0.000 0.000 0.000 0.000 0.000 0.000 0.000 0.000 0.000 0.000 0.000 0.000 0.000 0.000 0.000 0.000 0.000 0.000 0.000 0.000 0.000 12/01/1973
5.900 6.000 6.000 5.800 9.500 6.000 6.100 6.000 11.800 9.500 6.000 6.000 11.800 11.900 9.400 5.100 15.300 11.800 12.000 11.900 5.000 15.400 11.900 11.800 11.800 5.000 15.300 11.700 11.700 11.900 13/01/1973
3.400 3.400 3.400 2.400 5.500 3.400 3.400 3.400 2.700 5.400 3.400 3.400 2.700 2.700 5.400 2.600 2.600 2.700 2.700 2.700 2.600 2.600 2.700 2.700 2.700 2.500 2.600 2.700 2.700 2.700 14/01/1973
5.400 5.400 5.400 4.100 7.600 5.400 5.300 5.400 8.700 7.600 5.400 5.400 8.600 8.700 7.600 9.400 9.900 8.700 8.800 8.700 9.300 9.900 8.700 8.600 8.600 9.200 9.800 8.500 8.500 8.700 15/01/1973
0.600 0.600 0.600 0.200 0.900 0.600 0.500 0.600 0.000 0.900 0.600 0.600 0.000 0.000 0.900 3.100 1.500 0.000 0.000 0.000 3.100 1.600 0.000 0.000 0.000 3.000 1.500 0.000 0.000 0.000 16/01/1973
1.600 1.600 1.600 3.200 3.500 1.600 1.600 1.600 1.400 3.500 1.600 1.600 1.400 1.400 3.500 1.000 2.100 1.400 1.400 1.400 1.000 2.100 1.400 1.400 1.400 1.000 2.100 1.400 1.400 1.400 17/01/1973
0.000 0.000 0.000 0.000 0.700 0.000 0.000 0.000 0.000 0.700 0.000 0.000 0.000 0.000 0.700 0.000 0.000 0.000 0.000 0.000 0.000 0.000 0.000 0.000 0.000 0.000 0.000 0.000 0.000 0.000 18/01/1973
5.100 5.100 5.200 2.900 4.600 5.200 5.200 5.200 2.900 4.600 5.200 5.200 2.900 2.900 4.500 3.100 1.500 2.900 2.900 2.900 3.000 1.500 2.900 2.900 2.900 3.000 1.500 2.900 2.900 2.900 19/01/1973
12.200 12.300 12.300 14.100 6.000 12.400 12.500 12.400 8.800 6.000 12.400 12.400 8.800 8.900 5.900 9.200 6.500 8.800 8.900 8.900 9.100 6.500 8.800 8.800 8.700 9.000 6.500 8.700 8.700 8.900 20/01/1973
1.500 1.400 1.300 2.200 4.500 1.200 1.100 1.200 1.400 4.500 1.200 1.200 1.500 1.400 4.500 2.100 3.900 1.400 1.400 1.400 2.000 3.800 1.400 1.500 1.500 2.000 4.000 1.500 1.500 1.400 21/01/1973
0.000 0.000 0.000 0.000 0.600 0.000 0.000 0.000 0.000 0.600 0.000 0.000 0.000 0.000 0.600 0.300 0.000 0.000 0.000 0.000 0.300 0.000 0.000 0.000 0.000 0.300 0.000 0.000 0.000 0.000 22/01/1973
2.300 2.300 2.300 2.800 4.100 2.300 2.400 2.300 3.900 4.100 2.300 2.300 3.900 3.900 4.100 1.000 1.300 3.900 4.000 4.000 1.000 1.300 3.900 3.900 3.900 1.000 1.300 3.900 3.900 4.000 23/01/1973
0.200 0.200 0.200 0.000 0.000 0.200 0.200 0.200 0.000 0.000 0.200 0.200 0.000 0.000 0.000 0.100 0.000 0.000 0.000 0.000 0.100 0.000 0.000 0.000 0.000 0.100 0.000 0.000 0.000 0.000 24/01/1973
0.000 0.000 0.000 0.000 0.000 0.000 0.000 0.000 0.000 0.000 0.000 0.000 0.000 0.000 0.000 0.000 0.000 0.000 0.000 0.000 0.000 0.000 0.000 0.000 0.000 0.000 0.000 0.000 0.000 0.000 25/01/1973
2.400 2.400 2.400 2.100 5.400 2.400 2.400 2.400 7.500 5.400 2.400 2.400 7.400 7.500 5.300 0.200 0.000 7.500 7.500 7.500 0.200 0.000 7.500 7.400 7.400 0.100 0.000 7.300 7.300 7.500 26/01/1973
16.600 16.700 16.800 22.700 28.400 16.900 17.100 16.900 22.400 28.200 16.900 16.900 22.300 22.500 28.000 16.200 9.400 22.300 22.600 22.600 16.100 9.400 22.400 22.200 22.200 15.900 9.300 22.000 22.100 22.600 27/01/1973
0.000 0.000 0.000 0.100 1.600 0.000 0.000 0.000 0.000 1.600 0.000 0.000 0.000 0.000 1.600 0.000 0.300 0.000 0.000 0.000 0.000 0.300 0.000 0.000 0.000 0.000 0.300 0.000 0.000 0.000 28/01/1973
2.000 2.000 2.000 1.500 1.200 2.000 2.000 2.000 1.900 1.200 2.000 2.000 1.900 1.900 1.100 0.300 0.000 1.900 1.900 1.900 0.200 0.000 1.900 1.900 1.900 0.200 0.000 1.900 1.900 1.900 29/01/1973
5.400 5.400 5.400 5.600 5.300 5.500 5.500 5.500 5.800 5.200 5.500 5.500 5.800 5.800 5.200 4.600 4.400 5.800 5.900 5.900 4.600 4.400 5.800 5.800 5.800 4.500 4.300 5.700 5.700 5.900 30/01/1973
0.200 0.200 0.200 0.000 1.000 0.200 0.200 0.200 1.000 1.000 0.200 0.200 1.000 1.000 1.000 0.300 0.500 1.000 1.000 1.000 0.300 0.500 1.000 1.000 1.000 0.300 0.500 1.000 1.000 1.000 31/01/1973
0.000 0.000 0.000 0.000 0.000 0.000 0.000 0.000 0.000 0.000 0.000 0.000 0.000 0.000 0.000 0.000 0.000 0.000 0.000 0.000 0.000 0.000 0.000 0.000 0.000 0.000 0.000 0.000 0.000 0.000 01/02/1973
0.000 0.000 0.000 0.000 0.000 0.000 0.000 0.000 0.000 0.000 0.000 0.000 0.000 0.000 0.000 0.000 0.000 0.000 0.000 0.000 0.000 0.000 0.000 0.000 0.000 0.000 0.000 0.000 0.000 0.000 02/02/1973
0.000 0.000 0.000 0.000 0.000 0.000 0.000 0.000 0.000 0.000 0.000 0.000 0.000 0.000 0.000 0.000 0.000 0.000 0.000 0.000 0.000 0.000 0.000 0.000 0.000 0.000 0.000 0.000 0.000 0.000 03/02/1973
0.000 0.000 0.000 0.000 0.000 0.000 0.000 0.000 0.000 0.000 0.000 0.000 0.000 0.000 0.000 0.000 0.000 0.000 0.000 0.000 0.000 0.000 0.000 0.000 0.000 0.000 0.000 0.000 0.000 0.000 04/02/1973
0.000 0.000 0.000 0.000 0.000 0.000 0.000 0.000 0.000 0.000 0.000 0.000 0.000 0.000 0.000 0.000 0.000 0.000 0.000 0.000 0.000 0.000 0.000 0.000 0.000 0.000 0.000 0.000 0.000 0.000 05/02/1973
0.000 0.000 0.000 0.000 0.000 0.000 0.000 0.000 0.000 0.000 0.000 0.000 0.000 0.000 0.000 0.000 0.000 0.000 0.000 0.000 0.000 0.000 0.000 0.000 0.000 0.000 0.000 0.000 0.000 0.000 06/02/1973
0.000 0.000 0.000 0.000 0.000 0.000 0.000 0.000 0.000 0.000 0.000 0.000 0.000 0.000 0.000 0.000 0.000 0.000 0.000 0.000 0.000 0.000 0.000 0.000 0.000 0.000 0.000 0.000 0.000 0.000 07/02/1973
0.000 0.000 0.000 0.000 0.000 0.000 0.000 0.000 0.000 0.000 0.000 0.000 0.000 0.000 0.000 0.000 0.000 0.000 0.000 0.000 0.000 0.000 0.000 0.000 0.000 0.000 0.000 0.000 0.000 0.000 08/02/1973
4.700 4.700 4.700 3.900 6.000 4.800 4.800 4.800 4.200 6.000 4.800 4.800 4.200 4.200 5.900 4.000 0.800 4.200 4.200 4.200 3.900 0.800 4.200 4.200 4.200 3.900 0.800 4.100 4.100 4.200 09/02/1973
0.100 0.100 0.100 0.500 1.900 0.100 0.100 0.100 1.500 1.900 0.100 0.100 1.500 1.500 1.900 0.300 0.500 1.500 1.500 1.500 0.300 0.500 1.500 1.500 1.500 0.300 0.500 1.500 1.500 1.500 10/02/1973
0.000 0.000 0.000 0.000 0.600 0.000 0.000 0.000 0.800 0.600 0.000 0.000 0.800 0.900 0.600 0.000 0.000 0.800 0.900 0.900 0.000 0.000 0.800 0.800 0.800 0.000 0.000 0.800 0.800 0.900 11/02/1973
29.400 29.600 29.700 28.200 29.400 29.900 30.200 29.900 24.400 29.200 29.900 29.800 24.300 24.500 29.000 26.400 19.600 24.300 24.600 24.600 26.100 19.600 24.400 24.200 24.200 25.800 19.500 24.000 24.000 24.600 12/02/1973
2.300 2.200 2.200 2.900 0.500 2.100 2.000 2.100 5.200 0.700 2.100 2.100 5.300 5.100 0.800 2.600 2.400 5.200 5.000 5.000 2.600 2.300 5.200 5.300 5.400 2.600 2.500 5.600 5.500 5.000 13/02/1973
5.000 4.900 4.800 3.500 3.800 4.600 4.300 4.600 7.800 4.000 4.600 4.600 7.800 7.800 4.400 10.000 8.500 7.800 7.700 7.800 10.100 8.500 7.800 7.800 7.800 10.200 8.500 7.900 7.900 7.700 14/02/1973
1.700 1.700 1.700 1.100 2.400 1.700 1.700 1.700 0.200 2.400 1.700 1.700 0.200 0.200 2.400 0.000 0.000 0.200 0.200 0.200 0.000 0.000 0.200 0.200 0.200 0.000 0.000 0.200 0.200 0.200 15/02/1973
0.000 0.000 0.000 0.000 0.100 0.000 0.000 0.000 0.100 0.100 0.000 0.000 0.100 0.100 0.100 0.000 0.000 0.100 0.100 0.100 0.000 0.000 0.100 0.100 0.100 0.000 0.000 0.100 0.100 0.100 16/02/1973
0.000 0.000 0.000 0.000 0.000 0.000 0.000 0.000 0.000 0.000 0.000 0.000 0.000 0.000 0.000 0.000 0.000 0.000 0.000 0.000 0.000 0.000 0.000 0.000 0.000 0.000 0.000 0.000 0.000 0.000 17/02/1973
0.000 0.000 0.000 0.000 0.000 0.000 0.000 0.000 0.000 0.000 0.000 0.000 0.000 0.000 0.000 0.000 0.000 0.000 0.000 0.000 0.000 0.000 0.000 0.000 0.000 0.000 0.000 0.000 0.000 0.000 18/02/1973
3.100 3.100 3.100 1.500 1.500 3.100 3.200 3.100 1.900 1.500 3.100 3.100 1.900 1.900 1.500 1.900 1.700 1.900 1.900 1.900 1.900 1.700 1.900 1.900 1.900 1.800 1.700 1.900 1.900 1.900 19/02/1973
0.000 0.000 0.000 0.000 0.000 0.000 0.000 0.000 0.000 0.000 0.000 0.000 0.000 0.000 0.000 0.000 0.000 0.000 0.000 0.000 0.000 0.000 0.000 0.000 0.000 0.000 0.000 0.000 0.000 0.000 20/02/1973
4.000 4.000 4.000 5.300 4.700 4.000 4.100 4.000 4.100 4.700 4.000 4.000 4.100 4.100 4.700 4.200 2.100 4.100 4.100 4.100 4.200 2.100 4.100 4.100 4.100 4.100 2.100 4.000 4.000 4.100 21/02/1973
0.000 0.000 0.000 0.000 0.200 0.000 0.000 0.000 0.600 0.200 0.000 0.000 0.600 0.600 0.200 0.000 0.000 0.600 0.600 0.600 0.000 0.000 0.600 0.600 0.600 0.000 0.000 0.600 0.600 0.600 22/02/1973
4.900 4.900 5.000 6.600 7.700 5.000 5.000 5.000 6.400 7.700 5.000 5.000 6.400 6.400 7.600 8.000 6.100 6.400 6.500 6.400 7.900 6.100 6.400 6.400 6.400 7.800 6.100 6.300 6.300 6.500 23/02/1973
17.000 17.100 17.200 14.200 19.500 17.300 17.500 17.300 21.800 19.400 17.300 17.300 21.700 21.900 19.200 22.900 23.000 21.700 22.000 21.900 22.700 23.100 21.800 21.600 21.600 22.400 22.900 21.400 21.500 22.000 24/02/1973
7.100 7.100 7.200 5.000 9.400 7.200 7.300 7.200 7.100 9.300 7.200 7.200 7.100 7.200 9.200 5.100 5.300 7.100 7.200 7.200 5.100 5.300 7.100 7.100 7.100 5.200 5.300 7.000 7.000 7.200 25/02/1973
2.600 2.600 2.500 2.800 1.100 2.400 2.300 2.400 1.600 1.100 2.400 2.500 1.600 1.500 1.100 1.600 1.900 1.600 1.500 1.500 1.800 1.800 1.600 1.600 1.600 2.000 1.900 1.700 1.700 1.500 26/02/1973
0.000 0.000 0.000 0.000 0.000 0.000 0.000 0.000 0.100 0.000 0.000 0.000 0.100 0.100 0.000 0.000 0.000 0.100 0.100 0.100 0.000 0.000 0.100 0.100 0.100 0.000 0.000 0.100 0.100 0.100 27/02/1973
0.000 0.000 0.000 0.000 0.000 0.000 0.000 0.000 0.000 0.000 0.000 0.000 0.000 0.000 0.000 0.000 0.000 0.000 0.000 0.000 0.000 0.000 0.000 0.000 0.000 0.000 0.000 0.000 0.000 0.000 28/02/1973
0.000 0.000 0.000 0.000 0.000 0.000 0.000 0.000 0.000 0.000 0.000 0.000 0.000 0.000 0.000 0.000 0.100 0.000 0.000 0.000 0.000 0.100 0.000 0.000 0.000 0.000 0.100 0.000 0.000 0.000 01/03/1973
0.000 0.000 0.000 0.000 0.000 0.000 0.000 0.000 0.000 0.000 0.000 0.000 0.000 0.000 0.000 0.000 0.000 0.000 0.000 0.000 0.000 0.000 0.000 0.000 0.000 0.000 0.000 0.000 0.000 0.000 02/03/1973
0.000 0.000 0.000 0.000 0.000 0.000 0.000 0.000 0.000 0.000 0.000 0.000 0.000 0.000 0.000 0.000 0.000 0.000 0.000 0.000 0.000 0.000 0.000 0.000 0.000 0.000 0.000 0.000 0.000 0.000 03/03/1973
0.000 0.000 0.000 0.000 0.000 0.000 0.000 0.000 0.000 0.000 0.000 0.000 0.000 0.000 0.000 0.000 0.000 0.000 0.000 0.000 0.000 0.000 0.000 0.000 0.000 0.000 0.000 0.000 0.000 0.000 04/03/1973
0.000 0.000 0.000 0.000 0.000 0.000 0.000 0.000 0.000 0.000 0.000 0.000 0.000 0.000 0.000 0.000 0.000 0.000 0.000 0.000 0.000 0.000 0.000 0.000 0.000 0.000 0.000 0.000 0.000 0.000 05/03/1973
0.000 0.000 0.000 0.200 0.100 0.000 0.000 0.000 0.000 0.100 0.000 0.000 0.000 0.000 0.100 0.000 0.000 0.000 0.000 0.000 0.000 0.000 0.000 0.000 0.000 0.000 0.000 0.000 0.000 0.000 06/03/1973
0.000 0.000 0.000 0.000 0.000 0.000 0.000 0.000 0.000 0.000 0.000 0.000 0.000 0.000 0.000 0.000 0.000 0.000 0.000 0.000 0.000 0.000 0.000 0.000 0.000 0.000 0.000 0.000 0.000 0.000 07/03/1973
0.000 0.000 0.000 0.000 0.000 0.000 0.000 0.000 0.000 0.000 0.000 0.000 0.000 0.000 0.000 0.000 0.000 0.000 0.000 0.000 0.000 0.000 0.000 0.000 0.000 0.000 0.000 0.000 0.000 0.000 08/03/1973
0.000 0.000 0.000 0.000 0.000 0.000 0.000 0.000 0.000 0.000 0.000 0.000 0.000 0.000 0.000 0.000 0.000 0.000 0.000 0.000 0.000 0.000 0.000 0.000 0.000 0.000 0.000 0.000 0.000 0.000 09/03/1973
0.000 0.000 0.000 0.000 0.000 0.000 0.000 0.000 0.000 0.000 0.000 0.000 0.000 0.000 0.000 0.000 0.000 0.000 0.000 0.000 0.000 0.000 0.000 0.000 0.000 0.000 0.000 0.000 0.000 0.000 10/03/1973
0.000 0.000 0.000 0.000 0.000 0.000 0.000 0.000 0.000 0.000 0.000 0.000 0.000 0.000 0.000 0.000 0.000 0.000 0.000 0.000 0.000 0.000 0.000 0.000 0.000 0.000 0.000 0.000 0.000 0.000 11/03/1973
0.000 0.000 0.000 0.000 0.000 0.000 0.000 0.000 0.000 0.000 0.000 0.000 0.000 0.000 0.000 0.000 0.000 0.000 0.000 0.000 0.000 0.000 0.000 0.000 0.000 0.000 0.000 0.000 0.000 0.000 12/03/1973
0.000 0.000 0.000 0.000 0.000 0.000 0.000 0.000 0.000 0.000 0.000 0.000 0.000 0.000 0.000 0.000 0.000 0.000 0.000 0.000 0.000 0.000 0.000 0.000 0.000 0.000 0.000 0.000 0.000 0.000 13/03/1973
0.000 0.000 0.000 0.000 0.000 0.000 0.000 0.000 0.000 0.000 0.000 0.000 0.000 0.000 0.000 0.000 0.000 0.000 0.000 0.000 0.000 0.000 0.000 0.000 0.000 0.000 0.000 0.000 0.000 0.000 14/03/1973
0.000 0.000 0.000 0.000 0.000 0.000 0.000 0.000 0.000 0.000 0.000 0.000 0.000 0.000 0.000 0.000 0.000 0.000 0.000 0.000 0.000 0.000 0.000 0.000 0.000 0.000 0.000 0.000 0.000 0.000 15/03/1973
0.000 0.000 0.000 0.000 0.000 0.000 0.000 0.000 0.000 0.000 0.000 0.000 0.000 0.000 0.000 0.000 0.000 0.000 0.000 0.000 0.000 0.000 0.000 0.000 0.000 0.000 0.000 0.000 0.000 0.000 16/03/1973
0.000 0.000 0.000 0.000 0.000 0.000 0.000 0.000 0.000 0.000 0.000 0.000 0.000 0.000 0.000 0.000 0.000 0.000 0.000 0.000 0.000 0.000 0.000 0.000 0.000 0.000 0.000 0.000 0.000 0.000 17/03/1973
0.000 0.000 0.000 0.000 0.000 0.000 0.000 0.000 0.000 0.000 0.000 0.000 0.000 0.000 0.000 0.000 0.000 0.000 0.000 0.000 0.000 0.000 0.000 0.000 0.000 0.000 0.000 0.000 0.000 0.000 18/03/1973
0.000 0.000 0.000 0.000 0.000 0.000 0.000 0.000 0.000 0.000 0.000 0.000 0.000 0.000 0.000 0.000 0.000 0.000 0.000 0.000 0.000 0.000 0.000 0.000 0.000 0.000 0.000 0.000 0.000 0.000 19/03/1973
0.000 0.000 0.000 0.000 0.000 0.000 0.000 0.000 0.000 0.000 0.000 0.000 0.000 0.000 0.000 0.000 0.000 0.000 0.000 0.000 0.000 0.000 0.000 0.000 0.000 0.000 0.000 0.000 0.000 0.000 20/03/1973
0.000 0.000 0.000 0.000 0.000 0.000 0.000 0.000 0.000 0.000 0.000 0.000 0.000 0.000 0.000 0.000 0.000 0.000 0.000 0.000 0.000 0.000 0.000 0.000 0.000 0.000 0.000 0.000 0.000 0.000 21/03/1973
0.000 0.000 0.000 0.000 0.000 0.000 0.000 0.000 0.000 0.000 0.000 0.000 0.000 0.000 0.000 0.000 0.000 0.000 0.000 0.000 0.000 0.000 0.000 0.000 0.000 0.000 0.000 0.000 0.000 0.000 22/03/1973
0.000 0.000 0.000 0.000 0.000 0.000 0.000 0.000 0.000 0.000 0.000 0.000 0.000 0.000 0.000 0.000 0.000 0.000 0.000 0.000 0.000 0.000 0.000 0.000 0.000 0.000 0.000 0.000 0.000 0.000 23/03/1973
13.500 13.600 13.700 15.200 15.000 13.800 13.900 13.800 17.300 14.900 13.800 13.800 17.200 17.400 14.800 11.200 15.000 17.200 17.400 17.400 11.100 15.000 17.300 17.200 17.200 11.000 14.900 17.000 17.000 17.400 24/03/1973
1.400 1.400 1.400 0.100 1.400 1.400 1.400 1.400 1.700 1.300 1.400 1.400 1.700 1.700 1.300 0.100 0.000 1.700 1.700 1.700 0.100 0.000 1.700 1.700 1.700 0.100 0.000 1.700 1.700 1.700 25/03/1973
0.000 0.000 0.000 0.000 0.000 0.000 0.000 0.000 0.000 0.000 0.000 0.000 0.000 0.000 0.000 0.000 0.000 0.000 0.000 0.000 0.000 0.000 0.000 0.000 0.000 0.000 0.000 0.000 0.000 0.000 26/03/1973
0.500 0.500 0.500 0.600 1.500 0.500 0.500 0.500 0.400 1.500 0.500 0.500 0.400 0.400 1.400 1.800 4.200 0.400 0.400 0.400 1.700 4.300 0.400 0.400 0.400 1.700 4.200 0.400 0.400 0.400 27/03/1973
1.700 1.700 1.800 0.000 0.200 1.800 1.800 1.800 0.100 0.200 1.800 1.800 0.100 0.200 0.200 1.300 1.400 0.100 0.200 0.200 1.300 1.400 0.100 0.100 0.100 1.300 1.400 0.100 0.100 0.200 28/03/1973
0.000 0.000 0.000 0.000 0.000 0.000 0.000 0.000 0.000 0.000 0.000 0.000 0.000 0.000 0.000 0.000 0.000 0.000 0.000 0.000 0.000 0.000 0.000 0.000 0.000 0.000 0.000 0.000 0.000 0.000 29/03/1973
0.000 0.000 0.000 0.000 0.000 0.000 0.000 0.000 0.000 0.000 0.000 0.000 0.000 0.000 0.000 0.000 0.000 0.000 0.000 0.000 0.000 0.000 0.000 0.000 0.000 0.000 0.000 0.000 0.000 0.000 30/03/1973
0.000 0.000 0.000 0.000 0.000 0.000 0.000 0.000 0.000 0.000 0.000 0.000 0.000 0.000 0.000 0.000 0.000 0.000 0.000 0.000 0.000 0.000 0.000 0.000 0.000 0.000 0.000 0.000 0.000 0.000 31/03/1973
0.000 0.000 0.000 0.000 0.000 0.000 0.000 0.000 0.000 0.000 0.000 0.000 0.000 0.000 0.000 0.000 0.000 0.000 0.000 0.000 0.000 0.000 0.000 0.000 0.000 0.000 0.000 0.000 0.000 0.000 01/04/1973
4.000 4.000 4.100 4.000 4.000 4.100 4.100 4.100 3.700 4.000 4.100 4.100 3.700 3.700 4.000 4.000 1.400 3.700 3.700 3.700 3.900 1.400 3.700 3.700 3.700 3.900 1.400 3.700 3.700 3.700 02/04/1973
0.000 0.000 0.000 0.000 0.000 0.000 0.000 0.000 0.000 0.000 0.000 0.000 0.000 0.000 0.000 0.000 0.000 0.000 0.000 0.000 0.000 0.000 0.000 0.000 0.000 0.000 0.000 0.000 0.000 0.000 03/04/1973
0.000 0.000 0.000 0.000 0.000 0.000 0.000 0.000 0.000 0.000 0.000 0.000 0.000 0.000 0.000 0.000 0.000 0.000 0.000 0.000 0.000 0.000 0.000 0.000 0.000 0.000 0.000 0.000 0.000 0.000 04/04/1973
0.000 0.000 0.000 0.000 0.000 0.000 0.000 0.000 0.000 0.000 0.000 0.000 0.000 0.000 0.000 0.000 0.000 0.000 0.000 0.000 0.000 0.000 0.000 0.000 0.000 0.000 0.000 0.000 0.000 0.000 05/04/1973
0.000 0.000 0.000 0.000 0.000 0.000 0.000 0.000 0.000 0.000 0.000 0.000 0.000 0.000 0.000 0.000 0.000 0.000 0.000 0.000 0.000 0.000 0.000 0.000 0.000 0.000 0.000 0.000 0.000 0.000 06/04/1973
0.000 0.000 0.000 0.000 0.000 0.000 0.000 0.000 0.000 0.000 0.000 0.000 0.000 0.000 0.000 0.000 0.000 0.000 0.000 0.000 0.000 0.000 0.000 0.000 0.000 0.000 0.000 0.000 0.000 0.000 07/04/1973
0.000 0.000 0.000 0.000 0.000 0.000 0.000 0.000 0.000 0.000 0.000 0.000 0.000 0.000 0.000 0.000 0.000 0.000 0.000 0.000 0.000 0.000 0.000 0.000 0.000 0.000 0.000 0.000 0.000 0.000 08/04/1973
0.000 0.000 0.000 0.000 0.000 0.000 0.000 0.000 0.000 0.000 0.000 0.000 0.000 0.000 0.000 0.000 0.000 0.000 0.000 0.000 0.000 0.000 0.000 0.000 0.000 0.000 0.000 0.000 0.000 0.000 09/04/1973
0.000 0.000 0.000 0.100 0.000 0.000 0.000 0.000 0.100 0.000 0.000 0.000 0.100 0.100 0.000 0.000 0.000 0.100 0.100 0.100 0.000 0.000 0.100 0.200 0.200 0.000 0.000 0.200 0.200 0.100 10/04/1973
0.600 0.600 0.600 0.300 1.000 0.600 0.600 0.600 1.200 1.000 0.600 0.600 1.200 1.200 1.000 1.200 1.500 1.200 1.200 1.200 1.200 1.500 1.200 1.200 1.200 1.200 1.500 1.200 1.200 1.200 11/04/1973
1.800 1.800 1.800 0.200 2.500 1.800 1.800 1.800 2.200 2.500 1.800 1.800 2.200 2.200 2.500 0.900 2.200 2.200 2.200 2.200 0.900 2.200 2.200 2.200 2.200 0.900 2.200 2.200 2.200 2.200 12/04/1973
0.000 0.000 0.000 0.000 0.000 0.000 0.000 0.000 0.000 0.000 0.000 0.000 0.000 0.000 0.000 0.000 0.000 0.000 0.000 0.000 0.000 0.000 0.000 0.000 0.000 0.000 0.000 0.000 0.000 0.000 13/04/1973
0.000 0.000 0.000 0.000 0.000 0.000 0.000 0.000 0.000 0.000 0.000 0.000 0.000 0.000 0.000 0.000 0.000 0.000 0.000 0.000 0.000 0.000 0.000 0.000 0.000 0.000 0.000 0.000 0.000 0.000 14/04/1973
0.000 0.000 0.000 0.000 0.000 0.000 0.000 0.000 0.000 0.000 0.000 0.000 0.000 0.000 0.000 0.000 0.000 0.000 0.000 0.000 0.000 0.000 0.000 0.000 0.000 0.000 0.000 0.000 0.000 0.000 15/04/1973
0.000 0.000 0.000 0.000 0.000 0.000 0.000 0.000 0.000 0.000 0.000 0.000 0.000 0.000 0.000 0.000 0.000 0.000 0.000 0.000 0.000 0.000 0.000 0.000 0.000 0.000 0.000 0.000 0.000 0.000 16/04/1973
0.000 0.000 0.000 0.000 0.000 0.000 0.000 0.000 0.000 0.000 0.000 0.000 0.000 0.000 0.000 0.000 0.000 0.000 0.000 0.000 0.000 0.000 0.000 0.000 0.000 0.000 0.000 0.000 0.000 0.000 17/04/1973
0.000 0.000 0.000 0.000 0.000 0.000 0.000 0.000 0.000 0.000 0.000 0.000 0.000 0.000 0.000 0.000 0.000 0.000 0.000 0.000 0.000 0.000 0.000 0.000 0.000 0.000 0.000 0.000 0.000 0.000 18/04/1973
0.000 0.000 0.000 0.000 0.000 0.000 0.000 0.000 0.000 0.000 0.000 0.000 0.000 0.000 0.000 0.000 0.000 0.000 0.000 0.000 0.000 0.000 0.000 0.000 0.000 0.000 0.000 0.000 0.000 0.000 19/04/1973
0.100 0.100 0.100 1.700 0.400 0.100 0.100 0.100 0.500 0.400 0.100 0.100 0.500 0.500 0.400 1.500 0.800 0.500 0.500 0.500 1.500 0.800 0.500 0.500 0.500 1.500 0.800 0.500 0.500 0.500 20/04/1973
5.900 6.000 6.000 3.200 7.600 6.000 6.100 6.000 2.100 7.600 6.000 6.000 2.100 2.200 7.500 2.800 4.500 2.100 2.200 2.200 2.700 4.500 2.100 2.100 2.100 2.700 4.500 2.100 2.100 2.200 21/04/1973
0.100 0.100 0.100 2.200 1.700 0.100 0.100 0.100 0.400 1.700 0.100 0.100 0.400 0.400 1.700 0.000 2.200 0.400 0.400 0.400 0.000 2.200 0.400 0.400 0.400 0.000 2.200 0.400 0.400 0.400 22/04/1973
3.500 3.500 3.500 3.400 1.100 3.500 3.600 3.500 3.400 1.100 3.500 3.500 3.400 3.400 1.000 5.300 4.200 3.400 3.400 3.400 5.200 4.200 3.400 3.400 3.400 5.200 4.200 3.300 3.400 3.400 23/04/1973
3.200 3.200 3.300 2.300 3.600 3.300 3.300 3.300 3.900 3.600 3.300 3.300 3.900 3.900 3.600 0.000 1.100 3.900 3.900 3.900 0.000 1.100 3.900 3.900 3.900 0.000 1.100 3.800 3.900 3.900 24/04/1973
0.000 0.000 0.000 0.000 0.000 0.000 0.000 0.000 0.000 0.000 0.000 0.000 0.000 0.000 0.000 0.000 0.000 0.000 0.000 0.000 0.000 0.000 0.000 0.000 0.000 0.000 0.000 0.000 0.000 0.000 25/04/1973
0.000 0.000 0.000 0.000 0.000 0.000 0.000 0.000 0.000 0.000 0.000 0.000 0.000 0.000 0.000 0.300 0.100 0.000 0.000 0.000 0.300 0.100 0.000 0.000 0.000 0.300 0.100 0.000 0.000 0.000 26/04/1973
2.000 2.000 2.000 1.600 2.300 2.000 2.000 2.000 2.600 2.300 2.000 2.000 2.600 2.600 2.300 2.300 2.000 2.600 2.600 2.600 2.200 2.000 2.600 2.600 2.600 2.200 2.000 2.500 2.500 2.600 27/04/1973
10.500 10.600 10.600 12.700 6.600 10.700 10.800 10.700 2.100 6.600 10.700 10.700 2.100 2.100 6.500 6.700 11.700 2.100 2.100 2.100 6.600 11.700 2.100 2.100 2.100 6.600 11.600 2.000 2.000 2.100 28/04/1973
1.100 1.100 1.100 0.600 1.400 1.100 1.100 1.100 0.500 1.400 1.100 1.100 0.500 0.500 1.400 0.700 0.100 0.500 0.500 0.500 0.700 0.100 0.500 0.400 0.400 0.700 0.100 0.400 0.400 0.500 29/04/1973
2.400 2.400 2.400 4.700 0.700 2.400 2.400 2.400 0.100 0.700 2.400 2.400 0.100 0.100 0.700 2.300 0.500 0.100 0.100 0.100 2.200 0.500 0.100 0.100 0.100 2.200 0.500 0.100 0.100 0.100 30/04/1973
14.200 14.300 14.400 13.400 5.100 14.500 14.600 14.500 6.100 5.000 14.400 14.400 6.100 6.200 5.000 11.500 5.800 6.100 6.200 6.200 11.400 5.800 6.100 6.100 6.100 11.200 5.700 6.000 6.000 6.200 01/05/1973
0.700 0.700 0.700 1.200 1.300 0.700 0.700 0.700 1.700 1.300 0.700 0.700 1.700 1.700 1.200 0.100 0.100 1.700 1.700 1.700 0.100 0.100 1.700 1.600 1.600 0.100 0.100 1.600 1.600 1.700 02/05/1973
9.800 9.900 9.900 11.200 7.800 10.000 10.100 10.000 5.000 7.800 10.000 10.000 4.900 5.000 7.700 14.800 6.900 5.000 5.000 5.000 14.700 6.900 5.000 4.900 4.900 14.500 6.900 4.900 4.900 5.000 03/05/1973
0.400 0.400 0.400 0.000 0.600 0.400 0.400 0.400 0.000 0.600 0.400 0.400 0.000 0.000 0.600 0.800 0.100 0.000 0.000 0.000 0.800 0.100 0.000 0.000 0.000 0.800 0.100 0.000 0.000 0.000 04/05/1973
0.000 0.000 0.000 0.000 0.000 0.000 0.000 0.000 0.000 0.000 0.000 0.000 0.000 0.000 0.000 0.000 0.000 0.000 0.000 0.000 0.000 0.000 0.000 0.000 0.000 0.000 0.000 0.000 0.000 0.000 05/05/1973
11.400 11.500 11.500 15.100 14.200 11.600 11.700 11.600 11.400 14.100 11.600 11.600 11.300 11.400 14.000 11.700 10.200 11.300 11.500 11.500 11.600 10.300 11.400 11.300 11.300 11.400 10.200 11.200 11.200 11.500 06/05/1973
6.200 6.200 6.300 5.700 9.200 6.300 6.400 6.300 4.200 9.200 6.300 6.300 4.200 4.300 9.100 4.500 7.800 4.200 4.300 4.300 4.500 7.800 4.200 4.200 4.200 4.400 7.800 4.200 4.200 4.300 07/05/1973
0.000 0.000 0.000 0.100 0.500 0.000 0.000 0.000 0.000 0.500 0.000 0.000 0.000 0.000 0.500 0.800 3.000 0.000 0.000 0.000 0.800 3.000 0.000 0.000 0.000 0.800 3.000 0.000 0.000 0.000 08/05/1973
0.000 0.000 0.000 0.000 0.000 0.000 0.000 0.000 0.000 0.000 0.000 0.000 0.000 0.000 0.000 0.000 0.000 0.000 0.000 0.000 0.000 0.000 0.000 0.000 0.000 0.000 0.000 0.000 0.000 0.000 09/05/1973
0.300 0.300 0.300 0.800 0.000 0.300 0.300 0.300 0.000 0.000 0.300 0.300 0.000 0.000 0.000 0.300 0.000 0.000 0.000 0.000 0.300 0.000 0.000 0.000 0.000 0.300 0.000 0.000 0.000 0.000 10/05/1973
0.000 0.000 0.000 0.000 0.000 0.000 0.000 0.000 0.000 0.000 0.000 0.000 0.000 0.000 0.000 0.000 0.000 0.000 0.000 0.000 0.000 0.000 0.000 0.000 0.000 0.000 0.000 0.000 0.000 0.000 11/05/1973
0.000 0.000 0.000 0.000 0.000 0.000 0.000 0.000 0.000 0.000 0.000 0.000 0.000 0.000 0.000 0.000 0.000 0.000 0.000 0.000 0.000 0.000 0.000 0.000 0.000 0.000 0.000 0.000 0.000 0.000 12/05/1973
0.000 0.000 0.000 0.000 0.000 0.000 0.000 0.000 0.000 0.000 0.000 0.000 0.000 0.000 0.000 0.000 0.000 0.000 0.000 0.000 0.000 0.000 0.000 0.000 0.000 0.000 0.000 0.000 0.000 0.000 13/05/1973
0.000 0.000 0.000 0.000 0.000 0.000 0.000 0.000 0.000 0.000 0.000 0.000 0.000 0.000 0.000 0.000 0.000 0.000 0.000 0.000 0.000 0.000 0.000 0.000 0.000 0.000 0.000 0.000 0.000 0.000 14/05/1973
0.000 0.000 0.000 0.000 0.000 0.000 0.000 0.000 0.000 0.000 0.000 0.000 0.000 0.000 0.000 0.000 0.000 0.000 0.000 0.000 0.000 0.000 0.000 0.000 0.000 0.000 0.000 0.000 0.000 0.000 15/05/1973
0.700 0.700 0.700 1.200 0.000 0.700 0.700 0.700 5.400 0.000 0.700 0.700 5.400 5.400 0.000 1.000 0.100 5.400 5.500 5.500 1.000 0.100 5.400 5.400 5.400 1.000 0.100 5.300 5.300 5.500 16/05/1973
1.600 1.600 1.600 0.300 2.200 1.600 1.600 1.600 1.000 2.200 1.600 1.600 1.000 1.000 2.200 0.900 3.200 1.000 1.000 1.000 0.800 3.200 1.000 1.000 1.000 0.800 3.100 1.000 1.000 1.000 17/05/1973
7.300 7.300 7.300 5.600 17.600 7.400 7.500 7.400 9.500 17.500 7.400 7.400 9.400 9.500 17.400 6.500 6.900 9.400 9.500 9.500 6.500 6.900 9.500 9.400 9.400 6.400 6.900 9.300 9.300 9.500 18/05/1973
0.000 0.000 0.000 0.600 0.100 0.000 0.000 0.000 3.000 0.100 0.000 0.000 3.000 3.000 0.100 0.000 0.000 3.000 3.100 3.100 0.000 0.000 3.000 3.000 3.000 0.000 0.000 3.000 3.000 3.100 19/05/1973
10.900 11.000 11.000 7.500 7.300 11.100 11.200 11.100 4.900 7.300 11.100 11.100 4.800 4.900 7.200 10.900 1.700 4.900 4.900 4.900 10.700 1.700 4.900 4.800 4.800 10.600 1.700 4.800 4.800 4.900 20/05/1973
3.500 3.600 3.600 1.600 2.100 3.600 3.600 3.600 7.500 2.100 3.600 3.600 7.500 7.600 2.100 2.500 3.000 7.500 7.600 7.600 2.500 3.000 7.500 7.500 7.500 2.500 3.000 7.400 7.400 7.600 21/05/1973
3.300 3.400 3.400 3.300 5.300 3.400 3.400 3.400 4.400 5.300 3.400 3.400 4.400 4.400 5.200 1.200 5.000 4.400 4.500 4.500 1.200 5.000 4.400 4.400 4.400 1.200 5.000 4.300 4.400 4.500 22/05/1973
0.000 0.000 0.000 0.200 0.100 0.000 0.000 0.000 0.000 0.100 0.000 0.000 0.000 0.000 0.100 0.000 0.000 0.000 0.000 0.000 0.000 0.000 0.000 0.000 0.000 0.000 0.000 0.000 0.000 0.000 23/05/1973
0.000 0.000 0.000 0.000 0.000 0.000 0.000 0.000 0.000 0.000 0.000 0.000 0.000 0.000 0.000 0.000 0.000 0.000 0.000 0.000 0.000 0.000 0.000 0.000 0.000 0.000 0.000 0.000 0.000 0.000 24/05/1973
0.000 0.000 0.000 0.000 0.000 0.000 0.000 0.000 0.000 0.000 0.000 0.000 0.000 0.000 0.000 0.000 0.000 0.000 0.000 0.000 0.000 0.000 0.000 0.000 0.000 0.000 0.000 0.000 0.000 0.000 25/05/1973
0.000 0.000 0.000 0.000 0.400 0.000 0.000 0.000 0.000 0.400 0.000 0.000 0.000 0.000 0.400 0.000 0.000 0.000 0.000 0.000 0.000 0.000 0.000 0.000 0.000 0.000 0.000 0.000 0.000 0.000 26/05/1973
1.100 1.100 1.100 0.300 2.800 1.100 1.200 1.100 6.700 2.800 1.100 1.100 6.600 6.700 2.800 2.200 4.400 6.700 6.700 6.700 2.200 4.400 6.700 6.600 6.600 2.200 4.400 6.600 6.600 6.700 27/05/1973
0.000 0.000 0.000 0.000 0.600 0.000 0.000 0.000 0.000 0.600 0.000 0.000 0.000 0.000 0.600 0.000 0.100 0.000 0.000 0.000 0.000 0.100 0.000 0.000 0.000 0.000 0.100 0.000 0.000 0.000 28/05/1973
0.200 0.200 0.200 0.100 1.000 0.200 0.200 0.200 1.400 1.000 0.200 0.200 1.400 1.400 1.000 0.000 0.000 1.400 1.400 1.400 0.000 0.000 1.400 1.400 1.400 0.000 0.000 1.400 1.400 1.400 29/05/1973
2.300 2.300 2.300 3.300 3.900 2.300 2.400 2.300 8.300 3.900 2.300 2.300 8.300 8.300 3.900 2.100 10.500 8.300 8.400 8.400 2.100 10.600 8.300 8.200 8.200 2.000 10.500 8.200 8.200 8.400 30/05/1973
15.800 15.900 15.900 17.000 34.300 16.100 16.200 16.100 26.400 34.100 16.000 16.000 26.300 26.500 33.800 16.700 32.400 26.300 26.600 26.600 16.600 32.500 26.400 26.200 26.200 16.400 32.200 26.000 26.000 26.600 31/05/1973
18.300 18.400 18.500 20.200 29.600 18.700 18.900 18.700 25.900 29.400 18.600 18.600 25.800 26.000 29.200 14.600 16.300 25.800 26.100 26.100 14.500 16.400 25.900 25.700 25.700 14.300 16.200 25.500 25.500 26.100 01/06/1973
0.000 0.000 0.000 0.000 0.000 0.000 0.000 0.000 0.000 0.000 0.000 0.000 0.000 0.000 0.000 0.000 0.000 0.000 0.000 0.000 0.000 0.000 0.000 0.000 0.000 0.000 0.000 0.000 0.000 0.000 02/06/1973
0.000 0.000 0.000 0.000 0.000 0.000 0.000 0.000 0.000 0.000 0.000 0.000 0.000 0.000 0.000 0.000 0.000 0.000 0.000 0.000 0.000 0.000 0.000 0.000 0.000 0.000 0.000 0.000 0.000 0.000 03/06/1973
0.100 0.100 0.100 0.000 0.500 0.100 0.100 0.100 0.000 0.500 0.100 0.100 0.000 0.000 0.500 0.000 0.000 0.000 0.000 0.000 0.000 0.000 0.000 0.000 0.000 0.000 0.000 0.000 0.000 0.000 04/06/1973
0.600 0.600 0.600 0.500 1.400 0.600 0.700 0.600 1.500 1.400 0.600 0.600 1.500 1.500 1.400 1.300 7.800 1.500 1.500 1.500 1.300 7.800 1.500 1.500 1.500 1.300 7.700 1.500 1.500 1.500 05/06/1973
0.800 0.900 0.900 0.700 0.200 0.900 0.900 0.900 0.200 0.200 0.900 0.900 0.200 0.200 0.200 0.100 11.600 0.200 0.200 0.200 0.100 11.600 0.200 0.200 0.200 0.100 11.500 0.200 0.200 0.200 06/06/1973
0.000 0.000 0.000 0.000 0.000 0.000 0.000 0.000 0.000 0.000 0.000 0.000 0.000 0.000 0.000 0.000 0.600 0.000 0.000 0.000 0.000 0.600 0.000 0.000 0.000 0.000 0.600 0.000 0.000 0.000 07/06/1973
0.000 0.000 0.000 0.000 0.000 0.000 0.000 0.000 0.000 0.000 0.000 0.000 0.000 0.000 0.000 0.000 0.000 0.000 0.000 0.000 0.000 0.000 0.000 0.000 0.000 0.000 0.000 0.000 0.000 0.000 08/06/1973
0.000 0.000 0.000 0.000 0.000 0.000 0.000 0.000 0.000 0.000 0.000 0.000 0.000 0.000 0.000 0.000 0.000 0.000 0.000 0.000 0.000 0.000 0.000 0.000 0.000 0.000 0.000 0.000 0.000 0.000 09/06/1973
0.000 0.000 0.000 0.000 0.000 0.000 0.000 0.000 0.000 0.000 0.000 0.000 0.000 0.000 0.000 0.000 0.000 0.000 0.000 0.000 0.000 0.000 0.000 0.000 0.000 0.000 0.000 0.000 0.000 0.000 10/06/1973
0.000 0.000 0.000 0.000 0.000 0.000 0.000 0.000 0.000 0.000 0.000 0.000 0.000 0.000 0.000 0.000 0.000 0.000 0.000 0.000 0.000 0.000 0.000 0.000 0.000 0.000 0.000 0.000 0.000 0.000 11/06/1973
8.500 8.500 8.600 0.500 7.700 8.600 8.700 8.600 13.400 7.700 8.600 8.600 13.300 13.500 7.600 15.600 2.000 13.400 13.500 13.500 15.400 2.000 13.400 13.300 13.300 15.200 2.000 13.200 13.200 13.500 12/06/1973
1.300 1.300 1.300 3.000 4.000 1.300 1.300 1.300 3.000 3.900 1.300 1.300 3.000 3.000 3.900 0.000 1.200 3.000 3.000 3.000 0.000 1.200 3.000 3.000 3.000 0.000 1.200 3.000 3.000 3.000 13/06/1973
0.000 0.000 0.000 0.000 0.000 0.000 0.000 0.000 0.000 0.000 0.000 0.000 0.000 0.000 0.000 0.000 0.000 0.000 0.000 0.000 0.000 0.000 0.000 0.000 0.000 0.000 0.000 0.000 0.000 0.000 14/06/1973
0.000 0.000 0.000 0.000 0.000 0.000 0.000 0.000 0.000 0.000 0.000 0.000 0.000 0.000 0.000 0.000 0.000 0.000 0.000 0.000 0.000 0.000 0.000 0.000 0.000 0.000 0.000 0.000 0.000 0.000 15/06/1973
0.000 0.000 0.000 0.000 0.000 0.000 0.000 0.000 0.000 0.000 0.000 0.000 0.000 0.000 0.000 0.000 0.000 0.000 0.000 0.000 0.000 0.000 0.000 0.000 0.000 0.000 0.000 0.000 0.000 0.000 16/06/1973
0.000 0.000 0.000 0.000 0.000 0.000 0.000 0.000 0.000 0.000 0.000 0.000 0.000 0.000 0.000 0.000 0.000 0.000 0.000 0.000 0.000 0.000 0.000 0.000 0.000 0.000 0.000 0.000 0.000 0.000 17/06/1973
0.000 0.000 0.000 0.000 0.000 0.000 0.000 0.000 0.000 0.000 0.000 0.000 0.000 0.000 0.000 0.000 0.000 0.000 0.000 0.000 0.000 0.000 0.000 0.000 0.000 0.000 0.000 0.000 0.000 0.000 18/06/1973
0.900 0.900 0.900 1.500 0.900 0.900 0.900 0.900 1.200 0.900 0.900 0.900 1.200 1.200 0.900 1.000 2.000 1.200 1.200 1.200 1.000 2.000 1.200 1.200 1.200 1.000 2.000 1.200 1.200 1.200 19/06/1973
0.100 0.100 0.100 0.900 0.100 0.100 0.100 0.100 1.400 0.100 0.100 0.100 1.400 1.400 0.100 0.900 0.700 1.400 1.400 1.400 0.900 0.700 1.400 1.300 1.300 0.900 0.700 1.300 1.300 1.400 20/06/1973
0.000 0.000 0.000 0.000 0.500 0.000 0.000 0.000 0.100 0.500 0.000 0.000 0.100 0.100 0.500 0.000 0.500 0.100 0.100 0.100 0.000 0.500 0.100 0.100 0.100 0.000 0.500 0.100 0.100 0.100 21/06/1973
0.000 0.000 0.000 0.000 1.700 0.000 0.000 0.000 0.000 1.600 0.000 0.000 0.000 0.000 1.600 0.000 0.000 0.000 0.000 0.000 0.000 0.000 0.000 0.000 0.000 0.000 0.000 0.000 0.000 0.000 22/06/1973
0.000 0.000 0.000 0.000 0.000 0.000 0.000 0.000 0.000 0.000 0.000 0.000 0.000 0.000 0.000 0.000 0.000 0.000 0.000 0.000 0.000 0.000 0.000 0.000 0.000 0.000 0.000 0.000 0.000 0.000 23/06/1973
0.000 0.000 0.000 0.000 0.000 0.000 0.000 0.000 0.000 0.000 0.000 0.000 0.000 0.000 0.000 0.000 0.000 0.000 0.000 0.000 0.000 0.000 0.000 0.000 0.000 0.000 0.000 0.000 0.000 0.000 24/06/1973
0.000 0.000 0.000 0.000 0.000 0.000 0.000 0.000 0.000 0.000 0.000 0.000 0.000 0.000 0.000 0.000 0.000 0.000 0.000 0.000 0.000 0.000 0.000 0.000 0.000 0.000 0.000 0.000 0.000 0.000 25/06/1973
0.000 0.000 0.000 0.000 0.000 0.000 0.000 0.000 0.000 0.000 0.000 0.000 0.000 0.000 0.000 0.300 0.000 0.000 0.000 0.000 0.300 0.000 0.000 0.000 0.000 0.300 0.000 0.000 0.000 0.000 26/06/1973
6.000 6.000 6.000 5.900 16.900 6.100 6.100 6.100 13.300 16.800 6.100 6.100 13.200 13.400 16.700 5.600 21.300 13.300 13.400 13.400 5.600 21.300 13.300 13.200 13.200 5.500 21.100 13.100 13.100 13.400 27/06/1973
0.000 0.000 0.000 0.000 0.000 0.000 0.000 0.000 0.000 0.000 0.000 0.000 0.000 0.000 0.000 0.000 0.000 0.000 0.000 0.000 0.000 0.000 0.000 0.000 0.000 0.000 0.000 0.000 0.000 0.000 28/06/1973
0.000 0.000 0.000 0.000 0.000 0.000 0.000 0.000 0.000 0.000 0.000 0.000 0.000 0.000 0.000 0.000 0.000 0.000 0.000 0.000 0.000 0.000 0.000 0.000 0.000 0.000 0.000 0.000 0.000 0.000 29/06/1973
0.000 0.000 0.000 0.000 0.000 0.000 0.000 0.000 0.000 0.000 0.000 0.000 0.000 0.000 0.000 7.400 0.000 0.000 0.000 0.000 7.300 0.000 0.000 0.000 0.000 7.200 0.000 0.000 0.000 0.000 30/06/1973
0.000 0.000 0.000 0.000 0.000 0.000 0.000 0.000 0.000 0.000 0.000 0.000 0.000 0.000 0.000 0.000 0.000 0.000 0.000 0.000 0.000 0.000 0.000 0.000 0.000 0.000 0.000 0.000 0.000 0.000 01/07/1973
0.000 0.000 0.000 0.000 0.000 0.000 0.000 0.000 0.000 0.000 0.000 0.000 0.000 0.000 0.000 0.000 0.000 0.000 0.000 0.000 0.000 0.000 0.000 0.000 0.000 0.000 0.000 0.000 0.000 0.000 02/07/1973
0.000 0.000 0.000 0.000 0.000 0.000 0.000 0.000 0.000 0.000 0.000 0.000 0.000 0.000 0.000 0.000 0.000 0.000 0.000 0.000 0.000 0.000 0.000 0.000 0.000 0.000 0.000 0.000 0.000 0.000 03/07/1973
2.000 2.000 2.000 2.000 5.900 2.000 2.000 2.000 3.700 5.900 2.000 2.000 3.700 3.700 5.800 2.400 6.500 3.700 3.700 3.700 2.300 6.500 3.700 3.700 3.700 2.300 6.500 3.600 3.700 3.700 04/07/1973
5.200 5.200 5.300 5.500 3.400 5.300 5.400 5.300 1.100 3.400 5.300 5.300 1.100 1.100 3.400 3.500 0.900 1.100 1.100 1.100 3.500 0.900 1.100 1.100 1.100 3.400 0.900 1.000 1.000 1.100 05/07/1973
0.100 0.100 0.100 0.100 3.100 0.100 0.100 0.100 0.600 3.100 0.100 0.100 0.600 0.600 3.100 0.800 6.900 0.600 0.600 0.600 0.800 6.900 0.600 0.600 0.600 0.800 6.800 0.600 0.600 0.600 06/07/1973
1.900 1.900 1.900 0.400 1.600 1.900 1.900 1.900 0.800 1.600 1.900 1.900 0.800 0.800 1.600 5.900 31.700 0.800 0.800 0.800 5.900 31.800 0.800 0.800 0.800 5.800 31.500 0.800 0.800 0.800 07/07/1973
0.300 0.300 0.300 1.200 1.500 0.300 0.300 0.300 0.900 1.500 0.300 0.300 0.900 0.900 1.500 1.800 0.500 0.900 0.900 0.900 1.800 0.500 0.900 0.900 0.900 1.800 0.500 0.900 0.900 0.900 08/07/1973
0.000 0.000 0.000 0.000 0.000 0.000 0.000 0.000 0.000 0.000 0.000 0.000 0.000 0.000 0.000 0.000 0.000 0.000 0.000 0.000 0.000 0.000 0.000 0.000 0.000 0.000 0.000 0.000 0.000 0.000 09/07/1973
0.000 0.000 0.000 0.000 0.000 0.000 0.000 0.000 0.000 0.000 0.000 0.000 0.000 0.000 0.000 0.000 0.000 0.000 0.000 0.000 0.000 0.000 0.000 0.000 0.000 0.000 0.000 0.000 0.000 0.000 10/07/1973
0.000 0.000 0.000 0.000 0.000 0.000 0.000 0.000 0.000 0.000 0.000 0.000 0.000 0.000 0.000 0.000 0.000 0.000 0.000 0.000 0.000 0.000 0.000 0.000 0.000 0.000 0.000 0.000 0.000 0.000 11/07/1973
0.000 0.000 0.000 0.000 0.000 0.000 0.000 0.000 0.000 0.000 0.000 0.000 0.000 0.000 0.000 0.000 0.000 0.000 0.000 0.000 0.000 0.000 0.000 0.000 0.000 0.000 0.000 0.000 0.000 0.000 12/07/1973
0.500 0.500 0.500 1.500 3.200 0.500 0.500 0.500 2.500 3.200 0.500 0.500 2.500 2.500 3.100 1.600 3.000 2.500 2.500 2.500 1.600 3.000 2.500 2.500 2.500 1.500 3.000 2.500 2.500 2.500 13/07/1973
5.500 5.500 5.500 5.800 6.200 5.600 5.600 5.600 6.400 6.100 5.600 5.600 6.400 6.400 6.100 9.700 11.300 6.400 6.500 6.400 9.700 11.400 6.400 6.400 6.400 9.500 11.300 6.300 6.300 6.500 14/07/1973
4.700 4.700 4.700 6.900 9.300 4.800 4.800 4.800 7.500 9.200 4.700 4.700 7.500 7.500 9.200 7.000 18.400 7.500 7.600 7.500 6.900 18.400 7.500 7.400 7.400 6.800 18.300 7.400 7.400 7.500 15/07/1973
11.100 11.200 11.200 9.900 12.200 11.300 11.400 11.300 10.700 12.200 11.300 11.300 10.700 10.800 12.100 6.400 7.400 10.700 10.800 10.800 6.300 7.500 10.800 10.700 10.700 6.300 7.400 10.600 10.600 10.800 16/07/1973
2.500 2.500 2.500 3.800 5.700 2.600 2.600 2.600 1.400 5.400 2.600 2.500 1.300 1.400 5.000 2.100 3.600 1.300 1.500 1.400 2.000 3.600 1.400 1.300 1.300 2.000 3.600 1.200 1.200 1.500 17/07/1973
4.700 4.700 4.700 0.800 3.900 4.800 4.800 4.800 4.100 3.900 4.800 4.800 4.100 4.100 3.800 4.700 0.000 4.100 4.100 4.100 4.600 0.000 4.100 4.100 4.100 4.600 0.000 4.000 4.000 4.100 18/07/1973
2.700 2.700 2.700 3.100 0.800 2.800 2.800 2.800 0.100 0.800 2.800 2.700 0.100 0.100 0.800 0.000 0.000 0.100 0.100 0.100 0.000 0.000 0.100 0.100 0.100 0.000 0.000 0.100 0.100 0.100 19/07/1973
1.400 1.500 1.500 0.200 0.100 1.500 1.500 1.500 0.100 0.100 1.500 1.500 0.100 0.100 0.100 0.100 2.700 0.100 0.100 0.100 0.100 2.700 0.100 0.100 0.100 0.100 2.700 0.100 0.100 0.100 20/07/1973
3.500 3.500 3.600 1.000 5.000 3.600 3.600 3.600 6.900 5.000 3.600 3.600 6.900 6.900 4.900 3.700 2.200 6.900 7.000 7.000 3.700 2.200 6.900 6.900 6.900 3.600 2.200 6.800 6.800 7.000 21/07/1973
2.400 2.400 2.400 3.600 4.300 2.500 2.500 2.500 0.700 4.300 2.500 2.400 0.700 0.700 4.300 5.400 0.000 0.700 0.700 0.700 5.300 0.000 0.700 0.700 0.700 5.200 0.000 0.700 0.700 0.700 22/07/1973
22.500 22.700 22.800 20.200 27.300 23.000 23.200 23.000 31.300 27.100 23.000 22.900 31.200 31.500 26.900 32.200 18.600 31.300 31.600 31.600 31.900 18.700 31.300 31.100 31.100 31.500 18.500 30.800 30.900 31.600 23/07/1973
10.600 10.700 10.800 12.700 19.900 10.900 11.000 10.900 7.600 19.800 10.800 10.800 7.600 7.600 19.600 8.800 12.000 7.600 7.700 7.700 8.700 12.000 7.600 7.600 7.600 8.600 11.900 7.500 7.500 7.700 24/07/1973
1.500 1.500 1.500 12.000 4.000 1.500 1.500 1.500 1.600 4.000 1.500 1.500 1.600 1.600 3.900 0.000 0.800 1.600 1.700 1.700 0.000 0.800 1.600 1.600 1.600 0.000 0.800 1.600 1.600 1.700 25/07/1973
0.000 0.000 0.000 0.000 0.000 0.000 0.000 0.000 0.000 0.000 0.000 0.000 0.000 0.000 0.000 0.000 0.000 0.000 0.000 0.000 0.000 0.000 0.000 0.000 0.000 0.000 0.000 0.000 0.000 0.000 26/07/1973
0.000 0.000 0.000 0.000 0.000 0.000 0.000 0.000 0.000 0.000 0.000 0.000 0.000 0.000 0.000 0.000 0.000 0.000 0.000 0.000 0.000 0.000 0.000 0.000 0.000 0.000 0.000 0.000 0.000 0.000 27/07/1973
0.000 0.000 0.000 0.000 0.000 0.000 0.000 0.000 0.000 0.000 0.000 0.000 0.000 0.000 0.000 0.000 0.000 0.000 0.000 0.000 0.000 0.000 0.000 0.000 0.000 0.000 0.000 0.000 0.000 0.000 28/07/1973
0.000 0.000 0.000 0.000 0.000 0.000 0.000 0.000 0.000 0.000 0.000 0.000 0.000 0.000 0.000 0.000 0.000 0.000 0.000 0.000 0.000 0.000 0.000 0.000 0.000 0.000 0.000 0.000 0.000 0.000 29/07/1973
0.000 0.000 0.000 0.000 0.000 0.000 0.000 0.000 0.000 0.000 0.000 0.000 0.000 0.000 0.000 0.000 0.000 0.000 0.000 0.000 0.000 0.000 0.000 0.000 0.000 0.000 0.000 0.000 0.000 0.000 30/07/1973
0.800 0.800 0.800 6.900 1.800 0.800 0.800 0.800 2.400 1.800 0.800 0.800 2.400 2.400 1.700 1.100 1.100 2.400 2.400 2.400 1.100 1.100 2.400 2.400 2.400 1.000 1.100 2.400 2.400 2.400 31/07/1973
