# 6448 6449 6450 6451 6452 6528 6529 6530 6531 6532 6610 6611 6612 6613 6614 6693 6694 6695 6696 6697 6776 6777 6778 6779 6780 6859 6860 6861 6862 6863 Date
0.000 0.000 0.000 0.000 0.000 0.000 0.000 0.000 0.000 0.000 0.000 0.000 0.000 0.000 0.000 0.000 0.000 0.000 0.000 0.000 0.000 0.000 0.000 0.000 0.000 0.000 0.000 0.000 0.000 0.000 01/08/1988
0.300 0.300 0.300 0.100 1.500 0.300 0.300 0.300 1.600 1.500 0.300 0.300 1.600 1.600 1.500 1.000 2.700 1.600 1.700 1.700 1.000 2.700 1.600 1.600 1.600 1.000 2.700 1.600 1.600 1.700 02/08/1988
0.000 0.000 0.000 0.000 0.200 0.000 0.000 0.000 1.900 0.200 0.000 0.000 1.800 1.900 0.200 0.200 1.600 1.800 1.900 1.900 0.200 1.600 1.900 1.800 1.800 0.200 1.600 1.800 1.800 1.900 03/08/1988
0.000 0.000 0.000 0.000 0.000 0.000 0.000 0.000 0.000 0.000 0.000 0.000 0.000 0.000 0.000 0.000 0.000 0.000 0.000 0.000 0.000 0.000 0.000 0.000 0.000 0.000 0.000 0.000 0.000 0.000 04/08/1988
0.000 0.000 0.000 0.000 0.000 0.000 0.000 0.000 0.000 0.000 0.000 0.000 0.000 0.000 0.000 0.000 0.000 0.000 0.000 0.000 0.000 0.000 0.000 0.000 0.000 0.000 0.000 0.000 0.000 0.000 05/08/1988
0.000 0.000 0.000 0.000 0.000 0.000 0.000 0.000 0.000 0.000 0.000 0.000 0.000 0.000 0.000 0.000 0.000 0.000 0.000 0.000 0.000 0.000 0.000 0.000 0.000 0.000 0.000 0.000 0.000 0.000 06/08/1988
0.000 0.000 0.000 0.000 0.000 0.000 0.000 0.000 0.000 0.000 0.000 0.000 0.000 0.000 0.000 0.000 0.000 0.000 0.000 0.000 0.000 0.000 0.000 0.000 0.000 0.000 0.000 0.000 0.000 0.000 07/08/1988
0.000 0.000 0.000 0.000 0.000 0.000 0.000 0.000 0.000 0.000 0.000 0.000 0.000 0.000 0.000 0.000 0.000 0.000 0.000 0.000 0.000 0.000 0.000 0.000 0.000 0.000 0.000 0.000 0.000 0.000 08/08/1988
0.000 0.000 0.000 0.000 0.000 0.000 0.000 0.000 0.000 0.000 0.000 0.000 0.000 0.000 0.000 0.000 0.000 0.000 0.000 0.000 0.000 0.000 0.000 0.000 0.000 0.000 0.000 0.000 0.000 0.000 09/08/1988
0.000 0.000 0.000 0.500 0.000 0.000 0.000 0.000 0.000 0.000 0.000 0.000 0.000 0.000 0.000 0.000 0.000 0.000 0.000 0.000 0.000 0.000 0.000 0.000 0.000 0.000 0.000 0.000 0.000 0.000 10/08/1988
0.000 0.000 0.000 0.000 0.000 0.000 0.000 0.000 0.000 0.000 0.000 0.000 0.000 0.000 0.000 0.000 0.000 0.000 0.000 0.000 0.000 0.000 0.000 0.000 0.000 0.000 0.000 0.000 0.000 0.000 11/08/1988
0.000 0.000 0.000 0.000 0.000 0.000 0.000 0.000 0.000 0.000 0.000 0.000 0.000 0.000 0.000 0.000 0.000 0.000 0.000 0.000 0.000 0.000 0.000 0.000 0.000 0.000 0.000 0.000 0.000 0.000 12/08/1988
0.000 0.000 0.000 0.000 0.000 0.000 0.000 0.000 0.000 0.000 0.000 0.000 0.000 0.000 0.000 0.000 0.000 0.000 0.000 0.000 0.000 0.000 0.000 0.000 0.000 0.000 0.000 0.000 0.000 0.000 13/08/1988
0.000 0.000 0.000 0.000 0.000 0.000 0.000 0.000 0.000 0.000 0.000 0.000 0.000 0.000 0.000 0.000 0.000 0.000 0.000 0.000 0.000 0.000 0.000 0.000 0.000 0.000 0.000 0.000 0.000 0.000 14/08/1988
0.200 0.200 0.200 0.700 0.900 0.200 0.200 0.200 0.500 0.900 0.200 0.200 0.500 0.500 0.900 0.000 0.200 0.500 0.500 0.500 0.000 0.200 0.500 0.500 0.500 0.000 0.200 0.500 0.500 0.500 15/08/1988
0.600 0.600 0.600 0.900 0.000 0.600 0.600 0.600 0.000 0.000 0.600 0.600 0.000 0.000 0.000 0.000 0.000 0.000 0.000 0.000 0.000 0.000 0.000 0.000 0.000 0.000 0.000 0.000 0.000 0.000 16/08/1988
0.000 0.000 0.000 0.000 0.000 0.000 0.000 0.000 0.000 0.000 0.000 0.000 0.000 0.000 0.000 0.000 0.000 0.000 0.000 0.000 0.000 0.000 0.000 0.000 0.000 0.000 0.000 0.000 0.000 0.000 17/08/1988
0.000 0.000 0.000 0.000 0.000 0.000 0.000 0.000 0.000 0.000 0.000 0.000 0.000 0.000 0.000 0.000 0.000 0.000 0.000 0.000 0.000 0.000 0.000 0.000 0.000 0.000 0.000 0.000 0.000 0.000 18/08/1988
1.800 1.800 1.800 2.600 1.600 1.800 1.800 1.800 1.600 1.600 1.800 1.800 1.600 1.700 1.500 1.100 2.400 1.600 1.700 1.700 1.100 2.400 1.600 1.600 1.600 1.100 2.400 1.600 1.600 1.700 19/08/1988
1.300 1.300 1.300 0.600 0.600 1.300 1.300 1.300 1.200 0.600 1.300 1.300 1.200 1.200 0.600 1.500 0.300 1.200 1.200 1.200 1.500 0.400 1.200 1.200 1.200 1.500 0.300 1.200 1.200 1.200 20/08/1988
0.100 0.100 0.100 1.900 0.500 0.100 0.100 0.100 0.100 0.400 0.100 0.100 0.100 0.100 0.400 0.200 0.100 0.100 0.100 0.100 0.200 0.100 0.100 0.100 0.100 0.200 0.100 0.100 0.100 0.100 21/08/1988
0.000 0.000 0.000 0.000 0.000 0.000 0.000 0.000 0.000 0.000 0.000 0.000 0.000 0.000 0.000 0.000 0.000 0.000 0.000 0.000 0.000 0.000 0.000 0.000 0.000 0.000 0.000 0.000 0.000 0.000 22/08/1988
0.100 0.100 0.100 0.000 0.000 0.100 0.100 0.100 0.000 0.000 0.100 0.100 0.000 0.000 0.000 0.000 0.000 0.000 0.000 0.000 0.000 0.000 0.000 0.000 0.000 0.000 0.000 0.000 0.000 0.000 23/08/1988
1.900 1.900 1.900 2.200 2.200 1.900 1.900 1.900 1.200 2.200 1.900 1.900 1.200 1.200 2.100 1.700 1.800 1.200 1.200 1.200 1.700 1.800 1.200 1.200 1.200 1.600 1.800 1.100 1.100 1.200 24/08/1988
0.000 0.000 0.000 0.000 0.000 0.000 0.000 0.000 0.000 0.000 0.000 0.000 0.000 0.000 0.000 0.000 0.000 0.000 0.000 0.000 0.000 0.000 0.000 0.000 0.000 0.000 0.000 0.000 0.000 0.000 25/08/1988
0.000 0.000 0.000 0.000 0.000 0.000 0.000 0.000 0.000 0.000 0.000 0.000 0.000 0.000 0.000 0.000 0.000 0.000 0.000 0.000 0.000 0.000 0.000 0.000 0.000 0.000 0.000 0.000 0.000 0.000 26/08/1988
0.000 0.000 0.000 0.000 0.000 0.000 0.000 0.000 0.000 0.000 0.000 0.000 0.000 0.000 0.000 0.100 0.000 0.000 0.000 0.000 0.100 0.000 0.000 0.000 0.000 0.100 0.000 0.000 0.000 0.000 27/08/1988
0.600 0.700 0.700 0.700 0.000 0.700 0.700 0.700 0.000 0.000 0.700 0.700 0.000 0.000 0.000 0.300 0.000 0.000 0.000 0.000 0.300 0.000 0.000 0.000 0.000 0.300 0.000 0.000 0.000 0.000 28/08/1988
0.100 0.100 0.100 0.000 0.100 0.100 0.100 0.100 0.500 0.100 0.100 0.100 0.500 0.500 0.100 0.500 0.200 0.500 0.500 0.500 0.500 0.200 0.500 0.500 0.500 0.400 0.200 0.400 0.400 0.500 29/08/1988
0.000 0.000 0.000 0.000 0.000 0.000 0.000 0.000 0.000 0.000 0.000 0.000 0.000 0.000 0.000 0.000 0.100 0.000 0.000 0.000 0.000 0.100 0.000 0.000 0.000 0.000 0.100 0.000 0.000 0.000 30/08/1988
0.000 0.000 0.000 0.000 0.000 0.000 0.000 0.000 0.100 0.000 0.000 0.000 0.100 0.100 0.000 0.000 0.000 0.100 0.100 0.100 0.000 0.000 0.100 0.100 0.100 0.000 0.000 0.100 0.100 0.100 31/08/1988
20.700 20.800 20.900 19.400 19.600 21.100 21.300 21.100 15.800 19.500 21.000 21.000 15.700 15.800 19.300 13.400 16.900 15.700 15.900 15.900 13.300 16.900 15.800 15.700 15.600 13.100 16.800 15.500 15.500 15.900 01/09/1988
2.800 2.800 2.800 1.800 2.200 2.800 2.800 2.800 3.000 2.200 2.800 2.800 3.000 3.000 2.200 3.400 2.500 3.000 3.000 3.000 3.300 2.500 3.000 3.000 3.000 3.300 2.500 3.000 3.000 3.000 02/09/1988
3.500 3.500 3.500 4.700 4.300 3.500 3.600 3.500 2.000 4.300 3.500 3.500 2.000 2.000 4.200 2.000 0.300 2.000 2.000 2.000 1.900 0.300 2.000 2.000 2.000 1.900 0.300 2.000 2.000 2.000 03/09/1988
0.000 0.000 0.000 0.600 0.000 0.000 0.000 0.000 0.000 0.000 0.000 0.000 0.000 0.000 0.000 0.000 0.000 0.000 0.000 0.000 0.000 0.000 0.000 0.000 0.000 0.000 0.000 0.000 0.000 0.000 04/09/1988
0.000 0.000 0.000 0.000 0.000 0.000 0.000 0.000 0.000 0.000 0.000 0.000 0.000 0.000 0.000 0.000 0.000 0.000 0.000 0.000 0.000 0.000 0.000 0.000 0.000 0.000 0.000 0.000 0.000 0.000 05/09/1988
0.000 0.000 0.000 0.000 0.000 0.000 0.000 0.000 0.000 0.000 0.000 0.000 0.000 0.000 0.000 0.000 0.000 0.000 0.000 0.000 0.000 0.000 0.000 0.000 0.000 0.000 0.000 0.000 0.000 0.000 06/09/1988
0.000 0.000 0.000 0.000 0.000 0.000 0.000 0.000 0.000 0.000 0.000 0.000 0.000 0.000 0.000 0.000 0.000 0.000 0.000 0.000 0.000 0.000 0.000 0.000 0.000 0.000 0.000 0.000 0.000 0.000 07/09/1988
0.000 0.000 0.000 0.000 0.000 0.000 0.000 0.000 0.000 0.000 0.000 0.000 0.000 0.000 0.000 0.000 0.000 0.000 0.000 0.000 0.000 0.000 0.000 0.000 0.000 0.000 0.000 0.000 0.000 0.000 08/09/1988
0.200 0.200 0.200 0.000 0.000 0.200 0.200 0.200 0.000 0.000 0.200 0.200 0.000 0.000 0.000 0.300 0.000 0.000 0.000 0.000 0.300 0.000 0.000 0.000 0.000 0.300 0.000 0.000 0.000 0.000 09/09/1988
0.000 0.000 0.000 0.000 0.000 0.000 0.000 0.000 0.000 0.000 0.000 0.000 0.000 0.000 0.000 0.000 0.000 0.000 0.000 0.000 0.000 0.000 0.000 0.000 0.000 0.000 0.000 0.000 0.000 0.000 10/09/1988
0.000 0.000 0.000 0.000 0.000 0.000 0.000 0.000 0.000 0.000 0.000 0.000 0.000 0.000 0.000 0.000 0.000 0.000 0.000 0.000 0.000 0.000 0.000 0.000 0.000 0.000 0.000 0.000 0.000 0.000 11/09/1988
0.200 0.200 0.200 0.000 0.000 0.200 0.200 0.200 0.000 0.000 0.200 0.200 0.000 0.000 0.000 0.000 0.000 0.000 0.000 0.000 0.000 0.000 0.000 0.000 0.000 0.000 0.000 0.000 0.000 0.000 12/09/1988
1.200 1.200 1.200 1.400 2.000 1.200 1.200 1.200 2.200 2.000 1.200 1.200 2.100 2.200 2.000 0.000 0.000 2.100 2.200 2.200 0.000 0.000 2.200 2.100 2.100 0.000 0.000 2.100 2.100 2.200 13/09/1988
0.600 0.600 0.600 0.600 0.100 0.600 0.600 0.600 0.000 0.100 0.600 0.600 0.000 0.000 0.100 0.300 0.000 0.000 0.000 0.000 0.300 0.000 0.000 0.000 0.000 0.300 0.000 0.000 0.000 0.000 14/09/1988
2.800 2.800 2.900 4.500 2.500 2.900 2.900 2.900 2.100 2.500 2.900 2.900 2.100 2.100 2.500 3.600 2.300 2.100 2.100 2.100 3.600 2.300 2.100 2.100 2.100 3.500 2.300 2.100 2.100 2.100 15/09/1988
0.000 0.000 0.000 0.100 0.800 0.000 0.000 0.000 0.600 0.800 0.000 0.000 0.600 0.600 0.800 0.000 0.000 0.600 0.600 0.600 0.000 0.000 0.600 0.600 0.600 0.000 0.000 0.500 0.500 0.600 16/09/1988
0.000 0.000 0.000 0.000 0.000 0.000 0.000 0.000 0.000 0.000 0.000 0.000 0.000 0.000 0.000 0.000 0.000 0.000 0.000 0.000 0.000 0.000 0.000 0.000 0.000 0.000 0.000 0.000 0.000 0.000 17/09/1988
0.000 0.000 0.000 0.000 0.000 0.000 0.000 0.000 0.000 0.000 0.000 0.000 0.000 0.000 0.000 0.000 0.000 0.000 0.000 0.000 0.000 0.000 0.000 0.000 0.000 0.000 0.000 0.000 0.000 0.000 18/09/1988
0.000 0.000 0.000 0.000 0.000 0.000 0.000 0.000 0.000 0.000 0.000 0.000 0.000 0.000 0.000 0.000 0.000 0.000 0.000 0.000 0.000 0.000 0.000 0.000 0.000 0.000 0.000 0.000 0.000 0.000 19/09/1988
0.000 0.000 0.000 0.000 0.000 0.000 0.000 0.000 0.000 0.000 0.000 0.000 0.000 0.000 0.000 0.000 0.000 0.000 0.000 0.000 0.000 0.000 0.000 0.000 0.000 0.000 0.000 0.000 0.000 0.000 20/09/1988
0.000 0.000 0.000 0.000 0.000 0.000 0.000 0.000 0.000 0.000 0.000 0.000 0.000 0.000 0.000 0.000 0.000 0.000 0.000 0.000 0.000 0.000 0.000 0.000 0.000 0.000 0.000 0.000 0.000 0.000 21/09/1988
5.200 5.200 5.200 5.000 3.200 5.300 5.300 5.300 2.300 3.200 5.300 5.300 2.300 2.300 3.100 4.400 0.500 2.300 2.300 2.300 4.400 0.500 2.300 2.300 2.300 4.300 0.400 2.200 2.300 2.300 22/09/1988
4.100 4.200 4.200 4.100 4.500 4.200 4.300 4.200 3.700 4.500 4.200 4.200 3.700 3.700 4.500 3.300 2.800 3.700 3.700 3.700 3.300 2.800 3.700 3.700 3.700 3.200 2.800 3.700 3.700 3.700 23/09/1988
0.000 0.000 0.000 0.100 0.000 0.000 0.000 0.000 0.000 0.000 0.000 0.000 0.000 0.000 0.000 0.000 0.000 0.000 0.000 0.000 0.000 0.000 0.000 0.000 0.000 0.000 0.000 0.000 0.000 0.000 24/09/1988
0.000 0.000 0.000 0.000 0.000 0.000 0.000 0.000 0.000 0.000 0.000 0.000 0.000 0.000 0.000 0.000 0.000 0.000 0.000 0.000 0.000 0.000 0.000 0.000 0.000 0.000 0.000 0.000 0.000 0.000 25/09/1988
0.000 0.000 0.000 0.000 0.000 0.000 0.000 0.000 0.000 0.000 0.000 0.000 0.000 0.000 0.000 0.000 0.000 0.000 0.000 0.000 0.000 0.000 0.000 0.000 0.000 0.000 0.000 0.000 0.000 0.000 26/09/1988
0.100 0.100 0.100 0.000 0.000 0.100 0.100 0.100 0.100 0.000 0.100 0.100 0.100 0.100 0.000 0.000 0.000 0.100 0.100 0.100 0.000 0.000 0.100 0.100 0.100 0.000 0.000 0.100 0.100 0.100 27/09/1988
2.800 2.800 2.900 0.600 5.700 2.900 2.900 2.900 6.700 5.600 2.900 2.900 6.700 6.800 5.600 3.800 4.700 6.700 6.800 6.800 3.800 4.700 6.700 6.700 6.700 3.700 4.600 6.600 6.600 6.800 28/09/1988
7.400 7.400 7.500 7.300 11.100 7.500 7.600 7.500 7.800 11.100 7.500 7.500 7.800 7.800 11.000 8.700 6.100 7.800 7.900 7.900 8.600 6.100 7.800 7.800 7.700 8.500 6.000 7.700 7.700 7.900 29/09/1988
0.000 0.000 0.000 0.000 0.000 0.000 0.000 0.000 0.000 0.000 0.000 0.000 0.000 0.000 0.000 0.000 0.000 0.000 0.000 0.000 0.000 0.000 0.000 0.000 0.000 0.000 0.000 0.000 0.000 0.000 30/09/1988
0.000 0.000 0.000 0.000 0.000 0.000 0.000 0.000 0.000 0.000 0.000 0.000 0.000 0.000 0.000 0.000 0.000 0.000 0.000 0.000 0.000 0.000 0.000 0.000 0.000 0.000 0.000 0.000 0.000 0.000 01/10/1988
0.000 0.000 0.000 0.000 0.500 0.000 0.000 0.000 0.000 0.500 0.000 0.000 0.000 0.000 0.500 0.000 0.000 0.000 0.000 0.000 0.000 0.000 0.000 0.000 0.000 0.000 0.000 0.000 0.000 0.000 02/10/1988
0.000 0.000 0.000 0.000 0.000 0.000 0.000 0.000 0.000 0.000 0.000 0.000 0.000 0.000 0.000 0.000 0.000 0.000 0.000 0.000 0.000 0.000 0.000 0.000 0.000 0.000 0.000 0.000 0.000 0.000 03/10/1988
2.600 2.600 2.600 3.500 4.300 2.600 2.600 2.600 2.700 4.200 2.600 2.600 2.700 2.700 4.200 1.800 1.800 2.700 2.800 2.800 1.800 1.800 2.700 2.700 2.700 1.800 1.800 2.700 2.700 2.800 04/10/1988
1.700 1.800 1.800 1.300 2.200 1.800 1.800 1.800 1.600 2.200 1.800 1.800 1.600 1.600 2.200 2.100 0.700 1.600 1.600 1.600 2.100 0.700 1.600 1.600 1.600 2.100 0.700 1.500 1.500 1.600 05/10/1988
11.500 11.600 11.700 12.600 19.900 11.700 11.900 11.700 13.200 19.700 11.700 11.700 13.200 13.300 19.600 13.300 10.900 13.200 13.400 13.400 13.100 10.900 13.300 13.200 13.200 13.000 10.900 13.000 13.100 13.400 06/10/1988
2.700 2.700 2.700 0.800 3.200 2.800 2.800 2.800 1.600 3.200 2.800 2.700 1.600 1.600 3.200 1.100 0.700 1.600 1.600 1.600 1.100 0.700 1.600 1.600 1.600 1.100 0.700 1.600 1.600 1.600 07/10/1988
0.200 0.200 0.200 0.000 0.000 0.200 0.200 0.200 0.000 0.000 0.200 0.200 0.000 0.000 0.000 0.000 0.000 0.000 0.000 0.000 0.000 0.000 0.000 0.000 0.000 0.000 0.000 0.000 0.000 0.000 08/10/1988
5.900 6.000 6.000 3.600 16.000 6.000 6.100 6.000 15.000 15.900 6.000 6.000 15.000 15.100 15.800 8.200 13.400 15.000 15.200 15.200 8.200 13.400 15.100 14.900 14.900 8.100 13.300 14.800 14.800 15.200 09/10/1988
4.100 4.200 4.200 4.600 8.900 4.200 4.300 4.200 8.300 8.900 4.200 4.200 8.200 8.300 8.800 3.500 6.400 8.300 8.400 8.300 3.500 6.400 8.300 8.200 8.200 3.400 6.300 8.100 8.200 8.400 10/10/1988
1.500 1.500 1.500 0.500 2.800 1.500 1.500 1.500 1.900 2.800 1.500 1.500 1.900 1.900 2.700 0.500 0.300 1.900 1.900 1.900 0.500 0.300 1.900 1.900 1.900 0.500 0.300 1.900 1.900 1.900 11/10/1988
5.700 5.800 5.800 4.900 2.000 5.800 5.900 5.800 0.700 2.000 5.800 5.800 0.700 0.700 2.000 5.600 0.800 0.700 0.700 0.700 5.500 0.800 0.700 0.700 0.700 5.500 0.800 0.700 0.700 0.700 12/10/1988
0.000 0.000 0.000 0.000 0.000 0.000 0.000 0.000 0.000 0.000 0.000 0.000 0.000 0.000 0.000 0.000 0.000 0.000 0.000 0.000 0.000 0.000 0.000 0.000 0.000 0.000 0.000 0.000 0.000 0.000 13/10/1988
0.000 0.000 0.000 0.000 0.000 0.000 0.000 0.000 0.000 0.000 0.000 0.000 0.000 0.000 0.000 0.000 0.000 0.000 0.000 0.000 0.000 0.000 0.000 0.000 0.000 0.000 0.000 0.000 0.000 0.000 14/10/1988
0.000 0.000 0.000 0.000 0.000 0.000 0.000 0.000 0.000 0.000 0.000 0.000 0.000 0.000 0.000 0.000 0.000 0.000 0.000 0.000 0.000 0.000 0.000 0.000 0.000 0.000 0.000 0.000 0.000 0.000 15/10/1988
0.000 0.000 0.000 0.000 0.000 0.000 0.000 0.000 0.000 0.000 0.000 0.000 0.000 0.000 0.000 0.000 0.000 0.000 0.000 0.000 0.000 0.000 0.000 0.000 0.000 0.000 0.000 0.000 0.000 0.000 16/10/1988
0.200 0.200 0.200 0.700 0.000 0.200 0.200 0.200 0.100 0.000 0.200 0.200 0.100 0.100 0.000 0.400 0.200 0.100 0.100 0.100 0.400 0.200 0.100 0.100 0.100 0.400 0.100 0.100 0.100 0.100 17/10/1988
1.900 2.000 2.000 2.200 0.700 2.000 2.000 2.000 3.500 0.700 2.000 2.000 3.500 3.500 0.700 0.700 3.900 3.500 3.500 3.500 0.700 3.900 3.500 3.500 3.500 0.700 3.900 3.400 3.400 3.500 18/10/1988
7.200 7.200 7.200 5.600 7.300 7.300 7.400 7.300 5.300 7.300 7.300 7.300 5.200 5.300 7.200 3.100 4.600 5.300 5.300 5.300 3.000 4.600 5.300 5.200 5.200 3.000 4.500 5.200 5.200 5.300 19/10/1988
1.600 1.600 1.600 0.500 4.200 1.700 1.700 1.700 0.600 4.200 1.700 1.700 0.600 0.600 4.100 4.800 2.100 0.600 0.600 0.600 4.700 2.100 0.600 0.600 0.600 4.700 2.100 0.600 0.600 0.600 20/10/1988
0.000 0.000 0.000 0.000 0.000 0.000 0.000 0.000 0.000 0.000 0.000 0.000 0.000 0.000 0.000 0.000 0.000 0.000 0.000 0.000 0.000 0.000 0.000 0.000 0.000 0.000 0.000 0.000 0.000 0.000 21/10/1988
0.000 0.000 0.000 0.000 0.000 0.000 0.000 0.000 0.000 0.000 0.000 0.000 0.000 0.000 0.000 0.000 0.000 0.000 0.000 0.000 0.000 0.000 0.000 0.000 0.000 0.000 0.000 0.000 0.000 0.000 22/10/1988
0.000 0.000 0.000 0.100 0.000 0.000 0.000 0.000 0.000 0.000 0.000 0.000 0.000 0.000 0.000 0.000 0.000 0.000 0.000 0.000 0.000 0.000 0.000 0.000 0.000 0.000 0.000 0.000 0.000 0.000 23/10/1988
0.000 0.000 0.000 0.000 0.000 0.000 0.000 0.000 0.000 0.000 0.000 0.000 0.000 0.000 0.000 0.000 0.000 0.000 0.000 0.000 0.000 0.000 0.000 0.000 0.000 0.000 0.000 0.000 0.000 0.000 24/10/1988
0.000 0.000 0.000 0.000 0.000 0.000 0.000 0.000 0.200 0.000 0.000 0.000 0.200 0.200 0.000 0.000 0.000 0.200 0.200 0.200 0.000 0.000 0.200 0.200 0.200 0.000 0.000 0.200 0.200 0.200 25/10/1988
0.000 0.000 0.000 0.000 0.000 0.000 0.000 0.000 0.000 0.000 0.000 0.000 0.000 0.000 0.000 0.000 0.000 0.000 0.000 0.000 0.000 0.000 0.000 0.000 0.000 0.000 0.000 0.000 0.000 0.000 26/10/1988
0.300 0.300 0.300 0.700 0.400 0.300 0.300 0.300 0.400 0.400 0.300 0.300 0.400 0.400 0.400 0.200 0.000 0.400 0.400 0.400 0.200 0.000 0.400 0.400 0.400 0.200 0.000 0.400 0.400 0.400 27/10/1988
0.000 0.000 0.000 0.000 0.000 0.000 0.000 0.000 0.000 0.000 0.000 0.000 0.000 0.000 0.000 0.000 0.000 0.000 0.000 0.000 0.000 0.000 0.000 0.000 0.000 0.000 0.000 0.000 0.000 0.000 28/10/1988
0.000 0.000 0.000 0.000 0.000 0.000 0.000 0.000 0.000 0.000 0.000 0.000 0.000 0.000 0.000 0.000 0.000 0.000 0.000 0.000 0.000 0.000 0.000 0.000 0.000 0.000 0.000 0.000 0.000 0.000 29/10/1988
0.000 0.000 0.000 0.000 0.000 0.000 0.000 0.000 0.000 0.000 0.000 0.000 0.000 0.000 0.000 0.000 0.000 0.000 0.000 0.000 0.000 0.000 0.000 0.000 0.000 0.000 0.000 0.000 0.000 0.000 30/10/1988
0.000 0.000 0.000 0.000 0.000 0.000 0.000 0.000 0.000 0.000 0.000 0.000 0.000 0.000 0.000 0.000 0.000 0.000 0.000 0.000 0.000 0.000 0.000 0.000 0.000 0.000 0.000 0.000 0.000 0.000 31/10/1988
0.000 0.000 0.000 0.000 0.200 0.000 0.000 0.000 0.400 0.200 0.000 0.000 0.400 0.400 0.200 0.000 0.000 0.400 0.400 0.400 0.000 0.000 0.400 0.400 0.400 0.000 0.000 0.400 0.400 0.400 01/11/1988
0.000 0.000 0.000 0.000 0.000 0.000 0.000 0.000 0.000 0.000 0.000 0.000 0.000 0.000 0.000 0.000 0.000 0.000 0.000 0.000 0.000 0.000 0.000 0.000 0.000 0.000 0.000 0.000 0.000 0.000 02/11/1988
0.000 0.000 0.000 0.000 0.000 0.000 0.000 0.000 0.000 0.000 0.000 0.000 0.000 0.000 0.000 0.000 0.000 0.000 0.000 0.000 0.000 0.000 0.000 0.000 0.000 0.000 0.000 0.000 0.000 0.000 03/11/1988
0.000 0.000 0.000 0.000 0.000 0.000 0.000 0.000 0.000 0.000 0.000 0.000 0.000 0.000 0.000 0.000 0.000 0.000 0.000 0.000 0.000 0.000 0.000 0.000 0.000 0.000 0.000 0.000 0.000 0.000 04/11/1988
0.000 0.000 0.000 0.000 0.000 0.000 0.000 0.000 0.000 0.000 0.000 0.000 0.000 0.000 0.000 0.000 0.000 0.000 0.000 0.000 0.000 0.000 0.000 0.000 0.000 0.000 0.000 0.000 0.000 0.000 05/11/1988
0.000 0.000 0.000 0.000 0.000 0.000 0.000 0.000 0.000 0.000 0.000 0.000 0.000 0.000 0.000 0.000 0.000 0.000 0.000 0.000 0.000 0.000 0.000 0.000 0.000 0.000 0.000 0.000 0.000 0.000 06/11/1988
0.000 0.000 0.000 0.000 0.000 0.000 0.000 0.000 0.000 0.000 0.000 0.000 0.000 0.000 0.000 0.000 0.000 0.000 0.000 0.000 0.000 0.000 0.000 0.000 0.000 0.000 0.000 0.000 0.000 0.000 07/11/1988
1.700 1.700 1.700 1.500 0.400 1.700 1.700 1.700 2.300 0.400 1.700 1.700 2.300 2.300 0.400 6.100 3.100 2.300 2.300 2.300 6.000 3.100 2.300 2.300 2.300 6.000 3.100 2.300 2.300 2.300 08/11/1988
2.800 2.900 2.900 0.400 1.700 2.900 2.900 2.900 2.400 1.700 2.900 2.900 2.400 2.400 1.700 1.900 1.700 2.400 2.400 2.400 1.900 1.700 2.400 2.400 2.400 1.900 1.700 2.400 2.400 2.400 09/11/1988
0.000 0.000 0.000 0.000 0.100 0.000 0.000 0.000 0.100 0.100 0.000 0.000 0.100 0.100 0.100 0.000 0.000 0.100 0.100 0.100 0.000 0.000 0.100 0.100 0.100 0.000 0.000 0.100 0.100 0.100 10/11/1988
0.000 0.000 0.000 0.000 0.000 0.000 0.000 0.000 0.000 0.000 0.000 0.000 0.000 0.000 0.000 0.000 0.000 0.000 0.000 0.000 0.000 0.000 0.000 0.000 0.000 0.000 0.000 0.000 0.000 0.000 11/11/1988
0.000 0.000 0.000 0.000 0.000 0.000 0.000 0.000 0.000 0.000 0.000 0.000 0.000 0.000 0.000 0.000 0.000 0.000 0.000 0.000 0.000 0.000 0.000 0.000 0.000 0.000 0.000 0.000 0.000 0.000 12/11/1988
0.000 0.000 0.000 0.000 0.000 0.000 0.000 0.000 0.000 0.000 0.000 0.000 0.000 0.000 0.000 0.000 0.000 0.000 0.000 0.000 0.000 0.000 0.000 0.000 0.000 0.000 0.000 0.000 0.000 0.000 13/11/1988
0.000 0.000 0.000 0.000 0.000 0.000 0.000 0.000 0.000 0.000 0.000 0.000 0.000 0.000 0.000 0.000 0.000 0.000 0.000 0.000 0.000 0.000 0.000 0.000 0.000 0.000 0.000 0.000 0.000 0.000 14/11/1988
0.000 0.000 0.000 0.000 0.000 0.000 0.000 0.000 0.000 0.000 0.000 0.000 0.000 0.000 0.000 0.000 0.000 0.000 0.000 0.000 0.000 0.000 0.000 0.000 0.000 0.000 0.000 0.000 0.000 0.000 15/11/1988
0.000 0.000 0.000 0.000 0.000 0.000 0.000 0.000 0.000 0.000 0.000 0.000 0.000 0.000 0.000 0.000 0.000 0.000 0.000 0.000 0.000 0.000 0.000 0.000 0.000 0.000 0.000 0.000 0.000 0.000 16/11/1988
1.000 1.000 1.000 1.300 0.900 1.000 1.000 1.000 1.100 0.900 1.000 1.000 1.100 1.100 0.900 0.500 0.000 1.100 1.100 1.100 0.500 0.000 1.100 1.100 1.100 0.500 0.000 1.100 1.100 1.100 17/11/1988
4.200 4.300 4.300 2.500 5.400 4.300 4.300 4.300 5.400 5.300 4.300 4.300 5.400 5.400 5.300 2.300 1.600 5.400 5.400 5.400 2.300 1.600 5.400 5.400 5.400 2.300 1.600 5.300 5.300 5.400 18/11/1988
0.000 0.000 0.000 0.000 0.000 0.000 0.000 0.000 0.000 0.000 0.000 0.000 0.000 0.000 0.000 0.100 0.000 0.000 0.000 0.000 0.100 0.000 0.000 0.000 0.000 0.100 0.000 0.000 0.000 0.000 19/11/1988
5.300 5.400 5.400 6.500 4.800 5.400 5.500 5.400 4.300 4.800 5.400 5.400 4.200 4.300 4.800 3.500 2.500 4.200 4.300 4.300 3.500 2.500 4.300 4.200 4.200 3.500 2.500 4.200 4.200 4.300 20/11/1988
0.000 0.000 0.000 0.000 0.000 0.000 0.000 0.000 0.000 0.000 0.000 0.000 0.000 0.000 0.000 0.000 0.000 0.000 0.000 0.000 0.000 0.000 0.000 0.000 0.000 0.000 0.000 0.000 0.000 0.000 21/11/1988
0.000 0.000 0.000 0.000 0.000 0.000 0.000 0.000 0.000 0.000 0.000 0.000 0.000 0.000 0.000 0.000 0.000 0.000 0.000 0.000 0.000 0.000 0.000 0.000 0.000 0.000 0.000 0.000 0.000 0.000 22/11/1988
0.000 0.000 0.000 0.000 0.000 0.000 0.000 0.000 0.000 0.000 0.000 0.000 0.000 0.000 0.000 0.000 0.000 0.000 0.000 0.000 0.000 0.000 0.000 0.000 0.000 0.000 0.000 0.000 0.000 0.000 23/11/1988
0.000 0.000 0.000 0.000 0.000 0.000 0.000 0.000 0.000 0.000 0.000 0.000 0.000 0.000 0.000 0.000 0.000 0.000 0.000 0.000 0.000 0.000 0.000 0.000 0.000 0.000 0.000 0.000 0.000 0.000 24/11/1988
0.000 0.000 0.000 0.000 0.000 0.000 0.000 0.000 0.000 0.000 0.000 0.000 0.000 0.000 0.000 0.000 0.000 0.000 0.000 0.000 0.000 0.000 0.000 0.000 0.000 0.000 0.000 0.000 0.000 0.000 25/11/1988
0.000 0.000 0.000 0.000 0.000 0.000 0.000 0.000 0.000 0.000 0.000 0.000 0.000 0.000 0.000 0.000 0.000 0.000 0.000 0.000 0.000 0.000 0.000 0.000 0.000 0.000 0.000 0.000 0.000 0.000 26/11/1988
0.000 0.000 0.000 0.000 0.000 0.000 0.000 0.000 0.000 0.000 0.000 0.000 0.000 0.000 0.000 0.000 0.000 0.000 0.000 0.000 0.000 0.000 0.000 0.000 0.000 0.000 0.000 0.000 0.000 0.000 27/11/1988
1.300 1.400 1.400 4.000 1.700 1.400 1.400 1.400 1.200 1.700 1.400 1.400 1.200 1.200 1.600 0.400 0.000 1.200 1.200 1.200 0.400 0.000 1.200 1.200 1.200 0.400 0.000 1.200 1.200 1.200 28/11/1988
8.900 9.000 9.000 8.400 10.600 9.000 9.100 9.000 6.300 10.500 9.000 9.000 6.300 6.400 10.400 2.700 1.600 6.300 6.400 6.400 2.700 1.600 6.300 6.300 6.300 2.600 1.600 6.200 6.200 6.400 29/11/1988
9.700 9.800 9.800 9.500 10.800 9.900 10.000 9.900 7.000 10.700 9.900 9.900 7.000 7.100 10.600 6.200 5.200 7.000 7.100 7.100 6.100 5.200 7.000 7.000 7.000 6.000 5.200 6.900 6.900 7.100 30/11/1988
0.700 0.700 0.700 2.700 2.800 0.700 0.700 0.700 0.600 2.800 0.700 0.700 0.600 0.600 2.800 0.800 0.400 0.600 0.600 0.600 0.800 0.400 0.600 0.600 0.600 0.800 0.400 0.600 0.600 0.600 01/12/1988
3.300 3.400 3.400 1.900 4.400 3.400 3.400 3.400 5.400 4.400 3.400 3.400 5.400 5.400 4.300 4.800 8.100 5.400 5.400 5.400 4.700 8.100 5.400 5.400 5.400 4.700 8.000 5.300 5.300 5.400 02/12/1988
9.500 9.600 9.600 9.800 14.900 9.700 9.700 9.700 10.800 14.800 9.600 9.600 10.800 10.900 14.700 9.300 8.500 10.800 10.900 10.900 9.200 8.500 10.800 10.800 10.800 9.100 8.400 10.700 10.700 10.900 03/12/1988
11.100 11.200 11.300 9.500 17.100 11.300 11.500 11.300 10.500 17.000 11.300 11.300 10.500 10.600 16.900 8.400 9.600 10.500 10.600 10.600 8.300 9.700 10.500 10.500 10.500 8.200 9.600 10.400 10.400 10.600 04/12/1988
6.700 6.800 6.800 7.200 14.100 6.800 6.900 6.800 12.000 14.000 6.800 6.800 12.000 12.100 13.900 8.200 5.200 12.000 12.100 12.100 8.100 5.300 12.000 12.000 11.900 8.000 5.200 11.800 11.900 12.100 05/12/1988
2.100 2.100 2.100 4.300 1.300 2.200 2.200 2.200 1.900 1.300 2.200 2.200 1.900 1.900 1.300 1.400 2.100 1.900 1.900 1.900 1.300 2.100 1.900 1.900 1.900 1.300 2.100 1.800 1.800 1.900 06/12/1988
0.000 0.000 0.000 0.000 0.100 0.000 0.000 0.000 0.000 0.100 0.000 0.000 0.000 0.000 0.100 0.200 0.000 0.000 0.000 0.000 0.200 0.000 0.000 0.000 0.000 0.200 0.000 0.000 0.000 0.000 07/12/1988
0.400 0.400 0.400 0.400 0.400 0.400 0.400 0.400 0.000 0.400 0.400 0.400 0.000 0.000 0.400 0.200 0.000 0.000 0.000 0.000 0.200 0.000 0.000 0.000 0.000 0.200 0.000 0.000 0.000 0.000 08/12/1988
0.400 0.400 0.400 1.200 0.400 0.400 0.400 0.400 0.400 0.400 0.400 0.400 0.400 0.400 0.400 0.300 0.200 0.400 0.400 0.400 0.300 0.200 0.400 0.400 0.400 0.300 0.200 0.400 0.400 0.400 09/12/1988
0.000 0.000 0.000 0.000 0.000 0.000 0.000 0.000 0.000 0.000 0.000 0.000 0.000 0.000 0.000 0.000 0.000 0.000 0.000 0.000 0.000 0.000 0.000 0.000 0.000 0.000 0.000 0.000 0.000 0.000 10/12/1988
0.000 0.000 0.000 0.000 0.000 0.000 0.000 0.000 0.000 0.000 0.000 0.000 0.000 0.000 0.000 0.000 0.000 0.000 0.000 0.000 0.000 0.000 0.000 0.000 0.000 0.000 0.000 0.000 0.000 0.000 11/12/1988
0.000 0.000 0.000 0.000 0.100 0.000 0.000 0.000 0.000 0.100 0.000 0.000 0.000 0.000 0.100 0.000 0.000 0.000 0.000 0.000 0.000 0.000 0.000 0.000 0.000 0.000 0.000 0.000 0.000 0.000 12/12/1988
0.000 0.000 0.000 0.000 0.000 0.000 0.000 0.000 0.000 0.000 0.000 0.000 0.000 0.000 0.000 0.000 0.000 0.000 0.000 0.000 0.000 0.000 0.000 0.000 0.000 0.000 0.000 0.000 0.000 0.000 13/12/1988
0.000 0.000 0.000 0.000 0.000 0.000 0.000 0.000 0.000 0.000 0.000 0.000 0.000 0.000 0.000 0.000 0.000 0.000 0.000 0.000 0.000 0.000 0.000 0.000 0.000 0.000 0.000 0.000 0.000 0.000 14/12/1988
0.000 0.000 0.000 0.000 0.000 0.000 0.000 0.000 0.000 0.000 0.000 0.000 0.000 0.000 0.000 0.000 0.000 0.000 0.000 0.000 0.000 0.000 0.000 0.000 0.000 0.000 0.000 0.000 0.000 0.000 15/12/1988
0.000 0.000 0.000 0.000 0.000 0.000 0.000 0.000 0.000 0.000 0.000 0.000 0.000 0.000 0.000 0.000 0.000 0.000 0.000 0.000 0.000 0.000 0.000 0.000 0.000 0.000 0.000 0.000 0.000 0.000 16/12/1988
0.000 0.000 0.000 0.000 0.000 0.000 0.000 0.000 0.000 0.000 0.000 0.000 0.000 0.000 0.000 0.000 0.000 0.000 0.000 0.000 0.000 0.000 0.000 0.000 0.000 0.000 0.000 0.000 0.000 0.000 17/12/1988
0.000 0.000 0.000 0.000 0.000 0.000 0.000 0.000 0.000 0.000 0.000 0.000 0.000 0.000 0.000 0.000 0.000 0.000 0.000 0.000 0.000 0.000 0.000 0.000 0.000 0.000 0.000 0.000 0.000 0.000 18/12/1988
5.400 5.400 5.400 6.700 9.700 5.500 5.500 5.500 7.000 9.700 5.500 5.400 7.000 7.000 9.600 5.000 4.600 7.000 7.100 7.100 4.900 4.600 7.000 7.000 7.000 4.900 4.500 6.900 6.900 7.100 19/12/1988
0.000 0.000 0.000 0.000 0.000 0.000 0.000 0.000 0.000 0.000 0.000 0.000 0.000 0.000 0.000 0.000 0.000 0.000 0.000 0.000 0.000 0.000 0.000 0.000 0.000 0.000 0.000 0.000 0.000 0.000 20/12/1988
0.000 0.000 0.000 0.000 0.000 0.000 0.000 0.000 0.000 0.000 0.000 0.000 0.000 0.000 0.000 0.000 0.000 0.000 0.000 0.000 0.000 0.000 0.000 0.000 0.000 0.000 0.000 0.000 0.000 0.000 21/12/1988
0.000 0.000 0.000 0.000 0.000 0.000 0.000 0.000 0.000 0.000 0.000 0.000 0.000 0.000 0.000 0.000 0.000 0.000 0.000 0.000 0.000 0.000 0.000 0.000 0.000 0.000 0.000 0.000 0.000 0.000 22/12/1988
2.200 2.200 2.200 2.900 2.900 2.200 2.200 2.200 2.100 2.900 2.200 2.200 2.100 2.100 2.900 1.700 0.700 2.100 2.100 2.100 1.700 0.700 2.100 2.100 2.100 1.700 0.700 2.000 2.000 2.100 23/12/1988
0.000 0.000 0.000 0.000 0.600 0.000 0.000 0.000 0.300 0.600 0.000 0.000 0.300 0.300 0.600 0.100 0.100 0.300 0.300 0.300 0.100 0.100 0.300 0.300 0.300 0.100 0.100 0.200 0.200 0.300 24/12/1988
0.000 0.000 0.000 0.000 0.000 0.000 0.000 0.000 0.000 0.000 0.000 0.000 0.000 0.000 0.000 0.000 0.000 0.000 0.000 0.000 0.000 0.000 0.000 0.000 0.000 0.000 0.000 0.000 0.000 0.000 25/12/1988
0.000 0.000 0.000 0.000 0.000 0.000 0.000 0.000 0.000 0.000 0.000 0.000 0.000 0.000 0.000 0.000 0.000 0.000 0.000 0.000 0.000 0.000 0.000 0.000 0.000 0.000 0.000 0.000 0.000 0.000 26/12/1988
0.000 0.000 0.000 0.000 0.000 0.000 0.000 0.000 0.000 0.000 0.000 0.000 0.000 0.000 0.000 0.000 0.000 0.000 0.000 0.000 0.000 0.000 0.000 0.000 0.000 0.000 0.000 0.000 0.000 0.000 27/12/1988
0.000 0.000 0.000 0.000 0.000 0.000 0.000 0.000 0.000 0.000 0.000 0.000 0.000 0.000 0.000 0.000 0.000 0.000 0.000 0.000 0.000 0.000 0.000 0.000 0.000 0.000 0.000 0.000 0.000 0.000 28/12/1988
0.200 0.200 0.200 0.000 0.000 0.200 0.200 0.200 0.000 0.000 0.200 0.200 0.000 0.000 0.000 0.200 0.000 0.000 0.000 0.000 0.200 0.000 0.000 0.000 0.000 0.200 0.000 0.000 0.000 0.000 29/12/1988
0.200 0.200 0.200 0.000 0.000 0.200 0.100 0.200 0.000 0.000 0.200 0.200 0.000 0.000 0.000 0.500 0.000 0.000 0.000 0.000 0.500 0.000 0.000 0.000 0.000 0.500 0.000 0.000 0.000 0.000 30/12/1988
0.000 0.000 0.000 0.000 0.000 0.000 0.000 0.000 0.000 0.000 0.000 0.000 0.000 0.000 0.000 0.200 0.000 0.000 0.000 0.000 0.200 0.000 0.000 0.000 0.000 0.200 0.000 0.000 0.000 0.000 31/12/1988
0.000 0.000 0.000 0.000 0.000 0.000 0.000 0.000 0.000 0.000 0.000 0.000 0.000 0.000 0.000 0.000 0.000 0.000 0.000 0.000 0.000 0.000 0.000 0.000 0.000 0.000 0.000 0.000 0.000 0.000 01/01/1989
0.000 0.000 0.000 0.000 0.000 0.000 0.000 0.000 0.000 0.000 0.000 0.000 0.000 0.000 0.000 0.000 0.000 0.000 0.000 0.000 0.000 0.000 0.000 0.000 0.000 0.000 0.000 0.000 0.000 0.000 02/01/1989
0.000 0.000 0.000 0.000 1.300 0.000 0.000 0.000 0.000 1.300 0.000 0.000 0.000 0.000 1.300 0.000 0.000 0.000 0.000 0.000 0.000 0.000 0.000 0.000 0.000 0.000 0.000 0.000 0.000 0.000 03/01/1989
4.800 4.800 4.900 9.300 2.700 4.900 4.900 4.900 3.300 2.700 4.900 4.900 3.300 3.400 2.700 5.600 4.200 3.300 3.400 3.400 5.500 4.200 3.300 3.300 3.300 5.500 4.200 3.300 3.300 3.400 04/01/1989
9.900 10.000 10.000 8.300 10.800 10.100 10.200 10.100 10.700 10.700 10.100 10.100 10.700 10.700 10.600 9.600 9.100 10.700 10.800 10.800 9.500 9.200 10.700 10.600 10.600 9.400 9.100 10.600 10.600 10.800 05/01/1989
5.600 5.600 5.600 0.900 13.400 5.700 5.700 5.700 13.200 13.300 5.600 5.600 13.200 13.300 13.200 10.000 17.600 13.200 13.300 13.300 9.900 17.600 13.200 13.100 13.100 9.800 17.500 13.000 13.000 13.300 06/01/1989
0.700 0.700 0.700 0.100 0.000 0.800 0.800 0.800 0.100 0.000 0.800 0.800 0.100 0.100 0.000 0.000 0.000 0.100 0.100 0.100 0.000 0.000 0.100 0.100 0.100 0.000 0.000 0.100 0.100 0.100 07/01/1989
0.000 0.000 0.000 0.000 0.100 0.000 0.000 0.000 0.100 0.100 0.000 0.000 0.100 0.100 0.100 0.000 0.000 0.100 0.100 0.100 0.000 0.000 0.100 0.100 0.100 0.000 0.000 0.100 0.100 0.100 08/01/1989
0.300 0.300 0.300 0.000 0.200 0.300 0.300 0.300 0.200 0.200 0.300 0.300 0.200 0.200 0.200 0.100 0.000 0.200 0.200 0.200 0.100 0.000 0.200 0.200 0.200 0.200 0.000 0.200 0.200 0.200 09/01/1989
0.000 0.000 0.000 0.000 0.000 0.000 0.000 0.000 0.100 0.000 0.000 0.000 0.100 0.100 0.000 0.000 0.000 0.100 0.100 0.100 0.000 0.000 0.100 0.100 0.100 0.000 0.000 0.100 0.100 0.100 10/01/1989
0.000 0.000 0.000 0.200 0.000 0.000 0.000 0.000 0.000 0.000 0.000 0.000 0.000 0.000 0.000 0.000 0.000 0.000 0.000 0.000 0.000 0.000 0.000 0.000 0.000 0.000 0.000 0.000 0.000 0.000 11/01/1989
2.700 2.800 2.800 3.500 2.200 2.800 2.800 2.800 2.000 2.100 2.800 2.800 2.000 2.000 2.100 2.000 0.000 2.000 2.000 2.000 2.000 0.000 2.000 2.000 2.000 2.000 0.000 2.000 2.000 2.000 12/01/1989
0.000 0.000 0.000 0.000 0.000 0.000 0.000 0.000 0.000 0.000 0.000 0.000 0.000 0.000 0.000 0.000 0.000 0.000 0.000 0.000 0.000 0.000 0.000 0.000 0.000 0.000 0.000 0.000 0.000 0.000 13/01/1989
1.000 1.000 1.000 1.000 0.400 1.000 1.000 1.000 0.400 0.400 1.000 1.000 0.400 0.400 0.400 0.400 0.700 0.400 0.400 0.400 0.400 0.700 0.400 0.400 0.400 0.400 0.700 0.400 0.400 0.400 14/01/1989
0.000 0.000 0.000 0.000 0.000 0.000 0.000 0.000 0.000 0.000 0.000 0.000 0.000 0.000 0.000 0.000 0.000 0.000 0.000 0.000 0.000 0.000 0.000 0.000 0.000 0.000 0.000 0.000 0.000 0.000 15/01/1989
0.000 0.000 0.000 0.400 0.200 0.000 0.000 0.000 0.200 0.200 0.000 0.000 0.200 0.200 0.200 0.000 0.000 0.200 0.200 0.200 0.000 0.000 0.200 0.200 0.200 0.000 0.000 0.100 0.100 0.200 16/01/1989
0.000 0.000 0.000 0.000 0.000 0.000 0.000 0.000 0.000 0.000 0.000 0.000 0.000 0.000 0.000 0.000 0.000 0.000 0.000 0.000 0.000 0.000 0.000 0.000 0.000 0.000 0.000 0.000 0.000 0.000 17/01/1989
0.000 0.000 0.000 0.000 0.000 0.000 0.000 0.000 0.000 0.000 0.000 0.000 0.000 0.000 0.000 0.000 0.000 0.000 0.000 0.000 0.000 0.000 0.000 0.000 0.000 0.000 0.000 0.000 0.000 0.000 18/01/1989
0.000 0.000 0.000 0.000 0.000 0.000 0.000 0.000 0.000 0.000 0.000 0.000 0.000 0.000 0.000 0.000 0.000 0.000 0.000 0.000 0.000 0.000 0.000 0.000 0.000 0.000 0.000 0.000 0.000 0.000 19/01/1989
0.000 0.000 0.000 0.000 0.600 0.000 0.000 0.000 1.000 0.600 0.000 0.000 1.000 1.000 0.600 0.000 0.000 1.000 1.000 1.000 0.000 0.000 1.000 1.000 1.000 0.000 0.000 1.000 1.000 1.000 20/01/1989
4.300 4.400 4.400 3.600 3.900 4.400 4.500 4.400 3.600 3.900 4.400 4.400 3.600 3.700 3.900 4.400 5.300 3.600 3.700 3.700 4.300 5.300 3.600 3.600 3.600 4.300 5.200 3.600 3.600 3.700 21/01/1989
0.000 0.000 0.000 0.000 0.000 0.000 0.000 0.000 0.000 0.000 0.000 0.000 0.000 0.000 0.000 0.000 0.000 0.000 0.000 0.000 0.000 0.000 0.000 0.000 0.000 0.000 0.000 0.000 0.000 0.000 22/01/1989
0.000 0.000 0.000 0.000 0.000 0.000 0.000 0.000 0.000 0.000 0.000 0.000 0.000 0.000 0.000 0.000 0.000 0.000 0.000 0.000 0.000 0.000 0.000 0.000 0.000 0.000 0.000 0.000 0.000 0.000 23/01/1989
0.000 0.000 0.000 0.000 0.000 0.000 0.000 0.000 0.000 0.000 0.000 0.000 0.000 0.000 0.000 0.000 0.000 0.000 0.000 0.000 0.000 0.000 0.000 0.000 0.000 0.000 0.000 0.000 0.000 0.000 24/01/1989
0.000 0.000 0.000 0.000 0.000 0.000 0.000 0.000 0.000 0.000 0.000 0.000 0.000 0.000 0.000 0.000 0.000 0.000 0.000 0.000 0.000 0.000 0.000 0.000 0.000 0.000 0.000 0.000 0.000 0.000 25/01/1989
0.000 0.000 0.000 0.000 0.000 0.000 0.000 0.000 0.000 0.000 0.000 0.000 0.000 0.000 0.000 0.000 0.000 0.000 0.000 0.000 0.000 0.000 0.000 0.000 0.000 0.000 0.000 0.000 0.000 0.000 26/01/1989
0.000 0.000 0.000 0.000 0.000 0.000 0.000 0.000 0.000 0.000 0.000 0.000 0.000 0.000 0.000 0.000 0.000 0.000 0.000 0.000 0.000 0.000 0.000 0.000 0.000 0.000 0.000 0.000 0.000 0.000 27/01/1989
0.000 0.000 0.000 0.000 0.000 0.000 0.000 0.000 0.000 0.000 0.000 0.000 0.000 0.000 0.000 0.000 0.000 0.000 0.000 0.000 0.000 0.000 0.000 0.000 0.000 0.000 0.000 0.000 0.000 0.000 28/01/1989
0.000 0.000 0.000 0.000 0.000 0.000 0.000 0.000 0.000 0.000 0.000 0.000 0.000 0.000 0.000 0.000 0.000 0.000 0.000 0.000 0.000 0.000 0.000 0.000 0.000 0.000 0.000 0.000 0.000 0.000 29/01/1989
0.000 0.000 0.000 0.000 0.000 0.000 0.000 0.000 0.000 0.000 0.000 0.000 0.000 0.000 0.000 0.000 0.000 0.000 0.000 0.000 0.000 0.000 0.000 0.000 0.000 0.000 0.000 0.000 0.000 0.000 30/01/1989
0.000 0.000 0.000 0.000 0.000 0.000 0.000 0.000 0.000 0.000 0.000 0.000 0.000 0.000 0.000 0.000 0.000 0.000 0.000 0.000 0.000 0.000 0.000 0.000 0.000 0.000 0.000 0.000 0.000 0.000 31/01/1989
0.000 0.000 0.000 0.000 0.000 0.000 0.000 0.000 0.000 0.000 0.000 0.000 0.000 0.000 0.000 0.000 0.000 0.000 0.000 0.000 0.000 0.000 0.000 0.000 0.000 0.000 0.000 0.000 0.000 0.000 01/02/1989
0.000 0.000 0.000 0.000 0.000 0.000 0.000 0.000 0.000 0.000 0.000 0.000 0.000 0.000 0.000 0.000 0.000 0.000 0.000 0.000 0.000 0.000 0.000 0.000 0.000 0.000 0.000 0.000 0.000 0.000 02/02/1989
0.000 0.000 0.000 0.000 0.000 0.000 0.000 0.000 0.000 0.000 0.000 0.000 0.000 0.000 0.000 0.000 0.000 0.000 0.000 0.000 0.000 0.000 0.000 0.000 0.000 0.000 0.000 0.000 0.000 0.000 03/02/1989
0.000 0.000 0.000 0.000 0.000 0.000 0.000 0.000 0.000 0.000 0.000 0.000 0.000 0.000 0.000 0.000 0.000 0.000 0.000 0.000 0.000 0.000 0.000 0.000 0.000 0.000 0.000 0.000 0.000 0.000 04/02/1989
0.000 0.000 0.000 0.000 0.000 0.000 0.000 0.000 0.000 0.000 0.000 0.000 0.000 0.000 0.000 0.000 0.000 0.000 0.000 0.000 0.000 0.000 0.000 0.000 0.000 0.000 0.000 0.000 0.000 0.000 05/02/1989
0.000 0.000 0.000 0.000 0.000 0.000 0.000 0.000 0.000 0.000 0.000 0.000 0.000 0.000 0.000 0.000 0.000 0.000 0.000 0.000 0.000 0.000 0.000 0.000 0.000 0.000 0.000 0.000 0.000 0.000 06/02/1989
0.000 0.000 0.000 0.000 0.000 0.000 0.000 0.000 0.000 0.000 0.000 0.000 0.000 0.000 0.000 0.000 0.000 0.000 0.000 0.000 0.000 0.000 0.000 0.000 0.000 0.000 0.000 0.000 0.000 0.000 07/02/1989
0.000 0.000 0.000 0.000 0.000 0.000 0.000 0.000 0.000 0.000 0.000 0.000 0.000 0.000 0.000 0.000 0.000 0.000 0.000 0.000 0.000 0.000 0.000 0.000 0.000 0.000 0.000 0.000 0.000 0.000 08/02/1989
0.000 0.000 0.000 0.000 0.000 0.000 0.000 0.000 0.000 0.000 0.000 0.000 0.000 0.000 0.000 0.000 0.000 0.000 0.000 0.000 0.000 0.000 0.000 0.000 0.000 0.000 0.000 0.000 0.000 0.000 09/02/1989
0.100 0.100 0.100 0.000 1.200 0.100 0.100 0.100 0.000 1.200 0.100 0.100 0.000 0.000 1.200 0.000 0.000 0.000 0.000 0.000 0.000 0.000 0.000 0.000 0.000 0.000 0.000 0.000 0.000 0.000 10/02/1989
0.000 0.000 0.000 0.000 0.000 0.000 0.000 0.000 0.000 0.000 0.000 0.000 0.000 0.000 0.000 0.000 0.000 0.000 0.000 0.000 0.000 0.000 0.000 0.000 0.000 0.000 0.000 0.000 0.000 0.000 11/02/1989
0.000 0.000 0.000 0.000 0.000 0.000 0.000 0.000 0.000 0.000 0.000 0.000 0.000 0.000 0.000 0.000 0.000 0.000 0.000 0.000 0.000 0.000 0.000 0.000 0.000 0.000 0.000 0.000 0.000 0.000 12/02/1989
1.900 1.900 1.900 3.400 3.300 1.900 1.900 1.900 2.600 3.200 1.900 1.900 2.600 2.600 3.200 1.800 1.000 2.600 2.600 2.600 1.800 1.000 2.600 2.600 2.600 1.700 1.000 2.500 2.600 2.600 13/02/1989
0.000 0.000 0.000 0.000 0.000 0.000 0.000 0.000 0.000 0.000 0.000 0.000 0.000 0.000 0.000 0.000 0.000 0.000 0.000 0.000 0.000 0.000 0.000 0.000 0.000 0.000 0.000 0.000 0.000 0.000 14/02/1989
0.000 0.000 0.000 0.000 0.000 0.000 0.000 0.000 0.000 0.000 0.000 0.000 0.000 0.000 0.000 0.000 0.000 0.000 0.000 0.000 0.000 0.000 0.000 0.000 0.000 0.000 0.000 0.000 0.000 0.000 15/02/1989
0.100 0.100 0.100 0.100 0.000 0.100 0.100 0.100 0.000 0.000 0.100 0.100 0.000 0.000 0.000 0.000 0.000 0.000 0.000 0.000 0.000 0.000 0.000 0.000 0.000 0.000 0.000 0.000 0.000 0.000 16/02/1989
0.000 0.000 0.000 0.000 0.000 0.000 0.000 0.000 0.000 0.000 0.000 0.000 0.000 0.000 0.000 0.000 0.000 0.000 0.000 0.000 0.000 0.000 0.000 0.000 0.000 0.000 0.000 0.000 0.000 0.000 17/02/1989
0.000 0.000 0.000 0.000 0.000 0.000 0.000 0.000 0.000 0.000 0.000 0.000 0.000 0.000 0.000 0.000 0.000 0.000 0.000 0.000 0.000 0.000 0.000 0.000 0.000 0.000 0.000 0.000 0.000 0.000 18/02/1989
0.000 0.000 0.000 0.000 0.000 0.000 0.000 0.000 0.000 0.000 0.000 0.000 0.000 0.000 0.000 0.000 0.000 0.000 0.000 0.000 0.000 0.000 0.000 0.000 0.000 0.000 0.000 0.000 0.000 0.000 19/02/1989
0.800 0.800 0.800 2.100 1.200 0.800 0.900 0.800 1.000 1.200 0.800 0.800 1.000 1.000 1.200 0.900 0.100 1.000 1.000 1.000 0.900 0.100 1.000 1.000 1.000 0.900 0.100 0.900 0.900 1.000 20/02/1989
0.600 0.600 0.600 1.300 1.500 0.600 0.600 0.600 1.400 1.500 0.600 0.600 1.400 1.400 1.500 0.200 0.900 1.400 1.400 1.400 0.200 0.900 1.400 1.400 1.400 0.200 0.900 1.400 1.400 1.400 21/02/1989
10.400 10.500 10.500 9.100 8.600 10.600 10.700 10.600 8.900 8.500 10.600 10.600 8.900 9.000 8.500 9.800 8.300 8.900 9.000 9.000 9.700 8.300 8.900 8.900 8.900 9.600 8.200 8.800 8.800 9.000 22/02/1989
0.500 0.500 0.500 0.100 2.400 0.500 0.500 0.500 3.300 2.300 0.500 0.500 3.300 3.400 2.300 0.100 0.500 3.300 3.400 3.400 0.100 0.500 3.300 3.300 3.300 0.100 0.500 3.300 3.300 3.400 23/02/1989
16.900 17.100 17.100 13.400 13.700 17.300 17.500 17.300 13.000 13.600 17.200 17.200 12.900 13.000 13.500 21.200 20.900 12.900 13.100 13.100 21.000 20.900 13.000 12.900 12.900 20.800 20.700 12.800 12.800 13.100 24/02/1989
19.700 19.900 20.000 19.300 27.500 20.100 20.300 20.100 21.900 27.400 20.100 20.000 21.800 22.000 27.200 20.400 15.200 21.900 22.100 22.100 20.200 15.300 21.900 21.800 21.800 20.000 15.200 21.600 21.600 22.100 25/02/1989
26.400 26.300 26.300 11.200 23.500 26.100 26.000 26.100 20.100 23.500 26.200 26.200 20.200 20.100 23.400 14.200 14.200 20.200 20.000 20.000 14.100 14.200 20.100 20.300 20.300 13.900 14.200 20.400 20.400 20.000 26/02/1989
11.700 11.800 11.900 10.900 22.600 12.000 12.100 12.000 18.200 22.500 12.000 11.900 18.100 18.300 22.300 18.500 15.400 18.200 18.300 18.300 18.300 15.400 18.200 18.100 18.100 18.100 15.300 17.900 17.900 18.300 27/02/1989
4.100 4.100 4.100 6.200 4.000 4.200 4.200 4.200 6.400 4.000 4.200 4.200 6.400 6.400 3.900 7.100 6.300 6.400 6.500 6.500 7.100 6.300 6.400 6.400 6.400 7.000 6.300 6.300 6.300 6.500 28/02/1989
1.900 1.900 1.900 1.100 3.300 1.900 1.900 1.900 3.900 3.200 1.900 1.900 3.900 3.900 3.200 2.700 1.900 3.900 3.900 3.900 2.700 1.900 3.900 3.900 3.900 2.700 1.900 3.800 3.800 3.900 01/03/1989
14.700 14.700 14.800 21.000 22.100 14.900 15.100 14.900 21.500 22.000 14.900 14.900 21.400 21.600 21.800 14.900 20.900 21.500 21.700 21.700 14.700 20.900 21.500 21.400 21.400 14.600 20.800 21.200 21.200 21.700 02/03/1989
5.000 5.100 5.100 1.000 6.600 5.100 5.200 5.100 6.000 6.600 5.100 5.100 6.000 6.000 6.500 4.900 4.000 6.000 6.000 6.000 4.800 4.000 6.000 5.900 5.900 4.800 4.000 5.900 5.900 6.000 03/03/1989
0.400 0.400 0.400 1.000 0.300 0.400 0.400 0.400 0.700 0.300 0.400 0.400 0.700 0.700 0.300 1.600 0.400 0.700 0.700 0.700 1.600 0.400 0.700 0.700 0.700 1.500 0.400 0.700 0.700 0.700 04/03/1989
0.000 0.000 0.000 0.000 0.000 0.000 0.000 0.000 0.000 0.000 0.000 0.000 0.000 0.000 0.000 0.000 0.000 0.000 0.000 0.000 0.000 0.000 0.000 0.000 0.000 0.000 0.000 0.000 0.000 0.000 05/03/1989
0.100 0.100 0.100 0.000 0.000 0.100 0.100 0.100 0.000 0.000 0.100 0.100 0.000 0.000 0.000 0.000 0.000 0.000 0.000 0.000 0.000 0.000 0.000 0.000 0.000 0.000 0.000 0.000 0.000 0.000 06/03/1989
0.400 0.400 0.400 1.800 0.900 0.400 0.400 0.400 0.700 0.900 0.400 0.400 0.700 0.700 0.900 0.500 0.500 0.700 0.700 0.700 0.500 0.500 0.700 0.700 0.700 0.500 0.500 0.700 0.700 0.700 07/03/1989
0.000 0.000 0.000 0.000 0.000 0.000 0.000 0.000 0.000 0.000 0.000 0.000 0.000 0.000 0.000 0.000 0.000 0.000 0.000 0.000 0.000 0.000 0.000 0.000 0.000 0.000 0.000 0.000 0.000 0.000 08/03/1989
0.000 0.000 0.000 0.000 0.000 0.000 0.000 0.000 0.000 0.000 0.000 0.000 0.000 0.000 0.000 0.000 0.000 0.000 0.000 0.000 0.000 0.000 0.000 0.000 0.000 0.000 0.000 0.000 0.000 0.000 09/03/1989
0.000 0.000 0.000 0.000 0.000 0.000 0.000 0.000 0.000 0.000 0.000 0.000 0.000 0.000 0.000 0.000 0.000 0.000 0.000 0.000 0.000 0.000 0.000 0.000 0.000 0.000 0.000 0.000 0.000 0.000 10/03/1989
0.000 0.000 0.000 0.000 0.000 0.000 0.000 0.000 0.000 0.000 0.000 0.000 0.000 0.000 0.000 0.000 0.000 0.000 0.000 0.000 0.000 0.000 0.000 0.000 0.000 0.000 0.000 0.000 0.000 0.000 11/03/1989
0.900 0.900 0.900 0.600 1.300 0.900 0.900 0.900 1.800 1.300 0.900 0.900 1.800 1.800 1.300 0.200 0.700 1.800 1.800 1.800 0.200 0.700 1.800 1.800 1.800 0.200 0.700 1.800 1.800 1.800 12/03/1989
0.200 0.200 0.200 0.000 0.100 0.200 0.200 0.200 0.000 0.100 0.200 0.200 0.000 0.000 0.100 0.000 0.000 0.000 0.000 0.000 0.000 0.000 0.000 0.000 0.000 0.000 0.000 0.000 0.000 0.000 13/03/1989
0.000 0.000 0.000 0.000 0.000 0.000 0.000 0.000 0.200 0.000 0.000 0.000 0.200 0.200 0.000 0.000 0.000 0.200 0.200 0.200 0.000 0.000 0.200 0.200 0.200 0.000 0.000 0.200 0.200 0.200 14/03/1989
10.700 10.700 10.800 12.900 9.600 10.900 11.000 10.900 7.200 9.500 10.900 10.900 7.100 7.200 9.400 10.400 3.500 7.200 7.200 7.200 10.300 3.600 7.200 7.100 7.100 10.200 3.500 7.000 7.100 7.200 15/03/1989
3.500 3.500 3.500 1.700 3.800 3.600 3.600 3.600 1.800 3.700 3.500 3.500 1.800 1.800 3.700 3.100 1.600 1.800 1.900 1.900 3.100 1.600 1.800 1.800 1.800 3.100 1.600 1.800 1.800 1.900 16/03/1989
0.100 0.100 0.100 0.100 0.000 0.100 0.100 0.100 0.000 0.000 0.100 0.100 0.000 0.000 0.000 0.200 0.000 0.000 0.000 0.000 0.200 0.000 0.000 0.000 0.000 0.200 0.000 0.000 0.000 0.000 17/03/1989
0.000 0.000 0.000 0.000 0.000 0.000 0.000 0.000 0.000 0.000 0.000 0.000 0.000 0.000 0.000 0.000 0.000 0.000 0.000 0.000 0.000 0.000 0.000 0.000 0.000 0.000 0.000 0.000 0.000 0.000 18/03/1989
0.000 0.000 0.000 0.000 0.000 0.000 0.000 0.000 0.000 0.000 0.000 0.000 0.000 0.000 0.000 0.000 0.000 0.000 0.000 0.000 0.000 0.000 0.000 0.000 0.000 0.000 0.000 0.000 0.000 0.000 19/03/1989
1.600 1.600 1.600 1.800 3.700 1.600 1.600 1.600 1.400 3.700 1.600 1.600 1.400 1.400 3.600 1.500 1.200 1.400 1.400 1.400 1.500 1.200 1.400 1.400 1.400 1.500 1.200 1.300 1.300 1.400 20/03/1989
1.400 1.400 1.500 0.800 2.900 1.500 1.500 1.500 2.000 2.900 1.500 1.500 2.000 2.000 2.900 1.100 1.000 2.000 2.000 2.000 1.100 1.000 2.000 2.000 2.000 1.100 1.000 2.000 2.000 2.000 21/03/1989
2.900 2.900 2.900 5.000 5.500 3.000 3.000 3.000 4.200 5.500 3.000 3.000 4.200 4.200 5.500 3.400 3.600 4.200 4.200 4.200 3.400 3.600 4.200 4.200 4.200 3.400 3.600 4.100 4.100 4.200 22/03/1989
0.200 0.200 0.200 0.200 0.000 0.200 0.200 0.200 0.100 0.000 0.200 0.200 0.100 0.100 0.000 0.000 0.000 0.100 0.100 0.100 0.000 0.000 0.100 0.100 0.100 0.000 0.000 0.100 0.100 0.100 23/03/1989
2.200 2.200 2.200 1.500 1.900 2.200 2.300 2.200 1.800 1.900 2.200 2.200 1.800 1.900 1.800 1.900 0.900 1.800 1.900 1.900 1.900 0.900 1.800 1.800 1.800 1.900 0.900 1.800 1.800 1.900 24/03/1989
0.100 0.100 0.100 0.000 0.600 0.100 0.100 0.100 0.800 0.600 0.100 0.100 0.800 0.800 0.600 0.200 0.100 0.800 0.800 0.800 0.200 0.100 0.800 0.800 0.800 0.200 0.100 0.700 0.700 0.800 25/03/1989
0.000 0.000 0.000 0.000 0.000 0.000 0.000 0.000 0.000 0.000 0.000 0.000 0.000 0.000 0.000 0.000 0.000 0.000 0.000 0.000 0.000 0.000 0.000 0.000 0.000 0.000 0.000 0.000 0.000 0.000 26/03/1989
0.000 0.000 0.000 0.000 0.000 0.000 0.000 0.000 0.000 0.000 0.000 0.000 0.000 0.000 0.000 0.000 0.000 0.000 0.000 0.000 0.000 0.000 0.000 0.000 0.000 0.000 0.000 0.000 0.000 0.000 27/03/1989
0.000 0.000 0.000 0.000 0.000 0.000 0.000 0.000 0.000 0.000 0.000 0.000 0.000 0.000 0.000 0.000 0.000 0.000 0.000 0.000 0.000 0.000 0.000 0.000 0.000 0.000 0.000 0.000 0.000 0.000 28/03/1989
0.000 0.000 0.000 0.000 0.000 0.000 0.000 0.000 0.000 0.000 0.000 0.000 0.000 0.000 0.000 0.000 0.000 0.000 0.000 0.000 0.000 0.000 0.000 0.000 0.000 0.000 0.000 0.000 0.000 0.000 29/03/1989
0.000 0.000 0.000 0.000 0.000 0.000 0.000 0.000 0.000 0.000 0.000 0.000 0.000 0.000 0.000 0.000 0.300 0.000 0.000 0.000 0.000 0.300 0.000 0.000 0.000 0.000 0.300 0.000 0.000 0.000 30/03/1989
1.000 1.000 1.000 0.000 0.600 1.000 1.000 1.000 1.400 0.600 1.000 1.000 1.400 1.400 0.600 0.700 0.600 1.400 1.400 1.400 0.700 0.600 1.400 1.400 1.400 0.700 0.600 1.300 1.300 1.400 31/03/1989
3.900 3.900 4.000 2.700 1.300 4.000 4.000 4.000 1.800 1.300 4.000 4.000 1.800 1.800 1.300 2.700 1.900 1.800 1.800 1.800 2.700 1.900 1.800 1.800 1.800 2.700 1.900 1.800 1.800 1.800 01/04/1989
2.700 2.700 2.700 4.300 5.700 2.700 2.800 2.700 5.000 5.600 2.700 2.700 5.000 5.000 5.600 2.600 4.800 5.000 5.000 5.000 2.600 4.800 5.000 5.000 5.000 2.600 4.800 4.900 4.900 5.000 02/04/1989
11.700 11.800 11.800 18.100 14.000 11.900 12.100 11.900 12.600 13.900 11.900 11.900 12.600 12.700 13.800 8.600 12.400 12.600 12.700 12.700 8.500 12.400 12.600 12.500 12.500 8.400 12.300 12.400 12.400 12.700 03/04/1989
7.300 7.400 7.400 5.600 7.400 7.500 7.600 7.500 4.800 7.300 7.500 7.500 4.800 4.900 7.300 5.200 5.100 4.800 4.900 4.900 5.100 5.100 4.800 4.800 4.800 5.100 5.100 4.800 4.800 4.900 04/04/1989
3.200 3.200 3.200 1.600 4.700 3.200 3.300 3.200 3.700 4.700 3.200 3.200 3.700 3.700 4.700 2.900 3.400 3.700 3.700 3.700 2.900 3.400 3.700 3.700 3.700 2.800 3.400 3.600 3.600 3.700 05/04/1989
1.800 1.800 1.800 3.700 3.700 1.800 1.800 1.800 2.000 3.700 1.800 1.800 2.000 2.000 3.700 2.500 3.600 2.000 2.000 2.000 2.500 3.700 2.000 2.000 2.000 2.500 3.600 2.000 2.000 2.000 06/04/1989
2.100 2.100 2.100 2.400 0.900 2.100 2.100 2.100 1.100 0.900 2.100 2.100 1.000 1.100 0.900 1.400 3.100 1.100 1.100 1.100 1.400 3.100 1.100 1.000 1.000 1.300 3.100 1.000 1.000 1.100 07/04/1989
0.000 0.000 0.000 2.100 0.000 0.000 0.000 0.000 0.000 0.000 0.000 0.000 0.000 0.000 0.000 1.000 0.000 0.000 0.000 0.000 1.000 0.000 0.000 0.000 0.000 1.000 0.000 0.000 0.000 0.000 08/04/1989
8.200 8.300 8.300 10.200 11.600 8.400 8.500 8.400 9.700 11.500 8.400 8.400 9.700 9.800 11.400 6.900 9.000 9.700 9.800 9.800 6.800 9.000 9.700 9.700 9.700 6.700 8.900 9.600 9.600 9.800 09/04/1989
1.700 1.700 1.700 1.100 1.200 1.700 1.700 1.700 1.800 1.200 1.700 1.700 1.800 1.800 1.200 1.200 2.300 1.800 1.800 1.800 1.200 2.300 1.800 1.800 1.800 1.200 2.300 1.800 1.800 1.800 10/04/1989
26.000 26.200 26.300 28.500 20.200 26.500 26.800 26.500 20.700 20.100 26.500 26.400 20.600 20.800 19.900 22.200 17.700 20.600 20.900 20.800 22.000 17.800 20.700 20.500 20.500 21.700 17.600 20.300 20.400 20.900 11/04/1989
6.500 6.600 6.600 4.300 4.600 6.700 6.700 6.700 5.100 4.600 6.700 6.700 5.100 5.100 4.600 6.300 5.800 5.100 5.100 5.100 6.200 5.800 5.100 5.100 5.100 6.200 5.700 5.000 5.000 5.100 12/04/1989
9.600 9.700 9.700 4.100 6.700 9.800 9.900 9.800 9.200 6.600 9.800 9.800 9.200 9.300 6.600 8.200 5.300 9.200 9.300 9.300 8.100 5.300 9.300 9.200 9.200 8.000 5.300 9.100 9.100 9.300 13/04/1989
0.100 0.100 0.100 0.000 0.000 0.100 0.100 0.100 0.000 0.000 0.100 0.100 0.000 0.000 0.000 0.600 0.000 0.000 0.000 0.000 0.600 0.000 0.000 0.000 0.000 0.600 0.000 0.000 0.000 0.000 14/04/1989
14.600 14.700 14.800 17.100 9.000 14.900 15.100 14.900 8.000 8.900 14.900 14.900 8.000 8.000 8.800 15.300 8.200 8.000 8.100 8.100 15.200 8.200 8.000 8.000 7.900 15.000 8.100 7.900 7.900 8.100 15/04/1989
22.500 22.600 22.700 21.200 25.000 22.900 23.200 22.900 29.600 24.800 22.900 22.800 29.500 29.800 24.600 31.300 22.600 29.600 29.900 29.800 31.000 22.600 29.600 29.400 29.400 30.600 22.500 29.100 29.200 29.900 16/04/1989
7.700 7.800 7.800 5.400 2.900 7.900 7.900 7.900 8.600 2.900 7.800 7.800 8.600 8.700 2.800 9.300 5.500 8.600 8.700 8.700 9.200 5.600 8.600 8.600 8.600 9.100 5.500 8.500 8.500 8.700 17/04/1989
0.000 0.000 0.000 0.000 0.100 0.000 0.000 0.000 0.000 0.100 0.000 0.000 0.000 0.000 0.100 0.000 0.000 0.000 0.000 0.000 0.000 0.000 0.000 0.000 0.000 0.000 0.000 0.000 0.000 0.000 18/04/1989
0.000 0.000 0.000 0.000 0.000 0.000 0.000 0.000 0.000 0.000 0.000 0.000 0.000 0.000 0.000 0.400 3.300 0.000 0.000 0.000 0.400 3.300 0.000 0.000 0.000 0.400 3.300 0.000 0.000 0.000 19/04/1989
0.000 0.000 0.000 0.700 5.200 0.000 0.000 0.000 2.300 5.100 0.000 0.000 2.300 2.300 5.100 0.100 0.200 2.300 2.300 2.300 0.100 0.200 2.300 2.300 2.300 0.100 0.200 2.200 2.200 2.300 20/04/1989
0.000 0.000 0.000 1.500 0.300 0.000 0.000 0.000 0.100 0.300 0.000 0.000 0.100 0.100 0.300 0.000 0.000 0.100 0.100 0.100 0.000 0.000 0.100 0.100 0.100 0.000 0.000 0.100 0.100 0.100 21/04/1989
0.000 0.000 0.000 0.000 0.000 0.000 0.000 0.000 0.000 0.000 0.000 0.000 0.000 0.000 0.000 0.000 0.000 0.000 0.000 0.000 0.000 0.000 0.000 0.000 0.000 0.000 0.000 0.000 0.000 0.000 22/04/1989
0.000 0.000 0.000 0.000 0.200 0.000 0.000 0.000 0.000 0.200 0.000 0.000 0.000 0.000 0.200 0.200 0.100 0.000 0.000 0.000 0.200 0.100 0.000 0.000 0.000 0.200 0.100 0.000 0.000 0.000 23/04/1989
4.500 4.500 4.600 12.400 0.400 4.600 4.600 4.600 0.300 0.400 4.600 4.600 0.300 0.300 0.400 2.100 0.300 0.300 0.300 0.300 2.100 0.300 0.300 0.300 0.300 2.100 0.300 0.300 0.300 0.300 24/04/1989
5.600 5.700 5.700 5.000 2.100 5.700 5.800 5.700 2.300 2.100 5.700 5.700 2.200 2.300 2.100 3.200 2.200 2.300 2.300 2.300 3.200 2.200 2.300 2.200 2.200 3.200 2.200 2.200 2.200 2.300 25/04/1989
2.100 2.100 2.100 0.400 0.000 2.100 2.200 2.100 0.200 0.000 2.100 2.100 0.200 0.200 0.000 3.100 0.000 0.200 0.200 0.200 3.000 0.000 0.200 0.200 0.200 3.000 0.000 0.100 0.100 0.200 26/04/1989
6.500 6.600 6.600 9.900 10.400 6.600 6.700 6.600 7.200 10.400 6.600 6.600 7.200 7.300 10.300 7.800 11.000 7.200 7.300 7.300 7.700 11.000 7.200 7.200 7.200 7.600 10.900 7.100 7.100 7.300 27/04/1989
1.600 1.600 1.600 0.100 0.300 1.600 1.600 1.600 0.100 0.300 1.600 1.600 0.100 0.100 0.300 0.000 0.000 0.100 0.100 0.100 0.000 0.000 0.100 0.100 0.100 0.000 0.000 0.100 0.100 0.100 28/04/1989
0.400 0.400 0.400 0.000 0.000 0.400 0.400 0.400 0.000 0.000 0.400 0.400 0.000 0.000 0.000 3.400 1.600 0.000 0.000 0.000 3.300 1.600 0.000 0.000 0.000 3.300 1.600 0.000 0.000 0.000 29/04/1989
0.100 0.100 0.100 0.000 0.000 0.100 0.100 0.100 0.000 0.000 0.100 0.100 0.000 0.000 0.000 0.000 0.000 0.000 0.000 0.000 0.000 0.000 0.000 0.000 0.000 0.000 0.000 0.000 0.000 0.000 30/04/1989
0.000 0.000 0.000 0.000 0.000 0.000 0.000 0.000 0.000 0.000 0.000 0.000 0.000 0.000 0.000 0.100 0.000 0.000 0.000 0.000 0.100 0.000 0.000 0.000 0.000 0.100 0.000 0.000 0.000 0.000 01/05/1989
0.000 0.000 0.000 0.000 0.000 0.000 0.000 0.000 0.000 0.000 0.000 0.000 0.000 0.000 0.000 0.000 0.000 0.000 0.000 0.000 0.000 0.000 0.000 0.000 0.000 0.000 0.000 0.000 0.000 0.000 02/05/1989
0.000 0.000 0.000 0.000 0.000 0.000 0.000 0.000 0.000 0.000 0.000 0.000 0.000 0.000 0.000 0.000 0.000 0.000 0.000 0.000 0.000 0.000 0.000 0.000 0.000 0.000 0.000 0.000 0.000 0.000 03/05/1989
0.000 0.000 0.000 0.000 0.000 0.000 0.000 0.000 0.000 0.000 0.000 0.000 0.000 0.000 0.000 0.000 0.000 0.000 0.000 0.000 0.000 0.000 0.000 0.000 0.000 0.000 0.000 0.000 0.000 0.000 04/05/1989
0.000 0.000 0.000 0.000 0.000 0.000 0.000 0.000 0.000 0.000 0.000 0.000 0.000 0.000 0.000 0.000 0.000 0.000 0.000 0.000 0.000 0.000 0.000 0.000 0.000 0.000 0.000 0.000 0.000 0.000 05/05/1989
0.000 0.000 0.000 0.000 0.000 0.000 0.000 0.000 0.000 0.000 0.000 0.000 0.000 0.000 0.000 0.000 0.000 0.000 0.000 0.000 0.000 0.000 0.000 0.000 0.000 0.000 0.000 0.000 0.000 0.000 06/05/1989
0.000 0.000 0.000 0.000 0.000 0.000 0.000 0.000 0.000 0.000 0.000 0.000 0.000 0.000 0.000 0.000 0.000 0.000 0.000 0.000 0.000 0.000 0.000 0.000 0.000 0.000 0.000 0.000 0.000 0.000 07/05/1989
0.000 0.000 0.000 0.000 0.000 0.000 0.000 0.000 0.000 0.000 0.000 0.000 0.000 0.000 0.000 0.000 0.000 0.000 0.000 0.000 0.000 0.000 0.000 0.000 0.000 0.000 0.000 0.000 0.000 0.000 08/05/1989
2.500 2.500 2.500 1.800 2.500 2.500 2.500 2.500 0.000 2.500 2.500 2.500 0.000 0.000 2.500 0.700 6.100 0.000 0.000 0.000 0.700 6.100 0.000 0.000 0.000 0.700 6.100 0.000 0.000 0.000 09/05/1989
3.400 3.400 3.400 3.800 4.900 3.500 3.500 3.500 2.500 4.900 3.500 3.500 2.500 2.500 4.800 1.300 1.900 2.500 2.600 2.600 1.300 1.900 2.500 2.500 2.500 1.300 1.900 2.500 2.500 2.600 10/05/1989
2.100 2.100 2.100 4.100 0.400 2.100 2.200 2.100 0.500 0.400 2.100 2.100 0.500 0.500 0.400 0.600 0.200 0.500 0.500 0.500 0.600 0.200 0.500 0.500 0.500 0.600 0.200 0.500 0.500 0.500 11/05/1989
0.200 0.200 0.200 1.200 0.400 0.200 0.200 0.200 0.300 0.400 0.200 0.200 0.300 0.300 0.400 0.500 0.100 0.300 0.300 0.300 0.500 0.100 0.300 0.300 0.300 0.500 0.100 0.300 0.300 0.300 12/05/1989
1.600 1.600 1.600 2.100 0.600 1.700 1.700 1.700 0.400 0.500 1.600 1.600 0.400 0.400 0.500 0.400 0.500 0.400 0.400 0.400 0.400 0.500 0.400 0.400 0.400 0.400 0.500 0.400 0.400 0.400 13/05/1989
0.000 0.000 0.000 0.000 0.000 0.000 0.000 0.000 0.000 0.000 0.000 0.000 0.000 0.000 0.000 0.000 0.000 0.000 0.000 0.000 0.000 0.000 0.000 0.000 0.000 0.000 0.000 0.000 0.000 0.000 14/05/1989
0.000 0.000 0.000 0.000 0.000 0.000 0.000 0.000 0.000 0.000 0.000 0.000 0.000 0.000 0.000 0.000 0.000 0.000 0.000 0.000 0.000 0.000 0.000 0.000 0.000 0.000 0.000 0.000 0.000 0.000 15/05/1989
0.000 0.000 0.000 0.000 0.000 0.000 0.000 0.000 0.000 0.000 0.000 0.000 0.000 0.000 0.000 0.000 0.000 0.000 0.000 0.000 0.000 0.000 0.000 0.000 0.000 0.000 0.000 0.000 0.000 0.000 16/05/1989
0.000 0.000 0.000 0.000 0.000 0.000 0.000 0.000 0.000 0.000 0.000 0.000 0.000 0.000 0.000 0.000 0.000 0.000 0.000 0.000 0.000 0.000 0.000 0.000 0.000 0.000 0.000 0.000 0.000 0.000 17/05/1989
0.000 0.000 0.000 0.000 0.000 0.000 0.000 0.000 0.000 0.000 0.000 0.000 0.000 0.000 0.000 0.000 0.000 0.000 0.000 0.000 0.000 0.000 0.000 0.000 0.000 0.000 0.000 0.000 0.000 0.000 18/05/1989
0.000 0.000 0.000 0.000 0.000 0.000 0.000 0.000 0.000 0.000 0.000 0.000 0.000 0.000 0.000 0.000 0.000 0.000 0.000 0.000 0.000 0.000 0.000 0.000 0.000 0.000 0.000 0.000 0.000 0.000 19/05/1989
0.000 0.000 0.000 0.000 0.000 0.000 0.000 0.000 0.000 0.000 0.000 0.000 0.000 0.000 0.000 0.000 0.000 0.000 0.000 0.000 0.000 0.000 0.000 0.000 0.000 0.000 0.000 0.000 0.000 0.000 20/05/1989
0.600 0.600 0.600 2.900 6.400 0.600 0.600 0.600 3.000 6.300 0.600 0.600 3.000 3.100 6.300 1.700 0.800 3.000 3.100 3.100 1.700 0.800 3.000 3.000 3.000 1.600 0.800 3.000 3.000 3.100 21/05/1989
0.000 0.000 0.000 0.000 0.100 0.000 0.000 0.000 0.200 0.100 0.000 0.000 0.200 0.200 0.100 0.100 0.100 0.200 0.200 0.200 0.100 0.100 0.200 0.200 0.200 0.100 0.100 0.200 0.200 0.200 22/05/1989
0.000 0.000 0.000 0.000 0.000 0.000 0.000 0.000 0.000 0.000 0.000 0.000 0.000 0.000 0.000 0.000 0.000 0.000 0.000 0.000 0.000 0.000 0.000 0.000 0.000 0.000 0.000 0.000 0.000 0.000 23/05/1989
0.000 0.000 0.000 0.200 0.100 0.000 0.000 0.000 0.000 0.100 0.000 0.000 0.000 0.000 0.100 0.000 0.000 0.000 0.000 0.000 0.000 0.000 0.000 0.000 0.000 0.000 0.000 0.000 0.000 0.000 24/05/1989
0.400 0.400 0.400 8.700 0.000 0.400 0.400 0.400 0.000 0.000 0.400 0.400 0.000 0.000 0.000 0.000 0.000 0.000 0.000 0.000 0.000 0.000 0.000 0.000 0.000 0.000 0.000 0.000 0.000 0.000 25/05/1989
2.900 3.000 3.000 4.600 7.700 3.000 3.000 3.000 2.400 7.700 3.000 3.000 2.400 2.400 7.600 1.000 0.000 2.400 2.500 2.500 1.000 0.000 2.400 2.400 2.400 1.000 0.000 2.400 2.400 2.500 26/05/1989
0.000 0.000 0.000 0.000 1.500 0.000 0.000 0.000 0.200 1.500 0.000 0.000 0.200 0.200 1.500 0.100 0.000 0.200 0.200 0.200 0.100 0.000 0.200 0.200 0.200 0.100 0.000 0.100 0.100 0.200 27/05/1989
0.000 0.000 0.000 0.000 0.000 0.000 0.000 0.000 0.000 0.000 0.000 0.000 0.000 0.000 0.000 0.000 0.000 0.000 0.000 0.000 0.000 0.000 0.000 0.000 0.000 0.000 0.000 0.000 0.000 0.000 28/05/1989
0.000 0.000 0.000 0.000 0.000 0.000 0.000 0.000 0.000 0.000 0.000 0.000 0.000 0.000 0.000 0.000 0.000 0.000 0.000 0.000 0.000 0.000 0.000 0.000 0.000 0.000 0.000 0.000 0.000 0.000 29/05/1989
0.300 0.300 0.300 0.200 2.800 0.300 0.300 0.300 4.800 2.800 0.300 0.300 4.800 4.800 2.700 0.800 1.300 4.800 4.800 4.800 0.800 1.300 4.800 4.800 4.800 0.800 1.300 4.700 4.700 4.800 30/05/1989
0.000 0.000 0.000 0.000 0.000 0.000 0.000 0.000 0.000 0.000 0.000 0.000 0.000 0.000 0.000 0.200 0.000 0.000 0.000 0.000 0.200 0.000 0.000 0.000 0.000 0.200 0.000 0.000 0.000 0.000 31/05/1989
2.200 2.200 2.200 0.500 3.700 2.300 2.300 2.300 3.100 3.700 2.300 2.300 3.100 3.100 3.700 2.900 3.600 3.100 3.100 3.100 2.800 3.600 3.100 3.100 3.100 2.800 3.600 3.000 3.000 3.100 01/06/1989
0.000 0.000 0.000 0.000 0.500 0.000 0.000 0.000 1.300 0.500 0.000 0.000 1.300 1.300 0.500 0.100 1.500 1.300 1.300 1.300 0.100 1.500 1.300 1.300 1.300 0.100 1.500 1.300 1.300 1.300 02/06/1989
11.600 11.700 11.700 12.600 14.000 11.800 11.900 11.800 12.900 13.900 11.800 11.800 12.900 13.000 13.800 11.900 7.100 12.900 13.000 13.000 11.800 7.100 12.900 12.800 12.800 11.700 7.000 12.700 12.700 13.000 03/06/1989
3.300 3.300 3.400 1.200 4.600 3.400 3.400 3.400 2.200 4.600 3.400 3.400 2.100 2.200 4.500 4.600 5.400 2.100 2.200 2.200 4.600 5.500 2.200 2.100 2.100 4.500 5.400 2.100 2.100 2.200 04/06/1989
1.200 1.200 1.200 3.000 0.500 1.200 1.300 1.200 1.400 0.500 1.200 1.200 1.400 1.500 0.500 2.700 1.100 1.400 1.500 1.500 2.700 1.100 1.400 1.400 1.400 2.600 1.100 1.400 1.400 1.500 05/06/1989
6.400 6.500 6.500 4.500 10.700 6.500 6.600 6.500 5.200 10.700 6.500 6.500 5.200 5.200 10.600 3.700 2.700 5.200 5.300 5.300 3.700 2.700 5.200 5.200 5.200 3.700 2.700 5.100 5.100 5.300 06/06/1989
0.600 0.600 0.600 0.300 1.300 0.600 0.600 0.600 0.300 1.300 0.600 0.600 0.300 0.300 1.300 0.900 0.000 0.300 0.300 0.300 0.900 0.000 0.300 0.300 0.300 0.900 0.000 0.300 0.300 0.300 07/06/1989
0.000 0.000 0.000 0.000 0.000 0.000 0.000 0.000 0.000 0.000 0.000 0.000 0.000 0.000 0.000 0.000 0.000 0.000 0.000 0.000 0.000 0.000 0.000 0.000 0.000 0.000 0.000 0.000 0.000 0.000 08/06/1989
6.500 6.500 6.600 7.100 7.300 6.600 6.700 6.600 7.800 7.300 6.600 6.600 7.700 7.800 7.200 7.200 5.200 7.700 7.800 7.800 7.100 5.200 7.800 7.700 7.700 7.000 5.200 7.600 7.600 7.800 09/06/1989
1.400 1.400 1.400 1.100 1.700 1.500 1.500 1.500 0.600 1.700 1.500 1.500 0.600 0.600 1.700 0.300 0.100 0.600 0.600 0.600 0.300 0.100 0.600 0.600 0.600 0.300 0.100 0.600 0.600 0.600 10/06/1989
0.000 0.000 0.000 0.000 0.000 0.000 0.000 0.000 0.000 0.000 0.000 0.000 0.000 0.000 0.000 0.000 0.000 0.000 0.000 0.000 0.000 0.000 0.000 0.000 0.000 0.000 0.000 0.000 0.000 0.000 11/06/1989
0.000 0.000 0.000 0.000 0.000 0.000 0.000 0.000 0.000 0.000 0.000 0.000 0.000 0.000 0.000 0.000 0.000 0.000 0.000 0.000 0.000 0.000 0.000 0.000 0.000 0.000 0.000 0.000 0.000 0.000 12/06/1989
0.000 0.000 0.000 0.000 0.000 0.000 0.000 0.000 0.000 0.000 0.000 0.000 0.000 0.000 0.000 0.000 0.000 0.000 0.000 0.000 0.000 0.000 0.000 0.000 0.000 0.000 0.000 0.000 0.000 0.000 13/06/1989
0.000 0.000 0.000 0.000 0.000 0.000 0.000 0.000 0.000 0.000 0.000 0.000 0.000 0.000 0.000 0.000 0.000 0.000 0.000 0.000 0.000 0.000 0.000 0.000 0.000 0.000 0.000 0.000 0.000 0.000 14/06/1989
0.000 0.000 0.000 0.000 0.000 0.000 0.000 0.000 0.000 0.000 0.000 0.000 0.000 0.000 0.000 0.000 0.000 0.000 0.000 0.000 0.000 0.000 0.000 0.000 0.000 0.000 0.000 0.000 0.000 0.000 15/06/1989
0.000 0.000 0.000 0.000 0.000 0.000 0.000 0.000 0.000 0.000 0.000 0.000 0.000 0.000 0.000 0.000 0.000 0.000 0.000 0.000 0.000 0.000 0.000 0.000 0.000 0.000 0.000 0.000 0.000 0.000 16/06/1989
0.000 0.000 0.000 0.000 0.000 0.000 0.000 0.000 0.000 0.000 0.000 0.000 0.000 0.000 0.000 0.000 0.000 0.000 0.000 0.000 0.000 0.000 0.000 0.000 0.000 0.000 0.000 0.000 0.000 0.000 17/06/1989
0.000 0.000 0.000 0.000 0.000 0.000 0.000 0.000 0.000 0.000 0.000 0.000 0.000 0.000 0.000 0.000 0.000 0.000 0.000 0.000 0.000 0.000 0.000 0.000 0.000 0.000 0.000 0.000 0.000 0.000 18/06/1989
0.000 0.000 0.000 0.000 0.000 0.000 0.000 0.000 0.000 0.000 0.000 0.000 0.000 0.000 0.000 0.000 0.000 0.000 0.000 0.000 0.000 0.000 0.000 0.000 0.000 0.000 0.000 0.000 0.000 0.000 19/06/1989
0.000 0.000 0.000 0.000 0.000 0.000 0.000 0.000 0.000 0.000 0.000 0.000 0.000 0.000 0.000 0.000 0.000 0.000 0.000 0.000 0.000 0.000 0.000 0.000 0.000 0.000 0.000 0.000 0.000 0.000 20/06/1989
0.000 0.000 0.000 0.000 0.000 0.000 0.000 0.000 0.000 0.000 0.000 0.000 0.000 0.000 0.000 0.000 0.000 0.000 0.000 0.000 0.000 0.000 0.000 0.000 0.000 0.000 0.000 0.000 0.000 0.000 21/06/1989
0.000 0.000 0.000 0.000 0.000 0.000 0.000 0.000 0.000 0.000 0.000 0.000 0.000 0.000 0.000 0.000 0.000 0.000 0.000 0.000 0.000 0.000 0.000 0.000 0.000 0.000 0.000 0.000 0.000 0.000 22/06/1989
0.000 0.000 0.000 0.000 0.000 0.000 0.000 0.000 0.000 0.000 0.000 0.000 0.000 0.000 0.000 0.000 0.000 0.000 0.000 0.000 0.000 0.000 0.000 0.000 0.000 0.000 0.000 0.000 0.000 0.000 23/06/1989
0.000 0.000 0.000 0.000 0.000 0.000 0.000 0.000 0.000 0.000 0.000 0.000 0.000 0.000 0.000 0.000 0.000 0.000 0.000 0.000 0.000 0.000 0.000 0.000 0.000 0.000 0.000 0.000 0.000 0.000 24/06/1989
0.000 0.000 0.000 0.000 0.000 0.000 0.000 0.000 0.000 0.000 0.000 0.000 0.000 0.000 0.000 0.000 0.000 0.000 0.000 0.000 0.000 0.000 0.000 0.000 0.000 0.000 0.000 0.000 0.000 0.000 25/06/1989
0.000 0.000 0.000 0.000 0.000 0.000 0.000 0.000 0.000 0.000 0.000 0.000 0.000 0.000 0.000 0.000 0.000 0.000 0.000 0.000 0.000 0.000 0.000 0.000 0.000 0.000 0.000 0.000 0.000 0.000 26/06/1989
3.300 3.300 3.300 2.900 2.700 3.300 3.400 3.300 2.900 2.700 3.300 3.300 2.900 3.000 2.700 3.200 2.000 2.900 3.000 3.000 3.200 2.000 2.900 2.900 2.900 3.200 2.000 2.900 2.900 3.000 27/06/1989
0.000 0.000 0.000 0.000 0.000 0.000 0.000 0.000 0.000 0.000 0.000 0.000 0.000 0.000 0.000 0.000 0.000 0.000 0.000 0.000 0.000 0.000 0.000 0.000 0.000 0.000 0.000 0.000 0.000 0.000 28/06/1989
0.300 0.300 0.300 2.500 0.400 0.300 0.300 0.300 0.200 0.400 0.300 0.300 0.200 0.200 0.400 0.000 0.000 0.200 0.200 0.200 0.000 0.000 0.200 0.200 0.200 0.000 0.000 0.200 0.200 0.200 29/06/1989
0.500 0.500 0.500 0.100 0.100 0.500 0.500 0.500 0.100 0.100 0.500 0.500 0.100 0.100 0.100 0.000 0.000 0.100 0.100 0.100 0.000 0.000 0.100 0.100 0.100 0.000 0.000 0.100 0.100 0.100 30/06/1989
0.100 0.100 0.100 0.000 0.100 0.100 0.100 0.100 0.100 0.100 0.100 0.100 0.100 0.100 0.100 0.200 0.300 0.100 0.100 0.100 0.200 0.300 0.100 0.100 0.100 0.200 0.300 0.100 0.100 0.100 01/07/1989
0.000 0.000 0.000 0.000 0.000 0.000 0.000 0.000 0.000 0.000 0.000 0.000 0.000 0.000 0.000 0.000 0.000 0.000 0.000 0.000 0.000 0.000 0.000 0.000 0.000 0.000 0.000 0.000 0.000 0.000 02/07/1989
0.000 0.000 0.000 0.000 0.000 0.000 0.000 0.000 0.000 0.000 0.000 0.000 0.000 0.000 0.000 0.000 0.000 0.000 0.000 0.000 0.000 0.000 0.000 0.000 0.000 0.000 0.000 0.000 0.000 0.000 03/07/1989
0.000 0.000 0.000 0.000 0.000 0.000 0.000 0.000 0.000 0.000 0.000 0.000 0.000 0.000 0.000 0.000 0.000 0.000 0.000 0.000 0.000 0.000 0.000 0.000 0.000 0.000 0.000 0.000 0.000 0.000 04/07/1989
3.200 3.200 3.200 0.100 1.700 3.300 3.300 3.300 2.100 1.700 3.200 3.200 2.100 2.100 1.700 2.200 0.000 2.100 2.100 2.100 2.200 0.000 2.100 2.100 2.100 2.100 0.000 2.100 2.100 2.100 05/07/1989
5.500 5.500 5.600 6.500 22.900 5.600 5.700 5.600 22.200 22.800 5.600 5.600 22.100 22.400 22.600 5.500 21.400 22.200 22.400 22.400 5.500 21.400 22.300 22.100 22.100 5.400 21.300 21.900 21.900 22.400 06/07/1989
4.000 4.100 4.100 4.300 0.000 4.100 4.100 4.100 0.600 0.000 4.100 4.100 0.600 0.600 0.000 2.300 1.000 0.600 0.600 0.600 2.200 1.000 0.600 0.600 0.600 2.200 1.000 0.600 0.600 0.600 07/07/1989
8.900 9.000 9.000 14.200 10.000 9.100 9.200 9.100 5.200 9.900 9.100 9.000 5.100 5.200 9.800 4.900 5.700 5.200 5.200 5.200 4.900 5.700 5.200 5.100 5.100 4.800 5.700 5.100 5.100 5.200 08/07/1989
1.700 1.700 1.700 0.200 3.000 1.700 1.700 1.700 1.800 3.000 1.700 1.700 1.800 1.800 3.000 0.000 0.700 1.800 1.800 1.800 0.000 0.700 1.800 1.800 1.800 0.000 0.700 1.800 1.800 1.800 09/07/1989
3.900 3.900 3.900 16.600 3.800 4.000 4.000 4.000 2.600 3.800 4.000 4.000 2.500 2.600 3.800 1.000 0.900 2.600 2.600 2.600 1.000 0.900 2.600 2.500 2.500 1.000 0.900 2.500 2.500 2.600 10/07/1989
0.000 0.000 0.000 0.200 0.000 0.000 0.000 0.000 0.000 0.000 0.000 0.000 0.000 0.000 0.000 0.000 0.000 0.000 0.000 0.000 0.000 0.000 0.000 0.000 0.000 0.000 0.000 0.000 0.000 0.000 11/07/1989
0.000 0.000 0.000 0.000 0.000 0.000 0.000 0.000 0.000 0.000 0.000 0.000 0.000 0.000 0.000 0.000 0.000 0.000 0.000 0.000 0.000 0.000 0.000 0.000 0.000 0.000 0.000 0.000 0.000 0.000 12/07/1989
0.000 0.000 0.000 0.000 0.000 0.000 0.000 0.000 0.000 0.000 0.000 0.000 0.000 0.000 0.000 0.000 0.000 0.000 0.000 0.000 0.000 0.000 0.000 0.000 0.000 0.000 0.000 0.000 0.000 0.000 13/07/1989
0.000 0.000 0.000 0.000 0.000 0.000 0.000 0.000 0.000 0.000 0.000 0.000 0.000 0.000 0.000 0.000 0.000 0.000 0.000 0.000 0.000 0.000 0.000 0.000 0.000 0.000 0.000 0.000 0.000 0.000 14/07/1989
0.000 0.000 0.000 0.000 0.000 0.000 0.000 0.000 0.000 0.000 0.000 0.000 0.000 0.000 0.000 0.000 0.000 0.000 0.000 0.000 0.000 0.000 0.000 0.000 0.000 0.000 0.000 0.000 0.000 0.000 15/07/1989
0.000 0.000 0.000 0.000 0.000 0.000 0.000 0.000 0.000 0.000 0.000 0.000 0.000 0.000 0.000 0.000 0.000 0.000 0.000 0.000 0.000 0.000 0.000 0.000 0.000 0.000 0.000 0.000 0.000 0.000 16/07/1989
0.000 0.000 0.000 0.000 0.000 0.000 0.000 0.000 0.000 0.000 0.000 0.000 0.000 0.000 0.000 0.000 0.000 0.000 0.000 0.000 0.000 0.000 0.000 0.000 0.000 0.000 0.000 0.000 0.000 0.000 17/07/1989
0.000 0.000 0.000 0.000 0.000 0.000 0.000 0.000 0.000 0.000 0.000 0.000 0.000 0.000 0.000 0.000 0.000 0.000 0.000 0.000 0.000 0.000 0.000 0.000 0.000 0.000 0.000 0.000 0.000 0.000 18/07/1989
0.000 0.000 0.000 0.000 0.000 0.000 0.000 0.000 0.000 0.000 0.000 0.000 0.000 0.000 0.000 0.000 0.000 0.000 0.000 0.000 0.000 0.000 0.000 0.000 0.000 0.000 0.000 0.000 0.000 0.000 19/07/1989
0.000 0.000 0.000 0.000 0.000 0.000 0.000 0.000 0.000 0.000 0.000 0.000 0.000 0.000 0.000 0.000 0.000 0.000 0.000 0.000 0.000 0.000 0.000 0.000 0.000 0.000 0.000 0.000 0.000 0.000 20/07/1989
0.100 0.100 0.100 0.000 0.000 0.100 0.100 0.100 0.000 0.000 0.100 0.100 0.000 0.000 0.000 0.000 0.000 0.000 0.000 0.000 0.000 0.000 0.000 0.000 0.000 0.000 0.000 0.000 0.000 0.000 21/07/1989
0.500 0.500 0.500 0.500 0.000 0.600 0.600 0.600 0.000 0.000 0.600 0.500 0.000 0.000 0.000 0.000 0.000 0.000 0.000 0.000 0.000 0.000 0.000 0.000 0.000 0.000 0.000 0.000 0.000 0.000 22/07/1989
11.400 11.500 11.600 1.100 6.900 11.700 11.800 11.700 1.900 6.900 11.600 11.600 1.900 1.900 6.800 19.500 13.300 1.900 1.900 1.900 19.300 13.300 1.900 1.900 1.900 19.100 13.200 1.900 1.900 1.900 23/07/1989
2.600 2.600 2.600 1.100 1.500 2.700 2.700 2.700 0.200 1.500 2.600 2.600 0.200 0.200 1.500 8.200 0.000 0.200 0.200 0.200 8.100 0.000 0.200 0.200 0.200 8.000 0.000 0.200 0.200 0.200 24/07/1989
0.000 0.000 0.000 0.000 0.000 0.000 0.000 0.000 0.000 0.000 0.000 0.000 0.000 0.000 0.000 0.000 0.000 0.000 0.000 0.000 0.000 0.000 0.000 0.000 0.000 0.000 0.000 0.000 0.000 0.000 25/07/1989
0.000 0.000 0.000 0.000 0.000 0.000 0.000 0.000 0.000 0.000 0.000 0.000 0.000 0.000 0.000 0.000 0.000 0.000 0.000 0.000 0.000 0.000 0.000 0.000 0.000 0.000 0.000 0.000 0.000 0.000 26/07/1989
0.000 0.000 0.000 0.000 0.000 0.000 0.000 0.000 0.000 0.000 0.000 0.000 0.000 0.000 0.000 0.000 0.000 0.000 0.000 0.000 0.000 0.000 0.000 0.000 0.000 0.000 0.000 0.000 0.000 0.000 27/07/1989
0.000 0.000 0.000 0.000 0.000 0.000 0.000 0.000 0.000 0.000 0.000 0.000 0.000 0.000 0.000 0.000 0.000 0.000 0.000 0.000 0.000 0.000 0.000 0.000 0.000 0.000 0.000 0.000 0.000 0.000 28/07/1989
0.000 0.000 0.000 0.000 0.000 0.000 0.000 0.000 0.000 0.000 0.000 0.000 0.000 0.000 0.000 0.000 0.000 0.000 0.000 0.000 0.000 0.000 0.000 0.000 0.000 0.000 0.000 0.000 0.000 0.000 29/07/1989
0.000 0.000 0.000 0.500 0.000 0.000 0.000 0.000 0.000 0.000 0.000 0.000 0.000 0.000 0.000 0.000 0.000 0.000 0.000 0.000 0.000 0.000 0.000 0.000 0.000 0.000 0.000 0.000 0.000 0.000 30/07/1989
0.900 0.900 0.900 1.300 0.900 0.900 0.900 0.900 1.600 0.900 0.900 0.900 1.600 1.600 0.900 1.200 0.700 1.600 1.600 1.600 1.200 0.700 1.600 1.600 1.600 1.200 0.700 1.500 1.500 1.600 31/07/1989
