# 6448 6449 6450 6451 6452 6528 6529 6530 6531 6532 6610 6611 6612 6613 6614 6693 6694 6695 6696 6697 6776 6777 6778 6779 6780 6859 6860 6861 6862 6863 Date
8.600 8.600 8.700 9.500 17.300 8.700 8.800 8.700 14.100 17.200 8.700 8.700 14.000 14.200 17.100 6.900 21.900 14.100 14.200 14.200 6.800 21.900 14.100 14.000 14.000 6.800 21.700 13.800 13.900 14.200 01/08/2009
0.100 0.100 0.100 0.000 1.000 0.100 0.100 0.100 0.900 1.000 0.100 0.100 0.900 0.900 1.000 0.000 0.400 0.900 0.900 0.900 0.000 0.400 0.900 0.900 0.900 0.000 0.400 0.900 0.900 0.900 02/08/2009
0.000 0.000 0.000 0.100 0.000 0.000 0.000 0.000 0.000 0.000 0.000 0.000 0.000 0.000 0.000 0.000 0.000 0.000 0.000 0.000 0.000 0.000 0.000 0.000 0.000 0.000 0.000 0.000 0.000 0.000 03/08/2009
0.000 0.000 0.000 0.000 0.000 0.000 0.000 0.000 0.000 0.000 0.000 0.000 0.000 0.000 0.000 0.000 0.000 0.000 0.000 0.000 0.000 0.000 0.000 0.000 0.000 0.000 0.000 0.000 0.000 0.000 04/08/2009
0.000 0.000 0.000 0.000 0.000 0.000 0.000 0.000 0.000 0.000 0.000 0.000 0.000 0.000 0.000 0.000 0.000 0.000 0.000 0.000 0.000 0.000 0.000 0.000 0.000 0.000 0.000 0.000 0.000 0.000 05/08/2009
0.100 0.100 0.100 0.200 1.200 0.100 0.100 0.100 0.100 1.200 0.100 0.100 0.100 0.100 1.100 0.200 0.200 0.100 0.100 0.100 0.200 0.200 0.100 0.100 0.100 0.200 0.200 0.100 0.100 0.100 06/08/2009
0.000 0.000 0.000 0.000 0.000 0.000 0.000 0.000 0.000 0.000 0.000 0.000 0.000 0.000 0.000 0.000 0.000 0.000 0.000 0.000 0.000 0.000 0.000 0.000 0.000 0.000 0.000 0.000 0.000 0.000 07/08/2009
3.500 3.500 3.600 0.000 1.700 3.600 3.600 3.600 10.100 1.700 3.600 3.600 10.100 10.200 1.700 8.100 4.800 10.100 10.200 10.200 8.000 4.800 10.100 10.000 10.000 7.900 4.800 9.900 10.000 10.200 08/08/2009
23.000 23.200 23.300 14.200 19.000 23.500 23.700 23.500 14.800 18.900 23.500 23.400 14.800 14.900 18.700 20.400 8.800 14.800 15.000 15.000 20.200 8.900 14.900 14.800 14.700 20.000 8.800 14.600 14.600 15.000 09/08/2009
0.000 0.000 0.000 0.000 0.000 0.000 0.000 0.000 0.000 0.000 0.000 0.000 0.000 0.000 0.000 0.200 0.100 0.000 0.000 0.000 0.200 0.100 0.000 0.000 0.000 0.200 0.100 0.000 0.000 0.000 10/08/2009
0.000 0.000 0.000 0.200 0.000 0.000 0.000 0.000 0.200 0.000 0.000 0.000 0.200 0.200 0.000 0.000 0.000 0.200 0.200 0.200 0.000 0.000 0.200 0.200 0.200 0.000 0.000 0.200 0.200 0.200 11/08/2009
0.000 0.000 0.000 0.000 0.000 0.000 0.000 0.000 0.000 0.000 0.000 0.000 0.000 0.000 0.000 0.000 0.000 0.000 0.000 0.000 0.000 0.000 0.000 0.000 0.000 0.000 0.000 0.000 0.000 0.000 12/08/2009
0.000 0.000 0.000 0.000 0.000 0.000 0.000 0.000 0.000 0.000 0.000 0.000 0.000 0.000 0.000 0.000 0.000 0.000 0.000 0.000 0.000 0.000 0.000 0.000 0.000 0.000 0.000 0.000 0.000 0.000 13/08/2009
0.000 0.000 0.000 0.000 0.000 0.000 0.000 0.000 0.000 0.000 0.000 0.000 0.000 0.000 0.000 0.000 0.000 0.000 0.000 0.000 0.000 0.000 0.000 0.000 0.000 0.000 0.000 0.000 0.000 0.000 14/08/2009
0.000 0.000 0.000 0.000 0.000 0.000 0.000 0.000 0.000 0.000 0.000 0.000 0.000 0.000 0.000 0.000 0.000 0.000 0.000 0.000 0.000 0.000 0.000 0.000 0.000 0.000 0.000 0.000 0.000 0.000 15/08/2009
0.900 0.900 0.900 0.000 0.100 0.900 0.900 0.900 0.100 0.100 0.900 0.900 0.100 0.100 0.100 0.300 0.300 0.100 0.100 0.100 0.300 0.300 0.100 0.100 0.100 0.300 0.300 0.100 0.100 0.100 16/08/2009
0.000 0.000 0.000 0.200 0.500 0.000 0.000 0.000 0.200 0.500 0.000 0.000 0.200 0.200 0.500 0.200 0.500 0.200 0.200 0.200 0.200 0.500 0.200 0.200 0.200 0.200 0.500 0.200 0.200 0.200 17/08/2009
0.000 0.000 0.000 0.200 0.000 0.000 0.000 0.000 0.000 0.000 0.000 0.000 0.000 0.000 0.000 0.000 0.000 0.000 0.000 0.000 0.000 0.000 0.000 0.000 0.000 0.000 0.000 0.000 0.000 0.000 18/08/2009
0.000 0.000 0.000 0.000 0.000 0.000 0.000 0.000 0.000 0.000 0.000 0.000 0.000 0.000 0.000 0.000 0.000 0.000 0.000 0.000 0.000 0.000 0.000 0.000 0.000 0.000 0.000 0.000 0.000 0.000 19/08/2009
0.100 0.100 0.100 0.100 1.800 0.100 0.100 0.100 1.000 1.800 0.100 0.100 1.000 1.000 1.800 0.500 1.700 1.000 1.000 1.000 0.500 1.700 1.000 1.000 1.000 0.500 1.700 1.000 1.000 1.000 20/08/2009
0.000 0.000 0.000 0.000 0.000 0.000 0.000 0.000 0.000 0.000 0.000 0.000 0.000 0.000 0.000 0.000 0.000 0.000 0.000 0.000 0.000 0.000 0.000 0.000 0.000 0.000 0.000 0.000 0.000 0.000 21/08/2009
0.000 0.000 0.000 0.000 0.000 0.000 0.000 0.000 0.000 0.000 0.000 0.000 0.000 0.000 0.000 0.000 0.000 0.000 0.000 0.000 0.000 0.000 0.000 0.000 0.000 0.000 0.000 0.000 0.000 0.000 22/08/2009
0.000 0.000 0.000 0.000 0.500 0.000 0.000 0.000 0.600 0.500 0.000 0.000 0.600 0.600 0.500 0.500 0.000 0.600 0.600 0.600 0.500 0.000 0.600 0.600 0.600 0.500 0.000 0.600 0.600 0.600 23/08/2009
0.000 0.000 0.000 0.000 0.700 0.000 0.000 0.000 1.600 0.700 0.000 0.000 1.600 1.600 0.700 0.100 0.400 1.600 1.600 1.600 0.100 0.400 1.600 1.600 1.600 0.100 0.400 1.600 1.600 1.600 24/08/2009
0.000 0.000 0.000 0.000 4.400 0.000 0.000 0.000 1.000 4.400 0.000 0.000 1.000 1.000 4.400 0.100 3.800 1.000 1.000 1.000 0.100 3.800 1.000 1.000 1.000 0.100 3.800 1.000 1.000 1.000 25/08/2009
0.000 0.000 0.000 0.000 0.100 0.000 0.000 0.000 0.000 0.100 0.000 0.000 0.000 0.000 0.100 0.000 0.000 0.000 0.000 0.000 0.000 0.000 0.000 0.000 0.000 0.000 0.000 0.000 0.000 0.000 26/08/2009
0.000 0.000 0.000 0.000 0.000 0.000 0.000 0.000 0.000 0.000 0.000 0.000 0.000 0.000 0.000 0.000 0.000 0.000 0.000 0.000 0.000 0.000 0.000 0.000 0.000 0.000 0.000 0.000 0.000 0.000 27/08/2009
0.000 0.000 0.000 0.000 0.000 0.000 0.000 0.000 0.000 0.000 0.000 0.000 0.000 0.000 0.000 0.000 0.000 0.000 0.000 0.000 0.000 0.000 0.000 0.000 0.000 0.000 0.000 0.000 0.000 0.000 28/08/2009
0.000 0.000 0.000 0.000 0.000 0.000 0.000 0.000 0.000 0.000 0.000 0.000 0.000 0.000 0.000 0.000 0.000 0.000 0.000 0.000 0.000 0.000 0.000 0.000 0.000 0.000 0.000 0.000 0.000 0.000 29/08/2009
0.000 0.000 0.000 0.000 0.000 0.000 0.000 0.000 0.000 0.000 0.000 0.000 0.000 0.000 0.000 0.000 0.000 0.000 0.000 0.000 0.000 0.000 0.000 0.000 0.000 0.000 0.000 0.000 0.000 0.000 30/08/2009
0.100 0.100 0.100 0.000 0.000 0.100 0.100 0.100 0.000 0.000 0.100 0.100 0.000 0.000 0.000 0.000 0.000 0.000 0.000 0.000 0.000 0.000 0.000 0.000 0.000 0.000 0.000 0.000 0.000 0.000 31/08/2009
3.600 3.600 3.600 6.400 8.300 3.700 3.700 3.700 4.700 8.300 3.600 3.600 4.700 4.800 8.200 2.600 3.700 4.700 4.800 4.800 2.600 3.700 4.700 4.700 4.700 2.600 3.700 4.700 4.700 4.800 01/09/2009
2.800 2.800 2.800 2.900 3.000 2.800 2.800 2.800 1.200 3.000 2.800 2.800 1.200 1.200 3.000 1.500 1.200 1.200 1.200 1.200 1.500 1.200 1.200 1.200 1.200 1.500 1.200 1.200 1.200 1.200 02/09/2009
8.300 8.300 8.400 5.200 7.300 8.400 8.500 8.400 6.200 7.200 8.400 8.400 6.100 6.200 7.200 5.200 6.100 6.200 6.200 6.200 5.200 6.100 6.200 6.100 6.100 5.100 6.000 6.100 6.100 6.200 03/09/2009
0.100 0.100 0.100 2.300 1.600 0.100 0.100 0.100 1.500 1.600 0.100 0.100 1.500 1.500 1.500 0.700 1.100 1.500 1.500 1.500 0.700 1.100 1.500 1.500 1.500 0.700 1.100 1.500 1.500 1.500 04/09/2009
0.000 0.000 0.000 0.000 0.000 0.000 0.000 0.000 0.000 0.000 0.000 0.000 0.000 0.000 0.000 0.100 0.000 0.000 0.000 0.000 0.100 0.000 0.000 0.000 0.000 0.100 0.000 0.000 0.000 0.000 05/09/2009
0.000 0.000 0.000 0.000 0.000 0.000 0.000 0.000 0.000 0.000 0.000 0.000 0.000 0.000 0.000 0.000 0.000 0.000 0.000 0.000 0.000 0.000 0.000 0.000 0.000 0.000 0.000 0.000 0.000 0.000 06/09/2009
0.000 0.000 0.000 0.000 0.000 0.000 0.000 0.000 0.000 0.000 0.000 0.000 0.000 0.000 0.000 0.000 0.000 0.000 0.000 0.000 0.000 0.000 0.000 0.000 0.000 0.000 0.000 0.000 0.000 0.000 07/09/2009
0.000 0.000 0.000 0.000 0.000 0.000 0.000 0.000 0.000 0.000 0.000 0.000 0.000 0.000 0.000 0.000 0.000 0.000 0.000 0.000 0.000 0.000 0.000 0.000 0.000 0.000 0.000 0.000 0.000 0.000 08/09/2009
0.000 0.000 0.000 0.000 0.000 0.000 0.000 0.000 0.000 0.000 0.000 0.000 0.000 0.000 0.000 0.000 0.000 0.000 0.000 0.000 0.000 0.000 0.000 0.000 0.000 0.000 0.000 0.000 0.000 0.000 09/09/2009
0.000 0.000 0.000 0.000 0.000 0.000 0.000 0.000 0.000 0.000 0.000 0.000 0.000 0.000 0.000 0.000 0.000 0.000 0.000 0.000 0.000 0.000 0.000 0.000 0.000 0.000 0.000 0.000 0.000 0.000 10/09/2009
0.000 0.000 0.000 0.000 0.000 0.000 0.000 0.000 0.000 0.000 0.000 0.000 0.000 0.000 0.000 0.000 0.000 0.000 0.000 0.000 0.000 0.000 0.000 0.000 0.000 0.000 0.000 0.000 0.000 0.000 11/09/2009
0.000 0.000 0.000 0.000 0.000 0.000 0.000 0.000 0.000 0.000 0.000 0.000 0.000 0.000 0.000 0.000 0.000 0.000 0.000 0.000 0.000 0.000 0.000 0.000 0.000 0.000 0.000 0.000 0.000 0.000 12/09/2009
0.000 0.000 0.000 0.000 0.000 0.000 0.000 0.000 0.000 0.000 0.000 0.000 0.000 0.000 0.000 0.000 0.000 0.000 0.000 0.000 0.000 0.000 0.000 0.000 0.000 0.000 0.000 0.000 0.000 0.000 13/09/2009
0.000 0.000 0.000 0.000 0.000 0.000 0.000 0.000 0.000 0.000 0.000 0.000 0.000 0.000 0.000 0.000 0.000 0.000 0.000 0.000 0.000 0.000 0.000 0.000 0.000 0.000 0.000 0.000 0.000 0.000 14/09/2009
6.300 6.400 6.400 0.700 1.900 6.400 6.500 6.400 3.400 1.900 6.400 6.400 3.400 3.400 1.900 7.100 3.000 3.400 3.400 3.400 7.000 3.000 3.400 3.400 3.400 6.900 3.000 3.400 3.400 3.400 15/09/2009
1.300 1.300 1.300 0.500 0.100 1.300 1.300 1.300 0.200 0.100 1.300 1.300 0.200 0.200 0.100 0.200 0.100 0.200 0.200 0.200 0.200 0.100 0.200 0.200 0.200 0.200 0.100 0.200 0.200 0.200 16/09/2009
0.000 0.000 0.000 0.000 0.000 0.000 0.000 0.000 0.000 0.000 0.000 0.000 0.000 0.000 0.000 0.000 0.500 0.000 0.000 0.000 0.000 0.500 0.000 0.000 0.000 0.000 0.500 0.000 0.000 0.000 17/09/2009
10.400 10.500 10.600 3.900 7.500 10.600 10.800 10.600 4.200 7.400 10.600 10.600 4.200 4.200 7.400 11.600 16.000 4.200 4.200 4.200 11.500 16.100 4.200 4.200 4.200 11.400 15.900 4.100 4.100 4.200 18/09/2009
3.400 3.500 3.500 0.000 3.800 3.500 3.500 3.500 6.600 3.800 3.500 3.500 6.600 6.600 3.700 1.700 5.400 6.600 6.600 6.600 1.700 5.400 6.600 6.500 6.500 1.700 5.300 6.500 6.500 6.600 19/09/2009
4.800 4.900 4.900 3.700 6.400 4.900 5.000 4.900 16.700 6.400 4.900 4.900 16.700 16.800 6.300 5.900 10.300 16.700 16.900 16.900 5.800 10.300 16.700 16.600 16.600 5.800 10.200 16.500 16.500 16.900 20/09/2009
0.100 0.100 0.100 0.000 0.000 0.100 0.100 0.100 0.000 0.000 0.100 0.100 0.000 0.000 0.000 0.100 0.000 0.000 0.000 0.000 0.100 0.000 0.000 0.000 0.000 0.100 0.000 0.000 0.000 0.000 21/09/2009
0.000 0.000 0.000 0.100 0.000 0.000 0.000 0.000 0.000 0.000 0.000 0.000 0.000 0.000 0.000 0.000 0.000 0.000 0.000 0.000 0.000 0.000 0.000 0.000 0.000 0.000 0.000 0.000 0.000 0.000 22/09/2009
0.000 0.000 0.000 0.100 0.000 0.000 0.000 0.000 0.000 0.000 0.000 0.000 0.000 0.000 0.000 0.100 0.000 0.000 0.000 0.000 0.100 0.000 0.000 0.000 0.000 0.100 0.000 0.000 0.000 0.000 23/09/2009
0.000 0.000 0.000 0.100 0.000 0.000 0.000 0.000 0.000 0.000 0.000 0.000 0.000 0.000 0.000 0.000 0.000 0.000 0.000 0.000 0.000 0.000 0.000 0.000 0.000 0.000 0.000 0.000 0.000 0.000 24/09/2009
0.000 0.000 0.000 0.000 0.000 0.000 0.000 0.000 0.000 0.000 0.000 0.000 0.000 0.000 0.000 0.000 0.000 0.000 0.000 0.000 0.000 0.000 0.000 0.000 0.000 0.000 0.000 0.000 0.000 0.000 25/09/2009
0.000 0.000 0.000 0.000 0.000 0.000 0.000 0.000 0.000 0.000 0.000 0.000 0.000 0.000 0.000 0.000 0.000 0.000 0.000 0.000 0.000 0.000 0.000 0.000 0.000 0.000 0.000 0.000 0.000 0.000 26/09/2009
0.000 0.000 0.000 0.000 0.000 0.000 0.000 0.000 0.000 0.000 0.000 0.000 0.000 0.000 0.000 0.000 0.000 0.000 0.000 0.000 0.000 0.000 0.000 0.000 0.000 0.000 0.000 0.000 0.000 0.000 27/09/2009
0.000 0.000 0.000 0.000 0.000 0.000 0.000 0.000 0.000 0.000 0.000 0.000 0.000 0.000 0.000 0.000 0.000 0.000 0.000 0.000 0.000 0.000 0.000 0.000 0.000 0.000 0.000 0.000 0.000 0.000 28/09/2009
0.000 0.000 0.000 0.100 0.000 0.000 0.000 0.000 0.000 0.000 0.000 0.000 0.000 0.000 0.000 0.000 0.000 0.000 0.000 0.000 0.000 0.000 0.000 0.000 0.000 0.000 0.000 0.000 0.000 0.000 29/09/2009
0.000 0.000 0.000 0.100 0.000 0.000 0.000 0.000 0.000 0.000 0.000 0.000 0.000 0.000 0.000 0.000 0.000 0.000 0.000 0.000 0.000 0.000 0.000 0.000 0.000 0.000 0.000 0.000 0.000 0.000 30/09/2009
0.000 0.000 0.000 0.000 0.000 0.000 0.000 0.000 0.000 0.000 0.000 0.000 0.000 0.000 0.000 0.000 0.000 0.000 0.000 0.000 0.000 0.000 0.000 0.000 0.000 0.000 0.000 0.000 0.000 0.000 01/10/2009
0.000 0.000 0.000 0.000 0.000 0.000 0.000 0.000 0.000 0.000 0.000 0.000 0.000 0.000 0.000 0.000 0.000 0.000 0.000 0.000 0.000 0.000 0.000 0.000 0.000 0.000 0.000 0.000 0.000 0.000 02/10/2009
0.000 0.000 0.000 0.100 0.000 0.000 0.000 0.000 0.000 0.000 0.000 0.000 0.000 0.000 0.000 0.000 0.000 0.000 0.000 0.000 0.000 0.000 0.000 0.000 0.000 0.000 0.000 0.000 0.000 0.000 03/10/2009
0.000 0.000 0.000 0.000 0.000 0.000 0.000 0.000 0.000 0.000 0.000 0.000 0.000 0.000 0.000 0.000 0.000 0.000 0.000 0.000 0.000 0.000 0.000 0.000 0.000 0.000 0.000 0.000 0.000 0.000 04/10/2009
0.000 0.000 0.000 0.000 0.000 0.000 0.000 0.000 0.000 0.000 0.000 0.000 0.000 0.000 0.000 0.000 0.000 0.000 0.000 0.000 0.000 0.000 0.000 0.000 0.000 0.000 0.000 0.000 0.000 0.000 05/10/2009
0.000 0.000 0.000 0.000 0.000 0.000 0.000 0.000 0.000 0.000 0.000 0.000 0.000 0.000 0.000 0.100 0.000 0.000 0.000 0.000 0.100 0.000 0.000 0.000 0.000 0.100 0.000 0.000 0.000 0.000 06/10/2009
0.900 0.900 0.900 1.400 0.600 0.900 0.900 0.900 1.500 0.600 0.900 0.900 1.500 1.500 0.600 1.700 0.600 1.500 1.500 1.500 1.700 0.600 1.500 1.500 1.500 1.700 0.600 1.500 1.500 1.500 07/10/2009
0.100 0.100 0.100 7.500 20.600 0.100 0.100 0.100 0.800 20.500 0.100 0.100 0.800 0.800 20.300 0.100 0.200 0.800 0.800 0.800 0.100 0.200 0.800 0.800 0.800 0.100 0.200 0.800 0.800 0.800 08/10/2009
0.800 0.800 0.800 0.700 1.600 0.800 0.800 0.800 1.600 1.600 0.800 0.800 1.600 1.600 1.600 0.800 1.700 1.600 1.600 1.600 0.700 1.700 1.600 1.600 1.600 0.700 1.700 1.600 1.600 1.600 09/10/2009
0.500 0.500 0.500 0.700 0.900 0.500 0.500 0.500 1.600 0.900 0.500 0.500 1.600 1.600 0.900 1.100 1.200 1.600 1.600 1.600 1.100 1.200 1.600 1.600 1.600 1.100 1.200 1.600 1.600 1.600 10/10/2009
1.000 1.000 1.000 1.300 1.400 1.000 1.000 1.000 1.100 1.400 1.000 1.000 1.100 1.100 1.400 0.800 0.700 1.100 1.100 1.100 0.800 0.700 1.100 1.100 1.100 0.800 0.700 1.100 1.100 1.100 11/10/2009
0.000 0.000 0.000 0.000 0.000 0.000 0.000 0.000 0.000 0.000 0.000 0.000 0.000 0.000 0.000 0.000 0.000 0.000 0.000 0.000 0.000 0.000 0.000 0.000 0.000 0.000 0.000 0.000 0.000 0.000 12/10/2009
0.100 0.100 0.100 0.200 0.000 0.100 0.100 0.100 0.000 0.000 0.100 0.100 0.000 0.000 0.000 0.000 0.000 0.000 0.000 0.000 0.000 0.000 0.000 0.000 0.000 0.000 0.000 0.000 0.000 0.000 13/10/2009
0.000 0.000 0.000 0.000 0.000 0.000 0.000 0.000 0.000 0.000 0.000 0.000 0.000 0.000 0.000 0.000 0.000 0.000 0.000 0.000 0.000 0.000 0.000 0.000 0.000 0.000 0.000 0.000 0.000 0.000 14/10/2009
0.000 0.000 0.000 0.000 0.000 0.000 0.000 0.000 0.000 0.000 0.000 0.000 0.000 0.000 0.000 0.000 0.000 0.000 0.000 0.000 0.000 0.000 0.000 0.000 0.000 0.000 0.000 0.000 0.000 0.000 15/10/2009
0.000 0.000 0.000 0.000 0.000 0.000 0.000 0.000 0.000 0.000 0.000 0.000 0.000 0.000 0.000 0.000 0.000 0.000 0.000 0.000 0.000 0.000 0.000 0.000 0.000 0.000 0.000 0.000 0.000 0.000 16/10/2009
0.000 0.000 0.000 0.100 0.000 0.000 0.000 0.000 0.000 0.000 0.000 0.000 0.000 0.000 0.000 0.000 0.000 0.000 0.000 0.000 0.000 0.000 0.000 0.000 0.000 0.000 0.000 0.000 0.000 0.000 17/10/2009
0.000 0.000 0.000 0.000 0.000 0.000 0.000 0.000 0.000 0.000 0.000 0.000 0.000 0.000 0.000 0.000 0.000 0.000 0.000 0.000 0.000 0.000 0.000 0.000 0.000 0.000 0.000 0.000 0.000 0.000 18/10/2009
0.000 0.000 0.000 0.000 0.000 0.000 0.000 0.000 0.000 0.000 0.000 0.000 0.000 0.000 0.000 0.000 0.100 0.000 0.000 0.000 0.000 0.100 0.000 0.000 0.000 0.000 0.100 0.000 0.000 0.000 19/10/2009
18.900 19.100 19.200 30.200 53.500 19.300 19.500 19.300 51.800 53.200 19.300 19.300 51.600 52.100 52.800 16.800 26.900 51.700 52.300 52.300 16.700 27.000 51.900 51.500 51.500 16.500 26.800 51.000 51.100 52.300 20/10/2009
2.800 2.800 2.800 4.900 7.600 2.900 2.900 2.900 4.600 7.600 2.800 2.800 4.600 4.600 7.500 2.400 3.000 4.600 4.600 4.600 2.400 3.000 4.600 4.600 4.600 2.300 2.900 4.500 4.500 4.600 21/10/2009
0.900 0.900 0.900 2.000 1.700 0.900 0.900 0.900 2.400 1.700 0.900 0.900 2.400 2.400 1.700 0.600 3.700 2.400 2.400 2.400 0.600 3.800 2.400 2.400 2.400 0.600 3.700 2.400 2.400 2.400 22/10/2009
3.300 3.300 3.400 2.700 6.000 3.400 3.400 3.400 4.600 6.000 3.400 3.400 4.600 4.700 5.900 3.400 3.800 4.600 4.700 4.700 3.400 3.800 4.600 4.600 4.600 3.400 3.800 4.600 4.600 4.700 23/10/2009
4.900 4.900 4.900 4.600 8.000 4.900 5.000 4.900 5.600 8.000 4.900 4.900 5.600 5.600 7.900 5.700 4.500 5.600 5.600 5.600 5.600 4.500 5.600 5.600 5.600 5.600 4.500 5.500 5.500 5.600 24/10/2009
0.400 0.400 0.400 0.200 0.000 0.400 0.400 0.400 0.100 0.000 0.400 0.400 0.100 0.100 0.000 0.400 0.200 0.100 0.100 0.100 0.400 0.200 0.100 0.100 0.100 0.400 0.200 0.100 0.100 0.100 25/10/2009
0.400 0.400 0.400 0.400 0.000 0.400 0.400 0.400 0.000 0.000 0.400 0.400 0.000 0.000 0.000 0.200 0.200 0.000 0.000 0.000 0.200 0.200 0.000 0.000 0.000 0.200 0.200 0.000 0.000 0.000 26/10/2009
0.000 0.000 0.000 0.000 0.000 0.000 0.000 0.000 0.000 0.000 0.000 0.000 0.000 0.000 0.000 0.100 0.000 0.000 0.000 0.000 0.100 0.000 0.000 0.000 0.000 0.100 0.000 0.000 0.000 0.000 27/10/2009
0.000 0.000 0.000 0.300 0.100 0.000 0.000 0.000 0.000 0.100 0.000 0.000 0.000 0.000 0.100 0.200 0.200 0.000 0.000 0.000 0.200 0.200 0.000 0.000 0.000 0.200 0.200 0.000 0.000 0.000 28/10/2009
0.100 0.100 0.100 0.200 0.100 0.100 0.100 0.100 0.200 0.100 0.100 0.100 0.200 0.200 0.100 0.200 0.100 0.200 0.200 0.200 0.200 0.100 0.200 0.200 0.200 0.200 0.100 0.200 0.200 0.200 29/10/2009
0.100 0.100 0.100 0.100 0.000 0.100 0.100 0.100 0.100 0.000 0.100 0.100 0.100 0.100 0.000 0.000 0.000 0.100 0.100 0.100 0.000 0.000 0.100 0.100 0.100 0.000 0.000 0.100 0.100 0.100 30/10/2009
0.200 0.200 0.200 0.200 0.200 0.200 0.200 0.200 0.200 0.200 0.200 0.200 0.200 0.200 0.200 0.100 0.200 0.200 0.200 0.200 0.100 0.200 0.200 0.200 0.200 0.100 0.200 0.200 0.200 0.200 31/10/2009
29.600 29.800 29.900 26.000 32.900 30.100 30.400 30.100 32.500 32.700 30.100 30.000 32.400 32.700 32.400 28.900 24.400 32.400 32.800 32.700 28.600 24.500 32.500 32.300 32.300 28.300 24.300 32.000 32.000 32.800 01/11/2009
25.200 25.300 25.400 16.800 33.600 25.600 25.900 25.600 39.500 33.400 25.600 25.600 39.300 39.700 33.100 31.700 29.500 39.400 39.900 39.800 31.400 29.600 39.500 39.200 39.200 31.000 29.400 38.800 38.900 39.800 02/11/2009
8.400 8.500 8.500 12.700 17.500 8.600 8.700 8.600 13.300 17.500 8.600 8.500 13.300 13.400 17.300 12.700 10.900 13.300 13.400 13.400 12.600 10.900 13.300 13.200 13.200 12.500 10.900 13.100 13.100 13.400 03/11/2009
6.200 6.300 6.300 14.600 4.900 6.400 6.400 6.400 11.300 4.900 6.400 6.300 11.200 11.300 4.900 12.200 10.500 11.300 11.400 11.400 12.100 10.600 11.300 11.200 11.200 11.900 10.500 11.100 11.100 11.400 04/11/2009
2.800 2.800 2.900 2.100 1.600 2.900 2.900 2.900 2.600 1.600 2.900 2.900 2.600 2.600 1.600 0.900 1.600 2.600 2.600 2.600 0.800 1.600 2.600 2.600 2.600 0.800 1.600 2.600 2.600 2.600 05/11/2009
3.100 3.100 3.100 2.100 5.200 3.200 3.200 3.200 4.100 5.200 3.200 3.100 4.100 4.200 5.100 7.100 3.500 4.100 4.200 4.200 7.000 3.500 4.100 4.100 4.100 6.900 3.500 4.100 4.100 4.200 06/11/2009
13.000 13.100 13.200 8.700 14.900 13.300 13.400 13.300 14.400 14.800 13.200 13.200 14.300 14.500 14.700 14.700 11.600 14.400 14.500 14.500 14.600 11.600 14.400 14.300 14.300 14.400 11.500 14.100 14.200 14.500 07/11/2009
3.000 3.000 3.000 1.600 3.100 3.000 3.100 3.000 4.300 3.100 3.000 3.000 4.300 4.300 3.100 5.400 4.900 4.300 4.300 4.300 5.300 4.900 4.300 4.300 4.300 5.300 4.900 4.200 4.200 4.300 08/11/2009
0.000 0.000 0.000 0.100 0.000 0.000 0.000 0.000 0.000 0.000 0.000 0.000 0.000 0.000 0.000 0.000 0.000 0.000 0.000 0.000 0.000 0.000 0.000 0.000 0.000 0.000 0.000 0.000 0.000 0.000 09/11/2009
0.400 0.400 0.400 0.000 0.000 0.400 0.400 0.400 0.100 0.000 0.400 0.400 0.100 0.100 0.000 3.600 1.300 0.100 0.100 0.100 3.600 1.300 0.100 0.100 0.100 3.500 1.300 0.100 0.100 0.100 10/11/2009
2.000 2.000 2.000 1.600 4.800 2.000 2.000 2.000 6.100 4.800 2.000 2.000 6.000 6.100 4.700 5.500 5.600 6.100 6.100 6.100 5.500 5.600 6.100 6.000 6.000 5.400 5.500 6.000 6.000 6.100 11/11/2009
0.400 0.400 0.400 0.600 0.100 0.400 0.400 0.400 0.100 0.100 0.400 0.400 0.100 0.100 0.100 0.400 0.200 0.100 0.100 0.100 0.400 0.200 0.100 0.100 0.100 0.400 0.200 0.100 0.100 0.100 12/11/2009
0.300 0.300 0.300 0.200 0.200 0.300 0.300 0.300 0.300 0.200 0.300 0.300 0.300 0.300 0.200 0.300 0.000 0.300 0.300 0.300 0.300 0.000 0.300 0.300 0.300 0.300 0.000 0.300 0.300 0.300 13/11/2009
1.200 1.200 1.200 1.300 4.300 1.200 1.200 1.200 3.800 4.300 1.200 1.200 3.800 3.800 4.200 1.800 2.300 3.800 3.800 3.800 1.800 2.300 3.800 3.800 3.700 1.800 2.300 3.700 3.700 3.800 14/11/2009
5.600 5.600 5.700 4.000 4.800 5.700 5.800 5.700 4.300 4.800 5.700 5.700 4.300 4.300 4.700 6.000 4.000 4.300 4.400 4.400 5.900 4.000 4.300 4.300 4.300 5.800 4.000 4.300 4.300 4.400 15/11/2009
5.400 5.500 5.500 4.700 1.300 5.500 5.600 5.500 1.000 1.300 5.500 5.500 1.000 1.000 1.300 2.600 0.800 1.000 1.000 1.000 2.500 0.800 1.000 1.000 1.000 2.500 0.800 1.000 1.000 1.000 16/11/2009
0.200 0.200 0.200 0.500 0.100 0.200 0.200 0.200 0.300 0.100 0.200 0.200 0.300 0.300 0.100 0.500 0.200 0.300 0.300 0.300 0.500 0.200 0.300 0.300 0.300 0.500 0.200 0.300 0.300 0.300 17/11/2009
0.200 0.200 0.200 0.300 0.200 0.200 0.200 0.200 0.100 0.200 0.200 0.200 0.100 0.100 0.200 0.200 0.200 0.100 0.100 0.100 0.200 0.200 0.100 0.100 0.100 0.200 0.200 0.100 0.100 0.100 18/11/2009
0.000 0.000 0.000 0.000 0.000 0.000 0.000 0.000 0.300 0.000 0.000 0.000 0.300 0.300 0.000 0.200 0.100 0.300 0.300 0.300 0.200 0.100 0.300 0.300 0.300 0.200 0.100 0.300 0.300 0.300 19/11/2009
0.000 0.000 0.000 0.000 0.000 0.000 0.000 0.000 0.000 0.000 0.000 0.000 0.000 0.000 0.000 0.000 0.000 0.000 0.000 0.000 0.000 0.000 0.000 0.000 0.000 0.000 0.000 0.000 0.000 0.000 20/11/2009
5.800 5.900 5.900 5.500 6.100 5.900 6.000 5.900 6.800 6.000 5.900 5.900 6.800 6.900 6.000 5.600 5.500 6.800 6.900 6.900 5.600 5.500 6.800 6.800 6.800 5.500 5.400 6.700 6.700 6.900 21/11/2009
8.800 8.800 8.900 8.200 7.100 9.000 9.100 9.000 6.900 7.100 8.900 8.900 6.900 7.000 7.000 5.500 5.300 6.900 7.000 7.000 5.400 5.300 6.900 6.900 6.900 5.300 5.300 6.800 6.800 7.000 22/11/2009
1.300 1.300 1.300 4.300 2.900 1.300 1.300 1.300 2.800 2.900 1.300 1.300 2.700 2.800 2.900 3.100 3.000 2.800 2.800 2.800 3.100 3.000 2.800 2.700 2.700 3.000 3.000 2.700 2.700 2.800 23/11/2009
0.000 0.000 0.000 0.600 0.100 0.000 0.000 0.000 0.300 0.100 0.000 0.000 0.300 0.300 0.100 0.200 0.200 0.300 0.300 0.300 0.200 0.200 0.300 0.300 0.300 0.200 0.200 0.300 0.300 0.300 24/11/2009
3.500 3.500 3.500 4.600 3.300 3.500 3.600 3.500 2.000 3.300 3.500 3.500 2.000 2.000 3.300 3.000 2.300 2.000 2.000 2.000 3.000 2.300 2.000 2.000 2.000 3.000 2.200 2.000 2.000 2.000 25/11/2009
5.800 5.800 5.800 2.300 7.100 5.900 5.900 5.900 5.400 7.100 5.900 5.900 5.400 5.400 7.000 10.300 4.800 5.400 5.500 5.500 10.200 4.800 5.400 5.400 5.400 10.100 4.800 5.300 5.300 5.500 26/11/2009
6.500 6.600 6.600 4.700 4.200 6.700 6.700 6.700 2.900 4.100 6.600 6.600 2.800 2.900 4.100 5.800 4.800 2.900 2.900 2.900 5.800 4.800 2.900 2.800 2.800 5.700 4.700 2.800 2.800 2.900 27/11/2009
5.000 5.100 5.100 4.500 2.700 5.100 5.200 5.100 3.700 2.700 5.100 5.100 3.700 3.700 2.700 5.000 2.500 3.700 3.800 3.800 5.000 2.500 3.700 3.700 3.700 4.900 2.400 3.700 3.700 3.800 28/11/2009
3.300 3.300 3.300 5.200 8.700 3.400 3.400 3.400 5.000 8.600 3.300 3.300 5.000 5.100 8.600 5.100 7.800 5.000 5.100 5.100 5.100 7.800 5.100 5.000 5.000 5.000 7.700 5.000 5.000 5.100 29/11/2009
2.200 2.200 2.200 3.300 5.200 2.200 2.200 2.200 2.000 5.200 2.200 2.200 2.000 2.000 5.100 0.400 0.800 2.000 2.000 2.000 0.400 0.800 2.000 2.000 2.000 0.300 0.800 2.000 2.000 2.000 30/11/2009
0.700 0.700 0.700 0.100 0.400 0.700 0.800 0.700 1.200 0.400 0.700 0.700 1.200 1.200 0.400 1.300 1.000 1.200 1.200 1.200 1.300 1.000 1.200 1.200 1.200 1.300 1.000 1.200 1.200 1.200 01/12/2009
9.200 9.300 9.300 8.300 11.900 9.400 9.500 9.400 4.900 11.800 9.400 9.400 4.900 5.000 11.700 10.000 8.000 4.900 5.000 5.000 9.900 8.000 4.900 4.900 4.900 9.800 7.900 4.900 4.900 5.000 02/12/2009
10.700 10.800 10.800 8.400 17.000 10.900 11.000 10.900 15.000 16.900 10.900 10.900 14.900 15.100 16.800 18.500 16.900 15.000 15.100 15.100 18.300 16.900 15.000 14.900 14.900 18.100 16.800 14.800 14.800 15.100 03/12/2009
5.500 5.500 5.500 4.900 5.900 5.600 5.600 5.600 5.400 5.900 5.600 5.600 5.400 5.400 5.800 3.500 2.700 5.400 5.500 5.500 3.500 2.700 5.400 5.400 5.400 3.500 2.700 5.300 5.300 5.500 04/12/2009
0.800 0.800 0.800 1.300 1.300 0.800 0.800 0.800 0.900 1.300 0.800 0.800 0.900 0.900 1.300 0.200 0.300 0.900 0.900 0.900 0.200 0.300 0.900 0.900 0.900 0.200 0.300 0.900 0.900 0.900 05/12/2009
1.900 2.000 2.000 1.500 6.500 2.000 2.000 2.000 2.000 6.500 2.000 2.000 2.000 2.000 6.500 1.700 2.400 2.000 2.000 2.000 1.700 2.400 2.000 1.900 1.900 1.700 2.400 1.900 1.900 2.000 06/12/2009
4.900 4.900 4.900 5.100 5.400 5.000 5.000 5.000 8.700 5.400 5.000 4.900 8.700 8.800 5.300 6.300 4.500 8.700 8.800 8.800 6.200 4.500 8.700 8.700 8.700 6.200 4.400 8.600 8.600 8.800 07/12/2009
1.000 1.100 1.100 2.100 4.000 1.100 1.100 1.100 3.500 4.000 1.100 1.100 3.500 3.500 4.000 2.100 0.800 3.500 3.500 3.500 2.100 0.800 3.500 3.400 3.400 2.100 0.800 3.400 3.400 3.500 08/12/2009
0.000 0.000 0.000 0.100 0.100 0.000 0.000 0.000 0.100 0.100 0.000 0.000 0.100 0.100 0.100 0.100 0.100 0.100 0.100 0.100 0.100 0.100 0.100 0.100 0.100 0.100 0.100 0.100 0.100 0.100 09/12/2009
0.400 0.400 0.400 0.300 0.100 0.400 0.400 0.400 0.100 0.100 0.400 0.400 0.100 0.100 0.100 0.400 0.000 0.100 0.100 0.100 0.400 0.000 0.100 0.100 0.100 0.400 0.000 0.100 0.100 0.100 10/12/2009
0.100 0.100 0.100 0.200 0.000 0.100 0.100 0.100 0.000 0.000 0.100 0.100 0.000 0.000 0.000 0.100 0.000 0.000 0.000 0.000 0.100 0.000 0.000 0.000 0.000 0.100 0.000 0.000 0.000 0.000 11/12/2009
0.000 0.000 0.000 0.000 0.000 0.000 0.000 0.000 0.000 0.000 0.000 0.000 0.000 0.000 0.000 0.000 0.100 0.000 0.000 0.000 0.000 0.100 0.000 0.000 0.000 0.000 0.100 0.000 0.000 0.000 12/12/2009
0.000 0.000 0.000 0.000 0.000 0.000 0.000 0.000 0.000 0.000 0.000 0.000 0.000 0.000 0.000 0.000 0.000 0.000 0.000 0.000 0.000 0.000 0.000 0.000 0.000 0.000 0.000 0.000 0.000 0.000 13/12/2009
0.000 0.000 0.000 0.000 0.000 0.000 0.000 0.000 0.000 0.000 0.000 0.000 0.000 0.000 0.000 0.000 0.000 0.000 0.000 0.000 0.000 0.000 0.000 0.000 0.000 0.000 0.000 0.000 0.000 0.000 14/12/2009
0.000 0.000 0.000 0.000 0.000 0.000 0.000 0.000 0.000 0.000 0.000 0.000 0.000 0.000 0.000 0.000 0.000 0.000 0.000 0.000 0.000 0.000 0.000 0.000 0.000 0.000 0.000 0.000 0.000 0.000 15/12/2009
0.000 0.000 0.000 0.000 0.000 0.000 0.000 0.000 0.000 0.000 0.000 0.000 0.000 0.000 0.000 0.000 0.000 0.000 0.000 0.000 0.000 0.000 0.000 0.000 0.000 0.000 0.000 0.000 0.000 0.000 16/12/2009
0.100 0.100 0.100 0.000 0.000 0.100 0.100 0.100 0.000 0.000 0.100 0.100 0.000 0.000 0.000 2.400 1.300 0.000 0.000 0.000 2.700 1.300 0.000 0.000 0.000 3.000 1.400 0.000 0.000 0.000 17/12/2009
0.000 0.000 0.000 0.600 0.000 0.000 0.000 0.000 0.000 0.100 0.000 0.000 0.000 0.000 0.100 0.600 0.700 0.000 0.000 0.000 0.700 0.700 0.000 0.000 0.000 0.800 0.700 0.000 0.000 0.000 18/12/2009
0.000 0.000 0.000 0.000 0.000 0.000 0.000 0.000 0.000 0.000 0.000 0.000 0.000 0.000 0.000 0.000 0.000 0.000 0.000 0.000 0.000 0.000 0.000 0.000 0.000 0.000 0.000 0.000 0.000 0.000 19/12/2009
0.100 0.100 0.100 0.200 0.000 0.100 0.100 0.100 0.000 0.000 0.100 0.100 0.000 0.000 0.000 0.000 0.000 0.000 0.000 0.000 0.000 0.000 0.000 0.100 0.100 0.000 0.000 0.100 0.100 0.000 20/12/2009
1.800 1.800 1.800 3.700 0.800 1.900 1.900 1.900 0.900 0.800 1.800 1.800 0.900 0.900 0.800 0.800 0.400 0.900 0.900 0.900 0.800 0.400 0.900 0.900 0.900 0.800 0.400 0.900 0.900 0.900 21/12/2009
11.900 12.000 12.000 15.300 12.100 12.100 12.200 12.100 17.400 12.000 12.100 12.100 17.400 17.500 11.900 14.200 14.200 17.400 17.600 17.600 14.000 14.200 17.500 17.300 17.300 13.900 14.100 17.200 17.200 17.600 22/12/2009
2.800 2.800 2.800 2.000 4.600 2.800 2.900 2.800 3.700 4.600 2.800 2.800 3.700 3.700 4.600 4.100 4.800 3.700 3.800 3.800 4.100 4.800 3.700 3.700 3.700 4.000 4.700 3.700 3.700 3.800 23/12/2009
3.500 3.500 3.500 5.700 4.400 3.500 3.600 3.500 5.200 4.300 3.500 3.500 5.100 5.200 4.300 7.400 7.100 5.100 5.200 5.200 7.300 7.100 5.200 5.100 5.100 7.200 7.100 5.100 5.100 5.200 24/12/2009
0.000 0.000 0.000 0.100 0.100 0.000 0.000 0.000 0.000 0.100 0.000 0.000 0.000 0.000 0.100 0.100 0.000 0.000 0.000 0.000 0.100 0.000 0.000 0.000 0.000 0.100 0.000 0.000 0.000 0.000 25/12/2009
1.400 1.400 1.400 0.600 0.100 1.400 1.400 1.400 0.600 0.100 1.400 1.400 0.600 0.600 0.100 0.600 2.200 0.600 0.600 0.600 0.600 2.200 0.600 0.600 0.600 0.600 2.200 0.600 0.600 0.600 26/12/2009
4.900 4.900 4.900 8.300 3.700 5.000 5.000 5.000 4.600 3.700 5.000 5.000 4.600 4.700 3.700 4.200 6.200 4.600 4.700 4.700 4.200 6.200 4.600 4.600 4.600 4.100 6.200 4.600 4.600 4.700 27/12/2009
4.700 4.800 4.800 8.300 8.400 4.800 4.900 4.800 6.300 8.400 4.800 4.800 6.300 6.400 8.300 4.100 3.200 6.300 6.400 6.400 4.000 3.200 6.300 6.300 6.300 4.000 3.200 6.200 6.200 6.400 28/12/2009
8.900 9.000 9.000 10.500 17.100 9.100 9.200 9.100 16.500 17.000 9.100 9.100 16.500 16.600 16.900 20.900 4.200 16.500 16.700 16.700 20.700 4.200 16.500 16.400 16.400 20.400 4.200 16.300 16.300 16.700 29/12/2009
6.300 6.300 6.400 11.200 0.900 6.400 6.500 6.400 0.900 0.900 6.400 6.400 0.900 0.900 0.900 1.100 0.300 0.900 0.900 0.900 1.100 0.300 0.900 0.900 0.900 1.100 0.300 0.900 0.900 0.900 30/12/2009
13.700 13.800 13.900 16.200 12.400 14.000 14.100 14.000 13.200 12.400 13.900 13.900 13.100 13.200 12.300 10.800 8.600 13.100 13.300 13.300 10.700 8.600 13.200 13.100 13.100 10.500 8.600 12.900 13.000 13.300 31/12/2009
0.500 0.500 0.500 0.800 0.400 0.500 0.500 0.500 1.200 0.400 0.500 0.500 1.200 1.200 0.400 0.700 0.200 1.200 1.200 1.200 0.700 0.200 1.200 1.200 1.200 0.700 0.200 1.200 1.200 1.200 01/01/2010
0.000 0.000 0.000 0.000 0.000 0.000 0.000 0.000 0.000 0.000 0.000 0.000 0.000 0.000 0.000 0.000 0.000 0.000 0.000 0.000 0.000 0.000 0.000 0.000 0.000 0.000 0.000 0.000 0.000 0.000 02/01/2010
7.500 7.200 7.000 3.100 9.000 6.600 6.200 6.600 8.800 8.900 6.700 6.800 8.800 8.700 8.900 5.300 5.700 8.800 8.700 8.700 5.500 5.700 8.800 8.800 8.800 5.700 5.600 8.900 8.900 8.700 03/01/2010
0.000 0.000 0.000 0.000 0.000 0.000 0.000 0.000 0.100 0.000 0.000 0.000 0.100 0.100 0.000 0.000 0.000 0.100 0.100 0.100 0.000 0.000 0.100 0.100 0.100 0.000 0.000 0.100 0.100 0.100 04/01/2010
0.000 0.000 0.000 0.000 0.000 0.000 0.000 0.000 0.000 0.000 0.000 0.000 0.000 0.000 0.000 0.000 0.000 0.000 0.000 0.000 0.000 0.000 0.000 0.000 0.000 0.000 0.000 0.000 0.000 0.000 05/01/2010
0.000 0.000 0.000 0.400 0.000 0.000 0.000 0.000 0.000 0.000 0.000 0.000 0.000 0.000 0.000 0.000 0.000 0.000 0.000 0.000 0.000 0.000 0.000 0.000 0.000 0.000 0.000 0.000 0.000 0.000 06/01/2010
0.000 0.000 0.000 0.000 0.200 0.000 0.000 0.000 0.700 0.300 0.000 0.000 0.700 0.600 0.300 0.000 0.100 0.700 0.600 0.600 0.000 0.100 0.700 0.800 0.800 0.000 0.100 0.900 0.800 0.600 07/01/2010
0.000 0.000 0.000 0.000 0.000 0.000 0.000 0.000 0.000 0.000 0.000 0.000 0.000 0.000 0.000 0.000 0.000 0.000 0.000 0.000 0.000 0.000 0.000 0.000 0.000 0.000 0.000 0.000 0.000 0.000 08/01/2010
0.000 0.000 0.000 0.000 0.000 0.000 0.000 0.000 0.000 0.000 0.000 0.000 0.000 0.000 0.000 0.000 0.000 0.000 0.000 0.000 0.000 0.000 0.000 0.000 0.000 0.000 0.000 0.000 0.000 0.000 09/01/2010
0.000 0.000 0.000 0.000 0.000 0.000 0.000 0.000 0.000 0.000 0.000 0.000 0.000 0.000 0.000 0.000 0.000 0.000 0.000 0.000 0.000 0.000 0.000 0.000 0.000 0.000 0.000 0.000 0.000 0.000 10/01/2010
0.000 0.000 0.000 0.000 0.000 0.000 0.000 0.000 0.000 0.000 0.000 0.000 0.000 0.000 0.000 0.000 0.000 0.000 0.000 0.000 0.000 0.000 0.000 0.000 0.000 0.000 0.000 0.000 0.000 0.000 11/01/2010
17.000 17.100 17.200 17.700 17.400 17.300 17.500 17.300 24.000 17.300 17.300 17.300 23.900 24.200 17.200 12.200 12.700 24.000 24.300 24.200 12.000 12.800 24.000 23.900 23.900 11.900 12.700 23.600 23.700 24.200 12/01/2010
2.400 2.400 2.400 1.300 3.600 2.500 2.500 2.500 5.000 3.600 2.500 2.500 5.000 5.000 3.500 5.800 2.600 5.000 5.000 5.000 5.800 2.700 5.000 5.000 5.000 5.700 2.600 4.900 4.900 5.000 13/01/2010
5.100 5.100 5.200 5.900 6.800 5.200 5.300 5.200 7.800 6.800 5.200 5.200 7.700 7.800 6.700 5.200 7.400 7.700 7.800 7.800 5.100 7.400 7.800 7.700 7.700 5.100 7.300 7.600 7.700 7.800 14/01/2010
0.000 0.000 0.000 0.000 0.000 0.000 0.000 0.000 0.100 0.000 0.000 0.000 0.100 0.100 0.000 0.000 0.000 0.100 0.100 0.100 0.000 0.000 0.100 0.100 0.100 0.000 0.000 0.100 0.100 0.100 15/01/2010
6.700 6.700 6.700 7.200 11.000 6.800 6.800 6.800 12.500 11.000 6.800 6.800 12.400 12.500 10.900 9.000 8.400 12.400 12.600 12.500 8.900 8.500 12.500 12.400 12.400 8.800 8.400 12.200 12.300 12.600 16/01/2010
0.100 0.100 0.100 0.100 0.000 0.100 0.100 0.100 0.000 0.000 0.100 0.100 0.000 0.000 0.000 0.000 0.200 0.000 0.000 0.000 0.000 0.200 0.000 0.000 0.000 0.000 0.200 0.000 0.000 0.000 17/01/2010
0.000 0.000 0.000 0.100 0.100 0.000 0.000 0.000 0.100 0.100 0.000 0.000 0.100 0.100 0.100 0.200 0.000 0.100 0.100 0.100 0.200 0.000 0.100 0.100 0.100 0.200 0.000 0.100 0.100 0.100 18/01/2010
3.800 3.800 3.800 2.200 7.600 3.800 3.900 3.800 6.900 7.500 3.800 3.800 6.900 6.900 7.500 5.400 7.600 6.900 7.000 6.900 5.300 7.600 6.900 6.800 6.800 5.300 7.500 6.800 6.800 6.900 19/01/2010
5.600 5.600 5.700 5.200 9.000 5.700 5.700 5.700 6.400 9.000 5.700 5.700 6.400 6.500 8.900 4.800 4.300 6.400 6.500 6.500 4.800 4.300 6.400 6.400 6.400 4.700 4.200 6.300 6.300 6.500 20/01/2010
0.100 0.100 0.100 0.100 0.000 0.100 0.100 0.100 0.000 0.000 0.100 0.100 0.000 0.000 0.000 0.100 0.200 0.000 0.000 0.000 0.100 0.200 0.000 0.000 0.000 0.100 0.200 0.000 0.000 0.000 21/01/2010
0.000 0.000 0.000 0.000 0.100 0.000 0.000 0.000 0.100 0.100 0.000 0.000 0.100 0.100 0.100 0.100 0.000 0.100 0.100 0.100 0.100 0.000 0.100 0.100 0.100 0.100 0.000 0.100 0.100 0.100 22/01/2010
2.900 2.900 2.900 3.300 1.300 3.000 3.000 3.000 1.500 1.300 3.000 3.000 1.500 1.500 1.300 2.500 1.400 1.500 1.500 1.500 2.500 1.400 1.500 1.500 1.500 2.400 1.400 1.500 1.500 1.500 23/01/2010
1.000 1.000 1.000 1.700 1.600 1.000 1.000 1.000 2.400 1.600 1.000 1.000 2.400 2.400 1.600 1.200 0.800 2.400 2.400 2.400 1.200 0.800 2.400 2.400 2.400 1.200 0.800 2.400 2.400 2.400 24/01/2010
0.000 0.000 0.000 0.000 0.000 0.000 0.000 0.000 0.000 0.000 0.000 0.000 0.000 0.000 0.000 0.000 0.000 0.000 0.000 0.000 0.000 0.000 0.000 0.000 0.000 0.000 0.000 0.000 0.000 0.000 25/01/2010
0.000 0.000 0.000 0.000 0.000 0.000 0.000 0.000 0.000 0.000 0.000 0.000 0.000 0.000 0.000 0.000 0.000 0.000 0.000 0.000 0.000 0.000 0.000 0.100 0.100 0.000 0.000 0.100 0.100 0.000 26/01/2010
0.000 0.000 0.000 0.000 0.000 0.000 0.000 0.000 0.000 0.000 0.000 0.000 0.000 0.000 0.000 0.000 0.000 0.000 0.000 0.000 0.000 0.000 0.000 0.000 0.000 0.000 0.000 0.000 0.000 0.000 27/01/2010
1.300 1.300 1.300 0.100 0.600 1.200 1.100 1.200 1.800 0.700 1.200 1.200 2.000 1.700 0.900 1.300 2.800 1.900 1.600 1.600 1.400 2.800 1.800 2.000 2.000 1.500 2.800 2.300 2.300 1.600 28/01/2010
3.100 3.100 3.100 4.300 4.400 3.100 3.100 3.100 4.600 4.400 3.100 3.100 4.600 4.600 4.500 4.000 3.700 4.600 4.600 4.600 4.000 3.700 4.600 4.600 4.600 4.000 3.700 4.500 4.500 4.600 29/01/2010
2.800 2.600 2.500 1.600 0.600 2.200 1.900 2.200 2.000 0.800 2.300 2.300 2.200 1.900 1.000 2.600 2.600 2.100 1.800 1.800 2.700 2.600 2.000 2.300 2.300 2.700 2.600 2.600 2.500 1.800 30/01/2010
0.000 0.000 0.000 0.000 0.000 0.000 0.000 0.000 0.000 0.000 0.000 0.000 0.000 0.000 0.000 0.000 0.000 0.000 0.000 0.000 0.000 0.000 0.000 0.000 0.000 0.000 0.000 0.000 0.000 0.000 31/01/2010
0.000 0.000 0.000 0.000 0.000 0.000 0.000 0.000 0.000 0.000 0.000 0.000 0.000 0.000 0.000 0.000 0.000 0.000 0.000 0.000 0.000 0.000 0.000 0.100 0.100 0.000 0.000 0.100 0.100 0.000 01/02/2010
0.200 0.200 0.200 0.000 0.000 0.200 0.200 0.200 0.000 0.000 0.200 0.200 0.000 0.000 0.000 0.200 0.000 0.000 0.000 0.000 0.200 0.000 0.000 0.000 0.000 0.200 0.000 0.000 0.000 0.000 02/02/2010
0.000 0.000 0.000 0.000 0.000 0.000 0.000 0.000 0.100 0.000 0.000 0.000 0.100 0.100 0.000 0.000 0.000 0.100 0.100 0.100 0.000 0.000 0.100 0.100 0.100 0.000 0.000 0.100 0.100 0.100 03/02/2010
9.900 9.900 10.000 8.400 12.800 10.100 10.200 10.100 12.100 12.700 10.000 10.000 12.000 12.200 12.600 9.200 9.900 12.100 12.200 12.200 9.100 9.900 12.100 12.000 12.000 9.000 9.900 11.900 11.900 12.200 04/02/2010
15.700 15.800 15.900 12.600 21.200 16.000 16.200 16.000 19.600 21.100 16.000 16.000 19.600 19.700 20.900 18.100 16.600 19.600 19.800 19.800 18.000 16.600 19.700 19.500 19.500 17.700 16.500 19.300 19.400 19.800 05/02/2010
6.800 6.900 6.900 3.900 6.800 6.900 7.000 6.900 5.400 6.700 6.900 6.900 5.400 5.400 6.700 7.700 7.000 5.400 5.400 5.400 7.600 7.000 5.400 5.400 5.400 7.500 7.000 5.300 5.300 5.400 06/02/2010
0.000 0.000 0.000 0.000 0.000 0.000 0.000 0.000 0.100 0.000 0.000 0.000 0.100 0.100 0.000 0.000 0.000 0.100 0.100 0.100 0.000 0.000 0.100 0.100 0.100 0.000 0.000 0.100 0.100 0.100 07/02/2010
0.000 0.000 0.000 0.000 0.000 0.000 0.000 0.000 0.000 0.000 0.000 0.000 0.000 0.000 0.000 0.000 0.000 0.000 0.000 0.000 0.000 0.000 0.000 0.000 0.000 0.000 0.000 0.000 0.000 0.000 08/02/2010
0.600 0.500 0.500 0.100 0.000 0.400 0.400 0.400 0.000 0.000 0.500 0.500 0.000 0.000 0.000 0.200 0.100 0.000 0.000 0.000 0.200 0.100 0.000 0.100 0.100 0.300 0.100 0.100 0.100 0.000 09/02/2010
0.000 0.000 0.000 0.000 0.000 0.000 0.000 0.000 0.000 0.000 0.000 0.000 0.000 0.000 0.000 0.000 0.000 0.000 0.000 0.000 0.000 0.000 0.000 0.000 0.000 0.000 0.000 0.000 0.000 0.000 10/02/2010
0.000 0.000 0.000 0.000 0.000 0.000 0.000 0.000 0.000 0.000 0.000 0.000 0.000 0.000 0.000 0.000 0.000 0.000 0.000 0.000 0.000 0.000 0.000 0.000 0.000 0.000 0.000 0.000 0.000 0.000 11/02/2010
0.000 0.000 0.000 0.000 0.000 0.000 0.000 0.000 0.000 0.000 0.000 0.000 0.000 0.000 0.000 0.000 0.000 0.000 0.000 0.000 0.000 0.000 0.000 0.000 0.000 0.000 0.000 0.000 0.000 0.000 12/02/2010
0.000 0.000 0.000 0.000 0.000 0.000 0.000 0.000 0.000 0.000 0.000 0.000 0.000 0.000 0.000 0.000 0.000 0.000 0.000 0.000 0.000 0.000 0.000 0.000 0.000 0.000 0.000 0.000 0.000 0.000 13/02/2010
0.000 0.000 0.000 0.000 0.000 0.000 0.000 0.000 0.000 0.000 0.000 0.000 0.000 0.000 0.000 0.000 0.000 0.000 0.000 0.000 0.000 0.000 0.000 0.000 0.000 0.000 0.000 0.000 0.000 0.000 14/02/2010
0.000 0.000 0.000 0.000 0.000 0.000 0.000 0.000 0.000 0.000 0.000 0.000 0.000 0.000 0.000 0.000 0.000 0.000 0.000 0.000 0.000 0.000 0.000 0.000 0.000 0.000 0.000 0.000 0.000 0.000 15/02/2010
2.400 2.400 2.400 1.900 2.700 2.400 2.400 2.400 2.100 2.700 2.400 2.400 2.100 2.200 2.700 1.800 1.800 2.100 2.200 2.200 1.800 1.800 2.100 2.100 2.100 1.700 1.800 2.100 2.100 2.200 16/02/2010
2.300 2.300 2.300 3.100 7.200 2.300 2.400 2.300 6.900 7.200 2.300 2.300 6.900 7.000 7.100 2.600 6.000 6.900 7.000 7.000 2.600 6.000 6.900 6.900 6.900 2.500 5.900 6.800 6.800 7.000 17/02/2010
2.500 2.500 2.600 4.100 0.900 2.600 2.600 2.600 0.600 0.900 2.600 2.600 0.600 0.600 0.900 0.500 0.900 0.600 0.600 0.600 0.500 0.900 0.600 0.600 0.600 0.500 0.900 0.600 0.600 0.600 18/02/2010
0.100 0.100 0.100 0.000 0.000 0.100 0.100 0.100 0.100 0.000 0.100 0.100 0.100 0.100 0.000 1.200 0.200 0.100 0.100 0.100 1.200 0.200 0.100 0.100 0.100 1.100 0.200 0.100 0.100 0.100 19/02/2010
2.000 2.000 2.000 1.900 1.800 2.000 2.000 2.000 1.100 1.800 2.000 2.000 1.100 1.100 1.800 2.000 1.700 1.100 1.100 1.100 2.000 1.700 1.100 1.100 1.100 1.900 1.700 1.100 1.100 1.100 20/02/2010
1.000 1.100 1.100 1.600 1.500 1.100 1.100 1.100 1.400 1.500 1.100 1.100 1.400 1.400 1.500 0.700 1.600 1.400 1.400 1.400 0.700 1.600 1.400 1.400 1.400 0.600 1.500 1.400 1.400 1.400 21/02/2010
2.700 2.800 2.800 3.300 5.600 2.800 2.800 2.800 5.300 5.500 2.800 2.800 5.200 5.300 5.500 3.500 3.800 5.200 5.300 5.300 3.500 3.800 5.300 5.200 5.200 3.500 3.800 5.200 5.200 5.300 22/02/2010
0.400 0.400 0.400 2.200 2.800 0.400 0.400 0.400 2.400 2.800 0.400 0.400 2.400 2.400 2.800 1.000 0.100 2.400 2.400 2.400 1.000 0.100 2.400 2.400 2.400 1.000 0.100 2.400 2.400 2.400 23/02/2010
3.200 3.200 3.200 6.200 4.000 3.300 3.300 3.300 3.300 4.000 3.300 3.200 3.300 3.300 3.900 2.300 3.100 3.300 3.300 3.300 2.300 3.100 3.300 3.300 3.300 2.200 3.000 3.300 3.300 3.300 24/02/2010
15.300 15.400 15.500 19.400 11.500 15.600 15.800 15.600 11.100 11.400 15.600 15.600 11.000 11.100 11.300 10.800 6.100 11.100 11.200 11.200 10.700 6.100 11.100 11.000 11.000 10.500 6.100 10.900 10.900 11.200 25/02/2010
1.100 1.100 1.100 0.500 3.100 1.100 1.100 1.100 1.300 3.100 1.100 1.100 1.300 1.300 3.100 1.100 2.300 1.300 1.300 1.300 1.100 2.300 1.300 1.300 1.300 1.100 2.300 1.300 1.300 1.300 26/02/2010
2.000 2.100 2.100 3.700 3.700 2.100 2.100 2.100 3.600 3.700 2.100 2.100 3.600 3.600 3.700 2.000 2.600 3.600 3.700 3.700 2.000 2.600 3.600 3.600 3.600 2.000 2.600 3.600 3.600 3.700 27/02/2010
2.300 2.300 2.300 3.800 3.300 2.300 2.400 2.300 2.000 3.300 2.300 2.300 2.000 2.100 3.300 1.300 3.000 2.000 2.100 2.100 1.300 3.000 2.000 2.000 2.000 1.200 3.000 2.000 2.000 2.100 28/02/2010
1.400 1.400 1.400 2.500 4.300 1.400 1.400 1.400 3.300 4.300 1.400 1.400 3.300 3.300 4.200 1.100 2.700 3.300 3.300 3.300 1.100 2.700 3.300 3.200 3.200 1.100 2.700 3.200 3.200 3.300 01/03/2010
0.000 0.000 0.000 0.200 0.000 0.000 0.000 0.000 0.000 0.000 0.000 0.000 0.000 0.000 0.000 0.000 0.000 0.000 0.000 0.000 0.000 0.000 0.000 0.000 0.000 0.000 0.000 0.000 0.000 0.000 02/03/2010
0.800 0.800 0.800 1.400 3.000 0.800 0.800 0.800 2.200 3.000 0.800 0.800 2.200 2.200 2.900 0.700 1.900 2.200 2.200 2.200 0.700 1.900 2.200 2.200 2.200 0.700 1.900 2.200 2.200 2.200 03/03/2010
0.200 0.200 0.200 0.000 0.100 0.200 0.200 0.200 0.300 0.100 0.200 0.200 0.300 0.300 0.100 0.300 0.000 0.300 0.300 0.300 0.300 0.000 0.300 0.300 0.300 0.300 0.000 0.300 0.300 0.300 04/03/2010
0.000 0.000 0.000 0.000 0.000 0.000 0.000 0.000 0.000 0.000 0.000 0.000 0.000 0.000 0.000 0.000 0.000 0.000 0.000 0.000 0.000 0.000 0.000 0.000 0.000 0.000 0.000 0.000 0.000 0.000 05/03/2010
0.000 0.000 0.000 0.000 0.000 0.000 0.000 0.000 0.000 0.000 0.000 0.000 0.000 0.000 0.000 0.000 0.000 0.000 0.000 0.000 0.000 0.000 0.000 0.000 0.000 0.000 0.000 0.000 0.000 0.000 06/03/2010
0.000 0.000 0.000 0.000 0.000 0.000 0.000 0.000 0.000 0.000 0.000 0.000 0.000 0.000 0.000 0.000 0.000 0.000 0.000 0.000 0.000 0.000 0.000 0.000 0.000 0.000 0.000 0.000 0.000 0.000 07/03/2010
0.000 0.000 0.000 0.000 0.000 0.000 0.000 0.000 0.000 0.000 0.000 0.000 0.000 0.000 0.000 0.000 0.000 0.000 0.000 0.000 0.000 0.000 0.000 0.000 0.000 0.000 0.000 0.000 0.000 0.000 08/03/2010
0.000 0.000 0.000 0.000 0.000 0.000 0.000 0.000 0.000 0.000 0.000 0.000 0.000 0.000 0.000 0.000 0.000 0.000 0.000 0.000 0.000 0.000 0.000 0.000 0.000 0.000 0.000 0.000 0.000 0.000 09/03/2010
0.000 0.000 0.000 0.000 0.000 0.000 0.000 0.000 0.000 0.000 0.000 0.000 0.000 0.000 0.000 0.000 0.000 0.000 0.000 0.000 0.000 0.000 0.000 0.000 0.000 0.000 0.000 0.000 0.000 0.000 10/03/2010
0.000 0.000 0.000 0.000 0.000 0.000 0.000 0.000 0.000 0.000 0.000 0.000 0.000 0.000 0.000 0.000 0.000 0.000 0.000 0.000 0.000 0.000 0.000 0.000 0.000 0.000 0.000 0.000 0.000 0.000 11/03/2010
0.000 0.000 0.000 0.000 0.000 0.000 0.000 0.000 0.000 0.000 0.000 0.000 0.000 0.000 0.000 0.000 0.000 0.000 0.000 0.000 0.000 0.000 0.000 0.000 0.000 0.000 0.000 0.000 0.000 0.000 12/03/2010
0.000 0.000 0.000 0.000 0.000 0.000 0.000 0.000 0.000 0.000 0.000 0.000 0.000 0.000 0.000 0.000 0.000 0.000 0.000 0.000 0.000 0.000 0.000 0.000 0.000 0.000 0.000 0.000 0.000 0.000 13/03/2010
0.000 0.000 0.000 0.000 0.000 0.000 0.000 0.000 0.000 0.000 0.000 0.000 0.000 0.000 0.000 0.000 0.000 0.000 0.000 0.000 0.000 0.000 0.000 0.000 0.000 0.000 0.000 0.000 0.000 0.000 14/03/2010
0.000 0.000 0.000 0.000 0.000 0.000 0.000 0.000 0.000 0.000 0.000 0.000 0.000 0.000 0.000 0.000 0.000 0.000 0.000 0.000 0.000 0.000 0.000 0.000 0.000 0.000 0.000 0.000 0.000 0.000 15/03/2010
0.000 0.000 0.000 0.000 0.000 0.000 0.000 0.000 0.000 0.000 0.000 0.000 0.000 0.000 0.000 0.000 0.000 0.000 0.000 0.000 0.000 0.000 0.000 0.000 0.000 0.000 0.000 0.000 0.000 0.000 16/03/2010
0.000 0.000 0.000 0.000 0.000 0.000 0.000 0.000 0.000 0.000 0.000 0.000 0.000 0.000 0.000 0.000 0.000 0.000 0.000 0.000 0.000 0.000 0.000 0.000 0.000 0.000 0.000 0.000 0.000 0.000 17/03/2010
0.000 0.000 0.000 0.000 0.000 0.000 0.000 0.000 0.000 0.000 0.000 0.000 0.000 0.000 0.000 0.000 0.000 0.000 0.000 0.000 0.000 0.000 0.000 0.000 0.000 0.000 0.000 0.000 0.000 0.000 18/03/2010
2.600 2.600 2.700 3.200 4.800 2.700 2.700 2.700 2.400 4.800 2.700 2.700 2.400 2.500 4.800 1.700 3.300 2.400 2.500 2.500 1.700 3.300 2.500 2.400 2.400 1.700 3.300 2.400 2.400 2.500 19/03/2010
3.000 3.000 3.000 3.300 1.700 3.100 3.100 3.100 1.800 1.700 3.100 3.000 1.800 1.800 1.600 2.600 1.700 1.800 1.900 1.900 2.600 1.700 1.800 1.800 1.800 2.600 1.700 1.800 1.800 1.900 20/03/2010
0.000 0.000 0.000 0.000 0.100 0.000 0.000 0.000 0.000 0.100 0.000 0.000 0.000 0.000 0.100 0.100 0.000 0.000 0.000 0.000 0.100 0.000 0.000 0.000 0.000 0.100 0.000 0.000 0.000 0.000 21/03/2010
0.000 0.000 0.000 0.000 0.000 0.000 0.000 0.000 0.000 0.000 0.000 0.000 0.000 0.000 0.000 0.000 0.000 0.000 0.000 0.000 0.000 0.000 0.000 0.000 0.000 0.000 0.000 0.000 0.000 0.000 22/03/2010
0.100 0.100 0.100 0.000 0.000 0.100 0.100 0.100 0.000 0.000 0.100 0.100 0.000 0.000 0.000 0.200 0.000 0.000 0.000 0.000 0.200 0.000 0.000 0.000 0.000 0.200 0.000 0.000 0.000 0.000 23/03/2010
2.200 2.200 2.200 1.400 3.800 2.200 2.300 2.200 3.300 3.800 2.200 2.200 3.300 3.300 3.800 5.800 3.500 3.300 3.300 3.300 5.800 3.500 3.300 3.300 3.300 5.700 3.500 3.300 3.300 3.300 24/03/2010
13.000 13.100 13.200 13.800 25.800 13.300 13.400 13.300 17.600 25.700 13.200 13.200 17.500 17.600 25.500 12.100 14.500 17.500 17.700 17.700 12.000 14.500 17.600 17.400 17.400 11.800 14.400 17.300 17.300 17.700 25/03/2010
9.200 9.200 9.300 8.200 9.000 9.300 9.400 9.300 12.800 9.000 9.300 9.300 12.700 12.800 8.900 13.100 10.300 12.700 12.900 12.900 13.000 10.300 12.800 12.700 12.700 12.800 10.300 12.500 12.600 12.900 26/03/2010
3.800 3.800 3.800 6.700 13.600 3.900 3.900 3.900 10.100 13.500 3.900 3.900 10.100 10.200 13.400 6.400 12.400 10.100 10.200 10.200 6.300 12.500 10.100 10.000 10.000 6.300 12.400 9.900 10.000 10.200 27/03/2010
2.300 2.300 2.300 3.300 1.600 2.300 2.300 2.300 1.000 1.600 2.300 2.300 1.000 1.000 1.600 0.800 0.100 1.000 1.000 1.000 0.800 0.100 1.000 1.000 1.000 0.800 0.100 1.000 1.000 1.000 28/03/2010
5.700 5.700 5.800 7.100 12.300 5.800 5.900 5.800 8.700 12.200 5.800 5.800 8.700 8.800 12.100 5.500 9.300 8.700 8.800 8.800 5.400 9.400 8.700 8.700 8.700 5.300 9.300 8.600 8.600 8.800 29/03/2010
6.500 6.500 6.600 4.400 7.200 6.600 6.700 6.600 8.500 7.200 6.600 6.600 8.500 8.600 7.100 8.700 7.100 8.500 8.600 8.600 8.700 7.100 8.500 8.500 8.500 8.600 7.000 8.400 8.400 8.600 30/03/2010
9.200 9.300 9.300 8.200 9.300 9.400 9.500 9.400 9.600 9.200 9.400 9.400 9.600 9.700 9.200 10.500 9.100 9.600 9.700 9.700 10.400 9.100 9.600 9.600 9.600 10.300 9.000 9.500 9.500 9.700 31/03/2010
2.900 2.900 2.900 3.100 1.100 3.000 3.000 3.000 1.400 1.100 3.000 3.000 1.400 1.400 1.100 0.400 1.300 1.400 1.400 1.400 0.400 1.300 1.400 1.400 1.400 0.400 1.300 1.300 1.400 1.400 01/04/2010
2.300 2.300 2.300 2.700 10.400 2.300 2.300 2.300 8.500 10.400 2.300 2.300 8.400 8.500 10.300 2.900 10.700 8.500 8.500 8.500 2.900 10.700 8.500 8.400 8.400 2.900 10.600 8.300 8.300 8.500 02/04/2010
4.500 4.500 4.500 5.900 12.200 4.500 4.600 4.500 10.900 12.200 4.500 4.500 10.800 10.900 12.100 6.100 6.700 10.800 11.000 11.000 6.000 6.700 10.900 10.800 10.800 5.900 6.700 10.700 10.700 11.000 03/04/2010
1.500 1.500 1.500 2.000 1.900 1.500 1.500 1.500 2.400 1.900 1.500 1.500 2.400 2.400 2.000 1.600 0.900 2.400 2.400 2.400 1.600 0.900 2.400 2.400 2.400 1.600 0.900 2.400 2.400 2.400 04/04/2010
0.000 0.000 0.000 0.000 0.000 0.000 0.000 0.000 0.000 0.000 0.000 0.000 0.000 0.000 0.000 0.000 0.000 0.000 0.000 0.000 0.000 0.000 0.000 0.000 0.000 0.000 0.000 0.000 0.000 0.000 05/04/2010
0.100 0.100 0.100 0.000 0.000 0.100 0.100 0.100 0.000 0.000 0.100 0.100 0.000 0.000 0.000 0.000 0.000 0.000 0.000 0.000 0.000 0.000 0.000 0.000 0.000 0.000 0.000 0.000 0.000 0.000 06/04/2010
0.600 0.600 0.600 1.100 4.000 0.600 0.600 0.600 2.600 4.000 0.600 0.600 2.600 2.600 3.900 1.700 3.100 2.600 2.600 2.600 1.700 3.100 2.600 2.600 2.600 1.600 3.100 2.600 2.600 2.600 07/04/2010
0.000 0.000 0.000 0.000 0.000 0.000 0.000 0.000 0.000 0.000 0.000 0.000 0.000 0.000 0.000 0.000 0.000 0.000 0.000 0.000 0.000 0.000 0.000 0.000 0.000 0.000 0.000 0.000 0.000 0.000 08/04/2010
0.000 0.000 0.000 0.000 0.000 0.000 0.000 0.000 0.000 0.000 0.000 0.000 0.000 0.000 0.000 0.000 0.000 0.000 0.000 0.000 0.000 0.000 0.000 0.000 0.000 0.000 0.000 0.000 0.000 0.000 09/04/2010
0.000 0.000 0.000 0.000 0.000 0.000 0.000 0.000 0.000 0.000 0.000 0.000 0.000 0.000 0.000 0.000 0.000 0.000 0.000 0.000 0.000 0.000 0.000 0.000 0.000 0.000 0.000 0.000 0.000 0.000 10/04/2010
0.000 0.000 0.000 0.000 0.000 0.000 0.000 0.000 0.000 0.000 0.000 0.000 0.000 0.000 0.000 0.000 0.000 0.000 0.000 0.000 0.000 0.000 0.000 0.000 0.000 0.000 0.000 0.000 0.000 0.000 11/04/2010
0.000 0.000 0.000 0.000 0.000 0.000 0.000 0.000 0.000 0.000 0.000 0.000 0.000 0.000 0.000 0.000 0.000 0.000 0.000 0.000 0.000 0.000 0.000 0.000 0.000 0.000 0.000 0.000 0.000 0.000 12/04/2010
0.000 0.000 0.000 0.200 0.000 0.000 0.000 0.000 0.000 0.000 0.000 0.000 0.000 0.000 0.000 0.000 0.000 0.000 0.000 0.000 0.000 0.000 0.000 0.000 0.000 0.000 0.000 0.000 0.000 0.000 13/04/2010
0.000 0.000 0.000 0.200 0.000 0.000 0.000 0.000 0.000 0.000 0.000 0.000 0.000 0.000 0.000 0.000 0.000 0.000 0.000 0.000 0.000 0.000 0.000 0.000 0.000 0.000 0.000 0.000 0.000 0.000 14/04/2010
0.000 0.000 0.000 0.000 0.000 0.000 0.000 0.000 0.000 0.000 0.000 0.000 0.000 0.000 0.000 0.000 0.000 0.000 0.000 0.000 0.000 0.000 0.000 0.000 0.000 0.000 0.000 0.000 0.000 0.000 15/04/2010
0.000 0.000 0.000 0.000 0.000 0.000 0.000 0.000 0.000 0.000 0.000 0.000 0.000 0.000 0.000 0.000 0.000 0.000 0.000 0.000 0.000 0.000 0.000 0.000 0.000 0.000 0.000 0.000 0.000 0.000 16/04/2010
0.000 0.000 0.000 0.000 0.000 0.000 0.000 0.000 0.000 0.000 0.000 0.000 0.000 0.000 0.000 0.000 0.000 0.000 0.000 0.000 0.000 0.000 0.000 0.000 0.000 0.000 0.000 0.000 0.000 0.000 17/04/2010
0.000 0.000 0.000 0.000 0.000 0.000 0.000 0.000 0.000 0.000 0.000 0.000 0.000 0.000 0.000 0.000 0.000 0.000 0.000 0.000 0.000 0.000 0.000 0.000 0.000 0.000 0.000 0.000 0.000 0.000 18/04/2010
1.500 1.500 1.500 0.100 6.400 1.500 1.500 1.500 7.800 6.400 1.500 1.500 7.700 7.800 6.300 0.400 2.200 7.700 7.800 7.800 0.400 2.200 7.800 7.700 7.700 0.400 2.200 7.600 7.600 7.800 19/04/2010
0.000 0.000 0.000 0.000 0.000 0.000 0.000 0.000 0.000 0.000 0.000 0.000 0.000 0.000 0.000 0.000 0.000 0.000 0.000 0.000 0.000 0.000 0.000 0.000 0.000 0.000 0.000 0.000 0.000 0.000 20/04/2010
0.000 0.000 0.000 0.000 0.000 0.000 0.000 0.000 0.000 0.000 0.000 0.000 0.000 0.000 0.000 0.000 0.000 0.000 0.000 0.000 0.000 0.000 0.000 0.000 0.000 0.000 0.000 0.000 0.000 0.000 21/04/2010
1.100 1.100 1.100 0.600 1.500 1.100 1.100 1.100 1.700 1.400 1.100 1.100 1.700 1.700 1.400 1.600 1.500 1.700 1.700 1.700 1.600 1.500 1.700 1.700 1.700 1.600 1.500 1.700 1.700 1.700 22/04/2010
0.300 0.300 0.300 0.300 0.600 0.300 0.300 0.300 0.200 0.600 0.300 0.300 0.200 0.200 0.600 0.100 0.000 0.200 0.200 0.200 0.100 0.000 0.200 0.200 0.200 0.100 0.000 0.200 0.200 0.200 23/04/2010
0.100 0.100 0.100 0.000 0.000 0.100 0.100 0.100 0.000 0.000 0.100 0.100 0.000 0.000 0.000 0.000 0.000 0.000 0.000 0.000 0.000 0.000 0.000 0.000 0.000 0.000 0.000 0.000 0.000 0.000 24/04/2010
0.400 0.400 0.400 0.200 0.000 0.400 0.400 0.400 0.000 0.000 0.400 0.400 0.000 0.000 0.000 0.000 0.000 0.000 0.000 0.000 0.000 0.000 0.000 0.000 0.000 0.000 0.000 0.000 0.000 0.000 25/04/2010
0.100 0.100 0.100 0.000 0.000 0.100 0.100 0.100 0.000 0.000 0.100 0.100 0.000 0.000 0.000 0.000 0.000 0.000 0.000 0.000 0.000 0.000 0.000 0.000 0.000 0.000 0.000 0.000 0.000 0.000 26/04/2010
0.100 0.100 0.100 0.000 0.000 0.100 0.100 0.100 0.000 0.000 0.100 0.100 0.000 0.000 0.000 0.000 0.000 0.000 0.000 0.000 0.000 0.000 0.000 0.000 0.000 0.000 0.000 0.000 0.000 0.000 27/04/2010
0.100 0.100 0.100 0.000 0.000 0.100 0.100 0.100 0.000 0.000 0.100 0.100 0.000 0.000 0.000 0.000 0.000 0.000 0.000 0.000 0.000 0.000 0.000 0.000 0.000 0.000 0.000 0.000 0.000 0.000 28/04/2010
1.000 1.000 1.000 1.200 8.400 1.000 1.100 1.000 5.900 8.300 1.000 1.000 5.800 5.900 8.300 3.100 6.300 5.900 5.900 5.900 3.100 6.300 5.900 5.800 5.800 3.100 6.200 5.800 5.800 5.900 29/04/2010
0.100 0.100 0.100 0.000 1.500 0.100 0.200 0.100 0.900 1.500 0.100 0.100 0.900 0.900 1.500 0.000 0.200 0.900 0.900 0.900 0.000 0.200 0.900 0.900 0.900 0.000 0.200 0.900 0.900 0.900 30/04/2010
1.800 1.800 1.800 0.300 1.100 1.800 1.800 1.800 0.600 1.100 1.800 1.800 0.600 0.600 1.100 0.700 1.000 0.600 0.600 0.600 0.700 1.000 0.600 0.600 0.600 0.600 1.000 0.600 0.600 0.600 01/05/2010
2.200 2.200 2.200 2.100 2.100 2.200 2.300 2.200 1.000 2.100 2.200 2.200 1.000 1.000 2.100 2.400 1.700 1.000 1.000 1.000 2.400 1.700 1.000 1.000 1.000 2.300 1.700 1.000 1.000 1.000 02/05/2010
0.000 0.000 0.000 0.100 0.000 0.000 0.000 0.000 0.000 0.000 0.000 0.000 0.000 0.000 0.000 0.000 0.000 0.000 0.000 0.000 0.000 0.000 0.000 0.000 0.000 0.000 0.000 0.000 0.000 0.000 03/05/2010
7.900 8.000 8.000 10.600 13.100 8.100 8.200 8.100 17.100 13.000 8.100 8.100 17.100 17.200 12.900 14.200 19.000 17.100 17.300 17.300 14.000 19.000 17.200 17.000 17.000 13.900 18.900 16.900 16.900 17.300 04/05/2010
2.200 2.200 2.200 5.500 16.800 2.200 2.300 2.200 19.000 16.700 2.200 2.200 19.000 19.100 16.600 5.500 17.400 19.000 19.200 19.200 5.400 17.400 19.000 18.900 18.900 5.400 17.300 18.700 18.800 19.200 05/05/2010
0.000 0.000 0.000 0.000 0.000 0.000 0.000 0.000 0.000 0.000 0.000 0.000 0.000 0.000 0.000 0.000 0.000 0.000 0.000 0.000 0.000 0.000 0.000 0.000 0.000 0.000 0.000 0.000 0.000 0.000 06/05/2010
2.900 2.900 3.000 1.200 1.200 3.000 3.000 3.000 3.100 1.200 3.000 3.000 3.000 3.100 1.200 2.400 3.300 3.100 3.100 3.100 2.400 3.400 3.100 3.000 3.000 2.400 3.300 3.000 3.000 3.100 07/05/2010
1.400 1.500 1.500 1.900 1.500 1.500 1.500 1.500 3.100 1.500 1.500 1.500 3.100 3.100 1.500 3.300 2.700 3.100 3.100 3.100 3.200 2.700 3.100 3.100 3.100 3.200 2.700 3.100 3.100 3.100 08/05/2010
8.400 8.400 8.500 8.000 7.100 8.500 8.600 8.500 12.000 7.100 8.500 8.500 11.900 12.100 7.000 12.500 7.800 12.000 12.100 12.100 12.400 7.800 12.000 11.900 11.900 12.300 7.700 11.800 11.800 12.100 09/05/2010
0.400 0.400 0.400 0.100 0.600 0.400 0.400 0.400 0.100 0.500 0.400 0.400 0.100 0.100 0.500 0.000 0.000 0.100 0.100 0.100 0.000 0.000 0.100 0.100 0.100 0.000 0.000 0.100 0.100 0.100 10/05/2010
3.200 3.200 3.200 2.200 6.300 3.200 3.200 3.200 4.700 6.300 3.200 3.200 4.700 4.800 6.200 6.000 8.300 4.700 4.800 4.800 6.000 8.300 4.700 4.700 4.700 5.900 8.200 4.700 4.700 4.800 11/05/2010
0.000 0.000 0.000 0.000 0.100 0.000 0.000 0.000 0.000 0.100 0.000 0.000 0.000 0.000 0.100 0.100 0.000 0.000 0.000 0.000 0.100 0.000 0.000 0.000 0.000 0.100 0.000 0.000 0.000 0.000 12/05/2010
0.200 0.200 0.200 0.000 0.000 0.200 0.200 0.200 0.500 0.000 0.200 0.200 0.500 0.500 0.000 0.200 0.100 0.500 0.500 0.500 0.200 0.100 0.500 0.500 0.500 0.200 0.100 0.500 0.500 0.500 13/05/2010
0.000 0.000 0.000 0.000 0.000 0.000 0.000 0.000 0.000 0.000 0.000 0.000 0.000 0.000 0.000 0.000 0.000 0.000 0.000 0.000 0.000 0.000 0.000 0.000 0.000 0.000 0.000 0.000 0.000 0.000 14/05/2010
0.800 0.800 0.800 0.100 0.100 0.800 0.800 0.800 1.700 0.100 0.800 0.800 1.700 1.700 0.100 0.400 0.600 1.700 1.700 1.700 0.400 0.600 1.700 1.700 1.700 0.400 0.600 1.700 1.700 1.700 15/05/2010
0.100 0.100 0.100 0.100 0.000 0.100 0.100 0.100 0.100 0.000 0.100 0.100 0.100 0.100 0.000 0.000 0.000 0.100 0.100 0.100 0.000 0.000 0.100 0.100 0.100 0.000 0.000 0.100 0.100 0.100 16/05/2010
0.000 0.000 0.000 0.800 0.100 0.000 0.000 0.000 0.000 0.100 0.000 0.000 0.000 0.000 0.100 0.000 0.000 0.000 0.000 0.000 0.000 0.000 0.000 0.000 0.000 0.000 0.000 0.000 0.000 0.000 17/05/2010
0.000 0.000 0.000 0.000 0.000 0.000 0.000 0.000 0.000 0.000 0.000 0.000 0.000 0.000 0.000 0.000 0.000 0.000 0.000 0.000 0.000 0.000 0.000 0.000 0.000 0.000 0.000 0.000 0.000 0.000 18/05/2010
0.000 0.000 0.000 0.000 0.000 0.000 0.000 0.000 0.000 0.000 0.000 0.000 0.000 0.000 0.000 0.000 0.000 0.000 0.000 0.000 0.000 0.000 0.000 0.000 0.000 0.000 0.000 0.000 0.000 0.000 19/05/2010
0.400 0.400 0.400 0.000 0.000 0.400 0.400 0.400 0.000 0.000 0.400 0.400 0.000 0.000 0.000 0.000 0.000 0.000 0.000 0.000 0.000 0.000 0.000 0.000 0.000 0.000 0.000 0.000 0.000 0.000 20/05/2010
0.400 0.400 0.400 0.000 0.000 0.400 0.400 0.400 0.000 0.000 0.400 0.400 0.000 0.000 0.000 0.000 0.000 0.000 0.000 0.000 0.000 0.000 0.000 0.000 0.000 0.000 0.000 0.000 0.000 0.000 21/05/2010
0.100 0.100 0.100 0.000 0.000 0.100 0.100 0.100 0.000 0.000 0.100 0.100 0.000 0.000 0.000 0.000 0.000 0.000 0.000 0.000 0.000 0.000 0.000 0.000 0.000 0.000 0.000 0.000 0.000 0.000 22/05/2010
0.400 0.400 0.400 0.000 0.000 0.400 0.400 0.400 0.000 0.000 0.400 0.400 0.000 0.000 0.000 0.000 0.000 0.000 0.000 0.000 0.000 0.000 0.000 0.000 0.000 0.000 0.000 0.000 0.000 0.000 23/05/2010
0.100 0.100 0.100 0.000 0.000 0.100 0.100 0.100 0.000 0.000 0.100 0.100 0.000 0.000 0.000 0.000 0.000 0.000 0.000 0.000 0.000 0.000 0.000 0.000 0.000 0.000 0.000 0.000 0.000 0.000 24/05/2010
1.600 1.600 1.600 2.700 5.800 1.700 1.700 1.700 1.800 5.800 1.700 1.700 1.800 1.800 5.700 0.900 3.400 1.800 1.900 1.900 0.900 3.500 1.800 1.800 1.800 0.900 3.400 1.800 1.800 1.900 25/05/2010
2.400 2.500 2.500 3.500 1.700 2.500 2.500 2.500 0.200 1.700 2.500 2.500 0.200 0.200 1.700 1.000 0.600 0.200 0.200 0.200 0.900 0.600 0.200 0.200 0.200 0.900 0.600 0.200 0.200 0.200 26/05/2010
0.100 0.100 0.100 0.100 0.000 0.100 0.100 0.100 0.000 0.000 0.100 0.100 0.000 0.000 0.000 0.300 0.000 0.000 0.000 0.000 0.300 0.000 0.000 0.000 0.000 0.300 0.000 0.000 0.000 0.000 27/05/2010
0.000 0.000 0.000 0.000 0.000 0.000 0.000 0.000 0.300 0.000 0.000 0.000 0.300 0.300 0.000 0.000 0.000 0.300 0.300 0.300 0.000 0.000 0.300 0.300 0.300 0.000 0.000 0.300 0.300 0.300 28/05/2010
5.000 5.000 5.000 5.900 10.700 5.100 5.100 5.100 6.700 10.600 5.100 5.100 6.700 6.800 10.500 5.400 4.200 6.700 6.800 6.800 5.400 4.200 6.700 6.700 6.700 5.300 4.200 6.600 6.600 6.800 29/05/2010
1.900 1.900 1.900 4.200 7.500 1.900 1.900 1.900 6.200 7.500 1.900 1.900 6.100 6.200 7.500 3.300 3.600 6.200 6.200 6.200 3.300 3.600 6.200 6.100 6.100 3.200 3.500 6.100 6.100 6.200 30/05/2010
3.000 3.000 3.000 6.600 7.100 3.000 3.000 3.000 3.100 7.100 3.000 3.000 3.100 3.100 7.100 0.700 2.300 3.100 3.100 3.100 0.700 2.300 3.100 3.100 3.100 0.700 2.300 3.100 3.100 3.100 31/05/2010
3.300 3.300 3.300 4.400 6.100 3.300 3.400 3.300 6.400 6.100 3.300 3.300 6.400 6.400 6.100 0.300 0.900 6.400 6.400 6.400 0.300 0.900 6.400 6.300 6.300 0.300 0.900 6.300 6.300 6.400 01/06/2010
0.000 0.000 0.000 0.000 0.000 0.000 0.000 0.000 0.000 0.000 0.000 0.000 0.000 0.000 0.000 0.000 0.000 0.000 0.000 0.000 0.000 0.000 0.000 0.000 0.000 0.000 0.000 0.000 0.000 0.000 02/06/2010
0.000 0.000 0.000 0.000 0.000 0.000 0.000 0.000 0.000 0.000 0.000 0.000 0.000 0.000 0.000 0.000 0.000 0.000 0.000 0.000 0.000 0.000 0.000 0.000 0.000 0.000 0.000 0.000 0.000 0.000 03/06/2010
0.000 0.000 0.000 0.000 0.000 0.000 0.000 0.000 0.000 0.000 0.000 0.000 0.000 0.000 0.000 0.000 0.000 0.000 0.000 0.000 0.000 0.000 0.000 0.000 0.000 0.000 0.000 0.000 0.000 0.000 04/06/2010
0.100 0.100 0.100 0.000 0.000 0.100 0.100 0.100 0.000 0.000 0.100 0.100 0.000 0.000 0.000 1.300 0.200 0.000 0.000 0.000 1.200 0.200 0.000 0.000 0.000 1.200 0.200 0.000 0.000 0.000 05/06/2010
4.000 4.000 4.000 4.800 7.000 4.100 4.100 4.100 3.800 7.000 4.100 4.100 3.800 3.800 6.900 2.000 4.200 3.800 3.900 3.900 2.000 4.200 3.800 3.800 3.800 1.900 4.100 3.800 3.800 3.900 06/06/2010
0.000 0.000 0.000 0.000 11.800 0.000 0.000 0.000 5.600 11.700 0.000 0.000 5.500 5.600 11.600 0.100 5.500 5.600 5.600 5.600 0.100 5.500 5.600 5.500 5.500 0.100 5.500 5.500 5.500 5.600 07/06/2010
10.500 10.500 10.600 10.400 17.900 10.700 10.800 10.700 13.600 17.900 10.600 10.600 13.600 13.700 17.700 11.500 10.500 13.600 13.700 13.700 11.400 10.500 13.600 13.500 13.500 11.300 10.500 13.400 13.400 13.700 08/06/2010
2.300 2.300 2.400 18.200 5.800 2.400 2.400 2.400 0.900 5.800 2.400 2.400 0.900 0.900 5.700 0.800 1.600 0.900 0.900 0.900 0.800 1.600 0.900 0.900 0.900 0.700 1.600 0.900 0.900 0.900 09/06/2010
1.900 2.000 2.000 8.600 21.800 2.000 2.000 2.000 0.600 21.600 2.000 2.000 0.600 0.600 21.500 3.300 1.200 0.600 0.600 0.600 3.300 1.200 0.600 0.600 0.600 3.200 1.200 0.600 0.600 0.600 10/06/2010
0.200 0.200 0.200 4.100 7.900 0.200 0.200 0.200 0.900 7.900 0.200 0.200 0.900 0.900 7.800 0.200 0.100 0.900 0.900 0.900 0.200 0.100 0.900 0.900 0.900 0.200 0.100 0.900 0.900 0.900 11/06/2010
0.200 0.200 0.200 0.000 0.000 0.200 0.200 0.200 0.000 0.000 0.200 0.200 0.000 0.000 0.000 0.000 0.000 0.000 0.000 0.000 0.000 0.000 0.000 0.000 0.000 0.000 0.000 0.000 0.000 0.000 12/06/2010
0.000 0.000 0.000 0.000 0.000 0.000 0.000 0.000 0.000 0.000 0.000 0.000 0.000 0.000 0.000 0.000 0.000 0.000 0.000 0.000 0.000 0.000 0.000 0.000 0.000 0.000 0.000 0.000 0.000 0.000 13/06/2010
5.200 5.300 5.300 2.000 5.400 5.300 5.400 5.300 6.900 5.400 5.300 5.300 6.900 7.000 5.400 3.800 5.200 6.900 7.000 7.000 3.800 5.200 6.900 6.900 6.900 3.700 5.200 6.800 6.800 7.000 14/06/2010
30.000 30.200 30.300 26.000 28.400 30.600 30.900 30.600 35.300 28.200 30.500 30.500 35.100 35.400 28.000 31.100 21.200 35.200 35.600 35.500 30.800 21.300 35.300 35.000 35.000 30.400 21.100 34.700 34.800 35.600 15/06/2010
13.600 13.700 13.800 14.200 19.100 13.900 14.000 13.900 24.500 19.000 13.800 13.800 24.400 24.700 18.800 28.000 18.400 24.500 24.800 24.700 27.800 18.500 24.600 24.400 24.400 27.400 18.300 24.100 24.200 24.800 16/06/2010
0.000 0.000 0.000 0.400 1.700 0.000 0.000 0.000 0.000 1.700 0.000 0.000 0.000 0.000 1.700 1.000 0.300 0.000 0.000 0.000 1.000 0.300 0.000 0.000 0.000 0.900 0.300 0.000 0.000 0.000 17/06/2010
0.300 0.300 0.300 0.100 0.100 0.300 0.300 0.300 0.100 0.100 0.300 0.300 0.100 0.100 0.100 0.500 0.200 0.100 0.100 0.100 0.500 0.200 0.100 0.100 0.100 0.500 0.200 0.100 0.100 0.100 18/06/2010
2.100 2.200 2.200 1.300 5.800 2.200 2.200 2.200 10.800 5.800 2.200 2.200 10.800 10.900 5.700 2.800 2.900 10.800 10.900 10.900 2.800 2.900 10.800 10.700 10.700 2.800 2.900 10.600 10.700 10.900 19/06/2010
0.000 0.000 0.000 0.000 0.000 0.000 0.000 0.000 0.000 0.000 0.000 0.000 0.000 0.000 0.000 0.000 0.000 0.000 0.000 0.000 0.000 0.000 0.000 0.000 0.000 0.000 0.000 0.000 0.000 0.000 20/06/2010
0.000 0.000 0.000 0.000 0.000 0.000 0.000 0.000 0.000 0.000 0.000 0.000 0.000 0.000 0.000 0.000 0.000 0.000 0.000 0.000 0.000 0.000 0.000 0.000 0.000 0.000 0.000 0.000 0.000 0.000 21/06/2010
0.000 0.000 0.000 0.000 0.000 0.000 0.000 0.000 0.000 0.000 0.000 0.000 0.000 0.000 0.000 0.000 0.000 0.000 0.000 0.000 0.000 0.000 0.000 0.000 0.000 0.000 0.000 0.000 0.000 0.000 22/06/2010
0.000 0.000 0.000 0.000 0.000 0.000 0.000 0.000 0.000 0.000 0.000 0.000 0.000 0.000 0.000 0.000 0.000 0.000 0.000 0.000 0.000 0.000 0.000 0.000 0.000 0.000 0.000 0.000 0.000 0.000 23/06/2010
0.000 0.000 0.000 0.000 0.000 0.000 0.000 0.000 0.000 0.000 0.000 0.000 0.000 0.000 0.000 0.000 0.000 0.000 0.000 0.000 0.000 0.000 0.000 0.000 0.000 0.000 0.000 0.000 0.000 0.000 24/06/2010
0.000 0.000 0.000 0.000 0.000 0.000 0.000 0.000 0.000 0.000 0.000 0.000 0.000 0.000 0.000 0.000 0.000 0.000 0.000 0.000 0.000 0.000 0.000 0.000 0.000 0.000 0.000 0.000 0.000 0.000 25/06/2010
0.000 0.000 0.000 0.000 0.000 0.000 0.000 0.000 0.000 0.000 0.000 0.000 0.000 0.000 0.000 0.000 0.000 0.000 0.000 0.000 0.000 0.000 0.000 0.000 0.000 0.000 0.000 0.000 0.000 0.000 26/06/2010
0.000 0.000 0.000 0.000 0.000 0.000 0.000 0.000 0.000 0.000 0.000 0.000 0.000 0.000 0.000 0.000 0.000 0.000 0.000 0.000 0.000 0.000 0.000 0.000 0.000 0.000 0.000 0.000 0.000 0.000 27/06/2010
11.800 11.800 11.900 22.200 9.200 12.000 12.100 12.000 66.100 9.100 12.000 12.000 65.900 66.500 9.100 0.500 0.800 66.000 66.700 66.600 0.400 0.800 66.200 65.700 65.700 0.400 0.800 65.000 65.200 66.700 28/06/2010
0.000 0.000 0.000 0.000 0.100 0.000 0.000 0.000 0.000 0.100 0.000 0.000 0.000 0.000 0.100 0.000 0.000 0.000 0.000 0.000 0.000 0.000 0.000 0.000 0.000 0.000 0.000 0.000 0.000 0.000 29/06/2010
0.000 0.000 0.000 0.000 0.000 0.000 0.000 0.000 0.000 0.000 0.000 0.000 0.000 0.000 0.000 0.000 0.000 0.000 0.000 0.000 0.000 0.000 0.000 0.000 0.000 0.000 0.000 0.000 0.000 0.000 30/06/2010
0.000 0.000 0.000 0.000 0.000 0.000 0.000 0.000 0.000 0.000 0.000 0.000 0.000 0.000 0.000 0.000 0.000 0.000 0.000 0.000 0.000 0.000 0.000 0.000 0.000 0.000 0.000 0.000 0.000 0.000 01/07/2010
1.800 1.800 1.800 1.400 1.900 1.800 1.800 1.800 2.300 1.900 1.800 1.800 2.300 2.300 1.900 1.900 3.100 2.300 2.300 2.300 1.900 3.100 2.300 2.300 2.300 1.900 3.100 2.300 2.300 2.300 02/07/2010
0.000 0.000 0.000 0.000 0.000 0.000 0.000 0.000 0.100 0.000 0.000 0.000 0.100 0.100 0.000 0.000 0.000 0.100 0.100 0.100 0.000 0.000 0.100 0.100 0.100 0.000 0.000 0.100 0.100 0.100 03/07/2010
0.000 0.000 0.000 0.000 0.000 0.000 0.000 0.000 0.000 0.000 0.000 0.000 0.000 0.000 0.000 0.000 0.000 0.000 0.000 0.000 0.000 0.000 0.000 0.000 0.000 0.000 0.000 0.000 0.000 0.000 04/07/2010
0.000 0.000 0.000 0.000 0.000 0.000 0.000 0.000 0.000 0.000 0.000 0.000 0.000 0.000 0.000 0.000 0.000 0.000 0.000 0.000 0.000 0.000 0.000 0.000 0.000 0.000 0.000 0.000 0.000 0.000 05/07/2010
0.000 0.000 0.000 0.000 0.000 0.000 0.000 0.000 0.000 0.000 0.000 0.000 0.000 0.000 0.000 0.100 0.100 0.000 0.000 0.000 0.100 0.100 0.000 0.000 0.000 0.100 0.100 0.000 0.000 0.000 06/07/2010
0.000 0.000 0.000 0.000 0.000 0.000 0.000 0.000 0.000 0.000 0.000 0.000 0.000 0.000 0.000 0.000 0.000 0.000 0.000 0.000 0.000 0.000 0.000 0.000 0.000 0.000 0.000 0.000 0.000 0.000 07/07/2010
0.000 0.000 0.000 0.000 0.000 0.000 0.000 0.000 0.000 0.000 0.000 0.000 0.000 0.000 0.000 0.000 0.000 0.000 0.000 0.000 0.000 0.000 0.000 0.000 0.000 0.000 0.000 0.000 0.000 0.000 08/07/2010
0.000 0.000 0.000 0.100 0.300 0.000 0.000 0.000 0.000 0.300 0.000 0.000 0.000 0.000 0.300 0.300 0.000 0.000 0.000 0.000 0.300 0.000 0.000 0.000 0.000 0.300 0.000 0.000 0.000 0.000 09/07/2010
0.000 0.000 0.000 0.000 0.000 0.000 0.000 0.000 0.000 0.000 0.000 0.000 0.000 0.000 0.000 0.000 0.000 0.000 0.000 0.000 0.000 0.000 0.000 0.000 0.000 0.000 0.000 0.000 0.000 0.000 10/07/2010
10.100 10.200 10.200 15.100 2.300 10.300 10.400 10.300 8.000 2.300 10.300 10.300 7.900 8.000 2.300 3.400 6.100 7.900 8.000 8.000 3.300 6.100 8.000 7.900 7.900 3.300 6.000 7.800 7.800 8.000 11/07/2010
0.700 0.700 0.700 0.800 0.800 0.700 0.700 0.700 0.200 0.800 0.700 0.700 0.200 0.200 0.800 0.200 0.000 0.200 0.200 0.200 0.200 0.000 0.200 0.200 0.200 0.200 0.000 0.200 0.200 0.200 12/07/2010
0.000 0.000 0.000 0.000 0.000 0.000 0.000 0.000 0.000 0.000 0.000 0.000 0.000 0.000 0.000 0.000 0.000 0.000 0.000 0.000 0.000 0.000 0.000 0.000 0.000 0.000 0.000 0.000 0.000 0.000 13/07/2010
1.200 1.200 1.200 1.400 0.600 1.200 1.200 1.200 0.200 0.600 1.200 1.200 0.200 0.200 0.600 0.100 0.000 0.200 0.200 0.200 0.100 0.000 0.200 0.200 0.200 0.100 0.000 0.200 0.200 0.200 14/07/2010
0.000 0.000 0.000 0.000 0.000 0.000 0.000 0.000 0.000 0.000 0.000 0.000 0.000 0.000 0.000 0.000 0.000 0.000 0.000 0.000 0.000 0.000 0.000 0.000 0.000 0.000 0.000 0.000 0.000 0.000 15/07/2010
0.000 0.000 0.000 0.000 0.000 0.000 0.000 0.000 0.000 0.000 0.000 0.000 0.000 0.000 0.000 0.000 0.000 0.000 0.000 0.000 0.000 0.000 0.000 0.000 0.000 0.000 0.000 0.000 0.000 0.000 16/07/2010
0.000 0.000 0.000 0.000 0.000 0.000 0.000 0.000 0.000 0.000 0.000 0.000 0.000 0.000 0.000 0.000 0.000 0.000 0.000 0.000 0.000 0.000 0.000 0.000 0.000 0.000 0.000 0.000 0.000 0.000 17/07/2010
0.000 0.000 0.000 0.000 0.000 0.000 0.000 0.000 0.000 0.000 0.000 0.000 0.000 0.000 0.000 0.000 0.000 0.000 0.000 0.000 0.000 0.000 0.000 0.000 0.000 0.000 0.000 0.000 0.000 0.000 18/07/2010
0.000 0.000 0.000 0.000 0.000 0.000 0.000 0.000 0.000 0.000 0.000 0.000 0.000 0.000 0.000 0.000 0.000 0.000 0.000 0.000 0.000 0.000 0.000 0.000 0.000 0.000 0.000 0.000 0.000 0.000 19/07/2010
0.100 0.100 0.100 0.100 2.400 0.100 0.100 0.100 1.200 2.400 0.100 0.100 1.200 1.200 2.300 0.400 8.600 1.200 1.200 1.200 0.400 8.600 1.200 1.200 1.200 0.400 8.500 1.200 1.200 1.200 20/07/2010
5.000 5.100 5.100 12.100 14.200 5.100 5.100 5.100 13.900 14.100 5.100 5.100 13.900 14.000 14.000 13.100 15.200 13.900 14.000 14.000 13.000 15.200 13.900 13.800 13.800 12.800 15.100 13.700 13.700 14.000 21/07/2010
1.100 1.100 1.100 0.200 0.900 1.100 1.100 1.100 0.500 0.900 1.100 1.100 0.500 0.500 0.900 0.500 0.000 0.500 0.500 0.500 0.500 0.000 0.500 0.500 0.500 0.500 0.000 0.500 0.500 0.500 22/07/2010
0.900 0.900 0.900 0.700 2.700 0.900 0.900 0.900 1.000 2.700 0.900 0.900 1.000 1.000 2.700 2.000 1.000 1.000 1.000 1.000 1.900 1.000 1.000 1.000 1.000 1.900 1.000 1.000 1.000 1.000 23/07/2010
0.000 0.000 0.000 0.000 0.000 0.000 0.000 0.000 0.000 0.000 0.000 0.000 0.000 0.000 0.000 0.000 0.000 0.000 0.000 0.000 0.000 0.000 0.000 0.000 0.000 0.000 0.000 0.000 0.000 0.000 24/07/2010
1.200 1.200 1.200 0.900 1.500 1.200 1.200 1.200 2.400 1.500 1.200 1.200 2.400 2.400 1.500 0.200 0.400 2.400 2.400 2.400 0.200 0.400 2.400 2.400 2.400 0.200 0.400 2.400 2.400 2.400 25/07/2010
0.000 0.000 0.000 0.000 0.000 0.000 0.000 0.000 0.000 0.000 0.000 0.000 0.000 0.000 0.000 0.000 0.000 0.000 0.000 0.000 0.000 0.000 0.000 0.000 0.000 0.000 0.000 0.000 0.000 0.000 26/07/2010
0.000 0.000 0.000 0.000 0.000 0.000 0.000 0.000 0.000 0.000 0.000 0.000 0.000 0.000 0.000 0.000 0.000 0.000 0.000 0.000 0.000 0.000 0.000 0.000 0.000 0.000 0.000 0.000 0.000 0.000 27/07/2010
0.000 0.000 0.000 0.000 0.000 0.000 0.000 0.000 0.000 0.000 0.000 0.000 0.000 0.000 0.000 0.000 0.000 0.000 0.000 0.000 0.000 0.000 0.000 0.000 0.000 0.000 0.000 0.000 0.000 0.000 28/07/2010
0.000 0.000 0.000 0.000 0.000 0.000 0.000 0.000 0.000 0.000 0.000 0.000 0.000 0.000 0.000 0.000 0.000 0.000 0.000 0.000 0.000 0.000 0.000 0.000 0.000 0.000 0.000 0.000 0.000 0.000 29/07/2010
0.000 0.000 0.000 0.000 0.000 0.000 0.000 0.000 0.000 0.000 0.000 0.000 0.000 0.000 0.000 0.000 0.000 0.000 0.000 0.000 0.000 0.000 0.000 0.000 0.000 0.000 0.000 0.000 0.000 0.000 30/07/2010
0.000 0.000 0.000 0.000 0.000 0.000 0.000 0.000 0.000 0.000 0.000 0.000 0.000 0.000 0.000 0.000 0.000 0.000 0.000 0.000 0.000 0.000 0.000 0.000 0.000 0.000 0.000 0.000 0.000 0.000 31/07/2010
