# 6448 6449 6450 6451 6452 6528 6529 6530 6531 6532 6610 6611 6612 6613 6614 6693 6694 6695 6696 6697 6776 6777 6778 6779 6780 6859 6860 6861 6862 6863 Date
0.000 0.000 0.000 0.000 0.000 0.000 0.000 0.000 0.000 0.000 0.000 0.000 0.000 0.000 0.000 0.000 0.000 0.000 0.000 0.000 0.000 0.000 0.000 0.000 0.000 0.000 0.000 0.000 0.000 0.000 01/08/1964
0.000 0.000 0.000 0.000 0.000 0.000 0.000 0.000 0.000 0.000 0.000 0.000 0.000 0.000 0.000 0.000 0.000 0.000 0.000 0.000 0.000 0.000 0.000 0.000 0.000 0.000 0.000 0.000 0.000 0.000 02/08/1964
0.000 0.000 0.000 0.000 0.000 0.000 0.000 0.000 0.000 0.000 0.000 0.000 0.000 0.000 0.000 0.000 0.000 0.000 0.000 0.000 0.000 0.000 0.000 0.000 0.000 0.000 0.000 0.000 0.000 0.000 03/08/1964
0.000 0.000 0.000 0.000 0.000 0.000 0.000 0.000 0.000 0.000 0.000 0.000 0.000 0.000 0.000 0.000 0.000 0.000 0.000 0.000 0.000 0.000 0.000 0.000 0.000 0.000 0.000 0.000 0.000 0.000 04/08/1964
0.000 0.000 0.000 0.000 0.000 0.000 0.000 0.000 0.000 0.000 0.000 0.000 0.000 0.000 0.000 0.000 0.000 0.000 0.000 0.000 0.000 0.000 0.000 0.000 0.000 0.000 0.000 0.000 0.000 0.000 05/08/1964
10.200 10.300 10.300 3.500 0.500 10.400 10.500 10.400 1.400 0.500 10.400 10.400 1.400 1.400 0.500 7.500 0.300 1.400 1.500 1.500 7.400 0.300 1.400 1.400 1.400 7.300 0.300 1.400 1.400 1.500 06/08/1964
4.600 4.600 4.600 2.500 5.900 4.700 4.700 4.700 12.800 5.800 4.600 4.600 12.800 12.900 5.800 1.500 5.500 12.800 12.900 12.900 1.500 5.500 12.800 12.800 12.700 1.500 5.500 12.600 12.700 12.900 07/08/1964
1.500 1.600 1.600 2.400 2.400 1.600 1.600 1.600 2.100 2.300 1.600 1.600 2.100 2.100 2.300 5.300 4.700 2.100 2.100 2.100 5.200 4.700 2.100 2.100 2.100 5.100 4.700 2.100 2.100 2.100 08/08/1964
0.600 0.600 0.600 0.100 1.900 0.600 0.700 0.600 0.100 1.900 0.600 0.600 0.100 0.100 1.800 0.000 3.600 0.100 0.100 0.100 0.000 3.600 0.100 0.100 0.100 0.000 3.500 0.100 0.100 0.100 09/08/1964
0.000 0.000 0.000 0.000 0.000 0.000 0.000 0.000 0.000 0.000 0.000 0.000 0.000 0.000 0.000 0.000 0.000 0.000 0.000 0.000 0.000 0.000 0.000 0.000 0.000 0.000 0.000 0.000 0.000 0.000 10/08/1964
0.000 0.000 0.000 0.000 0.000 0.000 0.000 0.000 0.000 0.000 0.000 0.000 0.000 0.000 0.000 0.000 0.000 0.000 0.000 0.000 0.000 0.000 0.000 0.000 0.000 0.000 0.000 0.000 0.000 0.000 11/08/1964
0.000 0.000 0.000 0.000 0.000 0.000 0.000 0.000 0.000 0.000 0.000 0.000 0.000 0.000 0.000 0.000 0.000 0.000 0.000 0.000 0.000 0.000 0.000 0.000 0.000 0.000 0.000 0.000 0.000 0.000 12/08/1964
0.000 0.000 0.000 0.000 0.000 0.000 0.000 0.000 0.000 0.000 0.000 0.000 0.000 0.000 0.000 0.000 0.000 0.000 0.000 0.000 0.000 0.000 0.000 0.000 0.000 0.000 0.000 0.000 0.000 0.000 13/08/1964
0.200 0.200 0.200 0.600 0.000 0.200 0.200 0.200 0.000 0.000 0.200 0.200 0.000 0.000 0.000 0.000 0.000 0.000 0.000 0.000 0.000 0.000 0.000 0.000 0.000 0.000 0.000 0.000 0.000 0.000 14/08/1964
0.000 0.000 0.000 0.000 0.000 0.000 0.000 0.000 0.000 0.000 0.000 0.000 0.000 0.000 0.000 0.000 0.000 0.000 0.000 0.000 0.000 0.000 0.000 0.000 0.000 0.000 0.000 0.000 0.000 0.000 15/08/1964
0.000 0.000 0.000 0.000 0.000 0.000 0.000 0.000 0.000 0.000 0.000 0.000 0.000 0.000 0.000 0.000 0.000 0.000 0.000 0.000 0.000 0.000 0.000 0.000 0.000 0.000 0.000 0.000 0.000 0.000 16/08/1964
15.200 15.300 15.400 15.200 11.800 15.500 15.600 15.500 9.500 11.700 15.500 15.400 9.500 9.600 11.600 16.600 8.300 9.500 9.600 9.600 16.400 8.300 9.500 9.400 9.400 16.200 8.300 9.400 9.400 9.600 17/08/1964
11.000 11.100 11.100 7.600 17.500 11.200 11.300 11.200 18.100 17.400 11.200 11.200 18.000 18.200 17.300 15.100 12.300 18.000 18.300 18.200 15.000 12.300 18.100 18.000 17.900 14.800 12.200 17.800 17.800 18.300 18/08/1964
0.000 0.000 0.000 0.000 0.200 0.000 0.000 0.000 0.400 0.200 0.000 0.000 0.400 0.400 0.200 0.000 0.700 0.400 0.400 0.400 0.000 0.700 0.400 0.400 0.400 0.000 0.700 0.400 0.400 0.400 19/08/1964
1.300 1.300 1.300 1.500 0.400 1.300 1.300 1.300 1.100 0.400 1.300 1.300 1.100 1.100 0.400 1.600 1.800 1.100 1.100 1.100 1.600 1.800 1.100 1.100 1.100 1.600 1.800 1.100 1.100 1.100 20/08/1964
1.600 1.700 1.700 1.100 8.400 1.700 1.700 1.700 0.000 8.000 1.700 1.700 0.000 0.000 7.400 0.300 0.700 0.000 0.000 0.000 0.200 0.700 0.000 0.000 0.000 0.200 0.700 0.000 0.000 0.000 21/08/1964
3.400 3.400 3.400 1.600 1.200 3.500 3.500 3.500 0.800 1.200 3.500 3.400 0.800 0.800 1.200 1.600 0.000 0.800 0.800 0.800 1.600 0.000 0.800 0.800 0.800 1.600 0.000 0.800 0.800 0.800 22/08/1964
0.000 0.000 0.000 0.000 0.000 0.000 0.000 0.000 0.000 0.000 0.000 0.000 0.000 0.000 0.000 0.000 0.000 0.000 0.000 0.000 0.000 0.000 0.000 0.000 0.000 0.000 0.000 0.000 0.000 0.000 23/08/1964
0.000 0.000 0.000 0.000 0.000 0.000 0.000 0.000 0.000 0.000 0.000 0.000 0.000 0.000 0.000 0.000 0.000 0.000 0.000 0.000 0.000 0.000 0.000 0.000 0.000 0.000 0.000 0.000 0.000 0.000 24/08/1964
0.000 0.000 0.000 0.000 0.000 0.000 0.000 0.000 0.000 0.000 0.000 0.000 0.000 0.000 0.000 0.000 0.000 0.000 0.000 0.000 0.000 0.000 0.000 0.000 0.000 0.000 0.000 0.000 0.000 0.000 25/08/1964
0.000 0.000 0.000 0.000 0.000 0.000 0.000 0.000 0.000 0.000 0.000 0.000 0.000 0.000 0.000 0.000 0.000 0.000 0.000 0.000 0.000 0.000 0.000 0.000 0.000 0.000 0.000 0.000 0.000 0.000 26/08/1964
0.000 0.000 0.000 0.000 0.000 0.000 0.000 0.000 0.000 0.000 0.000 0.000 0.000 0.000 0.000 0.000 0.000 0.000 0.000 0.000 0.000 0.000 0.000 0.000 0.000 0.000 0.000 0.000 0.000 0.000 27/08/1964
6.600 6.700 6.700 4.400 0.500 6.800 6.800 6.800 0.000 0.500 6.700 6.700 0.000 0.000 0.500 2.500 0.800 0.000 0.000 0.000 2.500 0.800 0.000 0.000 0.000 2.400 0.800 0.000 0.000 0.000 28/08/1964
0.300 0.300 0.300 0.100 1.500 0.300 0.300 0.300 1.200 1.500 0.300 0.300 1.200 1.200 1.500 0.100 0.900 1.200 1.200 1.200 0.100 0.900 1.200 1.200 1.200 0.100 0.900 1.200 1.200 1.200 29/08/1964
0.000 0.000 0.000 0.000 0.000 0.000 0.000 0.000 0.000 0.000 0.000 0.000 0.000 0.000 0.000 0.000 0.000 0.000 0.000 0.000 0.000 0.000 0.000 0.000 0.000 0.000 0.000 0.000 0.000 0.000 30/08/1964
0.000 0.000 0.000 0.000 0.000 0.000 0.000 0.000 0.000 0.000 0.000 0.000 0.000 0.000 0.000 0.000 0.000 0.000 0.000 0.000 0.000 0.000 0.000 0.000 0.000 0.000 0.000 0.000 0.000 0.000 31/08/1964
0.000 0.000 0.000 0.000 0.000 0.000 0.000 0.000 0.000 0.000 0.000 0.000 0.000 0.000 0.000 0.000 0.000 0.000 0.000 0.000 0.000 0.000 0.000 0.000 0.000 0.000 0.000 0.000 0.000 0.000 01/09/1964
0.000 0.000 0.000 0.000 0.100 0.000 0.000 0.000 0.900 0.100 0.000 0.000 0.900 0.900 0.100 0.000 0.000 0.900 0.900 0.900 0.000 0.000 0.900 0.900 0.900 0.000 0.000 0.900 0.900 0.900 02/09/1964
18.700 18.800 18.900 9.900 4.400 19.100 19.300 19.100 1.000 4.400 19.100 19.000 1.000 1.000 4.300 5.300 2.000 1.000 1.000 1.000 5.300 2.000 1.000 1.000 1.000 5.200 2.000 1.000 1.000 1.000 03/09/1964
1.800 1.800 1.800 7.000 10.700 1.800 1.800 1.800 6.200 10.700 1.800 1.800 6.200 6.200 10.600 9.100 10.600 6.200 6.300 6.300 9.000 10.700 6.200 6.200 6.200 8.900 10.600 6.100 6.100 6.300 04/09/1964
6.000 6.100 6.100 5.600 2.400 6.200 6.200 6.200 3.700 2.300 6.100 6.100 3.700 3.700 2.200 2.800 4.300 3.700 3.700 3.700 2.700 4.400 3.700 3.600 3.600 2.700 4.300 3.600 3.600 3.700 05/09/1964
4.000 4.000 4.000 3.600 4.100 4.000 4.100 4.000 0.600 4.000 4.000 4.000 0.600 0.600 4.000 4.400 1.700 0.600 0.600 0.600 4.300 1.700 0.600 0.500 0.500 4.300 1.700 0.500 0.500 0.600 06/09/1964
0.000 0.000 0.000 0.000 0.000 0.000 0.000 0.000 0.000 0.000 0.000 0.000 0.000 0.000 0.000 0.000 0.000 0.000 0.000 0.000 0.000 0.000 0.000 0.000 0.000 0.000 0.000 0.000 0.000 0.000 07/09/1964
0.000 0.000 0.000 0.000 0.000 0.000 0.000 0.000 0.000 0.000 0.000 0.000 0.000 0.000 0.000 0.000 0.000 0.000 0.000 0.000 0.000 0.000 0.000 0.000 0.000 0.000 0.000 0.000 0.000 0.000 08/09/1964
0.000 0.000 0.000 0.000 0.000 0.000 0.000 0.000 0.000 0.000 0.000 0.000 0.000 0.000 0.000 0.000 0.000 0.000 0.000 0.000 0.000 0.000 0.000 0.000 0.000 0.000 0.000 0.000 0.000 0.000 09/09/1964
0.000 0.000 0.000 0.000 0.000 0.000 0.000 0.000 0.000 0.000 0.000 0.000 0.000 0.000 0.000 0.000 0.000 0.000 0.000 0.000 0.000 0.000 0.000 0.000 0.000 0.000 0.000 0.000 0.000 0.000 10/09/1964
0.100 0.100 0.100 0.000 0.000 0.100 0.100 0.100 0.700 0.000 0.100 0.100 0.700 0.700 0.000 0.000 0.000 0.700 0.700 0.700 0.000 0.000 0.700 0.700 0.700 0.000 0.000 0.700 0.700 0.700 11/09/1964
0.000 0.000 0.000 0.000 0.000 0.000 0.000 0.000 0.000 0.000 0.000 0.000 0.000 0.000 0.000 0.000 0.500 0.000 0.000 0.000 0.000 0.500 0.000 0.000 0.000 0.000 0.500 0.000 0.000 0.000 12/09/1964
0.000 0.000 0.000 0.000 2.000 0.000 0.000 0.000 1.700 2.000 0.000 0.000 1.700 1.700 2.000 0.000 0.000 1.700 1.700 1.700 0.000 0.000 1.700 1.700 1.700 0.000 0.000 1.700 1.700 1.700 13/09/1964
1.500 1.500 1.500 1.000 2.100 1.500 1.500 1.500 8.600 2.100 1.500 1.500 8.600 8.700 2.000 1.400 1.500 8.600 8.700 8.700 1.400 1.500 8.600 8.600 8.600 1.400 1.500 8.500 8.500 8.700 14/09/1964
2.600 2.600 2.600 2.100 0.100 2.600 2.600 2.600 0.600 0.100 2.600 2.600 0.600 0.600 0.100 2.900 1.100 0.600 0.600 0.600 2.800 1.200 0.600 0.600 0.600 2.800 1.100 0.600 0.600 0.600 15/09/1964
0.300 0.300 0.300 0.800 0.200 0.300 0.300 0.300 0.000 0.200 0.300 0.300 0.000 0.000 0.200 0.800 0.000 0.000 0.000 0.000 0.800 0.000 0.000 0.000 0.000 0.800 0.000 0.000 0.000 0.000 16/09/1964
2.200 2.200 2.200 0.500 0.000 2.200 2.200 2.200 0.000 0.000 2.200 2.200 0.000 0.000 0.000 0.000 0.000 0.000 0.000 0.000 0.000 0.000 0.000 0.000 0.000 0.000 0.000 0.000 0.000 0.000 17/09/1964
0.000 0.000 0.000 0.100 0.200 0.000 0.000 0.000 0.200 0.200 0.000 0.000 0.200 0.200 0.200 0.000 0.000 0.200 0.200 0.200 0.000 0.000 0.200 0.200 0.200 0.000 0.000 0.200 0.200 0.200 18/09/1964
1.400 1.400 1.400 2.400 0.100 1.400 1.400 1.400 0.100 0.100 1.400 1.400 0.100 0.100 0.100 0.300 0.000 0.100 0.100 0.100 0.300 0.000 0.100 0.100 0.100 0.300 0.000 0.100 0.100 0.100 19/09/1964
0.900 0.900 0.900 0.200 0.000 0.900 0.900 0.900 0.000 0.000 0.900 0.900 0.000 0.000 0.000 0.000 0.000 0.000 0.000 0.000 0.000 0.000 0.000 0.000 0.000 0.000 0.000 0.000 0.000 0.000 20/09/1964
0.000 0.000 0.000 0.000 0.000 0.000 0.000 0.000 0.000 0.000 0.000 0.000 0.000 0.000 0.000 0.000 0.000 0.000 0.000 0.000 0.000 0.000 0.000 0.000 0.000 0.000 0.000 0.000 0.000 0.000 21/09/1964
0.100 0.100 0.100 0.000 0.000 0.100 0.100 0.100 0.000 0.000 0.100 0.100 0.000 0.000 0.000 0.000 0.000 0.000 0.000 0.000 0.000 0.000 0.000 0.000 0.000 0.000 0.000 0.000 0.000 0.000 22/09/1964
0.000 0.000 0.000 0.000 0.000 0.000 0.000 0.000 0.000 0.000 0.000 0.000 0.000 0.000 0.000 0.000 0.000 0.000 0.000 0.000 0.000 0.000 0.000 0.000 0.000 0.000 0.000 0.000 0.000 0.000 23/09/1964
0.000 0.000 0.000 0.000 0.000 0.000 0.000 0.000 0.000 0.000 0.000 0.000 0.000 0.000 0.000 0.000 0.000 0.000 0.000 0.000 0.000 0.000 0.000 0.000 0.000 0.000 0.000 0.000 0.000 0.000 24/09/1964
10.800 10.900 10.900 15.600 0.300 11.000 11.100 11.000 0.600 0.300 11.000 11.000 0.600 0.600 0.300 11.200 1.500 0.600 0.600 0.600 11.100 1.500 0.600 0.600 0.600 11.000 1.500 0.600 0.600 0.600 25/09/1964
13.200 13.300 13.400 10.200 24.500 13.500 13.600 13.500 28.500 24.400 13.500 13.500 28.400 28.600 24.200 15.200 12.800 28.400 28.700 28.700 15.000 12.900 28.500 28.300 28.300 14.800 12.800 28.100 28.100 28.700 26/09/1964
0.000 0.000 0.000 0.000 0.000 0.000 0.000 0.000 0.600 0.000 0.000 0.000 0.600 0.600 0.000 0.000 0.000 0.600 0.600 0.600 0.000 0.000 0.600 0.600 0.600 0.000 0.000 0.600 0.600 0.600 27/09/1964
0.000 0.000 0.000 0.000 0.000 0.000 0.000 0.000 0.000 0.000 0.000 0.000 0.000 0.000 0.000 0.000 0.000 0.000 0.000 0.000 0.000 0.000 0.000 0.000 0.000 0.000 0.000 0.000 0.000 0.000 28/09/1964
0.900 0.900 0.900 0.100 0.100 0.900 0.900 0.900 0.200 0.100 0.900 0.900 0.200 0.200 0.100 1.400 1.300 0.200 0.200 0.200 1.300 1.300 0.200 0.200 0.200 1.300 1.300 0.200 0.200 0.200 29/09/1964
0.100 0.100 0.100 5.200 3.500 0.100 0.100 0.100 2.400 3.500 0.100 0.100 2.400 2.400 3.500 4.300 7.400 2.400 2.400 2.400 4.300 7.500 2.400 2.400 2.400 4.300 7.400 2.400 2.400 2.400 30/09/1964
2.600 2.600 2.700 12.200 21.800 2.700 2.700 2.700 27.000 21.700 2.700 2.700 26.900 27.100 21.500 23.900 31.800 26.900 27.200 27.200 23.600 31.900 27.000 26.800 26.800 23.300 31.600 26.500 26.600 27.200 01/10/1964
10.500 10.600 10.700 13.600 4.800 10.700 10.800 10.700 8.300 4.700 10.700 10.700 8.300 8.400 4.700 20.900 9.100 8.300 8.400 8.400 20.700 9.100 8.300 8.300 8.300 20.400 9.000 8.200 8.300 8.400 02/10/1964
1.800 1.800 1.800 2.700 8.000 1.900 1.900 1.900 0.800 7.900 1.900 1.800 0.800 0.800 7.900 8.500 6.200 0.800 0.800 0.800 8.400 6.200 0.800 0.800 0.800 8.300 6.200 0.800 0.800 0.800 03/10/1964
0.200 0.200 0.200 0.000 0.000 0.200 0.200 0.200 0.000 0.000 0.200 0.200 0.000 0.000 0.000 0.000 0.000 0.000 0.000 0.000 0.000 0.000 0.000 0.000 0.000 0.000 0.000 0.000 0.000 0.000 04/10/1964
0.000 0.000 0.000 0.000 0.000 0.000 0.000 0.000 0.000 0.000 0.000 0.000 0.000 0.000 0.000 0.000 0.000 0.000 0.000 0.000 0.000 0.000 0.000 0.000 0.000 0.000 0.000 0.000 0.000 0.000 05/10/1964
0.000 0.000 0.000 0.000 0.000 0.000 0.000 0.000 0.000 0.000 0.000 0.000 0.000 0.000 0.000 0.000 0.000 0.000 0.000 0.000 0.000 0.000 0.000 0.000 0.000 0.000 0.000 0.000 0.000 0.000 06/10/1964
16.600 16.700 16.800 19.100 13.000 16.900 17.100 16.900 19.900 12.900 16.900 16.900 19.800 20.000 12.800 21.900 18.300 19.900 20.000 20.000 21.700 18.300 19.900 19.800 19.800 21.400 18.200 19.600 19.700 20.000 07/10/1964
9.400 9.400 9.500 7.100 9.000 9.600 9.700 9.600 13.400 8.900 9.500 9.500 13.300 13.400 8.800 12.700 11.800 13.400 13.500 13.500 12.600 11.900 13.400 13.300 13.300 12.400 11.800 13.200 13.200 13.500 08/10/1964
19.200 19.300 19.400 12.700 16.100 19.600 19.800 19.600 21.300 16.000 19.500 19.500 21.200 21.400 15.800 20.200 11.700 21.300 21.400 21.400 20.000 11.700 21.300 21.200 21.200 19.700 11.600 21.000 21.000 21.400 09/10/1964
17.600 17.700 17.800 9.900 18.000 18.000 18.100 18.000 10.700 17.900 17.900 17.900 10.700 10.700 17.700 23.900 23.300 10.700 10.800 10.800 23.700 23.400 10.700 10.600 10.600 23.400 23.200 10.600 10.600 10.800 10/10/1964
6.900 7.000 7.000 6.800 13.500 7.100 7.100 7.100 15.700 13.500 7.000 7.000 15.700 15.800 13.300 6.300 19.400 15.700 15.800 15.800 6.300 19.400 15.700 15.600 15.600 6.200 19.300 15.500 15.500 15.800 11/10/1964
1.100 1.100 1.100 2.000 8.000 1.100 1.100 1.100 0.200 7.900 1.100 1.100 0.200 0.200 7.900 11.300 2.200 0.200 0.200 0.200 11.200 2.200 0.200 0.200 0.200 11.100 2.200 0.200 0.200 0.200 12/10/1964
4.700 4.800 4.800 0.100 7.400 4.800 4.900 4.800 4.600 7.300 4.800 4.800 4.600 4.600 7.300 2.800 1.900 4.600 4.600 4.600 2.700 1.900 4.600 4.500 4.500 2.700 1.900 4.500 4.500 4.600 13/10/1964
8.200 8.300 8.300 9.100 12.100 8.400 8.400 8.400 4.800 12.000 8.300 8.300 4.800 4.900 11.900 8.800 13.900 4.800 4.900 4.900 8.700 13.900 4.800 4.800 4.800 8.600 13.800 4.700 4.700 4.900 14/10/1964
4.600 4.600 4.600 4.200 6.000 4.700 4.700 4.700 0.000 6.000 4.600 4.600 0.000 0.000 6.000 6.100 5.800 0.000 0.000 0.000 6.000 5.800 0.000 0.000 0.000 6.000 5.700 0.000 0.000 0.000 15/10/1964
0.900 0.900 0.900 0.100 4.000 1.000 1.000 1.000 2.400 4.000 1.000 0.900 2.400 2.400 3.900 2.400 4.400 2.400 2.400 2.400 2.300 4.400 2.400 2.400 2.400 2.300 4.400 2.300 2.300 2.400 16/10/1964
11.500 11.600 11.600 7.400 5.700 11.700 11.900 11.700 14.000 5.700 11.700 11.700 13.900 14.100 5.600 2.500 9.600 14.000 14.100 14.100 2.400 9.600 14.000 13.900 13.900 2.400 9.500 13.700 13.800 14.100 17/10/1964
0.000 0.000 0.000 0.000 0.000 0.000 0.000 0.000 0.100 0.000 0.000 0.000 0.100 0.100 0.000 0.000 0.000 0.100 0.100 0.100 0.000 0.000 0.100 0.100 0.100 0.000 0.000 0.100 0.100 0.100 18/10/1964
0.000 0.000 0.000 0.000 0.000 0.000 0.000 0.000 0.000 0.000 0.000 0.000 0.000 0.000 0.000 0.000 0.000 0.000 0.000 0.000 0.000 0.000 0.000 0.000 0.000 0.000 0.000 0.000 0.000 0.000 19/10/1964
0.000 0.000 0.000 0.000 0.000 0.000 0.000 0.000 0.000 0.000 0.000 0.000 0.000 0.000 0.000 0.000 0.000 0.000 0.000 0.000 0.000 0.000 0.000 0.000 0.000 0.000 0.000 0.000 0.000 0.000 20/10/1964
0.000 0.000 0.000 0.000 0.000 0.000 0.000 0.000 0.000 0.000 0.000 0.000 0.000 0.000 0.000 0.000 0.000 0.000 0.000 0.000 0.000 0.000 0.000 0.000 0.000 0.000 0.000 0.000 0.000 0.000 21/10/1964
0.000 0.000 0.000 0.000 0.000 0.000 0.000 0.000 0.000 0.000 0.000 0.000 0.000 0.000 0.000 0.000 1.000 0.000 0.000 0.000 0.000 1.000 0.000 0.000 0.000 0.000 1.000 0.000 0.000 0.000 22/10/1964
1.900 1.900 1.900 3.700 5.200 2.000 2.000 2.000 1.600 5.100 2.000 1.900 1.600 1.600 5.100 0.500 2.300 1.600 1.600 1.600 0.400 2.300 1.600 1.600 1.600 0.400 2.300 1.600 1.600 1.600 23/10/1964
0.200 0.200 0.200 0.000 0.000 0.200 0.200 0.200 0.000 0.000 0.200 0.200 0.000 0.000 0.000 0.000 0.000 0.000 0.000 0.000 0.000 0.000 0.000 0.000 0.000 0.000 0.000 0.000 0.000 0.000 24/10/1964
0.000 0.000 0.000 0.000 1.200 0.000 0.000 0.000 0.000 1.200 0.000 0.000 0.000 0.000 1.200 0.000 0.000 0.000 0.000 0.000 0.000 0.000 0.000 0.000 0.000 0.000 0.000 0.000 0.000 0.000 25/10/1964
0.000 0.000 0.000 0.000 0.000 0.000 0.000 0.000 0.000 0.000 0.000 0.000 0.000 0.000 0.000 0.000 0.000 0.000 0.000 0.000 0.000 0.000 0.000 0.000 0.000 0.000 0.000 0.000 0.000 0.000 26/10/1964
0.000 0.000 0.000 0.000 0.000 0.000 0.000 0.000 0.000 0.000 0.000 0.000 0.000 0.000 0.000 0.000 0.000 0.000 0.000 0.000 0.000 0.000 0.000 0.000 0.000 0.000 0.000 0.000 0.000 0.000 27/10/1964
0.000 0.000 0.000 0.000 0.000 0.000 0.000 0.000 0.000 0.000 0.000 0.000 0.000 0.000 0.000 0.000 0.000 0.000 0.000 0.000 0.000 0.000 0.000 0.000 0.000 0.000 0.000 0.000 0.000 0.000 28/10/1964
0.000 0.000 0.000 0.000 0.000 0.000 0.000 0.000 0.000 0.000 0.000 0.000 0.000 0.000 0.000 0.000 0.000 0.000 0.000 0.000 0.000 0.000 0.000 0.000 0.000 0.000 0.000 0.000 0.000 0.000 29/10/1964
0.000 0.000 0.000 0.000 0.000 0.000 0.000 0.000 0.000 0.000 0.000 0.000 0.000 0.000 0.000 0.000 0.000 0.000 0.000 0.000 0.000 0.000 0.000 0.000 0.000 0.000 0.000 0.000 0.000 0.000 30/10/1964
0.000 0.000 0.000 0.000 0.000 0.000 0.000 0.000 0.000 0.000 0.000 0.000 0.000 0.000 0.000 0.000 0.000 0.000 0.000 0.000 0.000 0.000 0.000 0.000 0.000 0.000 0.000 0.000 0.000 0.000 31/10/1964
0.000 0.000 0.000 0.000 0.000 0.000 0.000 0.000 0.000 0.000 0.000 0.000 0.000 0.000 0.000 0.000 0.000 0.000 0.000 0.000 0.000 0.000 0.000 0.000 0.000 0.000 0.000 0.000 0.000 0.000 01/11/1964
0.000 0.000 0.000 0.000 0.000 0.000 0.000 0.000 0.000 0.000 0.000 0.000 0.000 0.000 0.000 0.000 0.000 0.000 0.000 0.000 0.000 0.000 0.000 0.000 0.000 0.000 0.000 0.000 0.000 0.000 02/11/1964
0.000 0.000 0.000 0.100 1.100 0.000 0.000 0.000 0.600 1.100 0.000 0.000 0.600 0.600 1.100 0.000 1.300 0.600 0.600 0.600 0.000 1.300 0.600 0.600 0.600 0.000 1.300 0.600 0.600 0.600 03/11/1964
0.400 0.400 0.500 2.000 7.900 0.500 0.500 0.500 1.800 7.800 0.500 0.500 1.800 1.800 7.800 0.000 0.000 1.800 1.800 1.800 0.000 0.000 1.800 1.800 1.800 0.000 0.000 1.800 1.800 1.800 04/11/1964
0.800 0.800 0.800 0.400 0.200 0.800 0.800 0.800 0.300 0.200 0.800 0.800 0.300 0.300 0.200 0.000 0.000 0.300 0.300 0.300 0.000 0.000 0.300 0.300 0.300 0.000 0.000 0.300 0.300 0.300 05/11/1964
3.500 3.500 3.500 5.600 7.700 3.600 3.600 3.600 5.200 7.700 3.600 3.500 5.200 5.300 7.600 7.400 4.900 5.200 5.300 5.300 7.300 5.000 5.300 5.200 5.200 7.200 4.900 5.200 5.200 5.300 06/11/1964
0.500 0.500 0.500 0.600 0.700 0.500 0.500 0.500 0.200 0.700 0.500 0.500 0.200 0.200 0.700 0.200 0.000 0.200 0.200 0.200 0.200 0.000 0.200 0.200 0.200 0.200 0.000 0.200 0.200 0.200 07/11/1964
0.000 0.000 0.000 0.200 0.000 0.000 0.000 0.000 0.200 0.000 0.000 0.000 0.200 0.200 0.000 0.000 0.000 0.200 0.200 0.200 0.000 0.000 0.200 0.200 0.200 0.000 0.000 0.200 0.200 0.200 08/11/1964
0.000 0.000 0.000 0.000 0.000 0.000 0.000 0.000 0.000 0.000 0.000 0.000 0.000 0.000 0.000 0.000 0.000 0.000 0.000 0.000 0.000 0.000 0.000 0.000 0.000 0.000 0.000 0.000 0.000 0.000 09/11/1964
0.100 0.100 0.100 1.600 0.600 0.100 0.100 0.100 0.800 0.600 0.100 0.100 0.800 0.800 0.600 0.000 0.900 0.800 0.800 0.800 0.000 0.900 0.800 0.800 0.800 0.000 0.900 0.800 0.800 0.800 10/11/1964
2.700 2.700 2.700 4.300 6.200 2.700 2.700 2.700 0.900 6.200 2.700 2.700 0.900 0.900 6.200 2.900 3.300 0.900 0.900 0.900 2.900 3.300 0.900 0.800 0.800 2.900 3.300 0.800 0.800 0.900 11/11/1964
1.000 1.000 1.000 2.600 2.500 1.000 1.000 1.000 1.900 2.500 1.000 1.000 1.800 1.900 2.400 0.600 0.100 1.800 1.900 1.900 0.600 0.100 1.900 1.800 1.800 0.600 0.100 1.800 1.800 1.900 12/11/1964
0.300 0.300 0.300 0.600 0.200 0.300 0.300 0.300 1.500 0.200 0.300 0.300 1.500 1.500 0.200 0.000 0.000 1.500 1.500 1.500 0.000 0.000 1.500 1.500 1.500 0.000 0.000 1.500 1.500 1.500 13/11/1964
1.700 1.700 1.700 3.200 4.200 1.700 1.700 1.700 1.900 4.200 1.700 1.700 1.900 1.900 4.200 0.400 0.200 1.900 1.900 1.900 0.400 0.200 1.900 1.900 1.900 0.400 0.200 1.800 1.800 1.900 14/11/1964
0.200 0.200 0.200 0.100 0.600 0.200 0.200 0.200 0.000 0.600 0.200 0.200 0.000 0.000 0.600 0.000 0.700 0.000 0.000 0.000 0.000 0.700 0.000 0.000 0.000 0.000 0.700 0.000 0.000 0.000 15/11/1964
0.100 0.100 0.100 1.100 0.500 0.100 0.100 0.100 0.300 0.500 0.100 0.100 0.300 0.300 0.500 0.000 0.000 0.300 0.300 0.300 0.000 0.000 0.300 0.300 0.300 0.000 0.000 0.300 0.300 0.300 16/11/1964
0.000 0.000 0.000 0.000 0.000 0.000 0.000 0.000 0.000 0.000 0.000 0.000 0.000 0.000 0.000 0.000 0.000 0.000 0.000 0.000 0.000 0.000 0.000 0.000 0.000 0.000 0.000 0.000 0.000 0.000 17/11/1964
0.000 0.000 0.000 0.100 0.000 0.000 0.000 0.000 0.000 0.000 0.000 0.000 0.000 0.000 0.000 0.000 0.000 0.000 0.000 0.000 0.000 0.000 0.000 0.000 0.000 0.000 0.000 0.000 0.000 0.000 18/11/1964
0.000 0.000 0.000 0.000 0.000 0.000 0.000 0.000 0.000 0.000 0.000 0.000 0.000 0.000 0.000 0.000 0.000 0.000 0.000 0.000 0.000 0.000 0.000 0.000 0.000 0.000 0.000 0.000 0.000 0.000 19/11/1964
0.000 0.000 0.000 0.000 0.000 0.000 0.000 0.000 0.000 0.000 0.000 0.000 0.000 0.000 0.000 0.000 0.000 0.000 0.000 0.000 0.000 0.000 0.000 0.000 0.000 0.000 0.000 0.000 0.000 0.000 20/11/1964
0.000 0.000 0.000 0.000 0.000 0.000 0.000 0.000 0.000 0.000 0.000 0.000 0.000 0.000 0.000 0.000 0.000 0.000 0.000 0.000 0.000 0.000 0.000 0.000 0.000 0.000 0.000 0.000 0.000 0.000 21/11/1964
0.300 0.300 0.300 0.100 0.800 0.300 0.300 0.300 0.100 0.800 0.300 0.300 0.100 0.100 0.800 0.000 0.000 0.100 0.100 0.100 0.000 0.000 0.100 0.100 0.100 0.000 0.000 0.100 0.100 0.100 22/11/1964
0.000 0.000 0.000 0.000 0.000 0.000 0.000 0.000 0.000 0.000 0.000 0.000 0.000 0.000 0.000 0.000 0.000 0.000 0.000 0.000 0.000 0.000 0.000 0.000 0.000 0.000 0.000 0.000 0.000 0.000 23/11/1964
0.000 0.000 0.000 0.000 0.000 0.000 0.000 0.000 0.000 0.000 0.000 0.000 0.000 0.000 0.000 0.000 0.000 0.000 0.000 0.000 0.000 0.000 0.000 0.000 0.000 0.000 0.000 0.000 0.000 0.000 24/11/1964
0.000 0.000 0.000 0.000 0.000 0.000 0.000 0.000 0.000 0.000 0.000 0.000 0.000 0.000 0.000 0.000 0.000 0.000 0.000 0.000 0.000 0.000 0.000 0.000 0.000 0.000 0.000 0.000 0.000 0.000 25/11/1964
0.000 0.000 0.000 0.100 0.100 0.000 0.000 0.000 0.500 0.100 0.000 0.000 0.500 0.500 0.100 0.000 0.000 0.500 0.500 0.500 0.000 0.000 0.500 0.500 0.500 0.000 0.000 0.500 0.500 0.500 26/11/1964
11.100 11.200 11.200 14.900 9.800 11.300 11.400 11.300 12.100 9.700 11.300 11.300 12.100 12.200 9.600 11.500 12.200 12.100 12.200 12.200 11.400 12.200 12.100 12.000 12.000 11.200 12.100 11.900 11.900 12.200 27/11/1964
4.500 4.500 4.500 3.700 0.200 4.600 4.600 4.600 2.300 0.200 4.500 4.500 2.300 2.300 0.200 3.600 4.600 2.300 2.300 2.300 3.800 4.600 2.300 2.300 2.300 4.000 4.600 2.200 2.300 2.300 28/11/1964
2.900 2.900 2.800 1.600 2.100 2.700 2.600 2.700 1.600 2.100 2.700 2.800 1.600 1.600 2.100 1.800 1.900 1.600 1.500 1.500 1.700 1.900 1.600 1.600 1.600 1.700 1.900 1.600 1.600 1.500 29/11/1964
6.000 6.000 6.000 3.000 2.600 6.100 6.200 6.100 6.200 2.600 6.100 6.100 6.200 6.200 2.500 5.400 4.600 6.200 6.300 6.300 5.300 4.600 6.200 6.200 6.200 5.300 4.600 6.100 6.100 6.300 30/11/1964
2.300 2.300 2.300 0.900 0.900 2.300 2.400 2.300 1.100 0.800 2.300 2.300 1.000 1.100 0.800 0.800 1.600 1.100 1.100 1.100 0.800 1.600 1.100 1.000 1.000 0.800 1.500 1.000 1.000 1.100 01/12/1964
1.500 1.500 1.500 0.000 0.000 1.500 1.600 1.500 0.100 0.000 1.500 1.500 0.100 0.100 0.000 0.000 0.000 0.100 0.100 0.100 0.000 0.000 0.100 0.100 0.100 0.000 0.000 0.100 0.100 0.100 02/12/1964
1.200 1.200 1.200 2.500 6.500 1.200 1.200 1.200 2.600 6.500 1.200 1.200 2.600 2.600 6.500 0.900 1.900 2.600 2.600 2.600 0.900 1.900 2.600 2.600 2.600 0.900 1.900 2.600 2.600 2.600 03/12/1964
0.500 0.500 0.500 0.600 2.200 0.500 0.500 0.500 0.300 2.200 0.500 0.500 0.300 0.300 2.200 0.000 0.100 0.300 0.300 0.300 0.000 0.100 0.300 0.300 0.300 0.000 0.100 0.300 0.300 0.300 04/12/1964
0.000 0.000 0.000 0.600 0.200 0.000 0.000 0.000 0.000 0.200 0.000 0.000 0.000 0.000 0.200 0.000 0.300 0.000 0.000 0.000 0.000 0.300 0.000 0.000 0.000 0.000 0.300 0.000 0.000 0.000 05/12/1964
0.000 0.000 0.000 0.000 0.300 0.000 0.000 0.000 0.200 0.300 0.000 0.000 0.200 0.200 0.300 0.000 0.000 0.200 0.200 0.200 0.000 0.000 0.200 0.200 0.200 0.000 0.000 0.200 0.200 0.200 06/12/1964
0.800 0.800 0.800 0.000 0.000 0.800 0.800 0.800 0.000 0.000 0.800 0.800 0.000 0.000 0.000 0.000 0.000 0.000 0.000 0.000 0.000 0.000 0.000 0.000 0.000 0.000 0.000 0.000 0.000 0.000 07/12/1964
0.000 0.000 0.000 0.000 0.000 0.000 0.000 0.000 0.000 0.000 0.000 0.000 0.000 0.000 0.000 0.000 0.000 0.000 0.000 0.000 0.000 0.000 0.000 0.000 0.000 0.000 0.000 0.000 0.000 0.000 08/12/1964
0.000 0.000 0.000 0.000 0.000 0.000 0.000 0.000 0.000 0.000 0.000 0.000 0.000 0.000 0.000 0.000 0.000 0.000 0.000 0.000 0.000 0.000 0.000 0.000 0.000 0.000 0.000 0.000 0.000 0.000 09/12/1964
0.000 0.000 0.000 0.000 0.000 0.000 0.000 0.000 0.000 0.000 0.000 0.000 0.000 0.000 0.000 0.000 0.000 0.000 0.000 0.000 0.000 0.000 0.000 0.000 0.000 0.000 0.000 0.000 0.000 0.000 10/12/1964
0.000 0.000 0.000 0.000 0.000 0.000 0.000 0.000 0.000 0.000 0.000 0.000 0.000 0.000 0.000 0.000 0.000 0.000 0.000 0.000 0.000 0.000 0.000 0.000 0.000 0.000 0.000 0.000 0.000 0.000 11/12/1964
0.000 0.000 0.000 0.000 0.000 0.000 0.000 0.000 0.000 0.000 0.000 0.000 0.000 0.000 0.000 0.000 0.000 0.000 0.000 0.000 0.000 0.000 0.000 0.000 0.000 0.000 0.000 0.000 0.000 0.000 12/12/1964
0.000 0.000 0.000 0.000 0.000 0.000 0.000 0.000 0.000 0.000 0.000 0.000 0.000 0.000 0.000 0.000 0.000 0.000 0.000 0.000 0.000 0.000 0.000 0.000 0.000 0.000 0.000 0.000 0.000 0.000 13/12/1964
0.100 0.100 0.100 0.100 0.000 0.100 0.100 0.100 0.100 0.000 0.100 0.100 0.100 0.100 0.000 2.100 1.600 0.100 0.100 0.100 2.100 1.600 0.100 0.100 0.100 2.000 1.600 0.100 0.100 0.100 14/12/1964
2.300 2.300 2.300 5.500 3.000 2.300 2.300 2.300 1.300 3.000 2.300 2.300 1.300 1.300 2.900 3.400 1.200 1.300 1.300 1.300 3.400 1.200 1.300 1.300 1.300 3.400 1.200 1.300 1.300 1.300 15/12/1964
0.000 0.000 0.000 0.100 0.000 0.000 0.000 0.000 0.000 0.000 0.000 0.000 0.000 0.000 0.000 0.000 0.000 0.000 0.000 0.000 0.000 0.000 0.000 0.000 0.000 0.000 0.000 0.000 0.000 0.000 16/12/1964
0.000 0.000 0.000 0.000 0.000 0.000 0.000 0.000 0.000 0.000 0.000 0.000 0.000 0.000 0.000 0.000 0.000 0.000 0.000 0.000 0.000 0.000 0.000 0.000 0.000 0.000 0.000 0.000 0.000 0.000 17/12/1964
0.000 0.000 0.000 0.000 0.000 0.000 0.000 0.000 0.000 0.000 0.000 0.000 0.000 0.000 0.000 0.000 0.000 0.000 0.000 0.000 0.000 0.000 0.000 0.000 0.000 0.000 0.000 0.000 0.000 0.000 18/12/1964
0.000 0.000 0.000 0.000 0.000 0.000 0.000 0.000 0.000 0.000 0.000 0.000 0.000 0.000 0.000 0.000 0.000 0.000 0.000 0.000 0.000 0.000 0.000 0.000 0.000 0.000 0.000 0.000 0.000 0.000 19/12/1964
0.000 0.000 0.000 0.000 0.000 0.000 0.000 0.000 0.000 0.000 0.000 0.000 0.000 0.000 0.000 0.000 0.000 0.000 0.000 0.000 0.000 0.000 0.000 0.000 0.000 0.000 0.000 0.000 0.000 0.000 20/12/1964
0.000 0.000 0.000 0.000 0.000 0.000 0.000 0.000 0.000 0.000 0.000 0.000 0.000 0.000 0.000 0.000 0.000 0.000 0.000 0.000 0.000 0.000 0.000 0.000 0.000 0.000 0.000 0.000 0.000 0.000 21/12/1964
0.000 0.000 0.000 0.000 0.000 0.000 0.000 0.000 0.000 0.000 0.000 0.000 0.000 0.000 0.000 0.000 0.000 0.000 0.000 0.000 0.000 0.000 0.000 0.000 0.000 0.000 0.000 0.000 0.000 0.000 22/12/1964
0.000 0.000 0.000 0.000 0.000 0.000 0.000 0.000 0.000 0.000 0.000 0.000 0.000 0.000 0.000 0.000 0.000 0.000 0.000 0.000 0.000 0.000 0.000 0.000 0.000 0.000 0.000 0.000 0.000 0.000 23/12/1964
0.100 0.100 0.100 0.200 0.100 0.100 0.100 0.100 0.100 0.100 0.100 0.100 0.100 0.100 0.100 0.000 0.000 0.100 0.100 0.100 0.000 0.000 0.100 0.100 0.100 0.000 0.000 0.100 0.100 0.100 24/12/1964
0.600 0.600 0.600 1.400 0.300 0.600 0.600 0.600 0.100 0.300 0.600 0.600 0.100 0.100 0.300 0.000 0.800 0.100 0.100 0.100 0.000 0.800 0.100 0.100 0.100 0.000 0.800 0.100 0.100 0.100 25/12/1964
0.000 0.000 0.000 0.000 0.000 0.000 0.000 0.000 0.000 0.000 0.000 0.000 0.000 0.000 0.000 6.500 0.000 0.000 0.000 0.000 7.200 0.000 0.000 0.000 0.000 8.200 0.000 0.000 0.000 0.000 26/12/1964
7.000 6.700 6.500 6.500 14.100 6.100 5.700 6.100 16.200 14.200 6.200 6.300 16.400 15.800 14.500 19.000 15.900 16.300 15.600 15.600 19.600 15.900 16.100 16.600 16.600 20.300 16.000 17.200 17.100 15.600 27/12/1964
0.000 0.000 0.000 0.000 0.700 0.000 0.000 0.000 0.000 0.800 0.000 0.000 0.000 0.000 1.000 0.000 0.000 0.000 0.000 0.000 0.000 0.000 0.000 0.000 0.000 0.000 0.000 0.000 0.000 0.000 28/12/1964
0.000 0.000 0.000 0.000 0.000 0.000 0.000 0.000 0.000 0.000 0.000 0.000 0.000 0.000 0.000 0.000 0.000 0.000 0.000 0.000 0.000 0.000 0.000 0.000 0.000 0.000 0.000 0.000 0.000 0.000 29/12/1964
0.000 0.000 0.000 0.300 0.000 0.000 0.000 0.000 0.000 0.000 0.000 0.000 0.000 0.000 0.000 0.000 0.000 0.000 0.000 0.000 0.000 0.000 0.000 0.000 0.000 0.000 0.000 0.000 0.000 0.000 30/12/1964
17.700 17.800 17.900 9.600 5.200 18.000 18.200 18.000 6.600 5.100 18.000 17.900 6.600 6.700 5.100 7.300 2.300 6.600 6.700 6.700 7.200 2.300 6.600 6.600 6.600 7.100 2.300 6.500 6.500 6.700 31/12/1964
5.000 5.000 5.000 3.600 10.500 5.100 5.100 5.100 6.700 10.500 5.100 5.100 6.600 6.700 10.400 4.400 2.800 6.700 6.700 6.700 4.300 2.800 6.700 6.600 6.600 4.300 2.800 6.500 6.600 6.700 01/01/1965
3.400 3.400 3.400 1.700 2.700 3.500 3.500 3.500 4.900 2.700 3.500 3.400 5.000 4.900 2.700 8.200 1.500 4.900 4.900 4.900 8.400 1.500 4.900 5.000 5.000 8.700 1.500 5.000 5.000 4.900 02/01/1965
0.000 0.000 0.000 0.000 0.000 0.000 0.000 0.000 0.000 0.000 0.000 0.000 0.000 0.000 0.000 0.000 0.000 0.000 0.000 0.000 0.000 0.000 0.000 0.000 0.000 0.000 0.000 0.000 0.000 0.000 03/01/1965
0.000 0.000 0.000 0.000 0.000 0.000 0.000 0.000 0.100 0.000 0.000 0.000 0.100 0.100 0.000 0.000 0.000 0.100 0.100 0.100 0.000 0.000 0.100 0.100 0.100 0.000 0.000 0.100 0.100 0.100 04/01/1965
0.000 0.000 0.000 0.000 0.000 0.000 0.000 0.000 0.000 0.000 0.000 0.000 0.000 0.000 0.000 0.000 0.000 0.000 0.000 0.000 0.000 0.000 0.000 0.000 0.000 0.000 0.000 0.000 0.000 0.000 05/01/1965
0.000 0.000 0.000 0.000 0.000 0.000 0.000 0.000 0.000 0.000 0.000 0.000 0.000 0.000 0.000 0.000 0.000 0.000 0.000 0.000 0.000 0.000 0.000 0.000 0.000 0.000 0.000 0.000 0.000 0.000 06/01/1965
0.800 0.800 0.800 1.100 0.400 0.800 0.800 0.800 0.700 0.400 0.800 0.800 0.700 0.700 0.400 0.000 0.000 0.700 0.700 0.700 0.000 0.000 0.700 0.700 0.700 0.000 0.000 0.700 0.700 0.700 07/01/1965
3.400 3.400 3.400 1.200 5.700 3.400 3.500 3.400 2.500 5.700 3.400 3.400 2.500 2.500 5.600 2.100 3.100 2.500 2.500 2.500 2.000 3.100 2.500 2.500 2.500 2.000 3.100 2.400 2.400 2.500 08/01/1965
2.200 2.200 2.200 0.500 0.000 2.200 2.200 2.200 0.100 0.000 2.200 2.200 0.100 0.100 0.000 0.000 0.000 0.100 0.100 0.100 0.000 0.000 0.100 0.100 0.100 0.000 0.000 0.100 0.100 0.100 09/01/1965
0.000 0.000 0.000 0.000 0.000 0.000 0.000 0.000 0.000 0.000 0.000 0.000 0.000 0.000 0.000 0.000 0.000 0.000 0.000 0.000 0.000 0.000 0.000 0.000 0.000 0.000 0.000 0.000 0.000 0.000 10/01/1965
0.000 0.000 0.000 0.000 0.000 0.000 0.000 0.000 0.000 0.000 0.000 0.000 0.000 0.000 0.000 0.000 0.000 0.000 0.000 0.000 0.000 0.000 0.000 0.000 0.000 0.000 0.000 0.000 0.000 0.000 11/01/1965
5.200 5.200 5.200 4.500 5.600 5.300 5.300 5.300 2.900 5.500 5.300 5.300 2.900 2.900 5.500 3.900 2.200 2.900 3.000 3.000 3.800 2.200 2.900 2.900 2.900 3.800 2.200 2.800 2.800 3.000 12/01/1965
8.800 8.800 8.900 8.300 9.600 8.900 9.000 8.900 7.900 9.500 8.900 8.900 7.900 8.000 9.400 6.800 7.400 7.900 8.000 8.000 6.800 7.400 7.900 7.900 7.900 6.700 7.400 7.800 7.800 8.000 13/01/1965
0.400 0.400 0.400 0.100 0.100 0.400 0.400 0.400 0.300 0.100 0.400 0.400 0.300 0.300 0.100 0.000 0.400 0.300 0.300 0.300 0.000 0.400 0.300 0.300 0.300 0.000 0.400 0.300 0.300 0.300 14/01/1965
5.600 5.600 5.600 8.600 11.000 5.500 5.500 5.500 9.000 10.900 5.500 5.500 8.900 9.100 10.900 11.200 5.500 9.000 9.100 9.100 11.100 5.400 9.000 8.900 8.900 11.000 5.700 8.800 8.800 9.100 15/01/1965
15.400 15.500 15.600 18.600 18.500 15.700 15.900 15.700 12.700 18.400 15.700 15.700 12.700 12.800 18.200 17.800 7.400 12.700 12.900 12.800 17.600 7.400 12.700 12.600 12.600 17.400 7.400 12.500 12.500 12.800 16/01/1965
13.700 13.800 13.900 12.700 17.100 14.000 14.200 14.000 11.000 17.000 14.000 14.000 10.900 11.100 16.900 15.300 7.000 11.000 11.100 11.100 15.100 7.000 11.000 10.900 10.900 15.000 7.000 10.700 10.800 11.100 17/01/1965
21.900 22.100 22.200 24.400 17.900 22.400 22.600 22.400 20.400 17.800 22.300 22.300 20.400 20.500 17.600 14.600 15.300 20.400 20.500 20.500 14.500 15.300 20.400 20.300 20.300 14.300 15.200 20.200 20.200 20.500 18/01/1965
9.400 9.400 9.500 3.600 6.300 9.500 9.600 9.500 9.700 6.300 9.500 9.500 9.600 9.700 6.300 10.300 6.900 9.600 9.700 9.700 10.200 7.000 9.700 9.600 9.600 10.100 6.900 9.500 9.500 9.700 19/01/1965
12.300 12.400 12.500 13.600 14.500 12.600 12.700 12.600 4.800 14.400 12.500 12.500 4.800 4.900 14.300 8.500 11.300 4.800 4.900 4.900 8.400 11.300 4.800 4.800 4.800 8.300 11.300 4.700 4.700 4.900 20/01/1965
7.300 7.300 7.300 5.200 10.100 7.400 7.400 7.400 4.300 10.000 7.400 7.400 4.300 4.400 9.900 5.500 7.000 4.300 4.400 4.400 5.400 7.000 4.300 4.300 4.300 5.400 6.900 4.200 4.200 4.400 21/01/1965
3.400 3.400 3.400 4.300 7.300 3.400 3.500 3.400 4.100 7.200 3.400 3.400 4.000 4.100 7.200 5.200 4.400 4.000 4.100 4.100 5.100 4.500 4.100 4.000 4.000 5.100 4.400 3.900 4.000 4.100 22/01/1965
0.000 0.000 0.000 0.000 0.000 0.000 0.000 0.000 0.000 0.000 0.000 0.000 0.000 0.000 0.000 0.000 0.000 0.000 0.000 0.000 0.000 0.000 0.000 0.000 0.000 0.000 0.000 0.000 0.000 0.000 23/01/1965
0.000 0.000 0.000 0.000 0.000 0.000 0.000 0.000 0.000 0.000 0.000 0.000 0.000 0.000 0.000 0.000 0.000 0.000 0.000 0.000 0.000 0.000 0.000 0.000 0.000 0.000 0.000 0.000 0.000 0.000 24/01/1965
0.300 0.300 0.300 2.000 0.000 0.300 0.300 0.300 0.000 0.000 0.300 0.300 0.000 0.000 0.000 0.000 0.000 0.000 0.000 0.000 0.000 0.000 0.000 0.000 0.000 0.000 0.000 0.000 0.000 0.000 25/01/1965
1.500 1.500 1.500 2.100 2.800 1.500 1.500 1.500 0.700 2.800 1.500 1.500 0.700 0.700 2.800 0.000 0.200 0.700 0.700 0.700 0.000 0.200 0.700 0.700 0.700 0.000 0.200 0.700 0.700 0.700 26/01/1965
0.200 0.200 0.200 0.400 0.000 0.200 0.200 0.200 0.000 0.000 0.200 0.200 0.000 0.000 0.000 0.000 0.000 0.000 0.000 0.000 0.000 0.000 0.000 0.000 0.000 0.000 0.000 0.000 0.000 0.000 27/01/1965
0.100 0.100 0.100 1.200 0.000 0.100 0.100 0.100 0.000 0.000 0.100 0.100 0.000 0.000 0.000 0.000 0.000 0.000 0.000 0.000 0.000 0.000 0.000 0.000 0.000 0.000 0.000 0.000 0.000 0.000 28/01/1965
1.800 1.800 1.800 2.400 0.500 1.900 1.900 1.900 0.300 0.500 1.900 1.900 0.300 0.300 0.500 1.200 1.400 0.300 0.300 0.300 1.200 1.400 0.300 0.300 0.300 1.200 1.400 0.300 0.300 0.300 29/01/1965
2.200 2.200 2.200 1.400 0.900 2.200 2.300 2.200 1.200 0.900 2.200 2.200 1.200 1.300 0.900 0.000 0.000 1.200 1.300 1.300 0.000 0.000 1.200 1.200 1.200 0.000 0.000 1.200 1.200 1.300 30/01/1965
0.100 0.100 0.100 0.200 0.000 0.100 0.100 0.100 0.000 0.000 0.100 0.100 0.000 0.000 0.000 0.000 0.000 0.000 0.000 0.000 0.000 0.000 0.000 0.000 0.000 0.000 0.000 0.000 0.000 0.000 31/01/1965
0.000 0.000 0.000 0.000 0.000 0.000 0.000 0.000 0.000 0.000 0.000 0.000 0.000 0.000 0.000 0.000 0.000 0.000 0.000 0.000 0.000 0.000 0.000 0.000 0.000 0.000 0.000 0.000 0.000 0.000 01/02/1965
0.000 0.000 0.000 0.000 0.000 0.000 0.000 0.000 0.000 0.000 0.000 0.000 0.000 0.000 0.000 0.000 0.000 0.000 0.000 0.000 0.000 0.000 0.000 0.000 0.000 0.000 0.000 0.000 0.000 0.000 02/02/1965
0.000 0.000 0.000 0.000 0.000 0.000 0.000 0.000 0.000 0.000 0.000 0.000 0.000 0.000 0.000 0.000 0.000 0.000 0.000 0.000 0.000 0.000 0.000 0.000 0.000 0.000 0.000 0.000 0.000 0.000 03/02/1965
0.000 0.000 0.000 0.000 0.000 0.000 0.000 0.000 0.000 0.000 0.000 0.000 0.000 0.000 0.000 0.000 0.000 0.000 0.000 0.000 0.000 0.000 0.000 0.000 0.000 0.000 0.000 0.000 0.000 0.000 04/02/1965
0.000 0.000 0.000 0.000 0.000 0.000 0.000 0.000 0.000 0.000 0.000 0.000 0.000 0.000 0.000 0.000 0.000 0.000 0.000 0.000 0.000 0.000 0.000 0.000 0.000 0.000 0.000 0.000 0.000 0.000 05/02/1965
0.000 0.000 0.000 0.000 0.000 0.000 0.000 0.000 0.000 0.000 0.000 0.000 0.000 0.000 0.000 0.000 0.000 0.000 0.000 0.000 0.000 0.000 0.000 0.000 0.000 0.000 0.000 0.000 0.000 0.000 06/02/1965
0.000 0.000 0.000 0.000 0.000 0.000 0.000 0.000 0.000 0.000 0.000 0.000 0.000 0.000 0.000 0.000 0.000 0.000 0.000 0.000 0.000 0.000 0.000 0.000 0.000 0.000 0.000 0.000 0.000 0.000 07/02/1965
0.000 0.000 0.000 0.000 0.000 0.000 0.000 0.000 0.000 0.000 0.000 0.000 0.000 0.000 0.000 0.000 0.000 0.000 0.000 0.000 0.000 0.000 0.000 0.000 0.000 0.000 0.000 0.000 0.000 0.000 08/02/1965
0.000 0.000 0.000 0.000 0.000 0.000 0.000 0.000 0.000 0.000 0.000 0.000 0.000 0.000 0.000 0.000 0.000 0.000 0.000 0.000 0.000 0.000 0.000 0.000 0.000 0.000 0.000 0.000 0.000 0.000 09/02/1965
0.000 0.000 0.000 0.000 0.000 0.000 0.000 0.000 0.000 0.000 0.000 0.000 0.000 0.000 0.000 0.000 0.000 0.000 0.000 0.000 0.000 0.000 0.000 0.000 0.000 0.000 0.000 0.000 0.000 0.000 10/02/1965
0.000 0.000 0.000 0.000 0.000 0.000 0.000 0.000 0.000 0.000 0.000 0.000 0.000 0.000 0.000 0.000 0.000 0.000 0.000 0.000 0.000 0.000 0.000 0.000 0.000 0.000 0.000 0.000 0.000 0.000 11/02/1965
0.000 0.000 0.000 0.000 0.000 0.000 0.000 0.000 0.000 0.000 0.000 0.000 0.000 0.000 0.000 0.000 0.000 0.000 0.000 0.000 0.000 0.000 0.000 0.000 0.000 0.000 0.000 0.000 0.000 0.000 12/02/1965
3.300 3.300 3.300 2.400 5.600 3.300 3.400 3.300 3.900 5.600 3.300 3.300 3.900 3.900 5.500 1.000 0.400 3.900 3.900 3.900 1.000 0.400 3.900 3.800 3.800 1.000 0.400 3.800 3.800 3.900 13/02/1965
0.000 0.000 0.000 0.000 0.100 0.000 0.000 0.000 0.000 0.100 0.000 0.000 0.000 0.000 0.100 0.000 0.000 0.000 0.000 0.000 0.000 0.000 0.000 0.000 0.000 0.000 0.000 0.000 0.000 0.000 14/02/1965
0.000 0.000 0.000 0.000 0.000 0.000 0.000 0.000 0.000 0.000 0.000 0.000 0.000 0.000 0.000 0.000 0.000 0.000 0.000 0.000 0.000 0.000 0.000 0.000 0.000 0.000 0.000 0.000 0.000 0.000 15/02/1965
0.000 0.000 0.000 0.000 0.000 0.000 0.000 0.000 0.000 0.000 0.000 0.000 0.000 0.000 0.000 0.000 0.000 0.000 0.000 0.000 0.000 0.000 0.000 0.000 0.000 0.000 0.000 0.000 0.000 0.000 16/02/1965
0.000 0.000 0.000 0.200 0.300 0.000 0.000 0.000 0.700 0.300 0.000 0.000 0.700 0.600 0.400 2.100 1.300 0.700 0.600 0.600 2.300 1.200 0.600 0.700 0.700 2.600 1.400 0.800 0.800 0.600 17/02/1965
0.000 0.000 0.000 0.000 0.000 0.000 0.000 0.000 0.000 0.000 0.000 0.000 0.000 0.000 0.000 0.000 0.000 0.000 0.000 0.000 0.000 0.000 0.000 0.000 0.000 0.000 0.000 0.000 0.000 0.000 18/02/1965
0.000 0.000 0.000 0.000 0.000 0.000 0.000 0.000 0.000 0.000 0.000 0.000 0.000 0.000 0.000 0.000 0.000 0.000 0.000 0.000 0.000 0.000 0.000 0.000 0.000 0.000 0.000 0.000 0.000 0.000 19/02/1965
0.000 0.000 0.000 0.000 0.000 0.000 0.000 0.000 0.000 0.000 0.000 0.000 0.000 0.000 0.000 0.000 0.000 0.000 0.000 0.000 0.000 0.000 0.000 0.000 0.000 0.000 0.000 0.000 0.000 0.000 20/02/1965
0.000 0.000 0.000 0.000 0.000 0.000 0.000 0.000 0.000 0.000 0.000 0.000 0.000 0.000 0.000 0.000 0.000 0.000 0.000 0.000 0.000 0.000 0.000 0.000 0.000 0.000 0.000 0.000 0.000 0.000 21/02/1965
0.000 0.000 0.000 0.000 0.000 0.000 0.000 0.000 0.000 0.000 0.000 0.000 0.000 0.000 0.000 0.000 0.000 0.000 0.000 0.000 0.000 0.000 0.000 0.000 0.000 0.000 0.000 0.000 0.000 0.000 22/02/1965
0.000 0.000 0.000 0.000 1.800 0.000 0.000 0.000 0.600 1.800 0.000 0.000 0.600 0.600 1.700 0.000 1.000 0.600 0.600 0.600 0.000 1.000 0.600 0.600 0.600 0.000 1.000 0.600 0.600 0.600 23/02/1965
0.000 0.000 0.000 0.000 0.000 0.000 0.000 0.000 0.000 0.000 0.000 0.000 0.000 0.000 0.000 0.000 0.000 0.000 0.000 0.000 0.000 0.000 0.000 0.000 0.000 0.000 0.000 0.000 0.000 0.000 24/02/1965
0.000 0.000 0.000 0.000 0.000 0.000 0.000 0.000 0.000 0.000 0.000 0.000 0.000 0.000 0.000 0.000 0.000 0.000 0.000 0.000 0.000 0.000 0.000 0.000 0.000 0.000 0.000 0.000 0.000 0.000 25/02/1965
0.000 0.000 0.000 0.000 0.000 0.000 0.000 0.000 0.000 0.000 0.000 0.000 0.000 0.000 0.000 0.000 0.000 0.000 0.000 0.000 0.000 0.000 0.000 0.000 0.000 0.000 0.000 0.000 0.000 0.000 26/02/1965
0.000 0.000 0.000 0.000 0.000 0.000 0.000 0.000 0.000 0.000 0.000 0.000 0.000 0.000 0.000 0.100 0.000 0.000 0.000 0.000 0.100 0.000 0.000 0.000 0.000 0.100 0.000 0.000 0.000 0.000 27/02/1965
2.600 2.600 2.600 4.700 4.400 2.600 2.600 2.600 7.300 4.400 2.600 2.600 7.300 7.300 4.300 3.300 6.300 7.300 7.400 7.400 3.400 6.300 7.300 7.300 7.300 3.400 6.200 7.200 7.200 7.400 28/02/1965
5.400 5.400 5.400 3.500 5.100 5.400 5.300 5.400 1.700 5.000 5.400 5.400 1.700 1.700 5.000 8.200 5.300 1.700 1.700 1.700 8.200 5.300 1.700 1.700 1.700 8.100 5.300 1.600 1.700 1.700 01/03/1965
0.100 0.100 0.100 0.300 0.000 0.100 0.000 0.100 0.000 0.000 0.100 0.100 0.000 0.000 0.000 0.000 0.000 0.000 0.000 0.000 0.000 0.000 0.000 0.000 0.000 0.000 0.000 0.000 0.000 0.000 02/03/1965
5.100 5.100 5.100 3.600 4.500 5.200 5.200 5.200 4.400 4.500 5.200 5.200 4.300 4.400 4.500 4.900 3.100 4.300 4.400 4.400 4.800 3.100 4.400 4.300 4.300 4.800 3.100 4.300 4.300 4.400 03/03/1965
8.000 8.000 8.100 4.800 8.300 8.100 8.200 8.100 4.800 8.300 8.100 8.100 4.800 4.800 8.200 13.400 7.100 4.800 4.800 4.800 13.300 7.100 4.800 4.800 4.800 13.100 7.000 4.700 4.700 4.800 04/03/1965
2.500 2.500 2.600 2.300 2.600 2.600 2.600 2.600 1.500 2.500 2.600 2.600 1.500 1.600 2.500 2.100 2.100 1.500 1.600 1.600 2.100 2.100 1.500 1.500 1.500 2.100 2.100 1.500 1.500 1.600 05/03/1965
0.800 0.700 0.700 0.000 0.100 0.600 0.500 0.600 0.100 0.100 0.600 0.600 0.100 0.100 0.100 0.400 2.400 0.100 0.100 0.100 0.400 2.400 0.100 0.100 0.100 0.500 2.400 0.100 0.100 0.100 06/03/1965
0.000 0.000 0.000 0.000 0.000 0.000 0.000 0.000 0.000 0.000 0.000 0.000 0.000 0.000 0.000 0.000 0.000 0.000 0.000 0.000 0.000 0.000 0.000 0.000 0.000 0.000 0.000 0.000 0.000 0.000 07/03/1965
0.000 0.000 0.000 0.000 0.000 0.000 0.000 0.000 0.000 0.000 0.000 0.000 0.000 0.000 0.000 0.000 0.000 0.000 0.000 0.000 0.000 0.000 0.000 0.000 0.000 0.000 0.000 0.000 0.000 0.000 08/03/1965
0.000 0.000 0.000 0.000 0.000 0.000 0.000 0.000 0.000 0.000 0.000 0.000 0.000 0.000 0.000 0.000 0.000 0.000 0.000 0.000 0.000 0.000 0.000 0.000 0.000 0.000 0.000 0.000 0.000 0.000 09/03/1965
0.000 0.000 0.000 0.000 0.000 0.000 0.000 0.000 0.000 0.000 0.000 0.000 0.000 0.000 0.000 0.000 0.000 0.000 0.000 0.000 0.000 0.000 0.000 0.000 0.000 0.000 0.000 0.000 0.000 0.000 10/03/1965
0.000 0.000 0.000 0.000 0.000 0.000 0.000 0.000 0.000 0.000 0.000 0.000 0.000 0.000 0.000 0.000 0.000 0.000 0.000 0.000 0.000 0.000 0.000 0.000 0.000 0.000 0.000 0.000 0.000 0.000 11/03/1965
0.000 0.000 0.000 0.000 0.000 0.000 0.000 0.000 0.300 0.000 0.000 0.000 0.200 0.300 0.000 0.000 0.000 0.200 0.300 0.300 0.000 0.000 0.300 0.200 0.200 0.000 0.000 0.200 0.200 0.300 12/03/1965
3.400 3.400 3.400 2.400 9.400 3.400 3.500 3.400 0.000 9.400 3.400 3.400 0.000 0.000 9.300 1.500 0.000 0.000 0.000 0.000 1.500 0.000 0.000 0.000 0.000 1.500 0.000 0.000 0.000 0.000 13/03/1965
5.600 5.600 5.600 6.700 17.000 5.700 5.700 5.700 15.600 16.900 5.700 5.700 15.600 15.700 16.800 9.900 10.500 15.600 15.800 15.700 9.800 10.600 15.600 15.500 15.500 9.600 10.500 15.400 15.400 15.700 14/03/1965
12.000 12.100 12.100 9.000 4.300 12.200 12.300 12.200 1.900 4.300 12.200 12.200 1.900 1.900 4.300 9.700 7.600 1.900 1.900 1.900 9.700 7.600 1.900 1.900 1.900 9.600 7.600 1.800 1.800 1.900 15/03/1965
0.000 0.000 0.000 0.000 9.500 0.000 0.000 0.000 4.000 9.500 0.000 0.000 4.000 4.000 9.400 0.000 0.000 4.000 4.100 4.100 0.000 0.000 4.000 4.000 4.000 0.000 0.000 4.000 4.000 4.100 16/03/1965
16.200 16.300 16.300 17.700 16.400 16.500 16.600 16.500 17.900 16.300 16.400 16.400 17.800 18.000 16.200 12.200 14.100 17.800 18.100 18.000 12.000 14.100 17.900 17.700 17.700 11.900 14.000 17.500 17.600 18.100 17/03/1965
13.100 13.200 13.200 12.200 4.700 13.300 13.500 13.300 7.900 4.700 13.300 13.300 7.900 8.000 4.600 8.400 7.300 7.900 8.000 8.000 8.300 7.300 7.900 7.900 7.900 8.200 7.200 7.800 7.800 8.000 18/03/1965
0.000 0.000 0.000 0.200 1.300 0.000 0.000 0.000 0.800 1.300 0.000 0.000 0.800 0.800 1.300 0.000 0.000 0.800 0.800 0.800 0.000 0.000 0.800 0.800 0.800 0.000 0.000 0.800 0.800 0.800 19/03/1965
2.300 2.300 2.300 1.200 2.800 2.300 2.300 2.300 5.000 2.800 2.300 2.300 5.000 5.100 2.800 2.700 0.000 5.000 5.100 5.100 2.600 0.000 5.000 5.000 5.000 2.600 0.000 5.000 5.000 5.100 20/03/1965
4.300 4.300 4.300 3.000 9.700 4.400 4.400 4.400 12.100 9.600 4.300 4.300 12.100 12.200 9.500 7.100 4.300 12.100 12.200 12.200 7.100 4.300 12.100 12.100 12.100 7.000 4.300 12.000 12.000 12.200 21/03/1965
11.800 11.800 11.900 9.800 14.500 12.000 12.100 12.000 15.800 14.500 12.000 11.900 15.700 15.800 14.300 6.100 5.800 15.700 15.900 15.800 6.100 5.800 15.800 15.700 15.700 6.000 5.800 15.600 15.600 15.900 22/03/1965
14.600 14.700 14.800 10.600 13.100 14.900 15.100 14.900 12.500 13.100 14.900 14.800 12.400 12.600 13.000 11.300 9.400 12.400 12.600 12.600 11.200 9.400 12.500 12.300 12.300 11.000 9.300 12.200 12.200 12.600 23/03/1965
1.800 1.800 1.800 1.600 0.400 1.800 1.900 1.800 0.200 0.400 1.800 1.800 0.200 0.200 0.400 0.800 1.400 0.200 0.200 0.200 0.800 1.400 0.200 0.200 0.200 0.800 1.400 0.200 0.200 0.200 24/03/1965
0.200 0.200 0.200 0.000 0.000 0.300 0.300 0.300 0.000 0.000 0.300 0.200 0.000 0.000 0.000 0.000 0.300 0.000 0.000 0.000 0.000 0.300 0.000 0.000 0.000 0.000 0.300 0.000 0.000 0.000 25/03/1965
0.000 0.000 0.000 0.000 0.000 0.000 0.000 0.000 0.000 0.000 0.000 0.000 0.000 0.000 0.000 0.000 0.000 0.000 0.000 0.000 0.000 0.000 0.000 0.000 0.000 0.000 0.000 0.000 0.000 0.000 26/03/1965
0.000 0.000 0.000 0.000 0.000 0.000 0.000 0.000 0.000 0.000 0.000 0.000 0.000 0.000 0.000 0.000 0.000 0.000 0.000 0.000 0.000 0.000 0.000 0.000 0.000 0.000 0.000 0.000 0.000 0.000 27/03/1965
0.000 0.000 0.000 0.000 0.000 0.000 0.000 0.000 0.000 0.000 0.000 0.000 0.000 0.000 0.000 0.000 0.000 0.000 0.000 0.000 0.000 0.000 0.000 0.000 0.000 0.000 0.000 0.000 0.000 0.000 28/03/1965
0.000 0.000 0.000 0.000 0.000 0.000 0.000 0.000 0.000 0.000 0.000 0.000 0.000 0.000 0.000 0.000 0.000 0.000 0.000 0.000 0.000 0.000 0.000 0.000 0.000 0.000 0.000 0.000 0.000 0.000 29/03/1965
0.000 0.000 0.000 0.000 0.000 0.000 0.000 0.000 0.000 0.000 0.000 0.000 0.000 0.000 0.000 0.000 0.000 0.000 0.000 0.000 0.000 0.000 0.000 0.000 0.000 0.000 0.000 0.000 0.000 0.000 30/03/1965
0.000 0.000 0.000 0.000 0.000 0.000 0.000 0.000 0.000 0.000 0.000 0.000 0.000 0.000 0.000 0.000 0.000 0.000 0.000 0.000 0.000 0.000 0.000 0.000 0.000 0.000 0.000 0.000 0.000 0.000 31/03/1965
0.000 0.000 0.000 0.000 0.000 0.000 0.000 0.000 0.000 0.000 0.000 0.000 0.000 0.000 0.000 0.000 0.000 0.000 0.000 0.000 0.000 0.000 0.000 0.000 0.000 0.000 0.000 0.000 0.000 0.000 01/04/1965
0.000 0.000 0.000 0.000 0.000 0.000 0.000 0.000 0.000 0.000 0.000 0.000 0.000 0.000 0.000 0.000 0.000 0.000 0.000 0.000 0.000 0.000 0.000 0.000 0.000 0.000 0.000 0.000 0.000 0.000 02/04/1965
0.000 0.000 0.000 0.000 0.000 0.000 0.000 0.000 0.000 0.000 0.000 0.000 0.000 0.000 0.000 0.000 0.000 0.000 0.000 0.000 0.000 0.000 0.000 0.000 0.000 0.000 0.000 0.000 0.000 0.000 03/04/1965
2.300 2.300 2.300 1.200 0.000 2.300 2.300 2.300 0.100 0.000 2.300 2.300 0.100 0.100 0.000 2.800 2.000 0.100 0.100 0.100 2.800 2.100 0.100 0.100 0.100 2.800 2.000 0.100 0.100 0.100 04/04/1965
3.400 3.400 3.400 0.400 6.100 3.500 3.500 3.500 2.600 6.100 3.500 3.400 2.600 2.700 6.100 7.300 1.400 2.600 2.700 2.700 7.200 1.400 2.600 2.600 2.600 7.100 1.400 2.600 2.600 2.700 05/04/1965
0.100 0.100 0.100 0.000 0.000 0.100 0.100 0.100 0.000 0.000 0.100 0.100 0.000 0.000 0.000 0.000 0.000 0.000 0.000 0.000 0.000 0.000 0.000 0.000 0.000 0.000 0.000 0.000 0.000 0.000 06/04/1965
0.700 0.700 0.700 1.500 0.900 0.700 0.700 0.700 0.200 0.900 0.700 0.700 0.200 0.200 0.900 0.200 0.100 0.200 0.200 0.200 0.100 0.100 0.200 0.200 0.200 0.100 0.100 0.200 0.200 0.200 07/04/1965
0.200 0.200 0.200 0.000 0.100 0.200 0.200 0.200 0.000 0.100 0.200 0.200 0.000 0.000 0.100 0.600 0.300 0.000 0.000 0.000 0.600 0.300 0.000 0.000 0.000 0.600 0.300 0.000 0.000 0.000 08/04/1965
0.000 0.000 0.000 0.400 2.000 0.000 0.000 0.000 1.300 2.000 0.000 0.000 1.300 1.300 2.000 0.100 0.200 1.300 1.300 1.300 0.100 0.200 1.300 1.300 1.300 0.100 0.200 1.300 1.300 1.300 09/04/1965
5.700 5.800 5.800 6.900 6.000 5.800 5.900 5.800 7.400 6.000 5.800 5.800 7.400 7.500 5.900 6.600 3.600 7.400 7.500 7.500 6.600 3.700 7.400 7.400 7.400 6.500 3.600 7.300 7.300 7.500 10/04/1965
1.600 1.600 1.600 0.700 3.500 1.600 1.600 1.600 0.400 3.500 1.600 1.600 0.400 0.500 3.500 1.700 1.100 0.400 0.500 0.500 1.600 1.100 0.400 0.400 0.400 1.600 1.100 0.400 0.400 0.500 11/04/1965
8.000 8.100 8.100 4.800 8.300 8.200 8.300 8.200 13.300 8.300 8.200 8.200 13.200 13.300 8.200 14.600 9.900 13.200 13.400 13.300 14.400 9.900 13.300 13.200 13.200 14.300 9.900 13.100 13.100 13.300 12/04/1965
0.300 0.300 0.300 0.600 1.900 0.300 0.300 0.300 1.400 1.900 0.300 0.300 1.400 1.400 1.900 2.300 1.900 1.400 1.400 1.400 2.300 1.900 1.400 1.400 1.400 2.200 1.900 1.300 1.300 1.400 13/04/1965
2.400 2.400 2.400 2.700 2.300 2.400 2.400 2.400 1.700 2.200 2.400 2.400 1.700 1.700 2.200 2.400 1.700 1.700 1.700 1.700 2.300 1.700 1.700 1.700 1.700 2.300 1.700 1.600 1.600 1.700 14/04/1965
0.600 0.600 0.600 1.600 4.300 0.600 0.600 0.600 1.400 4.300 0.600 0.600 1.400 1.400 4.200 0.800 1.600 1.400 1.400 1.400 0.800 1.600 1.400 1.400 1.400 0.800 1.600 1.400 1.400 1.400 15/04/1965
0.200 0.200 0.200 0.600 0.600 0.200 0.300 0.200 0.200 0.600 0.200 0.200 0.200 0.200 0.600 0.200 0.000 0.200 0.200 0.200 0.200 0.000 0.200 0.200 0.200 0.200 0.000 0.200 0.200 0.200 16/04/1965
3.200 3.300 3.300 2.500 5.400 3.300 3.300 3.300 4.000 5.400 3.300 3.300 4.000 4.000 5.400 1.800 2.300 4.000 4.000 4.000 1.700 2.300 4.000 4.000 4.000 1.700 2.200 4.000 4.000 4.000 17/04/1965
0.100 0.100 0.100 1.200 1.100 0.100 0.100 0.100 0.700 1.100 0.100 0.100 0.700 0.700 1.100 0.600 0.700 0.700 0.700 0.700 0.600 0.700 0.700 0.700 0.700 0.600 0.700 0.700 0.700 0.700 18/04/1965
4.500 4.500 4.500 4.100 4.700 4.600 4.600 4.600 3.600 4.700 4.500 4.500 3.600 3.600 4.700 4.900 2.500 3.600 3.700 3.700 4.800 2.500 3.600 3.600 3.600 4.800 2.500 3.500 3.500 3.700 19/04/1965
5.400 5.400 5.400 5.200 1.000 5.500 5.500 5.500 1.500 1.200 5.500 5.400 1.600 1.400 1.400 3.100 4.300 1.600 1.300 1.300 3.200 4.300 1.500 1.700 1.700 3.400 4.300 1.900 1.900 1.300 20/04/1965
0.000 0.000 0.000 0.000 0.000 0.000 0.000 0.000 0.000 0.000 0.000 0.000 0.000 0.000 0.000 0.000 0.000 0.000 0.000 0.000 0.000 0.000 0.000 0.000 0.000 0.000 0.000 0.000 0.000 0.000 21/04/1965
0.000 0.000 0.000 0.000 0.000 0.000 0.000 0.000 0.000 0.000 0.000 0.000 0.000 0.000 0.000 0.000 0.000 0.000 0.000 0.000 0.000 0.000 0.000 0.000 0.000 0.000 0.000 0.000 0.000 0.000 22/04/1965
0.000 0.000 0.000 0.100 0.000 0.000 0.000 0.000 0.000 0.000 0.000 0.000 0.000 0.000 0.000 0.000 0.000 0.000 0.000 0.000 0.000 0.000 0.000 0.000 0.000 0.000 0.000 0.000 0.000 0.000 23/04/1965
4.600 4.600 4.600 3.200 2.400 4.700 4.700 4.700 4.300 2.400 4.700 4.700 4.300 4.400 2.400 4.300 5.200 4.300 4.400 4.400 4.300 5.200 4.300 4.300 4.300 4.200 5.100 4.300 4.300 4.400 24/04/1965
10.400 10.500 10.500 10.200 12.800 10.600 10.700 10.600 13.900 12.700 10.600 10.600 13.800 13.900 12.600 4.900 5.300 13.800 14.000 14.000 4.800 5.300 13.900 13.800 13.800 4.800 5.200 13.700 13.700 14.000 25/04/1965
1.600 1.600 1.600 1.900 2.000 1.600 1.700 1.600 2.500 2.000 1.600 1.600 2.500 2.500 2.000 0.700 0.800 2.500 2.500 2.500 0.700 0.800 2.500 2.500 2.500 0.700 0.800 2.500 2.500 2.500 26/04/1965
8.400 8.500 8.500 5.100 7.400 8.600 8.600 8.600 8.800 7.300 8.600 8.500 8.700 8.800 7.300 0.300 2.300 8.800 8.800 8.800 0.300 2.300 8.800 8.700 8.700 0.300 2.300 8.600 8.700 8.800 27/04/1965
2.200 2.200 2.200 1.200 2.800 2.200 2.300 2.200 2.400 2.700 2.200 2.200 2.400 2.400 2.700 0.800 1.800 2.400 2.500 2.500 0.800 1.800 2.400 2.400 2.400 0.800 1.700 2.400 2.400 2.500 28/04/1965
0.000 0.000 0.000 0.000 0.000 0.000 0.000 0.000 0.000 0.000 0.000 0.000 0.000 0.000 0.000 0.000 0.000 0.000 0.000 0.000 0.000 0.000 0.000 0.000 0.000 0.000 0.000 0.000 0.000 0.000 29/04/1965
3.100 3.100 3.100 3.200 3.100 3.100 3.200 3.100 2.600 3.100 3.100 3.100 2.600 2.600 3.000 2.700 6.600 2.600 2.600 2.600 2.700 6.600 2.600 2.600 2.600 2.700 6.600 2.600 2.600 2.600 30/04/1965
4.100 4.100 4.200 7.500 18.100 4.200 4.200 4.200 11.300 18.000 4.200 4.200 11.200 11.400 17.900 4.000 9.200 11.300 11.400 11.400 4.000 9.200 11.300 11.200 11.200 4.000 9.100 11.100 11.100 11.400 01/05/1965
5.500 5.500 5.500 6.400 8.300 5.600 5.600 5.600 3.700 8.300 5.600 5.600 3.600 3.700 8.200 4.100 3.100 3.700 3.700 3.700 4.000 3.100 3.700 3.600 3.600 4.000 3.100 3.600 3.600 3.700 02/05/1965
7.300 7.300 7.300 7.500 10.100 7.400 7.500 7.400 3.800 10.000 7.400 7.400 3.800 3.800 9.900 4.800 4.800 3.800 3.900 3.800 4.800 4.800 3.800 3.800 3.800 4.700 4.800 3.700 3.700 3.900 03/05/1965
8.200 8.200 8.300 9.400 9.100 8.300 8.400 8.300 5.200 9.000 8.300 8.300 5.200 5.300 9.000 4.500 4.900 5.200 5.300 5.300 4.400 4.900 5.200 5.200 5.200 4.400 4.900 5.100 5.100 5.300 04/05/1965
1.600 1.600 1.600 0.000 2.800 1.600 1.600 1.600 1.300 2.800 1.600 1.600 1.300 1.300 2.800 0.300 2.000 1.300 1.300 1.300 0.300 2.000 1.300 1.300 1.300 0.300 2.000 1.300 1.300 1.300 05/05/1965
0.000 0.000 0.000 0.000 0.000 0.000 0.000 0.000 0.000 0.000 0.000 0.000 0.000 0.000 0.000 0.000 0.000 0.000 0.000 0.000 0.000 0.000 0.000 0.000 0.000 0.000 0.000 0.000 0.000 0.000 06/05/1965
0.000 0.000 0.000 0.000 0.000 0.000 0.000 0.000 0.000 0.000 0.000 0.000 0.000 0.000 0.000 0.000 0.000 0.000 0.000 0.000 0.000 0.000 0.000 0.000 0.000 0.000 0.000 0.000 0.000 0.000 07/05/1965
0.000 0.000 0.000 0.000 0.000 0.000 0.000 0.000 0.000 0.000 0.000 0.000 0.000 0.000 0.000 0.000 0.000 0.000 0.000 0.000 0.000 0.000 0.000 0.000 0.000 0.000 0.000 0.000 0.000 0.000 08/05/1965
0.000 0.000 0.000 0.000 0.000 0.000 0.000 0.000 0.000 0.000 0.000 0.000 0.000 0.000 0.000 0.000 0.000 0.000 0.000 0.000 0.000 0.000 0.000 0.000 0.000 0.000 0.000 0.000 0.000 0.000 09/05/1965
0.000 0.000 0.000 0.000 0.000 0.000 0.000 0.000 0.000 0.000 0.000 0.000 0.000 0.000 0.000 0.000 0.000 0.000 0.000 0.000 0.000 0.000 0.000 0.000 0.000 0.000 0.000 0.000 0.000 0.000 10/05/1965
0.000 0.000 0.000 0.000 0.000 0.000 0.000 0.000 0.000 0.000 0.000 0.000 0.000 0.000 0.000 0.000 0.000 0.000 0.000 0.000 0.000 0.000 0.000 0.000 0.000 0.000 0.000 0.000 0.000 0.000 11/05/1965
0.000 0.000 0.000 0.000 0.000 0.000 0.000 0.000 0.000 0.000 0.000 0.000 0.000 0.000 0.000 0.000 0.000 0.000 0.000 0.000 0.000 0.000 0.000 0.000 0.000 0.000 0.000 0.000 0.000 0.000 12/05/1965
0.000 0.000 0.000 0.000 0.000 0.000 0.000 0.000 0.000 0.000 0.000 0.000 0.000 0.000 0.000 0.000 0.000 0.000 0.000 0.000 0.000 0.000 0.000 0.000 0.000 0.000 0.000 0.000 0.000 0.000 13/05/1965
0.000 0.000 0.000 0.000 0.000 0.000 0.000 0.000 0.000 0.000 0.000 0.000 0.000 0.000 0.000 0.000 0.000 0.000 0.000 0.000 0.000 0.000 0.000 0.000 0.000 0.000 0.000 0.000 0.000 0.000 14/05/1965
0.000 0.000 0.000 0.000 0.000 0.000 0.000 0.000 0.000 0.000 0.000 0.000 0.000 0.000 0.000 0.000 0.000 0.000 0.000 0.000 0.000 0.000 0.000 0.000 0.000 0.000 0.000 0.000 0.000 0.000 15/05/1965
0.000 0.000 0.000 1.500 0.600 0.000 0.000 0.000 0.400 0.600 0.000 0.000 0.400 0.400 0.600 0.000 1.200 0.400 0.400 0.400 0.000 1.200 0.400 0.400 0.400 0.000 1.200 0.400 0.400 0.400 16/05/1965
0.700 0.700 0.700 2.300 1.400 0.700 0.700 0.700 1.000 1.400 0.700 0.700 1.000 1.000 1.400 0.000 3.300 1.000 1.000 1.000 0.000 3.300 1.000 1.000 1.000 0.000 3.300 1.000 1.000 1.000 17/05/1965
0.100 0.100 0.100 0.100 3.200 0.100 0.100 0.100 3.400 3.200 0.100 0.100 3.400 3.500 3.100 0.300 3.600 3.400 3.500 3.500 0.300 3.600 3.400 3.400 3.400 0.300 3.600 3.400 3.400 3.500 18/05/1965
6.600 6.700 6.700 2.900 7.300 6.700 6.800 6.700 6.900 7.300 6.700 6.700 6.900 6.900 7.200 10.800 8.600 6.900 7.000 7.000 10.700 8.600 6.900 6.900 6.900 10.600 8.600 6.800 6.800 7.000 19/05/1965
0.700 0.700 0.700 0.100 1.000 0.700 0.800 0.700 1.100 1.000 0.700 0.700 1.100 1.100 0.900 1.400 0.200 1.100 1.100 1.100 1.400 0.300 1.100 1.100 1.100 1.400 0.200 1.100 1.100 1.100 20/05/1965
0.000 0.000 0.000 0.000 0.000 0.000 0.000 0.000 0.000 0.000 0.000 0.000 0.000 0.000 0.000 0.000 0.000 0.000 0.000 0.000 0.000 0.000 0.000 0.000 0.000 0.000 0.000 0.000 0.000 0.000 21/05/1965
0.900 0.900 0.900 1.400 4.600 0.900 0.900 0.900 2.900 4.600 0.900 0.900 2.800 2.900 4.600 1.900 2.400 2.900 2.900 2.900 1.900 2.400 2.900 2.800 2.800 1.800 2.400 2.800 2.800 2.900 22/05/1965
1.800 1.900 1.900 2.300 0.900 1.900 1.900 1.900 1.200 0.900 1.900 1.900 1.200 1.300 0.900 1.300 2.700 1.200 1.300 1.300 1.300 2.700 1.200 1.200 1.200 1.300 2.700 1.200 1.200 1.300 23/05/1965
1.500 1.600 1.600 0.100 0.600 1.600 1.600 1.600 1.000 0.600 1.600 1.600 1.000 1.000 0.600 1.100 0.200 1.000 1.000 1.000 1.100 0.200 1.000 1.000 1.000 1.100 0.200 1.000 1.000 1.000 24/05/1965
0.000 0.000 0.000 0.000 0.000 0.000 0.000 0.000 0.000 0.000 0.000 0.000 0.000 0.000 0.000 0.000 0.000 0.000 0.000 0.000 0.000 0.000 0.000 0.000 0.000 0.000 0.000 0.000 0.000 0.000 25/05/1965
0.000 0.000 0.000 0.000 0.000 0.000 0.000 0.000 0.000 0.000 0.000 0.000 0.000 0.000 0.000 0.000 0.000 0.000 0.000 0.000 0.000 0.000 0.000 0.000 0.000 0.000 0.000 0.000 0.000 0.000 26/05/1965
0.400 0.400 0.400 10.100 13.900 0.400 0.500 0.400 6.400 13.900 0.400 0.400 6.400 6.400 13.700 0.000 0.000 6.400 6.500 6.500 0.000 0.000 6.400 6.400 6.400 0.000 0.000 6.300 6.400 6.500 27/05/1965
3.800 3.800 3.800 5.900 3.300 3.800 3.900 3.800 1.200 3.300 3.800 3.800 1.200 1.200 3.300 0.900 3.500 1.200 1.300 1.300 0.900 3.500 1.200 1.200 1.200 0.900 3.500 1.200 1.200 1.300 28/05/1965
2.300 2.300 2.300 8.900 1.000 2.300 2.400 2.300 0.800 1.000 2.300 2.300 0.800 0.800 1.000 6.200 0.600 0.800 0.800 0.800 6.200 0.600 0.800 0.800 0.800 6.100 0.600 0.700 0.700 0.800 29/05/1965
0.500 0.500 0.500 0.100 0.600 0.500 0.500 0.500 0.400 0.600 0.500 0.500 0.400 0.400 0.600 0.000 3.400 0.400 0.400 0.400 0.000 3.400 0.400 0.400 0.400 0.000 3.400 0.400 0.400 0.400 30/05/1965
0.000 0.000 0.000 0.000 0.200 0.000 0.000 0.000 0.000 0.200 0.000 0.000 0.000 0.000 0.200 0.000 0.000 0.000 0.000 0.000 0.000 0.000 0.000 0.000 0.000 0.000 0.000 0.000 0.000 0.000 31/05/1965
2.300 2.400 2.400 1.500 0.000 2.400 2.400 2.400 0.300 0.000 2.400 2.400 0.300 0.300 0.000 0.800 0.000 0.300 0.300 0.300 0.800 0.000 0.300 0.300 0.300 0.800 0.000 0.300 0.300 0.300 01/06/1965
5.400 5.400 5.400 0.700 0.300 5.500 5.500 5.500 0.000 0.300 5.500 5.500 0.000 0.000 0.300 6.700 0.200 0.000 0.000 0.000 6.600 0.200 0.000 0.000 0.000 6.500 0.200 0.000 0.000 0.000 02/06/1965
0.900 0.900 0.900 0.000 0.800 0.900 0.900 0.900 0.800 0.800 0.900 0.900 0.800 0.800 0.800 0.100 0.300 0.800 0.800 0.800 0.100 0.300 0.800 0.800 0.800 0.100 0.300 0.800 0.800 0.800 03/06/1965
0.000 0.000 0.000 0.000 0.100 0.000 0.000 0.000 0.000 0.100 0.000 0.000 0.000 0.000 0.100 0.000 0.000 0.000 0.000 0.000 0.000 0.000 0.000 0.000 0.000 0.000 0.000 0.000 0.000 0.000 04/06/1965
0.000 0.000 0.000 0.000 0.500 0.000 0.000 0.000 0.000 0.500 0.000 0.000 0.000 0.000 0.500 0.100 0.700 0.000 0.000 0.000 0.100 0.700 0.000 0.000 0.000 0.100 0.700 0.000 0.000 0.000 05/06/1965
4.200 4.200 4.300 5.500 1.200 4.300 4.300 4.300 0.500 1.200 4.300 4.300 0.500 0.500 1.200 8.000 8.000 0.500 0.500 0.500 7.900 8.100 0.500 0.500 0.500 7.800 8.000 0.500 0.500 0.500 06/06/1965
8.500 8.500 8.600 5.000 7.600 8.600 8.700 8.600 12.500 7.600 8.600 8.600 12.400 12.500 7.500 12.700 6.100 12.500 12.500 12.500 12.600 6.100 12.500 12.400 12.400 12.400 6.100 12.300 12.300 12.500 07/06/1965
9.000 9.100 9.100 4.200 8.500 9.200 9.300 9.200 8.200 8.400 9.200 9.200 8.100 8.200 8.300 12.100 10.800 8.200 8.300 8.300 12.000 10.800 8.200 8.100 8.100 11.900 10.800 8.000 8.000 8.300 08/06/1965
2.400 2.400 2.400 0.200 3.700 2.500 2.500 2.500 2.100 3.700 2.500 2.400 2.100 2.200 3.700 4.100 2.900 2.100 2.200 2.200 4.000 2.900 2.100 2.100 2.100 4.000 2.900 2.100 2.100 2.200 09/06/1965
0.000 0.000 0.000 0.000 0.000 0.000 0.000 0.000 0.000 0.000 0.000 0.000 0.000 0.000 0.000 0.000 0.000 0.000 0.000 0.000 0.000 0.000 0.000 0.000 0.000 0.000 0.000 0.000 0.000 0.000 10/06/1965
0.000 0.000 0.000 0.000 0.000 0.000 0.000 0.000 0.000 0.000 0.000 0.000 0.000 0.000 0.000 0.000 0.000 0.000 0.000 0.000 0.000 0.000 0.000 0.000 0.000 0.000 0.000 0.000 0.000 0.000 11/06/1965
0.000 0.000 0.000 0.000 0.000 0.000 0.000 0.000 0.000 0.000 0.000 0.000 0.000 0.000 0.000 0.000 0.000 0.000 0.000 0.000 0.000 0.000 0.000 0.000 0.000 0.000 0.000 0.000 0.000 0.000 12/06/1965
0.000 0.000 0.000 0.000 0.000 0.000 0.000 0.000 0.000 0.000 0.000 0.000 0.000 0.000 0.000 0.000 0.000 0.000 0.000 0.000 0.000 0.000 0.000 0.000 0.000 0.000 0.000 0.000 0.000 0.000 13/06/1965
0.000 0.000 0.000 0.000 0.000 0.000 0.000 0.000 0.000 0.000 0.000 0.000 0.000 0.000 0.000 0.000 0.000 0.000 0.000 0.000 0.000 0.000 0.000 0.000 0.000 0.000 0.000 0.000 0.000 0.000 14/06/1965
0.000 0.000 0.000 0.000 0.000 0.000 0.000 0.000 0.000 0.000 0.000 0.000 0.000 0.000 0.000 0.000 0.000 0.000 0.000 0.000 0.000 0.000 0.000 0.000 0.000 0.000 0.000 0.000 0.000 0.000 15/06/1965
0.700 0.700 0.700 3.600 0.100 0.700 0.800 0.700 0.000 0.100 0.700 0.700 0.000 0.000 0.100 0.000 0.000 0.000 0.000 0.000 0.000 0.000 0.000 0.000 0.000 0.000 0.000 0.000 0.000 0.000 16/06/1965
0.000 0.000 0.000 0.000 0.000 0.000 0.000 0.000 0.000 0.000 0.000 0.000 0.000 0.000 0.000 0.000 0.000 0.000 0.000 0.000 0.000 0.000 0.000 0.000 0.000 0.000 0.000 0.000 0.000 0.000 17/06/1965
0.000 0.000 0.000 0.000 0.000 0.000 0.000 0.000 0.000 0.000 0.000 0.000 0.000 0.000 0.000 0.000 0.000 0.000 0.000 0.000 0.000 0.000 0.000 0.000 0.000 0.000 0.000 0.000 0.000 0.000 18/06/1965
2.400 2.500 2.500 2.100 3.600 2.500 2.500 2.500 2.300 3.600 2.500 2.500 2.300 2.300 3.500 3.700 0.000 2.300 2.300 2.300 3.700 0.000 2.300 2.300 2.300 3.600 0.000 2.200 2.200 2.300 19/06/1965
0.200 0.200 0.200 0.100 0.000 0.200 0.200 0.200 0.300 0.000 0.200 0.200 0.300 0.300 0.000 0.000 0.000 0.300 0.300 0.300 0.000 0.000 0.300 0.300 0.300 0.000 0.000 0.300 0.300 0.300 20/06/1965
0.000 0.000 0.000 0.000 0.000 0.000 0.000 0.000 0.000 0.000 0.000 0.000 0.000 0.000 0.000 0.000 0.000 0.000 0.000 0.000 0.000 0.000 0.000 0.000 0.000 0.000 0.000 0.000 0.000 0.000 21/06/1965
0.200 0.200 0.200 0.100 0.000 0.200 0.200 0.200 0.000 0.000 0.200 0.200 0.000 0.000 0.000 0.200 0.000 0.000 0.000 0.000 0.200 0.000 0.000 0.000 0.000 0.200 0.000 0.000 0.000 0.000 22/06/1965
0.000 0.000 0.000 0.000 0.000 0.000 0.000 0.000 0.000 0.000 0.000 0.000 0.000 0.000 0.000 0.000 0.000 0.000 0.000 0.000 0.000 0.000 0.000 0.000 0.000 0.000 0.000 0.000 0.000 0.000 23/06/1965
0.000 0.000 0.000 0.000 0.000 0.000 0.000 0.000 0.000 0.000 0.000 0.000 0.000 0.000 0.000 0.000 0.000 0.000 0.000 0.000 0.000 0.000 0.000 0.000 0.000 0.000 0.000 0.000 0.000 0.000 24/06/1965
0.000 0.000 0.000 0.000 0.000 0.000 0.000 0.000 0.000 0.000 0.000 0.000 0.000 0.000 0.000 0.000 0.000 0.000 0.000 0.000 0.000 0.000 0.000 0.000 0.000 0.000 0.000 0.000 0.000 0.000 25/06/1965
0.900 0.900 0.900 1.200 1.100 0.900 0.900 0.900 0.000 1.100 0.900 0.900 0.000 0.000 1.100 0.700 1.100 0.000 0.000 0.000 0.600 1.100 0.000 0.000 0.000 0.600 1.100 0.000 0.000 0.000 26/06/1965
8.700 8.700 8.800 5.600 4.600 8.900 8.900 8.900 6.800 4.600 8.800 8.800 6.700 6.800 4.600 10.100 10.100 6.700 6.800 6.800 10.000 10.100 6.800 6.700 6.700 9.800 10.000 6.700 6.700 6.800 27/06/1965
0.800 0.800 0.800 0.000 0.000 0.800 0.800 0.800 0.000 0.000 0.800 0.800 0.000 0.000 0.000 0.100 3.100 0.000 0.000 0.000 0.100 3.100 0.000 0.000 0.000 0.100 3.100 0.000 0.000 0.000 28/06/1965
0.000 0.000 0.000 0.000 0.000 0.000 0.000 0.000 0.000 0.000 0.000 0.000 0.000 0.000 0.000 0.000 0.000 0.000 0.000 0.000 0.000 0.000 0.000 0.000 0.000 0.000 0.000 0.000 0.000 0.000 29/06/1965
0.000 0.000 0.000 0.000 0.000 0.000 0.000 0.000 0.000 0.000 0.000 0.000 0.000 0.000 0.000 0.000 0.000 0.000 0.000 0.000 0.000 0.000 0.000 0.000 0.000 0.000 0.000 0.000 0.000 0.000 30/06/1965
0.000 0.000 0.000 18.000 0.000 0.000 0.000 0.000 0.000 0.000 0.000 0.000 0.000 0.000 0.000 0.000 0.000 0.000 0.000 0.000 0.000 0.000 0.000 0.000 0.000 0.000 0.000 0.000 0.000 0.000 01/07/1965
0.000 0.000 0.000 0.000 0.000 0.000 0.000 0.000 0.000 0.000 0.000 0.000 0.000 0.000 0.000 0.000 0.000 0.000 0.000 0.000 0.000 0.000 0.000 0.000 0.000 0.000 0.000 0.000 0.000 0.000 02/07/1965
0.000 0.000 0.000 0.000 0.000 0.000 0.000 0.000 0.000 0.000 0.000 0.000 0.000 0.000 0.000 1.700 1.200 0.000 0.000 0.000 1.700 1.200 0.000 0.000 0.000 1.700 1.200 0.000 0.000 0.000 03/07/1965
0.900 0.900 0.900 1.400 13.900 0.900 0.900 0.900 1.700 13.800 0.900 0.900 1.700 1.700 13.700 5.300 2.600 1.700 1.700 1.700 5.200 2.600 1.700 1.700 1.700 5.200 2.500 1.600 1.600 1.700 04/07/1965
0.000 0.000 0.000 0.000 0.000 0.000 0.000 0.000 0.000 0.000 0.000 0.000 0.000 0.000 0.000 0.000 0.000 0.000 0.000 0.000 0.000 0.000 0.000 0.000 0.000 0.000 0.000 0.000 0.000 0.000 05/07/1965
0.900 0.900 0.900 0.600 0.100 0.900 0.900 0.900 0.700 0.100 0.900 0.900 0.700 0.700 0.100 1.700 0.700 0.700 0.700 0.700 1.700 0.700 0.700 0.700 0.700 1.700 0.700 0.700 0.700 0.700 06/07/1965
5.300 5.300 5.300 2.400 1.800 5.400 5.400 5.400 1.800 1.800 5.400 5.300 1.700 1.800 1.800 5.900 0.100 1.700 1.800 1.800 5.900 0.100 1.800 1.700 1.700 5.800 0.100 1.700 1.700 1.800 07/07/1965
0.400 0.400 0.400 0.100 1.700 0.500 0.500 0.500 0.600 1.700 0.500 0.400 0.500 0.600 1.700 0.900 2.600 0.600 0.600 0.600 0.900 2.600 0.600 0.500 0.500 0.900 2.600 0.500 0.500 0.600 08/07/1965
0.000 0.000 0.000 0.000 0.000 0.000 0.000 0.000 0.000 0.000 0.000 0.000 0.000 0.000 0.000 0.000 0.000 0.000 0.000 0.000 0.000 0.000 0.000 0.000 0.000 0.000 0.000 0.000 0.000 0.000 09/07/1965
0.000 0.000 0.000 0.000 0.000 0.000 0.000 0.000 0.000 0.000 0.000 0.000 0.000 0.000 0.000 0.000 0.000 0.000 0.000 0.000 0.000 0.000 0.000 0.000 0.000 0.000 0.000 0.000 0.000 0.000 10/07/1965
0.000 0.000 0.000 0.000 0.000 0.000 0.000 0.000 0.000 0.000 0.000 0.000 0.000 0.000 0.000 0.000 0.000 0.000 0.000 0.000 0.000 0.000 0.000 0.000 0.000 0.000 0.000 0.000 0.000 0.000 11/07/1965
0.000 0.000 0.000 0.000 0.100 0.000 0.000 0.000 0.000 0.100 0.000 0.000 0.000 0.000 0.100 0.000 0.700 0.000 0.000 0.000 0.000 0.700 0.000 0.000 0.000 0.000 0.700 0.000 0.000 0.000 12/07/1965
11.400 11.500 11.500 9.700 8.900 11.600 11.800 11.600 6.500 8.800 11.600 11.600 6.400 6.500 8.700 8.900 12.100 6.400 6.500 6.500 8.900 12.100 6.500 6.400 6.400 8.800 12.000 6.400 6.400 6.500 13/07/1965
12.900 13.000 13.000 11.800 19.800 13.100 13.300 13.100 21.100 19.700 13.100 13.100 21.000 21.200 19.600 12.100 20.800 21.000 21.300 21.300 11.900 20.900 21.100 20.900 20.900 11.800 20.700 20.700 20.700 21.300 14/07/1965
0.200 0.200 0.200 0.200 3.300 0.200 0.200 0.200 2.400 3.200 0.200 0.200 2.400 2.400 3.200 0.200 0.100 2.400 2.400 2.400 0.200 0.100 2.400 2.400 2.400 0.200 0.100 2.300 2.300 2.400 15/07/1965
2.900 3.000 3.000 0.000 0.100 3.000 3.000 3.000 0.500 0.100 3.000 3.000 0.500 0.500 0.100 6.900 2.500 0.500 0.500 0.500 6.900 2.500 0.500 0.500 0.500 6.800 2.400 0.500 0.500 0.500 16/07/1965
0.000 0.000 0.000 0.000 0.000 0.000 0.000 0.000 0.000 0.000 0.000 0.000 0.000 0.000 0.000 0.000 0.000 0.000 0.000 0.000 0.000 0.000 0.000 0.000 0.000 0.000 0.000 0.000 0.000 0.000 17/07/1965
0.000 0.000 0.000 0.000 0.000 0.000 0.000 0.000 0.000 0.000 0.000 0.000 0.000 0.000 0.000 0.000 0.000 0.000 0.000 0.000 0.000 0.000 0.000 0.000 0.000 0.000 0.000 0.000 0.000 0.000 18/07/1965
0.000 0.000 0.000 0.000 3.500 0.000 0.000 0.000 2.700 3.500 0.000 0.000 2.700 2.700 3.400 0.000 2.300 2.700 2.700 2.700 0.000 2.300 2.700 2.700 2.700 0.000 2.300 2.700 2.700 2.700 19/07/1965
11.200 11.200 11.300 14.300 5.700 11.400 11.500 11.400 6.500 5.700 11.400 11.300 6.500 6.500 5.600 14.200 18.700 6.500 6.600 6.600 14.000 18.800 6.500 6.400 6.400 13.900 18.600 6.400 6.400 6.600 20/07/1965
4.100 4.100 4.200 1.400 2.500 4.200 4.200 4.200 1.900 2.500 4.200 4.200 1.900 1.900 2.500 3.300 2.000 1.900 1.900 1.900 3.300 2.000 1.900 1.900 1.900 3.200 2.000 1.800 1.800 1.900 21/07/1965
2.300 2.300 2.300 3.700 1.700 2.400 2.400 2.400 0.700 1.700 2.400 2.300 0.700 0.700 1.700 1.800 0.100 0.700 0.700 0.700 1.800 0.100 0.700 0.700 0.700 1.800 0.100 0.700 0.700 0.700 22/07/1965
0.400 0.400 0.400 0.500 0.000 0.400 0.400 0.400 0.000 0.000 0.400 0.400 0.000 0.000 0.000 0.000 0.000 0.000 0.000 0.000 0.000 0.000 0.000 0.000 0.000 0.000 0.000 0.000 0.000 0.000 23/07/1965
0.000 0.000 0.000 0.000 0.000 0.000 0.000 0.000 0.100 0.000 0.000 0.000 0.100 0.100 0.000 0.000 0.600 0.100 0.100 0.100 0.000 0.600 0.100 0.100 0.100 0.000 0.600 0.100 0.100 0.100 24/07/1965
0.000 0.000 0.000 0.000 0.000 0.000 0.000 0.000 0.000 0.000 0.000 0.000 0.000 0.000 0.000 0.000 0.000 0.000 0.000 0.000 0.000 0.000 0.000 0.000 0.000 0.000 0.000 0.000 0.000 0.000 25/07/1965
0.200 0.200 0.200 0.100 0.100 0.300 0.300 0.300 0.100 0.100 0.300 0.200 0.100 0.100 0.100 0.300 0.500 0.100 0.100 0.100 0.300 0.500 0.100 0.100 0.100 0.300 0.500 0.100 0.100 0.100 26/07/1965
0.000 0.000 0.000 0.000 0.000 0.000 0.000 0.000 0.000 0.000 0.000 0.000 0.000 0.000 0.000 0.000 0.000 0.000 0.000 0.000 0.000 0.000 0.000 0.000 0.000 0.000 0.000 0.000 0.000 0.000 27/07/1965
0.000 0.000 0.000 0.000 0.000 0.000 0.000 0.000 0.000 0.000 0.000 0.000 0.000 0.000 0.000 0.000 0.000 0.000 0.000 0.000 0.000 0.000 0.000 0.000 0.000 0.000 0.000 0.000 0.000 0.000 28/07/1965
0.200 0.200 0.200 0.300 0.200 0.200 0.200 0.200 0.000 0.200 0.200 0.200 0.000 0.000 0.200 0.000 0.500 0.000 0.000 0.000 0.000 0.500 0.000 0.000 0.000 0.000 0.500 0.000 0.000 0.000 29/07/1965
4.700 4.700 4.800 14.400 2.800 4.800 4.800 4.800 2.700 2.800 4.800 4.800 2.700 2.700 2.700 3.000 0.900 2.700 2.800 2.800 3.000 0.900 2.700 2.700 2.700 2.900 0.900 2.700 2.700 2.800 30/07/1965
0.000 0.000 0.000 0.400 0.000 0.000 0.000 0.000 0.000 0.000 0.000 0.000 0.000 0.000 0.000 0.000 0.000 0.000 0.000 0.000 0.000 0.000 0.000 0.000 0.000 0.000 0.000 0.000 0.000 0.000 31/07/1965
