# 6448 6449 6450 6451 6452 6528 6529 6530 6531 6532 6610 6611 6612 6613 6614 6693 6694 6695 6696 6697 6776 6777 6778 6779 6780 6859 6860 6861 6862 6863 Date
0.000 0.000 0.000 0.000 0.200 0.000 0.000 0.000 0.500 0.100 0.000 0.000 0.500 0.500 0.100 0.300 1.000 0.500 0.500 0.500 0.300 1.000 0.500 0.500 0.500 0.300 1.000 0.500 0.500 0.500 01/08/1992
0.000 0.000 0.000 0.000 0.000 0.000 0.000 0.000 0.000 0.000 0.000 0.000 0.000 0.000 0.000 0.000 0.000 0.000 0.000 0.000 0.000 0.000 0.000 0.000 0.000 0.000 0.000 0.000 0.000 0.000 02/08/1992
0.000 0.000 0.000 0.000 0.000 0.000 0.000 0.000 0.000 0.000 0.000 0.000 0.000 0.000 0.000 0.000 0.000 0.000 0.000 0.000 0.000 0.000 0.000 0.000 0.000 0.000 0.000 0.000 0.000 0.000 03/08/1992
0.000 0.000 0.000 0.000 0.000 0.000 0.000 0.000 0.000 0.000 0.000 0.000 0.000 0.000 0.000 0.000 0.000 0.000 0.000 0.000 0.000 0.000 0.000 0.000 0.000 0.000 0.000 0.000 0.000 0.000 04/08/1992
0.000 0.000 0.000 0.000 0.000 0.000 0.000 0.000 0.000 0.000 0.000 0.000 0.000 0.000 0.000 0.000 0.000 0.000 0.000 0.000 0.000 0.000 0.000 0.000 0.000 0.000 0.000 0.000 0.000 0.000 05/08/1992
0.000 0.000 0.000 0.000 0.000 0.000 0.000 0.000 0.000 0.000 0.000 0.000 0.000 0.000 0.000 0.000 0.000 0.000 0.000 0.000 0.000 0.000 0.000 0.000 0.000 0.000 0.000 0.000 0.000 0.000 06/08/1992
0.000 0.000 0.000 0.000 0.000 0.000 0.000 0.000 0.000 0.000 0.000 0.000 0.000 0.000 0.000 0.100 0.000 0.000 0.000 0.000 0.100 0.000 0.000 0.000 0.000 0.100 0.000 0.000 0.000 0.000 07/08/1992
27.300 27.500 27.700 23.500 38.800 27.900 28.200 27.900 38.400 38.600 27.800 27.800 38.300 38.600 38.300 36.800 41.900 38.400 38.800 38.700 36.400 42.000 38.400 38.200 38.200 36.000 41.700 37.800 37.900 38.800 08/08/1992
19.700 19.800 19.900 21.800 25.800 20.100 20.200 20.100 24.500 25.600 20.000 20.000 24.400 24.700 25.400 25.800 16.600 24.500 24.800 24.700 25.600 16.600 24.600 24.400 24.400 25.300 16.500 24.100 24.200 24.700 09/08/1992
1.400 1.400 1.400 1.500 3.900 1.400 1.400 1.400 2.000 3.900 1.400 1.400 2.000 2.000 3.900 2.400 1.400 2.000 2.000 2.000 2.400 1.400 2.000 2.000 2.000 2.400 1.400 2.000 2.000 2.000 10/08/1992
0.000 0.000 0.000 0.000 0.200 0.000 0.000 0.000 0.100 0.200 0.000 0.000 0.100 0.100 0.200 0.000 0.000 0.100 0.100 0.100 0.000 0.000 0.100 0.100 0.100 0.000 0.000 0.100 0.100 0.100 11/08/1992
0.000 0.000 0.000 0.000 0.000 0.000 0.000 0.000 0.000 0.000 0.000 0.000 0.000 0.000 0.000 0.000 0.000 0.000 0.000 0.000 0.000 0.000 0.000 0.000 0.000 0.000 0.000 0.000 0.000 0.000 12/08/1992
0.000 0.000 0.000 0.000 0.000 0.000 0.000 0.000 0.000 0.000 0.000 0.000 0.000 0.000 0.000 0.000 0.000 0.000 0.000 0.000 0.000 0.000 0.000 0.000 0.000 0.000 0.000 0.000 0.000 0.000 13/08/1992
8.300 8.400 8.400 11.900 1.200 8.500 8.600 8.500 0.800 1.200 8.500 8.400 0.800 0.800 1.200 7.800 2.300 0.800 0.800 0.800 7.700 2.300 0.800 0.800 0.800 7.600 2.200 0.800 0.800 0.800 14/08/1992
0.000 0.000 0.000 0.000 0.000 0.000 0.000 0.000 0.000 0.000 0.000 0.000 0.000 0.000 0.000 0.000 0.000 0.000 0.000 0.000 0.000 0.000 0.000 0.000 0.000 0.000 0.000 0.000 0.000 0.000 15/08/1992
0.000 0.000 0.000 0.000 0.000 0.000 0.000 0.000 0.000 0.000 0.000 0.000 0.000 0.000 0.000 0.000 0.000 0.000 0.000 0.000 0.000 0.000 0.000 0.000 0.000 0.000 0.000 0.000 0.000 0.000 16/08/1992
0.000 0.000 0.000 0.000 0.000 0.000 0.000 0.000 0.000 0.000 0.000 0.000 0.000 0.000 0.000 0.000 0.000 0.000 0.000 0.000 0.000 0.000 0.000 0.000 0.000 0.000 0.000 0.000 0.000 0.000 17/08/1992
0.000 0.000 0.000 0.000 0.000 0.000 0.000 0.000 0.000 0.000 0.000 0.000 0.000 0.000 0.000 0.000 0.000 0.000 0.000 0.000 0.000 0.000 0.000 0.000 0.000 0.000 0.000 0.000 0.000 0.000 18/08/1992
0.700 0.700 0.700 0.700 2.600 0.700 0.700 0.700 2.200 2.600 0.700 0.700 2.200 2.200 2.600 2.200 1.900 2.200 2.200 2.200 2.100 1.900 2.200 2.200 2.200 2.100 1.900 2.200 2.200 2.200 19/08/1992
0.000 0.000 0.000 0.000 0.100 0.000 0.000 0.000 0.000 0.100 0.000 0.000 0.000 0.000 0.100 0.000 0.000 0.000 0.000 0.000 0.000 0.000 0.000 0.000 0.000 0.000 0.000 0.000 0.000 0.000 20/08/1992
0.000 0.000 0.000 0.000 0.000 0.000 0.000 0.000 0.000 0.000 0.000 0.000 0.000 0.000 0.000 0.000 0.000 0.000 0.000 0.000 0.000 0.000 0.000 0.000 0.000 0.000 0.000 0.000 0.000 0.000 21/08/1992
0.300 0.300 0.300 0.800 0.700 0.300 0.300 0.300 0.300 0.700 0.300 0.300 0.300 0.300 0.600 0.000 0.000 0.300 0.300 0.300 0.000 0.000 0.300 0.300 0.300 0.000 0.000 0.300 0.300 0.300 22/08/1992
0.000 0.000 0.000 0.000 0.000 0.000 0.000 0.000 0.100 0.000 0.000 0.000 0.100 0.100 0.000 0.000 0.000 0.100 0.100 0.100 0.000 0.000 0.100 0.100 0.100 0.000 0.000 0.100 0.100 0.100 23/08/1992
0.000 0.000 0.000 0.000 0.000 0.000 0.000 0.000 0.000 0.000 0.000 0.000 0.000 0.000 0.000 0.000 0.000 0.000 0.000 0.000 0.000 0.000 0.000 0.000 0.000 0.000 0.000 0.000 0.000 0.000 24/08/1992
0.000 0.000 0.000 0.000 0.000 0.000 0.000 0.000 0.000 0.000 0.000 0.000 0.000 0.000 0.000 0.000 0.000 0.000 0.000 0.000 0.000 0.000 0.000 0.000 0.000 0.000 0.000 0.000 0.000 0.000 25/08/1992
0.000 0.000 0.000 0.100 0.000 0.000 0.000 0.000 0.000 0.000 0.000 0.000 0.000 0.000 0.000 0.100 0.000 0.000 0.000 0.000 0.100 0.000 0.000 0.000 0.000 0.100 0.000 0.000 0.000 0.000 26/08/1992
0.000 0.000 0.000 0.000 0.000 0.000 0.000 0.000 0.000 0.000 0.000 0.000 0.000 0.000 0.000 0.000 0.000 0.000 0.000 0.000 0.000 0.000 0.000 0.000 0.000 0.000 0.000 0.000 0.000 0.000 27/08/1992
11.600 11.700 11.800 11.200 13.800 11.900 12.000 11.900 15.400 13.700 11.800 11.800 15.300 15.400 13.600 20.500 13.500 15.300 15.500 15.500 20.300 13.600 15.400 15.300 15.200 20.000 13.500 15.100 15.100 15.500 28/08/1992
0.600 0.600 0.600 0.000 0.500 0.700 0.700 0.700 0.400 0.500 0.700 0.700 0.400 0.400 0.500 0.600 0.800 0.400 0.400 0.400 0.600 0.800 0.400 0.400 0.400 0.600 0.800 0.400 0.400 0.400 29/08/1992
34.900 35.200 35.300 36.200 28.100 35.600 36.000 35.600 31.600 28.000 35.500 35.500 31.400 31.700 27.700 30.600 30.300 31.500 31.900 31.800 30.300 30.400 31.600 31.400 31.300 29.900 30.100 31.000 31.100 31.800 30/08/1992
12.900 13.000 13.100 11.600 21.600 13.200 13.300 13.200 17.400 21.400 13.100 13.100 17.400 17.500 21.300 18.400 19.300 17.400 17.600 17.600 18.300 19.300 17.400 17.300 17.300 18.000 19.200 17.100 17.200 17.600 31/08/1992
0.900 0.900 0.900 0.400 0.200 0.900 0.900 0.900 0.500 0.200 0.900 0.900 0.500 0.500 0.200 1.100 0.200 0.500 0.500 0.500 1.100 0.200 0.500 0.500 0.500 1.100 0.200 0.500 0.500 0.500 01/09/1992
3.400 3.500 3.500 6.100 2.800 3.500 3.500 3.500 2.000 2.800 3.500 3.500 2.000 2.000 2.700 3.300 2.000 2.000 2.000 2.000 3.200 2.000 2.000 2.000 2.000 3.200 2.000 2.000 2.000 2.000 02/09/1992
4.000 4.000 4.000 3.700 3.800 4.000 4.100 4.000 2.900 3.800 4.000 4.000 2.900 2.900 3.700 2.500 2.800 2.900 2.900 2.900 2.500 2.800 2.900 2.800 2.800 2.500 2.800 2.800 2.800 2.900 03/09/1992
0.000 0.000 0.000 0.800 1.000 0.000 0.000 0.000 1.100 1.000 0.000 0.000 1.100 1.100 1.000 0.000 0.000 1.100 1.200 1.100 0.000 0.000 1.100 1.100 1.100 0.000 0.000 1.100 1.100 1.100 04/09/1992
0.000 0.000 0.000 0.000 0.000 0.000 0.000 0.000 0.000 0.000 0.000 0.000 0.000 0.000 0.000 0.000 0.000 0.000 0.000 0.000 0.000 0.000 0.000 0.000 0.000 0.000 0.000 0.000 0.000 0.000 05/09/1992
0.000 0.000 0.000 0.000 0.000 0.000 0.000 0.000 0.000 0.000 0.000 0.000 0.000 0.000 0.000 0.000 0.000 0.000 0.000 0.000 0.000 0.000 0.000 0.000 0.000 0.000 0.000 0.000 0.000 0.000 06/09/1992
4.600 4.700 4.700 4.100 3.100 4.700 4.800 4.700 4.800 3.100 4.700 4.700 4.800 4.900 3.000 3.700 4.800 4.800 4.900 4.900 3.600 4.800 4.800 4.800 4.800 3.600 4.800 4.800 4.800 4.900 07/09/1992
0.000 0.000 0.000 0.000 0.000 0.000 0.000 0.000 0.200 0.000 0.000 0.000 0.200 0.200 0.000 0.000 0.000 0.200 0.200 0.200 0.000 0.000 0.200 0.200 0.200 0.000 0.000 0.200 0.200 0.200 08/09/1992
0.000 0.000 0.000 0.000 0.000 0.000 0.000 0.000 0.000 0.000 0.000 0.000 0.000 0.000 0.000 0.000 0.000 0.000 0.000 0.000 0.000 0.000 0.000 0.000 0.000 0.000 0.000 0.000 0.000 0.000 09/09/1992
0.000 0.000 0.000 0.000 0.000 0.000 0.000 0.000 0.000 0.000 0.000 0.000 0.000 0.000 0.000 0.000 0.000 0.000 0.000 0.000 0.000 0.000 0.000 0.000 0.000 0.000 0.000 0.000 0.000 0.000 10/09/1992
0.000 0.000 0.000 0.000 0.400 0.000 0.000 0.000 0.300 0.400 0.000 0.000 0.300 0.300 0.400 0.000 0.000 0.300 0.300 0.300 0.000 0.000 0.300 0.300 0.300 0.000 0.000 0.200 0.200 0.300 11/09/1992
0.000 0.000 0.000 0.000 0.000 0.000 0.000 0.000 0.000 0.000 0.000 0.000 0.000 0.000 0.000 0.000 0.000 0.000 0.000 0.000 0.000 0.000 0.000 0.000 0.000 0.000 0.000 0.000 0.000 0.000 12/09/1992
0.000 0.000 0.000 0.000 0.000 0.000 0.000 0.000 0.000 0.000 0.000 0.000 0.000 0.000 0.000 0.000 0.400 0.000 0.000 0.000 0.000 0.400 0.000 0.000 0.000 0.000 0.400 0.000 0.000 0.000 13/09/1992
0.000 0.000 0.000 0.000 0.000 0.000 0.000 0.000 0.000 0.000 0.000 0.000 0.000 0.000 0.000 0.000 0.000 0.000 0.000 0.000 0.000 0.000 0.000 0.000 0.000 0.000 0.000 0.000 0.000 0.000 14/09/1992
0.000 0.000 0.000 0.000 0.000 0.000 0.000 0.000 0.000 0.000 0.000 0.000 0.000 0.000 0.000 0.000 0.000 0.000 0.000 0.000 0.000 0.000 0.000 0.000 0.000 0.000 0.000 0.000 0.000 0.000 15/09/1992
0.000 0.000 0.000 0.000 0.000 0.000 0.000 0.000 0.000 0.000 0.000 0.000 0.000 0.000 0.000 0.000 0.000 0.000 0.000 0.000 0.000 0.000 0.000 0.000 0.000 0.000 0.000 0.000 0.000 0.000 16/09/1992
0.100 0.100 0.100 0.000 0.500 0.100 0.100 0.100 0.400 0.500 0.100 0.100 0.400 0.400 0.500 0.000 0.000 0.400 0.400 0.400 0.000 0.000 0.400 0.400 0.400 0.000 0.000 0.400 0.400 0.400 17/09/1992
0.000 0.000 0.000 0.000 0.000 0.000 0.000 0.000 0.000 0.000 0.000 0.000 0.000 0.000 0.000 0.000 0.000 0.000 0.000 0.000 0.000 0.000 0.000 0.000 0.000 0.000 0.000 0.000 0.000 0.000 18/09/1992
0.000 0.000 0.000 0.000 0.000 0.000 0.000 0.000 0.000 0.000 0.000 0.000 0.000 0.000 0.000 0.000 0.000 0.000 0.000 0.000 0.000 0.000 0.000 0.000 0.000 0.000 0.000 0.000 0.000 0.000 19/09/1992
3.800 3.800 3.800 0.500 8.000 3.800 3.800 3.800 5.600 8.000 3.800 3.800 5.600 5.600 7.900 3.400 1.500 5.600 5.600 5.600 3.300 1.500 5.600 5.600 5.600 3.300 1.500 5.500 5.500 5.600 20/09/1992
6.500 6.500 6.600 11.900 26.800 6.600 6.700 6.600 19.600 26.700 6.600 6.600 19.500 19.700 26.500 6.100 13.300 19.600 19.800 19.800 6.000 13.400 19.600 19.500 19.500 5.900 13.300 19.300 19.400 19.800 21/09/1992
6.600 6.700 6.700 8.300 4.500 6.700 6.800 6.700 3.700 4.500 6.700 6.700 3.700 3.700 4.500 9.500 3.800 3.700 3.800 3.800 9.400 3.800 3.700 3.700 3.700 9.300 3.800 3.700 3.700 3.800 22/09/1992
0.000 0.000 0.000 1.300 0.100 0.000 0.000 0.000 0.000 0.100 0.000 0.000 0.000 0.000 0.100 0.000 0.000 0.000 0.000 0.000 0.000 0.000 0.000 0.000 0.000 0.000 0.000 0.000 0.000 0.000 23/09/1992
0.100 0.100 0.100 0.100 0.000 0.100 0.100 0.100 0.000 0.000 0.100 0.100 0.000 0.000 0.000 0.000 0.000 0.000 0.000 0.000 0.000 0.000 0.000 0.000 0.000 0.000 0.000 0.000 0.000 0.000 24/09/1992
0.000 0.000 0.000 0.000 0.000 0.000 0.000 0.000 0.000 0.000 0.000 0.000 0.000 0.000 0.000 0.000 0.000 0.000 0.000 0.000 0.000 0.000 0.000 0.000 0.000 0.000 0.000 0.000 0.000 0.000 25/09/1992
2.100 2.200 2.200 0.100 7.300 2.200 2.200 2.200 6.600 7.200 2.200 2.200 6.500 6.600 7.200 0.400 6.500 6.500 6.600 6.600 0.400 6.500 6.600 6.500 6.500 0.400 6.500 6.500 6.500 6.600 26/09/1992
16.000 16.100 16.200 14.200 16.600 16.300 16.500 16.300 18.400 16.500 16.300 16.300 18.300 18.500 16.300 12.700 16.300 18.300 18.500 18.500 12.600 16.300 18.400 18.200 18.200 12.500 16.200 18.100 18.100 18.500 27/09/1992
0.100 0.100 0.100 3.300 2.100 0.100 0.100 0.100 2.800 2.000 0.100 0.100 2.800 2.900 2.000 8.600 13.300 2.800 2.900 2.900 8.600 13.400 2.800 2.800 2.800 8.400 13.300 2.800 2.800 2.900 28/09/1992
0.100 0.100 0.100 0.000 0.300 0.100 0.100 0.100 0.600 0.300 0.100 0.100 0.600 0.600 0.300 0.200 0.300 0.600 0.600 0.600 0.200 0.300 0.600 0.600 0.600 0.100 0.200 0.600 0.600 0.600 29/09/1992
1.600 1.600 1.600 1.300 1.100 1.600 1.600 1.600 1.400 1.100 1.600 1.600 1.400 1.400 1.100 1.400 0.300 1.400 1.400 1.400 1.400 0.300 1.400 1.400 1.400 1.400 0.300 1.400 1.400 1.400 30/09/1992
3.200 3.200 3.200 3.600 7.900 3.200 3.300 3.200 2.800 7.800 3.200 3.200 2.700 2.800 7.700 2.000 2.400 2.800 2.800 2.800 1.900 2.400 2.800 2.700 2.700 1.900 2.400 2.700 2.700 2.800 01/10/1992
5.400 5.500 5.500 7.400 8.500 5.600 5.600 5.600 8.100 8.400 5.500 5.500 8.100 8.200 8.300 9.200 11.900 8.100 8.200 8.200 9.100 12.000 8.100 8.100 8.100 9.000 11.900 8.000 8.000 8.200 02/10/1992
3.500 3.500 3.500 4.500 6.600 3.500 3.600 3.500 5.000 6.500 3.500 3.500 5.000 5.100 6.500 3.800 1.900 5.000 5.100 5.100 3.800 2.000 5.000 5.000 5.000 3.700 1.900 5.000 5.000 5.100 03/10/1992
1.200 1.200 1.200 2.500 4.500 1.200 1.200 1.200 3.100 4.400 1.200 1.200 3.100 3.100 4.400 3.200 4.600 3.100 3.100 3.100 3.100 4.700 3.100 3.000 3.000 3.100 4.600 3.000 3.000 3.100 04/10/1992
0.200 0.200 0.200 0.900 2.300 0.300 0.300 0.300 1.000 2.300 0.200 0.200 1.000 1.000 2.300 0.700 0.300 1.000 1.000 1.000 0.700 0.300 1.000 1.000 1.000 0.600 0.300 0.900 0.900 1.000 05/10/1992
1.900 1.900 1.900 3.100 1.700 1.900 1.900 1.900 0.400 1.700 1.900 1.900 0.400 0.400 1.700 0.900 0.500 0.400 0.400 0.400 0.900 0.500 0.400 0.400 0.400 0.900 0.500 0.300 0.300 0.400 06/10/1992
1.600 1.600 1.600 3.100 3.600 1.600 1.600 1.600 2.600 3.600 1.600 1.600 2.600 2.600 3.600 0.600 1.600 2.600 2.600 2.600 0.600 1.600 2.600 2.600 2.600 0.600 1.600 2.600 2.600 2.600 07/10/1992
0.100 0.100 0.100 0.400 0.100 0.100 0.100 0.100 0.200 0.100 0.100 0.100 0.200 0.200 0.100 0.000 0.300 0.200 0.200 0.200 0.000 0.300 0.200 0.200 0.200 0.000 0.300 0.200 0.200 0.200 08/10/1992
7.100 7.100 7.100 9.000 6.600 7.200 7.200 7.200 5.300 6.500 7.200 7.200 5.300 5.300 6.500 8.300 8.800 5.300 5.400 5.400 8.200 8.800 5.300 5.300 5.300 8.100 8.800 5.200 5.200 5.400 09/10/1992
8.000 8.100 8.100 8.500 0.300 8.200 8.300 8.200 3.000 0.300 8.200 8.100 2.900 3.000 0.200 6.800 2.200 3.000 3.000 3.000 6.700 2.200 3.000 2.900 2.900 6.700 2.200 2.900 2.900 3.000 10/10/1992
0.000 0.000 0.000 0.000 0.000 0.000 0.000 0.000 0.500 0.000 0.000 0.000 0.500 0.500 0.000 0.000 0.000 0.500 0.500 0.500 0.000 0.000 0.500 0.500 0.500 0.000 0.000 0.500 0.500 0.500 11/10/1992
0.000 0.000 0.000 0.000 0.000 0.000 0.000 0.000 0.000 0.000 0.000 0.000 0.000 0.000 0.000 0.000 0.000 0.000 0.000 0.000 0.000 0.000 0.000 0.000 0.000 0.000 0.000 0.000 0.000 0.000 12/10/1992
0.000 0.000 0.000 0.000 0.000 0.000 0.000 0.000 0.000 0.000 0.000 0.000 0.000 0.000 0.000 0.000 0.000 0.000 0.000 0.000 0.000 0.000 0.000 0.000 0.000 0.000 0.000 0.000 0.000 0.000 13/10/1992
0.000 0.000 0.000 0.200 0.000 0.000 0.000 0.000 0.000 0.000 0.000 0.000 0.000 0.000 0.000 0.000 0.000 0.000 0.000 0.000 0.000 0.000 0.000 0.000 0.000 0.000 0.000 0.000 0.000 0.000 14/10/1992
2.300 2.300 2.300 4.000 3.300 2.300 2.300 2.300 2.600 3.300 2.300 2.300 2.600 2.600 3.200 2.400 1.400 2.600 2.600 2.600 2.400 1.400 2.600 2.600 2.600 2.400 1.400 2.600 2.600 2.600 15/10/1992
0.000 0.000 0.000 0.000 0.000 0.000 0.000 0.000 0.000 0.000 0.000 0.000 0.000 0.000 0.000 0.000 0.000 0.000 0.000 0.000 0.000 0.000 0.000 0.000 0.000 0.000 0.000 0.000 0.000 0.000 16/10/1992
0.100 0.100 0.100 0.000 0.000 0.100 0.100 0.100 0.000 0.000 0.100 0.100 0.000 0.000 0.000 0.000 0.000 0.000 0.000 0.000 0.000 0.000 0.000 0.000 0.000 0.000 0.000 0.000 0.000 0.000 17/10/1992
0.300 0.300 0.300 0.700 0.200 0.300 0.300 0.300 0.200 0.200 0.300 0.300 0.200 0.200 0.200 0.200 0.900 0.200 0.200 0.200 0.200 0.900 0.200 0.200 0.200 0.200 0.900 0.200 0.200 0.200 18/10/1992
0.000 0.000 0.000 0.200 0.600 0.000 0.000 0.000 0.000 0.600 0.000 0.000 0.000 0.000 0.600 0.100 0.000 0.000 0.000 0.000 0.100 0.000 0.000 0.000 0.000 0.100 0.000 0.000 0.000 0.000 19/10/1992
7.100 7.100 7.100 10.200 3.200 7.200 7.300 7.200 4.600 3.200 7.200 7.200 4.600 4.700 3.200 6.000 5.100 4.600 4.700 4.700 6.000 5.100 4.600 4.600 4.600 5.900 5.100 4.600 4.600 4.700 20/10/1992
2.100 2.200 2.200 1.500 2.500 2.200 2.200 2.200 2.200 2.500 2.200 2.200 2.200 2.200 2.400 1.700 2.500 2.200 2.200 2.200 1.700 2.500 2.200 2.200 2.200 1.700 2.500 2.200 2.200 2.200 21/10/1992
11.300 11.400 11.400 9.500 15.400 11.500 11.700 11.500 15.800 15.300 11.500 11.500 15.800 15.900 15.200 15.000 15.800 15.800 16.000 15.900 14.900 15.900 15.800 15.700 15.700 14.700 15.700 15.600 15.600 16.000 22/10/1992
4.900 4.900 4.900 1.700 5.600 5.000 5.000 5.000 5.400 5.600 5.000 5.000 5.300 5.400 5.600 6.200 3.900 5.400 5.400 5.400 6.200 3.900 5.400 5.300 5.300 6.100 3.900 5.300 5.300 5.400 23/10/1992
6.300 6.400 6.400 7.100 9.100 6.400 6.500 6.400 5.600 9.100 6.400 6.400 5.600 5.600 9.000 5.400 4.000 5.600 5.600 5.600 5.300 4.000 5.600 5.600 5.600 5.200 4.000 5.500 5.500 5.600 24/10/1992
15.800 15.900 16.000 22.500 19.200 16.100 16.300 16.100 12.400 19.100 16.100 16.000 12.400 12.500 18.900 10.800 11.300 12.400 12.500 12.500 10.700 11.400 12.400 12.300 12.300 10.600 11.300 12.200 12.200 12.500 25/10/1992
11.900 12.000 12.100 12.900 17.500 12.200 12.300 12.200 12.800 17.400 12.100 12.100 12.700 12.800 17.200 13.200 12.500 12.700 12.900 12.900 13.100 12.500 12.800 12.700 12.700 12.900 12.400 12.600 12.600 12.900 26/10/1992
11.800 11.900 12.000 13.300 8.000 12.100 12.200 12.100 7.000 7.900 12.000 12.000 7.000 7.000 7.900 6.400 5.600 7.000 7.100 7.000 6.400 5.700 7.000 6.900 6.900 6.300 5.600 6.900 6.900 7.100 27/10/1992
6.400 6.500 6.500 6.600 11.100 6.600 6.600 6.600 9.800 11.100 6.600 6.500 9.800 9.900 11.000 5.200 6.500 9.800 9.900 9.900 5.100 6.500 9.800 9.800 9.800 5.100 6.500 9.700 9.700 9.900 28/10/1992
0.100 0.100 0.100 0.000 1.000 0.100 0.200 0.100 1.200 1.000 0.100 0.100 1.200 1.200 1.000 0.000 0.000 1.200 1.200 1.200 0.000 0.000 1.200 1.200 1.200 0.000 0.000 1.200 1.200 1.200 29/10/1992
0.000 0.000 0.000 0.000 0.100 0.000 0.000 0.000 0.000 0.100 0.000 0.000 0.000 0.000 0.100 0.000 0.000 0.000 0.000 0.000 0.000 0.000 0.000 0.000 0.000 0.000 0.000 0.000 0.000 0.000 30/10/1992
0.000 0.000 0.000 0.000 0.000 0.000 0.000 0.000 0.000 0.000 0.000 0.000 0.000 0.000 0.000 0.000 0.000 0.000 0.000 0.000 0.000 0.000 0.000 0.000 0.000 0.000 0.000 0.000 0.000 0.000 31/10/1992
0.100 0.100 0.100 0.000 2.100 0.100 0.100 0.100 1.300 2.000 0.100 0.100 1.300 1.300 2.000 0.000 1.400 1.300 1.300 1.300 0.000 1.400 1.300 1.300 1.300 0.000 1.400 1.300 1.300 1.300 01/11/1992
7.900 7.900 7.900 7.400 8.300 8.000 8.100 8.000 7.400 8.300 8.000 8.000 7.400 7.400 8.200 7.300 8.000 7.400 7.500 7.500 7.200 8.000 7.400 7.300 7.300 7.100 7.900 7.300 7.300 7.500 02/11/1992
2.900 2.900 2.900 3.900 5.300 2.900 3.000 2.900 1.400 5.200 2.900 2.900 1.400 1.400 5.200 2.000 1.400 1.400 1.400 1.400 1.900 1.400 1.400 1.400 1.400 1.900 1.400 1.400 1.400 1.400 03/11/1992
1.100 1.100 1.100 1.100 2.100 1.100 1.100 1.100 0.700 2.100 1.100 1.100 0.700 0.700 2.100 0.600 1.200 0.700 0.700 0.700 0.600 1.200 0.700 0.700 0.700 0.600 1.200 0.700 0.700 0.700 04/11/1992
0.000 0.000 0.000 0.000 0.000 0.000 0.000 0.000 0.000 0.000 0.000 0.000 0.000 0.000 0.000 0.000 0.000 0.000 0.000 0.000 0.000 0.000 0.000 0.000 0.000 0.000 0.000 0.000 0.000 0.000 05/11/1992
0.000 0.000 0.000 0.000 0.000 0.000 0.000 0.000 0.000 0.000 0.000 0.000 0.000 0.000 0.000 0.000 0.000 0.000 0.000 0.000 0.000 0.000 0.000 0.000 0.000 0.000 0.000 0.000 0.000 0.000 06/11/1992
0.000 0.000 0.000 0.100 0.100 0.000 0.000 0.000 0.200 0.100 0.000 0.000 0.200 0.200 0.100 0.000 0.000 0.200 0.200 0.200 0.000 0.000 0.200 0.200 0.200 0.000 0.000 0.200 0.200 0.200 07/11/1992
0.000 0.000 0.000 0.000 0.600 0.000 0.000 0.000 0.100 0.600 0.000 0.000 0.100 0.100 0.600 0.000 0.000 0.100 0.100 0.100 0.000 0.000 0.100 0.100 0.100 0.000 0.000 0.100 0.100 0.100 08/11/1992
4.300 4.400 4.400 4.900 3.800 4.400 4.500 4.400 3.000 3.700 4.400 4.400 3.000 3.100 3.700 3.500 1.300 3.000 3.100 3.100 3.500 1.300 3.000 3.000 3.000 3.500 1.300 3.000 3.000 3.100 09/11/1992
0.800 0.900 0.900 3.400 6.200 0.900 0.900 0.900 3.900 6.100 0.900 0.900 3.900 3.900 6.100 0.700 4.200 3.900 3.900 3.900 0.700 4.200 3.900 3.900 3.900 0.700 4.100 3.800 3.800 3.900 10/11/1992
8.600 8.700 8.700 9.000 11.600 8.800 8.800 8.800 10.200 11.500 8.700 8.700 10.100 10.200 11.400 9.400 9.300 10.100 10.300 10.200 9.400 9.300 10.200 10.100 10.100 9.200 9.300 10.000 10.000 10.200 11/11/1992
20.800 21.000 21.100 19.200 19.900 21.300 21.500 21.300 13.300 19.800 21.200 21.200 13.300 13.400 19.600 21.500 15.900 13.300 13.500 13.500 21.300 15.900 13.400 13.300 13.300 21.100 15.800 13.100 13.200 13.500 12/11/1992
8.300 8.400 8.400 6.200 13.200 8.500 8.600 8.500 15.200 13.100 8.500 8.500 15.100 15.300 13.000 13.500 15.300 15.100 15.300 15.300 13.400 15.300 15.200 15.100 15.100 13.200 15.200 14.900 15.000 15.300 13/11/1992
17.200 17.300 17.400 14.400 17.200 17.500 17.700 17.500 14.200 17.100 17.500 17.500 14.100 14.300 17.000 16.900 15.100 14.200 14.300 14.300 16.700 15.200 14.200 14.100 14.100 16.500 15.100 13.900 14.000 14.300 14/11/1992
7.300 7.300 7.300 10.300 12.100 7.400 7.400 7.400 9.900 12.000 7.400 7.400 9.800 9.900 11.900 8.300 5.900 9.800 9.900 9.900 8.200 5.900 9.900 9.800 9.800 8.100 5.800 9.700 9.700 9.900 15/11/1992
7.800 7.900 7.900 9.800 9.800 8.000 8.100 8.000 8.700 9.700 8.000 8.000 8.600 8.700 9.700 8.700 9.200 8.600 8.700 8.700 8.600 9.300 8.700 8.600 8.600 8.500 9.200 8.500 8.500 8.700 16/11/1992
0.600 0.600 0.600 1.800 3.100 0.600 0.600 0.600 7.400 3.100 0.600 0.600 7.300 7.400 3.000 6.100 4.300 7.400 7.400 7.400 6.000 4.300 7.400 7.300 7.300 6.000 4.200 7.200 7.300 7.400 17/11/1992
7.700 7.700 7.800 12.100 12.800 7.800 7.900 7.800 10.100 12.700 7.800 7.800 10.100 10.200 12.600 5.900 5.500 10.100 10.200 10.200 5.900 5.500 10.100 10.100 10.100 5.800 5.500 10.000 10.000 10.200 18/11/1992
7.400 7.500 7.500 13.400 11.500 7.600 7.600 7.600 9.400 11.500 7.500 7.500 9.400 9.500 11.400 7.200 6.300 9.400 9.500 9.500 7.200 6.300 9.400 9.400 9.400 7.100 6.300 9.300 9.300 9.500 19/11/1992
5.000 5.000 5.000 8.100 10.000 5.100 5.100 5.100 7.000 10.000 5.100 5.100 7.000 7.000 9.900 4.000 4.300 7.000 7.000 7.000 4.000 4.300 7.000 6.900 6.900 3.900 4.300 6.900 6.900 7.000 20/11/1992
0.400 0.400 0.400 3.100 3.000 0.500 0.500 0.500 0.400 3.000 0.500 0.500 0.400 0.400 3.000 0.000 1.300 0.400 0.400 0.400 0.000 1.300 0.400 0.400 0.400 0.000 1.300 0.400 0.400 0.400 21/11/1992
0.000 0.000 0.000 0.000 0.100 0.000 0.000 0.000 0.200 0.100 0.000 0.000 0.200 0.200 0.100 0.000 0.000 0.200 0.200 0.200 0.000 0.000 0.200 0.200 0.200 0.000 0.000 0.200 0.200 0.200 22/11/1992
0.000 0.000 0.000 0.000 0.000 0.000 0.000 0.000 0.000 0.000 0.000 0.000 0.000 0.000 0.000 0.000 0.000 0.000 0.000 0.000 0.000 0.000 0.000 0.000 0.000 0.000 0.000 0.000 0.000 0.000 23/11/1992
1.900 1.900 1.900 3.400 1.500 1.900 1.900 1.900 1.000 1.500 1.900 1.900 1.000 1.000 1.500 1.100 0.100 1.000 1.000 1.000 1.100 0.100 1.000 1.000 1.000 1.100 0.100 0.900 0.900 1.000 24/11/1992
2.000 2.000 2.000 4.500 2.000 2.000 2.100 2.000 2.600 2.000 2.000 2.000 2.600 2.600 2.000 2.300 2.700 2.600 2.600 2.600 2.300 2.700 2.600 2.600 2.600 2.300 2.700 2.500 2.600 2.600 25/11/1992
5.500 5.500 5.500 5.000 12.700 5.500 5.600 5.500 10.700 12.700 5.500 5.500 10.600 10.700 12.600 8.800 7.200 10.600 10.800 10.700 8.700 7.200 10.700 10.600 10.600 8.600 7.200 10.500 10.500 10.800 26/11/1992
0.200 0.200 0.200 0.100 0.000 0.200 0.200 0.200 0.000 0.000 0.200 0.200 0.000 0.000 0.000 0.000 0.000 0.000 0.000 0.000 0.000 0.000 0.000 0.000 0.000 0.000 0.000 0.000 0.000 0.000 27/11/1992
0.000 0.000 0.000 0.000 0.000 0.000 0.000 0.000 0.200 0.000 0.000 0.000 0.200 0.200 0.000 0.000 0.000 0.200 0.200 0.200 0.000 0.000 0.200 0.200 0.200 0.000 0.000 0.200 0.200 0.200 28/11/1992
0.000 0.000 0.000 0.000 0.000 0.000 0.000 0.000 0.000 0.000 0.000 0.000 0.000 0.000 0.000 0.000 0.000 0.000 0.000 0.000 0.000 0.000 0.000 0.000 0.000 0.000 0.000 0.000 0.000 0.000 29/11/1992
2.400 2.400 2.400 1.800 1.800 2.500 2.500 2.500 1.600 1.700 2.500 2.400 1.600 1.600 1.700 1.600 2.300 1.600 1.600 1.600 1.600 2.300 1.600 1.600 1.600 1.500 2.300 1.600 1.600 1.600 30/11/1992
1.800 1.800 1.800 1.400 2.600 1.800 1.800 1.800 2.100 2.600 1.800 1.800 2.100 2.200 2.500 2.200 4.800 2.100 2.200 2.200 2.100 4.800 2.100 2.100 2.100 2.000 4.800 2.100 2.100 2.200 01/12/1992
19.700 19.900 20.000 19.700 15.300 20.100 20.300 20.100 14.100 15.300 20.100 20.000 14.000 14.200 15.100 13.800 7.800 14.100 14.200 14.200 13.700 7.800 14.100 14.000 14.000 13.500 7.800 13.800 13.900 14.200 02/12/1992
18.600 18.800 18.900 21.500 18.900 19.000 19.200 19.000 16.700 18.800 19.000 18.900 16.600 16.800 18.700 15.100 15.600 16.700 16.800 16.800 15.000 15.600 16.700 16.600 16.600 14.800 15.500 16.400 16.500 16.800 03/12/1992
15.300 15.400 15.500 18.500 16.200 15.600 15.800 15.600 13.700 16.100 15.600 15.600 13.700 13.800 15.900 20.600 16.200 13.700 13.900 13.900 20.400 16.300 13.800 13.700 13.700 20.200 16.100 13.500 13.600 13.900 04/12/1992
0.300 0.300 0.300 0.000 0.900 0.300 0.300 0.300 1.000 0.900 0.300 0.300 1.000 1.000 0.900 0.800 1.500 1.000 1.000 1.000 0.800 1.500 1.000 1.000 1.000 0.800 1.500 0.900 0.900 1.000 05/12/1992
18.500 18.600 18.700 18.300 25.700 18.900 19.100 18.900 32.200 25.600 18.800 18.800 32.100 32.400 25.400 21.200 29.700 32.100 32.500 32.400 21.000 29.800 32.200 32.000 32.000 20.700 29.600 31.700 31.700 32.500 06/12/1992
7.900 8.000 8.000 6.200 9.800 8.100 8.200 8.100 6.500 9.800 8.100 8.000 6.500 6.500 9.700 10.400 8.300 6.500 6.600 6.600 10.300 8.300 6.500 6.500 6.500 10.200 8.300 6.400 6.400 6.600 07/12/1992
0.100 0.100 0.100 0.200 1.000 0.100 0.100 0.100 1.200 1.000 0.100 0.100 1.200 1.200 1.000 0.000 0.000 1.200 1.200 1.200 0.000 0.000 1.200 1.100 1.100 0.000 0.000 1.100 1.100 1.200 08/12/1992
0.000 0.000 0.000 0.000 0.000 0.000 0.000 0.000 0.000 0.000 0.000 0.000 0.000 0.000 0.000 0.000 0.000 0.000 0.000 0.000 0.000 0.000 0.000 0.000 0.000 0.000 0.000 0.000 0.000 0.000 09/12/1992
0.000 0.000 0.000 0.000 0.000 0.000 0.000 0.000 0.000 0.000 0.000 0.000 0.000 0.000 0.000 0.000 0.000 0.000 0.000 0.000 0.000 0.000 0.000 0.000 0.000 0.000 0.000 0.000 0.000 0.000 10/12/1992
0.600 0.600 0.600 0.600 1.000 0.600 0.600 0.600 0.200 0.900 0.600 0.600 0.200 0.200 0.900 0.400 0.300 0.200 0.200 0.200 0.400 0.300 0.200 0.200 0.200 0.400 0.300 0.200 0.200 0.200 11/12/1992
4.500 4.500 4.500 5.300 5.500 4.600 4.600 4.600 7.200 5.500 4.500 4.500 7.200 7.200 5.500 4.700 4.100 7.200 7.300 7.300 4.600 4.100 7.200 7.200 7.200 4.600 4.100 7.100 7.100 7.300 12/12/1992
0.000 0.000 0.000 0.000 0.000 0.000 0.000 0.000 0.000 0.000 0.000 0.000 0.000 0.000 0.000 0.000 0.000 0.000 0.000 0.000 0.000 0.000 0.000 0.000 0.000 0.000 0.000 0.000 0.000 0.000 13/12/1992
0.000 0.000 0.000 0.000 0.000 0.000 0.000 0.000 0.000 0.000 0.000 0.000 0.000 0.000 0.000 0.000 0.000 0.000 0.000 0.000 0.000 0.000 0.000 0.000 0.000 0.000 0.000 0.000 0.000 0.000 14/12/1992
0.000 0.000 0.000 0.100 0.400 0.000 0.000 0.000 0.400 0.400 0.000 0.000 0.400 0.400 0.400 0.000 0.000 0.400 0.400 0.400 0.000 0.000 0.400 0.400 0.400 0.000 0.000 0.400 0.400 0.400 15/12/1992
0.000 0.000 0.000 0.100 0.000 0.000 0.000 0.000 0.000 0.000 0.000 0.000 0.000 0.000 0.000 0.200 0.000 0.000 0.000 0.000 0.200 0.000 0.000 0.000 0.000 0.200 0.000 0.000 0.000 0.000 16/12/1992
0.000 0.000 0.000 0.000 0.000 0.000 0.000 0.000 0.000 0.000 0.000 0.000 0.000 0.000 0.000 0.000 0.000 0.000 0.000 0.000 0.000 0.000 0.000 0.000 0.000 0.000 0.000 0.000 0.000 0.000 17/12/1992
0.000 0.000 0.000 0.000 0.000 0.000 0.000 0.000 0.000 0.000 0.000 0.000 0.000 0.000 0.000 0.100 0.000 0.000 0.000 0.000 0.100 0.000 0.000 0.000 0.000 0.100 0.000 0.000 0.000 0.000 18/12/1992
0.000 0.000 0.000 0.000 0.000 0.000 0.000 0.000 0.100 0.000 0.000 0.000 0.100 0.100 0.000 0.000 0.000 0.100 0.100 0.100 0.000 0.000 0.100 0.100 0.100 0.000 0.000 0.100 0.100 0.100 19/12/1992
0.000 0.000 0.000 0.000 0.000 0.000 0.000 0.000 0.000 0.000 0.000 0.000 0.000 0.000 0.000 0.000 0.000 0.000 0.000 0.000 0.000 0.000 0.000 0.000 0.000 0.000 0.000 0.000 0.000 0.000 20/12/1992
0.000 0.000 0.000 0.000 0.000 0.000 0.000 0.000 0.100 0.000 0.000 0.000 0.100 0.100 0.000 0.000 0.000 0.100 0.100 0.100 0.000 0.000 0.100 0.100 0.100 0.000 0.000 0.100 0.100 0.100 21/12/1992
0.200 0.200 0.200 1.800 0.000 0.200 0.200 0.200 0.000 0.000 0.200 0.200 0.000 0.000 0.000 0.000 0.000 0.000 0.000 0.000 0.000 0.000 0.000 0.000 0.000 0.000 0.000 0.000 0.000 0.000 22/12/1992
0.000 0.000 0.000 0.100 1.200 0.000 0.000 0.000 0.900 1.200 0.000 0.000 0.900 0.900 1.200 0.000 1.900 0.900 0.900 0.900 0.000 2.000 0.900 0.900 0.900 0.000 1.900 0.900 0.900 0.900 23/12/1992
2.100 2.100 2.200 0.500 2.400 2.200 2.200 2.200 2.500 2.400 2.200 2.200 2.500 2.600 2.400 2.600 4.100 2.500 2.600 2.600 2.600 4.100 2.500 2.500 2.500 2.500 4.100 2.500 2.500 2.600 24/12/1992
0.000 0.000 0.000 0.000 0.000 0.000 0.000 0.000 0.000 0.000 0.000 0.000 0.000 0.000 0.000 0.000 0.000 0.000 0.000 0.000 0.000 0.000 0.000 0.000 0.000 0.000 0.000 0.000 0.000 0.000 25/12/1992
0.000 0.000 0.000 0.000 0.000 0.000 0.000 0.000 0.000 0.000 0.000 0.000 0.000 0.000 0.000 0.000 0.000 0.000 0.000 0.000 0.000 0.000 0.000 0.000 0.000 0.000 0.000 0.000 0.000 0.000 26/12/1992
0.000 0.000 0.000 0.000 0.000 0.000 0.000 0.000 0.000 0.000 0.000 0.000 0.000 0.000 0.000 0.000 0.000 0.000 0.000 0.000 0.000 0.000 0.000 0.000 0.000 0.000 0.000 0.000 0.000 0.000 27/12/1992
0.000 0.000 0.000 0.000 0.000 0.000 0.000 0.000 0.000 0.000 0.000 0.000 0.000 0.000 0.000 0.000 0.000 0.000 0.000 0.000 0.000 0.000 0.000 0.000 0.000 0.000 0.000 0.000 0.000 0.000 28/12/1992
0.000 0.000 0.000 0.000 0.000 0.000 0.000 0.000 0.000 0.000 0.000 0.000 0.000 0.000 0.000 0.000 0.000 0.000 0.000 0.000 0.000 0.000 0.000 0.000 0.000 0.000 0.000 0.000 0.000 0.000 29/12/1992
0.000 0.000 0.000 0.000 0.000 0.000 0.000 0.000 0.000 0.000 0.000 0.000 0.000 0.000 0.000 0.000 0.000 0.000 0.000 0.000 0.000 0.000 0.000 0.000 0.000 0.000 0.000 0.000 0.000 0.000 30/12/1992
0.000 0.000 0.000 0.000 0.000 0.000 0.000 0.000 0.000 0.000 0.000 0.000 0.000 0.000 0.000 0.000 0.000 0.000 0.000 0.000 0.000 0.000 0.000 0.000 0.000 0.000 0.000 0.000 0.000 0.000 31/12/1992
0.000 0.000 0.000 0.000 0.000 0.000 0.000 0.000 0.000 0.000 0.000 0.000 0.000 0.000 0.000 0.000 0.000 0.000 0.000 0.000 0.000 0.000 0.000 0.000 0.000 0.000 0.000 0.000 0.000 0.000 01/01/1993
0.000 0.000 0.000 0.000 0.000 0.000 0.000 0.000 0.000 0.000 0.000 0.000 0.000 0.000 0.000 0.000 0.000 0.000 0.000 0.000 0.000 0.000 0.000 0.000 0.000 0.000 0.000 0.000 0.000 0.000 02/01/1993
0.000 0.000 0.000 0.000 0.000 0.000 0.000 0.000 0.000 0.000 0.000 0.000 0.000 0.000 0.000 0.000 0.000 0.000 0.000 0.000 0.000 0.000 0.000 0.000 0.000 0.000 0.000 0.000 0.000 0.000 03/01/1993
0.000 0.000 0.000 0.000 0.000 0.000 0.000 0.000 0.000 0.000 0.000 0.000 0.000 0.000 0.000 0.000 0.000 0.000 0.000 0.000 0.000 0.000 0.000 0.000 0.000 0.000 0.000 0.000 0.000 0.000 04/01/1993
0.100 0.100 0.100 0.200 0.000 0.100 0.100 0.100 0.000 0.000 0.100 0.100 0.000 0.000 0.000 0.000 0.000 0.000 0.000 0.000 0.000 0.000 0.000 0.000 0.000 0.000 0.000 0.000 0.000 0.000 05/01/1993
0.000 0.000 0.000 0.000 0.000 0.000 0.000 0.000 0.000 0.000 0.000 0.000 0.000 0.000 0.000 0.000 0.000 0.000 0.000 0.000 0.000 0.000 0.000 0.000 0.000 0.000 0.000 0.000 0.000 0.000 06/01/1993
0.200 0.200 0.200 0.100 0.100 0.200 0.200 0.200 0.200 0.100 0.200 0.200 0.200 0.200 0.100 0.000 0.000 0.200 0.200 0.200 0.000 0.000 0.200 0.200 0.200 0.000 0.000 0.200 0.200 0.200 07/01/1993
1.900 1.900 1.900 4.600 2.600 1.900 1.900 1.900 2.400 2.600 1.900 1.900 2.400 2.400 2.600 0.900 1.000 2.400 2.400 2.400 0.900 1.000 2.400 2.400 2.400 0.900 1.000 2.400 2.400 2.400 08/01/1993
0.100 0.100 0.100 0.100 0.500 0.200 0.200 0.200 0.300 0.500 0.100 0.100 0.300 0.300 0.500 0.000 0.000 0.300 0.300 0.300 0.000 0.000 0.300 0.300 0.300 0.000 0.000 0.300 0.300 0.300 09/01/1993
3.500 3.500 3.500 5.800 4.400 3.500 3.600 3.500 2.200 4.300 3.500 3.500 2.200 2.200 4.300 1.500 2.000 2.200 2.200 2.200 1.400 2.000 2.200 2.200 2.200 1.400 2.000 2.200 2.200 2.200 10/01/1993
3.800 3.800 3.900 4.200 3.500 3.900 3.900 3.900 2.400 3.500 3.900 3.900 2.400 2.400 3.400 2.700 1.400 2.400 2.400 2.400 2.700 1.400 2.400 2.400 2.400 2.700 1.400 2.300 2.300 2.400 11/01/1993
3.500 3.500 3.500 3.100 5.600 3.500 3.600 3.500 5.600 5.600 3.500 3.500 5.600 5.600 5.500 3.200 4.800 5.600 5.600 5.600 3.200 4.800 5.600 5.600 5.600 3.100 4.700 5.500 5.500 5.600 12/01/1993
2.300 2.300 2.300 2.700 2.000 2.300 2.300 2.300 0.000 2.000 2.300 2.300 0.000 0.000 2.000 0.400 0.000 0.000 0.000 0.000 0.400 0.000 0.000 0.000 0.000 0.400 0.000 0.000 0.000 0.000 13/01/1993
1.500 1.500 1.500 0.900 0.400 1.600 1.600 1.600 0.200 0.400 1.600 1.600 0.200 0.200 0.400 0.100 0.000 0.200 0.200 0.200 0.100 0.000 0.200 0.100 0.100 0.100 0.000 0.100 0.100 0.200 14/01/1993
0.000 0.000 0.000 0.000 0.000 0.000 0.000 0.000 0.000 0.000 0.000 0.000 0.000 0.000 0.000 0.000 0.000 0.000 0.000 0.000 0.000 0.000 0.000 0.000 0.000 0.000 0.000 0.000 0.000 0.000 15/01/1993
0.000 0.000 0.000 0.000 0.000 0.000 0.000 0.000 0.000 0.000 0.000 0.000 0.000 0.000 0.000 0.000 0.000 0.000 0.000 0.000 0.000 0.000 0.000 0.000 0.000 0.000 0.000 0.000 0.000 0.000 16/01/1993
0.000 0.000 0.000 0.000 0.000 0.000 0.000 0.000 0.000 0.000 0.000 0.000 0.000 0.000 0.000 0.000 0.000 0.000 0.000 0.000 0.000 0.000 0.000 0.000 0.000 0.000 0.000 0.000 0.000 0.000 17/01/1993
0.000 0.000 0.000 0.000 0.000 0.000 0.000 0.000 0.300 0.000 0.000 0.000 0.300 0.300 0.000 0.000 0.000 0.300 0.300 0.300 0.000 0.000 0.300 0.300 0.300 0.000 0.000 0.300 0.300 0.300 18/01/1993
0.000 0.000 0.000 0.000 0.000 0.000 0.000 0.000 0.000 0.000 0.000 0.000 0.000 0.000 0.000 0.000 0.000 0.000 0.000 0.000 0.000 0.000 0.000 0.000 0.000 0.000 0.000 0.000 0.000 0.000 19/01/1993
0.000 0.000 0.000 0.000 0.000 0.000 0.000 0.000 0.000 0.000 0.000 0.000 0.000 0.000 0.000 0.000 0.000 0.000 0.000 0.000 0.000 0.000 0.000 0.000 0.000 0.000 0.000 0.000 0.000 0.000 20/01/1993
0.000 0.000 0.000 0.000 0.000 0.000 0.000 0.000 0.000 0.000 0.000 0.000 0.000 0.000 0.000 0.000 0.000 0.000 0.000 0.000 0.000 0.000 0.000 0.000 0.000 0.000 0.000 0.000 0.000 0.000 21/01/1993
0.200 0.200 0.200 0.500 0.500 0.200 0.200 0.200 0.200 0.500 0.200 0.200 0.200 0.200 0.500 0.500 0.000 0.200 0.200 0.200 0.500 0.000 0.200 0.200 0.200 0.500 0.000 0.200 0.200 0.200 22/01/1993
1.100 1.100 1.100 2.400 1.700 1.100 1.100 1.100 1.600 1.700 1.100 1.100 1.600 1.600 1.700 0.200 0.500 1.600 1.600 1.600 0.200 0.500 1.600 1.600 1.600 0.200 0.500 1.600 1.600 1.600 23/01/1993
2.300 2.300 2.300 2.900 2.000 2.300 2.300 2.300 2.300 2.000 2.300 2.300 2.300 2.300 2.000 1.300 1.900 2.300 2.300 2.300 1.300 1.900 2.300 2.300 2.300 1.300 1.900 2.300 2.300 2.300 24/01/1993
0.900 0.900 0.900 0.600 1.900 0.900 0.900 0.900 1.500 1.900 0.900 0.900 1.500 1.500 1.900 2.100 2.100 1.500 1.500 1.500 2.100 2.100 1.500 1.500 1.500 2.000 2.100 1.500 1.500 1.500 25/01/1993
0.100 0.100 0.100 0.500 1.400 0.100 0.100 0.100 0.200 1.400 0.100 0.100 0.200 0.200 1.400 0.200 0.200 0.200 0.200 0.200 0.200 0.200 0.200 0.200 0.200 0.200 0.200 0.200 0.200 0.200 26/01/1993
0.200 0.200 0.200 0.100 1.400 0.200 0.200 0.200 0.800 1.400 0.200 0.200 0.800 0.800 1.400 1.800 1.500 0.800 0.800 0.800 1.800 1.500 0.800 0.800 0.800 1.800 1.500 0.700 0.700 0.800 27/01/1993
0.000 0.000 0.000 0.000 0.100 0.000 0.000 0.000 0.200 0.100 0.000 0.000 0.200 0.200 0.100 0.000 0.000 0.200 0.200 0.200 0.000 0.000 0.200 0.200 0.200 0.000 0.000 0.200 0.200 0.200 28/01/1993
0.000 0.000 0.000 0.000 0.000 0.000 0.000 0.000 0.000 0.000 0.000 0.000 0.000 0.000 0.000 0.000 0.000 0.000 0.000 0.000 0.000 0.000 0.000 0.000 0.000 0.000 0.000 0.000 0.000 0.000 29/01/1993
0.000 0.000 0.000 0.000 0.000 0.000 0.000 0.000 0.000 0.000 0.000 0.000 0.000 0.000 0.000 0.000 0.000 0.000 0.000 0.000 0.000 0.000 0.000 0.000 0.000 0.000 0.000 0.000 0.000 0.000 30/01/1993
0.000 0.000 0.000 0.000 0.000 0.000 0.000 0.000 0.000 0.000 0.000 0.000 0.000 0.000 0.000 0.000 0.000 0.000 0.000 0.000 0.000 0.000 0.000 0.000 0.000 0.000 0.000 0.000 0.000 0.000 31/01/1993
0.000 0.000 0.000 0.000 0.000 0.000 0.000 0.000 0.000 0.000 0.000 0.000 0.000 0.000 0.000 0.000 0.000 0.000 0.000 0.000 0.000 0.000 0.000 0.000 0.000 0.000 0.000 0.000 0.000 0.000 01/02/1993
0.000 0.000 0.000 0.000 0.000 0.000 0.000 0.000 0.000 0.000 0.000 0.000 0.000 0.000 0.000 0.000 0.000 0.000 0.000 0.000 0.000 0.000 0.000 0.000 0.000 0.000 0.000 0.000 0.000 0.000 02/02/1993
0.000 0.000 0.000 0.000 0.000 0.000 0.000 0.000 0.000 0.000 0.000 0.000 0.000 0.000 0.000 0.000 0.000 0.000 0.000 0.000 0.000 0.000 0.000 0.000 0.000 0.000 0.000 0.000 0.000 0.000 03/02/1993
0.000 0.000 0.000 0.000 0.000 0.000 0.000 0.000 0.000 0.000 0.000 0.000 0.000 0.000 0.000 0.000 0.000 0.000 0.000 0.000 0.000 0.000 0.000 0.000 0.000 0.000 0.000 0.000 0.000 0.000 04/02/1993
0.000 0.000 0.000 0.000 0.000 0.000 0.000 0.000 0.000 0.000 0.000 0.000 0.000 0.000 0.000 0.000 0.000 0.000 0.000 0.000 0.000 0.000 0.000 0.000 0.000 0.000 0.000 0.000 0.000 0.000 05/02/1993
0.000 0.000 0.000 0.000 0.000 0.000 0.000 0.000 0.000 0.000 0.000 0.000 0.000 0.000 0.000 0.000 0.000 0.000 0.000 0.000 0.000 0.000 0.000 0.000 0.000 0.000 0.000 0.000 0.000 0.000 06/02/1993
0.000 0.000 0.000 0.000 0.000 0.000 0.000 0.000 0.000 0.000 0.000 0.000 0.000 0.000 0.000 0.000 0.000 0.000 0.000 0.000 0.000 0.000 0.000 0.000 0.000 0.000 0.000 0.000 0.000 0.000 07/02/1993
0.200 0.200 0.200 0.100 0.100 0.200 0.200 0.200 0.500 0.100 0.200 0.200 0.500 0.500 0.100 0.400 0.100 0.500 0.500 0.500 0.400 0.100 0.500 0.500 0.500 0.400 0.100 0.500 0.500 0.500 08/02/1993
0.000 0.000 0.000 0.000 0.000 0.000 0.000 0.000 0.400 0.000 0.000 0.000 0.400 0.400 0.000 0.100 0.000 0.400 0.400 0.400 0.100 0.000 0.400 0.400 0.400 0.100 0.000 0.400 0.400 0.400 09/02/1993
0.000 0.000 0.000 0.000 0.000 0.000 0.000 0.000 0.200 0.000 0.000 0.000 0.200 0.200 0.000 0.000 0.000 0.200 0.200 0.200 0.000 0.000 0.200 0.200 0.200 0.000 0.000 0.200 0.200 0.200 10/02/1993
0.000 0.000 0.000 0.000 0.000 0.000 0.000 0.000 0.000 0.000 0.000 0.000 0.000 0.000 0.000 0.000 0.000 0.000 0.000 0.000 0.000 0.000 0.000 0.000 0.000 0.000 0.000 0.000 0.000 0.000 11/02/1993
0.000 0.000 0.000 0.000 0.000 0.000 0.000 0.000 0.000 0.000 0.000 0.000 0.000 0.000 0.000 0.000 0.000 0.000 0.000 0.000 0.000 0.000 0.000 0.000 0.000 0.000 0.000 0.000 0.000 0.000 12/02/1993
0.000 0.000 0.000 0.000 0.000 0.000 0.000 0.000 0.000 0.000 0.000 0.000 0.000 0.000 0.000 0.000 0.000 0.000 0.000 0.000 0.000 0.000 0.000 0.000 0.000 0.000 0.000 0.000 0.000 0.000 13/02/1993
0.000 0.000 0.000 0.000 0.000 0.000 0.000 0.000 0.000 0.000 0.000 0.000 0.000 0.000 0.000 0.000 0.000 0.000 0.000 0.000 0.000 0.000 0.000 0.000 0.000 0.000 0.000 0.000 0.000 0.000 14/02/1993
0.000 0.000 0.000 0.000 0.000 0.000 0.000 0.000 0.000 0.000 0.000 0.000 0.000 0.000 0.000 0.000 0.000 0.000 0.000 0.000 0.000 0.000 0.000 0.000 0.000 0.000 0.000 0.000 0.000 0.000 15/02/1993
0.000 0.000 0.000 0.000 0.000 0.000 0.000 0.000 0.000 0.000 0.000 0.000 0.000 0.000 0.000 0.000 0.000 0.000 0.000 0.000 0.000 0.000 0.000 0.000 0.000 0.000 0.000 0.000 0.000 0.000 16/02/1993
0.000 0.000 0.000 0.000 0.000 0.000 0.000 0.000 0.000 0.000 0.000 0.000 0.000 0.000 0.000 0.000 0.000 0.000 0.000 0.000 0.000 0.000 0.000 0.000 0.000 0.000 0.000 0.000 0.000 0.000 17/02/1993
0.000 0.000 0.000 0.000 0.000 0.000 0.000 0.000 0.000 0.000 0.000 0.000 0.000 0.000 0.000 0.000 0.000 0.000 0.000 0.000 0.000 0.000 0.000 0.000 0.000 0.000 0.000 0.000 0.000 0.000 18/02/1993
0.000 0.000 0.000 0.000 0.000 0.000 0.000 0.000 0.000 0.000 0.000 0.000 0.000 0.000 0.000 0.000 0.000 0.000 0.000 0.000 0.000 0.000 0.000 0.000 0.000 0.000 0.000 0.000 0.000 0.000 19/02/1993
0.000 0.000 0.000 0.000 0.000 0.000 0.000 0.000 0.000 0.000 0.000 0.000 0.000 0.000 0.000 0.000 0.000 0.000 0.000 0.000 0.000 0.000 0.000 0.000 0.000 0.000 0.000 0.000 0.000 0.000 20/02/1993
0.000 0.000 0.000 0.700 0.800 0.000 0.000 0.000 0.200 0.800 0.000 0.000 0.200 0.200 0.800 0.200 0.100 0.200 0.200 0.200 0.200 0.100 0.200 0.200 0.200 0.200 0.100 0.100 0.100 0.200 21/02/1993
0.000 0.000 0.000 0.000 0.000 0.000 0.000 0.000 0.000 0.000 0.000 0.000 0.000 0.000 0.000 0.000 0.000 0.000 0.000 0.000 0.000 0.000 0.000 0.000 0.000 0.000 0.000 0.000 0.000 0.000 22/02/1993
0.000 0.000 0.000 0.000 0.000 0.000 0.000 0.000 0.000 0.000 0.000 0.000 0.000 0.000 0.000 0.000 0.000 0.000 0.000 0.000 0.000 0.000 0.000 0.000 0.000 0.000 0.000 0.000 0.000 0.000 23/02/1993
0.000 0.000 0.000 0.000 0.000 0.000 0.000 0.000 0.000 0.000 0.000 0.000 0.000 0.000 0.000 0.000 0.000 0.000 0.000 0.000 0.000 0.000 0.000 0.000 0.000 0.000 0.000 0.000 0.000 0.000 24/02/1993
0.000 0.000 0.000 0.000 0.000 0.000 0.000 0.000 0.000 0.000 0.000 0.000 0.000 0.000 0.000 0.000 0.000 0.000 0.000 0.000 0.000 0.000 0.000 0.000 0.000 0.000 0.000 0.000 0.000 0.000 25/02/1993
2.100 1.900 1.800 0.700 0.400 1.600 1.400 1.600 1.100 0.500 1.700 1.700 1.100 1.000 0.600 1.100 2.000 1.100 0.900 0.900 1.200 2.000 1.100 1.200 1.200 1.300 2.200 1.400 1.300 0.900 26/02/1993
0.100 0.100 0.100 1.100 0.400 0.100 0.100 0.100 0.200 0.400 0.100 0.100 0.200 0.200 0.400 0.000 0.000 0.200 0.200 0.200 0.000 0.000 0.200 0.200 0.200 0.000 0.000 0.200 0.200 0.200 27/02/1993
0.000 0.000 0.000 0.000 0.000 0.000 0.000 0.000 0.000 0.000 0.000 0.000 0.000 0.000 0.000 0.000 0.000 0.000 0.000 0.000 0.000 0.000 0.000 0.000 0.000 0.000 0.000 0.000 0.000 0.000 28/02/1993
0.000 0.000 0.000 0.000 0.000 0.000 0.000 0.000 0.000 0.000 0.000 0.000 0.000 0.000 0.000 0.000 0.000 0.000 0.000 0.000 0.000 0.000 0.000 0.000 0.000 0.000 0.000 0.000 0.000 0.000 01/03/1993
0.000 0.000 0.000 0.000 0.000 0.000 0.000 0.000 0.000 0.000 0.000 0.000 0.000 0.000 0.000 0.000 0.000 0.000 0.000 0.000 0.000 0.000 0.000 0.000 0.000 0.000 0.000 0.000 0.000 0.000 02/03/1993
0.000 0.000 0.000 0.000 0.000 0.000 0.000 0.000 0.000 0.000 0.000 0.000 0.000 0.000 0.000 0.000 0.000 0.000 0.000 0.000 0.000 0.000 0.000 0.000 0.000 0.000 0.000 0.000 0.000 0.000 03/03/1993
0.000 0.000 0.000 0.000 0.000 0.000 0.000 0.000 0.000 0.000 0.000 0.000 0.000 0.000 0.000 0.000 0.000 0.000 0.000 0.000 0.000 0.000 0.000 0.000 0.000 0.000 0.000 0.000 0.000 0.000 04/03/1993
0.000 0.000 0.000 0.000 0.000 0.000 0.000 0.000 0.000 0.000 0.000 0.000 0.000 0.000 0.000 0.000 0.000 0.000 0.000 0.000 0.000 0.000 0.000 0.000 0.000 0.000 0.000 0.000 0.000 0.000 05/03/1993
0.000 0.000 0.000 0.000 0.000 0.000 0.000 0.000 0.000 0.000 0.000 0.000 0.000 0.000 0.000 0.000 0.000 0.000 0.000 0.000 0.000 0.000 0.000 0.000 0.000 0.000 0.000 0.000 0.000 0.000 06/03/1993
0.000 0.000 0.000 0.000 0.000 0.000 0.000 0.000 0.000 0.000 0.000 0.000 0.000 0.000 0.000 0.000 0.000 0.000 0.000 0.000 0.000 0.000 0.000 0.000 0.000 0.000 0.000 0.000 0.000 0.000 07/03/1993
0.000 0.000 0.000 0.000 0.000 0.000 0.000 0.000 0.000 0.000 0.000 0.000 0.000 0.000 0.000 0.000 0.000 0.000 0.000 0.000 0.000 0.000 0.000 0.000 0.000 0.000 0.000 0.000 0.000 0.000 08/03/1993
0.000 0.000 0.000 0.000 0.000 0.000 0.000 0.000 0.000 0.000 0.000 0.000 0.000 0.000 0.000 0.000 0.000 0.000 0.000 0.000 0.000 0.000 0.000 0.000 0.000 0.000 0.000 0.000 0.000 0.000 09/03/1993
0.000 0.000 0.000 0.000 0.000 0.000 0.000 0.000 0.000 0.000 0.000 0.000 0.000 0.000 0.000 0.000 0.000 0.000 0.000 0.000 0.000 0.000 0.000 0.000 0.000 0.000 0.000 0.000 0.000 0.000 10/03/1993
0.100 0.100 0.100 0.100 0.000 0.100 0.100 0.100 0.000 0.000 0.100 0.100 0.000 0.000 0.000 0.000 0.000 0.000 0.000 0.000 0.000 0.000 0.000 0.000 0.000 0.000 0.000 0.000 0.000 0.000 11/03/1993
0.200 0.200 0.200 0.100 0.000 0.200 0.200 0.200 0.000 0.000 0.200 0.200 0.000 0.000 0.000 0.000 0.000 0.000 0.000 0.000 0.000 0.000 0.000 0.000 0.000 0.000 0.000 0.000 0.000 0.000 12/03/1993
0.000 0.000 0.000 0.000 0.000 0.000 0.000 0.000 0.000 0.000 0.000 0.000 0.000 0.000 0.000 0.000 0.000 0.000 0.000 0.000 0.000 0.000 0.000 0.000 0.000 0.000 0.000 0.000 0.000 0.000 13/03/1993
0.000 0.000 0.000 0.000 0.000 0.000 0.000 0.000 0.000 0.000 0.000 0.000 0.000 0.000 0.000 0.000 0.000 0.000 0.000 0.000 0.000 0.000 0.000 0.000 0.000 0.000 0.000 0.000 0.000 0.000 14/03/1993
0.000 0.000 0.000 0.000 0.000 0.000 0.000 0.000 0.000 0.000 0.000 0.000 0.000 0.000 0.000 0.000 0.000 0.000 0.000 0.000 0.000 0.000 0.000 0.000 0.000 0.000 0.000 0.000 0.000 0.000 15/03/1993
0.000 0.000 0.000 0.000 0.000 0.000 0.000 0.000 0.000 0.000 0.000 0.000 0.000 0.000 0.000 0.000 0.000 0.000 0.000 0.000 0.000 0.000 0.000 0.000 0.000 0.000 0.000 0.000 0.000 0.000 16/03/1993
0.000 0.000 0.000 0.000 0.000 0.000 0.000 0.000 0.000 0.000 0.000 0.000 0.000 0.000 0.000 0.000 0.000 0.000 0.000 0.000 0.000 0.000 0.000 0.000 0.000 0.000 0.000 0.000 0.000 0.000 17/03/1993
0.000 0.000 0.000 0.000 0.000 0.000 0.000 0.000 0.000 0.000 0.000 0.000 0.000 0.000 0.000 0.000 0.000 0.000 0.000 0.000 0.000 0.000 0.000 0.000 0.000 0.000 0.000 0.000 0.000 0.000 18/03/1993
0.000 0.000 0.000 0.000 0.000 0.000 0.000 0.000 0.000 0.000 0.000 0.000 0.000 0.000 0.000 0.000 0.000 0.000 0.000 0.000 0.000 0.000 0.000 0.000 0.000 0.000 0.000 0.000 0.000 0.000 19/03/1993
0.200 0.200 0.200 0.000 0.200 0.200 0.200 0.200 0.100 0.200 0.200 0.200 0.100 0.100 0.200 0.000 0.800 0.100 0.100 0.100 0.000 0.800 0.100 0.100 0.100 0.000 0.800 0.100 0.100 0.100 20/03/1993
3.300 3.300 3.300 3.300 7.700 3.300 3.400 3.300 4.300 7.600 3.300 3.300 4.300 4.300 7.600 2.100 5.900 4.300 4.400 4.400 2.100 5.900 4.300 4.300 4.300 2.000 5.800 4.300 4.300 4.400 21/03/1993
3.300 3.300 3.300 4.100 5.200 3.400 3.400 3.400 3.800 5.200 3.400 3.400 3.800 3.800 5.100 3.300 2.400 3.800 3.800 3.800 3.200 2.400 3.800 3.800 3.700 3.200 2.400 3.700 3.700 3.800 22/03/1993
1.700 1.700 1.700 3.400 3.500 1.700 1.700 1.700 3.700 3.400 1.700 1.700 3.700 3.700 3.400 1.400 4.800 3.700 3.700 3.700 1.400 4.800 3.700 3.700 3.700 1.300 4.800 3.700 3.700 3.700 23/03/1993
0.000 0.000 0.000 0.000 0.000 0.000 0.000 0.000 0.000 0.000 0.000 0.000 0.000 0.000 0.000 0.000 0.000 0.000 0.000 0.000 0.000 0.000 0.000 0.000 0.000 0.000 0.000 0.000 0.000 0.000 24/03/1993
0.000 0.000 0.000 0.000 0.000 0.000 0.000 0.000 0.000 0.000 0.000 0.000 0.000 0.000 0.000 0.000 0.000 0.000 0.000 0.000 0.000 0.000 0.000 0.000 0.000 0.000 0.000 0.000 0.000 0.000 25/03/1993
0.000 0.000 0.000 0.000 0.000 0.000 0.000 0.000 0.000 0.000 0.000 0.000 0.000 0.000 0.000 0.000 0.000 0.000 0.000 0.000 0.000 0.000 0.000 0.000 0.000 0.000 0.000 0.000 0.000 0.000 26/03/1993
0.000 0.000 0.000 0.000 0.000 0.000 0.000 0.000 0.000 0.000 0.000 0.000 0.000 0.000 0.000 0.000 0.000 0.000 0.000 0.000 0.000 0.000 0.000 0.000 0.000 0.000 0.000 0.000 0.000 0.000 27/03/1993
0.000 0.000 0.000 0.000 0.000 0.000 0.000 0.000 0.000 0.000 0.000 0.000 0.000 0.000 0.000 0.000 0.000 0.000 0.000 0.000 0.000 0.000 0.000 0.000 0.000 0.000 0.000 0.000 0.000 0.000 28/03/1993
0.900 0.900 0.900 0.900 0.500 0.900 0.900 0.900 1.000 0.500 0.900 0.900 0.900 1.000 0.500 0.900 0.400 1.000 1.000 1.000 0.900 0.400 1.000 0.900 0.900 0.900 0.400 0.900 0.900 1.000 29/03/1993
0.000 0.000 0.000 0.000 0.000 0.000 0.000 0.000 0.000 0.000 0.000 0.000 0.000 0.000 0.000 0.000 0.000 0.000 0.000 0.000 0.000 0.000 0.000 0.000 0.000 0.000 0.000 0.000 0.000 0.000 30/03/1993
4.100 4.100 4.100 6.700 3.900 4.100 4.200 4.100 4.800 3.900 4.100 4.100 4.800 4.800 3.900 3.200 6.100 4.800 4.800 4.800 3.100 6.200 4.800 4.800 4.800 3.100 6.100 4.700 4.700 4.800 31/03/1993
2.100 2.100 2.200 0.900 1.700 2.200 2.200 2.200 0.900 1.700 2.200 2.200 0.900 0.900 1.700 0.700 0.800 0.900 0.900 0.900 0.700 0.800 0.900 0.900 0.900 0.700 0.800 0.800 0.800 0.900 01/04/1993
1.200 1.200 1.200 1.800 1.800 1.200 1.200 1.200 2.700 1.800 1.200 1.200 2.600 2.700 1.700 1.600 1.600 2.700 2.700 2.700 1.600 1.600 2.700 2.600 2.600 1.500 1.600 2.600 2.600 2.700 02/04/1993
1.400 1.400 1.400 1.400 2.200 1.400 1.400 1.400 2.500 2.200 1.400 1.400 2.400 2.500 2.100 2.600 2.400 2.500 2.500 2.500 2.500 2.400 2.500 2.400 2.400 2.500 2.400 2.400 2.400 2.500 03/04/1993
1.400 1.400 1.400 1.500 0.200 1.400 1.400 1.400 1.100 0.200 1.400 1.400 1.100 1.100 0.200 0.800 0.600 1.100 1.100 1.100 0.800 0.600 1.100 1.100 1.100 0.800 0.600 1.100 1.100 1.100 04/04/1993
14.300 14.400 14.500 14.000 21.100 14.600 14.700 14.600 19.300 21.000 14.600 14.500 19.200 19.400 20.800 14.100 12.300 19.200 19.500 19.400 14.000 12.300 19.300 19.200 19.100 13.800 12.200 19.000 19.000 19.400 05/04/1993
2.600 2.600 2.600 3.200 6.300 2.600 2.600 2.600 4.700 6.200 2.600 2.600 4.700 4.700 6.200 4.100 3.900 4.700 4.700 4.700 4.000 3.900 4.700 4.700 4.700 4.000 3.900 4.600 4.600 4.700 06/04/1993
0.100 0.100 0.100 0.500 0.200 0.100 0.100 0.100 0.400 0.200 0.100 0.100 0.400 0.400 0.200 0.300 0.600 0.400 0.400 0.400 0.300 0.600 0.400 0.400 0.400 0.300 0.600 0.400 0.400 0.400 07/04/1993
0.200 0.200 0.200 0.000 0.000 0.200 0.200 0.200 0.100 0.000 0.200 0.200 0.100 0.100 0.000 0.200 0.200 0.100 0.100 0.100 0.200 0.200 0.100 0.100 0.100 0.200 0.200 0.100 0.100 0.100 08/04/1993
0.100 0.100 0.100 0.300 0.400 0.100 0.100 0.100 1.300 0.400 0.100 0.100 1.300 1.300 0.400 0.800 0.200 1.300 1.400 1.400 0.800 0.200 1.300 1.300 1.300 0.800 0.200 1.300 1.300 1.400 09/04/1993
5.200 5.200 5.300 3.800 4.300 5.300 5.400 5.300 4.400 4.300 5.300 5.300 4.400 4.400 4.200 6.600 6.800 4.400 4.400 4.400 6.600 6.800 4.400 4.400 4.400 6.500 6.700 4.300 4.300 4.400 10/04/1993
4.200 4.200 4.300 5.400 5.100 4.300 4.300 4.300 6.200 5.100 4.300 4.300 6.200 6.200 5.000 5.700 8.000 6.200 6.200 6.200 5.600 8.000 6.200 6.100 6.100 5.600 8.000 6.100 6.100 6.200 11/04/1993
3.300 3.300 3.300 3.000 2.300 3.300 3.400 3.300 3.800 2.300 3.300 3.300 3.800 3.800 2.300 5.800 8.200 3.800 3.800 3.800 5.700 8.200 3.800 3.700 3.700 5.700 8.100 3.700 3.700 3.800 12/04/1993
2.500 2.500 2.500 0.900 7.100 2.500 2.500 2.500 8.700 7.100 2.500 2.500 8.600 8.700 7.000 7.600 9.300 8.600 8.700 8.700 7.500 9.300 8.700 8.600 8.600 7.400 9.200 8.500 8.500 8.700 13/04/1993
3.400 3.400 3.400 1.400 3.800 3.400 3.500 3.400 6.700 3.700 3.400 3.400 6.600 6.700 3.700 0.700 2.700 6.600 6.700 6.700 0.700 2.700 6.700 6.600 6.600 0.700 2.700 6.600 6.600 6.700 14/04/1993
0.000 0.000 0.000 0.200 0.000 0.000 0.000 0.000 0.000 0.000 0.000 0.000 0.000 0.000 0.000 0.000 0.000 0.000 0.000 0.000 0.000 0.000 0.000 0.000 0.000 0.000 0.000 0.000 0.000 0.000 15/04/1993
0.000 0.000 0.000 0.100 0.000 0.000 0.000 0.000 0.000 0.000 0.000 0.000 0.000 0.000 0.000 0.000 0.000 0.000 0.000 0.000 0.000 0.000 0.000 0.000 0.000 0.000 0.000 0.000 0.000 0.000 16/04/1993
0.000 0.000 0.000 0.000 0.000 0.000 0.000 0.000 0.100 0.000 0.000 0.000 0.100 0.100 0.000 0.000 0.000 0.100 0.100 0.100 0.000 0.000 0.100 0.100 0.100 0.000 0.000 0.100 0.100 0.100 17/04/1993
0.000 0.000 0.000 0.000 0.000 0.000 0.000 0.000 0.000 0.000 0.000 0.000 0.000 0.000 0.000 0.000 0.000 0.000 0.000 0.000 0.000 0.000 0.000 0.000 0.000 0.000 0.000 0.000 0.000 0.000 18/04/1993
0.000 0.000 0.000 0.000 0.000 0.000 0.000 0.000 0.000 0.000 0.000 0.000 0.000 0.000 0.000 0.000 0.000 0.000 0.000 0.000 0.000 0.000 0.000 0.000 0.000 0.000 0.000 0.000 0.000 0.000 19/04/1993
0.000 0.000 0.000 0.000 0.000 0.000 0.000 0.000 0.000 0.000 0.000 0.000 0.000 0.000 0.000 0.000 0.000 0.000 0.000 0.000 0.000 0.000 0.000 0.000 0.000 0.000 0.000 0.000 0.000 0.000 20/04/1993
9.000 9.100 9.100 15.200 9.600 9.200 9.300 9.200 9.800 9.600 9.200 9.100 9.700 9.800 9.500 6.200 9.300 9.700 9.800 9.800 6.200 9.300 9.800 9.700 9.700 6.100 9.200 9.600 9.600 9.800 21/04/1993
1.500 1.500 1.500 2.000 4.100 1.500 1.500 1.500 0.900 4.000 1.500 1.500 0.900 0.900 4.000 1.500 1.900 0.900 0.900 0.900 1.500 1.900 0.900 0.900 0.900 1.500 1.900 0.800 0.800 0.900 22/04/1993
39.600 39.900 40.000 35.000 21.700 40.400 40.800 40.400 32.100 21.600 40.300 40.200 32.000 32.300 21.400 34.900 35.900 32.100 32.400 32.400 34.500 36.000 32.100 31.900 31.900 34.100 35.700 31.600 31.700 32.400 23/04/1993
5.200 5.200 5.300 7.200 10.000 5.300 5.400 5.300 7.000 10.000 5.300 5.300 7.000 7.000 9.900 3.100 3.700 7.000 7.100 7.000 3.100 3.700 7.000 6.900 6.900 3.100 3.700 6.900 6.900 7.100 24/04/1993
6.100 6.200 6.200 1.200 3.000 6.300 6.300 6.300 9.300 2.900 6.300 6.200 9.300 9.400 2.900 4.500 6.300 9.300 9.400 9.400 4.500 6.300 9.400 9.300 9.300 4.400 6.200 9.200 9.200 9.400 25/04/1993
1.200 1.200 1.200 6.200 11.200 1.200 1.200 1.200 5.500 11.100 1.200 1.200 5.400 5.500 11.100 5.300 6.300 5.500 5.500 5.500 5.300 6.300 5.500 5.400 5.400 5.200 6.300 5.400 5.400 5.500 26/04/1993
5.400 5.500 5.500 6.100 9.200 5.500 5.600 5.500 7.200 9.200 5.500 5.500 7.200 7.300 9.100 4.900 7.500 7.200 7.300 7.300 4.900 7.500 7.200 7.200 7.200 4.800 7.500 7.100 7.100 7.300 27/04/1993
3.200 3.200 3.200 4.600 3.200 3.300 3.300 3.300 1.700 3.200 3.300 3.300 1.700 1.700 3.200 2.600 2.300 1.700 1.700 1.700 2.600 2.300 1.700 1.700 1.700 2.600 2.300 1.600 1.600 1.700 28/04/1993
1.400 1.400 1.400 9.400 0.600 1.400 1.400 1.400 0.300 0.600 1.400 1.400 0.300 0.300 0.500 0.400 0.000 0.300 0.300 0.300 0.400 0.000 0.300 0.300 0.300 0.400 0.000 0.300 0.300 0.300 29/04/1993
0.100 0.100 0.100 0.300 6.400 0.100 0.100 0.100 2.900 6.400 0.100 0.100 2.900 2.900 6.300 0.100 0.300 2.900 3.000 3.000 0.100 0.300 2.900 2.900 2.900 0.100 0.300 2.900 2.900 3.000 30/04/1993
1.500 1.500 1.500 1.000 0.900 1.500 1.500 1.500 2.400 0.900 1.500 1.500 2.400 2.400 0.900 0.400 1.200 2.400 2.400 2.400 0.400 1.200 2.400 2.400 2.400 0.400 1.200 2.400 2.400 2.400 01/05/1993
0.000 0.000 0.000 0.400 0.700 0.000 0.000 0.000 0.900 0.700 0.000 0.000 0.900 0.900 0.700 0.600 0.900 0.900 0.900 0.900 0.600 0.900 0.900 0.900 0.900 0.600 0.900 0.800 0.800 0.900 02/05/1993
0.000 0.000 0.000 0.100 0.000 0.000 0.000 0.000 0.000 0.000 0.000 0.000 0.000 0.000 0.000 0.000 0.000 0.000 0.000 0.000 0.000 0.000 0.000 0.000 0.000 0.000 0.000 0.000 0.000 0.000 03/05/1993
0.000 0.000 0.000 0.000 0.000 0.000 0.000 0.000 0.000 0.000 0.000 0.000 0.000 0.000 0.000 0.000 0.000 0.000 0.000 0.000 0.000 0.000 0.000 0.000 0.000 0.000 0.000 0.000 0.000 0.000 04/05/1993
0.000 0.000 0.000 0.000 0.000 0.000 0.000 0.000 0.000 0.000 0.000 0.000 0.000 0.000 0.000 0.000 0.000 0.000 0.000 0.000 0.000 0.000 0.000 0.000 0.000 0.000 0.000 0.000 0.000 0.000 05/05/1993
0.000 0.000 0.000 0.000 0.000 0.000 0.000 0.000 0.000 0.000 0.000 0.000 0.000 0.000 0.000 0.000 0.000 0.000 0.000 0.000 0.000 0.000 0.000 0.000 0.000 0.000 0.000 0.000 0.000 0.000 06/05/1993
0.000 0.000 0.000 0.000 0.000 0.000 0.000 0.000 0.000 0.000 0.000 0.000 0.000 0.000 0.000 0.000 0.000 0.000 0.000 0.000 0.000 0.000 0.000 0.000 0.000 0.000 0.000 0.000 0.000 0.000 07/05/1993
4.300 4.400 4.400 1.400 3.200 4.400 4.500 4.400 0.000 3.100 4.400 4.400 0.000 0.000 3.100 0.000 0.000 0.000 0.000 0.000 0.000 0.000 0.000 0.000 0.000 0.000 0.000 0.000 0.000 0.000 08/05/1993
0.400 0.400 0.400 0.900 0.000 0.400 0.400 0.400 0.000 0.000 0.400 0.400 0.000 0.000 0.000 0.000 0.000 0.000 0.000 0.000 0.000 0.000 0.000 0.000 0.000 0.000 0.000 0.000 0.000 0.000 09/05/1993
4.600 4.600 4.600 6.000 7.900 4.700 4.700 4.700 8.600 7.900 4.600 4.600 8.600 8.600 7.800 4.300 4.400 8.600 8.700 8.700 4.300 4.400 8.600 8.500 8.500 4.200 4.400 8.400 8.500 8.700 10/05/1993
0.600 0.600 0.600 2.200 3.400 0.600 0.600 0.600 0.500 3.400 0.600 0.600 0.500 0.500 3.400 0.200 0.100 0.500 0.500 0.500 0.200 0.100 0.500 0.500 0.500 0.200 0.100 0.500 0.500 0.500 11/05/1993
0.100 0.100 0.100 0.800 2.200 0.100 0.100 0.100 0.400 2.200 0.100 0.100 0.400 0.400 2.200 1.000 5.000 0.400 0.400 0.400 1.000 5.000 0.400 0.400 0.400 0.900 5.000 0.300 0.300 0.400 12/05/1993
0.000 0.000 0.000 0.000 0.000 0.000 0.000 0.000 0.000 0.000 0.000 0.000 0.000 0.000 0.000 0.000 0.000 0.000 0.000 0.000 0.000 0.000 0.000 0.000 0.000 0.000 0.000 0.000 0.000 0.000 13/05/1993
2.400 2.400 2.400 1.200 0.800 2.400 2.500 2.400 0.500 0.800 2.400 2.400 0.500 0.500 0.800 1.300 2.000 0.500 0.500 0.500 1.100 2.000 0.500 0.500 0.500 1.000 2.000 0.500 0.500 0.500 14/05/1993
0.000 0.000 0.000 0.000 0.000 0.000 0.000 0.000 0.000 0.000 0.000 0.000 0.000 0.000 0.000 0.000 0.200 0.000 0.000 0.000 0.000 0.200 0.000 0.000 0.000 0.000 0.200 0.000 0.000 0.000 15/05/1993
0.000 0.000 0.000 0.000 0.000 0.000 0.000 0.000 0.000 0.000 0.000 0.000 0.000 0.000 0.000 0.000 0.000 0.000 0.000 0.000 0.000 0.000 0.000 0.000 0.000 0.000 0.000 0.000 0.000 0.000 16/05/1993
3.600 3.600 3.600 2.200 4.400 3.600 3.700 3.600 4.800 4.300 3.600 3.600 4.800 4.900 4.300 4.700 4.800 4.800 4.900 4.900 4.700 4.800 4.800 4.800 4.800 4.600 4.700 4.800 4.800 4.900 17/05/1993
14.200 14.300 14.400 22.400 9.900 14.500 14.700 14.500 11.700 9.900 14.500 14.500 11.700 11.800 9.800 8.100 18.900 11.700 11.800 11.800 8.100 18.900 11.700 11.700 11.600 8.000 18.700 11.500 11.600 11.800 18/05/1993
11.400 11.500 11.600 7.100 9.000 11.700 11.800 11.700 5.600 8.900 11.600 11.600 5.600 5.700 8.900 4.300 6.800 5.600 5.700 5.700 4.300 6.800 5.600 5.600 5.600 4.200 6.800 5.500 5.500 5.700 19/05/1993
20.500 20.600 20.700 19.900 17.200 20.900 21.100 20.900 22.300 17.100 20.800 20.800 22.200 22.400 16.900 18.500 27.000 22.200 22.500 22.500 18.300 27.100 22.300 22.100 22.100 18.100 26.900 21.900 22.000 22.500 20/05/1993
0.000 0.000 0.000 0.000 0.000 0.000 0.000 0.000 0.000 0.000 0.000 0.000 0.000 0.000 0.000 0.200 0.000 0.000 0.000 0.000 0.200 0.000 0.000 0.000 0.000 0.200 0.000 0.000 0.000 0.000 21/05/1993
0.200 0.200 0.200 0.000 0.000 0.300 0.300 0.300 0.000 0.000 0.300 0.300 0.000 0.000 0.000 0.100 0.000 0.000 0.000 0.000 0.100 0.000 0.000 0.000 0.000 0.100 0.000 0.000 0.000 0.000 22/05/1993
0.000 0.000 0.000 0.000 0.000 0.000 0.000 0.000 0.000 0.000 0.000 0.000 0.000 0.000 0.000 0.000 0.000 0.000 0.000 0.000 0.000 0.000 0.000 0.000 0.000 0.000 0.000 0.000 0.000 0.000 23/05/1993
0.400 0.400 0.400 0.000 0.000 0.400 0.400 0.400 0.200 0.000 0.400 0.400 0.200 0.200 0.000 1.000 1.000 0.200 0.200 0.200 1.000 1.000 0.200 0.200 0.200 1.000 1.000 0.200 0.200 0.200 24/05/1993
0.700 0.700 0.700 0.500 0.000 0.700 0.700 0.700 0.100 0.000 0.700 0.700 0.100 0.100 0.000 1.700 1.000 0.100 0.100 0.100 1.700 1.000 0.100 0.100 0.100 1.700 1.000 0.100 0.100 0.100 25/05/1993
13.500 13.600 13.600 9.400 16.000 13.700 13.900 13.700 11.400 15.900 13.700 13.700 11.300 11.400 15.800 7.200 14.500 11.400 11.500 11.500 7.100 14.500 11.400 11.300 11.300 7.000 14.400 11.200 11.200 11.500 26/05/1993
12.600 12.700 12.800 12.100 12.200 12.900 13.000 12.900 9.600 12.100 12.900 12.800 9.600 9.700 12.000 12.100 9.300 9.600 9.700 9.700 12.000 9.300 9.600 9.600 9.600 11.900 9.200 9.500 9.500 9.700 27/05/1993
0.100 0.100 0.100 0.800 0.600 0.100 0.100 0.100 0.100 0.600 0.100 0.100 0.100 0.100 0.600 0.200 0.300 0.100 0.100 0.100 0.200 0.300 0.100 0.100 0.100 0.100 0.300 0.100 0.100 0.100 28/05/1993
18.900 19.000 19.100 15.600 10.200 19.300 19.500 19.300 9.300 10.200 19.300 19.200 9.300 9.400 10.100 11.800 9.000 9.300 9.400 9.400 11.700 9.100 9.300 9.300 9.300 11.500 9.000 9.200 9.200 9.400 29/05/1993
1.100 1.100 1.100 1.000 2.700 1.100 1.100 1.100 3.100 2.700 1.100 1.100 3.100 3.200 2.700 1.400 1.200 3.100 3.200 3.200 1.400 1.300 3.100 3.100 3.100 1.400 1.200 3.100 3.100 3.200 30/05/1993
0.000 0.000 0.000 0.000 0.000 0.000 0.000 0.000 0.000 0.000 0.000 0.000 0.000 0.000 0.000 0.000 0.000 0.000 0.000 0.000 0.000 0.000 0.000 0.000 0.000 0.000 0.000 0.000 0.000 0.000 31/05/1993
3.000 3.100 3.100 2.800 2.200 3.100 3.100 3.100 1.800 2.200 3.100 3.100 1.800 1.800 2.200 1.400 3.200 1.800 1.800 1.800 1.400 3.300 1.800 1.800 1.800 1.400 3.200 1.700 1.700 1.800 01/06/1993
1.100 1.100 1.100 1.900 1.300 1.100 1.100 1.100 0.100 1.300 1.100 1.100 0.100 0.100 1.200 0.300 0.100 0.100 0.100 0.100 0.300 0.100 0.100 0.100 0.100 0.300 0.100 0.100 0.100 0.100 02/06/1993
0.000 0.000 0.000 0.000 0.000 0.000 0.000 0.000 0.000 0.000 0.000 0.000 0.000 0.000 0.000 0.000 0.000 0.000 0.000 0.000 0.000 0.000 0.000 0.000 0.000 0.000 0.000 0.000 0.000 0.000 03/06/1993
0.000 0.000 0.000 0.000 0.000 0.000 0.000 0.000 0.000 0.000 0.000 0.000 0.000 0.000 0.000 0.000 0.000 0.000 0.000 0.000 0.000 0.000 0.000 0.000 0.000 0.000 0.000 0.000 0.000 0.000 04/06/1993
0.000 0.000 0.000 0.000 0.000 0.000 0.000 0.000 0.000 0.000 0.000 0.000 0.000 0.000 0.000 0.000 0.000 0.000 0.000 0.000 0.000 0.000 0.000 0.000 0.000 0.000 0.000 0.000 0.000 0.000 05/06/1993
0.000 0.000 0.000 0.000 0.000 0.000 0.000 0.000 0.000 0.000 0.000 0.000 0.000 0.000 0.000 0.100 0.000 0.000 0.000 0.000 0.100 0.000 0.000 0.000 0.000 0.100 0.000 0.000 0.000 0.000 06/06/1993
0.000 0.000 0.000 0.000 0.000 0.000 0.000 0.000 0.000 0.000 0.000 0.000 0.000 0.000 0.000 0.000 0.000 0.000 0.000 0.000 0.000 0.000 0.000 0.000 0.000 0.000 0.000 0.000 0.000 0.000 07/06/1993
0.100 0.100 0.100 0.500 1.200 0.100 0.100 0.100 3.100 1.200 0.100 0.100 3.100 3.200 1.200 6.800 7.500 3.100 3.200 3.200 6.700 7.500 3.100 3.100 3.100 6.700 7.500 3.100 3.100 3.200 08/06/1993
15.400 15.500 15.500 32.800 30.500 15.600 15.800 15.600 43.400 30.300 15.600 15.600 43.300 43.700 30.000 3.200 15.500 43.400 43.800 43.800 3.200 15.500 43.500 43.200 43.100 3.200 15.400 42.700 42.800 43.800 09/06/1993
20.600 20.800 20.900 21.800 13.900 21.000 21.200 21.000 11.100 13.900 21.000 20.900 11.000 11.100 13.700 14.600 15.800 11.100 11.200 11.200 14.400 15.800 11.100 11.000 11.000 14.200 15.700 10.900 10.900 11.200 10/06/1993
7.700 7.700 7.700 10.900 6.300 7.800 7.900 7.800 5.200 6.300 7.800 7.800 5.100 5.200 6.200 12.700 6.300 5.200 5.200 5.200 12.600 6.300 5.200 5.100 5.100 12.500 6.300 5.100 5.100 5.200 11/06/1993
4.300 4.300 4.300 9.700 6.500 4.400 4.400 4.400 5.200 6.500 4.300 4.300 5.200 5.200 6.400 7.300 6.200 5.200 5.300 5.300 7.300 6.200 5.200 5.200 5.200 7.200 6.200 5.100 5.100 5.300 12/06/1993
1.900 1.900 1.900 1.400 4.000 1.900 2.000 1.900 1.200 4.000 1.900 1.900 1.200 1.200 3.900 0.000 2.300 1.200 1.200 1.200 0.000 2.300 1.200 1.200 1.200 0.000 2.300 1.200 1.200 1.200 13/06/1993
5.900 5.900 5.900 6.800 5.700 6.000 6.000 6.000 6.300 5.700 6.000 6.000 6.300 6.300 5.700 4.000 2.900 6.300 6.300 6.300 3.900 2.900 6.300 6.200 6.200 3.900 2.900 6.200 6.200 6.300 14/06/1993
0.000 0.000 0.000 0.000 0.300 0.000 0.000 0.000 0.300 0.300 0.000 0.000 0.300 0.300 0.300 0.000 0.100 0.300 0.300 0.300 0.000 0.100 0.300 0.300 0.300 0.000 0.100 0.300 0.300 0.300 15/06/1993
0.000 0.000 0.000 0.000 0.000 0.000 0.000 0.000 0.000 0.000 0.000 0.000 0.000 0.000 0.000 0.000 0.000 0.000 0.000 0.000 0.000 0.000 0.000 0.000 0.000 0.000 0.000 0.000 0.000 0.000 16/06/1993
0.200 0.200 0.200 0.400 0.000 0.200 0.200 0.200 0.000 0.000 0.200 0.200 0.000 0.000 0.000 0.100 0.000 0.000 0.000 0.000 0.100 0.000 0.000 0.000 0.000 0.100 0.000 0.000 0.000 0.000 17/06/1993
0.000 0.000 0.000 0.000 0.000 0.000 0.000 0.000 0.000 0.000 0.000 0.000 0.000 0.000 0.000 0.000 0.000 0.000 0.000 0.000 0.000 0.000 0.000 0.000 0.000 0.000 0.000 0.000 0.000 0.000 18/06/1993
0.000 0.000 0.000 0.000 0.000 0.000 0.000 0.000 0.000 0.000 0.000 0.000 0.000 0.000 0.000 0.000 0.000 0.000 0.000 0.000 0.000 0.000 0.000 0.000 0.000 0.000 0.000 0.000 0.000 0.000 19/06/1993
14.300 14.400 14.400 9.000 15.000 14.500 14.700 14.500 24.100 15.000 14.500 14.500 24.000 24.300 14.800 14.800 20.900 24.100 24.400 24.300 14.700 20.900 24.200 24.000 24.000 14.500 20.800 23.700 23.800 24.400 20/06/1993
8.700 8.800 8.800 13.500 4.700 8.900 9.000 8.900 3.300 4.700 8.900 8.900 3.300 3.400 4.700 2.200 5.900 3.300 3.400 3.400 2.200 5.900 3.300 3.300 3.300 2.200 5.800 3.300 3.300 3.400 21/06/1993
0.400 0.400 0.400 11.000 1.800 0.400 0.400 0.400 1.100 1.800 0.400 0.400 1.100 1.100 1.700 1.300 5.600 1.100 1.100 1.100 1.300 5.600 1.100 1.100 1.100 1.300 5.500 1.100 1.100 1.100 22/06/1993
0.000 0.000 0.000 0.000 0.000 0.000 0.000 0.000 0.100 0.000 0.000 0.000 0.100 0.100 0.000 0.000 1.900 0.100 0.100 0.100 0.000 1.900 0.100 0.100 0.100 0.000 1.900 0.100 0.100 0.100 23/06/1993
0.000 0.000 0.000 0.000 0.000 0.000 0.000 0.000 0.000 0.000 0.000 0.000 0.000 0.000 0.000 0.000 0.000 0.000 0.000 0.000 0.000 0.000 0.000 0.000 0.000 0.000 0.000 0.000 0.000 0.000 24/06/1993
0.000 0.000 0.000 0.000 0.000 0.000 0.000 0.000 0.000 0.000 0.000 0.000 0.000 0.000 0.000 0.000 0.000 0.000 0.000 0.000 0.000 0.000 0.000 0.000 0.000 0.000 0.000 0.000 0.000 0.000 25/06/1993
0.000 0.000 0.000 0.000 0.000 0.000 0.000 0.000 0.000 0.000 0.000 0.000 0.000 0.000 0.000 0.000 0.000 0.000 0.000 0.000 0.000 0.000 0.000 0.000 0.000 0.000 0.000 0.000 0.000 0.000 26/06/1993
0.000 0.000 0.000 0.000 0.000 0.000 0.000 0.000 0.000 0.000 0.000 0.000 0.000 0.000 0.000 0.000 0.000 0.000 0.000 0.000 0.000 0.000 0.000 0.000 0.000 0.000 0.000 0.000 0.000 0.000 27/06/1993
4.400 4.500 4.500 13.800 16.200 4.500 4.600 4.500 5.400 16.100 4.500 4.500 5.400 5.400 16.000 2.100 3.100 5.400 5.500 5.500 2.100 3.100 5.400 5.400 5.400 2.000 3.100 5.300 5.300 5.500 28/06/1993
4.600 4.600 4.600 3.400 14.000 4.700 4.700 4.700 9.600 13.900 4.700 4.700 9.600 9.700 13.800 11.000 15.800 9.600 9.700 9.700 10.900 15.800 9.600 9.600 9.600 10.800 15.700 9.500 9.500 9.700 29/06/1993
1.100 1.100 1.100 6.900 2.200 1.100 1.100 1.100 1.800 2.200 1.100 1.100 1.800 1.900 2.200 0.200 1.200 1.800 1.900 1.900 0.200 1.200 1.900 1.800 1.800 0.200 1.200 1.800 1.800 1.900 30/06/1993
4.700 4.700 4.800 2.300 2.300 4.800 4.800 4.800 0.900 2.200 4.800 4.800 0.900 0.900 2.200 7.100 0.600 0.900 0.900 0.900 7.000 0.600 0.900 0.900 0.900 6.900 0.600 0.900 0.900 0.900 01/07/1993
0.000 0.000 0.000 0.000 0.100 0.000 0.000 0.000 0.100 0.100 0.000 0.000 0.100 0.100 0.100 0.100 0.100 0.100 0.100 0.100 0.100 0.100 0.100 0.100 0.100 0.100 0.100 0.100 0.100 0.100 02/07/1993
0.000 0.000 0.000 0.000 0.000 0.000 0.000 0.000 0.000 0.000 0.000 0.000 0.000 0.000 0.000 0.400 0.000 0.000 0.000 0.000 0.400 0.000 0.000 0.000 0.000 0.400 0.000 0.000 0.000 0.000 03/07/1993
0.000 0.000 0.000 0.000 0.000 0.000 0.000 0.000 0.000 0.000 0.000 0.000 0.000 0.000 0.000 0.000 0.000 0.000 0.000 0.000 0.000 0.000 0.000 0.000 0.000 0.000 0.000 0.000 0.000 0.000 04/07/1993
0.000 0.000 0.000 0.100 0.000 0.000 0.000 0.000 0.000 0.000 0.000 0.000 0.000 0.000 0.000 0.200 0.000 0.000 0.000 0.000 0.200 0.000 0.000 0.000 0.000 0.200 0.000 0.000 0.000 0.000 05/07/1993
0.000 0.000 0.000 0.000 0.000 0.000 0.000 0.000 0.000 0.000 0.000 0.000 0.000 0.000 0.000 0.000 0.000 0.000 0.000 0.000 0.000 0.000 0.000 0.000 0.000 0.000 0.000 0.000 0.000 0.000 06/07/1993
0.000 0.000 0.000 0.000 0.000 0.000 0.000 0.000 0.000 0.000 0.000 0.000 0.000 0.000 0.000 0.000 0.000 0.000 0.000 0.000 0.000 0.000 0.000 0.000 0.000 0.000 0.000 0.000 0.000 0.000 07/07/1993
0.000 0.000 0.000 0.000 0.000 0.000 0.000 0.000 0.000 0.000 0.000 0.000 0.000 0.000 0.000 0.000 0.000 0.000 0.000 0.000 0.000 0.000 0.000 0.000 0.000 0.000 0.000 0.000 0.000 0.000 08/07/1993
4.600 4.700 4.700 6.200 1.400 4.700 4.800 4.700 1.500 1.300 4.700 4.700 1.500 1.500 1.300 2.200 0.800 1.500 1.500 1.500 2.200 0.800 1.500 1.500 1.500 2.200 0.800 1.400 1.400 1.500 09/07/1993
1.600 1.700 1.700 2.000 4.400 1.700 1.700 1.700 5.600 4.400 1.700 1.700 5.600 5.700 4.400 4.100 5.900 5.600 5.700 5.700 4.100 5.900 5.600 5.600 5.600 4.000 5.800 5.500 5.500 5.700 10/07/1993
7.900 7.900 8.000 7.300 7.400 8.000 8.100 8.000 15.200 7.300 8.000 8.000 15.200 15.300 7.300 12.800 10.500 15.200 15.400 15.300 12.700 10.500 15.200 15.100 15.100 12.500 10.400 15.000 15.000 15.400 11/07/1993
0.100 0.100 0.100 0.000 0.000 0.100 0.100 0.100 0.000 0.000 0.100 0.100 0.000 0.000 0.000 2.000 0.200 0.000 0.000 0.000 2.000 0.200 0.000 0.000 0.000 1.900 0.200 0.000 0.000 0.000 12/07/1993
0.000 0.000 0.000 0.000 0.000 0.000 0.000 0.000 0.000 0.000 0.000 0.000 0.000 0.000 0.000 0.000 0.000 0.000 0.000 0.000 0.000 0.000 0.000 0.000 0.000 0.000 0.000 0.000 0.000 0.000 13/07/1993
0.000 0.000 0.000 0.000 0.000 0.000 0.000 0.000 0.000 0.000 0.000 0.000 0.000 0.000 0.000 0.000 0.000 0.000 0.000 0.000 0.000 0.000 0.000 0.000 0.000 0.000 0.000 0.000 0.000 0.000 14/07/1993
0.000 0.000 0.000 0.000 0.000 0.000 0.000 0.000 0.000 0.000 0.000 0.000 0.000 0.000 0.000 0.000 0.000 0.000 0.000 0.000 0.000 0.000 0.000 0.000 0.000 0.000 0.000 0.000 0.000 0.000 15/07/1993
0.000 0.000 0.000 0.000 0.300 0.000 0.000 0.000 0.000 0.300 0.000 0.000 0.000 0.000 0.300 0.000 0.300 0.000 0.000 0.000 0.000 0.300 0.000 0.000 0.000 0.000 0.300 0.000 0.000 0.000 16/07/1993
0.000 0.000 0.000 0.000 0.000 0.000 0.000 0.000 0.000 0.000 0.000 0.000 0.000 0.000 0.000 0.000 0.000 0.000 0.000 0.000 0.000 0.000 0.000 0.000 0.000 0.000 0.000 0.000 0.000 0.000 17/07/1993
0.900 1.000 1.000 0.200 0.100 1.000 1.000 1.000 0.200 0.100 1.000 1.000 0.200 0.200 0.100 0.300 0.500 0.200 0.200 0.200 0.300 0.500 0.200 0.200 0.200 0.300 0.500 0.200 0.200 0.200 18/07/1993
3.600 3.600 3.600 3.000 6.900 3.700 3.700 3.700 2.500 6.900 3.700 3.700 2.400 2.500 6.800 4.500 5.000 2.500 2.500 2.500 4.500 5.000 2.500 2.400 2.400 4.500 5.000 2.400 2.400 2.500 19/07/1993
2.900 3.000 3.000 2.200 2.300 3.000 3.000 3.000 2.300 2.300 3.000 3.000 2.300 2.300 2.300 1.000 2.100 2.300 2.300 2.300 1.000 2.100 2.300 2.300 2.300 1.000 2.100 2.200 2.300 2.300 20/07/1993
0.000 0.000 0.000 0.000 0.000 0.000 0.000 0.000 0.000 0.000 0.000 0.000 0.000 0.000 0.000 0.000 0.000 0.000 0.000 0.000 0.000 0.000 0.000 0.000 0.000 0.000 0.000 0.000 0.000 0.000 21/07/1993
1.500 1.500 1.500 1.100 2.000 1.500 1.500 1.500 0.900 2.000 1.500 1.500 0.900 0.900 2.000 0.900 0.800 0.900 0.900 0.900 0.900 0.800 0.900 0.900 0.900 0.900 0.800 0.900 0.900 0.900 22/07/1993
0.000 0.000 0.000 0.000 0.100 0.000 0.000 0.000 0.000 0.100 0.000 0.000 0.000 0.000 0.100 0.000 0.000 0.000 0.000 0.000 0.000 0.000 0.000 0.000 0.000 0.000 0.000 0.000 0.000 0.000 23/07/1993
0.000 0.000 0.000 0.600 0.200 0.000 0.000 0.000 0.500 0.200 0.000 0.000 0.500 0.500 0.200 0.400 0.300 0.500 0.500 0.500 0.400 0.300 0.500 0.500 0.500 0.400 0.300 0.500 0.500 0.500 24/07/1993
0.000 0.000 0.000 0.000 0.300 0.000 0.000 0.000 0.100 0.300 0.000 0.000 0.100 0.100 0.300 0.000 0.000 0.100 0.100 0.100 0.000 0.000 0.100 0.100 0.100 0.000 0.000 0.100 0.100 0.100 25/07/1993
0.000 0.000 0.000 0.000 0.000 0.000 0.000 0.000 0.000 0.000 0.000 0.000 0.000 0.000 0.000 0.000 0.000 0.000 0.000 0.000 0.000 0.000 0.000 0.000 0.000 0.000 0.000 0.000 0.000 0.000 26/07/1993
0.000 0.000 0.000 0.000 0.000 0.000 0.000 0.000 0.000 0.000 0.000 0.000 0.000 0.000 0.000 0.000 0.000 0.000 0.000 0.000 0.000 0.000 0.000 0.000 0.000 0.000 0.000 0.000 0.000 0.000 27/07/1993
0.000 0.000 0.000 0.000 0.000 0.000 0.000 0.000 0.000 0.000 0.000 0.000 0.000 0.000 0.000 0.000 0.000 0.000 0.000 0.000 0.000 0.000 0.000 0.000 0.000 0.000 0.000 0.000 0.000 0.000 28/07/1993
3.100 3.100 3.100 0.300 2.700 3.100 3.200 3.100 3.300 2.700 3.100 3.100 3.300 3.300 2.600 5.400 4.800 3.300 3.300 3.300 5.300 4.800 3.300 3.200 3.200 5.300 4.700 3.200 3.200 3.300 29/07/1993
2.800 2.900 2.900 3.800 6.100 2.900 2.900 2.900 3.300 6.100 2.900 2.900 3.300 3.300 6.000 1.300 1.100 3.300 3.300 3.300 1.300 1.100 3.300 3.300 3.300 1.200 1.100 3.300 3.300 3.300 30/07/1993
0.000 0.000 0.000 0.000 0.000 0.000 0.000 0.000 0.000 0.000 0.000 0.000 0.000 0.000 0.000 0.000 0.000 0.000 0.000 0.000 0.000 0.000 0.000 0.000 0.000 0.000 0.000 0.000 0.000 0.000 31/07/1993
