# 6448 6449 6450 6451 6452 6528 6529 6530 6531 6532 6610 6611 6612 6613 6614 6693 6694 6695 6696 6697 6776 6777 6778 6779 6780 6859 6860 6861 6862 6863 Date
0.000 0.000 0.000 0.000 0.000 0.000 0.000 0.000 0.000 0.000 0.000 0.000 0.000 0.000 0.000 0.500 0.300 0.000 0.000 0.000 0.500 0.300 0.000 0.000 0.000 0.500 0.300 0.000 0.000 0.000 01/08/2011
11.000 11.100 11.200 17.900 17.500 11.300 11.400 11.300 27.700 17.400 11.200 11.200 27.600 27.800 17.300 18.800 21.400 27.700 28.000 27.900 18.700 21.500 27.700 27.500 27.500 18.400 21.300 27.200 27.300 28.000 02/08/2011
0.000 0.000 0.000 0.000 0.600 0.000 0.000 0.000 0.700 0.600 0.000 0.000 0.700 0.700 0.600 0.000 0.000 0.700 0.700 0.700 0.000 0.000 0.700 0.700 0.700 0.000 0.000 0.700 0.700 0.700 03/08/2011
0.400 0.400 0.400 0.800 0.800 0.400 0.400 0.400 0.400 0.800 0.400 0.400 0.400 0.400 0.800 0.200 0.700 0.400 0.400 0.400 0.200 0.700 0.400 0.400 0.400 0.200 0.700 0.400 0.400 0.400 04/08/2011
3.700 3.800 3.800 4.500 0.500 3.800 3.800 3.800 1.800 0.500 3.800 3.800 1.800 1.800 0.500 4.100 4.000 1.800 1.900 1.900 4.000 4.000 1.800 1.800 1.800 4.000 4.000 1.800 1.800 1.900 05/08/2011
6.000 6.100 6.100 5.500 7.700 6.100 6.200 6.100 5.700 7.600 6.100 6.100 5.600 5.700 7.600 4.400 4.400 5.700 5.700 5.700 4.400 4.400 5.700 5.600 5.600 4.300 4.400 5.600 5.600 5.700 06/08/2011
0.800 0.800 0.800 0.400 0.500 0.800 0.800 0.800 1.200 0.500 0.800 0.800 1.200 1.200 0.500 1.100 1.300 1.200 1.200 1.200 1.100 1.300 1.200 1.200 1.200 1.100 1.300 1.200 1.200 1.200 07/08/2011
2.200 2.200 2.200 2.300 0.900 2.200 2.200 2.200 0.100 0.900 2.200 2.200 0.100 0.100 0.900 0.700 0.100 0.100 0.100 0.100 0.700 0.100 0.100 0.100 0.100 0.600 0.100 0.100 0.100 0.100 08/08/2011
0.000 0.000 0.000 0.100 0.100 0.000 0.000 0.000 0.000 0.100 0.000 0.000 0.000 0.000 0.100 0.000 0.100 0.000 0.000 0.000 0.000 0.100 0.000 0.000 0.000 0.000 0.100 0.000 0.000 0.000 09/08/2011
0.000 0.000 0.000 0.000 0.000 0.000 0.000 0.000 0.000 0.000 0.000 0.000 0.000 0.000 0.000 0.100 0.000 0.000 0.000 0.000 0.100 0.000 0.000 0.000 0.000 0.100 0.000 0.000 0.000 0.000 10/08/2011
0.000 0.000 0.000 0.000 0.000 0.000 0.000 0.000 0.000 0.000 0.000 0.000 0.000 0.000 0.000 0.000 0.000 0.000 0.000 0.000 0.000 0.000 0.000 0.000 0.000 0.000 0.000 0.000 0.000 0.000 11/08/2011
0.000 0.000 0.000 0.000 0.000 0.000 0.000 0.000 0.000 0.000 0.000 0.000 0.000 0.000 0.000 0.000 0.000 0.000 0.000 0.000 0.000 0.000 0.000 0.000 0.000 0.000 0.000 0.000 0.000 0.000 12/08/2011
0.100 0.100 0.100 0.200 0.100 0.100 0.100 0.100 0.200 0.100 0.100 0.100 0.200 0.200 0.100 0.000 0.100 0.200 0.200 0.200 0.000 0.100 0.200 0.200 0.200 0.000 0.100 0.200 0.200 0.200 13/08/2011
7.000 7.000 7.100 11.200 0.900 7.100 7.200 7.100 0.500 0.900 7.100 7.100 0.500 0.500 0.900 1.800 1.600 0.500 0.500 0.500 1.800 1.600 0.500 0.500 0.500 1.800 1.600 0.500 0.500 0.500 14/08/2011
1.200 1.200 1.200 0.800 1.000 1.200 1.300 1.200 3.300 1.000 1.200 1.200 3.300 3.300 1.000 0.800 1.900 3.300 3.300 3.300 0.800 1.900 3.300 3.300 3.300 0.800 1.900 3.300 3.300 3.300 15/08/2011
0.000 0.000 0.000 0.000 0.000 0.000 0.000 0.000 0.000 0.000 0.000 0.000 0.000 0.000 0.000 0.000 0.000 0.000 0.000 0.000 0.000 0.000 0.000 0.000 0.000 0.000 0.000 0.000 0.000 0.000 16/08/2011
0.000 0.000 0.000 0.000 0.600 0.000 0.000 0.000 0.500 0.600 0.000 0.000 0.500 0.500 0.600 0.000 0.200 0.500 0.500 0.500 0.000 0.200 0.500 0.500 0.500 0.000 0.200 0.500 0.500 0.500 17/08/2011
0.000 0.000 0.000 0.100 0.100 0.000 0.000 0.000 0.100 0.100 0.000 0.000 0.100 0.100 0.100 0.500 0.100 0.100 0.100 0.100 0.400 0.100 0.100 0.100 0.100 0.400 0.100 0.100 0.100 0.100 18/08/2011
0.000 0.000 0.000 0.500 0.300 0.000 0.000 0.000 0.200 0.300 0.000 0.000 0.200 0.200 0.300 0.200 0.000 0.200 0.200 0.200 0.200 0.000 0.200 0.200 0.200 0.200 0.000 0.200 0.200 0.200 19/08/2011
3.900 3.900 3.900 1.200 0.100 4.000 4.000 4.000 0.000 0.100 3.900 3.900 0.000 0.000 0.100 0.700 0.000 0.000 0.000 0.000 0.700 0.000 0.000 0.000 0.000 0.700 0.000 0.000 0.000 0.000 20/08/2011
0.000 0.000 0.000 0.000 0.000 0.000 0.000 0.000 0.000 0.000 0.000 0.000 0.000 0.000 0.000 0.000 0.000 0.000 0.000 0.000 0.000 0.000 0.000 0.000 0.000 0.000 0.000 0.000 0.000 0.000 21/08/2011
0.000 0.000 0.000 0.000 0.000 0.000 0.000 0.000 0.000 0.000 0.000 0.000 0.000 0.000 0.000 0.000 0.000 0.000 0.000 0.000 0.000 0.000 0.000 0.000 0.000 0.000 0.000 0.000 0.000 0.000 22/08/2011
11.700 11.800 11.800 7.200 11.700 11.900 12.100 11.900 12.600 11.600 11.900 11.900 12.600 12.700 11.500 14.100 16.100 12.600 12.700 12.700 14.000 16.200 12.600 12.500 12.500 13.800 16.000 12.400 12.400 12.700 23/08/2011
0.800 0.800 0.800 1.500 2.800 0.800 0.800 0.800 1.800 2.800 0.800 0.800 1.800 1.800 2.800 0.900 3.900 1.800 1.800 1.800 0.800 4.000 1.800 1.800 1.800 0.800 3.900 1.800 1.800 1.800 24/08/2011
7.100 7.100 7.200 2.300 3.400 7.200 7.300 7.200 2.100 3.400 7.200 7.200 2.100 2.100 3.300 2.100 2.100 2.100 2.100 2.100 2.000 2.100 2.100 2.100 2.100 2.000 2.100 2.100 2.100 2.100 25/08/2011
11.200 11.200 11.300 16.500 17.000 11.400 11.500 11.400 15.300 16.900 11.400 11.300 15.300 15.400 16.800 10.000 8.400 15.300 15.500 15.500 9.900 8.400 15.400 15.300 15.300 9.800 8.300 15.100 15.200 15.500 26/08/2011
0.100 0.100 0.100 0.200 0.000 0.100 0.100 0.100 0.000 0.000 0.100 0.100 0.000 0.000 0.000 0.200 0.500 0.000 0.000 0.000 0.200 0.500 0.000 0.000 0.000 0.200 0.500 0.000 0.000 0.000 27/08/2011
0.000 0.000 0.000 0.100 0.000 0.000 0.000 0.000 0.000 0.000 0.000 0.000 0.000 0.000 0.000 0.100 0.200 0.000 0.000 0.000 0.100 0.200 0.000 0.000 0.000 0.100 0.200 0.000 0.000 0.000 28/08/2011
0.000 0.000 0.000 0.000 0.000 0.000 0.000 0.000 0.000 0.000 0.000 0.000 0.000 0.000 0.000 0.000 0.000 0.000 0.000 0.000 0.000 0.000 0.000 0.000 0.000 0.000 0.000 0.000 0.000 0.000 29/08/2011
0.000 0.000 0.000 0.000 0.000 0.000 0.000 0.000 0.000 0.000 0.000 0.000 0.000 0.000 0.000 0.000 0.000 0.000 0.000 0.000 0.000 0.000 0.000 0.000 0.000 0.000 0.000 0.000 0.000 0.000 30/08/2011
0.600 0.600 0.600 0.500 3.000 0.600 0.700 0.600 17.000 2.900 0.600 0.600 16.900 17.100 2.700 0.800 0.900 17.000 17.100 17.100 0.800 0.900 17.000 16.900 16.900 0.800 0.900 16.700 16.800 17.100 31/08/2011
0.300 0.400 0.400 2.700 3.800 0.400 0.400 0.400 2.400 3.700 0.400 0.400 2.400 2.400 3.700 2.200 2.300 2.400 2.400 2.400 2.100 2.300 2.400 2.400 2.400 2.100 2.200 2.400 2.400 2.400 01/09/2011
4.700 4.800 4.800 0.100 0.000 4.800 4.900 4.800 0.000 0.000 4.800 4.800 0.000 0.000 0.000 11.000 7.100 0.000 0.000 0.000 10.900 7.100 0.000 0.000 0.000 10.700 7.100 0.000 0.000 0.000 02/09/2011
5.000 5.100 5.100 1.000 0.600 5.100 5.200 5.100 1.100 0.600 5.100 5.100 1.100 1.100 0.600 5.600 1.300 1.100 1.100 1.100 5.600 1.300 1.100 1.100 1.100 5.500 1.300 1.100 1.100 1.100 03/09/2011
2.700 2.700 2.700 5.500 3.300 2.800 2.800 2.800 3.200 3.300 2.700 2.700 3.100 3.200 3.300 3.200 1.900 3.200 3.200 3.200 3.100 1.900 3.200 3.100 3.100 3.100 1.900 3.100 3.100 3.200 04/09/2011
0.000 0.000 0.000 0.000 0.000 0.000 0.000 0.000 0.000 0.000 0.000 0.000 0.000 0.000 0.000 0.000 0.000 0.000 0.000 0.000 0.000 0.000 0.000 0.000 0.000 0.000 0.000 0.000 0.000 0.000 05/09/2011
0.200 0.200 0.200 0.500 0.100 0.200 0.200 0.200 0.100 0.100 0.200 0.200 0.100 0.100 0.100 0.200 0.000 0.100 0.100 0.100 0.200 0.000 0.100 0.100 0.100 0.200 0.000 0.100 0.100 0.100 06/09/2011
5.700 5.700 5.800 2.500 7.600 5.800 5.900 5.800 8.200 7.500 5.800 5.800 8.100 8.200 7.500 6.500 3.900 8.100 8.200 8.200 6.500 3.900 8.200 8.100 8.100 6.400 3.900 8.000 8.000 8.200 07/09/2011
3.100 3.100 3.100 2.400 2.000 3.100 3.200 3.100 2.700 2.000 3.100 3.100 2.600 2.700 1.900 2.600 2.100 2.600 2.700 2.700 2.500 2.100 2.700 2.600 2.600 2.500 2.100 2.600 2.600 2.700 08/09/2011
0.000 0.000 0.000 0.100 0.100 0.000 0.000 0.000 0.000 0.100 0.000 0.000 0.000 0.000 0.100 0.000 0.200 0.000 0.000 0.000 0.000 0.200 0.000 0.000 0.000 0.000 0.200 0.000 0.000 0.000 09/09/2011
0.000 0.000 0.000 0.000 0.000 0.000 0.000 0.000 0.000 0.000 0.000 0.000 0.000 0.000 0.000 0.000 0.000 0.000 0.000 0.000 0.000 0.000 0.000 0.000 0.000 0.000 0.000 0.000 0.000 0.000 10/09/2011
1.000 1.000 1.000 2.400 0.100 1.000 1.000 1.000 0.000 0.100 1.000 1.000 0.000 0.000 0.100 0.000 0.000 0.000 0.000 0.000 0.000 0.000 0.000 0.000 0.000 0.000 0.000 0.000 0.000 0.000 11/09/2011
0.000 0.000 0.000 0.400 0.000 0.000 0.000 0.000 0.000 0.000 0.000 0.000 0.000 0.000 0.000 0.000 0.000 0.000 0.000 0.000 0.000 0.000 0.000 0.000 0.000 0.000 0.000 0.000 0.000 0.000 12/09/2011
0.100 0.100 0.100 0.800 0.000 0.100 0.100 0.100 0.000 0.000 0.100 0.100 0.000 0.000 0.000 0.000 0.000 0.000 0.000 0.000 0.000 0.000 0.000 0.000 0.000 0.000 0.000 0.000 0.000 0.000 13/09/2011
0.000 0.000 0.000 0.100 0.000 0.000 0.000 0.000 0.000 0.000 0.000 0.000 0.000 0.000 0.000 0.000 0.000 0.000 0.000 0.000 0.000 0.000 0.000 0.000 0.000 0.000 0.000 0.000 0.000 0.000 14/09/2011
0.000 0.000 0.000 0.000 0.000 0.000 0.000 0.000 0.000 0.000 0.000 0.000 0.000 0.000 0.000 0.000 0.000 0.000 0.000 0.000 0.000 0.000 0.000 0.000 0.000 0.000 0.000 0.000 0.000 0.000 15/09/2011
1.200 1.200 1.200 1.100 1.600 1.200 1.300 1.200 0.800 1.600 1.200 1.200 0.800 0.800 1.600 1.600 0.000 0.800 0.800 0.800 1.600 0.000 0.800 0.800 0.800 1.500 0.000 0.800 0.800 0.800 16/09/2011
11.500 11.600 11.600 9.600 7.700 11.700 11.800 11.700 9.800 7.700 11.700 11.700 9.800 9.800 7.600 4.700 4.400 9.800 9.900 9.900 4.600 4.400 9.800 9.700 9.700 4.600 4.400 9.600 9.700 9.900 17/09/2011
5.100 5.100 5.100 3.700 4.400 5.200 5.200 5.200 4.000 4.300 5.200 5.100 4.000 4.100 4.300 4.400 5.000 4.000 4.100 4.100 4.300 5.100 4.000 4.000 4.000 4.300 5.000 4.000 4.000 4.100 18/09/2011
0.000 0.000 0.000 0.200 0.000 0.000 0.000 0.000 0.000 0.000 0.000 0.000 0.000 0.000 0.000 0.100 0.200 0.000 0.000 0.000 0.100 0.200 0.000 0.000 0.000 0.100 0.200 0.000 0.000 0.000 19/09/2011
0.100 0.100 0.100 0.200 0.000 0.100 0.100 0.100 0.000 0.000 0.100 0.100 0.000 0.000 0.000 0.000 0.200 0.000 0.000 0.000 0.000 0.200 0.000 0.000 0.000 0.000 0.200 0.000 0.000 0.000 20/09/2011
0.100 0.100 0.100 0.300 0.100 0.100 0.100 0.100 0.000 0.100 0.100 0.100 0.000 0.000 0.100 0.000 0.000 0.000 0.000 0.000 0.000 0.000 0.000 0.000 0.000 0.000 0.000 0.000 0.000 0.000 21/09/2011
0.100 0.100 0.100 0.300 0.000 0.100 0.100 0.100 0.100 0.000 0.100 0.100 0.100 0.100 0.000 0.000 0.000 0.100 0.100 0.100 0.000 0.000 0.100 0.100 0.100 0.000 0.000 0.100 0.100 0.100 22/09/2011
0.000 0.000 0.000 0.000 0.000 0.000 0.000 0.000 0.000 0.000 0.000 0.000 0.000 0.000 0.000 0.100 0.100 0.000 0.000 0.000 0.100 0.100 0.000 0.000 0.000 0.100 0.100 0.000 0.000 0.000 23/09/2011
0.700 0.700 0.700 0.200 0.200 0.700 0.700 0.700 1.400 0.200 0.700 0.700 1.400 1.400 0.200 2.900 2.100 1.400 1.400 1.400 2.900 2.100 1.400 1.400 1.400 2.800 2.100 1.300 1.400 1.400 24/09/2011
0.200 0.200 0.200 0.200 0.000 0.200 0.200 0.200 0.000 0.000 0.200 0.200 0.000 0.000 0.000 0.100 0.200 0.000 0.000 0.000 0.100 0.200 0.000 0.000 0.000 0.100 0.100 0.000 0.000 0.000 25/09/2011
0.000 0.000 0.000 0.000 0.000 0.000 0.000 0.000 0.000 0.000 0.000 0.000 0.000 0.000 0.000 0.000 0.000 0.000 0.000 0.000 0.000 0.000 0.000 0.000 0.000 0.000 0.000 0.000 0.000 0.000 26/09/2011
0.000 0.000 0.000 0.100 0.000 0.000 0.000 0.000 0.000 0.000 0.000 0.000 0.000 0.000 0.000 0.000 0.000 0.000 0.000 0.000 0.000 0.000 0.000 0.000 0.000 0.000 0.000 0.000 0.000 0.000 27/09/2011
0.000 0.000 0.000 0.000 0.000 0.000 0.000 0.000 0.000 0.000 0.000 0.000 0.000 0.000 0.000 0.000 0.000 0.000 0.000 0.000 0.000 0.000 0.000 0.000 0.000 0.000 0.000 0.000 0.000 0.000 28/09/2011
0.000 0.000 0.000 0.000 0.000 0.000 0.000 0.000 0.000 0.000 0.000 0.000 0.000 0.000 0.000 0.000 0.000 0.000 0.000 0.000 0.000 0.000 0.000 0.000 0.000 0.000 0.000 0.000 0.000 0.000 29/09/2011
0.000 0.000 0.000 0.000 0.000 0.000 0.000 0.000 0.000 0.000 0.000 0.000 0.000 0.000 0.000 0.000 0.000 0.000 0.000 0.000 0.000 0.000 0.000 0.000 0.000 0.000 0.000 0.000 0.000 0.000 30/09/2011
0.000 0.000 0.000 0.000 0.000 0.000 0.000 0.000 0.000 0.000 0.000 0.000 0.000 0.000 0.000 0.000 0.000 0.000 0.000 0.000 0.000 0.000 0.000 0.000 0.000 0.000 0.000 0.000 0.000 0.000 01/10/2011
0.000 0.000 0.000 0.000 0.000 0.000 0.000 0.000 0.000 0.000 0.000 0.000 0.000 0.000 0.000 0.000 0.000 0.000 0.000 0.000 0.000 0.000 0.000 0.000 0.000 0.000 0.000 0.000 0.000 0.000 02/10/2011
0.000 0.000 0.000 0.000 0.000 0.000 0.000 0.000 0.000 0.000 0.000 0.000 0.000 0.000 0.000 0.000 0.100 0.000 0.000 0.000 0.000 0.100 0.000 0.000 0.000 0.000 0.100 0.000 0.000 0.000 03/10/2011
0.000 0.000 0.000 0.300 0.100 0.000 0.000 0.000 0.000 0.100 0.000 0.000 0.000 0.000 0.100 0.200 0.100 0.000 0.000 0.000 0.200 0.100 0.000 0.000 0.000 0.200 0.100 0.000 0.000 0.000 04/10/2011
0.000 0.000 0.000 0.200 0.000 0.000 0.000 0.000 0.000 0.000 0.000 0.000 0.000 0.000 0.000 0.100 0.000 0.000 0.000 0.000 0.100 0.000 0.000 0.000 0.000 0.100 0.000 0.000 0.000 0.000 05/10/2011
3.100 3.100 3.100 2.900 6.900 3.200 3.200 3.200 4.700 6.900 3.100 3.100 4.700 4.700 6.800 3.800 5.000 4.700 4.700 4.700 3.800 5.000 4.700 4.700 4.700 3.700 4.900 4.600 4.600 4.700 06/10/2011
0.000 0.000 0.000 0.000 0.000 0.000 0.000 0.000 0.000 0.000 0.000 0.000 0.000 0.000 0.000 0.000 0.000 0.000 0.000 0.000 0.000 0.000 0.000 0.000 0.000 0.000 0.000 0.000 0.000 0.000 07/10/2011
0.000 0.000 0.000 0.000 0.000 0.000 0.000 0.000 0.000 0.000 0.000 0.000 0.000 0.000 0.000 0.000 0.000 0.000 0.000 0.000 0.000 0.000 0.000 0.000 0.000 0.000 0.000 0.000 0.000 0.000 08/10/2011
0.000 0.000 0.000 0.200 0.100 0.000 0.000 0.000 0.000 0.100 0.000 0.000 0.000 0.000 0.100 0.000 0.000 0.000 0.000 0.000 0.000 0.000 0.000 0.000 0.000 0.000 0.000 0.000 0.000 0.000 09/10/2011
0.000 0.000 0.000 0.000 0.000 0.000 0.000 0.000 0.000 0.000 0.000 0.000 0.000 0.000 0.000 0.000 0.000 0.000 0.000 0.000 0.000 0.000 0.000 0.000 0.000 0.000 0.000 0.000 0.000 0.000 10/10/2011
0.000 0.000 0.000 0.100 0.100 0.000 0.000 0.000 0.000 0.100 0.000 0.000 0.000 0.000 0.100 0.000 0.100 0.000 0.000 0.000 0.000 0.100 0.000 0.000 0.000 0.000 0.100 0.000 0.000 0.000 11/10/2011
0.000 0.000 0.000 0.000 0.000 0.000 0.000 0.000 0.000 0.000 0.000 0.000 0.000 0.000 0.000 0.000 0.000 0.000 0.000 0.000 0.000 0.000 0.000 0.000 0.000 0.000 0.000 0.000 0.000 0.000 12/10/2011
0.000 0.000 0.000 0.200 0.000 0.000 0.000 0.000 0.100 0.000 0.000 0.000 0.100 0.100 0.000 0.000 0.100 0.100 0.100 0.100 0.000 0.100 0.100 0.100 0.100 0.000 0.100 0.100 0.100 0.100 13/10/2011
0.100 0.100 0.100 0.100 0.000 0.100 0.100 0.100 0.000 0.000 0.100 0.100 0.000 0.000 0.000 0.200 0.200 0.000 0.000 0.000 0.200 0.200 0.000 0.000 0.000 0.200 0.200 0.000 0.000 0.000 14/10/2011
0.000 0.000 0.000 0.000 0.000 0.000 0.000 0.000 0.000 0.000 0.000 0.000 0.000 0.000 0.000 0.100 0.100 0.000 0.000 0.000 0.100 0.100 0.000 0.000 0.000 0.100 0.100 0.000 0.000 0.000 15/10/2011
0.000 0.000 0.000 0.000 0.100 0.000 0.000 0.000 0.000 0.100 0.000 0.000 0.000 0.000 0.100 0.000 0.100 0.000 0.000 0.000 0.000 0.100 0.000 0.000 0.000 0.000 0.100 0.000 0.000 0.000 16/10/2011
0.000 0.000 0.000 0.000 0.000 0.000 0.000 0.000 0.000 0.000 0.000 0.000 0.000 0.000 0.000 0.100 0.100 0.000 0.000 0.000 0.100 0.100 0.000 0.000 0.000 0.100 0.100 0.000 0.000 0.000 17/10/2011
17.700 17.900 17.900 19.400 9.100 18.100 18.300 18.100 10.100 9.000 18.100 18.000 10.100 10.200 8.900 9.800 6.800 10.100 10.200 10.200 9.700 6.800 10.200 10.100 10.100 9.600 6.800 10.000 10.000 10.200 18/10/2011
0.000 0.000 0.000 0.100 1.300 0.000 0.000 0.000 0.700 1.300 0.000 0.000 0.700 0.700 1.300 0.200 0.900 0.700 0.700 0.700 0.200 0.900 0.700 0.700 0.700 0.200 0.900 0.700 0.700 0.700 19/10/2011
0.100 0.100 0.200 0.100 0.000 0.200 0.200 0.200 0.000 0.000 0.200 0.200 0.000 0.000 0.000 0.100 0.100 0.000 0.000 0.000 0.100 0.100 0.000 0.000 0.000 0.100 0.100 0.000 0.000 0.000 20/10/2011
0.000 0.000 0.000 0.200 0.000 0.000 0.000 0.000 0.000 0.000 0.000 0.000 0.000 0.000 0.000 0.000 0.200 0.000 0.000 0.000 0.000 0.200 0.000 0.000 0.000 0.000 0.200 0.000 0.000 0.000 21/10/2011
0.100 0.100 0.100 0.000 0.000 0.100 0.100 0.100 0.000 0.000 0.100 0.100 0.000 0.000 0.000 0.000 0.100 0.000 0.000 0.000 0.000 0.100 0.000 0.000 0.000 0.000 0.100 0.000 0.000 0.000 22/10/2011
0.000 0.000 0.000 0.000 0.000 0.000 0.000 0.000 0.000 0.000 0.000 0.000 0.000 0.000 0.000 0.000 0.000 0.000 0.000 0.000 0.000 0.000 0.000 0.000 0.000 0.000 0.000 0.000 0.000 0.000 23/10/2011
7.100 7.200 7.200 14.000 14.800 7.300 7.400 7.300 12.500 14.700 7.300 7.300 12.400 12.600 14.600 10.000 12.800 12.500 12.600 12.600 9.900 12.800 12.500 12.400 12.400 9.700 12.700 12.300 12.300 12.600 24/10/2011
14.300 14.400 14.500 9.900 6.000 14.600 14.700 14.600 10.300 5.900 14.600 14.500 10.200 10.300 5.900 16.800 7.600 10.200 10.400 10.300 16.600 7.700 10.300 10.200 10.200 16.400 7.600 10.100 10.100 10.300 25/10/2011
0.000 0.000 0.000 0.000 0.000 0.000 0.000 0.000 0.000 0.000 0.000 0.000 0.000 0.000 0.000 0.600 0.100 0.000 0.000 0.000 0.600 0.100 0.000 0.000 0.000 0.500 0.100 0.000 0.000 0.000 26/10/2011
2.300 2.400 2.400 2.200 9.100 2.400 2.400 2.400 3.800 9.000 2.400 2.400 3.800 3.800 8.900 1.200 0.600 3.800 3.800 3.800 1.200 0.600 3.800 3.800 3.700 1.100 0.600 3.700 3.700 3.800 27/10/2011
0.000 0.000 0.000 0.100 0.000 0.000 0.000 0.000 0.000 0.000 0.000 0.000 0.000 0.000 0.000 0.200 0.100 0.000 0.000 0.000 0.200 0.100 0.000 0.000 0.000 0.200 0.100 0.000 0.000 0.000 28/10/2011
0.000 0.000 0.000 0.000 0.000 0.000 0.000 0.000 0.000 0.000 0.000 0.000 0.000 0.000 0.000 0.000 0.000 0.000 0.000 0.000 0.000 0.000 0.000 0.000 0.000 0.000 0.000 0.000 0.000 0.000 29/10/2011
0.200 0.200 0.200 0.300 0.000 0.200 0.200 0.200 0.100 0.000 0.200 0.200 0.100 0.100 0.000 0.300 0.200 0.100 0.100 0.100 0.300 0.200 0.100 0.100 0.100 0.300 0.200 0.100 0.100 0.100 30/10/2011
6.600 6.700 6.700 4.400 5.200 6.800 6.800 6.800 9.600 5.100 6.700 6.700 9.600 9.600 5.100 5.900 10.400 9.600 9.700 9.700 5.900 10.400 9.600 9.500 9.500 5.800 10.300 9.400 9.500 9.700 31/10/2011
3.300 3.300 3.300 5.700 3.500 3.400 3.400 3.400 3.300 3.500 3.300 3.300 3.300 3.300 3.400 2.100 3.700 3.300 3.300 3.300 2.100 3.700 3.300 3.300 3.300 2.100 3.700 3.300 3.300 3.300 01/11/2011
1.400 1.400 1.400 0.900 1.200 1.400 1.400 1.400 1.000 1.200 1.400 1.400 1.000 1.000 1.200 2.400 2.800 1.000 1.000 1.000 2.400 2.800 1.000 1.000 1.000 2.400 2.800 1.000 1.000 1.000 02/11/2011
13.700 13.800 13.900 15.100 21.800 14.000 14.100 14.000 19.100 21.700 14.000 14.000 19.000 19.200 21.500 11.500 15.000 19.000 19.200 19.200 11.400 15.000 19.100 19.000 19.000 11.300 14.900 18.800 18.800 19.200 03/11/2011
3.600 3.600 3.600 8.000 9.500 3.600 3.700 3.600 5.200 9.400 3.600 3.600 5.100 5.200 9.400 5.600 6.900 5.100 5.200 5.200 5.500 6.900 5.200 5.100 5.100 5.400 6.800 5.100 5.100 5.200 04/11/2011
13.400 13.500 13.500 10.400 9.900 13.600 13.800 13.600 13.600 9.800 13.600 13.600 13.500 13.600 9.800 13.200 13.500 13.500 13.700 13.700 13.100 13.500 13.600 13.500 13.500 12.900 13.400 13.300 13.400 13.700 05/11/2011
3.500 3.600 3.600 2.200 1.500 3.600 3.600 3.600 1.700 1.500 3.600 3.600 1.700 1.700 1.500 3.300 2.700 1.700 1.700 1.700 3.300 2.700 1.700 1.700 1.700 3.200 2.700 1.700 1.700 1.700 06/11/2011
0.000 0.000 0.000 0.000 0.000 0.000 0.000 0.000 0.000 0.000 0.000 0.000 0.000 0.000 0.000 0.200 0.200 0.000 0.000 0.000 0.200 0.200 0.000 0.000 0.000 0.200 0.200 0.000 0.000 0.000 07/11/2011
0.000 0.000 0.000 0.000 0.000 0.000 0.000 0.000 0.000 0.000 0.000 0.000 0.000 0.000 0.000 0.200 0.600 0.000 0.000 0.000 0.200 0.600 0.000 0.000 0.000 0.200 0.600 0.000 0.000 0.000 08/11/2011
0.000 0.000 0.000 0.000 0.000 0.000 0.000 0.000 0.300 0.000 0.000 0.000 0.300 0.300 0.000 0.000 0.000 0.300 0.300 0.300 0.000 0.000 0.300 0.300 0.300 0.000 0.000 0.300 0.300 0.300 09/11/2011
5.800 5.800 5.900 5.500 2.400 5.900 6.000 5.900 3.600 2.400 5.900 5.900 3.600 3.600 2.400 2.700 2.600 3.600 3.600 3.600 2.700 2.600 3.600 3.500 3.500 2.700 2.600 3.500 3.500 3.600 10/11/2011
0.000 0.000 0.000 0.000 0.100 0.000 0.000 0.000 0.100 0.100 0.000 0.000 0.100 0.100 0.100 0.200 0.200 0.100 0.100 0.100 0.200 0.200 0.100 0.100 0.100 0.200 0.200 0.100 0.100 0.100 11/11/2011
0.000 0.000 0.000 0.000 0.000 0.000 0.000 0.000 0.000 0.000 0.000 0.000 0.000 0.000 0.000 0.000 0.100 0.000 0.000 0.000 0.000 0.100 0.000 0.000 0.000 0.000 0.100 0.000 0.000 0.000 12/11/2011
0.000 0.000 0.000 0.000 0.000 0.000 0.000 0.000 0.000 0.000 0.000 0.000 0.000 0.000 0.000 0.000 0.000 0.000 0.000 0.000 0.000 0.000 0.000 0.000 0.000 0.000 0.000 0.000 0.000 0.000 13/11/2011
0.000 0.000 0.000 0.000 0.000 0.000 0.000 0.000 0.000 0.000 0.000 0.000 0.000 0.000 0.000 0.000 0.000 0.000 0.000 0.000 0.000 0.000 0.000 0.000 0.000 0.000 0.000 0.000 0.000 0.000 14/11/2011
0.000 0.000 0.000 0.000 0.000 0.000 0.000 0.000 0.000 0.000 0.000 0.000 0.000 0.000 0.000 0.200 0.200 0.000 0.000 0.000 0.200 0.200 0.000 0.000 0.000 0.200 0.200 0.000 0.000 0.000 15/11/2011
0.500 0.500 0.500 0.900 0.500 0.500 0.500 0.500 0.900 0.500 0.500 0.500 0.900 0.900 0.500 0.900 0.300 0.900 0.900 0.900 0.900 0.300 0.900 0.900 0.900 0.900 0.300 0.900 0.900 0.900 16/11/2011
0.100 0.100 0.100 0.300 0.000 0.100 0.200 0.100 0.200 0.000 0.100 0.100 0.200 0.200 0.000 0.400 0.200 0.200 0.200 0.200 0.400 0.200 0.200 0.200 0.200 0.400 0.200 0.200 0.200 0.200 17/11/2011
0.000 0.000 0.000 0.000 0.000 0.000 0.000 0.000 0.100 0.000 0.000 0.000 0.100 0.100 0.000 0.000 0.000 0.100 0.100 0.100 0.000 0.000 0.100 0.100 0.100 0.000 0.000 0.100 0.100 0.100 18/11/2011
0.000 0.000 0.000 0.000 0.000 0.000 0.000 0.000 0.000 0.000 0.000 0.000 0.000 0.000 0.000 0.000 0.000 0.000 0.000 0.000 0.000 0.000 0.000 0.000 0.000 0.000 0.000 0.000 0.000 0.000 19/11/2011
0.000 0.000 0.000 0.000 0.000 0.000 0.000 0.000 0.000 0.000 0.000 0.000 0.000 0.000 0.000 0.000 0.100 0.000 0.000 0.000 0.000 0.100 0.000 0.000 0.000 0.000 0.100 0.000 0.000 0.000 20/11/2011
0.000 0.000 0.000 0.000 0.000 0.000 0.000 0.000 0.000 0.000 0.000 0.000 0.000 0.000 0.000 0.100 0.200 0.000 0.000 0.000 0.100 0.200 0.000 0.000 0.000 0.100 0.200 0.000 0.000 0.000 21/11/2011
0.100 0.100 0.100 0.000 0.000 0.100 0.100 0.100 0.300 0.000 0.100 0.100 0.300 0.300 0.000 0.100 0.100 0.300 0.300 0.300 0.100 0.100 0.300 0.300 0.300 0.100 0.100 0.300 0.300 0.300 22/11/2011
0.000 0.000 0.000 0.200 0.100 0.000 0.000 0.000 0.000 0.100 0.000 0.000 0.000 0.000 0.100 0.200 0.200 0.000 0.000 0.000 0.200 0.200 0.000 0.000 0.000 0.200 0.200 0.000 0.000 0.000 23/11/2011
0.100 0.100 0.100 0.100 0.100 0.100 0.100 0.100 0.400 0.100 0.100 0.100 0.400 0.400 0.100 0.200 0.500 0.400 0.400 0.400 0.200 0.500 0.400 0.400 0.400 0.200 0.500 0.400 0.400 0.400 24/11/2011
0.100 0.100 0.100 0.600 0.100 0.100 0.100 0.100 0.200 0.100 0.100 0.100 0.200 0.200 0.100 0.100 0.100 0.200 0.200 0.200 0.100 0.100 0.200 0.200 0.200 0.100 0.100 0.200 0.200 0.200 25/11/2011
0.000 0.000 0.000 0.200 0.100 0.000 0.000 0.000 0.100 0.100 0.000 0.000 0.100 0.100 0.100 0.200 0.200 0.100 0.100 0.100 0.200 0.200 0.100 0.100 0.100 0.200 0.200 0.100 0.100 0.100 26/11/2011
0.000 0.000 0.000 0.000 0.100 0.000 0.000 0.000 0.000 0.100 0.000 0.000 0.000 0.000 0.100 0.000 0.000 0.000 0.000 0.000 0.000 0.000 0.000 0.000 0.000 0.000 0.000 0.000 0.000 0.000 27/11/2011
0.000 0.000 0.000 0.000 0.000 0.000 0.000 0.000 0.000 0.000 0.000 0.000 0.000 0.000 0.000 0.000 0.000 0.000 0.000 0.000 0.000 0.000 0.000 0.000 0.000 0.000 0.000 0.000 0.000 0.000 28/11/2011
1.700 1.800 1.800 1.400 2.800 1.800 1.800 1.800 1.600 2.800 1.800 1.800 1.600 1.600 2.800 1.900 1.300 1.600 1.600 1.600 1.900 1.300 1.600 1.600 1.600 1.800 1.300 1.600 1.600 1.600 29/11/2011
0.100 0.100 0.100 0.100 0.100 0.100 0.100 0.100 0.100 0.100 0.100 0.100 0.100 0.100 0.100 0.200 0.200 0.100 0.100 0.100 0.200 0.200 0.100 0.100 0.100 0.200 0.200 0.100 0.100 0.100 30/11/2011
8.000 8.000 8.100 4.800 1.100 8.100 8.200 8.100 1.800 1.100 8.100 8.100 1.800 1.800 1.100 6.100 2.000 1.800 1.800 1.800 6.000 2.000 1.800 1.800 1.800 6.000 2.000 1.800 1.800 1.800 01/12/2011
0.800 0.800 0.800 2.200 4.100 0.800 0.800 0.800 3.400 4.100 0.800 0.800 3.400 3.400 4.100 2.000 3.500 3.400 3.400 3.400 2.000 3.500 3.400 3.300 3.300 1.900 3.500 3.300 3.300 3.400 02/12/2011
16.700 16.800 16.900 15.700 15.200 17.000 17.200 17.000 15.800 15.100 17.000 17.000 15.800 15.900 15.000 10.300 10.900 15.800 16.000 15.900 10.200 10.900 15.800 15.700 15.700 10.100 10.800 15.600 15.600 16.000 03/12/2011
15.500 15.600 15.600 20.900 16.100 15.800 15.900 15.800 14.400 16.000 15.700 15.700 14.300 14.500 15.800 11.100 11.800 14.400 14.500 14.500 11.000 11.800 14.400 14.300 14.300 10.900 11.700 14.100 14.200 14.500 04/12/2011
2.500 2.500 2.500 3.700 2.400 2.500 2.500 2.500 2.600 2.400 2.500 2.500 2.600 2.600 2.400 3.000 3.200 2.600 2.600 2.600 3.000 3.200 2.600 2.600 2.600 3.000 3.200 2.600 2.600 2.600 05/12/2011
8.400 8.500 8.500 4.500 5.600 8.600 8.700 8.600 5.100 5.600 8.600 8.600 5.100 5.200 5.600 4.200 4.800 5.100 5.200 5.200 4.100 4.800 5.100 5.100 5.100 4.100 4.700 5.100 5.100 5.200 06/12/2011
1.800 1.800 1.800 3.000 2.700 1.800 1.800 1.800 1.300 2.700 1.800 1.800 1.300 1.300 2.700 1.400 0.800 1.300 1.300 1.300 1.400 0.800 1.300 1.300 1.300 1.400 0.800 1.300 1.300 1.300 07/12/2011
3.100 3.100 3.100 1.600 1.400 3.100 3.200 3.100 3.200 1.400 3.100 3.100 3.100 3.200 1.400 1.900 1.800 3.200 3.200 3.200 1.900 1.800 3.200 3.100 3.100 1.900 1.800 3.100 3.100 3.200 08/12/2011
2.500 2.500 2.500 2.000 4.800 2.500 2.600 2.500 3.600 4.700 2.500 2.500 3.600 3.600 4.700 3.300 3.800 3.600 3.700 3.600 3.200 3.800 3.600 3.600 3.600 3.200 3.800 3.600 3.600 3.700 09/12/2011
6.200 6.200 6.300 2.900 0.900 6.300 6.300 6.300 0.300 0.800 6.300 6.300 0.300 0.300 0.800 1.600 0.100 0.300 0.300 0.300 1.600 0.100 0.300 0.300 0.300 1.600 0.100 0.300 0.300 0.300 10/12/2011
11.900 11.900 12.000 11.900 11.400 12.100 12.200 12.100 8.300 11.400 12.100 12.000 8.200 8.300 11.300 7.800 9.600 8.300 8.300 8.300 7.700 9.600 8.300 8.200 8.200 7.600 9.500 8.100 8.100 8.300 11/12/2011
1.200 1.200 1.300 0.600 0.700 1.300 1.300 1.300 0.100 0.700 1.300 1.300 0.100 0.100 0.700 0.900 0.000 0.100 0.100 0.100 0.900 0.000 0.100 0.100 0.100 0.900 0.000 0.100 0.100 0.100 12/12/2011
11.000 11.100 11.100 9.000 10.500 11.200 11.300 11.200 11.700 10.400 11.200 11.200 11.600 11.700 10.400 5.900 11.400 11.700 11.800 11.800 5.900 11.400 11.700 11.600 11.600 5.800 11.300 11.500 11.500 11.800 13/12/2011
14.600 14.700 14.700 17.000 14.000 14.900 15.000 14.900 14.000 14.000 14.800 14.800 14.000 14.100 13.800 12.400 10.000 14.000 14.200 14.100 12.300 10.000 14.000 13.900 13.900 12.100 10.000 13.800 13.800 14.200 14/12/2011
30.200 30.400 30.600 25.400 18.900 30.800 31.100 30.800 20.100 18.800 30.800 30.700 20.100 20.200 18.600 21.800 17.000 20.100 20.300 20.300 21.600 17.000 20.200 20.000 20.000 21.300 16.900 19.800 19.900 20.300 15/12/2011
33.300 33.500 33.700 24.900 25.100 33.900 34.300 33.900 24.600 25.000 33.900 33.800 24.500 24.700 24.800 37.000 19.000 24.500 24.800 24.800 36.600 19.100 24.600 24.400 24.400 36.200 18.900 24.200 24.200 24.800 16/12/2011
0.100 0.100 0.100 0.200 0.400 0.100 0.000 0.100 0.200 0.400 0.100 0.100 0.200 0.200 0.400 0.000 0.200 0.200 0.200 0.200 0.000 0.200 0.200 0.200 0.200 0.000 0.200 0.200 0.200 0.200 17/12/2011
0.300 0.300 0.300 0.300 0.400 0.400 0.400 0.400 0.100 0.400 0.400 0.300 0.100 0.100 0.400 0.300 0.200 0.100 0.100 0.100 0.300 0.200 0.100 0.100 0.100 0.300 0.200 0.100 0.100 0.100 18/12/2011
8.100 8.200 8.200 6.400 11.100 8.300 8.400 8.300 10.200 11.000 8.300 8.300 10.200 10.300 10.900 7.800 7.500 10.200 10.300 10.300 7.800 7.500 10.200 10.100 10.100 7.700 7.400 10.000 10.100 10.300 19/12/2011
5.700 5.700 5.700 5.700 5.100 5.800 5.800 5.800 5.100 5.000 5.800 5.700 5.100 5.100 5.000 4.600 4.400 5.100 5.100 5.100 4.500 4.400 5.100 5.100 5.100 4.500 4.300 5.000 5.000 5.100 20/12/2011
2.500 2.600 2.600 5.700 6.100 2.600 2.600 2.600 4.500 6.000 2.600 2.600 4.500 4.500 6.000 1.500 1.400 4.500 4.500 4.500 1.400 1.400 4.500 4.500 4.500 1.400 1.400 4.400 4.400 4.500 21/12/2011
0.000 0.000 0.000 0.000 0.000 0.000 0.000 0.000 0.200 0.000 0.000 0.000 0.200 0.200 0.000 0.000 0.100 0.200 0.200 0.200 0.000 0.100 0.200 0.200 0.200 0.000 0.100 0.200 0.200 0.200 22/12/2011
2.800 2.900 2.900 2.400 4.000 2.900 2.900 2.900 1.500 4.000 2.900 2.900 1.500 1.500 4.000 1.900 1.700 1.500 1.500 1.500 1.800 1.700 1.500 1.500 1.500 1.800 1.700 1.500 1.500 1.500 23/12/2011
0.100 0.100 0.100 0.100 0.000 0.100 0.100 0.100 0.000 0.000 0.100 0.100 0.000 0.000 0.000 0.000 0.000 0.000 0.000 0.000 0.000 0.000 0.000 0.000 0.000 0.000 0.000 0.000 0.000 0.000 24/12/2011
0.200 0.200 0.200 0.300 0.000 0.200 0.200 0.200 0.000 0.000 0.200 0.200 0.000 0.000 0.000 0.100 0.000 0.000 0.000 0.000 0.100 0.000 0.000 0.000 0.000 0.100 0.000 0.000 0.000 0.000 25/12/2011
0.200 0.200 0.200 0.200 0.000 0.200 0.200 0.200 0.200 0.000 0.200 0.200 0.200 0.200 0.000 0.200 0.100 0.200 0.200 0.200 0.200 0.100 0.200 0.200 0.200 0.200 0.100 0.200 0.200 0.200 26/12/2011
0.200 0.200 0.200 0.100 0.000 0.200 0.200 0.200 0.100 0.000 0.200 0.200 0.100 0.100 0.000 0.100 0.000 0.100 0.100 0.100 0.100 0.000 0.100 0.100 0.100 0.100 0.000 0.100 0.100 0.100 27/12/2011
2.600 2.700 2.700 1.800 1.800 2.700 2.700 2.700 1.800 1.800 2.700 2.700 1.800 1.800 1.800 1.500 1.700 1.800 1.800 1.800 1.500 1.700 1.800 1.800 1.800 1.400 1.600 1.800 1.800 1.800 28/12/2011
2.000 2.000 2.000 1.100 2.800 2.000 2.100 2.000 2.200 2.800 2.000 2.000 2.200 2.200 2.700 2.600 2.300 2.200 2.200 2.200 2.500 2.300 2.200 2.200 2.200 2.500 2.300 2.200 2.200 2.200 29/12/2011
9.600 9.600 9.700 14.300 18.400 9.800 9.800 9.800 15.400 18.300 9.700 9.700 15.300 15.500 18.100 7.600 8.000 15.400 15.600 15.500 7.500 8.000 15.400 15.300 15.300 7.400 8.000 15.200 15.200 15.500 30/12/2011
6.700 6.700 6.700 6.900 12.600 6.800 6.900 6.800 10.800 12.600 6.800 6.800 10.800 10.900 12.500 6.400 5.000 10.800 10.900 10.900 6.400 5.000 10.800 10.700 10.700 6.300 4.900 10.600 10.700 10.900 31/12/2011
8.200 8.300 8.300 9.700 8.600 8.400 8.500 8.400 5.300 8.600 8.400 8.400 5.200 5.300 8.500 3.900 6.000 5.200 5.300 5.300 3.800 6.000 5.300 5.200 5.200 3.800 5.900 5.200 5.200 5.300 01/01/2012
5.200 5.200 5.300 1.000 4.300 5.300 5.400 5.300 5.700 4.300 5.300 5.300 5.600 5.700 4.200 5.200 4.600 5.700 5.700 5.700 5.200 4.700 5.700 5.600 5.600 5.100 4.600 5.600 5.600 5.700 02/01/2012
13.400 13.500 13.600 11.500 9.600 13.700 13.800 13.700 10.600 9.600 13.600 13.600 10.600 10.700 9.500 11.700 7.500 10.600 10.700 10.700 11.600 7.600 10.600 10.500 10.500 11.500 7.500 10.400 10.500 10.700 03/01/2012
0.000 0.000 0.000 0.000 0.000 0.000 0.000 0.000 0.000 0.000 0.000 0.000 0.000 0.000 0.000 0.000 0.000 0.000 0.000 0.000 0.000 0.000 0.000 0.000 0.000 0.000 0.000 0.000 0.000 0.000 04/01/2012
2.500 2.500 2.500 3.900 8.000 2.500 2.600 2.500 5.000 8.000 2.500 2.500 5.000 5.000 7.900 3.800 2.800 5.000 5.000 5.000 3.800 2.800 5.000 5.000 5.000 3.700 2.800 4.900 4.900 5.000 05/01/2012
0.200 0.200 0.200 0.200 0.100 0.200 0.200 0.200 0.300 0.100 0.200 0.200 0.300 0.300 0.100 0.100 0.200 0.300 0.300 0.300 0.100 0.200 0.300 0.300 0.300 0.100 0.200 0.300 0.300 0.300 06/01/2012
1.400 1.400 1.500 1.600 3.000 1.500 1.500 1.500 3.300 3.000 1.500 1.500 3.300 3.300 3.000 2.500 2.000 3.300 3.300 3.300 2.500 2.000 3.300 3.300 3.300 2.500 2.000 3.200 3.300 3.300 07/01/2012
0.100 0.100 0.100 0.000 0.000 0.100 0.100 0.100 0.000 0.000 0.100 0.100 0.000 0.000 0.000 0.000 0.000 0.000 0.000 0.000 0.000 0.000 0.000 0.000 0.000 0.000 0.000 0.000 0.000 0.000 08/01/2012
0.100 0.100 0.100 0.100 0.000 0.100 0.100 0.100 0.000 0.000 0.100 0.100 0.000 0.000 0.000 0.100 0.000 0.000 0.000 0.000 0.100 0.000 0.000 0.000 0.000 0.100 0.000 0.000 0.000 0.000 09/01/2012
0.100 0.100 0.100 0.000 0.100 0.100 0.100 0.100 0.200 0.100 0.100 0.100 0.200 0.200 0.100 0.100 0.200 0.200 0.200 0.200 0.100 0.200 0.200 0.200 0.200 0.100 0.200 0.200 0.200 0.200 10/01/2012
0.000 0.000 0.000 0.000 0.100 0.000 0.000 0.000 0.000 0.100 0.000 0.000 0.000 0.000 0.100 0.000 0.100 0.000 0.000 0.000 0.000 0.100 0.000 0.000 0.000 0.000 0.100 0.000 0.000 0.000 11/01/2012
0.200 0.200 0.200 0.300 0.100 0.200 0.200 0.200 0.100 0.100 0.200 0.200 0.100 0.100 0.100 0.200 0.300 0.100 0.100 0.100 0.200 0.300 0.100 0.100 0.100 0.200 0.300 0.100 0.100 0.100 12/01/2012
0.000 0.000 0.000 0.000 0.000 0.000 0.000 0.000 0.000 0.000 0.000 0.000 0.000 0.000 0.000 0.000 0.100 0.000 0.000 0.000 0.000 0.100 0.000 0.000 0.000 0.000 0.100 0.000 0.000 0.000 13/01/2012
0.000 0.000 0.000 0.000 0.000 0.000 0.000 0.000 0.000 0.000 0.000 0.000 0.000 0.000 0.000 0.000 0.000 0.000 0.000 0.000 0.000 0.000 0.000 0.000 0.000 0.000 0.000 0.000 0.000 0.000 14/01/2012
0.000 0.000 0.000 0.000 0.000 0.000 0.000 0.000 0.000 0.000 0.000 0.000 0.000 0.000 0.000 0.000 0.000 0.000 0.000 0.000 0.000 0.000 0.000 0.000 0.000 0.000 0.000 0.000 0.000 0.000 15/01/2012
0.000 0.000 0.000 0.000 0.200 0.000 0.000 0.000 0.000 0.200 0.000 0.000 0.000 0.000 0.200 0.100 0.200 0.000 0.000 0.000 0.100 0.200 0.000 0.000 0.000 0.100 0.200 0.000 0.000 0.000 16/01/2012
0.000 0.000 0.000 0.100 0.000 0.000 0.000 0.000 0.000 0.000 0.000 0.000 0.000 0.000 0.000 0.100 0.000 0.000 0.000 0.000 0.100 0.000 0.000 0.000 0.000 0.100 0.000 0.000 0.000 0.000 17/01/2012
1.600 1.600 1.700 0.900 1.400 1.700 1.700 1.700 2.200 1.400 1.700 1.700 2.200 2.300 1.400 1.200 1.300 2.200 2.300 2.300 1.200 1.300 2.200 2.200 2.200 1.100 1.300 2.200 2.200 2.300 18/01/2012
3.800 3.800 3.800 4.600 7.400 3.800 3.900 3.800 5.300 7.300 3.800 3.800 5.200 5.300 7.300 3.200 3.200 5.200 5.300 5.300 3.200 3.200 5.300 5.200 5.200 3.100 3.200 5.200 5.200 5.300 19/01/2012
0.500 0.500 0.500 0.600 1.000 0.500 0.500 0.500 0.700 1.000 0.500 0.500 0.700 0.700 1.000 0.500 0.400 0.700 0.700 0.700 0.500 0.400 0.700 0.700 0.700 0.500 0.400 0.700 0.700 0.700 20/01/2012
3.700 3.700 3.700 4.200 5.200 3.700 3.700 3.700 3.400 5.200 3.700 3.700 3.400 3.400 5.100 3.200 3.100 3.400 3.400 3.400 3.100 3.100 3.400 3.400 3.400 3.100 3.100 3.300 3.300 3.400 21/01/2012
0.500 0.500 0.500 0.600 1.500 0.500 0.500 0.500 0.900 1.500 0.500 0.500 0.900 0.900 1.500 1.200 1.500 0.900 0.900 0.900 1.200 1.500 0.900 0.900 0.900 1.200 1.500 0.900 0.900 0.900 22/01/2012
0.200 0.200 0.200 0.000 0.100 0.200 0.200 0.200 0.900 0.100 0.200 0.200 0.900 0.900 0.100 0.000 0.000 0.900 0.900 0.900 0.000 0.000 0.900 0.900 0.900 0.000 0.000 0.900 0.900 0.900 23/01/2012
1.900 1.900 1.900 0.900 1.500 1.900 1.900 1.900 1.600 1.500 1.900 1.900 1.600 1.600 1.500 1.000 0.700 1.600 1.600 1.600 1.000 0.700 1.600 1.600 1.600 1.000 0.700 1.600 1.600 1.600 24/01/2012
0.000 0.000 0.000 0.100 0.100 0.000 0.000 0.000 0.000 0.100 0.000 0.000 0.000 0.000 0.100 0.000 0.000 0.000 0.000 0.000 0.000 0.000 0.000 0.000 0.000 0.000 0.000 0.000 0.000 0.000 25/01/2012
0.800 0.800 0.800 0.600 1.300 0.800 0.800 0.800 1.300 1.300 0.800 0.800 1.300 1.300 1.300 1.000 0.800 1.300 1.300 1.300 1.000 0.800 1.300 1.300 1.300 1.000 0.800 1.300 1.300 1.300 26/01/2012
1.000 1.000 1.000 0.100 0.000 1.000 1.000 1.000 0.000 0.000 1.000 1.000 0.000 0.000 0.000 0.400 0.000 0.000 0.000 0.000 0.400 0.000 0.000 0.000 0.000 0.400 0.000 0.000 0.000 0.000 27/01/2012
3.000 3.000 3.000 1.900 0.300 3.000 3.000 3.000 2.900 0.400 3.000 3.000 2.900 3.000 0.400 3.000 4.300 2.900 3.000 3.000 3.200 4.200 2.900 2.900 2.900 3.300 4.500 2.900 2.900 3.000 28/01/2012
0.000 0.000 0.000 0.000 0.000 0.000 0.000 0.000 0.200 0.000 0.000 0.000 0.200 0.200 0.000 0.000 0.000 0.200 0.200 0.200 0.000 0.000 0.200 0.100 0.100 0.000 0.000 0.100 0.100 0.200 29/01/2012
6.800 6.600 6.500 4.300 1.400 6.400 6.100 6.400 4.200 1.700 6.400 6.400 4.500 3.900 2.100 7.500 8.400 4.300 3.600 3.700 7.700 8.400 4.200 4.700 4.700 7.900 8.400 5.300 5.200 3.600 30/01/2012
0.000 0.000 0.000 0.000 0.100 0.000 0.000 0.000 0.100 0.200 0.000 0.000 0.100 0.100 0.200 0.300 0.600 0.100 0.100 0.100 0.300 0.600 0.100 0.100 0.100 0.300 0.600 0.100 0.100 0.100 31/01/2012
0.000 0.000 0.000 0.000 0.000 0.000 0.000 0.000 0.000 0.000 0.000 0.000 0.000 0.000 0.000 0.000 0.000 0.000 0.000 0.000 0.000 0.000 0.000 0.000 0.000 0.000 0.000 0.000 0.000 0.000 01/02/2012
0.000 0.000 0.000 0.000 0.000 0.000 0.000 0.000 0.000 0.000 0.000 0.000 0.000 0.000 0.000 0.000 0.000 0.000 0.000 0.000 0.000 0.000 0.000 0.000 0.000 0.000 0.000 0.000 0.000 0.000 02/02/2012
0.000 0.000 0.000 0.000 0.000 0.000 0.000 0.000 0.000 0.000 0.000 0.000 0.000 0.000 0.000 0.000 0.000 0.000 0.000 0.000 0.000 0.000 0.000 0.000 0.000 0.000 0.000 0.000 0.000 0.000 03/02/2012
0.000 0.000 0.000 0.000 0.000 0.000 0.000 0.000 0.000 0.000 0.000 0.000 0.000 0.000 0.000 0.000 0.000 0.000 0.000 0.000 0.000 0.000 0.000 0.000 0.000 0.000 0.000 0.000 0.000 0.000 04/02/2012
0.000 0.000 0.000 0.000 0.000 0.000 0.000 0.000 0.000 0.000 0.000 0.000 0.000 0.000 0.000 0.000 0.000 0.000 0.000 0.000 0.000 0.000 0.000 0.000 0.000 0.000 0.000 0.000 0.000 0.000 05/02/2012
0.000 0.000 0.000 0.000 0.000 0.000 0.000 0.000 0.000 0.000 0.000 0.000 0.000 0.000 0.000 0.000 0.000 0.000 0.000 0.000 0.000 0.000 0.000 0.000 0.000 0.000 0.000 0.000 0.000 0.000 06/02/2012
0.000 0.000 0.000 0.000 0.000 0.000 0.000 0.000 0.000 0.000 0.000 0.000 0.000 0.000 0.000 0.000 0.000 0.000 0.000 0.000 0.000 0.000 0.000 0.000 0.000 0.000 0.000 0.000 0.000 0.000 07/02/2012
0.000 0.000 0.000 0.000 0.000 0.000 0.000 0.000 0.000 0.000 0.000 0.000 0.000 0.000 0.000 0.000 0.000 0.000 0.000 0.000 0.000 0.000 0.000 0.000 0.000 0.000 0.000 0.000 0.000 0.000 08/02/2012
0.000 0.000 0.000 0.000 0.000 0.000 0.000 0.000 0.000 0.000 0.000 0.000 0.000 0.000 0.000 0.000 0.000 0.000 0.000 0.000 0.000 0.000 0.000 0.000 0.000 0.000 0.000 0.000 0.000 0.000 09/02/2012
0.000 0.000 0.000 0.000 0.000 0.000 0.000 0.000 0.000 0.000 0.000 0.000 0.000 0.000 0.000 0.000 0.000 0.000 0.000 0.000 0.000 0.000 0.000 0.000 0.000 0.000 0.000 0.000 0.000 0.000 10/02/2012
0.000 0.000 0.000 0.000 0.000 0.000 0.000 0.000 0.000 0.000 0.000 0.000 0.000 0.000 0.000 0.000 0.000 0.000 0.000 0.000 0.000 0.000 0.000 0.000 0.000 0.000 0.000 0.000 0.000 0.000 11/02/2012
0.000 0.000 0.000 0.000 0.000 0.000 0.000 0.000 0.000 0.000 0.000 0.000 0.000 0.000 0.000 0.000 0.000 0.000 0.000 0.000 0.000 0.000 0.000 0.000 0.000 0.000 0.000 0.000 0.000 0.000 12/02/2012
1.200 1.200 1.100 0.600 0.100 1.000 0.800 1.000 0.800 0.100 1.000 1.000 0.900 0.800 0.100 1.200 0.500 0.800 0.700 0.700 1.400 0.500 0.800 0.900 0.900 1.500 0.600 1.000 1.000 0.700 13/02/2012
0.600 0.600 0.600 0.500 0.000 0.600 0.600 0.600 0.000 0.000 0.600 0.600 0.000 0.000 0.000 0.200 0.100 0.000 0.000 0.000 0.200 0.100 0.000 0.000 0.000 0.200 0.100 0.000 0.000 0.000 14/02/2012
0.200 0.200 0.200 0.500 0.300 0.200 0.200 0.200 0.300 0.300 0.200 0.200 0.300 0.300 0.300 0.000 0.700 0.300 0.300 0.300 0.000 0.700 0.300 0.300 0.300 0.000 0.700 0.300 0.300 0.300 15/02/2012
0.000 0.000 0.000 0.000 0.000 0.000 0.000 0.000 0.000 0.000 0.000 0.000 0.000 0.000 0.000 0.000 0.000 0.000 0.000 0.000 0.000 0.000 0.000 0.000 0.000 0.000 0.000 0.000 0.000 0.000 16/02/2012
0.000 0.000 0.000 0.000 0.000 0.000 0.000 0.000 0.000 0.000 0.000 0.000 0.000 0.000 0.000 0.000 0.000 0.000 0.000 0.000 0.000 0.000 0.000 0.000 0.000 0.000 0.000 0.000 0.000 0.000 17/02/2012
3.100 3.100 3.200 2.900 1.000 3.200 3.200 3.200 1.200 1.000 3.200 3.200 1.200 1.200 1.000 1.800 1.200 1.200 1.200 1.200 1.800 1.200 1.200 1.200 1.200 1.800 1.200 1.200 1.200 1.200 18/02/2012
0.400 0.400 0.400 1.100 4.100 0.400 0.400 0.400 3.600 4.100 0.400 0.400 3.600 3.600 4.000 1.100 2.500 3.600 3.600 3.600 1.100 2.500 3.600 3.500 3.500 1.000 2.400 3.500 3.500 3.600 19/02/2012
0.000 0.000 0.000 0.000 0.100 0.000 0.000 0.000 0.000 0.100 0.000 0.000 0.000 0.000 0.100 0.000 0.000 0.000 0.000 0.000 0.000 0.000 0.000 0.000 0.000 0.000 0.000 0.000 0.000 0.000 20/02/2012
0.000 0.000 0.000 0.000 0.000 0.000 0.000 0.000 0.000 0.000 0.000 0.000 0.000 0.000 0.000 0.000 0.000 0.000 0.000 0.000 0.000 0.000 0.000 0.000 0.000 0.000 0.000 0.000 0.000 0.000 21/02/2012
0.000 0.000 0.000 0.000 0.000 0.000 0.000 0.000 0.000 0.000 0.000 0.000 0.000 0.000 0.000 0.000 0.000 0.000 0.000 0.000 0.000 0.000 0.000 0.000 0.000 0.000 0.000 0.000 0.000 0.000 22/02/2012
1.000 1.000 1.000 0.700 0.200 1.000 1.000 1.000 0.700 0.200 1.000 1.000 0.700 0.700 0.200 0.600 0.200 0.700 0.700 0.700 0.600 0.200 0.700 0.700 0.700 0.600 0.200 0.700 0.700 0.700 23/02/2012
0.100 0.100 0.100 0.000 0.500 0.100 0.100 0.100 0.100 0.500 0.100 0.100 0.100 0.100 0.500 0.000 0.100 0.100 0.100 0.100 0.000 0.100 0.100 0.100 0.100 0.000 0.100 0.100 0.100 0.100 24/02/2012
0.000 0.000 0.000 0.000 0.000 0.000 0.000 0.000 0.100 0.000 0.000 0.000 0.100 0.100 0.000 0.000 0.100 0.100 0.100 0.100 0.000 0.100 0.100 0.100 0.100 0.000 0.100 0.100 0.100 0.100 25/02/2012
0.100 0.100 0.100 0.000 0.000 0.100 0.100 0.100 0.000 0.000 0.100 0.100 0.000 0.000 0.000 0.000 0.000 0.000 0.000 0.000 0.000 0.000 0.000 0.000 0.000 0.000 0.000 0.000 0.000 0.000 26/02/2012
0.000 0.000 0.000 0.000 0.000 0.000 0.000 0.000 0.000 0.000 0.000 0.000 0.000 0.000 0.000 0.000 0.000 0.000 0.000 0.000 0.000 0.000 0.000 0.000 0.000 0.000 0.000 0.000 0.000 0.000 27/02/2012
0.000 0.000 0.000 0.100 0.000 0.000 0.000 0.000 0.000 0.000 0.000 0.000 0.000 0.000 0.000 0.000 0.000 0.000 0.000 0.000 0.000 0.000 0.000 0.000 0.000 0.000 0.000 0.000 0.000 0.000 28/02/2012
0.000 0.000 0.000 0.000 0.000 0.000 0.000 0.000 0.000 0.000 0.000 0.000 0.000 0.000 0.000 0.000 0.100 0.000 0.000 0.000 0.000 0.100 0.000 0.000 0.000 0.000 0.100 0.000 0.000 0.000 29/02/2012
0.000 0.000 0.000 0.500 0.000 0.000 0.000 0.000 0.000 0.000 0.000 0.000 0.000 0.000 0.000 0.200 0.200 0.000 0.000 0.000 0.200 0.200 0.000 0.000 0.000 0.200 0.200 0.000 0.000 0.000 01/03/2012
0.200 0.200 0.200 0.200 0.000 0.200 0.200 0.200 0.000 0.000 0.200 0.200 0.000 0.000 0.000 0.000 0.000 0.000 0.000 0.000 0.000 0.000 0.000 0.000 0.000 0.000 0.000 0.000 0.000 0.000 02/03/2012
0.400 0.400 0.400 0.700 0.900 0.400 0.400 0.400 0.100 0.900 0.400 0.400 0.100 0.100 0.800 0.500 0.100 0.100 0.200 0.200 0.500 0.100 0.100 0.100 0.100 0.500 0.100 0.100 0.100 0.200 03/03/2012
7.500 7.500 7.600 7.200 6.800 7.600 7.700 7.600 6.400 6.800 7.600 7.600 6.400 6.500 6.700 4.600 3.400 6.400 6.500 6.500 4.600 3.400 6.400 6.400 6.400 4.500 3.400 6.300 6.300 6.500 04/03/2012
0.800 0.800 0.800 0.500 1.800 0.800 0.700 0.800 0.500 1.800 0.800 0.800 0.500 0.500 1.800 0.100 0.600 0.500 0.500 0.500 0.100 0.600 0.500 0.600 0.600 0.100 0.600 0.600 0.600 0.500 05/03/2012
0.100 0.100 0.100 0.100 0.000 0.100 0.100 0.100 0.200 0.000 0.100 0.100 0.200 0.200 0.000 0.000 0.200 0.200 0.200 0.200 0.000 0.200 0.200 0.200 0.200 0.000 0.200 0.200 0.200 0.200 06/03/2012
1.200 1.200 1.200 2.200 2.400 1.200 1.200 1.200 0.800 2.400 1.200 1.200 0.800 0.800 2.400 0.800 0.700 0.800 0.800 0.800 0.800 0.700 0.800 0.800 0.800 0.800 0.700 0.800 0.800 0.800 07/03/2012
0.000 0.000 0.000 0.000 0.000 0.000 0.000 0.000 0.000 0.000 0.000 0.000 0.000 0.000 0.000 0.000 0.000 0.000 0.000 0.000 0.000 0.000 0.000 0.000 0.000 0.000 0.000 0.000 0.000 0.000 08/03/2012
0.000 0.000 0.000 0.000 0.000 0.000 0.000 0.000 0.000 0.000 0.000 0.000 0.000 0.000 0.000 0.000 0.000 0.000 0.000 0.000 0.000 0.000 0.000 0.000 0.000 0.000 0.000 0.000 0.000 0.000 09/03/2012
0.000 0.000 0.000 0.100 0.000 0.000 0.000 0.000 0.000 0.000 0.000 0.000 0.000 0.000 0.000 0.000 0.000 0.000 0.000 0.000 0.000 0.000 0.000 0.000 0.000 0.000 0.000 0.000 0.000 0.000 10/03/2012
0.000 0.000 0.000 0.000 0.000 0.000 0.000 0.000 0.000 0.000 0.000 0.000 0.000 0.000 0.000 0.000 0.000 0.000 0.000 0.000 0.000 0.000 0.000 0.000 0.000 0.000 0.000 0.000 0.000 0.000 11/03/2012
0.000 0.000 0.000 0.000 0.000 0.000 0.000 0.000 0.000 0.000 0.000 0.000 0.000 0.000 0.000 0.000 0.000 0.000 0.000 0.000 0.000 0.000 0.000 0.000 0.000 0.000 0.000 0.000 0.000 0.000 12/03/2012
0.000 0.000 0.000 0.000 0.000 0.000 0.000 0.000 0.000 0.000 0.000 0.000 0.000 0.000 0.000 0.000 0.000 0.000 0.000 0.000 0.000 0.000 0.000 0.000 0.000 0.000 0.000 0.000 0.000 0.000 13/03/2012
0.000 0.000 0.000 0.000 0.000 0.000 0.000 0.000 0.000 0.000 0.000 0.000 0.000 0.000 0.000 0.000 0.000 0.000 0.000 0.000 0.000 0.000 0.000 0.000 0.000 0.000 0.000 0.000 0.000 0.000 14/03/2012
0.000 0.000 0.000 0.000 0.000 0.000 0.000 0.000 0.000 0.000 0.000 0.000 0.000 0.000 0.000 0.000 0.000 0.000 0.000 0.000 0.000 0.000 0.000 0.000 0.000 0.000 0.000 0.000 0.000 0.000 15/03/2012
0.000 0.000 0.000 0.000 0.000 0.000 0.000 0.000 0.000 0.000 0.000 0.000 0.000 0.000 0.000 0.000 0.000 0.000 0.000 0.000 0.000 0.000 0.000 0.000 0.000 0.000 0.000 0.000 0.000 0.000 16/03/2012
1.100 1.100 1.100 0.900 5.400 1.100 1.100 1.100 4.400 5.400 1.100 1.100 4.400 4.500 5.300 1.000 1.400 4.400 4.500 4.500 1.000 1.400 4.400 4.400 4.400 1.000 1.400 4.400 4.400 4.500 17/03/2012
4.700 4.700 4.700 7.600 4.200 4.800 4.800 4.800 2.900 4.200 4.800 4.700 2.800 2.900 4.100 6.800 4.100 2.900 2.900 2.900 6.700 4.100 2.900 2.800 2.800 6.600 4.100 2.800 2.800 2.900 18/03/2012
0.000 0.000 0.000 0.000 0.000 0.000 0.000 0.000 0.000 0.000 0.000 0.000 0.000 0.000 0.000 0.000 0.000 0.000 0.000 0.000 0.000 0.000 0.000 0.000 0.000 0.000 0.000 0.000 0.000 0.000 19/03/2012
0.100 0.100 0.100 0.000 0.000 0.100 0.100 0.100 0.000 0.000 0.100 0.100 0.000 0.000 0.000 0.100 0.400 0.000 0.000 0.000 0.100 0.400 0.000 0.000 0.000 0.100 0.400 0.000 0.000 0.000 20/03/2012
3.600 3.700 3.700 2.100 1.400 3.700 3.800 3.700 2.900 1.400 3.700 3.700 2.900 2.900 1.400 3.100 2.500 2.900 2.900 2.900 3.100 2.500 2.900 2.900 2.900 3.000 2.500 2.900 2.900 2.900 21/03/2012
0.700 0.700 0.700 0.200 0.100 0.700 0.700 0.700 0.600 0.100 0.700 0.700 0.600 0.600 0.100 0.400 0.100 0.600 0.600 0.600 0.400 0.100 0.600 0.600 0.600 0.400 0.100 0.600 0.600 0.600 22/03/2012
0.000 0.000 0.000 0.000 0.000 0.000 0.000 0.000 0.000 0.000 0.000 0.000 0.000 0.000 0.000 0.000 0.000 0.000 0.000 0.000 0.000 0.000 0.000 0.000 0.000 0.000 0.000 0.000 0.000 0.000 23/03/2012
0.000 0.000 0.000 0.000 0.000 0.000 0.000 0.000 0.000 0.000 0.000 0.000 0.000 0.000 0.000 0.000 0.000 0.000 0.000 0.000 0.000 0.000 0.000 0.000 0.000 0.000 0.000 0.000 0.000 0.000 24/03/2012
0.000 0.000 0.000 0.000 0.000 0.000 0.000 0.000 0.000 0.000 0.000 0.000 0.000 0.000 0.000 0.000 0.000 0.000 0.000 0.000 0.000 0.000 0.000 0.000 0.000 0.000 0.000 0.000 0.000 0.000 25/03/2012
0.000 0.000 0.000 0.000 0.000 0.000 0.000 0.000 0.000 0.000 0.000 0.000 0.000 0.000 0.000 0.000 0.000 0.000 0.000 0.000 0.000 0.000 0.000 0.000 0.000 0.000 0.000 0.000 0.000 0.000 26/03/2012
0.000 0.000 0.000 0.000 0.000 0.000 0.000 0.000 0.000 0.000 0.000 0.000 0.000 0.000 0.000 0.000 0.000 0.000 0.000 0.000 0.000 0.000 0.000 0.000 0.000 0.000 0.000 0.000 0.000 0.000 27/03/2012
0.000 0.000 0.000 0.000 0.000 0.000 0.000 0.000 0.000 0.000 0.000 0.000 0.000 0.000 0.000 0.000 0.000 0.000 0.000 0.000 0.000 0.000 0.000 0.000 0.000 0.000 0.000 0.000 0.000 0.000 28/03/2012
0.000 0.000 0.000 0.000 0.000 0.000 0.000 0.000 0.000 0.000 0.000 0.000 0.000 0.000 0.000 0.000 0.000 0.000 0.000 0.000 0.000 0.000 0.000 0.000 0.000 0.000 0.000 0.000 0.000 0.000 29/03/2012
0.000 0.000 0.000 0.000 0.000 0.000 0.000 0.000 0.000 0.000 0.000 0.000 0.000 0.000 0.000 0.000 0.000 0.000 0.000 0.000 0.000 0.000 0.000 0.000 0.000 0.000 0.000 0.000 0.000 0.000 30/03/2012
0.000 0.000 0.000 0.000 0.000 0.000 0.000 0.000 0.000 0.000 0.000 0.000 0.000 0.000 0.000 0.000 0.000 0.000 0.000 0.000 0.000 0.000 0.000 0.000 0.000 0.000 0.000 0.000 0.000 0.000 31/03/2012
0.000 0.000 0.000 0.000 0.000 0.000 0.000 0.000 0.000 0.000 0.000 0.000 0.000 0.000 0.000 0.000 0.000 0.000 0.000 0.000 0.000 0.000 0.000 0.000 0.000 0.000 0.000 0.000 0.000 0.000 01/04/2012
0.000 0.000 0.000 0.000 0.000 0.000 0.000 0.000 0.000 0.000 0.000 0.000 0.000 0.000 0.000 0.100 0.000 0.000 0.000 0.000 0.100 0.000 0.000 0.000 0.000 0.100 0.000 0.000 0.000 0.000 02/04/2012
0.000 0.000 0.000 0.000 1.300 0.000 0.000 0.000 0.300 1.300 0.000 0.000 0.300 0.300 1.200 0.500 1.900 0.300 0.300 0.300 0.500 1.900 0.300 0.300 0.300 0.500 1.900 0.300 0.300 0.300 03/04/2012
0.500 0.500 0.500 0.100 0.000 0.500 0.500 0.500 0.000 0.000 0.500 0.500 0.000 0.000 0.000 0.300 0.000 0.000 0.000 0.000 0.300 0.000 0.000 0.000 0.000 0.300 0.000 0.000 0.000 0.000 04/04/2012
2.000 2.000 2.100 4.700 1.000 2.100 2.100 2.100 2.000 1.000 2.100 2.100 2.000 2.000 1.000 0.000 0.300 2.000 2.000 2.000 0.000 0.300 2.000 2.000 2.000 0.000 0.300 2.000 2.000 2.000 05/04/2012
7.000 7.100 7.100 4.000 6.400 7.200 7.300 7.200 13.600 6.400 7.200 7.200 13.500 13.600 6.300 3.700 6.300 13.500 13.700 13.700 3.700 6.300 13.600 13.500 13.500 3.700 6.200 13.300 13.400 13.700 06/04/2012
0.700 0.700 0.700 0.000 3.100 0.700 0.700 0.700 3.300 3.000 0.700 0.700 3.300 3.300 3.000 3.900 4.000 3.300 3.300 3.300 3.900 4.000 3.300 3.300 3.300 3.800 4.000 3.300 3.300 3.300 07/04/2012
0.000 0.000 0.000 0.000 0.000 0.000 0.000 0.000 0.000 0.000 0.000 0.000 0.000 0.000 0.000 0.000 0.000 0.000 0.000 0.000 0.000 0.000 0.000 0.000 0.000 0.000 0.000 0.000 0.000 0.000 08/04/2012
0.300 0.300 0.300 0.000 1.300 0.300 0.300 0.300 0.900 1.300 0.300 0.300 0.900 0.900 1.300 0.400 0.700 0.900 0.900 0.900 0.400 0.700 0.900 0.900 0.900 0.400 0.700 0.900 0.900 0.900 09/04/2012
10.900 11.000 11.000 9.100 8.100 11.100 11.200 11.100 8.400 8.100 11.100 11.100 8.300 8.400 8.000 8.400 5.600 8.400 8.400 8.400 8.400 5.600 8.400 8.300 8.300 8.300 5.600 8.200 8.200 8.400 10/04/2012
10.100 10.200 10.300 11.700 14.100 10.300 10.500 10.300 14.000 14.100 10.300 10.300 13.900 14.100 13.900 18.700 16.600 14.000 14.100 14.100 18.500 16.600 14.000 13.900 13.900 18.300 16.500 13.700 13.800 14.100 11/04/2012
0.100 0.100 0.100 0.000 0.200 0.100 0.100 0.100 0.600 0.200 0.100 0.100 0.600 0.600 0.200 0.300 0.100 0.600 0.600 0.600 0.300 0.100 0.600 0.600 0.600 0.300 0.100 0.600 0.600 0.600 12/04/2012
1.000 1.000 1.000 0.300 1.000 1.000 1.000 1.000 0.900 1.000 1.000 1.000 0.900 0.900 1.000 0.200 0.500 0.900 0.900 0.900 0.200 0.500 0.900 0.900 0.900 0.200 0.500 0.900 0.900 0.900 13/04/2012
1.500 1.500 1.500 1.000 0.800 1.500 1.500 1.500 0.900 0.800 1.500 1.500 0.900 0.900 0.800 2.200 1.700 0.900 0.900 0.900 2.200 1.800 0.900 0.900 0.900 2.200 1.700 0.900 0.900 0.900 14/04/2012
0.000 0.000 0.000 0.000 0.000 0.000 0.000 0.000 0.700 0.000 0.000 0.000 0.700 0.700 0.000 0.300 0.000 0.700 0.700 0.700 0.300 0.000 0.700 0.700 0.700 0.300 0.000 0.700 0.700 0.700 15/04/2012
0.000 0.000 0.000 0.000 0.000 0.000 0.000 0.000 0.000 0.000 0.000 0.000 0.000 0.000 0.000 0.000 0.000 0.000 0.000 0.000 0.000 0.000 0.000 0.000 0.000 0.000 0.000 0.000 0.000 0.000 16/04/2012
4.800 4.800 4.900 4.200 5.000 4.900 4.900 4.900 5.900 4.900 4.900 4.900 5.800 5.900 4.900 5.400 5.000 5.900 5.900 5.900 5.300 5.000 5.900 5.800 5.800 5.300 5.000 5.800 5.800 5.900 17/04/2012
13.100 13.200 13.300 13.100 12.000 13.400 13.500 13.400 11.900 11.900 13.300 13.300 11.800 11.900 11.800 15.500 11.900 11.900 12.000 12.000 15.300 11.900 11.900 11.800 11.800 15.200 11.800 11.700 11.700 12.000 18/04/2012
7.100 7.200 7.200 5.300 12.000 7.300 7.300 7.300 12.600 11.900 7.200 7.200 12.500 12.600 11.800 5.600 4.700 12.500 12.700 12.700 5.600 4.700 12.600 12.500 12.500 5.500 4.700 12.300 12.400 12.700 19/04/2012
4.700 4.800 4.800 7.000 4.000 4.800 4.900 4.800 1.600 3.900 4.800 4.800 1.600 1.600 3.900 1.800 4.400 1.600 1.600 1.600 1.800 4.400 1.600 1.600 1.600 1.800 4.300 1.600 1.600 1.600 20/04/2012
3.900 4.000 4.000 3.800 5.100 4.000 4.000 4.000 11.600 5.000 4.000 4.000 11.500 11.600 5.000 8.300 6.900 11.600 11.700 11.700 8.200 6.900 11.600 11.500 11.500 8.100 6.900 11.400 11.400 11.700 21/04/2012
3.900 3.900 4.000 5.900 5.400 4.000 4.000 4.000 5.700 5.400 4.000 4.000 5.700 5.700 5.400 5.500 3.500 5.700 5.800 5.800 5.400 3.500 5.700 5.700 5.700 5.400 3.400 5.600 5.600 5.800 22/04/2012
19.600 19.700 19.800 24.000 21.400 20.000 20.200 20.000 22.600 21.300 19.900 19.900 22.500 22.700 21.100 16.800 16.500 22.600 22.800 22.800 16.700 16.600 22.600 22.500 22.400 16.500 16.400 22.200 22.300 22.800 23/04/2012
4.800 4.800 4.800 2.300 9.100 4.900 4.900 4.900 4.800 9.100 4.900 4.900 4.800 4.800 9.000 4.500 4.400 4.800 4.800 4.800 4.500 4.400 4.800 4.800 4.800 4.500 4.400 4.700 4.700 4.800 24/04/2012
19.300 19.500 19.600 19.700 18.100 19.700 19.900 19.700 19.300 18.000 19.700 19.600 19.300 19.400 17.900 16.200 16.400 19.300 19.500 19.500 16.100 16.500 19.300 19.200 19.200 15.900 16.300 19.000 19.100 19.500 25/04/2012
13.200 13.300 13.300 12.900 13.500 13.400 13.600 13.400 13.900 13.500 13.400 13.400 13.900 14.000 13.300 12.600 14.900 13.900 14.100 14.000 12.500 15.000 13.900 13.800 13.800 12.300 14.900 13.700 13.700 14.100 26/04/2012
4.200 4.200 4.200 2.200 1.800 4.300 4.300 4.300 3.000 1.800 4.200 4.200 3.000 3.000 1.800 4.300 1.500 3.000 3.000 3.000 4.200 1.500 3.000 3.000 3.000 4.200 1.500 3.000 3.000 3.000 27/04/2012
55.800 56.200 56.400 19.900 20.400 56.900 57.500 56.900 27.600 20.300 56.800 56.700 27.500 27.700 20.100 55.300 42.400 27.600 27.900 27.800 54.800 42.500 27.600 27.400 27.400 54.100 42.200 27.100 27.200 27.800 28/04/2012
3.200 3.200 3.200 3.200 3.100 3.300 3.300 3.300 10.200 3.100 3.300 3.300 10.100 10.200 3.100 1.900 5.400 10.100 10.200 10.200 1.900 5.400 10.200 10.100 10.100 1.800 5.400 10.000 10.000 10.200 29/04/2012
8.700 8.800 8.800 11.500 8.600 8.900 9.000 8.900 11.900 8.500 8.900 8.900 11.900 12.000 8.500 7.500 9.600 11.900 12.100 12.000 7.400 9.600 11.900 11.900 11.900 7.300 9.600 11.700 11.800 12.000 30/04/2012
0.000 0.000 0.000 0.000 0.000 0.000 0.000 0.000 0.000 0.000 0.000 0.000 0.000 0.000 0.000 0.200 0.000 0.000 0.000 0.000 0.200 0.000 0.000 0.000 0.000 0.200 0.000 0.000 0.000 0.000 01/05/2012
0.700 0.700 0.700 0.100 0.000 0.700 0.700 0.700 0.000 0.000 0.700 0.700 0.000 0.000 0.000 0.000 0.000 0.000 0.000 0.000 0.000 0.000 0.000 0.000 0.000 0.000 0.000 0.000 0.000 0.000 02/05/2012
1.300 1.300 1.300 0.600 1.200 1.300 1.300 1.300 1.100 1.200 1.300 1.300 1.100 1.100 1.200 2.200 1.300 1.100 1.100 1.100 2.200 1.300 1.100 1.100 1.100 2.100 1.300 1.100 1.100 1.100 03/05/2012
0.200 0.200 0.200 0.800 0.600 0.200 0.200 0.200 0.200 0.600 0.200 0.200 0.200 0.200 0.600 0.100 0.000 0.200 0.200 0.200 0.100 0.000 0.200 0.200 0.200 0.100 0.000 0.200 0.200 0.200 04/05/2012
2.400 2.400 2.400 2.400 4.600 2.400 2.400 2.400 3.400 4.600 2.400 2.400 3.400 3.400 4.500 2.400 3.200 3.400 3.400 3.400 2.400 3.200 3.400 3.300 3.300 2.300 3.200 3.300 3.300 3.400 05/05/2012
0.400 0.400 0.400 1.200 0.800 0.400 0.400 0.400 0.100 0.800 0.400 0.400 0.100 0.100 0.800 0.300 0.400 0.100 0.100 0.100 0.300 0.400 0.100 0.100 0.100 0.300 0.400 0.100 0.100 0.100 06/05/2012
1.700 1.700 1.700 1.800 1.300 1.700 1.700 1.700 1.100 1.200 1.700 1.700 1.100 1.100 1.200 0.700 0.300 1.100 1.100 1.100 0.700 0.300 1.100 1.100 1.100 0.700 0.300 1.100 1.100 1.100 07/05/2012
12.300 12.400 12.500 11.400 8.000 12.600 12.700 12.600 10.000 7.900 12.600 12.500 10.000 10.100 7.800 6.100 8.800 10.000 10.100 10.100 6.100 8.800 10.000 9.900 9.900 6.000 8.700 9.800 9.900 10.100 08/05/2012
0.000 0.000 0.000 0.000 0.000 0.000 0.000 0.000 0.100 0.000 0.000 0.000 0.100 0.100 0.000 0.000 0.000 0.100 0.100 0.100 0.000 0.000 0.100 0.100 0.100 0.000 0.000 0.100 0.100 0.100 09/05/2012
0.000 0.000 0.000 0.000 0.000 0.000 0.000 0.000 0.000 0.000 0.000 0.000 0.000 0.000 0.000 0.000 0.000 0.000 0.000 0.000 0.000 0.000 0.000 0.000 0.000 0.000 0.000 0.000 0.000 0.000 10/05/2012
2.900 2.900 2.900 1.700 0.100 2.900 2.900 2.900 0.100 0.100 2.900 2.900 0.100 0.100 0.100 0.000 0.000 0.100 0.100 0.100 0.000 0.000 0.100 0.100 0.100 0.000 0.000 0.100 0.100 0.100 11/05/2012
0.000 0.000 0.000 0.000 0.000 0.000 0.000 0.000 0.000 0.000 0.000 0.000 0.000 0.000 0.000 0.000 0.000 0.000 0.000 0.000 0.000 0.000 0.000 0.000 0.000 0.000 0.000 0.000 0.000 0.000 12/05/2012
0.000 0.000 0.000 0.000 0.000 0.000 0.000 0.000 0.000 0.000 0.000 0.000 0.000 0.000 0.000 0.000 0.000 0.000 0.000 0.000 0.000 0.000 0.000 0.000 0.000 0.000 0.000 0.000 0.000 0.000 13/05/2012
0.000 0.000 0.000 0.000 0.000 0.000 0.000 0.000 0.000 0.000 0.000 0.000 0.000 0.000 0.000 0.100 0.000 0.000 0.000 0.000 0.100 0.000 0.000 0.000 0.000 0.100 0.000 0.000 0.000 0.000 14/05/2012
0.900 0.900 0.900 0.300 1.000 0.900 0.900 0.900 1.400 1.000 0.900 0.900 1.400 1.400 1.000 1.100 0.800 1.400 1.400 1.400 1.100 0.800 1.400 1.400 1.400 1.100 0.800 1.400 1.400 1.400 15/05/2012
0.000 0.000 0.000 0.000 0.000 0.000 0.000 0.000 0.000 0.000 0.000 0.000 0.000 0.000 0.000 0.000 0.000 0.000 0.000 0.000 0.000 0.000 0.000 0.000 0.000 0.000 0.000 0.000 0.000 0.000 16/05/2012
0.100 0.100 0.100 0.000 1.100 0.100 0.100 0.100 1.700 1.100 0.100 0.100 1.700 1.700 1.100 1.000 1.000 1.700 1.800 1.700 1.000 1.000 1.700 1.700 1.700 1.000 1.000 1.700 1.700 1.800 17/05/2012
0.500 0.500 0.500 1.400 0.300 0.500 0.500 0.500 0.100 0.300 0.500 0.500 0.100 0.100 0.300 0.200 0.100 0.100 0.100 0.100 0.200 0.100 0.100 0.100 0.100 0.200 0.100 0.100 0.100 0.100 18/05/2012
15.400 15.500 15.600 13.000 9.700 15.700 15.900 15.700 25.000 9.600 15.700 15.700 24.900 25.100 9.500 6.300 13.100 25.000 25.200 25.200 6.300 13.100 25.000 24.800 24.800 6.200 13.000 24.600 24.600 25.200 19/05/2012
9.700 9.700 9.800 6.500 6.300 9.800 9.900 9.800 7.200 6.300 9.800 9.800 7.200 7.200 6.200 16.100 9.600 7.200 7.300 7.300 15.900 9.600 7.200 7.100 7.100 15.700 9.500 7.100 7.100 7.300 20/05/2012
11.700 11.800 11.900 11.200 8.400 12.000 12.100 12.000 5.900 8.400 11.900 11.900 5.900 6.000 8.300 12.000 8.100 5.900 6.000 6.000 11.900 8.100 5.900 5.900 5.900 11.800 8.100 5.800 5.800 6.000 21/05/2012
0.000 0.000 0.000 0.000 0.000 0.000 0.000 0.000 0.000 0.000 0.000 0.000 0.000 0.000 0.000 0.000 0.000 0.000 0.000 0.000 0.000 0.000 0.000 0.000 0.000 0.000 0.000 0.000 0.000 0.000 22/05/2012
0.000 0.000 0.000 0.000 0.000 0.000 0.000 0.000 0.000 0.000 0.000 0.000 0.000 0.000 0.000 0.000 0.000 0.000 0.000 0.000 0.000 0.000 0.000 0.000 0.000 0.000 0.000 0.000 0.000 0.000 23/05/2012
0.000 0.000 0.000 0.300 0.000 0.000 0.000 0.000 0.000 0.000 0.000 0.000 0.000 0.000 0.000 0.000 0.000 0.000 0.000 0.000 0.000 0.000 0.000 0.000 0.000 0.000 0.000 0.000 0.000 0.000 24/05/2012
0.000 0.000 0.000 0.000 0.000 0.000 0.000 0.000 0.000 0.000 0.000 0.000 0.000 0.000 0.000 0.000 0.000 0.000 0.000 0.000 0.000 0.000 0.000 0.000 0.000 0.000 0.000 0.000 0.000 0.000 25/05/2012
0.000 0.000 0.000 0.200 0.100 0.000 0.000 0.000 0.000 0.100 0.000 0.000 0.000 0.000 0.100 0.000 0.000 0.000 0.000 0.000 0.000 0.000 0.000 0.000 0.000 0.000 0.000 0.000 0.000 0.000 26/05/2012
0.000 0.000 0.000 0.000 0.000 0.000 0.000 0.000 0.000 0.000 0.000 0.000 0.000 0.000 0.000 0.000 0.000 0.000 0.000 0.000 0.000 0.000 0.000 0.000 0.000 0.000 0.000 0.000 0.000 0.000 27/05/2012
0.000 0.000 0.000 0.000 0.000 0.000 0.000 0.000 0.000 0.000 0.000 0.000 0.000 0.000 0.000 0.000 0.000 0.000 0.000 0.000 0.000 0.000 0.000 0.000 0.000 0.000 0.000 0.000 0.000 0.000 28/05/2012
0.000 0.000 0.000 0.000 0.100 0.000 0.000 0.000 0.000 0.100 0.000 0.000 0.000 0.000 0.100 0.000 0.000 0.000 0.000 0.000 0.000 0.000 0.000 0.000 0.000 0.000 0.000 0.000 0.000 0.000 29/05/2012
0.000 0.000 0.000 0.100 0.100 0.000 0.000 0.000 0.000 0.100 0.000 0.000 0.000 0.000 0.100 0.000 0.000 0.000 0.000 0.000 0.000 0.000 0.000 0.000 0.000 0.000 0.000 0.000 0.000 0.000 30/05/2012
0.000 0.000 0.000 0.000 0.000 0.000 0.000 0.000 0.000 0.000 0.000 0.000 0.000 0.000 0.000 0.000 0.000 0.000 0.000 0.000 0.000 0.000 0.000 0.000 0.000 0.000 0.000 0.000 0.000 0.000 31/05/2012
0.000 0.000 0.000 0.000 0.000 0.000 0.000 0.000 0.000 0.000 0.000 0.000 0.000 0.000 0.000 0.000 0.000 0.000 0.000 0.000 0.000 0.000 0.000 0.000 0.000 0.000 0.000 0.000 0.000 0.000 01/06/2012
8.100 8.200 8.200 14.900 34.000 8.300 8.400 8.300 21.100 33.800 8.300 8.300 21.000 21.200 33.500 11.900 20.700 21.100 21.300 21.300 11.700 20.700 21.100 21.000 21.000 11.600 20.500 20.800 20.800 21.300 02/06/2012
0.300 0.400 0.400 0.700 1.500 0.400 0.400 0.400 0.600 1.500 0.400 0.400 0.600 0.600 1.500 0.100 1.900 0.600 0.600 0.600 0.100 1.900 0.600 0.600 0.600 0.100 1.900 0.600 0.600 0.600 03/06/2012
0.000 0.000 0.000 0.700 0.000 0.000 0.000 0.000 0.000 0.000 0.000 0.000 0.000 0.000 0.000 0.100 0.000 0.000 0.000 0.000 0.100 0.000 0.000 0.000 0.000 0.100 0.000 0.000 0.000 0.000 04/06/2012
8.600 8.700 8.700 6.100 5.300 8.800 8.900 8.800 3.100 5.200 8.800 8.700 3.100 3.200 5.200 6.200 5.600 3.100 3.200 3.200 6.200 5.600 3.100 3.100 3.100 6.100 5.600 3.100 3.100 3.200 05/06/2012
0.000 0.000 0.000 0.000 0.000 0.000 0.000 0.000 0.000 0.000 0.000 0.000 0.000 0.000 0.000 0.000 0.000 0.000 0.000 0.000 0.000 0.000 0.000 0.000 0.000 0.000 0.000 0.000 0.000 0.000 06/06/2012
0.400 0.400 0.400 8.500 0.300 0.400 0.400 0.400 0.100 0.300 0.400 0.400 0.100 0.100 0.200 0.200 0.300 0.100 0.100 0.100 0.200 0.300 0.100 0.100 0.100 0.100 0.300 0.100 0.100 0.100 07/06/2012
0.100 0.100 0.100 0.500 0.000 0.100 0.100 0.100 0.000 0.000 0.100 0.100 0.000 0.000 0.000 0.000 0.000 0.000 0.000 0.000 0.000 0.000 0.000 0.000 0.000 0.000 0.000 0.000 0.000 0.000 08/06/2012
2.300 2.300 2.300 0.700 2.400 2.300 2.300 2.300 4.300 2.400 2.300 2.300 4.300 4.300 2.400 4.700 8.800 4.300 4.400 4.400 4.600 8.900 4.300 4.300 4.300 4.600 8.800 4.200 4.300 4.400 09/06/2012
20.900 21.000 21.100 20.300 24.000 21.300 21.500 21.300 14.300 23.900 21.200 21.200 14.200 14.300 23.700 23.500 19.700 14.300 14.400 14.400 23.300 19.800 14.300 14.200 14.200 23.000 19.600 14.100 14.100 14.400 10/06/2012
9.700 9.800 9.800 13.600 12.200 9.900 10.000 9.900 9.200 12.200 9.900 9.900 9.200 9.200 12.100 16.300 18.900 9.200 9.300 9.300 16.200 18.900 9.200 9.100 9.100 16.000 18.800 9.100 9.100 9.300 11/06/2012
0.600 0.600 0.600 5.000 4.000 0.600 0.600 0.600 1.200 4.000 0.600 0.600 1.200 1.200 3.900 4.300 5.600 1.200 1.200 1.200 4.300 5.600 1.200 1.200 1.200 4.300 5.500 1.200 1.200 1.200 12/06/2012
1.000 1.000 1.000 1.800 1.400 1.000 1.000 1.000 0.100 1.400 1.000 1.000 0.100 0.100 1.400 0.500 1.000 0.100 0.100 0.100 0.400 1.000 0.100 0.100 0.100 0.400 1.000 0.100 0.100 0.100 13/06/2012
0.000 0.000 0.000 0.000 0.000 0.000 0.000 0.000 0.000 0.000 0.000 0.000 0.000 0.000 0.000 0.000 0.000 0.000 0.000 0.000 0.000 0.000 0.000 0.000 0.000 0.000 0.000 0.000 0.000 0.000 14/06/2012
0.000 0.000 0.000 0.000 1.400 0.000 0.000 0.000 1.200 1.300 0.000 0.000 1.200 1.200 1.300 0.000 0.800 1.200 1.200 1.200 0.000 0.800 1.200 1.200 1.200 0.000 0.800 1.200 1.200 1.200 15/06/2012
3.700 3.700 3.700 3.000 0.200 3.800 3.800 3.800 0.100 0.200 3.800 3.800 0.100 0.100 0.200 1.300 0.000 0.100 0.100 0.100 1.300 0.000 0.100 0.100 0.100 1.300 0.000 0.100 0.100 0.100 16/06/2012
0.000 0.000 0.000 0.000 0.900 0.000 0.000 0.000 0.200 0.900 0.000 0.000 0.200 0.200 0.900 0.000 0.400 0.200 0.200 0.200 0.000 0.400 0.200 0.200 0.200 0.000 0.400 0.200 0.200 0.200 17/06/2012
0.500 0.500 0.500 0.600 0.000 0.500 0.500 0.500 0.300 0.000 0.500 0.500 0.300 0.300 0.000 0.500 0.400 0.300 0.300 0.300 0.500 0.400 0.300 0.300 0.300 0.500 0.400 0.200 0.200 0.300 18/06/2012
7.500 7.500 7.600 14.600 3.300 7.600 7.700 7.600 4.100 3.300 7.600 7.600 4.100 4.100 3.200 9.500 7.400 4.100 4.100 4.100 9.400 7.400 4.100 4.100 4.100 9.200 7.400 4.000 4.100 4.100 19/06/2012
3.700 3.700 3.700 3.700 1.000 3.700 3.800 3.700 1.500 0.900 3.700 3.700 1.500 1.500 0.900 3.000 0.900 1.500 1.500 1.500 2.900 0.900 1.500 1.500 1.500 2.900 0.900 1.500 1.500 1.500 20/06/2012
0.000 0.000 0.000 0.100 0.000 0.000 0.000 0.000 0.000 0.000 0.000 0.000 0.000 0.000 0.000 0.000 0.000 0.000 0.000 0.000 0.000 0.000 0.000 0.000 0.000 0.000 0.000 0.000 0.000 0.000 21/06/2012
0.000 0.000 0.000 0.000 0.000 0.000 0.000 0.000 0.000 0.000 0.000 0.000 0.000 0.000 0.000 0.000 0.000 0.000 0.000 0.000 0.000 0.000 0.000 0.000 0.000 0.000 0.000 0.000 0.000 0.000 22/06/2012
0.000 0.000 0.000 0.000 0.000 0.000 0.000 0.000 0.000 0.000 0.000 0.000 0.000 0.000 0.000 0.000 0.000 0.000 0.000 0.000 0.000 0.000 0.000 0.000 0.000 0.000 0.000 0.000 0.000 0.000 23/06/2012
0.100 0.100 0.100 0.500 0.000 0.100 0.100 0.100 0.000 0.000 0.100 0.100 0.000 0.000 0.000 0.200 0.000 0.000 0.000 0.000 0.200 0.000 0.000 0.000 0.000 0.200 0.000 0.000 0.000 0.000 24/06/2012
0.400 0.400 0.400 0.500 0.100 0.400 0.400 0.400 0.100 0.100 0.400 0.400 0.100 0.100 0.100 0.100 0.000 0.100 0.100 0.100 0.100 0.000 0.100 0.100 0.100 0.100 0.000 0.100 0.100 0.100 25/06/2012
0.000 0.000 0.000 0.000 0.000 0.000 0.000 0.000 0.000 0.000 0.000 0.000 0.000 0.000 0.000 0.000 0.000 0.000 0.000 0.000 0.000 0.000 0.000 0.000 0.000 0.000 0.000 0.000 0.000 0.000 26/06/2012
0.000 0.000 0.000 0.000 0.000 0.000 0.000 0.000 0.000 0.000 0.000 0.000 0.000 0.000 0.000 0.000 0.000 0.000 0.000 0.000 0.000 0.000 0.000 0.000 0.000 0.000 0.000 0.000 0.000 0.000 27/06/2012
0.000 0.000 0.000 0.000 0.000 0.000 0.000 0.000 0.000 0.000 0.000 0.000 0.000 0.000 0.000 0.000 0.000 0.000 0.000 0.000 0.000 0.000 0.000 0.000 0.000 0.000 0.000 0.000 0.000 0.000 28/06/2012
0.000 0.000 0.000 0.000 0.600 0.000 0.000 0.000 0.000 0.600 0.000 0.000 0.000 0.000 0.600 0.000 0.000 0.000 0.000 0.000 0.000 0.000 0.000 0.000 0.000 0.000 0.000 0.000 0.000 0.000 29/06/2012
0.100 0.100 0.100 0.000 3.700 0.100 0.100 0.100 1.000 3.700 0.100 0.100 1.000 1.000 3.600 0.000 1.500 1.000 1.000 1.000 0.000 1.500 1.000 1.000 1.000 0.000 1.500 1.000 1.000 1.000 30/06/2012
0.000 0.000 0.000 0.000 0.000 0.000 0.000 0.000 0.000 0.000 0.000 0.000 0.000 0.000 0.000 0.000 0.000 0.000 0.000 0.000 0.000 0.000 0.000 0.000 0.000 0.000 0.000 0.000 0.000 0.000 01/07/2012
0.000 0.000 0.000 0.000 0.200 0.000 0.000 0.000 0.000 0.200 0.000 0.000 0.000 0.000 0.200 0.000 0.000 0.000 0.000 0.000 0.000 0.000 0.000 0.000 0.000 0.000 0.000 0.000 0.000 0.000 02/07/2012
0.100 0.100 0.100 0.800 0.600 0.100 0.100 0.100 1.300 0.600 0.100 0.100 1.300 1.400 0.600 1.400 2.600 1.300 1.400 1.400 1.400 2.600 1.300 1.300 1.300 1.400 2.600 1.300 1.300 1.400 03/07/2012
2.500 2.500 2.500 1.400 3.700 2.500 2.600 2.500 2.500 3.700 2.500 2.500 2.500 2.500 3.600 3.400 2.000 2.500 2.500 2.500 3.400 2.000 2.500 2.400 2.400 3.300 2.000 2.400 2.400 2.500 04/07/2012
17.000 17.100 17.200 9.800 4.000 17.300 17.500 17.300 3.100 3.900 17.300 17.300 3.100 3.100 3.900 6.500 5.400 3.100 3.100 3.100 6.500 5.500 3.100 3.100 3.100 6.400 5.400 3.100 3.100 3.100 05/07/2012
2.900 2.900 2.900 1.400 3.700 3.000 3.000 3.000 2.400 3.700 3.000 2.900 2.400 2.400 3.600 2.100 3.500 2.400 2.400 2.400 2.100 3.500 2.400 2.300 2.300 2.100 3.500 2.300 2.300 2.400 06/07/2012
2.000 2.000 2.000 3.200 14.200 2.000 2.100 2.000 9.800 14.200 2.000 2.000 9.800 9.900 14.000 2.900 16.100 9.800 9.900 9.900 2.800 16.100 9.900 9.800 9.800 2.800 16.000 9.700 9.700 9.900 07/07/2012
0.500 0.500 0.500 0.500 1.900 0.500 0.500 0.500 0.900 1.900 0.500 0.500 0.900 0.900 1.900 1.000 1.100 0.900 0.900 0.900 1.000 1.100 0.900 0.900 0.900 1.000 1.100 0.900 0.900 0.900 08/07/2012
0.000 0.000 0.000 0.000 0.000 0.000 0.000 0.000 0.000 0.000 0.000 0.000 0.000 0.000 0.000 0.000 0.000 0.000 0.000 0.000 0.000 0.000 0.000 0.000 0.000 0.000 0.000 0.000 0.000 0.000 09/07/2012
0.000 0.000 0.000 0.300 0.000 0.000 0.000 0.000 0.000 0.000 0.000 0.000 0.000 0.000 0.000 0.000 0.000 0.000 0.000 0.000 0.000 0.000 0.000 0.000 0.000 0.000 0.000 0.000 0.000 0.000 10/07/2012
0.000 0.000 0.000 0.700 0.000 0.000 0.000 0.000 0.000 0.000 0.000 0.000 0.000 0.000 0.000 0.100 0.100 0.000 0.000 0.000 0.100 0.100 0.000 0.000 0.000 0.100 0.100 0.000 0.000 0.000 11/07/2012
0.200 0.200 0.200 0.600 1.900 0.200 0.200 0.200 3.300 1.900 0.200 0.200 3.300 3.300 1.900 1.600 0.800 3.300 3.300 3.300 1.600 0.800 3.300 3.300 3.300 1.500 0.800 3.300 3.300 3.300 12/07/2012
12.200 12.300 12.300 15.700 11.500 12.400 12.600 12.400 9.500 11.500 12.400 12.400 9.500 9.600 11.400 7.200 8.900 9.500 9.600 9.600 7.100 8.900 9.500 9.500 9.500 7.100 8.800 9.400 9.400 9.600 13/07/2012
4.300 4.300 4.300 4.400 5.000 4.400 4.400 4.400 6.600 5.000 4.400 4.400 6.600 6.700 5.000 4.900 2.700 6.600 6.700 6.700 4.900 2.700 6.600 6.600 6.600 4.800 2.700 6.500 6.500 6.700 14/07/2012
0.200 0.200 0.200 2.800 0.800 0.300 0.300 0.300 1.600 0.800 0.300 0.300 1.600 1.600 0.800 0.400 0.200 1.600 1.600 1.600 0.400 0.200 1.600 1.600 1.600 0.400 0.200 1.600 1.600 1.600 15/07/2012
0.000 0.000 0.000 0.000 0.000 0.000 0.000 0.000 0.000 0.000 0.000 0.000 0.000 0.000 0.000 0.000 0.000 0.000 0.000 0.000 0.000 0.000 0.000 0.000 0.000 0.000 0.000 0.000 0.000 0.000 16/07/2012
0.000 0.000 0.000 0.100 0.000 0.000 0.000 0.000 0.100 0.000 0.000 0.000 0.100 0.100 0.000 0.000 0.000 0.100 0.100 0.100 0.000 0.000 0.100 0.100 0.100 0.000 0.000 0.100 0.100 0.100 17/07/2012
0.100 0.100 0.100 0.500 0.100 0.100 0.100 0.100 0.000 0.100 0.100 0.100 0.000 0.000 0.100 0.200 0.300 0.000 0.000 0.000 0.200 0.300 0.000 0.000 0.000 0.200 0.300 0.000 0.000 0.000 18/07/2012
2.400 2.400 2.400 2.000 1.100 2.400 2.500 2.400 1.800 1.100 2.400 2.400 1.800 1.800 1.100 2.500 0.900 1.800 1.800 1.800 2.500 0.900 1.800 1.800 1.800 2.500 0.900 1.800 1.800 1.800 19/07/2012
0.300 0.300 0.300 1.000 0.000 0.300 0.300 0.300 0.000 0.000 0.300 0.300 0.000 0.000 0.000 0.100 0.000 0.000 0.000 0.000 0.100 0.000 0.000 0.000 0.000 0.100 0.000 0.000 0.000 0.000 20/07/2012
0.000 0.000 0.000 0.100 0.000 0.000 0.000 0.000 0.000 0.000 0.000 0.000 0.000 0.000 0.000 0.000 0.000 0.000 0.000 0.000 0.000 0.000 0.000 0.000 0.000 0.000 0.000 0.000 0.000 0.000 21/07/2012
0.000 0.000 0.000 0.000 0.000 0.000 0.000 0.000 0.000 0.000 0.000 0.000 0.000 0.000 0.000 0.000 0.000 0.000 0.000 0.000 0.000 0.000 0.000 0.000 0.000 0.000 0.000 0.000 0.000 0.000 22/07/2012
0.000 0.000 0.000 0.000 0.000 0.000 0.000 0.000 0.000 0.000 0.000 0.000 0.000 0.000 0.000 0.000 0.000 0.000 0.000 0.000 0.000 0.000 0.000 0.000 0.000 0.000 0.000 0.000 0.000 0.000 23/07/2012
0.000 0.000 0.000 0.000 0.000 0.000 0.000 0.000 0.000 0.000 0.000 0.000 0.000 0.000 0.000 0.000 0.000 0.000 0.000 0.000 0.000 0.000 0.000 0.000 0.000 0.000 0.000 0.000 0.000 0.000 24/07/2012
0.000 0.000 0.000 0.000 0.000 0.000 0.000 0.000 0.000 0.000 0.000 0.000 0.000 0.000 0.000 0.000 0.000 0.000 0.000 0.000 0.000 0.000 0.000 0.000 0.000 0.000 0.000 0.000 0.000 0.000 25/07/2012
0.000 0.000 0.000 0.100 0.000 0.000 0.000 0.000 0.000 0.000 0.000 0.000 0.000 0.000 0.000 1.500 0.000 0.000 0.000 0.000 1.500 0.000 0.000 0.000 0.000 1.400 0.000 0.000 0.000 0.000 26/07/2012
0.800 0.800 0.800 0.700 0.100 0.800 0.800 0.800 0.000 0.100 0.800 0.800 0.000 0.000 0.100 0.400 0.000 0.000 0.000 0.000 0.400 0.000 0.000 0.000 0.000 0.400 0.000 0.000 0.000 0.000 27/07/2012
1.200 1.300 1.300 7.900 2.300 1.300 1.300 1.300 4.200 2.300 1.300 1.300 4.200 4.300 2.300 0.900 3.700 4.200 4.300 4.300 0.900 3.700 4.200 4.200 4.200 0.900 3.600 4.200 4.200 4.300 28/07/2012
0.000 0.000 0.000 0.100 0.000 0.000 0.000 0.000 0.000 0.000 0.000 0.000 0.000 0.000 0.000 0.100 0.000 0.000 0.000 0.000 0.100 0.000 0.000 0.000 0.000 0.100 0.000 0.000 0.000 0.000 29/07/2012
0.000 0.000 0.000 0.000 0.000 0.000 0.000 0.000 0.000 0.000 0.000 0.000 0.000 0.000 0.000 0.000 0.000 0.000 0.000 0.000 0.000 0.000 0.000 0.000 0.000 0.000 0.000 0.000 0.000 0.000 30/07/2012
0.100 0.100 0.100 0.200 0.000 0.100 0.100 0.100 0.000 0.000 0.100 0.100 0.000 0.000 0.000 0.100 0.000 0.000 0.000 0.000 0.100 0.000 0.000 0.000 0.000 0.100 0.000 0.000 0.000 0.000 31/07/2012
