# 6448 6449 6450 6451 6452 6528 6529 6530 6531 6532 6610 6611 6612 6613 6614 6693 6694 6695 6696 6697 6776 6777 6778 6779 6780 6859 6860 6861 6862 6863 Date
0.000 0.000 0.000 0.400 0.100 0.000 0.000 0.000 0.000 0.100 0.000 0.000 0.000 0.000 0.100 0.000 0.000 0.000 0.000 0.000 0.000 0.000 0.000 0.000 0.000 0.000 0.000 0.000 0.000 0.000 01/08/1967
0.000 0.000 0.000 0.000 0.000 0.000 0.000 0.000 0.000 0.000 0.000 0.000 0.000 0.000 0.000 0.000 0.000 0.000 0.000 0.000 0.000 0.000 0.000 0.000 0.000 0.000 0.000 0.000 0.000 0.000 02/08/1967
0.000 0.000 0.000 0.000 0.000 0.000 0.000 0.000 0.000 0.000 0.000 0.000 0.000 0.000 0.000 0.000 0.000 0.000 0.000 0.000 0.000 0.000 0.000 0.000 0.000 0.000 0.000 0.000 0.000 0.000 03/08/1967
0.000 0.000 0.000 0.000 0.000 0.000 0.000 0.000 0.000 0.000 0.000 0.000 0.000 0.000 0.000 0.000 0.000 0.000 0.000 0.000 0.000 0.000 0.000 0.000 0.000 0.000 0.000 0.000 0.000 0.000 04/08/1967
0.000 0.000 0.000 0.000 0.000 0.000 0.000 0.000 0.000 0.000 0.000 0.000 0.000 0.000 0.000 0.000 0.000 0.000 0.000 0.000 0.000 0.000 0.000 0.000 0.000 0.000 0.000 0.000 0.000 0.000 05/08/1967
0.000 0.000 0.000 0.000 0.000 0.000 0.000 0.000 0.000 0.000 0.000 0.000 0.000 0.000 0.000 0.000 0.000 0.000 0.000 0.000 0.000 0.000 0.000 0.000 0.000 0.000 0.000 0.000 0.000 0.000 06/08/1967
3.100 3.200 3.200 3.200 0.600 3.200 3.200 3.200 0.200 0.600 3.200 3.200 0.200 0.200 0.600 4.100 2.000 0.200 0.200 0.200 4.100 2.000 0.200 0.200 0.200 4.000 2.000 0.200 0.200 0.200 07/08/1967
6.400 6.500 6.500 4.600 7.100 6.600 6.600 6.600 8.500 7.100 6.500 6.500 8.500 8.600 7.000 7.600 9.300 8.500 8.600 8.600 7.600 9.400 8.500 8.500 8.500 7.500 9.300 8.400 8.400 8.600 08/08/1967
1.900 1.900 1.900 0.300 1.800 1.900 2.000 1.900 0.600 1.800 1.900 1.900 0.600 0.600 1.800 5.700 3.700 0.600 0.600 0.600 5.600 3.700 0.600 0.600 0.600 5.500 3.700 0.600 0.600 0.600 09/08/1967
1.400 1.400 1.400 2.400 3.600 1.400 1.400 1.400 1.400 3.600 1.400 1.400 1.400 1.400 3.600 3.800 2.200 1.400 1.400 1.400 3.800 2.200 1.400 1.400 1.400 3.700 2.200 1.400 1.400 1.400 10/08/1967
1.300 1.300 1.300 0.900 0.400 1.300 1.300 1.300 0.000 0.400 1.300 1.300 0.000 0.000 0.400 0.000 0.000 0.000 0.000 0.000 0.000 0.000 0.000 0.000 0.000 0.000 0.000 0.000 0.000 0.000 11/08/1967
18.700 18.800 18.900 11.900 9.600 19.000 19.200 19.000 13.500 9.600 19.000 19.000 13.500 13.600 9.500 16.200 8.800 13.500 13.700 13.600 16.000 8.800 13.500 13.400 13.400 15.800 8.700 13.300 13.300 13.700 12/08/1967
1.700 1.700 1.700 0.400 1.900 1.700 1.700 1.700 0.500 1.900 1.700 1.700 0.500 0.500 1.900 3.100 1.800 0.500 0.500 0.500 3.100 1.800 0.500 0.500 0.500 3.100 1.800 0.500 0.500 0.500 13/08/1967
6.700 6.800 6.800 10.300 5.200 6.800 6.900 6.800 0.000 5.200 6.800 6.800 0.000 0.000 5.100 1.300 0.000 0.000 0.000 0.000 1.300 0.000 0.000 0.000 0.000 1.300 0.000 0.000 0.000 0.000 14/08/1967
0.100 0.100 0.100 0.000 1.500 0.100 0.100 0.100 6.200 1.500 0.100 0.100 6.200 6.200 1.500 1.000 1.500 6.200 6.200 6.200 1.000 1.500 6.200 6.100 6.100 0.900 1.500 6.100 6.100 6.200 15/08/1967
0.100 0.100 0.100 0.000 0.000 0.100 0.100 0.100 0.000 0.000 0.100 0.100 0.000 0.000 0.000 0.000 0.000 0.000 0.000 0.000 0.000 0.000 0.000 0.000 0.000 0.000 0.000 0.000 0.000 0.000 16/08/1967
0.000 0.000 0.000 0.000 0.000 0.000 0.000 0.000 0.000 0.000 0.000 0.000 0.000 0.000 0.000 0.000 0.000 0.000 0.000 0.000 0.000 0.000 0.000 0.000 0.000 0.000 0.000 0.000 0.000 0.000 17/08/1967
0.000 0.000 0.000 0.000 0.000 0.000 0.000 0.000 0.000 0.000 0.000 0.000 0.000 0.000 0.000 0.000 0.000 0.000 0.000 0.000 0.000 0.000 0.000 0.000 0.000 0.000 0.000 0.000 0.000 0.000 18/08/1967
0.000 0.000 0.000 0.000 0.000 0.000 0.000 0.000 0.000 0.000 0.000 0.000 0.000 0.000 0.000 0.000 0.000 0.000 0.000 0.000 0.000 0.000 0.000 0.000 0.000 0.000 0.000 0.000 0.000 0.000 19/08/1967
0.000 0.000 0.000 0.000 0.000 0.000 0.000 0.000 0.000 0.000 0.000 0.000 0.000 0.000 0.000 0.000 0.000 0.000 0.000 0.000 0.000 0.000 0.000 0.000 0.000 0.000 0.000 0.000 0.000 0.000 20/08/1967
0.000 0.000 0.000 0.000 0.000 0.000 0.000 0.000 0.000 0.000 0.000 0.000 0.000 0.000 0.000 0.000 0.000 0.000 0.000 0.000 0.000 0.000 0.000 0.000 0.000 0.000 0.000 0.000 0.000 0.000 21/08/1967
0.000 0.000 0.000 0.000 0.000 0.000 0.000 0.000 0.000 0.000 0.000 0.000 0.000 0.000 0.000 0.000 0.000 0.000 0.000 0.000 0.000 0.000 0.000 0.000 0.000 0.000 0.000 0.000 0.000 0.000 22/08/1967
0.000 0.000 0.000 0.000 0.000 0.000 0.000 0.000 0.000 0.000 0.000 0.000 0.000 0.000 0.000 0.000 0.000 0.000 0.000 0.000 0.000 0.000 0.000 0.000 0.000 0.000 0.000 0.000 0.000 0.000 23/08/1967
0.000 0.000 0.000 0.000 0.000 0.000 0.000 0.000 0.000 0.000 0.000 0.000 0.000 0.000 0.000 0.000 0.000 0.000 0.000 0.000 0.000 0.000 0.000 0.000 0.000 0.000 0.000 0.000 0.000 0.000 24/08/1967
0.000 0.000 0.000 0.000 0.000 0.000 0.000 0.000 0.000 0.000 0.000 0.000 0.000 0.000 0.000 0.000 0.000 0.000 0.000 0.000 0.000 0.000 0.000 0.000 0.000 0.000 0.000 0.000 0.000 0.000 25/08/1967
0.000 0.000 0.000 0.000 0.000 0.000 0.000 0.000 0.000 0.000 0.000 0.000 0.000 0.000 0.000 0.000 0.000 0.000 0.000 0.000 0.000 0.000 0.000 0.000 0.000 0.000 0.000 0.000 0.000 0.000 26/08/1967
0.000 0.000 0.000 0.000 0.000 0.000 0.000 0.000 0.000 0.000 0.000 0.000 0.000 0.000 0.000 0.000 0.000 0.000 0.000 0.000 0.000 0.000 0.000 0.000 0.000 0.000 0.000 0.000 0.000 0.000 27/08/1967
0.000 0.000 0.000 0.000 0.000 0.000 0.000 0.000 0.000 0.000 0.000 0.000 0.000 0.000 0.000 0.000 0.000 0.000 0.000 0.000 0.000 0.000 0.000 0.000 0.000 0.000 0.000 0.000 0.000 0.000 28/08/1967
0.400 0.400 0.400 0.000 1.600 0.400 0.400 0.400 8.400 1.600 0.400 0.400 8.400 8.500 1.600 0.900 4.800 8.400 8.500 8.500 0.900 4.900 8.400 8.400 8.400 0.900 4.800 8.300 8.300 8.500 29/08/1967
0.000 0.000 0.000 0.000 0.000 0.000 0.000 0.000 0.000 0.000 0.000 0.000 0.000 0.000 0.000 0.000 0.000 0.000 0.000 0.000 0.000 0.000 0.000 0.000 0.000 0.000 0.000 0.000 0.000 0.000 30/08/1967
0.000 0.000 0.000 0.000 0.000 0.000 0.000 0.000 0.000 0.000 0.000 0.000 0.000 0.000 0.000 0.000 0.000 0.000 0.000 0.000 0.000 0.000 0.000 0.000 0.000 0.000 0.000 0.000 0.000 0.000 31/08/1967
0.000 0.000 0.000 0.000 0.000 0.000 0.000 0.000 0.000 0.000 0.000 0.000 0.000 0.000 0.000 0.000 0.000 0.000 0.000 0.000 0.000 0.000 0.000 0.000 0.000 0.000 0.000 0.000 0.000 0.000 01/09/1967
0.000 0.000 0.000 0.000 0.000 0.000 0.000 0.000 0.000 0.000 0.000 0.000 0.000 0.000 0.000 0.000 0.000 0.000 0.000 0.000 0.000 0.000 0.000 0.000 0.000 0.000 0.000 0.000 0.000 0.000 02/09/1967
15.400 15.500 15.600 12.100 11.700 15.700 15.900 15.700 14.600 11.600 15.700 15.700 14.500 14.700 11.500 11.600 7.000 14.600 14.700 14.700 11.400 7.000 14.600 14.500 14.500 11.300 6.900 14.400 14.400 14.700 03/09/1967
0.400 0.400 0.400 0.000 0.000 0.400 0.400 0.400 0.000 0.000 0.400 0.400 0.000 0.000 0.000 0.000 0.000 0.000 0.000 0.000 0.000 0.000 0.000 0.000 0.000 0.000 0.000 0.000 0.000 0.000 04/09/1967
3.800 3.800 3.800 4.100 3.200 3.800 3.900 3.800 3.200 3.200 3.800 3.800 3.200 3.200 3.100 0.700 5.200 3.200 3.200 3.200 0.700 5.200 3.200 3.200 3.200 0.600 5.200 3.200 3.200 3.200 05/09/1967
2.500 2.500 2.500 0.900 3.900 2.600 2.600 2.600 7.400 3.800 2.600 2.500 7.400 7.400 3.800 3.600 1.900 7.400 7.500 7.500 3.600 2.000 7.400 7.400 7.400 3.600 1.900 7.300 7.300 7.500 06/09/1967
0.000 0.000 0.000 0.000 2.900 0.000 0.000 0.000 0.000 2.900 0.000 0.000 0.000 0.000 2.900 0.000 0.000 0.000 0.000 0.000 0.000 0.000 0.000 0.000 0.000 0.000 0.000 0.000 0.000 0.000 07/09/1967
0.000 0.000 0.000 0.000 0.000 0.000 0.000 0.000 0.000 0.000 0.000 0.000 0.000 0.000 0.000 0.000 0.000 0.000 0.000 0.000 0.000 0.000 0.000 0.000 0.000 0.000 0.000 0.000 0.000 0.000 08/09/1967
0.000 0.000 0.000 0.000 0.000 0.000 0.000 0.000 0.000 0.000 0.000 0.000 0.000 0.000 0.000 0.000 0.000 0.000 0.000 0.000 0.000 0.000 0.000 0.000 0.000 0.000 0.000 0.000 0.000 0.000 09/09/1967
0.000 0.000 0.000 0.000 0.000 0.000 0.000 0.000 0.000 0.000 0.000 0.000 0.000 0.000 0.000 0.000 0.000 0.000 0.000 0.000 0.000 0.000 0.000 0.000 0.000 0.000 0.000 0.000 0.000 0.000 10/09/1967
10.600 10.700 10.800 10.400 12.200 10.800 11.000 10.800 13.600 12.100 10.800 10.800 13.500 13.700 12.000 15.600 15.300 13.600 13.700 13.700 15.400 15.400 13.600 13.500 13.500 15.300 15.200 13.400 13.400 13.700 11/09/1967
3.900 3.900 3.900 7.000 6.100 3.900 4.000 3.900 2.700 6.000 3.900 3.900 2.700 2.700 6.000 6.200 3.300 2.700 2.700 2.700 6.200 3.300 2.700 2.700 2.700 6.100 3.300 2.700 2.700 2.700 12/09/1967
0.000 0.000 0.000 0.600 3.500 0.000 0.000 0.000 2.200 3.500 0.000 0.000 2.200 2.200 3.400 0.000 0.000 2.200 2.200 2.200 0.000 0.000 2.200 2.200 2.200 0.000 0.000 2.200 2.200 2.200 13/09/1967
0.400 0.400 0.400 0.000 1.600 0.400 0.400 0.400 0.000 1.600 0.400 0.400 0.000 0.000 1.600 2.800 0.900 0.000 0.000 0.000 2.800 0.900 0.000 0.000 0.000 2.800 0.900 0.000 0.000 0.000 14/09/1967
0.000 0.000 0.000 0.000 0.000 0.000 0.000 0.000 0.100 0.000 0.000 0.000 0.100 0.100 0.000 0.000 0.200 0.100 0.100 0.100 0.000 0.200 0.100 0.100 0.100 0.000 0.200 0.100 0.100 0.100 15/09/1967
0.000 0.000 0.000 0.000 0.000 0.000 0.000 0.000 0.000 0.000 0.000 0.000 0.000 0.000 0.000 0.000 0.000 0.000 0.000 0.000 0.000 0.000 0.000 0.000 0.000 0.000 0.000 0.000 0.000 0.000 16/09/1967
0.000 0.000 0.000 0.000 1.800 0.000 0.000 0.000 0.000 1.800 0.000 0.000 0.000 0.000 1.800 0.000 1.200 0.000 0.000 0.000 0.000 1.200 0.000 0.000 0.000 0.000 1.100 0.000 0.000 0.000 17/09/1967
0.100 0.100 0.100 0.100 0.000 0.100 0.100 0.100 0.000 0.000 0.100 0.100 0.000 0.000 0.000 0.100 0.500 0.000 0.000 0.000 0.100 0.500 0.000 0.000 0.000 0.100 0.500 0.000 0.000 0.000 18/09/1967
2.200 2.200 2.200 2.000 1.500 2.200 2.300 2.200 3.800 1.500 2.200 2.200 3.800 3.800 1.500 0.700 4.200 3.800 3.900 3.800 0.700 4.200 3.800 3.800 3.800 0.700 4.200 3.800 3.800 3.800 19/09/1967
5.900 5.900 6.000 5.900 6.000 6.000 6.100 6.000 6.000 6.000 6.000 6.000 6.000 6.000 6.000 5.700 3.000 6.000 6.000 6.000 5.600 3.100 6.000 5.900 5.900 5.500 3.000 5.900 5.900 6.000 20/09/1967
13.700 13.800 13.800 11.400 15.100 13.900 14.100 13.900 15.600 15.000 13.900 13.900 15.500 15.700 14.900 13.100 13.800 15.500 15.700 15.700 13.000 13.800 15.600 15.500 15.500 12.800 13.700 15.300 15.400 15.700 21/09/1967
0.000 0.000 0.000 0.000 0.000 0.000 0.000 0.000 0.000 0.000 0.000 0.000 0.000 0.000 0.000 0.000 0.000 0.000 0.000 0.000 0.000 0.000 0.000 0.000 0.000 0.000 0.000 0.000 0.000 0.000 22/09/1967
0.000 0.000 0.000 0.000 0.000 0.000 0.000 0.000 0.000 0.000 0.000 0.000 0.000 0.000 0.000 0.000 0.000 0.000 0.000 0.000 0.000 0.000 0.000 0.000 0.000 0.000 0.000 0.000 0.000 0.000 23/09/1967
0.000 0.000 0.000 0.000 0.000 0.000 0.000 0.000 0.000 0.000 0.000 0.000 0.000 0.000 0.000 0.000 0.000 0.000 0.000 0.000 0.000 0.000 0.000 0.000 0.000 0.000 0.000 0.000 0.000 0.000 24/09/1967
0.000 0.000 0.000 0.000 0.000 0.000 0.000 0.000 0.000 0.000 0.000 0.000 0.000 0.000 0.000 0.000 0.000 0.000 0.000 0.000 0.000 0.000 0.000 0.000 0.000 0.000 0.000 0.000 0.000 0.000 25/09/1967
0.000 0.000 0.000 0.000 0.100 0.000 0.000 0.000 0.000 0.100 0.000 0.000 0.000 0.000 0.100 0.000 0.000 0.000 0.000 0.000 0.000 0.000 0.000 0.000 0.000 0.000 0.000 0.000 0.000 0.000 26/09/1967
0.000 0.000 0.000 0.100 0.000 0.000 0.000 0.000 0.000 0.000 0.000 0.000 0.000 0.000 0.000 0.000 0.000 0.000 0.000 0.000 0.000 0.000 0.000 0.000 0.000 0.000 0.000 0.000 0.000 0.000 27/09/1967
0.100 0.200 0.200 0.800 0.300 0.200 0.200 0.200 0.300 0.300 0.200 0.200 0.300 0.300 0.300 0.100 0.900 0.300 0.300 0.300 0.100 0.900 0.300 0.300 0.300 0.100 0.900 0.300 0.300 0.300 28/09/1967
2.400 2.400 2.400 5.900 1.200 2.400 2.400 2.400 2.300 1.200 2.400 2.400 2.300 2.400 1.200 6.000 2.700 2.300 2.400 2.400 5.900 2.700 2.300 2.300 2.300 5.900 2.700 2.300 2.300 2.400 29/09/1967
4.100 4.100 4.200 2.200 11.400 4.200 4.200 4.200 10.500 11.400 4.200 4.200 10.500 10.600 11.300 1.300 12.600 10.500 10.600 10.600 1.100 12.700 10.500 10.500 10.400 0.900 12.600 10.300 10.400 10.600 30/09/1967
0.000 0.000 0.000 0.000 0.000 0.000 0.000 0.000 0.000 0.000 0.000 0.000 0.000 0.000 0.000 0.000 0.000 0.000 0.000 0.000 0.000 0.000 0.000 0.000 0.000 0.000 0.000 0.000 0.000 0.000 01/10/1967
10.300 10.300 10.400 8.300 11.500 10.500 10.600 10.500 13.400 11.400 10.400 10.400 13.300 13.400 11.300 15.400 9.900 13.400 13.500 13.500 15.200 9.900 13.400 13.300 13.300 15.000 9.800 13.200 13.200 13.500 02/10/1967
4.000 4.000 4.000 6.400 2.000 4.100 4.100 4.100 2.700 1.900 4.100 4.100 2.600 2.700 1.900 6.400 3.000 2.600 2.700 2.700 6.400 3.000 2.700 2.600 2.600 6.300 3.000 2.600 2.600 2.700 03/10/1967
2.900 2.900 3.000 2.300 4.400 3.000 3.000 3.000 6.800 4.400 3.000 3.000 6.800 6.800 4.300 1.500 2.800 6.800 6.900 6.800 1.500 2.800 6.800 6.700 6.700 1.500 2.800 6.700 6.700 6.900 04/10/1967
0.000 0.000 0.000 0.500 0.000 0.000 0.000 0.000 0.000 0.000 0.000 0.000 0.000 0.000 0.000 0.000 0.000 0.000 0.000 0.000 0.000 0.000 0.000 0.000 0.000 0.000 0.000 0.000 0.000 0.000 05/10/1967
0.000 0.000 0.000 0.400 0.400 0.000 0.000 0.000 0.100 0.400 0.000 0.000 0.100 0.100 0.400 0.000 0.000 0.100 0.100 0.100 0.000 0.000 0.100 0.100 0.100 0.000 0.000 0.100 0.100 0.100 06/10/1967
0.000 0.000 0.000 0.100 0.000 0.000 0.000 0.000 0.000 0.000 0.000 0.000 0.000 0.000 0.000 0.000 0.000 0.000 0.000 0.000 0.000 0.000 0.000 0.000 0.000 0.000 0.000 0.000 0.000 0.000 07/10/1967
0.000 0.000 0.000 0.000 0.000 0.000 0.000 0.000 0.000 0.000 0.000 0.000 0.000 0.000 0.000 0.000 0.000 0.000 0.000 0.000 0.000 0.000 0.000 0.000 0.000 0.000 0.000 0.000 0.000 0.000 08/10/1967
0.000 0.000 0.000 0.000 0.000 0.000 0.000 0.000 0.000 0.000 0.000 0.000 0.000 0.000 0.000 0.000 0.000 0.000 0.000 0.000 0.000 0.000 0.000 0.000 0.000 0.000 0.000 0.000 0.000 0.000 09/10/1967
0.000 0.000 0.000 0.000 0.000 0.000 0.000 0.000 0.000 0.000 0.000 0.000 0.000 0.000 0.000 0.000 0.000 0.000 0.000 0.000 0.000 0.000 0.000 0.000 0.000 0.000 0.000 0.000 0.000 0.000 10/10/1967
0.000 0.000 0.000 0.000 0.000 0.000 0.000 0.000 0.000 0.000 0.000 0.000 0.000 0.000 0.000 0.000 0.000 0.000 0.000 0.000 0.000 0.000 0.000 0.000 0.000 0.000 0.000 0.000 0.000 0.000 11/10/1967
20.700 20.800 20.900 14.000 8.400 21.100 21.300 21.100 10.800 8.300 21.000 21.000 10.700 10.800 8.300 20.600 16.700 10.800 10.900 10.900 20.400 16.700 10.800 10.700 10.700 20.200 16.600 10.600 10.600 10.900 12/10/1967
6.500 6.600 6.600 8.400 14.300 6.700 6.700 6.700 17.500 14.200 6.700 6.600 17.400 17.600 14.100 11.100 14.600 17.400 17.600 17.600 11.000 14.600 17.500 17.400 17.300 10.900 14.500 17.200 17.200 17.600 13/10/1967
1.100 1.100 1.100 2.200 0.900 1.100 1.200 1.100 0.100 0.900 1.100 1.100 0.100 0.100 0.900 0.000 0.100 0.100 0.100 0.100 0.000 0.100 0.100 0.100 0.100 0.000 0.100 0.100 0.100 0.100 14/10/1967
0.000 0.000 0.000 0.000 0.000 0.000 0.000 0.000 0.000 0.000 0.000 0.000 0.000 0.000 0.000 0.000 0.000 0.000 0.000 0.000 0.000 0.000 0.000 0.000 0.000 0.000 0.000 0.000 0.000 0.000 15/10/1967
0.000 0.000 0.000 0.000 0.000 0.000 0.000 0.000 0.000 0.000 0.000 0.000 0.000 0.000 0.000 0.000 0.000 0.000 0.000 0.000 0.000 0.000 0.000 0.000 0.000 0.000 0.000 0.000 0.000 0.000 16/10/1967
2.200 2.200 2.200 2.700 2.600 2.200 2.300 2.200 1.900 2.600 2.200 2.200 1.900 1.900 2.600 0.100 0.400 1.900 1.900 1.900 0.100 0.400 1.900 1.900 1.900 0.100 0.400 1.900 1.900 1.900 17/10/1967
0.000 0.000 0.000 0.000 0.000 0.000 0.000 0.000 0.000 0.000 0.000 0.000 0.000 0.000 0.000 0.000 0.000 0.000 0.000 0.000 0.000 0.000 0.000 0.000 0.000 0.000 0.000 0.000 0.000 0.000 18/10/1967
0.000 0.000 0.000 0.000 0.000 0.000 0.000 0.000 0.000 0.000 0.000 0.000 0.000 0.000 0.000 0.000 0.000 0.000 0.000 0.000 0.000 0.000 0.000 0.000 0.000 0.000 0.000 0.000 0.000 0.000 19/10/1967
0.000 0.000 0.000 0.000 0.000 0.000 0.000 0.000 0.000 0.000 0.000 0.000 0.000 0.000 0.000 0.000 0.000 0.000 0.000 0.000 0.000 0.000 0.000 0.000 0.000 0.000 0.000 0.000 0.000 0.000 20/10/1967
6.600 6.600 6.600 14.900 15.800 6.700 6.800 6.700 9.400 15.700 6.700 6.700 9.400 9.500 15.600 5.800 7.400 9.400 9.500 9.500 5.700 7.400 9.500 9.400 9.400 5.700 7.300 9.300 9.300 9.500 21/10/1967
0.200 0.200 0.200 0.500 3.500 0.200 0.200 0.200 0.500 3.500 0.200 0.200 0.500 0.500 3.500 0.500 2.500 0.500 0.500 0.500 0.500 2.500 0.500 0.500 0.500 0.500 2.500 0.500 0.500 0.500 22/10/1967
0.000 0.000 0.000 0.000 0.000 0.000 0.000 0.000 0.000 0.000 0.000 0.000 0.000 0.000 0.000 0.000 0.000 0.000 0.000 0.000 0.000 0.000 0.000 0.000 0.000 0.000 0.000 0.000 0.000 0.000 23/10/1967
0.000 0.000 0.000 0.000 0.000 0.000 0.000 0.000 0.000 0.000 0.000 0.000 0.000 0.000 0.000 0.000 0.000 0.000 0.000 0.000 0.000 0.000 0.000 0.000 0.000 0.000 0.000 0.000 0.000 0.000 24/10/1967
0.100 0.100 0.100 0.200 0.000 0.100 0.100 0.100 0.000 0.000 0.100 0.100 0.000 0.000 0.000 0.000 0.000 0.000 0.000 0.000 0.000 0.000 0.000 0.000 0.000 0.000 0.000 0.000 0.000 0.000 25/10/1967
8.700 8.800 8.800 6.000 11.000 8.900 9.000 8.900 10.600 10.900 8.900 8.900 10.500 10.600 10.800 10.600 2.400 10.600 10.700 10.700 10.500 2.400 10.600 10.500 10.500 10.400 2.400 10.400 10.400 10.700 26/10/1967
2.500 2.500 2.500 1.800 1.700 2.500 2.500 2.500 0.000 1.700 2.500 2.500 0.000 0.000 1.700 0.100 1.100 0.000 0.000 0.000 0.100 1.100 0.000 0.000 0.000 0.100 1.100 0.000 0.000 0.000 27/10/1967
11.100 11.100 11.200 11.600 7.600 11.300 11.400 11.300 11.800 7.600 11.300 11.200 11.700 11.900 7.500 13.200 8.600 11.800 11.900 11.900 13.100 8.600 11.800 11.700 11.700 12.900 8.500 11.600 11.600 11.900 28/10/1967
3.400 3.400 3.500 1.400 2.000 3.500 3.500 3.500 4.900 2.000 3.500 3.500 4.900 4.900 2.000 5.300 3.700 4.900 4.900 4.900 5.300 3.700 4.900 4.900 4.900 5.200 3.700 4.800 4.800 4.900 29/10/1967
9.600 9.600 9.700 11.400 7.200 9.700 9.800 9.700 5.100 7.200 9.700 9.700 5.100 5.100 7.200 19.400 9.400 5.100 5.200 5.100 19.200 9.400 5.100 5.100 5.100 19.000 9.400 5.000 5.000 5.200 30/10/1967
7.900 8.000 8.000 4.700 14.600 8.100 8.100 8.100 14.700 14.500 8.000 8.000 14.600 14.800 14.400 5.300 19.300 14.700 14.800 14.800 5.300 19.400 14.700 14.600 14.600 5.200 19.200 14.500 14.500 14.800 31/10/1967
20.400 20.500 20.600 18.500 24.500 20.800 21.000 20.800 21.700 24.300 20.800 20.700 21.600 21.800 24.100 20.700 19.900 21.700 21.900 21.900 20.500 19.900 21.700 21.600 21.600 20.300 19.800 21.300 21.400 21.900 01/11/1967
6.200 6.200 6.200 7.000 4.600 6.300 6.300 6.300 2.900 4.600 6.300 6.300 2.900 2.900 4.500 6.700 2.700 2.900 2.900 2.900 6.600 2.700 2.900 2.800 2.800 6.500 2.600 2.800 2.800 2.900 02/11/1967
2.100 2.100 2.100 4.600 1.700 2.100 2.100 2.100 0.900 1.700 2.100 2.100 0.900 1.000 1.700 5.200 0.000 0.900 1.000 1.000 5.100 0.000 0.900 0.900 0.900 5.100 0.000 0.800 0.800 1.000 03/11/1967
11.700 11.800 11.900 13.900 10.400 12.000 12.100 12.000 13.000 10.400 11.900 11.900 12.900 13.000 10.300 13.300 11.700 12.900 13.100 13.100 13.200 11.800 13.000 12.900 12.900 13.000 11.700 12.800 12.800 13.100 04/11/1967
9.500 9.600 9.600 7.000 7.400 9.700 9.800 9.700 12.700 7.300 9.700 9.700 12.700 12.800 7.300 10.300 10.200 12.700 12.800 12.800 10.200 10.300 12.700 12.600 12.600 10.100 10.200 12.500 12.500 12.800 05/11/1967
1.100 1.100 1.100 1.100 0.700 1.100 1.100 1.100 1.900 0.700 1.100 1.100 1.900 1.900 0.700 2.400 3.300 1.900 1.900 1.900 2.400 3.300 1.900 1.900 1.900 2.400 3.300 1.900 1.900 1.900 06/11/1967
0.000 0.000 0.000 0.000 0.000 0.000 0.000 0.000 0.000 0.000 0.000 0.000 0.000 0.000 0.000 0.000 0.000 0.000 0.000 0.000 0.000 0.000 0.000 0.000 0.000 0.000 0.000 0.000 0.000 0.000 07/11/1967
0.000 0.000 0.000 0.000 0.000 0.000 0.000 0.000 0.000 0.000 0.000 0.000 0.000 0.000 0.000 0.000 0.000 0.000 0.000 0.000 0.000 0.000 0.000 0.000 0.000 0.000 0.000 0.000 0.000 0.000 08/11/1967
0.000 0.000 0.000 0.000 0.000 0.000 0.000 0.000 0.000 0.000 0.000 0.000 0.000 0.000 0.000 0.000 0.000 0.000 0.000 0.000 0.000 0.000 0.000 0.000 0.000 0.000 0.000 0.000 0.000 0.000 09/11/1967
0.000 0.000 0.000 0.000 0.000 0.000 0.000 0.000 0.000 0.000 0.000 0.000 0.000 0.000 0.000 0.000 0.000 0.000 0.000 0.000 0.000 0.000 0.000 0.000 0.000 0.000 0.000 0.000 0.000 0.000 10/11/1967
0.000 0.000 0.000 0.000 0.000 0.000 0.000 0.000 0.000 0.000 0.000 0.000 0.000 0.000 0.000 0.000 0.000 0.000 0.000 0.000 0.000 0.000 0.000 0.000 0.000 0.000 0.000 0.000 0.000 0.000 11/11/1967
0.000 0.000 0.000 0.000 0.000 0.000 0.000 0.000 0.000 0.000 0.000 0.000 0.000 0.000 0.000 0.000 0.000 0.000 0.000 0.000 0.000 0.000 0.000 0.000 0.000 0.000 0.000 0.000 0.000 0.000 12/11/1967
0.000 0.000 0.000 0.000 0.000 0.000 0.000 0.000 0.000 0.000 0.000 0.000 0.000 0.000 0.000 0.000 0.000 0.000 0.000 0.000 0.000 0.000 0.000 0.000 0.000 0.000 0.000 0.000 0.000 0.000 13/11/1967
20.200 20.300 20.400 19.700 19.700 20.600 20.800 20.600 17.100 19.600 20.600 20.500 17.000 17.100 19.400 17.000 15.000 17.000 17.200 17.200 16.800 15.000 17.100 16.900 16.900 16.600 14.900 16.800 16.800 17.200 14/11/1967
0.200 0.200 0.200 0.500 3.500 0.200 0.200 0.200 2.600 3.500 0.200 0.200 2.500 2.600 3.500 0.000 0.000 2.500 2.600 2.600 0.000 0.000 2.600 2.500 2.500 0.000 0.000 2.500 2.500 2.600 15/11/1967
0.000 0.000 0.000 0.000 0.700 0.000 0.000 0.000 0.000 0.700 0.000 0.000 0.000 0.000 0.700 0.000 0.000 0.000 0.000 0.000 0.000 0.000 0.000 0.000 0.000 0.000 0.000 0.000 0.000 0.000 16/11/1967
0.000 0.000 0.000 0.100 0.000 0.000 0.000 0.000 0.000 0.000 0.000 0.000 0.000 0.000 0.000 0.000 0.000 0.000 0.000 0.000 0.000 0.000 0.000 0.000 0.000 0.000 0.000 0.000 0.000 0.000 17/11/1967
14.000 14.100 14.200 5.000 8.200 14.300 14.400 14.300 14.500 8.100 14.300 14.200 14.400 14.600 8.100 17.300 22.500 14.500 14.600 14.600 17.100 22.600 14.500 14.400 14.400 16.900 22.400 14.300 14.300 14.600 18/11/1967
0.000 0.000 0.000 0.000 0.200 0.000 0.000 0.000 0.000 0.200 0.000 0.000 0.000 0.000 0.200 0.000 0.000 0.000 0.000 0.000 0.000 0.000 0.000 0.000 0.000 0.000 0.000 0.000 0.000 0.000 19/11/1967
0.000 0.000 0.000 0.000 0.000 0.000 0.000 0.000 0.000 0.000 0.000 0.000 0.000 0.000 0.000 0.000 0.000 0.000 0.000 0.000 0.000 0.000 0.000 0.000 0.000 0.000 0.000 0.000 0.000 0.000 20/11/1967
0.000 0.000 0.000 0.000 0.000 0.000 0.000 0.000 0.000 0.000 0.000 0.000 0.000 0.000 0.000 0.000 0.000 0.000 0.000 0.000 0.000 0.000 0.000 0.000 0.000 0.000 0.000 0.000 0.000 0.000 21/11/1967
0.000 0.000 0.000 0.000 0.000 0.000 0.000 0.000 0.000 0.000 0.000 0.000 0.000 0.000 0.000 0.000 0.000 0.000 0.000 0.000 0.000 0.000 0.000 0.000 0.000 0.000 0.000 0.000 0.000 0.000 22/11/1967
0.000 0.000 0.000 0.000 0.000 0.000 0.000 0.000 0.000 0.000 0.000 0.000 0.000 0.000 0.000 0.000 0.000 0.000 0.000 0.000 0.000 0.000 0.000 0.000 0.000 0.000 0.000 0.000 0.000 0.000 23/11/1967
0.000 0.000 0.000 0.000 0.000 0.000 0.000 0.000 0.200 0.000 0.000 0.000 0.200 0.200 0.000 0.000 0.000 0.200 0.200 0.200 0.000 0.000 0.200 0.200 0.200 0.000 0.000 0.200 0.200 0.200 24/11/1967
2.000 2.000 2.100 1.500 5.100 2.100 2.100 2.100 0.300 5.100 2.100 2.100 0.300 0.300 5.000 1.800 1.100 0.300 0.300 0.300 1.800 1.100 0.300 0.300 0.300 1.800 1.000 0.300 0.300 0.300 25/11/1967
1.600 1.600 1.600 0.600 8.200 1.700 1.700 1.700 0.100 8.100 1.600 1.600 0.100 0.100 8.100 1.500 4.300 0.100 0.100 0.100 1.500 4.300 0.100 0.100 0.100 1.500 4.200 0.100 0.100 0.100 26/11/1967
1.000 1.100 1.100 1.200 0.600 1.100 1.100 1.100 6.800 0.600 1.100 1.100 6.800 6.900 0.600 1.600 1.900 6.800 6.900 6.900 1.600 1.900 6.800 6.800 6.800 1.500 1.900 6.700 6.700 6.900 27/11/1967
2.300 2.300 2.300 2.700 2.400 2.300 2.300 2.300 3.500 2.400 2.300 2.300 3.500 3.500 2.300 2.200 1.000 3.500 3.500 3.500 2.200 1.000 3.500 3.500 3.500 2.200 1.000 3.500 3.500 3.500 28/11/1967
6.800 6.900 6.900 2.300 7.600 7.000 7.000 7.000 12.800 7.500 6.900 6.900 12.800 12.900 7.500 5.500 5.800 12.800 12.900 12.900 5.400 5.800 12.800 12.700 12.700 5.400 5.700 12.600 12.600 12.900 29/11/1967
0.000 0.000 0.000 0.000 0.000 0.000 0.000 0.000 0.000 0.000 0.000 0.000 0.000 0.000 0.000 0.000 0.000 0.000 0.000 0.000 0.000 0.000 0.000 0.000 0.000 0.000 0.000 0.000 0.000 0.000 30/11/1967
0.000 0.000 0.000 0.000 0.000 0.000 0.000 0.000 0.000 0.000 0.000 0.000 0.000 0.000 0.000 0.000 0.000 0.000 0.000 0.000 0.000 0.000 0.000 0.000 0.000 0.000 0.000 0.000 0.000 0.000 01/12/1967
0.000 0.000 0.000 0.000 0.000 0.000 0.000 0.000 0.000 0.000 0.000 0.000 0.000 0.000 0.000 0.000 0.000 0.000 0.000 0.000 0.000 0.000 0.000 0.000 0.000 0.000 0.000 0.000 0.000 0.000 02/12/1967
0.000 0.000 0.000 0.000 0.000 0.000 0.000 0.000 0.000 0.000 0.000 0.000 0.000 0.000 0.000 0.000 0.000 0.000 0.000 0.000 0.000 0.000 0.000 0.000 0.000 0.000 0.000 0.000 0.000 0.000 03/12/1967
0.000 0.000 0.000 0.000 0.000 0.000 0.000 0.000 0.000 0.000 0.000 0.000 0.000 0.000 0.000 0.000 0.000 0.000 0.000 0.000 0.000 0.000 0.000 0.000 0.000 0.000 0.000 0.000 0.000 0.000 04/12/1967
0.000 0.000 0.000 0.000 0.000 0.000 0.000 0.000 0.000 0.000 0.000 0.000 0.000 0.000 0.000 0.000 0.000 0.000 0.000 0.000 0.000 0.000 0.000 0.000 0.000 0.000 0.000 0.000 0.000 0.000 05/12/1967
3.200 3.300 3.300 2.100 5.100 3.300 3.300 3.300 1.100 5.000 3.300 3.300 1.100 1.100 5.000 2.400 2.000 1.100 1.200 1.200 2.400 2.000 1.100 1.100 1.100 2.300 2.000 1.100 1.100 1.200 06/12/1967
0.000 0.000 0.000 0.000 0.300 0.000 0.000 0.000 0.000 0.400 0.000 0.000 0.000 0.000 0.500 0.000 0.000 0.000 0.000 0.000 0.000 0.000 0.000 0.000 0.000 0.000 0.000 0.000 0.000 0.000 07/12/1967
0.000 0.000 0.000 0.000 0.000 0.000 0.000 0.000 0.000 0.000 0.000 0.000 0.000 0.000 0.000 3.500 0.600 0.000 0.000 0.000 3.500 0.600 0.000 0.000 0.000 3.400 0.600 0.000 0.000 0.000 08/12/1967
0.000 0.000 0.000 0.000 0.000 0.000 0.000 0.000 0.000 0.000 0.000 0.000 0.000 0.000 0.000 0.000 0.000 0.000 0.000 0.000 0.000 0.000 0.000 0.000 0.000 0.000 0.000 0.000 0.000 0.000 09/12/1967
0.000 0.000 0.000 0.000 0.000 0.000 0.000 0.000 0.000 0.000 0.000 0.000 0.000 0.000 0.000 0.000 0.000 0.000 0.000 0.000 0.000 0.000 0.000 0.000 0.000 0.000 0.000 0.000 0.000 0.000 10/12/1967
0.000 0.000 0.000 0.000 0.000 0.000 0.000 0.000 0.000 0.000 0.000 0.000 0.000 0.000 0.000 0.000 0.000 0.000 0.000 0.000 0.000 0.000 0.000 0.000 0.000 0.000 0.000 0.000 0.000 0.000 11/12/1967
0.000 0.000 0.000 0.000 0.100 0.000 0.000 0.000 0.000 0.100 0.000 0.000 0.000 0.000 0.100 0.000 0.300 0.000 0.000 0.000 0.000 0.200 0.000 0.000 0.000 0.000 0.300 0.000 0.000 0.000 12/12/1967
0.000 0.000 0.000 0.000 0.000 0.000 0.000 0.000 0.000 0.000 0.000 0.000 0.000 0.000 0.000 0.000 0.000 0.000 0.000 0.000 0.000 0.000 0.000 0.000 0.000 0.000 0.000 0.000 0.000 0.000 13/12/1967
0.000 0.000 0.000 0.000 0.000 0.000 0.000 0.000 0.000 0.000 0.000 0.000 0.000 0.000 0.000 0.000 0.000 0.000 0.000 0.000 0.000 0.000 0.000 0.000 0.000 0.000 0.000 0.000 0.000 0.000 14/12/1967
0.000 0.000 0.000 0.000 0.000 0.000 0.000 0.000 0.000 0.000 0.000 0.000 0.000 0.000 0.000 0.000 0.300 0.000 0.000 0.000 0.000 0.300 0.000 0.000 0.000 0.000 0.300 0.000 0.000 0.000 15/12/1967
0.100 0.100 0.100 0.100 1.000 0.100 0.100 0.100 2.900 1.000 0.100 0.100 2.900 2.900 1.000 0.100 0.300 2.900 2.900 2.900 0.100 0.300 2.900 2.900 2.900 0.100 0.300 2.900 2.900 2.900 16/12/1967
0.000 0.000 0.000 0.000 0.000 0.000 0.000 0.000 0.000 0.000 0.000 0.000 0.000 0.000 0.000 0.000 0.000 0.000 0.000 0.000 0.000 0.000 0.000 0.000 0.000 0.000 0.000 0.000 0.000 0.000 17/12/1967
0.000 0.000 0.000 0.000 0.000 0.000 0.000 0.000 0.000 0.000 0.000 0.000 0.000 0.000 0.000 0.000 0.000 0.000 0.000 0.000 0.000 0.000 0.000 0.000 0.000 0.000 0.000 0.000 0.000 0.000 18/12/1967
5.600 5.600 5.600 5.800 6.100 5.700 5.700 5.700 3.200 6.100 5.700 5.700 3.200 3.200 6.100 2.900 3.400 3.200 3.200 3.200 2.800 3.400 3.200 3.100 3.100 2.800 3.400 3.100 3.100 3.200 19/12/1967
0.000 0.000 0.000 0.000 0.000 0.000 0.000 0.000 0.000 0.000 0.000 0.000 0.000 0.000 0.000 0.000 0.000 0.000 0.000 0.000 0.000 0.000 0.000 0.000 0.000 0.000 0.000 0.000 0.000 0.000 20/12/1967
0.100 0.100 0.100 0.000 1.300 0.100 0.100 0.100 0.000 1.300 0.100 0.100 0.000 0.000 1.300 0.000 0.000 0.000 0.000 0.000 0.000 0.000 0.000 0.000 0.000 0.000 0.000 0.000 0.000 0.000 21/12/1967
5.200 5.200 5.300 0.900 4.100 5.300 5.400 5.300 2.300 4.100 5.300 5.300 2.300 2.400 4.100 4.400 2.200 2.300 2.400 2.400 4.300 2.200 2.300 2.300 2.300 4.300 2.200 2.300 2.300 2.400 22/12/1967
15.300 15.400 15.500 20.200 18.100 15.600 15.700 15.600 14.000 18.100 15.500 15.500 14.000 14.100 17.900 11.900 8.800 14.000 14.200 14.200 11.700 8.900 14.100 14.000 13.900 11.600 8.800 13.800 13.800 14.200 23/12/1967
9.000 9.100 9.100 7.000 15.300 9.200 9.300 9.200 11.600 15.200 9.200 9.100 11.600 11.700 15.100 7.900 7.000 11.600 11.800 11.700 7.900 7.000 11.700 11.600 11.600 7.800 6.900 11.500 11.500 11.700 24/12/1967
8.900 9.000 9.000 11.000 13.900 9.100 9.200 9.100 4.300 13.800 9.100 9.100 4.300 4.400 13.700 13.400 8.200 4.300 4.400 4.400 13.300 8.200 4.300 4.300 4.300 13.100 8.200 4.300 4.300 4.400 25/12/1967
1.300 1.300 1.300 1.300 9.000 1.300 1.400 1.300 0.000 9.000 1.300 1.300 0.000 0.000 8.900 0.100 0.500 0.000 0.000 0.000 0.100 0.500 0.000 0.000 0.000 0.100 0.500 0.000 0.000 0.000 26/12/1967
2.200 2.200 2.200 5.100 4.700 2.200 2.200 2.200 1.000 4.700 2.200 2.200 1.000 1.000 4.600 0.800 1.000 1.000 1.000 1.000 0.800 1.000 1.000 1.000 1.000 0.800 1.000 1.000 1.000 1.000 27/12/1967
8.200 8.200 8.300 10.400 6.400 8.400 8.400 8.400 12.300 6.400 8.300 8.300 12.300 12.400 6.300 5.300 5.400 12.300 12.400 12.400 5.200 5.500 12.300 12.200 12.200 5.200 5.400 12.100 12.100 12.400 28/12/1967
0.200 0.200 0.200 0.600 7.900 0.200 0.200 0.200 4.500 7.900 0.200 0.200 4.500 4.500 7.900 0.700 0.200 4.500 4.500 4.500 0.700 0.200 4.500 4.500 4.500 0.700 0.300 4.500 4.500 4.500 29/12/1967
1.900 1.900 1.900 1.100 4.700 2.000 2.000 2.000 2.800 4.700 1.900 1.900 2.800 2.800 4.700 0.000 0.100 2.800 2.800 2.800 0.000 0.100 2.800 2.800 2.800 0.000 0.100 2.800 2.800 2.800 30/12/1967
1.400 1.300 1.300 0.700 3.700 1.200 1.200 1.200 1.900 3.700 1.300 1.300 1.900 1.900 3.600 1.100 1.100 1.900 1.900 1.900 1.200 1.100 1.900 1.900 1.900 1.300 1.100 1.900 1.900 1.900 31/12/1967
9.600 9.600 9.600 13.300 13.400 9.600 9.700 9.600 10.400 13.400 9.600 9.600 10.300 10.400 13.300 11.000 13.500 10.300 10.500 10.400 11.000 13.400 10.400 10.300 10.300 11.000 13.500 10.200 10.200 10.500 01/01/1968
4.900 4.900 5.000 5.000 4.500 5.000 5.000 5.000 7.100 4.500 5.000 5.000 7.100 7.100 4.500 6.000 3.000 7.100 7.200 7.200 6.000 3.000 7.100 7.100 7.100 5.900 3.000 7.000 7.000 7.200 02/01/1968
2.800 2.900 2.900 4.200 7.800 2.900 2.900 2.900 1.100 7.800 2.900 2.900 1.100 1.100 7.700 1.900 3.000 1.100 1.100 1.100 1.800 3.000 1.100 1.100 1.100 1.800 3.000 1.100 1.100 1.100 03/01/1968
9.400 9.400 9.500 9.700 13.200 9.500 9.600 9.500 7.700 13.100 9.500 9.500 7.700 7.700 13.000 10.400 6.600 7.700 7.800 7.800 10.300 6.600 7.700 7.700 7.700 10.200 6.500 7.600 7.600 7.800 04/01/1968
3.000 3.000 3.000 5.800 5.600 3.000 3.100 3.000 3.200 5.600 3.000 3.000 3.200 3.200 5.500 2.800 4.600 3.200 3.200 3.200 2.800 4.600 3.200 3.200 3.200 2.700 4.600 3.200 3.200 3.200 05/01/1968
15.500 15.600 15.700 23.700 28.100 15.800 16.000 15.800 27.200 28.000 15.800 15.800 27.100 27.400 27.700 23.200 17.600 27.200 27.500 27.400 23.000 17.600 27.200 27.000 27.000 22.700 17.500 26.800 26.800 27.500 06/01/1968
0.000 0.000 0.000 0.000 0.000 0.000 0.000 0.000 0.000 0.000 0.000 0.000 0.000 0.000 0.000 0.000 0.000 0.000 0.000 0.000 0.000 0.000 0.000 0.000 0.000 0.000 0.000 0.000 0.000 0.000 07/01/1968
13.400 13.500 13.500 16.600 18.500 13.600 13.800 13.600 12.800 18.400 13.600 13.600 12.800 12.900 18.200 12.900 4.900 12.800 12.900 12.900 12.700 4.900 12.800 12.700 12.700 12.600 4.800 12.600 12.600 12.900 08/01/1968
3.200 3.200 3.200 2.400 5.900 3.100 3.100 3.100 1.800 5.900 3.200 3.200 1.800 1.800 5.900 2.900 9.500 1.800 1.800 1.800 2.900 9.500 1.800 1.800 1.800 2.900 9.500 1.800 1.800 1.800 09/01/1968
0.000 0.000 0.000 0.000 0.000 0.000 0.000 0.000 0.000 0.000 0.000 0.000 0.000 0.000 0.000 0.000 0.000 0.000 0.000 0.000 0.000 0.000 0.000 0.000 0.000 0.000 0.000 0.000 0.000 0.000 10/01/1968
0.300 0.200 0.200 1.800 0.500 0.200 0.200 0.200 0.000 0.600 0.200 0.200 0.000 0.000 0.600 0.100 1.000 0.000 0.000 0.000 0.100 1.000 0.000 0.000 0.000 0.100 1.100 0.000 0.000 0.000 11/01/1968
0.100 0.100 0.100 0.000 0.000 0.100 0.000 0.100 0.500 0.000 0.100 0.100 0.600 0.500 0.000 0.500 0.100 0.500 0.400 0.500 0.600 0.100 0.500 0.600 0.600 0.700 0.100 0.700 0.600 0.400 12/01/1968
3.700 3.600 3.600 4.600 4.200 3.600 3.600 3.600 1.000 4.200 3.600 3.600 1.000 1.000 4.200 2.900 0.900 1.000 1.000 1.000 2.900 0.900 1.000 1.000 1.000 2.900 0.900 1.000 1.000 1.000 13/01/1968
0.100 0.100 0.100 0.500 1.900 0.100 0.100 0.100 8.000 1.900 0.100 0.100 8.000 8.100 1.900 0.000 0.100 8.000 8.100 8.100 0.000 0.100 8.000 8.000 8.000 0.000 0.100 7.900 7.900 8.100 14/01/1968
0.000 0.000 0.000 0.000 0.100 0.000 0.000 0.000 0.000 0.100 0.000 0.000 0.000 0.000 0.100 0.000 0.000 0.000 0.000 0.000 0.000 0.000 0.000 0.000 0.000 0.000 0.000 0.000 0.000 0.000 15/01/1968
0.100 0.100 0.100 1.600 0.000 0.100 0.100 0.100 0.000 0.000 0.100 0.100 0.000 0.000 0.000 2.300 0.000 0.000 0.000 0.000 2.300 0.000 0.000 0.000 0.000 2.300 0.000 0.000 0.000 0.000 16/01/1968
5.500 5.500 5.600 6.600 5.100 5.600 5.700 5.600 5.700 5.100 5.600 5.600 5.700 5.700 5.100 2.600 4.100 5.700 5.800 5.800 2.500 4.100 5.700 5.700 5.700 2.500 4.100 5.600 5.600 5.800 17/01/1968
0.100 0.100 0.100 0.700 0.300 0.100 0.100 0.100 0.100 0.300 0.100 0.100 0.100 0.100 0.300 0.000 0.000 0.100 0.100 0.100 0.000 0.000 0.100 0.100 0.100 0.000 0.000 0.100 0.100 0.100 18/01/1968
0.000 0.000 0.000 0.100 0.200 0.000 0.000 0.000 0.100 0.200 0.000 0.000 0.100 0.100 0.200 0.000 0.000 0.100 0.100 0.100 0.000 0.000 0.100 0.100 0.100 0.000 0.000 0.100 0.100 0.100 19/01/1968
0.000 0.000 0.000 0.000 0.000 0.000 0.000 0.000 0.000 0.000 0.000 0.000 0.000 0.000 0.000 0.000 0.000 0.000 0.000 0.000 0.000 0.000 0.000 0.000 0.000 0.000 0.000 0.000 0.000 0.000 20/01/1968
0.000 0.000 0.000 0.000 0.000 0.000 0.000 0.000 0.000 0.000 0.000 0.000 0.000 0.000 0.000 0.000 0.000 0.000 0.000 0.000 0.000 0.000 0.000 0.000 0.000 0.000 0.000 0.000 0.000 0.000 21/01/1968
0.000 0.000 0.000 0.000 0.000 0.000 0.000 0.000 0.000 0.000 0.000 0.000 0.000 0.000 0.000 0.000 0.000 0.000 0.000 0.000 0.000 0.000 0.000 0.000 0.000 0.000 0.000 0.000 0.000 0.000 22/01/1968
1.200 1.200 1.200 1.100 0.900 1.200 1.200 1.200 0.900 0.900 1.200 1.200 0.900 0.900 0.900 1.900 2.500 0.900 0.900 0.900 1.900 2.500 0.900 0.900 0.900 1.800 2.400 0.900 0.900 0.900 23/01/1968
0.000 0.000 0.000 0.000 0.000 0.000 0.000 0.000 0.000 0.000 0.000 0.000 0.000 0.000 0.000 0.000 0.000 0.000 0.000 0.000 0.000 0.000 0.000 0.000 0.000 0.000 0.000 0.000 0.000 0.000 24/01/1968
2.800 2.800 2.800 2.900 1.900 2.800 2.900 2.800 1.100 1.800 2.800 2.800 1.100 1.100 1.800 1.900 0.900 1.100 1.100 1.100 1.900 0.900 1.100 1.100 1.100 1.900 0.900 1.100 1.100 1.100 25/01/1968
0.300 0.300 0.300 1.400 2.500 0.300 0.300 0.300 2.000 2.500 0.300 0.300 2.000 2.100 2.400 0.000 0.700 2.000 2.100 2.100 0.000 0.700 2.000 2.000 2.000 0.000 0.700 2.000 2.000 2.100 26/01/1968
0.000 0.000 0.000 0.000 0.500 0.000 0.000 0.000 0.000 0.500 0.000 0.000 0.000 0.000 0.500 0.000 0.000 0.000 0.000 0.000 0.000 0.000 0.000 0.000 0.000 0.000 0.000 0.000 0.000 0.000 27/01/1968
0.000 0.000 0.000 0.000 0.000 0.000 0.000 0.000 0.000 0.000 0.000 0.000 0.000 0.000 0.000 0.700 0.500 0.000 0.000 0.000 0.700 0.500 0.000 0.000 0.000 0.600 0.600 0.000 0.000 0.000 28/01/1968
0.000 0.000 0.000 0.000 0.000 0.000 0.000 0.000 0.000 0.000 0.000 0.000 0.000 0.000 0.000 0.000 0.000 0.000 0.000 0.000 0.000 0.000 0.000 0.000 0.000 0.000 0.000 0.000 0.000 0.000 29/01/1968
0.000 0.000 0.000 0.000 0.000 0.000 0.000 0.000 0.000 0.000 0.000 0.000 0.000 0.000 0.000 0.000 0.000 0.000 0.000 0.000 0.000 0.000 0.000 0.000 0.000 0.000 0.000 0.000 0.000 0.000 30/01/1968
0.000 0.000 0.000 0.000 0.000 0.000 0.000 0.000 0.000 0.000 0.000 0.000 0.000 0.000 0.000 0.000 0.000 0.000 0.000 0.000 0.000 0.000 0.000 0.000 0.000 0.000 0.000 0.000 0.000 0.000 31/01/1968
0.100 0.100 0.100 0.100 1.900 0.100 0.100 0.100 1.900 1.900 0.100 0.100 1.900 2.000 1.900 0.000 0.700 1.900 2.000 2.000 0.000 0.700 1.900 1.900 1.900 0.000 0.700 1.900 1.900 2.000 01/02/1968
6.000 6.000 6.000 6.500 6.300 6.100 6.100 6.100 5.900 6.200 6.100 6.100 5.900 5.900 6.200 6.600 5.300 5.900 6.000 6.000 6.500 5.300 5.900 5.900 5.900 6.500 5.200 5.800 5.800 6.000 02/02/1968
0.000 0.000 0.000 0.000 0.000 0.000 0.000 0.000 1.200 0.000 0.000 0.000 1.200 1.200 0.000 0.000 0.000 1.200 1.200 1.200 0.000 0.000 1.200 1.200 1.200 0.000 0.000 1.200 1.200 1.200 03/02/1968
0.000 0.000 0.000 0.100 0.100 0.000 0.000 0.000 0.000 0.100 0.000 0.000 0.000 0.000 0.100 0.100 0.000 0.000 0.000 0.000 0.100 0.000 0.000 0.000 0.000 0.100 0.000 0.000 0.000 0.000 04/02/1968
6.400 6.400 6.500 10.200 7.300 6.500 6.600 6.500 4.900 7.200 6.500 6.500 4.800 4.900 7.200 6.800 4.300 4.800 4.900 4.900 6.800 4.300 4.900 4.800 4.800 6.700 4.300 4.800 4.800 4.900 05/02/1968
13.400 13.500 13.600 23.600 15.000 13.700 13.800 13.700 14.500 15.000 13.700 13.700 14.400 14.500 14.800 12.100 24.900 14.400 14.600 14.600 12.000 24.900 14.500 14.400 14.400 11.900 24.700 14.200 14.200 14.600 06/02/1968
14.500 14.500 14.600 16.400 11.100 14.700 14.900 14.700 6.500 11.100 14.700 14.700 6.500 6.500 11.000 16.700 7.100 6.500 6.500 6.500 16.500 7.100 6.500 6.400 6.400 16.300 7.100 6.400 6.400 6.500 07/02/1968
2.900 2.900 2.900 7.200 4.100 2.900 2.900 2.900 1.400 4.100 2.900 2.900 1.400 1.400 4.100 2.300 6.200 1.400 1.400 1.400 2.300 6.200 1.400 1.400 1.400 2.300 6.100 1.400 1.400 1.400 08/02/1968
0.100 0.100 0.100 0.400 0.100 0.100 0.100 0.100 0.000 0.100 0.100 0.100 0.000 0.000 0.100 0.000 0.000 0.000 0.000 0.000 0.000 0.000 0.000 0.000 0.000 0.000 0.000 0.000 0.000 0.000 09/02/1968
0.000 0.000 0.000 0.000 0.000 0.000 0.000 0.000 0.000 0.000 0.000 0.000 0.000 0.000 0.000 0.000 0.000 0.000 0.000 0.000 0.000 0.000 0.000 0.000 0.000 0.000 0.000 0.000 0.000 0.000 10/02/1968
4.100 4.100 4.200 1.400 4.500 4.200 4.200 4.200 3.700 4.500 4.200 4.200 3.700 3.700 4.400 2.000 3.200 3.700 3.700 3.700 2.000 3.200 3.700 3.700 3.700 2.000 3.200 3.600 3.600 3.700 11/02/1968
1.500 1.500 1.500 0.900 0.200 1.500 1.500 1.500 0.800 0.200 1.500 1.500 0.700 0.800 0.200 0.900 0.600 0.800 0.800 0.800 0.900 0.600 0.800 0.700 0.700 0.900 0.600 0.700 0.700 0.800 12/02/1968
0.000 0.000 0.000 0.000 0.600 0.000 0.000 0.000 0.200 0.600 0.000 0.000 0.200 0.200 0.600 0.000 0.000 0.200 0.200 0.200 0.000 0.000 0.200 0.200 0.200 0.000 0.000 0.200 0.200 0.200 13/02/1968
2.900 2.900 2.900 1.000 4.900 3.000 3.000 3.000 11.100 4.900 3.000 2.900 11.000 11.100 4.800 13.100 13.100 11.100 11.200 11.200 13.000 13.100 11.100 11.000 11.000 12.800 13.000 10.900 10.900 11.200 14/02/1968
6.200 6.300 6.300 7.100 0.800 6.400 6.400 6.400 3.700 0.800 6.300 6.300 3.700 3.700 0.800 9.000 5.900 3.700 3.800 3.800 8.900 6.000 3.700 3.700 3.700 8.800 5.900 3.700 3.700 3.800 15/02/1968
0.000 0.000 0.000 0.000 0.000 0.000 0.000 0.000 0.000 0.000 0.000 0.000 0.000 0.000 0.000 0.000 0.000 0.000 0.000 0.000 0.000 0.000 0.000 0.000 0.000 0.000 0.000 0.000 0.000 0.000 16/02/1968
0.000 0.000 0.000 0.000 0.000 0.000 0.000 0.000 0.000 0.000 0.000 0.000 0.000 0.000 0.000 0.000 0.000 0.000 0.000 0.000 0.000 0.000 0.000 0.000 0.000 0.000 0.000 0.000 0.000 0.000 17/02/1968
0.000 0.000 0.000 0.000 0.000 0.000 0.000 0.000 0.000 0.000 0.000 0.000 0.000 0.000 0.000 0.000 0.000 0.000 0.000 0.000 0.000 0.000 0.000 0.000 0.000 0.000 0.000 0.000 0.000 0.000 18/02/1968
10.100 10.200 10.200 10.800 12.400 10.300 10.400 10.300 4.200 12.300 10.300 10.300 4.200 4.200 12.200 1.900 3.800 4.200 4.200 4.200 1.900 3.800 4.200 4.200 4.200 1.900 3.700 4.100 4.100 4.200 19/02/1968
3.900 4.000 4.000 2.600 2.800 4.000 4.100 4.000 2.400 2.700 4.000 4.000 2.400 2.500 2.700 5.600 2.000 2.400 2.500 2.500 5.500 2.000 2.400 2.400 2.400 5.500 2.000 2.400 2.400 2.500 20/02/1968
5.100 5.100 5.100 3.600 5.300 5.200 5.200 5.200 8.200 5.300 5.200 5.200 8.200 8.300 5.200 2.800 3.700 8.200 8.300 8.300 2.800 3.700 8.200 8.200 8.200 2.700 3.700 8.100 8.100 8.300 21/02/1968
2.000 2.000 2.000 0.900 2.500 2.000 2.000 2.000 2.600 2.500 2.000 2.000 2.600 2.600 2.400 0.900 2.000 2.600 2.600 2.600 0.900 2.000 2.600 2.600 2.600 0.800 2.000 2.600 2.600 2.600 22/02/1968
0.500 0.500 0.500 0.500 0.000 0.500 0.500 0.500 0.000 0.000 0.500 0.500 0.000 0.000 0.000 0.000 0.000 0.000 0.000 0.000 0.000 0.000 0.000 0.000 0.000 0.000 0.000 0.000 0.000 0.000 23/02/1968
0.000 0.000 0.000 0.000 0.000 0.000 0.000 0.000 0.000 0.000 0.000 0.000 0.000 0.000 0.000 0.000 0.000 0.000 0.000 0.000 0.000 0.000 0.000 0.000 0.000 0.000 0.000 0.000 0.000 0.000 24/02/1968
0.000 0.000 0.000 0.000 0.000 0.000 0.000 0.000 0.000 0.000 0.000 0.000 0.000 0.000 0.000 0.000 0.000 0.000 0.000 0.000 0.000 0.000 0.000 0.000 0.000 0.000 0.000 0.000 0.000 0.000 25/02/1968
0.000 0.000 0.000 0.000 0.000 0.000 0.000 0.000 0.000 0.000 0.000 0.000 0.000 0.000 0.000 0.000 0.000 0.000 0.000 0.000 0.000 0.000 0.000 0.000 0.000 0.000 0.000 0.000 0.000 0.000 26/02/1968
0.000 0.000 0.000 0.000 0.000 0.000 0.000 0.000 0.000 0.000 0.000 0.000 0.000 0.000 0.000 0.000 0.000 0.000 0.000 0.000 0.000 0.000 0.000 0.000 0.000 0.000 0.000 0.000 0.000 0.000 27/02/1968
0.000 0.000 0.000 0.000 0.000 0.000 0.000 0.000 0.000 0.000 0.000 0.000 0.000 0.000 0.000 0.000 0.000 0.000 0.000 0.000 0.000 0.000 0.000 0.000 0.000 0.000 0.000 0.000 0.000 0.000 28/02/1968
0.000 0.000 0.000 0.000 0.000 0.000 0.000 0.000 0.000 0.000 0.000 0.000 0.000 0.000 0.000 0.000 0.000 0.000 0.000 0.000 0.000 0.000 0.000 0.000 0.000 0.000 0.000 0.000 0.000 0.000 29/02/1968
0.000 0.000 0.000 0.000 0.000 0.000 0.000 0.000 0.000 0.000 0.000 0.000 0.000 0.000 0.000 0.000 0.000 0.000 0.000 0.000 0.000 0.000 0.000 0.000 0.000 0.000 0.000 0.000 0.000 0.000 01/03/1968
0.000 0.000 0.000 0.000 0.000 0.000 0.000 0.000 0.000 0.000 0.000 0.000 0.000 0.000 0.000 0.000 0.000 0.000 0.000 0.000 0.000 0.000 0.000 0.000 0.000 0.000 0.000 0.000 0.000 0.000 02/03/1968
0.000 0.000 0.000 0.000 0.000 0.000 0.000 0.000 0.000 0.000 0.000 0.000 0.000 0.000 0.000 0.000 0.000 0.000 0.000 0.000 0.000 0.000 0.000 0.000 0.000 0.000 0.000 0.000 0.000 0.000 03/03/1968
0.000 0.000 0.000 0.000 0.000 0.000 0.000 0.000 0.000 0.000 0.000 0.000 0.000 0.000 0.000 0.000 0.000 0.000 0.000 0.000 0.000 0.000 0.000 0.000 0.000 0.000 0.000 0.000 0.000 0.000 04/03/1968
0.000 0.000 0.000 0.000 0.000 0.000 0.000 0.000 0.000 0.000 0.000 0.000 0.000 0.000 0.000 0.000 0.000 0.000 0.000 0.000 0.000 0.000 0.000 0.000 0.000 0.000 0.000 0.000 0.000 0.000 05/03/1968
0.600 0.600 0.600 0.400 0.600 0.600 0.600 0.600 1.200 0.600 0.600 0.600 1.200 1.200 0.600 0.000 0.700 1.200 1.200 1.200 0.000 0.700 1.200 1.200 1.200 0.000 0.700 1.200 1.200 1.200 06/03/1968
0.600 0.500 0.500 0.700 0.300 0.400 0.400 0.400 0.100 0.300 0.500 0.500 0.100 0.100 0.400 0.100 0.400 0.100 0.100 0.100 0.100 0.400 0.100 0.100 0.100 0.100 0.400 0.100 0.100 0.100 07/03/1968
0.000 0.000 0.000 0.000 0.000 0.000 0.000 0.000 0.000 0.000 0.000 0.000 0.000 0.000 0.000 0.000 0.000 0.000 0.000 0.000 0.000 0.000 0.000 0.000 0.000 0.000 0.000 0.000 0.000 0.000 08/03/1968
0.000 0.000 0.000 0.000 0.000 0.000 0.000 0.000 0.000 0.000 0.000 0.000 0.000 0.000 0.000 0.000 0.000 0.000 0.000 0.000 0.000 0.000 0.000 0.000 0.000 0.000 0.000 0.000 0.000 0.000 09/03/1968
0.000 0.000 0.000 0.000 0.000 0.000 0.000 0.000 0.000 0.000 0.000 0.000 0.000 0.000 0.000 0.000 0.000 0.000 0.000 0.000 0.000 0.000 0.000 0.000 0.000 0.000 0.000 0.000 0.000 0.000 10/03/1968
0.000 0.000 0.000 0.000 0.000 0.000 0.000 0.000 0.000 0.000 0.000 0.000 0.000 0.000 0.000 0.000 0.000 0.000 0.000 0.000 0.000 0.000 0.000 0.000 0.000 0.000 0.000 0.000 0.000 0.000 11/03/1968
0.000 0.000 0.000 0.000 0.000 0.000 0.000 0.000 0.000 0.000 0.000 0.000 0.000 0.000 0.000 0.000 0.000 0.000 0.000 0.000 0.000 0.000 0.000 0.000 0.000 0.000 0.000 0.000 0.000 0.000 12/03/1968
0.000 0.000 0.000 0.000 0.000 0.000 0.000 0.000 0.000 0.000 0.000 0.000 0.000 0.000 0.000 0.000 0.000 0.000 0.000 0.000 0.000 0.000 0.000 0.000 0.000 0.000 0.000 0.000 0.000 0.000 13/03/1968
0.000 0.000 0.000 0.100 0.000 0.000 0.000 0.000 0.100 0.000 0.000 0.000 0.100 0.100 0.000 0.000 0.000 0.100 0.100 0.100 0.000 0.000 0.100 0.100 0.100 0.000 0.000 0.100 0.100 0.100 14/03/1968
6.600 6.700 6.700 7.300 12.300 6.700 6.800 6.700 8.800 12.200 6.700 6.700 8.800 8.900 12.100 11.700 11.600 8.800 8.900 8.900 11.600 11.600 8.800 8.800 8.800 11.500 11.500 8.700 8.700 8.900 15/03/1968
0.100 0.100 0.100 0.200 0.100 0.100 0.100 0.100 0.000 0.100 0.100 0.100 0.000 0.000 0.100 0.000 0.000 0.000 0.000 0.000 0.000 0.000 0.000 0.000 0.000 0.000 0.000 0.000 0.000 0.000 16/03/1968
2.300 2.300 2.300 3.300 4.100 2.300 2.300 2.300 1.800 4.100 2.300 2.300 1.800 1.800 4.000 0.900 1.200 1.800 1.800 1.800 0.900 1.200 1.800 1.800 1.800 0.900 1.200 1.800 1.800 1.800 17/03/1968
0.300 0.300 0.300 0.500 0.600 0.300 0.300 0.300 0.300 0.600 0.300 0.300 0.300 0.300 0.600 0.100 0.300 0.300 0.300 0.300 0.100 0.300 0.300 0.300 0.300 0.100 0.300 0.300 0.300 0.300 18/03/1968
0.300 0.300 0.300 0.200 0.000 0.300 0.300 0.300 0.000 0.000 0.300 0.300 0.000 0.000 0.000 0.000 0.000 0.000 0.000 0.000 0.000 0.000 0.000 0.000 0.000 0.000 0.000 0.000 0.000 0.000 19/03/1968
2.000 2.000 2.000 6.900 1.200 2.000 2.000 2.000 1.800 1.200 2.000 2.000 1.800 1.800 1.200 5.300 2.300 1.800 1.800 1.800 5.300 2.300 1.800 1.800 1.800 5.200 2.300 1.800 1.800 1.800 20/03/1968
10.600 10.700 10.700 8.600 7.600 10.800 10.900 10.800 7.800 7.600 10.800 10.800 7.700 7.800 7.500 5.200 4.900 7.700 7.800 7.800 5.200 4.900 7.800 7.700 7.700 5.100 4.900 7.600 7.700 7.800 21/03/1968
5.300 5.400 5.400 2.800 5.400 5.400 5.500 5.400 6.800 5.400 5.400 5.400 6.800 6.800 5.300 5.900 3.100 6.800 6.900 6.800 5.900 3.100 6.800 6.700 6.700 5.800 3.100 6.700 6.700 6.900 22/03/1968
0.000 0.000 0.000 0.000 0.000 0.000 0.000 0.000 0.000 0.000 0.000 0.000 0.000 0.000 0.000 0.000 0.000 0.000 0.000 0.000 0.000 0.000 0.000 0.000 0.000 0.000 0.000 0.000 0.000 0.000 23/03/1968
0.100 0.100 0.100 0.400 0.000 0.100 0.100 0.100 0.000 0.000 0.100 0.100 0.000 0.000 0.000 0.000 0.000 0.000 0.000 0.000 0.000 0.000 0.000 0.000 0.000 0.000 0.000 0.000 0.000 0.000 24/03/1968
14.000 14.100 14.200 16.100 2.500 14.300 14.400 14.300 6.100 2.500 14.300 14.200 6.100 6.100 2.500 12.900 4.500 6.100 6.100 6.100 12.700 4.500 6.100 6.000 6.000 12.600 4.500 6.000 6.000 6.100 25/03/1968
0.000 0.000 0.000 0.000 0.000 0.000 0.000 0.000 0.000 0.000 0.000 0.000 0.000 0.000 0.000 0.000 1.100 0.000 0.000 0.000 0.000 1.100 0.000 0.000 0.000 0.000 1.100 0.000 0.000 0.000 26/03/1968
0.000 0.000 0.000 0.000 0.000 0.000 0.000 0.000 0.000 0.000 0.000 0.000 0.000 0.000 0.000 0.000 0.000 0.000 0.000 0.000 0.000 0.000 0.000 0.000 0.000 0.000 0.000 0.000 0.000 0.000 27/03/1968
0.000 0.000 0.000 0.000 0.000 0.000 0.000 0.000 0.000 0.000 0.000 0.000 0.000 0.000 0.000 0.000 0.000 0.000 0.000 0.000 0.000 0.000 0.000 0.000 0.000 0.000 0.000 0.000 0.000 0.000 28/03/1968
0.000 0.000 0.000 0.000 0.000 0.000 0.000 0.000 0.000 0.000 0.000 0.000 0.000 0.000 0.000 0.000 0.000 0.000 0.000 0.000 0.000 0.000 0.000 0.000 0.000 0.000 0.000 0.000 0.000 0.000 29/03/1968
0.100 0.100 0.100 0.000 0.000 0.100 0.100 0.100 0.000 0.000 0.100 0.100 0.000 0.000 0.000 0.000 0.000 0.000 0.000 0.000 0.000 0.000 0.000 0.000 0.000 0.000 0.000 0.000 0.000 0.000 30/03/1968
0.000 0.000 0.000 0.000 0.000 0.000 0.000 0.000 0.000 0.000 0.000 0.000 0.000 0.000 0.000 0.000 0.000 0.000 0.000 0.000 0.000 0.000 0.000 0.000 0.000 0.000 0.000 0.000 0.000 0.000 31/03/1968
0.000 0.000 0.000 0.000 0.000 0.000 0.000 0.000 0.000 0.000 0.000 0.000 0.000 0.000 0.000 0.000 0.000 0.000 0.000 0.000 0.000 0.000 0.000 0.000 0.000 0.000 0.000 0.000 0.000 0.000 01/04/1968
4.800 4.800 4.800 3.200 6.300 4.900 4.900 4.900 4.300 6.300 4.900 4.900 4.300 4.300 6.200 9.800 3.700 4.300 4.300 4.300 9.700 3.700 4.300 4.300 4.300 9.600 3.600 4.200 4.200 4.300 02/04/1968
1.700 1.700 1.700 1.300 0.900 1.700 1.700 1.700 0.100 0.900 1.700 1.700 0.100 0.100 0.900 1.300 0.000 0.100 0.100 0.100 1.300 0.000 0.100 0.100 0.100 1.300 0.000 0.100 0.100 0.100 03/04/1968
12.500 12.600 12.700 17.700 13.300 12.800 12.900 12.800 9.500 13.200 12.700 12.700 9.500 9.500 13.100 13.400 11.700 9.500 9.600 9.600 13.300 11.700 9.500 9.400 9.400 13.100 11.600 9.300 9.400 9.600 04/04/1968
35.600 35.900 36.000 34.900 26.900 36.300 36.700 36.300 22.000 26.800 36.300 36.200 21.900 22.100 26.600 32.900 17.200 21.900 22.200 22.100 32.500 17.200 22.000 21.800 21.800 32.200 17.100 21.600 21.600 22.200 05/04/1968
9.200 9.100 9.000 5.900 7.400 8.800 8.500 8.800 7.800 7.400 8.800 8.800 7.900 7.700 7.300 9.600 4.600 7.800 7.600 7.600 9.700 4.400 7.800 7.900 7.900 9.800 4.900 8.100 8.100 7.600 06/04/1968
1.900 1.900 1.900 1.000 0.900 2.000 2.000 2.000 1.700 0.900 1.900 1.900 1.700 1.700 0.900 0.000 3.900 1.700 1.800 1.800 0.000 4.000 1.700 1.700 1.700 0.000 3.900 1.700 1.700 1.800 07/04/1968
0.000 0.000 0.000 0.000 0.000 0.000 0.000 0.000 0.000 0.000 0.000 0.000 0.000 0.000 0.000 0.000 0.000 0.000 0.000 0.000 0.000 0.000 0.000 0.000 0.000 0.000 0.000 0.000 0.000 0.000 08/04/1968
0.000 0.000 0.000 0.000 0.000 0.000 0.000 0.000 0.000 0.000 0.000 0.000 0.000 0.000 0.000 0.000 0.000 0.000 0.000 0.000 0.000 0.000 0.000 0.000 0.000 0.000 0.000 0.000 0.000 0.000 09/04/1968
0.000 0.000 0.000 0.000 0.000 0.000 0.000 0.000 0.000 0.000 0.000 0.000 0.000 0.000 0.000 0.000 0.000 0.000 0.000 0.000 0.000 0.000 0.000 0.000 0.000 0.000 0.000 0.000 0.000 0.000 10/04/1968
0.000 0.000 0.000 0.000 0.000 0.000 0.000 0.000 0.000 0.000 0.000 0.000 0.000 0.000 0.000 0.000 0.000 0.000 0.000 0.000 0.000 0.000 0.000 0.000 0.000 0.000 0.000 0.000 0.000 0.000 11/04/1968
0.000 0.000 0.000 0.000 0.000 0.000 0.000 0.000 0.000 0.000 0.000 0.000 0.000 0.000 0.000 0.000 0.000 0.000 0.000 0.000 0.000 0.000 0.000 0.000 0.000 0.000 0.000 0.000 0.000 0.000 12/04/1968
0.000 0.000 0.000 0.000 0.000 0.000 0.000 0.000 0.000 0.000 0.000 0.000 0.000 0.000 0.000 0.000 0.000 0.000 0.000 0.000 0.000 0.000 0.000 0.000 0.000 0.000 0.000 0.000 0.000 0.000 13/04/1968
0.000 0.000 0.000 0.100 0.100 0.000 0.000 0.000 0.000 0.100 0.000 0.000 0.000 0.000 0.100 0.000 0.000 0.000 0.000 0.000 0.000 0.000 0.000 0.000 0.000 0.000 0.000 0.000 0.000 0.000 14/04/1968
0.000 0.000 0.000 0.000 0.000 0.000 0.000 0.000 0.000 0.000 0.000 0.000 0.000 0.000 0.000 0.000 0.000 0.000 0.000 0.000 0.000 0.000 0.000 0.000 0.000 0.000 0.000 0.000 0.000 0.000 15/04/1968
0.000 0.000 0.000 0.000 0.000 0.000 0.000 0.000 0.000 0.000 0.000 0.000 0.000 0.000 0.000 0.000 0.000 0.000 0.000 0.000 0.000 0.000 0.000 0.000 0.000 0.000 0.000 0.000 0.000 0.000 16/04/1968
0.000 0.000 0.000 0.000 0.000 0.000 0.000 0.000 0.000 0.000 0.000 0.000 0.000 0.000 0.000 0.000 0.000 0.000 0.000 0.000 0.000 0.000 0.000 0.000 0.000 0.000 0.000 0.000 0.000 0.000 17/04/1968
2.400 2.400 2.400 2.800 0.600 2.400 2.400 2.400 1.200 0.600 2.400 2.400 1.200 1.200 0.600 5.700 1.500 1.200 1.200 1.200 5.600 1.500 1.200 1.200 1.200 5.500 1.500 1.200 1.200 1.200 18/04/1968
0.000 0.000 0.000 0.000 0.000 0.000 0.000 0.000 0.000 0.000 0.000 0.000 0.000 0.000 0.000 0.000 0.000 0.000 0.000 0.000 0.000 0.000 0.000 0.000 0.000 0.000 0.000 0.000 0.000 0.000 19/04/1968
0.100 0.100 0.100 0.100 0.500 0.100 0.100 0.100 0.100 0.500 0.100 0.100 0.100 0.100 0.500 0.900 0.000 0.100 0.100 0.100 0.900 0.000 0.100 0.100 0.100 0.900 0.000 0.100 0.100 0.100 20/04/1968
3.600 3.600 3.600 4.100 0.600 3.700 3.700 3.700 1.400 0.600 3.700 3.700 1.400 1.400 0.600 4.800 0.200 1.400 1.400 1.400 4.700 0.200 1.400 1.400 1.400 4.700 0.200 1.400 1.400 1.400 21/04/1968
10.200 10.200 10.300 9.200 5.200 10.400 10.500 10.400 4.600 5.200 10.300 10.300 4.600 4.700 5.100 9.500 8.200 4.600 4.700 4.700 9.400 8.200 4.600 4.600 4.600 9.300 8.200 4.600 4.600 4.700 22/04/1968
0.100 0.100 0.100 0.300 1.700 0.100 0.100 0.100 0.000 1.600 0.100 0.100 0.000 0.000 1.600 0.000 1.000 0.000 0.000 0.000 0.000 1.000 0.000 0.000 0.000 0.000 1.000 0.000 0.000 0.000 23/04/1968
0.000 0.000 0.000 0.000 0.000 0.000 0.000 0.000 0.000 0.000 0.000 0.000 0.000 0.000 0.000 0.000 0.000 0.000 0.000 0.000 0.000 0.000 0.000 0.000 0.000 0.000 0.000 0.000 0.000 0.000 24/04/1968
0.000 0.000 0.000 0.000 0.000 0.000 0.000 0.000 0.000 0.000 0.000 0.000 0.000 0.000 0.000 0.000 0.000 0.000 0.000 0.000 0.000 0.000 0.000 0.000 0.000 0.000 0.000 0.000 0.000 0.000 25/04/1968
0.000 0.000 0.000 0.000 0.000 0.000 0.000 0.000 0.000 0.000 0.000 0.000 0.000 0.000 0.000 0.000 0.000 0.000 0.000 0.000 0.000 0.000 0.000 0.000 0.000 0.000 0.000 0.000 0.000 0.000 26/04/1968
7.000 7.000 7.000 5.300 6.100 7.100 7.200 7.100 3.500 6.100 7.100 7.100 3.500 3.500 6.000 7.000 2.500 3.500 3.500 3.500 6.900 2.500 3.500 3.500 3.500 6.800 2.500 3.500 3.500 3.500 27/04/1968
8.100 8.100 8.200 7.600 8.100 8.300 8.300 8.300 14.700 8.000 8.200 8.200 14.600 14.700 7.900 12.700 9.700 14.600 14.800 14.800 12.500 9.800 14.700 14.600 14.600 12.400 9.700 14.400 14.400 14.800 28/04/1968
13.400 13.500 13.600 27.700 9.100 13.700 13.800 13.700 18.600 9.000 13.600 13.600 18.600 18.700 8.900 10.900 4.800 18.600 18.800 18.800 10.800 4.900 18.700 18.500 18.500 10.700 4.800 18.300 18.400 18.800 29/04/1968
9.400 9.500 9.500 7.200 6.300 9.600 9.700 9.600 2.800 6.300 9.600 9.600 2.800 2.800 6.200 6.200 2.900 2.800 2.800 2.800 6.200 3.000 2.800 2.800 2.800 6.100 2.900 2.800 2.800 2.800 30/04/1968
12.900 13.000 13.100 12.000 13.000 13.200 13.300 13.200 13.800 13.000 13.100 13.100 13.800 13.900 12.900 13.200 8.100 13.800 14.000 13.900 13.100 8.100 13.800 13.800 13.700 12.900 8.000 13.600 13.600 14.000 01/05/1968
2.800 2.800 2.800 0.100 1.800 2.800 2.800 2.800 0.400 1.700 2.800 2.800 0.400 0.400 1.700 4.600 1.500 0.400 0.400 0.400 4.600 1.500 0.400 0.400 0.400 4.500 1.500 0.400 0.400 0.400 02/05/1968
11.000 11.100 11.100 28.800 12.200 11.200 11.300 11.200 16.500 12.100 11.200 11.200 16.400 16.600 12.000 9.900 13.200 16.500 16.600 16.600 9.800 13.200 16.500 16.400 16.400 9.700 13.100 16.200 16.300 16.600 03/05/1968
4.600 4.600 4.600 7.200 5.800 4.700 4.700 4.700 2.600 5.800 4.700 4.700 2.600 2.600 5.800 5.200 7.000 2.600 2.600 2.600 5.100 7.100 2.600 2.600 2.600 5.000 7.000 2.600 2.600 2.600 04/05/1968
2.800 2.800 2.800 1.200 3.400 2.800 2.900 2.800 5.800 3.400 2.800 2.800 5.800 5.900 3.400 4.300 4.500 5.800 5.900 5.900 4.300 4.500 5.800 5.800 5.800 4.200 4.400 5.700 5.700 5.900 05/05/1968
5.000 5.000 5.000 7.400 5.600 5.100 5.100 5.100 6.600 5.600 5.100 5.100 6.600 6.700 5.500 7.000 4.900 6.600 6.700 6.700 6.900 5.000 6.600 6.600 6.600 6.900 4.900 6.500 6.500 6.700 06/05/1968
6.500 6.500 6.500 4.400 6.700 6.600 6.600 6.600 6.000 6.700 6.600 6.600 6.000 6.000 6.600 5.200 0.700 6.000 6.100 6.000 5.100 0.700 6.000 6.000 6.000 5.100 0.700 5.900 6.000 6.100 07/05/1968
3.000 3.000 3.000 1.600 2.300 3.000 3.000 3.000 3.500 2.300 3.000 3.000 3.500 3.600 2.300 5.800 2.300 3.500 3.600 3.600 5.700 2.300 3.500 3.500 3.500 5.700 2.300 3.500 3.500 3.600 08/05/1968
0.300 0.300 0.300 0.300 1.000 0.300 0.300 0.300 0.200 1.000 0.300 0.300 0.200 0.200 1.000 0.000 3.800 0.200 0.200 0.200 0.000 3.900 0.200 0.200 0.200 0.000 3.800 0.200 0.200 0.200 09/05/1968
0.000 0.000 0.000 0.000 0.000 0.000 0.000 0.000 0.000 0.000 0.000 0.000 0.000 0.000 0.000 0.000 0.000 0.000 0.000 0.000 0.000 0.000 0.000 0.000 0.000 0.000 0.000 0.000 0.000 0.000 10/05/1968
0.200 0.200 0.200 0.200 0.000 0.200 0.200 0.200 0.600 0.000 0.200 0.200 0.600 0.600 0.000 0.000 1.100 0.600 0.600 0.600 0.000 1.100 0.600 0.600 0.600 0.000 1.100 0.600 0.600 0.600 11/05/1968
0.000 0.000 0.000 0.000 0.000 0.000 0.000 0.000 0.000 0.000 0.000 0.000 0.000 0.000 0.000 0.000 0.000 0.000 0.000 0.000 0.000 0.000 0.000 0.000 0.000 0.000 0.000 0.000 0.000 0.000 12/05/1968
0.000 0.000 0.000 0.000 0.000 0.000 0.000 0.000 0.000 0.000 0.000 0.000 0.000 0.000 0.000 0.000 0.000 0.000 0.000 0.000 0.000 0.000 0.000 0.000 0.000 0.000 0.000 0.000 0.000 0.000 13/05/1968
0.000 0.000 0.000 0.000 0.000 0.000 0.000 0.000 0.000 0.000 0.000 0.000 0.000 0.000 0.000 0.000 0.000 0.000 0.000 0.000 0.000 0.000 0.000 0.000 0.000 0.000 0.000 0.000 0.000 0.000 14/05/1968
0.000 0.000 0.000 0.000 0.000 0.000 0.000 0.000 0.000 0.000 0.000 0.000 0.000 0.000 0.000 0.000 0.000 0.000 0.000 0.000 0.000 0.000 0.000 0.000 0.000 0.000 0.000 0.000 0.000 0.000 15/05/1968
0.000 0.000 0.000 0.000 0.000 0.000 0.000 0.000 0.000 0.000 0.000 0.000 0.000 0.000 0.000 0.000 0.000 0.000 0.000 0.000 0.000 0.000 0.000 0.000 0.000 0.000 0.000 0.000 0.000 0.000 16/05/1968
0.000 0.000 0.000 0.000 0.000 0.000 0.000 0.000 0.000 0.000 0.000 0.000 0.000 0.000 0.000 0.000 0.000 0.000 0.000 0.000 0.000 0.000 0.000 0.000 0.000 0.000 0.000 0.000 0.000 0.000 17/05/1968
0.000 0.000 0.000 0.000 0.000 0.000 0.000 0.000 0.000 0.000 0.000 0.000 0.000 0.000 0.000 0.000 0.000 0.000 0.000 0.000 0.000 0.000 0.000 0.000 0.000 0.000 0.000 0.000 0.000 0.000 18/05/1968
0.000 0.000 0.000 0.000 0.500 0.000 0.000 0.000 0.000 0.500 0.000 0.000 0.000 0.000 0.500 0.000 0.000 0.000 0.000 0.000 0.000 0.000 0.000 0.000 0.000 0.000 0.000 0.000 0.000 0.000 19/05/1968
0.000 0.000 0.000 0.000 0.100 0.000 0.000 0.000 0.000 0.100 0.000 0.000 0.000 0.000 0.100 0.000 0.000 0.000 0.000 0.000 0.000 0.000 0.000 0.000 0.000 0.000 0.000 0.000 0.000 0.000 20/05/1968
0.000 0.000 0.000 0.000 0.000 0.000 0.000 0.000 0.000 0.000 0.000 0.000 0.000 0.000 0.000 0.000 0.000 0.000 0.000 0.000 0.000 0.000 0.000 0.000 0.000 0.000 0.000 0.000 0.000 0.000 21/05/1968
0.000 0.000 0.000 0.000 0.000 0.000 0.000 0.000 0.000 0.000 0.000 0.000 0.000 0.000 0.000 0.000 0.000 0.000 0.000 0.000 0.000 0.000 0.000 0.000 0.000 0.000 0.000 0.000 0.000 0.000 22/05/1968
0.000 0.000 0.000 0.500 0.000 0.000 0.000 0.000 0.000 0.000 0.000 0.000 0.000 0.000 0.000 0.000 0.000 0.000 0.000 0.000 0.000 0.000 0.000 0.000 0.000 0.000 0.000 0.000 0.000 0.000 23/05/1968
8.400 8.500 8.500 6.800 28.700 8.600 8.700 8.600 15.700 28.500 8.600 8.500 15.700 15.800 28.300 10.100 16.300 15.700 15.900 15.900 10.000 16.400 15.700 15.600 15.600 9.900 16.200 15.500 15.500 15.900 24/05/1968
0.000 0.000 0.000 0.100 0.300 0.000 0.000 0.000 0.100 0.300 0.000 0.000 0.100 0.100 0.300 0.000 0.000 0.100 0.100 0.100 0.000 0.000 0.100 0.100 0.100 0.000 0.000 0.100 0.100 0.100 25/05/1968
3.300 3.300 3.300 2.200 2.100 3.400 3.400 3.400 3.700 2.100 3.400 3.400 3.700 3.700 2.100 4.400 3.900 3.700 3.700 3.700 4.400 3.900 3.700 3.700 3.700 4.300 3.800 3.600 3.600 3.700 26/05/1968
0.100 0.100 0.100 0.000 0.000 0.100 0.100 0.100 0.000 0.000 0.100 0.100 0.000 0.000 0.000 1.700 1.900 0.000 0.000 0.000 1.700 1.900 0.000 0.000 0.000 1.700 1.900 0.000 0.000 0.000 27/05/1968
0.000 0.000 0.000 0.500 0.400 0.000 0.000 0.000 0.100 0.300 0.000 0.000 0.100 0.100 0.300 0.000 0.000 0.100 0.100 0.100 0.000 0.000 0.100 0.100 0.100 0.000 0.000 0.100 0.100 0.100 28/05/1968
0.000 0.000 0.000 0.000 0.900 0.000 0.000 0.000 0.400 0.900 0.000 0.000 0.300 0.400 0.900 0.000 8.600 0.400 0.400 0.400 0.000 8.600 0.400 0.300 0.300 0.000 8.500 0.300 0.300 0.400 29/05/1968
0.000 0.000 0.000 0.000 0.000 0.000 0.000 0.000 0.000 0.000 0.000 0.000 0.000 0.000 0.000 0.000 0.000 0.000 0.000 0.000 0.000 0.000 0.000 0.000 0.000 0.000 0.000 0.000 0.000 0.000 30/05/1968
0.000 0.000 0.000 0.000 0.000 0.000 0.000 0.000 0.000 0.000 0.000 0.000 0.000 0.000 0.000 0.000 0.000 0.000 0.000 0.000 0.000 0.000 0.000 0.000 0.000 0.000 0.000 0.000 0.000 0.000 31/05/1968
0.000 0.000 0.000 0.000 0.000 0.000 0.000 0.000 0.000 0.000 0.000 0.000 0.000 0.000 0.000 0.000 0.000 0.000 0.000 0.000 0.000 0.000 0.000 0.000 0.000 0.000 0.000 0.000 0.000 0.000 01/06/1968
5.400 5.400 5.400 8.500 7.100 5.500 5.500 5.500 8.500 7.000 5.400 5.400 8.500 8.600 7.000 3.400 1.500 8.500 8.600 8.600 3.300 1.500 8.500 8.500 8.500 3.300 1.500 8.400 8.400 8.600 02/06/1968
4.000 4.000 4.000 3.300 3.300 4.000 4.100 4.000 5.100 3.300 4.000 4.000 5.100 5.100 3.200 4.700 0.500 5.100 5.200 5.100 4.700 0.500 5.100 5.100 5.100 4.600 0.500 5.000 5.000 5.200 03/06/1968
0.000 0.000 0.000 0.100 0.000 0.000 0.000 0.000 0.000 0.000 0.000 0.000 0.000 0.000 0.000 0.000 0.000 0.000 0.000 0.000 0.000 0.000 0.000 0.000 0.000 0.000 0.000 0.000 0.000 0.000 04/06/1968
0.000 0.000 0.000 0.000 0.000 0.000 0.000 0.000 0.000 0.000 0.000 0.000 0.000 0.000 0.000 0.000 0.000 0.000 0.000 0.000 0.000 0.000 0.000 0.000 0.000 0.000 0.000 0.000 0.000 0.000 05/06/1968
0.000 0.000 0.000 0.000 0.000 0.000 0.000 0.000 0.000 0.000 0.000 0.000 0.000 0.000 0.000 0.000 0.000 0.000 0.000 0.000 0.000 0.000 0.000 0.000 0.000 0.000 0.000 0.000 0.000 0.000 06/06/1968
0.000 0.000 0.000 0.000 0.000 0.000 0.000 0.000 0.000 0.000 0.000 0.000 0.000 0.000 0.000 0.000 0.000 0.000 0.000 0.000 0.000 0.000 0.000 0.000 0.000 0.000 0.000 0.000 0.000 0.000 07/06/1968
0.000 0.000 0.000 0.000 0.000 0.000 0.000 0.000 0.000 0.000 0.000 0.000 0.000 0.000 0.000 0.000 0.000 0.000 0.000 0.000 0.000 0.000 0.000 0.000 0.000 0.000 0.000 0.000 0.000 0.000 08/06/1968
0.000 0.000 0.000 0.000 0.200 0.000 0.000 0.000 0.000 0.200 0.000 0.000 0.000 0.000 0.200 0.000 0.000 0.000 0.000 0.000 0.000 0.000 0.000 0.000 0.000 0.000 0.000 0.000 0.000 0.000 09/06/1968
0.000 0.000 0.000 0.000 0.000 0.000 0.000 0.000 0.000 0.000 0.000 0.000 0.000 0.000 0.000 0.000 0.000 0.000 0.000 0.000 0.000 0.000 0.000 0.000 0.000 0.000 0.000 0.000 0.000 0.000 10/06/1968
0.000 0.000 0.000 0.000 0.000 0.000 0.000 0.000 0.000 0.000 0.000 0.000 0.000 0.000 0.000 0.000 0.000 0.000 0.000 0.000 0.000 0.000 0.000 0.000 0.000 0.000 0.000 0.000 0.000 0.000 11/06/1968
0.000 0.000 0.000 0.000 0.000 0.000 0.000 0.000 0.000 0.000 0.000 0.000 0.000 0.000 0.000 0.000 0.000 0.000 0.000 0.000 0.000 0.000 0.000 0.000 0.000 0.000 0.000 0.000 0.000 0.000 12/06/1968
0.000 0.000 0.000 0.000 0.000 0.000 0.000 0.000 0.000 0.000 0.000 0.000 0.000 0.000 0.000 0.000 1.500 0.000 0.000 0.000 0.000 1.500 0.000 0.000 0.000 0.000 1.500 0.000 0.000 0.000 13/06/1968
4.900 4.900 5.000 1.700 0.100 5.000 5.000 5.000 0.400 0.100 5.000 5.000 0.400 0.400 0.100 3.800 0.500 0.400 0.400 0.400 3.700 0.500 0.400 0.400 0.400 3.700 0.500 0.400 0.400 0.400 14/06/1968
0.100 0.100 0.100 0.400 2.400 0.100 0.100 0.100 1.500 2.300 0.100 0.100 1.500 1.500 2.300 0.100 1.500 1.500 1.500 1.500 0.100 1.500 1.500 1.500 1.500 0.100 1.500 1.500 1.500 1.500 15/06/1968
0.900 0.900 0.900 0.000 0.200 0.900 0.900 0.900 0.800 0.200 0.900 0.900 0.800 0.800 0.200 1.400 0.100 0.800 0.800 0.800 1.400 0.100 0.800 0.800 0.800 1.400 0.100 0.800 0.800 0.800 16/06/1968
0.000 0.000 0.000 0.000 0.000 0.000 0.000 0.000 0.000 0.000 0.000 0.000 0.000 0.000 0.000 0.000 0.000 0.000 0.000 0.000 0.000 0.000 0.000 0.000 0.000 0.000 0.000 0.000 0.000 0.000 17/06/1968
8.300 8.400 8.400 1.900 0.000 8.500 8.600 8.500 1.100 0.000 8.500 8.500 1.100 1.100 0.000 6.000 0.000 1.100 1.100 1.100 6.000 0.000 1.100 1.100 1.100 5.900 0.000 1.100 1.100 1.100 18/06/1968
4.300 4.400 4.400 8.800 0.200 4.400 4.500 4.400 1.300 0.200 4.400 4.400 1.300 1.300 0.200 3.000 1.500 1.300 1.300 1.300 2.900 1.500 1.300 1.300 1.300 2.900 1.500 1.300 1.300 1.300 19/06/1968
1.700 1.700 1.700 1.200 7.300 1.700 1.700 1.700 3.700 7.200 1.700 1.700 3.700 3.700 7.200 1.500 7.600 3.700 3.800 3.800 1.500 7.600 3.700 3.700 3.700 1.400 7.500 3.700 3.700 3.800 20/06/1968
0.300 0.300 0.300 0.100 0.100 0.300 0.300 0.300 0.000 0.100 0.300 0.300 0.000 0.000 0.100 0.000 0.000 0.000 0.000 0.000 0.000 0.000 0.000 0.000 0.000 0.000 0.000 0.000 0.000 0.000 21/06/1968
13.000 13.100 13.100 14.300 14.700 13.200 13.400 13.200 13.900 14.600 13.200 13.200 13.900 14.000 14.500 14.300 11.200 13.900 14.100 14.100 14.200 11.200 13.900 13.900 13.800 14.000 11.200 13.700 13.700 14.100 22/06/1968
5.700 5.700 5.800 5.400 2.100 5.800 5.900 5.800 0.200 2.100 5.800 5.800 0.200 0.200 2.100 2.100 5.500 0.200 0.200 0.200 2.100 5.500 0.200 0.200 0.200 2.100 5.500 0.100 0.200 0.200 23/06/1968
0.000 0.000 0.000 0.000 0.000 0.000 0.000 0.000 0.000 0.000 0.000 0.000 0.000 0.000 0.000 0.000 0.000 0.000 0.000 0.000 0.000 0.000 0.000 0.000 0.000 0.000 0.000 0.000 0.000 0.000 24/06/1968
0.700 0.700 0.700 0.000 6.900 0.700 0.700 0.700 3.500 6.900 0.700 0.700 3.500 3.500 6.800 2.800 4.400 3.500 3.600 3.600 2.800 4.400 3.500 3.500 3.500 2.700 4.400 3.500 3.500 3.600 25/06/1968
0.000 0.000 0.000 0.000 0.000 0.000 0.000 0.000 0.000 0.000 0.000 0.000 0.000 0.000 0.000 0.000 0.000 0.000 0.000 0.000 0.000 0.000 0.000 0.000 0.000 0.000 0.000 0.000 0.000 0.000 26/06/1968
0.000 0.000 0.000 0.000 0.000 0.000 0.000 0.000 0.000 0.000 0.000 0.000 0.000 0.000 0.000 0.000 0.000 0.000 0.000 0.000 0.000 0.000 0.000 0.000 0.000 0.000 0.000 0.000 0.000 0.000 27/06/1968
0.000 0.000 0.000 0.000 0.000 0.000 0.000 0.000 0.000 0.000 0.000 0.000 0.000 0.000 0.000 0.000 0.000 0.000 0.000 0.000 0.000 0.000 0.000 0.000 0.000 0.000 0.000 0.000 0.000 0.000 28/06/1968
0.000 0.000 0.000 0.000 0.000 0.000 0.000 0.000 0.000 0.000 0.000 0.000 0.000 0.000 0.000 0.000 0.000 0.000 0.000 0.000 0.000 0.000 0.000 0.000 0.000 0.000 0.000 0.000 0.000 0.000 29/06/1968
0.000 0.000 0.000 0.000 0.000 0.000 0.000 0.000 0.000 0.000 0.000 0.000 0.000 0.000 0.000 0.000 0.000 0.000 0.000 0.000 0.000 0.000 0.000 0.000 0.000 0.000 0.000 0.000 0.000 0.000 30/06/1968
0.000 0.000 0.000 0.000 0.000 0.000 0.000 0.000 0.000 0.000 0.000 0.000 0.000 0.000 0.000 0.000 0.000 0.000 0.000 0.000 0.000 0.000 0.000 0.000 0.000 0.000 0.000 0.000 0.000 0.000 01/07/1968
0.000 0.000 0.000 0.000 0.000 0.000 0.000 0.000 0.000 0.000 0.000 0.000 0.000 0.000 0.000 0.000 0.000 0.000 0.000 0.000 0.000 0.000 0.000 0.000 0.000 0.000 0.000 0.000 0.000 0.000 02/07/1968
0.000 0.000 0.000 0.000 0.000 0.000 0.000 0.000 0.000 0.000 0.000 0.000 0.000 0.000 0.000 0.000 0.000 0.000 0.000 0.000 0.000 0.000 0.000 0.000 0.000 0.000 0.000 0.000 0.000 0.000 03/07/1968
0.100 0.100 0.100 0.000 0.000 0.100 0.100 0.100 0.000 0.000 0.100 0.100 0.000 0.000 0.000 2.900 0.100 0.000 0.000 0.000 2.900 0.100 0.000 0.000 0.000 2.800 0.100 0.000 0.000 0.000 04/07/1968
20.600 20.700 20.800 12.300 18.200 21.000 21.200 21.000 13.100 18.100 20.900 20.900 13.000 13.100 17.900 3.200 5.400 13.000 13.200 13.200 3.200 5.400 13.100 13.000 13.000 3.100 5.300 12.900 12.900 13.200 05/07/1968
2.800 2.800 2.800 1.100 2.000 2.900 2.900 2.900 1.200 2.000 2.900 2.800 1.200 1.200 2.000 0.600 0.600 1.200 1.200 1.200 0.600 0.600 1.200 1.200 1.200 0.600 0.600 1.200 1.200 1.200 06/07/1968
0.100 0.100 0.100 0.000 0.200 0.100 0.100 0.100 0.100 0.200 0.100 0.100 0.100 0.100 0.200 0.000 0.000 0.100 0.100 0.100 0.000 0.000 0.100 0.100 0.100 0.000 0.000 0.100 0.100 0.100 07/07/1968
0.100 0.100 0.100 0.100 0.400 0.100 0.100 0.100 0.000 0.400 0.100 0.100 0.000 0.000 0.400 0.100 0.000 0.000 0.000 0.000 0.100 0.000 0.000 0.000 0.000 0.100 0.000 0.000 0.000 0.000 08/07/1968
0.300 0.300 0.300 0.100 0.000 0.300 0.300 0.300 0.100 0.000 0.300 0.300 0.100 0.200 0.000 0.000 0.000 0.100 0.200 0.200 0.000 0.000 0.100 0.100 0.100 0.000 0.000 0.100 0.100 0.200 09/07/1968
1.400 1.500 1.500 0.700 11.300 1.500 1.500 1.500 3.900 11.300 1.500 1.500 3.900 3.900 11.200 0.100 4.500 3.900 3.900 3.900 0.100 4.500 3.900 3.900 3.900 0.100 4.400 3.800 3.800 3.900 10/07/1968
2.700 2.700 2.700 2.700 0.600 2.700 2.700 2.700 1.200 0.600 2.700 2.700 1.200 1.200 0.600 1.300 0.200 1.200 1.200 1.200 1.300 0.200 1.200 1.200 1.200 1.200 0.200 1.200 1.200 1.200 11/07/1968
5.700 5.700 5.700 5.500 5.600 5.800 5.800 5.800 3.800 5.600 5.800 5.800 3.800 3.800 5.500 4.600 7.500 3.800 3.800 3.800 4.600 7.500 3.800 3.800 3.800 4.500 7.400 3.700 3.700 3.800 12/07/1968
2.800 2.800 2.800 1.800 0.000 2.800 2.900 2.800 0.100 0.000 2.800 2.800 0.100 0.100 0.000 0.000 1.300 0.100 0.100 0.100 0.000 1.300 0.100 0.100 0.100 0.000 1.200 0.100 0.100 0.100 13/07/1968
9.300 9.300 9.400 7.600 16.300 9.500 9.500 9.500 11.000 16.300 9.400 9.400 10.900 11.000 16.100 9.900 7.100 11.000 11.100 11.100 9.800 7.100 11.000 10.900 10.900 9.700 7.100 10.800 10.800 11.100 14/07/1968
2.000 2.000 2.000 0.100 4.700 2.000 2.000 2.000 2.600 4.700 2.000 2.000 2.600 2.600 4.600 1.700 7.100 2.600 2.600 2.600 1.700 7.100 2.600 2.600 2.600 1.700 7.100 2.600 2.600 2.600 15/07/1968
12.900 13.000 13.000 10.300 18.700 13.100 13.200 13.100 12.800 18.600 13.100 13.100 12.800 12.900 18.500 14.600 12.400 12.800 12.900 12.900 14.400 12.500 12.800 12.700 12.700 14.300 12.400 12.600 12.600 12.900 16/07/1968
0.100 0.100 0.100 1.400 0.500 0.100 0.100 0.100 0.200 0.500 0.100 0.100 0.200 0.200 0.500 0.400 0.100 0.200 0.200 0.200 0.400 0.100 0.200 0.200 0.200 0.400 0.100 0.200 0.200 0.200 17/07/1968
0.000 0.000 0.000 0.100 0.000 0.000 0.000 0.000 0.000 0.000 0.000 0.000 0.000 0.000 0.000 0.000 0.000 0.000 0.000 0.000 0.000 0.000 0.000 0.000 0.000 0.000 0.000 0.000 0.000 0.000 18/07/1968
0.000 0.000 0.000 0.000 0.000 0.000 0.000 0.000 0.000 0.000 0.000 0.000 0.000 0.000 0.000 0.000 0.000 0.000 0.000 0.000 0.000 0.000 0.000 0.000 0.000 0.000 0.000 0.000 0.000 0.000 19/07/1968
0.000 0.000 0.000 0.000 0.000 0.000 0.000 0.000 0.000 0.000 0.000 0.000 0.000 0.000 0.000 0.000 0.000 0.000 0.000 0.000 0.000 0.000 0.000 0.000 0.000 0.000 0.000 0.000 0.000 0.000 20/07/1968
0.000 0.000 0.000 0.000 0.000 0.000 0.000 0.000 0.000 0.000 0.000 0.000 0.000 0.000 0.000 0.000 0.000 0.000 0.000 0.000 0.000 0.000 0.000 0.000 0.000 0.000 0.000 0.000 0.000 0.000 21/07/1968
0.000 0.000 0.000 0.000 0.000 0.000 0.000 0.000 0.000 0.000 0.000 0.000 0.000 0.000 0.000 0.000 0.000 0.000 0.000 0.000 0.000 0.000 0.000 0.000 0.000 0.000 0.000 0.000 0.000 0.000 22/07/1968
0.000 0.000 0.000 0.000 0.000 0.000 0.000 0.000 0.000 0.000 0.000 0.000 0.000 0.000 0.000 0.000 0.000 0.000 0.000 0.000 0.000 0.000 0.000 0.000 0.000 0.000 0.000 0.000 0.000 0.000 23/07/1968
0.000 0.000 0.000 0.000 0.000 0.000 0.000 0.000 0.000 0.000 0.000 0.000 0.000 0.000 0.000 0.000 0.000 0.000 0.000 0.000 0.000 0.000 0.000 0.000 0.000 0.000 0.000 0.000 0.000 0.000 24/07/1968
0.000 0.000 0.000 0.000 0.000 0.000 0.000 0.000 0.000 0.000 0.000 0.000 0.000 0.000 0.000 0.000 0.000 0.000 0.000 0.000 0.000 0.000 0.000 0.000 0.000 0.000 0.000 0.000 0.000 0.000 25/07/1968
0.000 0.000 0.000 0.000 0.000 0.000 0.000 0.000 0.000 0.000 0.000 0.000 0.000 0.000 0.000 0.000 0.000 0.000 0.000 0.000 0.000 0.000 0.000 0.000 0.000 0.000 0.000 0.000 0.000 0.000 26/07/1968
0.000 0.000 0.000 0.000 0.000 0.000 0.000 0.000 0.000 0.000 0.000 0.000 0.000 0.000 0.000 0.000 0.000 0.000 0.000 0.000 0.000 0.000 0.000 0.000 0.000 0.000 0.000 0.000 0.000 0.000 27/07/1968
0.000 0.000 0.000 0.000 0.000 0.000 0.000 0.000 0.000 0.000 0.000 0.000 0.000 0.000 0.000 0.000 0.000 0.000 0.000 0.000 0.000 0.000 0.000 0.000 0.000 0.000 0.000 0.000 0.000 0.000 28/07/1968
4.800 4.800 4.800 2.200 0.100 4.900 4.900 4.900 0.100 0.100 4.800 4.800 0.100 0.100 0.100 1.700 3.100 0.100 0.100 0.100 1.600 3.100 0.100 0.100 0.100 1.600 3.100 0.100 0.100 0.100 29/07/1968
5.800 5.800 5.800 2.500 9.900 5.900 5.900 5.900 0.000 9.900 5.900 5.900 0.000 0.000 9.800 5.600 14.900 0.000 0.000 0.000 5.600 14.900 0.000 0.000 0.000 5.500 14.800 0.000 0.000 0.000 30/07/1968
4.500 4.600 4.600 1.300 0.000 4.600 4.700 4.600 5.800 0.000 4.600 4.600 5.700 5.800 0.000 4.800 3.500 5.800 5.800 5.800 4.800 3.500 5.800 5.700 5.700 4.700 3.500 5.700 5.700 5.800 31/07/1968
