# 6448 6449 6450 6451 6452 6528 6529 6530 6531 6532 6610 6611 6612 6613 6614 6693 6694 6695 6696 6697 6776 6777 6778 6779 6780 6859 6860 6861 6862 6863 Date
0.000 0.000 0.000 0.000 0.000 0.000 0.000 0.000 0.000 0.000 0.000 0.000 0.000 0.000 0.000 0.000 0.000 0.000 0.000 0.000 0.000 0.000 0.000 0.000 0.000 0.000 0.000 0.000 0.000 0.000 01/08/1995
0.000 0.000 0.000 0.000 0.000 0.000 0.000 0.000 0.000 0.000 0.000 0.000 0.000 0.000 0.000 0.000 0.000 0.000 0.000 0.000 0.000 0.000 0.000 0.000 0.000 0.000 0.000 0.000 0.000 0.000 02/08/1995
0.000 0.000 0.000 0.000 0.000 0.000 0.000 0.000 0.000 0.000 0.000 0.000 0.000 0.000 0.000 0.000 0.000 0.000 0.000 0.000 0.000 0.000 0.000 0.000 0.000 0.000 0.000 0.000 0.000 0.000 03/08/1995
12.400 12.500 12.500 4.000 18.400 12.600 12.800 12.600 15.700 18.300 12.600 12.600 15.700 15.800 18.200 0.800 11.900 15.700 15.900 15.900 0.800 12.000 15.700 15.600 15.600 0.800 11.900 15.500 15.500 15.900 04/08/1995
0.200 0.200 0.200 0.600 0.400 0.200 0.200 0.200 0.200 0.400 0.200 0.200 0.200 0.200 0.300 1.000 0.000 0.200 0.200 0.200 1.000 0.000 0.200 0.200 0.200 1.000 0.000 0.200 0.200 0.200 05/08/1995
1.900 1.900 1.900 0.100 2.000 1.900 1.900 1.900 2.900 2.000 1.900 1.900 2.900 2.900 2.000 1.600 3.200 2.900 2.900 2.900 1.600 3.300 2.900 2.900 2.900 1.600 3.200 2.800 2.800 2.900 06/08/1995
1.900 1.900 1.900 10.000 1.100 1.900 1.900 1.900 14.700 1.100 1.900 1.900 14.700 14.800 1.100 5.000 9.500 14.700 14.900 14.900 5.000 9.500 14.700 14.600 14.600 4.900 9.400 14.500 14.500 14.900 07/08/1995
0.500 0.500 0.500 0.100 3.200 0.500 0.500 0.500 1.500 3.200 0.500 0.500 1.500 1.500 3.200 0.500 0.200 1.500 1.500 1.500 0.500 0.200 1.500 1.500 1.500 0.500 0.200 1.500 1.500 1.500 08/08/1995
0.000 0.000 0.000 0.000 0.000 0.000 0.000 0.000 0.000 0.000 0.000 0.000 0.000 0.000 0.000 0.000 0.000 0.000 0.000 0.000 0.000 0.000 0.000 0.000 0.000 0.000 0.000 0.000 0.000 0.000 09/08/1995
0.100 0.100 0.100 0.500 0.000 0.100 0.100 0.100 0.000 0.000 0.100 0.100 0.000 0.000 0.000 0.000 2.400 0.000 0.000 0.000 0.000 2.400 0.000 0.000 0.000 0.000 2.400 0.000 0.000 0.000 10/08/1995
0.000 0.000 0.000 0.000 0.000 0.000 0.000 0.000 0.000 0.000 0.000 0.000 0.000 0.000 0.000 9.600 0.000 0.000 0.000 0.000 9.500 0.000 0.000 0.000 0.000 9.400 0.000 0.000 0.000 0.000 11/08/1995
0.000 0.000 0.000 0.000 0.000 0.000 0.000 0.000 0.000 0.000 0.000 0.000 0.000 0.000 0.000 0.000 0.000 0.000 0.000 0.000 0.000 0.000 0.000 0.000 0.000 0.000 0.000 0.000 0.000 0.000 12/08/1995
0.000 0.000 0.000 0.000 0.000 0.000 0.000 0.000 0.000 0.000 0.000 0.000 0.000 0.000 0.000 0.000 0.000 0.000 0.000 0.000 0.000 0.000 0.000 0.000 0.000 0.000 0.000 0.000 0.000 0.000 13/08/1995
0.000 0.000 0.000 0.000 0.000 0.000 0.000 0.000 0.000 0.000 0.000 0.000 0.000 0.000 0.000 0.000 0.000 0.000 0.000 0.000 0.000 0.000 0.000 0.000 0.000 0.000 0.000 0.000 0.000 0.000 14/08/1995
0.000 0.000 0.000 0.000 0.000 0.000 0.000 0.000 0.000 0.000 0.000 0.000 0.000 0.000 0.000 0.000 0.000 0.000 0.000 0.000 0.000 0.000 0.000 0.000 0.000 0.000 0.000 0.000 0.000 0.000 15/08/1995
0.000 0.000 0.000 0.000 0.000 0.000 0.000 0.000 0.000 0.000 0.000 0.000 0.000 0.000 0.000 0.000 0.000 0.000 0.000 0.000 0.000 0.000 0.000 0.000 0.000 0.000 0.000 0.000 0.000 0.000 16/08/1995
0.000 0.000 0.000 0.000 0.000 0.000 0.000 0.000 0.000 0.000 0.000 0.000 0.000 0.000 0.000 0.000 0.000 0.000 0.000 0.000 0.000 0.000 0.000 0.000 0.000 0.000 0.000 0.000 0.000 0.000 17/08/1995
0.000 0.000 0.000 0.000 0.000 0.000 0.000 0.000 0.000 0.000 0.000 0.000 0.000 0.000 0.000 0.000 0.000 0.000 0.000 0.000 0.000 0.000 0.000 0.000 0.000 0.000 0.000 0.000 0.000 0.000 18/08/1995
0.000 0.000 0.000 0.000 0.000 0.000 0.000 0.000 0.000 0.000 0.000 0.000 0.000 0.000 0.000 0.000 0.000 0.000 0.000 0.000 0.000 0.000 0.000 0.000 0.000 0.000 0.000 0.000 0.000 0.000 19/08/1995
0.500 0.500 0.500 0.000 0.000 0.500 0.500 0.500 0.000 0.000 0.500 0.500 0.000 0.000 0.000 2.700 0.000 0.000 0.000 0.000 2.700 0.000 0.000 0.000 0.000 2.700 0.000 0.000 0.000 0.000 20/08/1995
0.000 0.000 0.000 0.000 2.000 0.000 0.000 0.000 1.300 2.000 0.000 0.000 1.300 1.300 2.000 0.500 1.700 1.300 1.300 1.300 0.500 1.700 1.300 1.300 1.300 0.500 1.600 1.300 1.300 1.300 21/08/1995
0.400 0.400 0.400 1.000 0.300 0.400 0.400 0.400 1.600 0.300 0.400 0.400 1.600 1.700 0.300 3.800 4.100 1.600 1.700 1.700 3.800 4.100 1.600 1.600 1.600 3.700 4.100 1.600 1.600 1.700 22/08/1995
6.500 6.500 6.600 6.300 6.900 6.600 6.700 6.600 4.000 6.900 6.600 6.600 4.000 4.000 6.800 1.100 1.500 4.000 4.000 4.000 1.100 1.500 4.000 4.000 4.000 1.100 1.500 3.900 3.900 4.000 23/08/1995
0.000 0.000 0.000 0.000 0.000 0.000 0.000 0.000 0.000 0.000 0.000 0.000 0.000 0.000 0.000 0.000 0.000 0.000 0.000 0.000 0.000 0.000 0.000 0.000 0.000 0.000 0.000 0.000 0.000 0.000 24/08/1995
0.500 0.500 0.500 0.000 0.600 0.500 0.500 0.500 1.000 0.600 0.500 0.500 1.000 1.000 0.600 0.300 0.300 1.000 1.000 1.000 0.300 0.300 1.000 1.000 1.000 0.300 0.300 1.000 1.000 1.000 25/08/1995
0.000 0.000 0.000 0.000 0.000 0.000 0.000 0.000 0.000 0.000 0.000 0.000 0.000 0.000 0.000 0.000 0.000 0.000 0.000 0.000 0.000 0.000 0.000 0.000 0.000 0.000 0.000 0.000 0.000 0.000 26/08/1995
0.000 0.000 0.000 0.000 0.000 0.000 0.000 0.000 0.000 0.000 0.000 0.000 0.000 0.000 0.000 0.000 0.000 0.000 0.000 0.000 0.000 0.000 0.000 0.000 0.000 0.000 0.000 0.000 0.000 0.000 27/08/1995
0.000 0.000 0.000 0.000 0.000 0.000 0.000 0.000 0.000 0.000 0.000 0.000 0.000 0.000 0.000 0.000 0.000 0.000 0.000 0.000 0.000 0.000 0.000 0.000 0.000 0.000 0.000 0.000 0.000 0.000 28/08/1995
0.000 0.000 0.000 0.000 0.000 0.000 0.000 0.000 0.000 0.000 0.000 0.000 0.000 0.000 0.000 0.000 0.000 0.000 0.000 0.000 0.000 0.000 0.000 0.000 0.000 0.000 0.000 0.000 0.000 0.000 29/08/1995
0.000 0.000 0.000 0.000 0.000 0.000 0.000 0.000 0.000 0.000 0.000 0.000 0.000 0.000 0.000 0.000 0.000 0.000 0.000 0.000 0.000 0.000 0.000 0.000 0.000 0.000 0.000 0.000 0.000 0.000 30/08/1995
0.000 0.000 0.000 0.000 0.000 0.000 0.000 0.000 0.000 0.000 0.000 0.000 0.000 0.000 0.000 0.000 0.000 0.000 0.000 0.000 0.000 0.000 0.000 0.000 0.000 0.000 0.000 0.000 0.000 0.000 31/08/1995
0.000 0.000 0.000 0.000 0.000 0.000 0.000 0.000 0.000 0.000 0.000 0.000 0.000 0.000 0.000 0.000 0.000 0.000 0.000 0.000 0.000 0.000 0.000 0.000 0.000 0.000 0.000 0.000 0.000 0.000 01/09/1995
0.100 0.100 0.100 0.000 0.000 0.100 0.100 0.100 0.000 0.000 0.100 0.100 0.000 0.000 0.000 0.200 0.000 0.000 0.000 0.000 0.200 0.000 0.000 0.000 0.000 0.200 0.000 0.000 0.000 0.000 02/09/1995
0.000 0.000 0.000 0.000 2.200 0.000 0.000 0.000 0.400 2.200 0.000 0.000 0.400 0.400 2.200 0.400 0.100 0.400 0.400 0.400 0.400 0.100 0.400 0.400 0.400 0.400 0.100 0.400 0.400 0.400 03/09/1995
0.000 0.000 0.000 0.000 0.000 0.000 0.000 0.000 0.000 0.000 0.000 0.000 0.000 0.000 0.000 0.000 0.000 0.000 0.000 0.000 0.000 0.000 0.000 0.000 0.000 0.000 0.000 0.000 0.000 0.000 04/09/1995
2.000 2.000 2.000 1.600 0.200 2.000 2.000 2.000 0.100 0.200 2.000 2.000 0.100 0.100 0.200 0.000 0.000 0.100 0.100 0.100 0.000 0.000 0.100 0.100 0.100 0.000 0.000 0.100 0.100 0.100 05/09/1995
19.000 19.100 19.200 16.300 20.200 19.300 19.500 19.300 19.800 20.100 19.300 19.300 19.700 19.900 19.900 14.500 19.000 19.800 20.000 20.000 14.400 19.100 19.800 19.700 19.700 14.200 18.900 19.500 19.500 20.000 06/09/1995
13.600 13.700 13.800 18.600 10.200 13.900 14.000 13.900 7.600 10.200 13.900 13.800 7.600 7.600 10.100 8.400 5.900 7.600 7.700 7.700 8.300 5.900 7.600 7.600 7.500 8.200 5.900 7.500 7.500 7.700 07/09/1995
5.800 5.900 5.900 5.400 6.000 5.900 6.000 5.900 6.900 6.000 5.900 5.900 6.900 7.000 6.000 3.300 4.900 6.900 7.000 7.000 3.300 4.900 6.900 6.900 6.900 3.200 4.900 6.800 6.800 7.000 08/09/1995
0.000 0.000 0.000 1.100 0.000 0.000 0.000 0.000 0.000 0.000 0.000 0.000 0.000 0.000 0.000 0.000 0.000 0.000 0.000 0.000 0.000 0.000 0.000 0.000 0.000 0.000 0.000 0.000 0.000 0.000 09/09/1995
3.900 3.900 3.900 4.500 4.600 4.000 4.000 4.000 3.900 4.600 3.900 3.900 3.800 3.900 4.600 4.500 3.800 3.800 3.900 3.900 4.400 3.900 3.900 3.800 3.800 4.400 3.800 3.800 3.800 3.900 10/09/1995
0.400 0.400 0.400 1.100 0.000 0.400 0.400 0.400 0.000 0.000 0.400 0.400 0.000 0.000 0.000 0.000 0.000 0.000 0.000 0.000 0.000 0.000 0.000 0.000 0.000 0.000 0.000 0.000 0.000 0.000 11/09/1995
6.700 6.800 6.800 6.600 5.100 6.900 7.000 6.900 7.200 5.100 6.900 6.900 7.100 7.200 5.000 9.100 7.100 7.200 7.200 7.200 9.000 7.100 7.200 7.100 7.100 8.900 7.100 7.100 7.100 7.200 12/09/1995
2.000 2.000 2.000 5.200 4.800 2.000 2.000 2.000 3.900 4.800 2.000 2.000 3.900 3.900 4.800 2.200 4.000 3.900 4.000 4.000 2.200 4.100 3.900 3.900 3.900 2.200 4.000 3.900 3.900 4.000 13/09/1995
4.700 4.700 4.800 4.200 6.600 4.800 4.800 4.800 5.300 6.500 4.800 4.800 5.300 5.400 6.500 4.900 5.200 5.300 5.400 5.400 4.900 5.200 5.300 5.300 5.300 4.800 5.200 5.300 5.300 5.400 14/09/1995
12.400 12.500 12.500 12.500 19.200 12.600 12.800 12.600 18.000 19.100 12.600 12.600 17.900 18.100 19.000 14.000 16.300 18.000 18.200 18.100 13.800 16.300 18.000 17.900 17.900 13.700 16.200 17.700 17.700 18.100 15/09/1995
5.100 5.100 5.100 5.300 4.800 5.200 5.200 5.200 5.900 4.800 5.200 5.200 5.900 5.900 4.700 8.900 9.700 5.900 6.000 5.900 8.800 9.800 5.900 5.900 5.900 8.700 9.700 5.800 5.800 6.000 16/09/1995
6.300 6.300 6.300 4.400 8.600 6.400 6.400 6.400 6.800 8.500 6.400 6.400 6.800 6.900 8.500 9.400 5.100 6.800 6.900 6.900 9.300 5.100 6.800 6.800 6.800 9.200 5.100 6.700 6.700 6.900 17/09/1995
1.500 1.600 1.600 2.500 3.900 1.600 1.600 1.600 2.700 3.900 1.600 1.600 2.700 2.700 3.900 0.400 0.000 2.700 2.700 2.700 0.400 0.000 2.700 2.700 2.700 0.400 0.000 2.700 2.700 2.700 18/09/1995
29.100 29.300 29.400 38.300 40.200 29.700 29.900 29.700 28.600 40.000 29.600 29.600 28.500 28.700 39.600 21.700 21.500 28.500 28.800 28.800 21.500 21.500 28.600 28.400 28.400 21.300 21.400 28.100 28.200 28.800 19/09/1995
0.000 0.000 0.000 0.000 0.100 0.000 0.000 0.000 0.000 0.100 0.000 0.000 0.000 0.000 0.100 0.200 0.000 0.000 0.000 0.000 0.200 0.000 0.000 0.000 0.000 0.200 0.000 0.000 0.000 0.000 20/09/1995
0.000 0.000 0.000 0.000 0.000 0.000 0.000 0.000 0.000 0.000 0.000 0.000 0.000 0.000 0.000 0.000 0.000 0.000 0.000 0.000 0.000 0.000 0.000 0.000 0.000 0.000 0.000 0.000 0.000 0.000 21/09/1995
0.000 0.000 0.000 0.000 0.000 0.000 0.000 0.000 0.000 0.000 0.000 0.000 0.000 0.000 0.000 0.000 0.000 0.000 0.000 0.000 0.000 0.000 0.000 0.000 0.000 0.000 0.000 0.000 0.000 0.000 22/09/1995
0.000 0.000 0.000 0.000 0.000 0.000 0.000 0.000 0.000 0.000 0.000 0.000 0.000 0.000 0.000 0.000 0.000 0.000 0.000 0.000 0.000 0.000 0.000 0.000 0.000 0.000 0.000 0.000 0.000 0.000 23/09/1995
6.500 6.500 6.500 6.800 8.200 6.600 6.600 6.600 7.000 8.100 6.600 6.600 7.000 7.000 8.100 4.100 4.600 7.000 7.100 7.000 4.000 4.600 7.000 6.900 6.900 4.000 4.600 6.900 6.900 7.100 24/09/1995
0.000 0.000 0.000 0.000 0.100 0.000 0.000 0.000 0.200 0.100 0.000 0.000 0.200 0.200 0.100 0.000 0.000 0.200 0.200 0.200 0.000 0.000 0.200 0.200 0.200 0.000 0.000 0.200 0.200 0.200 25/09/1995
0.000 0.000 0.000 0.000 0.000 0.000 0.000 0.000 0.000 0.000 0.000 0.000 0.000 0.000 0.000 0.000 0.000 0.000 0.000 0.000 0.000 0.000 0.000 0.000 0.000 0.000 0.000 0.000 0.000 0.000 26/09/1995
4.300 4.300 4.300 5.200 5.500 4.400 4.400 4.400 3.800 5.500 4.400 4.400 3.800 3.900 5.400 4.600 3.700 3.800 3.900 3.900 4.600 3.700 3.900 3.800 3.800 4.500 3.700 3.800 3.800 3.900 27/09/1995
0.000 0.000 0.000 0.000 0.000 0.000 0.000 0.000 0.000 0.000 0.000 0.000 0.000 0.000 0.000 0.000 0.000 0.000 0.000 0.000 0.000 0.000 0.000 0.000 0.000 0.000 0.000 0.000 0.000 0.000 28/09/1995
0.800 0.800 0.800 0.000 0.000 0.800 0.800 0.800 0.100 0.000 0.800 0.800 0.100 0.100 0.000 0.300 0.300 0.100 0.100 0.100 0.300 0.300 0.100 0.100 0.100 0.300 0.300 0.100 0.100 0.100 29/09/1995
1.800 1.800 1.800 1.400 2.500 1.800 1.800 1.800 1.800 2.400 1.800 1.800 1.800 1.800 2.400 1.800 2.100 1.800 1.800 1.800 1.800 2.100 1.800 1.800 1.800 1.700 2.100 1.700 1.700 1.800 30/09/1995
0.600 0.600 0.600 0.600 1.700 0.600 0.600 0.600 2.500 1.700 0.600 0.600 2.500 2.500 1.700 2.100 1.400 2.500 2.500 2.500 2.100 1.400 2.500 2.500 2.500 2.100 1.400 2.500 2.500 2.500 01/10/1995
8.300 8.400 8.400 11.300 9.600 8.500 8.600 8.500 17.300 9.500 8.500 8.500 17.300 17.400 9.400 4.800 8.900 17.300 17.500 17.500 4.800 8.900 17.300 17.200 17.200 4.700 8.800 17.000 17.100 17.500 02/10/1995
14.400 14.500 14.600 12.300 37.600 14.700 14.900 14.700 20.200 37.400 14.700 14.700 20.100 20.300 37.100 20.500 3.800 20.200 20.400 20.400 20.300 3.800 20.200 20.100 20.100 20.000 3.800 19.900 19.900 20.400 03/10/1995
3.800 3.800 3.800 6.300 10.700 3.800 3.900 3.800 13.600 10.600 3.800 3.800 13.600 13.700 10.500 2.600 10.600 13.600 13.800 13.700 2.500 10.700 13.600 13.500 13.500 2.500 10.600 13.400 13.400 13.700 04/10/1995
0.300 0.300 0.400 0.300 0.600 0.400 0.400 0.400 0.400 0.600 0.400 0.400 0.400 0.400 0.600 0.400 0.200 0.400 0.400 0.400 0.400 0.200 0.400 0.400 0.400 0.400 0.200 0.400 0.400 0.400 05/10/1995
0.000 0.000 0.000 0.000 0.000 0.000 0.000 0.000 0.000 0.000 0.000 0.000 0.000 0.000 0.000 0.000 0.000 0.000 0.000 0.000 0.000 0.000 0.000 0.000 0.000 0.000 0.000 0.000 0.000 0.000 06/10/1995
0.000 0.000 0.000 0.000 0.000 0.000 0.000 0.000 0.000 0.000 0.000 0.000 0.000 0.000 0.000 0.000 0.000 0.000 0.000 0.000 0.000 0.000 0.000 0.000 0.000 0.000 0.000 0.000 0.000 0.000 07/10/1995
0.000 0.000 0.000 0.000 0.000 0.000 0.000 0.000 0.000 0.000 0.000 0.000 0.000 0.000 0.000 0.000 0.000 0.000 0.000 0.000 0.000 0.000 0.000 0.000 0.000 0.000 0.000 0.000 0.000 0.000 08/10/1995
0.000 0.000 0.000 0.000 0.000 0.000 0.000 0.000 0.000 0.000 0.000 0.000 0.000 0.000 0.000 0.000 0.000 0.000 0.000 0.000 0.000 0.000 0.000 0.000 0.000 0.000 0.000 0.000 0.000 0.000 09/10/1995
0.000 0.000 0.000 0.000 0.000 0.000 0.000 0.000 0.000 0.000 0.000 0.000 0.000 0.000 0.000 0.000 0.000 0.000 0.000 0.000 0.000 0.000 0.000 0.000 0.000 0.000 0.000 0.000 0.000 0.000 10/10/1995
0.000 0.000 0.000 0.000 0.000 0.000 0.000 0.000 0.000 0.000 0.000 0.000 0.000 0.000 0.000 0.000 0.000 0.000 0.000 0.000 0.000 0.000 0.000 0.000 0.000 0.000 0.000 0.000 0.000 0.000 11/10/1995
0.000 0.000 0.000 0.000 0.000 0.000 0.000 0.000 0.000 0.000 0.000 0.000 0.000 0.000 0.000 0.000 0.000 0.000 0.000 0.000 0.000 0.000 0.000 0.000 0.000 0.000 0.000 0.000 0.000 0.000 12/10/1995
0.000 0.000 0.000 0.000 0.000 0.000 0.000 0.000 0.000 0.000 0.000 0.000 0.000 0.000 0.000 0.000 0.000 0.000 0.000 0.000 0.000 0.000 0.000 0.000 0.000 0.000 0.000 0.000 0.000 0.000 13/10/1995
3.400 3.400 3.400 4.600 1.000 3.400 3.500 3.400 1.600 1.000 3.400 3.400 1.600 1.600 1.000 2.700 0.900 1.600 1.600 1.600 2.700 0.900 1.600 1.600 1.600 2.600 0.900 1.600 1.600 1.600 14/10/1995
0.000 0.000 0.000 0.900 0.900 0.000 0.000 0.000 0.200 0.900 0.000 0.000 0.200 0.200 0.900 0.100 0.800 0.200 0.200 0.200 0.100 0.800 0.200 0.100 0.100 0.100 0.800 0.100 0.100 0.200 15/10/1995
0.000 0.000 0.000 0.000 0.000 0.000 0.000 0.000 0.000 0.000 0.000 0.000 0.000 0.000 0.000 0.000 0.000 0.000 0.000 0.000 0.000 0.000 0.000 0.000 0.000 0.000 0.000 0.000 0.000 0.000 16/10/1995
0.000 0.000 0.000 0.000 0.000 0.000 0.000 0.000 0.000 0.000 0.000 0.000 0.000 0.000 0.000 0.000 0.000 0.000 0.000 0.000 0.000 0.000 0.000 0.000 0.000 0.000 0.000 0.000 0.000 0.000 17/10/1995
0.300 0.300 0.300 0.600 0.000 0.300 0.300 0.300 0.200 0.000 0.300 0.300 0.200 0.200 0.000 0.000 0.000 0.200 0.200 0.200 0.000 0.000 0.200 0.200 0.200 0.000 0.000 0.200 0.200 0.200 18/10/1995
0.000 0.000 0.000 0.000 0.000 0.000 0.000 0.000 0.000 0.000 0.000 0.000 0.000 0.000 0.000 0.000 0.000 0.000 0.000 0.000 0.000 0.000 0.000 0.000 0.000 0.000 0.000 0.000 0.000 0.000 19/10/1995
0.000 0.000 0.000 0.000 0.000 0.000 0.000 0.000 0.000 0.000 0.000 0.000 0.000 0.000 0.000 0.000 0.000 0.000 0.000 0.000 0.000 0.000 0.000 0.000 0.000 0.000 0.000 0.000 0.000 0.000 20/10/1995
0.000 0.000 0.000 0.000 0.000 0.000 0.000 0.000 0.000 0.000 0.000 0.000 0.000 0.000 0.000 0.000 0.000 0.000 0.000 0.000 0.000 0.000 0.000 0.000 0.000 0.000 0.000 0.000 0.000 0.000 21/10/1995
0.000 0.000 0.000 0.000 0.000 0.000 0.000 0.000 0.000 0.000 0.000 0.000 0.000 0.000 0.000 0.000 0.000 0.000 0.000 0.000 0.000 0.000 0.000 0.000 0.000 0.000 0.000 0.000 0.000 0.000 22/10/1995
0.000 0.000 0.000 0.000 0.000 0.000 0.000 0.000 0.000 0.000 0.000 0.000 0.000 0.000 0.000 0.000 0.000 0.000 0.000 0.000 0.000 0.000 0.000 0.000 0.000 0.000 0.000 0.000 0.000 0.000 23/10/1995
3.300 3.300 3.300 5.000 2.700 3.300 3.400 3.300 1.000 2.700 3.300 3.300 1.000 1.000 2.600 1.400 1.100 1.000 1.000 1.000 1.400 1.100 1.000 1.000 1.000 1.400 1.100 1.000 1.000 1.000 24/10/1995
0.200 0.200 0.200 0.300 1.500 0.200 0.200 0.200 0.800 1.500 0.200 0.200 0.800 0.800 1.400 0.400 0.700 0.800 0.800 0.800 0.400 0.700 0.800 0.800 0.800 0.400 0.700 0.800 0.800 0.800 25/10/1995
0.000 0.000 0.000 0.000 0.000 0.000 0.000 0.000 0.000 0.000 0.000 0.000 0.000 0.000 0.000 0.000 0.000 0.000 0.000 0.000 0.000 0.000 0.000 0.000 0.000 0.000 0.000 0.000 0.000 0.000 26/10/1995
4.600 4.600 4.600 5.700 4.300 4.700 4.700 4.700 4.000 4.200 4.700 4.700 4.000 4.000 4.200 2.700 2.400 4.000 4.000 4.000 2.600 2.400 4.000 4.000 4.000 2.600 2.400 3.900 3.900 4.000 27/10/1995
1.900 1.900 1.900 2.800 7.300 1.900 1.900 1.900 8.500 7.300 1.900 1.900 8.400 8.500 7.200 1.500 6.500 8.500 8.600 8.600 1.500 6.500 8.500 8.400 8.400 1.500 6.400 8.300 8.400 8.600 28/10/1995
21.300 21.500 21.600 13.100 21.600 21.700 21.900 21.700 22.200 21.500 21.700 21.700 22.100 22.300 21.300 11.200 15.800 22.100 22.400 22.400 11.100 15.800 22.200 22.000 22.000 10.900 15.700 21.800 21.900 22.400 29/10/1995
0.300 0.300 0.300 0.100 0.700 0.300 0.300 0.300 0.200 0.700 0.300 0.300 0.200 0.200 0.700 0.200 0.100 0.200 0.200 0.200 0.200 0.100 0.200 0.200 0.200 0.200 0.100 0.200 0.200 0.200 30/10/1995
0.200 0.200 0.200 0.100 0.000 0.200 0.200 0.200 0.000 0.000 0.200 0.200 0.000 0.000 0.000 0.000 0.000 0.000 0.000 0.000 0.000 0.000 0.000 0.000 0.000 0.000 0.000 0.000 0.000 0.000 31/10/1995
0.000 0.000 0.000 0.000 0.000 0.000 0.000 0.000 0.000 0.000 0.000 0.000 0.000 0.000 0.000 0.000 0.000 0.000 0.000 0.000 0.000 0.000 0.000 0.000 0.000 0.000 0.000 0.000 0.000 0.000 01/11/1995
0.000 0.000 0.000 0.000 0.000 0.000 0.000 0.000 0.000 0.000 0.000 0.000 0.000 0.000 0.000 0.000 0.000 0.000 0.000 0.000 0.000 0.000 0.000 0.000 0.000 0.000 0.000 0.000 0.000 0.000 02/11/1995
0.000 0.000 0.000 0.000 0.000 0.000 0.000 0.000 0.000 0.000 0.000 0.000 0.000 0.000 0.000 0.000 0.000 0.000 0.000 0.000 0.000 0.000 0.000 0.000 0.000 0.000 0.000 0.000 0.000 0.000 03/11/1995
0.000 0.000 0.000 0.000 0.000 0.000 0.000 0.000 0.000 0.000 0.000 0.000 0.000 0.000 0.000 0.000 0.000 0.000 0.000 0.000 0.000 0.000 0.000 0.000 0.000 0.000 0.000 0.000 0.000 0.000 04/11/1995
0.000 0.000 0.000 0.000 0.000 0.000 0.000 0.000 0.000 0.000 0.000 0.000 0.000 0.000 0.000 0.000 0.000 0.000 0.000 0.000 0.000 0.000 0.000 0.000 0.000 0.000 0.000 0.000 0.000 0.000 05/11/1995
0.000 0.000 0.000 0.000 0.000 0.000 0.000 0.000 0.000 0.000 0.000 0.000 0.000 0.000 0.000 0.000 0.000 0.000 0.000 0.000 0.000 0.000 0.000 0.000 0.000 0.000 0.000 0.000 0.000 0.000 06/11/1995
0.000 0.000 0.000 0.000 0.000 0.000 0.000 0.000 0.000 0.000 0.000 0.000 0.000 0.000 0.000 0.000 0.000 0.000 0.000 0.000 0.000 0.000 0.000 0.000 0.000 0.000 0.000 0.000 0.000 0.000 07/11/1995
0.000 0.000 0.000 0.000 0.000 0.000 0.000 0.000 0.000 0.000 0.000 0.000 0.000 0.000 0.000 0.000 0.000 0.000 0.000 0.000 0.000 0.000 0.000 0.000 0.000 0.000 0.000 0.000 0.000 0.000 08/11/1995
0.000 0.000 0.000 0.000 0.000 0.000 0.000 0.000 0.000 0.000 0.000 0.000 0.000 0.000 0.000 0.000 0.000 0.000 0.000 0.000 0.000 0.000 0.000 0.000 0.000 0.000 0.000 0.000 0.000 0.000 09/11/1995
1.700 1.700 1.700 0.500 1.300 1.700 1.700 1.700 1.400 1.300 1.700 1.700 1.400 1.400 1.300 3.300 1.400 1.400 1.400 1.400 3.200 1.400 1.400 1.400 1.400 3.200 1.400 1.400 1.400 1.400 10/11/1995
18.700 18.800 18.900 11.000 10.300 19.000 19.200 19.000 21.500 10.200 19.000 19.000 21.400 21.600 10.200 17.700 17.700 21.400 21.700 21.600 17.600 17.800 21.500 21.300 21.300 17.400 17.600 21.100 21.200 21.700 11/11/1995
17.500 17.600 17.700 20.200 21.900 17.800 18.000 17.800 17.500 21.800 17.800 17.700 17.400 17.600 21.600 7.500 14.500 17.400 17.600 17.600 7.400 14.600 17.500 17.400 17.400 7.400 14.500 17.200 17.200 17.600 12/11/1995
2.000 2.000 2.000 0.200 0.600 2.000 2.000 2.000 3.100 0.600 2.000 2.000 3.100 3.100 0.600 1.400 2.300 3.100 3.100 3.100 1.400 2.300 3.100 3.100 3.100 1.400 2.300 3.000 3.100 3.100 13/11/1995
0.800 0.800 0.800 1.200 0.000 0.800 0.800 0.800 0.000 0.000 0.800 0.800 0.000 0.000 0.000 0.100 0.000 0.000 0.000 0.000 0.100 0.000 0.000 0.000 0.000 0.100 0.000 0.000 0.000 0.000 14/11/1995
15.300 15.400 15.500 14.300 12.600 15.600 15.800 15.600 9.700 12.500 15.600 15.600 9.600 9.700 12.400 9.500 11.500 9.600 9.700 9.700 9.400 11.500 9.700 9.600 9.600 9.300 11.500 9.500 9.500 9.700 15/11/1995
15.400 15.500 15.600 13.300 15.500 15.700 15.900 15.700 11.800 15.400 15.700 15.700 11.800 11.900 15.300 5.900 5.400 11.800 11.900 11.900 5.800 5.500 11.800 11.800 11.700 5.700 5.400 11.600 11.700 11.900 16/11/1995
1.000 1.000 1.000 3.600 3.000 1.000 1.000 1.000 3.500 3.000 1.000 1.000 3.500 3.500 3.000 3.400 5.100 3.500 3.600 3.500 3.400 5.200 3.500 3.500 3.500 3.400 5.100 3.500 3.500 3.600 17/11/1995
0.000 0.000 0.000 0.000 0.000 0.000 0.000 0.000 0.000 0.000 0.000 0.000 0.000 0.000 0.000 0.000 0.000 0.000 0.000 0.000 0.000 0.000 0.000 0.000 0.000 0.000 0.000 0.000 0.000 0.000 18/11/1995
0.000 0.000 0.000 0.000 0.000 0.000 0.000 0.000 0.000 0.000 0.000 0.000 0.000 0.000 0.000 0.000 0.000 0.000 0.000 0.000 0.000 0.000 0.000 0.000 0.000 0.000 0.000 0.000 0.000 0.000 19/11/1995
0.000 0.000 0.000 0.000 0.000 0.000 0.000 0.000 0.000 0.000 0.000 0.000 0.000 0.000 0.000 0.000 0.000 0.000 0.000 0.000 0.000 0.000 0.000 0.000 0.000 0.000 0.000 0.000 0.000 0.000 20/11/1995
5.900 6.000 6.000 7.900 20.200 6.000 6.100 6.000 10.800 20.100 6.000 6.000 10.700 10.800 19.900 6.100 11.000 10.700 10.900 10.900 6.000 11.000 10.800 10.700 10.700 6.000 10.900 10.600 10.600 10.900 21/11/1995
1.500 1.500 1.500 0.800 0.800 1.500 1.500 1.500 0.200 0.800 1.500 1.500 0.200 0.200 0.800 0.700 1.500 0.200 0.200 0.200 0.700 1.500 0.200 0.200 0.200 0.700 1.500 0.200 0.200 0.200 22/11/1995
0.000 0.000 0.000 0.000 0.000 0.000 0.000 0.000 0.000 0.000 0.000 0.000 0.000 0.000 0.000 0.000 0.000 0.000 0.000 0.000 0.000 0.000 0.000 0.000 0.000 0.000 0.000 0.000 0.000 0.000 23/11/1995
0.100 0.100 0.100 0.000 0.000 0.100 0.100 0.100 0.000 0.000 0.100 0.100 0.000 0.000 0.000 0.100 0.000 0.000 0.000 0.000 0.100 0.000 0.000 0.000 0.000 0.100 0.000 0.000 0.000 0.000 24/11/1995
5.800 5.800 5.900 5.200 12.500 5.900 6.000 5.900 6.200 12.500 5.900 5.900 6.200 6.200 12.300 4.700 1.700 6.200 6.200 6.200 4.700 1.700 6.200 6.100 6.100 4.600 1.700 6.100 6.100 6.200 25/11/1995
6.000 6.000 6.000 7.400 7.800 6.100 6.100 6.100 2.200 7.800 6.100 6.100 2.200 2.200 7.700 3.400 2.900 2.200 2.200 2.200 3.400 2.900 2.200 2.200 2.200 3.400 2.800 2.200 2.200 2.200 26/11/1995
0.000 0.000 0.000 0.000 0.000 0.000 0.000 0.000 0.000 0.000 0.000 0.000 0.000 0.000 0.000 0.600 0.100 0.000 0.000 0.000 0.600 0.100 0.000 0.000 0.000 0.600 0.100 0.000 0.000 0.000 27/11/1995
0.000 0.000 0.000 0.000 0.000 0.000 0.000 0.000 0.000 0.000 0.000 0.000 0.000 0.000 0.000 0.000 0.000 0.000 0.000 0.000 0.000 0.000 0.000 0.000 0.000 0.000 0.000 0.000 0.000 0.000 28/11/1995
0.000 0.000 0.000 0.000 0.000 0.000 0.000 0.000 0.000 0.000 0.000 0.000 0.000 0.000 0.000 0.000 0.000 0.000 0.000 0.000 0.000 0.000 0.000 0.000 0.000 0.000 0.000 0.000 0.000 0.000 29/11/1995
0.000 0.000 0.000 0.000 0.800 0.000 0.000 0.000 0.200 0.800 0.000 0.000 0.200 0.200 0.800 0.000 0.100 0.200 0.200 0.200 0.000 0.100 0.200 0.200 0.200 0.000 0.100 0.200 0.200 0.200 30/11/1995
0.900 0.900 0.900 0.400 0.900 0.900 0.900 0.900 1.100 0.800 0.900 0.900 1.100 1.100 0.800 1.100 1.300 1.100 1.100 1.100 1.100 1.300 1.100 1.100 1.100 1.000 1.300 1.100 1.100 1.100 01/12/1995
15.400 15.500 15.600 11.700 15.500 15.700 15.800 15.700 14.300 15.400 15.700 15.700 14.300 14.400 15.300 16.500 17.900 14.300 14.400 14.400 16.300 18.000 14.300 14.200 14.200 16.100 17.800 14.100 14.100 14.400 02/12/1995
4.400 4.400 4.400 6.600 5.200 4.400 4.500 4.400 4.700 5.100 4.400 4.400 4.700 4.700 5.100 4.300 4.600 4.700 4.700 4.700 4.200 4.600 4.700 4.700 4.700 4.100 4.600 4.600 4.600 4.700 03/12/1995
0.600 0.700 0.700 0.600 1.900 0.700 0.700 0.700 2.600 1.900 0.700 0.700 2.500 2.600 1.900 0.800 3.400 2.600 2.600 2.600 0.800 3.400 2.600 2.500 2.500 0.700 3.400 2.500 2.500 2.600 04/12/1995
0.000 0.000 0.000 0.000 0.000 0.000 0.000 0.000 0.000 0.000 0.000 0.000 0.000 0.000 0.000 0.000 0.000 0.000 0.000 0.000 0.000 0.000 0.000 0.000 0.000 0.000 0.000 0.000 0.000 0.000 05/12/1995
0.000 0.000 0.000 0.000 0.000 0.000 0.000 0.000 0.000 0.000 0.000 0.000 0.000 0.000 0.000 0.000 0.000 0.000 0.000 0.000 0.000 0.000 0.000 0.000 0.000 0.000 0.000 0.000 0.000 0.000 06/12/1995
0.000 0.000 0.000 0.000 0.800 0.000 0.000 0.000 1.000 0.800 0.000 0.000 1.000 1.000 0.800 0.000 0.500 1.000 1.000 1.000 0.000 0.500 1.000 1.000 1.000 0.000 0.500 1.000 1.000 1.000 07/12/1995
2.000 2.000 2.000 2.600 14.300 2.000 2.100 2.000 9.800 14.200 2.000 2.000 9.700 9.800 14.100 1.000 4.200 9.800 9.900 9.800 1.000 4.200 9.800 9.700 9.700 1.100 4.200 9.600 9.600 9.900 08/12/1995
0.000 0.000 0.000 0.000 0.000 0.000 0.000 0.000 0.000 0.000 0.000 0.000 0.000 0.000 0.000 0.000 0.000 0.000 0.000 0.000 0.000 0.000 0.000 0.000 0.000 0.000 0.000 0.000 0.000 0.000 09/12/1995
0.000 0.000 0.000 0.000 0.000 0.000 0.000 0.000 0.000 0.000 0.000 0.000 0.000 0.000 0.000 0.000 0.000 0.000 0.000 0.000 0.000 0.000 0.000 0.000 0.000 0.000 0.000 0.000 0.000 0.000 10/12/1995
0.000 0.000 0.000 0.000 0.000 0.000 0.000 0.000 0.000 0.000 0.000 0.000 0.000 0.000 0.000 0.000 0.000 0.000 0.000 0.000 0.000 0.000 0.000 0.000 0.000 0.000 0.000 0.000 0.000 0.000 11/12/1995
0.000 0.000 0.000 0.000 0.000 0.000 0.000 0.000 0.000 0.000 0.000 0.000 0.000 0.000 0.000 0.000 0.000 0.000 0.000 0.000 0.000 0.000 0.000 0.000 0.000 0.000 0.000 0.000 0.000 0.000 12/12/1995
0.000 0.000 0.000 0.000 0.000 0.000 0.000 0.000 0.000 0.000 0.000 0.000 0.000 0.000 0.000 0.000 0.000 0.000 0.000 0.000 0.000 0.000 0.000 0.000 0.000 0.000 0.000 0.000 0.000 0.000 13/12/1995
0.000 0.000 0.000 0.000 0.000 0.000 0.000 0.000 0.000 0.000 0.000 0.000 0.000 0.000 0.000 0.000 0.000 0.000 0.000 0.000 0.000 0.000 0.000 0.000 0.000 0.000 0.000 0.000 0.000 0.000 14/12/1995
7.100 7.100 7.100 8.500 4.600 7.200 7.200 7.200 7.100 4.500 7.200 7.200 7.100 7.200 4.500 5.300 5.000 7.100 7.200 7.200 5.300 5.000 7.100 7.100 7.100 5.200 4.900 7.000 7.000 7.200 15/12/1995
21.100 21.200 21.300 19.900 29.400 21.500 21.700 21.500 33.800 29.200 21.400 21.400 33.700 34.000 29.000 12.700 18.400 33.800 34.100 34.100 12.500 18.400 33.800 33.600 33.600 12.400 18.300 33.300 33.300 34.100 16/12/1995
2.100 2.100 2.100 3.600 1.700 2.100 2.200 2.100 2.900 1.700 2.100 2.100 2.900 2.900 1.700 0.700 0.400 2.900 2.900 2.900 0.700 0.400 2.900 2.800 2.800 0.700 0.400 2.800 2.800 2.900 17/12/1995
2.800 2.900 2.900 5.600 4.400 2.900 2.900 2.900 1.300 4.400 2.900 2.900 1.300 1.300 4.300 0.900 0.500 1.300 1.300 1.300 0.900 0.500 1.300 1.300 1.300 0.900 0.400 1.300 1.300 1.300 18/12/1995
0.000 0.000 0.000 0.000 0.000 0.000 0.000 0.000 0.000 0.000 0.000 0.000 0.000 0.000 0.000 0.000 0.000 0.000 0.000 0.000 0.000 0.000 0.000 0.000 0.000 0.000 0.000 0.000 0.000 0.000 19/12/1995
0.000 0.000 0.000 0.000 0.000 0.000 0.000 0.000 0.000 0.000 0.000 0.000 0.000 0.000 0.000 0.100 0.000 0.000 0.000 0.000 0.100 0.000 0.000 0.000 0.000 0.100 0.000 0.000 0.000 0.000 20/12/1995
0.500 0.500 0.500 0.100 0.000 0.500 0.500 0.500 0.100 0.000 0.500 0.500 0.100 0.100 0.000 0.100 0.000 0.100 0.100 0.100 0.100 0.000 0.100 0.100 0.100 0.100 0.000 0.100 0.100 0.100 21/12/1995
11.100 11.100 11.200 11.600 12.000 11.300 11.400 11.300 9.800 11.900 11.300 11.200 9.800 9.900 11.800 11.700 6.100 9.800 9.900 9.900 11.600 6.200 9.800 9.800 9.800 11.400 6.100 9.700 9.700 9.900 22/12/1995
8.800 8.800 8.900 14.700 17.900 9.000 9.000 9.000 16.400 17.800 8.900 8.900 16.300 16.500 17.600 11.400 7.000 16.400 16.500 16.500 11.300 7.100 16.400 16.300 16.300 11.200 7.000 16.100 16.200 16.500 23/12/1995
6.100 6.100 6.100 8.000 11.800 6.200 6.300 6.200 11.900 11.800 6.200 6.200 11.900 12.000 11.700 11.200 13.200 11.900 12.000 12.000 11.100 13.200 11.900 11.800 11.800 10.900 13.100 11.700 11.700 12.000 24/12/1995
16.000 16.100 16.200 21.500 16.800 16.300 16.500 16.300 17.100 16.700 16.300 16.200 17.100 17.200 16.600 13.200 6.800 17.100 17.300 17.300 13.100 6.800 17.100 17.000 17.000 12.900 6.800 16.800 16.900 17.300 25/12/1995
2.800 2.800 2.800 4.400 0.700 2.800 2.900 2.800 0.800 0.700 2.800 2.800 0.800 0.800 0.700 1.000 0.000 0.800 0.800 0.800 1.000 0.000 0.800 0.800 0.800 1.000 0.000 0.800 0.800 0.800 26/12/1995
0.100 0.100 0.100 0.000 0.400 0.100 0.100 0.100 1.200 0.400 0.100 0.100 1.200 1.200 0.400 1.700 3.900 1.200 1.200 1.200 1.600 3.900 1.200 1.200 1.200 1.600 3.900 1.100 1.100 1.200 27/12/1995
1.500 1.500 1.500 0.400 3.800 1.500 1.500 1.500 4.900 3.800 1.500 1.500 4.900 5.000 3.800 2.700 12.200 4.900 5.000 5.000 2.600 12.200 4.900 4.900 4.900 2.600 12.100 4.900 4.900 5.000 28/12/1995
5.100 5.200 5.200 3.600 5.200 5.200 5.300 5.200 7.300 5.200 5.200 5.200 7.300 7.300 5.200 6.100 6.000 7.300 7.400 7.400 6.000 6.000 7.300 7.200 7.200 5.900 6.000 7.200 7.200 7.400 29/12/1995
10.300 10.300 10.400 10.700 15.300 10.500 10.600 10.500 19.300 15.200 10.500 10.400 19.200 19.300 15.100 10.900 13.900 19.200 19.400 19.400 10.800 13.900 19.300 19.100 19.100 10.700 13.800 18.900 19.000 19.400 30/12/1995
5.100 5.200 5.200 4.000 12.000 5.200 5.300 5.200 14.300 11.900 5.200 5.200 14.200 14.400 11.800 3.900 7.000 14.300 14.400 14.400 3.800 7.100 14.300 14.200 14.200 3.800 7.000 14.000 14.100 14.400 31/12/1995
8.100 8.200 8.200 17.500 22.400 8.300 8.400 8.300 17.500 22.300 8.300 8.300 17.400 17.600 22.100 14.300 16.600 17.400 17.600 17.600 14.200 16.700 17.500 17.400 17.400 14.000 16.500 17.200 17.200 17.600 01/01/1996
0.100 0.100 0.100 3.400 2.800 0.100 0.100 0.100 0.100 2.800 0.100 0.100 0.100 0.100 2.800 0.400 0.300 0.100 0.100 0.100 0.400 0.300 0.100 0.100 0.100 0.400 0.200 0.100 0.100 0.100 02/01/1996
0.000 0.000 0.000 0.000 0.000 0.000 0.000 0.000 0.000 0.000 0.000 0.000 0.000 0.000 0.000 0.000 0.000 0.000 0.000 0.000 0.000 0.000 0.000 0.000 0.000 0.000 0.000 0.000 0.000 0.000 03/01/1996
0.900 0.900 0.900 0.600 0.000 0.900 0.900 0.900 0.100 0.000 0.900 0.900 0.100 0.100 0.000 0.500 0.400 0.100 0.100 0.100 0.500 0.400 0.100 0.100 0.100 0.500 0.300 0.100 0.100 0.100 04/01/1996
20.400 20.500 20.600 15.200 13.800 20.800 21.000 20.800 21.000 13.700 20.700 20.700 20.900 21.100 13.600 14.800 17.200 21.000 21.200 21.200 14.600 17.300 21.000 20.900 20.900 14.400 17.100 20.700 20.700 21.200 05/01/1996
12.900 13.000 13.100 13.400 12.500 13.200 13.300 13.200 18.200 12.400 13.200 13.200 18.200 18.300 12.300 12.900 16.800 18.200 18.400 18.400 12.800 16.800 18.200 18.100 18.100 12.600 16.700 17.900 18.000 18.400 06/01/1996
9.400 9.500 9.500 4.400 14.100 9.600 9.700 9.600 8.300 14.000 9.600 9.600 8.200 8.300 13.900 10.200 5.000 8.200 8.300 8.300 10.100 5.000 8.300 8.200 8.200 10.000 4.900 8.100 8.100 8.300 07/01/1996
2.800 2.800 2.800 1.900 3.300 2.800 2.900 2.800 2.300 3.300 2.800 2.800 2.300 2.300 3.300 3.300 2.300 2.300 2.400 2.300 3.300 2.300 2.300 2.300 2.300 3.200 2.300 2.300 2.300 2.400 08/01/1996
6.300 6.300 6.300 8.000 19.600 6.400 6.500 6.400 11.500 19.500 6.400 6.400 11.400 11.500 19.300 6.300 9.400 11.500 11.600 11.600 6.200 9.400 11.500 11.400 11.400 6.100 9.300 11.300 11.300 11.600 09/01/1996
6.800 6.800 6.900 12.800 15.000 6.900 7.000 6.900 15.800 14.900 6.900 6.900 15.700 15.900 14.800 4.200 6.600 15.800 16.000 15.900 4.200 6.700 15.800 15.700 15.700 4.100 6.600 15.500 15.600 15.900 10/01/1996
16.200 16.300 16.400 15.700 11.400 16.500 16.700 16.500 7.400 11.300 16.500 16.500 7.400 7.400 11.200 15.500 8.500 7.400 7.500 7.500 15.400 8.500 7.400 7.300 7.300 15.200 8.400 7.300 7.300 7.500 11/01/1996
0.400 0.400 0.400 0.000 0.000 0.400 0.400 0.400 0.000 0.000 0.400 0.400 0.000 0.000 0.000 0.400 0.100 0.000 0.000 0.000 0.400 0.100 0.000 0.000 0.000 0.400 0.100 0.000 0.000 0.000 12/01/1996
0.000 0.000 0.000 0.000 0.000 0.000 0.000 0.000 0.000 0.000 0.000 0.000 0.000 0.000 0.000 0.000 0.000 0.000 0.000 0.000 0.000 0.000 0.000 0.000 0.000 0.000 0.000 0.000 0.000 0.000 13/01/1996
0.000 0.000 0.000 0.000 0.000 0.000 0.000 0.000 0.000 0.000 0.000 0.000 0.000 0.000 0.000 0.000 0.000 0.000 0.000 0.000 0.000 0.000 0.000 0.000 0.000 0.000 0.000 0.000 0.000 0.000 14/01/1996
0.000 0.000 0.000 0.000 0.000 0.000 0.000 0.000 0.000 0.000 0.000 0.000 0.000 0.000 0.000 0.000 0.000 0.000 0.000 0.000 0.000 0.000 0.000 0.000 0.000 0.000 0.000 0.000 0.000 0.000 15/01/1996
0.000 0.000 0.000 0.000 0.000 0.000 0.000 0.000 0.000 0.000 0.000 0.000 0.000 0.000 0.000 0.000 0.000 0.000 0.000 0.000 0.000 0.000 0.000 0.000 0.000 0.000 0.000 0.000 0.000 0.000 16/01/1996
0.000 0.000 0.000 0.000 0.000 0.000 0.000 0.000 0.000 0.000 0.000 0.000 0.000 0.000 0.000 0.000 0.000 0.000 0.000 0.000 0.000 0.000 0.000 0.000 0.000 0.000 0.000 0.000 0.000 0.000 17/01/1996
0.000 0.000 0.000 0.000 0.000 0.000 0.000 0.000 0.000 0.000 0.000 0.000 0.000 0.000 0.000 0.000 0.000 0.000 0.000 0.000 0.000 0.000 0.000 0.000 0.000 0.000 0.000 0.000 0.000 0.000 18/01/1996
0.000 0.000 0.000 0.000 0.000 0.000 0.000 0.000 0.000 0.000 0.000 0.000 0.000 0.000 0.000 0.000 0.000 0.000 0.000 0.000 0.000 0.000 0.000 0.000 0.000 0.000 0.000 0.000 0.000 0.000 19/01/1996
0.000 0.000 0.000 0.000 0.000 0.000 0.000 0.000 0.000 0.000 0.000 0.000 0.000 0.000 0.000 0.000 0.000 0.000 0.000 0.000 0.000 0.000 0.000 0.000 0.000 0.000 0.000 0.000 0.000 0.000 20/01/1996
0.000 0.000 0.000 0.000 0.000 0.000 0.000 0.000 0.000 0.000 0.000 0.000 0.000 0.000 0.000 0.000 0.000 0.000 0.000 0.000 0.000 0.000 0.000 0.000 0.000 0.000 0.000 0.000 0.000 0.000 21/01/1996
13.700 13.800 13.800 10.500 13.000 14.000 14.100 14.000 16.100 12.900 13.900 13.900 16.000 16.200 12.800 12.300 10.600 16.100 16.200 16.200 12.200 10.600 16.100 16.000 16.000 12.000 10.500 15.800 15.900 16.200 22/01/1996
6.100 6.100 6.100 3.900 6.200 6.200 6.200 6.200 4.900 6.200 6.200 6.100 4.900 5.000 6.100 6.400 5.300 4.900 5.000 5.000 6.300 5.300 4.900 4.900 4.900 6.300 5.300 4.900 4.900 5.000 23/01/1996
1.900 1.900 1.900 0.600 2.500 2.000 2.000 2.000 2.300 2.500 1.900 1.900 2.300 2.300 2.500 3.000 5.700 2.300 2.300 2.300 2.900 5.700 2.300 2.300 2.300 2.900 5.700 2.200 2.200 2.300 24/01/1996
0.000 0.000 0.000 0.100 0.100 0.000 0.000 0.000 0.000 0.100 0.000 0.000 0.000 0.000 0.100 0.000 0.100 0.000 0.000 0.000 0.000 0.100 0.000 0.000 0.000 0.000 0.100 0.000 0.000 0.000 25/01/1996
2.600 2.600 2.600 1.900 1.300 2.600 2.600 2.600 1.200 1.300 2.600 2.600 1.200 1.200 1.300 0.300 2.200 1.200 1.200 1.200 0.300 2.200 1.200 1.200 1.200 0.200 2.200 1.100 1.100 1.200 26/01/1996
0.000 0.000 0.000 0.000 0.000 0.000 0.000 0.000 0.000 0.000 0.000 0.000 0.000 0.000 0.000 0.000 0.000 0.000 0.000 0.000 0.000 0.000 0.000 0.000 0.000 0.000 0.000 0.000 0.000 0.000 27/01/1996
0.000 0.000 0.000 0.400 0.400 0.000 0.000 0.000 0.100 0.400 0.000 0.000 0.100 0.100 0.400 0.000 0.000 0.100 0.100 0.100 0.000 0.000 0.100 0.100 0.100 0.000 0.000 0.100 0.100 0.100 28/01/1996
0.000 0.000 0.000 0.000 0.000 0.000 0.000 0.000 0.000 0.000 0.000 0.000 0.000 0.000 0.000 0.000 0.000 0.000 0.000 0.000 0.000 0.000 0.000 0.000 0.000 0.000 0.000 0.000 0.000 0.000 29/01/1996
0.000 0.000 0.000 0.000 0.000 0.000 0.000 0.000 0.000 0.000 0.000 0.000 0.000 0.000 0.000 0.000 0.000 0.000 0.000 0.000 0.000 0.000 0.000 0.000 0.000 0.000 0.000 0.000 0.000 0.000 30/01/1996
0.000 0.000 0.000 0.000 0.000 0.000 0.000 0.000 0.000 0.000 0.000 0.000 0.000 0.000 0.000 0.000 0.000 0.000 0.000 0.000 0.000 0.000 0.000 0.000 0.000 0.000 0.000 0.000 0.000 0.000 31/01/1996
3.100 3.100 3.100 4.400 2.300 3.100 3.200 3.100 2.100 2.300 3.100 3.100 2.100 2.100 2.300 1.700 1.200 2.100 2.100 2.100 1.700 1.200 2.100 2.100 2.100 1.600 1.200 2.100 2.100 2.100 01/02/1996
3.200 3.200 3.200 3.200 4.400 3.200 3.200 3.200 3.700 4.400 3.200 3.200 3.700 3.700 4.400 2.800 4.100 3.700 3.700 3.700 2.800 4.200 3.700 3.700 3.700 2.800 4.100 3.600 3.700 3.700 02/02/1996
0.000 0.000 0.000 0.000 0.000 0.000 0.000 0.000 0.000 0.000 0.000 0.000 0.000 0.000 0.000 0.000 0.000 0.000 0.000 0.000 0.000 0.000 0.000 0.000 0.000 0.000 0.000 0.000 0.000 0.000 03/02/1996
0.000 0.000 0.000 0.000 0.000 0.000 0.000 0.000 0.000 0.000 0.000 0.000 0.000 0.000 0.000 0.100 0.000 0.000 0.000 0.000 0.100 0.000 0.000 0.000 0.000 0.100 0.000 0.000 0.000 0.000 04/02/1996
3.100 2.900 2.700 0.000 0.000 2.400 2.100 2.400 0.000 0.000 2.500 2.500 0.000 0.000 0.000 10.100 8.800 0.000 0.000 0.000 10.000 8.800 0.000 0.000 0.000 9.900 8.800 0.000 0.000 0.000 05/02/1996
10.800 10.700 10.700 6.800 5.200 10.600 10.500 10.600 8.700 5.400 10.600 10.600 8.900 8.400 5.600 8.200 6.400 8.800 8.200 8.300 8.100 6.500 8.700 9.000 9.000 8.000 6.400 9.500 9.400 8.300 06/02/1996
10.700 10.700 10.800 7.200 17.100 10.900 11.000 10.900 16.400 17.100 10.800 10.800 16.300 16.500 16.900 12.200 12.200 16.400 16.500 16.500 12.100 12.300 16.400 16.300 16.300 11.900 12.200 16.100 16.200 16.500 07/02/1996
0.000 0.000 0.000 0.000 0.000 0.000 0.000 0.000 0.000 0.000 0.000 0.000 0.000 0.000 0.000 0.000 0.000 0.000 0.000 0.000 0.000 0.000 0.000 0.000 0.000 0.000 0.000 0.000 0.000 0.000 08/02/1996
1.400 1.400 1.400 2.000 2.800 1.400 1.400 1.400 2.900 2.800 1.400 1.400 2.900 2.900 2.800 2.600 3.500 2.900 2.900 2.900 2.600 3.500 2.900 2.800 2.800 2.500 3.500 2.800 2.800 2.900 09/02/1996
2.800 2.900 2.900 3.900 4.900 2.900 2.900 2.900 4.500 4.800 2.900 2.900 4.500 4.500 4.800 5.500 5.100 4.500 4.500 4.500 5.500 5.100 4.500 4.500 4.500 5.400 5.000 4.400 4.400 4.500 10/02/1996
5.500 5.500 5.500 4.700 6.800 5.600 5.600 5.600 7.200 6.800 5.600 5.600 7.200 7.200 6.700 6.800 7.300 7.200 7.300 7.300 6.700 7.300 7.200 7.100 7.100 6.600 7.200 7.100 7.100 7.300 11/02/1996
15.800 16.000 16.000 17.100 18.800 16.200 16.300 16.200 10.200 18.700 16.100 16.100 10.100 10.200 18.500 15.200 10.400 10.200 10.300 10.300 15.100 10.400 10.200 10.100 10.100 14.900 10.300 10.000 10.000 10.300 12/02/1996
0.000 0.000 0.000 0.200 0.100 0.000 0.000 0.000 0.000 0.100 0.000 0.000 0.000 0.000 0.100 0.100 0.000 0.000 0.000 0.000 0.100 0.000 0.000 0.000 0.000 0.100 0.000 0.000 0.000 0.000 13/02/1996
0.000 0.000 0.000 0.000 0.000 0.000 0.000 0.000 0.000 0.000 0.000 0.000 0.000 0.000 0.000 0.000 0.000 0.000 0.000 0.000 0.000 0.000 0.000 0.000 0.000 0.000 0.000 0.000 0.000 0.000 14/02/1996
0.000 0.000 0.000 0.000 0.000 0.000 0.000 0.000 0.000 0.000 0.000 0.000 0.000 0.000 0.000 0.000 0.000 0.000 0.000 0.000 0.000 0.000 0.000 0.000 0.000 0.000 0.000 0.000 0.000 0.000 15/02/1996
0.200 0.200 0.200 0.200 1.100 0.200 0.200 0.200 0.300 1.100 0.200 0.200 0.300 0.300 1.100 0.100 0.300 0.300 0.300 0.300 0.100 0.300 0.300 0.300 0.300 0.100 0.300 0.300 0.300 0.300 16/02/1996
0.000 0.000 0.000 0.000 0.000 0.000 0.000 0.000 0.200 0.000 0.000 0.000 0.200 0.200 0.000 0.000 0.000 0.200 0.200 0.200 0.000 0.000 0.200 0.200 0.200 0.000 0.000 0.200 0.200 0.200 17/02/1996
5.500 5.500 5.600 9.600 9.000 5.600 5.700 5.600 8.700 8.900 5.600 5.600 8.700 8.700 8.800 9.700 11.300 8.700 8.800 8.800 9.600 11.300 8.700 8.600 8.600 9.500 11.200 8.500 8.600 8.800 18/02/1996
2.400 2.400 2.400 4.300 3.400 2.400 2.500 2.400 2.200 3.400 2.400 2.400 2.200 2.200 3.300 1.700 1.700 2.200 2.200 2.200 1.700 1.700 2.200 2.200 2.200 1.700 1.700 2.100 2.100 2.200 19/02/1996
0.000 0.000 0.000 0.000 0.000 0.000 0.000 0.000 0.000 0.000 0.000 0.000 0.000 0.000 0.000 0.000 0.000 0.000 0.000 0.000 0.000 0.000 0.000 0.000 0.000 0.000 0.000 0.000 0.000 0.000 20/02/1996
0.000 0.000 0.000 0.000 0.000 0.000 0.000 0.000 0.000 0.000 0.000 0.000 0.000 0.000 0.000 0.000 0.000 0.000 0.000 0.000 0.000 0.000 0.000 0.000 0.000 0.000 0.000 0.000 0.000 0.000 21/02/1996
1.100 1.000 0.900 0.700 0.000 0.800 0.700 0.800 0.100 0.000 0.900 0.900 0.100 0.100 0.000 2.200 1.900 0.100 0.100 0.100 2.300 1.900 0.100 0.100 0.100 2.500 2.000 0.200 0.200 0.100 22/02/1996
0.200 0.200 0.200 0.000 0.000 0.200 0.200 0.200 0.000 0.000 0.200 0.200 0.000 0.000 0.000 0.000 0.000 0.000 0.000 0.000 0.000 0.000 0.000 0.000 0.000 0.000 0.000 0.000 0.000 0.000 23/02/1996
0.300 0.300 0.300 0.000 0.000 0.300 0.300 0.300 0.000 0.000 0.300 0.300 0.000 0.000 0.000 0.500 0.000 0.000 0.000 0.000 0.500 0.000 0.000 0.000 0.000 0.500 0.000 0.000 0.000 0.000 24/02/1996
4.300 4.400 4.400 2.800 0.000 4.400 4.500 4.400 0.000 0.000 4.400 4.400 0.000 0.000 0.000 3.300 0.800 0.000 0.000 0.000 3.200 0.800 0.000 0.000 0.000 3.200 0.800 0.000 0.000 0.000 25/02/1996
5.600 5.600 5.600 4.700 0.100 5.700 5.700 5.700 1.200 0.100 5.700 5.600 1.200 1.200 0.100 6.200 2.300 1.200 1.200 1.200 6.100 2.300 1.200 1.200 1.200 6.000 2.200 1.200 1.200 1.200 26/02/1996
0.000 0.000 0.000 0.000 0.000 0.000 0.000 0.000 0.000 0.000 0.000 0.000 0.000 0.000 0.000 0.000 0.000 0.000 0.000 0.000 0.000 0.000 0.000 0.000 0.000 0.000 0.000 0.000 0.000 0.000 27/02/1996
0.000 0.000 0.000 0.000 0.000 0.000 0.000 0.000 0.000 0.000 0.000 0.000 0.000 0.000 0.000 0.000 0.000 0.000 0.000 0.000 0.000 0.000 0.000 0.000 0.000 0.000 0.000 0.000 0.000 0.000 28/02/1996
0.000 0.000 0.000 0.000 0.000 0.000 0.000 0.000 0.000 0.000 0.000 0.000 0.000 0.000 0.000 0.000 0.000 0.000 0.000 0.000 0.000 0.000 0.000 0.000 0.000 0.000 0.000 0.000 0.000 0.000 29/02/1996
0.000 0.000 0.000 0.000 0.000 0.000 0.000 0.000 0.000 0.000 0.000 0.000 0.000 0.000 0.000 0.000 0.000 0.000 0.000 0.000 0.000 0.000 0.000 0.000 0.000 0.000 0.000 0.000 0.000 0.000 01/03/1996
0.000 0.000 0.000 0.000 0.000 0.000 0.000 0.000 0.000 0.000 0.000 0.000 0.000 0.000 0.000 0.000 0.000 0.000 0.000 0.000 0.000 0.000 0.000 0.000 0.000 0.000 0.000 0.000 0.000 0.000 02/03/1996
0.100 0.100 0.100 0.200 0.800 0.100 0.100 0.100 1.000 0.800 0.100 0.100 1.000 1.000 0.800 0.000 0.000 1.000 1.000 1.000 0.000 0.000 1.000 1.000 1.000 0.000 0.000 1.000 1.000 1.000 03/03/1996
0.000 0.000 0.000 0.000 0.000 0.000 0.000 0.000 0.000 0.000 0.000 0.000 0.000 0.000 0.000 0.000 0.000 0.000 0.000 0.000 0.000 0.000 0.000 0.000 0.000 0.000 0.000 0.000 0.000 0.000 04/03/1996
0.000 0.000 0.000 0.000 0.000 0.000 0.000 0.000 0.000 0.000 0.000 0.000 0.000 0.000 0.000 0.000 0.000 0.000 0.000 0.000 0.000 0.000 0.000 0.000 0.000 0.000 0.000 0.000 0.000 0.000 05/03/1996
0.000 0.000 0.000 0.000 0.000 0.000 0.000 0.000 0.000 0.000 0.000 0.000 0.000 0.000 0.000 0.000 0.000 0.000 0.000 0.000 0.000 0.000 0.000 0.000 0.000 0.000 0.000 0.000 0.000 0.000 06/03/1996
1.300 1.300 1.300 2.200 0.000 1.300 1.300 1.300 0.000 0.000 1.300 1.300 0.000 0.000 0.000 0.500 0.000 0.000 0.000 0.000 0.500 0.000 0.000 0.000 0.000 0.500 0.000 0.000 0.000 0.000 07/03/1996
0.200 0.200 0.200 1.200 0.000 0.200 0.200 0.200 0.200 0.000 0.200 0.200 0.200 0.200 0.000 0.000 0.000 0.200 0.200 0.200 0.000 0.000 0.200 0.200 0.200 0.000 0.000 0.200 0.200 0.200 08/03/1996
0.000 0.000 0.000 0.000 0.000 0.000 0.000 0.000 0.000 0.000 0.000 0.000 0.000 0.000 0.000 0.000 0.000 0.000 0.000 0.000 0.000 0.000 0.000 0.000 0.000 0.000 0.000 0.000 0.000 0.000 09/03/1996
0.000 0.000 0.000 0.000 0.000 0.000 0.000 0.000 0.000 0.000 0.000 0.000 0.000 0.000 0.000 0.000 0.000 0.000 0.000 0.000 0.000 0.000 0.000 0.000 0.000 0.000 0.000 0.000 0.000 0.000 10/03/1996
0.000 0.000 0.000 0.000 0.000 0.000 0.000 0.000 0.000 0.000 0.000 0.000 0.000 0.000 0.000 0.000 0.000 0.000 0.000 0.000 0.000 0.000 0.000 0.000 0.000 0.000 0.000 0.000 0.000 0.000 11/03/1996
0.000 0.000 0.000 0.000 0.000 0.000 0.000 0.000 0.000 0.000 0.000 0.000 0.000 0.000 0.000 0.000 0.000 0.000 0.000 0.000 0.000 0.000 0.000 0.000 0.000 0.000 0.000 0.000 0.000 0.000 12/03/1996
0.000 0.000 0.000 0.000 0.000 0.000 0.000 0.000 0.000 0.000 0.000 0.000 0.000 0.000 0.000 0.000 0.000 0.000 0.000 0.000 0.000 0.000 0.000 0.000 0.000 0.000 0.000 0.000 0.000 0.000 13/03/1996
1.200 1.200 1.300 1.400 3.800 1.300 1.300 1.300 6.000 3.800 1.300 1.300 6.000 6.000 3.700 0.800 1.400 6.000 6.000 6.000 0.800 1.400 6.000 5.900 5.900 0.800 1.400 5.900 5.900 6.000 14/03/1996
0.100 0.100 0.100 1.800 3.700 0.100 0.100 0.100 0.800 3.700 0.100 0.100 0.800 0.800 3.700 0.000 0.100 0.800 0.800 0.800 0.000 0.100 0.800 0.800 0.800 0.000 0.100 0.800 0.800 0.800 15/03/1996
0.000 0.000 0.000 0.000 0.000 0.000 0.000 0.000 0.000 0.000 0.000 0.000 0.000 0.000 0.000 0.000 0.300 0.000 0.000 0.000 0.000 0.300 0.000 0.000 0.000 0.000 0.300 0.000 0.000 0.000 16/03/1996
0.000 0.000 0.000 0.000 0.000 0.000 0.000 0.000 0.000 0.000 0.000 0.000 0.000 0.000 0.000 0.000 0.000 0.000 0.000 0.000 0.000 0.000 0.000 0.000 0.000 0.000 0.000 0.000 0.000 0.000 17/03/1996
0.000 0.000 0.000 0.000 0.000 0.000 0.000 0.000 0.000 0.000 0.000 0.000 0.000 0.000 0.000 0.000 0.000 0.000 0.000 0.000 0.000 0.000 0.000 0.000 0.000 0.000 0.000 0.000 0.000 0.000 18/03/1996
1.600 1.600 1.600 2.100 1.300 1.700 1.700 1.700 1.900 1.300 1.700 1.700 1.900 1.900 1.300 0.600 0.400 1.900 1.900 1.900 0.600 0.400 1.900 1.900 1.900 0.600 0.400 1.800 1.800 1.900 19/03/1996
0.900 0.900 0.900 1.500 3.200 0.900 0.900 0.900 2.300 3.200 0.900 0.900 2.300 2.300 3.100 1.000 1.700 2.300 2.300 2.300 1.000 1.700 2.300 2.300 2.300 1.000 1.700 2.300 2.300 2.300 20/03/1996
0.000 0.000 0.000 0.000 0.000 0.000 0.000 0.000 0.000 0.000 0.000 0.000 0.000 0.000 0.000 0.000 0.000 0.000 0.000 0.000 0.000 0.000 0.000 0.000 0.000 0.000 0.000 0.000 0.000 0.000 21/03/1996
0.000 0.000 0.000 0.000 0.000 0.000 0.000 0.000 0.000 0.000 0.000 0.000 0.000 0.000 0.000 0.000 0.000 0.000 0.000 0.000 0.000 0.000 0.000 0.000 0.000 0.000 0.000 0.000 0.000 0.000 22/03/1996
0.000 0.000 0.000 0.000 0.000 0.000 0.000 0.000 0.000 0.000 0.000 0.000 0.000 0.000 0.000 0.000 0.000 0.000 0.000 0.000 0.000 0.000 0.000 0.000 0.000 0.000 0.000 0.000 0.000 0.000 23/03/1996
1.000 1.000 1.000 1.100 0.100 1.000 1.000 1.000 1.000 0.100 1.000 1.000 1.000 1.000 0.100 1.600 0.700 1.000 1.000 1.000 1.600 0.700 1.000 1.000 1.000 1.600 0.700 1.000 1.000 1.000 24/03/1996
0.400 0.400 0.400 0.100 1.100 0.400 0.400 0.400 4.200 1.100 0.400 0.400 4.100 4.200 1.100 1.800 3.800 4.100 4.200 4.200 1.800 3.900 4.200 4.100 4.100 1.700 3.800 4.100 4.100 4.200 25/03/1996
12.400 12.500 12.600 3.900 11.800 12.700 12.800 12.700 19.800 11.700 12.600 12.600 19.700 19.900 11.600 17.100 18.200 19.700 19.900 19.900 16.900 18.300 19.800 19.600 19.600 16.700 18.100 19.400 19.500 19.900 26/03/1996
5.800 5.900 5.900 0.100 11.200 5.900 6.000 5.900 7.900 11.100 5.900 5.900 7.900 8.000 11.000 6.500 6.800 7.900 8.000 8.000 6.400 6.800 7.900 7.900 7.900 6.400 6.700 7.800 7.800 8.000 27/03/1996
0.000 0.000 0.000 0.000 0.000 0.000 0.000 0.000 0.000 0.000 0.000 0.000 0.000 0.000 0.000 0.000 0.000 0.000 0.000 0.000 0.000 0.000 0.000 0.000 0.000 0.000 0.000 0.000 0.000 0.000 28/03/1996
0.000 0.000 0.000 0.000 0.000 0.000 0.000 0.000 0.000 0.000 0.000 0.000 0.000 0.000 0.000 0.000 0.000 0.000 0.000 0.000 0.000 0.000 0.000 0.000 0.000 0.000 0.000 0.000 0.000 0.000 29/03/1996
0.000 0.000 0.000 0.000 0.000 0.000 0.000 0.000 0.000 0.000 0.000 0.000 0.000 0.000 0.000 0.000 0.000 0.000 0.000 0.000 0.000 0.000 0.000 0.000 0.000 0.000 0.000 0.000 0.000 0.000 30/03/1996
0.900 0.900 0.900 0.100 0.800 0.900 0.900 0.900 1.800 0.800 0.900 0.900 1.800 1.800 0.800 4.600 4.800 1.800 1.800 1.800 4.500 4.800 1.800 1.800 1.800 4.500 4.800 1.800 1.800 1.800 31/03/1996
12.800 12.900 12.900 8.400 8.600 13.000 13.100 13.000 12.800 8.600 13.000 13.000 12.700 12.800 8.500 12.400 12.000 12.700 12.900 12.900 12.300 12.000 12.800 12.700 12.700 12.100 11.900 12.600 12.600 12.900 01/04/1996
0.000 0.000 0.000 0.000 0.000 0.000 0.000 0.000 0.000 0.000 0.000 0.000 0.000 0.000 0.000 0.000 0.000 0.000 0.000 0.000 0.000 0.000 0.000 0.000 0.000 0.000 0.000 0.000 0.000 0.000 02/04/1996
0.000 0.000 0.000 0.000 0.000 0.000 0.000 0.000 0.000 0.000 0.000 0.000 0.000 0.000 0.000 0.000 0.000 0.000 0.000 0.000 0.000 0.000 0.000 0.000 0.000 0.000 0.000 0.000 0.000 0.000 03/04/1996
0.000 0.000 0.000 0.000 0.000 0.000 0.000 0.000 0.000 0.000 0.000 0.000 0.000 0.000 0.000 0.000 0.000 0.000 0.000 0.000 0.000 0.000 0.000 0.000 0.000 0.000 0.000 0.000 0.000 0.000 04/04/1996
0.000 0.000 0.000 0.000 0.000 0.000 0.000 0.000 0.000 0.000 0.000 0.000 0.000 0.000 0.000 0.000 0.000 0.000 0.000 0.000 0.000 0.000 0.000 0.000 0.000 0.000 0.000 0.000 0.000 0.000 05/04/1996
0.000 0.000 0.000 0.000 0.000 0.000 0.000 0.000 0.000 0.000 0.000 0.000 0.000 0.000 0.000 0.000 0.000 0.000 0.000 0.000 0.000 0.000 0.000 0.000 0.000 0.000 0.000 0.000 0.000 0.000 06/04/1996
0.000 0.000 0.000 0.000 0.000 0.000 0.000 0.000 0.000 0.000 0.000 0.000 0.000 0.000 0.000 0.000 0.000 0.000 0.000 0.000 0.000 0.000 0.000 0.000 0.000 0.000 0.000 0.000 0.000 0.000 07/04/1996
0.000 0.000 0.000 0.000 0.000 0.000 0.000 0.000 0.000 0.000 0.000 0.000 0.000 0.000 0.000 0.000 0.000 0.000 0.000 0.000 0.000 0.000 0.000 0.000 0.000 0.000 0.000 0.000 0.000 0.000 08/04/1996
0.000 0.000 0.000 0.000 0.000 0.000 0.000 0.000 0.000 0.000 0.000 0.000 0.000 0.000 0.000 0.000 0.000 0.000 0.000 0.000 0.000 0.000 0.000 0.000 0.000 0.000 0.000 0.000 0.000 0.000 09/04/1996
2.200 2.200 2.200 2.500 3.200 2.200 2.200 2.200 5.400 3.100 2.200 2.200 5.400 5.500 3.100 2.000 1.000 5.400 5.500 5.500 2.000 1.000 5.400 5.400 5.400 2.000 1.000 5.400 5.400 5.500 10/04/1996
0.000 0.000 0.000 0.000 0.000 0.000 0.000 0.000 0.000 0.000 0.000 0.000 0.000 0.000 0.000 0.000 0.000 0.000 0.000 0.000 0.000 0.000 0.000 0.000 0.000 0.000 0.000 0.000 0.000 0.000 11/04/1996
0.000 0.000 0.000 0.000 0.000 0.000 0.000 0.000 0.000 0.000 0.000 0.000 0.000 0.000 0.000 0.000 0.000 0.000 0.000 0.000 0.000 0.000 0.000 0.000 0.000 0.000 0.000 0.000 0.000 0.000 12/04/1996
0.000 0.000 0.000 0.400 0.100 0.000 0.000 0.000 0.000 0.100 0.000 0.000 0.000 0.000 0.100 0.000 0.000 0.000 0.000 0.000 0.000 0.000 0.000 0.000 0.000 0.000 0.000 0.000 0.000 0.000 13/04/1996
0.000 0.000 0.000 0.000 0.000 0.000 0.000 0.000 0.000 0.000 0.000 0.000 0.000 0.000 0.000 0.000 0.000 0.000 0.000 0.000 0.000 0.000 0.000 0.000 0.000 0.000 0.000 0.000 0.000 0.000 14/04/1996
0.000 0.000 0.000 0.000 0.000 0.000 0.000 0.000 0.000 0.000 0.000 0.000 0.000 0.000 0.000 0.000 0.000 0.000 0.000 0.000 0.000 0.000 0.000 0.000 0.000 0.000 0.000 0.000 0.000 0.000 15/04/1996
4.200 4.300 4.300 3.900 9.200 4.300 4.300 4.300 6.500 9.100 4.300 4.300 6.400 6.500 9.100 4.100 3.900 6.400 6.500 6.500 4.000 3.900 6.500 6.400 6.400 4.000 3.800 6.400 6.400 6.500 16/04/1996
1.700 1.700 1.700 0.900 2.900 1.700 1.700 1.700 2.900 2.900 1.700 1.700 2.900 2.900 2.800 2.000 3.100 2.900 2.900 2.900 2.000 3.100 2.900 2.800 2.800 2.000 3.100 2.800 2.800 2.900 17/04/1996
0.000 0.000 0.000 0.000 0.000 0.000 0.000 0.000 0.000 0.000 0.000 0.000 0.000 0.000 0.000 0.000 0.000 0.000 0.000 0.000 0.000 0.000 0.000 0.000 0.000 0.000 0.000 0.000 0.000 0.000 18/04/1996
0.000 0.000 0.000 0.000 0.000 0.000 0.000 0.000 0.000 0.000 0.000 0.000 0.000 0.000 0.000 0.000 0.000 0.000 0.000 0.000 0.000 0.000 0.000 0.000 0.000 0.000 0.000 0.000 0.000 0.000 19/04/1996
0.000 0.000 0.000 0.000 0.000 0.000 0.000 0.000 0.000 0.000 0.000 0.000 0.000 0.000 0.000 0.000 0.000 0.000 0.000 0.000 0.000 0.000 0.000 0.000 0.000 0.000 0.000 0.000 0.000 0.000 20/04/1996
0.300 0.300 0.300 0.700 0.000 0.400 0.400 0.400 0.000 0.000 0.400 0.400 0.000 0.000 0.000 1.500 0.000 0.000 0.000 0.000 1.500 0.000 0.000 0.000 0.000 1.500 0.000 0.000 0.000 0.000 21/04/1996
12.700 12.800 12.800 11.100 24.400 12.900 13.000 12.900 21.900 24.300 12.900 12.900 21.800 22.000 24.000 11.700 18.500 21.900 22.100 22.100 11.500 18.500 21.900 21.800 21.800 11.400 18.300 21.600 21.600 22.100 22/04/1996
5.100 5.100 5.200 1.700 1.500 5.200 5.300 5.200 2.600 1.500 5.200 5.200 2.600 2.600 1.500 2.000 1.400 2.600 2.600 2.600 2.000 1.400 2.600 2.600 2.600 2.000 1.400 2.600 2.600 2.600 23/04/1996
0.900 0.900 0.900 2.300 0.000 0.900 0.900 0.900 0.000 0.000 0.900 0.900 0.000 0.000 0.000 0.100 0.100 0.000 0.000 0.000 0.100 0.100 0.000 0.000 0.000 0.100 0.100 0.000 0.000 0.000 24/04/1996
0.000 0.000 0.000 0.000 0.000 0.000 0.000 0.000 0.000 0.000 0.000 0.000 0.000 0.000 0.000 0.000 0.000 0.000 0.000 0.000 0.000 0.000 0.000 0.000 0.000 0.000 0.000 0.000 0.000 0.000 25/04/1996
0.000 0.000 0.000 0.000 0.000 0.000 0.000 0.000 0.000 0.000 0.000 0.000 0.000 0.000 0.000 0.000 0.000 0.000 0.000 0.000 0.000 0.000 0.000 0.000 0.000 0.000 0.000 0.000 0.000 0.000 26/04/1996
0.000 0.000 0.000 0.000 0.000 0.000 0.000 0.000 0.000 0.000 0.000 0.000 0.000 0.000 0.000 0.000 0.600 0.000 0.000 0.000 0.000 0.600 0.000 0.000 0.000 0.000 0.600 0.000 0.000 0.000 27/04/1996
0.200 0.200 0.200 0.100 0.100 0.200 0.200 0.200 3.500 0.100 0.200 0.200 3.500 3.500 0.100 0.100 3.100 3.500 3.500 3.500 0.100 3.100 3.500 3.500 3.500 0.100 3.100 3.400 3.400 3.500 28/04/1996
1.100 1.100 1.100 0.200 2.500 1.100 1.200 1.100 0.300 2.500 1.100 1.100 0.300 0.300 2.500 0.500 3.600 0.300 0.300 0.300 0.500 3.600 0.300 0.300 0.300 0.500 3.600 0.300 0.300 0.300 29/04/1996
0.000 0.000 0.000 0.000 0.600 0.000 0.000 0.000 1.800 0.600 0.000 0.000 1.800 1.800 0.600 0.400 1.400 1.800 1.800 1.800 0.400 1.400 1.800 1.800 1.800 0.400 1.400 1.800 1.800 1.800 30/04/1996
5.800 5.800 5.800 6.900 7.000 5.900 5.900 5.900 10.100 7.000 5.900 5.900 10.100 10.200 6.900 7.300 8.400 10.100 10.200 10.200 7.200 8.400 10.100 10.000 10.000 7.200 8.300 9.900 10.000 10.200 01/05/1996
14.000 14.100 14.200 11.200 17.500 14.300 14.400 14.300 13.100 17.400 14.300 14.200 13.100 13.200 17.300 19.200 13.300 13.100 13.200 13.200 19.000 13.300 13.100 13.000 13.000 18.800 13.200 12.900 12.900 13.200 02/05/1996
0.300 0.300 0.300 2.900 5.000 0.300 0.300 0.300 0.800 5.000 0.300 0.300 0.800 0.800 4.900 0.900 0.200 0.800 0.800 0.800 0.900 0.200 0.800 0.800 0.800 0.900 0.200 0.800 0.800 0.800 03/05/1996
0.000 0.000 0.000 0.000 0.000 0.000 0.000 0.000 0.000 0.000 0.000 0.000 0.000 0.000 0.000 0.000 0.000 0.000 0.000 0.000 0.000 0.000 0.000 0.000 0.000 0.000 0.000 0.000 0.000 0.000 04/05/1996
0.000 0.000 0.000 0.000 0.000 0.000 0.000 0.000 0.000 0.000 0.000 0.000 0.000 0.000 0.000 0.000 0.000 0.000 0.000 0.000 0.000 0.000 0.000 0.000 0.000 0.000 0.000 0.000 0.000 0.000 05/05/1996
0.000 0.000 0.000 0.000 0.000 0.000 0.000 0.000 0.000 0.000 0.000 0.000 0.000 0.000 0.000 0.000 0.000 0.000 0.000 0.000 0.000 0.000 0.000 0.000 0.000 0.000 0.000 0.000 0.000 0.000 06/05/1996
5.700 5.700 5.800 5.400 3.700 5.800 5.900 5.800 8.400 3.700 5.800 5.800 8.400 8.500 3.600 7.500 7.400 8.400 8.500 8.500 7.400 7.400 8.400 8.400 8.400 7.300 7.300 8.300 8.300 8.500 07/05/1996
2.000 2.000 2.000 7.300 7.300 2.000 2.100 2.000 13.700 7.200 2.000 2.000 13.600 13.700 7.200 0.600 4.600 13.700 13.800 13.800 0.600 4.600 13.700 13.600 13.600 0.600 4.600 13.500 13.500 13.800 08/05/1996
0.000 0.000 0.000 0.000 0.000 0.000 0.000 0.000 0.100 0.000 0.000 0.000 0.100 0.100 0.000 0.400 0.300 0.100 0.100 0.100 0.400 0.300 0.100 0.100 0.100 0.400 0.300 0.100 0.100 0.100 09/05/1996
0.000 0.000 0.000 0.000 0.000 0.000 0.000 0.000 0.000 0.000 0.000 0.000 0.000 0.000 0.000 0.000 0.000 0.000 0.000 0.000 0.000 0.000 0.000 0.000 0.000 0.000 0.000 0.000 0.000 0.000 10/05/1996
0.000 0.000 0.000 0.000 2.300 0.000 0.000 0.000 4.700 2.300 0.000 0.000 4.600 4.700 2.300 0.600 3.700 4.600 4.700 4.700 0.600 3.700 4.700 4.600 4.600 0.600 3.700 4.600 4.600 4.700 11/05/1996
0.000 0.000 0.000 0.000 0.000 0.000 0.000 0.000 0.000 0.000 0.000 0.000 0.000 0.000 0.000 0.000 0.000 0.000 0.000 0.000 0.000 0.000 0.000 0.000 0.000 0.000 0.000 0.000 0.000 0.000 12/05/1996
0.000 0.000 0.000 0.000 0.000 0.000 0.000 0.000 0.000 0.000 0.000 0.000 0.000 0.000 0.000 0.000 0.000 0.000 0.000 0.000 0.000 0.000 0.000 0.000 0.000 0.000 0.000 0.000 0.000 0.000 13/05/1996
0.000 0.000 0.000 0.000 0.000 0.000 0.000 0.000 0.000 0.000 0.000 0.000 0.000 0.000 0.000 0.000 0.000 0.000 0.000 0.000 0.000 0.000 0.000 0.000 0.000 0.000 0.000 0.000 0.000 0.000 14/05/1996
0.000 0.000 0.000 0.000 0.000 0.000 0.000 0.000 0.000 0.000 0.000 0.000 0.000 0.000 0.000 0.000 0.000 0.000 0.000 0.000 0.000 0.000 0.000 0.000 0.000 0.000 0.000 0.000 0.000 0.000 15/05/1996
4.700 4.700 4.700 2.300 2.300 4.800 4.800 4.800 0.900 2.300 4.700 4.700 0.900 0.900 2.300 5.100 2.800 0.900 0.900 0.900 5.100 2.800 0.900 0.900 0.900 5.000 2.700 0.900 0.900 0.900 16/05/1996
4.300 4.300 4.300 10.100 8.000 4.300 4.400 4.300 1.600 7.900 4.300 4.300 1.600 1.700 7.800 0.700 3.400 1.600 1.700 1.700 0.700 3.400 1.600 1.600 1.600 0.700 3.300 1.600 1.600 1.700 17/05/1996
5.200 5.200 5.200 2.700 6.500 5.300 5.300 5.300 3.600 6.500 5.200 5.200 3.600 3.600 6.400 6.300 1.300 3.600 3.700 3.700 6.200 1.300 3.600 3.600 3.600 6.100 1.300 3.600 3.600 3.700 18/05/1996
1.000 1.000 1.000 0.300 1.600 1.000 1.000 1.000 1.000 1.600 1.000 1.000 1.000 1.000 1.600 0.800 0.700 1.000 1.000 1.000 0.800 0.700 1.000 1.000 1.000 0.800 0.700 1.000 1.000 1.000 19/05/1996
1.600 1.600 1.600 2.200 2.600 1.600 1.600 1.600 1.000 2.600 1.600 1.600 1.000 1.000 2.600 0.700 0.800 1.000 1.000 1.000 0.700 0.800 1.000 1.000 1.000 0.700 0.800 1.000 1.000 1.000 20/05/1996
6.000 6.100 6.100 4.800 5.100 6.100 6.200 6.100 4.000 5.100 6.100 6.100 4.000 4.000 5.000 2.600 4.900 4.000 4.000 4.000 2.600 4.900 4.000 4.000 3.900 2.500 4.900 3.900 3.900 4.000 21/05/1996
0.000 0.000 0.000 0.100 0.000 0.000 0.000 0.000 0.000 0.000 0.000 0.000 0.000 0.000 0.000 0.500 0.000 0.000 0.000 0.000 0.500 0.000 0.000 0.000 0.000 0.500 0.000 0.000 0.000 0.000 22/05/1996
0.000 0.000 0.000 0.000 0.000 0.000 0.000 0.000 0.000 0.000 0.000 0.000 0.000 0.000 0.000 0.000 0.000 0.000 0.000 0.000 0.000 0.000 0.000 0.000 0.000 0.000 0.000 0.000 0.000 0.000 23/05/1996
0.000 0.000 0.000 0.000 0.000 0.000 0.000 0.000 0.000 0.000 0.000 0.000 0.000 0.000 0.000 0.000 0.000 0.000 0.000 0.000 0.000 0.000 0.000 0.000 0.000 0.000 0.000 0.000 0.000 0.000 24/05/1996
6.900 7.000 7.000 10.300 7.000 7.000 7.100 7.000 4.900 7.000 7.000 7.000 4.900 5.000 6.900 5.900 3.000 4.900 5.000 5.000 5.800 3.000 4.900 4.900 4.900 5.700 3.000 4.900 4.900 5.000 25/05/1996
1.000 1.000 1.000 1.700 1.400 1.000 1.000 1.000 1.100 1.400 1.000 1.000 1.100 1.100 1.400 0.800 0.700 1.100 1.100 1.100 0.800 0.700 1.100 1.100 1.100 0.800 0.700 1.000 1.000 1.100 26/05/1996
0.000 0.000 0.000 0.200 0.100 0.000 0.000 0.000 0.000 0.100 0.000 0.000 0.000 0.000 0.100 0.000 0.200 0.000 0.000 0.000 0.000 0.200 0.000 0.000 0.000 0.000 0.200 0.000 0.000 0.000 27/05/1996
0.000 0.000 0.000 0.000 0.000 0.000 0.000 0.000 0.000 0.000 0.000 0.000 0.000 0.000 0.000 0.000 0.000 0.000 0.000 0.000 0.000 0.000 0.000 0.000 0.000 0.000 0.000 0.000 0.000 0.000 28/05/1996
0.000 0.000 0.000 0.000 0.000 0.000 0.000 0.000 0.000 0.000 0.000 0.000 0.000 0.000 0.000 0.000 0.000 0.000 0.000 0.000 0.000 0.000 0.000 0.000 0.000 0.000 0.000 0.000 0.000 0.000 29/05/1996
0.400 0.400 0.400 0.800 0.000 0.400 0.400 0.400 0.000 0.000 0.400 0.400 0.000 0.000 0.000 0.100 0.000 0.000 0.000 0.000 0.100 0.000 0.000 0.000 0.000 0.100 0.000 0.000 0.000 0.000 30/05/1996
11.200 11.300 11.300 12.200 17.100 11.400 11.500 11.400 14.500 17.000 11.400 11.400 14.500 14.600 16.900 10.700 11.400 14.500 14.600 14.600 10.600 11.400 14.500 14.400 14.400 10.400 11.300 14.300 14.300 14.600 31/05/1996
0.000 0.000 0.000 0.000 0.000 0.000 0.000 0.000 0.000 0.000 0.000 0.000 0.000 0.000 0.000 0.000 0.000 0.000 0.000 0.000 0.000 0.000 0.000 0.000 0.000 0.000 0.000 0.000 0.000 0.000 01/06/1996
0.000 0.000 0.000 0.000 3.500 0.000 0.000 0.000 0.100 3.500 0.000 0.000 0.100 0.100 3.400 0.000 0.100 0.100 0.100 0.100 0.000 0.100 0.100 0.100 0.100 0.000 0.100 0.100 0.100 0.100 02/06/1996
0.000 0.000 0.000 0.000 0.000 0.000 0.000 0.000 0.000 0.000 0.000 0.000 0.000 0.000 0.000 0.000 0.000 0.000 0.000 0.000 0.000 0.000 0.000 0.000 0.000 0.000 0.000 0.000 0.000 0.000 03/06/1996
0.000 0.000 0.000 0.000 0.000 0.000 0.000 0.000 0.000 0.000 0.000 0.000 0.000 0.000 0.000 0.000 0.000 0.000 0.000 0.000 0.000 0.000 0.000 0.000 0.000 0.000 0.000 0.000 0.000 0.000 04/06/1996
0.000 0.000 0.000 0.000 0.000 0.000 0.000 0.000 0.000 0.000 0.000 0.000 0.000 0.000 0.000 0.000 0.000 0.000 0.000 0.000 0.000 0.000 0.000 0.000 0.000 0.000 0.000 0.000 0.000 0.000 05/06/1996
0.000 0.000 0.000 0.000 0.000 0.000 0.000 0.000 0.000 0.000 0.000 0.000 0.000 0.000 0.000 0.000 0.000 0.000 0.000 0.000 0.000 0.000 0.000 0.000 0.000 0.000 0.000 0.000 0.000 0.000 06/06/1996
4.300 4.300 4.300 1.100 0.300 4.400 4.400 4.400 2.400 0.300 4.400 4.400 2.300 2.400 0.300 1.500 3.200 2.400 2.400 2.400 1.500 3.200 2.400 2.300 2.300 1.500 3.200 2.300 2.300 2.400 07/06/1996
0.000 0.000 0.000 0.000 0.200 0.000 0.000 0.000 0.300 0.200 0.000 0.000 0.300 0.300 0.200 0.000 0.300 0.300 0.300 0.300 0.000 0.300 0.300 0.300 0.300 0.000 0.300 0.300 0.300 0.300 08/06/1996
0.000 0.000 0.000 0.000 0.000 0.000 0.000 0.000 0.000 0.000 0.000 0.000 0.000 0.000 0.000 0.000 0.000 0.000 0.000 0.000 0.000 0.000 0.000 0.000 0.000 0.000 0.000 0.000 0.000 0.000 09/06/1996
0.000 0.000 0.000 0.000 0.000 0.000 0.000 0.000 0.000 0.000 0.000 0.000 0.000 0.000 0.000 0.000 0.000 0.000 0.000 0.000 0.000 0.000 0.000 0.000 0.000 0.000 0.000 0.000 0.000 0.000 10/06/1996
0.000 0.000 0.000 0.000 0.000 0.000 0.000 0.000 0.000 0.000 0.000 0.000 0.000 0.000 0.000 0.000 0.000 0.000 0.000 0.000 0.000 0.000 0.000 0.000 0.000 0.000 0.000 0.000 0.000 0.000 11/06/1996
0.000 0.000 0.000 0.000 0.000 0.000 0.000 0.000 0.000 0.000 0.000 0.000 0.000 0.000 0.000 0.000 0.000 0.000 0.000 0.000 0.000 0.000 0.000 0.000 0.000 0.000 0.000 0.000 0.000 0.000 12/06/1996
0.000 0.000 0.000 0.000 0.000 0.000 0.000 0.000 0.000 0.000 0.000 0.000 0.000 0.000 0.000 0.000 0.000 0.000 0.000 0.000 0.000 0.000 0.000 0.000 0.000 0.000 0.000 0.000 0.000 0.000 13/06/1996
0.000 0.000 0.000 0.000 0.000 0.000 0.000 0.000 0.000 0.000 0.000 0.000 0.000 0.000 0.000 0.000 0.000 0.000 0.000 0.000 0.000 0.000 0.000 0.000 0.000 0.000 0.000 0.000 0.000 0.000 14/06/1996
0.000 0.000 0.000 0.000 0.000 0.000 0.000 0.000 0.000 0.000 0.000 0.000 0.000 0.000 0.000 0.000 0.000 0.000 0.000 0.000 0.000 0.000 0.000 0.000 0.000 0.000 0.000 0.000 0.000 0.000 15/06/1996
0.000 0.000 0.000 0.000 0.000 0.000 0.000 0.000 0.000 0.000 0.000 0.000 0.000 0.000 0.000 0.000 0.000 0.000 0.000 0.000 0.000 0.000 0.000 0.000 0.000 0.000 0.000 0.000 0.000 0.000 16/06/1996
0.000 0.000 0.000 0.000 0.000 0.000 0.000 0.000 0.000 0.000 0.000 0.000 0.000 0.000 0.000 0.000 0.000 0.000 0.000 0.000 0.000 0.000 0.000 0.000 0.000 0.000 0.000 0.000 0.000 0.000 17/06/1996
0.000 0.000 0.000 0.000 0.000 0.000 0.000 0.000 0.000 0.000 0.000 0.000 0.000 0.000 0.000 0.000 0.000 0.000 0.000 0.000 0.000 0.000 0.000 0.000 0.000 0.000 0.000 0.000 0.000 0.000 18/06/1996
3.100 3.100 3.100 2.900 0.100 3.200 3.200 3.200 0.300 0.100 3.200 3.200 0.300 0.300 0.100 1.400 0.300 0.300 0.300 0.300 1.400 0.300 0.300 0.300 0.300 1.400 0.300 0.300 0.300 0.300 19/06/1996
0.200 0.200 0.200 0.000 0.800 0.200 0.200 0.200 1.200 0.800 0.200 0.200 1.200 1.200 0.800 0.900 2.600 1.200 1.200 1.200 0.900 2.600 1.200 1.200 1.200 0.900 2.600 1.200 1.200 1.200 20/06/1996
31.900 32.100 32.200 30.800 18.200 32.500 32.800 32.500 25.100 18.100 32.400 32.400 25.000 25.200 17.900 24.600 25.200 25.000 25.300 25.300 24.300 25.200 25.100 24.900 24.900 24.000 25.000 24.700 24.700 25.300 21/06/1996
0.000 0.000 0.000 0.000 0.100 0.000 0.000 0.000 0.000 0.100 0.000 0.000 0.000 0.000 0.100 0.000 0.000 0.000 0.000 0.000 0.000 0.000 0.000 0.000 0.000 0.000 0.000 0.000 0.000 0.000 22/06/1996
0.000 0.000 0.000 0.200 0.600 0.000 0.000 0.000 2.400 0.600 0.000 0.000 2.400 2.400 0.600 1.000 0.100 2.400 2.500 2.500 1.000 0.100 2.400 2.400 2.400 1.000 0.100 2.400 2.400 2.500 23/06/1996
0.000 0.000 0.000 0.000 0.000 0.000 0.000 0.000 0.000 0.000 0.000 0.000 0.000 0.000 0.000 0.000 0.000 0.000 0.000 0.000 0.000 0.000 0.000 0.000 0.000 0.000 0.000 0.000 0.000 0.000 24/06/1996
0.000 0.000 0.000 0.000 0.000 0.000 0.000 0.000 0.000 0.000 0.000 0.000 0.000 0.000 0.000 0.000 0.000 0.000 0.000 0.000 0.000 0.000 0.000 0.000 0.000 0.000 0.000 0.000 0.000 0.000 25/06/1996
0.000 0.000 0.000 0.000 0.000 0.000 0.000 0.000 0.000 0.000 0.000 0.000 0.000 0.000 0.000 0.000 0.000 0.000 0.000 0.000 0.000 0.000 0.000 0.000 0.000 0.000 0.000 0.000 0.000 0.000 26/06/1996
0.000 0.000 0.000 0.000 0.000 0.000 0.000 0.000 0.000 0.000 0.000 0.000 0.000 0.000 0.000 0.000 0.000 0.000 0.000 0.000 0.000 0.000 0.000 0.000 0.000 0.000 0.000 0.000 0.000 0.000 27/06/1996
0.600 0.600 0.600 0.600 0.700 0.600 0.600 0.600 1.000 0.700 0.600 0.600 1.000 1.000 0.700 0.100 0.100 1.000 1.000 1.000 0.100 0.100 1.000 1.000 1.000 0.100 0.100 1.000 1.000 1.000 28/06/1996
0.100 0.100 0.100 0.700 1.200 0.100 0.100 0.100 0.900 1.200 0.100 0.100 0.900 0.900 1.200 0.600 0.600 0.900 0.900 0.900 0.600 0.600 0.900 0.900 0.900 0.600 0.600 0.800 0.800 0.900 29/06/1996
1.000 1.000 1.000 1.100 0.200 1.000 1.000 1.000 0.300 0.200 1.000 1.000 0.300 0.300 0.200 0.400 0.100 0.300 0.300 0.300 0.400 0.100 0.300 0.300 0.300 0.400 0.100 0.200 0.200 0.300 30/06/1996
0.100 0.100 0.100 0.000 1.400 0.100 0.100 0.100 0.800 1.400 0.100 0.100 0.800 0.800 1.400 0.600 1.200 0.800 0.800 0.800 0.500 1.200 0.800 0.800 0.800 0.500 1.200 0.800 0.800 0.800 01/07/1996
1.000 1.000 1.000 0.000 1.300 1.000 1.000 1.000 1.600 1.300 1.000 1.000 1.600 1.600 1.300 1.300 0.700 1.600 1.600 1.600 1.300 0.700 1.600 1.600 1.600 1.300 0.700 1.600 1.600 1.600 02/07/1996
3.700 3.700 3.700 4.100 1.200 3.700 3.800 3.700 2.300 1.200 3.700 3.700 2.200 2.300 1.200 2.800 2.600 2.200 2.300 2.300 2.800 2.600 2.300 2.200 2.200 2.800 2.600 2.200 2.200 2.300 03/07/1996
19.900 20.100 20.100 19.800 12.600 20.300 20.500 20.300 14.700 12.600 20.300 20.200 14.700 14.800 12.500 18.100 14.400 14.700 14.900 14.800 17.900 14.400 14.700 14.600 14.600 17.700 14.300 14.500 14.500 14.800 04/07/1996
7.300 7.400 7.400 9.000 13.400 7.500 7.500 7.500 17.700 13.400 7.400 7.400 17.600 17.800 13.200 4.000 13.500 17.700 17.900 17.800 3.900 13.500 17.700 17.600 17.600 3.900 13.400 17.400 17.500 17.900 05/07/1996
11.800 11.900 12.000 9.200 6.000 12.000 12.200 12.000 8.100 6.000 12.000 12.000 8.000 8.100 5.900 13.700 8.800 8.000 8.100 8.100 13.500 8.800 8.100 8.000 8.000 13.400 8.700 7.900 7.900 8.100 06/07/1996
8.700 8.800 8.800 11.700 11.700 8.900 8.900 8.900 9.100 11.600 8.800 8.800 9.000 9.100 11.500 9.200 9.600 9.000 9.100 9.100 9.100 9.600 9.100 9.000 9.000 9.000 9.500 8.900 8.900 9.100 07/07/1996
0.100 0.100 0.100 0.000 0.600 0.100 0.100 0.100 0.100 0.600 0.100 0.100 0.100 0.100 0.500 0.000 0.000 0.100 0.100 0.100 0.000 0.000 0.100 0.100 0.100 0.000 0.000 0.100 0.100 0.100 08/07/1996
0.600 0.600 0.600 1.600 0.100 0.600 0.600 0.600 0.500 0.100 0.600 0.600 0.500 0.500 0.100 0.000 0.000 0.500 0.500 0.500 0.000 0.000 0.500 0.500 0.500 0.000 0.000 0.500 0.500 0.500 09/07/1996
0.100 0.100 0.100 0.200 1.500 0.100 0.100 0.100 1.200 1.500 0.100 0.100 1.200 1.200 1.500 0.300 0.700 1.200 1.200 1.200 0.300 0.700 1.200 1.200 1.200 0.300 0.700 1.200 1.200 1.200 10/07/1996
0.000 0.000 0.000 0.000 0.000 0.000 0.000 0.000 0.000 0.000 0.000 0.000 0.000 0.000 0.000 0.000 0.000 0.000 0.000 0.000 0.000 0.000 0.000 0.000 0.000 0.000 0.000 0.000 0.000 0.000 11/07/1996
0.000 0.000 0.000 0.000 0.000 0.000 0.000 0.000 0.000 0.000 0.000 0.000 0.000 0.000 0.000 0.000 0.000 0.000 0.000 0.000 0.000 0.000 0.000 0.000 0.000 0.000 0.000 0.000 0.000 0.000 12/07/1996
0.000 0.000 0.000 0.000 0.000 0.000 0.000 0.000 0.000 0.000 0.000 0.000 0.000 0.000 0.000 0.000 0.000 0.000 0.000 0.000 0.000 0.000 0.000 0.000 0.000 0.000 0.000 0.000 0.000 0.000 13/07/1996
0.000 0.000 0.000 0.000 0.000 0.000 0.000 0.000 0.000 0.000 0.000 0.000 0.000 0.000 0.000 0.000 0.000 0.000 0.000 0.000 0.000 0.000 0.000 0.000 0.000 0.000 0.000 0.000 0.000 0.000 14/07/1996
0.000 0.000 0.000 0.000 0.000 0.000 0.000 0.000 0.000 0.000 0.000 0.000 0.000 0.000 0.000 0.000 0.000 0.000 0.000 0.000 0.000 0.000 0.000 0.000 0.000 0.000 0.000 0.000 0.000 0.000 15/07/1996
0.000 0.000 0.000 0.000 0.000 0.000 0.000 0.000 0.000 0.000 0.000 0.000 0.000 0.000 0.000 0.000 0.000 0.000 0.000 0.000 0.000 0.000 0.000 0.000 0.000 0.000 0.000 0.000 0.000 0.000 16/07/1996
0.000 0.000 0.000 0.000 0.000 0.000 0.000 0.000 0.000 0.000 0.000 0.000 0.000 0.000 0.000 0.000 0.000 0.000 0.000 0.000 0.000 0.000 0.000 0.000 0.000 0.000 0.000 0.000 0.000 0.000 17/07/1996
0.000 0.000 0.000 0.000 0.000 0.000 0.000 0.000 0.000 0.000 0.000 0.000 0.000 0.000 0.000 0.000 0.000 0.000 0.000 0.000 0.000 0.000 0.000 0.000 0.000 0.000 0.000 0.000 0.000 0.000 18/07/1996
0.000 0.000 0.000 0.000 0.000 0.000 0.000 0.000 0.000 0.000 0.000 0.000 0.000 0.000 0.000 0.000 0.000 0.000 0.000 0.000 0.000 0.000 0.000 0.000 0.000 0.000 0.000 0.000 0.000 0.000 19/07/1996
0.000 0.000 0.000 0.000 0.000 0.000 0.000 0.000 0.000 0.000 0.000 0.000 0.000 0.000 0.000 0.000 0.000 0.000 0.000 0.000 0.000 0.000 0.000 0.000 0.000 0.000 0.000 0.000 0.000 0.000 20/07/1996
0.000 0.000 0.000 0.000 0.000 0.000 0.000 0.000 0.000 0.000 0.000 0.000 0.000 0.000 0.000 0.000 0.000 0.000 0.000 0.000 0.000 0.000 0.000 0.000 0.000 0.000 0.000 0.000 0.000 0.000 21/07/1996
0.000 0.000 0.000 0.000 0.000 0.000 0.000 0.000 0.000 0.000 0.000 0.000 0.000 0.000 0.000 0.000 0.000 0.000 0.000 0.000 0.000 0.000 0.000 0.000 0.000 0.000 0.000 0.000 0.000 0.000 22/07/1996
0.100 0.100 0.100 0.200 0.800 0.100 0.100 0.100 0.400 0.800 0.100 0.100 0.400 0.400 0.800 0.200 0.400 0.400 0.400 0.400 0.200 0.400 0.400 0.400 0.400 0.200 0.400 0.300 0.300 0.400 23/07/1996
0.000 0.000 0.000 0.000 0.000 0.000 0.000 0.000 0.000 0.000 0.000 0.000 0.000 0.000 0.000 0.000 0.000 0.000 0.000 0.000 0.000 0.000 0.000 0.000 0.000 0.000 0.000 0.000 0.000 0.000 24/07/1996
0.000 0.000 0.000 0.000 0.000 0.000 0.000 0.000 0.000 0.000 0.000 0.000 0.000 0.000 0.000 0.000 0.400 0.000 0.000 0.000 0.000 0.400 0.000 0.000 0.000 0.000 0.400 0.000 0.000 0.000 25/07/1996
0.200 0.200 0.200 0.000 2.300 0.200 0.200 0.200 1.200 2.300 0.200 0.200 1.200 1.200 2.300 0.600 6.500 1.200 1.200 1.200 0.600 6.500 1.200 1.200 1.200 0.600 6.400 1.200 1.200 1.200 26/07/1996
0.000 0.000 0.000 0.000 0.300 0.000 0.000 0.000 0.300 0.300 0.000 0.000 0.300 0.300 0.300 0.300 0.200 0.300 0.300 0.300 0.300 0.200 0.300 0.300 0.300 0.300 0.200 0.300 0.300 0.300 27/07/1996
0.000 0.000 0.000 0.000 0.000 0.000 0.000 0.000 0.000 0.000 0.000 0.000 0.000 0.000 0.000 0.000 0.000 0.000 0.000 0.000 0.000 0.000 0.000 0.000 0.000 0.000 0.000 0.000 0.000 0.000 28/07/1996
0.000 0.000 0.000 0.000 0.000 0.000 0.000 0.000 0.000 0.000 0.000 0.000 0.000 0.000 0.000 0.100 0.000 0.000 0.000 0.000 0.100 0.000 0.000 0.000 0.000 0.100 0.000 0.000 0.000 0.000 29/07/1996
0.000 0.000 0.000 0.000 0.100 0.000 0.000 0.000 1.000 0.100 0.000 0.000 1.000 1.000 0.100 0.000 0.000 1.000 1.000 1.000 0.000 0.000 1.000 1.000 1.000 0.000 0.000 1.000 1.000 1.000 30/07/1996
0.000 0.000 0.000 0.000 0.000 0.000 0.000 0.000 0.000 0.000 0.000 0.000 0.000 0.000 0.000 0.000 0.000 0.000 0.000 0.000 0.000 0.000 0.000 0.000 0.000 0.000 0.000 0.000 0.000 0.000 31/07/1996
