# 6448 6449 6450 6451 6452 6528 6529 6530 6531 6532 6610 6611 6612 6613 6614 6693 6694 6695 6696 6697 6776 6777 6778 6779 6780 6859 6860 6861 6862 6863 Date
6.100 6.200 6.200 2.900 1.800 6.300 6.300 6.300 9.900 1.800 6.200 6.200 9.800 9.900 1.800 4.100 11.800 9.900 10.000 9.900 4.100 11.900 9.900 9.800 9.800 4.000 11.800 9.700 9.700 10.000 01/08/1981
2.700 2.700 2.700 0.100 11.000 2.700 2.800 2.700 2.400 11.000 2.700 2.700 2.400 2.400 10.900 1.700 3.200 2.400 2.500 2.500 1.700 3.300 2.400 2.400 2.400 1.700 3.200 2.400 2.400 2.500 02/08/1981
0.000 0.000 0.000 0.000 0.000 0.000 0.000 0.000 0.000 0.000 0.000 0.000 0.000 0.000 0.000 0.000 0.000 0.000 0.000 0.000 0.000 0.000 0.000 0.000 0.000 0.000 0.000 0.000 0.000 0.000 03/08/1981
0.000 0.000 0.000 0.000 0.000 0.000 0.000 0.000 0.000 0.000 0.000 0.000 0.000 0.000 0.000 0.000 0.000 0.000 0.000 0.000 0.000 0.000 0.000 0.000 0.000 0.000 0.000 0.000 0.000 0.000 04/08/1981
1.600 1.600 1.600 0.000 0.000 1.600 1.600 1.600 0.000 0.000 1.600 1.600 0.000 0.000 0.000 6.800 3.900 0.000 0.000 0.000 6.700 3.900 0.000 0.000 0.000 6.700 3.900 0.000 0.000 0.000 05/08/1981
2.400 2.400 2.400 4.100 9.900 2.500 2.500 2.500 8.700 9.800 2.500 2.500 8.600 8.700 9.700 1.500 3.900 8.600 8.700 8.700 1.500 3.900 8.700 8.600 8.600 1.500 3.900 8.500 8.500 8.700 06/08/1981
1.900 2.000 2.000 1.600 2.000 2.000 2.000 2.000 2.300 2.000 2.000 2.000 2.300 2.300 2.000 3.500 12.600 2.300 2.300 2.300 3.500 12.600 2.300 2.300 2.300 3.400 12.500 2.300 2.300 2.300 07/08/1981
3.500 3.600 3.600 7.300 29.200 3.600 3.600 3.600 5.900 29.100 3.600 3.600 5.900 5.900 28.800 1.000 1.500 5.900 6.000 6.000 1.000 1.500 5.900 5.900 5.900 1.000 1.500 5.800 5.800 6.000 08/08/1981
0.000 0.000 0.000 0.100 0.000 0.000 0.000 0.000 0.000 0.000 0.000 0.000 0.000 0.000 0.000 0.000 0.000 0.000 0.000 0.000 0.000 0.000 0.000 0.000 0.000 0.000 0.000 0.000 0.000 0.000 09/08/1981
0.000 0.000 0.000 1.700 0.000 0.000 0.000 0.000 0.000 0.000 0.000 0.000 0.000 0.000 0.000 0.100 0.000 0.000 0.000 0.000 0.100 0.000 0.000 0.000 0.000 0.100 0.000 0.000 0.000 0.000 10/08/1981
0.000 0.000 0.000 0.000 0.000 0.000 0.000 0.000 0.000 0.000 0.000 0.000 0.000 0.000 0.000 0.000 0.000 0.000 0.000 0.000 0.000 0.000 0.000 0.000 0.000 0.000 0.000 0.000 0.000 0.000 11/08/1981
0.000 0.000 0.000 0.000 0.000 0.000 0.000 0.000 0.000 0.000 0.000 0.000 0.000 0.000 0.000 0.000 0.000 0.000 0.000 0.000 0.000 0.000 0.000 0.000 0.000 0.000 0.000 0.000 0.000 0.000 12/08/1981
0.000 0.000 0.000 0.000 0.000 0.000 0.000 0.000 0.000 0.000 0.000 0.000 0.000 0.000 0.000 0.000 0.000 0.000 0.000 0.000 0.000 0.000 0.000 0.000 0.000 0.000 0.000 0.000 0.000 0.000 13/08/1981
0.000 0.000 0.000 0.000 0.000 0.000 0.000 0.000 0.000 0.000 0.000 0.000 0.000 0.000 0.000 0.000 0.000 0.000 0.000 0.000 0.000 0.000 0.000 0.000 0.000 0.000 0.000 0.000 0.000 0.000 14/08/1981
0.000 0.000 0.000 0.000 0.000 0.000 0.000 0.000 0.000 0.000 0.000 0.000 0.000 0.000 0.000 0.000 0.000 0.000 0.000 0.000 0.000 0.000 0.000 0.000 0.000 0.000 0.000 0.000 0.000 0.000 15/08/1981
0.000 0.000 0.000 0.000 0.000 0.000 0.000 0.000 0.000 0.000 0.000 0.000 0.000 0.000 0.000 0.000 0.000 0.000 0.000 0.000 0.000 0.000 0.000 0.000 0.000 0.000 0.000 0.000 0.000 0.000 16/08/1981
0.000 0.000 0.000 0.000 0.000 0.000 0.000 0.000 0.000 0.000 0.000 0.000 0.000 0.000 0.000 0.000 0.000 0.000 0.000 0.000 0.000 0.000 0.000 0.000 0.000 0.000 0.000 0.000 0.000 0.000 17/08/1981
0.000 0.000 0.000 0.000 0.000 0.000 0.000 0.000 0.000 0.000 0.000 0.000 0.000 0.000 0.000 0.000 0.000 0.000 0.000 0.000 0.000 0.000 0.000 0.000 0.000 0.000 0.000 0.000 0.000 0.000 18/08/1981
0.000 0.000 0.000 0.000 0.000 0.000 0.000 0.000 0.000 0.000 0.000 0.000 0.000 0.000 0.000 0.000 0.000 0.000 0.000 0.000 0.000 0.000 0.000 0.000 0.000 0.000 0.000 0.000 0.000 0.000 19/08/1981
4.100 4.100 4.100 5.900 5.400 4.100 4.200 4.100 5.500 5.400 4.100 4.100 5.500 5.500 5.300 4.100 4.000 5.500 5.500 5.500 4.000 4.000 5.500 5.500 5.500 4.000 4.000 5.400 5.400 5.500 20/08/1981
0.000 0.000 0.000 0.000 0.000 0.000 0.000 0.000 0.000 0.000 0.000 0.000 0.000 0.000 0.000 0.000 0.000 0.000 0.000 0.000 0.000 0.000 0.000 0.000 0.000 0.000 0.000 0.000 0.000 0.000 21/08/1981
0.000 0.000 0.000 0.000 0.000 0.000 0.000 0.000 0.000 0.000 0.000 0.000 0.000 0.000 0.000 0.000 0.000 0.000 0.000 0.000 0.000 0.000 0.000 0.000 0.000 0.000 0.000 0.000 0.000 0.000 22/08/1981
0.000 0.000 0.000 0.000 0.000 0.000 0.000 0.000 0.000 0.000 0.000 0.000 0.000 0.000 0.000 0.000 0.000 0.000 0.000 0.000 0.000 0.000 0.000 0.000 0.000 0.000 0.000 0.000 0.000 0.000 23/08/1981
0.000 0.000 0.000 0.000 0.000 0.000 0.000 0.000 0.000 0.000 0.000 0.000 0.000 0.000 0.000 0.000 0.000 0.000 0.000 0.000 0.000 0.000 0.000 0.000 0.000 0.000 0.000 0.000 0.000 0.000 24/08/1981
0.000 0.000 0.000 0.000 0.000 0.000 0.000 0.000 0.000 0.000 0.000 0.000 0.000 0.000 0.000 0.000 0.000 0.000 0.000 0.000 0.000 0.000 0.000 0.000 0.000 0.000 0.000 0.000 0.000 0.000 25/08/1981
0.000 0.000 0.000 0.000 0.000 0.000 0.000 0.000 0.000 0.000 0.000 0.000 0.000 0.000 0.000 0.000 0.000 0.000 0.000 0.000 0.000 0.000 0.000 0.000 0.000 0.000 0.000 0.000 0.000 0.000 26/08/1981
0.000 0.000 0.000 0.000 0.000 0.000 0.000 0.000 0.000 0.000 0.000 0.000 0.000 0.000 0.000 0.000 0.000 0.000 0.000 0.000 0.000 0.000 0.000 0.000 0.000 0.000 0.000 0.000 0.000 0.000 27/08/1981
0.000 0.000 0.000 0.000 0.000 0.000 0.000 0.000 0.000 0.000 0.000 0.000 0.000 0.000 0.000 0.000 0.000 0.000 0.000 0.000 0.000 0.000 0.000 0.000 0.000 0.000 0.000 0.000 0.000 0.000 28/08/1981
0.000 0.000 0.000 0.000 0.000 0.000 0.000 0.000 0.000 0.000 0.000 0.000 0.000 0.000 0.000 0.000 0.000 0.000 0.000 0.000 0.000 0.000 0.000 0.000 0.000 0.000 0.000 0.000 0.000 0.000 29/08/1981
2.200 2.200 2.200 0.100 0.300 2.200 2.300 2.200 1.400 0.300 2.200 2.200 1.400 1.400 0.300 3.000 0.100 1.400 1.400 1.400 3.000 0.100 1.400 1.400 1.400 2.900 0.100 1.400 1.400 1.400 30/08/1981
2.100 2.100 2.100 4.200 3.300 2.100 2.100 2.100 2.800 3.300 2.100 2.100 2.800 2.800 3.300 1.400 15.600 2.800 2.800 2.800 1.400 15.600 2.800 2.800 2.800 1.400 15.500 2.800 2.800 2.800 31/08/1981
0.000 0.000 0.000 0.000 0.000 0.000 0.000 0.000 0.000 0.000 0.000 0.000 0.000 0.000 0.000 0.000 0.000 0.000 0.000 0.000 0.000 0.000 0.000 0.000 0.000 0.000 0.000 0.000 0.000 0.000 01/09/1981
0.000 0.000 0.000 0.100 0.000 0.000 0.000 0.000 0.000 0.000 0.000 0.000 0.000 0.000 0.000 0.000 0.000 0.000 0.000 0.000 0.000 0.000 0.000 0.000 0.000 0.000 0.000 0.000 0.000 0.000 02/09/1981
0.000 0.000 0.000 0.000 0.000 0.000 0.000 0.000 0.000 0.000 0.000 0.000 0.000 0.000 0.000 0.000 0.000 0.000 0.000 0.000 0.000 0.000 0.000 0.000 0.000 0.000 0.000 0.000 0.000 0.000 03/09/1981
0.000 0.000 0.000 0.000 0.000 0.000 0.000 0.000 0.000 0.000 0.000 0.000 0.000 0.000 0.000 0.000 0.000 0.000 0.000 0.000 0.000 0.000 0.000 0.000 0.000 0.000 0.000 0.000 0.000 0.000 04/09/1981
0.000 0.000 0.000 0.000 0.000 0.000 0.000 0.000 0.000 0.000 0.000 0.000 0.000 0.000 0.000 0.000 0.000 0.000 0.000 0.000 0.000 0.000 0.000 0.000 0.000 0.000 0.000 0.000 0.000 0.000 05/09/1981
0.000 0.000 0.000 0.000 0.000 0.000 0.000 0.000 0.000 0.000 0.000 0.000 0.000 0.000 0.000 0.000 0.000 0.000 0.000 0.000 0.000 0.000 0.000 0.000 0.000 0.000 0.000 0.000 0.000 0.000 06/09/1981
0.000 0.000 0.000 0.000 0.800 0.000 0.000 0.000 1.900 0.800 0.000 0.000 1.900 1.900 0.800 0.100 5.900 1.900 1.900 1.900 0.100 5.900 1.900 1.900 1.900 0.100 5.900 1.900 1.900 1.900 07/09/1981
0.100 0.100 0.100 0.000 6.800 0.100 0.100 0.100 4.100 6.700 0.100 0.100 4.100 4.100 6.700 0.100 1.900 4.100 4.200 4.200 0.100 1.900 4.100 4.100 4.100 0.100 1.900 4.100 4.100 4.200 08/09/1981
2.600 2.600 2.700 0.200 17.200 2.700 2.700 2.700 22.100 17.100 2.700 2.700 22.000 22.200 17.000 16.200 24.600 22.100 22.300 22.300 16.000 24.600 22.100 22.000 22.000 15.800 24.400 21.800 21.800 22.300 09/09/1981
0.800 0.800 0.800 0.200 0.200 0.800 0.800 0.800 0.200 0.200 0.800 0.800 0.200 0.200 0.200 0.200 0.100 0.200 0.200 0.200 0.200 0.100 0.200 0.200 0.200 0.200 0.100 0.200 0.200 0.200 10/09/1981
0.800 0.800 0.900 0.700 0.100 0.900 0.900 0.900 0.700 0.100 0.900 0.900 0.700 0.700 0.100 0.100 0.800 0.700 0.700 0.700 0.100 0.800 0.700 0.700 0.700 0.100 0.700 0.700 0.700 0.700 11/09/1981
0.300 0.300 0.300 1.000 0.000 0.300 0.300 0.300 1.100 0.000 0.300 0.300 1.100 1.100 0.000 1.300 0.000 1.100 1.200 1.100 1.300 0.000 1.100 1.100 1.100 1.300 0.000 1.100 1.100 1.100 12/09/1981
1.500 1.500 1.500 0.300 2.600 1.600 1.600 1.600 0.000 2.600 1.600 1.600 0.000 0.000 2.600 0.600 1.600 0.000 0.000 0.000 0.500 1.600 0.000 0.000 0.000 0.500 1.600 0.000 0.000 0.000 13/09/1981
0.000 0.000 0.000 0.000 0.000 0.000 0.000 0.000 0.000 0.000 0.000 0.000 0.000 0.000 0.000 0.000 0.000 0.000 0.000 0.000 0.000 0.000 0.000 0.000 0.000 0.000 0.000 0.000 0.000 0.000 14/09/1981
0.000 0.000 0.000 0.000 0.000 0.000 0.000 0.000 0.000 0.000 0.000 0.000 0.000 0.000 0.000 0.000 0.100 0.000 0.000 0.000 0.000 0.100 0.000 0.000 0.000 0.000 0.100 0.000 0.000 0.000 15/09/1981
0.000 0.000 0.000 0.000 0.000 0.000 0.000 0.000 0.000 0.000 0.000 0.000 0.000 0.000 0.000 0.000 1.200 0.000 0.000 0.000 0.000 1.200 0.000 0.000 0.000 0.000 1.200 0.000 0.000 0.000 16/09/1981
0.100 0.100 0.100 0.000 0.000 0.100 0.100 0.100 0.000 0.000 0.100 0.100 0.000 0.000 0.000 0.000 0.000 0.000 0.000 0.000 0.000 0.000 0.000 0.000 0.000 0.000 0.000 0.000 0.000 0.000 17/09/1981
6.700 6.800 6.800 6.700 8.400 6.800 6.900 6.800 6.900 8.400 6.800 6.800 6.900 6.900 8.300 3.500 3.400 6.900 7.000 7.000 3.500 3.500 6.900 6.900 6.900 3.400 3.400 6.800 6.800 7.000 18/09/1981
0.000 0.000 0.000 0.000 0.000 0.000 0.000 0.000 0.000 0.000 0.000 0.000 0.000 0.000 0.000 0.000 0.000 0.000 0.000 0.000 0.000 0.000 0.000 0.000 0.000 0.000 0.000 0.000 0.000 0.000 19/09/1981
0.000 0.000 0.000 0.100 0.800 0.000 0.000 0.000 0.400 0.800 0.000 0.000 0.400 0.400 0.800 0.000 0.000 0.400 0.400 0.400 0.000 0.000 0.400 0.400 0.400 0.000 0.000 0.300 0.300 0.400 20/09/1981
15.600 15.700 15.800 18.000 16.700 15.900 16.100 15.900 27.900 16.600 15.900 15.800 27.800 28.100 16.500 18.200 33.900 27.900 28.200 28.100 18.000 34.000 27.900 27.700 27.700 17.800 33.700 27.500 27.500 28.200 21/09/1981
6.200 6.200 6.300 7.400 19.700 6.300 6.400 6.300 17.800 19.600 6.300 6.300 17.700 17.800 19.400 4.900 14.100 17.700 17.900 17.900 4.900 14.100 17.800 17.600 17.600 4.800 14.000 17.500 17.500 17.900 22/09/1981
0.000 0.000 0.000 0.000 0.000 0.000 0.000 0.000 0.000 0.000 0.000 0.000 0.000 0.000 0.000 0.000 0.100 0.000 0.000 0.000 0.000 0.100 0.000 0.000 0.000 0.000 0.100 0.000 0.000 0.000 23/09/1981
2.400 2.400 2.400 2.900 0.000 2.500 2.500 2.500 0.500 0.000 2.400 2.400 0.500 0.500 0.000 2.700 0.700 0.500 0.500 0.500 2.700 0.700 0.500 0.500 0.500 2.700 0.700 0.500 0.500 0.500 24/09/1981
4.400 4.500 4.500 2.300 6.900 4.500 4.600 4.500 7.300 6.800 4.500 4.500 7.200 7.300 6.800 6.600 8.100 7.300 7.300 7.300 6.500 8.100 7.300 7.200 7.200 6.500 8.100 7.100 7.200 7.300 25/09/1981
12.300 12.400 12.400 11.400 15.000 12.500 12.600 12.500 8.600 14.900 12.500 12.500 8.500 8.600 14.800 17.400 8.600 8.500 8.600 8.600 17.200 8.700 8.600 8.500 8.500 17.000 8.600 8.400 8.400 8.600 26/09/1981
5.600 5.600 5.600 4.600 4.400 5.700 5.700 5.700 2.600 4.300 5.600 5.600 2.500 2.600 4.300 6.200 5.000 2.600 2.600 2.600 6.200 5.000 2.600 2.500 2.500 6.100 5.000 2.500 2.500 2.600 27/09/1981
0.100 0.100 0.100 1.200 0.600 0.100 0.100 0.100 0.200 0.600 0.100 0.100 0.200 0.200 0.600 0.000 0.000 0.200 0.200 0.200 0.000 0.000 0.200 0.200 0.200 0.000 0.000 0.200 0.200 0.200 28/09/1981
0.000 0.000 0.000 0.000 0.000 0.000 0.000 0.000 0.000 0.000 0.000 0.000 0.000 0.000 0.000 0.000 0.000 0.000 0.000 0.000 0.000 0.000 0.000 0.000 0.000 0.000 0.000 0.000 0.000 0.000 29/09/1981
0.000 0.000 0.000 0.000 0.000 0.000 0.000 0.000 0.000 0.000 0.000 0.000 0.000 0.000 0.000 0.700 0.000 0.000 0.000 0.000 0.700 0.000 0.000 0.000 0.000 0.700 0.000 0.000 0.000 0.000 30/09/1981
3.700 3.700 3.700 3.200 3.500 3.700 3.800 3.700 4.300 3.500 3.700 3.700 4.300 4.300 3.500 7.300 6.200 4.300 4.300 4.300 7.200 6.200 4.300 4.300 4.300 7.100 6.200 4.200 4.200 4.300 01/10/1981
14.100 14.200 14.300 18.000 7.600 14.400 14.600 14.400 9.100 7.500 14.400 14.400 9.000 9.100 7.400 9.900 7.200 9.000 9.100 9.100 9.800 7.200 9.100 9.000 9.000 9.700 7.200 8.900 8.900 9.100 02/10/1981
12.200 12.300 12.300 11.700 19.600 12.400 12.500 12.400 15.200 19.500 12.400 12.400 15.100 15.300 19.300 12.300 11.800 15.100 15.300 15.300 12.200 11.900 15.200 15.100 15.100 12.100 11.800 14.900 15.000 15.300 03/10/1981
10.600 10.700 10.700 6.700 1.500 10.800 10.900 10.800 1.900 1.500 10.800 10.800 1.900 1.900 1.500 7.700 2.400 1.900 1.900 1.900 7.600 2.400 1.900 1.900 1.900 7.600 2.300 1.800 1.800 1.900 04/10/1981
1.700 1.700 1.700 0.400 0.100 1.800 1.800 1.800 0.100 0.100 1.800 1.800 0.100 0.100 0.100 1.100 0.200 0.100 0.100 0.100 1.100 0.200 0.100 0.100 0.100 1.100 0.200 0.100 0.100 0.100 05/10/1981
0.000 0.000 0.000 0.200 0.700 0.000 0.000 0.000 0.000 0.700 0.000 0.000 0.000 0.000 0.700 0.000 0.000 0.000 0.000 0.000 0.000 0.000 0.000 0.000 0.000 0.000 0.000 0.000 0.000 0.000 06/10/1981
0.000 0.000 0.000 0.000 0.000 0.000 0.000 0.000 0.000 0.000 0.000 0.000 0.000 0.000 0.000 0.000 0.000 0.000 0.000 0.000 0.000 0.000 0.000 0.000 0.000 0.000 0.000 0.000 0.000 0.000 07/10/1981
0.000 0.000 0.000 0.000 0.200 0.000 0.000 0.000 0.000 0.200 0.000 0.000 0.000 0.000 0.200 0.000 0.000 0.000 0.000 0.000 0.000 0.000 0.000 0.000 0.000 0.000 0.000 0.000 0.000 0.000 08/10/1981
3.600 3.700 3.700 4.600 2.000 3.700 3.800 3.700 3.100 2.000 3.700 3.700 3.100 3.100 2.000 2.500 0.900 3.100 3.200 3.200 2.500 0.900 3.100 3.100 3.100 2.500 0.900 3.100 3.100 3.200 09/10/1981
12.900 13.000 13.100 20.800 26.100 13.200 13.300 13.200 16.200 25.900 13.200 13.100 16.100 16.200 25.700 12.000 13.000 16.100 16.300 16.300 11.900 13.100 16.200 16.100 16.000 11.800 12.900 15.900 15.900 16.300 10/10/1981
8.100 8.100 8.200 8.700 13.000 8.200 8.300 8.200 8.500 13.000 8.200 8.200 8.500 8.600 12.900 9.500 9.200 8.500 8.600 8.600 9.400 9.200 8.500 8.500 8.500 9.300 9.200 8.400 8.400 8.600 11/10/1981
2.200 2.200 2.200 1.000 4.800 2.200 2.200 2.200 2.800 4.700 2.200 2.200 2.700 2.800 4.700 2.700 2.600 2.800 2.800 2.800 2.700 2.600 2.800 2.700 2.700 2.700 2.500 2.700 2.700 2.800 12/10/1981
5.400 5.400 5.400 3.800 4.500 5.500 5.500 5.500 3.900 4.500 5.400 5.400 3.900 3.900 4.500 4.900 8.400 3.900 4.000 3.900 4.800 8.400 3.900 3.900 3.900 4.800 8.300 3.900 3.900 3.900 13/10/1981
4.800 4.800 4.800 14.700 4.500 4.800 4.900 4.800 1.900 4.500 4.800 4.800 1.900 1.900 4.400 2.900 0.200 1.900 1.900 1.900 2.900 0.200 1.900 1.900 1.900 2.900 0.200 1.900 1.900 1.900 14/10/1981
3.300 3.300 3.300 2.400 4.300 3.400 3.400 3.400 2.600 4.300 3.400 3.400 2.600 2.600 4.300 4.000 2.400 2.600 2.600 2.600 3.900 2.400 2.600 2.600 2.600 3.900 2.400 2.600 2.600 2.600 15/10/1981
0.000 0.000 0.000 0.000 0.000 0.000 0.000 0.000 0.000 0.000 0.000 0.000 0.000 0.000 0.000 0.000 0.000 0.000 0.000 0.000 0.000 0.000 0.000 0.000 0.000 0.000 0.000 0.000 0.000 0.000 16/10/1981
0.000 0.000 0.000 0.000 0.000 0.000 0.000 0.000 0.000 0.000 0.000 0.000 0.000 0.000 0.000 0.000 0.000 0.000 0.000 0.000 0.000 0.000 0.000 0.000 0.000 0.000 0.000 0.000 0.000 0.000 17/10/1981
0.000 0.000 0.000 0.000 0.600 0.000 0.000 0.000 0.000 0.600 0.000 0.000 0.000 0.000 0.600 0.000 0.000 0.000 0.000 0.000 0.000 0.000 0.000 0.000 0.000 0.000 0.000 0.000 0.000 0.000 18/10/1981
0.000 0.000 0.000 0.000 0.000 0.000 0.000 0.000 0.000 0.000 0.000 0.000 0.000 0.000 0.000 0.000 0.000 0.000 0.000 0.000 0.000 0.000 0.000 0.000 0.000 0.000 0.000 0.000 0.000 0.000 19/10/1981
5.500 5.500 5.500 4.200 5.000 5.600 5.600 5.600 5.500 4.900 5.600 5.500 5.400 5.500 4.900 5.500 5.200 5.500 5.500 5.500 5.400 5.200 5.500 5.400 5.400 5.300 5.200 5.400 5.400 5.500 20/10/1981
0.800 0.800 0.800 0.600 0.100 0.800 0.800 0.800 0.600 0.100 0.800 0.800 0.600 0.600 0.100 0.100 3.800 0.600 0.600 0.600 0.100 3.800 0.600 0.600 0.600 0.100 3.800 0.500 0.500 0.600 21/10/1981
0.400 0.400 0.400 0.400 0.900 0.300 0.300 0.300 0.300 0.900 0.300 0.300 0.400 0.300 0.900 0.200 2.100 0.400 0.300 0.300 0.200 2.100 0.300 0.400 0.400 0.200 2.200 0.400 0.400 0.300 22/10/1981
0.000 0.000 0.000 0.000 0.000 0.000 0.000 0.000 0.000 0.000 0.000 0.000 0.000 0.000 0.000 0.000 0.000 0.000 0.000 0.000 0.000 0.000 0.000 0.000 0.000 0.000 0.000 0.000 0.000 0.000 23/10/1981
5.600 5.700 5.700 2.900 6.900 5.800 5.800 5.800 8.400 6.800 5.700 5.700 8.400 8.500 6.800 9.100 6.200 8.400 8.500 8.500 9.000 6.200 8.400 8.400 8.400 8.900 6.100 8.300 8.300 8.500 24/10/1981
12.600 12.600 12.700 12.300 13.800 12.800 12.900 12.800 13.500 13.800 12.800 12.800 13.500 13.600 13.700 12.500 12.500 13.500 13.700 13.600 12.400 12.600 13.500 13.400 13.400 12.200 12.500 13.300 13.300 13.600 25/10/1981
0.000 0.000 0.000 0.200 0.100 0.000 0.000 0.000 0.300 0.100 0.000 0.000 0.300 0.300 0.100 0.200 0.000 0.300 0.300 0.300 0.200 0.000 0.300 0.300 0.300 0.200 0.000 0.300 0.300 0.300 26/10/1981
3.900 3.900 4.000 2.000 3.700 4.000 4.000 4.000 3.600 3.700 4.000 4.000 3.600 3.700 3.600 3.600 2.700 3.600 3.700 3.700 3.600 2.700 3.600 3.600 3.600 3.600 2.700 3.600 3.600 3.700 27/10/1981
0.600 0.600 0.600 0.000 0.600 0.600 0.600 0.600 0.300 0.600 0.600 0.600 0.300 0.300 0.600 0.300 0.100 0.300 0.300 0.300 0.300 0.100 0.300 0.300 0.300 0.300 0.100 0.300 0.300 0.300 28/10/1981
3.500 3.500 3.500 9.100 3.600 3.500 3.600 3.500 0.000 3.600 3.500 3.500 0.000 0.000 3.500 0.800 0.100 0.000 0.000 0.000 0.700 0.100 0.000 0.000 0.000 0.700 0.100 0.000 0.000 0.000 29/10/1981
15.400 15.500 15.600 16.200 20.400 15.700 15.800 15.700 12.300 20.300 15.600 15.600 12.300 12.400 20.200 15.600 12.400 12.300 12.400 12.400 15.500 12.400 12.300 12.300 12.200 15.300 12.300 12.100 12.200 12.400 30/10/1981
1.300 1.300 1.300 1.200 1.700 1.300 1.300 1.300 1.100 1.600 1.300 1.300 1.100 1.100 1.600 0.300 0.500 1.100 1.100 1.100 0.300 0.500 1.100 1.100 1.100 0.300 0.500 1.100 1.100 1.100 31/10/1981
0.000 0.000 0.000 0.000 0.000 0.000 0.000 0.000 0.000 0.000 0.000 0.000 0.000 0.000 0.000 0.000 0.000 0.000 0.000 0.000 0.000 0.000 0.000 0.000 0.000 0.000 0.000 0.000 0.000 0.000 01/11/1981
0.100 0.100 0.100 0.000 0.000 0.100 0.100 0.100 0.000 0.000 0.100 0.100 0.000 0.000 0.000 0.000 0.000 0.000 0.000 0.000 0.000 0.000 0.000 0.000 0.000 0.000 0.000 0.000 0.000 0.000 02/11/1981
0.000 0.000 0.000 0.000 0.000 0.000 0.000 0.000 0.000 0.000 0.000 0.000 0.000 0.000 0.000 0.000 0.000 0.000 0.000 0.000 0.000 0.000 0.000 0.000 0.000 0.000 0.000 0.000 0.000 0.000 03/11/1981
0.000 0.000 0.000 0.000 0.000 0.000 0.000 0.000 0.000 0.000 0.000 0.000 0.000 0.000 0.000 0.000 0.000 0.000 0.000 0.000 0.000 0.000 0.000 0.000 0.000 0.000 0.000 0.000 0.000 0.000 04/11/1981
0.000 0.000 0.000 0.000 0.000 0.000 0.000 0.000 0.000 0.000 0.000 0.000 0.000 0.000 0.000 0.000 0.000 0.000 0.000 0.000 0.000 0.000 0.000 0.000 0.000 0.000 0.000 0.000 0.000 0.000 05/11/1981
0.000 0.000 0.000 0.000 0.000 0.000 0.000 0.000 0.000 0.000 0.000 0.000 0.000 0.000 0.000 0.000 0.000 0.000 0.000 0.000 0.000 0.000 0.000 0.000 0.000 0.000 0.000 0.000 0.000 0.000 06/11/1981
0.000 0.000 0.000 0.000 0.000 0.000 0.000 0.000 0.000 0.000 0.000 0.000 0.000 0.000 0.000 0.000 0.000 0.000 0.000 0.000 0.000 0.000 0.000 0.000 0.000 0.000 0.000 0.000 0.000 0.000 07/11/1981
0.000 0.000 0.000 0.000 0.000 0.000 0.000 0.000 0.000 0.000 0.000 0.000 0.000 0.000 0.000 0.000 0.000 0.000 0.000 0.000 0.000 0.000 0.000 0.000 0.000 0.000 0.000 0.000 0.000 0.000 08/11/1981
0.000 0.000 0.000 0.000 0.000 0.000 0.000 0.000 0.000 0.000 0.000 0.000 0.000 0.000 0.000 0.000 0.000 0.000 0.000 0.000 0.000 0.000 0.000 0.000 0.000 0.000 0.000 0.000 0.000 0.000 09/11/1981
0.000 0.000 0.000 0.000 0.000 0.000 0.000 0.000 0.000 0.000 0.000 0.000 0.000 0.000 0.000 0.000 0.000 0.000 0.000 0.000 0.000 0.000 0.000 0.000 0.000 0.000 0.000 0.000 0.000 0.000 10/11/1981
0.000 0.000 0.000 0.000 0.000 0.000 0.000 0.000 0.000 0.000 0.000 0.000 0.000 0.000 0.000 0.000 0.000 0.000 0.000 0.000 0.000 0.000 0.000 0.000 0.000 0.000 0.000 0.000 0.000 0.000 11/11/1981
0.100 0.100 0.100 0.300 0.400 0.100 0.100 0.100 0.400 0.400 0.100 0.100 0.400 0.400 0.400 0.900 0.700 0.400 0.400 0.400 0.900 0.700 0.400 0.400 0.400 0.900 0.700 0.300 0.300 0.400 12/11/1981
0.000 0.000 0.000 0.000 0.000 0.000 0.000 0.000 0.000 0.000 0.000 0.000 0.000 0.000 0.000 0.000 0.000 0.000 0.000 0.000 0.000 0.000 0.000 0.000 0.000 0.000 0.000 0.000 0.000 0.000 13/11/1981
0.000 0.000 0.000 0.000 0.000 0.000 0.000 0.000 0.000 0.000 0.000 0.000 0.000 0.000 0.000 0.000 0.000 0.000 0.000 0.000 0.000 0.000 0.000 0.000 0.000 0.000 0.000 0.000 0.000 0.000 14/11/1981
0.000 0.000 0.000 0.000 0.000 0.000 0.000 0.000 0.000 0.000 0.000 0.000 0.000 0.000 0.000 0.000 0.000 0.000 0.000 0.000 0.000 0.000 0.000 0.000 0.000 0.000 0.000 0.000 0.000 0.000 15/11/1981
0.000 0.000 0.000 0.000 0.000 0.000 0.000 0.000 0.000 0.000 0.000 0.000 0.000 0.000 0.000 0.000 0.000 0.000 0.000 0.000 0.000 0.000 0.000 0.000 0.000 0.000 0.000 0.000 0.000 0.000 16/11/1981
0.400 0.400 0.400 0.100 0.000 0.400 0.400 0.400 0.000 0.000 0.400 0.400 0.000 0.000 0.000 0.000 0.000 0.000 0.000 0.000 0.000 0.000 0.000 0.000 0.000 0.000 0.000 0.000 0.000 0.000 17/11/1981
0.000 0.000 0.000 0.000 0.000 0.000 0.000 0.000 0.000 0.000 0.000 0.000 0.000 0.000 0.000 0.000 0.000 0.000 0.000 0.000 0.000 0.000 0.000 0.000 0.000 0.000 0.000 0.000 0.000 0.000 18/11/1981
0.000 0.000 0.000 0.000 0.000 0.000 0.000 0.000 0.000 0.000 0.000 0.000 0.000 0.000 0.000 0.000 0.000 0.000 0.000 0.000 0.000 0.000 0.000 0.000 0.000 0.000 0.000 0.000 0.000 0.000 19/11/1981
0.000 0.000 0.000 0.000 0.000 0.000 0.000 0.000 0.000 0.000 0.000 0.000 0.000 0.000 0.000 0.000 0.000 0.000 0.000 0.000 0.000 0.000 0.000 0.000 0.000 0.000 0.000 0.000 0.000 0.000 20/11/1981
0.000 0.000 0.000 0.000 0.000 0.000 0.000 0.000 0.000 0.000 0.000 0.000 0.000 0.000 0.000 0.000 0.000 0.000 0.000 0.000 0.000 0.000 0.000 0.000 0.000 0.000 0.000 0.000 0.000 0.000 21/11/1981
1.000 1.000 1.000 0.200 0.600 1.000 1.000 1.000 0.600 0.600 1.000 1.000 0.600 0.600 0.600 1.100 1.000 0.600 0.600 0.600 1.100 1.000 0.600 0.600 0.600 1.100 1.000 0.600 0.600 0.600 22/11/1981
3.600 3.700 3.700 3.500 3.500 3.700 3.700 3.700 1.400 3.400 3.700 3.700 1.400 1.400 3.400 1.000 6.000 1.400 1.400 1.400 0.900 6.000 1.400 1.400 1.400 0.900 5.900 1.400 1.400 1.400 23/11/1981
0.000 0.000 0.000 0.000 0.300 0.000 0.000 0.000 0.100 0.300 0.000 0.000 0.100 0.100 0.300 0.000 0.000 0.100 0.100 0.100 0.000 0.000 0.100 0.100 0.100 0.000 0.000 0.100 0.100 0.100 24/11/1981
0.000 0.000 0.000 0.000 0.000 0.000 0.000 0.000 0.000 0.000 0.000 0.000 0.000 0.000 0.000 0.000 0.000 0.000 0.000 0.000 0.000 0.000 0.000 0.000 0.000 0.000 0.000 0.000 0.000 0.000 25/11/1981
0.000 0.000 0.000 0.000 0.000 0.000 0.000 0.000 0.000 0.000 0.000 0.000 0.000 0.000 0.000 0.000 0.000 0.000 0.000 0.000 0.000 0.000 0.000 0.000 0.000 0.000 0.000 0.000 0.000 0.000 26/11/1981
9.400 9.500 9.500 8.700 7.800 9.600 9.700 9.600 5.500 7.700 9.600 9.600 5.500 5.500 7.700 4.900 3.800 5.500 5.500 5.500 4.900 3.800 5.500 5.500 5.500 5.000 3.800 5.400 5.400 5.500 27/11/1981
3.200 3.200 3.200 2.100 3.000 3.300 3.300 3.300 3.700 3.000 3.300 3.300 3.700 3.700 3.000 3.900 1.800 3.700 3.800 3.800 3.900 1.800 3.700 3.700 3.700 3.900 1.800 3.700 3.700 3.800 28/11/1981
1.000 1.000 1.000 1.500 2.000 1.000 1.000 1.000 1.600 2.000 1.000 1.000 1.600 1.600 2.000 0.600 0.400 1.600 1.600 1.600 0.600 0.400 1.600 1.600 1.600 0.600 0.400 1.500 1.500 1.600 29/11/1981
6.300 6.300 6.400 7.200 9.000 6.400 6.500 6.400 6.800 8.900 6.400 6.400 6.800 6.900 8.900 8.400 4.700 6.800 6.900 6.900 8.300 4.700 6.800 6.800 6.800 8.200 4.700 6.700 6.700 6.900 30/11/1981
0.200 0.200 0.200 0.000 0.000 0.200 0.200 0.200 0.500 0.000 0.200 0.200 0.500 0.500 0.000 0.000 0.000 0.500 0.500 0.500 0.000 0.000 0.500 0.500 0.500 0.000 0.000 0.500 0.500 0.500 01/12/1981
0.000 0.000 0.000 0.000 0.000 0.000 0.000 0.000 0.000 0.000 0.000 0.000 0.000 0.000 0.000 0.000 0.000 0.000 0.000 0.000 0.000 0.000 0.000 0.000 0.000 0.000 0.000 0.000 0.000 0.000 02/12/1981
0.000 0.000 0.000 0.000 0.500 0.000 0.000 0.000 0.200 0.500 0.000 0.000 0.200 0.200 0.500 0.000 0.000 0.200 0.200 0.200 0.000 0.000 0.200 0.200 0.200 0.000 0.000 0.200 0.200 0.200 03/12/1981
1.400 1.400 1.400 1.400 3.100 1.400 1.400 1.400 2.100 3.000 1.400 1.400 2.100 2.100 3.000 1.700 1.700 2.100 2.100 2.100 1.700 1.700 2.100 2.100 2.100 1.700 1.700 2.100 2.100 2.100 04/12/1981
0.900 0.900 0.900 0.200 0.000 0.900 0.900 0.900 0.000 0.000 0.900 0.900 0.000 0.000 0.000 0.000 0.100 0.000 0.000 0.000 0.000 0.100 0.000 0.000 0.000 0.000 0.100 0.000 0.000 0.000 05/12/1981
9.800 9.900 10.000 9.900 14.100 10.000 10.100 10.000 5.300 14.000 10.000 10.000 5.300 5.400 13.900 5.000 4.300 5.300 5.400 5.400 5.000 4.300 5.300 5.300 5.300 4.900 4.200 5.300 5.300 5.400 06/12/1981
7.300 7.300 7.300 4.600 15.300 7.400 7.500 7.400 9.200 15.200 7.400 7.400 9.200 9.300 15.100 4.800 3.700 9.200 9.300 9.300 4.700 3.700 9.300 9.200 9.200 4.700 3.700 9.100 9.100 9.300 07/12/1981
9.900 10.000 10.000 6.900 14.300 10.100 10.200 10.100 9.000 14.200 10.100 10.100 9.000 9.100 14.100 11.900 7.000 9.000 9.100 9.100 11.800 7.000 9.000 9.000 9.000 11.600 7.000 8.900 8.900 9.100 08/12/1981
2.300 2.300 2.300 3.300 3.000 2.300 2.300 2.300 2.700 3.000 2.300 2.300 2.600 2.700 2.900 2.000 3.100 2.700 2.700 2.700 2.000 3.100 2.700 2.600 2.600 2.000 3.100 2.600 2.600 2.700 09/12/1981
11.200 11.300 11.300 13.400 13.500 11.400 11.500 11.400 10.500 13.400 11.400 11.400 10.500 10.600 13.300 11.100 19.700 10.500 10.600 10.600 11.000 19.700 10.500 10.400 10.400 10.900 19.600 10.300 10.400 10.600 10/12/1981
6.800 6.800 6.800 11.800 7.500 6.900 7.000 6.900 12.300 7.500 6.900 6.900 12.200 12.300 7.400 14.300 15.000 12.300 12.400 12.400 14.200 15.000 12.300 12.200 12.200 14.000 14.900 12.100 12.100 12.400 11/12/1981
11.200 11.100 11.000 7.400 12.200 10.900 10.700 10.900 19.700 12.200 10.900 10.900 19.600 19.800 12.100 16.600 24.500 19.700 19.900 19.900 16.800 24.500 19.700 19.600 19.600 17.000 24.400 19.400 19.500 19.900 12/12/1981
21.100 21.300 21.400 17.200 21.800 21.600 21.800 21.600 27.200 21.700 21.500 21.500 27.100 27.300 21.500 32.800 35.400 27.200 27.500 27.400 32.500 35.500 27.200 27.000 27.000 32.100 35.200 26.800 26.800 27.400 13/12/1981
6.700 6.700 6.800 5.400 9.100 6.800 6.900 6.800 14.200 9.000 6.800 6.800 14.200 14.300 8.900 6.300 11.900 14.200 14.400 14.300 6.300 11.900 14.200 14.100 14.100 6.200 11.900 14.000 14.000 14.400 14/12/1981
21.100 21.300 21.400 18.100 22.500 21.500 21.700 21.500 19.400 22.300 21.500 21.500 19.300 19.500 22.200 14.800 11.700 19.400 19.600 19.600 14.700 11.700 19.400 19.300 19.300 14.500 11.600 19.100 19.200 19.600 15/12/1981
6.500 6.600 6.600 4.000 7.200 6.600 6.700 6.600 7.500 7.100 6.600 6.600 7.500 7.500 7.100 5.000 3.400 7.500 7.600 7.600 4.900 3.400 7.500 7.400 7.400 4.800 3.400 7.400 7.400 7.600 16/12/1981
9.400 9.400 9.500 9.000 10.400 9.600 9.700 9.600 9.200 10.400 9.500 9.500 9.200 9.300 10.300 11.000 8.600 9.200 9.300 9.300 10.900 8.600 9.300 9.200 9.200 10.700 8.500 9.100 9.100 9.300 17/12/1981
6.800 6.800 6.800 7.000 5.500 6.900 6.900 6.900 4.600 5.500 6.900 6.900 4.500 4.600 5.500 4.000 7.900 4.500 4.600 4.600 4.000 7.900 4.600 4.500 4.500 3.900 7.800 4.500 4.500 4.600 18/12/1981
0.000 0.000 0.000 0.000 0.000 0.000 0.000 0.000 0.000 0.000 0.000 0.000 0.000 0.000 0.000 0.000 0.000 0.000 0.000 0.000 0.000 0.000 0.000 0.000 0.000 0.000 0.000 0.000 0.000 0.000 19/12/1981
13.600 13.700 13.800 9.600 8.200 13.900 14.000 13.900 6.200 8.200 13.900 13.800 6.200 6.200 8.100 6.500 6.800 6.200 6.200 6.200 6.500 6.800 6.200 6.100 6.100 6.400 6.800 6.100 6.100 6.200 20/12/1981
9.700 9.800 9.800 5.200 8.300 9.900 10.000 9.900 8.400 8.300 9.900 9.900 8.400 8.500 8.200 12.400 22.400 8.400 8.500 8.500 12.300 22.500 8.400 8.400 8.400 12.100 22.300 8.300 8.300 8.500 21/12/1981
3.800 3.800 3.800 2.400 5.500 3.800 3.900 3.800 10.700 5.500 3.800 3.800 10.700 10.800 5.500 4.600 3.000 10.700 10.800 10.800 4.600 3.000 10.700 10.600 10.600 4.600 3.000 10.500 10.600 10.800 22/12/1981
11.600 11.700 11.700 13.500 13.500 11.800 11.900 11.800 14.800 13.500 11.800 11.800 14.800 14.900 13.300 10.800 13.500 14.800 15.000 14.900 10.700 13.500 14.800 14.700 14.700 10.600 13.400 14.600 14.600 14.900 23/12/1981
3.200 3.200 3.200 1.400 4.400 3.200 3.300 3.200 2.900 4.300 3.200 3.200 2.900 2.900 4.300 0.000 0.600 2.900 2.900 2.900 0.000 0.600 2.900 2.900 2.900 0.000 0.600 2.900 2.900 2.900 24/12/1981
0.000 0.000 0.000 0.000 0.000 0.000 0.000 0.000 0.000 0.000 0.000 0.000 0.000 0.000 0.000 0.000 0.000 0.000 0.000 0.000 0.000 0.000 0.000 0.000 0.000 0.000 0.000 0.000 0.000 0.000 25/12/1981
4.000 4.000 4.000 3.100 2.500 4.100 4.100 4.100 4.700 2.500 4.100 4.100 4.600 4.700 2.500 3.800 3.400 4.700 4.700 4.700 3.800 3.400 4.700 4.600 4.600 3.700 3.400 4.600 4.600 4.700 26/12/1981
2.400 2.400 2.400 0.800 4.500 2.500 2.500 2.500 4.300 4.400 2.500 2.400 4.300 4.300 4.400 1.200 3.300 4.300 4.300 4.300 1.200 3.300 4.300 4.300 4.300 1.100 3.300 4.200 4.200 4.300 27/12/1981
15.200 15.300 15.400 15.000 22.100 15.500 15.600 15.500 19.800 21.900 15.400 15.400 19.700 19.800 21.800 17.600 17.600 19.700 19.900 19.900 17.400 17.700 19.800 19.600 19.600 17.200 17.500 19.400 19.500 19.900 28/12/1981
2.900 2.900 2.900 1.000 2.900 3.000 3.000 3.000 3.100 2.900 3.000 2.900 3.100 3.100 2.900 6.000 2.700 3.100 3.200 3.200 5.900 2.700 3.100 3.100 3.100 5.800 2.700 3.100 3.100 3.200 29/12/1981
4.700 4.700 4.700 8.000 8.900 4.800 4.800 4.800 7.000 8.900 4.800 4.800 6.900 7.000 8.800 3.300 4.200 7.000 7.000 7.000 3.300 4.200 7.000 6.900 6.900 3.300 4.200 6.900 6.900 7.000 30/12/1981
3.800 3.900 3.900 6.000 5.500 3.900 3.900 3.900 5.500 5.500 3.900 3.900 5.400 5.500 5.400 3.800 6.400 5.500 5.500 5.500 3.800 6.400 5.500 5.400 5.400 3.800 6.400 5.400 5.400 5.500 31/12/1981
3.600 3.600 3.600 2.500 4.300 3.600 3.700 3.600 2.300 4.300 3.600 3.600 2.300 2.300 4.300 3.400 3.800 2.300 2.300 2.300 3.300 3.800 2.300 2.300 2.300 3.200 3.700 2.300 2.300 2.300 01/01/1982
0.000 0.000 0.000 0.000 0.100 0.000 0.000 0.000 0.200 0.100 0.000 0.000 0.200 0.200 0.100 0.000 0.000 0.200 0.200 0.200 0.000 0.000 0.200 0.200 0.200 0.000 0.000 0.200 0.200 0.200 02/01/1982
1.800 1.800 1.800 1.200 1.400 1.800 1.900 1.800 1.200 1.400 1.800 1.800 1.200 1.200 1.400 1.200 1.500 1.200 1.200 1.200 1.200 1.500 1.200 1.200 1.200 1.200 1.500 1.200 1.200 1.200 03/01/1982
1.300 1.300 1.300 1.700 3.600 1.300 1.300 1.300 4.400 3.500 1.300 1.300 4.300 4.400 3.500 1.300 0.000 4.300 4.400 4.400 1.200 0.000 4.400 4.300 4.300 1.200 0.000 4.300 4.300 4.400 04/01/1982
25.600 25.800 25.900 35.200 31.800 26.100 26.400 26.100 15.200 31.600 26.000 26.000 15.200 15.300 31.300 11.600 10.500 15.200 15.400 15.400 11.500 10.600 15.300 15.200 15.100 11.300 10.500 15.000 15.000 15.400 05/01/1982
29.200 29.400 29.500 30.900 39.400 29.700 30.000 29.700 32.600 39.200 29.700 29.600 32.500 32.800 38.800 35.000 34.800 32.500 32.900 32.900 34.700 34.900 32.600 32.400 32.400 34.300 34.600 32.100 32.100 32.900 06/01/1982
1.600 1.600 1.600 1.400 1.500 1.600 1.600 1.600 2.500 1.500 1.600 1.600 2.500 2.500 1.500 2.300 2.100 2.500 2.500 2.500 2.300 2.100 2.500 2.500 2.500 2.300 2.000 2.400 2.400 2.500 07/01/1982
0.000 0.000 0.000 0.000 0.000 0.000 0.000 0.000 0.000 0.000 0.000 0.000 0.000 0.000 0.000 0.000 0.000 0.000 0.000 0.000 0.000 0.000 0.000 0.000 0.000 0.000 0.000 0.000 0.000 0.000 08/01/1982
1.700 1.700 1.700 1.200 1.100 1.700 1.700 1.700 1.400 1.100 1.700 1.700 1.400 1.400 1.100 1.900 1.400 1.400 1.400 1.400 1.900 1.400 1.400 1.400 1.400 1.900 1.400 1.400 1.400 1.400 09/01/1982
3.900 3.900 4.000 3.500 1.000 4.000 4.000 4.000 1.300 1.000 4.000 4.000 1.300 1.300 1.000 3.700 1.100 1.300 1.300 1.300 3.700 1.100 1.300 1.300 1.300 3.700 1.100 1.300 1.300 1.300 10/01/1982
0.100 0.100 0.100 0.300 1.300 0.100 0.100 0.100 0.100 1.300 0.100 0.100 0.100 0.100 1.300 0.000 0.000 0.100 0.100 0.100 0.000 0.000 0.100 0.100 0.100 0.000 0.000 0.100 0.100 0.100 11/01/1982
0.000 0.000 0.000 0.000 0.000 0.000 0.000 0.000 0.000 0.000 0.000 0.000 0.000 0.000 0.000 0.000 0.000 0.000 0.000 0.000 0.000 0.000 0.000 0.000 0.000 0.000 0.000 0.000 0.000 0.000 12/01/1982
0.000 0.000 0.000 0.000 0.000 0.000 0.000 0.000 0.000 0.000 0.000 0.000 0.000 0.000 0.000 0.000 0.000 0.000 0.000 0.000 0.000 0.000 0.000 0.000 0.000 0.000 0.000 0.000 0.000 0.000 13/01/1982
0.000 0.000 0.000 0.000 0.000 0.000 0.000 0.000 0.000 0.000 0.000 0.000 0.000 0.000 0.000 0.000 0.000 0.000 0.000 0.000 0.000 0.000 0.000 0.000 0.000 0.000 0.000 0.000 0.000 0.000 14/01/1982
0.000 0.000 0.000 0.000 0.000 0.000 0.000 0.000 0.000 0.000 0.000 0.000 0.000 0.000 0.000 0.000 0.000 0.000 0.000 0.000 0.000 0.000 0.000 0.000 0.000 0.000 0.000 0.000 0.000 0.000 15/01/1982
0.000 0.000 0.000 0.000 0.000 0.000 0.000 0.000 0.000 0.000 0.000 0.000 0.000 0.000 0.000 0.000 0.000 0.000 0.000 0.000 0.000 0.000 0.000 0.000 0.000 0.000 0.000 0.000 0.000 0.000 16/01/1982
0.000 0.000 0.000 0.000 0.000 0.000 0.000 0.000 0.000 0.000 0.000 0.000 0.000 0.000 0.000 0.000 0.000 0.000 0.000 0.000 0.000 0.000 0.000 0.000 0.000 0.000 0.000 0.000 0.000 0.000 17/01/1982
0.000 0.000 0.000 0.000 0.000 0.000 0.000 0.000 0.000 0.000 0.000 0.000 0.000 0.000 0.000 0.000 0.000 0.000 0.000 0.000 0.000 0.000 0.000 0.000 0.000 0.000 0.000 0.000 0.000 0.000 18/01/1982
0.400 0.400 0.400 0.500 0.000 0.400 0.400 0.400 0.400 0.000 0.400 0.400 0.400 0.400 0.000 0.800 0.800 0.400 0.400 0.400 0.800 0.800 0.400 0.400 0.400 0.800 0.700 0.400 0.400 0.400 19/01/1982
2.700 2.700 2.700 2.300 2.000 2.800 2.800 2.800 3.600 2.000 2.800 2.700 3.600 3.600 2.000 1.300 1.200 3.600 3.600 3.600 1.300 1.200 3.600 3.500 3.500 1.300 1.200 3.500 3.500 3.600 20/01/1982
2.300 2.300 2.300 3.400 2.600 2.400 2.400 2.400 1.800 2.600 2.400 2.400 1.800 1.800 2.600 2.000 2.700 1.800 1.800 1.800 2.000 2.700 1.800 1.800 1.800 2.000 2.700 1.800 1.800 1.800 21/01/1982
1.800 1.800 1.800 1.700 3.700 1.900 1.900 1.900 2.800 3.700 1.800 1.800 2.800 2.800 3.600 1.300 5.700 2.800 2.900 2.800 1.300 5.800 2.800 2.800 2.800 1.300 5.700 2.800 2.800 2.900 22/01/1982
7.600 7.600 7.700 6.600 3.500 7.700 7.800 7.700 6.200 3.500 7.700 7.700 6.100 6.200 3.500 10.700 9.100 6.100 6.200 6.200 10.600 9.100 6.200 6.100 6.100 10.500 9.000 6.100 6.100 6.200 23/01/1982
0.900 0.900 0.900 0.000 0.100 0.900 0.900 0.900 2.600 0.100 0.900 0.900 2.600 2.600 0.100 1.400 3.700 2.600 2.600 2.600 1.400 3.700 2.600 2.600 2.600 1.400 3.700 2.500 2.500 2.600 24/01/1982
1.100 1.100 1.100 0.500 0.500 1.100 1.100 1.100 2.200 0.500 1.100 1.100 2.200 2.200 0.400 0.100 1.400 2.200 2.200 2.200 0.100 1.400 2.200 2.200 2.200 0.100 1.400 2.200 2.200 2.200 25/01/1982
4.500 4.500 4.500 5.400 11.500 4.500 4.600 4.500 7.400 11.400 4.500 4.500 7.300 7.400 11.300 6.000 5.400 7.400 7.400 7.400 6.000 5.400 7.400 7.300 7.300 5.900 5.400 7.200 7.300 7.400 26/01/1982
0.600 0.600 0.600 0.300 1.200 0.600 0.600 0.600 0.900 1.200 0.600 0.600 0.900 0.900 1.200 0.200 1.100 0.900 0.900 0.900 0.200 1.100 0.900 0.900 0.900 0.200 1.100 0.900 0.900 0.900 27/01/1982
0.000 0.000 0.000 0.200 0.100 0.000 0.000 0.000 0.000 0.100 0.000 0.000 0.000 0.000 0.100 0.000 0.000 0.000 0.000 0.000 0.000 0.000 0.000 0.000 0.000 0.000 0.000 0.000 0.000 0.000 28/01/1982
2.200 2.200 2.200 3.600 5.700 2.200 2.200 2.200 2.900 5.700 2.200 2.200 2.800 2.900 5.600 1.100 0.600 2.900 2.900 2.900 1.100 0.700 2.900 2.800 2.800 1.000 0.600 2.800 2.800 2.900 29/01/1982
0.500 0.500 0.500 0.600 1.400 0.600 0.600 0.600 0.500 1.400 0.600 0.600 0.500 0.500 1.400 0.100 0.600 0.500 0.500 0.500 0.100 0.700 0.500 0.500 0.500 0.100 0.600 0.500 0.500 0.500 30/01/1982
0.000 0.000 0.000 0.000 0.000 0.000 0.000 0.000 0.000 0.000 0.000 0.000 0.000 0.000 0.000 0.000 0.000 0.000 0.000 0.000 0.000 0.000 0.000 0.000 0.000 0.000 0.000 0.000 0.000 0.000 31/01/1982
0.000 0.000 0.000 0.000 0.000 0.000 0.000 0.000 0.000 0.000 0.000 0.000 0.000 0.000 0.000 0.000 0.000 0.000 0.000 0.000 0.000 0.000 0.000 0.000 0.000 0.000 0.000 0.000 0.000 0.000 01/02/1982
0.000 0.000 0.000 0.000 0.000 0.000 0.000 0.000 0.000 0.000 0.000 0.000 0.000 0.000 0.000 0.000 0.500 0.000 0.000 0.000 0.000 0.500 0.000 0.000 0.000 0.000 0.500 0.000 0.000 0.000 02/02/1982
2.300 2.300 2.300 3.900 4.200 2.300 2.300 2.300 3.500 4.200 2.300 2.300 3.500 3.500 4.100 1.600 0.500 3.500 3.500 3.500 1.600 0.500 3.500 3.400 3.400 1.600 0.500 3.400 3.400 3.500 03/02/1982
0.000 0.000 0.000 0.000 0.000 0.000 0.000 0.000 0.000 0.000 0.000 0.000 0.000 0.000 0.000 0.000 0.000 0.000 0.000 0.000 0.000 0.000 0.000 0.000 0.000 0.000 0.000 0.000 0.000 0.000 04/02/1982
0.000 0.000 0.000 0.000 0.000 0.000 0.000 0.000 0.000 0.000 0.000 0.000 0.000 0.000 0.000 0.000 0.000 0.000 0.000 0.000 0.000 0.000 0.000 0.000 0.000 0.000 0.000 0.000 0.000 0.000 05/02/1982
0.000 0.000 0.000 0.000 0.000 0.000 0.000 0.000 0.000 0.000 0.000 0.000 0.000 0.000 0.000 0.000 0.000 0.000 0.000 0.000 0.000 0.000 0.000 0.000 0.000 0.000 0.000 0.000 0.000 0.000 06/02/1982
0.000 0.000 0.000 0.000 0.000 0.000 0.000 0.000 0.000 0.000 0.000 0.000 0.000 0.000 0.000 0.000 0.000 0.000 0.000 0.000 0.000 0.000 0.000 0.000 0.000 0.000 0.000 0.000 0.000 0.000 07/02/1982
0.000 0.000 0.000 0.000 0.000 0.000 0.000 0.000 0.000 0.000 0.000 0.000 0.000 0.000 0.000 0.000 0.000 0.000 0.000 0.000 0.000 0.000 0.000 0.000 0.000 0.000 0.000 0.000 0.000 0.000 08/02/1982
0.000 0.000 0.000 0.000 0.000 0.000 0.000 0.000 0.000 0.000 0.000 0.000 0.000 0.000 0.000 0.000 0.000 0.000 0.000 0.000 0.000 0.000 0.000 0.000 0.000 0.000 0.000 0.000 0.000 0.000 09/02/1982
0.000 0.000 0.000 0.000 0.000 0.000 0.000 0.000 0.000 0.000 0.000 0.000 0.000 0.000 0.000 0.000 0.000 0.000 0.000 0.000 0.000 0.000 0.000 0.000 0.000 0.000 0.000 0.000 0.000 0.000 10/02/1982
0.000 0.000 0.000 0.000 0.000 0.000 0.000 0.000 0.000 0.000 0.000 0.000 0.000 0.000 0.000 0.000 0.000 0.000 0.000 0.000 0.000 0.000 0.000 0.000 0.000 0.000 0.000 0.000 0.000 0.000 11/02/1982
0.000 0.000 0.000 0.000 0.000 0.000 0.000 0.000 0.000 0.000 0.000 0.000 0.000 0.000 0.000 0.000 0.000 0.000 0.000 0.000 0.000 0.000 0.000 0.000 0.000 0.000 0.000 0.000 0.000 0.000 12/02/1982
9.900 9.700 9.500 10.800 15.600 9.200 8.900 9.200 13.000 15.500 9.300 9.300 12.900 13.000 15.400 10.300 10.000 12.900 13.100 13.100 10.200 10.000 13.000 12.900 12.900 10.100 10.100 12.800 12.800 13.100 13/02/1982
2.600 2.600 2.600 1.000 0.200 2.600 2.700 2.600 0.300 0.200 2.600 2.600 0.300 0.300 0.200 1.100 3.500 0.300 0.300 0.300 1.100 3.500 0.300 0.300 0.300 1.000 3.400 0.300 0.300 0.300 14/02/1982
0.000 0.000 0.000 0.000 0.300 0.000 0.000 0.000 0.100 0.300 0.000 0.000 0.100 0.100 0.200 0.000 0.000 0.100 0.100 0.100 0.000 0.000 0.100 0.100 0.100 0.000 0.000 0.100 0.100 0.100 15/02/1982
12.300 12.400 12.500 12.700 13.400 12.600 12.700 12.600 14.200 13.300 12.500 12.500 14.100 14.200 13.200 8.500 7.100 14.100 14.300 14.300 8.400 7.200 14.200 14.100 14.100 8.300 7.100 13.900 14.000 14.300 16/02/1982
0.100 0.100 0.100 0.200 0.600 0.100 0.100 0.100 0.900 0.600 0.100 0.100 0.900 0.900 0.600 0.000 1.400 0.900 0.900 0.900 0.000 1.400 0.900 0.800 0.800 0.000 1.400 0.800 0.800 0.900 17/02/1982
3.900 3.900 4.000 1.800 0.200 4.000 4.000 4.000 1.300 0.200 4.000 4.000 1.300 1.300 0.200 1.500 3.200 1.300 1.300 1.300 1.500 3.200 1.300 1.300 1.300 1.500 3.200 1.300 1.300 1.300 18/02/1982
0.000 0.000 0.000 0.000 0.000 0.000 0.000 0.000 0.000 0.000 0.000 0.000 0.000 0.000 0.000 0.000 0.000 0.000 0.000 0.000 0.000 0.000 0.000 0.000 0.000 0.000 0.000 0.000 0.000 0.000 19/02/1982
0.000 0.000 0.000 0.000 0.000 0.000 0.000 0.000 0.000 0.000 0.000 0.000 0.000 0.000 0.000 0.000 0.000 0.000 0.000 0.000 0.000 0.000 0.000 0.000 0.000 0.000 0.000 0.000 0.000 0.000 20/02/1982
0.600 0.600 0.600 0.000 0.100 0.600 0.600 0.600 0.100 0.100 0.600 0.600 0.100 0.100 0.100 2.300 2.600 0.100 0.100 0.100 2.300 2.600 0.100 0.100 0.100 2.300 2.600 0.100 0.100 0.100 21/02/1982
0.500 0.500 0.500 1.000 1.700 0.500 0.500 0.500 2.500 1.700 0.500 0.500 2.400 2.500 1.700 2.200 8.900 2.500 2.500 2.500 2.200 8.900 2.500 2.400 2.400 2.200 8.900 2.400 2.400 2.500 22/02/1982
0.000 0.000 0.000 0.000 0.000 0.000 0.000 0.000 0.000 0.000 0.000 0.000 0.000 0.000 0.000 0.000 0.000 0.000 0.000 0.000 0.000 0.000 0.000 0.000 0.000 0.000 0.000 0.000 0.000 0.000 23/02/1982
0.000 0.000 0.000 0.000 0.000 0.000 0.000 0.000 0.000 0.000 0.000 0.000 0.000 0.000 0.000 0.000 0.000 0.000 0.000 0.000 0.000 0.000 0.000 0.000 0.000 0.000 0.000 0.000 0.000 0.000 24/02/1982
0.300 0.200 0.200 0.300 0.000 0.200 0.200 0.200 0.000 0.000 0.200 0.200 0.000 0.000 0.000 0.200 0.500 0.000 0.000 0.000 0.200 0.500 0.000 0.100 0.100 0.200 0.600 0.100 0.100 0.000 25/02/1982
2.800 2.900 2.900 0.400 2.200 2.900 2.900 2.900 4.300 2.100 2.900 2.900 4.200 4.300 2.100 5.500 4.500 4.200 4.300 4.300 5.500 4.500 4.300 4.200 4.200 5.400 4.500 4.200 4.200 4.300 26/02/1982
8.000 8.000 8.100 6.500 8.100 8.100 8.200 8.100 6.100 8.100 8.100 8.100 6.100 6.100 8.000 7.700 8.200 6.100 6.100 6.100 7.600 8.300 6.100 6.100 6.100 7.500 8.200 6.000 6.000 6.100 27/02/1982
0.800 0.800 0.900 0.600 2.100 0.900 0.900 0.900 1.300 2.100 0.900 0.900 1.300 1.300 2.100 0.800 0.900 1.300 1.400 1.400 0.700 0.900 1.300 1.300 1.300 0.700 0.900 1.300 1.300 1.400 28/02/1982
10.600 10.700 10.700 8.200 13.300 10.800 10.900 10.800 9.300 13.200 10.800 10.800 9.300 9.300 13.100 8.000 7.900 9.300 9.400 9.400 7.900 7.900 9.300 9.200 9.200 7.800 7.800 9.100 9.200 9.400 01/03/1982
1.100 1.100 1.200 1.700 1.400 1.200 1.200 1.200 2.700 1.400 1.200 1.200 2.700 2.700 1.400 0.300 0.900 2.700 2.800 2.800 0.300 0.900 2.700 2.700 2.700 0.300 0.900 2.700 2.700 2.800 02/03/1982
1.500 1.500 1.500 1.600 2.200 1.500 1.500 1.500 3.000 2.200 1.500 1.500 3.000 3.000 2.100 1.500 2.300 3.000 3.000 3.000 1.500 2.300 3.000 3.000 3.000 1.400 2.200 2.900 2.900 3.000 03/03/1982
1.300 1.300 1.300 1.400 2.300 1.300 1.300 1.300 1.900 2.300 1.300 1.300 2.000 1.900 2.200 2.200 1.100 1.900 1.800 1.800 2.200 1.100 1.900 2.000 2.000 2.100 1.100 2.100 2.100 1.800 04/03/1982
0.000 0.000 0.000 0.000 0.000 0.000 0.000 0.000 0.000 0.000 0.000 0.000 0.000 0.000 0.000 0.000 0.000 0.000 0.000 0.000 0.000 0.000 0.000 0.000 0.000 0.000 0.000 0.000 0.000 0.000 05/03/1982
0.000 0.000 0.000 0.000 0.000 0.000 0.000 0.000 0.000 0.000 0.000 0.000 0.000 0.000 0.000 0.000 0.000 0.000 0.000 0.000 0.000 0.000 0.000 0.000 0.000 0.000 0.000 0.000 0.000 0.000 06/03/1982
0.200 0.200 0.200 0.000 0.800 0.200 0.200 0.200 0.500 0.800 0.200 0.200 0.500 0.500 0.800 0.400 0.100 0.500 0.500 0.500 0.400 0.100 0.500 0.600 0.600 0.400 0.100 0.600 0.600 0.500 07/03/1982
0.100 0.100 0.100 0.000 0.700 0.200 0.200 0.200 0.700 0.700 0.200 0.200 0.700 0.700 0.700 1.500 0.100 0.700 0.700 0.700 1.400 0.100 0.700 0.700 0.700 1.400 0.100 0.700 0.700 0.700 08/03/1982
5.100 5.200 5.200 3.200 3.400 5.200 5.300 5.200 2.500 3.300 5.200 5.200 2.500 2.500 3.300 4.800 0.800 2.500 2.500 2.500 4.800 0.800 2.500 2.500 2.500 4.700 0.800 2.400 2.400 2.500 09/03/1982
10.900 10.900 11.000 6.400 15.600 11.100 11.200 11.100 11.000 15.500 11.100 11.000 10.900 11.000 15.400 10.600 8.900 10.900 11.100 11.000 10.500 8.900 11.000 10.900 10.900 10.400 8.800 10.800 10.800 11.100 10/03/1982
0.900 0.900 0.900 0.800 0.700 0.900 0.900 0.900 0.900 0.700 0.900 0.900 0.900 0.900 0.700 0.100 0.100 0.900 0.900 0.900 0.100 0.100 0.900 0.900 0.900 0.100 0.100 0.900 0.900 0.900 11/03/1982
2.200 2.200 2.200 3.100 1.900 2.200 2.200 2.200 1.400 1.900 2.200 2.200 1.400 1.400 1.900 3.000 3.100 1.400 1.400 1.400 2.900 3.100 1.400 1.400 1.400 2.900 3.100 1.300 1.300 1.400 12/03/1982
0.400 0.400 0.400 0.000 0.000 0.400 0.400 0.400 0.300 0.000 0.400 0.400 0.300 0.300 0.100 0.100 0.900 0.300 0.200 0.300 0.100 0.800 0.300 0.300 0.300 0.200 0.900 0.400 0.400 0.200 13/03/1982
0.000 0.000 0.000 0.000 0.000 0.000 0.000 0.000 0.000 0.000 0.000 0.000 0.000 0.000 0.000 0.000 0.000 0.000 0.000 0.000 0.000 0.000 0.000 0.000 0.000 0.000 0.000 0.000 0.000 0.000 14/03/1982
5.500 5.500 5.500 7.100 7.300 5.600 5.600 5.600 6.900 7.200 5.600 5.600 6.900 7.000 7.200 5.900 5.300 6.900 7.000 7.000 5.900 5.300 6.900 6.900 6.900 5.800 5.200 6.800 6.800 7.000 15/03/1982
19.100 19.300 19.300 18.900 25.700 19.500 19.700 19.500 15.700 25.600 19.500 19.400 15.600 15.800 25.300 22.900 13.100 15.700 15.900 15.800 22.700 13.100 15.700 15.600 15.600 22.400 13.000 15.400 15.500 15.800 16/03/1982
2.900 2.900 2.900 4.000 3.000 2.800 2.800 2.800 4.300 3.000 2.800 2.800 4.300 4.300 3.000 5.000 7.300 4.300 4.300 4.300 5.000 7.200 4.300 4.300 4.300 4.900 7.500 4.200 4.200 4.300 17/03/1982
3.200 3.300 3.300 1.300 1.700 3.300 3.300 3.300 4.800 1.700 3.300 3.300 4.800 4.900 1.700 5.500 4.500 4.800 4.900 4.900 5.500 4.500 4.800 4.800 4.800 5.400 4.400 4.800 4.800 4.900 18/03/1982
4.800 4.800 4.800 3.800 8.600 4.900 4.900 4.900 4.400 8.600 4.800 4.800 4.300 4.400 8.500 3.300 5.000 4.300 4.400 4.400 3.300 5.000 4.400 4.300 4.300 3.200 5.000 4.300 4.300 4.400 19/03/1982
0.600 0.600 0.700 0.100 1.800 0.700 0.700 0.700 2.000 1.800 0.700 0.700 2.000 2.000 1.800 0.500 2.600 2.000 2.000 2.000 0.500 2.600 2.000 2.000 2.000 0.500 2.600 2.000 2.000 2.000 20/03/1982
1.700 1.700 1.700 0.000 0.000 1.700 1.700 1.700 0.000 0.000 1.700 1.700 0.000 0.000 0.000 3.600 1.600 0.000 0.000 0.000 3.500 1.600 0.000 0.000 0.000 3.500 1.600 0.000 0.000 0.000 21/03/1982
0.100 0.100 0.100 0.200 0.000 0.100 0.100 0.100 0.000 0.000 0.100 0.100 0.000 0.000 0.000 0.000 0.000 0.000 0.000 0.000 0.000 0.000 0.000 0.000 0.000 0.000 0.000 0.000 0.000 0.000 22/03/1982
0.000 0.000 0.000 0.000 0.000 0.000 0.000 0.000 0.000 0.000 0.000 0.000 0.000 0.000 0.000 0.000 0.000 0.000 0.000 0.000 0.000 0.000 0.000 0.000 0.000 0.000 0.000 0.000 0.000 0.000 23/03/1982
0.000 0.000 0.000 0.000 0.000 0.000 0.000 0.000 0.000 0.000 0.000 0.000 0.000 0.000 0.000 0.000 0.000 0.000 0.000 0.000 0.000 0.000 0.000 0.000 0.000 0.000 0.000 0.000 0.000 0.000 24/03/1982
0.000 0.000 0.000 0.000 0.000 0.000 0.000 0.000 0.000 0.000 0.000 0.000 0.000 0.000 0.000 0.000 0.000 0.000 0.000 0.000 0.000 0.000 0.000 0.000 0.000 0.000 0.000 0.000 0.000 0.000 25/03/1982
0.000 0.000 0.000 0.000 0.000 0.000 0.000 0.000 0.000 0.000 0.000 0.000 0.000 0.000 0.000 0.000 0.000 0.000 0.000 0.000 0.000 0.000 0.000 0.000 0.000 0.000 0.000 0.000 0.000 0.000 26/03/1982
0.000 0.000 0.000 0.000 0.000 0.000 0.000 0.000 0.000 0.000 0.000 0.000 0.000 0.000 0.000 0.000 0.000 0.000 0.000 0.000 0.000 0.000 0.000 0.000 0.000 0.000 0.000 0.000 0.000 0.000 27/03/1982
0.000 0.000 0.000 0.000 0.000 0.000 0.000 0.000 0.000 0.000 0.000 0.000 0.000 0.000 0.000 0.000 0.000 0.000 0.000 0.000 0.000 0.000 0.000 0.000 0.000 0.000 0.000 0.000 0.000 0.000 28/03/1982
0.000 0.000 0.000 0.000 0.000 0.000 0.000 0.000 0.000 0.000 0.000 0.000 0.000 0.000 0.000 0.000 0.000 0.000 0.000 0.000 0.000 0.000 0.000 0.000 0.000 0.000 0.000 0.000 0.000 0.000 29/03/1982
3.000 3.100 3.100 6.500 5.800 3.100 3.100 3.100 3.800 5.700 3.100 3.100 3.800 3.900 5.700 0.500 1.000 3.800 3.900 3.900 0.400 1.000 3.900 3.800 3.800 0.400 1.100 3.800 3.800 3.900 30/03/1982
0.200 0.200 0.200 0.200 2.100 0.200 0.200 0.200 1.300 2.100 0.200 0.200 1.300 1.300 2.000 1.400 2.400 1.300 1.400 1.400 1.300 2.400 1.300 1.300 1.300 1.300 2.300 1.300 1.300 1.400 31/03/1982
1.500 1.500 1.500 3.000 12.800 1.500 1.500 1.500 5.300 12.700 1.500 1.500 5.200 5.300 12.600 1.000 0.700 5.300 5.300 5.300 1.000 0.700 5.300 5.200 5.200 1.000 0.700 5.200 5.200 5.300 01/04/1982
0.000 0.000 0.000 0.000 0.000 0.000 0.000 0.000 0.000 0.000 0.000 0.000 0.000 0.000 0.000 0.000 0.000 0.000 0.000 0.000 0.000 0.000 0.000 0.000 0.000 0.000 0.000 0.000 0.000 0.000 02/04/1982
0.000 0.000 0.000 0.000 0.000 0.000 0.000 0.000 0.000 0.000 0.000 0.000 0.000 0.000 0.000 0.000 0.000 0.000 0.000 0.000 0.000 0.000 0.000 0.000 0.000 0.000 0.000 0.000 0.000 0.000 03/04/1982
0.000 0.000 0.000 0.000 0.000 0.000 0.000 0.000 0.000 0.000 0.000 0.000 0.000 0.000 0.000 0.000 0.000 0.000 0.000 0.000 0.000 0.000 0.000 0.000 0.000 0.000 0.000 0.000 0.000 0.000 04/04/1982
0.500 0.500 0.500 0.600 0.600 0.500 0.500 0.500 1.000 0.600 0.500 0.500 1.000 1.000 0.600 0.000 0.000 1.000 1.000 1.000 0.000 0.000 1.000 1.000 1.000 0.000 0.000 1.000 1.000 1.000 05/04/1982
0.000 0.000 0.000 0.000 0.000 0.000 0.000 0.000 0.100 0.000 0.000 0.000 0.100 0.100 0.000 0.000 0.000 0.100 0.100 0.100 0.000 0.000 0.100 0.100 0.100 0.000 0.000 0.100 0.100 0.100 06/04/1982
0.000 0.000 0.000 0.000 0.000 0.000 0.000 0.000 0.000 0.000 0.000 0.000 0.000 0.000 0.000 0.000 0.000 0.000 0.000 0.000 0.000 0.000 0.000 0.000 0.000 0.000 0.000 0.000 0.000 0.000 07/04/1982
0.900 0.900 0.900 0.800 0.600 0.900 0.900 0.900 0.200 0.600 0.900 0.900 0.200 0.200 0.600 0.100 0.000 0.200 0.200 0.200 0.100 0.000 0.200 0.200 0.200 0.100 0.000 0.200 0.200 0.200 08/04/1982
0.000 0.000 0.000 0.000 0.000 0.000 0.000 0.000 0.000 0.000 0.000 0.000 0.000 0.000 0.000 0.000 0.000 0.000 0.000 0.000 0.000 0.000 0.000 0.000 0.000 0.000 0.000 0.000 0.000 0.000 09/04/1982
0.000 0.000 0.000 0.000 0.000 0.000 0.000 0.000 0.000 0.000 0.000 0.000 0.000 0.000 0.000 0.000 0.000 0.000 0.000 0.000 0.000 0.000 0.000 0.000 0.000 0.000 0.000 0.000 0.000 0.000 10/04/1982
0.000 0.000 0.000 0.000 0.000 0.000 0.000 0.000 0.000 0.000 0.000 0.000 0.000 0.000 0.000 0.000 0.000 0.000 0.000 0.000 0.000 0.000 0.000 0.000 0.000 0.000 0.000 0.000 0.000 0.000 11/04/1982
0.000 0.000 0.000 0.000 0.000 0.000 0.000 0.000 0.000 0.000 0.000 0.000 0.000 0.000 0.000 0.000 0.000 0.000 0.000 0.000 0.000 0.000 0.000 0.000 0.000 0.000 0.000 0.000 0.000 0.000 12/04/1982
0.000 0.000 0.000 0.000 0.000 0.000 0.000 0.000 0.000 0.000 0.000 0.000 0.000 0.000 0.000 0.000 0.000 0.000 0.000 0.000 0.000 0.000 0.000 0.000 0.000 0.000 0.000 0.000 0.000 0.000 13/04/1982
0.000 0.000 0.000 0.000 0.000 0.000 0.000 0.000 0.000 0.000 0.000 0.000 0.000 0.000 0.000 0.000 0.000 0.000 0.000 0.000 0.000 0.000 0.000 0.000 0.000 0.000 0.000 0.000 0.000 0.000 14/04/1982
0.000 0.000 0.000 0.000 0.000 0.000 0.000 0.000 0.000 0.000 0.000 0.000 0.000 0.000 0.000 0.000 0.000 0.000 0.000 0.000 0.000 0.000 0.000 0.000 0.000 0.000 0.000 0.000 0.000 0.000 15/04/1982
0.000 0.000 0.000 0.000 0.000 0.000 0.000 0.000 0.000 0.000 0.000 0.000 0.000 0.000 0.000 0.000 0.000 0.000 0.000 0.000 0.000 0.000 0.000 0.000 0.000 0.000 0.000 0.000 0.000 0.000 16/04/1982
0.000 0.000 0.000 0.000 0.000 0.000 0.000 0.000 0.000 0.000 0.000 0.000 0.000 0.000 0.000 0.000 0.000 0.000 0.000 0.000 0.000 0.000 0.000 0.000 0.000 0.000 0.000 0.000 0.000 0.000 17/04/1982
0.000 0.000 0.000 0.000 0.000 0.000 0.000 0.000 0.000 0.000 0.000 0.000 0.000 0.000 0.000 0.000 0.000 0.000 0.000 0.000 0.000 0.000 0.000 0.000 0.000 0.000 0.000 0.000 0.000 0.000 18/04/1982
0.000 0.000 0.000 0.000 0.000 0.000 0.000 0.000 0.000 0.000 0.000 0.000 0.000 0.000 0.000 0.000 0.000 0.000 0.000 0.000 0.000 0.000 0.000 0.000 0.000 0.000 0.000 0.000 0.000 0.000 19/04/1982
0.000 0.000 0.000 0.000 0.000 0.000 0.000 0.000 0.000 0.000 0.000 0.000 0.000 0.000 0.000 0.000 0.000 0.000 0.000 0.000 0.000 0.000 0.000 0.000 0.000 0.000 0.000 0.000 0.000 0.000 20/04/1982
0.000 0.000 0.000 0.000 0.000 0.000 0.000 0.000 0.000 0.000 0.000 0.000 0.000 0.000 0.000 0.000 0.000 0.000 0.000 0.000 0.000 0.000 0.000 0.000 0.000 0.000 0.000 0.000 0.000 0.000 21/04/1982
0.000 0.000 0.000 0.000 0.000 0.000 0.000 0.000 0.000 0.000 0.000 0.000 0.000 0.000 0.000 0.000 0.000 0.000 0.000 0.000 0.000 0.000 0.000 0.000 0.000 0.000 0.000 0.000 0.000 0.000 22/04/1982
0.000 0.000 0.000 0.000 0.000 0.000 0.000 0.000 0.000 0.000 0.000 0.000 0.000 0.000 0.000 0.000 0.000 0.000 0.000 0.000 0.000 0.000 0.000 0.000 0.000 0.000 0.000 0.000 0.000 0.000 23/04/1982
0.000 0.000 0.000 0.000 0.000 0.000 0.000 0.000 0.000 0.000 0.000 0.000 0.000 0.000 0.000 0.000 0.000 0.000 0.000 0.000 0.000 0.000 0.000 0.000 0.000 0.000 0.000 0.000 0.000 0.000 24/04/1982
0.000 0.000 0.000 0.000 0.000 0.000 0.000 0.000 0.000 0.000 0.000 0.000 0.000 0.000 0.000 0.000 0.000 0.000 0.000 0.000 0.000 0.000 0.000 0.000 0.000 0.000 0.000 0.000 0.000 0.000 25/04/1982
0.000 0.000 0.000 0.000 0.000 0.000 0.000 0.000 0.000 0.000 0.000 0.000 0.000 0.000 0.000 0.000 0.000 0.000 0.000 0.000 0.000 0.000 0.000 0.000 0.000 0.000 0.000 0.000 0.000 0.000 26/04/1982
0.000 0.000 0.000 0.000 0.000 0.000 0.000 0.000 0.000 0.000 0.000 0.000 0.000 0.000 0.000 0.000 0.000 0.000 0.000 0.000 0.000 0.000 0.000 0.000 0.000 0.000 0.000 0.000 0.000 0.000 27/04/1982
0.000 0.000 0.000 0.000 0.000 0.000 0.000 0.000 0.000 0.000 0.000 0.000 0.000 0.000 0.000 0.000 0.000 0.000 0.000 0.000 0.000 0.000 0.000 0.000 0.000 0.000 0.000 0.000 0.000 0.000 28/04/1982
0.000 0.000 0.000 0.000 0.000 0.000 0.000 0.000 0.000 0.000 0.000 0.000 0.000 0.000 0.000 0.000 0.000 0.000 0.000 0.000 0.000 0.000 0.000 0.000 0.000 0.000 0.000 0.000 0.000 0.000 29/04/1982
0.000 0.000 0.000 0.000 0.000 0.000 0.000 0.000 0.000 0.000 0.000 0.000 0.000 0.000 0.000 0.000 0.000 0.000 0.000 0.000 0.000 0.000 0.000 0.000 0.000 0.000 0.000 0.000 0.000 0.000 30/04/1982
0.000 0.000 0.000 0.000 0.000 0.000 0.000 0.000 0.000 0.000 0.000 0.000 0.000 0.000 0.000 0.000 0.000 0.000 0.000 0.000 0.000 0.000 0.000 0.000 0.000 0.000 0.000 0.000 0.000 0.000 01/05/1982
0.200 0.200 0.200 0.000 0.000 0.200 0.200 0.200 0.000 0.000 0.200 0.200 0.000 0.000 0.000 0.000 0.000 0.000 0.000 0.000 0.000 0.000 0.000 0.000 0.000 0.000 0.000 0.000 0.000 0.000 02/05/1982
0.200 0.200 0.200 1.100 0.900 0.200 0.200 0.200 0.700 0.900 0.200 0.200 0.700 0.700 0.900 0.000 0.100 0.700 0.700 0.700 0.000 0.100 0.700 0.700 0.700 0.000 0.100 0.600 0.600 0.700 03/05/1982
5.100 5.100 5.100 6.400 2.000 5.200 5.200 5.200 1.800 2.000 5.200 5.100 1.800 1.900 2.000 4.400 1.100 1.800 1.900 1.900 4.400 1.100 1.800 1.800 1.800 4.300 1.100 1.800 1.800 1.900 04/05/1982
3.000 3.000 3.000 3.500 2.200 3.000 3.100 3.000 0.700 2.200 3.000 3.000 0.700 0.700 2.100 0.700 1.000 0.700 0.700 0.700 0.700 1.000 0.700 0.700 0.700 0.700 1.000 0.600 0.600 0.700 05/05/1982
4.500 4.600 4.600 6.200 3.500 4.600 4.600 4.600 4.200 3.500 4.600 4.600 4.100 4.200 3.500 2.900 3.600 4.100 4.200 4.200 2.900 3.600 4.200 4.100 4.100 2.800 3.700 4.100 4.100 4.200 06/05/1982
0.100 0.100 0.100 0.000 0.000 0.100 0.100 0.100 0.000 0.000 0.100 0.100 0.000 0.000 0.000 0.000 0.000 0.000 0.000 0.000 0.000 0.000 0.000 0.000 0.000 0.000 0.000 0.000 0.000 0.000 07/05/1982
2.300 2.400 2.400 2.400 4.000 2.400 2.400 2.400 3.000 4.000 2.400 2.400 3.000 3.000 4.000 1.800 1.600 3.000 3.000 3.000 1.800 1.600 3.000 3.000 3.000 1.900 1.600 2.900 3.000 3.000 08/05/1982
0.100 0.200 0.200 0.000 0.100 0.200 0.200 0.200 0.700 0.100 0.200 0.200 0.700 0.700 0.100 0.000 0.000 0.700 0.700 0.700 0.000 0.000 0.700 0.700 0.700 0.000 0.000 0.700 0.700 0.700 09/05/1982
0.000 0.000 0.000 0.000 0.000 0.000 0.000 0.000 0.000 0.000 0.000 0.000 0.000 0.000 0.000 0.000 0.000 0.000 0.000 0.000 0.000 0.000 0.000 0.000 0.000 0.000 0.000 0.000 0.000 0.000 10/05/1982
0.000 0.000 0.000 0.000 0.000 0.000 0.000 0.000 0.000 0.000 0.000 0.000 0.000 0.000 0.000 0.000 0.000 0.000 0.000 0.000 0.000 0.000 0.000 0.000 0.000 0.000 0.000 0.000 0.000 0.000 11/05/1982
0.000 0.000 0.000 0.000 0.000 0.000 0.000 0.000 0.000 0.000 0.000 0.000 0.000 0.000 0.000 0.000 0.000 0.000 0.000 0.000 0.000 0.000 0.000 0.000 0.000 0.000 0.000 0.000 0.000 0.000 12/05/1982
0.000 0.000 0.000 0.000 0.000 0.000 0.000 0.000 0.000 0.000 0.000 0.000 0.000 0.000 0.000 0.000 0.000 0.000 0.000 0.000 0.000 0.000 0.000 0.000 0.000 0.000 0.000 0.000 0.000 0.000 13/05/1982
0.000 0.000 0.000 0.000 0.000 0.000 0.000 0.000 0.000 0.000 0.000 0.000 0.000 0.000 0.000 0.000 0.000 0.000 0.000 0.000 0.000 0.000 0.000 0.000 0.000 0.000 0.000 0.000 0.000 0.000 14/05/1982
2.400 2.400 2.400 2.700 0.000 2.400 2.400 2.400 0.400 0.000 2.400 2.400 0.400 0.400 0.000 0.000 0.000 0.400 0.400 0.400 0.000 0.000 0.400 0.400 0.400 0.000 0.000 0.400 0.400 0.400 15/05/1982
0.100 0.100 0.100 1.300 0.100 0.100 0.100 0.100 0.000 0.100 0.100 0.100 0.000 0.000 0.100 0.000 0.000 0.000 0.000 0.000 0.000 0.000 0.000 0.000 0.000 0.000 0.000 0.000 0.000 0.000 16/05/1982
12.500 12.600 12.700 12.000 20.400 12.800 12.900 12.800 14.600 20.300 12.700 12.700 14.500 14.600 20.100 18.000 14.500 14.500 14.700 14.700 17.900 14.500 14.600 14.500 14.500 17.700 14.400 14.300 14.400 14.700 17/05/1982
1.200 1.200 1.200 4.900 4.500 1.200 1.200 1.200 2.900 4.500 1.200 1.200 2.900 2.900 4.500 0.200 1.700 2.900 3.000 2.900 0.200 1.700 2.900 2.900 2.900 0.200 1.700 2.900 2.900 3.000 18/05/1982
1.100 1.100 1.200 0.600 1.900 1.200 1.200 1.200 1.300 1.900 1.200 1.200 1.300 1.300 1.900 0.900 0.100 1.300 1.300 1.300 0.900 0.100 1.300 1.300 1.300 0.800 0.100 1.300 1.300 1.300 19/05/1982
0.200 0.200 0.200 0.100 0.000 0.200 0.200 0.200 0.000 0.000 0.200 0.200 0.000 0.000 0.000 0.000 0.000 0.000 0.000 0.000 0.000 0.000 0.000 0.000 0.000 0.000 0.000 0.000 0.000 0.000 20/05/1982
0.600 0.600 0.700 0.400 0.000 0.700 0.700 0.700 0.100 0.000 0.700 0.700 0.100 0.100 0.000 0.000 0.000 0.100 0.100 0.100 0.000 0.000 0.100 0.100 0.100 0.000 0.000 0.100 0.100 0.100 21/05/1982
2.600 2.600 2.600 1.600 1.400 2.600 2.600 2.600 0.600 1.400 2.600 2.600 0.600 0.600 1.400 0.600 0.000 0.600 0.600 0.600 0.600 0.000 0.600 0.600 0.600 0.600 0.000 0.500 0.500 0.600 22/05/1982
1.300 1.300 1.300 1.900 3.700 1.300 1.300 1.300 2.600 3.700 1.300 1.300 2.500 2.600 3.600 1.700 0.600 2.600 2.600 2.600 1.700 0.700 2.600 2.500 2.500 1.700 0.600 2.500 2.500 2.600 23/05/1982
0.000 0.000 0.000 0.000 0.000 0.000 0.000 0.000 0.000 0.000 0.000 0.000 0.000 0.000 0.000 0.000 0.000 0.000 0.000 0.000 0.000 0.000 0.000 0.000 0.000 0.000 0.000 0.000 0.000 0.000 24/05/1982
0.000 0.000 0.000 0.000 0.000 0.000 0.000 0.000 0.000 0.000 0.000 0.000 0.000 0.000 0.000 0.000 0.000 0.000 0.000 0.000 0.000 0.000 0.000 0.000 0.000 0.000 0.000 0.000 0.000 0.000 25/05/1982
4.700 4.700 4.800 2.900 5.100 4.800 4.800 4.800 7.100 5.100 4.800 4.800 7.000 7.100 5.100 3.300 7.900 7.100 7.100 7.100 3.300 7.900 7.100 7.000 7.000 3.200 7.900 6.900 7.000 7.100 26/05/1982
0.900 0.900 0.900 0.100 3.600 0.900 0.900 0.900 4.700 3.600 0.900 0.900 4.700 4.700 3.600 0.000 4.000 4.700 4.800 4.700 0.000 4.000 4.700 4.700 4.700 0.000 3.900 4.600 4.600 4.800 27/05/1982
0.000 0.000 0.000 0.000 0.200 0.000 0.000 0.000 0.300 0.200 0.000 0.000 0.300 0.300 0.200 0.000 0.000 0.300 0.300 0.300 0.000 0.000 0.300 0.300 0.300 0.000 0.000 0.300 0.300 0.300 28/05/1982
3.600 3.700 3.700 2.100 0.500 3.700 3.800 3.700 3.900 0.500 3.700 3.700 3.900 3.900 0.500 2.700 0.700 3.900 3.900 3.900 2.700 0.700 3.900 3.900 3.800 2.600 0.700 3.800 3.800 3.900 29/05/1982
1.700 1.700 1.700 0.200 0.300 1.700 1.700 1.700 0.700 0.300 1.700 1.700 0.700 0.700 0.300 3.300 1.000 0.700 0.700 0.700 3.300 1.100 0.700 0.700 0.700 3.300 1.000 0.600 0.600 0.700 30/05/1982
23.300 23.400 23.600 17.200 12.500 23.700 24.000 23.700 5.700 12.400 23.700 23.700 5.700 5.700 12.300 20.900 4.100 5.700 5.700 5.700 20.700 4.100 5.700 5.700 5.700 20.500 4.100 5.600 5.600 5.700 31/05/1982
1.200 1.200 1.200 2.000 0.100 1.200 1.200 1.200 0.900 0.100 1.200 1.200 0.900 0.900 0.100 0.400 0.000 0.900 0.900 0.900 0.400 0.000 0.900 0.900 0.900 0.400 0.000 0.900 0.900 0.900 01/06/1982
0.000 0.000 0.000 0.000 0.100 0.000 0.000 0.000 0.000 0.100 0.000 0.000 0.000 0.000 0.100 0.000 0.000 0.000 0.000 0.000 0.000 0.000 0.000 0.000 0.000 0.000 0.000 0.000 0.000 0.000 02/06/1982
2.600 2.600 2.600 1.900 0.000 2.600 2.600 2.600 0.000 0.000 2.600 2.600 0.000 0.000 0.000 15.900 5.200 0.000 0.000 0.000 15.800 5.200 0.000 0.000 0.000 15.600 5.200 0.000 0.000 0.000 03/06/1982
2.200 2.200 2.200 0.000 2.900 2.200 2.300 2.200 6.300 2.800 2.200 2.200 6.300 6.300 2.800 0.100 2.500 6.300 6.300 6.300 0.100 2.500 6.300 6.200 6.200 0.100 2.500 6.200 6.200 6.300 04/06/1982
0.100 0.100 0.100 0.700 0.000 0.100 0.100 0.100 0.000 0.000 0.100 0.100 0.000 0.000 0.000 0.000 0.000 0.000 0.000 0.000 0.000 0.000 0.000 0.000 0.000 0.000 0.000 0.000 0.000 0.000 05/06/1982
0.300 0.300 0.300 3.300 0.300 0.400 0.400 0.400 0.100 0.300 0.400 0.400 0.100 0.100 0.300 0.000 0.000 0.100 0.100 0.100 0.000 0.000 0.100 0.100 0.100 0.000 0.000 0.100 0.100 0.100 06/06/1982
0.000 0.000 0.000 0.000 0.000 0.000 0.000 0.000 0.000 0.000 0.000 0.000 0.000 0.000 0.000 0.000 0.000 0.000 0.000 0.000 0.000 0.000 0.000 0.000 0.000 0.000 0.000 0.000 0.000 0.000 07/06/1982
0.000 0.000 0.000 0.000 0.000 0.000 0.000 0.000 0.000 0.000 0.000 0.000 0.000 0.000 0.000 0.000 0.000 0.000 0.000 0.000 0.000 0.000 0.000 0.000 0.000 0.000 0.000 0.000 0.000 0.000 08/06/1982
0.000 0.000 0.000 0.000 0.200 0.000 0.000 0.000 4.600 0.200 0.000 0.000 4.500 4.600 0.200 0.000 0.000 4.600 4.600 4.600 0.000 0.000 4.600 4.500 4.500 0.000 0.000 4.500 4.500 4.600 09/06/1982
0.700 0.700 0.700 0.100 0.900 0.700 0.700 0.700 1.500 0.900 0.700 0.700 1.500 1.500 0.900 0.100 1.300 1.500 1.500 1.500 0.100 1.300 1.500 1.500 1.500 0.100 1.300 1.500 1.500 1.500 10/06/1982
1.100 1.100 1.100 0.300 1.800 1.100 1.100 1.100 1.800 1.800 1.100 1.100 1.800 1.800 1.800 0.200 1.600 1.800 1.800 1.800 0.200 1.600 1.800 1.800 1.800 0.200 1.600 1.800 1.800 1.800 11/06/1982
6.700 6.700 6.700 9.200 8.400 6.800 6.900 6.800 10.400 8.400 6.800 6.800 10.400 10.500 8.300 8.000 8.300 10.400 10.500 10.500 8.000 8.300 10.400 10.400 10.400 7.900 8.200 10.300 10.300 10.500 12/06/1982
1.000 1.000 1.000 2.700 1.700 1.000 1.000 1.000 1.300 1.700 1.000 1.000 1.300 1.300 1.700 1.400 1.300 1.300 1.400 1.400 1.400 1.300 1.300 1.300 1.300 1.400 1.300 1.300 1.300 1.400 13/06/1982
5.700 5.700 5.700 4.500 6.700 5.800 5.900 5.800 7.200 6.700 5.800 5.800 7.100 7.200 6.600 6.600 11.000 7.200 7.200 7.200 6.500 11.000 7.200 7.100 7.100 6.500 10.900 7.000 7.100 7.200 14/06/1982
0.200 0.200 0.200 0.000 0.100 0.200 0.300 0.200 4.300 0.100 0.200 0.200 4.300 4.400 0.100 0.500 3.900 4.300 4.400 4.400 0.500 3.900 4.300 4.300 4.300 0.400 3.800 4.300 4.300 4.400 15/06/1982
0.000 0.000 0.000 0.000 0.000 0.000 0.000 0.000 0.000 0.000 0.000 0.000 0.000 0.000 0.000 0.000 0.000 0.000 0.000 0.000 0.000 0.000 0.000 0.000 0.000 0.000 0.000 0.000 0.000 0.000 16/06/1982
5.900 6.000 6.000 7.400 2.600 6.000 6.100 6.000 8.300 2.500 6.000 6.000 8.200 8.300 2.500 3.100 4.500 8.200 8.300 8.300 3.100 4.500 8.300 8.200 8.200 3.000 4.500 8.100 8.100 8.300 17/06/1982
0.000 0.000 0.000 0.000 0.000 0.000 0.000 0.000 0.000 0.000 0.000 0.000 0.000 0.000 0.000 0.000 0.000 0.000 0.000 0.000 0.000 0.000 0.000 0.000 0.000 0.000 0.000 0.000 0.000 0.000 18/06/1982
0.000 0.000 0.000 0.000 0.000 0.000 0.000 0.000 0.000 0.000 0.000 0.000 0.000 0.000 0.000 0.000 0.000 0.000 0.000 0.000 0.000 0.000 0.000 0.000 0.000 0.000 0.000 0.000 0.000 0.000 19/06/1982
0.000 0.000 0.000 0.000 0.000 0.000 0.000 0.000 0.000 0.000 0.000 0.000 0.000 0.000 0.000 0.000 0.000 0.000 0.000 0.000 0.000 0.000 0.000 0.000 0.000 0.000 0.000 0.000 0.000 0.000 20/06/1982
0.000 0.000 0.000 0.100 0.300 0.000 0.000 0.000 0.400 0.300 0.000 0.000 0.400 0.400 0.300 0.000 0.100 0.400 0.400 0.400 0.000 0.100 0.400 0.400 0.400 0.000 0.100 0.400 0.400 0.400 21/06/1982
0.200 0.200 0.200 0.000 0.200 0.200 0.200 0.200 1.700 0.200 0.200 0.200 1.700 1.700 0.200 0.100 0.300 1.700 1.700 1.700 0.100 0.300 1.700 1.700 1.700 0.100 0.300 1.700 1.700 1.700 22/06/1982
0.600 0.600 0.600 1.600 1.300 0.600 0.600 0.600 2.300 1.300 0.600 0.600 2.300 2.300 1.300 0.800 0.900 2.300 2.400 2.300 0.700 0.900 2.300 2.300 2.300 0.700 0.900 2.300 2.300 2.400 23/06/1982
0.600 0.600 0.600 0.100 0.300 0.600 0.600 0.600 0.100 0.300 0.600 0.600 0.100 0.100 0.200 1.400 0.300 0.100 0.100 0.100 1.400 0.300 0.100 0.100 0.100 1.400 0.300 0.100 0.100 0.100 24/06/1982
2.200 2.200 2.200 0.500 6.700 2.300 2.300 2.300 5.000 6.600 2.300 2.300 5.000 5.000 6.600 1.700 0.900 5.000 5.000 5.000 1.700 0.900 5.000 5.000 5.000 1.600 0.900 4.900 4.900 5.000 25/06/1982
10.400 10.500 10.600 6.800 13.400 10.600 10.800 10.600 8.100 13.300 10.600 10.600 8.100 8.100 13.200 7.600 10.400 8.100 8.200 8.200 7.500 10.400 8.100 8.100 8.000 7.500 10.300 8.000 8.000 8.200 26/06/1982
2.900 2.900 2.900 0.500 5.300 2.900 2.900 2.900 4.100 5.300 2.900 2.900 4.100 4.100 5.200 0.500 0.100 4.100 4.100 4.100 0.500 0.100 4.100 4.100 4.100 0.500 0.100 4.000 4.000 4.100 27/06/1982
0.300 0.300 0.300 1.900 0.800 0.300 0.300 0.300 0.100 0.800 0.300 0.300 0.100 0.100 0.700 0.300 0.000 0.100 0.100 0.100 0.200 0.000 0.100 0.100 0.100 0.200 0.000 0.100 0.100 0.100 28/06/1982
0.000 0.000 0.000 0.000 0.000 0.000 0.000 0.000 0.000 0.000 0.000 0.000 0.000 0.000 0.000 0.000 0.000 0.000 0.000 0.000 0.000 0.000 0.000 0.000 0.000 0.000 0.000 0.000 0.000 0.000 29/06/1982
0.000 0.000 0.000 0.000 0.000 0.000 0.000 0.000 0.000 0.000 0.000 0.000 0.000 0.000 0.000 0.000 0.000 0.000 0.000 0.000 0.000 0.000 0.000 0.000 0.000 0.000 0.000 0.000 0.000 0.000 30/06/1982
0.000 0.000 0.000 0.000 0.000 0.000 0.000 0.000 0.000 0.000 0.000 0.000 0.000 0.000 0.000 0.000 0.000 0.000 0.000 0.000 0.000 0.000 0.000 0.000 0.000 0.000 0.000 0.000 0.000 0.000 01/07/1982
2.500 2.500 2.500 1.900 6.400 2.600 2.600 2.600 7.700 6.400 2.600 2.600 7.700 7.700 6.300 2.400 9.400 7.700 7.800 7.800 2.400 9.400 7.700 7.700 7.600 2.400 9.300 7.600 7.600 7.800 02/07/1982
0.800 0.800 0.800 0.200 14.000 0.800 0.800 0.800 11.300 13.900 0.800 0.800 11.200 11.400 13.800 0.600 12.300 11.300 11.400 11.400 0.600 12.300 11.300 11.200 11.200 0.600 12.200 11.100 11.100 11.400 03/07/1982
0.000 0.000 0.000 0.000 0.000 0.000 0.000 0.000 0.000 0.000 0.000 0.000 0.000 0.000 0.000 0.000 0.000 0.000 0.000 0.000 0.000 0.000 0.000 0.000 0.000 0.000 0.000 0.000 0.000 0.000 04/07/1982
0.000 0.000 0.000 0.000 0.000 0.000 0.000 0.000 0.000 0.000 0.000 0.000 0.000 0.000 0.000 0.000 0.000 0.000 0.000 0.000 0.000 0.000 0.000 0.000 0.000 0.000 0.000 0.000 0.000 0.000 05/07/1982
0.000 0.000 0.000 0.000 0.000 0.000 0.000 0.000 0.000 0.000 0.000 0.000 0.000 0.000 0.000 0.000 0.000 0.000 0.000 0.000 0.000 0.000 0.000 0.000 0.000 0.000 0.000 0.000 0.000 0.000 06/07/1982
0.000 0.000 0.000 0.000 0.000 0.000 0.000 0.000 0.000 0.000 0.000 0.000 0.000 0.000 0.000 0.000 0.000 0.000 0.000 0.000 0.000 0.000 0.000 0.000 0.000 0.000 0.000 0.000 0.000 0.000 07/07/1982
0.000 0.000 0.000 0.000 0.000 0.000 0.000 0.000 0.000 0.000 0.000 0.000 0.000 0.000 0.000 0.000 0.000 0.000 0.000 0.000 0.000 0.000 0.000 0.000 0.000 0.000 0.000 0.000 0.000 0.000 08/07/1982
0.000 0.000 0.000 0.000 0.000 0.000 0.000 0.000 0.000 0.000 0.000 0.000 0.000 0.000 0.000 0.000 0.000 0.000 0.000 0.000 0.000 0.000 0.000 0.000 0.000 0.000 0.000 0.000 0.000 0.000 09/07/1982
0.000 0.000 0.000 0.000 0.000 0.000 0.000 0.000 0.000 0.000 0.000 0.000 0.000 0.000 0.000 0.000 0.000 0.000 0.000 0.000 0.000 0.000 0.000 0.000 0.000 0.000 0.000 0.000 0.000 0.000 10/07/1982
0.100 0.100 0.100 3.200 4.100 0.100 0.100 0.100 0.500 4.100 0.100 0.100 0.500 0.500 4.000 0.000 0.000 0.500 0.500 0.500 0.000 0.000 0.500 0.500 0.500 0.000 0.000 0.500 0.500 0.500 11/07/1982
0.800 0.800 0.800 0.000 0.000 0.800 0.800 0.800 0.400 0.000 0.800 0.800 0.400 0.400 0.000 7.900 3.300 0.400 0.400 0.400 7.800 3.300 0.400 0.400 0.400 7.700 3.300 0.400 0.400 0.400 12/07/1982
5.100 5.100 5.100 27.000 11.700 5.200 5.200 5.200 6.500 11.700 5.100 5.100 6.400 6.500 11.600 6.600 11.300 6.400 6.500 6.500 6.500 11.400 6.500 6.400 6.400 6.400 11.300 6.400 6.400 6.500 13/07/1982
0.000 0.000 0.000 0.000 0.000 0.000 0.000 0.000 0.000 0.000 0.000 0.000 0.000 0.000 0.000 0.000 0.000 0.000 0.000 0.000 0.000 0.000 0.000 0.000 0.000 0.000 0.000 0.000 0.000 0.000 14/07/1982
0.000 0.000 0.000 0.000 0.000 0.000 0.000 0.000 0.200 0.000 0.000 0.000 0.200 0.200 0.000 0.000 1.700 0.200 0.200 0.200 0.000 1.700 0.200 0.200 0.200 0.000 1.700 0.200 0.200 0.200 15/07/1982
0.000 0.000 0.000 0.000 0.000 0.000 0.000 0.000 0.000 0.000 0.000 0.000 0.000 0.000 0.000 0.000 0.000 0.000 0.000 0.000 0.000 0.000 0.000 0.000 0.000 0.000 0.000 0.000 0.000 0.000 16/07/1982
0.000 0.000 0.000 0.000 0.000 0.000 0.000 0.000 0.000 0.000 0.000 0.000 0.000 0.000 0.000 0.000 0.000 0.000 0.000 0.000 0.000 0.000 0.000 0.000 0.000 0.000 0.000 0.000 0.000 0.000 17/07/1982
0.000 0.000 0.000 0.000 0.000 0.000 0.000 0.000 0.000 0.000 0.000 0.000 0.000 0.000 0.000 0.000 0.000 0.000 0.000 0.000 0.000 0.000 0.000 0.000 0.000 0.000 0.000 0.000 0.000 0.000 18/07/1982
0.000 0.000 0.000 0.000 0.000 0.000 0.000 0.000 0.000 0.000 0.000 0.000 0.000 0.000 0.000 0.000 0.000 0.000 0.000 0.000 0.000 0.000 0.000 0.000 0.000 0.000 0.000 0.000 0.000 0.000 19/07/1982
6.600 6.700 6.700 6.500 4.600 6.800 6.800 6.800 8.200 4.600 6.700 6.700 8.100 8.200 4.600 12.200 8.700 8.200 8.300 8.200 12.100 8.700 8.200 8.100 8.100 12.000 8.600 8.000 8.100 8.300 20/07/1982
0.200 0.200 0.200 0.000 0.000 0.200 0.200 0.200 0.000 0.000 0.200 0.200 0.000 0.000 0.000 0.000 0.000 0.000 0.000 0.000 0.000 0.000 0.000 0.000 0.000 0.000 0.000 0.000 0.000 0.000 21/07/1982
0.600 0.600 0.600 0.400 0.600 0.600 0.600 0.600 0.200 0.600 0.600 0.600 0.200 0.200 0.600 0.000 3.000 0.200 0.200 0.200 0.000 3.000 0.200 0.200 0.200 0.000 3.000 0.200 0.200 0.200 22/07/1982
7.200 7.200 7.300 7.900 3.700 7.300 7.400 7.300 13.600 3.700 7.300 7.300 13.500 13.600 3.700 1.000 3.000 13.600 13.700 13.700 1.000 3.000 13.600 13.500 13.500 1.000 3.000 13.400 13.400 13.700 23/07/1982
0.000 0.000 0.000 0.700 0.000 0.000 0.000 0.000 0.000 0.000 0.000 0.000 0.000 0.000 0.000 0.500 0.000 0.000 0.000 0.000 0.500 0.000 0.000 0.000 0.000 0.500 0.000 0.000 0.000 0.000 24/07/1982
0.000 0.000 0.000 0.000 0.000 0.000 0.000 0.000 0.000 0.000 0.000 0.000 0.000 0.000 0.000 0.000 0.000 0.000 0.000 0.000 0.000 0.000 0.000 0.000 0.000 0.000 0.000 0.000 0.000 0.000 25/07/1982
0.000 0.000 0.000 0.000 0.000 0.000 0.000 0.000 0.000 0.000 0.000 0.000 0.000 0.000 0.000 0.000 0.000 0.000 0.000 0.000 0.000 0.000 0.000 0.000 0.000 0.000 0.000 0.000 0.000 0.000 26/07/1982
0.000 0.000 0.000 0.000 0.000 0.000 0.000 0.000 0.000 0.000 0.000 0.000 0.000 0.000 0.000 0.000 0.000 0.000 0.000 0.000 0.000 0.000 0.000 0.000 0.000 0.000 0.000 0.000 0.000 0.000 27/07/1982
0.000 0.000 0.000 0.000 0.100 0.000 0.000 0.000 0.000 0.100 0.000 0.000 0.000 0.000 0.100 0.000 0.100 0.000 0.000 0.000 0.000 0.100 0.000 0.000 0.000 0.000 0.100 0.000 0.000 0.000 28/07/1982
7.800 7.900 7.900 0.700 7.500 8.000 8.000 8.000 3.900 7.400 7.900 7.900 3.900 3.900 7.400 36.700 29.400 3.900 3.900 3.900 36.300 29.500 3.900 3.900 3.900 35.900 29.300 3.800 3.800 3.900 29/07/1982
2.500 2.500 2.500 1.700 1.300 2.500 2.500 2.500 0.200 1.300 2.500 2.500 0.200 0.200 1.300 0.700 3.000 0.200 0.300 0.300 0.700 3.000 0.200 0.200 0.200 0.700 3.000 0.200 0.200 0.300 30/07/1982
0.000 0.000 0.000 0.000 0.200 0.000 0.000 0.000 0.000 0.200 0.000 0.000 0.000 0.000 0.200 0.000 0.000 0.000 0.000 0.000 0.000 0.000 0.000 0.000 0.000 0.000 0.000 0.000 0.000 0.000 31/07/1982
