# 6448 6449 6450 6451 6452 6528 6529 6530 6531 6532 6610 6611 6612 6613 6614 6693 6694 6695 6696 6697 6776 6777 6778 6779 6780 6859 6860 6861 6862 6863 Date
0.400 0.400 0.400 1.200 2.000 0.400 0.400 0.400 0.000 2.000 0.400 0.400 0.000 0.000 2.000 0.000 0.000 0.000 0.000 0.000 0.000 0.000 0.000 0.000 0.000 0.000 0.000 0.000 0.000 0.000 01/08/1958
0.000 0.000 0.000 0.000 0.000 0.000 0.000 0.000 0.000 0.000 0.000 0.000 0.000 0.000 0.000 0.000 0.000 0.000 0.000 0.000 0.000 0.000 0.000 0.000 0.000 0.000 0.000 0.000 0.000 0.000 02/08/1958
0.000 0.000 0.000 0.000 0.000 0.000 0.000 0.000 0.000 0.000 0.000 0.000 0.000 0.000 0.000 0.000 0.000 0.000 0.000 0.000 0.000 0.000 0.000 0.000 0.000 0.000 0.000 0.000 0.000 0.000 03/08/1958
0.000 0.000 0.000 0.000 0.000 0.000 0.000 0.000 0.000 0.000 0.000 0.000 0.000 0.000 0.000 0.000 0.000 0.000 0.000 0.000 0.000 0.000 0.000 0.000 0.000 0.000 0.000 0.000 0.000 0.000 04/08/1958
0.000 0.000 0.000 0.000 0.000 0.000 0.000 0.000 0.000 0.000 0.000 0.000 0.000 0.000 0.000 0.000 0.000 0.000 0.000 0.000 0.000 0.000 0.000 0.000 0.000 0.000 0.000 0.000 0.000 0.000 05/08/1958
0.000 0.000 0.000 0.000 0.000 0.000 0.000 0.000 0.000 0.000 0.000 0.000 0.000 0.000 0.000 0.000 0.000 0.000 0.000 0.000 0.000 0.000 0.000 0.000 0.000 0.000 0.000 0.000 0.000 0.000 06/08/1958
0.100 0.100 0.100 0.600 0.800 0.100 0.100 0.100 0.600 0.800 0.100 0.100 0.600 0.600 0.800 0.100 0.000 0.600 0.600 0.600 0.100 0.000 0.600 0.600 0.600 0.100 0.000 0.600 0.600 0.600 07/08/1958
0.000 0.000 0.000 0.000 0.000 0.000 0.000 0.000 0.000 0.000 0.000 0.000 0.000 0.000 0.000 0.000 0.500 0.000 0.000 0.000 0.000 0.500 0.000 0.000 0.000 0.000 0.500 0.000 0.000 0.000 08/08/1958
0.200 0.200 0.200 0.200 0.100 0.200 0.200 0.200 0.500 0.100 0.200 0.200 0.500 0.500 0.100 1.800 1.500 0.500 0.500 0.500 1.800 1.500 0.500 0.500 0.500 1.800 1.500 0.500 0.500 0.500 09/08/1958
7.400 7.400 7.500 3.500 0.000 7.500 7.600 7.500 0.200 0.000 7.500 7.500 0.200 0.200 0.000 11.100 4.200 0.200 0.200 0.200 11.000 4.300 0.200 0.200 0.200 10.900 4.200 0.200 0.200 0.200 10/08/1958
12.900 13.000 13.000 17.100 5.600 13.100 13.300 13.100 10.100 5.600 13.100 13.100 10.000 10.100 5.500 4.700 4.000 10.000 10.100 10.100 4.600 4.000 10.100 10.000 10.000 4.600 4.000 9.900 9.900 10.100 11/08/1958
0.900 0.900 0.900 0.600 0.000 0.900 0.900 0.900 0.600 0.000 0.900 0.900 0.600 0.600 0.000 0.100 0.000 0.600 0.600 0.600 0.100 0.000 0.600 0.600 0.600 0.100 0.000 0.600 0.600 0.600 12/08/1958
0.000 0.000 0.000 0.000 0.000 0.000 0.000 0.000 0.000 0.000 0.000 0.000 0.000 0.000 0.000 0.000 0.000 0.000 0.000 0.000 0.000 0.000 0.000 0.000 0.000 0.000 0.000 0.000 0.000 0.000 13/08/1958
0.000 0.000 0.000 0.000 0.000 0.000 0.000 0.000 0.000 0.000 0.000 0.000 0.000 0.000 0.000 0.200 2.400 0.000 0.000 0.000 0.200 2.400 0.000 0.000 0.000 0.200 2.400 0.000 0.000 0.000 14/08/1958
0.200 0.200 0.200 0.000 0.100 0.200 0.200 0.200 0.200 0.100 0.200 0.200 0.200 0.200 0.100 0.000 0.000 0.200 0.200 0.200 0.000 0.000 0.200 0.200 0.200 0.000 0.000 0.200 0.200 0.200 15/08/1958
0.000 0.000 0.000 0.000 0.000 0.000 0.000 0.000 0.000 0.000 0.000 0.000 0.000 0.000 0.000 0.000 8.100 0.000 0.000 0.000 0.000 8.100 0.000 0.000 0.000 0.000 8.100 0.000 0.000 0.000 16/08/1958
16.800 16.900 17.000 12.400 2.500 17.100 17.300 17.100 6.100 2.500 17.100 17.000 6.100 6.200 2.500 8.700 5.400 6.100 6.200 6.200 8.600 5.400 6.100 6.100 6.100 8.500 5.300 6.000 6.000 6.200 17/08/1958
0.400 0.400 0.400 0.200 12.000 0.400 0.400 0.400 12.900 12.000 0.400 0.400 12.800 12.900 11.900 0.200 14.100 12.800 12.900 12.900 0.200 14.100 12.900 12.800 12.800 0.200 14.000 12.700 12.700 12.900 18/08/1958
13.400 13.500 13.500 13.300 12.300 13.700 13.800 13.700 5.500 12.300 13.600 13.600 5.500 5.600 12.200 15.700 9.700 5.500 5.600 5.600 15.500 9.700 5.500 5.500 5.500 15.400 9.600 5.400 5.400 5.600 19/08/1958
5.500 5.600 5.600 4.700 4.500 5.700 5.700 5.700 1.900 4.500 5.600 5.600 1.900 1.900 4.400 3.300 12.600 1.900 2.000 2.000 3.200 12.600 1.900 1.900 1.900 3.200 12.500 1.900 1.900 2.000 20/08/1958
21.400 21.600 21.700 26.200 25.100 21.900 22.100 21.900 19.700 25.000 21.800 21.800 19.600 19.900 24.700 32.800 10.600 19.700 19.900 19.900 32.500 10.600 19.800 19.600 19.600 32.100 10.500 19.400 19.400 19.900 21/08/1958
11.100 11.100 11.200 15.400 13.200 11.300 11.400 11.300 18.800 13.100 11.300 11.200 18.800 18.900 13.000 12.400 4.200 18.800 19.000 19.000 12.300 4.300 18.900 18.700 18.700 12.100 4.200 18.600 18.600 19.000 22/08/1958
0.800 0.800 0.800 2.700 1.400 0.800 0.900 0.800 1.000 1.400 0.800 0.800 1.000 1.000 1.400 0.000 0.700 1.000 1.000 1.000 0.000 0.700 1.000 1.000 1.000 0.000 0.700 1.000 1.000 1.000 23/08/1958
2.200 2.300 2.300 0.200 6.500 2.300 2.300 2.300 4.400 6.400 2.300 2.300 4.400 4.400 6.400 3.000 1.800 4.400 4.400 4.400 2.900 1.800 4.400 4.300 4.300 2.900 1.700 4.300 4.300 4.400 24/08/1958
1.100 1.100 1.100 0.100 0.000 1.100 1.100 1.100 0.700 0.000 1.100 1.100 0.700 0.700 0.000 0.200 0.000 0.700 0.700 0.700 0.200 0.000 0.700 0.700 0.700 0.200 0.000 0.700 0.700 0.700 25/08/1958
0.000 0.000 0.000 0.000 0.000 0.000 0.000 0.000 0.000 0.000 0.000 0.000 0.000 0.000 0.000 0.000 0.000 0.000 0.000 0.000 0.000 0.000 0.000 0.000 0.000 0.000 0.000 0.000 0.000 0.000 26/08/1958
0.000 0.000 0.000 0.000 0.000 0.000 0.000 0.000 0.000 0.000 0.000 0.000 0.000 0.000 0.000 0.000 0.900 0.000 0.000 0.000 0.000 0.900 0.000 0.000 0.000 0.000 0.900 0.000 0.000 0.000 27/08/1958
2.300 2.300 2.300 0.600 0.000 2.300 2.300 2.300 0.000 0.000 2.300 2.300 0.000 0.000 0.000 7.000 0.800 0.000 0.000 0.000 6.900 0.800 0.000 0.000 0.000 6.800 0.800 0.000 0.000 0.000 28/08/1958
0.200 0.200 0.200 0.100 0.000 0.200 0.200 0.200 0.100 0.000 0.200 0.200 0.100 0.100 0.000 0.100 1.600 0.100 0.100 0.100 0.100 1.600 0.100 0.100 0.100 0.100 1.500 0.100 0.100 0.100 29/08/1958
4.800 4.800 4.800 17.600 18.400 4.900 4.900 4.900 3.500 18.300 4.900 4.900 3.500 3.500 18.100 1.200 1.300 3.500 3.500 3.500 1.200 1.300 3.500 3.500 3.500 1.200 1.300 3.500 3.500 3.500 30/08/1958
0.000 0.000 0.000 0.000 3.100 0.000 0.000 0.000 0.000 3.100 0.000 0.000 0.000 0.000 3.100 0.000 0.000 0.000 0.000 0.000 0.000 0.000 0.000 0.000 0.000 0.000 0.000 0.000 0.000 0.000 31/08/1958
0.000 0.000 0.000 0.000 0.000 0.000 0.000 0.000 0.000 0.000 0.000 0.000 0.000 0.000 0.000 0.000 0.000 0.000 0.000 0.000 0.000 0.000 0.000 0.000 0.000 0.000 0.000 0.000 0.000 0.000 01/09/1958
0.100 0.100 0.100 1.100 0.000 0.100 0.100 0.100 0.000 0.000 0.100 0.100 0.000 0.000 0.000 0.000 0.000 0.000 0.000 0.000 0.000 0.000 0.000 0.000 0.000 0.000 0.000 0.000 0.000 0.000 02/09/1958
33.600 33.800 34.000 47.200 0.000 34.200 34.600 34.200 0.200 0.000 34.200 34.100 0.200 0.200 0.000 10.000 0.000 0.200 0.200 0.200 9.900 0.000 0.200 0.200 0.200 9.800 0.000 0.200 0.200 0.200 03/09/1958
0.000 0.000 0.000 0.000 0.000 0.000 0.000 0.000 0.000 0.000 0.000 0.000 0.000 0.000 0.000 0.000 0.000 0.000 0.000 0.000 0.000 0.000 0.000 0.000 0.000 0.000 0.000 0.000 0.000 0.000 04/09/1958
1.300 1.300 1.300 1.000 0.000 1.300 1.300 1.300 0.000 0.000 1.300 1.300 0.000 0.000 0.000 0.700 0.000 0.000 0.000 0.000 0.700 0.000 0.000 0.000 0.000 0.700 0.000 0.000 0.000 0.000 05/09/1958
0.100 0.100 0.100 0.000 1.300 0.100 0.100 0.100 0.000 1.300 0.100 0.100 0.000 0.000 1.300 0.000 0.000 0.000 0.000 0.000 0.000 0.000 0.000 0.000 0.000 0.000 0.000 0.000 0.000 0.000 06/09/1958
0.000 0.000 0.000 0.000 0.100 0.000 0.000 0.000 0.200 0.100 0.000 0.000 0.200 0.200 0.100 0.000 0.000 0.200 0.200 0.200 0.000 0.000 0.200 0.200 0.200 0.000 0.000 0.200 0.200 0.200 07/09/1958
0.000 0.000 0.000 0.000 0.000 0.000 0.000 0.000 0.000 0.000 0.000 0.000 0.000 0.000 0.000 0.000 0.000 0.000 0.000 0.000 0.000 0.000 0.000 0.000 0.000 0.000 0.000 0.000 0.000 0.000 08/09/1958
0.600 0.600 0.600 0.000 3.500 0.700 0.700 0.700 3.800 3.500 0.700 0.700 3.800 3.800 3.500 3.600 0.000 3.800 3.800 3.800 3.600 0.000 3.800 3.800 3.800 3.500 0.000 3.700 3.700 3.800 09/09/1958
0.000 0.000 0.000 0.000 1.600 0.000 0.000 0.000 0.800 1.600 0.000 0.000 0.800 0.800 1.600 0.000 0.000 0.800 0.800 0.800 0.000 0.000 0.800 0.800 0.800 0.000 0.000 0.800 0.800 0.800 10/09/1958
0.000 0.000 0.000 0.000 0.000 0.000 0.000 0.000 0.000 0.000 0.000 0.000 0.000 0.000 0.000 0.000 0.000 0.000 0.000 0.000 0.000 0.000 0.000 0.000 0.000 0.000 0.000 0.000 0.000 0.000 11/09/1958
0.000 0.000 0.000 0.000 0.000 0.000 0.000 0.000 0.000 0.000 0.000 0.000 0.000 0.000 0.000 0.000 0.000 0.000 0.000 0.000 0.000 0.000 0.000 0.000 0.000 0.000 0.000 0.000 0.000 0.000 12/09/1958
0.000 0.000 0.000 0.000 0.000 0.000 0.000 0.000 0.000 0.000 0.000 0.000 0.000 0.000 0.000 0.000 7.800 0.000 0.000 0.000 0.000 7.800 0.000 0.000 0.000 0.000 7.800 0.000 0.000 0.000 13/09/1958
1.100 1.100 1.100 1.200 2.900 1.100 1.100 1.100 3.700 2.800 1.100 1.100 3.700 3.700 2.800 3.600 5.100 3.700 3.700 3.700 3.600 5.100 3.700 3.700 3.700 3.600 5.100 3.700 3.700 3.700 14/09/1958
4.700 4.700 4.800 7.500 2.200 4.800 4.800 4.800 0.500 2.200 4.800 4.800 0.500 0.500 2.200 3.300 0.000 0.500 0.500 0.500 3.300 0.000 0.500 0.500 0.500 3.300 0.000 0.500 0.500 0.500 15/09/1958
0.100 0.100 0.100 0.000 0.000 0.100 0.100 0.100 0.000 0.000 0.100 0.100 0.000 0.000 0.000 0.000 0.000 0.000 0.000 0.000 0.000 0.000 0.000 0.000 0.000 0.000 0.000 0.000 0.000 0.000 16/09/1958
0.000 0.000 0.000 0.000 0.000 0.000 0.000 0.000 0.000 0.000 0.000 0.000 0.000 0.000 0.000 0.000 0.000 0.000 0.000 0.000 0.000 0.000 0.000 0.000 0.000 0.000 0.000 0.000 0.000 0.000 17/09/1958
0.000 0.000 0.000 0.000 0.000 0.000 0.000 0.000 0.000 0.000 0.000 0.000 0.000 0.000 0.000 0.000 0.000 0.000 0.000 0.000 0.000 0.000 0.000 0.000 0.000 0.000 0.000 0.000 0.000 0.000 18/09/1958
0.000 0.000 0.000 0.100 0.100 0.000 0.000 0.000 0.600 0.100 0.000 0.000 0.600 0.600 0.100 0.100 0.000 0.600 0.600 0.600 0.100 0.000 0.600 0.600 0.600 0.100 0.000 0.600 0.600 0.600 19/09/1958
0.000 0.000 0.000 0.000 0.300 0.000 0.000 0.000 0.100 0.300 0.000 0.000 0.100 0.100 0.300 0.000 2.100 0.100 0.100 0.100 0.000 2.100 0.100 0.100 0.100 0.000 2.100 0.100 0.100 0.100 20/09/1958
1.600 1.600 1.600 1.700 0.200 1.600 1.600 1.600 0.900 0.200 1.600 1.600 0.900 0.900 0.200 2.200 3.700 0.900 0.900 0.900 2.200 3.700 0.900 0.900 0.900 2.100 3.700 0.900 0.900 0.900 21/09/1958
3.400 3.500 3.500 4.200 0.000 3.500 3.500 3.500 0.400 0.000 3.500 3.500 0.400 0.400 0.000 0.000 0.100 0.400 0.400 0.400 0.000 0.100 0.400 0.300 0.300 0.000 0.100 0.300 0.300 0.400 22/09/1958
0.000 0.000 0.000 0.000 0.000 0.000 0.000 0.000 0.000 0.000 0.000 0.000 0.000 0.000 0.000 0.000 0.000 0.000 0.000 0.000 0.000 0.000 0.000 0.000 0.000 0.000 0.000 0.000 0.000 0.000 23/09/1958
0.000 0.000 0.000 1.700 0.300 0.000 0.000 0.000 0.200 0.300 0.000 0.000 0.200 0.200 0.300 0.000 0.000 0.200 0.200 0.200 0.000 0.000 0.200 0.200 0.200 0.000 0.000 0.200 0.200 0.200 24/09/1958
1.200 1.200 1.200 0.600 1.300 1.200 1.200 1.200 1.500 1.300 1.200 1.200 1.400 1.500 1.300 1.600 0.000 1.400 1.500 1.500 1.500 0.000 1.500 1.400 1.400 1.500 0.000 1.400 1.400 1.500 25/09/1958
0.000 0.000 0.000 0.100 0.000 0.000 0.000 0.000 0.000 0.000 0.000 0.000 0.000 0.000 0.000 0.000 0.000 0.000 0.000 0.000 0.000 0.000 0.000 0.000 0.000 0.000 0.000 0.000 0.000 0.000 26/09/1958
0.000 0.000 0.000 0.000 0.000 0.000 0.000 0.000 0.000 0.000 0.000 0.000 0.000 0.000 0.000 0.000 0.000 0.000 0.000 0.000 0.000 0.000 0.000 0.000 0.000 0.000 0.000 0.000 0.000 0.000 27/09/1958
0.000 0.000 0.000 0.000 0.000 0.000 0.000 0.000 0.000 0.000 0.000 0.000 0.000 0.000 0.000 0.000 13.700 0.000 0.000 0.000 0.000 13.700 0.000 0.000 0.000 0.000 13.600 0.000 0.000 0.000 28/09/1958
29.600 29.700 29.900 25.400 25.100 30.100 30.400 30.100 27.900 25.000 30.100 30.000 27.800 28.000 24.800 34.000 18.500 27.800 28.100 28.100 33.700 18.600 27.900 27.700 27.700 33.300 18.400 27.400 27.500 28.100 29/09/1958
7.200 7.300 7.300 1.700 10.300 7.400 7.500 7.400 8.900 10.300 7.400 7.400 8.900 8.900 10.200 8.400 6.300 8.900 8.900 8.900 8.300 6.300 8.900 8.800 8.800 8.200 6.300 8.800 8.800 8.900 30/09/1958
0.100 0.100 0.100 1.200 6.100 0.100 0.100 0.100 1.400 6.100 0.100 0.100 1.400 1.400 6.000 3.700 2.200 1.400 1.400 1.400 3.700 2.200 1.400 1.400 1.400 3.700 2.200 1.300 1.300 1.400 01/10/1958
4.200 4.200 4.300 3.000 1.500 4.300 4.300 4.300 2.200 1.500 4.300 4.300 2.200 2.300 1.400 0.200 4.700 2.200 2.300 2.300 0.200 4.700 2.200 2.200 2.200 0.100 4.700 2.200 2.200 2.300 02/10/1958
18.700 18.800 18.900 14.700 6.200 19.100 19.300 19.100 10.300 6.200 19.000 19.000 10.300 10.400 6.200 19.200 6.200 10.300 10.400 10.400 19.100 6.200 10.300 10.300 10.300 18.800 6.100 10.200 10.200 10.400 03/10/1958
3.200 3.200 3.200 6.900 6.900 3.300 3.300 3.300 0.100 6.800 3.300 3.300 0.100 0.100 6.800 2.300 0.400 0.100 0.100 0.100 2.300 0.400 0.100 0.100 0.100 2.200 0.400 0.100 0.100 0.100 04/10/1958
1.600 1.600 1.600 0.600 1.800 1.600 1.600 1.600 0.200 1.800 1.600 1.600 0.200 0.200 1.800 3.000 0.200 0.200 0.200 0.200 3.000 0.200 0.200 0.200 0.200 3.000 0.200 0.200 0.200 0.200 05/10/1958
0.100 0.100 0.100 0.000 0.900 0.100 0.100 0.100 0.000 0.900 0.100 0.100 0.000 0.000 0.900 0.000 0.000 0.000 0.000 0.000 0.000 0.000 0.000 0.000 0.000 0.000 0.000 0.000 0.000 0.000 06/10/1958
0.000 0.000 0.000 0.000 0.000 0.000 0.000 0.000 0.000 0.000 0.000 0.000 0.000 0.000 0.000 0.000 0.000 0.000 0.000 0.000 0.000 0.000 0.000 0.000 0.000 0.000 0.000 0.000 0.000 0.000 07/10/1958
0.000 0.000 0.000 0.000 0.000 0.000 0.000 0.000 0.000 0.000 0.000 0.000 0.000 0.000 0.000 0.000 0.000 0.000 0.000 0.000 0.000 0.000 0.000 0.000 0.000 0.000 0.000 0.000 0.000 0.000 08/10/1958
0.000 0.000 0.000 0.000 0.000 0.000 0.000 0.000 0.000 0.000 0.000 0.000 0.000 0.000 0.000 0.000 0.000 0.000 0.000 0.000 0.000 0.000 0.000 0.000 0.000 0.000 0.000 0.000 0.000 0.000 09/10/1958
2.100 2.100 2.100 0.200 4.800 2.100 2.200 2.100 0.200 4.800 2.100 2.100 0.200 0.200 4.700 0.000 0.600 0.200 0.200 0.200 0.000 0.600 0.200 0.200 0.200 0.000 0.600 0.200 0.200 0.200 10/10/1958
7.700 7.700 7.700 6.200 4.700 7.800 7.900 7.800 3.100 4.600 7.800 7.800 3.100 3.100 4.600 11.000 0.100 3.100 3.100 3.100 10.900 0.100 3.100 3.100 3.100 10.800 0.100 3.100 3.100 3.100 11/10/1958
3.600 3.700 3.700 0.000 9.400 3.700 3.700 3.700 1.200 9.400 3.700 3.700 1.200 1.200 9.300 0.100 0.000 1.200 1.200 1.200 0.100 0.000 1.200 1.200 1.200 0.100 0.000 1.100 1.200 1.200 12/10/1958
0.100 0.100 0.100 0.000 0.000 0.100 0.100 0.100 0.000 0.000 0.100 0.100 0.000 0.000 0.000 0.000 0.300 0.000 0.000 0.000 0.000 0.300 0.000 0.000 0.000 0.000 0.300 0.000 0.000 0.000 13/10/1958
1.600 1.600 1.600 3.000 26.900 1.600 1.700 1.600 4.200 26.700 1.600 1.600 4.200 4.200 26.500 1.100 1.400 4.200 4.200 4.200 1.100 1.400 4.200 4.200 4.200 1.100 1.400 4.200 4.200 4.200 14/10/1958
0.200 0.200 0.200 2.000 12.200 0.200 0.200 0.200 0.900 12.200 0.200 0.200 0.900 0.900 12.100 2.400 1.000 0.900 0.900 0.900 2.400 1.000 0.900 0.900 0.900 2.300 0.900 0.900 0.900 0.900 15/10/1958
0.000 0.000 0.000 0.200 0.000 0.000 0.000 0.000 0.000 0.000 0.000 0.000 0.000 0.000 0.000 0.000 0.000 0.000 0.000 0.000 0.000 0.000 0.000 0.000 0.000 0.000 0.000 0.000 0.000 0.000 16/10/1958
0.000 0.000 0.000 0.600 0.600 0.000 0.000 0.000 0.400 0.600 0.000 0.000 0.400 0.400 0.600 0.200 0.200 0.400 0.400 0.400 0.200 0.200 0.400 0.400 0.400 0.200 0.200 0.400 0.400 0.400 17/10/1958
0.000 0.000 0.000 0.000 0.000 0.000 0.000 0.000 0.100 0.000 0.000 0.000 0.100 0.100 0.000 0.000 0.600 0.100 0.100 0.100 0.000 0.600 0.100 0.100 0.100 0.000 0.600 0.100 0.100 0.100 18/10/1958
0.100 0.100 0.100 1.100 0.400 0.100 0.200 0.100 1.700 0.400 0.100 0.100 1.700 1.700 0.400 0.200 1.100 1.700 1.700 1.700 0.200 1.100 1.700 1.700 1.700 0.200 1.100 1.700 1.700 1.700 19/10/1958
0.200 0.200 0.200 0.300 0.100 0.200 0.200 0.200 0.200 0.100 0.200 0.200 0.200 0.200 0.100 0.000 0.000 0.200 0.200 0.200 0.000 0.000 0.200 0.200 0.200 0.000 0.000 0.200 0.200 0.200 20/10/1958
0.200 0.200 0.200 0.400 1.200 0.200 0.200 0.200 0.800 1.200 0.200 0.200 0.800 0.800 1.100 0.000 0.000 0.800 0.800 0.800 0.000 0.000 0.800 0.800 0.800 0.000 0.000 0.800 0.800 0.800 21/10/1958
0.000 0.000 0.000 0.100 0.000 0.000 0.000 0.000 0.000 0.000 0.000 0.000 0.000 0.000 0.000 0.000 0.000 0.000 0.000 0.000 0.000 0.000 0.000 0.000 0.000 0.000 0.000 0.000 0.000 0.000 22/10/1958
0.000 0.000 0.000 0.000 0.000 0.000 0.000 0.000 0.000 0.000 0.000 0.000 0.000 0.000 0.000 0.000 0.000 0.000 0.000 0.000 0.000 0.000 0.000 0.000 0.000 0.000 0.000 0.000 0.000 0.000 23/10/1958
0.000 0.000 0.000 0.000 0.000 0.000 0.000 0.000 0.000 0.000 0.000 0.000 0.000 0.000 0.000 0.000 0.000 0.000 0.000 0.000 0.000 0.000 0.000 0.000 0.000 0.000 0.000 0.000 0.000 0.000 24/10/1958
0.000 0.000 0.000 0.000 0.000 0.000 0.000 0.000 0.000 0.000 0.000 0.000 0.000 0.000 0.000 0.000 0.000 0.000 0.000 0.000 0.000 0.000 0.000 0.000 0.000 0.000 0.000 0.000 0.000 0.000 25/10/1958
0.000 0.000 0.000 0.000 0.000 0.000 0.000 0.000 0.000 0.000 0.000 0.000 0.000 0.000 0.000 0.000 0.000 0.000 0.000 0.000 0.000 0.000 0.000 0.000 0.000 0.000 0.000 0.000 0.000 0.000 26/10/1958
0.000 0.000 0.000 0.000 0.000 0.000 0.000 0.000 0.000 0.000 0.000 0.000 0.000 0.000 0.000 0.000 0.000 0.000 0.000 0.000 0.000 0.000 0.000 0.000 0.000 0.000 0.000 0.000 0.000 0.000 27/10/1958
0.000 0.000 0.000 0.000 0.000 0.000 0.000 0.000 0.000 0.000 0.000 0.000 0.000 0.000 0.000 0.000 0.000 0.000 0.000 0.000 0.000 0.000 0.000 0.000 0.000 0.000 0.000 0.000 0.000 0.000 28/10/1958
0.000 0.000 0.000 2.800 0.000 0.000 0.000 0.000 0.000 0.000 0.000 0.000 0.000 0.000 0.000 0.000 1.200 0.000 0.000 0.000 0.000 1.200 0.000 0.000 0.000 0.000 1.200 0.000 0.000 0.000 29/10/1958
2.100 2.100 2.100 0.600 0.900 2.100 2.100 2.100 0.400 0.900 2.100 2.100 0.400 0.400 0.900 0.000 1.800 0.400 0.400 0.400 0.000 1.800 0.400 0.400 0.400 0.000 1.800 0.300 0.300 0.400 30/10/1958
1.800 1.800 1.800 3.400 3.000 1.800 1.800 1.800 2.900 3.000 1.800 1.800 2.900 2.900 3.000 3.200 0.700 2.900 2.900 2.900 3.200 0.700 2.900 2.900 2.900 3.100 0.700 2.900 2.900 2.900 31/10/1958
0.000 0.000 0.000 0.000 0.000 0.000 0.000 0.000 1.000 0.000 0.000 0.000 1.000 1.000 0.000 1.100 2.600 1.000 1.000 1.000 1.100 2.600 1.000 1.000 1.000 1.100 2.600 1.000 1.000 1.000 01/11/1958
4.600 4.700 4.700 6.500 4.000 4.700 4.800 4.700 4.200 4.000 4.700 4.700 4.200 4.200 3.900 3.800 2.100 4.200 4.200 4.200 3.800 2.100 4.200 4.100 4.100 3.700 2.100 4.100 4.100 4.200 02/11/1958
1.800 1.800 1.900 0.600 0.500 1.900 1.900 1.900 0.700 0.500 1.900 1.900 0.700 0.700 0.500 0.200 0.600 0.700 0.700 0.700 0.200 0.600 0.700 0.700 0.700 0.200 0.600 0.700 0.700 0.700 03/11/1958
0.100 0.100 0.100 0.400 14.400 0.100 0.100 0.100 0.300 14.300 0.100 0.100 0.300 0.300 14.200 0.000 1.600 0.300 0.300 0.300 0.000 1.600 0.300 0.300 0.300 0.000 1.600 0.300 0.300 0.300 04/11/1958
2.000 2.100 2.100 2.300 7.900 2.100 2.100 2.100 4.300 7.800 2.100 2.100 4.300 4.300 7.800 2.600 6.400 4.300 4.300 4.300 2.500 6.400 4.300 4.300 4.300 2.500 6.400 4.300 4.300 4.300 05/11/1958
4.900 4.900 4.900 5.500 4.900 5.000 5.000 5.000 2.700 4.900 5.000 5.000 2.700 2.700 4.900 6.600 7.700 2.700 2.700 2.700 6.600 7.700 2.700 2.700 2.600 6.500 7.600 2.600 2.600 2.700 06/11/1958
8.900 9.000 9.100 13.500 7.100 9.100 9.200 9.100 10.700 7.000 9.100 9.100 10.700 10.700 7.000 6.100 9.800 10.700 10.800 10.800 6.100 9.800 10.700 10.700 10.700 6.000 9.700 10.600 10.600 10.800 07/11/1958
25.000 25.200 25.300 23.700 22.000 25.500 25.800 25.500 23.200 21.900 25.500 25.400 23.200 23.300 21.700 14.600 6.100 23.200 23.400 23.400 14.400 6.100 23.300 23.100 23.100 14.300 6.100 22.900 22.900 23.400 08/11/1958
0.000 0.000 0.000 5.500 7.200 0.000 0.000 0.000 1.000 7.200 0.000 0.000 1.000 1.000 7.100 0.000 1.800 1.000 1.000 1.000 0.000 1.800 1.000 1.000 1.000 0.000 1.700 1.000 1.000 1.000 09/11/1958
4.900 4.900 4.900 4.300 1.400 5.000 5.000 5.000 5.000 1.400 5.000 5.000 5.000 5.000 1.400 1.400 1.400 5.000 5.000 5.000 1.300 1.400 5.000 4.900 4.900 1.300 1.400 4.900 4.900 5.000 10/11/1958
0.000 0.000 0.000 0.100 4.800 0.000 0.000 0.000 0.400 4.800 0.000 0.000 0.400 0.400 4.700 0.000 0.000 0.400 0.400 0.400 0.000 0.000 0.400 0.400 0.400 0.000 0.000 0.400 0.400 0.400 11/11/1958
0.200 0.200 0.200 0.000 1.200 0.200 0.200 0.200 0.600 1.200 0.200 0.200 0.600 0.600 1.200 0.300 1.700 0.600 0.600 0.600 0.300 1.700 0.600 0.600 0.600 0.300 1.600 0.600 0.600 0.600 12/11/1958
5.400 5.400 5.400 2.800 0.000 5.500 5.500 5.500 2.500 0.000 5.500 5.500 2.500 2.600 0.000 5.100 2.100 2.500 2.600 2.600 5.100 2.100 2.500 2.500 2.500 5.000 2.100 2.500 2.500 2.600 13/11/1958
0.000 0.000 0.000 0.200 1.500 0.000 0.000 0.000 0.000 1.500 0.000 0.000 0.000 0.000 1.500 0.000 0.000 0.000 0.000 0.000 0.000 0.000 0.000 0.000 0.000 0.000 0.000 0.000 0.000 0.000 14/11/1958
0.000 0.000 0.000 0.000 0.000 0.000 0.000 0.000 0.000 0.000 0.000 0.000 0.000 0.000 0.000 0.000 0.000 0.000 0.000 0.000 0.000 0.000 0.000 0.000 0.000 0.000 0.000 0.000 0.000 0.000 15/11/1958
0.000 0.000 0.000 0.000 0.000 0.000 0.000 0.000 0.000 0.000 0.000 0.000 0.000 0.000 0.000 0.000 0.000 0.000 0.000 0.000 0.000 0.000 0.000 0.000 0.000 0.000 0.000 0.000 0.000 0.000 16/11/1958
0.000 0.000 0.000 0.000 0.000 0.000 0.000 0.000 0.000 0.000 0.000 0.000 0.000 0.000 0.000 0.000 0.000 0.000 0.000 0.000 0.000 0.000 0.000 0.000 0.000 0.000 0.000 0.000 0.000 0.000 17/11/1958
0.000 0.000 0.000 0.000 0.000 0.000 0.000 0.000 0.000 0.000 0.000 0.000 0.000 0.000 0.000 0.000 0.000 0.000 0.000 0.000 0.000 0.000 0.000 0.000 0.000 0.000 0.000 0.000 0.000 0.000 18/11/1958
0.000 0.000 0.000 0.000 0.000 0.000 0.000 0.000 0.000 0.000 0.000 0.000 0.000 0.000 0.000 0.000 0.000 0.000 0.000 0.000 0.000 0.000 0.000 0.000 0.000 0.000 0.000 0.000 0.000 0.000 19/11/1958
0.000 0.000 0.000 0.000 0.600 0.000 0.000 0.000 0.200 0.600 0.000 0.000 0.200 0.200 0.600 0.000 0.000 0.200 0.200 0.200 0.000 0.000 0.200 0.200 0.200 0.000 0.000 0.200 0.200 0.200 20/11/1958
0.600 0.700 0.700 0.100 0.000 0.700 0.700 0.700 0.500 0.000 0.700 0.700 0.500 0.500 0.000 0.000 0.100 0.500 0.500 0.500 0.000 0.100 0.500 0.500 0.500 0.000 0.100 0.500 0.500 0.500 21/11/1958
0.000 0.000 0.000 1.100 0.000 0.000 0.000 0.000 0.000 0.000 0.000 0.000 0.000 0.000 0.000 0.000 0.000 0.000 0.000 0.000 0.000 0.000 0.000 0.000 0.000 0.000 0.000 0.000 0.000 0.000 22/11/1958
0.000 0.000 0.000 0.600 1.700 0.000 0.000 0.000 0.400 1.700 0.000 0.000 0.400 0.400 1.700 0.000 0.000 0.400 0.400 0.400 0.000 0.000 0.400 0.400 0.400 0.000 0.000 0.400 0.400 0.400 23/11/1958
2.300 2.300 2.300 1.900 0.100 2.300 2.300 2.300 0.000 0.100 2.300 2.300 0.000 0.000 0.100 0.000 0.000 0.000 0.000 0.000 0.000 0.000 0.000 0.000 0.000 0.000 0.000 0.000 0.000 0.000 24/11/1958
0.100 0.100 0.100 0.100 0.000 0.100 0.100 0.100 0.000 0.000 0.100 0.100 0.000 0.000 0.000 0.100 0.000 0.000 0.000 0.000 0.100 0.000 0.000 0.000 0.000 0.100 0.000 0.000 0.000 0.000 25/11/1958
0.100 0.100 0.100 0.000 0.000 0.100 0.100 0.100 0.000 0.000 0.100 0.100 0.000 0.000 0.000 0.000 0.000 0.000 0.000 0.000 0.000 0.000 0.000 0.000 0.000 0.000 0.000 0.000 0.000 0.000 26/11/1958
0.000 0.000 0.000 0.000 0.000 0.000 0.000 0.000 0.000 0.000 0.000 0.000 0.000 0.000 0.000 0.000 0.000 0.000 0.000 0.000 0.000 0.000 0.000 0.000 0.000 0.000 0.000 0.000 0.000 0.000 27/11/1958
0.000 0.000 0.000 0.000 0.000 0.000 0.000 0.000 0.000 0.000 0.000 0.000 0.000 0.000 0.000 0.000 0.000 0.000 0.000 0.000 0.000 0.000 0.000 0.000 0.000 0.000 0.000 0.000 0.000 0.000 28/11/1958
0.000 0.000 0.000 0.000 0.000 0.000 0.000 0.000 0.000 0.000 0.000 0.000 0.000 0.000 0.000 0.000 0.000 0.000 0.000 0.000 0.000 0.000 0.000 0.000 0.000 0.000 0.000 0.000 0.000 0.000 29/11/1958
0.000 0.000 0.000 0.000 0.000 0.000 0.000 0.000 0.000 0.000 0.000 0.000 0.000 0.000 0.000 0.000 0.000 0.000 0.000 0.000 0.000 0.000 0.000 0.000 0.000 0.000 0.000 0.000 0.000 0.000 30/11/1958
0.000 0.000 0.000 0.000 0.000 0.000 0.000 0.000 0.000 0.000 0.000 0.000 0.000 0.000 0.000 0.000 0.000 0.000 0.000 0.000 0.000 0.000 0.000 0.000 0.000 0.000 0.000 0.000 0.000 0.000 01/12/1958
0.000 0.000 0.000 0.000 0.000 0.000 0.000 0.000 0.000 0.000 0.000 0.000 0.000 0.000 0.000 0.000 0.000 0.000 0.000 0.000 0.000 0.000 0.000 0.000 0.000 0.000 0.000 0.000 0.000 0.000 02/12/1958
0.000 0.000 0.000 0.000 0.000 0.000 0.000 0.000 0.000 0.000 0.000 0.000 0.000 0.000 0.000 0.000 0.000 0.000 0.000 0.000 0.000 0.000 0.000 0.000 0.000 0.000 0.000 0.000 0.000 0.000 03/12/1958
0.000 0.000 0.000 0.000 0.000 0.000 0.000 0.000 0.000 0.000 0.000 0.000 0.000 0.000 0.000 0.000 0.000 0.000 0.000 0.000 0.000 0.000 0.000 0.000 0.000 0.000 0.000 0.000 0.000 0.000 04/12/1958
0.000 0.000 0.000 0.000 0.000 0.000 0.000 0.000 0.000 0.000 0.000 0.000 0.000 0.000 0.000 0.000 0.000 0.000 0.000 0.000 0.000 0.000 0.000 0.000 0.000 0.000 0.000 0.000 0.000 0.000 05/12/1958
0.000 0.000 0.000 0.000 0.000 0.000 0.000 0.000 0.000 0.000 0.000 0.000 0.000 0.000 0.000 0.000 0.000 0.000 0.000 0.000 0.000 0.000 0.000 0.000 0.000 0.000 0.000 0.000 0.000 0.000 06/12/1958
0.000 0.000 0.000 0.000 0.000 0.000 0.000 0.000 0.000 0.000 0.000 0.000 0.000 0.000 0.000 0.000 0.000 0.000 0.000 0.000 0.000 0.000 0.000 0.000 0.000 0.000 0.000 0.000 0.000 0.000 07/12/1958
0.000 0.000 0.000 0.000 0.000 0.000 0.000 0.000 0.000 0.000 0.000 0.000 0.000 0.000 0.000 0.000 0.400 0.000 0.000 0.000 0.000 0.400 0.000 0.000 0.000 0.000 0.400 0.000 0.000 0.000 08/12/1958
0.700 0.700 0.700 2.200 2.900 0.700 0.700 0.700 1.700 2.900 0.700 0.700 1.700 1.700 2.900 3.000 6.900 1.700 1.700 1.700 3.000 6.900 1.700 1.700 1.700 3.000 6.800 1.700 1.700 1.700 09/12/1958
14.200 14.300 14.300 24.200 5.800 14.400 14.600 14.400 24.700 5.700 14.400 14.400 24.700 24.800 5.700 12.000 12.500 24.700 24.900 24.900 11.800 12.500 24.700 24.600 24.600 11.700 12.400 24.400 24.500 24.900 10/12/1958
7.200 7.300 7.300 8.700 17.000 7.400 7.400 7.400 4.900 16.900 7.400 7.300 4.900 5.000 16.800 7.700 17.000 4.900 5.000 5.000 7.600 17.100 4.900 4.900 4.900 7.500 16.900 4.800 4.900 5.000 11/12/1958
31.200 31.500 31.600 28.300 22.000 31.900 32.200 31.900 31.600 21.900 31.800 31.800 31.400 31.700 21.700 33.000 19.700 31.500 31.800 31.800 32.700 19.700 31.600 31.400 31.400 32.300 19.600 31.100 31.100 31.800 12/12/1958
8.300 8.400 8.400 10.100 24.000 8.500 8.600 8.500 12.100 23.900 8.500 8.500 12.100 12.200 23.700 11.800 10.600 12.100 12.200 12.200 11.700 10.600 12.100 12.000 12.000 11.600 10.500 11.900 11.900 12.200 13/12/1958
10.400 10.500 10.500 10.200 9.000 10.600 10.700 10.600 14.700 9.000 10.600 10.600 14.600 14.700 8.900 12.200 9.900 14.600 14.800 14.800 12.100 9.900 14.700 14.600 14.600 11.900 9.800 14.500 14.500 14.800 14/12/1958
19.600 19.700 19.800 14.000 23.200 20.000 20.200 20.000 13.900 23.000 19.900 19.900 13.800 14.000 22.900 15.400 14.600 13.900 14.100 14.100 15.200 14.700 13.900 13.800 13.800 15.000 14.600 13.600 13.700 14.100 15/12/1958
9.700 9.800 9.800 20.800 14.000 9.900 10.000 9.900 12.200 13.900 9.900 9.900 12.100 12.200 13.800 12.200 0.000 12.100 12.300 12.200 12.100 0.000 12.200 12.100 12.100 12.000 0.000 12.000 12.000 12.200 16/12/1958
14.800 14.900 15.000 12.200 3.400 15.100 15.200 15.100 4.700 3.300 15.100 15.000 4.700 4.800 3.300 9.600 0.100 4.700 4.800 4.800 9.500 0.100 4.700 4.700 4.700 9.400 0.100 4.700 4.700 4.800 17/12/1958
0.000 0.000 0.000 0.400 0.800 0.000 0.000 0.000 0.100 0.800 0.000 0.000 0.100 0.100 0.800 0.100 4.700 0.100 0.100 0.100 0.100 4.700 0.100 0.100 0.100 0.100 4.600 0.100 0.100 0.100 18/12/1958
4.500 4.600 4.600 4.300 8.300 4.600 4.700 4.600 6.500 8.300 4.600 4.600 6.500 6.600 8.200 2.400 1.800 6.500 6.600 6.600 2.400 1.800 6.500 6.500 6.500 2.400 1.800 6.400 6.400 6.600 19/12/1958
4.600 4.700 4.700 1.600 12.100 4.700 4.800 4.700 11.200 12.000 4.700 4.700 11.100 11.200 11.900 7.400 6.300 11.200 11.300 11.300 7.300 6.300 11.200 11.100 11.100 7.200 6.200 11.000 11.100 11.300 20/12/1958
0.000 0.000 0.000 3.500 0.000 0.000 0.000 0.000 0.000 0.000 0.000 0.000 0.000 0.000 0.000 0.000 14.700 0.000 0.000 0.000 0.000 14.800 0.000 0.000 0.000 0.000 14.700 0.000 0.000 0.000 21/12/1958
28.200 28.400 28.500 17.500 0.700 28.800 29.000 28.800 19.400 0.700 28.700 28.700 19.300 19.400 0.700 32.400 17.100 19.300 19.500 19.500 32.100 17.200 19.400 19.300 19.200 31.700 17.000 19.100 19.100 19.500 22/12/1958
0.000 0.000 0.000 1.800 18.700 0.000 0.000 0.000 6.700 18.600 0.000 0.000 6.600 6.700 18.500 1.800 0.000 6.700 6.800 6.800 1.800 0.000 6.700 6.600 6.600 1.800 0.000 6.500 6.500 6.800 23/12/1958
0.100 0.100 0.100 0.000 2.000 0.100 0.100 0.100 1.300 2.000 0.100 0.100 1.300 1.300 2.000 0.100 0.000 1.300 1.300 1.300 0.100 0.000 1.300 1.300 1.300 0.100 0.000 1.300 1.300 1.300 24/12/1958
0.100 0.100 0.100 0.000 0.000 0.100 0.000 0.100 1.100 0.000 0.100 0.100 1.100 1.000 0.000 0.100 1.100 1.100 0.900 0.900 0.100 1.100 1.000 1.200 1.200 0.100 1.200 1.300 1.300 0.900 25/12/1958
3.900 4.000 4.000 1.900 0.000 4.000 4.100 4.000 1.300 0.000 4.000 4.000 1.300 1.300 0.000 3.200 4.700 1.300 1.300 1.300 3.100 4.700 1.300 1.300 1.300 3.100 4.700 1.200 1.200 1.300 26/12/1958
0.800 0.800 0.800 2.100 1.300 0.800 0.800 0.800 5.700 1.300 0.800 0.800 5.700 5.700 1.300 4.000 3.200 5.700 5.800 5.800 4.000 3.200 5.700 5.700 5.700 3.900 3.200 5.700 5.700 5.800 27/12/1958
0.100 0.100 0.100 1.300 3.700 0.100 0.100 0.100 0.600 3.700 0.100 0.100 0.600 0.600 3.600 1.200 0.100 0.600 0.600 0.600 1.200 0.100 0.600 0.600 0.600 1.200 0.100 0.600 0.600 0.600 28/12/1958
0.000 0.000 0.000 1.600 1.500 0.000 0.000 0.000 0.000 1.500 0.000 0.000 0.000 0.000 1.500 0.000 0.000 0.000 0.000 0.000 0.000 0.000 0.000 0.000 0.000 0.000 0.000 0.000 0.000 0.000 29/12/1958
0.000 0.000 0.000 1.900 0.000 0.000 0.000 0.000 0.000 0.000 0.000 0.000 0.000 0.000 0.000 0.000 0.000 0.000 0.000 0.000 0.000 0.000 0.000 0.000 0.000 0.000 0.000 0.000 0.000 0.000 30/12/1958
0.200 0.200 0.200 0.700 13.500 0.200 0.200 0.200 2.300 13.400 0.200 0.200 2.200 2.300 13.300 0.300 0.000 2.200 2.300 2.300 0.300 0.000 2.300 2.200 2.200 0.300 0.000 2.100 2.100 2.300 31/12/1958
0.000 0.000 0.000 0.600 0.000 0.000 0.000 0.000 1.000 0.000 0.000 0.000 1.000 1.000 0.000 0.000 0.000 1.000 1.000 1.000 0.000 0.000 1.000 1.000 1.000 0.000 0.000 1.000 1.000 1.000 01/01/1959
8.400 8.500 8.500 8.100 9.800 8.600 8.700 8.600 0.000 9.800 8.600 8.600 0.000 0.000 9.700 9.800 3.500 0.000 0.000 0.000 9.700 3.500 0.000 0.000 0.000 9.600 3.500 0.000 0.000 0.000 02/01/1959
0.200 0.200 0.200 1.800 0.600 0.200 0.200 0.200 1.300 0.600 0.200 0.200 1.200 1.300 0.600 2.000 1.400 1.300 1.300 1.300 1.900 1.400 1.300 1.200 1.200 1.900 1.400 1.200 1.200 1.300 03/01/1959
7.400 7.500 7.500 3.500 3.400 7.600 7.600 7.600 1.600 3.400 7.500 7.500 1.600 1.700 3.400 0.800 0.200 1.600 1.700 1.700 0.800 0.200 1.600 1.600 1.600 0.800 0.200 1.600 1.600 1.700 04/01/1959
2.500 2.500 2.500 3.200 7.000 2.600 2.600 2.600 4.400 6.900 2.500 2.500 4.400 4.400 6.900 2.700 5.600 4.400 4.500 4.500 2.600 5.600 4.400 4.400 4.400 2.600 5.600 4.300 4.300 4.500 05/01/1959
12.100 12.100 12.200 11.200 12.200 12.300 12.400 12.300 20.700 12.100 12.300 12.200 20.600 20.800 12.000 7.900 8.800 20.600 20.800 20.800 7.900 8.800 20.700 20.500 20.500 7.800 8.700 20.300 20.400 20.800 06/01/1959
9.500 9.600 9.600 4.700 7.300 9.700 9.800 9.700 1.200 7.300 9.700 9.700 1.200 1.200 7.200 6.800 5.200 1.200 1.200 1.200 6.800 5.200 1.200 1.200 1.200 6.700 5.100 1.200 1.200 1.200 07/01/1959
0.000 0.000 0.000 0.800 0.000 0.000 0.000 0.000 0.300 0.000 0.000 0.000 0.300 0.300 0.000 0.000 0.000 0.300 0.300 0.300 0.000 0.000 0.300 0.300 0.300 0.000 0.000 0.300 0.300 0.300 08/01/1959
0.300 0.300 0.300 0.000 0.100 0.200 0.200 0.200 0.000 0.100 0.300 0.300 0.000 0.000 0.200 0.300 0.000 0.000 0.000 0.000 0.300 0.000 0.000 0.100 0.100 0.300 0.000 0.100 0.100 0.000 09/01/1959
0.000 0.000 0.000 0.000 0.000 0.000 0.000 0.000 0.000 0.000 0.000 0.000 0.000 0.000 0.000 0.000 0.000 0.000 0.000 0.000 0.000 0.000 0.000 0.000 0.000 0.000 0.000 0.000 0.000 0.000 10/01/1959
0.000 0.000 0.000 0.000 0.000 0.000 0.000 0.000 0.000 0.000 0.000 0.000 0.000 0.000 0.000 0.000 0.000 0.000 0.000 0.000 0.000 0.000 0.000 0.000 0.000 0.000 0.000 0.000 0.000 0.000 11/01/1959
0.000 0.000 0.000 0.000 0.000 0.000 0.000 0.000 0.000 0.000 0.000 0.000 0.000 0.000 0.000 0.000 0.000 0.000 0.000 0.000 0.000 0.000 0.000 0.000 0.000 0.000 0.000 0.000 0.000 0.000 12/01/1959
13.100 13.200 13.300 16.600 16.300 13.400 13.500 13.400 2.600 16.300 13.400 13.300 2.600 2.600 16.100 9.700 7.500 2.600 2.600 2.600 10.000 7.500 2.600 2.600 2.600 10.400 7.500 2.500 2.500 2.600 13/01/1959
12.500 12.600 12.700 17.000 17.700 12.800 12.900 12.800 0.900 17.600 12.700 12.700 0.900 0.900 17.500 14.000 8.900 0.900 0.900 0.900 13.800 8.900 0.900 0.900 0.900 13.700 8.800 0.800 0.900 0.900 14/01/1959
7.800 7.900 7.900 6.800 11.200 8.000 8.000 8.000 9.100 11.200 7.900 7.900 9.000 9.200 11.100 3.800 4.600 9.100 9.200 9.200 3.800 4.600 9.100 9.000 9.000 3.800 4.500 8.900 8.900 9.200 15/01/1959
0.000 0.000 0.000 0.000 0.000 0.000 0.000 0.000 0.000 0.000 0.000 0.000 0.000 0.000 0.000 0.000 0.000 0.000 0.000 0.000 0.000 0.000 0.000 0.000 0.000 0.000 0.000 0.000 0.000 0.000 16/01/1959
0.000 0.000 0.000 0.000 0.000 0.000 0.000 0.000 0.000 0.000 0.000 0.000 0.000 0.000 0.000 0.000 0.000 0.000 0.000 0.000 0.000 0.000 0.000 0.000 0.000 0.000 0.000 0.000 0.000 0.000 17/01/1959
0.000 0.000 0.000 0.000 0.000 0.000 0.000 0.000 0.000 0.000 0.000 0.000 0.000 0.000 0.000 0.000 0.000 0.000 0.000 0.000 0.000 0.000 0.000 0.000 0.000 0.000 0.000 0.000 0.000 0.000 18/01/1959
0.000 0.000 0.000 2.700 0.000 0.000 0.000 0.000 0.600 0.000 0.000 0.000 0.600 0.600 0.000 0.000 1.200 0.600 0.600 0.600 0.000 1.200 0.600 0.600 0.600 0.000 1.200 0.600 0.600 0.600 19/01/1959
4.000 4.100 4.100 6.100 2.400 4.100 4.200 4.100 0.800 2.400 4.100 4.100 0.800 0.800 2.300 7.100 1.100 0.800 0.800 0.800 7.000 1.100 0.800 0.800 0.800 6.900 1.100 0.800 0.800 0.800 20/01/1959
1.300 1.300 1.300 0.100 0.000 1.300 1.400 1.300 11.800 0.000 1.300 1.300 11.800 11.900 0.000 0.000 2.400 11.800 11.900 11.900 0.000 2.400 11.800 11.700 11.700 0.000 2.400 11.600 11.600 11.900 21/01/1959
5.500 5.500 5.600 9.100 13.000 5.600 5.700 5.600 0.300 13.000 5.600 5.600 0.300 0.300 12.800 9.100 1.800 0.300 0.300 0.300 9.000 1.800 0.300 0.300 0.300 8.900 1.800 0.300 0.300 0.300 22/01/1959
3.200 3.200 3.200 0.300 0.100 3.300 3.300 3.300 0.000 0.100 3.300 3.300 0.000 0.000 0.100 0.000 0.000 0.000 0.000 0.000 0.000 0.000 0.000 0.000 0.000 0.000 0.000 0.000 0.000 0.000 23/01/1959
0.200 0.200 0.200 0.000 0.000 0.200 0.200 0.200 0.000 0.000 0.200 0.200 0.000 0.000 0.000 0.000 0.000 0.000 0.000 0.000 0.000 0.000 0.000 0.000 0.000 0.000 0.000 0.000 0.000 0.000 24/01/1959
0.000 0.000 0.000 0.000 0.000 0.000 0.000 0.000 0.000 0.000 0.000 0.000 0.000 0.000 0.000 0.000 0.000 0.000 0.000 0.000 0.000 0.000 0.000 0.000 0.000 0.000 0.000 0.000 0.000 0.000 25/01/1959
0.000 0.000 0.000 0.000 0.000 0.000 0.000 0.000 0.000 0.000 0.000 0.000 0.000 0.000 0.000 0.000 0.000 0.000 0.000 0.000 0.000 0.000 0.000 0.000 0.000 0.000 0.000 0.000 0.000 0.000 26/01/1959
0.000 0.000 0.000 0.000 0.000 0.000 0.000 0.000 0.000 0.000 0.000 0.000 0.000 0.000 0.000 0.000 0.000 0.000 0.000 0.000 0.000 0.000 0.000 0.000 0.000 0.000 0.000 0.000 0.000 0.000 27/01/1959
0.000 0.000 0.000 0.000 0.000 0.000 0.000 0.000 0.000 0.000 0.000 0.000 0.000 0.000 0.000 0.000 0.000 0.000 0.000 0.000 0.000 0.000 0.000 0.000 0.000 0.000 0.000 0.000 0.000 0.000 28/01/1959
0.000 0.000 0.000 0.000 0.000 0.000 0.000 0.000 0.000 0.000 0.000 0.000 0.000 0.000 0.000 0.000 0.000 0.000 0.000 0.000 0.000 0.000 0.000 0.000 0.000 0.000 0.000 0.000 0.000 0.000 29/01/1959
0.000 0.000 0.000 0.000 0.000 0.000 0.000 0.000 0.000 0.000 0.000 0.000 0.000 0.000 0.000 0.000 0.000 0.000 0.000 0.000 0.000 0.000 0.000 0.000 0.000 0.000 0.000 0.000 0.000 0.000 30/01/1959
0.000 0.000 0.000 0.000 0.000 0.000 0.000 0.000 0.000 0.000 0.000 0.000 0.000 0.000 0.000 0.000 0.000 0.000 0.000 0.000 0.000 0.000 0.000 0.000 0.000 0.000 0.000 0.000 0.000 0.000 31/01/1959
0.000 0.000 0.000 0.000 0.000 0.000 0.000 0.000 0.000 0.000 0.000 0.000 0.000 0.000 0.000 0.000 0.000 0.000 0.000 0.000 0.000 0.000 0.000 0.000 0.000 0.000 0.000 0.000 0.000 0.000 01/02/1959
0.000 0.000 0.000 0.100 0.000 0.000 0.000 0.000 0.000 0.000 0.000 0.000 0.000 0.000 0.000 0.000 0.000 0.000 0.000 0.000 0.000 0.000 0.000 0.000 0.000 0.000 0.000 0.000 0.000 0.000 02/02/1959
6.100 6.200 6.200 4.900 11.200 6.300 6.300 6.300 10.600 11.200 6.300 6.200 10.600 10.700 11.100 11.800 17.200 10.600 10.700 10.700 11.700 17.200 10.600 10.500 10.500 11.600 17.100 10.400 10.500 10.700 03/02/1959
0.200 0.200 0.200 0.000 0.100 0.200 0.200 0.200 0.800 0.100 0.200 0.200 0.800 0.800 0.100 2.600 0.000 0.800 0.800 0.800 2.600 0.000 0.800 0.800 0.800 2.500 0.000 0.800 0.800 0.800 04/02/1959
0.000 0.000 0.000 0.000 0.000 0.000 0.000 0.000 0.000 0.000 0.000 0.000 0.000 0.000 0.000 0.000 0.000 0.000 0.000 0.000 0.000 0.000 0.000 0.000 0.000 0.000 0.000 0.000 0.000 0.000 05/02/1959
0.000 0.000 0.000 0.000 0.000 0.000 0.000 0.000 0.000 0.000 0.000 0.000 0.000 0.000 0.000 0.000 0.000 0.000 0.000 0.000 0.000 0.000 0.000 0.000 0.000 0.000 0.000 0.000 0.000 0.000 06/02/1959
0.300 0.300 0.300 0.300 0.000 0.300 0.300 0.300 0.000 0.000 0.300 0.300 0.000 0.000 0.000 0.000 0.000 0.000 0.000 0.000 0.000 0.000 0.000 0.000 0.000 0.000 0.000 0.000 0.000 0.000 07/02/1959
0.000 0.000 0.000 0.000 0.000 0.000 0.000 0.000 0.000 0.000 0.000 0.000 0.000 0.000 0.000 0.000 0.500 0.000 0.000 0.000 0.000 0.500 0.000 0.000 0.000 0.000 0.500 0.000 0.000 0.000 08/02/1959
0.900 0.900 0.900 0.000 0.000 0.900 0.900 0.900 0.200 0.000 0.900 0.900 0.200 0.200 0.000 1.600 1.000 0.200 0.200 0.200 1.600 1.000 0.200 0.200 0.200 1.600 1.000 0.200 0.200 0.200 09/02/1959
1.600 1.600 1.700 4.300 2.000 1.700 1.700 1.700 0.800 2.000 1.700 1.700 0.800 0.800 2.000 1.500 2.900 0.800 0.800 0.800 1.500 2.900 0.800 0.800 0.800 1.500 2.800 0.800 0.800 0.800 10/02/1959
1.400 1.400 1.400 0.000 0.000 1.400 1.400 1.400 0.000 0.000 1.400 1.400 0.000 0.000 0.000 0.000 0.000 0.000 0.000 0.000 0.000 0.000 0.000 0.000 0.000 0.000 0.000 0.000 0.000 0.000 11/02/1959
0.000 0.000 0.000 0.000 0.000 0.000 0.000 0.000 0.000 0.000 0.000 0.000 0.000 0.000 0.000 0.000 0.000 0.000 0.000 0.000 0.000 0.000 0.000 0.000 0.000 0.000 0.000 0.000 0.000 0.000 12/02/1959
0.000 0.000 0.000 0.000 0.000 0.000 0.000 0.000 0.000 0.000 0.000 0.000 0.000 0.000 0.000 0.000 0.000 0.000 0.000 0.000 0.000 0.000 0.000 0.000 0.000 0.000 0.000 0.000 0.000 0.000 13/02/1959
0.000 0.000 0.000 0.000 0.000 0.000 0.000 0.000 0.000 0.000 0.000 0.000 0.000 0.000 0.000 0.000 0.000 0.000 0.000 0.000 0.000 0.000 0.000 0.000 0.000 0.000 0.000 0.000 0.000 0.000 14/02/1959
0.000 0.000 0.000 0.000 0.000 0.000 0.000 0.000 0.000 0.000 0.000 0.000 0.000 0.000 0.000 0.000 0.000 0.000 0.000 0.000 0.000 0.000 0.000 0.000 0.000 0.000 0.000 0.000 0.000 0.000 15/02/1959
0.000 0.000 0.000 0.000 0.000 0.000 0.000 0.000 0.000 0.000 0.000 0.000 0.000 0.000 0.000 0.000 0.000 0.000 0.000 0.000 0.000 0.000 0.000 0.000 0.000 0.000 0.000 0.000 0.000 0.000 16/02/1959
0.000 0.000 0.000 0.000 0.000 0.000 0.000 0.000 0.000 0.000 0.000 0.000 0.000 0.000 0.000 0.000 0.000 0.000 0.000 0.000 0.000 0.000 0.000 0.000 0.000 0.000 0.000 0.000 0.000 0.000 17/02/1959
0.000 0.000 0.000 0.000 0.000 0.000 0.000 0.000 0.000 0.000 0.000 0.000 0.000 0.000 0.000 0.000 0.000 0.000 0.000 0.000 0.000 0.000 0.000 0.000 0.000 0.000 0.000 0.000 0.000 0.000 18/02/1959
0.000 0.000 0.000 0.000 0.000 0.000 0.000 0.000 0.000 0.000 0.000 0.000 0.000 0.000 0.000 0.000 0.000 0.000 0.000 0.000 0.000 0.000 0.000 0.000 0.000 0.000 0.000 0.000 0.000 0.000 19/02/1959
0.000 0.000 0.000 0.000 0.000 0.000 0.000 0.000 0.000 0.000 0.000 0.000 0.000 0.000 0.000 0.000 0.000 0.000 0.000 0.000 0.000 0.000 0.000 0.000 0.000 0.000 0.000 0.000 0.000 0.000 20/02/1959
0.000 0.000 0.000 0.000 0.000 0.000 0.000 0.000 0.000 0.000 0.000 0.000 0.000 0.000 0.000 0.000 0.000 0.000 0.000 0.000 0.000 0.000 0.000 0.000 0.000 0.000 0.000 0.000 0.000 0.000 21/02/1959
0.000 0.000 0.000 0.000 0.000 0.000 0.000 0.000 0.000 0.000 0.000 0.000 0.000 0.000 0.000 0.000 0.000 0.000 0.000 0.000 0.000 0.000 0.000 0.000 0.000 0.000 0.000 0.000 0.000 0.000 22/02/1959
0.000 0.000 0.000 0.000 0.000 0.000 0.000 0.000 0.000 0.000 0.000 0.000 0.000 0.000 0.000 0.000 0.000 0.000 0.000 0.000 0.000 0.000 0.000 0.000 0.000 0.000 0.000 0.000 0.000 0.000 23/02/1959
0.000 0.000 0.000 0.000 0.100 0.000 0.000 0.000 0.100 0.100 0.000 0.000 0.100 0.100 0.100 0.000 0.900 0.100 0.100 0.100 0.000 0.900 0.100 0.100 0.100 0.000 0.900 0.100 0.100 0.100 24/02/1959
0.000 0.000 0.000 0.000 0.000 0.000 0.000 0.000 0.000 0.000 0.000 0.000 0.000 0.000 0.000 0.000 0.000 0.000 0.000 0.000 0.000 0.000 0.000 0.000 0.000 0.000 0.000 0.000 0.000 0.000 25/02/1959
0.000 0.000 0.000 0.000 0.000 0.000 0.000 0.000 0.000 0.000 0.000 0.000 0.000 0.000 0.000 0.000 0.000 0.000 0.000 0.000 0.000 0.000 0.000 0.000 0.000 0.000 0.000 0.000 0.000 0.000 26/02/1959
0.000 0.000 0.000 0.000 0.000 0.000 0.000 0.000 0.000 0.000 0.000 0.000 0.000 0.000 0.000 0.000 0.000 0.000 0.000 0.000 0.000 0.000 0.000 0.000 0.000 0.000 0.000 0.000 0.000 0.000 27/02/1959
0.000 0.000 0.000 0.000 0.000 0.000 0.000 0.000 0.000 0.000 0.000 0.000 0.000 0.000 0.000 0.000 0.000 0.000 0.000 0.000 0.000 0.000 0.000 0.000 0.000 0.000 0.000 0.000 0.000 0.000 28/02/1959
0.000 0.000 0.000 0.000 0.000 0.000 0.000 0.000 0.000 0.000 0.000 0.000 0.000 0.000 0.000 0.000 0.000 0.000 0.000 0.000 0.000 0.000 0.000 0.000 0.000 0.000 0.000 0.000 0.000 0.000 01/03/1959
0.000 0.000 0.000 0.000 0.000 0.000 0.000 0.000 1.100 0.000 0.000 0.000 1.100 1.100 0.000 0.000 0.100 1.100 1.100 1.100 0.000 0.100 1.100 1.100 1.100 0.000 0.100 1.100 1.100 1.100 02/03/1959
7.900 7.900 8.000 9.800 16.300 8.000 8.100 8.000 0.600 16.300 8.000 8.000 0.600 0.600 16.100 2.600 9.100 0.600 0.600 0.600 2.500 9.100 0.600 0.600 0.600 2.500 9.100 0.500 0.500 0.600 03/03/1959
0.100 0.100 0.100 1.800 5.800 0.100 0.100 0.100 0.000 5.700 0.100 0.100 0.000 0.000 5.700 5.100 0.000 0.000 0.000 0.000 5.100 0.000 0.000 0.000 0.000 5.000 0.000 0.000 0.000 0.000 04/03/1959
3.400 3.400 3.400 2.300 0.800 3.400 3.500 3.400 6.600 0.800 3.400 3.400 6.500 6.600 0.800 1.900 0.800 6.600 6.600 6.600 1.800 0.800 6.600 6.500 6.500 1.800 0.800 6.500 6.500 6.600 05/03/1959
0.800 0.800 0.800 3.200 2.200 0.900 0.900 0.900 1.900 2.200 0.900 0.900 1.900 1.900 2.100 1.600 0.100 1.900 1.900 1.900 1.500 0.100 1.900 1.900 1.900 1.500 0.100 1.900 1.900 1.900 06/03/1959
5.700 5.800 5.800 5.400 2.300 5.900 5.900 5.900 0.600 2.300 5.800 5.800 0.600 0.600 2.300 5.900 3.100 0.600 0.600 0.600 5.800 3.100 0.600 0.600 0.600 5.700 3.100 0.600 0.600 0.600 07/03/1959
0.100 0.100 0.100 0.800 0.000 0.100 0.100 0.100 0.000 0.000 0.100 0.100 0.000 0.000 0.000 2.500 0.000 0.000 0.000 0.000 2.500 0.000 0.000 0.000 0.000 2.400 0.000 0.000 0.000 0.000 08/03/1959
0.000 0.000 0.000 0.100 0.400 0.000 0.000 0.000 0.200 0.400 0.000 0.000 0.200 0.200 0.400 0.000 0.000 0.200 0.200 0.200 0.000 0.000 0.200 0.200 0.200 0.000 0.000 0.200 0.200 0.200 09/03/1959
0.400 0.400 0.400 0.100 0.000 0.400 0.400 0.400 1.100 0.000 0.400 0.400 1.100 1.100 0.000 0.000 0.100 1.100 1.100 1.100 0.000 0.100 1.100 1.100 1.100 0.000 0.100 1.100 1.100 1.100 10/03/1959
2.200 2.200 2.200 0.900 7.700 2.200 2.200 2.200 0.200 7.700 2.200 2.200 0.200 0.200 7.600 2.000 13.700 0.200 0.200 0.200 1.900 13.700 0.200 0.200 0.200 1.900 13.600 0.200 0.200 0.200 11/03/1959
0.100 0.100 0.100 0.000 0.100 0.100 0.100 0.100 2.800 0.100 0.100 0.100 2.800 2.800 0.100 4.600 0.000 2.800 2.800 2.800 4.500 0.000 2.800 2.800 2.800 4.500 0.000 2.800 2.800 2.800 12/03/1959
0.000 0.000 0.000 0.000 0.000 0.000 0.000 0.000 0.000 0.000 0.000 0.000 0.000 0.000 0.000 0.300 0.000 0.000 0.000 0.000 0.300 0.000 0.000 0.000 0.000 0.300 0.000 0.000 0.000 0.000 13/03/1959
0.000 0.000 0.000 0.000 0.000 0.000 0.000 0.000 0.000 0.000 0.000 0.000 0.000 0.000 0.000 0.000 0.000 0.000 0.000 0.000 0.000 0.000 0.000 0.000 0.000 0.000 0.000 0.000 0.000 0.000 14/03/1959
0.000 0.000 0.000 0.000 0.000 0.000 0.000 0.000 0.000 0.000 0.000 0.000 0.000 0.000 0.000 0.000 0.000 0.000 0.000 0.000 0.000 0.000 0.000 0.000 0.000 0.000 0.000 0.000 0.000 0.000 15/03/1959
0.000 0.000 0.000 0.000 0.000 0.000 0.000 0.000 0.000 0.000 0.000 0.000 0.000 0.000 0.000 0.000 0.000 0.000 0.000 0.000 0.000 0.000 0.000 0.000 0.000 0.000 0.000 0.000 0.000 0.000 16/03/1959
3.600 3.700 3.700 1.800 2.000 3.700 3.700 3.700 0.900 2.000 3.700 3.700 0.900 0.900 2.000 0.900 1.300 0.900 0.900 0.900 0.900 1.300 0.900 0.900 0.900 0.900 1.300 0.900 0.900 0.900 17/03/1959
0.000 0.000 0.000 0.100 0.000 0.000 0.000 0.000 0.600 0.000 0.000 0.000 0.600 0.600 0.000 0.400 0.000 0.600 0.600 0.600 0.400 0.000 0.600 0.600 0.600 0.400 0.000 0.600 0.600 0.600 18/03/1959
0.000 0.000 0.000 0.000 2.200 0.000 0.000 0.000 0.100 2.200 0.000 0.000 0.100 0.100 2.200 0.000 0.200 0.100 0.100 0.100 0.000 0.200 0.100 0.100 0.100 0.000 0.200 0.100 0.100 0.100 19/03/1959
0.000 0.000 0.000 1.000 3.100 0.000 0.000 0.000 1.700 3.100 0.000 0.000 1.700 1.700 3.100 0.000 0.000 1.700 1.700 1.700 0.000 0.000 1.700 1.700 1.700 0.000 0.000 1.700 1.700 1.700 20/03/1959
13.200 13.300 13.300 9.700 5.500 13.400 13.600 13.400 15.400 5.500 13.400 13.400 15.400 15.500 5.400 3.500 8.600 15.400 15.500 15.500 3.400 8.700 15.400 15.300 15.300 3.400 8.600 15.200 15.200 15.500 21/03/1959
1.400 1.400 1.500 0.900 0.200 1.500 1.500 1.500 0.600 0.100 1.500 1.500 0.600 0.600 0.100 7.200 0.100 0.600 0.600 0.600 7.100 0.100 0.600 0.600 0.600 7.000 0.100 0.600 0.600 0.600 22/03/1959
1.300 1.300 1.300 1.500 11.800 1.300 1.300 1.300 1.600 11.700 1.300 1.300 1.600 1.600 11.600 0.900 0.900 1.600 1.700 1.600 0.900 0.900 1.600 1.600 1.600 0.900 0.900 1.600 1.600 1.600 23/03/1959
0.000 0.000 0.000 0.200 6.500 0.000 0.000 0.000 0.200 6.400 0.000 0.000 0.200 0.200 6.400 0.100 0.900 0.200 0.200 0.200 0.100 0.900 0.200 0.200 0.200 0.100 0.800 0.200 0.200 0.200 24/03/1959
0.400 0.400 0.400 0.000 0.000 0.400 0.400 0.400 0.000 0.000 0.400 0.400 0.000 0.000 0.000 0.000 0.000 0.000 0.000 0.000 0.000 0.000 0.000 0.000 0.000 0.000 0.000 0.000 0.000 0.000 25/03/1959
0.200 0.200 0.200 0.000 0.000 0.200 0.200 0.200 0.900 0.000 0.200 0.200 0.900 0.900 0.000 0.300 0.100 0.900 0.900 0.900 0.300 0.100 0.900 0.900 0.900 0.300 0.100 0.900 0.900 0.900 26/03/1959
6.100 6.100 6.200 4.600 8.600 6.200 6.300 6.200 7.100 8.600 6.200 6.200 7.100 7.200 8.500 2.000 3.500 7.100 7.200 7.200 2.000 3.500 7.100 7.000 7.000 2.000 3.500 7.000 7.000 7.200 27/03/1959
5.100 5.200 5.200 5.100 5.300 5.200 5.300 5.200 1.200 5.300 5.200 5.200 1.200 1.200 5.200 4.800 4.200 1.200 1.200 1.200 4.800 4.300 1.200 1.200 1.200 4.700 4.200 1.100 1.100 1.200 28/03/1959
6.200 6.200 6.200 4.500 7.900 6.300 6.400 6.300 9.100 7.800 6.300 6.300 9.000 9.100 7.800 2.600 4.100 9.000 9.100 9.100 2.600 4.100 9.100 9.000 9.000 2.600 4.100 8.900 8.900 9.100 29/03/1959
8.400 8.500 8.500 8.400 9.800 8.600 8.600 8.600 15.000 9.800 8.500 8.500 14.900 15.000 9.700 9.400 4.300 14.900 15.100 15.100 9.300 4.400 15.000 14.900 14.900 9.200 4.300 14.700 14.800 15.100 30/03/1959
0.000 0.000 0.000 0.000 0.000 0.000 0.000 0.000 0.000 0.000 0.000 0.000 0.000 0.000 0.000 4.400 1.800 0.000 0.000 0.000 4.400 1.800 0.000 0.000 0.000 4.300 1.700 0.000 0.000 0.000 31/03/1959
0.000 0.000 0.000 0.000 0.000 0.000 0.000 0.000 0.000 0.000 0.000 0.000 0.000 0.000 0.000 0.000 0.000 0.000 0.000 0.000 0.000 0.000 0.000 0.000 0.000 0.000 0.000 0.000 0.000 0.000 01/04/1959
0.000 0.000 0.000 0.000 0.000 0.000 0.000 0.000 0.000 0.000 0.000 0.000 0.000 0.000 0.000 0.000 0.000 0.000 0.000 0.000 0.000 0.000 0.000 0.000 0.000 0.000 0.000 0.000 0.000 0.000 02/04/1959
0.000 0.000 0.000 0.000 0.000 0.000 0.000 0.000 0.000 0.000 0.000 0.000 0.000 0.000 0.000 0.000 0.000 0.000 0.000 0.000 0.000 0.000 0.000 0.000 0.000 0.000 0.000 0.000 0.000 0.000 03/04/1959
0.000 0.000 0.000 0.000 0.000 0.000 0.000 0.000 0.000 0.000 0.000 0.000 0.000 0.000 0.000 0.000 0.000 0.000 0.000 0.000 0.000 0.000 0.000 0.000 0.000 0.000 0.000 0.000 0.000 0.000 04/04/1959
0.000 0.000 0.000 0.000 0.000 0.000 0.000 0.000 0.000 0.000 0.000 0.000 0.000 0.000 0.000 0.000 0.000 0.000 0.000 0.000 0.000 0.000 0.000 0.000 0.000 0.000 0.000 0.000 0.000 0.000 05/04/1959
0.900 0.900 0.900 3.500 1.400 1.000 1.000 1.000 1.500 1.400 1.000 1.000 1.400 1.500 1.300 2.300 1.200 1.500 1.500 1.500 2.300 1.200 1.500 1.400 1.400 2.300 1.200 1.400 1.400 1.500 06/04/1959
2.100 2.100 2.100 4.500 3.100 2.100 2.200 2.100 2.900 3.100 2.100 2.100 2.900 2.900 3.100 1.400 0.900 2.900 2.900 2.900 1.400 0.900 2.900 2.900 2.900 1.400 0.900 2.900 2.900 2.900 07/04/1959
8.300 8.400 8.400 9.200 4.700 8.500 8.600 8.500 6.300 4.700 8.500 8.500 6.300 6.300 4.600 11.500 2.000 6.300 6.400 6.400 11.400 2.000 6.300 6.300 6.300 11.300 2.000 6.200 6.300 6.400 08/04/1959
22.400 22.600 22.700 12.500 12.100 22.800 23.100 22.800 9.000 12.000 22.800 22.800 9.000 9.100 11.900 17.600 14.400 9.000 9.200 9.200 17.400 14.500 9.000 8.900 8.900 17.200 14.400 8.800 8.800 9.200 09/04/1959
9.300 9.400 9.400 4.400 13.600 9.500 9.600 9.500 13.800 13.500 9.500 9.500 13.800 13.900 13.400 17.600 13.200 13.800 13.900 13.900 17.400 13.300 13.800 13.700 13.700 17.200 13.200 13.600 13.600 13.900 10/04/1959
1.900 1.900 2.000 0.600 2.300 2.000 2.000 2.000 1.000 2.300 2.000 2.000 1.000 1.000 2.200 1.500 0.400 1.000 1.000 1.000 1.500 0.400 1.000 1.000 1.000 1.500 0.400 1.000 1.000 1.000 11/04/1959
0.000 0.000 0.000 0.000 0.000 0.000 0.000 0.000 0.000 0.000 0.000 0.000 0.000 0.000 0.000 0.000 0.000 0.000 0.000 0.000 0.000 0.000 0.000 0.000 0.000 0.000 0.000 0.000 0.000 0.000 12/04/1959
0.000 0.000 0.000 0.000 0.000 0.000 0.000 0.000 0.500 0.000 0.000 0.000 0.500 0.500 0.000 0.000 0.000 0.500 0.500 0.500 0.000 0.000 0.500 0.500 0.500 0.000 0.000 0.500 0.500 0.500 13/04/1959
5.700 5.800 5.800 4.600 8.200 5.900 5.900 5.900 4.500 8.100 5.800 5.800 4.500 4.500 8.100 0.800 1.300 4.500 4.500 4.500 0.800 1.300 4.500 4.500 4.500 0.700 1.300 4.400 4.400 4.500 14/04/1959
7.500 7.600 7.600 7.000 12.400 7.700 7.800 7.700 10.500 12.300 7.700 7.700 10.500 10.600 12.200 10.000 11.300 10.500 10.600 10.600 9.900 11.300 10.500 10.500 10.500 9.800 11.200 10.400 10.400 10.600 15/04/1959
23.100 23.200 23.300 13.700 23.100 23.500 23.800 23.500 16.300 23.000 23.500 23.400 16.200 16.400 22.800 12.400 11.900 16.300 16.500 16.500 12.300 11.900 16.300 16.200 16.200 12.100 11.800 16.000 16.000 16.500 16/04/1959
1.200 1.300 1.300 1.800 8.400 1.300 1.300 1.300 2.400 8.300 1.300 1.300 2.400 2.500 8.300 2.600 2.800 2.400 2.500 2.500 2.600 2.800 2.400 2.400 2.400 2.600 2.800 2.400 2.400 2.500 17/04/1959
0.100 0.100 0.100 0.100 1.200 0.100 0.100 0.100 0.300 1.200 0.100 0.100 0.300 0.300 1.200 0.000 0.000 0.300 0.300 0.300 0.000 0.000 0.300 0.300 0.300 0.000 0.000 0.300 0.300 0.300 18/04/1959
0.000 0.000 0.000 0.000 0.000 0.000 0.000 0.000 0.000 0.000 0.000 0.000 0.000 0.000 0.000 0.000 0.000 0.000 0.000 0.000 0.000 0.000 0.000 0.000 0.000 0.000 0.000 0.000 0.000 0.000 19/04/1959
0.000 0.000 0.000 0.000 0.000 0.000 0.000 0.000 0.000 0.000 0.000 0.000 0.000 0.000 0.000 0.000 0.000 0.000 0.000 0.000 0.000 0.000 0.000 0.000 0.000 0.000 0.000 0.000 0.000 0.000 20/04/1959
0.000 0.000 0.000 0.000 0.000 0.000 0.000 0.000 0.000 0.000 0.000 0.000 0.000 0.000 0.000 0.000 0.000 0.000 0.000 0.000 0.000 0.000 0.000 0.000 0.000 0.000 0.000 0.000 0.000 0.000 21/04/1959
0.000 0.000 0.000 0.000 0.000 0.000 0.000 0.000 0.000 0.000 0.000 0.000 0.000 0.000 0.000 0.000 0.000 0.000 0.000 0.000 0.000 0.000 0.000 0.000 0.000 0.000 0.000 0.000 0.000 0.000 22/04/1959
0.000 0.000 0.000 0.000 0.000 0.000 0.000 0.000 0.000 0.000 0.000 0.000 0.000 0.000 0.000 0.000 0.000 0.000 0.000 0.000 0.000 0.000 0.000 0.000 0.000 0.000 0.000 0.000 0.000 0.000 23/04/1959
0.000 0.000 0.000 0.000 0.000 0.000 0.000 0.000 1.200 0.000 0.000 0.000 1.200 1.200 0.000 0.000 0.000 1.200 1.200 1.200 0.000 0.000 1.200 1.200 1.200 0.000 0.000 1.200 1.200 1.200 24/04/1959
13.600 13.700 13.800 11.100 10.100 13.900 14.000 13.900 13.100 10.100 13.900 13.800 13.000 13.100 10.000 9.100 6.400 13.000 13.200 13.200 9.000 6.400 13.100 13.000 13.000 8.900 6.300 12.800 12.900 13.200 25/04/1959
2.300 2.300 2.300 4.900 2.100 2.300 2.300 2.300 2.000 2.100 2.300 2.300 2.000 2.000 2.100 1.900 3.400 2.000 2.100 2.100 1.900 3.400 2.000 2.000 2.000 1.900 3.400 2.000 2.000 2.100 26/04/1959
8.400 8.500 8.500 5.100 12.400 8.600 8.700 8.600 16.500 12.300 8.600 8.500 16.400 16.600 12.200 10.800 13.700 16.400 16.600 16.600 10.700 13.700 16.500 16.400 16.400 10.600 13.600 16.200 16.200 16.600 27/04/1959
9.500 9.500 9.600 12.900 6.700 9.700 9.800 9.700 10.900 6.700 9.600 9.600 10.900 10.900 6.600 12.600 13.600 10.900 11.000 11.000 12.500 13.600 10.900 10.900 10.900 12.400 13.500 10.800 10.800 11.000 28/04/1959
6.500 6.500 6.600 16.800 19.800 6.600 6.700 6.600 12.000 19.700 6.600 6.600 11.900 12.100 19.600 9.300 9.500 11.900 12.100 12.100 9.200 9.500 12.000 11.900 11.900 9.100 9.400 11.700 11.800 12.100 29/04/1959
5.300 5.300 5.400 5.600 6.100 5.400 5.500 5.400 1.000 6.000 5.400 5.400 1.000 1.000 6.000 1.700 1.300 1.000 1.000 1.000 1.700 1.300 1.000 1.000 1.000 1.700 1.300 1.000 1.000 1.000 30/04/1959
0.000 0.000 0.000 0.500 1.100 0.000 0.000 0.000 0.400 1.100 0.000 0.000 0.400 0.400 1.100 0.000 0.000 0.400 0.400 0.400 0.000 0.000 0.400 0.400 0.400 0.000 0.000 0.400 0.400 0.400 01/05/1959
0.900 0.900 0.900 0.200 0.000 0.900 0.900 0.900 0.300 0.000 0.900 0.900 0.300 0.400 0.000 0.100 0.700 0.300 0.400 0.400 0.100 0.700 0.300 0.300 0.300 0.100 0.700 0.300 0.300 0.400 02/05/1959
0.000 0.000 0.000 0.000 0.000 0.000 0.000 0.000 0.000 0.000 0.000 0.000 0.000 0.000 0.000 0.000 0.000 0.000 0.000 0.000 0.000 0.000 0.000 0.000 0.000 0.000 0.000 0.000 0.000 0.000 03/05/1959
0.000 0.000 0.000 0.000 0.000 0.000 0.000 0.000 0.000 0.000 0.000 0.000 0.000 0.000 0.000 0.000 0.000 0.000 0.000 0.000 0.000 0.000 0.000 0.000 0.000 0.000 0.000 0.000 0.000 0.000 04/05/1959
0.000 0.000 0.000 0.000 0.000 0.000 0.000 0.000 0.000 0.000 0.000 0.000 0.000 0.000 0.000 0.000 0.000 0.000 0.000 0.000 0.000 0.000 0.000 0.000 0.000 0.000 0.000 0.000 0.000 0.000 05/05/1959
0.000 0.000 0.000 0.500 0.000 0.000 0.000 0.000 0.000 0.000 0.000 0.000 0.000 0.000 0.000 0.000 0.000 0.000 0.000 0.000 0.000 0.000 0.000 0.000 0.000 0.000 0.000 0.000 0.000 0.000 06/05/1959
0.000 0.000 0.000 0.000 0.000 0.000 0.000 0.000 0.000 0.000 0.000 0.000 0.000 0.000 0.000 0.000 0.000 0.000 0.000 0.000 0.000 0.000 0.000 0.000 0.000 0.000 0.000 0.000 0.000 0.000 07/05/1959
0.000 0.000 0.000 0.000 0.000 0.000 0.000 0.000 0.000 0.000 0.000 0.000 0.000 0.000 0.000 0.000 0.000 0.000 0.000 0.000 0.000 0.000 0.000 0.000 0.000 0.000 0.000 0.000 0.000 0.000 08/05/1959
0.000 0.000 0.000 2.900 0.000 0.000 0.000 0.000 0.000 0.000 0.000 0.000 0.000 0.000 0.000 0.000 0.000 0.000 0.000 0.000 0.000 0.000 0.000 0.000 0.000 0.000 0.000 0.000 0.000 0.000 09/05/1959
5.100 5.100 5.100 0.800 2.800 5.200 5.200 5.200 1.300 2.800 5.200 5.200 1.300 1.300 2.700 0.000 0.100 1.300 1.300 1.300 0.000 0.100 1.300 1.300 1.300 0.000 0.100 1.300 1.300 1.300 10/05/1959
24.200 24.300 24.500 6.400 2.500 24.600 24.900 24.600 5.900 2.400 24.600 24.600 5.900 5.900 2.400 17.000 7.700 5.900 5.900 5.900 16.900 7.700 5.900 5.900 5.900 16.700 7.700 5.900 5.900 5.900 11/05/1959
1.000 1.000 1.000 1.100 1.900 1.000 1.100 1.000 1.200 1.800 1.000 1.000 1.200 1.200 1.800 0.000 0.100 1.200 1.200 1.200 0.000 0.100 1.200 1.200 1.200 0.000 0.100 1.100 1.100 1.200 12/05/1959
1.800 1.800 1.800 1.400 0.100 1.800 1.900 1.800 0.600 0.100 1.800 1.800 0.600 0.600 0.100 0.500 0.100 0.600 0.600 0.600 0.500 0.100 0.600 0.600 0.600 0.500 0.100 0.600 0.600 0.600 13/05/1959
0.000 0.000 0.000 0.000 0.000 0.000 0.000 0.000 0.000 0.000 0.000 0.000 0.000 0.000 0.000 0.000 0.000 0.000 0.000 0.000 0.000 0.000 0.000 0.000 0.000 0.000 0.000 0.000 0.000 0.000 14/05/1959
0.000 0.000 0.000 0.000 0.000 0.000 0.000 0.000 0.000 0.000 0.000 0.000 0.000 0.000 0.000 0.000 0.000 0.000 0.000 0.000 0.000 0.000 0.000 0.000 0.000 0.000 0.000 0.000 0.000 0.000 15/05/1959
0.000 0.000 0.000 0.000 0.000 0.000 0.000 0.000 0.000 0.000 0.000 0.000 0.000 0.000 0.000 0.000 0.000 0.000 0.000 0.000 0.000 0.000 0.000 0.000 0.000 0.000 0.000 0.000 0.000 0.000 16/05/1959
0.000 0.000 0.000 2.600 0.000 0.000 0.000 0.000 0.200 0.000 0.000 0.000 0.200 0.200 0.000 0.500 0.200 0.200 0.200 0.200 0.500 0.200 0.200 0.200 0.200 0.500 0.200 0.200 0.200 0.200 17/05/1959
3.600 3.600 3.600 2.800 6.800 3.600 3.700 3.600 10.900 6.800 3.600 3.600 10.800 10.900 6.700 3.600 26.700 10.800 11.000 11.000 3.600 26.800 10.900 10.800 10.800 3.600 26.600 10.700 10.700 11.000 18/05/1959
1.300 1.300 1.300 4.400 2.900 1.300 1.300 1.300 1.200 2.900 1.300 1.300 1.200 1.200 2.900 1.700 0.200 1.200 1.200 1.200 1.700 0.200 1.200 1.200 1.200 1.700 0.200 1.200 1.200 1.200 19/05/1959
2.700 2.700 2.700 2.300 1.000 2.700 2.800 2.700 1.800 1.000 2.700 2.700 1.800 1.800 1.000 8.100 4.500 1.800 1.800 1.800 8.000 4.500 1.800 1.800 1.800 7.900 4.500 1.800 1.800 1.800 20/05/1959
4.600 4.600 4.600 2.400 7.400 4.700 4.700 4.700 5.500 7.400 4.700 4.600 5.400 5.500 7.300 8.800 8.500 5.500 5.500 5.500 8.700 8.600 5.500 5.400 5.400 8.600 8.500 5.400 5.400 5.500 21/05/1959
6.700 6.800 6.800 8.700 9.400 6.900 6.900 6.900 10.400 9.300 6.900 6.900 10.300 10.400 9.200 6.700 7.500 10.300 10.500 10.500 6.600 7.500 10.400 10.300 10.300 6.500 7.500 10.200 10.200 10.500 22/05/1959
3.500 3.500 3.500 1.000 5.100 3.500 3.600 3.500 1.200 5.000 3.500 3.500 1.200 1.200 5.000 4.400 9.000 1.200 1.200 1.200 4.300 9.000 1.200 1.200 1.200 4.300 8.900 1.200 1.200 1.200 23/05/1959
0.000 0.000 0.000 0.000 0.000 0.000 0.000 0.000 5.300 0.000 0.000 0.000 5.200 5.300 0.000 0.000 0.000 5.300 5.300 5.300 0.000 0.000 5.300 5.200 5.200 0.000 0.000 5.200 5.200 5.300 24/05/1959
0.200 0.200 0.200 0.000 1.500 0.200 0.200 0.200 1.200 1.500 0.200 0.200 1.200 1.200 1.500 2.800 8.600 1.200 1.200 1.200 2.800 8.600 1.200 1.200 1.200 2.700 8.600 1.200 1.200 1.200 25/05/1959
0.100 0.100 0.100 3.600 1.400 0.100 0.100 0.100 1.100 1.400 0.100 0.100 1.100 1.100 1.400 0.000 0.000 1.100 1.100 1.100 0.000 0.000 1.100 1.100 1.100 0.000 0.000 1.000 1.100 1.100 26/05/1959
0.000 0.000 0.000 0.000 0.000 0.000 0.000 0.000 0.000 0.000 0.000 0.000 0.000 0.000 0.000 0.000 0.000 0.000 0.000 0.000 0.000 0.000 0.000 0.000 0.000 0.000 0.000 0.000 0.000 0.000 27/05/1959
0.000 0.000 0.000 0.000 0.000 0.000 0.000 0.000 0.000 0.000 0.000 0.000 0.000 0.000 0.000 0.000 0.000 0.000 0.000 0.000 0.000 0.000 0.000 0.000 0.000 0.000 0.000 0.000 0.000 0.000 28/05/1959
0.000 0.000 0.000 0.000 0.000 0.000 0.000 0.000 0.000 0.000 0.000 0.000 0.000 0.000 0.000 0.000 0.000 0.000 0.000 0.000 0.000 0.000 0.000 0.000 0.000 0.000 0.000 0.000 0.000 0.000 29/05/1959
0.000 0.000 0.000 0.000 0.000 0.000 0.000 0.000 0.000 0.000 0.000 0.000 0.000 0.000 0.000 0.000 0.000 0.000 0.000 0.000 0.000 0.000 0.000 0.000 0.000 0.000 0.000 0.000 0.000 0.000 30/05/1959
0.000 0.000 0.000 0.000 0.000 0.000 0.000 0.000 0.000 0.000 0.000 0.000 0.000 0.000 0.000 0.000 0.000 0.000 0.000 0.000 0.000 0.000 0.000 0.000 0.000 0.000 0.000 0.000 0.000 0.000 31/05/1959
0.000 0.000 0.000 0.000 0.000 0.000 0.000 0.000 0.000 0.000 0.000 0.000 0.000 0.000 0.000 0.000 0.000 0.000 0.000 0.000 0.000 0.000 0.000 0.000 0.000 0.000 0.000 0.000 0.000 0.000 01/06/1959
0.000 0.000 0.000 0.000 0.000 0.000 0.000 0.000 0.000 0.000 0.000 0.000 0.000 0.000 0.000 0.000 0.000 0.000 0.000 0.000 0.000 0.000 0.000 0.000 0.000 0.000 0.000 0.000 0.000 0.000 02/06/1959
0.000 0.000 0.000 0.000 0.000 0.000 0.000 0.000 0.000 0.000 0.000 0.000 0.000 0.000 0.000 0.300 0.000 0.000 0.000 0.000 0.300 0.000 0.000 0.000 0.000 0.300 0.000 0.000 0.000 0.000 03/06/1959
14.000 14.100 14.100 23.800 18.000 14.200 14.400 14.200 19.100 17.900 14.200 14.200 19.100 19.200 17.700 16.400 19.300 19.100 19.300 19.300 16.200 19.300 19.100 19.000 19.000 16.000 19.200 18.800 18.900 19.300 04/06/1959
0.100 0.100 0.100 4.100 5.800 0.100 0.100 0.100 3.200 5.700 0.100 0.100 3.200 3.200 5.700 0.000 0.500 3.200 3.200 3.200 0.000 0.500 3.200 3.100 3.100 0.000 0.500 3.100 3.100 3.200 05/06/1959
1.600 1.600 1.700 0.100 5.100 1.700 1.700 1.700 2.400 5.100 1.700 1.700 2.400 2.400 5.000 1.700 0.400 2.400 2.400 2.400 1.700 0.400 2.400 2.400 2.400 1.700 0.400 2.300 2.300 2.400 06/06/1959
0.000 0.000 0.000 0.000 0.200 0.000 0.000 0.000 0.600 0.200 0.000 0.000 0.600 0.600 0.200 0.000 0.000 0.600 0.600 0.600 0.000 0.000 0.600 0.600 0.600 0.000 0.000 0.600 0.600 0.600 07/06/1959
1.000 1.100 1.100 1.200 2.000 1.100 1.100 1.100 1.000 2.000 1.100 1.100 1.000 1.000 1.900 1.100 0.500 1.000 1.000 1.000 1.100 0.500 1.000 1.000 1.000 1.100 0.500 0.900 0.900 1.000 08/06/1959
0.200 0.200 0.200 0.200 1.500 0.200 0.200 0.200 0.600 1.500 0.200 0.200 0.600 0.600 1.500 0.600 0.100 0.600 0.600 0.600 0.600 0.100 0.600 0.600 0.600 0.600 0.100 0.600 0.600 0.600 09/06/1959
0.000 0.000 0.000 0.000 0.000 0.000 0.000 0.000 0.000 0.000 0.000 0.000 0.000 0.000 0.000 0.000 0.000 0.000 0.000 0.000 0.000 0.000 0.000 0.000 0.000 0.000 0.000 0.000 0.000 0.000 10/06/1959
0.000 0.000 0.000 0.000 0.000 0.000 0.000 0.000 0.000 0.000 0.000 0.000 0.000 0.000 0.000 0.000 0.000 0.000 0.000 0.000 0.000 0.000 0.000 0.000 0.000 0.000 0.000 0.000 0.000 0.000 11/06/1959
0.000 0.000 0.000 0.000 0.000 0.000 0.000 0.000 0.000 0.000 0.000 0.000 0.000 0.000 0.000 0.000 0.000 0.000 0.000 0.000 0.000 0.000 0.000 0.000 0.000 0.000 0.000 0.000 0.000 0.000 12/06/1959
0.000 0.000 0.000 0.000 0.000 0.000 0.000 0.000 0.000 0.000 0.000 0.000 0.000 0.000 0.000 0.000 0.000 0.000 0.000 0.000 0.000 0.000 0.000 0.000 0.000 0.000 0.000 0.000 0.000 0.000 13/06/1959
0.000 0.000 0.000 0.000 0.000 0.000 0.000 0.000 0.000 0.000 0.000 0.000 0.000 0.000 0.000 0.000 0.000 0.000 0.000 0.000 0.000 0.000 0.000 0.000 0.000 0.000 0.000 0.000 0.000 0.000 14/06/1959
0.000 0.000 0.000 0.000 0.000 0.000 0.000 0.000 0.000 0.000 0.000 0.000 0.000 0.000 0.000 0.000 0.000 0.000 0.000 0.000 0.000 0.000 0.000 0.000 0.000 0.000 0.000 0.000 0.000 0.000 15/06/1959
0.000 0.000 0.000 0.000 0.000 0.000 0.000 0.000 0.000 0.000 0.000 0.000 0.000 0.000 0.000 0.000 0.000 0.000 0.000 0.000 0.000 0.000 0.000 0.000 0.000 0.000 0.000 0.000 0.000 0.000 16/06/1959
0.000 0.000 0.000 0.000 1.900 0.000 0.000 0.000 0.200 1.800 0.000 0.000 0.200 0.200 1.700 0.100 7.400 0.200 0.200 0.200 0.100 7.400 0.200 0.100 0.100 0.100 7.400 0.100 0.100 0.200 17/06/1959
0.000 0.000 0.000 0.000 0.000 0.000 0.000 0.000 0.100 0.000 0.000 0.000 0.100 0.100 0.000 0.500 0.200 0.100 0.100 0.100 0.500 0.200 0.100 0.100 0.100 0.500 0.200 0.100 0.100 0.100 18/06/1959
0.000 0.000 0.000 0.000 0.000 0.000 0.000 0.000 0.000 0.000 0.000 0.000 0.000 0.000 0.000 0.400 3.400 0.000 0.000 0.000 0.400 3.400 0.000 0.000 0.000 0.400 3.300 0.000 0.000 0.000 19/06/1959
10.000 10.100 10.100 16.200 0.000 10.200 10.300 10.200 0.000 0.000 10.200 10.200 0.000 0.000 0.000 0.000 0.000 0.000 0.000 0.000 0.000 0.000 0.000 0.000 0.000 0.000 0.000 0.000 0.000 0.000 20/06/1959
0.000 0.000 0.000 0.100 0.600 0.000 0.000 0.000 0.600 0.600 0.000 0.000 0.600 0.600 0.600 0.000 0.000 0.600 0.600 0.600 0.000 0.000 0.600 0.600 0.600 0.000 0.000 0.600 0.600 0.600 21/06/1959
0.000 0.000 0.000 0.000 0.000 0.000 0.000 0.000 0.000 0.000 0.000 0.000 0.000 0.000 0.000 0.000 0.000 0.000 0.000 0.000 0.000 0.000 0.000 0.000 0.000 0.000 0.000 0.000 0.000 0.000 22/06/1959
0.400 0.400 0.400 0.000 2.500 0.400 0.400 0.400 1.200 2.400 0.400 0.400 1.200 1.200 2.400 0.000 0.000 1.200 1.200 1.200 0.000 0.000 1.200 1.200 1.200 0.000 0.000 1.200 1.200 1.200 23/06/1959
0.000 0.000 0.000 0.000 1.100 0.000 0.000 0.000 0.000 1.100 0.000 0.000 0.000 0.000 1.100 0.000 0.000 0.000 0.000 0.000 0.000 0.000 0.000 0.000 0.000 0.000 0.000 0.000 0.000 0.000 24/06/1959
0.000 0.000 0.000 0.000 4.900 0.000 0.000 0.000 1.000 4.900 0.000 0.000 1.000 1.000 4.900 0.000 1.800 1.000 1.000 1.000 0.000 1.800 1.000 1.000 1.000 0.000 1.800 1.000 1.000 1.000 25/06/1959
0.000 0.000 0.000 0.000 0.000 0.000 0.000 0.000 0.000 0.000 0.000 0.000 0.000 0.000 0.000 0.000 0.000 0.000 0.000 0.000 0.000 0.000 0.000 0.000 0.000 0.000 0.000 0.000 0.000 0.000 26/06/1959
0.500 0.500 0.500 0.000 0.100 0.500 0.500 0.500 0.900 0.100 0.500 0.500 0.900 0.900 0.100 0.000 0.000 0.900 0.900 0.900 0.000 0.000 0.900 0.900 0.900 0.000 0.000 0.900 0.900 0.900 27/06/1959
4.800 4.800 4.800 8.900 7.800 4.900 4.900 4.900 6.100 7.800 4.900 4.900 6.000 6.100 7.700 4.600 3.500 6.100 6.100 6.100 4.500 3.500 6.100 6.000 6.000 4.500 3.500 5.900 6.000 6.100 28/06/1959
1.000 1.000 1.000 14.700 3.100 1.000 1.000 1.000 3.500 3.000 1.000 1.000 3.500 3.600 3.000 4.900 3.900 3.500 3.600 3.600 4.800 3.900 3.500 3.500 3.500 4.800 3.900 3.500 3.500 3.600 29/06/1959
0.100 0.100 0.100 0.000 1.100 0.100 0.100 0.100 1.400 1.100 0.100 0.100 1.400 1.400 1.100 0.500 0.000 1.400 1.400 1.400 0.500 0.000 1.400 1.400 1.400 0.500 0.000 1.400 1.400 1.400 30/06/1959
0.000 0.000 0.000 0.000 0.000 0.000 0.000 0.000 0.000 0.000 0.000 0.000 0.000 0.000 0.000 0.000 0.000 0.000 0.000 0.000 0.000 0.000 0.000 0.000 0.000 0.000 0.000 0.000 0.000 0.000 01/07/1959
0.000 0.000 0.000 0.000 0.000 0.000 0.000 0.000 0.000 0.000 0.000 0.000 0.000 0.000 0.000 0.000 0.000 0.000 0.000 0.000 0.000 0.000 0.000 0.000 0.000 0.000 0.000 0.000 0.000 0.000 02/07/1959
0.000 0.000 0.000 0.000 0.000 0.000 0.000 0.000 0.000 0.000 0.000 0.000 0.000 0.000 0.000 0.000 0.000 0.000 0.000 0.000 0.000 0.000 0.000 0.000 0.000 0.000 0.000 0.000 0.000 0.000 03/07/1959
0.000 0.000 0.000 0.000 0.000 0.000 0.000 0.000 0.000 0.000 0.000 0.000 0.000 0.000 0.000 0.000 0.000 0.000 0.000 0.000 0.000 0.000 0.000 0.000 0.000 0.000 0.000 0.000 0.000 0.000 04/07/1959
0.000 0.000 0.000 0.000 0.000 0.000 0.000 0.000 0.000 0.000 0.000 0.000 0.000 0.000 0.000 0.000 0.000 0.000 0.000 0.000 0.000 0.000 0.000 0.000 0.000 0.000 0.000 0.000 0.000 0.000 05/07/1959
0.000 0.000 0.000 0.000 0.000 0.000 0.000 0.000 0.000 0.000 0.000 0.000 0.000 0.000 0.000 0.000 0.000 0.000 0.000 0.000 0.000 0.000 0.000 0.000 0.000 0.000 0.000 0.000 0.000 0.000 06/07/1959
0.000 0.000 0.000 0.000 0.000 0.000 0.000 0.000 0.000 0.000 0.000 0.000 0.000 0.000 0.000 0.000 0.000 0.000 0.000 0.000 0.000 0.000 0.000 0.000 0.000 0.000 0.000 0.000 0.000 0.000 07/07/1959
0.000 0.000 0.000 0.000 0.000 0.000 0.000 0.000 0.000 0.000 0.000 0.000 0.000 0.000 0.000 0.000 0.000 0.000 0.000 0.000 0.000 0.000 0.000 0.000 0.000 0.000 0.000 0.000 0.000 0.000 08/07/1959
0.000 0.000 0.000 0.000 0.000 0.000 0.000 0.000 0.000 0.000 0.000 0.000 0.000 0.000 0.000 0.000 0.000 0.000 0.000 0.000 0.000 0.000 0.000 0.000 0.000 0.000 0.000 0.000 0.000 0.000 09/07/1959
0.000 0.000 0.000 0.100 0.100 0.000 0.000 0.000 0.100 0.100 0.000 0.000 0.100 0.100 0.100 0.000 0.000 0.100 0.100 0.100 0.000 0.000 0.100 0.100 0.100 0.000 0.000 0.100 0.100 0.100 10/07/1959
0.000 0.000 0.000 0.000 0.000 0.000 0.000 0.000 0.000 0.000 0.000 0.000 0.000 0.000 0.000 0.000 0.000 0.000 0.000 0.000 0.000 0.000 0.000 0.000 0.000 0.000 0.000 0.000 0.000 0.000 11/07/1959
0.000 0.000 0.000 0.000 0.000 0.000 0.000 0.000 0.000 0.000 0.000 0.000 0.000 0.000 0.000 0.000 0.000 0.000 0.000 0.000 0.000 0.000 0.000 0.000 0.000 0.000 0.000 0.000 0.000 0.000 12/07/1959
0.000 0.000 0.000 0.000 0.000 0.000 0.000 0.000 0.000 0.000 0.000 0.000 0.000 0.000 0.000 0.000 0.000 0.000 0.000 0.000 0.000 0.000 0.000 0.000 0.000 0.000 0.000 0.000 0.000 0.000 13/07/1959
0.000 0.000 0.000 0.000 0.900 0.000 0.000 0.000 0.400 0.900 0.000 0.000 0.400 0.400 0.900 0.000 0.000 0.400 0.400 0.400 0.000 0.000 0.400 0.400 0.400 0.000 0.000 0.400 0.400 0.400 14/07/1959
0.000 0.000 0.000 0.000 0.000 0.000 0.000 0.000 0.000 0.000 0.000 0.000 0.000 0.000 0.000 0.000 0.000 0.000 0.000 0.000 0.000 0.000 0.000 0.000 0.000 0.000 0.000 0.000 0.000 0.000 15/07/1959
0.000 0.000 0.000 0.000 0.000 0.000 0.000 0.000 0.000 0.000 0.000 0.000 0.000 0.000 0.000 0.000 0.000 0.000 0.000 0.000 0.000 0.000 0.000 0.000 0.000 0.000 0.000 0.000 0.000 0.000 16/07/1959
0.000 0.000 0.000 0.000 0.000 0.000 0.000 0.000 0.000 0.000 0.000 0.000 0.000 0.000 0.000 0.000 0.000 0.000 0.000 0.000 0.000 0.000 0.000 0.000 0.000 0.000 0.000 0.000 0.000 0.000 17/07/1959
0.000 0.000 0.000 0.000 0.000 0.000 0.000 0.000 0.000 0.000 0.000 0.000 0.000 0.000 0.000 0.000 0.000 0.000 0.000 0.000 0.000 0.000 0.000 0.000 0.000 0.000 0.000 0.000 0.000 0.000 18/07/1959
0.000 0.000 0.000 0.000 0.000 0.000 0.000 0.000 0.000 0.000 0.000 0.000 0.000 0.000 0.000 0.000 0.000 0.000 0.000 0.000 0.000 0.000 0.000 0.000 0.000 0.000 0.000 0.000 0.000 0.000 19/07/1959
0.000 0.000 0.000 0.000 0.000 0.000 0.000 0.000 0.000 0.000 0.000 0.000 0.000 0.000 0.000 1.900 0.000 0.000 0.000 0.000 1.900 0.000 0.000 0.000 0.000 1.900 0.000 0.000 0.000 0.000 20/07/1959
2.300 2.300 2.300 0.200 0.000 2.300 2.300 2.300 1.900 0.000 2.300 2.300 1.900 1.900 0.000 0.100 0.000 1.900 1.900 1.900 0.100 0.000 1.900 1.900 1.900 0.100 0.000 1.800 1.900 1.900 21/07/1959
0.200 0.200 0.200 0.200 1.800 0.200 0.200 0.200 1.100 1.700 0.200 0.200 1.100 1.100 1.700 2.800 4.400 1.100 1.100 1.100 2.800 4.400 1.100 1.100 1.100 2.700 4.400 1.100 1.100 1.100 22/07/1959
1.000 1.000 1.000 2.200 2.200 1.000 1.000 1.000 0.900 2.200 1.000 1.000 0.900 0.900 2.200 8.600 0.400 0.900 0.900 0.900 8.500 0.400 0.900 0.900 0.900 8.400 0.400 0.900 0.900 0.900 23/07/1959
5.000 5.000 5.100 7.200 0.000 5.100 5.200 5.100 0.000 0.000 5.100 5.100 0.000 0.000 0.000 0.000 0.000 0.000 0.000 0.000 0.000 0.000 0.000 0.000 0.000 0.000 0.000 0.000 0.000 0.000 24/07/1959
0.000 0.000 0.000 4.100 5.600 0.000 0.000 0.000 1.700 5.600 0.000 0.000 1.700 1.700 5.500 11.100 6.500 1.700 1.700 1.700 11.000 6.500 1.700 1.700 1.700 10.900 6.500 1.700 1.700 1.700 25/07/1959
0.000 0.000 0.000 0.000 0.000 0.000 0.000 0.000 0.000 0.000 0.000 0.000 0.000 0.000 0.000 0.000 0.000 0.000 0.000 0.000 0.000 0.000 0.000 0.000 0.000 0.000 0.000 0.000 0.000 0.000 26/07/1959
0.000 0.000 0.000 0.000 0.000 0.000 0.000 0.000 0.700 0.000 0.000 0.000 0.700 0.700 0.000 0.000 0.000 0.700 0.700 0.700 0.000 0.000 0.700 0.700 0.700 0.000 0.000 0.700 0.700 0.700 27/07/1959
0.100 0.100 0.100 0.000 1.100 0.100 0.100 0.100 1.800 1.100 0.100 0.100 1.800 1.800 1.100 3.800 0.000 1.800 1.800 1.800 3.800 0.000 1.800 1.800 1.800 3.800 0.000 1.800 1.800 1.800 28/07/1959
7.500 7.600 7.600 3.600 8.100 7.700 7.800 7.700 9.300 8.000 7.700 7.700 9.300 9.400 8.000 5.500 6.000 9.300 9.500 9.400 5.400 6.000 9.300 9.300 9.300 5.400 6.000 9.100 9.200 9.500 29/07/1959
2.900 2.900 2.900 2.300 2.600 2.900 3.000 2.900 12.300 2.600 2.900 2.900 12.300 12.400 2.600 5.600 8.000 12.300 12.400 12.400 5.600 8.000 12.300 12.300 12.300 5.500 8.000 12.100 12.200 12.400 30/07/1959
0.000 0.000 0.000 0.000 3.300 0.000 0.000 0.000 1.600 3.300 0.000 0.000 1.600 1.600 3.200 0.000 0.000 1.600 1.600 1.600 0.000 0.000 1.600 1.600 1.600 0.000 0.000 1.600 1.600 1.600 31/07/1959
