# 6448 6449 6450 6451 6452 6528 6529 6530 6531 6532 6610 6611 6612 6613 6614 6693 6694 6695 6696 6697 6776 6777 6778 6779 6780 6859 6860 6861 6862 6863 Date
25.200 25.200 25.200 24.900 24.700 25.200 25.200 25.200 25.100 24.700 25.200 25.200 25.100 25.100 24.700 25.400 25.300 25.100 25.100 25.100 25.500 25.300 25.100 25.100 25.100 25.500 25.300 25.100 25.100 25.100 01/08/1975
27.900 27.800 27.800 27.200 27.100 27.800 27.700 27.800 27.600 27.200 27.800 27.800 27.600 27.600 27.200 28.400 28.300 27.600 27.600 27.600 28.500 28.300 27.600 27.600 27.600 28.500 28.300 27.700 27.700 27.600 02/08/1975
29.200 29.200 29.200 28.400 28.400 29.100 29.100 29.100 28.900 28.500 29.100 29.100 28.900 28.900 28.600 29.500 29.200 28.900 28.800 28.900 29.500 29.200 28.900 29.000 29.000 29.600 29.300 29.000 29.000 28.800 03/08/1975
28.600 28.500 28.500 28.400 28.200 28.500 28.400 28.500 28.500 28.200 28.500 28.500 28.500 28.500 28.300 28.500 28.400 28.500 28.500 28.500 28.500 28.400 28.500 28.600 28.600 28.500 28.400 28.600 28.600 28.500 04/08/1975
23.600 23.500 23.500 23.100 23.300 23.400 23.300 23.400 23.800 23.400 23.400 23.400 23.900 23.800 23.500 23.700 23.900 23.800 23.700 23.800 23.700 23.900 23.800 23.900 23.900 23.800 23.900 24.000 24.000 23.700 05/08/1975
25.800 25.800 25.700 25.400 25.400 25.700 25.600 25.700 25.800 25.400 25.700 25.700 25.800 25.800 25.500 25.600 25.700 25.800 25.700 25.700 25.700 25.600 25.800 25.900 25.900 25.700 25.700 26.000 25.900 25.700 06/08/1975
26.800 26.800 26.800 26.600 26.500 26.800 26.700 26.800 26.800 26.500 26.800 26.800 26.800 26.800 26.600 26.800 26.800 26.800 26.800 26.800 26.800 26.800 26.800 26.800 26.800 26.800 26.800 26.900 26.900 26.800 07/08/1975
23.600 23.600 23.500 23.100 24.000 23.400 23.300 23.400 24.300 24.000 23.400 23.400 24.400 24.300 24.100 23.800 24.300 24.300 24.300 24.300 24.000 24.300 24.300 24.400 24.400 24.200 24.400 24.500 24.400 24.300 08/08/1975
19.800 19.700 19.600 19.200 18.500 19.400 19.300 19.400 19.200 18.700 19.500 19.500 19.300 19.100 18.800 18.900 18.800 19.200 19.000 19.000 19.100 18.800 19.200 19.300 19.300 19.400 18.900 19.500 19.500 19.000 09/08/1975
18.000 18.000 18.000 17.700 17.300 18.000 17.900 18.000 17.900 17.400 18.000 18.000 18.000 17.800 17.600 17.900 18.000 18.000 17.800 17.800 17.900 17.900 17.900 18.100 18.100 18.000 18.000 18.300 18.200 17.800 10/08/1975
17.800 17.800 17.800 17.800 17.600 17.700 17.700 17.700 17.800 17.700 17.700 17.800 17.800 17.700 17.800 17.900 17.900 17.800 17.700 17.700 17.900 17.900 17.800 17.800 17.800 18.000 17.900 17.900 17.900 17.700 11/08/1975
19.900 19.900 19.800 19.900 19.400 19.800 19.700 19.800 19.900 19.500 19.800 19.800 20.000 19.800 19.700 19.400 19.400 20.000 19.700 19.700 19.400 19.400 19.900 20.100 20.100 19.500 19.500 20.300 20.200 19.700 12/08/1975
22.200 22.100 22.100 21.800 21.500 22.000 21.900 22.000 22.000 21.600 22.000 22.000 22.100 21.900 21.700 21.900 22.100 22.000 21.900 21.900 22.000 22.100 22.000 22.100 22.100 22.100 22.200 22.300 22.200 21.900 13/08/1975
23.200 23.100 23.100 22.700 22.500 23.000 23.000 23.000 23.000 22.600 23.100 23.100 23.100 23.000 22.700 23.400 23.500 23.000 22.900 22.900 23.400 23.500 23.000 23.100 23.100 23.500 23.500 23.200 23.200 22.900 14/08/1975
20.300 20.200 20.100 20.400 19.800 20.000 19.900 20.000 20.600 19.900 20.100 20.100 20.700 20.600 20.100 20.200 20.700 20.700 20.500 20.500 20.400 20.700 20.600 20.800 20.800 20.600 20.800 20.900 20.900 20.500 15/08/1975
19.200 19.100 19.100 18.900 18.300 18.900 18.800 18.900 18.900 18.400 19.000 19.000 19.000 18.800 18.600 18.800 18.900 18.900 18.700 18.800 18.900 18.800 18.900 19.000 19.000 19.100 19.000 19.200 19.200 18.800 16/08/1975
19.800 19.700 19.600 18.900 18.800 19.500 19.300 19.500 19.600 18.900 19.500 19.500 19.700 19.500 19.100 19.200 19.500 19.600 19.400 19.400 19.400 19.500 19.600 19.700 19.700 19.600 19.600 19.900 19.900 19.400 17/08/1975
18.700 18.600 18.600 18.000 17.700 18.500 18.300 18.500 18.300 17.800 18.500 18.500 18.400 18.200 18.000 18.600 18.600 18.400 18.100 18.200 18.800 18.600 18.300 18.500 18.500 18.900 18.700 18.700 18.600 18.200 18/08/1975
20.700 20.600 20.500 20.100 19.600 20.400 20.200 20.400 20.000 19.700 20.400 20.500 20.100 19.900 19.900 20.600 20.300 20.000 19.800 19.800 20.800 20.300 20.000 20.100 20.100 21.000 20.400 20.300 20.300 19.800 19/08/1975
23.900 23.800 23.700 23.200 23.300 23.600 23.400 23.600 23.900 23.400 23.600 23.700 23.900 23.800 23.500 23.800 24.100 23.900 23.700 23.700 24.000 24.100 23.900 24.000 24.000 24.200 24.200 24.100 24.100 23.700 20/08/1975
19.000 18.900 18.800 18.400 18.000 18.700 18.600 18.700 18.600 18.000 18.700 18.800 18.700 18.600 18.200 18.800 18.900 18.600 18.500 18.500 18.900 18.800 18.600 18.700 18.700 19.100 18.900 18.800 18.800 18.500 21/08/1975
16.400 16.300 16.300 16.100 15.600 16.200 16.200 16.200 16.100 15.700 16.300 16.300 16.100 16.000 15.800 16.300 16.200 16.100 16.000 16.000 16.300 16.200 16.100 16.200 16.200 16.400 16.200 16.300 16.300 16.000 22/08/1975
15.200 15.100 15.100 14.900 14.300 15.100 15.000 15.100 15.000 14.300 15.100 15.100 15.000 14.900 14.500 15.100 15.000 15.000 14.900 14.900 15.100 15.000 15.000 15.000 15.000 15.100 15.000 15.100 15.100 14.900 23/08/1975
16.600 16.500 16.500 16.400 15.800 16.400 16.300 16.400 16.000 15.900 16.400 16.400 16.100 15.900 16.100 16.300 16.100 16.000 15.900 15.900 16.400 16.000 16.000 16.100 16.100 16.500 16.200 16.300 16.200 15.900 24/08/1975
18.100 18.000 18.000 17.100 17.400 17.900 17.900 17.900 18.000 17.500 17.900 18.000 18.000 17.900 17.600 18.900 19.100 18.000 17.900 17.900 19.000 19.100 18.000 18.000 18.000 19.200 19.100 18.100 18.100 17.900 25/08/1975
17.600 17.600 17.500 17.000 16.800 17.400 17.300 17.400 17.000 16.900 17.400 17.400 17.100 16.900 17.100 17.900 17.800 17.100 16.900 16.900 18.000 17.700 17.000 17.200 17.200 18.200 17.900 17.300 17.300 16.900 26/08/1975
19.700 19.600 19.500 19.100 18.800 19.300 19.100 19.300 19.500 18.900 19.400 19.400 19.600 19.400 19.100 19.200 19.200 19.500 19.300 19.300 19.400 19.200 19.500 19.600 19.600 19.600 19.300 19.800 19.800 19.300 27/08/1975
21.000 20.900 20.900 20.400 20.200 20.800 20.600 20.800 20.800 20.300 20.800 20.800 20.900 20.800 20.400 20.900 20.900 20.800 20.700 20.700 21.000 20.900 20.800 20.900 20.900 21.100 21.000 21.000 21.000 20.700 28/08/1975
22.000 22.000 21.900 21.200 21.200 21.800 21.700 21.800 21.900 21.200 21.800 21.800 22.000 21.900 21.300 22.300 22.500 21.900 21.800 21.800 22.300 22.500 21.900 22.000 22.000 22.400 22.500 22.100 22.100 21.800 29/08/1975
19.900 19.800 19.800 19.200 18.900 19.600 19.500 19.600 19.800 19.000 19.700 19.700 19.900 19.700 19.200 19.400 19.800 19.800 19.600 19.600 19.500 19.800 19.800 19.900 19.900 19.600 19.900 20.100 20.100 19.600 30/08/1975
16.100 15.900 15.900 15.700 15.600 15.700 15.600 15.700 16.200 15.700 15.800 15.800 16.300 16.000 15.900 15.300 15.600 16.200 15.900 16.000 15.400 15.500 16.200 16.300 16.300 15.500 15.600 16.600 16.500 16.000 31/08/1975
14.600 14.600 14.500 14.200 14.000 14.500 14.400 14.500 14.600 14.100 14.500 14.500 14.700 14.600 14.200 14.500 14.700 14.700 14.500 14.500 14.600 14.700 14.600 14.700 14.800 14.700 14.700 14.900 14.900 14.500 01/09/1975
16.000 15.900 15.800 15.200 14.600 15.600 15.500 15.600 15.600 14.700 15.700 15.700 15.700 15.500 14.900 15.900 15.900 15.600 15.400 15.500 16.000 15.900 15.600 15.700 15.700 16.200 16.000 15.900 15.900 15.400 02/09/1975
19.000 18.900 18.800 18.600 18.200 18.700 18.500 18.700 18.800 18.300 18.700 18.700 18.900 18.700 18.500 18.400 18.600 18.900 18.700 18.700 18.600 18.600 18.800 19.000 19.000 18.700 18.700 19.200 19.100 18.700 03/09/1975
19.600 19.500 19.400 19.200 19.200 19.300 19.100 19.300 19.700 19.300 19.300 19.300 19.800 19.600 19.400 19.500 19.600 19.700 19.500 19.600 19.600 19.600 19.700 19.800 19.800 19.800 19.700 20.000 19.900 19.600 04/09/1975
19.500 19.500 19.400 18.900 19.000 19.300 19.200 19.300 19.600 19.100 19.300 19.300 19.600 19.500 19.200 19.600 19.800 19.600 19.500 19.500 19.700 19.700 19.600 19.700 19.700 19.800 19.800 19.800 19.800 19.500 05/09/1975
17.800 17.800 17.700 17.000 17.300 17.600 17.400 17.600 17.900 17.400 17.600 17.600 18.000 17.900 17.500 18.200 18.300 17.900 17.800 17.800 18.300 18.300 17.900 18.000 18.000 18.500 18.400 18.100 18.100 17.800 06/09/1975
17.100 17.100 17.100 17.000 17.000 17.100 17.100 17.100 17.200 17.100 17.100 17.100 17.300 17.200 17.200 17.700 17.700 17.300 17.200 17.200 17.700 17.700 17.200 17.300 17.300 17.700 17.700 17.400 17.400 17.200 07/09/1975
17.700 17.700 17.700 17.800 17.900 17.700 17.700 17.700 17.800 18.000 17.700 17.700 17.800 17.800 18.100 18.100 18.100 17.800 17.700 17.700 18.100 18.000 17.800 17.900 17.900 18.100 18.100 17.900 17.900 17.700 08/09/1975
18.000 18.000 17.900 17.900 18.200 17.900 17.800 17.900 18.300 18.300 17.900 17.900 18.400 18.300 18.400 18.400 18.800 18.300 18.200 18.200 18.500 18.800 18.300 18.400 18.400 18.500 18.800 18.500 18.500 18.200 09/09/1975
17.500 17.300 17.300 16.700 17.200 17.200 17.000 17.200 17.700 17.300 17.200 17.200 17.700 17.600 17.500 17.600 18.400 17.700 17.500 17.500 17.700 18.400 17.600 17.800 17.800 17.900 18.500 17.900 17.900 17.500 10/09/1975
16.900 16.900 16.800 16.300 16.000 16.700 16.600 16.700 16.600 16.100 16.700 16.700 16.700 16.500 16.200 16.800 16.700 16.600 16.400 16.500 16.900 16.600 16.600 16.700 16.700 17.000 16.700 16.900 16.900 16.400 11/09/1975
14.400 14.300 14.300 13.700 13.300 14.100 14.000 14.100 14.000 13.500 14.200 14.200 14.000 13.900 13.600 14.000 14.100 14.000 13.800 13.800 14.100 14.000 13.900 14.100 14.100 14.300 14.200 14.300 14.300 13.800 12/09/1975
15.600 15.500 15.400 14.700 14.600 15.200 15.000 15.200 15.400 14.800 15.300 15.300 15.600 15.300 15.000 15.400 15.700 15.500 15.200 15.200 15.600 15.600 15.400 15.600 15.600 15.800 15.800 15.900 15.800 15.200 13/09/1975
14.000 13.900 13.800 12.900 12.800 13.600 13.400 13.600 13.500 12.900 13.600 13.700 13.600 13.400 13.100 14.300 14.200 13.500 13.300 13.300 14.500 14.200 13.500 13.600 13.600 14.800 14.300 13.800 13.800 13.300 14/09/1975
12.400 12.300 12.200 11.700 11.300 12.000 11.800 12.000 12.000 11.400 12.100 12.100 12.100 11.900 11.600 11.900 12.300 12.000 11.800 11.800 12.100 12.200 12.000 12.100 12.100 12.400 12.400 12.400 12.300 11.800 15/09/1975
14.300 14.200 14.200 13.600 13.600 14.000 13.800 14.000 14.300 13.700 14.100 14.100 14.400 14.200 13.900 14.200 14.500 14.400 14.200 14.200 14.400 14.400 14.300 14.500 14.500 14.500 14.600 14.700 14.600 14.200 16/09/1975
13.700 13.500 13.400 13.100 13.300 13.200 12.900 13.200 13.700 13.500 13.200 13.300 13.800 13.600 13.600 13.400 13.700 13.700 13.500 13.500 13.700 13.700 13.700 13.800 13.800 14.000 13.900 14.000 14.000 13.500 17/09/1975
14.900 14.800 14.800 14.500 14.400 14.700 14.600 14.700 14.700 14.500 14.700 14.700 14.700 14.600 14.600 15.200 15.100 14.700 14.600 14.600 15.300 15.100 14.700 14.700 14.800 15.400 15.100 14.800 14.800 14.600 18/09/1975
14.900 14.900 14.800 15.000 15.000 14.800 14.700 14.800 15.100 15.100 14.800 14.800 15.200 15.100 15.200 15.300 15.100 15.100 15.000 15.000 15.400 15.100 15.100 15.200 15.200 15.400 15.200 15.300 15.300 15.000 19/09/1975
15.500 15.500 15.400 15.500 15.500 15.400 15.300 15.400 15.500 15.600 15.400 15.400 15.600 15.400 15.700 16.200 15.900 15.500 15.400 15.400 16.300 15.900 15.500 15.600 15.600 16.300 15.900 15.700 15.700 15.400 20/09/1975
16.000 16.000 15.900 15.700 16.200 15.900 15.700 15.900 16.300 16.300 15.900 15.900 16.400 16.200 16.400 16.600 16.200 16.300 16.200 16.200 16.700 16.200 16.300 16.400 16.400 16.800 16.200 16.500 16.500 16.200 21/09/1975
17.300 17.300 17.200 16.700 17.400 17.100 17.000 17.100 17.400 17.500 17.200 17.200 17.400 17.300 17.600 17.400 17.200 17.400 17.300 17.300 17.500 17.200 17.400 17.500 17.500 17.600 17.200 17.600 17.600 17.300 22/09/1975
17.500 17.400 17.400 17.200 17.700 17.300 17.200 17.300 17.700 17.800 17.300 17.300 17.700 17.600 17.900 17.700 17.700 17.700 17.600 17.600 17.800 17.700 17.700 17.800 17.800 17.900 17.800 17.900 17.900 17.600 23/09/1975
15.400 15.300 15.200 14.800 15.300 15.000 14.800 15.000 15.800 15.400 15.000 15.100 15.800 15.700 15.500 16.100 16.800 15.800 15.600 15.600 16.400 16.800 15.700 15.900 15.900 16.700 16.900 16.000 16.000 15.600 24/09/1975
17.500 17.400 17.300 16.700 17.400 17.200 17.000 17.200 17.900 17.500 17.200 17.200 17.900 17.800 17.600 17.900 18.300 17.900 17.800 17.800 18.000 18.300 17.900 18.000 18.000 18.200 18.300 18.100 18.100 17.800 25/09/1975
16.500 16.400 16.300 15.300 15.600 16.100 15.900 16.100 16.400 15.800 16.200 16.200 16.500 16.300 15.900 17.000 17.200 16.400 16.200 16.200 17.200 17.200 16.400 16.500 16.500 17.500 17.400 16.700 16.700 16.200 26/09/1975
19.400 19.400 19.300 19.000 19.700 19.200 19.100 19.200 20.000 19.700 19.200 19.200 20.000 19.900 19.900 19.900 20.300 20.000 19.900 19.900 20.000 20.300 20.000 20.000 20.100 20.200 20.300 20.200 20.100 19.900 27/09/1975
18.500 18.400 18.300 17.900 18.600 18.300 18.100 18.300 19.000 18.700 18.300 18.300 19.100 19.000 18.800 19.300 19.800 19.000 19.000 19.000 19.500 19.800 19.000 19.100 19.100 19.600 19.800 19.100 19.100 19.000 28/09/1975
19.500 19.400 19.400 19.200 19.800 19.300 19.300 19.300 20.200 19.800 19.400 19.400 20.200 20.200 19.900 20.000 20.200 20.200 20.200 20.200 20.000 20.200 20.200 20.200 20.200 20.000 20.200 20.300 20.300 20.200 29/09/1975
13.900 13.900 13.800 13.200 13.100 13.700 13.600 13.700 13.800 13.200 13.700 13.700 13.900 13.700 13.400 14.100 14.300 13.800 13.600 13.700 14.200 14.300 13.800 13.900 13.900 14.300 14.400 14.100 14.000 13.700 30/09/1975
14.500 14.400 14.300 13.700 14.400 14.100 13.900 14.100 15.000 14.500 14.200 14.200 15.100 14.900 14.600 15.300 16.000 15.000 14.800 14.900 15.500 15.900 15.000 15.100 15.100 15.800 16.100 15.300 15.300 14.800 01/10/1975
17.500 17.400 17.300 16.300 16.900 17.200 17.000 17.200 17.400 17.000 17.200 17.200 17.500 17.300 17.200 18.300 18.600 17.500 17.300 17.300 18.400 18.500 17.400 17.600 17.600 18.600 18.700 17.700 17.700 17.300 02/10/1975
15.300 15.200 15.200 14.500 15.400 15.100 14.900 15.100 15.600 15.600 15.100 15.100 15.600 15.500 15.700 15.300 15.500 15.600 15.400 15.400 15.400 15.400 15.600 15.700 15.700 15.500 15.500 15.900 15.800 15.400 03/10/1975
10.800 10.700 10.700 10.100 10.900 10.600 10.500 10.600 11.000 11.000 10.600 10.600 11.100 10.900 11.200 10.900 10.800 11.000 10.900 10.900 11.000 10.800 11.000 11.100 11.100 11.100 10.900 11.300 11.200 10.900 04/10/1975
11.400 11.300 11.300 10.700 11.800 11.200 11.100 11.200 11.500 11.800 11.200 11.200 11.500 11.400 11.900 11.100 10.600 11.500 11.400 11.400 11.200 10.600 11.500 11.500 11.600 11.300 10.700 11.600 11.600 11.400 05/10/1975
12.900 12.900 12.800 12.600 14.600 12.800 12.700 12.800 13.700 14.600 12.800 12.800 13.700 13.600 14.700 13.100 12.800 13.700 13.600 13.600 13.200 12.800 13.700 13.700 13.700 13.300 12.800 13.800 13.800 13.600 06/10/1975
13.300 13.300 13.200 13.300 15.000 13.200 13.100 13.200 14.400 15.100 13.200 13.200 14.400 14.300 15.200 13.900 14.000 14.400 14.300 14.300 14.000 14.000 14.400 14.400 14.400 14.000 14.000 14.500 14.400 14.300 07/10/1975
12.600 12.600 12.500 12.500 13.800 12.500 12.400 12.500 13.500 13.900 12.500 12.500 13.500 13.400 14.000 13.200 13.600 13.500 13.300 13.400 13.300 13.600 13.400 13.500 13.500 13.400 13.700 13.700 13.600 13.300 08/10/1975
10.600 10.500 10.400 10.300 12.000 10.300 10.200 10.300 11.800 12.100 10.300 10.400 11.900 11.800 12.300 11.800 12.800 11.900 11.700 11.700 12.000 12.700 11.800 12.000 12.000 12.100 12.900 12.100 12.100 11.700 09/10/1975
7.500 7.400 7.300 7.400 7.300 7.200 7.000 7.200 7.600 7.400 7.200 7.200 7.700 7.500 7.600 7.800 8.000 7.700 7.400 7.500 8.000 7.900 7.600 7.700 7.700 8.100 8.100 7.900 7.900 7.500 10/10/1975
6.900 6.800 6.800 6.100 6.400 6.700 6.600 6.700 6.900 6.400 6.700 6.800 6.900 6.800 6.500 7.400 7.500 6.900 6.800 6.800 7.400 7.500 6.900 7.000 7.000 7.500 7.500 7.100 7.100 6.800 11/10/1975
4.600 4.500 4.400 4.400 3.900 4.300 4.200 4.300 4.300 4.000 4.400 4.400 4.400 4.200 4.100 4.200 4.200 4.400 4.200 4.200 4.300 4.200 4.300 4.500 4.500 4.500 4.300 4.700 4.600 4.200 12/10/1975
5.300 5.200 5.100 4.800 3.800 4.900 4.700 4.900 4.600 3.900 5.000 5.000 4.700 4.500 4.100 4.500 4.300 4.600 4.400 4.400 4.700 4.300 4.600 4.700 4.700 4.900 4.400 4.900 4.900 4.400 13/10/1975
10.900 10.700 10.700 9.500 9.100 10.500 10.300 10.500 10.100 9.100 10.600 10.600 10.200 10.000 9.300 11.100 11.200 10.200 10.000 10.000 11.200 11.100 10.100 10.200 10.200 11.400 11.200 10.400 10.400 10.000 14/10/1975
12.000 11.900 11.800 11.000 10.800 11.700 11.500 11.700 11.400 10.900 11.700 11.700 11.500 11.400 11.000 11.800 11.600 11.400 11.300 11.300 11.900 11.600 11.400 11.500 11.500 12.000 11.600 11.600 11.600 11.300 15/10/1975
9.000 8.900 8.800 8.500 8.500 8.700 8.500 8.700 8.900 8.600 8.700 8.700 9.000 8.800 8.700 9.100 9.300 9.000 8.800 8.800 9.300 9.300 8.900 9.000 9.000 9.600 9.500 9.200 9.200 8.800 16/10/1975
8.400 8.300 8.300 8.100 8.000 8.200 8.100 8.200 8.500 8.100 8.200 8.200 8.600 8.400 8.300 8.500 8.500 8.500 8.300 8.400 8.500 8.500 8.500 8.600 8.600 8.600 8.600 8.800 8.800 8.300 17/10/1975
7.900 7.800 7.800 7.400 7.100 7.700 7.600 7.700 7.800 7.200 7.700 7.700 7.900 7.700 7.400 7.900 7.800 7.900 7.600 7.700 7.900 7.700 7.800 7.900 8.000 8.000 7.800 8.200 8.100 7.600 18/10/1975
8.400 8.200 8.100 7.900 8.400 8.000 7.800 8.000 9.000 8.500 8.000 8.000 9.100 8.900 8.700 8.500 8.900 9.000 8.800 8.800 8.700 8.900 9.000 9.100 9.100 8.900 9.100 9.300 9.300 8.800 19/10/1975
7.900 7.800 7.700 8.000 7.900 7.500 7.300 7.500 8.100 7.900 7.600 7.600 8.200 8.000 8.100 8.000 8.300 8.200 8.000 8.000 8.200 8.200 8.100 8.200 8.200 8.500 8.400 8.400 8.300 8.000 20/10/1975
8.800 8.700 8.600 8.800 9.500 8.500 8.300 8.500 9.500 9.500 8.500 8.500 9.500 9.500 9.600 9.200 9.800 9.500 9.500 9.500 9.500 9.700 9.500 9.600 9.600 9.800 9.800 9.600 9.600 9.500 21/10/1975
12.000 11.900 11.700 11.300 13.200 11.500 11.200 11.500 13.200 13.200 11.600 11.600 13.200 13.200 13.200 12.800 13.700 13.200 13.100 13.100 13.200 13.600 13.200 13.200 13.200 13.600 13.800 13.200 13.200 13.100 22/10/1975
14.600 14.400 14.200 13.500 14.900 13.900 13.600 13.900 15.000 15.000 14.000 14.000 15.000 15.000 15.000 14.700 15.300 15.000 14.900 14.900 15.000 15.300 15.000 15.100 15.100 15.300 15.400 15.200 15.100 14.900 23/10/1975
12.800 12.600 12.500 12.000 12.400 12.300 12.100 12.300 12.100 12.500 12.400 12.400 12.200 12.100 12.600 12.600 12.200 12.200 12.000 12.000 12.700 12.100 12.100 12.200 12.200 13.000 12.200 12.300 12.300 12.000 24/10/1975
12.800 12.700 12.700 12.400 12.900 12.600 12.500 12.600 12.600 13.000 12.600 12.600 12.600 12.600 13.000 12.600 12.300 12.600 12.500 12.500 12.700 12.300 12.600 12.600 12.600 12.800 12.400 12.700 12.700 12.500 25/10/1975
11.100 11.000 11.000 11.100 13.500 11.000 11.000 11.000 12.600 13.500 11.000 11.000 12.600 12.600 13.500 11.800 11.900 12.600 12.600 12.600 11.800 11.900 12.600 12.600 12.600 11.800 11.900 12.600 12.600 12.600 26/10/1975
12.100 12.100 12.100 11.500 13.900 12.100 12.000 12.100 13.300 13.900 12.100 12.100 13.300 13.300 14.000 12.300 12.200 13.300 13.300 13.300 12.300 12.200 13.300 13.300 13.300 12.400 12.200 13.300 13.300 13.300 27/10/1975
10.700 10.700 10.600 10.700 12.800 10.600 10.600 10.600 12.100 12.900 10.600 10.600 12.100 12.100 12.900 11.300 11.300 12.100 12.000 12.000 11.300 11.300 12.100 12.100 12.100 11.300 11.300 12.100 12.100 12.000 28/10/1975
12.500 12.300 12.100 11.900 13.300 11.900 11.600 11.900 13.200 13.400 11.900 12.000 13.200 13.000 13.500 13.200 13.700 13.200 13.000 13.000 13.500 13.600 13.100 13.300 13.300 13.800 13.800 13.500 13.500 13.000 29/10/1975
14.200 14.100 14.000 13.600 14.300 13.800 13.600 13.800 14.600 14.400 13.800 13.900 14.700 14.500 14.400 14.900 15.300 14.600 14.500 14.500 15.100 15.300 14.600 14.700 14.700 15.400 15.400 14.800 14.800 14.500 30/10/1975
14.100 14.000 14.000 13.600 14.000 13.900 13.800 13.900 14.400 14.100 13.900 13.900 14.400 14.300 14.100 14.100 14.400 14.400 14.300 14.300 14.200 14.400 14.400 14.400 14.400 14.400 14.400 14.500 14.500 14.300 31/10/1975
9.900 9.900 9.800 9.500 9.400 9.700 9.600 9.700 10.000 9.500 9.700 9.800 10.000 9.900 9.600 10.000 10.200 10.000 9.800 9.800 10.100 10.100 10.000 10.100 10.100 10.100 10.200 10.200 10.200 9.800 01/11/1975
8.500 8.400 8.400 7.900 7.800 8.400 8.300 8.400 8.100 7.900 8.400 8.400 8.200 8.100 8.000 8.300 8.300 8.200 8.000 8.000 8.400 8.300 8.100 8.200 8.200 8.400 8.300 8.400 8.300 8.000 02/11/1975
6.900 6.800 6.800 7.000 7.100 6.700 6.600 6.700 6.900 7.100 6.700 6.700 6.900 6.800 7.200 6.800 6.300 6.900 6.800 6.800 6.800 6.300 6.900 6.900 6.900 6.900 6.300 7.000 7.000 6.800 03/11/1975
7.200 7.200 7.100 7.300 7.500 7.100 7.100 7.100 7.200 7.600 7.100 7.100 7.300 7.200 7.600 7.000 6.400 7.200 7.200 7.200 7.000 6.400 7.200 7.300 7.300 7.000 6.400 7.300 7.300 7.200 04/11/1975
4.900 4.900 4.800 4.800 5.700 4.800 4.700 4.800 5.300 5.800 4.800 4.800 5.300 5.200 5.900 5.200 4.800 5.300 5.200 5.200 5.200 4.800 5.300 5.300 5.400 5.200 4.900 5.400 5.400 5.200 05/11/1975
5.700 5.700 5.600 5.500 5.600 5.500 5.400 5.500 5.700 5.700 5.600 5.600 5.800 5.600 5.800 6.300 6.100 5.700 5.600 5.600 6.400 6.100 5.700 5.800 5.800 6.500 6.200 6.000 5.900 5.600 06/11/1975
6.600 6.600 6.500 6.700 6.400 6.400 6.300 6.400 6.600 6.500 6.500 6.500 6.700 6.500 6.600 7.000 6.900 6.600 6.500 6.500 7.100 6.800 6.600 6.700 6.700 7.200 6.900 6.800 6.800 6.500 07/11/1975
4.900 4.900 4.900 4.800 4.200 4.800 4.700 4.800 4.800 4.300 4.800 4.800 4.900 4.800 4.400 5.500 5.500 4.900 4.700 4.700 5.500 5.500 4.800 4.900 4.900 5.600 5.600 5.100 5.000 4.700 08/11/1975
3.000 2.900 2.900 3.800 3.800 2.800 2.600 2.800 3.700 3.900 2.800 2.800 3.800 3.700 4.000 3.500 3.800 3.700 3.600 3.700 3.600 3.800 3.700 3.800 3.800 3.800 3.800 3.900 3.800 3.700 09/11/1975
5.900 5.800 5.700 5.400 5.300 5.500 5.300 5.500 6.000 5.400 5.600 5.600 6.100 5.900 5.500 6.000 6.400 6.000 5.800 5.900 6.200 6.300 6.000 6.100 6.100 6.400 6.400 6.300 6.300 5.800 10/11/1975
6.600 6.500 6.400 6.000 7.300 6.300 6.000 6.300 7.400 7.300 6.300 6.300 7.400 7.300 7.400 7.300 7.900 7.400 7.300 7.300 7.600 7.900 7.400 7.400 7.400 7.900 8.000 7.500 7.500 7.300 11/11/1975
11.000 10.900 10.900 10.100 11.300 10.700 10.600 10.700 11.700 11.400 10.800 10.800 11.700 11.600 11.400 12.000 12.500 11.700 11.600 11.600 12.200 12.500 11.700 11.700 11.700 12.400 12.600 11.700 11.700 11.600 12/11/1975
12.200 12.100 12.100 11.800 11.400 12.000 11.900 12.000 11.800 11.500 12.000 12.000 11.800 11.700 11.600 12.500 12.300 11.800 11.700 11.700 12.500 12.300 11.800 11.800 11.800 12.600 12.300 11.900 11.900 11.700 13/11/1975
11.400 11.300 11.300 11.300 10.900 11.200 11.100 11.200 10.900 10.900 11.200 11.200 11.000 10.900 11.100 11.300 10.800 10.900 10.800 10.800 11.400 10.800 10.900 11.000 11.000 11.500 10.900 11.100 11.100 10.800 14/11/1975
13.900 13.800 13.700 13.200 12.800 13.600 13.400 13.600 13.200 12.900 13.600 13.600 13.200 13.100 13.000 14.100 14.000 13.200 13.000 13.000 14.300 14.000 13.200 13.300 13.300 14.500 14.100 13.400 13.400 13.000 15/11/1975
10.000 9.900 9.800 9.300 9.400 9.700 9.500 9.700 9.900 9.500 9.700 9.700 9.900 9.800 9.700 10.000 10.200 9.900 9.700 9.700 10.200 10.100 9.900 10.000 10.000 10.400 10.300 10.200 10.100 9.700 16/11/1975
5.100 5.000 4.900 4.400 4.200 4.800 4.600 4.800 4.700 4.300 4.800 4.800 4.800 4.600 4.400 5.000 5.000 4.700 4.500 4.600 5.200 4.900 4.700 4.800 4.800 5.400 5.100 5.000 5.000 4.500 17/11/1975
6.700 6.500 6.500 6.200 5.900 6.300 6.100 6.300 6.400 6.000 6.400 6.400 6.400 6.300 6.200 6.600 6.700 6.400 6.200 6.200 6.700 6.600 6.400 6.500 6.500 7.000 6.800 6.700 6.600 6.200 18/11/1975
6.500 6.300 6.200 6.100 6.200 6.000 5.800 6.000 6.600 6.300 6.100 6.100 6.700 6.400 6.600 6.600 6.900 6.600 6.300 6.400 6.800 6.900 6.600 6.700 6.800 7.000 7.000 7.000 7.000 6.300 19/11/1975
11.600 11.500 11.400 11.000 10.600 11.200 11.100 11.200 11.100 10.700 11.300 11.300 11.100 11.000 10.900 11.500 11.600 11.100 10.900 10.900 11.700 11.500 11.100 11.200 11.200 11.900 11.700 11.400 11.300 10.900 20/11/1975
6.100 6.000 6.000 5.500 6.000 5.900 5.700 5.900 6.400 6.100 5.900 5.900 6.500 6.300 6.300 6.700 7.000 6.400 6.200 6.300 6.800 7.000 6.400 6.500 6.500 7.000 7.100 6.700 6.700 6.300 21/11/1975
1.600 1.500 1.500 2.000 3.200 1.500 1.400 1.500 2.500 3.300 1.500 1.500 2.500 2.400 3.500 2.000 1.600 2.500 2.400 2.400 2.000 1.600 2.500 2.600 2.600 2.000 1.600 2.700 2.600 2.400 22/11/1975
2.300 2.100 1.900 2.200 3.600 1.700 1.400 1.700 3.300 3.700 1.800 1.800 3.300 3.300 3.700 2.600 3.100 3.300 3.200 3.200 3.000 3.000 3.300 3.400 3.400 3.400 3.200 3.500 3.400 3.200 23/11/1975
4.500 4.300 4.200 4.400 6.100 3.900 3.700 3.900 5.900 6.100 4.000 4.000 5.900 5.800 6.200 5.000 5.800 5.900 5.800 5.800 5.300 5.800 5.900 5.900 5.900 5.800 5.900 6.000 6.000 5.800 24/11/1975
5.900 5.700 5.500 5.300 7.100 5.200 4.900 5.200 6.900 7.200 5.300 5.300 7.000 6.800 7.300 5.200 6.100 6.900 6.700 6.700 5.500 6.100 6.900 7.000 7.100 5.900 6.300 7.300 7.200 6.700 25/11/1975
5.400 5.300 5.300 4.900 5.200 5.100 5.000 5.100 5.700 5.300 5.200 5.200 5.700 5.600 5.500 5.500 5.400 5.700 5.500 5.500 5.600 5.300 5.700 5.800 5.800 5.800 5.400 6.000 5.900 5.500 26/11/1975
4.300 4.200 4.200 3.700 4.000 4.100 4.000 4.100 4.600 4.100 4.100 4.100 4.700 4.600 4.200 5.300 5.500 4.700 4.500 4.500 5.400 5.500 4.600 4.700 4.700 5.500 5.600 4.900 4.800 4.500 27/11/1975
12.400 12.200 12.200 11.200 10.700 12.000 11.800 12.000 11.600 10.800 12.000 12.100 11.700 11.500 11.000 12.700 12.700 11.600 11.400 11.400 12.900 12.700 11.600 11.700 11.700 13.100 12.800 11.900 11.800 11.400 28/11/1975
9.700 9.600 9.500 8.900 9.000 9.400 9.200 9.400 9.500 9.100 9.400 9.500 9.600 9.400 9.200 9.700 9.900 9.600 9.400 9.400 9.900 9.800 9.500 9.600 9.600 10.100 10.000 9.800 9.800 9.400 29/11/1975
5.000 4.900 4.900 4.800 4.700 4.800 4.700 4.800 5.100 4.800 4.800 4.900 5.100 5.000 4.900 5.200 5.300 5.100 4.900 5.000 5.300 5.300 5.000 5.100 5.100 5.400 5.400 5.300 5.200 4.900 30/11/1975
4.400 4.300 4.200 3.800 4.100 4.100 3.900 4.100 4.500 4.200 4.100 4.200 4.500 4.400 4.300 4.700 4.900 4.500 4.300 4.300 4.800 4.800 4.500 4.600 4.600 4.900 4.900 4.700 4.700 4.300 01/12/1975
9.400 9.300 9.200 8.600 8.800 9.100 8.900 9.100 9.300 8.900 9.100 9.100 9.400 9.200 9.000 9.600 9.800 9.300 9.100 9.200 9.800 9.800 9.300 9.400 9.400 10.100 9.900 9.600 9.600 9.200 02/12/1975
6.300 6.200 6.100 5.700 5.800 6.000 5.800 6.000 6.400 5.900 6.000 6.100 6.500 6.300 6.100 6.200 6.500 6.400 6.200 6.300 6.300 6.500 6.400 6.500 6.500 6.500 6.600 6.700 6.700 6.200 03/12/1975
4.400 4.300 4.300 3.800 4.700 4.200 4.100 4.200 4.800 4.800 4.200 4.200 4.900 4.800 4.900 4.700 4.800 4.900 4.700 4.700 4.800 4.800 4.800 4.900 4.900 4.900 4.900 5.000 5.000 4.700 04/12/1975
2.500 2.400 2.300 1.400 3.600 2.200 2.100 2.200 3.100 3.700 2.200 2.300 3.100 3.000 3.800 2.300 2.300 3.100 3.000 3.000 2.400 2.200 3.100 3.200 3.200 2.500 2.300 3.300 3.300 3.000 05/12/1975
3.100 3.000 3.000 2.400 3.700 2.900 2.700 2.900 2.800 3.700 2.900 2.900 2.900 2.700 3.900 1.700 0.900 2.800 2.700 2.700 1.900 0.800 2.800 2.900 2.900 2.000 1.000 3.000 3.000 2.700 06/12/1975
4.800 4.600 4.500 4.000 4.300 4.300 4.000 4.300 3.500 4.400 4.300 4.400 3.600 3.400 4.500 3.500 3.000 3.600 3.300 3.300 3.700 3.000 3.500 3.700 3.700 4.100 3.200 3.900 3.800 3.300 07/12/1975
2.600 2.200 1.900 1.400 2.000 1.400 0.700 1.400 1.900 2.100 1.500 1.600 2.100 1.700 2.300 1.900 2.400 2.000 1.500 1.600 2.600 2.300 1.900 2.200 2.300 3.400 2.700 2.700 2.600 1.500 08/12/1975
0.800 0.400 0.200 0.000 1.100 -0.300 -0.800 -0.300 1.000 1.300 -0.200 -0.100 1.200 0.800 1.500 0.800 1.700 1.100 0.700 0.700 1.400 1.600 1.000 1.300 1.300 2.000 1.900 1.600 1.500 0.700 09/12/1975
2.400 2.100 1.900 1.700 3.100 1.500 1.000 1.500 2.800 3.200 1.600 1.600 2.900 2.600 3.300 2.600 3.100 2.900 2.500 2.600 3.000 3.100 2.800 3.000 3.000 3.500 3.300 3.300 3.200 2.500 10/12/1975
0.400 0.200 0.000 1.000 3.500 -0.200 -0.500 -0.200 2.700 3.500 -0.200 -0.100 2.800 2.700 3.600 1.500 3.000 2.800 2.600 2.600 1.800 2.900 2.700 2.800 2.900 2.200 3.100 3.000 3.000 2.600 11/12/1975
3.200 3.100 3.100 3.600 5.500 3.000 2.800 3.000 5.200 5.500 3.000 3.000 5.200 5.200 5.600 4.200 5.300 5.200 5.100 5.100 4.300 5.300 5.200 5.200 5.200 4.500 5.400 5.300 5.300 5.100 12/12/1975
2.500 2.300 2.200 1.800 2.600 2.100 1.900 2.100 3.000 2.700 2.100 2.100 3.100 2.900 2.800 2.800 3.400 3.000 2.900 2.900 3.000 3.400 3.000 3.100 3.100 3.300 3.500 3.300 3.200 2.900 13/12/1975
1.300 1.100 1.000 0.200 1.600 0.700 0.400 0.700 1.900 1.600 0.800 0.800 2.000 1.900 1.800 1.400 2.300 2.000 1.800 1.800 1.800 2.300 1.900 2.000 2.000 2.300 2.500 2.200 2.100 1.800 14/12/1975
3.200 3.000 2.900 2.800 5.100 2.800 2.600 2.800 5.000 5.100 2.800 2.800 5.000 5.000 5.100 4.000 5.200 5.000 4.900 4.900 4.300 5.100 5.000 5.000 5.000 4.600 5.200 5.000 5.000 4.900 15/12/1975
4.000 4.000 4.000 5.200 7.900 4.100 4.100 4.100 7.300 7.900 4.100 4.000 7.300 7.300 7.900 6.100 7.600 7.300 7.400 7.300 6.100 7.600 7.300 7.300 7.300 6.000 7.600 7.300 7.300 7.300 16/12/1975
1.200 1.200 1.200 1.300 2.700 1.100 1.100 1.100 2.800 2.700 1.200 1.200 2.900 2.800 2.800 2.800 3.600 2.800 2.800 2.800 2.800 3.600 2.800 2.900 2.900 2.800 3.600 2.900 2.900 2.800 17/12/1975
0.500 0.300 0.100 0.100 0.400 -0.100 -0.400 -0.100 1.000 0.500 0.000 0.000 1.100 0.900 0.700 0.600 1.300 1.100 0.800 0.800 0.900 1.200 1.000 1.200 1.200 1.200 1.400 1.500 1.400 0.800 18/12/1975
-3.300 -3.700 -4.000 -5.100 -3.100 -4.400 -5.000 -4.400 -2.600 -2.900 -4.300 -4.200 -2.400 -2.800 -2.700 -2.800 -1.900 -2.500 -3.000 -2.900 -2.200 -2.000 -2.600 -2.300 -2.300 -1.500 -1.600 -1.900 -2.000 -3.000 19/12/1975
-3.400 -3.500 -3.500 -4.600 -2.900 -3.700 -3.800 -3.700 -3.000 -2.800 -3.600 -3.600 -2.900 -3.000 -2.700 -3.400 -3.700 -2.900 -3.100 -3.100 -3.200 -3.700 -3.000 -2.900 -2.800 -3.000 -3.600 -2.700 -2.700 -3.100 20/12/1975
-0.500 -0.600 -0.700 -0.700 -3.400 -0.800 -1.000 -0.800 -3.100 -3.400 -0.800 -0.700 -3.000 -3.100 -3.200 -2.500 -4.200 -3.000 -3.200 -3.200 -2.300 -4.200 -3.100 -3.000 -3.000 -2.100 -4.100 -2.800 -2.900 -3.200 21/12/1975
-2.000 -2.100 -2.100 -2.200 -4.400 -2.200 -2.400 -2.200 -3.700 -4.400 -2.200 -2.200 -3.700 -3.800 -4.200 -3.100 -4.300 -3.700 -3.900 -3.800 -3.000 -4.300 -3.700 -3.700 -3.600 -2.800 -4.200 -3.500 -3.600 -3.900 22/12/1975
-2.600 -2.700 -2.700 -4.700 -5.900 -2.900 -3.000 -2.900 -4.200 -5.800 -2.800 -2.800 -4.200 -4.300 -5.700 -2.400 -2.700 -4.200 -4.400 -4.300 -2.300 -2.700 -4.200 -4.100 -4.100 -2.100 -2.600 -4.000 -4.000 -4.400 23/12/1975
-0.300 -0.400 -0.400 -1.900 -2.800 -0.500 -0.700 -0.500 -1.500 -2.800 -0.500 -0.500 -1.400 -1.600 -2.600 0.000 -0.200 -1.500 -1.600 -1.600 0.100 -0.200 -1.500 -1.400 -1.400 0.200 -0.100 -1.300 -1.300 -1.600 24/12/1975
2.000 1.900 1.900 1.000 0.500 1.800 1.700 1.800 1.400 0.600 1.800 1.800 1.400 1.300 0.800 2.200 2.000 1.400 1.200 1.200 2.300 2.000 1.400 1.500 1.500 2.400 2.100 1.600 1.600 1.200 25/12/1975
5.500 5.400 5.300 4.100 2.900 5.200 5.000 5.200 4.100 3.000 5.200 5.200 4.100 4.000 3.200 5.500 4.900 4.100 3.900 3.900 5.600 4.900 4.100 4.200 4.200 5.800 5.000 4.400 4.300 3.900 26/12/1975
4.400 4.300 4.200 3.100 1.600 4.100 3.900 4.100 2.400 1.600 4.100 4.200 2.500 2.400 1.800 3.900 2.600 2.500 2.300 2.300 4.100 2.600 2.400 2.500 2.500 4.300 2.700 2.700 2.600 2.300 27/12/1975
0.600 0.500 0.400 0.200 2.300 0.200 0.100 0.200 0.600 2.300 0.300 0.300 0.600 0.600 2.400 0.400 -0.300 0.600 0.500 0.600 0.600 -0.300 0.600 0.700 0.700 0.900 -0.200 0.700 0.700 0.500 28/12/1975
2.600 2.400 2.300 2.300 4.200 2.100 1.900 2.100 3.300 4.300 2.200 2.200 3.400 3.200 4.400 2.700 2.600 3.300 3.200 3.200 2.900 2.600 3.300 3.400 3.400 3.200 2.700 3.600 3.600 3.200 29/12/1975
1.900 1.900 1.800 2.100 4.000 1.700 1.600 1.700 3.200 4.100 1.800 1.800 3.300 3.200 4.200 2.100 2.400 3.300 3.100 3.200 2.200 2.300 3.200 3.300 3.300 2.300 2.400 3.400 3.400 3.100 30/12/1975
1.700 1.600 1.500 1.300 2.000 1.400 1.300 1.400 1.800 2.100 1.500 1.500 1.900 1.700 2.300 1.500 1.300 1.800 1.700 1.700 1.600 1.300 1.800 1.900 1.900 1.800 1.400 2.000 2.000 1.700 31/12/1975
4.200 4.100 4.100 3.400 2.900 4.000 3.800 4.000 3.000 3.000 4.000 4.000 3.000 2.900 3.100 3.500 2.400 3.000 2.800 2.800 3.600 2.400 3.000 3.100 3.100 3.800 2.500 3.200 3.200 2.800 01/01/1976
7.800 7.700 7.600 6.700 5.900 7.500 7.300 7.500 6.200 6.000 7.500 7.500 6.300 6.100 6.200 6.900 5.900 6.200 6.000 6.100 7.100 5.800 6.200 6.300 6.300 7.300 6.000 6.500 6.500 6.000 02/01/1976
8.400 8.300 8.200 7.800 7.800 8.100 8.000 8.100 7.900 7.900 8.200 8.200 7.900 7.800 8.100 8.000 7.300 7.900 7.700 7.700 8.100 7.200 7.800 8.000 8.000 8.200 7.300 8.200 8.100 7.700 03/01/1976
3.600 3.500 3.500 3.100 4.600 3.400 3.300 3.400 4.100 4.700 3.400 3.400 4.100 4.000 4.800 3.400 3.100 4.100 4.000 4.000 3.500 3.100 4.100 4.200 4.200 3.600 3.200 4.300 4.300 4.000 04/01/1976
2.700 2.700 2.600 3.000 4.000 2.600 2.500 2.600 2.800 4.000 2.600 2.600 2.800 2.700 4.100 2.300 1.500 2.800 2.700 2.700 2.300 1.500 2.800 2.800 2.800 2.400 1.500 2.900 2.900 2.700 05/01/1976
5.500 5.500 5.400 4.900 5.500 5.300 5.200 5.300 4.700 5.600 5.300 5.300 4.700 4.600 5.700 5.000 4.000 4.700 4.600 4.600 5.100 4.000 4.700 4.800 4.800 5.300 4.100 4.900 4.800 4.600 06/01/1976
5.200 5.100 5.000 4.700 5.500 5.000 4.900 5.000 4.500 5.600 5.000 5.000 4.600 4.500 5.700 3.700 2.500 4.500 4.500 4.500 3.800 2.500 4.500 4.600 4.600 4.000 2.600 4.700 4.700 4.500 07/01/1976
2.400 2.400 2.400 3.400 6.700 2.500 2.500 2.500 4.500 6.600 2.500 2.400 4.500 4.600 6.500 2.500 2.300 4.500 4.600 4.600 2.500 2.300 4.500 4.500 4.500 2.400 2.300 4.400 4.400 4.600 08/01/1976
3.300 3.400 3.400 3.600 4.900 3.400 3.400 3.400 4.500 4.900 3.400 3.400 4.500 4.500 4.900 4.100 4.000 4.500 4.600 4.500 4.100 4.100 4.500 4.500 4.500 4.100 4.000 4.500 4.500 4.600 09/01/1976
6.000 5.900 5.800 4.500 3.700 5.700 5.500 5.700 4.800 3.800 5.700 5.800 4.800 4.700 4.000 6.000 5.600 4.800 4.600 4.600 6.200 5.600 4.800 4.900 4.900 6.400 5.700 5.100 5.000 4.600 10/01/1976
8.400 8.300 8.200 7.500 6.600 8.100 7.900 8.100 7.300 6.700 8.100 8.100 7.400 7.200 6.900 8.100 7.800 7.300 7.200 7.200 8.300 7.700 7.300 7.400 7.400 8.500 7.900 7.600 7.500 7.200 11/01/1976
7.100 7.000 6.900 5.800 4.700 6.700 6.500 6.700 5.700 4.800 6.800 6.800 5.800 5.600 5.000 6.700 6.200 5.700 5.500 5.500 6.900 6.100 5.700 5.800 5.800 7.200 6.300 6.000 5.900 5.500 12/01/1976
6.300 6.200 6.100 5.700 5.700 6.000 5.900 6.000 5.800 5.800 6.100 6.100 5.900 5.800 6.000 6.000 5.500 5.900 5.700 5.700 6.200 5.500 5.800 5.900 6.000 6.400 5.600 6.100 6.100 5.700 13/01/1976
4.800 4.700 4.700 4.000 4.100 4.600 4.400 4.600 4.000 4.200 4.600 4.600 4.100 4.000 4.300 4.000 2.900 4.100 3.900 3.900 4.100 2.800 4.000 4.100 4.100 4.200 2.900 4.200 4.200 3.900 14/01/1976
4.700 4.600 4.600 3.500 3.200 4.500 4.300 4.500 3.800 3.200 4.500 4.500 3.900 3.800 3.300 4.400 3.700 3.900 3.700 3.700 4.500 3.600 3.800 3.900 3.900 4.600 3.700 4.000 4.000 3.700 15/01/1976
0.500 0.400 0.400 0.200 0.500 0.300 0.200 0.300 0.700 0.500 0.300 0.300 0.800 0.700 0.600 0.500 0.500 0.700 0.700 0.700 0.600 0.500 0.700 0.800 0.800 0.700 0.600 0.900 0.800 0.700 16/01/1976
3.100 3.000 2.900 2.400 3.300 2.800 2.700 2.800 2.700 3.300 2.800 2.900 2.700 2.600 3.500 2.200 1.400 2.700 2.600 2.600 2.400 1.400 2.700 2.800 2.800 2.500 1.500 2.900 2.900 2.600 17/01/1976
2.600 2.600 2.500 2.200 3.500 2.400 2.300 2.400 2.600 3.600 2.400 2.500 2.700 2.600 3.700 2.400 1.700 2.700 2.600 2.600 2.500 1.600 2.600 2.700 2.700 2.600 1.700 2.800 2.800 2.600 18/01/1976
1.300 1.300 1.200 0.600 1.000 1.100 1.000 1.100 1.200 1.100 1.100 1.200 1.200 1.100 1.300 1.500 1.300 1.200 1.000 1.000 1.600 1.200 1.200 1.300 1.300 1.700 1.300 1.400 1.400 1.000 19/01/1976
5.600 5.500 5.500 4.700 4.500 5.300 5.200 5.300 4.900 4.600 5.400 5.400 4.900 4.700 4.900 5.400 4.900 4.900 4.600 4.700 5.600 4.800 4.800 5.000 5.000 5.700 5.000 5.200 5.200 4.700 20/01/1976
7.500 7.400 7.300 6.800 6.800 7.200 7.000 7.200 7.100 7.000 7.200 7.200 7.200 7.000 7.200 7.400 7.200 7.200 6.900 6.900 7.600 7.100 7.100 7.300 7.300 7.800 7.300 7.500 7.500 6.900 21/01/1976
7.400 7.300 7.200 6.700 6.800 7.100 6.900 7.100 7.000 7.000 7.100 7.100 7.100 6.800 7.300 6.900 6.600 7.000 6.700 6.800 7.100 6.500 6.900 7.100 7.100 7.300 6.700 7.400 7.300 6.700 22/01/1976
7.900 7.800 7.800 7.500 7.000 7.700 7.600 7.700 7.400 7.100 7.700 7.700 7.500 7.300 7.300 7.800 7.600 7.400 7.200 7.200 8.000 7.600 7.400 7.500 7.500 8.100 7.700 7.700 7.700 7.200 23/01/1976
2.500 2.500 2.400 1.900 2.000 2.400 2.300 2.400 2.500 2.000 2.400 2.400 2.600 2.400 2.200 3.000 3.000 2.500 2.400 2.400 3.000 3.000 2.500 2.600 2.600 3.100 3.000 2.800 2.700 2.400 24/01/1976
0.400 0.300 0.300 -0.100 -0.500 0.200 0.100 0.200 -0.100 -0.500 0.200 0.200 -0.100 -0.200 -0.400 0.300 0.200 -0.100 -0.200 -0.200 0.400 0.100 -0.100 0.000 0.000 0.500 0.200 0.100 0.100 -0.200 25/01/1976
-0.300 -0.400 -0.500 -1.100 -1.400 -0.500 -0.700 -0.500 -0.800 -1.300 -0.500 -0.500 -0.800 -0.900 -1.200 -0.100 -0.200 -0.800 -1.000 -0.900 0.000 -0.200 -0.800 -0.700 -0.700 0.100 -0.100 -0.600 -0.600 -0.900 26/01/1976
0.500 0.400 0.300 -0.400 -0.800 0.200 0.000 0.200 0.000 -0.700 0.200 0.200 0.000 -0.100 -0.600 1.300 1.300 0.000 -0.200 -0.200 1.500 1.300 0.000 0.100 0.100 1.700 1.400 0.300 0.200 -0.200 27/01/1976
1.000 0.900 0.800 0.200 0.300 0.600 0.500 0.600 1.000 0.400 0.700 0.700 1.100 0.900 0.600 2.800 3.000 1.000 0.800 0.800 2.900 2.900 1.000 1.100 1.100 3.200 3.100 1.300 1.300 0.800 28/01/1976
1.200 1.100 1.100 0.600 1.000 1.100 1.000 1.100 1.600 1.000 1.100 1.100 1.600 1.600 1.100 2.900 3.100 1.600 1.500 1.600 2.900 3.100 1.600 1.600 1.600 2.900 3.100 1.700 1.700 1.500 29/01/1976
4.900 4.800 4.800 4.500 4.500 4.700 4.600 4.700 4.900 4.600 4.700 4.700 4.900 4.800 4.700 5.300 5.400 4.900 4.800 4.800 5.300 5.400 4.900 5.000 5.000 5.400 5.400 5.000 5.000 4.800 30/01/1976
3.400 3.400 3.400 3.000 3.700 3.400 3.300 3.400 4.100 3.800 3.400 3.400 4.100 4.100 3.800 4.300 4.600 4.100 4.000 4.000 4.300 4.600 4.100 4.100 4.100 4.300 4.600 4.100 4.100 4.000 31/01/1976
0.400 0.400 0.300 -0.100 0.500 0.300 0.200 0.300 1.000 0.600 0.300 0.300 1.100 1.000 0.700 1.500 2.000 1.000 0.900 1.000 1.500 1.900 1.000 1.100 1.100 1.600 2.000 1.200 1.200 1.000 01/02/1976
-0.200 -0.300 -0.300 -0.300 0.000 -0.400 -0.500 -0.400 0.400 0.100 -0.400 -0.400 0.500 0.400 0.200 0.900 1.400 0.400 0.300 0.300 0.900 1.400 0.400 0.500 0.500 1.000 1.500 0.600 0.600 0.300 02/02/1976
4.300 4.300 4.300 4.000 4.900 4.200 4.200 4.200 5.200 4.900 4.200 4.200 5.200 5.200 5.000 5.600 6.000 5.200 5.200 5.200 5.600 6.000 5.200 5.200 5.200 5.600 6.000 5.300 5.300 5.200 03/02/1976
7.300 7.300 7.300 7.100 8.000 7.200 7.200 7.200 8.200 8.000 7.300 7.300 8.200 8.100 8.100 8.300 8.700 8.200 8.100 8.100 8.400 8.700 8.200 8.200 8.200 8.400 8.700 8.300 8.300 8.100 04/02/1976
10.300 10.200 10.200 9.800 10.800 10.100 10.000 10.100 11.000 10.900 10.100 10.100 11.100 11.000 11.000 10.900 11.500 11.100 10.900 10.900 11.000 11.400 11.000 11.100 11.100 11.100 11.500 11.200 11.200 10.900 05/02/1976
10.100 10.000 10.000 10.000 10.200 9.900 9.800 9.900 10.400 10.200 9.900 9.900 10.400 10.300 10.300 10.600 10.900 10.400 10.300 10.300 10.700 10.800 10.400 10.400 10.400 10.800 10.900 10.500 10.500 10.300 06/02/1976
9.000 8.900 8.900 9.100 8.800 8.800 8.600 8.800 8.800 8.800 8.800 8.800 8.900 8.800 8.900 8.900 8.900 8.900 8.800 8.800 9.100 8.800 8.800 8.900 8.900 9.300 8.900 9.000 9.000 8.800 07/02/1976
8.200 8.100 8.000 7.400 7.300 7.900 7.800 7.900 7.800 7.400 7.900 7.900 7.800 7.700 7.500 8.400 8.200 7.800 7.600 7.600 8.600 8.200 7.800 7.900 7.900 8.700 8.300 8.000 8.000 7.600 08/02/1976
5.900 5.800 5.700 5.200 4.700 5.600 5.500 5.600 5.300 4.800 5.700 5.700 5.300 5.200 4.900 6.200 6.000 5.300 5.200 5.200 6.300 6.000 5.300 5.400 5.400 6.400 6.100 5.500 5.500 5.200 09/02/1976
5.900 5.700 5.700 4.400 4.600 5.500 5.300 5.500 5.200 4.700 5.500 5.600 5.200 5.100 4.900 6.400 6.200 5.200 5.000 5.000 6.600 6.200 5.200 5.300 5.300 6.800 6.300 5.500 5.500 5.000 10/02/1976
4.400 4.300 4.200 3.600 4.000 4.100 3.900 4.100 4.500 4.100 4.100 4.100 4.500 4.400 4.200 4.600 4.600 4.500 4.300 4.300 4.700 4.500 4.500 4.600 4.600 4.900 4.600 4.700 4.700 4.300 11/02/1976
4.900 4.800 4.700 4.100 3.600 4.600 4.400 4.600 4.200 3.700 4.600 4.600 4.300 4.100 3.800 5.000 4.900 4.200 4.000 4.100 5.100 4.900 4.200 4.300 4.300 5.300 5.000 4.500 4.500 4.000 12/02/1976
8.400 8.200 8.100 7.400 7.100 7.900 7.700 7.900 7.800 7.200 8.000 8.000 7.900 7.700 7.400 8.300 8.300 7.800 7.600 7.600 8.500 8.300 7.800 7.900 7.900 8.800 8.500 8.100 8.100 7.600 13/02/1976
4.200 4.000 3.900 2.800 2.400 3.700 3.400 3.700 3.200 2.500 3.700 3.800 3.400 3.100 2.700 4.200 4.200 3.300 3.000 3.000 4.500 4.100 3.200 3.400 3.400 4.900 4.400 3.700 3.600 3.000 14/02/1976
1.200 1.100 1.000 0.700 0.500 0.900 0.700 0.900 1.100 0.700 0.900 0.900 1.200 1.000 0.900 1.100 1.300 1.200 0.900 0.900 1.200 1.200 1.100 1.300 1.300 1.400 1.400 1.600 1.500 0.900 15/02/1976
-0.400 -0.600 -0.800 -1.200 -0.800 -1.100 -1.500 -1.100 -0.500 -0.700 -1.000 -1.000 -0.400 -0.600 -0.500 -0.400 0.200 -0.400 -0.700 -0.700 -0.100 0.200 -0.500 -0.300 -0.300 0.400 0.400 0.000 -0.100 -0.700 16/02/1976
1.500 1.300 1.300 1.800 2.400 1.100 1.000 1.100 2.500 2.400 1.200 1.200 2.500 2.400 2.500 2.000 2.600 2.500 2.400 2.400 2.300 2.600 2.400 2.500 2.500 2.600 2.700 2.500 2.500 2.400 17/02/1976
5.600 5.500 5.500 5.900 7.300 5.500 5.400 5.500 7.200 7.300 5.500 5.500 7.200 7.100 7.400 6.100 6.800 7.200 7.100 7.100 6.100 6.700 7.200 7.200 7.200 6.200 6.800 7.300 7.300 7.100 18/02/1976
10.000 9.900 9.900 9.400 9.700 9.900 9.800 9.900 10.100 9.800 9.900 9.900 10.200 10.100 9.900 10.600 10.800 10.200 10.100 10.100 10.600 10.700 10.100 10.200 10.200 10.600 10.800 10.300 10.300 10.100 19/02/1976
10.100 10.000 10.000 9.600 9.700 9.900 9.800 9.900 10.100 9.800 9.900 9.900 10.100 10.000 9.900 10.100 10.300 10.100 10.000 10.000 10.100 10.300 10.100 10.100 10.100 10.200 10.300 10.200 10.200 10.000 20/02/1976
10.000 9.900 9.800 9.500 9.800 9.700 9.600 9.700 10.100 9.900 9.700 9.800 10.200 10.000 10.000 10.500 10.700 10.200 10.000 10.000 10.600 10.700 10.100 10.200 10.200 10.700 10.800 10.400 10.300 10.000 21/02/1976
9.400 9.300 9.200 8.500 8.300 9.100 9.000 9.100 8.900 8.400 9.100 9.200 8.900 8.800 8.500 9.500 9.700 8.900 8.700 8.800 9.700 9.600 8.900 9.000 9.000 9.800 9.700 9.100 9.100 8.700 22/02/1976
9.100 9.000 8.900 8.700 8.300 8.800 8.700 8.800 8.600 8.400 8.900 8.900 8.600 8.500 8.500 9.100 8.800 8.600 8.500 8.500 9.200 8.800 8.600 8.700 8.700 9.400 8.900 8.800 8.800 8.500 23/02/1976
8.100 8.100 8.000 8.200 7.800 7.900 7.900 7.900 7.900 7.900 8.000 8.000 8.000 7.900 8.000 8.600 8.200 7.900 7.800 7.800 8.700 8.200 7.900 8.000 8.000 8.800 8.300 8.100 8.100 7.800 24/02/1976
9.400 9.300 9.300 9.100 9.500 9.200 9.100 9.200 9.700 9.500 9.200 9.200 9.800 9.700 9.700 10.100 10.300 9.800 9.600 9.600 10.300 10.300 9.700 9.800 9.800 10.400 10.400 9.900 9.900 9.600 25/02/1976
9.900 9.800 9.800 9.400 9.200 9.700 9.500 9.700 9.600 9.300 9.700 9.700 9.700 9.500 9.400 10.000 9.700 9.600 9.500 9.500 10.100 9.700 9.600 9.700 9.700 10.300 9.800 9.800 9.800 9.500 26/02/1976
9.200 9.100 9.100 8.800 11.000 9.100 9.100 9.100 10.500 11.000 9.100 9.100 10.500 10.500 11.100 9.700 9.600 10.500 10.400 10.400 9.700 9.600 10.500 10.500 10.500 9.700 9.600 10.600 10.600 10.400 27/02/1976
8.200 8.200 8.200 8.200 9.200 8.100 8.100 8.100 8.900 9.300 8.100 8.100 8.900 8.800 9.400 8.700 8.400 8.900 8.800 8.800 8.800 8.400 8.900 8.900 8.900 8.800 8.500 9.000 9.000 8.800 28/02/1976
9.000 8.900 8.900 9.200 9.000 8.900 8.900 8.900 9.100 9.000 8.900 8.900 9.200 9.100 9.100 10.100 9.700 9.100 9.100 9.100 10.000 9.700 9.100 9.200 9.200 10.000 9.700 9.200 9.200 9.100 29/02/1976
11.100 11.000 11.000 11.500 12.000 11.000 11.000 11.000 11.700 12.000 11.000 11.000 11.700 11.600 12.100 11.400 11.000 11.700 11.600 11.600 11.400 11.000 11.700 11.700 11.700 11.400 11.000 11.700 11.700 11.600 01/03/1976
10.200 10.000 10.000 9.900 10.900 9.800 9.700 9.800 10.800 10.900 9.900 9.900 10.900 10.800 11.000 10.600 10.700 10.800 10.700 10.700 10.700 10.700 10.800 10.900 10.900 10.900 10.700 11.000 11.000 10.700 02/03/1976
8.700 8.600 8.600 8.700 9.500 8.500 8.500 8.500 9.400 9.500 8.600 8.600 9.500 9.400 9.600 9.400 9.500 9.400 9.400 9.400 9.500 9.500 9.400 9.500 9.500 9.500 9.500 9.600 9.500 9.400 03/03/1976
7.900 7.900 7.900 8.100 9.000 7.900 7.900 7.900 9.000 9.000 7.900 7.900 9.000 9.000 9.100 9.100 9.400 9.000 8.900 9.000 9.000 9.400 9.000 9.000 9.000 9.000 9.400 9.000 9.000 8.900 04/03/1976
6.200 6.100 6.000 6.500 7.500 5.900 5.700 5.900 7.300 7.500 5.900 6.000 7.300 7.200 7.600 7.100 7.500 7.300 7.200 7.200 7.300 7.500 7.300 7.300 7.300 7.400 7.500 7.400 7.400 7.200 05/03/1976
3.800 3.700 3.600 3.700 4.600 3.500 3.300 3.500 4.600 4.600 3.500 3.500 4.700 4.600 4.700 4.800 5.400 4.600 4.600 4.600 5.000 5.400 4.600 4.700 4.700 5.200 5.400 4.700 4.700 4.600 06/03/1976
4.400 4.300 4.300 3.900 5.200 4.300 4.200 4.300 5.600 5.300 4.300 4.300 5.700 5.600 5.300 5.900 6.800 5.600 5.600 5.600 5.900 6.800 5.600 5.700 5.700 5.900 6.800 5.700 5.700 5.600 07/03/1976
3.600 3.500 3.400 2.700 4.100 3.300 3.200 3.300 4.600 4.200 3.300 3.400 4.700 4.500 4.300 4.800 5.600 4.600 4.500 4.500 4.900 5.600 4.600 4.700 4.700 5.100 5.700 4.800 4.800 4.500 08/03/1976
1.500 1.400 1.300 0.500 1.400 1.100 0.900 1.100 1.700 1.500 1.100 1.200 1.800 1.700 1.600 1.900 2.300 1.800 1.600 1.600 2.200 2.300 1.700 1.900 1.900 2.400 2.400 2.000 2.000 1.600 09/03/1976
2.500 2.400 2.300 1.700 2.700 2.200 2.000 2.200 2.600 2.800 2.200 2.200 2.700 2.500 2.900 2.700 2.500 2.600 2.500 2.500 2.800 2.400 2.600 2.700 2.700 3.000 2.600 2.900 2.800 2.500 10/03/1976
5.900 5.700 5.600 5.200 5.700 5.400 5.100 5.400 5.900 5.700 5.400 5.500 6.000 5.900 5.900 5.900 6.100 6.000 5.800 5.800 6.100 6.000 5.900 6.000 6.000 6.400 6.200 6.200 6.100 5.800 11/03/1976
6.900 6.800 6.700 5.900 5.900 6.500 6.300 6.500 6.500 6.000 6.500 6.600 6.600 6.400 6.200 6.600 6.600 6.500 6.300 6.300 6.800 6.600 6.500 6.600 6.600 7.100 6.800 6.800 6.800 6.300 12/03/1976
6.400 6.300 6.200 5.300 4.600 6.100 5.900 6.100 5.400 4.700 6.100 6.200 5.500 5.300 4.800 6.600 6.400 5.400 5.200 5.300 6.800 6.300 5.400 5.500 5.500 7.000 6.500 5.700 5.600 5.200 13/03/1976
7.000 6.900 6.800 5.800 5.300 6.600 6.400 6.600 6.100 5.500 6.700 6.700 6.200 6.000 5.600 7.000 7.000 6.200 5.900 6.000 7.200 6.900 6.100 6.300 6.300 7.500 7.100 6.500 6.400 6.000 14/03/1976
7.500 7.400 7.300 6.700 6.400 7.200 7.000 7.200 7.200 6.500 7.200 7.200 7.300 7.100 6.700 7.100 7.100 7.300 7.100 7.100 7.300 7.000 7.200 7.300 7.300 7.500 7.200 7.500 7.500 7.100 15/03/1976
7.000 7.000 6.900 6.500 6.400 6.800 6.700 6.800 6.800 6.500 6.800 6.800 6.900 6.800 6.600 7.100 7.100 6.900 6.700 6.700 7.200 7.000 6.800 6.900 6.900 7.300 7.100 7.100 7.100 6.700 16/03/1976
6.900 6.800 6.700 6.800 7.100 6.600 6.500 6.600 7.400 7.200 6.600 6.700 7.400 7.300 7.300 7.500 7.700 7.400 7.300 7.300 7.600 7.700 7.400 7.500 7.500 7.800 7.800 7.600 7.600 7.300 17/03/1976
11.200 11.100 11.000 10.900 11.000 10.900 10.700 10.900 11.600 11.100 10.900 10.900 11.700 11.500 11.300 10.900 11.400 11.600 11.400 11.400 11.100 11.300 11.600 11.700 11.700 11.300 11.500 11.900 11.900 11.400 18/03/1976
12.600 12.500 12.400 12.100 12.700 12.400 12.300 12.400 12.900 12.800 12.400 12.400 12.900 12.800 12.900 12.900 12.900 12.900 12.800 12.800 13.000 12.900 12.900 12.900 12.900 13.100 13.000 13.000 13.000 12.800 19/03/1976
10.800 10.700 10.600 10.100 10.900 10.500 10.400 10.500 11.200 10.900 10.600 10.600 11.300 11.200 11.000 11.700 11.900 11.200 11.100 11.200 11.800 11.900 11.200 11.300 11.300 12.000 12.000 11.400 11.400 11.100 20/03/1976
9.000 8.900 8.800 8.600 9.100 8.700 8.500 8.700 9.500 9.200 8.700 8.700 9.500 9.400 9.300 9.700 10.200 9.500 9.300 9.400 9.800 10.200 9.500 9.600 9.600 10.100 10.300 9.700 9.700 9.300 21/03/1976
7.900 7.800 7.700 6.800 6.700 7.600 7.400 7.600 7.300 6.800 7.600 7.600 7.400 7.200 6.900 7.700 7.800 7.400 7.200 7.200 7.900 7.700 7.300 7.500 7.500 8.200 7.900 7.700 7.600 7.200 22/03/1976
3.000 2.900 2.800 1.900 1.500 2.600 2.400 2.600 2.400 1.600 2.700 2.700 2.500 2.200 1.800 3.500 3.600 2.400 2.200 2.200 3.800 3.600 2.400 2.500 2.500 4.100 3.800 2.700 2.700 2.200 23/03/1976
5.000 5.000 4.900 4.700 4.000 4.900 4.800 4.900 4.800 4.200 4.900 4.900 4.900 4.700 4.400 4.800 4.800 4.800 4.600 4.600 4.900 4.800 4.800 5.000 5.000 4.900 4.900 5.200 5.100 4.600 24/03/1976
5.900 5.900 5.800 5.900 6.400 5.700 5.600 5.700 6.200 6.500 5.800 5.800 6.300 6.100 6.700 6.100 5.700 6.300 6.100 6.100 6.200 5.700 6.200 6.400 6.400 6.300 5.700 6.500 6.500 6.100 25/03/1976
6.900 6.900 6.800 7.400 7.900 6.800 6.700 6.800 7.600 8.000 6.800 6.800 7.600 7.500 8.100 7.000 7.100 7.600 7.500 7.500 7.000 7.100 7.600 7.700 7.700 7.100 7.100 7.800 7.700 7.500 26/03/1976
7.700 7.700 7.600 7.500 7.900 7.500 7.400 7.500 8.100 7.900 7.600 7.600 8.100 8.000 8.000 8.300 8.600 8.100 8.000 8.000 8.400 8.600 8.100 8.200 8.200 8.600 8.600 8.300 8.300 8.000 27/03/1976
9.800 9.700 9.600 9.300 10.300 9.500 9.400 9.500 10.100 10.300 9.600 9.600 10.100 10.000 10.400 9.900 9.800 10.100 10.000 10.000 10.000 9.800 10.100 10.200 10.200 10.100 9.800 10.300 10.200 10.000 28/03/1976
12.000 12.000 12.000 12.300 13.600 11.900 11.800 11.900 13.200 13.700 11.900 11.900 13.300 13.200 13.700 12.900 13.100 13.200 13.200 13.200 12.900 13.100 13.200 13.300 13.300 13.000 13.100 13.300 13.300 13.200 29/03/1976
7.800 7.600 7.500 7.300 8.700 7.200 6.900 7.200 8.500 8.800 7.300 7.300 8.500 8.300 9.000 8.100 8.600 8.500 8.300 8.300 8.400 8.600 8.400 8.600 8.600 8.700 8.700 8.800 8.800 8.300 30/03/1976
9.700 9.500 9.400 9.900 10.600 9.100 8.800 9.100 10.100 10.700 9.200 9.200 10.200 10.000 10.800 9.900 10.400 10.200 9.900 10.000 10.300 10.300 10.100 10.300 10.300 10.700 10.500 10.500 10.400 9.900 31/03/1976
12.400 12.300 12.300 13.100 14.300 12.200 12.100 12.200 13.900 14.400 12.200 12.200 13.900 13.900 14.400 13.000 13.800 13.900 13.900 13.900 13.100 13.800 13.900 13.900 13.900 13.300 13.800 13.900 13.900 13.900 01/04/1976
10.200 10.100 10.100 10.400 11.700 10.000 9.900 10.000 11.600 11.700 10.000 10.000 11.600 11.500 11.800 10.500 11.200 11.600 11.500 11.500 10.600 11.200 11.600 11.600 11.600 10.700 11.200 11.700 11.700 11.500 02/04/1976
11.000 10.900 10.800 10.500 11.700 10.700 10.600 10.700 12.000 11.800 10.700 10.800 12.100 12.000 11.900 11.300 12.100 12.000 11.900 11.900 11.500 12.000 12.000 12.100 12.100 11.600 12.100 12.200 12.200 11.900 03/04/1976
9.900 9.800 9.800 9.700 11.100 9.700 9.500 9.700 11.300 11.200 9.700 9.700 11.300 11.200 11.300 10.300 11.100 11.300 11.100 11.200 10.400 11.100 11.200 11.300 11.300 10.600 11.200 11.500 11.400 11.100 04/04/1976
10.700 10.600 10.500 10.200 11.300 10.400 10.200 10.400 11.500 11.400 10.400 10.400 11.600 11.500 11.500 11.000 11.700 11.600 11.400 11.400 11.200 11.600 11.500 11.600 11.600 11.400 11.800 11.800 11.700 11.400 05/04/1976
11.500 11.400 11.400 11.500 12.100 11.300 11.100 11.300 12.100 12.100 11.300 11.300 12.100 12.100 12.200 11.600 11.900 12.100 12.000 12.000 11.700 11.900 12.100 12.200 12.200 12.000 12.000 12.300 12.200 12.000 06/04/1976
10.400 10.300 10.200 10.500 10.000 10.000 9.800 10.000 10.400 10.100 10.100 10.100 10.500 10.300 10.300 9.900 10.100 10.500 10.200 10.200 10.100 10.000 10.400 10.600 10.600 10.300 10.200 10.800 10.800 10.200 07/04/1976
8.900 8.800 8.800 8.100 8.600 8.700 8.600 8.700 9.100 8.700 8.700 8.700 9.200 9.000 8.900 9.300 9.700 9.200 8.900 9.000 9.500 9.600 9.100 9.200 9.300 9.600 9.800 9.500 9.400 8.900 08/04/1976
6.600 6.500 6.500 6.500 6.800 6.400 6.200 6.400 6.700 6.900 6.400 6.400 6.800 6.600 7.200 7.000 7.300 6.800 6.600 6.600 7.200 7.200 6.700 6.900 6.900 7.400 7.400 7.100 7.000 6.600 09/04/1976
7.400 7.300 7.200 7.300 7.500 7.100 6.900 7.100 7.700 7.600 7.100 7.100 7.800 7.600 7.800 7.800 7.900 7.800 7.600 7.600 7.900 7.900 7.700 7.900 7.900 8.000 8.000 8.100 8.000 7.600 10/04/1976
7.900 7.800 7.800 8.300 8.500 7.700 7.600 7.700 8.300 8.600 7.700 7.700 8.400 8.200 8.800 8.100 8.500 8.400 8.200 8.200 8.300 8.500 8.300 8.500 8.500 8.400 8.600 8.600 8.600 8.200 11/04/1976
9.200 9.100 9.100 9.900 10.100 9.100 9.000 9.100 9.900 10.100 9.100 9.100 9.900 9.900 10.200 9.400 9.700 9.900 9.800 9.900 9.500 9.700 9.900 10.000 10.000 9.600 9.800 10.000 10.000 9.800 12/04/1976
9.100 9.100 9.000 9.700 9.900 9.000 8.900 9.000 9.700 10.000 9.000 9.000 9.800 9.700 10.100 9.600 9.900 9.800 9.700 9.700 9.700 9.900 9.700 9.800 9.800 9.800 10.000 9.900 9.900 9.700 13/04/1976
7.700 7.600 7.500 6.800 6.500 7.400 7.200 7.400 7.300 6.600 7.400 7.400 7.300 7.200 6.800 7.900 7.900 7.300 7.100 7.100 8.100 7.900 7.300 7.400 7.400 8.200 8.000 7.600 7.600 7.100 14/04/1976
7.800 7.700 7.700 7.200 6.800 7.600 7.400 7.600 7.400 6.900 7.600 7.600 7.400 7.300 7.000 8.000 7.800 7.400 7.200 7.300 8.100 7.700 7.400 7.500 7.500 8.300 7.900 7.600 7.600 7.200 15/04/1976
11.700 11.600 11.600 11.700 11.100 11.500 11.400 11.500 11.400 11.100 11.500 11.600 11.400 11.300 11.200 11.700 11.400 11.400 11.300 11.300 11.800 11.400 11.400 11.400 11.400 11.800 11.500 11.500 11.500 11.300 16/04/1976
12.800 12.800 12.700 12.400 12.400 12.700 12.600 12.700 12.900 12.500 12.700 12.700 12.900 12.800 12.600 13.100 13.100 12.900 12.800 12.800 13.200 13.100 12.900 13.000 13.000 13.300 13.200 13.100 13.000 12.800 17/04/1976
13.000 12.900 12.900 13.200 13.200 12.800 12.800 12.800 13.500 13.300 12.900 12.900 13.500 13.400 13.400 13.200 13.600 13.500 13.400 13.400 13.200 13.600 13.500 13.600 13.600 13.300 13.700 13.700 13.700 13.400 18/04/1976
13.400 13.300 13.300 13.200 13.200 13.200 13.100 13.200 13.500 13.300 13.200 13.200 13.500 13.400 13.400 13.600 13.900 13.500 13.400 13.400 13.600 13.900 13.500 13.500 13.600 13.700 14.000 13.700 13.600 13.400 19/04/1976
14.800 14.700 14.700 14.200 13.700 14.600 14.500 14.600 14.200 13.800 14.600 14.600 14.300 14.200 13.900 14.600 14.600 14.300 14.100 14.100 14.700 14.600 14.200 14.300 14.300 14.700 14.700 14.400 14.400 14.100 20/04/1976
14.100 14.100 14.000 13.500 13.000 14.000 13.900 14.000 13.400 13.100 14.000 14.000 13.400 13.300 13.200 14.500 14.300 13.400 13.200 13.300 14.600 14.300 13.300 13.400 13.400 14.700 14.400 13.500 13.500 13.300 21/04/1976
13.500 13.400 13.400 13.100 13.200 13.300 13.300 13.300 13.700 13.300 13.300 13.400 13.700 13.600 13.300 13.900 13.700 13.700 13.600 13.600 13.900 13.700 13.700 13.700 13.700 13.900 13.700 13.800 13.800 13.600 22/04/1976
6.800 6.700 6.700 6.400 6.600 6.600 6.500 6.600 7.000 6.600 6.600 6.600 7.000 6.900 6.700 7.700 7.700 7.000 6.900 6.900 7.800 7.700 7.000 7.000 7.000 7.900 7.800 7.100 7.100 6.900 23/04/1976
4.900 4.900 4.800 3.500 2.900 4.700 4.600 4.700 3.800 3.000 4.700 4.700 3.800 3.700 3.100 5.100 4.800 3.800 3.600 3.600 5.100 4.800 3.700 3.900 3.900 5.200 4.900 4.100 4.000 3.600 24/04/1976
5.900 5.800 5.700 5.200 4.400 5.600 5.400 5.600 5.600 4.500 5.600 5.600 5.700 5.400 4.800 5.800 5.800 5.600 5.300 5.300 5.900 5.800 5.600 5.800 5.800 6.000 5.900 6.100 6.000 5.300 25/04/1976
9.500 9.400 9.300 9.300 8.300 9.200 9.000 9.200 9.100 8.400 9.200 9.200 9.200 8.900 8.600 9.200 9.200 9.100 8.800 8.900 9.300 9.100 9.000 9.200 9.200 9.500 9.300 9.500 9.400 8.800 26/04/1976
11.600 11.500 11.500 11.700 11.500 11.400 11.200 11.400 11.900 11.600 11.400 11.400 12.000 11.800 11.800 11.600 11.800 11.900 11.700 11.700 11.700 11.700 11.900 12.000 12.000 11.800 11.900 12.200 12.200 11.700 27/04/1976
9.800 9.700 9.600 9.000 10.100 9.500 9.400 9.500 10.700 10.200 9.500 9.500 10.800 10.600 10.400 10.800 11.500 10.700 10.500 10.500 10.900 11.500 10.700 10.800 10.800 11.100 11.600 11.000 10.900 10.500 28/04/1976
7.400 7.300 7.300 6.900 7.600 7.100 7.000 7.100 8.200 7.700 7.200 7.200 8.300 8.000 7.900 7.800 8.500 8.200 7.900 8.000 8.000 8.400 8.100 8.300 8.300 8.300 8.600 8.600 8.500 7.900 29/04/1976
8.700 8.600 8.500 8.500 9.300 8.400 8.300 8.400 9.400 9.400 8.500 8.500 9.500 9.300 9.500 9.300 9.800 9.400 9.200 9.300 9.500 9.700 9.400 9.500 9.500 9.700 9.900 9.700 9.700 9.200 30/04/1976
10.800 10.700 10.700 11.100 11.700 10.600 10.500 10.600 11.700 11.800 10.600 10.600 11.800 11.700 12.000 11.200 11.400 11.800 11.600 11.600 11.300 11.400 11.700 11.800 11.800 11.400 11.500 12.000 11.900 11.600 01/05/1976
10.800 10.700 10.700 11.500 11.600 10.600 10.500 10.600 11.800 11.600 10.600 10.600 11.800 11.700 11.800 10.700 11.100 11.800 11.600 11.600 10.700 11.100 11.800 11.900 11.900 10.800 11.200 12.100 12.000 11.600 02/05/1976
12.100 11.900 11.800 11.200 11.300 11.600 11.300 11.600 12.000 11.400 11.600 11.700 12.100 11.800 11.600 11.500 11.900 12.000 11.700 11.800 11.800 11.800 11.900 12.100 12.100 12.100 12.000 12.400 12.300 11.700 03/05/1976
14.600 14.400 14.400 13.700 14.000 14.200 14.000 14.200 14.800 14.200 14.300 14.300 14.900 14.700 14.300 14.800 15.300 14.900 14.600 14.700 15.000 15.200 14.800 15.000 15.000 15.100 15.400 15.200 15.100 14.700 04/05/1976
19.200 19.100 19.100 19.000 19.400 19.000 18.900 19.000 19.500 19.500 19.000 19.000 19.500 19.500 19.500 18.900 19.100 19.500 19.500 19.500 18.900 19.200 19.500 19.500 19.500 18.900 19.100 19.500 19.500 19.500 05/05/1976
19.600 19.500 19.500 20.100 20.600 19.500 19.500 19.500 20.300 20.600 19.500 19.500 20.400 20.300 20.600 20.200 20.200 20.400 20.300 20.300 20.300 20.200 20.300 20.400 20.400 20.300 20.200 20.400 20.400 20.300 06/05/1976
20.200 20.200 20.200 19.800 20.000 20.100 20.100 20.100 20.400 20.000 20.100 20.200 20.400 20.300 20.100 20.800 20.900 20.400 20.300 20.300 20.900 20.900 20.400 20.400 20.400 20.900 20.900 20.500 20.500 20.300 07/05/1976
18.700 18.600 18.600 18.000 17.800 18.500 18.400 18.500 18.300 17.800 18.500 18.500 18.400 18.300 17.900 19.100 19.100 18.400 18.200 18.300 19.200 19.100 18.300 18.400 18.400 19.400 19.200 18.500 18.500 18.200 08/05/1976
17.100 17.000 17.000 17.200 16.100 16.900 16.800 16.900 16.600 16.100 16.900 16.900 16.700 16.500 16.300 17.000 17.000 16.600 16.500 16.500 17.100 17.000 16.600 16.700 16.700 17.200 17.100 16.800 16.800 16.500 09/05/1976
15.000 14.900 14.800 14.700 14.100 14.700 14.600 14.700 14.600 14.100 14.800 14.800 14.600 14.500 14.200 14.900 14.900 14.600 14.500 14.500 15.000 14.800 14.600 14.600 14.600 15.200 14.900 14.700 14.700 14.500 10/05/1976
12.800 12.800 12.700 12.600 12.400 12.600 12.500 12.600 12.700 12.400 12.600 12.600 12.700 12.600 12.600 12.700 12.900 12.700 12.600 12.600 12.800 12.900 12.700 12.800 12.800 13.000 13.000 12.900 12.900 12.600 11/05/1976
10.700 10.500 10.400 10.000 9.800 10.300 10.000 10.300 10.600 10.000 10.300 10.300 10.700 10.400 10.200 10.600 10.900 10.700 10.300 10.400 10.800 10.800 10.600 10.800 10.800 11.000 11.000 11.100 11.100 10.300 12/05/1976
11.300 11.300 11.300 11.200 11.300 11.200 11.200 11.200 12.200 11.500 11.200 11.200 12.300 12.000 11.700 11.700 12.100 12.200 11.900 11.900 11.800 12.000 12.200 12.300 12.400 11.900 12.200 12.600 12.600 11.900 13/05/1976
12.900 12.800 12.800 13.600 13.800 12.700 12.600 12.700 14.000 13.900 12.700 12.700 14.100 13.900 14.000 13.300 13.800 14.000 13.800 13.800 13.400 13.800 14.000 14.100 14.100 13.600 13.900 14.300 14.200 13.800 14/05/1976
12.800 12.800 12.700 12.700 12.800 12.700 12.600 12.700 13.200 12.900 12.700 12.700 13.300 13.200 13.100 13.100 13.300 13.300 13.100 13.100 13.200 13.300 13.200 13.300 13.400 13.300 13.400 13.500 13.500 13.100 15/05/1976
14.600 14.500 14.400 14.000 14.000 14.300 14.200 14.300 14.300 14.200 14.400 14.400 14.400 14.200 14.400 14.300 14.200 14.300 14.100 14.100 14.400 14.200 14.300 14.400 14.400 14.500 14.300 14.600 14.600 14.100 16/05/1976
16.700 16.600 16.500 16.700 16.900 16.500 16.400 16.500 17.100 17.000 16.500 16.500 17.200 17.100 17.100 16.900 17.300 17.200 17.000 17.000 16.900 17.300 17.100 17.200 17.200 17.000 17.300 17.400 17.300 17.000 17/05/1976
15.300 15.200 15.100 14.900 15.600 15.000 14.900 15.000 15.800 15.700 15.000 15.000 15.900 15.800 15.800 15.200 15.600 15.800 15.700 15.700 15.400 15.500 15.800 15.900 15.900 15.600 15.600 16.000 16.000 15.700 18/05/1976
11.400 11.300 11.300 10.900 10.700 11.100 11.000 11.100 11.500 10.900 11.200 11.200 11.600 11.400 11.100 11.100 11.300 11.500 11.300 11.300 11.300 11.300 11.500 11.600 11.700 11.400 11.400 11.900 11.800 11.300 19/05/1976
10.700 10.500 10.500 9.900 9.900 10.300 10.100 10.300 10.700 10.000 10.400 10.400 10.800 10.600 10.200 10.200 10.500 10.700 10.400 10.500 10.300 10.400 10.700 10.900 10.900 10.500 10.600 11.100 11.100 10.500 20/05/1976
12.600 12.500 12.500 12.100 12.200 12.500 12.400 12.500 12.600 12.300 12.500 12.500 12.700 12.500 12.600 12.500 12.800 12.700 12.500 12.500 12.600 12.800 12.600 12.800 12.800 12.700 12.900 12.900 12.900 12.500 21/05/1976
14.300 14.200 14.200 14.100 14.200 14.100 13.900 14.100 14.300 14.300 14.100 14.100 14.400 14.200 14.500 14.700 15.000 14.300 14.200 14.200 14.800 15.000 14.300 14.400 14.400 15.000 15.100 14.600 14.600 14.200 22/05/1976
17.300 17.200 17.100 16.400 17.100 16.900 16.600 16.900 17.500 17.100 16.900 16.900 17.600 17.500 17.300 17.700 18.100 17.600 17.400 17.400 18.000 18.000 17.500 17.600 17.700 18.300 18.200 17.800 17.800 17.400 23/05/1976
17.400 17.400 17.300 17.900 18.100 17.200 17.000 17.200 18.000 18.200 17.200 17.200 18.000 17.900 18.300 17.000 17.300 18.000 17.900 17.900 17.200 17.300 18.000 18.000 18.000 17.500 17.300 18.100 18.100 17.900 24/05/1976
14.800 14.700 14.700 14.900 14.400 14.600 14.600 14.600 14.800 14.500 14.700 14.700 14.800 14.700 14.600 14.500 14.500 14.800 14.600 14.700 14.600 14.500 14.800 14.900 14.900 14.800 14.600 15.000 15.000 14.600 25/05/1976
13.700 13.600 13.600 13.600 13.500 13.500 13.400 13.500 13.800 13.700 13.500 13.500 13.900 13.700 13.900 13.400 13.600 13.800 13.600 13.600 13.400 13.600 13.800 13.900 14.000 13.500 13.700 14.200 14.100 13.600 26/05/1976
14.800 14.700 14.600 14.800 14.500 14.500 14.300 14.500 15.100 14.600 14.500 14.500 15.200 14.900 14.800 15.000 15.200 15.100 14.800 14.900 15.100 15.200 15.100 15.200 15.200 15.300 15.400 15.500 15.400 14.900 27/05/1976
18.600 18.500 18.500 18.400 18.700 18.400 18.200 18.400 18.900 18.700 18.400 18.400 19.000 18.900 18.800 19.200 19.500 19.000 18.800 18.900 19.300 19.500 18.900 19.000 19.000 19.500 19.600 19.200 19.100 18.800 28/05/1976
15.400 15.300 15.200 15.300 14.900 15.200 15.100 15.200 15.400 15.000 15.200 15.200 15.500 15.300 15.100 15.500 15.700 15.400 15.300 15.300 15.600 15.600 15.400 15.500 15.500 15.700 15.700 15.600 15.600 15.300 29/05/1976
14.800 14.700 14.600 14.200 14.400 14.500 14.300 14.500 14.700 14.500 14.500 14.600 14.700 14.600 14.700 14.700 15.000 14.700 14.500 14.500 14.900 14.900 14.600 14.800 14.800 15.200 15.100 15.000 14.900 14.500 30/05/1976
17.700 17.600 17.500 17.200 17.500 17.400 17.300 17.400 17.700 17.600 17.400 17.400 17.700 17.600 17.700 17.900 18.000 17.700 17.500 17.500 18.100 18.000 17.700 17.800 17.800 18.200 18.100 17.900 17.900 17.500 31/05/1976
18.900 18.800 18.800 19.000 19.100 18.600 18.500 18.600 19.300 19.200 18.700 18.700 19.300 19.200 19.300 19.300 19.600 19.300 19.200 19.200 19.400 19.600 19.300 19.400 19.400 19.500 19.700 19.500 19.500 19.200 01/06/1976
15.900 15.800 15.800 15.400 16.000 15.700 15.600 15.700 16.500 16.100 15.700 15.700 16.500 16.300 16.300 16.600 16.900 16.500 16.200 16.300 16.700 16.900 16.400 16.600 16.600 16.900 17.000 16.800 16.800 16.300 02/06/1976
14.500 14.500 14.500 14.500 13.800 14.600 14.600 14.600 14.200 13.900 14.500 14.500 14.200 14.200 14.000 15.300 15.200 14.200 14.100 14.200 15.300 15.100 14.200 14.300 14.300 15.200 15.200 14.300 14.300 14.100 03/06/1976
12.600 12.500 12.500 11.900 11.600 12.400 12.300 12.400 12.300 11.700 12.400 12.400 12.400 12.200 11.900 13.500 13.200 12.300 12.100 12.100 13.600 13.200 12.300 12.400 12.400 13.700 13.300 12.600 12.500 12.100 04/06/1976
12.400 12.400 12.400 12.600 12.300 12.400 12.300 12.400 12.500 12.400 12.400 12.400 12.600 12.500 12.500 13.300 13.100 12.600 12.400 12.500 13.400 13.100 12.500 12.600 12.600 13.400 13.200 12.700 12.700 12.400 05/06/1976
15.800 15.800 15.800 16.400 16.200 15.800 15.700 15.800 16.400 16.300 15.800 15.800 16.400 16.300 16.500 16.300 16.300 16.400 16.200 16.200 16.300 16.300 16.400 16.500 16.500 16.300 16.300 16.700 16.600 16.200 06/06/1976
19.800 19.600 19.600 19.500 19.500 19.400 19.300 19.400 19.900 19.600 19.500 19.500 20.000 19.800 19.800 20.100 20.400 20.000 19.800 19.800 20.300 20.300 19.900 20.100 20.100 20.500 20.500 20.300 20.200 19.800 07/06/1976
22.300 22.200 22.100 21.900 22.000 22.100 21.900 22.100 22.500 22.100 22.100 22.100 22.600 22.500 22.200 22.500 22.900 22.600 22.400 22.400 22.600 22.900 22.500 22.600 22.700 22.700 23.000 22.800 22.800 22.400 08/06/1976
18.700 18.700 18.600 18.500 18.200 18.500 18.500 18.500 18.500 18.200 18.600 18.600 18.600 18.500 18.400 18.200 18.400 18.600 18.500 18.500 18.400 18.300 18.500 18.600 18.600 18.600 18.500 18.700 18.700 18.500 09/06/1976
17.200 17.100 17.000 17.100 17.100 16.900 16.800 16.900 17.200 17.200 16.900 17.000 17.300 17.100 17.400 16.800 16.900 17.200 17.100 17.100 16.900 16.900 17.200 17.300 17.300 17.100 17.000 17.500 17.400 17.100 10/06/1976
20.100 20.100 20.100 20.800 20.900 20.100 20.100 20.100 20.800 21.000 20.100 20.100 20.800 20.700 21.100 20.300 20.700 20.800 20.700 20.700 20.300 20.600 20.800 20.800 20.900 20.400 20.700 21.000 20.900 20.700 11/06/1976
22.800 22.900 22.900 23.600 23.300 22.900 22.900 22.900 23.300 23.400 22.900 22.900 23.300 23.300 23.400 23.400 23.600 23.300 23.200 23.200 23.400 23.600 23.300 23.300 23.300 23.400 23.600 23.300 23.300 23.200 12/06/1976
24.700 24.700 24.700 25.200 24.600 24.800 24.800 24.800 24.700 24.600 24.800 24.800 24.700 24.700 24.600 25.400 25.400 24.700 24.700 24.700 25.400 25.400 24.700 24.700 24.700 25.300 25.300 24.700 24.700 24.700 13/06/1976
23.300 23.300 23.300 23.900 22.900 23.200 23.100 23.200 22.900 22.900 23.200 23.200 23.000 22.900 23.000 22.900 22.900 23.000 22.900 22.900 23.100 22.900 22.900 23.000 23.000 23.200 23.000 23.100 23.100 22.900 14/06/1976
23.200 23.200 23.100 23.100 22.800 23.100 23.000 23.100 23.000 22.900 23.100 23.100 23.100 23.000 22.900 23.400 23.400 23.000 23.000 23.000 23.500 23.400 23.000 23.100 23.100 23.700 23.400 23.100 23.100 23.000 15/06/1976
24.000 23.900 23.900 23.500 23.900 23.900 23.800 23.900 24.100 23.900 23.900 23.900 24.100 24.100 24.000 24.800 24.600 24.100 24.000 24.000 24.800 24.600 24.100 24.100 24.100 24.800 24.600 24.200 24.200 24.000 16/06/1976
21.900 21.800 21.700 21.400 21.200 21.700 21.600 21.700 21.900 21.300 21.700 21.700 22.000 21.800 21.500 22.300 22.400 21.900 21.700 21.700 22.300 22.400 21.900 22.000 22.000 22.300 22.400 22.200 22.200 21.700 17/06/1976
21.500 21.400 21.400 21.600 21.000 21.300 21.200 21.300 21.600 21.100 21.300 21.400 21.700 21.500 21.300 21.400 21.400 21.600 21.400 21.400 21.400 21.300 21.600 21.700 21.700 21.400 21.400 21.900 21.800 21.400 18/06/1976
20.000 20.000 19.900 20.100 20.000 19.800 19.700 19.800 20.300 20.100 19.800 19.800 20.400 20.300 20.300 19.900 20.200 20.400 20.200 20.200 20.000 20.200 20.300 20.400 20.400 20.200 20.300 20.600 20.500 20.200 19/06/1976
20.200 20.100 20.000 19.700 20.200 19.900 19.700 19.900 20.500 20.300 19.900 19.900 20.500 20.400 20.400 20.300 20.900 20.500 20.400 20.400 20.500 20.800 20.500 20.600 20.600 20.700 21.000 20.700 20.700 20.400 20/06/1976
21.400 21.300 21.300 22.100 22.300 21.300 21.200 21.300 22.100 22.300 21.300 21.300 22.100 22.100 22.400 21.900 22.200 22.100 22.000 22.100 22.000 22.200 22.100 22.200 22.200 22.100 22.200 22.200 22.200 22.000 21/06/1976
24.000 23.900 23.800 23.800 23.300 23.800 23.700 23.800 23.700 23.400 23.800 23.800 23.800 23.700 23.500 24.200 24.200 23.800 23.600 23.600 24.400 24.200 23.700 23.800 23.800 24.500 24.300 23.900 23.900 23.600 22/06/1976
25.000 25.000 25.000 25.300 24.700 25.000 24.900 25.000 24.900 24.700 25.000 25.000 25.000 24.900 24.800 25.200 25.100 25.000 24.900 24.900 25.300 25.100 24.900 25.000 25.000 25.300 25.200 25.100 25.100 24.900 23/06/1976
27.200 27.200 27.200 27.100 26.500 27.200 27.200 27.200 26.800 26.500 27.200 27.200 26.800 26.700 26.600 27.700 27.300 26.800 26.700 26.700 27.600 27.300 26.800 26.800 26.800 27.600 27.300 26.900 26.800 26.700 24/06/1976
27.700 27.600 27.600 27.400 27.300 27.600 27.600 27.600 27.300 27.300 27.600 27.600 27.300 27.300 27.300 28.600 28.400 27.300 27.300 27.300 28.600 28.400 27.300 27.400 27.400 28.600 28.400 27.400 27.400 27.300 25/06/1976
27.000 27.000 27.000 27.300 25.500 27.000 27.100 27.000 25.800 25.500 27.000 27.000 25.800 25.800 25.600 26.800 25.900 25.800 25.800 25.800 26.800 25.900 25.800 25.800 25.700 26.800 25.900 25.700 25.700 25.800 26/06/1976
25.600 25.600 25.600 25.600 24.200 25.600 25.600 25.600 24.900 24.200 25.600 25.600 25.000 24.900 24.300 25.700 25.300 24.900 24.900 24.900 25.800 25.200 24.900 25.000 25.000 25.800 25.300 25.000 25.000 24.900 27/06/1976
26.900 26.800 26.800 26.700 25.600 26.700 26.700 26.700 26.200 25.700 26.800 26.800 26.200 26.100 25.700 27.400 27.100 26.200 26.100 26.100 27.400 27.100 26.200 26.200 26.200 27.400 27.100 26.300 26.200 26.100 28/06/1976
26.600 26.500 26.500 26.100 25.700 26.500 26.500 26.500 26.000 25.700 26.500 26.500 26.000 26.000 25.800 27.000 26.700 26.000 26.000 26.000 27.100 26.700 26.000 26.000 26.000 27.100 26.700 26.100 26.100 26.000 29/06/1976
26.800 26.800 26.800 26.300 26.000 26.800 26.800 26.800 26.400 26.000 26.800 26.800 26.400 26.300 26.000 28.000 27.700 26.400 26.300 26.300 28.000 27.700 26.400 26.400 26.400 28.000 27.700 26.400 26.400 26.300 30/06/1976
25.400 25.400 25.300 24.300 23.900 25.300 25.200 25.300 24.800 23.900 25.300 25.300 24.800 24.800 24.000 26.000 26.000 24.800 24.700 24.700 26.000 26.000 24.800 24.900 24.900 26.000 26.000 24.900 24.900 24.700 01/07/1976
25.100 25.000 25.000 23.700 22.600 24.900 24.800 24.900 23.900 22.700 24.900 24.900 24.000 23.800 22.800 25.900 25.700 23.900 23.800 23.800 25.900 25.700 23.900 24.000 24.000 26.000 25.800 24.200 24.100 23.800 02/07/1976
25.300 25.300 25.200 24.800 24.600 25.200 25.100 25.200 24.900 24.600 25.200 25.200 25.000 24.900 24.700 25.800 25.600 24.900 24.800 24.800 25.900 25.600 24.900 25.000 25.000 25.900 25.700 25.100 25.100 24.800 03/07/1976
24.700 24.600 24.600 24.100 23.800 24.500 24.500 24.500 24.300 23.800 24.600 24.600 24.300 24.200 23.900 24.600 24.400 24.300 24.200 24.200 24.600 24.400 24.300 24.300 24.300 24.700 24.500 24.400 24.400 24.200 04/07/1976
22.800 22.800 22.700 21.900 21.900 22.700 22.600 22.700 22.500 22.000 22.700 22.700 22.500 22.400 22.100 22.900 22.700 22.500 22.400 22.400 23.000 22.700 22.500 22.500 22.500 23.100 22.700 22.600 22.600 22.400 05/07/1976
23.000 22.900 22.800 22.200 21.300 22.700 22.600 22.700 22.000 21.400 22.700 22.800 22.100 21.900 21.500 22.500 22.200 22.000 21.900 21.900 22.700 22.200 22.000 22.100 22.100 22.800 22.300 22.300 22.200 21.900 06/07/1976
19.900 19.800 19.700 18.600 18.500 19.600 19.400 19.600 19.400 18.600 19.600 19.600 19.400 19.300 18.700 19.800 19.900 19.400 19.200 19.200 19.900 19.900 19.300 19.500 19.500 20.100 20.000 19.600 19.600 19.200 07/07/1976
19.700 19.600 19.600 18.900 18.800 19.400 19.300 19.400 19.600 18.900 19.500 19.500 19.700 19.500 19.100 19.700 19.700 19.600 19.400 19.500 19.800 19.700 19.600 19.700 19.700 20.000 19.800 19.900 19.800 19.400 08/07/1976
19.700 19.500 19.400 18.900 18.500 19.300 19.100 19.300 19.400 18.600 19.300 19.400 19.500 19.200 18.900 18.900 19.000 19.400 19.100 19.100 19.100 18.900 19.300 19.500 19.500 19.300 19.100 19.800 19.700 19.100 09/07/1976
20.700 20.600 20.500 20.200 20.100 20.300 20.100 20.300 20.800 20.200 20.300 20.400 20.900 20.700 20.500 20.200 20.500 20.900 20.600 20.600 20.400 20.500 20.800 21.000 21.000 20.600 20.700 21.300 21.200 20.600 10/07/1976
21.800 21.700 21.700 21.300 20.900 21.500 21.400 21.500 21.700 21.000 21.600 21.600 21.700 21.600 21.100 21.900 22.300 21.700 21.500 21.600 22.100 22.300 21.700 21.800 21.800 22.200 22.400 21.900 21.900 21.500 11/07/1976
21.900 21.800 21.700 21.100 20.800 21.600 21.400 21.600 21.500 20.900 21.600 21.600 21.600 21.400 21.100 21.600 21.700 21.500 21.300 21.300 21.700 21.700 21.500 21.600 21.600 21.800 21.800 21.800 21.800 21.300 12/07/1976
21.000 20.900 20.800 20.300 19.700 20.700 20.500 20.700 20.400 19.900 20.700 20.700 20.500 20.300 20.100 20.400 20.400 20.500 20.200 20.200 20.600 20.400 20.400 20.600 20.600 20.700 20.500 20.800 20.800 20.200 13/07/1976
21.300 21.200 21.100 20.300 20.500 21.000 20.900 21.000 21.200 20.700 21.000 21.000 21.300 21.100 20.800 21.200 21.200 21.200 21.000 21.000 21.300 21.200 21.200 21.300 21.300 21.500 21.300 21.500 21.500 21.000 14/07/1976
26.200 26.100 26.000 25.500 25.400 25.900 25.800 25.900 26.000 25.500 25.900 25.900 26.000 25.900 25.600 26.300 26.500 26.000 25.900 25.900 26.400 26.400 26.000 26.100 26.100 26.600 26.500 26.200 26.200 25.900 15/07/1976
23.900 23.800 23.700 24.000 23.700 23.600 23.500 23.600 23.900 23.800 23.600 23.700 24.000 23.900 23.900 23.200 23.300 23.900 23.800 23.800 23.400 23.300 23.900 24.000 24.000 23.600 23.400 24.100 24.100 23.800 16/07/1976
19.400 19.300 19.300 18.800 18.300 19.200 19.000 19.200 19.100 18.400 19.200 19.200 19.200 19.000 18.600 19.100 19.400 19.100 18.900 18.900 19.300 19.300 19.100 19.200 19.200 19.500 19.400 19.400 19.300 18.900 17/07/1976
18.700 18.700 18.700 18.600 18.000 18.600 18.500 18.600 18.300 18.100 18.600 18.600 18.400 18.300 18.300 18.900 18.800 18.400 18.200 18.200 18.900 18.800 18.300 18.400 18.400 19.000 18.900 18.600 18.500 18.200 18/07/1976
19.400 19.300 19.300 19.200 19.300 19.200 19.000 19.200 19.400 19.400 19.200 19.200 19.500 19.300 19.600 19.200 19.400 19.500 19.300 19.300 19.300 19.400 19.400 19.600 19.600 19.500 19.500 19.800 19.700 19.300 19/07/1976
21.200 21.100 21.100 21.000 21.000 21.000 20.800 21.000 21.200 21.100 21.000 21.000 21.300 21.100 21.300 21.100 21.400 21.200 21.000 21.000 21.300 21.300 21.200 21.300 21.300 21.400 21.500 21.500 21.500 21.000 20/07/1976
18.800 18.700 18.700 17.900 17.900 18.600 18.400 18.600 18.900 18.100 18.600 18.600 19.000 18.800 18.300 18.900 19.200 18.900 18.600 18.700 19.000 19.200 18.900 19.100 19.100 19.100 19.300 19.300 19.300 18.700 21/07/1976
17.100 17.100 17.100 16.700 16.100 17.100 17.100 17.100 16.700 16.200 17.100 17.100 16.700 16.600 16.400 17.400 17.300 16.700 16.600 16.600 17.400 17.300 16.700 16.700 16.700 17.400 17.400 16.800 16.800 16.600 22/07/1976
17.700 17.600 17.600 17.600 17.200 17.500 17.500 17.500 17.400 17.300 17.500 17.600 17.500 17.300 17.500 18.100 17.900 17.500 17.300 17.300 18.100 17.900 17.400 17.500 17.500 18.200 18.000 17.700 17.700 17.300 23/07/1976
19.800 19.800 19.800 19.400 19.100 19.700 19.700 19.700 19.600 19.200 19.700 19.700 19.700 19.500 19.400 20.100 20.000 19.600 19.500 19.500 20.100 20.000 19.600 19.700 19.700 20.200 20.100 19.900 19.900 19.500 24/07/1976
19.900 19.900 19.900 19.500 19.200 19.800 19.800 19.800 19.700 19.300 19.800 19.900 19.800 19.600 19.500 19.800 19.700 19.700 19.600 19.600 19.800 19.700 19.700 19.800 19.800 19.900 19.800 20.000 20.000 19.600 25/07/1976
18.900 18.800 18.800 18.200 17.900 18.700 18.600 18.700 18.800 18.000 18.700 18.700 18.900 18.700 18.200 18.900 18.900 18.800 18.600 18.600 19.000 18.900 18.800 19.000 19.000 19.000 19.000 19.200 19.200 18.600 26/07/1976
19.600 19.500 19.500 19.200 18.900 19.400 19.300 19.400 19.700 19.000 19.400 19.400 19.800 19.600 19.300 19.700 19.600 19.800 19.500 19.500 19.700 19.600 19.700 19.900 19.900 19.800 19.700 20.200 20.100 19.500 27/07/1976
21.100 21.100 21.100 21.200 21.200 21.100 21.000 21.100 21.400 21.300 21.100 21.100 21.400 21.300 21.400 21.600 21.700 21.400 21.200 21.300 21.700 21.700 21.400 21.500 21.500 21.700 21.800 21.600 21.600 21.200 28/07/1976
21.500 21.400 21.300 21.200 21.200 21.200 21.100 21.200 21.900 21.300 21.200 21.300 22.000 21.800 21.600 21.600 21.900 22.000 21.700 21.700 21.600 21.800 21.900 22.100 22.100 21.700 22.000 22.400 22.300 21.700 29/07/1976
20.900 20.800 20.800 20.700 20.900 20.600 20.400 20.600 21.400 21.000 20.700 20.700 21.500 21.300 21.200 20.900 21.400 21.500 21.200 21.300 21.000 21.300 21.400 21.500 21.600 21.200 21.500 21.800 21.700 21.200 30/07/1976
19.300 19.200 19.100 18.700 18.500 19.000 18.900 19.000 19.200 18.600 19.000 19.100 19.200 19.100 18.700 19.100 19.300 19.200 19.000 19.100 19.300 19.300 19.200 19.300 19.300 19.500 19.400 19.400 19.400 19.000 31/07/1976
