# 6448 6449 6450 6451 6452 6528 6529 6530 6531 6532 6610 6611 6612 6613 6614 6693 6694 6695 6696 6697 6776 6777 6778 6779 6780 6859 6860 6861 6862 6863 Date
18.900 18.800 18.800 18.300 19.600 18.600 18.500 18.600 19.600 19.700 18.700 18.700 19.700 19.600 19.900 18.800 19.300 19.700 19.500 19.500 19.000 19.300 19.600 19.700 19.700 19.200 19.400 19.900 19.800 19.500 01/08/1997
21.600 21.600 21.600 21.200 22.600 21.500 21.400 21.500 22.400 22.600 21.500 21.500 22.500 22.400 22.700 21.700 22.100 22.400 22.400 22.400 21.700 22.100 22.400 22.500 22.500 21.800 22.100 22.500 22.500 22.400 02/08/1997
25.100 25.000 25.000 23.800 25.100 25.000 24.900 25.000 24.900 25.100 25.000 25.000 24.900 24.900 25.200 24.900 25.100 24.900 24.900 24.900 24.900 25.100 24.900 24.900 24.900 24.900 25.100 24.900 24.900 24.900 03/08/1997
24.000 23.900 23.800 23.600 23.800 23.700 23.500 23.700 24.200 23.800 23.700 23.700 24.200 24.100 23.900 23.200 23.500 24.200 24.100 24.100 23.500 23.500 24.200 24.200 24.200 23.800 23.600 24.300 24.300 24.100 04/08/1997
19.400 19.200 19.100 19.200 19.000 18.900 18.600 18.900 19.500 19.000 18.900 19.000 19.600 19.500 19.100 19.200 19.500 19.600 19.400 19.400 19.500 19.500 19.500 19.700 19.700 19.900 19.700 19.800 19.800 19.400 05/08/1997
21.200 21.100 21.100 20.900 21.000 20.900 20.800 20.900 21.700 21.100 21.000 21.000 21.800 21.700 21.200 21.200 21.900 21.800 21.600 21.600 21.300 21.800 21.700 21.800 21.900 21.500 22.000 22.000 22.000 21.600 06/08/1997
23.400 23.300 23.300 22.200 22.000 23.200 23.100 23.200 23.000 22.100 23.200 23.200 23.000 22.900 22.200 23.200 23.000 23.000 22.900 22.900 23.300 23.000 23.000 23.000 23.000 23.400 23.000 23.100 23.100 22.900 07/08/1997
25.100 25.000 25.000 23.900 23.900 24.900 24.900 24.900 24.600 23.900 24.900 25.000 24.600 24.600 23.900 24.700 24.400 24.600 24.600 24.600 24.800 24.400 24.600 24.600 24.600 24.800 24.400 24.600 24.600 24.600 08/08/1997
26.300 26.300 26.300 24.700 26.100 26.200 26.200 26.200 26.200 26.100 26.200 26.200 26.200 26.200 26.100 26.800 26.700 26.200 26.200 26.200 26.800 26.700 26.200 26.200 26.200 26.900 26.700 26.200 26.200 26.200 09/08/1997
25.400 25.300 25.300 24.600 24.100 25.200 25.100 25.200 24.500 24.100 25.200 25.200 24.500 24.400 24.100 24.500 24.300 24.500 24.400 24.400 24.600 24.300 24.500 24.500 24.500 24.700 24.300 24.600 24.600 24.400 10/08/1997
21.400 21.300 21.200 21.300 20.300 21.100 20.900 21.100 19.900 20.400 21.100 21.100 19.900 19.800 20.500 21.300 20.700 19.900 19.800 19.800 21.500 20.700 19.900 19.900 19.900 21.700 20.800 20.100 20.000 19.800 11/08/1997
22.900 22.800 22.800 22.500 22.100 22.700 22.500 22.700 22.300 22.200 22.700 22.700 22.300 22.200 22.300 22.200 22.000 22.300 22.200 22.200 22.300 22.000 22.300 22.300 22.300 22.500 22.000 22.400 22.400 22.200 12/08/1997
24.000 24.000 23.900 23.100 23.500 23.900 23.800 23.900 23.300 23.500 23.900 23.900 23.300 23.300 23.500 23.900 23.800 23.300 23.300 23.300 24.000 23.800 23.300 23.300 23.300 24.000 23.800 23.300 23.300 23.300 13/08/1997
25.700 25.700 25.600 24.700 25.800 25.600 25.600 25.600 25.300 25.800 25.600 25.600 25.300 25.300 25.800 25.800 25.600 25.300 25.400 25.400 25.800 25.600 25.300 25.300 25.300 25.800 25.600 25.200 25.300 25.400 14/08/1997
24.400 24.300 24.300 23.400 23.200 24.300 24.300 24.300 23.100 23.300 24.300 24.300 23.100 23.200 23.300 24.600 23.600 23.100 23.200 23.200 24.600 23.600 23.100 23.100 23.100 24.600 23.600 23.100 23.100 23.200 15/08/1997
22.700 22.700 22.600 21.800 22.100 22.600 22.500 22.600 22.400 22.200 22.600 22.600 22.400 22.400 22.200 22.000 22.400 22.400 22.400 22.400 22.100 22.400 22.400 22.500 22.500 22.200 22.500 22.500 22.500 22.400 16/08/1997
21.900 21.800 21.800 21.200 21.900 21.700 21.700 21.700 22.100 21.900 21.800 21.800 22.100 22.000 22.000 21.200 22.000 22.100 22.000 22.000 21.200 22.000 22.100 22.100 22.100 21.300 22.100 22.100 22.100 22.000 17/08/1997
22.300 22.400 22.400 21.600 22.200 22.400 22.400 22.400 22.300 22.200 22.400 22.400 22.300 22.300 22.300 22.100 22.900 22.300 22.300 22.300 22.100 22.900 22.300 22.300 22.300 22.100 22.900 22.200 22.200 22.300 18/08/1997
23.000 23.000 23.000 21.600 22.100 23.000 23.000 23.000 22.300 22.100 23.000 23.000 22.300 22.300 22.200 23.300 24.000 22.300 22.300 22.300 23.300 24.000 22.300 22.300 22.300 23.300 24.000 22.300 22.300 22.300 19/08/1997
24.200 24.300 24.300 22.900 24.000 24.300 24.400 24.300 23.600 24.000 24.300 24.300 23.600 23.600 24.000 24.400 24.800 23.600 23.600 23.600 24.300 24.800 23.600 23.500 23.500 24.300 24.700 23.500 23.500 23.600 20/08/1997
24.700 24.700 24.700 23.500 23.300 24.800 24.800 24.800 23.200 23.300 24.800 24.800 23.200 23.300 23.300 24.700 24.800 23.200 23.300 23.300 24.600 24.800 23.200 23.200 23.200 24.600 24.800 23.200 23.200 23.300 21/08/1997
24.700 24.800 24.800 23.800 24.400 24.800 24.800 24.800 24.300 24.300 24.800 24.800 24.200 24.300 24.300 24.700 24.900 24.200 24.300 24.300 24.600 25.000 24.300 24.200 24.200 24.500 24.900 24.200 24.200 24.300 22/08/1997
25.600 25.600 25.600 24.500 24.800 25.700 25.700 25.700 24.500 24.800 25.700 25.600 24.500 24.600 24.800 25.500 25.500 24.500 24.600 24.600 25.400 25.500 24.500 24.500 24.500 25.300 25.400 24.400 24.400 24.600 23/08/1997
26.200 26.200 26.200 25.200 24.300 26.200 26.300 26.200 24.300 24.300 26.200 26.200 24.300 24.400 24.200 25.600 25.400 24.300 24.400 24.400 25.500 25.400 24.300 24.300 24.300 25.500 25.300 24.200 24.200 24.400 24/08/1997
21.300 21.300 21.300 20.700 20.200 21.200 21.200 21.200 20.200 20.200 21.200 21.200 20.200 20.200 20.300 20.900 20.900 20.200 20.200 20.200 21.000 20.900 20.200 20.200 20.200 21.100 21.000 20.300 20.300 20.200 25/08/1997
19.800 19.800 19.700 19.400 19.600 19.700 19.600 19.700 19.400 19.600 19.700 19.700 19.500 19.400 19.700 19.800 20.200 19.500 19.400 19.400 19.800 20.200 19.400 19.500 19.500 19.900 20.300 19.600 19.600 19.400 26/08/1997
18.400 18.300 18.300 18.100 18.200 18.200 18.100 18.200 18.300 18.300 18.200 18.200 18.400 18.300 18.400 18.200 18.700 18.400 18.200 18.300 18.300 18.700 18.300 18.400 18.400 18.400 18.800 18.500 18.500 18.200 27/08/1997
15.900 15.800 15.800 14.600 14.700 15.700 15.500 15.700 15.200 14.800 15.700 15.700 15.300 15.100 15.000 15.500 15.500 15.200 15.100 15.100 15.600 15.500 15.200 15.300 15.300 15.700 15.600 15.400 15.400 15.100 28/08/1997
16.700 16.700 16.600 16.300 15.700 16.500 16.400 16.500 15.800 15.800 16.600 16.600 15.800 15.700 15.900 16.500 16.500 15.800 15.700 15.700 16.500 16.500 15.800 15.900 15.900 16.600 16.600 16.000 16.000 15.700 29/08/1997
20.000 19.900 19.800 19.100 19.200 19.700 19.500 19.700 19.300 19.300 19.700 19.700 19.400 19.300 19.400 20.100 20.200 19.400 19.200 19.300 20.300 20.200 19.300 19.400 19.400 20.400 20.200 19.500 19.500 19.200 30/08/1997
20.600 20.500 20.400 20.200 20.800 20.300 20.200 20.300 20.500 20.800 20.400 20.400 20.500 20.500 20.800 20.200 20.800 20.500 20.400 20.400 20.400 20.700 20.500 20.500 20.500 20.600 20.800 20.600 20.600 20.400 31/08/1997
15.800 15.600 15.500 15.300 16.200 15.300 15.100 15.300 16.300 16.300 15.400 15.400 16.300 16.200 16.300 15.500 16.400 16.300 16.100 16.100 15.700 16.300 16.200 16.400 16.400 16.000 16.500 16.600 16.500 16.100 01/09/1997
16.500 16.500 16.400 15.800 15.300 16.400 16.300 16.400 16.100 15.400 16.400 16.400 16.200 16.000 15.600 16.300 16.800 16.200 16.000 16.000 16.300 16.800 16.100 16.200 16.200 16.300 16.800 16.400 16.300 16.000 02/09/1997
17.100 17.100 17.100 16.400 17.300 17.000 17.000 17.000 17.200 17.400 17.000 17.000 17.200 17.100 17.400 16.800 17.400 17.200 17.100 17.100 16.900 17.400 17.200 17.200 17.200 17.000 17.400 17.300 17.300 17.100 03/09/1997
19.300 19.200 19.200 18.300 18.900 19.200 19.200 19.200 18.600 18.900 19.200 19.200 18.600 18.600 18.900 18.800 19.200 18.600 18.600 18.600 18.800 19.200 18.600 18.600 18.600 18.900 19.100 18.600 18.600 18.600 04/09/1997
19.700 19.700 19.600 19.200 20.100 19.600 19.500 19.600 19.800 20.100 19.600 19.600 19.900 19.800 20.100 19.800 20.300 19.900 19.800 19.800 19.900 20.300 19.800 19.900 19.900 20.100 20.400 19.900 19.900 19.800 05/09/1997
17.500 17.400 17.300 16.200 17.200 17.200 17.000 17.200 17.200 17.200 17.200 17.200 17.300 17.200 17.300 17.900 18.500 17.300 17.100 17.100 18.100 18.400 17.200 17.300 17.300 18.300 18.600 17.500 17.400 17.100 06/09/1997
16.400 16.300 16.300 15.200 16.100 16.200 16.100 16.200 16.400 16.100 16.200 16.200 16.400 16.300 16.200 17.000 18.000 16.400 16.300 16.300 17.100 18.000 16.400 16.400 16.400 17.200 18.100 16.500 16.500 16.300 07/09/1997
17.200 17.200 17.100 16.300 16.800 17.100 17.100 17.100 16.800 16.800 17.100 17.100 16.800 16.800 16.800 17.700 18.400 16.800 16.800 16.800 17.700 18.400 16.800 16.800 16.800 17.700 18.400 16.800 16.800 16.800 08/09/1997
18.000 17.900 17.800 16.800 17.900 17.700 17.500 17.700 18.000 18.000 17.700 17.700 18.000 17.900 18.000 18.300 18.700 18.000 17.900 17.900 18.400 18.700 18.000 18.000 18.000 18.500 18.800 18.100 18.000 17.900 09/09/1997
17.100 17.000 16.800 16.200 17.100 16.600 16.400 16.600 17.300 17.100 16.700 16.700 17.300 17.200 17.100 17.500 18.200 17.300 17.200 17.200 17.700 18.200 17.300 17.300 17.300 17.900 18.200 17.400 17.400 17.200 10/09/1997
19.000 18.900 18.900 18.000 18.200 18.800 18.600 18.800 17.900 18.100 18.800 18.800 17.900 17.900 18.000 18.500 18.800 17.900 17.900 17.900 18.600 18.800 17.900 17.900 17.900 18.800 18.900 17.800 17.900 17.900 11/09/1997
16.600 16.500 16.400 15.600 16.500 16.300 16.100 16.300 16.300 16.600 16.300 16.300 16.300 16.200 16.700 16.400 16.900 16.300 16.100 16.200 16.700 16.900 16.300 16.400 16.400 16.900 17.100 16.500 16.500 16.100 12/09/1997
14.700 14.700 14.600 13.700 14.100 14.600 14.600 14.600 14.400 14.200 14.600 14.600 14.400 14.300 14.400 15.000 15.100 14.400 14.300 14.300 15.000 15.100 14.400 14.400 14.400 15.000 15.100 14.500 14.500 14.300 13/09/1997
12.000 12.000 12.000 10.600 11.300 12.000 12.000 12.000 10.900 11.400 12.000 12.000 10.900 11.000 11.400 12.000 12.100 10.900 11.000 11.000 11.900 12.100 10.900 10.900 10.900 11.900 12.000 10.800 10.800 11.000 14/09/1997
13.000 13.000 12.900 12.700 12.900 12.800 12.700 12.800 12.700 12.900 12.800 12.800 12.700 12.700 12.800 13.100 13.000 12.700 12.700 12.700 13.200 13.000 12.700 12.700 12.700 13.300 13.000 12.700 12.700 12.700 15/09/1997
16.100 16.100 16.200 15.200 16.400 16.200 16.200 16.200 15.800 16.400 16.200 16.200 15.800 15.800 16.300 16.400 16.400 15.800 15.900 15.900 16.400 16.500 15.800 15.800 15.800 16.200 16.300 15.700 15.700 15.900 16/09/1997
18.900 18.900 18.900 17.500 17.700 18.900 18.900 18.900 17.400 17.700 18.900 18.900 17.300 17.400 17.600 18.700 18.500 17.300 17.400 17.400 18.600 18.500 17.400 17.300 17.300 18.500 18.400 17.300 17.300 17.400 17/09/1997
17.600 17.600 17.700 17.000 17.700 17.800 17.900 17.800 16.600 17.700 17.700 17.700 16.600 16.700 17.600 17.100 16.900 16.600 16.700 16.700 17.000 16.900 16.600 16.500 16.500 16.800 16.800 16.400 16.500 16.700 18/09/1997
17.300 17.500 17.600 17.500 18.200 17.700 18.000 17.700 17.000 18.100 17.700 17.700 16.900 17.100 17.900 17.300 17.700 16.900 17.200 17.200 17.100 17.700 17.000 16.800 16.800 16.800 17.500 16.600 16.700 17.200 19/09/1997
17.800 17.900 17.900 18.000 18.100 18.000 18.100 18.000 17.000 18.000 18.000 17.900 16.900 17.000 17.900 17.800 17.600 16.900 17.100 17.100 17.800 17.600 17.000 16.900 16.900 17.700 17.500 16.700 16.700 17.100 20/09/1997
18.400 18.300 18.300 17.400 17.100 18.300 18.200 18.300 17.400 17.100 18.300 18.300 17.400 17.400 17.100 18.700 18.300 17.400 17.400 17.400 18.700 18.200 17.400 17.300 17.300 18.800 18.300 17.300 17.300 17.400 21/09/1997
17.700 17.700 17.700 16.400 17.600 17.600 17.600 17.600 17.100 17.600 17.600 17.600 17.100 17.100 17.500 18.000 18.000 17.100 17.100 17.100 18.000 18.000 17.100 17.100 17.100 18.000 17.900 17.100 17.100 17.100 22/09/1997
18.400 18.500 18.500 16.900 18.200 18.600 18.700 18.600 17.500 18.100 18.600 18.600 17.400 17.500 18.100 18.600 18.400 17.400 17.600 17.600 18.500 18.400 17.500 17.400 17.400 18.300 18.300 17.200 17.300 17.600 23/09/1997
18.600 18.700 18.700 17.500 18.300 18.700 18.800 18.700 17.700 18.300 18.700 18.700 17.600 17.700 18.200 19.100 18.800 17.700 17.800 17.800 18.900 18.800 17.700 17.600 17.600 18.700 18.600 17.500 17.500 17.800 24/09/1997
17.800 17.900 17.900 17.600 17.800 18.000 18.200 18.000 17.100 17.700 18.000 18.000 17.100 17.200 17.600 18.000 18.100 17.100 17.300 17.300 17.800 18.200 17.100 17.000 17.000 17.600 18.000 16.800 16.900 17.300 25/09/1997
17.500 17.600 17.700 17.200 18.100 17.800 18.000 17.800 17.200 18.000 17.800 17.800 17.100 17.300 17.900 17.700 17.800 17.200 17.400 17.400 17.400 17.900 17.200 17.100 17.000 17.100 17.600 16.800 16.900 17.400 26/09/1997
17.700 17.800 17.900 17.100 18.000 18.100 18.200 18.100 16.900 17.900 18.000 18.000 16.800 16.900 17.800 17.500 17.200 16.800 17.000 17.000 17.300 17.300 16.900 16.800 16.800 17.100 17.100 16.600 16.700 17.000 27/09/1997
18.400 18.500 18.600 17.300 18.200 18.700 18.900 18.700 17.500 18.200 18.700 18.700 17.400 17.600 18.100 18.100 18.100 17.500 17.700 17.600 18.000 18.200 17.500 17.400 17.400 17.800 18.000 17.200 17.300 17.700 28/09/1997
18.700 18.800 18.900 17.200 19.000 19.000 19.200 19.000 18.200 18.900 19.000 19.000 18.100 18.200 18.800 19.000 18.800 18.100 18.300 18.300 18.700 18.900 18.200 18.000 18.000 18.400 18.600 17.800 17.900 18.300 29/09/1997
18.000 18.100 18.100 16.600 18.200 18.200 18.400 18.200 17.400 18.100 18.200 18.200 17.400 17.500 18.000 18.500 18.700 17.400 17.600 17.600 18.300 18.700 17.400 17.300 17.300 18.000 18.500 17.100 17.200 17.600 30/09/1997
17.900 17.900 18.000 16.400 18.000 18.000 18.000 18.000 17.400 17.900 18.000 18.000 17.300 17.400 17.800 17.400 17.400 17.400 17.500 17.500 17.300 17.400 17.400 17.300 17.300 17.200 17.300 17.200 17.200 17.500 01/10/1997
17.100 17.000 17.000 16.100 18.400 17.000 16.900 17.000 17.800 18.400 17.000 17.000 17.800 17.800 18.300 17.500 18.300 17.800 17.800 17.800 17.500 18.300 17.800 17.700 17.700 17.500 18.200 17.700 17.700 17.800 02/10/1997
17.400 17.300 17.300 16.700 16.800 17.100 16.900 17.100 17.000 16.800 17.200 17.200 17.000 17.000 16.800 18.000 18.200 17.000 17.000 17.000 18.100 18.200 17.000 17.000 17.000 18.200 18.200 17.000 17.000 17.000 03/10/1997
15.900 15.800 15.700 14.300 15.400 15.600 15.400 15.600 15.400 15.300 15.600 15.600 15.400 15.300 15.300 16.700 17.100 15.400 15.300 15.300 16.800 17.100 15.300 15.400 15.400 16.900 17.000 15.400 15.400 15.300 04/10/1997
16.700 16.700 16.600 16.300 16.800 16.600 16.500 16.600 16.200 16.700 16.600 16.600 16.200 16.200 16.700 17.000 17.200 16.200 16.200 16.200 17.000 17.200 16.200 16.100 16.100 17.100 17.200 16.100 16.100 16.200 05/10/1997
19.200 19.100 19.100 18.800 17.200 19.000 18.900 19.000 17.700 17.200 19.000 19.000 17.700 17.700 17.200 18.800 18.400 17.700 17.700 17.700 18.900 18.400 17.700 17.700 17.700 19.000 18.400 17.700 17.700 17.700 06/10/1997
17.000 16.900 16.900 16.100 17.100 16.800 16.700 16.800 16.900 17.100 16.800 16.800 16.900 16.800 17.200 17.100 17.500 16.900 16.800 16.800 17.100 17.500 16.900 16.900 16.900 17.200 17.600 17.000 17.000 16.800 07/10/1997
17.600 17.500 17.500 16.900 17.300 17.500 17.500 17.500 17.200 17.300 17.500 17.500 17.200 17.100 17.400 18.100 18.300 17.200 17.100 17.100 18.000 18.400 17.200 17.200 17.200 18.000 18.300 17.200 17.200 17.100 08/10/1997
17.800 17.700 17.700 17.600 17.300 17.600 17.600 17.600 17.500 17.400 17.700 17.700 17.500 17.500 17.500 17.700 17.700 17.500 17.500 17.500 17.700 17.700 17.500 17.600 17.600 17.700 17.700 17.600 17.600 17.500 09/10/1997
18.300 18.200 18.100 17.900 17.800 18.000 17.900 18.000 18.100 17.900 18.100 18.100 18.200 18.100 18.000 18.400 18.200 18.200 18.000 18.000 18.500 18.200 18.100 18.200 18.200 18.700 18.300 18.400 18.300 18.000 10/10/1997
15.700 15.600 15.500 15.400 15.700 15.300 15.200 15.300 16.100 15.800 15.400 15.400 16.200 16.100 16.000 16.700 17.200 16.200 16.000 16.000 16.800 17.200 16.100 16.300 16.300 17.000 17.300 16.400 16.400 16.000 11/10/1997
13.700 13.600 13.500 13.100 13.400 13.500 13.300 13.500 13.700 13.500 13.500 13.500 13.700 13.600 13.600 14.000 14.200 13.700 13.500 13.500 14.100 14.200 13.600 13.700 13.800 14.100 14.200 13.900 13.900 13.500 12/10/1997
10.200 10.100 10.100 9.300 9.900 10.100 10.000 10.100 10.100 10.000 10.100 10.100 10.100 10.100 10.200 10.300 10.700 10.100 10.000 10.100 10.300 10.700 10.100 10.200 10.200 10.300 10.700 10.200 10.200 10.000 13/10/1997
8.700 8.600 8.600 8.200 7.500 8.500 8.500 8.500 8.000 7.500 8.600 8.600 8.000 7.900 7.600 8.500 8.400 8.000 7.900 7.900 8.500 8.400 8.000 8.000 8.000 8.600 8.400 8.100 8.100 7.900 14/10/1997
10.900 10.800 10.700 10.300 9.400 10.600 10.400 10.600 9.600 9.400 10.600 10.600 9.700 9.600 9.600 10.900 10.400 9.700 9.500 9.500 11.100 10.400 9.600 9.700 9.700 11.200 10.500 9.900 9.800 9.500 15/10/1997
13.300 13.200 13.100 12.500 12.400 13.000 12.800 13.000 12.700 12.500 13.000 13.000 12.800 12.600 12.600 13.500 13.400 12.700 12.600 12.600 13.600 13.400 12.700 12.800 12.800 13.800 13.400 12.900 12.900 12.600 16/10/1997
14.800 14.700 14.600 14.000 13.500 14.400 14.100 14.400 13.800 13.500 14.400 14.400 13.800 13.700 13.500 14.700 14.700 13.800 13.600 13.700 15.000 14.700 13.800 13.900 13.900 15.400 14.800 14.000 14.000 13.600 17/10/1997
18.400 18.200 18.100 18.100 17.000 17.900 17.600 17.900 17.500 17.100 18.000 18.000 17.600 17.400 17.100 17.700 17.700 17.500 17.400 17.400 17.900 17.700 17.500 17.600 17.600 18.200 17.800 17.800 17.800 17.400 18/10/1997
17.000 16.900 16.800 16.400 15.500 16.600 16.400 16.600 16.200 15.500 16.600 16.700 16.300 16.200 15.500 17.000 17.100 16.300 16.100 16.200 17.200 17.100 16.200 16.300 16.300 17.400 17.200 16.400 16.400 16.100 19/10/1997
18.300 18.200 18.200 17.600 17.000 18.100 18.000 18.100 17.400 17.000 18.100 18.200 17.400 17.400 17.000 18.500 18.500 17.400 17.400 17.400 18.500 18.500 17.400 17.400 17.400 18.600 18.600 17.500 17.500 17.400 20/10/1997
16.900 16.800 16.800 16.100 16.500 16.700 16.600 16.700 17.100 16.600 16.700 16.700 17.100 17.100 16.600 18.000 18.700 17.100 17.000 17.000 18.100 18.700 17.100 17.100 17.100 18.200 18.700 17.200 17.200 17.000 21/10/1997
15.200 15.200 15.100 14.400 14.500 15.000 14.900 15.000 14.800 14.500 15.000 15.100 14.800 14.800 14.500 15.700 15.500 14.800 14.800 14.800 15.800 15.500 14.800 14.800 14.800 15.900 15.500 14.800 14.800 14.800 22/10/1997
14.000 13.900 13.900 13.300 14.700 13.800 13.600 13.800 14.800 14.800 13.800 13.800 14.900 14.800 14.900 14.700 14.800 14.900 14.700 14.800 14.800 14.800 14.800 14.900 14.900 14.900 14.800 15.000 15.000 14.700 23/10/1997
10.300 10.000 9.900 9.500 10.300 9.600 9.200 9.600 11.000 10.400 9.600 9.700 11.100 10.900 10.500 10.400 11.500 11.100 10.800 10.800 10.800 11.500 11.000 11.200 11.200 11.200 11.700 11.400 11.300 10.800 24/10/1997
7.900 7.600 7.400 7.300 7.900 7.000 6.600 7.000 8.100 7.800 7.100 7.200 8.200 8.000 7.800 7.600 7.700 8.100 7.900 8.000 8.000 7.600 8.100 8.200 8.200 8.500 7.900 8.400 8.400 7.900 25/10/1997
8.500 8.300 8.200 8.500 10.000 8.000 7.800 8.000 8.600 9.800 8.100 8.100 8.600 8.700 9.600 8.900 8.900 8.600 8.700 8.700 9.100 8.800 8.600 8.600 8.600 9.300 8.900 8.500 8.500 8.700 26/10/1997
9.300 9.100 9.000 8.800 10.400 8.800 8.500 8.800 9.800 10.300 8.800 8.900 9.900 9.800 10.100 9.600 10.300 9.900 9.800 9.800 9.800 10.300 9.800 9.900 9.900 10.200 10.300 9.900 9.900 9.800 27/10/1997
5.800 5.400 5.200 4.900 5.500 4.800 4.300 4.800 6.700 5.600 4.900 5.000 6.800 6.500 5.700 6.100 6.900 6.800 6.400 6.400 6.600 6.800 6.700 6.900 6.900 7.300 7.200 7.300 7.200 6.400 28/10/1997
3.100 3.100 3.000 2.100 2.900 3.000 2.900 3.000 3.200 2.900 3.000 3.000 3.200 3.200 2.900 3.600 4.100 3.200 3.200 3.200 3.700 4.100 3.200 3.200 3.200 3.800 4.100 3.200 3.200 3.200 29/10/1997
2.500 2.500 2.500 1.300 3.000 2.500 2.500 2.500 2.800 2.900 2.500 2.500 2.800 2.800 2.800 2.700 3.300 2.800 2.900 2.900 2.600 3.300 2.800 2.700 2.700 2.600 3.200 2.600 2.700 2.900 30/10/1997
3.400 3.400 3.300 2.600 4.100 3.200 3.100 3.200 4.200 4.200 3.200 3.200 4.200 4.100 4.200 4.400 4.500 4.200 4.100 4.100 4.500 4.500 4.200 4.200 4.200 4.600 4.600 4.300 4.200 4.100 31/10/1997
2.400 2.300 2.100 2.500 3.200 1.900 1.600 1.900 2.500 3.100 1.900 2.000 2.500 2.500 3.000 2.400 2.300 2.500 2.400 2.400 2.700 2.300 2.500 2.500 2.500 3.100 2.400 2.600 2.600 2.400 01/11/1997
4.800 4.800 4.800 4.700 6.900 4.800 4.700 4.800 5.400 6.700 4.800 4.800 5.400 5.500 6.500 5.600 5.700 5.400 5.500 5.500 5.700 5.600 5.400 5.300 5.300 5.800 5.700 5.200 5.200 5.500 02/11/1997
11.600 11.700 11.700 11.100 12.600 11.800 11.900 11.800 12.000 12.600 11.800 11.800 12.000 12.100 12.500 13.700 13.500 12.000 12.100 12.100 13.700 13.500 12.000 12.000 12.000 13.700 13.500 11.900 11.900 12.100 03/11/1997
13.600 13.500 13.500 12.800 13.100 13.400 13.300 13.400 13.300 13.200 13.400 13.400 13.300 13.300 13.200 13.600 13.700 13.300 13.200 13.300 13.600 13.600 13.300 13.400 13.400 13.700 13.700 13.400 13.400 13.200 04/11/1997
12.700 12.600 12.600 11.900 12.300 12.500 12.400 12.500 12.500 12.300 12.500 12.500 12.600 12.500 12.400 12.800 12.800 12.600 12.500 12.500 12.900 12.800 12.500 12.600 12.600 13.000 12.800 12.700 12.700 12.500 05/11/1997
10.200 10.100 10.000 9.600 10.400 9.900 9.700 9.900 10.500 10.500 9.900 9.900 10.600 10.400 10.600 10.200 10.500 10.500 10.400 10.400 10.300 10.500 10.500 10.600 10.600 10.500 10.600 10.800 10.700 10.400 06/11/1997
11.600 11.500 11.500 10.700 10.500 11.400 11.200 11.400 11.200 10.500 11.400 11.400 11.200 11.100 10.600 12.000 12.000 11.200 11.000 11.100 12.100 12.000 11.100 11.200 11.200 12.300 12.100 11.400 11.300 11.000 07/11/1997
12.000 11.900 11.900 11.600 10.900 11.800 11.700 11.800 11.500 10.900 11.800 11.800 11.500 11.400 11.100 12.100 12.400 11.500 11.400 11.400 12.200 12.400 11.500 11.600 11.600 12.300 12.500 11.700 11.700 11.400 08/11/1997
9.800 9.700 9.700 9.000 9.000 9.600 9.400 9.600 9.400 9.100 9.600 9.600 9.500 9.300 9.200 9.700 9.500 9.400 9.300 9.300 9.800 9.400 9.400 9.500 9.500 10.000 9.600 9.700 9.600 9.300 09/11/1997
8.300 8.200 8.100 7.700 7.500 8.000 7.900 8.000 7.800 7.600 8.100 8.100 7.900 7.700 7.700 8.100 8.900 7.800 7.700 7.700 8.200 8.900 7.800 7.900 7.900 8.300 9.000 8.000 8.000 7.700 10/11/1997
8.200 8.100 8.000 7.700 7.400 7.900 7.700 7.900 7.700 7.400 7.900 7.900 7.800 7.700 7.600 7.900 7.800 7.800 7.600 7.600 8.100 7.700 7.700 7.800 7.800 8.200 7.800 8.000 7.900 7.600 11/11/1997
7.600 7.600 7.500 6.900 6.900 7.400 7.300 7.400 7.300 7.000 7.400 7.500 7.400 7.300 7.100 8.000 7.800 7.400 7.200 7.300 8.100 7.800 7.300 7.400 7.400 8.200 7.900 7.500 7.500 7.200 12/11/1997
6.900 6.800 6.800 6.400 6.500 6.800 6.700 6.800 6.600 6.600 6.800 6.800 6.700 6.600 6.700 6.700 7.100 6.700 6.500 6.600 6.700 7.100 6.600 6.700 6.700 6.700 7.100 6.800 6.800 6.600 13/11/1997
7.400 7.300 7.300 6.200 5.700 7.200 7.100 7.200 5.700 5.800 7.200 7.200 5.700 5.600 5.900 7.900 7.400 5.700 5.600 5.600 7.900 7.400 5.700 5.700 5.700 8.000 7.400 5.800 5.800 5.600 14/11/1997
10.000 9.900 9.700 10.100 8.600 9.600 9.300 9.600 8.800 8.500 9.600 9.600 8.900 8.800 8.500 10.500 10.200 8.800 8.800 8.800 10.700 10.200 8.800 8.900 8.900 10.900 10.300 8.900 8.900 8.800 15/11/1997
10.300 10.200 10.200 10.300 10.000 10.100 9.900 10.100 9.400 9.900 10.100 10.100 9.500 9.400 9.800 10.200 9.500 9.500 9.400 9.400 10.400 9.500 9.400 9.500 9.500 10.600 9.600 9.500 9.500 9.400 16/11/1997
11.400 11.400 11.400 11.800 11.300 11.300 11.300 11.300 10.800 11.200 11.300 11.400 10.700 10.800 11.000 11.100 11.000 10.700 10.900 10.800 11.300 10.900 10.800 10.700 10.700 11.500 11.000 10.600 10.600 10.800 17/11/1997
13.000 12.900 12.900 12.500 12.300 12.800 12.700 12.800 12.600 12.300 12.800 12.800 12.600 12.500 12.400 13.200 13.300 12.600 12.500 12.500 13.300 13.300 12.500 12.600 12.600 13.500 13.400 12.700 12.700 12.500 18/11/1997
11.800 11.700 11.700 11.100 10.900 11.600 11.400 11.600 11.400 11.000 11.600 11.600 11.400 11.300 11.100 11.800 11.900 11.400 11.300 11.300 11.900 11.900 11.400 11.400 11.400 12.000 11.900 11.500 11.500 11.300 19/11/1997
10.000 9.900 9.800 9.700 9.000 9.700 9.600 9.700 9.300 9.100 9.800 9.800 9.400 9.300 9.200 10.000 10.200 9.400 9.200 9.200 10.100 10.200 9.300 9.400 9.400 10.300 10.300 9.500 9.500 9.200 20/11/1997
8.400 8.400 8.400 8.400 8.200 8.300 8.300 8.300 8.700 8.200 8.400 8.400 8.800 8.700 8.300 8.300 8.800 8.700 8.700 8.700 8.400 8.800 8.700 8.800 8.800 8.400 8.900 8.900 8.800 8.700 21/11/1997
6.200 6.200 6.200 6.000 7.000 6.100 6.100 6.100 7.400 7.100 6.100 6.100 7.500 7.400 7.100 6.100 5.900 7.500 7.400 7.400 6.100 5.900 7.400 7.500 7.500 6.000 5.900 7.500 7.500 7.400 22/11/1997
5.400 5.300 5.200 4.800 4.800 5.000 4.800 5.000 5.400 4.900 5.000 5.100 5.500 5.300 5.000 5.200 5.100 5.400 5.200 5.300 5.400 5.100 5.400 5.500 5.500 5.600 5.200 5.700 5.600 5.200 23/11/1997
7.400 7.300 7.300 6.800 6.600 7.300 7.200 7.300 6.300 6.500 7.300 7.300 6.200 6.300 6.400 6.900 6.400 6.300 6.400 6.400 7.000 6.500 6.300 6.200 6.200 7.200 6.400 6.100 6.100 6.400 24/11/1997
11.400 11.400 11.300 10.600 11.000 11.300 11.200 11.300 10.900 11.000 11.300 11.300 10.900 10.900 11.000 11.600 11.600 10.900 10.900 10.900 11.600 11.600 10.900 10.900 10.900 11.700 11.600 11.000 11.000 10.900 25/11/1997
11.500 11.400 11.400 11.000 11.200 11.400 11.300 11.400 11.000 11.200 11.400 11.400 11.000 11.000 11.200 11.600 11.300 11.000 11.000 11.000 11.600 11.300 11.000 11.000 11.000 11.600 11.300 11.100 11.100 11.000 26/11/1997
10.900 10.800 10.800 10.400 10.100 10.700 10.600 10.700 10.200 10.100 10.700 10.700 10.300 10.200 10.200 10.800 10.600 10.200 10.100 10.200 10.900 10.600 10.200 10.300 10.300 11.000 10.600 10.400 10.400 10.200 27/11/1997
10.500 10.400 10.400 10.100 9.100 10.300 10.100 10.300 9.300 9.100 10.300 10.300 9.400 9.300 9.200 10.300 10.000 9.300 9.200 9.300 10.400 10.000 9.300 9.400 9.400 10.600 10.100 9.500 9.500 9.200 28/11/1997
9.600 9.600 9.500 9.100 9.000 9.400 9.300 9.400 9.200 9.100 9.500 9.500 9.300 9.100 9.200 9.800 9.600 9.200 9.100 9.100 9.800 9.600 9.200 9.300 9.300 9.900 9.600 9.500 9.400 9.100 29/11/1997
8.400 8.400 8.300 8.200 8.400 8.300 8.300 8.300 8.100 8.400 8.300 8.300 8.100 8.100 8.500 9.000 8.700 8.100 8.100 8.100 9.000 8.700 8.100 8.200 8.200 9.000 8.700 8.200 8.200 8.100 30/11/1997
8.400 8.300 8.200 7.900 7.500 8.100 8.000 8.100 8.000 7.600 8.100 8.200 8.100 8.000 7.700 7.900 7.900 8.000 7.900 7.900 8.000 7.900 8.000 8.100 8.100 8.100 7.900 8.200 8.200 7.900 01/12/1997
6.100 6.100 6.000 5.500 5.500 5.900 5.800 5.900 6.200 5.600 6.000 6.000 6.200 6.100 5.700 6.800 7.200 6.200 6.100 6.100 6.800 7.200 6.200 6.300 6.300 6.900 7.200 6.400 6.400 6.100 02/12/1997
1.400 1.400 1.300 0.800 0.700 1.200 1.100 1.200 1.200 0.800 1.300 1.300 1.200 1.100 0.900 1.700 1.400 1.200 1.100 1.100 1.700 1.400 1.200 1.200 1.200 1.800 1.500 1.300 1.300 1.100 03/12/1997
0.100 0.000 0.000 -0.600 -0.400 -0.200 -0.300 -0.200 -0.300 -0.300 -0.100 -0.100 -0.200 -0.400 -0.200 0.200 0.200 -0.300 -0.400 -0.400 0.400 0.200 -0.300 -0.200 -0.200 0.500 0.300 -0.100 -0.100 -0.400 04/12/1997
1.800 1.600 1.500 1.400 0.900 1.200 0.900 1.200 1.900 1.000 1.300 1.300 2.000 1.700 1.100 1.400 1.500 1.900 1.700 1.700 1.700 1.500 1.900 2.000 2.000 2.100 1.700 2.300 2.200 1.700 05/12/1997
-0.400 -0.600 -0.700 -0.200 -0.900 -0.800 -1.000 -0.800 -0.600 -0.900 -0.800 -0.800 -0.500 -0.600 -0.900 -0.400 -0.900 -0.600 -0.700 -0.700 -0.200 -1.000 -0.600 -0.500 -0.500 0.000 -0.800 -0.400 -0.400 -0.700 06/12/1997
0.700 0.400 0.200 2.500 0.300 -0.100 -0.500 -0.100 0.400 0.200 0.000 0.000 0.400 0.300 0.100 -1.100 -1.000 0.400 0.200 0.300 -0.600 -1.100 0.400 0.500 0.500 0.000 -0.800 0.600 0.600 0.200 07/12/1997
6.900 6.800 6.800 6.700 4.800 6.700 6.600 6.700 5.000 4.800 6.700 6.700 5.000 5.000 4.800 6.500 6.000 5.000 5.000 5.000 6.600 6.000 5.000 5.000 5.100 6.700 6.000 5.100 5.100 5.000 08/12/1997
8.900 8.800 8.800 9.000 8.500 8.700 8.700 8.700 8.700 8.600 8.700 8.800 8.700 8.600 8.700 8.900 8.600 8.700 8.600 8.600 8.900 8.600 8.700 8.700 8.700 9.000 8.600 8.800 8.800 8.600 09/12/1997
10.800 10.700 10.600 10.400 9.600 10.400 10.200 10.400 10.100 9.700 10.500 10.500 10.200 10.000 9.800 10.700 10.500 10.100 9.900 9.900 10.900 10.400 10.100 10.200 10.200 11.100 10.600 10.400 10.400 9.900 10/12/1997
13.200 13.100 13.000 12.700 12.500 12.900 12.800 12.900 12.900 12.600 12.900 13.000 12.900 12.800 12.700 13.000 13.300 12.900 12.700 12.800 13.200 13.300 12.800 12.900 12.900 13.300 13.400 13.100 13.000 12.700 11/12/1997
7.800 7.700 7.700 7.000 7.200 7.700 7.600 7.700 7.800 7.300 7.700 7.700 7.800 7.700 7.400 8.300 8.200 7.800 7.700 7.700 8.300 8.200 7.800 7.800 7.800 8.400 8.200 7.900 7.900 7.700 12/12/1997
3.700 3.700 3.700 3.300 3.300 3.700 3.600 3.700 3.600 3.300 3.700 3.700 3.600 3.600 3.300 3.800 3.600 3.600 3.600 3.600 3.800 3.600 3.600 3.600 3.600 3.700 3.600 3.600 3.600 3.600 13/12/1997
2.800 2.700 2.600 2.200 2.900 2.400 2.300 2.400 2.600 2.900 2.500 2.500 2.600 2.600 2.800 2.900 2.600 2.600 2.500 2.500 3.000 2.600 2.600 2.600 2.600 3.200 2.600 2.600 2.600 2.500 14/12/1997
2.700 2.600 2.500 1.900 1.700 2.300 2.100 2.300 2.300 1.800 2.400 2.400 2.300 2.200 1.900 2.100 2.100 2.300 2.100 2.200 2.300 2.100 2.300 2.400 2.400 2.500 2.200 2.500 2.500 2.200 15/12/1997
1.000 0.900 0.900 1.400 2.600 0.800 0.700 0.800 2.400 2.600 0.800 0.800 2.500 2.400 2.700 0.900 1.100 2.500 2.400 2.400 1.000 1.100 2.400 2.500 2.500 1.100 1.100 2.500 2.500 2.400 16/12/1997
9.200 9.100 9.100 8.900 9.600 9.000 9.000 9.000 9.700 9.700 9.000 9.100 9.800 9.700 9.800 9.400 9.800 9.700 9.700 9.700 9.400 9.900 9.700 9.800 9.800 9.400 9.800 9.800 9.800 9.700 17/12/1997
12.000 11.900 11.900 11.700 11.200 11.800 11.700 11.800 11.700 11.300 11.800 11.900 11.700 11.600 11.400 11.900 11.900 11.700 11.600 11.600 11.900 11.900 11.600 11.700 11.700 11.900 11.900 11.800 11.800 11.600 18/12/1997
10.100 10.100 10.000 9.400 9.100 10.000 9.900 10.000 9.200 9.100 10.000 10.000 9.200 9.200 9.100 10.100 9.900 9.200 9.200 9.200 10.200 9.900 9.200 9.200 9.200 10.300 9.900 9.200 9.200 9.200 19/12/1997
8.900 8.800 8.800 8.300 8.400 8.700 8.600 8.700 8.500 8.400 8.700 8.700 8.600 8.500 8.500 9.000 9.100 8.500 8.400 8.400 9.100 9.100 8.500 8.600 8.600 9.300 9.200 8.700 8.700 8.400 20/12/1997
7.600 7.500 7.500 7.400 7.800 7.400 7.300 7.400 7.500 7.800 7.400 7.400 7.500 7.400 7.900 8.000 8.400 7.500 7.400 7.400 8.100 8.400 7.500 7.500 7.500 8.200 8.500 7.700 7.600 7.400 21/12/1997
5.400 5.300 5.200 4.800 5.400 5.100 5.000 5.100 5.000 5.400 5.200 5.200 5.000 5.000 5.400 5.600 5.600 5.000 5.000 5.000 5.800 5.600 5.000 5.000 5.000 6.100 5.700 5.000 5.000 5.000 22/12/1997
10.200 10.100 10.000 9.100 8.700 9.900 9.800 9.900 9.500 8.800 10.000 10.000 9.500 9.400 8.800 10.500 10.800 9.500 9.400 9.400 10.700 10.700 9.400 9.500 9.500 10.800 10.800 9.600 9.600 9.400 23/12/1997
10.400 10.300 10.300 10.000 9.200 10.200 10.100 10.200 9.700 9.200 10.200 10.200 9.700 9.600 9.200 10.300 10.200 9.700 9.600 9.600 10.300 10.200 9.700 9.700 9.700 10.400 10.200 9.700 9.700 9.600 24/12/1997
12.300 12.200 12.200 12.000 11.300 12.000 11.900 12.000 12.100 11.400 12.100 12.100 12.100 12.100 11.500 12.300 12.500 12.100 12.000 12.000 12.400 12.400 12.100 12.200 12.200 12.500 12.500 12.200 12.200 12.000 25/12/1997
9.100 9.000 9.000 8.300 8.300 8.900 8.800 8.900 8.700 8.300 8.900 9.000 8.800 8.700 8.400 9.300 9.500 8.700 8.700 8.700 9.400 9.400 8.700 8.800 8.800 9.400 9.500 8.900 8.800 8.700 26/12/1997
6.600 6.500 6.500 5.900 5.700 6.400 6.400 6.400 6.100 5.700 6.500 6.500 6.100 6.100 5.800 7.000 7.100 6.100 6.100 6.100 7.100 7.100 6.100 6.200 6.200 7.100 7.200 6.200 6.200 6.100 27/12/1997
5.700 5.600 5.600 4.800 4.600 5.500 5.400 5.500 4.700 4.700 5.500 5.600 4.700 4.600 4.800 5.600 5.600 4.700 4.600 4.600 5.700 5.600 4.700 4.700 4.700 5.800 5.700 4.800 4.800 4.600 28/12/1997
6.000 5.900 5.800 4.900 4.400 5.800 5.600 5.800 4.600 4.400 5.800 5.800 4.500 4.600 4.300 5.800 5.600 4.500 4.600 4.600 6.000 5.600 4.600 4.500 4.500 6.200 5.700 4.500 4.500 4.600 29/12/1997
7.600 7.600 7.500 7.300 6.700 7.400 7.300 7.400 6.900 6.700 7.400 7.400 6.900 6.900 6.700 7.400 7.400 6.900 6.900 6.900 7.600 7.400 6.900 6.900 6.900 7.800 7.500 6.900 6.900 6.900 30/12/1997
8.500 8.400 8.400 8.200 8.100 8.300 8.200 8.300 8.300 8.200 8.300 8.300 8.300 8.200 8.300 8.400 8.700 8.300 8.200 8.200 8.500 8.600 8.200 8.300 8.300 8.600 8.700 8.400 8.400 8.200 31/12/1997
7.200 7.100 7.100 6.500 6.000 7.000 6.900 7.000 6.600 6.100 7.000 7.000 6.600 6.500 6.300 7.000 7.100 6.600 6.500 6.500 7.100 7.100 6.600 6.700 6.700 7.200 7.100 6.800 6.800 6.500 01/01/1998
8.900 8.800 8.700 7.700 7.200 8.600 8.500 8.600 7.900 7.200 8.600 8.600 7.900 7.800 7.300 8.800 8.600 7.900 7.700 7.800 8.900 8.500 7.800 7.900 7.900 9.000 8.600 8.100 8.000 7.700 02/01/1998
10.400 10.300 10.300 9.800 9.100 10.200 10.100 10.200 9.300 9.100 10.200 10.200 9.300 9.200 9.300 10.600 10.800 9.300 9.200 9.200 10.700 10.800 9.300 9.400 9.400 10.700 10.900 9.500 9.500 9.200 03/01/1998
9.100 9.100 9.000 8.000 8.000 8.900 8.800 8.900 8.600 8.000 8.900 9.000 8.600 8.500 8.100 9.200 9.600 8.600 8.400 8.500 9.300 9.500 8.600 8.600 8.600 9.400 9.600 8.800 8.700 8.500 04/01/1998
9.100 9.000 9.000 8.300 8.300 8.900 8.800 8.900 8.600 8.400 8.900 8.900 8.600 8.600 8.500 9.600 10.100 8.600 8.500 8.500 9.700 10.100 8.600 8.600 8.600 9.700 10.200 8.700 8.700 8.500 05/01/1998
11.300 11.200 11.200 10.300 9.800 11.100 11.000 11.100 10.600 9.900 11.100 11.100 10.600 10.500 10.000 11.400 11.300 10.600 10.500 10.500 11.400 11.300 10.600 10.600 10.600 11.500 11.300 10.700 10.700 10.500 06/01/1998
10.600 10.500 10.500 9.800 9.000 10.400 10.300 10.400 9.700 9.000 10.400 10.400 9.800 9.700 9.100 10.000 9.500 9.800 9.700 9.700 10.100 9.500 9.700 9.800 9.800 10.100 9.500 9.900 9.900 9.700 07/01/1998
10.100 10.100 10.100 9.400 8.500 10.100 10.100 10.100 8.700 8.500 10.100 10.100 8.600 8.700 8.400 9.700 9.200 8.600 8.700 8.700 9.700 9.200 8.700 8.600 8.600 9.600 9.100 8.500 8.500 8.700 08/01/1998
9.300 9.400 9.400 9.100 8.500 9.500 9.500 9.500 7.800 8.300 9.400 9.400 7.800 7.900 8.100 9.000 8.000 7.800 8.000 8.000 8.900 8.100 7.800 7.700 7.700 8.800 8.000 7.500 7.600 8.000 09/01/1998
10.100 10.000 9.900 10.300 9.100 9.700 9.400 9.700 9.900 9.100 9.700 9.700 9.900 9.800 9.100 9.200 9.200 9.900 9.700 9.700 9.400 9.200 9.900 10.000 10.000 9.700 9.300 10.100 10.100 9.700 10/01/1998
10.600 10.400 10.300 11.300 10.300 10.200 9.900 10.200 10.200 10.300 10.200 10.200 10.300 10.200 10.400 9.500 8.900 10.300 10.100 10.100 9.700 8.900 10.200 10.300 10.300 9.800 9.000 10.500 10.400 10.100 11/01/1998
12.000 11.900 11.900 11.700 11.000 11.700 11.600 11.700 11.300 11.000 11.800 11.800 11.300 11.200 11.100 11.900 12.100 11.300 11.200 11.200 12.000 12.000 11.300 11.300 11.300 12.200 12.100 11.400 11.400 11.200 12/01/1998
12.000 12.000 11.900 11.400 11.400 11.800 11.700 11.800 11.900 11.500 11.800 11.800 11.900 11.800 11.600 11.800 11.800 11.900 11.700 11.800 11.900 11.800 11.900 12.000 12.000 12.000 11.900 12.100 12.100 11.800 13/01/1998
7.600 7.600 7.500 6.700 6.200 7.400 7.400 7.400 6.800 6.300 7.500 7.500 6.900 6.800 6.400 7.500 7.200 6.800 6.700 6.800 7.600 7.200 6.800 6.900 6.900 7.600 7.200 7.000 6.900 6.700 14/01/1998
7.800 7.800 7.700 7.200 5.900 7.600 7.400 7.600 6.700 6.000 7.600 7.600 6.700 6.600 6.100 8.100 8.100 6.700 6.500 6.600 8.200 8.100 6.700 6.800 6.800 8.300 8.200 6.900 6.900 6.600 15/01/1998
8.100 8.000 8.000 7.500 6.800 7.900 7.800 7.900 7.300 6.900 7.900 7.900 7.400 7.300 7.000 8.300 8.200 7.400 7.300 7.300 8.300 8.200 7.300 7.400 7.400 8.400 8.300 7.500 7.500 7.300 16/01/1998
3.200 3.200 3.100 3.200 4.000 3.100 3.000 3.100 3.400 4.000 3.100 3.100 3.400 3.400 4.000 3.000 3.100 3.400 3.400 3.400 3.100 3.000 3.400 3.400 3.400 3.100 3.100 3.400 3.400 3.400 17/01/1998
7.800 7.700 7.600 7.500 6.100 7.500 7.300 7.500 6.600 6.100 7.500 7.500 6.600 6.500 6.200 7.900 7.700 6.600 6.400 6.500 8.000 7.600 6.600 6.600 6.600 8.200 7.800 6.800 6.700 6.500 18/01/1998
8.000 7.900 7.900 7.400 7.000 7.800 7.600 7.800 7.400 7.100 7.800 7.800 7.500 7.300 7.200 8.400 8.300 7.400 7.300 7.300 8.400 8.300 7.400 7.500 7.500 8.500 8.400 7.700 7.600 7.300 19/01/1998
3.300 3.200 3.100 2.700 2.900 3.000 2.900 3.000 3.300 3.000 3.000 3.100 3.400 3.300 3.100 3.600 3.900 3.300 3.200 3.200 3.700 3.900 3.300 3.400 3.400 3.800 4.000 3.500 3.500 3.200 20/01/1998
0.200 0.100 0.100 0.300 0.900 0.000 0.000 0.000 0.600 0.900 0.000 0.100 0.700 0.600 0.900 0.500 1.000 0.600 0.600 0.600 0.500 0.900 0.600 0.700 0.700 0.600 1.000 0.700 0.700 0.600 21/01/1998
-0.300 -0.500 -0.600 -0.300 -1.300 -0.800 -1.000 -0.800 -0.900 -1.300 -0.800 -0.700 -0.800 -1.000 -1.300 -0.300 -0.300 -0.900 -1.000 -1.000 -0.100 -0.300 -0.900 -0.800 -0.800 0.200 -0.100 -0.700 -0.700 -1.000 22/01/1998
1.100 0.800 0.600 1.000 1.000 0.200 -0.300 0.200 1.200 1.000 0.300 0.300 1.300 1.100 1.100 0.400 0.600 1.300 1.000 1.000 0.800 0.500 1.200 1.400 1.400 1.400 0.800 1.600 1.600 1.000 23/01/1998
0.800 0.500 0.300 0.100 0.700 -0.100 -0.600 -0.100 1.000 0.800 0.000 0.100 1.200 0.900 0.900 0.800 2.000 1.100 0.800 0.800 1.300 1.900 1.000 1.200 1.200 1.800 2.200 1.500 1.400 0.800 24/01/1998
0.700 0.600 0.500 -0.100 0.400 0.400 0.300 0.400 0.400 0.500 0.500 0.500 0.500 0.400 0.600 0.600 0.800 0.400 0.300 0.300 0.700 0.800 0.400 0.500 0.500 0.800 0.900 0.600 0.600 0.300 25/01/1998
0.400 0.200 0.000 0.900 1.900 -0.200 -0.500 -0.200 1.600 1.900 -0.200 -0.100 1.600 1.500 1.900 -0.200 0.200 1.600 1.500 1.500 0.100 0.200 1.600 1.700 1.700 0.400 0.300 1.800 1.700 1.500 26/01/1998
1.000 0.800 0.700 0.100 2.900 0.400 0.000 0.400 2.600 2.900 0.500 0.500 2.700 2.600 2.800 2.300 4.100 2.600 2.500 2.600 2.700 4.100 2.600 2.700 2.700 3.000 4.200 2.800 2.700 2.600 27/01/1998
1.800 1.600 1.500 0.600 4.500 1.300 1.100 1.300 4.000 4.400 1.400 1.400 4.000 4.000 4.300 4.800 6.300 4.000 4.000 4.000 5.000 6.300 4.000 4.000 4.000 5.300 6.400 4.000 4.000 4.000 28/01/1998
1.400 1.100 1.000 0.100 4.000 0.700 0.300 0.700 2.900 4.000 0.800 0.800 2.900 2.900 3.900 2.300 4.600 2.900 2.800 2.800 2.600 4.500 2.900 2.900 2.900 3.000 4.600 3.000 3.000 2.800 29/01/1998
1.000 0.900 0.800 0.400 3.600 0.700 0.500 0.700 2.600 3.500 0.700 0.700 2.600 2.700 3.300 2.300 3.400 2.600 2.700 2.700 2.400 3.400 2.700 2.600 2.600 2.600 3.400 2.500 2.500 2.700 30/01/1998
-0.200 -0.300 -0.400 -1.000 2.700 -0.500 -0.700 -0.500 1.200 2.600 -0.500 -0.500 1.200 1.300 2.500 0.300 2.300 1.200 1.300 1.300 0.600 2.300 1.200 1.200 1.200 0.900 2.300 1.100 1.100 1.300 31/01/1998
0.500 0.400 0.300 -0.800 3.500 0.200 0.100 0.200 1.800 3.500 0.300 0.300 1.700 1.900 3.300 1.500 3.600 1.800 2.000 1.900 1.700 3.600 1.800 1.700 1.700 1.900 3.500 1.600 1.600 1.900 01/02/1998
0.200 0.100 0.000 -1.100 3.200 -0.100 -0.300 -0.100 1.900 3.200 -0.100 -0.100 1.900 2.000 3.100 1.100 3.300 1.900 2.100 2.000 1.400 3.300 1.900 1.900 1.900 1.700 3.400 1.700 1.800 2.100 02/02/1998
1.400 1.300 1.200 0.200 2.100 1.000 0.700 1.000 2.200 2.200 1.000 1.000 2.200 2.200 2.200 2.100 3.500 2.200 2.300 2.300 2.400 3.400 2.200 2.200 2.200 2.800 3.500 2.200 2.200 2.300 03/02/1998
0.100 -0.100 -0.300 -0.800 0.300 -0.500 -0.900 -0.500 0.400 0.300 -0.500 -0.400 0.400 0.400 0.300 0.200 1.300 0.400 0.300 0.300 0.700 1.200 0.400 0.400 0.400 1.200 1.400 0.500 0.500 0.300 04/02/1998
0.800 0.400 0.200 0.600 0.500 -0.200 -0.700 -0.200 0.900 0.400 -0.100 0.000 1.000 0.800 0.400 0.700 0.000 1.000 0.700 0.800 1.200 -0.100 0.900 1.100 1.100 1.700 0.200 1.300 1.200 0.800 05/02/1998
1.200 1.100 0.900 1.400 1.400 0.700 0.500 0.700 0.700 1.300 0.800 0.800 0.700 0.700 1.100 0.500 0.200 0.700 0.700 0.700 0.800 0.200 0.700 0.700 0.700 1.100 0.300 0.700 0.700 0.700 06/02/1998
4.200 4.200 4.200 4.000 2.700 4.200 4.100 4.200 2.100 2.600 4.200 4.200 2.100 2.100 2.600 3.600 2.500 2.100 2.200 2.200 3.600 2.500 2.100 2.000 2.000 3.600 2.400 1.900 2.000 2.200 07/02/1998
6.400 6.400 6.400 5.900 6.700 6.400 6.500 6.400 6.000 6.600 6.400 6.400 6.000 6.100 6.500 7.000 6.400 6.000 6.100 6.100 6.900 6.400 6.000 6.000 6.000 6.900 6.300 5.900 5.900 6.100 08/02/1998
8.100 8.200 8.300 7.600 7.800 8.500 8.600 8.500 7.600 7.700 8.400 8.400 7.500 7.700 7.500 9.000 7.900 7.500 7.800 7.800 9.000 8.000 7.600 7.400 7.400 9.000 7.900 7.200 7.200 7.800 09/02/1998
8.800 8.900 9.000 8.600 7.800 9.100 9.200 9.100 7.600 7.700 9.100 9.000 7.500 7.700 7.600 8.700 8.300 7.600 7.800 7.800 8.500 8.400 7.600 7.500 7.500 8.300 8.200 7.300 7.400 7.800 10/02/1998
8.300 8.500 8.600 7.700 7.700 8.800 9.000 8.800 6.700 7.500 8.700 8.700 6.600 6.900 7.300 8.400 8.000 6.700 7.000 6.900 8.200 8.100 6.700 6.500 6.500 7.900 7.900 6.300 6.300 6.900 11/02/1998
8.100 8.200 8.400 7.400 8.200 8.600 8.900 8.600 6.800 8.000 8.600 8.500 6.700 7.000 7.700 9.000 8.200 6.800 7.100 7.100 8.600 8.300 6.800 6.600 6.600 8.300 8.000 6.300 6.400 7.100 12/02/1998
7.800 8.100 8.200 7.800 10.100 8.500 8.900 8.500 7.600 9.900 8.500 8.400 7.400 7.800 9.500 8.500 7.800 7.500 8.000 7.900 8.100 7.900 7.600 7.300 7.300 7.700 7.600 6.900 7.000 7.900 13/02/1998
9.300 9.600 9.800 9.000 10.900 10.100 10.500 10.100 8.700 10.600 10.000 10.000 8.500 8.900 10.300 9.500 8.800 8.600 9.100 9.000 9.100 8.900 8.700 8.400 8.400 8.500 8.500 8.000 8.100 9.100 14/02/1998
10.200 10.400 10.600 10.400 12.300 11.000 11.400 11.000 9.900 12.100 10.900 10.800 9.700 10.100 11.700 10.900 10.500 9.800 10.300 10.300 10.400 10.600 9.900 9.600 9.600 9.900 10.200 9.100 9.200 10.300 15/02/1998
8.500 8.600 8.600 7.800 9.700 8.700 8.800 8.700 8.600 9.500 8.700 8.700 8.600 8.700 9.400 8.800 9.300 8.600 8.800 8.800 8.700 9.300 8.700 8.500 8.500 8.600 9.200 8.300 8.400 8.800 16/02/1998
6.900 6.900 6.800 6.200 6.300 6.800 6.800 6.800 6.600 6.200 6.800 6.800 6.500 6.600 6.200 7.600 8.500 6.500 6.600 6.600 7.600 8.500 6.600 6.500 6.500 7.600 8.500 6.500 6.500 6.600 17/02/1998
8.500 8.500 8.600 8.200 9.000 8.700 8.800 8.700 8.200 8.800 8.600 8.600 8.100 8.300 8.600 8.900 9.100 8.100 8.400 8.300 8.800 9.100 8.200 8.000 8.000 8.700 9.000 7.800 7.900 8.400 18/02/1998
9.900 9.900 10.000 9.600 10.200 10.000 10.100 10.000 10.200 10.100 10.000 10.000 10.100 10.300 9.900 9.700 9.900 10.200 10.400 10.400 9.600 10.000 10.200 10.100 10.100 9.500 9.800 9.900 9.900 10.400 19/02/1998
11.600 11.500 11.500 11.600 12.200 11.400 11.300 11.400 11.500 12.000 11.400 11.400 11.400 11.500 11.800 12.200 11.800 11.500 11.600 11.500 12.300 11.800 11.500 11.400 11.400 12.500 11.800 11.300 11.300 11.600 20/02/1998
9.400 9.300 9.300 9.600 9.700 9.200 9.000 9.200 9.800 9.800 9.200 9.200 9.900 9.800 9.900 9.400 9.700 9.900 9.700 9.700 9.500 9.700 9.800 9.900 9.900 9.700 9.800 10.000 10.000 9.700 21/02/1998
6.500 6.400 6.300 5.200 5.400 6.200 6.100 6.200 5.800 5.500 6.200 6.300 5.800 5.700 5.600 6.600 6.600 5.800 5.700 5.700 6.700 6.600 5.800 5.800 5.800 6.800 6.700 5.900 5.900 5.700 22/02/1998
4.700 4.700 4.600 4.300 4.500 4.600 4.500 4.600 4.500 4.500 4.600 4.600 4.500 4.400 4.500 5.300 5.600 4.500 4.400 4.400 5.400 5.600 4.500 4.500 4.500 5.400 5.600 4.500 4.500 4.400 23/02/1998
6.800 6.800 6.700 6.400 6.000 6.700 6.600 6.700 6.400 6.000 6.700 6.700 6.400 6.400 6.000 6.800 7.100 6.400 6.400 6.400 6.800 7.100 6.400 6.400 6.400 6.900 7.200 6.400 6.400 6.400 24/02/1998
8.700 8.700 8.600 7.900 9.300 8.500 8.500 8.500 9.800 9.400 8.600 8.600 9.800 9.700 9.400 9.400 9.800 9.800 9.700 9.700 9.500 9.800 9.800 9.800 9.800 9.500 9.800 9.800 9.800 9.700 25/02/1998
7.500 7.600 7.600 7.500 8.500 7.600 7.700 7.600 7.600 8.400 7.600 7.600 7.500 7.600 8.300 6.800 7.500 7.600 7.700 7.700 6.700 7.500 7.600 7.500 7.500 6.600 7.400 7.400 7.400 7.700 26/02/1998
6.900 6.800 6.800 5.900 5.800 6.700 6.600 6.700 6.100 5.800 6.700 6.700 6.100 6.100 5.800 7.100 6.800 6.100 6.000 6.000 7.200 6.800 6.100 6.100 6.100 7.300 6.900 6.100 6.100 6.000 27/02/1998
8.500 8.400 8.400 7.800 8.100 8.300 8.200 8.300 8.100 8.200 8.300 8.300 8.200 8.100 8.400 8.700 8.700 8.200 8.000 8.000 8.700 8.700 8.100 8.200 8.200 8.800 8.700 8.300 8.300 8.000 28/02/1998
8.000 8.000 7.900 7.300 7.700 7.900 7.900 7.900 7.700 7.800 7.900 7.900 7.700 7.700 7.900 8.200 8.500 7.700 7.600 7.600 8.300 8.500 7.700 7.700 7.700 8.300 8.500 7.800 7.800 7.600 01/03/1998
8.800 8.700 8.700 7.900 7.300 8.600 8.500 8.600 7.700 7.300 8.600 8.600 7.700 7.700 7.300 8.500 8.500 7.700 7.700 7.700 8.500 8.500 7.700 7.700 7.700 8.600 8.500 7.800 7.700 7.700 02/03/1998
12.400 12.300 12.200 12.200 10.600 12.100 11.900 12.100 11.100 10.600 12.100 12.100 11.100 11.100 10.500 12.300 12.100 11.100 11.100 11.100 12.400 12.100 11.100 11.100 11.100 12.600 12.100 11.100 11.100 11.100 03/03/1998
13.200 13.100 13.000 12.800 12.300 12.900 12.800 12.900 12.600 12.300 13.000 13.000 12.700 12.600 12.400 12.600 12.700 12.600 12.600 12.600 12.700 12.700 12.600 12.700 12.700 12.800 12.700 12.800 12.700 12.600 04/03/1998
8.600 8.600 8.600 8.000 8.300 8.500 8.500 8.500 8.200 8.300 8.500 8.500 8.200 8.200 8.300 9.100 9.000 8.200 8.200 8.200 9.200 9.000 8.200 8.200 8.200 9.200 9.100 8.300 8.300 8.200 05/03/1998
9.000 9.000 9.000 8.600 8.600 9.000 9.000 9.000 8.200 8.600 9.000 9.000 8.200 8.300 8.500 9.200 9.200 8.200 8.300 8.300 9.100 9.200 8.200 8.200 8.200 9.000 9.200 8.100 8.100 8.300 06/03/1998
11.500 11.400 11.300 10.500 10.500 11.200 11.100 11.200 10.700 10.500 11.200 11.300 10.800 10.700 10.700 11.700 11.600 10.800 10.600 10.600 11.800 11.600 10.700 10.800 10.800 12.000 11.700 10.900 10.900 10.600 07/03/1998
11.300 11.200 11.200 10.000 10.400 11.100 10.900 11.100 10.900 10.500 11.100 11.100 11.000 10.900 10.600 11.400 11.500 10.900 10.800 10.800 11.500 11.500 10.900 11.000 11.000 11.700 11.600 11.100 11.100 10.800 08/03/1998
6.500 6.400 6.400 5.200 5.800 6.300 6.200 6.300 6.300 5.900 6.300 6.300 6.300 6.200 6.000 7.200 7.800 6.300 6.200 6.200 7.300 7.800 6.200 6.300 6.300 7.400 7.900 6.400 6.400 6.200 09/03/1998
4.800 4.800 4.800 4.800 4.400 4.700 4.700 4.700 4.600 4.400 4.700 4.700 4.600 4.600 4.400 5.200 5.300 4.600 4.600 4.600 5.300 5.300 4.600 4.600 4.600 5.300 5.300 4.600 4.600 4.600 10/03/1998
8.100 8.100 8.000 7.200 6.800 7.900 7.800 7.900 7.700 6.900 8.000 8.000 7.800 7.700 7.100 8.300 8.500 7.700 7.600 7.600 8.400 8.500 7.700 7.800 7.800 8.500 8.500 7.900 7.900 7.600 11/03/1998
4.900 4.800 4.800 4.000 4.700 4.700 4.500 4.700 5.000 4.800 4.700 4.700 5.000 4.900 4.900 5.600 6.000 5.000 4.900 4.900 5.700 6.000 5.000 5.100 5.100 5.900 6.100 5.200 5.200 4.900 12/03/1998
4.700 4.600 4.600 3.900 3.900 4.600 4.500 4.600 4.100 3.900 4.600 4.600 4.100 4.100 3.900 4.800 5.200 4.100 4.100 4.100 4.900 5.200 4.100 4.100 4.100 4.900 5.200 4.100 4.100 4.100 13/03/1998
7.800 7.800 7.700 6.900 6.700 7.700 7.600 7.700 7.100 6.700 7.700 7.700 7.100 7.100 6.700 7.600 7.700 7.100 7.000 7.000 7.700 7.700 7.100 7.100 7.100 7.800 7.700 7.100 7.100 7.000 14/03/1998
9.600 9.600 9.500 8.700 8.700 9.400 9.300 9.400 9.400 8.700 9.500 9.500 9.400 9.400 8.800 9.800 10.300 9.400 9.400 9.400 9.900 10.300 9.400 9.400 9.400 10.100 10.300 9.500 9.500 9.400 15/03/1998
8.700 8.600 8.600 7.700 7.900 8.500 8.400 8.500 8.000 7.900 8.500 8.500 8.000 8.000 7.800 8.200 8.800 8.000 8.000 8.000 8.200 8.800 8.000 8.000 8.000 8.300 8.800 7.900 7.900 8.000 16/03/1998
8.800 8.700 8.700 8.000 8.200 8.700 8.600 8.700 8.300 8.200 8.700 8.700 8.300 8.400 8.200 9.100 9.900 8.300 8.400 8.400 9.200 9.900 8.300 8.300 8.300 9.200 9.900 8.300 8.300 8.400 17/03/1998
8.600 8.500 8.500 7.800 8.500 8.400 8.300 8.400 8.800 8.600 8.400 8.400 8.800 8.800 8.600 9.100 10.000 8.800 8.800 8.800 9.200 10.000 8.800 8.800 8.800 9.200 10.000 8.800 8.800 8.800 18/03/1998
9.600 9.500 9.500 8.400 9.500 9.400 9.300 9.400 9.800 9.500 9.400 9.400 9.800 9.800 9.500 10.100 10.800 9.800 9.700 9.800 10.200 10.800 9.800 9.800 9.800 10.200 10.800 9.800 9.800 9.700 19/03/1998
8.400 8.300 8.300 7.600 7.900 8.200 8.100 8.200 8.200 8.000 8.200 8.200 8.300 8.200 8.000 8.900 9.500 8.200 8.200 8.200 9.000 9.500 8.200 8.300 8.300 9.100 9.500 8.300 8.300 8.200 20/03/1998
7.800 7.700 7.700 6.500 6.800 7.600 7.500 7.600 7.500 6.800 7.600 7.600 7.600 7.500 6.900 8.100 8.700 7.500 7.500 7.500 8.200 8.700 7.500 7.600 7.600 8.300 8.800 7.700 7.600 7.500 21/03/1998
7.900 7.900 7.800 6.800 7.500 7.700 7.600 7.700 7.700 7.500 7.800 7.800 7.700 7.700 7.600 8.500 9.200 7.700 7.700 7.700 8.500 9.200 7.700 7.800 7.800 8.600 9.300 7.800 7.800 7.700 22/03/1998
7.100 7.100 7.000 6.100 6.500 7.000 6.900 7.000 6.600 6.500 7.000 7.000 6.600 6.600 6.400 7.800 8.400 6.600 6.600 6.600 7.800 8.400 6.600 6.600 6.600 7.900 8.400 6.600 6.600 6.600 23/03/1998
5.700 5.600 5.600 5.000 5.300 5.600 5.500 5.600 5.500 5.300 5.600 5.600 5.500 5.500 5.300 5.700 6.400 5.500 5.500 5.500 5.800 6.400 5.500 5.500 5.500 5.800 6.400 5.400 5.500 5.500 24/03/1998
5.200 5.300 5.300 4.900 5.900 5.400 5.400 5.400 5.500 5.900 5.400 5.400 5.400 5.500 5.800 5.600 6.400 5.500 5.600 5.500 5.500 6.400 5.500 5.400 5.400 5.400 6.300 5.300 5.300 5.600 25/03/1998
8.100 8.000 8.000 7.800 8.800 7.900 7.800 7.900 8.500 8.800 7.900 7.900 8.500 8.500 8.800 8.200 8.600 8.500 8.500 8.500 8.300 8.600 8.500 8.500 8.500 8.300 8.600 8.600 8.600 8.500 26/03/1998
12.800 12.700 12.600 12.600 12.800 12.500 12.300 12.500 12.700 12.800 12.500 12.600 12.800 12.700 12.800 12.500 12.800 12.800 12.700 12.700 12.700 12.800 12.700 12.800 12.800 12.900 12.900 12.900 12.800 12.700 27/03/1998
15.600 15.400 15.400 14.900 13.600 15.200 15.000 15.200 14.100 13.600 15.200 15.300 14.100 14.100 13.600 14.500 14.500 14.100 14.000 14.000 14.700 14.500 14.100 14.100 14.100 15.000 14.500 14.200 14.100 14.000 28/03/1998
15.300 15.200 15.100 14.600 13.300 15.000 14.800 15.000 14.300 13.300 15.000 15.000 14.300 14.300 13.300 14.500 14.400 14.300 14.300 14.300 14.700 14.300 14.300 14.300 14.300 14.900 14.400 14.400 14.300 14.300 29/03/1998
11.400 11.300 11.200 11.100 11.300 11.000 10.800 11.000 11.400 11.400 11.000 11.100 11.400 11.300 11.500 11.500 11.700 11.400 11.200 11.300 11.700 11.700 11.400 11.500 11.500 11.900 11.800 11.600 11.600 11.200 30/03/1998
13.900 13.900 13.800 13.700 13.300 13.700 13.700 13.700 13.700 13.400 13.800 13.800 13.800 13.700 13.500 13.900 14.500 13.800 13.700 13.700 14.000 14.500 13.700 13.800 13.800 14.100 14.600 13.900 13.900 13.700 31/03/1998
13.100 13.100 13.100 12.300 12.200 13.000 12.900 13.000 12.500 12.200 13.000 13.000 12.500 12.500 12.300 13.200 13.900 12.500 12.500 12.500 13.200 13.900 12.500 12.600 12.600 13.300 13.900 12.600 12.600 12.500 01/04/1998
12.300 12.200 12.100 11.700 11.300 12.000 11.900 12.000 11.800 11.400 12.000 12.100 11.800 11.700 11.500 12.300 12.900 11.800 11.700 11.700 12.400 12.900 11.800 11.800 11.800 12.500 12.900 12.000 11.900 11.700 02/04/1998
10.800 10.700 10.700 10.300 11.800 10.500 10.400 10.500 12.000 11.900 10.600 10.600 12.000 11.900 12.000 11.000 12.200 12.000 11.800 11.800 11.200 12.200 12.000 12.100 12.100 11.400 12.300 12.200 12.200 11.800 03/04/1998
9.900 9.800 9.700 9.000 9.700 9.600 9.500 9.600 10.200 9.800 9.700 9.700 10.200 10.100 9.900 10.100 10.200 10.200 10.100 10.100 10.200 10.200 10.200 10.300 10.300 10.400 10.300 10.400 10.400 10.100 04/04/1998
9.500 9.400 9.300 8.800 8.100 9.200 9.100 9.200 8.700 8.200 9.300 9.300 8.700 8.600 8.300 9.500 9.300 8.700 8.600 8.600 9.600 9.200 8.700 8.800 8.800 9.700 9.300 8.900 8.900 8.600 05/04/1998
9.300 9.300 9.200 8.700 9.000 9.100 8.900 9.100 9.500 9.100 9.100 9.100 9.600 9.400 9.200 9.800 10.600 9.500 9.400 9.400 10.000 10.500 9.500 9.600 9.600 10.100 10.600 9.700 9.700 9.400 06/04/1998
9.400 9.300 9.200 8.000 8.800 9.100 8.900 9.100 9.400 8.900 9.100 9.100 9.400 9.300 9.100 9.500 9.700 9.400 9.200 9.300 9.600 9.600 9.400 9.500 9.500 9.800 9.700 9.600 9.600 9.200 07/04/1998
8.700 8.600 8.500 7.700 7.600 8.400 8.200 8.400 7.900 7.700 8.400 8.400 8.000 7.800 7.800 8.600 8.500 7.900 7.700 7.800 8.700 8.500 7.900 8.000 8.000 8.900 8.600 8.200 8.100 7.700 08/04/1998
6.500 6.400 6.300 5.600 6.000 6.200 6.000 6.200 6.300 6.100 6.200 6.300 6.400 6.200 6.200 6.700 7.200 6.300 6.200 6.200 6.900 7.100 6.300 6.400 6.400 7.100 7.300 6.600 6.500 6.200 09/04/1998
5.900 5.800 5.800 5.700 5.400 5.700 5.500 5.700 6.000 5.400 5.700 5.700 6.100 6.000 5.600 6.300 6.600 6.100 5.900 5.900 6.400 6.500 6.000 6.100 6.100 6.600 6.700 6.300 6.200 5.900 10/04/1998
5.100 5.000 5.000 4.600 4.200 4.900 4.800 4.900 5.100 4.300 4.900 4.900 5.100 5.000 4.400 5.000 5.600 5.100 5.000 5.000 5.200 5.500 5.100 5.200 5.200 5.300 5.600 5.300 5.200 5.000 11/04/1998
3.700 3.600 3.500 2.600 3.500 3.400 3.300 3.400 3.700 3.600 3.500 3.500 3.800 3.600 3.700 4.100 4.400 3.700 3.600 3.600 4.200 4.400 3.700 3.800 3.800 4.300 4.400 3.900 3.900 3.600 12/04/1998
3.300 3.300 3.300 3.300 2.600 3.300 3.300 3.300 2.700 2.600 3.300 3.300 2.800 2.700 2.700 3.800 3.800 2.800 2.700 2.700 3.900 3.800 2.700 2.800 2.800 3.900 3.900 2.900 2.800 2.700 13/04/1998
6.900 6.800 6.800 6.300 6.000 6.700 6.500 6.700 6.300 6.100 6.700 6.700 6.400 6.300 6.200 6.900 6.900 6.400 6.200 6.200 7.000 6.900 6.300 6.400 6.400 7.200 7.000 6.500 6.500 6.200 14/04/1998
7.200 7.100 7.000 6.400 6.700 6.900 6.800 6.900 7.300 6.800 7.000 7.000 7.300 7.200 6.900 7.400 7.400 7.300 7.100 7.200 7.500 7.400 7.300 7.400 7.400 7.700 7.500 7.500 7.500 7.100 15/04/1998
6.800 6.700 6.600 6.200 6.200 6.500 6.400 6.500 6.400 6.200 6.500 6.600 6.500 6.400 6.400 7.000 7.100 6.500 6.300 6.300 7.200 7.100 6.400 6.500 6.600 7.400 7.200 6.700 6.700 6.300 16/04/1998
7.800 7.700 7.600 6.400 6.200 7.500 7.300 7.500 7.100 6.300 7.500 7.500 7.100 7.000 6.400 7.700 7.600 7.100 6.900 6.900 7.900 7.500 7.000 7.200 7.200 8.100 7.700 7.300 7.300 6.900 17/04/1998
6.700 6.700 6.600 6.100 5.800 6.500 6.400 6.500 6.000 5.900 6.600 6.600 6.100 5.900 6.000 6.700 7.000 6.000 5.900 5.900 6.800 7.000 6.000 6.100 6.100 6.800 7.100 6.200 6.200 5.900 18/04/1998
9.700 9.600 9.600 8.800 8.500 9.500 9.400 9.500 8.900 8.500 9.500 9.500 8.900 8.900 8.600 9.900 10.200 8.900 8.800 8.900 9.900 10.200 8.900 9.000 9.000 10.000 10.200 9.000 9.000 8.800 19/04/1998
11.500 11.500 11.400 10.800 9.900 11.400 11.300 11.400 10.200 9.900 11.400 11.400 10.200 10.200 10.000 11.000 10.600 10.200 10.100 10.100 11.000 10.600 10.200 10.200 10.200 11.100 10.600 10.200 10.200 10.100 20/04/1998
14.900 14.900 14.800 15.000 14.400 14.800 14.700 14.800 14.500 14.400 14.800 14.800 14.500 14.500 14.400 14.500 14.300 14.500 14.500 14.500 14.500 14.300 14.500 14.500 14.500 14.600 14.300 14.500 14.500 14.500 21/04/1998
15.500 15.400 15.400 15.200 15.500 15.400 15.300 15.400 15.500 15.500 15.400 15.400 15.500 15.500 15.400 14.800 14.900 15.500 15.600 15.500 14.900 14.900 15.500 15.500 15.500 15.100 15.000 15.400 15.400 15.600 22/04/1998
13.200 13.200 13.100 12.700 13.300 13.000 12.900 13.000 13.600 13.400 13.000 13.000 13.600 13.500 13.500 13.300 13.400 13.600 13.500 13.500 13.400 13.400 13.600 13.700 13.700 13.500 13.500 13.800 13.800 13.500 23/04/1998
12.600 12.500 12.400 12.000 12.100 12.300 12.100 12.300 12.500 12.100 12.300 12.300 12.600 12.500 12.200 12.400 12.700 12.600 12.400 12.400 12.600 12.600 12.500 12.600 12.600 12.800 12.700 12.800 12.700 12.400 24/04/1998
14.100 13.900 13.900 13.700 14.600 13.700 13.500 13.700 14.900 14.700 13.700 13.800 15.000 14.900 14.800 14.300 14.900 15.000 14.800 14.800 14.500 14.900 14.900 15.000 15.000 14.700 15.000 15.100 15.100 14.800 25/04/1998
10.700 10.600 10.500 10.400 10.600 10.400 10.200 10.400 11.100 10.700 10.400 10.400 11.100 11.000 10.900 10.700 10.900 11.100 10.900 10.900 10.800 10.800 11.000 11.200 11.200 11.000 10.900 11.300 11.300 10.900 26/04/1998
8.900 8.900 8.800 8.600 8.200 8.700 8.600 8.700 8.500 8.200 8.700 8.700 8.500 8.400 8.300 9.000 9.300 8.500 8.300 8.300 9.100 9.300 8.400 8.500 8.500 9.300 9.400 8.700 8.600 8.300 27/04/1998
10.600 10.500 10.400 10.100 10.200 10.300 10.100 10.300 10.100 10.200 10.300 10.300 10.200 10.100 10.300 10.700 11.000 10.200 10.000 10.000 10.900 11.000 10.100 10.200 10.200 11.000 11.100 10.400 10.300 10.000 28/04/1998
10.500 10.400 10.300 10.500 10.000 10.200 10.000 10.200 10.300 10.100 10.200 10.200 10.400 10.200 10.300 10.700 11.100 10.300 10.200 10.200 10.800 11.000 10.300 10.400 10.400 11.000 11.200 10.600 10.500 10.200 29/04/1998
11.400 11.300 11.200 10.800 10.700 11.100 11.000 11.100 11.600 10.800 11.200 11.200 11.700 11.600 10.900 11.300 11.700 11.700 11.500 11.500 11.400 11.700 11.600 11.700 11.800 11.600 11.800 11.900 11.900 11.500 30/04/1998
11.900 11.800 11.700 10.700 11.500 11.600 11.400 11.600 11.900 11.600 11.600 11.600 11.900 11.800 11.700 11.900 12.100 11.900 11.700 11.700 12.000 12.000 11.900 12.000 12.000 12.100 12.200 12.200 12.100 11.700 01/05/1998
11.800 11.700 11.600 11.000 11.700 11.500 11.300 11.500 12.000 11.800 11.500 11.600 12.000 11.900 11.900 11.700 11.800 12.000 11.800 11.800 11.800 11.700 12.000 12.100 12.100 12.000 11.900 12.300 12.200 11.800 02/05/1998
9.400 9.300 9.200 8.700 9.900 9.100 8.900 9.100 9.900 10.000 9.100 9.200 10.000 9.800 10.200 9.500 9.900 9.900 9.700 9.700 9.600 9.900 9.900 10.000 10.000 9.700 10.000 10.200 10.200 9.700 03/05/1998
9.900 9.800 9.700 9.200 9.000 9.600 9.400 9.600 9.400 9.100 9.600 9.600 9.500 9.300 9.300 9.900 10.000 9.400 9.200 9.200 10.000 10.000 9.400 9.500 9.500 10.100 10.100 9.700 9.700 9.200 04/05/1998
10.300 10.200 10.200 10.200 10.500 10.100 10.000 10.100 10.400 10.500 10.100 10.100 10.500 10.400 10.700 10.500 10.500 10.500 10.300 10.300 10.600 10.400 10.400 10.500 10.500 10.800 10.500 10.600 10.600 10.300 05/05/1998
10.800 10.700 10.700 10.300 10.600 10.600 10.500 10.600 10.700 10.700 10.600 10.600 10.800 10.600 10.900 10.800 11.100 10.700 10.600 10.600 10.900 11.100 10.700 10.800 10.800 10.900 11.200 10.900 10.900 10.600 06/05/1998
14.800 14.700 14.700 13.900 14.500 14.600 14.600 14.600 14.400 14.500 14.600 14.600 14.400 14.400 14.500 14.700 15.000 14.400 14.400 14.400 14.800 15.000 14.400 14.400 14.400 14.900 15.000 14.500 14.400 14.400 07/05/1998
18.900 18.800 18.700 18.500 17.300 18.600 18.400 18.600 18.000 17.200 18.600 18.600 18.000 18.000 17.200 18.300 18.100 18.000 17.900 17.900 18.500 18.000 18.000 18.100 18.100 18.800 18.200 18.100 18.100 17.900 08/05/1998
19.800 19.700 19.600 19.800 18.600 19.500 19.300 19.500 19.300 18.600 19.500 19.500 19.300 19.300 18.600 19.900 19.100 19.300 19.200 19.200 20.100 19.100 19.300 19.400 19.400 20.300 19.200 19.400 19.400 19.200 09/05/1998
21.100 21.100 21.000 20.800 20.000 20.900 20.800 20.900 20.300 19.900 20.900 20.900 20.300 20.300 19.800 20.700 20.400 20.300 20.300 20.300 20.900 20.300 20.300 20.300 20.300 21.100 20.400 20.300 20.300 20.300 10/05/1998
19.800 19.700 19.700 19.900 19.600 19.700 19.700 19.700 19.500 19.600 19.700 19.700 19.500 19.500 19.500 19.900 19.800 19.500 19.600 19.600 20.000 19.700 19.500 19.500 19.500 20.100 19.800 19.500 19.500 19.600 11/05/1998
19.600 19.500 19.500 19.000 18.700 19.500 19.400 19.500 18.800 18.700 19.500 19.500 18.900 18.800 18.700 19.300 19.300 18.800 18.800 18.800 19.300 19.300 18.800 18.900 18.900 19.400 19.300 18.900 18.900 18.800 12/05/1998
20.300 20.300 20.300 19.900 20.400 20.300 20.400 20.300 20.100 20.400 20.300 20.300 20.100 20.100 20.400 20.300 20.300 20.100 20.100 20.100 20.200 20.300 20.100 20.100 20.100 20.100 20.300 20.000 20.000 20.100 13/05/1998
21.100 21.100 21.100 20.400 19.500 21.100 21.100 21.100 19.500 19.500 21.100 21.100 19.500 19.500 19.500 21.500 21.300 19.500 19.500 19.500 21.400 21.300 19.500 19.500 19.500 21.400 21.300 19.400 19.400 19.500 14/05/1998
20.500 20.500 20.400 19.400 17.100 20.300 20.200 20.300 17.500 17.200 20.300 20.400 17.600 17.500 17.200 20.000 17.900 17.500 17.500 17.500 20.100 17.900 17.500 17.600 17.600 20.300 18.000 17.700 17.600 17.500 15/05/1998
17.900 17.800 17.800 17.300 16.700 17.800 17.800 17.800 17.000 16.800 17.800 17.800 17.000 17.000 16.800 19.000 19.000 17.000 17.000 17.000 19.100 19.000 17.000 17.000 17.000 19.100 19.000 17.100 17.100 17.000 16/05/1998
17.500 17.500 17.500 17.100 17.700 17.500 17.500 17.500 17.500 17.800 17.500 17.500 17.500 17.500 17.900 18.400 18.300 17.500 17.500 17.500 18.300 18.300 17.500 17.500 17.500 18.200 18.300 17.600 17.600 17.500 17/05/1998
18.300 18.300 18.200 17.300 18.300 18.200 18.100 18.200 18.200 18.300 18.200 18.200 18.300 18.200 18.400 19.200 19.400 18.200 18.200 18.200 19.200 19.500 18.200 18.300 18.300 19.200 19.400 18.300 18.300 18.200 18/05/1998
19.100 19.000 19.000 17.900 18.900 18.900 18.900 18.900 18.800 19.000 19.000 19.000 18.800 18.800 19.000 19.600 20.200 18.800 18.800 18.800 19.600 20.200 18.800 18.800 18.800 19.700 20.200 18.800 18.800 18.800 19/05/1998
19.800 19.700 19.700 18.400 19.100 19.600 19.600 19.600 19.300 19.100 19.700 19.700 19.300 19.300 19.200 20.000 20.200 19.300 19.300 19.300 20.100 20.200 19.300 19.300 19.300 20.100 20.200 19.300 19.300 19.300 20/05/1998
19.100 19.000 19.000 18.000 18.800 18.900 18.900 18.900 18.700 18.800 19.000 19.000 18.700 18.700 18.900 19.900 20.100 18.700 18.700 18.700 19.900 20.100 18.700 18.700 18.700 19.900 20.100 18.700 18.700 18.700 21/05/1998
16.300 16.200 16.100 15.000 16.300 16.000 15.900 16.000 16.400 16.400 16.000 16.100 16.500 16.400 16.600 17.200 17.700 16.400 16.300 16.300 17.300 17.700 16.400 16.500 16.500 17.300 17.800 16.600 16.600 16.300 22/05/1998
14.000 13.900 13.800 13.200 14.000 13.700 13.500 13.700 14.400 14.200 13.700 13.700 14.500 14.400 14.300 14.500 15.300 14.500 14.300 14.300 14.600 15.300 14.400 14.600 14.600 14.700 15.400 14.700 14.700 14.300 23/05/1998
13.900 13.800 13.800 13.900 14.200 13.700 13.600 13.700 14.100 14.300 13.700 13.700 14.100 14.000 14.400 15.000 15.200 14.100 13.900 13.900 15.000 15.200 14.100 14.200 14.200 15.100 15.300 14.400 14.300 13.900 24/05/1998
15.100 15.100 15.000 14.400 15.400 15.000 14.900 15.000 15.200 15.500 15.000 15.000 15.300 15.200 15.600 15.500 15.700 15.300 15.100 15.200 15.500 15.700 15.200 15.300 15.300 15.600 15.800 15.400 15.400 15.100 25/05/1998
14.000 13.900 13.800 12.700 13.100 13.700 13.500 13.700 13.700 13.200 13.700 13.800 13.700 13.600 13.400 13.900 14.000 13.700 13.500 13.500 14.000 13.900 13.600 13.800 13.800 14.100 14.000 13.900 13.900 13.500 26/05/1998
14.400 14.200 14.200 14.100 14.400 14.000 13.900 14.000 14.800 14.500 14.100 14.100 14.900 14.800 14.700 14.400 14.700 14.900 14.700 14.700 14.500 14.700 14.800 14.900 14.900 14.800 14.800 15.100 15.100 14.700 27/05/1998
13.800 13.700 13.700 13.500 13.400 13.600 13.400 13.600 13.400 13.500 13.600 13.600 13.400 13.300 13.600 14.100 14.400 13.400 13.200 13.300 14.200 14.300 13.400 13.400 13.400 14.300 14.400 13.600 13.500 13.200 28/05/1998
15.900 15.800 15.700 14.700 14.700 15.700 15.500 15.700 15.100 14.800 15.700 15.700 15.100 15.000 14.900 16.000 16.100 15.100 14.900 15.000 16.100 16.100 15.000 15.100 15.100 16.100 16.100 15.300 15.200 14.900 29/05/1998
14.200 14.100 14.100 13.500 14.000 14.000 13.900 14.000 14.100 14.100 14.000 14.000 14.100 14.000 14.100 14.100 14.100 14.100 14.000 14.000 14.200 14.100 14.100 14.100 14.100 14.200 14.100 14.200 14.200 14.000 30/05/1998
13.300 13.200 13.200 12.600 13.200 13.100 13.100 13.100 13.100 13.200 13.200 13.200 13.100 13.000 13.300 13.400 13.800 13.100 13.000 13.000 13.400 13.800 13.100 13.100 13.100 13.500 13.800 13.200 13.200 13.000 31/05/1998
16.900 16.800 16.800 16.000 16.300 16.700 16.600 16.700 16.700 16.300 16.700 16.700 16.700 16.600 16.400 17.100 16.800 16.700 16.600 16.600 17.100 16.800 16.700 16.700 16.700 17.100 16.800 16.800 16.800 16.600 01/06/1998
16.700 16.600 16.600 16.200 15.400 16.500 16.300 16.500 16.200 15.500 16.500 16.500 16.200 16.100 15.600 16.600 16.800 16.200 16.000 16.100 16.700 16.800 16.200 16.300 16.300 16.700 16.900 16.400 16.400 16.100 02/06/1998
17.600 17.600 17.600 17.200 17.800 17.500 17.400 17.500 18.000 17.900 17.500 17.500 18.000 17.900 18.000 17.600 18.300 18.000 17.900 17.900 17.700 18.300 18.000 18.100 18.100 17.800 18.400 18.100 18.100 17.900 03/06/1998
20.800 20.700 20.700 20.400 20.800 20.500 20.400 20.500 21.000 20.800 20.600 20.600 21.000 20.900 20.900 21.200 21.500 21.000 20.900 20.900 21.300 21.500 21.000 21.000 21.100 21.500 21.600 21.200 21.100 20.900 04/06/1998
22.400 22.300 22.300 22.400 22.800 22.200 22.100 22.200 22.800 22.800 22.200 22.200 22.800 22.800 22.900 21.700 21.800 22.800 22.800 22.800 21.800 21.800 22.800 22.900 22.900 21.900 21.900 22.900 22.900 22.800 05/06/1998
17.700 17.600 17.600 17.500 18.500 17.500 17.300 17.500 18.400 18.500 17.500 17.500 18.400 18.300 18.600 17.900 18.000 18.400 18.300 18.300 18.100 18.000 18.400 18.400 18.400 18.400 18.100 18.500 18.500 18.300 06/06/1998
16.600 16.500 16.400 15.800 16.300 16.300 16.200 16.300 16.800 16.500 16.300 16.400 16.900 16.700 16.700 16.200 16.600 16.900 16.700 16.700 16.300 16.600 16.800 16.900 16.900 16.400 16.700 17.100 17.100 16.700 07/06/1998
16.700 16.600 16.600 16.800 16.700 16.400 16.300 16.400 16.900 16.800 16.500 16.500 17.000 16.800 17.000 16.400 16.600 16.900 16.800 16.800 16.500 16.600 16.900 17.000 17.000 16.700 16.700 17.200 17.100 16.800 08/06/1998
20.600 20.500 20.400 20.200 20.400 20.200 20.000 20.200 20.800 20.500 20.200 20.300 20.800 20.700 20.700 20.200 20.600 20.800 20.600 20.600 20.300 20.500 20.800 20.900 20.900 20.600 20.700 21.100 21.000 20.600 09/06/1998
16.600 16.500 16.400 15.700 15.900 16.200 16.000 16.200 16.400 16.000 16.300 16.300 16.500 16.300 16.200 16.200 16.800 16.400 16.200 16.200 16.300 16.700 16.400 16.500 16.500 16.500 16.900 16.800 16.700 16.200 10/06/1998
12.100 12.100 12.000 11.200 11.100 11.900 11.800 11.900 11.800 11.200 12.000 12.000 11.800 11.700 11.400 12.700 12.600 11.800 11.700 11.700 12.700 12.600 11.800 11.900 11.900 12.800 12.600 12.000 12.000 11.700 11/06/1998
13.000 12.900 12.900 12.000 12.000 12.800 12.700 12.800 12.400 12.000 12.800 12.800 12.400 12.300 12.100 12.700 12.700 12.400 12.300 12.300 12.800 12.700 12.400 12.500 12.500 13.000 12.800 12.600 12.600 12.300 12/06/1998
11.500 11.500 11.400 11.200 11.500 11.300 11.200 11.300 11.300 11.600 11.400 11.400 11.400 11.300 11.800 12.200 12.100 11.400 11.200 11.200 12.200 12.100 11.300 11.400 11.400 12.300 12.200 11.600 11.500 11.200 13/06/1998
14.400 14.300 14.300 13.500 14.200 14.200 14.100 14.200 14.500 14.300 14.200 14.300 14.500 14.400 14.500 14.800 14.800 14.500 14.300 14.400 14.800 14.700 14.500 14.600 14.600 14.900 14.800 14.700 14.700 14.400 14/06/1998
14.400 14.300 14.300 14.000 13.500 14.200 14.100 14.200 13.900 13.500 14.200 14.200 13.900 13.800 13.700 14.200 14.400 13.900 13.800 13.800 14.300 14.400 13.900 13.900 13.900 14.300 14.400 14.000 14.000 13.800 15/06/1998
14.100 14.000 14.000 13.700 13.300 13.900 13.800 13.900 13.800 13.300 13.900 13.900 13.900 13.800 13.400 14.500 14.100 13.800 13.700 13.700 14.500 14.100 13.800 13.900 13.900 14.600 14.200 14.000 13.900 13.700 16/06/1998
15.500 15.500 15.500 14.800 15.300 15.500 15.400 15.500 15.300 15.300 15.500 15.500 15.300 15.300 15.300 15.500 15.700 15.300 15.300 15.300 15.500 15.700 15.300 15.300 15.300 15.500 15.700 15.300 15.300 15.300 17/06/1998
19.000 19.100 19.100 18.100 19.100 19.100 19.200 19.100 18.700 19.000 19.100 19.100 18.700 18.700 19.000 19.500 19.500 18.700 18.800 18.800 19.400 19.600 18.700 18.700 18.700 19.300 19.500 18.600 18.600 18.800 18/06/1998
22.300 22.300 22.200 21.600 22.600 22.200 22.200 22.200 22.200 22.600 22.200 22.200 22.200 22.200 22.500 22.800 22.800 22.200 22.200 22.200 22.800 22.800 22.200 22.200 22.200 22.800 22.800 22.100 22.100 22.200 19/06/1998
25.500 25.400 25.300 25.000 24.600 25.200 25.100 25.200 24.900 24.600 25.200 25.300 24.900 24.900 24.500 25.800 25.500 24.900 24.900 24.900 26.000 25.500 24.900 24.900 24.900 26.200 25.600 25.000 25.000 24.900 20/06/1998
20.700 20.600 20.500 21.400 20.500 20.300 20.100 20.300 21.000 20.500 20.300 20.400 21.000 20.900 20.600 19.900 20.600 21.000 20.800 20.900 20.200 20.600 21.000 21.100 21.100 20.400 20.700 21.200 21.200 20.800 21/06/1998
18.700 18.600 18.600 18.000 18.700 18.500 18.400 18.500 19.100 18.800 18.500 18.500 19.200 19.100 18.800 18.700 19.200 19.100 19.000 19.000 18.800 19.200 19.100 19.200 19.200 19.000 19.300 19.300 19.300 19.000 22/06/1998
18.600 18.600 18.600 18.200 19.300 18.500 18.500 18.500 19.000 19.400 18.500 18.500 19.000 18.900 19.500 18.900 19.200 19.000 18.900 18.900 19.000 19.200 18.900 19.000 19.000 19.100 19.200 19.100 19.100 18.900 23/06/1998
19.900 19.800 19.700 19.800 21.600 19.600 19.500 19.600 21.000 21.700 19.600 19.600 21.100 21.000 21.700 19.800 20.200 21.000 20.900 20.900 19.900 20.200 21.000 21.100 21.100 20.100 20.300 21.200 21.200 20.900 24/06/1998
16.700 16.600 16.500 16.200 16.500 16.400 16.300 16.400 16.400 16.600 16.400 16.400 16.500 16.300 16.700 16.300 16.200 16.400 16.300 16.300 16.400 16.100 16.400 16.500 16.500 16.600 16.200 16.700 16.700 16.300 25/06/1998
18.200 18.100 18.100 18.200 18.600 18.000 17.900 18.000 18.600 18.700 18.000 18.000 18.700 18.500 18.900 17.900 18.300 18.600 18.500 18.500 18.000 18.300 18.600 18.700 18.700 18.100 18.300 18.800 18.800 18.500 26/06/1998
18.500 18.300 18.300 18.100 18.400 18.100 17.900 18.100 18.600 18.400 18.100 18.200 18.600 18.500 18.600 18.700 18.400 18.600 18.400 18.400 18.900 18.300 18.600 18.700 18.700 19.100 18.500 18.800 18.800 18.400 27/06/1998
18.400 18.300 18.200 17.900 18.200 18.100 18.000 18.100 18.600 18.300 18.100 18.200 18.600 18.500 18.500 18.400 18.400 18.600 18.400 18.400 18.600 18.400 18.600 18.700 18.700 18.700 18.500 18.900 18.800 18.400 28/06/1998
18.900 18.800 18.700 18.900 19.800 18.600 18.400 18.600 19.600 19.800 18.600 18.600 19.700 19.500 20.000 18.700 19.300 19.600 19.400 19.500 18.900 19.300 19.600 19.700 19.700 19.100 19.400 19.900 19.800 19.400 29/06/1998
18.000 17.900 17.800 17.800 18.600 17.700 17.500 17.700 18.700 18.700 17.700 17.700 18.800 18.600 18.900 18.100 18.700 18.800 18.600 18.600 18.300 18.700 18.700 18.800 18.900 18.600 18.800 19.000 19.000 18.600 30/06/1998
20.000 19.900 19.900 19.300 19.700 19.700 19.600 19.700 20.500 19.800 19.800 19.800 20.500 20.400 19.800 19.500 20.100 20.500 20.300 20.300 19.700 20.000 20.400 20.600 20.600 20.000 20.200 20.800 20.700 20.300 01/07/1998
19.800 19.700 19.700 19.600 19.700 19.600 19.500 19.600 20.200 19.800 19.600 19.600 20.300 20.200 19.900 19.300 19.800 20.300 20.100 20.100 19.400 19.800 20.200 20.300 20.300 19.500 19.800 20.500 20.400 20.100 02/07/1998
18.500 18.500 18.500 18.000 17.900 18.400 18.400 18.400 18.700 17.900 18.400 18.400 18.700 18.700 18.000 18.400 19.000 18.700 18.700 18.700 18.400 19.000 18.700 18.700 18.700 18.400 19.000 18.800 18.800 18.700 03/07/1998
19.100 19.000 19.000 18.700 19.000 18.900 18.800 18.900 19.100 19.000 18.900 18.900 19.100 19.000 19.100 18.800 19.200 19.100 19.000 19.000 18.900 19.100 19.100 19.100 19.100 19.100 19.200 19.200 19.200 19.000 04/07/1998
19.400 19.300 19.200 19.100 19.900 19.000 18.900 19.000 20.100 20.000 19.100 19.100 20.100 20.000 20.100 18.600 18.800 20.100 19.900 20.000 18.800 18.800 20.100 20.200 20.200 19.000 18.900 20.300 20.300 19.900 05/07/1998
21.300 21.200 21.100 20.800 21.900 20.900 20.700 20.900 22.100 21.900 20.900 21.000 22.200 22.000 22.000 21.100 21.700 22.100 22.000 22.000 21.400 21.700 22.100 22.200 22.200 21.700 21.800 22.300 22.300 22.000 06/07/1998
17.900 17.800 17.700 17.800 17.800 17.500 17.400 17.500 18.000 17.900 17.600 17.600 18.000 17.900 18.100 17.400 17.900 18.000 17.800 17.800 17.600 17.900 17.900 18.100 18.100 17.700 18.000 18.300 18.200 17.800 07/07/1998
18.000 17.900 17.800 18.000 18.600 17.800 17.700 17.800 18.300 18.700 17.800 17.800 18.400 18.200 18.900 17.700 17.800 18.300 18.200 18.200 17.800 17.800 18.300 18.400 18.400 17.900 17.900 18.500 18.500 18.200 08/07/1998
16.100 16.000 15.900 15.700 15.800 15.700 15.400 15.700 16.300 16.000 15.700 15.700 16.400 16.200 16.200 15.900 16.400 16.400 16.100 16.100 16.100 16.300 16.300 16.500 16.500 16.400 16.500 16.700 16.600 16.100 09/07/1998
18.300 18.100 18.000 17.100 17.700 17.900 17.700 17.900 18.100 17.900 17.900 17.900 18.200 18.000 18.100 17.900 18.100 18.100 17.900 17.900 18.000 18.100 18.100 18.200 18.300 18.200 18.200 18.500 18.400 17.900 10/07/1998
18.900 18.800 18.700 18.500 18.700 18.600 18.300 18.600 19.100 18.800 18.600 18.600 19.200 19.000 19.000 18.500 19.000 19.200 19.000 19.000 18.600 19.000 19.100 19.300 19.300 18.800 19.100 19.400 19.400 19.000 11/07/1998
18.700 18.500 18.300 17.900 18.400 18.100 17.700 18.100 19.100 18.500 18.100 18.200 19.200 18.900 18.600 18.500 19.400 19.100 18.800 18.900 18.900 19.300 19.000 19.200 19.200 19.300 19.600 19.500 19.400 18.800 12/07/1998
17.700 17.600 17.500 17.000 16.300 17.300 17.100 17.300 17.000 16.400 17.400 17.400 17.100 16.900 16.500 17.200 16.900 17.100 16.900 16.900 17.400 16.900 17.000 17.200 17.200 17.700 17.000 17.300 17.300 16.900 13/07/1998
15.900 15.900 15.800 16.000 16.700 15.800 15.700 15.800 16.600 16.800 15.800 15.800 16.700 16.600 16.900 16.100 15.900 16.700 16.500 16.500 16.100 15.900 16.600 16.700 16.700 16.200 15.900 16.800 16.800 16.500 14/07/1998
16.400 16.300 16.300 15.800 16.500 16.200 16.100 16.200 16.500 16.600 16.200 16.200 16.500 16.400 16.800 15.900 16.200 16.500 16.400 16.400 15.900 16.200 16.500 16.500 16.600 16.000 16.200 16.700 16.600 16.400 15/07/1998
17.200 17.100 17.000 16.900 17.300 16.800 16.600 16.800 17.300 17.400 16.900 16.900 17.300 17.200 17.600 16.600 17.300 17.300 17.100 17.100 16.700 17.300 17.300 17.400 17.400 16.900 17.400 17.600 17.500 17.100 16/07/1998
19.000 18.800 18.700 18.200 18.500 18.500 18.300 18.500 19.000 18.600 18.600 18.600 19.100 18.900 18.700 19.000 19.600 19.000 18.800 18.800 19.200 19.500 19.000 19.100 19.100 19.500 19.700 19.300 19.300 18.800 17/07/1998
21.000 20.900 20.800 20.300 21.400 20.600 20.400 20.600 21.400 21.500 20.600 20.700 21.500 21.300 21.600 20.300 20.800 21.400 21.300 21.300 20.500 20.800 21.400 21.500 21.500 20.800 20.900 21.700 21.600 21.300 18/07/1998
24.800 24.800 24.700 24.500 26.000 24.700 24.600 24.700 25.800 26.000 24.700 24.700 25.800 25.800 26.000 24.400 25.800 25.800 25.800 25.800 24.500 25.700 25.800 25.700 25.700 24.700 25.800 25.700 25.700 25.800 19/07/1998
26.100 26.000 26.000 26.000 26.800 25.900 25.900 25.900 27.600 26.800 25.900 26.000 27.600 27.600 26.800 25.200 26.900 27.600 27.600 27.600 25.400 26.900 27.600 27.600 27.600 25.600 27.000 27.600 27.600 27.600 20/07/1998
19.500 19.400 19.400 18.600 18.700 19.300 19.300 19.300 19.300 18.900 19.400 19.400 19.400 19.200 19.000 19.500 19.900 19.300 19.200 19.200 19.600 19.900 19.300 19.400 19.400 19.700 19.900 19.500 19.500 19.200 21/07/1998
20.700 20.600 20.600 20.000 20.800 20.500 20.500 20.500 20.900 20.900 20.600 20.600 20.900 20.900 21.000 20.500 21.200 20.900 20.800 20.900 20.600 21.200 20.900 21.000 21.000 20.600 21.300 21.000 21.000 20.800 22/07/1998
21.400 21.300 21.200 21.100 21.800 21.000 20.800 21.000 21.900 21.800 21.100 21.100 22.000 21.800 22.000 21.300 21.800 21.900 21.800 21.800 21.500 21.800 21.900 22.000 22.000 21.700 21.900 22.200 22.100 21.800 23/07/1998
20.800 20.700 20.600 20.200 20.500 20.500 20.300 20.500 20.800 20.600 20.500 20.500 20.900 20.700 20.900 20.200 20.300 20.900 20.600 20.700 20.300 20.300 20.800 21.000 21.000 20.400 20.400 21.200 21.100 20.700 24/07/1998
20.800 20.800 20.700 20.800 21.000 20.700 20.600 20.700 20.400 21.100 20.700 20.700 20.500 20.400 21.200 20.100 20.200 20.400 20.300 20.300 20.100 20.200 20.400 20.500 20.500 20.200 20.300 20.600 20.600 20.300 25/07/1998
21.400 21.400 21.300 21.700 22.300 21.200 21.100 21.200 22.100 22.300 21.200 21.300 22.100 22.000 22.400 20.800 21.300 22.100 21.900 21.900 20.900 21.300 22.000 22.100 22.100 21.000 21.400 22.300 22.200 21.900 26/07/1998
19.000 18.900 18.900 18.000 18.400 18.700 18.600 18.700 18.800 18.500 18.800 18.800 18.900 18.700 18.700 18.700 19.100 18.900 18.600 18.700 18.800 19.000 18.800 18.900 19.000 19.000 19.100 19.100 19.100 18.700 27/07/1998
16.900 16.800 16.700 16.500 17.200 16.600 16.500 16.600 17.300 17.400 16.600 16.700 17.400 17.200 17.600 16.800 17.200 17.400 17.100 17.200 16.900 17.200 17.300 17.500 17.500 17.000 17.300 17.700 17.600 17.200 28/07/1998
19.000 18.800 18.700 18.300 18.500 18.400 18.100 18.400 19.100 18.700 18.500 18.500 19.200 19.000 18.900 18.700 18.900 19.100 18.900 18.900 19.000 18.900 19.100 19.300 19.300 19.400 19.100 19.500 19.500 18.900 29/07/1998
16.600 16.400 16.400 16.100 17.000 16.200 16.000 16.200 17.100 17.100 16.200 16.300 17.200 17.000 17.300 16.900 17.500 17.200 16.900 17.000 17.100 17.500 17.100 17.200 17.300 17.300 17.600 17.400 17.400 16.900 30/07/1998
16.400 16.400 16.400 16.000 16.400 16.300 16.200 16.300 16.700 16.500 16.300 16.300 16.700 16.600 16.700 16.100 16.800 16.700 16.500 16.500 16.100 16.800 16.700 16.800 16.800 16.200 16.900 16.900 16.900 16.500 31/07/1998
