# 460 461 462 463 464 465 489 490 491 492 493 494 518 519 520 521 522 523 547 548 549 550 551 575 576 577 578 579 Date
4.4 4.1 4.2 4.1 4.2 4.2 4.1 4.1 4.1 4.1 4.6 4.6 4.5 4.5 4.3 4.2 4.2 4.3 4.1 4.1 4.1 4.7 4.7 4.5 4.5 4.5 4.5 4.6 01/08/2004
3.9 4.5 4.5 4.5 4.5 4.5 4.5 4.5 4.4 4.4 4.1 4.1 4.0 4.0 4.6 4.6 4.6 4.6 4.5 4.5 4.5 4.1 4.1 4.1 4.0 4.0 4.0 4.1 02/08/2004
3.5 3.2 3.1 3.2 3.1 3.1 2.8 2.8 2.8 2.8 2.5 2.5 3.4 3.4 3.1 3.1 3.1 3.1 2.9 2.8 2.8 2.6 2.6 2.6 3.4 3.4 3.4 3.4 03/08/2004
3.0 2.5 2.4 2.5 2.5 2.4 2.7 2.7 2.6 2.6 2.8 2.8 2.9 2.9 2.4 2.4 2.4 2.4 2.8 2.7 2.7 2.9 2.9 1.9 3.0 3.0 2.9 2.9 04/08/2004
2.0 2.0 2.0 2.0 2.0 2.0 1.5 1.5 1.5 1.5 1.4 1.4 2.0 2.0 1.9 1.9 1.9 1.9 1.5 1.5 1.5 1.3 1.3 1.6 2.0 2.0 2.0 2.0 05/08/2004
4.0 4.1 4.0 4.1 4.1 4.0 2.8 2.8 2.7 2.7 2.5 2.5 4.0 4.0 4.0 4.0 4.0 4.0 2.9 2.8 2.8 2.5 2.5 4.1 4.0 4.0 4.0 4.0 06/08/2004
3.8 2.8 2.8 2.8 2.8 2.8 3.0 3.0 3.0 2.9 2.9 2.9 3.8 3.8 2.8 2.8 2.8 2.8 3.0 3.0 3.0 2.9 3.0 4.0 3.8 3.8 3.8 3.8 07/08/2004
4.0 4.5 4.4 4.4 4.4 4.4 4.9 4.9 4.8 4.8 4.5 4.5 4.0 4.0 4.4 4.4 4.4 4.4 5.0 4.9 4.9 4.6 4.6 3.6 4.0 4.0 4.0 3.9 08/08/2004
1.4 2.6 2.6 2.6 2.6 2.6 3.0 2.9 2.9 2.8 2.8 2.8 1.4 1.4 2.5 2.5 2.6 2.5 3.1 3.0 3.0 2.9 2.9 0.9 1.4 1.4 1.4 1.4 09/08/2004
3.2 2.6 2.6 2.6 2.6 2.6 1.9 1.9 1.8 1.8 1.9 1.9 3.2 3.2 2.6 2.6 2.6 2.6 2.0 1.9 1.9 2.0 2.0 3.1 3.2 3.2 3.2 3.2 10/08/2004
2.9 2.5 2.5 2.5 2.5 2.5 4.6 4.5 4.5 4.5 4.2 4.2 2.9 2.9 2.5 2.5 2.5 2.5 4.6 4.6 4.6 4.3 4.3 2.7 2.9 2.9 2.9 2.9 11/08/2004
3.6 2.5 2.5 2.5 2.5 2.5 1.1 1.0 1.0 1.0 1.1 1.0 3.6 3.6 2.5 2.5 2.5 2.5 1.2 1.1 1.1 1.1 1.2 3.5 3.6 3.6 3.6 3.6 12/08/2004
2.6 2.1 2.1 2.1 2.1 2.1 2.3 2.2 2.1 2.1 1.8 1.8 2.6 2.6 2.1 2.1 2.1 2.1 2.4 2.3 2.3 2.0 2.0 2.5 2.6 2.6 2.6 2.6 13/08/2004
3.7 2.6 2.5 2.6 2.6 2.5 3.4 3.4 3.3 3.3 3.6 3.5 3.7 3.7 2.5 2.5 2.5 2.5 3.4 3.4 3.4 3.6 3.7 3.7 3.7 3.7 3.6 3.6 14/08/2004
2.7 2.5 2.5 2.5 2.5 2.5 2.9 2.9 2.9 2.8 2.7 2.7 2.7 2.7 2.5 2.5 2.5 2.5 3.0 2.9 2.9 2.7 2.8 2.6 2.7 2.7 2.7 2.7 15/08/2004
2.2 2.2 2.2 2.2 2.2 2.2 3.0 2.9 2.9 2.8 2.6 2.6 2.2 2.2 2.2 2.2 2.2 2.2 3.0 2.9 2.9 2.7 2.7 2.5 2.2 2.2 2.2 2.2 16/08/2004
3.1 1.7 1.7 1.7 1.7 1.7 2.6 2.6 2.5 2.4 2.1 2.0 3.0 3.0 1.6 1.7 1.7 1.7 2.7 2.6 2.6 2.2 2.2 3.2 3.0 3.0 3.0 3.0 17/08/2004
2.6 2.6 2.6 2.6 2.6 2.6 3.2 3.2 3.1 3.1 2.9 2.9 2.5 2.5 2.5 2.6 2.6 2.6 3.2 3.2 3.2 2.9 2.9 2.7 2.5 2.5 2.5 2.5 18/08/2004
3.3 2.7 2.7 2.7 2.7 2.7 3.9 3.8 3.8 3.7 3.5 3.5 3.2 3.2 2.6 2.7 2.7 2.7 4.0 3.9 3.9 3.6 3.7 3.5 3.2 3.2 3.2 3.2 19/08/2004
3.2 2.4 2.4 2.4 2.4 2.4 2.9 2.8 2.7 2.7 3.4 3.4 3.1 3.1 2.4 2.4 2.4 2.4 3.0 2.9 2.8 3.5 3.6 2.9 3.1 3.1 3.1 3.1 20/08/2004
3.2 2.9 2.9 2.9 2.9 2.9 2.3 2.3 2.2 2.2 1.9 1.9 3.2 3.2 2.8 2.8 2.8 2.8 2.3 2.3 2.3 1.9 2.0 3.0 3.2 3.2 3.2 3.1 21/08/2004
3.4 3.0 3.0 3.0 3.0 3.0 1.8 1.8 1.8 1.7 1.5 1.5 3.4 3.4 3.0 3.0 3.0 3.0 1.9 1.8 1.8 1.6 1.6 3.0 3.4 3.4 3.4 3.4 22/08/2004
3.8 2.8 2.8 2.8 2.8 2.8 2.5 2.5 2.4 2.4 1.8 1.8 3.8 3.8 2.7 2.7 2.7 2.7 2.5 2.5 2.5 1.9 1.9 4.2 3.8 3.8 3.8 3.8 23/08/2004
1.8 2.3 2.3 2.3 2.3 2.3 3.3 3.3 3.2 3.1 2.2 2.2 1.7 1.7 2.3 2.3 2.3 2.3 3.4 3.3 3.3 2.3 2.3 2.0 1.7 1.7 1.7 1.7 24/08/2004
2.1 1.9 1.9 1.9 1.9 1.9 1.7 1.7 1.6 1.6 1.4 1.4 2.1 2.1 1.9 1.9 1.9 1.9 1.8 1.7 1.7 1.5 1.5 2.4 2.1 2.1 2.1 2.1 25/08/2004
2.4 2.2 2.1 2.2 2.2 2.1 2.9 2.9 2.9 2.8 2.5 2.5 2.4 2.4 2.1 2.1 2.1 2.1 3.0 2.9 2.9 2.6 2.6 2.0 2.4 2.4 2.4 2.4 26/08/2004
1.3 1.4 1.4 1.4 1.4 1.4 3.0 2.9 2.9 2.8 2.6 2.6 1.3 1.3 1.4 1.4 1.4 1.4 3.0 3.0 2.9 2.8 2.8 1.1 1.3 1.3 1.3 1.3 27/08/2004
2.1 2.1 2.1 2.1 2.1 2.1 1.8 1.8 1.7 1.7 1.2 1.2 2.1 2.1 2.0 2.0 2.0 2.0 1.8 1.8 1.8 1.2 1.2 2.1 2.1 2.1 2.1 2.0 28/08/2004
2.4 1.6 1.6 1.6 1.6 1.6 2.6 2.6 2.6 2.5 2.6 2.6 2.4 2.4 1.5 1.5 1.5 1.5 2.7 2.6 2.6 2.7 2.8 2.7 2.4 2.4 2.4 2.4 29/08/2004
2.4 2.8 2.7 2.8 2.8 2.7 2.5 2.4 2.4 2.3 1.6 1.6 2.3 2.3 2.7 2.7 2.7 2.7 2.5 2.4 2.4 1.8 1.8 2.4 2.3 2.3 2.3 2.2 30/08/2004
3.1 2.7 2.7 2.7 2.7 2.6 2.7 2.7 2.7 2.6 2.4 2.4 3.0 3.0 2.6 2.6 2.6 2.6 2.7 2.7 2.7 2.5 2.5 3.2 3.1 3.1 3.0 3.0 31/08/2004
3.2 3.0 3.0 3.0 3.0 3.0 3.2 3.2 3.2 3.1 2.7 2.7 3.2 3.2 3.0 3.0 3.0 3.0 3.3 3.2 3.2 2.8 2.8 3.2 3.2 3.2 3.2 3.2 01/09/2004
1.2 1.2 1.3 1.2 1.2 1.3 1.7 1.7 1.7 1.6 1.5 1.5 1.3 1.3 1.3 1.3 1.3 1.3 1.7 1.7 1.7 1.5 1.5 1.1 1.3 1.3 1.3 1.3 02/09/2004
2.4 2.8 2.8 2.8 2.8 2.8 3.5 3.4 3.3 3.2 3.2 3.2 2.4 2.4 2.8 2.8 2.8 2.8 3.5 3.4 3.4 3.4 3.4 1.9 2.4 2.4 2.4 2.4 03/09/2004
3.2 3.4 3.4 3.4 3.4 3.4 4.3 4.2 4.1 4.0 4.0 4.0 3.2 3.2 3.3 3.3 3.3 3.3 4.4 4.3 4.2 4.1 4.2 3.1 3.2 3.2 3.2 3.1 04/09/2004
4.3 4.1 4.0 4.1 4.1 4.0 4.0 4.0 3.9 3.8 3.4 3.4 4.3 4.3 4.0 4.0 4.0 4.0 4.1 4.0 4.0 3.5 3.5 4.6 4.3 4.3 4.3 4.2 05/09/2004
4.1 4.1 4.1 4.1 4.1 4.1 5.0 5.0 5.0 4.9 4.3 4.3 4.0 4.0 4.1 4.1 4.1 4.1 5.1 5.0 5.0 4.4 4.4 4.4 4.1 4.1 4.0 4.0 06/09/2004
3.5 3.4 3.4 3.4 3.4 3.4 3.3 3.3 3.2 3.1 3.2 3.2 3.4 3.4 3.4 3.4 3.4 3.4 3.4 3.3 3.3 3.3 3.3 3.6 3.4 3.4 3.4 3.4 07/09/2004
4.3 4.6 4.6 4.6 4.6 4.6 4.0 3.9 3.8 3.8 3.5 3.5 4.2 4.2 4.6 4.6 4.6 4.6 4.2 4.0 4.0 3.5 3.6 4.7 4.3 4.3 4.2 4.2 08/09/2004
4.3 4.5 4.5 4.5 4.5 4.5 4.4 4.4 4.5 4.5 4.3 4.3 4.3 4.3 4.5 4.5 4.5 4.5 4.3 4.4 4.4 4.2 4.2 4.4 4.3 4.3 4.3 4.3 09/09/2004
2.4 2.0 2.0 2.0 2.0 2.0 3.2 3.2 3.1 3.1 3.0 3.0 2.4 2.4 2.0 2.0 2.0 2.0 3.2 3.2 3.2 3.0 3.1 2.3 2.4 2.4 2.4 2.4 10/09/2004
3.2 2.5 2.5 2.5 2.5 2.5 2.5 2.5 2.4 2.4 2.6 2.6 3.1 3.1 2.4 2.4 2.4 2.4 2.6 2.5 2.5 2.7 2.7 3.1 3.1 3.1 3.1 3.0 11/09/2004
2.4 2.3 2.3 2.3 2.3 2.3 2.5 2.5 2.5 2.5 2.6 2.6 2.4 2.4 2.3 2.3 2.3 2.3 2.6 2.5 2.5 2.7 2.7 2.8 2.4 2.4 2.4 2.4 12/09/2004
2.2 1.6 1.6 1.6 1.6 1.6 2.6 2.5 2.4 2.3 2.5 2.5 2.1 2.1 1.6 1.6 1.6 1.6 2.7 2.6 2.5 2.6 2.7 2.1 2.2 2.2 2.1 2.1 13/09/2004
3.5 2.4 2.4 2.4 2.4 2.4 2.9 2.9 2.9 2.8 2.3 2.3 3.4 3.4 2.3 2.4 2.4 2.4 3.0 2.9 2.9 2.5 2.5 3.1 3.4 3.4 3.4 3.3 14/09/2004
2.9 2.8 2.7 2.8 2.7 2.7 2.7 2.7 2.6 2.6 2.3 2.3 2.9 2.9 2.7 2.7 2.7 2.7 2.8 2.7 2.7 2.4 2.4 3.0 2.9 2.9 2.9 2.9 15/09/2004
2.9 2.1 2.1 2.1 2.1 2.1 2.2 2.1 2.1 2.0 2.2 2.2 2.9 2.9 2.1 2.1 2.1 2.1 2.2 2.2 2.1 2.3 2.3 3.0 2.9 2.9 2.8 2.8 16/09/2004
3.0 2.7 2.7 2.7 2.7 2.7 2.6 2.7 2.7 2.7 2.6 2.6 2.9 2.9 2.7 2.7 2.7 2.7 2.6 2.7 2.7 2.6 2.6 2.9 2.9 2.9 2.9 2.9 17/09/2004
1.8 2.2 2.2 2.2 2.2 2.2 3.4 3.4 3.4 3.4 2.8 2.8 1.8 1.8 2.2 2.2 2.2 2.2 3.4 3.4 3.4 2.8 2.9 2.0 1.8 1.8 1.8 1.8 18/09/2004
2.8 2.2 2.2 2.2 2.2 2.2 2.4 2.4 2.3 2.3 2.1 2.1 2.7 2.7 2.2 2.2 2.2 2.2 2.5 2.4 2.4 2.1 2.2 2.9 2.8 2.8 2.7 2.7 19/09/2004
2.7 1.9 1.9 1.9 1.9 1.9 2.0 2.0 2.1 2.1 1.8 1.8 2.6 2.6 1.8 1.8 1.8 1.8 2.0 2.0 2.0 1.9 1.9 2.7 2.6 2.6 2.6 2.6 20/09/2004
3.4 2.9 2.9 2.9 2.9 2.9 2.9 2.9 2.8 2.7 2.7 2.7 3.4 3.4 2.9 2.9 2.9 2.9 3.0 2.9 2.9 2.8 2.8 3.5 3.4 3.4 3.4 3.4 21/09/2004
2.6 1.9 1.9 1.9 1.9 1.9 1.5 1.5 1.5 1.5 1.5 1.5 2.6 2.6 1.8 1.8 1.8 1.8 1.5 1.5 1.5 1.5 1.5 2.5 2.6 2.6 2.6 2.5 22/09/2004
1.1 1.1 1.1 1.1 1.1 1.1 0.8 0.8 0.8 0.8 0.8 0.8 1.2 1.2 1.1 1.1 1.1 1.1 0.9 0.8 0.8 0.8 0.8 1.2 1.2 1.2 1.2 1.2 23/09/2004
2.8 2.3 2.3 2.3 2.3 2.3 1.2 1.1 1.0 1.0 1.2 1.2 2.7 2.7 2.3 2.3 2.3 2.3 1.2 1.2 1.1 1.3 1.3 2.8 2.8 2.8 2.7 2.7 24/09/2004
1.8 1.7 1.6 1.7 1.7 1.6 1.9 1.9 1.9 1.8 1.8 1.8 1.8 1.8 1.6 1.6 1.6 1.6 2.0 1.9 1.9 1.8 1.9 2.0 1.8 1.8 1.8 1.8 25/09/2004
1.5 1.6 1.6 1.6 1.6 1.6 1.5 1.5 1.5 1.4 1.2 1.2 1.5 1.5 1.5 1.5 1.5 1.5 1.6 1.5 1.5 1.3 1.4 1.6 1.5 1.5 1.5 1.5 26/09/2004
0.9 0.9 0.9 0.9 0.9 0.9 0.8 0.7 0.7 0.7 0.5 0.5 0.9 0.9 0.9 0.9 0.9 0.9 0.8 0.8 0.7 0.6 0.6 1.0 0.9 0.9 0.9 0.9 27/09/2004
1.1 0.8 0.8 0.8 0.8 0.8 1.9 1.9 1.8 1.8 1.5 1.5 1.1 1.1 0.7 0.7 0.7 0.7 2.0 1.9 1.9 1.6 1.6 1.2 1.1 1.1 1.1 1.1 28/09/2004
1.3 1.0 1.0 1.0 1.0 1.0 0.9 0.9 0.8 0.8 0.9 0.9 1.3 1.3 1.0 1.0 1.0 1.0 0.9 0.9 0.9 1.0 1.0 1.1 1.3 1.3 1.3 1.3 29/09/2004
1.8 1.5 1.5 1.5 1.5 1.5 0.8 0.7 0.6 0.6 0.5 0.4 1.7 1.7 1.5 1.5 1.5 1.5 0.9 0.8 0.7 0.6 0.6 1.7 1.7 1.7 1.7 1.7 30/09/2004
2.6 2.0 2.0 2.0 2.0 2.0 1.8 1.7 1.6 1.6 1.5 1.4 2.5 2.5 1.9 1.9 1.9 1.9 1.8 1.8 1.7 1.6 1.6 2.4 2.5 2.5 2.5 2.5 01/10/2004
1.6 1.4 1.4 1.4 1.4 1.4 1.9 1.9 1.8 1.7 1.6 1.6 1.6 1.6 1.3 1.4 1.4 1.4 2.0 1.9 1.9 1.7 1.8 1.7 1.6 1.6 1.6 1.6 02/10/2004
1.6 1.8 1.8 1.8 1.8 1.8 1.6 1.5 1.5 1.4 1.2 1.2 1.7 1.7 1.8 1.8 1.8 1.8 1.7 1.6 1.6 1.3 1.3 1.5 1.6 1.6 1.7 1.7 03/10/2004
2.4 2.3 2.3 2.3 2.3 2.3 2.1 2.0 2.0 2.0 1.4 1.4 2.4 2.4 2.3 2.3 2.3 2.3 2.1 2.1 2.0 1.5 1.6 2.2 2.4 2.4 2.4 2.4 04/10/2004
1.8 1.2 1.1 1.2 1.2 1.1 1.5 1.4 1.4 1.3 1.6 1.6 1.7 1.7 1.1 1.1 1.1 1.1 1.5 1.5 1.4 1.7 1.7 2.1 1.8 1.8 1.7 1.7 05/10/2004
2.2 2.3 2.3 2.3 2.3 2.3 1.8 1.8 1.7 1.6 1.4 1.4 2.2 2.2 2.3 2.3 2.3 2.3 1.9 1.8 1.8 1.6 1.6 2.3 2.2 2.2 2.2 2.2 06/10/2004
1.7 1.4 1.4 1.4 1.4 1.4 1.5 1.5 1.4 1.4 1.3 1.3 1.6 1.6 1.3 1.3 1.3 1.3 1.6 1.5 1.5 1.4 1.4 1.7 1.6 1.6 1.6 1.6 07/10/2004
1.6 1.3 1.3 1.3 1.3 1.3 0.9 0.9 0.9 0.9 0.6 0.6 1.6 1.6 1.4 1.4 1.4 1.4 0.8 0.9 0.9 0.5 0.5 1.5 1.6 1.6 1.6 1.6 08/10/2004
1.1 1.0 1.0 1.0 1.0 1.0 1.6 1.6 1.5 1.5 1.4 1.4 1.1 1.1 1.0 1.0 1.0 1.0 1.6 1.6 1.6 1.5 1.5 1.1 1.1 1.1 1.1 1.1 09/10/2004
1.6 1.4 1.4 1.4 1.4 1.4 1.3 1.3 1.3 1.3 1.4 1.4 1.6 1.6 1.4 1.4 1.4 1.4 1.4 1.3 1.3 1.5 1.5 1.4 1.6 1.6 1.6 1.5 10/10/2004
1.5 1.7 1.7 1.7 1.7 1.7 1.5 1.4 1.4 1.4 1.7 1.7 1.5 1.5 1.7 1.7 1.7 1.7 1.5 1.5 1.4 1.7 1.8 1.4 1.5 1.5 1.5 1.5 11/10/2004
1.1 1.6 1.6 1.6 1.6 1.6 1.5 1.4 1.4 1.3 1.1 1.1 1.1 1.1 1.5 1.5 1.6 1.5 1.5 1.5 1.4 1.2 1.3 1.0 1.1 1.1 1.1 1.2 12/10/2004
0.8 1.1 1.1 1.1 1.1 1.1 1.5 1.5 1.4 1.4 1.2 1.2 0.8 0.8 1.0 1.0 1.0 1.0 1.6 1.5 1.5 1.2 1.3 0.9 0.8 0.8 0.8 0.8 13/10/2004
1.2 1.6 1.5 1.5 1.5 1.5 1.5 1.4 1.4 1.3 1.0 1.0 1.2 1.2 1.5 1.5 1.5 1.5 1.5 1.5 1.4 1.1 1.1 1.4 1.2 1.2 1.2 1.2 14/10/2004
0.8 1.1 1.1 1.1 1.1 1.1 0.7 0.6 0.6 0.5 0.5 0.5 0.8 0.8 1.1 1.1 1.1 1.1 0.7 0.6 0.6 0.5 0.6 0.9 0.8 0.8 0.8 0.8 15/10/2004
1.1 1.0 1.0 1.0 1.0 1.0 0.4 0.4 0.4 0.4 0.3 0.3 1.1 1.1 1.0 1.0 1.0 1.0 0.5 0.4 0.4 0.3 0.4 1.2 1.1 1.1 1.1 1.1 16/10/2004
1.3 0.9 0.9 0.9 0.9 0.9 0.7 0.6 0.6 0.5 0.5 0.5 1.2 1.2 0.9 0.9 0.9 0.9 0.7 0.7 0.6 0.6 0.6 1.3 1.3 1.3 1.2 1.2 17/10/2004
1.4 1.2 1.2 1.2 1.2 1.2 1.0 1.0 0.9 0.8 0.8 0.8 1.3 1.3 1.1 1.1 1.1 1.1 1.1 1.0 1.0 0.8 0.9 1.2 1.4 1.4 1.3 1.3 18/10/2004
1.1 0.8 0.8 0.8 0.8 0.8 0.9 0.9 0.9 0.8 0.5 0.5 1.1 1.1 0.8 0.8 0.8 0.8 0.9 0.9 0.9 0.6 0.6 0.9 1.1 1.1 1.1 1.1 19/10/2004
2.0 2.0 1.9 2.0 1.9 1.9 1.1 1.0 1.0 0.9 0.6 0.6 1.9 1.9 1.9 1.9 1.9 1.9 1.1 1.1 1.0 0.8 0.8 1.8 2.0 2.0 1.9 1.9 20/10/2004
2.2 2.0 2.0 2.0 2.0 2.0 2.0 1.9 1.9 1.8 1.7 1.7 2.2 2.2 1.9 1.9 1.9 1.9 2.1 2.0 2.0 1.9 2.0 2.3 2.2 2.2 2.2 2.2 21/10/2004
2.0 1.8 1.8 1.8 1.8 1.8 1.7 1.6 1.5 1.5 1.6 1.5 2.0 2.0 1.8 1.8 1.8 1.8 1.8 1.7 1.6 1.7 1.7 2.2 2.0 2.0 2.0 2.0 22/10/2004
2.6 2.3 2.3 2.3 2.3 2.3 1.7 1.6 1.6 1.6 1.0 1.0 2.6 2.6 2.2 2.2 2.2 2.2 1.7 1.7 1.6 1.1 1.1 2.4 2.6 2.6 2.6 2.6 23/10/2004
1.9 1.4 1.4 1.4 1.4 1.4 1.3 1.2 1.2 1.2 1.3 1.3 1.9 1.9 1.4 1.4 1.4 1.4 1.3 1.3 1.2 1.4 1.4 1.8 1.9 1.9 1.9 1.9 24/10/2004
2.3 2.0 2.0 2.0 2.0 2.0 1.8 1.7 1.6 1.5 1.3 1.3 2.3 2.3 1.9 1.9 1.9 1.9 1.9 1.8 1.7 1.5 1.5 2.4 2.3 2.3 2.3 2.3 25/10/2004
1.4 1.0 1.0 1.0 1.0 1.0 0.7 0.6 0.5 0.5 0.5 0.5 1.4 1.4 0.9 0.9 0.9 0.9 0.7 0.7 0.6 0.6 0.6 1.4 1.4 1.4 1.3 1.3 26/10/2004
1.1 0.9 0.9 0.9 0.9 0.9 0.7 0.7 0.7 0.6 0.5 0.5 1.1 1.1 0.9 0.9 0.9 0.9 0.8 0.7 0.7 0.6 0.6 1.2 1.1 1.1 1.1 1.1 27/10/2004
1.5 1.5 1.5 1.5 1.5 1.5 1.2 1.1 1.0 0.9 0.6 0.6 1.5 1.5 1.5 1.5 1.5 1.5 1.3 1.2 1.1 0.7 0.8 1.6 1.5 1.5 1.5 1.5 28/10/2004
1.9 1.7 1.6 1.7 1.7 1.6 0.5 0.5 0.4 0.4 0.2 0.2 1.8 1.8 1.6 1.6 1.6 1.6 0.6 0.5 0.5 0.4 0.4 1.8 1.8 1.8 1.8 1.8 29/10/2004
1.1 0.9 0.8 0.9 0.9 0.8 0.6 0.6 0.5 0.5 0.4 0.4 1.0 1.0 0.8 0.8 0.8 0.8 0.7 0.6 0.6 0.5 0.5 1.0 1.1 1.1 1.0 1.0 30/10/2004
1.1 0.9 0.9 0.9 0.9 0.9 1.3 1.3 1.2 1.2 0.6 0.6 1.0 1.0 0.8 0.8 0.8 0.8 1.4 1.3 1.3 0.7 0.7 1.0 1.1 1.1 1.0 1.0 31/10/2004
0.9 0.7 0.7 0.7 0.7 0.7 0.8 0.7 0.7 0.7 0.6 0.6 0.9 0.9 0.7 0.7 0.7 0.7 0.8 0.8 0.8 0.6 0.6 1.0 0.9 0.9 0.9 0.9 01/11/2004
1.1 0.8 0.8 0.8 0.8 0.8 1.1 1.0 1.0 1.0 0.5 0.5 1.1 1.1 0.8 0.8 0.8 0.8 1.1 1.1 1.1 0.6 0.6 0.9 1.1 1.1 1.1 1.0 02/11/2004
1.1 0.9 0.9 0.9 0.9 0.9 0.8 0.7 0.7 0.7 0.5 0.5 1.0 1.0 0.9 0.9 0.9 0.9 0.8 0.8 0.8 0.6 0.6 0.8 1.0 1.0 1.0 1.0 03/11/2004
1.1 0.6 0.6 0.6 0.6 0.6 0.6 0.6 0.5 0.4 0.6 0.6 1.0 1.0 0.5 0.5 0.5 0.5 0.7 0.6 0.6 0.7 0.7 1.0 1.1 1.1 1.0 1.0 04/11/2004
1.4 1.3 1.2 1.3 1.3 1.2 0.6 0.5 0.5 0.4 0.4 0.4 1.4 1.4 1.2 1.2 1.2 1.2 0.6 0.6 0.5 0.5 0.5 1.6 1.4 1.4 1.4 1.4 05/11/2004
0.9 0.7 0.6 0.7 0.6 0.6 0.4 0.4 0.4 0.4 0.3 0.3 0.9 0.9 0.6 0.6 0.6 0.6 0.5 0.4 0.4 0.3 0.3 1.0 0.9 0.9 0.9 0.9 06/11/2004
0.9 0.8 0.7 0.8 0.8 0.7 0.9 0.9 0.8 0.8 0.8 0.8 0.8 0.8 0.7 0.7 0.7 0.7 1.0 0.9 0.9 0.9 1.0 0.8 0.9 0.9 0.8 0.8 07/11/2004
0.4 0.4 0.4 0.4 0.4 0.4 0.3 0.3 0.3 0.3 0.2 0.2 0.3 0.3 0.4 0.4 0.4 0.4 0.3 0.3 0.3 0.3 0.3 0.4 0.3 0.3 0.3 0.3 08/11/2004
0.5 0.7 0.7 0.7 0.7 0.7 0.9 0.9 0.8 0.8 0.6 0.6 0.5 0.5 0.7 0.7 0.7 0.7 1.0 0.9 0.9 0.7 0.7 0.4 0.5 0.5 0.4 0.4 09/11/2004
1.3 0.6 0.6 0.6 0.6 0.6 0.3 0.2 0.2 0.2 0.2 0.2 1.2 1.2 0.6 0.6 0.6 0.6 0.3 0.2 0.2 0.2 0.3 1.5 1.2 1.2 1.2 1.2 10/11/2004
1.4 1.0 0.9 1.0 1.0 0.9 0.8 0.7 0.7 0.6 0.5 0.4 1.4 1.4 0.9 0.9 0.9 0.9 0.8 0.8 0.7 0.5 0.6 1.4 1.4 1.4 1.4 1.4 11/11/2004
0.7 0.8 0.8 0.8 0.8 0.8 0.6 0.6 0.6 0.6 0.4 0.4 0.7 0.7 0.8 0.8 0.8 0.8 0.7 0.6 0.6 0.4 0.4 0.8 0.7 0.7 0.7 0.7 12/11/2004
1.5 1.3 1.3 1.3 1.3 1.3 1.0 1.0 0.9 0.9 0.9 0.9 1.5 1.5 1.3 1.3 1.3 1.3 1.1 1.0 1.0 1.0 1.0 1.6 1.5 1.5 1.5 1.5 13/11/2004
1.2 0.9 0.9 0.9 0.9 0.9 1.1 1.0 1.0 0.9 0.9 0.9 1.1 1.1 0.8 0.8 0.8 0.8 1.2 1.1 1.1 1.0 1.0 1.3 1.2 1.2 1.1 1.1 14/11/2004
1.1 0.7 0.6 0.7 0.7 0.6 0.4 0.3 0.3 0.3 0.2 0.2 1.0 1.0 0.6 0.6 0.6 0.6 0.4 0.4 0.3 0.3 0.3 1.2 1.1 1.1 1.0 1.0 15/11/2004
0.8 0.7 0.7 0.7 0.7 0.7 0.4 0.4 0.4 0.3 0.4 0.4 0.8 0.8 0.6 0.6 0.6 0.6 0.5 0.4 0.4 0.4 0.5 0.8 0.8 0.8 0.8 0.7 16/11/2004
1.2 1.0 1.0 1.0 1.0 1.0 0.5 0.5 0.4 0.4 0.4 0.4 1.2 1.2 0.9 0.9 0.9 0.9 0.6 0.5 0.5 0.4 0.4 1.3 1.2 1.2 1.2 1.2 17/11/2004
1.0 0.8 0.8 0.8 0.8 0.8 0.9 0.9 0.9 0.8 0.8 0.8 1.0 1.0 0.8 0.8 0.8 0.8 0.9 0.9 0.9 0.9 0.9 1.2 1.0 1.0 1.0 1.0 18/11/2004
1.2 1.2 1.2 1.2 1.2 1.2 0.7 0.7 0.7 0.7 0.8 0.8 1.2 1.2 1.2 1.2 1.2 1.2 0.7 0.7 0.7 0.9 0.9 1.3 1.2 1.2 1.2 1.2 19/11/2004
0.4 0.3 0.3 0.3 0.3 0.3 0.3 0.3 0.3 0.3 0.1 0.1 0.4 0.4 0.3 0.3 0.3 0.3 0.3 0.3 0.3 0.2 0.2 0.6 0.4 0.4 0.4 0.4 20/11/2004
0.2 0.4 0.4 0.4 0.4 0.4 0.8 0.8 0.8 0.8 0.9 0.9 0.2 0.2 0.4 0.4 0.4 0.4 0.8 0.8 0.8 0.9 0.9 0.2 0.2 0.2 0.2 0.2 21/11/2004
0.7 0.6 0.6 0.6 0.6 0.6 0.2 0.2 0.1 0.1 0.1 0.1 0.6 0.6 0.6 0.6 0.6 0.6 0.2 0.2 0.2 0.2 0.2 0.7 0.6 0.6 0.6 0.6 22/11/2004
0.7 0.6 0.5 0.6 0.6 0.5 0.7 0.7 0.6 0.6 0.6 0.6 0.6 0.6 0.5 0.5 0.5 0.5 0.8 0.7 0.7 0.6 0.7 0.5 0.6 0.6 0.6 0.6 23/11/2004
0.7 0.7 0.7 0.7 0.7 0.7 0.7 0.7 0.7 0.7 0.6 0.6 0.6 0.6 0.6 0.6 0.6 0.6 0.7 0.7 0.7 0.6 0.6 0.7 0.7 0.7 0.6 0.6 24/11/2004
0.5 0.4 0.4 0.4 0.4 0.4 0.4 0.4 0.5 0.5 0.5 0.5 0.5 0.5 0.5 0.5 0.5 0.5 0.4 0.4 0.4 0.5 0.5 0.5 0.5 0.5 0.5 0.5 25/11/2004
0.3 0.2 0.2 0.2 0.2 0.2 0.4 0.4 0.4 0.4 0.4 0.4 0.3 0.3 0.2 0.2 0.2 0.2 0.4 0.4 0.4 0.4 0.4 0.3 0.3 0.3 0.3 0.2 26/11/2004
0.5 0.5 0.4 0.5 0.5 0.4 0.4 0.3 0.3 0.2 0.2 0.2 0.5 0.5 0.4 0.4 0.4 0.4 0.4 0.3 0.3 0.3 0.3 0.5 0.5 0.5 0.5 0.5 27/11/2004
0.5 0.4 0.4 0.4 0.4 0.4 0.3 0.2 0.2 0.2 0.2 0.2 0.4 0.4 0.4 0.4 0.4 0.4 0.3 0.3 0.2 0.2 0.3 0.5 0.5 0.5 0.4 0.4 28/11/2004
0.5 0.5 0.5 0.5 0.5 0.5 0.6 0.5 0.5 0.5 0.5 0.5 0.5 0.5 0.5 0.5 0.5 0.5 0.6 0.6 0.5 0.6 0.6 0.5 0.5 0.5 0.5 0.4 29/11/2004
0.5 0.7 0.7 0.7 0.7 0.7 0.7 0.6 0.6 0.5 0.6 0.6 0.4 0.4 0.7 0.7 0.7 0.7 0.7 0.7 0.6 0.6 0.6 0.4 0.4 0.4 0.4 0.4 30/11/2004
0.4 0.3 0.3 0.3 0.3 0.3 0.1 0.1 0.1 0.1 0.1 0.1 0.4 0.4 0.2 0.3 0.3 0.2 0.2 0.1 0.1 0.1 0.1 0.4 0.4 0.4 0.4 0.4 01/12/2004
0.6 0.8 0.7 0.8 0.7 0.7 0.6 0.6 0.6 0.5 0.4 0.4 0.6 0.6 0.7 0.7 0.7 0.7 0.7 0.6 0.6 0.5 0.5 0.7 0.6 0.6 0.6 0.6 02/12/2004
0.7 0.4 0.4 0.4 0.4 0.4 0.9 0.9 0.9 0.8 0.5 0.5 0.6 0.6 0.4 0.4 0.4 0.4 0.9 0.9 0.9 0.6 0.6 0.7 0.7 0.7 0.6 0.6 03/12/2004
0.6 0.3 0.3 0.3 0.3 0.3 0.3 0.3 0.3 0.3 0.3 0.3 0.5 0.5 0.3 0.3 0.3 0.3 0.4 0.3 0.3 0.3 0.3 0.5 0.6 0.6 0.5 0.5 04/12/2004
0.6 0.3 0.3 0.3 0.3 0.3 0.3 0.3 0.3 0.3 0.3 0.2 0.5 0.5 0.3 0.3 0.3 0.3 0.4 0.3 0.3 0.3 0.3 0.5 0.5 0.5 0.5 0.5 05/12/2004
0.3 0.4 0.3 0.4 0.4 0.3 0.2 0.2 0.2 0.1 0.3 0.2 0.3 0.3 0.3 0.3 0.3 0.3 0.3 0.2 0.2 0.3 0.3 0.4 0.3 0.3 0.3 0.3 06/12/2004
0.2 0.2 0.2 0.2 0.2 0.2 0.3 0.3 0.2 0.2 0.2 0.1 0.2 0.2 0.2 0.2 0.2 0.2 0.3 0.3 0.3 0.2 0.2 0.3 0.2 0.2 0.2 0.2 07/12/2004
0.6 0.3 0.3 0.3 0.3 0.3 0.5 0.5 0.4 0.4 0.5 0.5 0.5 0.5 0.3 0.3 0.3 0.3 0.6 0.5 0.5 0.6 0.6 0.6 0.6 0.6 0.5 0.5 08/12/2004
0.5 0.3 0.3 0.3 0.3 0.3 0.6 0.6 0.5 0.4 0.4 0.4 0.5 0.5 0.3 0.3 0.3 0.3 0.6 0.6 0.6 0.5 0.5 0.5 0.5 0.5 0.5 0.5 09/12/2004
0.4 0.2 0.2 0.2 0.2 0.2 0.1 0.1 0.2 0.2 0.1 0.1 0.4 0.4 0.2 0.2 0.2 0.2 0.1 0.1 0.1 0.1 0.2 0.5 0.4 0.4 0.4 0.4 10/12/2004
0.7 0.4 0.4 0.4 0.4 0.4 0.1 0.1 0.1 0.1 0.1 0.1 0.7 0.7 0.4 0.4 0.4 0.4 0.1 0.1 0.1 0.1 0.1 0.7 0.7 0.7 0.7 0.7 11/12/2004
0.2 0.2 0.2 0.2 0.2 0.2 0.2 0.1 0.1 0.1 0.1 0.1 0.2 0.2 0.2 0.2 0.2 0.2 0.2 0.2 0.1 0.2 0.2 0.2 0.2 0.2 0.2 0.2 12/12/2004
0.7 0.6 0.5 0.6 0.5 0.5 0.2 0.2 0.2 0.2 0.2 0.2 0.6 0.6 0.5 0.5 0.5 0.5 0.2 0.2 0.2 0.3 0.3 0.6 0.7 0.7 0.6 0.6 13/12/2004
0.4 0.4 0.3 0.4 0.4 0.3 0.4 0.4 0.3 0.3 0.5 0.5 0.3 0.3 0.3 0.3 0.3 0.3 0.4 0.4 0.4 0.6 0.6 0.3 0.4 0.4 0.3 0.3 14/12/2004
0.4 0.5 0.5 0.5 0.5 0.5 0.2 0.2 0.1 0.1 0.1 0.1 0.4 0.4 0.5 0.5 0.5 0.5 0.2 0.2 0.2 0.1 0.2 0.6 0.4 0.4 0.4 0.4 15/12/2004
0.4 0.4 0.4 0.4 0.4 0.4 0.3 0.2 0.2 0.2 0.1 0.1 0.4 0.4 0.3 0.3 0.3 0.3 0.3 0.3 0.3 0.2 0.2 0.5 0.4 0.4 0.4 0.4 16/12/2004
1.6 1.1 1.1 1.1 1.1 1.1 0.5 0.5 0.4 0.4 0.2 0.2 1.5 1.5 1.1 1.1 1.1 1.1 0.5 0.5 0.5 0.3 0.3 1.7 1.6 1.6 1.5 1.5 17/12/2004
1.1 0.8 0.8 0.8 0.8 0.8 0.5 0.5 0.4 0.4 0.4 0.4 1.1 1.1 0.8 0.8 0.8 0.8 0.6 0.5 0.5 0.5 0.5 1.3 1.1 1.1 1.1 1.1 18/12/2004
0.5 0.7 0.7 0.7 0.7 0.7 0.4 0.4 0.3 0.3 0.3 0.3 0.5 0.5 0.7 0.7 0.7 0.7 0.4 0.4 0.4 0.4 0.4 0.3 0.5 0.5 0.5 0.5 19/12/2004
0.5 0.7 0.7 0.7 0.7 0.7 0.5 0.5 0.4 0.4 0.5 0.4 0.6 0.6 0.7 0.7 0.7 0.7 0.6 0.5 0.5 0.5 0.5 0.5 0.6 0.6 0.6 0.6 20/12/2004
0.5 0.5 0.4 0.5 0.5 0.4 0.2 0.2 0.2 0.1 0.1 0.1 0.4 0.4 0.4 0.4 0.4 0.4 0.3 0.2 0.2 0.1 0.1 0.5 0.5 0.5 0.4 0.4 21/12/2004
0.1 0.3 0.3 0.3 0.3 0.3 0.3 0.3 0.4 0.4 0.2 0.2 0.1 0.1 0.3 0.3 0.3 0.3 0.3 0.3 0.3 0.2 0.2 0.1 0.1 0.1 0.1 0.1 22/12/2004
0.8 0.7 0.7 0.7 0.7 0.7 0.1 0.0 0.0 0.0 0.0 0.0 0.7 0.7 0.7 0.7 0.7 0.7 0.1 0.1 0.0 0.0 0.1 0.7 0.8 0.8 0.7 0.7 23/12/2004
1.1 1.2 1.2 1.2 1.2 1.2 0.8 0.7 0.7 0.7 0.6 0.6 1.1 1.1 1.2 1.2 1.2 1.2 0.8 0.8 0.7 0.6 0.7 1.0 1.1 1.1 1.1 1.1 24/12/2004
0.3 0.2 0.2 0.2 0.2 0.2 0.4 0.4 0.4 0.3 0.3 0.3 0.3 0.3 0.2 0.2 0.2 0.2 0.5 0.4 0.4 0.3 0.4 0.4 0.3 0.3 0.3 0.3 25/12/2004
0.7 0.6 0.6 0.6 0.6 0.6 0.5 0.4 0.4 0.3 0.3 0.3 0.7 0.7 0.6 0.6 0.6 0.6 0.6 0.5 0.5 0.4 0.4 0.8 0.7 0.7 0.7 0.7 26/12/2004
0.9 0.6 0.6 0.6 0.6 0.6 0.3 0.3 0.2 0.2 0.3 0.3 0.9 0.9 0.6 0.6 0.6 0.6 0.3 0.3 0.3 0.4 0.4 1.0 0.9 0.9 0.9 0.9 27/12/2004
1.2 0.9 0.9 0.9 0.9 0.9 0.2 0.1 0.1 0.1 0.0 0.0 1.2 1.2 0.9 0.9 0.9 0.9 0.2 0.2 0.1 0.1 0.1 1.3 1.2 1.2 1.2 1.2 28/12/2004
1.1 0.8 0.8 0.8 0.8 0.8 0.5 0.5 0.4 0.4 0.2 0.2 1.1 1.1 0.8 0.8 0.8 0.8 0.6 0.5 0.5 0.3 0.3 1.1 1.1 1.1 1.1 1.1 29/12/2004
0.2 0.3 0.3 0.3 0.3 0.3 0.5 0.4 0.4 0.4 0.3 0.3 0.2 0.2 0.3 0.3 0.3 0.3 0.5 0.4 0.4 0.3 0.3 0.3 0.2 0.2 0.2 0.2 30/12/2004
0.6 0.7 0.6 0.7 0.6 0.6 0.2 0.2 0.2 0.1 0.1 0.1 0.6 0.6 0.6 0.6 0.6 0.6 0.2 0.2 0.2 0.1 0.2 0.6 0.6 0.6 0.6 0.6 31/12/2004
0.6 0.6 0.6 0.6 0.6 0.6 0.5 0.5 0.5 0.5 0.6 0.5 0.5 0.5 0.6 0.6 0.6 0.6 0.6 0.5 0.5 0.6 0.6 0.6 0.5 0.5 0.5 0.5 01/01/2005
1.5 1.7 1.7 1.7 1.7 1.7 1.0 1.0 0.9 0.9 0.7 0.7 1.5 1.5 1.7 1.7 1.7 1.7 1.1 1.0 1.0 0.8 0.8 1.5 1.5 1.5 1.4 1.4 02/01/2005
0.7 1.0 1.0 1.0 1.0 1.0 0.3 0.2 0.2 0.2 0.0 0.0 0.7 0.7 0.9 0.9 0.9 0.9 0.3 0.2 0.2 0.1 0.1 0.6 0.7 0.7 0.7 0.7 03/01/2005
0.7 0.6 0.6 0.6 0.6 0.6 0.6 0.5 0.5 0.4 0.3 0.2 0.7 0.7 0.6 0.6 0.6 0.6 0.7 0.6 0.6 0.3 0.4 0.7 0.7 0.7 0.7 0.7 04/01/2005
0.6 0.6 0.6 0.6 0.6 0.6 0.3 0.3 0.3 0.2 0.2 0.2 0.6 0.6 0.6 0.6 0.6 0.6 0.4 0.3 0.3 0.2 0.2 0.7 0.6 0.6 0.6 0.6 05/01/2005
0.5 0.8 0.8 0.8 0.8 0.8 0.5 0.5 0.4 0.4 0.3 0.3 0.5 0.5 0.8 0.8 0.8 0.8 0.6 0.5 0.5 0.4 0.5 0.5 0.5 0.5 0.5 0.5 06/01/2005
1.2 1.1 1.1 1.1 1.1 1.1 0.4 0.4 0.4 0.4 0.2 0.2 1.2 1.2 1.1 1.1 1.1 1.1 0.5 0.4 0.4 0.2 0.3 1.1 1.2 1.2 1.2 1.2 07/01/2005
1.7 1.4 1.4 1.4 1.4 1.4 0.9 0.9 1.0 1.0 0.6 0.6 1.7 1.7 1.5 1.5 1.5 1.5 0.8 0.9 0.9 0.6 0.6 1.6 1.7 1.7 1.8 1.8 08/01/2005
1.2 1.1 1.1 1.1 1.1 1.1 1.0 0.9 0.9 0.8 0.5 0.5 1.2 1.2 1.1 1.1 1.1 1.1 1.0 1.0 0.9 0.6 0.6 1.1 1.2 1.2 1.1 1.1 09/01/2005
1.3 1.7 1.7 1.7 1.7 1.7 1.3 1.3 1.3 1.3 1.1 1.1 1.4 1.4 1.7 1.7 1.7 1.7 1.3 1.3 1.3 1.2 1.2 1.1 1.3 1.3 1.4 1.4 10/01/2005
1.1 1.1 1.0 1.1 1.1 1.0 0.8 0.7 0.7 0.7 0.6 0.6 1.1 1.1 1.0 1.0 1.0 1.0 0.8 0.8 0.7 0.7 0.7 0.9 1.1 1.1 1.0 1.0 11/01/2005
0.8 0.8 0.8 0.8 0.8 0.8 0.5 0.5 0.5 0.5 0.5 0.5 0.8 0.8 0.8 0.8 0.8 0.8 0.5 0.5 0.5 0.5 0.5 0.7 0.8 0.8 0.8 0.8 12/01/2005
0.8 0.9 0.9 0.9 0.9 0.9 0.8 0.7 0.7 0.6 0.5 0.4 0.8 0.8 0.8 0.9 0.9 0.8 0.9 0.8 0.7 0.6 0.6 0.7 0.8 0.8 0.8 0.8 13/01/2005
0.5 0.5 0.5 0.5 0.5 0.5 0.2 0.2 0.2 0.1 0.1 0.1 0.5 0.5 0.4 0.4 0.4 0.4 0.2 0.2 0.2 0.2 0.2 0.5 0.5 0.5 0.5 0.5 14/01/2005
1.3 1.1 1.1 1.1 1.1 1.1 0.5 0.5 0.5 0.5 0.6 0.6 1.3 1.3 1.1 1.1 1.1 1.1 0.6 0.5 0.5 0.7 0.7 1.3 1.3 1.3 1.3 1.2 15/01/2005
0.5 0.4 0.4 0.4 0.4 0.4 0.5 0.5 0.5 0.4 0.3 0.3 0.5 0.5 0.4 0.4 0.4 0.4 0.5 0.5 0.5 0.4 0.4 0.5 0.5 0.5 0.5 0.4 16/01/2005
0.6 0.5 0.5 0.5 0.5 0.5 0.2 0.2 0.3 0.3 0.5 0.5 0.6 0.6 0.5 0.5 0.5 0.5 0.2 0.2 0.2 0.4 0.4 0.6 0.6 0.6 0.6 0.7 17/01/2005
1.5 1.0 1.0 1.0 1.0 1.0 0.3 0.3 0.2 0.2 0.4 0.4 1.4 1.4 1.0 1.0 1.0 1.0 0.3 0.3 0.3 0.4 0.4 1.6 1.5 1.5 1.4 1.4 18/01/2005
1.3 1.1 1.1 1.1 1.1 1.1 1.3 1.2 1.2 1.1 0.9 0.9 1.2 1.2 1.0 1.0 1.0 1.0 1.3 1.3 1.2 1.0 1.1 1.3 1.2 1.2 1.2 1.2 19/01/2005
0.7 0.8 0.8 0.8 0.8 0.8 0.1 0.1 0.1 0.1 0.1 0.1 0.7 0.7 0.8 0.8 0.8 0.8 0.1 0.1 0.1 0.1 0.1 0.5 0.7 0.7 0.7 0.7 20/01/2005
1.3 1.4 1.4 1.4 1.4 1.4 1.0 1.0 1.0 1.0 0.9 0.9 1.3 1.3 1.4 1.4 1.4 1.4 1.0 1.0 1.0 1.0 1.0 1.2 1.3 1.3 1.3 1.3 21/01/2005
0.8 1.1 1.0 1.1 1.1 1.0 0.6 0.6 0.5 0.5 0.3 0.3 0.8 0.8 1.0 1.0 1.0 1.0 0.7 0.6 0.6 0.5 0.5 0.7 0.8 0.8 0.8 0.8 22/01/2005
1.2 1.2 1.2 1.2 1.2 1.2 1.0 1.0 0.9 0.9 0.7 0.7 1.2 1.2 1.2 1.2 1.2 1.2 1.0 1.0 1.0 0.8 0.8 1.3 1.2 1.2 1.2 1.2 23/01/2005
0.8 0.6 0.6 0.6 0.6 0.6 0.7 0.6 0.6 0.6 0.5 0.5 0.8 0.8 0.6 0.6 0.6 0.6 0.7 0.7 0.6 0.6 0.6 1.0 0.8 0.8 0.8 0.8 24/01/2005
0.4 0.8 0.8 0.8 0.8 0.8 0.6 0.6 0.6 0.6 0.4 0.4 0.4 0.4 0.8 0.8 0.8 0.8 0.7 0.6 0.6 0.4 0.4 0.5 0.4 0.4 0.4 0.4 25/01/2005
1.1 0.7 0.7 0.7 0.7 0.7 0.8 0.8 0.7 0.7 0.7 0.7 1.0 1.0 0.7 0.7 0.7 0.7 0.9 0.8 0.8 0.7 0.7 1.2 1.0 1.0 1.0 1.0 26/01/2005
0.5 0.5 0.5 0.5 0.5 0.5 0.3 0.3 0.3 0.3 0.3 0.3 0.5 0.5 0.5 0.5 0.5 0.5 0.3 0.3 0.3 0.3 0.4 0.6 0.5 0.5 0.5 0.5 27/01/2005
0.5 0.3 0.3 0.3 0.3 0.3 0.2 0.2 0.1 0.1 0.1 0.1 0.5 0.5 0.3 0.3 0.3 0.3 0.2 0.2 0.2 0.1 0.1 0.5 0.5 0.5 0.5 0.4 28/01/2005
0.6 0.9 0.9 0.9 0.9 0.9 0.5 0.5 0.5 0.5 0.5 0.5 0.6 0.6 0.8 0.8 0.8 0.8 0.6 0.5 0.5 0.5 0.5 0.6 0.6 0.6 0.6 0.6 29/01/2005
0.6 0.4 0.3 0.4 0.4 0.3 0.4 0.4 0.4 0.3 0.4 0.4 0.6 0.6 0.3 0.3 0.3 0.3 0.4 0.4 0.4 0.5 0.5 0.6 0.6 0.6 0.6 0.6 30/01/2005
1.0 0.8 0.8 0.8 0.8 0.7 0.4 0.4 0.3 0.3 0.4 0.4 1.0 1.0 0.7 0.7 0.7 0.7 0.4 0.4 0.4 0.4 0.4 1.0 1.0 1.0 1.0 1.0 31/01/2005
1.1 1.1 1.0 1.1 1.1 1.0 1.0 0.9 0.9 0.8 0.6 0.6 1.0 1.0 1.0 1.0 1.0 1.0 1.0 0.9 0.9 0.7 0.7 1.0 1.1 1.1 1.0 1.0 01/02/2005
0.6 0.6 0.6 0.6 0.6 0.6 0.3 0.2 0.2 0.2 0.2 0.2 0.6 0.6 0.6 0.6 0.6 0.6 0.3 0.3 0.3 0.2 0.3 0.7 0.6 0.6 0.6 0.6 02/02/2005
0.9 0.9 0.9 0.9 0.9 0.9 0.9 0.9 0.8 0.8 0.6 0.6 0.9 0.9 0.9 0.9 0.9 0.9 1.0 0.9 0.9 0.7 0.7 0.9 0.9 0.9 0.9 0.9 03/02/2005
1.0 0.7 0.6 0.7 0.7 0.6 1.0 0.9 0.9 0.9 1.1 1.0 1.0 1.0 0.6 0.6 0.6 0.6 1.0 1.0 0.9 1.1 1.1 1.1 1.0 1.0 1.0 0.9 04/02/2005
1.0 0.6 0.6 0.6 0.6 0.6 0.7 0.7 0.6 0.6 0.4 0.4 1.0 1.0 0.6 0.6 0.6 0.6 0.7 0.7 0.7 0.4 0.4 1.1 1.0 1.0 1.0 1.0 05/02/2005
1.4 1.3 1.3 1.3 1.3 1.3 1.0 1.0 1.0 1.0 1.0 1.0 1.3 1.3 1.3 1.3 1.3 1.3 1.0 1.0 1.0 1.0 1.0 1.4 1.4 1.4 1.3 1.3 06/02/2005
1.1 0.9 0.9 0.9 0.9 0.9 0.9 0.9 0.8 0.8 0.7 0.7 1.1 1.1 0.9 0.9 0.9 0.9 1.0 0.9 0.9 0.8 0.8 1.2 1.1 1.1 1.1 1.0 07/02/2005
1.4 1.2 1.2 1.2 1.2 1.2 0.9 0.9 0.8 0.8 0.5 0.5 1.4 1.4 1.2 1.2 1.2 1.2 1.0 0.9 0.9 0.6 0.6 1.2 1.4 1.4 1.4 1.4 08/02/2005
0.9 1.0 1.0 1.0 1.0 1.0 0.7 0.7 0.7 0.6 0.4 0.4 0.9 0.9 1.0 1.0 1.0 1.0 0.8 0.7 0.7 0.5 0.5 0.8 0.9 0.9 0.9 0.9 09/02/2005
1.0 1.0 1.0 1.0 1.0 1.0 0.4 0.4 0.4 0.4 0.2 0.2 1.0 1.0 1.0 1.0 1.0 1.0 0.4 0.4 0.4 0.2 0.2 1.0 1.0 1.0 0.9 0.9 10/02/2005
0.4 0.4 0.5 0.4 0.4 0.5 0.6 0.6 0.6 0.6 0.5 0.5 0.4 0.4 0.5 0.5 0.5 0.5 0.6 0.6 0.6 0.5 0.5 0.5 0.4 0.4 0.4 0.4 11/02/2005
0.7 0.9 0.9 0.9 0.9 0.9 0.9 0.9 0.8 0.8 0.6 0.6 0.7 0.7 0.9 0.9 0.9 0.9 0.9 0.9 0.9 0.7 0.7 0.8 0.7 0.7 0.7 0.7 12/02/2005
1.3 1.2 1.2 1.2 1.2 1.2 0.6 0.6 0.6 0.6 0.5 0.4 1.2 1.2 1.2 1.2 1.2 1.2 0.6 0.6 0.6 0.5 0.5 1.4 1.2 1.2 1.2 1.2 13/02/2005
1.8 1.6 1.6 1.6 1.6 1.6 0.5 0.4 0.4 0.4 0.7 0.7 1.8 1.8 1.6 1.6 1.6 1.6 0.5 0.5 0.4 0.7 0.7 2.0 1.8 1.8 1.8 1.8 14/02/2005
0.9 1.1 1.1 1.1 1.1 1.1 1.0 1.0 0.9 0.9 0.9 0.9 0.9 0.9 1.1 1.1 1.1 1.1 1.0 1.0 1.0 1.0 1.0 1.0 0.9 0.9 0.9 0.9 15/02/2005
1.0 1.3 1.3 1.3 1.3 1.3 0.7 0.7 0.7 0.6 0.7 0.7 1.0 1.0 1.2 1.2 1.2 1.2 0.7 0.7 0.7 0.7 0.7 1.1 1.0 1.0 1.0 1.0 16/02/2005
0.9 0.8 0.8 0.8 0.8 0.8 0.8 0.8 0.8 0.7 0.8 0.8 0.9 0.9 0.8 0.8 0.8 0.8 0.9 0.8 0.8 0.9 0.9 1.0 0.9 0.9 0.9 0.9 17/02/2005
1.0 0.9 0.8 0.9 0.9 0.8 1.0 0.9 0.8 0.8 0.8 0.8 0.9 0.9 0.8 0.8 0.8 0.8 1.0 1.0 0.9 0.9 0.9 0.9 1.0 1.0 0.9 0.9 18/02/2005
1.7 1.3 1.3 1.3 1.3 1.3 0.9 0.9 0.8 0.8 0.8 0.7 1.7 1.7 1.3 1.3 1.3 1.3 1.0 0.9 0.9 0.8 0.8 1.8 1.7 1.7 1.7 1.7 19/02/2005
1.3 0.9 0.9 0.9 0.9 0.9 0.4 0.4 0.3 0.3 0.3 0.3 1.2 1.2 0.8 0.9 0.9 0.8 0.4 0.4 0.4 0.4 0.4 1.3 1.3 1.3 1.2 1.2 20/02/2005
1.1 0.8 0.8 0.8 0.8 0.8 0.8 0.7 0.7 0.6 0.6 0.6 1.0 1.0 0.8 0.8 0.8 0.8 0.8 0.8 0.7 0.6 0.7 1.1 1.0 1.0 1.0 1.0 21/02/2005
0.5 0.5 0.5 0.5 0.5 0.5 0.8 0.8 0.8 0.7 0.6 0.6 0.5 0.5 0.5 0.5 0.5 0.5 0.9 0.8 0.8 0.7 0.7 0.5 0.5 0.5 0.5 0.5 22/02/2005
0.3 0.4 0.4 0.4 0.4 0.4 0.5 0.5 0.4 0.4 0.4 0.4 0.3 0.3 0.3 0.3 0.3 0.3 0.6 0.5 0.5 0.5 0.5 0.4 0.3 0.3 0.3 0.3 23/02/2005
0.2 0.3 0.3 0.3 0.3 0.3 0.5 0.4 0.4 0.4 0.6 0.6 0.2 0.2 0.3 0.3 0.3 0.3 0.5 0.5 0.5 0.7 0.7 0.2 0.2 0.2 0.2 0.2 24/02/2005
0.7 0.7 0.7 0.7 0.7 0.7 1.1 1.1 1.0 1.0 0.8 0.8 0.7 0.7 0.7 0.7 0.7 0.7 1.1 1.1 1.1 0.9 0.9 0.7 0.7 0.7 0.7 0.7 25/02/2005
0.6 0.5 0.5 0.5 0.5 0.5 0.9 0.9 0.8 0.8 0.8 0.7 0.5 0.5 0.5 0.5 0.5 0.5 1.0 0.9 0.9 0.9 0.9 0.4 0.5 0.5 0.5 0.5 26/02/2005
1.8 1.6 1.6 1.6 1.6 1.6 1.2 1.2 1.2 1.2 1.0 1.0 1.8 1.8 1.6 1.6 1.6 1.6 1.2 1.2 1.2 1.0 1.0 1.6 1.8 1.8 1.8 1.8 27/02/2005
1.0 0.9 0.9 0.9 0.9 0.9 0.9 0.9 0.9 0.8 1.0 0.9 1.0 1.0 0.9 0.9 0.9 0.9 1.0 0.9 0.9 1.0 1.0 1.0 1.0 1.0 1.0 1.0 28/02/2005
0.5 0.4 0.4 0.4 0.4 0.4 0.7 0.7 0.7 0.6 0.5 0.5 0.5 0.5 0.3 0.3 0.3 0.3 0.7 0.7 0.7 0.6 0.6 0.5 0.5 0.5 0.5 0.5 01/03/2005
0.2 0.5 0.5 0.5 0.5 0.5 0.6 0.6 0.6 0.6 0.7 0.7 0.2 0.2 0.5 0.5 0.5 0.5 0.6 0.6 0.6 0.8 0.8 0.3 0.2 0.2 0.2 0.2 02/03/2005
1.0 0.8 0.8 0.8 0.8 0.8 0.6 0.5 0.5 0.5 0.5 0.5 1.0 1.0 0.8 0.8 0.8 0.8 0.6 0.6 0.5 0.5 0.6 0.9 1.0 1.0 1.0 1.0 03/03/2005
0.4 0.2 0.2 0.2 0.2 0.2 0.7 0.7 0.6 0.6 0.5 0.5 0.4 0.4 0.2 0.2 0.2 0.2 0.7 0.7 0.7 0.5 0.5 0.5 0.4 0.4 0.4 0.4 04/03/2005
1.3 0.9 0.9 0.9 0.9 0.9 0.3 0.3 0.3 0.3 0.3 0.3 1.2 1.2 0.9 0.9 0.9 0.9 0.3 0.3 0.3 0.3 0.3 1.3 1.2 1.2 1.2 1.2 05/03/2005
1.7 1.3 1.3 1.3 1.3 1.3 1.2 1.2 1.2 1.1 1.1 1.1 1.6 1.6 1.2 1.2 1.2 1.2 1.3 1.2 1.2 1.1 1.2 1.8 1.6 1.6 1.6 1.6 06/03/2005
0.9 0.9 0.9 0.9 0.9 0.9 0.5 0.4 0.4 0.4 0.5 0.4 0.9 0.9 0.9 0.9 0.9 0.9 0.5 0.5 0.5 0.5 0.5 0.9 0.9 0.9 0.9 0.9 07/03/2005
1.7 1.1 1.1 1.1 1.1 1.1 0.5 0.5 0.4 0.4 0.3 0.3 1.7 1.7 1.1 1.1 1.1 1.1 0.6 0.5 0.5 0.4 0.4 1.5 1.7 1.7 1.7 1.6 08/03/2005
1.3 0.9 0.9 0.9 0.9 0.9 0.7 0.7 0.6 0.6 0.5 0.4 1.3 1.3 0.9 0.9 0.9 0.9 0.8 0.7 0.7 0.5 0.6 1.6 1.3 1.3 1.3 1.3 09/03/2005
1.0 0.8 0.8 0.8 0.8 0.8 1.0 1.0 0.9 0.9 0.8 0.8 0.9 0.9 0.7 0.7 0.7 0.7 1.1 1.0 1.0 0.9 0.9 0.9 1.0 1.0 0.9 0.9 10/03/2005
1.4 1.1 1.1 1.1 1.1 1.1 1.2 1.1 1.1 1.0 0.9 0.9 1.4 1.4 1.1 1.1 1.1 1.1 1.2 1.2 1.1 1.0 1.0 1.2 1.4 1.4 1.4 1.4 11/03/2005
1.5 1.7 1.7 1.7 1.7 1.7 1.6 1.6 1.5 1.4 1.3 1.3 1.5 1.5 1.6 1.7 1.7 1.7 1.7 1.6 1.6 1.4 1.5 1.4 1.5 1.5 1.4 1.4 12/03/2005
1.2 0.9 0.9 0.9 0.9 0.9 1.0 1.0 0.9 0.9 0.8 0.7 1.2 1.2 0.8 0.8 0.8 0.8 1.1 1.0 1.0 0.8 0.9 1.0 1.2 1.2 1.2 1.2 13/03/2005
1.4 1.2 1.2 1.2 1.2 1.2 0.8 0.8 0.8 0.8 0.8 0.8 1.4 1.4 1.2 1.2 1.2 1.2 0.8 0.8 0.8 0.9 0.9 1.5 1.4 1.4 1.4 1.4 14/03/2005
2.1 1.4 1.4 1.4 1.4 1.4 2.1 2.0 2.0 1.9 1.7 1.7 2.0 2.0 1.4 1.4 1.4 1.4 2.1 2.1 2.0 1.8 1.8 2.3 2.0 2.0 2.0 2.0 15/03/2005
3.2 2.9 2.9 2.9 2.9 2.9 2.3 2.3 2.3 2.2 2.2 2.2 3.2 3.2 2.9 2.9 2.9 2.9 2.4 2.3 2.3 2.2 2.2 3.3 3.2 3.2 3.2 3.1 16/03/2005
1.7 1.7 1.7 1.7 1.7 1.7 2.4 2.3 2.3 2.2 1.7 1.7 1.6 1.6 1.6 1.6 1.6 1.6 2.5 2.4 2.4 1.8 1.9 1.5 1.6 1.6 1.6 1.6 17/03/2005
1.9 1.0 1.0 1.0 1.0 1.0 1.6 1.6 1.6 1.6 1.0 1.0 1.8 1.8 1.0 1.0 1.0 1.0 1.7 1.6 1.6 1.0 1.0 1.7 1.8 1.8 1.8 1.8 18/03/2005
1.4 1.2 1.1 1.2 1.2 1.1 0.9 0.9 0.8 0.8 1.3 1.3 1.3 1.3 1.1 1.1 1.1 1.1 1.0 0.9 0.9 1.3 1.3 1.8 1.4 1.4 1.3 1.3 19/03/2005
2.6 1.9 1.9 1.9 1.9 1.9 1.8 1.7 1.7 1.7 1.5 1.5 2.6 2.6 1.9 1.9 1.9 1.9 1.8 1.8 1.7 1.6 1.6 2.6 2.6 2.6 2.6 2.6 20/03/2005
1.6 1.2 1.2 1.2 1.2 1.2 2.5 2.5 2.4 2.4 2.7 2.7 1.5 1.5 1.2 1.2 1.2 1.2 2.5 2.5 2.5 2.8 2.8 1.9 1.6 1.6 1.5 1.5 21/03/2005
2.0 1.6 1.6 1.6 1.6 1.6 1.7 1.6 1.6 1.6 1.6 1.6 1.9 1.9 1.5 1.5 1.5 1.5 1.7 1.7 1.6 1.6 1.6 2.0 1.9 1.9 1.9 1.9 22/03/2005
2.6 2.3 2.3 2.3 2.3 2.3 1.8 1.7 1.7 1.6 2.1 2.1 2.5 2.5 2.2 2.2 2.2 2.2 1.9 1.8 1.7 2.2 2.3 2.7 2.5 2.5 2.5 2.5 23/03/2005
2.5 1.4 1.4 1.4 1.4 1.4 1.1 1.0 1.0 1.0 0.8 0.8 2.4 2.4 1.4 1.4 1.4 1.4 1.1 1.1 1.1 0.9 0.9 2.6 2.5 2.5 2.4 2.4 24/03/2005
2.2 2.1 2.1 2.1 2.1 2.1 1.3 1.2 1.1 1.0 1.2 1.2 2.2 2.2 2.1 2.1 2.1 2.1 1.4 1.3 1.3 1.4 1.4 2.1 2.2 2.2 2.2 2.2 25/03/2005
2.6 2.1 2.1 2.1 2.1 2.1 2.1 2.0 2.0 2.0 2.1 2.1 2.6 2.6 2.0 2.0 2.1 2.0 2.1 2.1 2.1 2.2 2.2 2.6 2.6 2.6 2.6 2.6 26/03/2005
0.5 0.6 0.6 0.6 0.6 0.6 1.1 1.1 1.0 1.0 0.6 0.6 0.5 0.5 0.6 0.6 0.6 0.6 1.2 1.1 1.1 0.7 0.7 0.6 0.5 0.5 0.5 0.5 27/03/2005
0.8 0.7 0.6 0.7 0.7 0.6 1.8 1.7 1.7 1.7 1.3 1.3 0.7 0.7 0.6 0.6 0.6 0.6 1.8 1.8 1.8 1.4 1.4 0.9 0.7 0.7 0.7 0.7 28/03/2005
1.0 1.4 1.3 1.4 1.4 1.3 1.8 1.7 1.7 1.6 1.8 1.8 1.0 1.0 1.3 1.3 1.3 1.3 1.9 1.8 1.8 1.9 1.9 1.0 1.0 1.0 1.0 1.0 29/03/2005
0.7 0.7 0.7 0.7 0.7 0.7 0.9 0.9 0.9 0.9 0.8 0.7 0.7 0.7 0.7 0.7 0.7 0.7 0.9 0.9 0.9 0.8 0.9 0.9 0.7 0.7 0.7 0.6 30/03/2005
1.3 1.5 1.4 1.5 1.5 1.4 2.0 2.0 2.0 1.9 1.5 1.5 1.3 1.3 1.4 1.4 1.4 1.4 2.1 2.0 2.0 1.6 1.6 1.6 1.3 1.3 1.3 1.2 31/03/2005
2.2 1.9 1.9 1.9 1.9 1.9 3.4 3.4 3.4 3.3 3.5 3.5 2.1 2.1 1.8 1.8 1.8 1.8 3.4 3.4 3.4 3.5 3.5 2.2 2.1 2.1 2.1 2.1 01/04/2005
2.0 2.6 2.6 2.6 2.6 2.6 3.0 3.1 3.1 3.2 2.8 2.8 2.0 2.0 2.6 2.6 2.6 2.6 3.0 3.0 3.1 2.8 2.8 2.1 2.0 2.0 2.0 2.0 02/04/2005
2.8 3.0 3.0 3.0 3.0 3.0 2.8 2.8 2.8 2.8 2.3 2.3 2.8 2.8 2.9 2.9 3.0 2.9 2.9 2.8 2.8 2.3 2.3 2.7 2.8 2.8 2.8 2.8 03/04/2005
1.9 1.5 1.5 1.5 1.5 1.5 2.4 2.4 2.4 2.4 2.2 2.2 1.9 1.9 1.5 1.5 1.5 1.5 2.3 2.4 2.4 2.2 2.2 1.5 1.9 1.9 1.9 1.9 04/04/2005
1.9 1.7 1.6 1.7 1.7 1.6 1.9 1.9 1.8 1.8 1.7 1.7 1.8 1.8 1.6 1.6 1.6 1.6 2.0 1.9 1.9 1.8 1.9 1.8 1.9 1.9 1.8 1.8 05/04/2005
1.5 2.2 2.2 2.2 2.2 2.2 1.4 1.4 1.3 1.3 1.0 1.0 1.5 1.5 2.2 2.2 2.2 2.2 1.4 1.4 1.4 1.1 1.1 1.3 1.5 1.5 1.5 1.5 06/04/2005
2.7 2.3 2.3 2.3 2.3 2.3 1.9 1.8 1.7 1.7 1.5 1.4 2.7 2.7 2.3 2.3 2.3 2.3 1.9 1.9 1.8 1.6 1.6 2.4 2.7 2.7 2.7 2.7 07/04/2005
1.3 1.2 1.2 1.2 1.2 1.2 1.3 1.3 1.3 1.2 1.0 1.0 1.2 1.2 1.2 1.2 1.2 1.2 1.4 1.3 1.3 1.0 1.0 1.3 1.2 1.2 1.2 1.2 08/04/2005
2.1 2.0 2.0 2.0 2.0 2.0 1.7 1.6 1.6 1.6 2.2 2.2 2.1 2.1 2.0 2.0 2.0 2.0 1.7 1.6 1.6 2.2 2.2 2.2 2.1 2.1 2.1 2.1 09/04/2005
2.3 1.6 1.6 1.6 1.6 1.6 1.7 1.6 1.5 1.5 1.4 1.4 2.2 2.2 1.6 1.6 1.6 1.6 1.7 1.7 1.6 1.5 1.5 1.9 2.3 2.3 2.2 2.2 10/04/2005
2.4 2.3 2.3 2.3 2.3 2.3 2.4 2.4 2.4 2.4 2.6 2.6 2.3 2.3 2.3 2.3 2.3 2.3 2.5 2.4 2.4 2.7 2.7 2.2 2.4 2.4 2.3 2.3 11/04/2005
1.7 1.9 1.9 1.9 1.9 1.9 2.3 2.3 2.3 2.2 1.8 1.8 1.7 1.7 1.9 1.9 1.9 1.9 2.4 2.3 2.3 1.9 1.9 1.6 1.7 1.7 1.7 1.7 12/04/2005
0.9 1.0 0.9 1.0 1.0 0.9 1.3 1.2 1.2 1.1 1.0 1.0 0.9 0.9 0.9 0.9 0.9 0.9 1.3 1.3 1.2 1.1 1.2 0.8 0.9 0.9 0.9 0.9 13/04/2005
0.6 0.6 0.6 0.6 0.6 0.6 1.7 1.6 1.6 1.6 1.3 1.3 0.6 0.6 0.6 0.6 0.6 0.6 1.8 1.7 1.7 1.4 1.5 0.7 0.6 0.6 0.6 0.6 14/04/2005
1.2 1.2 1.1 1.2 1.2 1.1 0.8 0.8 0.7 0.7 0.6 0.6 1.1 1.1 1.1 1.1 1.1 1.1 0.8 0.8 0.8 0.6 0.7 1.3 1.2 1.2 1.1 1.1 15/04/2005
2.4 1.8 1.7 1.8 1.8 1.7 0.5 0.5 0.5 0.5 0.3 0.3 2.3 2.3 1.7 1.7 1.7 1.7 0.5 0.5 0.5 0.4 0.4 2.2 2.4 2.4 2.3 2.3 16/04/2005
2.1 2.3 2.3 2.3 2.3 2.3 1.6 1.5 1.5 1.4 0.9 0.9 2.1 2.1 2.3 2.3 2.3 2.3 1.6 1.6 1.5 1.0 1.0 2.0 2.1 2.1 2.1 2.1 17/04/2005
2.6 1.9 1.9 1.9 1.9 1.9 1.2 1.2 1.1 1.1 0.6 0.6 2.6 2.6 1.9 1.9 1.9 1.9 1.3 1.2 1.2 0.7 0.7 2.7 2.6 2.6 2.5 2.5 18/04/2005
2.7 2.2 2.2 2.2 2.2 2.2 2.1 2.0 2.0 1.9 1.6 1.6 2.6 2.6 2.1 2.1 2.1 2.1 2.2 2.1 2.1 1.8 1.8 2.7 2.7 2.7 2.6 2.6 19/04/2005
2.3 1.6 1.5 1.6 1.5 1.5 1.2 1.2 1.1 1.1 0.9 0.9 2.2 2.2 1.5 1.5 1.5 1.5 1.3 1.2 1.2 1.0 1.0 2.3 2.3 2.3 2.2 2.2 20/04/2005
2.5 1.9 1.9 1.9 1.9 1.9 3.3 3.3 3.3 3.3 3.1 3.1 2.4 2.4 1.9 1.9 1.9 1.9 3.3 3.3 3.3 3.1 3.2 2.4 2.5 2.5 2.4 2.4 21/04/2005
2.1 3.3 3.3 3.3 3.3 3.3 3.6 3.6 3.6 3.6 3.3 3.3 2.1 2.1 3.3 3.3 3.3 3.3 3.6 3.6 3.6 3.3 3.3 2.0 2.1 2.1 2.1 2.1 22/04/2005
1.6 1.7 1.7 1.7 1.7 1.7 1.5 1.5 1.5 1.5 1.2 1.2 1.6 1.6 1.7 1.7 1.7 1.7 1.5 1.5 1.5 1.2 1.2 1.6 1.6 1.6 1.6 1.6 23/04/2005
1.0 0.7 0.7 0.7 0.7 0.7 1.8 1.8 1.7 1.7 1.5 1.4 1.0 1.0 0.7 0.7 0.7 0.7 1.8 1.8 1.8 1.6 1.6 1.1 1.0 1.0 1.0 1.0 24/04/2005
2.1 1.4 1.4 1.4 1.4 1.4 0.9 0.9 0.9 0.8 0.7 0.7 2.0 2.0 1.4 1.4 1.4 1.4 1.0 0.9 0.9 0.8 0.8 1.9 2.0 2.0 2.0 2.0 25/04/2005
2.7 2.0 2.0 2.0 2.0 2.0 1.9 1.9 1.8 1.8 1.8 1.8 2.6 2.6 2.0 2.0 2.0 2.0 1.9 1.9 1.9 1.8 1.9 2.8 2.6 2.6 2.6 2.6 26/04/2005
2.7 2.3 2.3 2.3 2.3 2.3 3.1 3.1 3.1 3.0 2.9 2.9 2.6 2.6 2.2 2.2 2.2 2.2 3.2 3.1 3.1 3.0 3.1 2.3 2.6 2.6 2.6 2.6 27/04/2005
1.5 1.4 1.4 1.4 1.4 1.4 1.5 1.5 1.5 1.5 1.3 1.3 1.5 1.5 1.3 1.3 1.3 1.3 1.4 1.5 1.5 1.4 1.4 1.6 1.5 1.5 1.5 1.5 28/04/2005
2.3 1.3 1.3 1.3 1.3 1.3 2.2 2.2 2.2 2.1 2.2 2.2 2.2 2.2 1.3 1.3 1.3 1.3 2.3 2.2 2.2 2.2 2.2 2.4 2.2 2.2 2.2 2.2 29/04/2005
2.2 2.7 2.6 2.7 2.6 2.6 3.0 2.9 2.9 2.8 2.8 2.8 2.1 2.1 2.5 2.6 2.6 2.6 3.0 3.0 2.9 2.9 2.9 2.1 2.1 2.1 2.1 2.1 30/04/2005
3.4 2.9 2.9 2.9 2.9 2.9 4.4 4.4 4.4 4.4 4.2 4.1 3.4 3.4 2.9 2.9 2.9 2.9 4.4 4.4 4.4 4.2 4.2 3.4 3.4 3.4 3.4 3.4 01/05/2005
2.8 2.1 2.1 2.1 2.1 2.1 2.4 2.4 2.4 2.4 2.4 2.4 2.7 2.7 2.1 2.1 2.1 2.1 2.4 2.4 2.4 2.5 2.5 3.0 2.7 2.7 2.7 2.7 02/05/2005
2.6 2.2 2.1 2.2 2.2 2.1 2.7 2.7 2.7 2.6 2.1 2.1 2.5 2.5 2.1 2.1 2.1 2.1 2.8 2.7 2.7 2.2 2.2 2.5 2.5 2.5 2.5 2.5 03/05/2005
0.9 1.1 1.1 1.1 1.1 1.1 1.5 1.5 1.5 1.5 1.0 1.0 0.9 0.9 1.1 1.1 1.1 1.1 1.5 1.5 1.5 1.1 1.2 0.9 0.9 0.9 0.9 0.9 04/05/2005
2.1 2.1 2.0 2.1 2.1 2.0 2.4 2.4 2.3 2.3 2.1 2.1 2.0 2.0 2.0 2.0 2.0 2.0 2.5 2.4 2.4 2.2 2.2 2.2 2.0 2.0 2.0 2.0 05/05/2005
2.1 2.0 1.9 1.9 1.9 1.9 3.1 3.1 3.0 3.0 2.8 2.7 2.1 2.1 1.9 1.9 1.9 1.9 3.2 3.1 3.1 2.9 2.9 2.1 2.1 2.1 2.1 2.1 06/05/2005
2.6 2.9 2.9 2.9 2.9 2.9 1.7 1.7 1.7 1.6 1.6 1.6 2.6 2.6 2.8 2.8 2.8 2.8 1.8 1.7 1.7 1.6 1.6 2.5 2.6 2.6 2.6 2.6 07/05/2005
3.0 3.3 3.2 3.3 3.3 3.2 2.6 2.6 2.5 2.5 2.8 2.8 3.0 3.0 3.2 3.2 3.2 3.2 2.7 2.6 2.6 2.9 2.9 3.0 3.0 3.0 3.0 3.0 08/05/2005
3.2 3.1 3.1 3.1 3.1 3.1 3.1 3.1 3.1 3.0 2.8 2.7 3.2 3.2 3.0 3.0 3.1 3.0 3.2 3.1 3.1 2.9 3.0 3.2 3.2 3.2 3.2 3.2 09/05/2005
3.1 2.9 2.9 2.9 2.9 2.9 3.1 3.0 3.0 3.0 2.9 2.9 3.1 3.1 2.9 2.9 2.9 2.9 3.1 3.1 3.0 3.0 3.0 3.0 3.1 3.1 3.0 3.0 10/05/2005
3.4 3.1 3.1 3.1 3.1 3.1 3.3 3.2 3.2 3.1 3.0 2.9 3.4 3.4 3.0 3.0 3.0 3.0 3.3 3.3 3.3 3.1 3.1 3.5 3.4 3.4 3.4 3.4 11/05/2005
3.2 3.4 3.4 3.4 3.4 3.4 3.7 3.7 3.8 3.8 3.8 3.8 3.1 3.1 3.4 3.4 3.4 3.4 3.6 3.7 3.7 3.8 3.8 3.5 3.2 3.2 3.1 3.1 12/05/2005
2.4 1.2 1.2 1.2 1.2 1.2 1.1 1.1 1.1 1.1 1.2 1.2 2.3 2.3 1.1 1.2 1.2 1.1 1.2 1.1 1.1 1.2 1.2 2.3 2.3 2.3 2.3 2.3 13/05/2005
1.1 1.0 1.0 1.0 1.0 1.0 1.2 1.2 1.1 1.1 1.0 1.0 1.0 1.0 0.9 0.9 0.9 0.9 1.2 1.2 1.2 1.1 1.1 1.1 1.0 1.0 1.0 1.0 14/05/2005
2.4 2.4 2.4 2.4 2.4 2.4 3.2 3.1 3.0 3.0 3.2 3.1 2.3 2.3 2.3 2.3 2.3 2.3 3.2 3.2 3.1 3.3 3.3 2.2 2.3 2.3 2.3 2.3 15/05/2005
0.8 1.1 1.1 1.1 1.1 1.1 2.9 2.9 2.9 2.9 2.9 2.9 0.7 0.7 1.1 1.1 1.1 1.1 2.9 2.9 2.9 3.0 3.0 0.8 0.8 0.8 0.7 0.7 16/05/2005
2.3 2.2 2.2 2.2 2.2 2.2 2.6 2.5 2.4 2.4 2.7 2.7 2.3 2.3 2.2 2.2 2.2 2.2 2.6 2.6 2.5 2.8 2.8 2.0 2.3 2.3 2.3 2.3 17/05/2005
3.0 2.7 2.7 2.7 2.7 2.7 3.1 3.1 3.1 3.0 3.1 3.1 3.0 3.0 2.7 2.7 2.7 2.7 3.2 3.1 3.1 3.1 3.2 3.3 3.0 3.0 3.0 3.0 18/05/2005
1.9 2.7 2.7 2.7 2.7 2.7 1.7 1.8 1.8 1.8 1.5 1.5 1.8 1.8 2.7 2.7 2.7 2.7 1.7 1.7 1.8 1.4 1.4 1.4 1.9 1.9 1.8 1.8 19/05/2005
1.6 1.6 1.6 1.6 1.6 1.6 3.1 3.1 3.1 3.0 2.7 2.7 1.6 1.6 1.6 1.6 1.6 1.6 3.2 3.1 3.1 2.7 2.8 1.6 1.6 1.6 1.6 1.6 20/05/2005
4.1 3.2 3.2 3.2 3.2 3.2 3.6 3.5 3.5 3.4 3.1 3.0 4.1 4.1 3.1 3.1 3.1 3.1 3.6 3.6 3.5 3.2 3.3 3.8 4.1 4.1 4.1 4.1 21/05/2005
2.1 2.5 2.4 2.5 2.5 2.4 4.1 4.0 3.9 3.8 3.2 3.2 2.0 2.0 2.4 2.4 2.4 2.4 4.3 4.1 4.1 3.4 3.5 2.2 2.1 2.1 2.0 2.0 22/05/2005
3.6 3.1 3.0 3.0 3.0 3.0 3.9 3.8 3.8 3.7 3.3 3.3 3.5 3.5 2.9 2.9 2.9 2.9 4.0 3.9 3.9 3.4 3.4 3.3 3.5 3.5 3.5 3.5 23/05/2005
1.5 1.8 1.8 1.8 1.8 1.8 2.1 2.1 2.1 2.1 2.0 2.0 1.5 1.5 1.8 1.8 1.8 1.8 2.1 2.1 2.1 2.0 2.0 1.5 1.5 1.5 1.5 1.4 24/05/2005
2.3 2.2 2.2 2.2 2.2 2.2 4.5 4.5 4.4 4.4 4.1 4.0 2.3 2.3 2.2 2.2 2.2 2.2 4.6 4.5 4.5 4.1 4.2 2.7 2.3 2.3 2.3 2.3 25/05/2005
2.9 3.3 3.3 3.3 3.3 3.3 4.3 4.3 4.3 4.3 4.2 4.2 2.9 2.9 3.3 3.3 3.3 3.3 4.4 4.3 4.3 4.2 4.2 2.9 2.9 2.9 2.9 2.9 26/05/2005
6.6 6.6 6.6 6.6 6.6 6.6 6.4 6.4 6.4 6.5 5.8 5.8 6.6 6.6 6.5 6.5 6.5 6.5 6.4 6.4 6.4 5.9 5.9 6.9 6.6 6.6 6.6 6.6 27/05/2005
3.9 3.2 3.2 3.2 3.2 3.1 5.8 5.8 5.8 5.8 5.6 5.6 3.9 3.9 3.1 3.1 3.1 3.1 5.8 5.8 5.8 5.7 5.7 4.0 3.9 3.9 3.9 3.9 28/05/2005
1.0 0.8 0.8 0.8 0.8 0.8 3.6 3.7 3.7 3.7 3.9 3.9 1.0 1.0 0.8 0.8 0.8 0.8 3.5 3.6 3.6 4.0 4.0 1.0 1.0 1.0 1.0 1.0 29/05/2005
2.8 2.9 2.9 2.9 2.9 2.9 2.4 2.4 2.4 2.4 1.7 1.7 2.8 2.8 2.9 2.9 2.9 2.9 2.4 2.4 2.4 1.7 1.7 2.6 2.8 2.8 2.8 2.8 30/05/2005
2.2 2.5 2.5 2.5 2.5 2.4 3.1 3.1 3.0 3.0 2.5 2.5 2.1 2.1 2.4 2.4 2.4 2.4 3.2 3.1 3.1 2.6 2.6 1.8 2.1 2.1 2.1 2.1 31/05/2005
2.7 2.6 2.6 2.6 2.6 2.6 3.2 3.1 3.1 3.1 3.2 3.2 2.7 2.7 2.5 2.5 2.5 2.5 3.2 3.2 3.2 3.3 3.3 2.4 2.7 2.7 2.7 2.6 01/06/2005
3.3 1.6 1.6 1.6 1.6 1.6 3.5 3.4 3.3 3.3 3.1 3.1 3.2 3.2 1.6 1.6 1.6 1.6 3.5 3.4 3.4 3.2 3.2 4.0 3.3 3.3 3.2 3.2 02/06/2005
1.4 1.1 1.1 1.1 1.1 1.1 3.4 3.4 3.4 3.3 3.1 3.1 1.4 1.4 1.1 1.1 1.1 1.1 3.5 3.4 3.4 3.1 3.1 1.6 1.4 1.4 1.4 1.4 03/06/2005
2.2 2.2 2.1 2.2 2.2 2.1 3.1 3.0 3.0 2.9 2.5 2.5 2.1 2.1 2.1 2.1 2.1 2.1 3.1 3.1 3.0 2.6 2.6 2.1 2.1 2.1 2.1 2.1 04/06/2005
1.3 1.7 1.6 1.7 1.7 1.6 2.6 2.5 2.5 2.5 2.0 2.0 1.3 1.3 1.6 1.6 1.6 1.6 2.6 2.6 2.6 2.0 2.0 1.0 1.3 1.3 1.3 1.3 05/06/2005
1.4 1.3 1.3 1.3 1.3 1.3 2.3 2.3 2.3 2.2 1.8 1.8 1.4 1.4 1.3 1.3 1.3 1.3 2.4 2.3 2.3 1.9 1.9 1.5 1.4 1.4 1.4 1.4 06/06/2005
3.4 3.3 3.3 3.3 3.3 3.3 3.7 3.6 3.5 3.5 3.6 3.6 3.3 3.3 3.2 3.2 3.2 3.2 3.7 3.6 3.6 3.7 3.7 3.6 3.4 3.4 3.3 3.3 07/06/2005
2.6 3.0 3.0 3.0 3.0 3.0 4.0 4.0 3.9 3.9 3.8 3.8 2.6 2.6 3.0 3.0 3.0 3.0 4.1 4.0 4.0 3.9 3.9 2.6 2.6 2.6 2.6 2.5 08/06/2005
3.5 2.8 2.8 2.8 2.8 2.8 4.1 4.1 4.0 4.0 3.8 3.8 3.5 3.5 2.8 2.8 2.8 2.8 4.1 4.1 4.1 3.8 3.9 4.0 3.5 3.5 3.5 3.4 09/06/2005
3.8 4.0 3.9 3.9 3.9 3.9 4.2 4.2 4.2 4.2 4.2 4.2 3.8 3.8 3.9 3.9 3.9 3.9 4.2 4.2 4.2 4.3 4.3 4.2 3.8 3.8 3.8 3.8 10/06/2005
4.0 3.8 3.8 3.8 3.8 3.8 3.9 3.9 3.8 3.8 3.7 3.6 3.9 3.9 3.7 3.7 3.7 3.7 3.9 3.9 3.9 3.7 3.8 3.9 4.0 4.0 3.9 3.9 11/06/2005
4.4 3.6 3.5 3.6 3.6 3.5 3.3 3.2 3.2 3.1 2.8 2.8 4.4 4.4 3.4 3.5 3.5 3.5 3.4 3.3 3.3 3.0 3.0 4.0 4.4 4.4 4.4 4.3 12/06/2005
4.0 3.7 3.6 3.7 3.7 3.6 4.9 4.8 4.7 4.7 4.6 4.6 4.0 4.0 3.6 3.6 3.6 3.6 4.9 4.8 4.8 4.8 4.8 4.1 4.0 4.0 4.0 4.0 13/06/2005
3.9 4.3 4.2 4.3 4.2 4.2 3.6 3.6 3.6 3.6 3.2 3.2 3.9 3.9 4.2 4.2 4.2 4.2 3.6 3.6 3.6 3.3 3.4 4.3 3.9 3.9 3.9 3.8 14/06/2005
1.8 1.4 1.4 1.4 1.4 1.4 3.5 3.5 3.5 3.5 3.7 3.7 1.8 1.8 1.4 1.4 1.4 1.4 3.6 3.5 3.5 3.8 3.8 2.1 1.8 1.8 1.8 1.8 15/06/2005
2.1 2.9 2.8 2.9 2.9 2.8 3.5 3.5 3.4 3.4 3.5 3.5 2.1 2.1 2.8 2.8 2.8 2.8 3.6 3.5 3.5 3.6 3.6 1.8 2.1 2.1 2.1 2.0 16/06/2005
3.3 2.5 2.5 2.5 2.5 2.5 4.0 4.0 3.9 3.9 3.3 3.3 3.2 3.2 2.4 2.4 2.4 2.4 4.1 4.0 4.0 3.4 3.4 3.2 3.2 3.2 3.2 3.2 17/06/2005
5.5 5.5 5.4 5.5 5.5 5.4 6.1 6.0 6.0 5.9 5.7 5.7 5.5 5.5 5.3 5.4 5.4 5.4 6.1 6.1 6.0 5.8 5.9 5.8 5.5 5.5 5.5 5.4 18/06/2005
7.2 6.9 6.9 6.9 6.9 6.9 7.8 7.9 7.9 7.9 7.3 7.3 7.1 7.1 6.9 6.9 6.9 6.9 7.8 7.9 7.9 7.3 7.3 7.2 7.1 7.1 7.1 7.1 19/06/2005
3.1 4.1 4.1 4.1 4.1 4.1 6.1 6.1 6.2 6.2 6.1 6.1 3.1 3.1 4.1 4.1 4.1 4.1 6.1 6.1 6.1 6.1 6.1 2.9 3.1 3.1 3.1 3.1 20/06/2005
3.7 3.5 3.5 3.5 3.5 3.5 3.6 3.5 3.5 3.4 3.0 3.0 3.7 3.7 3.5 3.5 3.5 3.5 3.6 3.5 3.5 3.1 3.1 3.5 3.7 3.7 3.7 3.7 21/06/2005
4.5 4.8 4.8 4.8 4.8 4.8 5.6 5.6 5.6 5.6 5.5 5.5 4.4 4.4 4.7 4.7 4.7 4.7 5.6 5.6 5.6 5.6 5.6 4.4 4.5 4.5 4.4 4.4 22/06/2005
3.7 3.6 3.6 3.6 3.6 3.6 4.5 4.6 4.6 4.6 4.3 4.2 3.7 3.7 3.6 3.6 3.6 3.6 4.5 4.5 4.6 4.3 4.3 4.2 3.7 3.7 3.7 3.7 23/06/2005
5.6 5.5 5.5 5.5 5.5 5.5 5.5 5.5 5.4 5.4 5.6 5.6 5.5 5.5 5.4 5.4 5.4 5.4 5.5 5.5 5.5 5.6 5.7 5.4 5.5 5.5 5.5 5.5 24/06/2005
3.8 3.4 3.4 3.4 3.4 3.4 3.8 3.8 3.8 3.7 3.1 3.0 3.7 3.7 3.3 3.3 3.3 3.3 3.9 3.8 3.8 3.2 3.3 3.3 3.7 3.7 3.7 3.7 25/06/2005
3.2 3.0 3.0 3.0 3.0 3.0 3.3 3.3 3.3 3.3 2.3 2.3 3.1 3.1 2.9 3.0 3.0 2.9 3.2 3.3 3.3 2.4 2.4 3.3 3.1 3.1 3.1 3.1 26/06/2005
3.3 3.6 3.6 3.6 3.6 3.6 4.4 4.5 4.5 4.6 3.9 3.9 3.2 3.2 3.7 3.7 3.7 3.7 4.3 4.4 4.5 3.9 4.0 2.9 3.2 3.2 3.2 3.2 27/06/2005
4.2 3.6 3.6 3.6 3.6 3.6 4.0 4.1 4.1 4.2 3.8 3.8 4.2 4.2 3.7 3.7 3.7 3.7 4.0 4.0 4.1 3.8 3.9 4.3 4.2 4.2 4.2 4.2 28/06/2005
3.3 3.2 3.2 3.2 3.2 3.2 4.9 4.8 4.7 4.6 4.2 4.2 3.3 3.3 3.2 3.2 3.2 3.2 5.0 4.9 4.8 4.2 4.3 3.6 3.3 3.3 3.3 3.3 29/06/2005
3.8 2.3 2.3 2.3 2.3 2.3 2.5 2.5 2.4 2.4 3.7 3.7 3.7 3.7 2.2 2.2 2.2 2.2 2.6 2.5 2.5 3.8 3.9 3.6 3.7 3.7 3.7 3.7 30/06/2005
1.5 0.9 0.9 0.9 0.9 0.9 3.3 3.3 3.3 3.3 2.6 2.6 1.5 1.5 0.9 0.9 0.9 0.9 3.3 3.3 3.3 2.6 2.6 1.5 1.5 1.5 1.5 1.5 01/07/2005
4.4 3.6 3.6 3.6 3.6 3.5 3.3 3.3 3.2 3.2 2.5 2.5 4.3 4.3 3.5 3.5 3.5 3.5 3.3 3.3 3.3 2.5 2.6 4.3 4.4 4.4 4.3 4.3 02/07/2005
2.8 2.3 2.3 2.3 2.3 2.3 4.1 4.1 4.0 4.0 3.4 3.3 2.8 2.8 2.3 2.3 2.3 2.3 4.1 4.1 4.1 3.4 3.5 2.7 2.8 2.8 2.8 2.8 03/07/2005
2.8 2.3 2.3 2.3 2.3 2.3 2.0 2.0 1.9 1.9 1.7 1.7 2.8 2.8 2.3 2.3 2.3 2.3 2.1 2.0 2.0 1.8 1.8 3.2 2.8 2.8 2.8 2.7 04/07/2005
3.6 3.1 3.1 3.1 3.1 3.1 3.7 3.6 3.6 3.5 3.7 3.6 3.5 3.5 3.1 3.1 3.1 3.1 3.8 3.7 3.7 3.8 3.8 3.4 3.6 3.6 3.5 3.5 05/07/2005
4.3 3.6 3.6 3.6 3.6 3.6 3.0 2.9 2.9 2.9 2.6 2.6 4.3 4.3 3.5 3.5 3.5 3.5 3.0 3.0 3.0 2.6 2.7 3.2 4.3 4.3 4.3 4.3 06/07/2005
3.2 2.3 2.3 2.3 2.3 2.3 1.6 1.6 1.5 1.5 1.1 1.1 3.2 3.2 2.2 2.2 2.2 2.2 1.6 1.6 1.6 1.2 1.2 2.9 3.2 3.2 3.2 3.2 07/07/2005
2.7 1.5 1.5 1.5 1.5 1.5 2.7 2.7 2.7 2.6 2.4 2.4 2.6 2.6 1.4 1.5 1.5 1.4 2.7 2.7 2.7 2.4 2.4 2.7 2.6 2.6 2.6 2.6 08/07/2005
4.1 4.2 4.1 4.2 4.1 4.1 4.4 4.4 4.3 4.3 3.8 3.8 4.0 4.0 4.0 4.1 4.1 4.0 4.5 4.4 4.4 3.9 3.9 4.1 4.1 4.1 4.0 4.0 09/07/2005
3.8 3.3 3.2 3.3 3.2 3.2 5.0 4.9 4.9 4.8 4.8 4.8 3.7 3.7 3.2 3.2 3.2 3.2 5.1 5.0 5.0 4.9 4.9 3.5 3.8 3.8 3.7 3.7 10/07/2005
3.5 2.8 2.8 2.8 2.8 2.8 5.6 5.6 5.5 5.4 5.5 5.5 3.5 3.5 2.8 2.8 2.8 2.8 5.8 5.6 5.6 5.6 5.7 4.1 3.5 3.5 3.5 3.5 11/07/2005
1.8 1.8 1.8 1.8 1.8 1.8 5.8 5.8 5.7 5.7 6.1 6.0 1.7 1.7 1.7 1.7 1.7 1.7 5.9 5.8 5.8 6.2 6.2 2.1 1.8 1.8 1.7 1.7 12/07/2005
3.7 2.8 2.7 2.7 2.7 2.7 4.7 4.6 4.4 4.3 5.3 5.2 3.6 3.6 2.7 2.7 2.7 2.7 4.9 4.7 4.6 5.4 5.4 4.0 3.7 3.7 3.6 3.6 13/07/2005
4.8 5.3 5.2 5.3 5.3 5.2 5.6 5.6 5.6 5.5 5.1 5.1 4.7 4.7 5.2 5.2 5.2 5.2 5.7 5.6 5.6 5.2 5.2 4.7 4.8 4.8 4.7 4.7 14/07/2005
5.6 5.3 5.3 5.3 5.3 5.3 5.3 5.3 5.3 5.3 4.5 4.4 5.6 5.6 5.2 5.3 5.3 5.3 5.3 5.3 5.3 4.5 4.5 5.1 5.6 5.6 5.6 5.6 15/07/2005
4.3 4.5 4.5 4.5 4.5 4.5 5.0 5.0 4.8 4.7 4.8 4.8 4.2 4.2 4.4 4.5 4.5 4.5 5.1 5.0 5.0 4.9 4.9 4.0 4.3 4.3 4.2 4.2 16/07/2005
4.8 5.4 5.4 5.4 5.4 5.4 5.9 5.8 5.7 5.7 5.5 5.5 4.7 4.7 5.4 5.4 5.4 5.4 6.0 5.9 5.8 5.7 5.7 4.8 4.8 4.8 4.7 4.7 17/07/2005
4.3 3.6 3.6 3.6 3.6 3.6 3.7 3.6 3.6 3.6 3.4 3.4 4.2 4.2 3.5 3.5 3.5 3.5 3.7 3.7 3.6 3.5 3.5 4.1 4.2 4.2 4.2 4.2 18/07/2005
4.5 4.0 4.0 4.0 4.0 4.0 4.2 4.1 4.1 4.1 3.6 3.6 4.5 4.5 3.9 3.9 3.9 3.9 4.2 4.1 4.1 3.6 3.7 4.6 4.5 4.5 4.5 4.5 19/07/2005
4.2 3.4 3.4 3.4 3.4 3.4 3.1 3.1 3.0 3.0 2.8 2.8 4.1 4.1 3.3 3.3 3.3 3.3 3.1 3.1 3.1 2.8 2.8 3.2 4.1 4.1 4.1 4.1 20/07/2005
3.6 4.8 4.8 4.8 4.8 4.8 4.6 4.5 4.5 4.4 3.5 3.5 3.6 3.6 4.7 4.7 4.7 4.7 4.6 4.6 4.5 3.5 3.5 2.6 3.6 3.6 3.6 3.5 21/07/2005
4.0 3.8 3.8 3.8 3.8 3.8 3.7 3.7 3.6 3.6 3.5 3.4 3.9 3.9 3.7 3.7 3.7 3.7 3.8 3.7 3.7 3.6 3.6 4.0 4.0 4.0 3.9 3.9 22/07/2005
1.3 1.5 1.5 1.5 1.5 1.5 1.9 1.9 1.8 1.8 1.7 1.7 1.3 1.3 1.4 1.4 1.4 1.4 1.9 1.9 1.9 1.8 1.8 1.1 1.3 1.3 1.3 1.3 23/07/2005
2.5 1.4 1.4 1.4 1.4 1.4 1.3 1.3 1.3 1.3 1.1 1.1 2.5 2.5 1.3 1.3 1.3 1.3 1.3 1.3 1.3 1.1 1.1 2.7 2.5 2.5 2.5 2.5 24/07/2005
4.5 3.1 3.0 3.0 3.0 3.0 3.3 3.2 3.2 3.1 2.5 2.5 4.5 4.5 2.9 3.0 3.0 2.9 3.3 3.2 3.2 2.6 2.6 4.0 4.5 4.5 4.5 4.5 25/07/2005
1.3 1.2 1.2 1.2 1.2 1.2 2.9 2.8 2.8 2.7 2.5 2.5 1.3 1.3 1.2 1.2 1.2 1.2 3.0 2.9 2.8 2.6 2.6 1.2 1.3 1.3 1.3 1.3 26/07/2005
1.7 1.7 1.7 1.7 1.7 1.7 2.4 2.3 2.3 2.3 2.2 2.2 1.6 1.6 1.7 1.7 1.7 1.7 2.4 2.3 2.3 2.2 2.3 1.8 1.7 1.7 1.6 1.6 27/07/2005
3.3 2.8 2.8 2.8 2.8 2.8 2.9 2.8 2.8 2.7 2.9 2.9 3.3 3.3 2.8 2.8 2.8 2.8 2.9 2.8 2.8 2.9 2.9 3.0 3.3 3.3 3.3 3.4 28/07/2005
3.7 3.3 3.3 3.3 3.3 3.3 4.3 4.3 4.3 4.2 3.3 3.3 3.6 3.6 3.2 3.2 3.2 3.2 4.4 4.3 4.3 3.4 3.5 3.2 3.6 3.6 3.6 3.6 29/07/2005
4.5 3.8 3.8 3.8 3.8 3.8 3.0 3.0 2.9 2.9 3.5 3.5 4.4 4.4 3.8 3.8 3.8 3.8 3.0 3.0 3.0 3.6 3.6 4.1 4.4 4.4 4.4 4.4 30/07/2005
2.8 2.8 2.8 2.8 2.8 2.8 2.7 2.6 2.6 2.5 2.5 2.5 2.7 2.7 2.7 2.7 2.7 2.7 2.8 2.7 2.6 2.6 2.6 2.2 2.7 2.7 2.7 2.7 31/07/2005
