# 460 461 462 463 464 465 489 490 491 492 493 494 518 519 520 521 522 523 547 548 549 550 551 575 576 577 578 579 Date
4.2 2.6 2.6 2.6 2.6 2.6 3.8 3.7 3.7 3.6 3.9 3.9 4.1 4.1 2.6 2.6 2.6 2.6 3.9 3.8 3.8 4.1 4.1 3.8 4.2 4.2 4.1 4.1 01/08/1996
4.1 3.4 3.3 3.4 3.4 3.3 3.8 3.8 3.7 3.6 3.3 3.3 4.0 4.0 3.2 3.3 3.3 3.2 3.9 3.8 3.8 3.4 3.4 4.1 4.1 4.1 4.0 4.0 02/08/1996
3.3 2.5 2.5 2.5 2.5 2.5 4.5 4.5 4.4 4.4 4.2 4.2 3.2 3.2 2.4 2.4 2.5 2.4 4.6 4.5 4.5 4.3 4.4 3.3 3.2 3.2 3.2 3.2 03/08/1996
6.2 5.7 5.7 5.7 5.7 5.7 5.2 5.2 5.2 5.2 4.7 4.7 6.2 6.2 5.6 5.6 5.6 5.6 5.2 5.2 5.2 4.8 4.8 6.5 6.2 6.2 6.2 6.2 04/08/1996
5.9 5.1 5.1 5.1 5.1 5.1 6.1 6.1 6.0 5.9 5.8 5.8 5.8 5.8 5.1 5.1 5.1 5.1 6.2 6.1 6.1 6.0 6.0 5.6 5.9 5.9 5.8 5.8 05/08/1996
3.8 2.0 2.0 2.0 2.0 2.0 4.2 4.1 4.1 4.0 3.1 3.1 3.8 3.8 2.0 2.0 2.0 2.0 4.2 4.2 4.1 3.2 3.3 4.1 3.8 3.8 3.8 3.8 06/08/1996
4.3 3.4 3.3 3.4 3.4 3.3 3.4 3.4 3.4 3.3 3.4 3.4 4.3 4.3 3.3 3.3 3.3 3.3 3.5 3.4 3.4 3.6 3.6 4.3 4.3 4.3 4.3 4.3 07/08/1996
2.0 1.9 1.8 1.9 1.8 1.8 4.3 4.2 4.1 4.1 3.4 3.4 2.0 2.0 1.8 1.8 1.8 1.8 4.3 4.3 4.2 3.5 3.5 2.2 2.0 2.0 2.0 2.0 08/08/1996
2.7 2.0 2.0 2.0 2.0 2.0 2.9 2.9 2.9 2.9 1.8 1.8 2.6 2.6 2.0 2.0 2.0 2.0 2.8 2.9 2.9 1.8 1.7 2.2 2.6 2.6 2.6 2.6 09/08/1996
2.4 1.0 1.0 1.0 1.0 1.0 2.4 2.4 2.4 2.4 1.1 1.1 2.4 2.4 1.0 1.0 1.0 1.0 2.4 2.4 2.4 1.2 1.2 2.6 2.4 2.4 2.4 2.4 10/08/1996
1.7 1.4 1.4 1.4 1.4 1.4 2.0 2.0 2.0 2.0 2.1 2.1 1.7 1.7 1.4 1.4 1.4 1.4 2.0 2.0 2.0 2.2 2.2 1.5 1.7 1.7 1.7 1.7 11/08/1996
2.8 2.0 1.9 2.0 2.0 1.9 2.2 2.1 2.1 2.1 2.3 2.3 2.7 2.7 1.9 1.9 1.9 1.9 2.2 2.2 2.1 2.4 2.4 2.6 2.7 2.7 2.7 2.6 12/08/1996
2.2 1.2 1.2 1.2 1.2 1.2 0.8 0.8 0.8 0.8 0.9 1.0 2.2 2.2 1.2 1.2 1.2 1.2 0.8 0.8 0.8 0.9 0.9 2.2 2.2 2.2 2.2 2.2 13/08/1996
2.1 1.8 1.8 1.8 1.8 1.8 3.8 3.8 3.7 3.7 3.4 3.4 2.1 2.1 1.8 1.8 1.8 1.8 3.9 3.8 3.8 3.5 3.5 1.9 2.1 2.1 2.1 2.1 14/08/1996
3.0 2.9 2.9 2.9 2.9 2.9 3.9 3.8 3.7 3.6 3.7 3.6 3.0 3.0 2.8 2.8 2.8 2.8 4.0 3.9 3.9 3.8 3.9 2.9 3.0 3.0 3.0 2.9 15/08/1996
4.1 3.7 3.7 3.7 3.7 3.7 3.7 3.6 3.5 3.4 3.7 3.7 4.1 4.1 3.7 3.7 3.7 3.7 3.8 3.7 3.6 3.9 4.0 4.4 4.1 4.1 4.1 4.1 16/08/1996
4.2 3.3 3.4 3.3 3.3 3.4 4.6 4.5 4.5 4.4 4.1 4.1 4.3 4.3 3.4 3.4 3.4 3.4 4.6 4.5 4.5 4.2 4.3 3.8 4.2 4.2 4.3 4.3 17/08/1996
7.6 5.5 5.5 5.5 5.5 5.5 5.2 5.2 5.1 5.1 4.5 4.5 7.7 7.7 5.5 5.5 5.5 5.5 5.2 5.2 5.2 4.6 4.6 7.3 7.7 7.7 7.7 7.8 18/08/1996
6.4 5.4 5.4 5.4 5.4 5.4 5.4 5.4 5.4 5.3 5.2 5.2 6.5 6.5 5.4 5.4 5.4 5.4 5.4 5.4 5.4 5.2 5.3 5.7 6.4 6.4 6.5 6.5 19/08/1996
2.8 2.2 2.2 2.2 2.2 2.2 4.1 4.1 4.1 4.1 4.0 4.0 2.8 2.8 2.1 2.1 2.1 2.1 4.1 4.1 4.1 4.0 4.0 2.2 2.8 2.8 2.8 2.8 20/08/1996
2.4 1.8 1.8 1.8 1.8 1.8 2.7 2.7 2.7 2.7 1.5 1.5 2.4 2.4 1.8 1.8 1.8 1.8 2.7 2.7 2.7 1.5 1.5 2.4 2.4 2.4 2.4 2.4 21/08/1996
4.5 2.7 2.7 2.7 2.7 2.7 3.0 2.9 2.9 2.9 2.7 2.7 4.4 4.4 2.7 2.7 2.7 2.7 3.0 3.0 2.9 2.7 2.7 4.5 4.5 4.5 4.4 4.4 22/08/1996
4.1 2.3 2.2 2.3 2.3 2.2 2.8 2.7 2.6 2.5 2.2 2.2 4.1 4.1 2.2 2.2 2.2 2.2 2.9 2.8 2.7 2.3 2.4 4.5 4.1 4.1 4.0 4.0 23/08/1996
2.3 2.1 2.1 2.1 2.1 2.1 1.6 1.6 1.6 1.5 1.7 1.7 2.2 2.2 2.1 2.1 2.1 2.1 1.7 1.6 1.6 1.8 1.8 2.2 2.3 2.3 2.2 2.2 24/08/1996
1.9 2.0 1.9 2.0 2.0 1.9 2.6 2.5 2.4 2.4 1.8 1.8 1.9 1.9 1.9 1.9 1.9 1.9 2.6 2.5 2.5 1.9 2.0 2.5 1.9 1.9 1.9 1.9 25/08/1996
2.8 2.1 2.1 2.1 2.1 2.1 3.2 3.2 3.1 3.1 3.0 3.0 2.8 2.8 2.1 2.1 2.1 2.1 3.3 3.2 3.2 3.1 3.2 2.6 2.8 2.8 2.8 2.8 26/08/1996
2.5 2.1 2.1 2.1 2.1 2.1 2.6 2.6 2.5 2.5 2.2 2.2 2.4 2.4 2.1 2.1 2.1 2.1 2.7 2.6 2.6 2.3 2.4 2.2 2.4 2.4 2.4 2.4 27/08/1996
2.7 1.8 1.8 1.8 1.8 1.8 0.7 0.7 0.7 0.7 0.6 0.6 2.6 2.6 1.8 1.8 1.8 1.8 0.7 0.7 0.7 0.6 0.6 2.9 2.6 2.6 2.6 2.6 28/08/1996
2.3 0.7 0.7 0.7 0.7 0.7 0.8 0.8 0.9 0.9 0.6 0.6 2.3 2.3 0.7 0.7 0.7 0.7 0.8 0.8 0.8 0.6 0.6 2.7 2.3 2.3 2.3 2.3 29/08/1996
2.8 2.1 2.1 2.1 2.1 2.1 1.1 1.1 1.0 1.0 0.7 0.7 2.7 2.7 2.1 2.1 2.1 2.1 1.2 1.1 1.1 0.8 0.8 2.7 2.7 2.7 2.7 2.7 30/08/1996
1.7 1.1 1.1 1.1 1.1 1.1 2.8 2.8 2.7 2.7 2.6 2.6 1.6 1.6 1.0 1.0 1.0 1.0 2.9 2.8 2.8 2.7 2.8 1.6 1.6 1.6 1.6 1.6 31/08/1996
2.3 2.1 2.0 2.1 2.1 2.0 2.7 2.6 2.6 2.5 2.0 2.0 2.3 2.3 2.0 2.0 2.0 2.0 2.8 2.7 2.6 2.1 2.1 1.7 2.3 2.3 2.3 2.3 01/09/1996
2.7 2.6 2.6 2.6 2.6 2.6 3.5 3.4 3.3 3.2 2.9 2.9 2.6 2.6 2.6 2.6 2.6 2.6 3.5 3.4 3.4 3.0 3.0 2.3 2.6 2.6 2.6 2.6 02/09/1996
3.0 2.7 2.7 2.7 2.7 2.7 3.8 3.8 3.7 3.7 3.3 3.3 3.1 3.1 2.7 2.7 2.7 2.7 3.9 3.8 3.8 3.4 3.5 2.5 3.0 3.0 3.1 3.1 03/09/1996
4.7 3.3 3.4 3.3 3.3 3.4 4.0 4.0 3.9 3.8 3.8 3.8 4.7 4.7 3.4 3.4 3.4 3.4 4.1 4.0 4.0 3.9 4.0 4.6 4.7 4.7 4.7 4.7 04/09/1996
3.9 2.5 2.5 2.5 2.5 2.5 3.0 2.9 2.9 2.8 2.3 2.2 3.8 3.8 2.4 2.5 2.5 2.4 3.0 3.0 2.9 2.4 2.4 3.9 3.8 3.8 3.8 3.8 05/09/1996
4.3 3.4 3.4 3.4 3.4 3.4 3.4 3.4 3.3 3.2 3.1 3.1 4.3 4.3 3.4 3.4 3.4 3.4 3.5 3.4 3.4 3.2 3.3 4.5 4.3 4.3 4.3 4.3 06/09/1996
3.6 2.4 2.4 2.4 2.4 2.4 3.2 3.1 3.0 3.0 2.9 2.9 3.6 3.6 2.4 2.4 2.4 2.4 3.3 3.2 3.1 3.0 3.0 3.5 3.6 3.6 3.6 3.6 07/09/1996
3.5 2.6 2.5 2.6 2.5 2.5 2.5 2.4 2.4 2.4 2.1 2.1 3.4 3.4 2.5 2.5 2.5 2.5 2.5 2.5 2.4 2.2 2.2 3.4 3.5 3.5 3.4 3.4 08/09/1996
2.2 1.8 1.8 1.8 1.8 1.8 2.5 2.4 2.4 2.4 2.2 2.2 2.2 2.2 1.8 1.8 1.8 1.8 2.5 2.5 2.5 2.3 2.4 2.0 2.2 2.2 2.2 2.2 09/09/1996
2.0 1.8 1.8 1.8 1.8 1.8 2.2 2.2 2.2 2.2 2.2 2.2 2.0 2.0 1.8 1.8 1.8 1.8 2.2 2.2 2.2 2.2 2.2 1.8 2.0 2.0 2.0 2.0 10/09/1996
1.7 0.9 0.9 0.9 0.9 0.9 2.6 2.6 2.6 2.5 2.2 2.2 1.7 1.7 0.9 0.9 0.9 0.9 2.6 2.6 2.6 2.3 2.4 1.9 1.7 1.7 1.6 1.6 11/09/1996
2.4 1.4 1.4 1.4 1.4 1.4 1.8 1.7 1.7 1.7 1.1 1.1 2.4 2.4 1.4 1.4 1.4 1.4 1.8 1.8 1.7 1.1 1.1 2.4 2.4 2.4 2.4 2.4 12/09/1996
3.4 2.7 2.7 2.7 2.7 2.7 1.7 1.7 1.6 1.6 1.5 1.5 3.4 3.4 2.6 2.6 2.6 2.6 1.8 1.7 1.7 1.6 1.6 3.6 3.4 3.4 3.3 3.3 13/09/1996
2.7 2.2 2.2 2.2 2.2 2.2 2.6 2.5 2.5 2.4 2.0 2.0 2.6 2.6 2.1 2.1 2.1 2.1 2.7 2.6 2.6 2.2 2.2 2.9 2.7 2.7 2.6 2.6 14/09/1996
2.5 2.4 2.4 2.4 2.4 2.4 2.4 2.3 2.3 2.2 2.0 2.0 2.4 2.4 2.3 2.3 2.3 2.3 2.5 2.4 2.4 2.1 2.1 2.4 2.5 2.5 2.4 2.4 15/09/1996
4.4 3.3 3.3 3.3 3.3 3.3 3.0 2.9 2.9 2.8 2.5 2.5 4.3 4.3 3.3 3.3 3.3 3.3 3.0 2.9 2.9 2.6 2.6 4.2 4.4 4.4 4.3 4.3 16/09/1996
4.9 3.7 3.7 3.7 3.7 3.7 3.4 3.3 3.3 3.3 2.8 2.8 4.8 4.8 3.7 3.7 3.7 3.7 3.4 3.4 3.3 2.8 2.9 4.6 4.9 4.9 4.8 4.8 17/09/1996
3.8 3.1 3.1 3.1 3.1 3.1 3.1 2.9 2.8 2.7 2.6 2.5 3.7 3.7 3.1 3.1 3.1 3.1 3.2 3.0 3.0 2.7 2.8 3.8 3.8 3.8 3.7 3.7 18/09/1996
0.8 0.6 0.6 0.6 0.6 0.6 1.0 1.0 1.0 1.0 1.5 1.5 0.8 0.8 0.5 0.5 0.5 0.5 1.1 1.0 1.0 1.4 1.4 0.8 0.8 0.8 0.7 0.7 19/09/1996
1.7 1.0 1.0 1.0 1.0 1.0 1.1 1.1 1.0 1.0 0.7 0.7 1.6 1.6 1.0 1.0 1.0 1.0 1.1 1.1 1.1 0.8 0.8 2.0 1.6 1.6 1.6 1.6 20/09/1996
1.6 1.4 1.4 1.4 1.4 1.4 0.9 0.9 0.8 0.8 0.6 0.6 1.6 1.6 1.4 1.4 1.4 1.4 1.0 0.9 0.9 0.7 0.7 1.4 1.6 1.6 1.6 1.6 21/09/1996
1.7 1.1 1.1 1.1 1.1 1.1 1.7 1.6 1.5 1.5 1.5 1.4 1.7 1.7 1.0 1.0 1.1 1.0 1.7 1.7 1.6 1.6 1.6 1.6 1.7 1.7 1.7 1.6 22/09/1996
1.3 1.2 1.2 1.2 1.2 1.2 1.4 1.3 1.3 1.2 1.3 1.3 1.3 1.3 1.2 1.2 1.2 1.2 1.4 1.4 1.3 1.4 1.4 1.6 1.3 1.3 1.3 1.3 23/09/1996
1.8 1.3 1.3 1.3 1.3 1.3 1.6 1.6 1.5 1.5 0.9 0.8 1.8 1.8 1.3 1.3 1.3 1.3 1.7 1.6 1.6 1.0 1.0 1.8 1.8 1.8 1.8 1.8 24/09/1996
1.6 1.5 1.4 1.5 1.5 1.4 1.9 1.8 1.8 1.7 1.8 1.8 1.5 1.5 1.4 1.4 1.4 1.4 1.9 1.9 1.8 1.9 1.9 1.4 1.5 1.5 1.5 1.5 25/09/1996
1.5 1.0 1.0 1.0 1.0 1.0 1.8 1.7 1.7 1.6 1.3 1.3 1.4 1.4 1.0 1.0 1.0 1.0 1.9 1.8 1.8 1.4 1.4 1.4 1.4 1.4 1.4 1.4 26/09/1996
1.4 1.1 1.1 1.1 1.1 1.1 1.2 1.1 1.1 1.1 1.5 1.5 1.3 1.3 1.1 1.1 1.1 1.1 1.2 1.2 1.1 1.6 1.6 1.4 1.3 1.3 1.3 1.3 27/09/1996
2.0 1.6 1.6 1.6 1.6 1.6 1.4 1.3 1.3 1.2 1.0 1.0 2.0 2.0 1.5 1.5 1.5 1.5 1.5 1.4 1.4 1.1 1.2 2.0 2.0 2.0 2.0 2.0 28/09/1996
2.4 2.2 2.1 2.1 2.1 2.1 1.7 1.7 1.7 1.7 1.4 1.4 2.4 2.4 2.1 2.1 2.1 2.1 1.7 1.7 1.7 1.4 1.4 2.2 2.4 2.4 2.3 2.3 29/09/1996
0.7 0.7 0.7 0.7 0.7 0.7 2.5 2.4 2.3 2.2 1.6 1.5 0.7 0.7 0.8 0.8 0.8 0.8 2.6 2.5 2.4 1.7 1.8 0.6 0.7 0.7 0.7 0.7 30/09/1996
2.2 1.8 1.7 1.8 1.7 1.7 0.6 0.6 0.5 0.5 0.4 0.4 2.2 2.2 1.7 1.7 1.7 1.7 0.6 0.6 0.6 0.4 0.5 2.2 2.2 2.2 2.2 2.2 01/10/1996
2.0 2.1 2.0 2.1 2.1 2.0 1.2 1.1 1.0 0.9 0.7 0.7 2.0 2.0 2.0 2.0 2.0 2.0 1.3 1.1 1.1 0.8 0.8 1.9 2.0 2.0 2.0 1.9 02/10/1996
1.9 1.7 1.6 1.7 1.7 1.6 1.5 1.5 1.4 1.3 0.9 0.9 1.9 1.9 1.6 1.6 1.6 1.6 1.6 1.5 1.5 1.0 1.0 1.8 1.9 1.9 1.9 1.9 03/10/1996
2.6 1.4 1.4 1.4 1.4 1.4 1.5 1.5 1.5 1.4 1.1 1.1 2.6 2.6 1.4 1.4 1.4 1.4 1.6 1.5 1.5 1.1 1.2 2.9 2.6 2.6 2.6 2.6 04/10/1996
2.4 2.1 2.1 2.1 2.1 2.1 1.5 1.4 1.4 1.3 0.7 0.7 2.4 2.4 2.1 2.1 2.1 2.1 1.5 1.5 1.4 0.8 0.8 2.1 2.4 2.4 2.4 2.4 05/10/1996
1.1 1.3 1.3 1.3 1.3 1.3 2.0 2.0 1.9 1.8 1.8 1.8 1.1 1.1 1.3 1.3 1.3 1.3 2.1 2.0 2.0 1.9 1.9 0.9 1.1 1.1 1.1 1.1 06/10/1996
1.5 1.5 1.5 1.5 1.5 1.5 2.1 2.1 2.0 2.0 1.8 1.8 1.5 1.5 1.4 1.5 1.5 1.4 2.2 2.1 2.1 1.9 1.9 1.4 1.5 1.5 1.5 1.5 07/10/1996
1.0 0.7 0.7 0.7 0.7 0.7 2.1 2.0 2.0 1.9 1.7 1.7 0.9 0.9 0.6 0.6 0.6 0.6 2.1 2.1 2.0 1.8 1.8 1.1 1.0 1.0 0.9 0.9 08/10/1996
1.0 0.8 0.8 0.8 0.8 0.8 0.7 0.7 0.6 0.6 0.6 0.6 0.9 0.9 0.7 0.7 0.8 0.7 0.7 0.7 0.7 0.7 0.7 1.0 1.0 1.0 0.9 0.9 09/10/1996
1.0 1.4 1.4 1.4 1.4 1.4 1.6 1.5 1.4 1.4 1.1 1.0 1.0 1.0 1.3 1.4 1.4 1.3 1.6 1.5 1.5 1.2 1.2 0.9 1.0 1.0 1.0 1.0 10/10/1996
0.9 1.1 1.0 1.0 1.0 1.0 0.6 0.5 0.5 0.5 0.5 0.4 0.8 0.8 1.0 1.0 1.0 1.0 0.6 0.6 0.6 0.5 0.6 0.8 0.9 0.9 0.8 0.8 11/10/1996
1.7 1.4 1.4 1.4 1.4 1.4 0.7 0.7 0.6 0.5 0.4 0.4 1.6 1.6 1.4 1.4 1.4 1.4 0.8 0.7 0.7 0.5 0.5 1.8 1.6 1.6 1.6 1.5 12/10/1996
3.1 2.5 2.5 2.5 2.5 2.5 1.3 1.3 1.3 1.3 1.0 1.0 3.1 3.1 2.5 2.5 2.5 2.5 1.4 1.3 1.3 1.1 1.1 2.8 3.1 3.1 3.1 3.1 13/10/1996
2.1 1.5 1.5 1.5 1.5 1.5 1.9 1.9 1.9 1.9 1.5 1.5 2.1 2.1 1.5 1.5 1.5 1.5 1.9 1.9 1.9 1.4 1.5 2.0 2.1 2.1 2.1 2.1 14/10/1996
1.6 1.4 1.4 1.4 1.4 1.4 1.4 1.3 1.2 1.2 0.9 0.8 1.6 1.6 1.3 1.4 1.4 1.3 1.5 1.4 1.3 1.0 1.1 1.3 1.6 1.6 1.6 1.6 15/10/1996
1.5 1.2 1.2 1.2 1.2 1.2 1.4 1.3 1.3 1.2 1.1 1.1 1.4 1.4 1.1 1.1 1.1 1.1 1.5 1.4 1.3 1.2 1.3 1.4 1.5 1.5 1.4 1.4 16/10/1996
1.4 1.1 1.0 1.1 1.1 1.0 0.7 0.7 0.7 0.7 0.5 0.4 1.4 1.4 1.0 1.0 1.0 1.0 0.8 0.7 0.7 0.5 0.5 1.3 1.4 1.4 1.4 1.3 17/10/1996
0.7 0.5 0.5 0.5 0.5 0.5 1.0 1.0 0.9 0.8 0.9 0.9 0.7 0.7 0.4 0.4 0.4 0.4 1.1 1.0 1.0 1.0 1.0 0.9 0.7 0.7 0.7 0.7 18/10/1996
1.9 1.4 1.4 1.4 1.4 1.4 1.4 1.4 1.4 1.4 1.2 1.2 1.9 1.9 1.4 1.4 1.4 1.4 1.4 1.4 1.4 1.2 1.2 2.0 1.9 1.9 1.9 1.9 19/10/1996
1.4 1.3 1.3 1.3 1.3 1.3 0.9 0.9 0.9 1.0 0.9 0.9 1.4 1.4 1.3 1.3 1.3 1.3 0.8 0.9 0.9 0.8 0.8 1.2 1.4 1.4 1.3 1.3 20/10/1996
0.7 1.2 1.2 1.2 1.2 1.2 1.1 1.1 1.1 1.1 1.0 1.0 0.6 0.6 1.2 1.2 1.2 1.2 1.2 1.1 1.1 1.1 1.1 0.5 0.7 0.7 0.6 0.6 21/10/1996
2.0 1.4 1.4 1.4 1.4 1.4 0.8 0.8 0.7 0.7 0.5 0.5 2.0 2.0 1.4 1.4 1.4 1.4 0.8 0.8 0.8 0.6 0.6 1.8 2.0 2.0 2.0 2.0 22/10/1996
3.1 2.6 2.6 2.6 2.6 2.6 1.8 1.9 1.9 1.9 1.6 1.6 3.1 3.1 2.6 2.6 2.6 2.6 1.6 1.8 1.8 1.5 1.5 3.1 3.1 3.1 3.1 3.1 23/10/1996
1.4 1.3 1.2 1.3 1.3 1.2 1.2 1.2 1.2 1.2 1.1 1.1 1.3 1.3 1.2 1.2 1.2 1.2 1.2 1.2 1.2 1.2 1.2 1.3 1.4 1.4 1.3 1.3 24/10/1996
1.7 1.3 1.3 1.3 1.3 1.3 0.8 0.8 0.7 0.7 0.7 0.7 1.8 1.8 1.3 1.3 1.3 1.3 0.9 0.8 0.8 0.8 0.8 1.9 1.7 1.7 1.8 1.8 25/10/1996
1.9 1.5 1.5 1.5 1.5 1.5 1.3 1.3 1.2 1.2 0.9 0.9 1.9 1.9 1.5 1.5 1.5 1.5 1.4 1.3 1.3 1.0 1.0 1.8 1.9 1.9 1.9 1.9 26/10/1996
1.5 1.1 1.1 1.1 1.1 1.1 0.5 0.5 0.5 0.5 0.4 0.4 1.4 1.4 1.1 1.1 1.1 1.1 0.5 0.5 0.5 0.4 0.4 1.4 1.5 1.5 1.4 1.4 27/10/1996
2.3 2.4 2.4 2.4 2.4 2.4 1.1 1.0 1.0 0.9 0.6 0.6 2.2 2.2 2.4 2.4 2.4 2.4 1.1 1.1 1.0 0.7 0.8 2.3 2.3 2.3 2.2 2.2 28/10/1996
2.3 1.6 1.5 1.6 1.5 1.5 0.6 0.6 0.6 0.6 0.6 0.6 2.3 2.3 1.5 1.5 1.5 1.5 0.6 0.6 0.6 0.6 0.7 2.4 2.3 2.3 2.3 2.3 29/10/1996
2.0 1.4 1.4 1.4 1.4 1.4 1.2 1.1 1.1 1.0 0.8 0.8 1.9 1.9 1.3 1.3 1.3 1.3 1.2 1.2 1.1 0.9 0.9 2.3 1.9 1.9 1.9 1.9 30/10/1996
1.2 0.8 0.8 0.8 0.8 0.8 1.1 1.1 1.0 1.0 1.0 1.0 1.2 1.2 0.8 0.8 0.8 0.8 1.1 1.1 1.1 1.1 1.2 1.4 1.2 1.2 1.1 1.1 31/10/1996
1.1 0.9 0.8 0.8 0.8 0.8 0.9 0.9 0.8 0.7 0.6 0.6 1.1 1.1 0.8 0.8 0.8 0.8 1.0 0.9 0.9 0.7 0.8 1.0 1.1 1.1 1.1 1.1 01/11/1996
1.2 1.0 1.0 1.0 1.0 1.0 1.3 1.2 1.1 1.1 0.8 0.8 1.1 1.1 1.0 1.0 1.0 1.0 1.4 1.3 1.2 0.9 1.0 1.2 1.1 1.1 1.1 1.1 02/11/1996
1.0 0.8 0.8 0.8 0.8 0.8 0.8 0.8 0.7 0.7 0.4 0.4 0.9 0.9 0.8 0.8 0.8 0.8 0.8 0.8 0.8 0.5 0.5 1.1 0.9 0.9 0.9 0.9 03/11/1996
0.8 0.9 0.9 0.9 0.9 0.9 0.8 0.8 0.8 0.7 0.8 0.8 0.8 0.8 0.8 0.8 0.8 0.8 0.9 0.8 0.8 0.9 0.9 0.9 0.8 0.8 0.8 0.8 04/11/1996
2.9 2.0 2.0 2.0 2.0 1.9 1.1 1.1 1.1 1.1 0.6 0.6 2.8 2.8 1.9 1.9 1.9 1.9 1.1 1.1 1.1 0.7 0.7 2.9 2.9 2.9 2.8 2.8 05/11/1996
1.1 1.2 1.2 1.2 1.2 1.2 0.6 0.6 0.6 0.5 0.2 0.2 1.0 1.0 1.2 1.2 1.2 1.2 0.6 0.6 0.6 0.3 0.3 1.2 1.0 1.0 1.0 1.0 06/11/1996
2.3 1.9 1.9 1.9 1.9 1.9 1.1 1.0 0.9 0.8 1.1 1.1 2.4 2.4 1.9 1.9 1.9 1.9 1.2 1.0 1.0 1.2 1.2 2.5 2.3 2.3 2.4 2.4 07/11/1996
1.2 0.9 0.9 0.9 0.9 0.9 0.9 0.8 0.8 0.7 0.5 0.5 1.2 1.2 0.8 0.8 0.8 0.8 1.0 0.9 0.8 0.6 0.6 1.1 1.2 1.2 1.2 1.2 08/11/1996
0.9 0.6 0.6 0.6 0.6 0.6 0.8 0.7 0.7 0.6 0.4 0.3 0.9 0.9 0.6 0.6 0.6 0.6 0.8 0.8 0.7 0.5 0.5 1.2 0.9 0.9 0.9 0.9 09/11/1996
0.9 0.5 0.5 0.5 0.5 0.5 0.2 0.2 0.2 0.2 0.2 0.1 0.8 0.8 0.5 0.5 0.5 0.5 0.2 0.2 0.2 0.2 0.2 1.0 0.8 0.8 0.8 0.8 10/11/1996
0.5 0.2 0.3 0.2 0.2 0.3 0.4 0.4 0.3 0.3 0.5 0.5 0.5 0.5 0.3 0.3 0.3 0.3 0.5 0.4 0.4 0.6 0.6 0.5 0.5 0.5 0.5 0.5 11/11/1996
0.3 0.4 0.4 0.4 0.4 0.4 0.5 0.5 0.4 0.4 0.2 0.2 0.3 0.3 0.3 0.4 0.4 0.3 0.5 0.5 0.5 0.2 0.2 0.3 0.3 0.3 0.2 0.2 12/11/1996
1.2 1.0 1.0 1.0 1.0 1.0 0.5 0.5 0.4 0.4 0.2 0.2 1.1 1.1 1.0 1.0 1.0 1.0 0.5 0.5 0.5 0.3 0.3 1.1 1.2 1.2 1.1 1.1 13/11/1996
0.8 0.9 0.8 0.9 0.9 0.8 0.5 0.4 0.3 0.3 0.4 0.3 0.8 0.8 0.8 0.8 0.8 0.8 0.5 0.5 0.4 0.4 0.5 0.9 0.8 0.8 0.8 0.8 14/11/1996
1.1 0.8 0.8 0.8 0.8 0.8 0.7 0.7 0.6 0.6 0.6 0.6 1.0 1.0 0.8 0.8 0.8 0.8 0.7 0.7 0.7 0.6 0.6 1.0 1.1 1.1 1.0 1.0 15/11/1996
0.7 0.5 0.5 0.5 0.5 0.5 0.7 0.6 0.6 0.6 0.5 0.5 0.6 0.6 0.5 0.5 0.5 0.5 0.7 0.7 0.7 0.5 0.6 0.6 0.7 0.7 0.6 0.6 16/11/1996
0.5 0.5 0.5 0.5 0.5 0.5 0.5 0.5 0.5 0.5 0.5 0.5 0.4 0.4 0.5 0.5 0.5 0.5 0.5 0.5 0.5 0.5 0.5 0.4 0.5 0.5 0.4 0.4 17/11/1996
1.4 0.6 0.6 0.6 0.6 0.6 0.2 0.2 0.2 0.2 0.2 0.2 1.4 1.4 0.6 0.6 0.6 0.6 0.2 0.2 0.2 0.2 0.2 1.4 1.4 1.4 1.4 1.4 18/11/1996
0.7 0.8 0.8 0.8 0.8 0.8 0.5 0.5 0.5 0.5 0.5 0.5 0.8 0.8 0.8 0.8 0.8 0.8 0.5 0.5 0.5 0.5 0.6 1.2 0.7 0.7 0.8 0.8 19/11/1996
0.9 0.8 0.8 0.8 0.8 0.8 0.2 0.2 0.2 0.2 0.1 0.1 0.9 0.9 0.8 0.8 0.8 0.8 0.3 0.2 0.2 0.1 0.2 1.0 0.9 0.9 0.9 0.9 20/11/1996
0.9 0.8 0.8 0.8 0.8 0.8 0.7 0.6 0.5 0.5 0.5 0.5 0.9 0.9 0.8 0.8 0.8 0.8 0.8 0.7 0.6 0.5 0.6 1.0 0.9 0.9 0.9 0.9 21/11/1996
0.6 0.5 0.5 0.5 0.5 0.5 0.3 0.3 0.2 0.2 0.3 0.3 0.6 0.6 0.5 0.5 0.5 0.5 0.4 0.3 0.3 0.3 0.3 0.6 0.6 0.6 0.7 0.7 22/11/1996
1.1 0.8 0.8 0.8 0.8 0.8 0.2 0.2 0.2 0.2 0.2 0.2 1.0 1.0 0.8 0.8 0.8 0.8 0.2 0.2 0.2 0.2 0.2 1.2 1.1 1.1 1.0 1.0 23/11/1996
1.7 1.0 1.0 1.0 1.0 1.0 0.3 0.3 0.3 0.3 0.2 0.2 1.7 1.7 1.0 1.0 1.0 1.0 0.3 0.3 0.3 0.3 0.3 1.8 1.7 1.7 1.7 1.7 24/11/1996
0.1 0.2 0.2 0.2 0.2 0.2 0.3 0.3 0.3 0.3 0.3 0.3 0.1 0.1 0.2 0.2 0.2 0.2 0.3 0.3 0.3 0.3 0.3 0.3 0.1 0.1 0.1 0.1 25/11/1996
1.1 0.9 0.9 0.9 0.9 0.9 0.4 0.4 0.4 0.3 0.3 0.3 1.1 1.1 0.9 0.9 0.9 0.9 0.5 0.4 0.4 0.4 0.4 1.0 1.1 1.1 1.1 1.1 26/11/1996
0.3 0.3 0.3 0.3 0.3 0.3 0.3 0.3 0.2 0.2 0.2 0.2 0.3 0.3 0.3 0.3 0.3 0.3 0.4 0.3 0.3 0.2 0.3 0.3 0.3 0.3 0.3 0.3 27/11/1996
0.8 0.6 0.6 0.6 0.6 0.6 0.4 0.4 0.4 0.4 0.2 0.2 0.7 0.7 0.5 0.5 0.5 0.5 0.5 0.4 0.4 0.3 0.3 0.8 0.7 0.7 0.7 0.7 28/11/1996
0.1 0.5 0.5 0.5 0.5 0.5 0.3 0.3 0.3 0.3 0.2 0.2 0.1 0.1 0.5 0.5 0.5 0.5 0.3 0.3 0.3 0.2 0.2 0.2 0.1 0.1 0.1 0.1 29/11/1996
1.8 1.4 1.4 1.4 1.4 1.4 0.6 0.5 0.5 0.5 0.3 0.3 1.7 1.7 1.4 1.4 1.4 1.4 0.7 0.6 0.6 0.3 0.3 1.7 1.8 1.8 1.7 1.7 30/11/1996
0.6 0.5 0.5 0.5 0.5 0.5 0.3 0.3 0.3 0.3 0.2 0.2 0.7 0.7 0.5 0.5 0.5 0.5 0.3 0.3 0.3 0.2 0.2 0.5 0.6 0.6 0.7 0.7 01/12/1996
1.5 1.5 1.4 1.5 1.5 1.4 1.0 1.0 0.9 0.9 0.6 0.6 1.5 1.5 1.4 1.4 1.4 1.4 1.1 1.0 1.0 0.7 0.7 1.5 1.5 1.5 1.5 1.5 02/12/1996
0.7 0.5 0.5 0.5 0.5 0.5 0.1 0.1 0.1 0.1 0.1 0.1 0.7 0.7 0.4 0.5 0.5 0.5 0.2 0.1 0.1 0.1 0.1 0.7 0.7 0.7 0.7 0.7 03/12/1996
0.8 0.7 0.7 0.7 0.7 0.7 0.3 0.3 0.2 0.2 0.1 0.1 0.8 0.8 0.7 0.7 0.7 0.7 0.3 0.3 0.3 0.1 0.1 0.9 0.8 0.8 0.8 0.8 04/12/1996
0.4 0.4 0.3 0.4 0.4 0.3 0.3 0.3 0.3 0.3 0.1 0.1 0.4 0.4 0.3 0.3 0.3 0.3 0.3 0.3 0.3 0.1 0.1 0.4 0.4 0.4 0.4 0.4 05/12/1996
0.2 0.1 0.1 0.1 0.1 0.1 0.4 0.4 0.3 0.3 0.3 0.3 0.2 0.2 0.1 0.1 0.1 0.1 0.4 0.4 0.4 0.3 0.4 0.2 0.2 0.2 0.2 0.3 06/12/1996
0.3 0.2 0.2 0.2 0.2 0.2 0.5 0.5 0.4 0.4 0.3 0.3 0.2 0.2 0.2 0.2 0.2 0.2 0.5 0.5 0.5 0.4 0.5 0.3 0.2 0.2 0.2 0.2 07/12/1996
0.1 0.1 0.1 0.1 0.1 0.1 0.2 0.2 0.2 0.2 0.2 0.2 0.1 0.1 0.1 0.1 0.1 0.1 0.2 0.2 0.2 0.2 0.3 0.1 0.1 0.1 0.1 0.1 08/12/1996
0.1 0.1 0.1 0.1 0.1 0.2 0.2 0.2 0.2 0.2 0.4 0.4 0.1 0.1 0.2 0.2 0.2 0.2 0.2 0.2 0.2 0.4 0.4 0.2 0.1 0.1 0.2 0.2 09/12/1996
0.1 0.1 0.2 0.2 0.2 0.2 0.4 0.4 0.4 0.4 0.6 0.6 0.2 0.2 0.2 0.2 0.2 0.2 0.5 0.4 0.4 0.6 0.7 0.1 0.1 0.1 0.2 0.2 10/12/1996
0.1 0.1 0.2 0.1 0.1 0.2 0.5 0.5 0.6 0.6 0.6 0.6 0.1 0.1 0.2 0.2 0.2 0.2 0.5 0.5 0.5 0.6 0.6 0.1 0.1 0.1 0.1 0.1 11/12/1996
0.3 0.4 0.4 0.4 0.4 0.4 0.5 0.5 0.4 0.4 0.5 0.4 0.3 0.3 0.4 0.4 0.4 0.4 0.5 0.5 0.5 0.5 0.5 0.2 0.3 0.3 0.3 0.3 12/12/1996
0.2 0.2 0.2 0.2 0.2 0.2 0.2 0.2 0.2 0.2 0.2 0.2 0.2 0.2 0.2 0.2 0.2 0.2 0.2 0.2 0.2 0.2 0.2 0.2 0.2 0.2 0.2 0.2 13/12/1996
1.1 0.8 0.8 0.8 0.8 0.8 0.5 0.5 0.5 0.5 0.5 0.5 1.1 1.1 0.8 0.8 0.8 0.8 0.5 0.5 0.5 0.6 0.6 0.9 1.1 1.1 1.1 1.1 14/12/1996
0.5 0.2 0.2 0.2 0.2 0.2 0.1 0.1 0.1 0.1 0.1 0.1 0.5 0.5 0.2 0.2 0.2 0.2 0.1 0.1 0.1 0.1 0.1 0.7 0.5 0.5 0.5 0.5 15/12/1996
0.7 0.5 0.5 0.5 0.5 0.5 0.6 0.5 0.5 0.5 0.3 0.2 0.6 0.6 0.4 0.4 0.4 0.4 0.6 0.6 0.5 0.3 0.4 0.8 0.7 0.7 0.6 0.6 16/12/1996
0.4 0.6 0.6 0.6 0.6 0.6 0.4 0.4 0.4 0.4 0.3 0.3 0.4 0.4 0.6 0.6 0.6 0.6 0.4 0.4 0.4 0.3 0.3 0.4 0.4 0.4 0.4 0.4 17/12/1996
0.8 0.7 0.7 0.7 0.7 0.7 0.4 0.4 0.4 0.3 0.4 0.4 0.8 0.8 0.7 0.7 0.7 0.7 0.4 0.4 0.4 0.4 0.4 0.7 0.8 0.8 0.8 0.8 18/12/1996
0.3 0.3 0.3 0.3 0.3 0.3 0.3 0.3 0.3 0.3 0.3 0.3 0.3 0.3 0.3 0.3 0.3 0.3 0.4 0.3 0.3 0.3 0.3 0.3 0.3 0.3 0.3 0.3 19/12/1996
0.2 0.4 0.3 0.3 0.3 0.3 0.3 0.3 0.3 0.3 0.3 0.3 0.2 0.2 0.3 0.3 0.3 0.3 0.3 0.3 0.3 0.3 0.3 0.2 0.2 0.2 0.2 0.1 20/12/1996
0.3 0.4 0.4 0.4 0.4 0.4 0.6 0.6 0.5 0.5 0.4 0.4 0.3 0.3 0.4 0.4 0.4 0.4 0.7 0.6 0.6 0.5 0.5 0.2 0.3 0.3 0.3 0.3 21/12/1996
0.6 0.6 0.6 0.6 0.6 0.6 0.7 0.7 0.6 0.6 0.6 0.6 0.6 0.6 0.6 0.6 0.6 0.6 0.7 0.7 0.7 0.7 0.7 0.5 0.6 0.6 0.6 0.6 22/12/1996
0.6 0.6 0.6 0.6 0.6 0.6 0.5 0.4 0.4 0.4 0.2 0.2 0.6 0.6 0.6 0.6 0.6 0.6 0.5 0.4 0.4 0.3 0.3 0.5 0.6 0.6 0.5 0.5 23/12/1996
0.9 0.8 0.8 0.8 0.8 0.8 0.9 0.9 0.9 0.8 0.6 0.6 0.9 0.9 0.8 0.8 0.8 0.8 0.9 0.9 0.9 0.7 0.7 0.9 0.9 0.9 0.9 0.9 24/12/1996
1.6 1.1 1.1 1.1 1.1 1.1 1.0 1.1 1.1 1.1 0.9 0.9 1.6 1.6 1.0 1.0 1.0 1.0 1.0 1.0 1.0 0.9 0.9 1.4 1.6 1.6 1.6 1.5 25/12/1996
1.0 0.8 0.8 0.8 0.8 0.8 0.7 0.7 0.7 0.7 0.7 0.7 1.0 1.0 0.8 0.8 0.8 0.8 0.8 0.7 0.7 0.8 0.8 1.0 1.0 1.0 1.0 1.0 26/12/1996
0.6 0.6 0.6 0.6 0.6 0.6 0.8 0.8 0.8 0.8 0.8 0.8 0.6 0.6 0.6 0.6 0.6 0.6 0.8 0.8 0.8 0.8 0.8 0.6 0.6 0.6 0.6 0.6 27/12/1996
0.7 0.4 0.4 0.4 0.4 0.4 0.8 0.8 0.8 0.7 0.6 0.6 0.7 0.7 0.4 0.4 0.4 0.4 0.8 0.8 0.8 0.7 0.7 0.6 0.7 0.7 0.7 0.6 28/12/1996
1.2 0.7 0.7 0.7 0.7 0.7 0.5 0.5 0.5 0.5 0.4 0.4 1.2 1.2 0.7 0.7 0.7 0.7 0.5 0.5 0.5 0.5 0.5 1.3 1.2 1.2 1.2 1.2 29/12/1996
0.6 0.7 0.7 0.7 0.7 0.7 0.3 0.3 0.3 0.3 0.4 0.4 0.6 0.6 0.6 0.7 0.7 0.6 0.3 0.3 0.3 0.3 0.3 0.5 0.6 0.6 0.6 0.6 30/12/1996
0.5 0.3 0.3 0.3 0.3 0.3 0.3 0.3 0.2 0.2 0.3 0.3 0.5 0.5 0.3 0.3 0.3 0.3 0.3 0.3 0.3 0.3 0.3 0.5 0.5 0.5 0.5 0.4 31/12/1996
0.4 0.3 0.3 0.3 0.3 0.3 0.4 0.4 0.4 0.4 0.2 0.2 0.4 0.4 0.3 0.3 0.3 0.3 0.4 0.4 0.4 0.2 0.2 0.4 0.4 0.4 0.4 0.4 01/01/1997
0.4 0.3 0.3 0.3 0.3 0.3 0.3 0.3 0.2 0.2 0.4 0.4 0.4 0.4 0.3 0.3 0.3 0.3 0.4 0.3 0.3 0.4 0.5 0.4 0.4 0.4 0.4 0.4 02/01/1997
0.3 0.4 0.4 0.4 0.4 0.4 0.4 0.4 0.4 0.3 0.3 0.3 0.4 0.4 0.4 0.4 0.4 0.4 0.4 0.4 0.4 0.3 0.3 0.4 0.3 0.3 0.4 0.4 03/01/1997
0.3 0.3 0.3 0.3 0.3 0.3 0.4 0.4 0.4 0.4 0.3 0.3 0.3 0.3 0.2 0.2 0.2 0.2 0.5 0.4 0.4 0.4 0.4 0.4 0.3 0.3 0.2 0.2 04/01/1997
0.3 0.3 0.3 0.3 0.3 0.3 0.3 0.3 0.3 0.3 0.2 0.2 0.3 0.3 0.3 0.3 0.3 0.3 0.3 0.3 0.3 0.2 0.2 0.3 0.3 0.3 0.3 0.3 05/01/1997
0.5 0.5 0.5 0.5 0.5 0.5 0.2 0.2 0.1 0.1 0.3 0.2 0.5 0.5 0.5 0.5 0.5 0.5 0.2 0.2 0.2 0.3 0.3 0.5 0.5 0.5 0.5 0.5 06/01/1997
0.3 0.3 0.3 0.3 0.3 0.3 0.3 0.3 0.2 0.2 0.3 0.3 0.3 0.3 0.3 0.3 0.3 0.3 0.3 0.3 0.3 0.3 0.3 0.3 0.3 0.3 0.3 0.3 07/01/1997
0.5 0.5 0.5 0.5 0.5 0.5 0.6 0.6 0.5 0.5 0.4 0.4 0.5 0.5 0.4 0.4 0.4 0.4 0.6 0.6 0.6 0.4 0.4 0.5 0.5 0.5 0.5 0.5 08/01/1997
0.1 0.1 0.1 0.1 0.1 0.1 0.2 0.2 0.2 0.2 0.3 0.3 0.1 0.1 0.1 0.1 0.1 0.1 0.2 0.2 0.2 0.3 0.3 0.1 0.1 0.1 0.1 0.1 09/01/1997
0.3 0.3 0.3 0.3 0.3 0.3 0.2 0.2 0.2 0.2 0.3 0.3 0.3 0.3 0.3 0.3 0.3 0.3 0.2 0.2 0.2 0.3 0.4 0.4 0.3 0.3 0.3 0.3 10/01/1997
0.1 0.2 0.2 0.2 0.2 0.2 0.2 0.2 0.1 0.1 0.2 0.2 0.1 0.1 0.2 0.2 0.2 0.2 0.3 0.2 0.2 0.2 0.2 0.1 0.1 0.1 0.1 0.1 11/01/1997
0.5 0.4 0.4 0.4 0.4 0.4 0.6 0.6 0.5 0.5 0.4 0.4 0.5 0.5 0.4 0.4 0.4 0.4 0.6 0.6 0.6 0.4 0.5 0.5 0.5 0.5 0.5 0.5 12/01/1997
1.9 1.3 1.3 1.3 1.3 1.3 0.8 0.8 0.9 0.9 0.7 0.7 2.0 2.0 1.4 1.4 1.4 1.4 0.8 0.8 0.8 0.7 0.7 1.8 1.9 1.9 2.0 2.0 13/01/1997
1.4 0.9 0.9 0.9 0.9 0.9 1.1 1.1 1.2 1.3 0.9 0.9 1.3 1.3 0.9 0.9 0.9 0.9 1.0 1.1 1.1 0.8 0.8 1.4 1.4 1.4 1.3 1.3 14/01/1997
1.2 1.2 1.2 1.2 1.2 1.2 0.8 0.8 0.8 0.9 0.8 0.8 1.2 1.2 1.2 1.2 1.2 1.2 0.7 0.8 0.8 0.7 0.7 1.3 1.2 1.2 1.2 1.2 15/01/1997
1.3 1.1 1.1 1.1 1.1 1.1 0.9 0.9 0.9 0.9 0.7 0.7 1.2 1.2 1.1 1.1 1.1 1.1 0.9 0.9 0.9 0.7 0.7 1.2 1.2 1.2 1.2 1.2 16/01/1997
0.5 0.8 0.8 0.8 0.8 0.8 0.8 0.8 0.8 0.9 0.9 0.8 0.5 0.5 0.8 0.8 0.8 0.8 0.8 0.8 0.8 0.9 0.9 0.7 0.5 0.5 0.5 0.5 17/01/1997
0.4 0.5 0.5 0.5 0.5 0.5 0.4 0.4 0.4 0.4 0.3 0.3 0.5 0.5 0.5 0.5 0.5 0.5 0.4 0.4 0.4 0.3 0.3 0.4 0.5 0.5 0.5 0.5 18/01/1997
0.3 0.5 0.4 0.5 0.5 0.4 0.4 0.3 0.3 0.2 0.3 0.3 0.3 0.3 0.4 0.4 0.4 0.4 0.4 0.4 0.4 0.3 0.3 0.3 0.3 0.3 0.3 0.3 19/01/1997
0.5 0.3 0.3 0.3 0.3 0.3 0.3 0.2 0.2 0.1 0.2 0.2 0.5 0.5 0.3 0.3 0.3 0.3 0.3 0.3 0.2 0.3 0.3 0.7 0.5 0.5 0.5 0.4 20/01/1997
1.0 0.8 0.8 0.8 0.8 0.8 0.8 0.8 0.8 0.8 0.7 0.7 1.1 1.1 0.9 0.9 0.9 0.9 0.8 0.8 0.8 0.8 0.8 1.1 1.0 1.0 1.1 1.1 21/01/1997
0.6 0.6 0.5 0.6 0.6 0.5 0.8 0.7 0.7 0.6 0.6 0.6 0.5 0.5 0.5 0.5 0.5 0.5 0.8 0.8 0.7 0.7 0.7 0.7 0.5 0.5 0.5 0.5 22/01/1997
0.3 0.3 0.3 0.3 0.3 0.3 0.3 0.3 0.3 0.2 0.2 0.2 0.3 0.3 0.3 0.3 0.3 0.3 0.3 0.3 0.3 0.3 0.3 0.2 0.3 0.3 0.2 0.2 23/01/1997
0.3 0.4 0.4 0.4 0.4 0.4 0.3 0.3 0.3 0.3 0.2 0.2 0.3 0.3 0.4 0.4 0.4 0.4 0.4 0.3 0.3 0.3 0.3 0.2 0.3 0.3 0.3 0.3 24/01/1997
0.5 0.9 0.9 0.9 0.9 0.9 1.2 1.2 1.2 1.2 0.9 0.9 0.4 0.4 0.9 0.9 0.9 0.9 1.3 1.2 1.2 0.9 0.9 0.4 0.4 0.4 0.4 0.4 25/01/1997
0.9 0.4 0.4 0.4 0.4 0.4 0.4 0.3 0.3 0.3 0.4 0.4 0.8 0.8 0.4 0.4 0.4 0.4 0.4 0.4 0.4 0.5 0.5 1.0 0.9 0.9 0.8 0.8 26/01/1997
0.4 0.3 0.3 0.3 0.3 0.3 0.6 0.5 0.5 0.4 0.4 0.4 0.4 0.4 0.3 0.3 0.3 0.3 0.6 0.6 0.5 0.5 0.5 0.5 0.4 0.4 0.4 0.4 27/01/1997
0.4 0.3 0.3 0.3 0.3 0.3 0.6 0.5 0.5 0.5 0.5 0.5 0.3 0.3 0.3 0.3 0.3 0.3 0.6 0.6 0.5 0.6 0.6 0.4 0.4 0.4 0.3 0.3 28/01/1997
0.4 0.4 0.4 0.4 0.4 0.4 0.8 0.8 0.7 0.7 0.7 0.7 0.4 0.4 0.4 0.4 0.4 0.4 0.9 0.8 0.8 0.8 0.9 0.5 0.4 0.4 0.4 0.4 29/01/1997
0.6 0.5 0.5 0.5 0.5 0.5 0.7 0.6 0.6 0.5 0.3 0.3 0.5 0.5 0.5 0.5 0.5 0.5 0.7 0.7 0.6 0.4 0.5 0.5 0.6 0.6 0.5 0.5 30/01/1997
0.6 0.6 0.6 0.6 0.6 0.6 0.7 0.6 0.6 0.6 0.4 0.4 0.6 0.6 0.6 0.6 0.6 0.6 0.8 0.7 0.7 0.5 0.6 0.6 0.6 0.6 0.6 0.6 31/01/1997
0.5 0.3 0.3 0.3 0.3 0.3 0.9 0.8 0.7 0.7 0.5 0.5 0.4 0.4 0.2 0.2 0.2 0.2 0.9 0.9 0.8 0.6 0.7 0.6 0.4 0.4 0.4 0.4 01/02/1997
0.4 0.3 0.3 0.3 0.3 0.3 0.3 0.3 0.3 0.2 0.2 0.2 0.3 0.3 0.3 0.3 0.3 0.3 0.3 0.3 0.3 0.2 0.3 0.4 0.3 0.3 0.3 0.3 02/02/1997
0.4 0.5 0.4 0.5 0.5 0.4 0.4 0.3 0.3 0.2 0.2 0.2 0.4 0.4 0.4 0.4 0.4 0.4 0.4 0.4 0.3 0.2 0.2 0.5 0.4 0.4 0.4 0.4 03/02/1997
0.3 0.2 0.2 0.2 0.2 0.2 0.2 0.2 0.3 0.3 0.3 0.3 0.3 0.3 0.3 0.2 0.2 0.3 0.2 0.2 0.2 0.2 0.2 0.2 0.3 0.3 0.3 0.3 04/02/1997
0.4 0.5 0.5 0.5 0.5 0.5 0.5 0.5 0.5 0.4 0.5 0.5 0.4 0.4 0.5 0.5 0.5 0.5 0.6 0.5 0.5 0.6 0.6 0.4 0.4 0.4 0.4 0.4 05/02/1997
1.4 1.2 1.2 1.2 1.2 1.2 0.5 0.4 0.4 0.3 0.2 0.2 1.4 1.4 1.2 1.2 1.2 1.2 0.5 0.4 0.4 0.3 0.3 1.3 1.4 1.4 1.4 1.4 06/02/1997
1.2 1.2 1.1 1.2 1.2 1.1 0.7 0.7 0.7 0.6 0.4 0.4 1.2 1.2 1.1 1.1 1.1 1.1 0.8 0.7 0.7 0.5 0.5 1.1 1.2 1.2 1.2 1.2 07/02/1997
0.5 0.4 0.4 0.4 0.4 0.4 0.5 0.5 0.4 0.4 0.4 0.4 0.4 0.4 0.3 0.3 0.3 0.3 0.5 0.5 0.5 0.4 0.4 0.5 0.4 0.4 0.4 0.4 08/02/1997
1.3 1.1 1.1 1.1 1.1 1.1 1.0 0.9 0.8 0.8 0.4 0.4 1.2 1.2 1.1 1.1 1.1 1.1 1.1 1.0 0.9 0.5 0.6 1.2 1.3 1.3 1.2 1.2 09/02/1997
1.0 1.4 1.4 1.4 1.4 1.4 1.0 0.9 0.8 0.7 0.6 0.6 0.9 0.9 1.4 1.4 1.4 1.4 1.0 1.0 0.9 0.5 0.5 0.9 1.0 1.0 0.9 0.9 10/02/1997
1.0 0.9 0.9 0.9 0.9 0.9 0.9 0.9 0.8 0.8 0.7 0.7 1.0 1.0 0.9 0.9 0.9 0.9 0.9 0.9 0.9 0.7 0.7 1.0 1.0 1.0 1.0 1.0 11/02/1997
0.8 0.8 0.7 0.7 0.7 0.7 0.6 0.5 0.4 0.4 0.3 0.3 0.8 0.8 0.7 0.7 0.7 0.7 0.6 0.5 0.5 0.4 0.4 1.0 0.8 0.8 0.8 0.8 12/02/1997
1.5 1.4 1.4 1.4 1.4 1.4 0.9 0.9 0.8 0.8 0.9 0.9 1.5 1.5 1.4 1.4 1.4 1.4 1.0 0.9 0.9 0.9 1.0 1.6 1.5 1.5 1.5 1.4 13/02/1997
0.4 0.5 0.5 0.5 0.5 0.5 0.5 0.4 0.4 0.4 0.5 0.5 0.3 0.3 0.4 0.4 0.4 0.4 0.5 0.5 0.5 0.5 0.5 0.3 0.4 0.4 0.3 0.3 14/02/1997
1.0 0.9 0.9 0.9 0.9 0.9 1.1 1.0 1.0 0.9 1.0 1.0 1.0 1.0 0.9 0.9 0.9 0.9 1.1 1.1 1.0 1.1 1.1 0.9 1.0 1.0 1.0 0.9 15/02/1997
1.1 0.8 0.8 0.8 0.8 0.8 0.7 0.7 0.6 0.6 0.6 0.6 1.1 1.1 0.8 0.8 0.8 0.8 0.7 0.7 0.7 0.7 0.7 1.1 1.1 1.1 1.1 1.1 16/02/1997
0.5 0.6 0.6 0.6 0.6 0.6 0.7 0.7 0.7 0.7 0.6 0.6 0.5 0.5 0.6 0.6 0.6 0.6 0.8 0.7 0.7 0.6 0.6 0.6 0.5 0.5 0.5 0.4 17/02/1997
1.1 1.1 1.1 1.1 1.1 1.1 0.8 0.8 0.8 0.8 0.8 0.8 1.1 1.1 1.1 1.1 1.1 1.1 0.9 0.8 0.8 0.9 0.9 1.1 1.1 1.1 1.1 1.1 18/02/1997
1.1 1.2 1.3 1.2 1.3 1.3 1.0 1.0 0.9 0.9 0.7 0.7 1.1 1.1 1.3 1.3 1.3 1.3 1.0 1.0 1.0 0.8 0.8 1.2 1.1 1.1 1.1 1.1 19/02/1997
1.5 1.7 1.7 1.7 1.7 1.7 1.3 1.3 1.3 1.3 1.2 1.2 1.5 1.5 1.7 1.7 1.7 1.7 1.4 1.3 1.3 1.2 1.2 1.4 1.5 1.5 1.5 1.5 20/02/1997
1.1 1.0 1.0 1.0 1.0 1.0 1.3 1.3 1.2 1.2 1.1 1.1 1.1 1.1 1.0 1.0 1.0 1.0 1.4 1.3 1.3 1.2 1.3 1.1 1.1 1.1 1.1 1.1 21/02/1997
1.7 1.4 1.3 1.4 1.4 1.3 1.7 1.7 1.6 1.5 1.3 1.3 1.6 1.6 1.3 1.3 1.3 1.3 1.8 1.7 1.7 1.4 1.5 1.6 1.7 1.7 1.6 1.6 22/02/1997
1.2 0.9 0.8 0.9 0.9 0.8 1.1 1.0 1.0 0.9 0.9 0.9 1.1 1.1 0.8 0.8 0.8 0.8 1.1 1.1 1.0 1.0 1.1 1.1 1.1 1.1 1.1 1.1 23/02/1997
2.0 1.7 1.7 1.7 1.7 1.7 1.2 1.2 1.1 1.1 1.0 1.0 1.9 1.9 1.7 1.7 1.7 1.7 1.2 1.2 1.2 1.0 1.0 2.0 1.9 1.9 1.9 1.9 24/02/1997
1.5 1.5 1.4 1.5 1.5 1.4 1.5 1.5 1.5 1.4 1.1 1.1 1.5 1.5 1.4 1.4 1.4 1.4 1.5 1.5 1.5 1.2 1.2 1.5 1.5 1.5 1.5 1.5 25/02/1997
1.3 2.2 2.2 2.2 2.2 2.2 1.8 1.7 1.7 1.6 1.2 1.2 1.3 1.3 2.2 2.2 2.2 2.2 1.8 1.8 1.7 1.3 1.3 1.3 1.3 1.3 1.3 1.3 26/02/1997
1.0 1.1 1.1 1.1 1.1 1.1 1.1 1.0 0.9 0.9 0.8 0.8 1.0 1.0 1.1 1.1 1.1 1.1 1.1 1.1 1.0 0.9 0.9 1.0 1.0 1.0 1.0 1.0 27/02/1997
2.4 2.4 2.4 2.4 2.4 2.4 1.3 1.2 1.2 1.1 1.2 1.2 2.4 2.4 2.4 2.4 2.4 2.4 1.3 1.3 1.2 1.2 1.2 2.0 2.4 2.4 2.4 2.4 28/02/1997
1.3 1.2 1.2 1.2 1.2 1.2 1.7 1.6 1.6 1.6 1.3 1.3 1.2 1.2 1.2 1.2 1.2 1.2 1.8 1.7 1.7 1.5 1.5 1.3 1.2 1.2 1.2 1.2 01/03/1997
1.0 1.2 1.2 1.2 1.2 1.2 1.4 1.3 1.2 1.2 1.0 1.0 1.0 1.0 1.2 1.2 1.2 1.2 1.4 1.4 1.3 1.1 1.1 0.8 1.0 1.0 1.0 1.0 02/03/1997
0.5 0.5 0.5 0.5 0.5 0.5 1.1 1.0 1.0 0.9 1.1 1.0 0.5 0.5 0.5 0.5 0.5 0.5 1.1 1.1 1.0 1.1 1.1 0.5 0.5 0.5 0.5 0.5 03/03/1997
1.0 1.1 1.1 1.1 1.1 1.1 0.8 0.7 0.6 0.6 0.4 0.3 1.0 1.0 1.0 1.1 1.1 1.0 0.9 0.8 0.8 0.5 0.5 1.0 1.0 1.0 1.0 1.0 04/03/1997
1.2 1.0 1.0 1.0 1.0 1.0 0.9 0.9 0.8 0.8 0.9 0.9 1.2 1.2 1.0 1.0 1.0 1.0 0.9 0.9 0.9 0.9 1.0 1.2 1.2 1.2 1.2 1.2 05/03/1997
0.6 0.7 0.7 0.7 0.7 0.7 0.8 0.8 0.7 0.7 0.5 0.5 0.6 0.6 0.7 0.7 0.7 0.7 0.9 0.8 0.8 0.6 0.6 0.8 0.6 0.6 0.6 0.6 06/03/1997
1.4 1.1 1.1 1.1 1.1 1.1 1.9 1.8 1.7 1.7 1.8 1.7 1.4 1.4 1.0 1.0 1.0 1.0 2.0 1.9 1.8 1.9 1.9 1.5 1.4 1.4 1.3 1.3 07/03/1997
1.7 1.1 1.1 1.1 1.1 1.1 2.0 1.9 1.9 1.8 1.6 1.6 1.6 1.6 1.1 1.1 1.1 1.1 2.0 2.0 1.9 1.7 1.8 1.5 1.7 1.7 1.6 1.6 08/03/1997
1.8 2.1 2.0 2.1 2.1 2.0 2.6 2.6 2.6 2.5 2.4 2.3 1.8 1.8 2.0 2.0 2.0 2.0 2.6 2.6 2.6 2.4 2.5 1.6 1.8 1.8 1.8 1.7 09/03/1997
2.2 2.2 2.2 2.2 2.2 2.2 2.4 2.4 2.4 2.4 2.2 2.2 2.2 2.2 2.2 2.2 2.2 2.2 2.4 2.4 2.4 2.3 2.3 2.2 2.2 2.2 2.2 2.2 10/03/1997
3.5 2.6 2.6 2.6 2.6 2.6 2.8 2.8 2.8 2.8 2.5 2.5 3.5 3.5 2.7 2.6 2.6 2.7 2.8 2.8 2.8 2.5 2.6 3.0 3.5 3.5 3.5 3.5 11/03/1997
1.9 2.2 2.2 2.2 2.2 2.2 2.5 2.4 2.4 2.3 2.1 2.1 1.9 1.9 2.2 2.2 2.2 2.2 2.5 2.4 2.4 2.2 2.2 2.0 1.9 1.9 1.9 1.9 12/03/1997
0.8 0.9 0.9 0.9 0.9 0.9 1.3 1.2 1.1 1.0 1.4 1.4 0.8 0.8 0.8 0.8 0.8 0.8 1.4 1.3 1.2 1.6 1.6 1.0 0.8 0.8 0.8 0.8 13/03/1997
0.9 1.2 1.2 1.2 1.2 1.2 0.8 0.7 0.7 0.6 0.7 0.7 0.9 0.9 1.2 1.2 1.2 1.2 0.8 0.8 0.8 0.8 0.8 1.0 0.9 0.9 0.9 0.9 14/03/1997
0.5 0.7 0.7 0.7 0.7 0.7 0.6 0.6 0.5 0.5 0.4 0.4 0.5 0.5 0.7 0.7 0.7 0.7 0.6 0.6 0.6 0.4 0.5 0.6 0.5 0.5 0.5 0.5 15/03/1997
0.7 1.1 1.1 1.1 1.1 1.1 1.1 1.0 1.0 1.0 0.8 0.8 0.7 0.7 1.1 1.1 1.1 1.1 1.2 1.1 1.1 0.9 1.0 0.9 0.7 0.7 0.7 0.7 16/03/1997
0.6 0.8 0.8 0.8 0.8 0.7 1.4 1.3 1.3 1.2 1.0 1.0 0.6 0.6 0.7 0.7 0.7 0.7 1.5 1.4 1.4 1.2 1.2 0.7 0.6 0.6 0.6 0.6 17/03/1997
1.7 1.4 1.3 1.4 1.4 1.3 1.1 1.0 0.9 0.9 1.0 1.0 1.6 1.6 1.3 1.3 1.3 1.3 1.1 1.1 1.0 1.2 1.2 1.4 1.7 1.7 1.6 1.6 18/03/1997
1.4 1.2 1.2 1.2 1.2 1.2 1.2 1.1 1.1 1.0 1.1 1.1 1.4 1.4 1.2 1.2 1.2 1.2 1.3 1.2 1.2 1.1 1.2 1.6 1.4 1.4 1.4 1.4 19/03/1997
1.6 1.1 1.1 1.1 1.1 1.1 1.1 1.1 1.1 1.1 1.1 1.1 1.5 1.5 1.1 1.1 1.1 1.1 1.2 1.1 1.1 1.2 1.2 1.8 1.5 1.5 1.5 1.5 20/03/1997
1.7 1.5 1.5 1.5 1.5 1.5 2.1 2.1 2.1 2.0 2.0 1.9 1.7 1.7 1.5 1.5 1.5 1.5 2.2 2.1 2.1 2.0 2.1 1.6 1.7 1.7 1.7 1.7 21/03/1997
1.7 1.5 1.5 1.5 1.5 1.5 1.8 1.8 1.7 1.7 1.6 1.6 1.7 1.7 1.5 1.5 1.5 1.5 1.9 1.8 1.8 1.7 1.7 1.7 1.7 1.7 1.7 1.7 22/03/1997
1.7 1.4 1.4 1.4 1.4 1.4 1.9 1.8 1.8 1.8 1.0 1.0 1.6 1.6 1.4 1.4 1.4 1.4 1.9 1.9 1.9 1.1 1.1 1.8 1.6 1.6 1.6 1.6 23/03/1997
0.7 1.1 1.0 1.1 1.0 1.0 1.6 1.6 1.6 1.5 1.6 1.6 0.7 0.7 1.0 1.0 1.0 1.0 1.7 1.6 1.6 1.7 1.8 0.7 0.7 0.7 0.7 0.6 24/03/1997
1.5 1.9 1.9 1.9 1.9 1.9 2.0 1.9 1.9 1.9 1.5 1.5 1.4 1.4 1.9 1.9 1.9 1.9 2.0 2.0 1.9 1.5 1.5 1.2 1.4 1.4 1.4 1.4 25/03/1997
1.6 1.6 1.6 1.6 1.6 1.6 1.4 1.3 1.3 1.3 0.9 0.8 1.6 1.6 1.6 1.6 1.6 1.6 1.4 1.4 1.3 0.9 0.9 1.6 1.6 1.6 1.6 1.6 26/03/1997
1.1 1.4 1.3 1.4 1.3 1.3 2.6 2.5 2.4 2.4 2.5 2.4 1.1 1.1 1.3 1.3 1.3 1.3 2.7 2.6 2.5 2.6 2.6 1.1 1.1 1.1 1.1 1.1 27/03/1997
2.2 2.3 2.3 2.3 2.3 2.3 2.2 2.2 2.2 2.1 1.8 1.8 2.1 2.1 2.3 2.3 2.3 2.3 2.2 2.2 2.2 1.9 1.9 2.1 2.1 2.1 2.1 2.1 28/03/1997
1.9 1.8 1.8 1.8 1.8 1.8 1.4 1.3 1.3 1.2 1.2 1.1 1.8 1.8 1.8 1.8 1.8 1.8 1.5 1.4 1.4 1.2 1.2 1.8 1.9 1.9 1.8 1.8 29/03/1997
2.2 1.9 1.9 1.9 1.9 1.9 2.0 1.9 1.9 1.9 1.5 1.5 2.1 2.1 1.9 1.9 1.9 1.9 2.0 2.0 2.0 1.6 1.6 1.9 2.1 2.1 2.1 2.1 30/03/1997
2.8 2.5 2.5 2.5 2.5 2.5 2.7 2.6 2.6 2.5 2.4 2.4 2.8 2.8 2.5 2.5 2.5 2.5 2.7 2.7 2.6 2.5 2.5 2.7 2.8 2.8 2.8 2.8 31/03/1997
3.3 3.1 3.1 3.1 3.1 3.1 3.3 3.2 3.2 3.2 3.0 3.0 3.3 3.3 3.1 3.1 3.1 3.1 3.3 3.2 3.2 3.1 3.1 3.1 3.3 3.3 3.3 3.3 01/04/1997
2.2 2.2 2.2 2.2 2.2 2.2 2.0 1.9 1.9 1.9 1.1 1.1 2.2 2.2 2.1 2.1 2.1 2.1 2.0 2.0 1.9 1.2 1.3 2.2 2.2 2.2 2.2 2.2 02/04/1997
1.5 1.9 1.9 1.9 1.9 1.9 2.2 2.2 2.1 2.1 2.0 2.0 1.5 1.5 1.9 1.9 1.9 1.9 2.3 2.2 2.2 2.1 2.1 1.2 1.5 1.5 1.5 1.5 03/04/1997
2.5 2.6 2.5 2.6 2.5 2.5 1.9 1.9 1.8 1.8 2.0 2.0 2.5 2.5 2.5 2.5 2.5 2.5 1.9 1.9 1.9 2.0 2.1 2.2 2.5 2.5 2.4 2.4 04/04/1997
1.0 1.2 1.2 1.2 1.2 1.2 1.1 1.1 1.1 1.1 0.9 0.9 1.0 1.0 1.2 1.2 1.2 1.2 1.1 1.1 1.1 0.9 0.9 1.1 1.0 1.0 1.0 1.0 05/04/1997
3.0 3.0 3.0 3.0 3.0 3.0 3.1 3.1 3.0 3.0 3.0 2.9 2.9 2.9 3.0 3.0 3.0 3.0 3.2 3.1 3.1 3.1 3.1 3.0 2.9 2.9 2.9 2.9 06/04/1997
2.9 2.8 2.8 2.8 2.8 2.8 2.9 2.9 2.9 2.8 2.8 2.8 2.8 2.8 2.8 2.8 2.8 2.8 2.9 2.9 2.9 2.9 2.9 2.8 2.9 2.9 2.8 2.8 07/04/1997
4.0 3.8 3.8 3.8 3.8 3.7 3.9 3.9 3.8 3.8 3.5 3.4 3.9 3.9 3.7 3.7 3.7 3.7 3.9 3.9 3.9 3.5 3.6 3.5 4.0 4.0 3.9 3.9 08/04/1997
4.1 2.9 3.0 2.9 2.9 3.0 2.1 2.0 2.0 2.0 1.5 1.5 4.1 4.1 3.0 3.0 3.0 3.0 2.1 2.1 2.0 1.5 1.4 3.7 4.1 4.1 4.1 4.1 09/04/1997
4.0 2.9 2.9 2.9 2.9 2.9 3.3 3.3 3.3 3.3 3.1 3.1 4.0 4.0 3.0 2.9 2.9 3.0 3.3 3.3 3.3 3.2 3.2 3.8 4.0 4.0 4.0 4.0 10/04/1997
2.8 2.9 2.9 2.9 2.9 2.9 2.8 2.8 2.7 2.7 2.4 2.4 2.8 2.8 2.9 2.9 2.9 2.9 2.9 2.8 2.8 2.4 2.4 2.8 2.8 2.8 2.8 2.8 11/04/1997
2.3 2.4 2.4 2.4 2.4 2.4 2.4 2.4 2.3 2.3 2.0 2.0 2.3 2.3 2.4 2.4 2.4 2.4 2.5 2.4 2.4 2.1 2.1 2.4 2.3 2.3 2.3 2.2 12/04/1997
2.5 2.5 2.4 2.5 2.5 2.4 2.2 2.1 2.1 2.0 2.1 2.1 2.4 2.4 2.4 2.4 2.4 2.4 2.2 2.2 2.1 2.2 2.2 2.2 2.4 2.4 2.4 2.4 13/04/1997
2.5 2.6 2.6 2.6 2.6 2.6 2.5 2.5 2.4 2.4 2.4 2.4 2.4 2.4 2.6 2.6 2.6 2.6 2.5 2.5 2.5 2.4 2.5 2.3 2.5 2.5 2.4 2.4 14/04/1997
2.8 2.7 2.7 2.7 2.7 2.7 2.7 2.6 2.6 2.5 2.4 2.4 2.8 2.8 2.7 2.7 2.7 2.7 2.7 2.7 2.6 2.5 2.5 2.7 2.8 2.8 2.8 2.8 15/04/1997
2.5 1.7 1.6 1.7 1.7 1.6 2.0 2.0 2.0 1.9 1.5 1.4 2.4 2.4 1.6 1.6 1.6 1.6 2.1 2.0 2.0 1.5 1.5 2.6 2.5 2.5 2.4 2.4 16/04/1997
2.9 2.7 2.7 2.7 2.7 2.7 3.1 3.1 3.0 3.0 2.3 2.3 2.9 2.9 2.7 2.7 2.7 2.7 3.1 3.1 3.1 2.4 2.4 3.2 2.9 2.9 2.9 2.9 17/04/1997
2.8 2.4 2.4 2.4 2.4 2.4 3.1 3.1 3.1 3.0 2.8 2.8 2.8 2.8 2.4 2.4 2.4 2.4 3.1 3.1 3.1 2.9 2.9 2.6 2.8 2.8 2.8 2.8 18/04/1997
2.4 1.9 1.9 1.9 1.9 1.9 2.5 2.4 2.3 2.3 2.1 2.1 2.4 2.4 1.9 1.9 1.9 1.9 2.5 2.4 2.4 2.1 2.1 2.4 2.4 2.4 2.4 2.3 19/04/1997
3.4 3.1 3.1 3.1 3.1 3.1 2.8 2.8 2.7 2.7 2.5 2.5 3.4 3.4 3.1 3.1 3.1 3.1 2.8 2.8 2.8 2.6 2.6 3.3 3.4 3.4 3.4 3.4 20/04/1997
3.3 3.0 3.0 3.0 3.0 3.0 3.3 3.3 3.2 3.2 3.0 3.0 3.3 3.3 3.0 3.0 3.0 3.0 3.3 3.3 3.3 3.1 3.1 3.3 3.3 3.3 3.3 3.3 21/04/1997
2.4 2.6 2.6 2.6 2.6 2.6 2.9 2.8 2.8 2.7 2.7 2.7 2.4 2.4 2.6 2.6 2.6 2.6 3.0 2.9 2.9 2.8 2.8 2.2 2.4 2.4 2.4 2.4 22/04/1997
2.7 2.4 2.4 2.4 2.4 2.4 2.6 2.6 2.6 2.6 2.6 2.6 2.7 2.7 2.4 2.4 2.4 2.4 2.6 2.6 2.6 2.6 2.6 2.6 2.7 2.7 2.7 2.7 23/04/1997
3.8 2.9 3.0 2.9 2.9 3.0 2.6 2.6 2.6 2.6 1.9 1.9 3.9 3.9 3.0 3.0 3.0 3.0 2.7 2.6 2.6 1.9 1.9 3.6 3.9 3.9 3.9 3.9 24/04/1997
1.1 1.4 1.4 1.4 1.4 1.4 1.9 1.9 1.8 1.8 1.5 1.5 1.1 1.1 1.4 1.4 1.4 1.4 1.9 1.9 1.9 1.5 1.6 0.9 1.1 1.1 1.1 1.1 25/04/1997
1.0 1.4 1.4 1.4 1.4 1.4 1.2 1.1 1.1 1.0 1.3 1.3 1.0 1.0 1.4 1.4 1.4 1.4 1.2 1.1 1.1 1.3 1.3 0.9 1.0 1.0 1.0 1.0 26/04/1997
1.4 1.5 1.5 1.5 1.5 1.5 1.1 1.1 1.1 1.0 1.2 1.2 1.3 1.3 1.5 1.5 1.5 1.5 1.2 1.1 1.1 1.3 1.3 1.7 1.4 1.4 1.3 1.3 27/04/1997
1.5 1.8 1.8 1.8 1.8 1.8 0.8 0.8 0.8 0.7 0.6 0.6 1.4 1.4 1.8 1.8 1.8 1.8 0.9 0.8 0.8 0.6 0.7 1.5 1.4 1.4 1.4 1.4 28/04/1997
2.1 2.3 2.3 2.3 2.3 2.3 2.4 2.3 2.2 2.2 1.9 1.9 2.0 2.0 2.3 2.3 2.3 2.3 2.4 2.4 2.3 2.0 2.0 2.1 2.0 2.0 2.0 2.0 29/04/1997
3.1 3.1 3.0 3.1 3.1 3.0 3.7 3.6 3.5 3.4 3.2 3.2 3.0 3.0 3.0 3.0 3.0 3.0 3.8 3.6 3.6 3.3 3.4 3.2 3.1 3.1 3.0 3.0 30/04/1997
3.7 3.0 3.0 3.0 3.0 3.0 3.6 3.6 3.5 3.5 3.4 3.4 3.6 3.6 2.9 2.9 2.9 2.9 3.7 3.6 3.6 3.6 3.6 3.6 3.6 3.6 3.6 3.6 01/05/1997
6.2 5.2 5.2 5.2 5.2 5.2 4.7 4.7 4.7 4.6 4.4 4.4 6.3 6.3 5.2 5.2 5.2 5.2 4.7 4.7 4.7 4.4 4.4 6.0 6.2 6.2 6.3 6.3 02/05/1997
2.5 2.4 2.4 2.4 2.4 2.4 4.7 4.6 4.6 4.6 4.4 4.4 2.5 2.5 2.4 2.4 2.4 2.4 4.7 4.7 4.7 4.4 4.5 2.1 2.5 2.5 2.5 2.5 03/05/1997
1.3 1.2 1.2 1.2 1.2 1.2 3.3 3.2 3.1 3.0 3.3 3.2 1.2 1.2 1.1 1.1 1.1 1.1 3.4 3.2 3.2 3.4 3.5 1.5 1.2 1.2 1.2 1.2 04/05/1997
2.1 1.7 1.7 1.7 1.7 1.7 1.4 1.3 1.3 1.3 1.6 1.6 2.1 2.1 1.6 1.7 1.7 1.7 1.4 1.4 1.4 1.6 1.6 2.2 2.1 2.1 2.1 2.1 05/05/1997
1.0 0.9 0.9 0.9 0.9 0.8 0.6 0.6 0.6 0.6 0.6 0.6 1.0 1.0 0.8 0.8 0.8 0.8 0.6 0.6 0.6 0.6 0.6 1.0 1.0 1.0 1.0 1.0 06/05/1997
1.7 1.3 1.2 1.2 1.2 1.2 1.7 1.7 1.7 1.6 1.0 1.0 1.6 1.6 1.2 1.2 1.2 1.2 1.8 1.7 1.7 1.1 1.1 1.9 1.6 1.6 1.6 1.6 07/05/1997
0.9 1.0 1.0 1.0 1.0 1.0 1.2 1.1 1.1 1.0 1.0 1.0 0.9 0.9 1.0 1.0 1.0 1.0 1.2 1.1 1.1 1.1 1.1 1.0 0.9 0.9 0.9 0.9 08/05/1997
1.8 1.7 1.7 1.7 1.7 1.7 2.1 2.0 2.0 1.9 1.7 1.7 1.8 1.8 1.7 1.7 1.7 1.7 2.2 2.1 2.0 1.8 1.8 1.8 1.8 1.8 1.7 1.7 09/05/1997
2.1 1.6 1.6 1.6 1.6 1.6 2.2 2.2 2.2 2.1 1.5 1.5 2.1 2.1 1.6 1.6 1.6 1.6 2.3 2.2 2.2 1.6 1.6 2.0 2.1 2.1 2.1 2.0 10/05/1997
3.5 2.8 2.8 2.8 2.8 2.8 1.5 1.5 1.4 1.4 0.8 0.8 3.4 3.4 2.8 2.8 2.8 2.8 1.6 1.5 1.5 0.9 0.9 3.3 3.5 3.5 3.4 3.4 11/05/1997
3.4 2.5 2.5 2.5 2.5 2.5 2.8 2.7 2.6 2.6 2.7 2.7 3.4 3.4 2.5 2.5 2.5 2.5 2.8 2.8 2.7 2.8 2.9 3.3 3.4 3.4 3.4 3.3 12/05/1997
3.3 2.8 2.8 2.8 2.8 2.8 3.4 3.3 3.3 3.3 2.6 2.6 3.3 3.3 2.8 2.8 2.8 2.8 3.4 3.4 3.3 2.6 2.7 3.4 3.3 3.3 3.3 3.3 13/05/1997
3.6 3.4 3.4 3.4 3.4 3.4 1.4 1.3 1.3 1.2 1.4 1.4 3.6 3.6 3.4 3.4 3.4 3.4 1.4 1.4 1.3 1.4 1.5 3.8 3.6 3.6 3.6 3.6 14/05/1997
1.1 1.3 1.3 1.3 1.3 1.3 2.9 2.9 2.9 2.8 2.7 2.7 1.1 1.1 1.3 1.3 1.3 1.3 3.0 2.9 2.9 2.8 2.8 1.2 1.1 1.1 1.1 1.1 15/05/1997
2.2 2.5 2.5 2.5 2.5 2.5 1.4 1.4 1.4 1.4 1.8 1.8 2.1 2.1 2.5 2.5 2.5 2.5 1.4 1.4 1.4 1.7 1.7 2.0 2.1 2.1 2.1 2.1 16/05/1997
3.8 3.8 3.8 3.8 3.8 3.8 3.3 3.2 3.2 3.2 2.6 2.6 3.8 3.8 3.8 3.8 3.8 3.8 3.3 3.3 3.3 2.6 2.6 2.9 3.8 3.8 3.7 3.7 17/05/1997
1.9 1.9 1.9 1.9 1.9 1.9 2.1 2.0 2.0 1.9 2.0 2.0 1.8 1.8 1.9 1.9 1.9 1.9 2.1 2.1 2.0 2.1 2.2 2.1 1.8 1.8 1.8 1.8 18/05/1997
2.2 2.1 2.1 2.1 2.1 2.1 3.0 2.9 2.9 2.8 2.9 2.9 2.1 2.1 2.1 2.1 2.1 2.1 3.1 3.0 3.0 3.0 3.0 2.0 2.1 2.1 2.1 2.1 19/05/1997
1.8 1.4 1.4 1.4 1.4 1.4 2.6 2.5 2.5 2.5 1.3 1.3 1.8 1.8 1.4 1.4 1.4 1.4 2.6 2.6 2.5 1.3 1.3 1.8 1.8 1.8 1.7 1.7 20/05/1997
0.6 1.1 1.1 1.1 1.1 1.1 1.4 1.4 1.3 1.3 1.5 1.5 0.6 0.6 1.1 1.1 1.1 1.1 1.5 1.4 1.4 1.5 1.5 0.8 0.6 0.6 0.6 0.6 21/05/1997
1.1 1.4 1.4 1.4 1.4 1.4 2.7 2.7 2.6 2.6 2.4 2.4 1.1 1.1 1.4 1.4 1.4 1.4 2.8 2.7 2.7 2.5 2.5 1.2 1.1 1.1 1.1 1.1 22/05/1997
3.3 2.8 2.8 2.8 2.8 2.8 2.9 2.9 2.9 2.9 3.0 3.0 3.3 3.3 2.8 2.8 2.8 2.8 2.8 2.9 2.9 3.1 3.1 3.4 3.3 3.3 3.3 3.3 23/05/1997
3.5 3.4 3.3 3.4 3.4 3.3 4.0 3.9 3.9 3.8 3.7 3.7 3.5 3.5 3.3 3.3 3.3 3.3 4.0 4.0 3.9 3.7 3.7 3.5 3.5 3.5 3.5 3.5 24/05/1997
4.2 4.0 4.0 4.0 4.0 4.0 4.6 4.6 4.6 4.5 4.4 4.4 4.2 4.2 4.0 4.0 4.0 4.0 4.7 4.6 4.6 4.4 4.4 4.2 4.2 4.2 4.2 4.2 25/05/1997
3.7 4.1 4.1 4.1 4.1 4.1 3.5 3.5 3.5 3.5 2.6 2.6 3.7 3.7 4.1 4.1 4.1 4.1 3.5 3.5 3.5 2.6 2.6 3.4 3.7 3.7 3.7 3.7 26/05/1997
5.2 4.1 4.1 4.1 4.1 4.1 4.3 4.2 4.1 4.0 4.1 4.1 5.1 5.1 4.1 4.1 4.1 4.1 4.4 4.2 4.2 4.2 4.2 5.0 5.1 5.1 5.1 5.1 27/05/1997
4.1 4.0 4.0 4.0 4.0 4.0 4.2 4.1 4.1 4.0 4.1 4.1 4.1 4.1 4.0 4.0 4.0 4.0 4.2 4.2 4.1 4.2 4.3 3.9 4.1 4.1 4.1 4.1 28/05/1997
4.8 4.4 4.4 4.4 4.4 4.4 4.5 4.5 4.5 4.5 3.8 3.8 4.8 4.8 4.4 4.4 4.4 4.4 4.5 4.5 4.5 3.8 3.8 5.2 4.8 4.8 4.8 4.7 29/05/1997
4.3 4.7 4.7 4.7 4.7 4.7 5.6 5.6 5.6 5.6 5.2 5.2 4.3 4.3 4.7 4.7 4.7 4.7 5.6 5.6 5.6 5.2 5.2 4.1 4.3 4.3 4.3 4.3 30/05/1997
6.1 6.6 6.6 6.6 6.6 6.6 6.3 6.2 6.1 6.0 6.0 6.0 6.0 6.0 6.5 6.5 6.5 6.5 6.3 6.2 6.2 6.0 6.0 6.6 6.1 6.1 6.0 6.0 31/05/1997
5.0 4.7 4.7 4.7 4.7 4.7 5.0 4.9 4.9 4.9 4.8 4.7 5.0 5.0 4.7 4.7 4.7 4.7 5.0 5.0 5.0 5.0 5.0 5.0 5.0 5.0 5.0 5.1 01/06/1997
1.8 2.2 2.2 2.2 2.2 2.2 4.3 4.3 4.2 4.2 3.8 3.8 1.8 1.8 2.2 2.2 2.2 2.2 4.4 4.3 4.3 3.9 3.9 1.7 1.8 1.8 1.8 1.8 02/06/1997
2.6 2.7 2.7 2.7 2.7 2.7 2.7 2.7 2.6 2.6 1.5 1.5 2.6 2.6 2.7 2.7 2.7 2.7 2.8 2.7 2.7 1.6 1.6 2.3 2.6 2.6 2.6 2.6 03/06/1997
3.6 3.7 3.7 3.7 3.7 3.7 4.9 4.8 4.8 4.7 4.7 4.7 3.5 3.5 3.7 3.7 3.7 3.7 5.0 4.9 4.8 4.8 4.9 3.7 3.5 3.5 3.5 3.4 04/06/1997
4.2 3.0 3.0 3.0 3.0 3.0 3.2 3.1 3.1 3.1 3.0 3.0 4.1 4.1 3.0 3.0 3.0 3.0 3.2 3.1 3.1 3.0 3.0 4.0 4.2 4.2 4.1 4.1 05/06/1997
3.7 4.4 4.4 4.4 4.4 4.4 4.1 4.0 4.0 4.0 3.1 3.1 3.7 3.7 4.4 4.4 4.4 4.4 4.2 4.1 4.1 3.2 3.3 3.5 3.7 3.7 3.7 3.6 06/06/1997
2.5 2.9 2.9 2.9 2.9 2.9 2.4 2.3 2.3 2.3 2.4 2.3 2.5 2.5 2.9 2.9 2.9 2.9 2.4 2.4 2.4 2.4 2.4 3.1 2.5 2.5 2.5 2.5 07/06/1997
3.0 3.0 3.0 3.0 3.0 3.0 4.8 4.7 4.6 4.5 4.5 4.5 3.0 3.0 3.0 3.0 3.0 3.0 4.9 4.7 4.7 4.6 4.7 3.0 3.0 3.0 3.0 3.0 08/06/1997
2.7 3.4 3.3 3.4 3.4 3.3 4.2 4.2 4.2 4.1 3.6 3.6 2.6 2.6 3.3 3.3 3.3 3.3 4.2 4.2 4.2 3.7 3.7 2.5 2.6 2.6 2.6 2.6 09/06/1997
2.9 3.5 3.5 3.5 3.5 3.5 4.3 4.3 4.3 4.3 4.1 4.1 3.0 3.0 3.5 3.5 3.5 3.5 4.3 4.3 4.3 4.0 4.0 2.4 2.9 2.9 3.0 3.0 10/06/1997
2.6 1.9 1.9 1.9 1.9 1.9 2.1 2.1 2.0 2.0 1.4 1.4 2.5 2.5 1.9 1.9 1.9 1.9 2.2 2.1 2.1 1.5 1.5 2.9 2.5 2.5 2.5 2.5 11/06/1997
2.1 1.7 1.7 1.7 1.7 1.7 3.9 3.9 3.8 3.8 3.2 3.2 2.1 2.1 1.7 1.7 1.7 1.7 4.0 3.9 3.9 3.3 3.3 2.3 2.1 2.1 2.1 2.1 12/06/1997
2.8 1.6 1.6 1.6 1.6 1.6 3.3 3.3 3.2 3.2 2.6 2.6 2.7 2.7 1.6 1.6 1.6 1.6 3.4 3.3 3.3 2.6 2.7 3.1 2.8 2.8 2.7 2.7 13/06/1997
2.3 2.2 2.2 2.2 2.2 2.2 2.0 2.0 2.0 2.0 1.5 1.5 2.2 2.2 2.2 2.2 2.2 2.2 2.0 2.0 2.0 1.6 1.6 2.5 2.3 2.3 2.2 2.2 14/06/1997
2.5 2.5 2.5 2.5 2.5 2.5 3.5 3.5 3.4 3.4 3.4 3.4 2.5 2.5 2.5 2.5 2.5 2.5 3.6 3.5 3.5 3.5 3.6 2.6 2.5 2.5 2.5 2.5 15/06/1997
2.0 3.2 3.2 3.2 3.2 3.2 2.7 2.7 2.8 2.8 2.9 2.9 2.0 2.0 3.2 3.2 3.2 3.2 2.7 2.7 2.7 3.0 3.0 1.5 2.0 2.0 2.0 2.0 16/06/1997
1.7 2.3 2.3 2.3 2.3 2.3 1.9 1.9 1.9 1.8 1.2 1.2 1.6 1.6 2.3 2.3 2.3 2.3 1.9 1.9 1.9 1.2 1.2 1.5 1.7 1.7 1.6 1.6 17/06/1997
2.6 2.8 2.8 2.8 2.8 2.8 4.3 4.2 4.2 4.1 3.9 3.9 2.5 2.5 2.8 2.8 2.8 2.8 4.4 4.3 4.2 4.1 4.1 2.7 2.6 2.6 2.5 2.5 18/06/1997
1.1 1.6 1.6 1.6 1.6 1.6 2.3 2.3 2.2 2.2 2.7 2.6 1.1 1.1 1.6 1.6 1.6 1.6 2.3 2.3 2.3 2.7 2.7 1.3 1.1 1.1 1.1 1.0 19/06/1997
1.9 1.8 1.8 1.8 1.8 1.8 2.7 2.6 2.6 2.5 3.0 3.0 1.8 1.8 1.7 1.7 1.7 1.7 2.8 2.7 2.7 3.1 3.2 2.0 1.9 1.9 1.8 1.8 20/06/1997
2.6 3.1 3.1 3.1 3.1 3.1 3.5 3.4 3.3 3.3 1.8 1.8 2.5 2.5 3.1 3.1 3.1 3.1 3.6 3.5 3.4 1.9 1.9 2.3 2.5 2.5 2.5 2.5 21/06/1997
3.1 2.0 2.0 2.0 2.0 2.0 2.9 2.8 2.8 2.7 2.3 2.3 3.0 3.0 1.9 1.9 1.9 1.9 3.0 2.9 2.8 2.4 2.4 2.9 3.1 3.1 3.0 3.0 22/06/1997
1.6 1.5 1.5 1.5 1.5 1.5 2.6 2.5 2.5 2.4 1.4 1.4 1.6 1.6 1.5 1.5 1.5 1.5 2.6 2.6 2.5 1.4 1.5 2.1 1.6 1.6 1.6 1.6 23/06/1997
3.1 2.7 2.7 2.7 2.7 2.7 2.5 2.5 2.5 2.4 2.8 2.8 3.0 3.0 2.6 2.6 2.6 2.6 2.6 2.5 2.5 2.9 2.9 3.5 3.1 3.1 3.0 3.0 24/06/1997
1.6 1.7 1.6 1.7 1.7 1.6 1.7 1.6 1.6 1.5 1.4 1.4 1.5 1.5 1.6 1.6 1.6 1.6 1.7 1.6 1.6 1.4 1.4 1.4 1.5 1.5 1.5 1.5 25/06/1997
1.3 1.9 1.9 1.9 1.9 1.9 1.4 1.4 1.4 1.4 1.2 1.2 1.2 1.2 1.9 1.9 1.9 1.9 1.4 1.4 1.4 1.2 1.2 1.0 1.2 1.2 1.2 1.2 26/06/1997
1.0 2.6 2.6 2.6 2.6 2.6 3.0 3.0 2.9 2.8 2.2 2.2 1.0 1.0 2.6 2.6 2.6 2.6 3.1 3.0 3.0 2.3 2.4 0.9 1.0 1.0 0.9 0.9 27/06/1997
1.9 1.6 1.6 1.6 1.6 1.6 2.7 2.6 2.6 2.6 3.2 3.2 1.8 1.8 1.6 1.6 1.6 1.6 2.7 2.7 2.6 3.3 3.3 1.8 1.9 1.9 1.8 1.8 28/06/1997
1.6 1.7 1.7 1.7 1.7 1.7 1.8 1.7 1.7 1.7 1.9 1.9 1.5 1.5 1.7 1.7 1.7 1.7 1.8 1.8 1.7 1.9 1.9 1.4 1.5 1.5 1.5 1.5 29/06/1997
1.3 1.4 1.4 1.4 1.4 1.4 2.6 2.6 2.6 2.6 1.6 1.6 1.3 1.3 1.3 1.3 1.3 1.3 2.7 2.6 2.6 1.6 1.6 1.2 1.3 1.3 1.3 1.3 30/06/1997
2.2 1.9 1.9 1.9 1.9 1.8 2.0 2.0 2.0 1.9 2.4 2.4 2.1 2.1 1.8 1.8 1.8 1.8 2.1 2.0 2.0 2.4 2.5 2.1 2.1 2.1 2.1 2.1 01/07/1997
1.6 1.3 1.3 1.3 1.3 1.3 1.9 1.9 1.9 1.9 1.9 1.9 1.6 1.6 1.3 1.3 1.3 1.3 1.9 1.9 1.9 1.9 1.9 2.0 1.6 1.6 1.6 1.6 02/07/1997
2.2 2.1 2.1 2.1 2.1 2.1 3.6 3.5 3.5 3.4 3.0 3.0 2.2 2.2 2.1 2.1 2.1 2.1 3.7 3.6 3.6 3.1 3.2 2.4 2.2 2.2 2.2 2.2 03/07/1997
1.4 1.4 1.3 1.4 1.3 1.3 2.5 2.5 2.5 2.4 2.1 2.1 1.3 1.3 1.3 1.3 1.3 1.3 2.6 2.5 2.5 2.2 2.3 1.7 1.4 1.4 1.3 1.3 04/07/1997
2.6 2.6 2.6 2.6 2.6 2.6 2.6 2.5 2.5 2.5 2.9 2.9 2.6 2.6 2.6 2.6 2.6 2.6 2.6 2.6 2.6 3.0 3.0 2.5 2.6 2.6 2.6 2.5 05/07/1997
3.3 2.9 2.9 2.9 2.9 2.9 2.6 2.5 2.5 2.5 1.6 1.6 3.2 3.2 2.9 2.9 2.9 2.9 2.6 2.6 2.6 1.7 1.7 3.6 3.3 3.3 3.2 3.2 06/07/1997
3.5 3.6 3.6 3.6 3.6 3.6 4.0 3.9 3.9 3.8 3.5 3.5 3.4 3.4 3.6 3.6 3.6 3.6 4.1 4.0 4.0 3.6 3.7 3.5 3.5 3.5 3.4 3.4 07/07/1997
4.9 4.5 4.5 4.5 4.5 4.5 4.9 4.8 4.7 4.7 4.6 4.5 4.9 4.9 4.4 4.4 4.4 4.4 5.0 4.9 4.8 4.6 4.6 5.0 4.9 4.9 4.9 4.9 08/07/1997
4.9 4.4 4.4 4.4 4.4 4.4 4.0 4.0 3.9 3.9 4.2 4.2 4.8 4.8 4.3 4.3 4.3 4.3 4.1 4.0 4.0 4.3 4.3 5.3 4.8 4.8 4.8 4.8 09/07/1997
4.3 3.5 3.5 3.5 3.5 3.5 4.5 4.4 4.4 4.3 4.7 4.7 4.2 4.2 3.4 3.4 3.4 3.4 4.6 4.5 4.4 4.8 4.9 4.9 4.3 4.3 4.2 4.2 10/07/1997
2.2 3.8 3.8 3.8 3.8 3.8 4.6 4.5 4.4 4.3 4.6 4.6 2.2 2.2 3.8 3.8 3.8 3.8 4.7 4.6 4.5 4.8 4.8 2.4 2.2 2.2 2.2 2.1 11/07/1997
2.6 2.4 2.4 2.4 2.4 2.4 4.5 4.5 4.4 4.4 3.9 3.8 2.5 2.5 2.3 2.4 2.4 2.4 4.6 4.5 4.5 4.0 4.0 3.4 2.5 2.5 2.5 2.5 12/07/1997
2.8 2.2 2.2 2.2 2.2 2.2 4.6 4.6 4.5 4.5 4.1 4.1 2.8 2.8 2.2 2.2 2.2 2.2 4.7 4.6 4.6 4.2 4.3 2.8 2.8 2.8 2.8 2.8 13/07/1997
3.0 2.8 2.7 2.8 2.8 2.7 3.1 3.1 3.0 2.9 2.5 2.5 2.9 2.9 2.7 2.7 2.7 2.7 3.2 3.1 3.1 2.6 2.6 2.9 2.9 2.9 2.9 2.9 14/07/1997
2.1 2.1 2.1 2.1 2.1 2.1 3.1 3.0 3.0 2.9 3.3 3.2 2.1 2.1 2.0 2.0 2.0 2.0 3.1 3.0 3.0 3.4 3.4 1.9 2.1 2.1 2.1 2.1 15/07/1997
3.2 2.7 2.7 2.7 2.7 2.7 3.9 3.8 3.8 3.7 3.2 3.2 3.2 3.2 2.6 2.6 2.6 2.6 3.9 3.9 3.8 3.3 3.4 2.8 3.2 3.2 3.2 3.2 16/07/1997
1.9 2.6 2.6 2.6 2.6 2.6 3.0 3.0 2.9 2.9 3.0 3.0 1.8 1.8 2.5 2.5 2.5 2.5 3.1 3.0 3.0 3.1 3.1 1.8 1.9 1.9 1.8 1.8 17/07/1997
2.6 3.1 3.1 3.1 3.1 3.1 1.9 1.9 1.8 1.8 2.2 2.2 2.5 2.5 3.0 3.0 3.0 3.0 1.9 1.9 1.9 2.3 2.3 2.4 2.5 2.5 2.5 2.5 18/07/1997
2.8 3.1 3.1 3.1 3.1 3.1 4.1 4.1 4.0 4.0 3.8 3.8 2.8 2.8 3.0 3.0 3.0 3.0 4.2 4.1 4.1 3.9 4.0 2.9 2.8 2.8 2.7 2.7 19/07/1997
3.9 4.0 3.9 4.0 4.0 3.9 3.8 3.7 3.7 3.6 2.7 2.6 3.8 3.8 3.9 3.9 3.9 3.9 3.8 3.8 3.7 2.7 2.7 3.7 3.9 3.9 3.8 3.8 20/07/1997
4.3 4.0 4.0 4.0 4.0 4.0 3.7 3.6 3.6 3.6 3.5 3.5 4.2 4.2 4.0 4.0 4.0 4.0 3.7 3.6 3.6 3.6 3.6 4.2 4.2 4.2 4.2 4.2 21/07/1997
4.2 4.0 3.9 4.0 3.9 3.9 4.0 3.9 3.9 3.8 3.7 3.7 4.1 4.1 3.8 3.9 3.9 3.8 4.0 3.9 3.9 3.8 3.8 4.4 4.1 4.1 4.1 4.1 22/07/1997
4.4 4.7 4.7 4.7 4.7 4.7 4.8 4.8 4.7 4.7 4.3 4.3 4.4 4.4 4.7 4.7 4.7 4.7 4.8 4.8 4.8 4.4 4.4 4.1 4.4 4.4 4.4 4.4 23/07/1997
2.4 2.4 2.4 2.4 2.4 2.4 3.5 3.5 3.5 3.5 2.4 2.4 2.4 2.4 2.4 2.4 2.4 2.4 3.6 3.5 3.5 2.5 2.5 2.0 2.4 2.4 2.4 2.4 24/07/1997
2.0 2.2 2.2 2.2 2.2 2.2 3.7 3.7 3.6 3.6 3.3 3.3 2.0 2.0 2.1 2.1 2.1 2.1 3.8 3.7 3.7 3.4 3.5 2.0 2.0 2.0 2.0 1.9 25/07/1997
1.9 1.2 1.2 1.2 1.2 1.2 3.4 3.3 3.3 3.3 3.0 3.0 1.8 1.8 1.2 1.2 1.2 1.2 3.4 3.4 3.3 3.2 3.2 1.6 1.9 1.9 1.8 1.8 26/07/1997
2.5 2.8 2.7 2.8 2.8 2.7 3.5 3.4 3.4 3.3 2.9 2.9 2.4 2.4 2.7 2.7 2.7 2.7 3.6 3.5 3.5 3.0 3.0 2.5 2.4 2.4 2.4 2.4 27/07/1997
3.6 3.5 3.5 3.5 3.5 3.5 4.0 4.0 3.9 3.8 3.7 3.7 3.5 3.5 3.4 3.4 3.4 3.4 4.1 4.0 4.0 3.8 3.8 3.3 3.6 3.6 3.5 3.5 28/07/1997
4.3 3.3 3.3 3.3 3.3 3.3 4.5 4.5 4.4 4.4 4.0 4.0 4.2 4.2 3.2 3.2 3.2 3.2 4.6 4.5 4.5 4.1 4.1 4.5 4.3 4.3 4.2 4.2 29/07/1997
2.4 1.7 1.7 1.7 1.7 1.7 3.8 3.8 3.8 3.8 2.5 2.5 2.4 2.4 1.7 1.7 1.7 1.7 3.8 3.8 3.8 2.6 2.6 2.7 2.4 2.4 2.4 2.3 30/07/1997
2.3 1.6 1.6 1.6 1.6 1.6 1.3 1.2 1.2 1.2 1.0 1.0 2.2 2.2 1.6 1.6 1.6 1.6 1.4 1.3 1.3 1.1 1.1 2.3 2.2 2.2 2.2 2.2 31/07/1997
