# 460 461 462 463 464 465 489 490 491 492 493 494 518 519 520 521 522 523 547 548 549 550 551 575 576 577 578 579 Date
4.4 3.9 3.9 3.9 3.9 3.9 4.2 4.2 4.2 4.2 4.2 4.2 4.4 4.4 3.8 3.9 3.9 3.8 4.2 4.2 4.2 4.2 4.2 4.8 4.4 4.4 4.4 4.4 01/08/1963
1.9 2.7 2.7 2.7 2.7 2.7 4.0 4.0 3.9 3.8 4.1 4.1 1.9 1.9 2.7 2.7 2.7 2.7 4.1 4.0 4.0 4.1 4.2 1.6 1.9 1.9 1.9 1.8 02/08/1963
1.4 1.5 1.4 1.5 1.4 1.4 2.4 2.3 2.3 2.3 2.6 2.6 1.4 1.4 1.4 1.4 1.4 1.4 2.4 2.4 2.3 2.7 2.8 1.5 1.4 1.4 1.4 1.4 03/08/1963
0.9 1.4 1.4 1.4 1.4 1.4 2.5 2.5 2.5 2.4 2.8 2.8 0.9 0.9 1.4 1.4 1.4 1.4 2.5 2.5 2.5 2.9 2.9 0.9 0.9 0.9 0.9 0.9 04/08/1963
1.7 2.2 2.1 2.2 2.2 2.1 3.1 3.0 3.0 2.9 2.8 2.7 1.6 1.6 2.1 2.1 2.1 2.1 3.2 3.1 3.1 2.9 2.9 1.5 1.6 1.6 1.6 1.5 05/08/1963
1.9 2.3 2.3 2.3 2.3 2.4 2.4 2.4 2.3 2.3 1.5 1.5 1.9 1.9 2.4 2.4 2.4 2.4 2.5 2.4 2.4 1.5 1.5 1.8 1.9 1.9 1.9 1.9 06/08/1963
3.0 2.4 2.3 2.4 2.4 2.3 1.6 1.5 1.5 1.5 1.4 1.4 2.9 2.9 2.3 2.3 2.3 2.3 1.6 1.6 1.6 1.4 1.4 3.1 3.0 3.0 2.9 2.9 07/08/1963
1.5 1.1 1.1 1.1 1.1 1.1 1.4 1.4 1.4 1.3 1.6 1.6 1.5 1.5 1.0 1.0 1.0 1.0 1.5 1.4 1.4 1.7 1.7 2.0 1.5 1.5 1.5 1.5 08/08/1963
3.1 2.8 2.8 2.8 2.8 2.8 2.3 2.3 2.2 2.2 2.4 2.4 3.0 3.0 2.8 2.8 2.8 2.8 2.4 2.3 2.3 2.5 2.5 3.1 3.1 3.1 3.0 3.0 09/08/1963
1.7 1.0 1.0 1.0 1.0 1.0 1.7 1.7 1.6 1.6 2.6 2.5 1.8 1.8 1.0 1.0 1.0 1.0 1.7 1.7 1.7 2.7 2.7 2.2 1.7 1.7 1.8 1.8 10/08/1963
1.3 1.8 1.8 1.8 1.8 1.8 3.7 3.6 3.5 3.5 4.0 3.9 1.3 1.3 1.8 1.8 1.8 1.8 3.8 3.7 3.6 4.1 4.1 1.4 1.3 1.3 1.3 1.3 11/08/1963
2.2 2.6 2.5 2.6 2.6 2.5 3.5 3.4 3.4 3.3 3.8 3.8 2.1 2.1 2.5 2.5 2.5 2.5 3.5 3.5 3.4 3.9 4.0 2.3 2.2 2.2 2.1 2.1 12/08/1963
2.7 2.6 2.6 2.6 2.6 2.6 3.5 3.4 3.4 3.3 3.5 3.5 2.6 2.6 2.6 2.6 2.6 2.6 3.6 3.5 3.5 3.6 3.7 2.8 2.6 2.6 2.6 2.6 13/08/1963
1.6 2.2 2.2 2.2 2.2 2.2 2.4 2.3 2.3 2.2 2.3 2.3 1.6 1.6 2.1 2.1 2.1 2.1 2.4 2.3 2.3 2.4 2.4 1.4 1.6 1.6 1.6 1.5 14/08/1963
2.8 3.2 3.2 3.2 3.2 3.2 3.3 3.2 3.1 3.1 3.3 3.3 2.8 2.8 3.1 3.1 3.1 3.1 3.3 3.2 3.2 3.4 3.5 2.9 2.8 2.8 2.8 2.8 15/08/1963
1.5 2.0 2.0 2.0 2.0 2.0 2.9 2.8 2.7 2.6 2.9 2.9 1.5 1.5 2.0 2.0 2.0 2.0 3.0 2.8 2.8 3.0 3.1 1.2 1.5 1.5 1.5 1.5 16/08/1963
1.4 1.1 1.1 1.1 1.1 1.1 1.8 1.8 1.8 1.8 1.5 1.5 1.3 1.3 1.1 1.1 1.1 1.1 1.8 1.8 1.8 1.5 1.5 1.3 1.3 1.3 1.3 1.3 17/08/1963
1.5 1.7 1.7 1.7 1.7 1.7 1.1 1.1 1.1 1.1 1.1 1.1 1.5 1.5 1.7 1.7 1.7 1.7 1.1 1.1 1.1 1.1 1.1 1.4 1.5 1.5 1.5 1.5 18/08/1963
1.3 1.6 1.5 1.6 1.6 1.5 2.1 2.1 2.0 2.0 2.1 2.0 1.3 1.3 1.5 1.5 1.5 1.5 2.1 2.1 2.1 2.2 2.2 1.2 1.3 1.3 1.3 1.3 19/08/1963
2.0 1.9 1.9 1.9 1.9 1.9 2.2 2.2 2.2 2.2 2.2 2.2 2.0 2.0 1.9 1.9 1.9 1.9 2.2 2.2 2.2 2.3 2.3 2.2 2.0 2.0 2.0 2.0 20/08/1963
2.3 1.4 1.4 1.4 1.4 1.4 1.6 1.5 1.5 1.4 1.5 1.5 2.3 2.3 1.4 1.4 1.4 1.4 1.7 1.6 1.6 1.6 1.7 2.9 2.3 2.3 2.3 2.3 21/08/1963
0.9 1.0 1.0 1.0 1.0 1.0 1.1 1.1 1.0 1.0 1.0 1.0 0.9 0.9 1.0 1.0 1.0 1.0 1.1 1.1 1.1 1.0 1.0 0.9 0.9 0.9 0.9 0.9 22/08/1963
2.6 2.7 2.7 2.7 2.7 2.7 1.8 1.8 1.7 1.7 1.5 1.5 2.5 2.5 2.6 2.6 2.6 2.6 1.8 1.8 1.8 1.5 1.5 2.7 2.5 2.5 2.5 2.5 23/08/1963
1.1 1.0 0.9 1.0 0.9 0.9 2.5 2.5 2.5 2.4 2.5 2.5 1.1 1.1 0.9 0.9 0.9 0.9 2.6 2.5 2.5 2.5 2.6 1.1 1.1 1.1 1.1 1.1 24/08/1963
1.5 1.3 1.3 1.3 1.3 1.3 2.0 1.9 1.9 1.8 2.0 2.0 1.5 1.5 1.2 1.2 1.2 1.2 2.0 2.0 1.9 2.0 2.1 1.4 1.5 1.5 1.5 1.5 25/08/1963
1.7 1.6 1.6 1.6 1.6 1.6 2.7 2.7 2.6 2.6 2.8 2.8 1.7 1.7 1.6 1.6 1.6 1.6 2.7 2.7 2.7 2.8 2.8 1.9 1.7 1.7 1.7 1.6 26/08/1963
2.0 2.0 2.0 2.0 2.0 2.0 2.3 2.3 2.2 2.2 2.2 2.2 1.9 1.9 2.0 2.0 2.0 2.0 2.4 2.3 2.3 2.3 2.3 1.9 2.0 2.0 1.9 1.9 27/08/1963
2.8 2.5 2.5 2.5 2.5 2.5 2.6 2.5 2.5 2.5 2.2 2.2 2.7 2.7 2.4 2.4 2.4 2.4 2.6 2.6 2.6 2.2 2.2 2.2 2.8 2.8 2.7 2.7 28/08/1963
2.8 1.7 1.7 1.7 1.7 1.7 2.5 2.4 2.4 2.3 2.2 2.2 2.8 2.8 1.8 1.8 1.8 1.8 2.5 2.5 2.4 2.3 2.3 2.8 2.8 2.8 2.8 2.8 29/08/1963
1.1 1.5 1.5 1.5 1.5 1.5 2.6 2.6 2.5 2.5 2.7 2.7 1.2 1.2 1.5 1.5 1.5 1.5 2.7 2.6 2.6 2.8 2.8 1.2 1.1 1.1 1.2 1.2 30/08/1963
1.8 1.0 1.0 1.0 1.0 1.0 0.8 0.7 0.7 0.7 0.8 0.8 1.7 1.7 1.0 1.0 1.0 1.0 0.8 0.8 0.8 0.9 0.9 2.0 1.7 1.7 1.7 1.7 31/08/1963
1.7 1.7 1.7 1.7 1.7 1.7 2.4 2.3 2.3 2.2 2.7 2.7 1.7 1.7 1.7 1.7 1.7 1.7 2.4 2.4 2.3 2.8 2.8 1.7 1.7 1.7 1.7 1.7 01/09/1963
0.8 0.6 0.5 0.6 0.6 0.5 2.9 2.8 2.7 2.7 3.1 3.1 0.8 0.8 0.5 0.5 0.5 0.5 2.9 2.8 2.8 3.2 3.2 0.8 0.8 0.8 0.8 0.8 02/09/1963
2.1 2.4 2.4 2.4 2.4 2.4 1.4 1.4 1.4 1.4 2.0 2.0 2.1 2.1 2.4 2.4 2.4 2.4 1.4 1.4 1.4 2.1 2.1 2.2 2.1 2.1 2.1 2.1 03/09/1963
0.6 0.6 0.6 0.6 0.6 0.6 1.6 1.5 1.5 1.5 2.1 2.1 0.6 0.6 0.6 0.6 0.6 0.6 1.6 1.6 1.5 2.2 2.2 0.6 0.6 0.6 0.6 0.6 04/09/1963
1.8 2.2 2.1 2.1 2.1 2.1 0.9 0.8 0.8 0.8 0.8 0.8 1.8 1.8 2.1 2.1 2.1 2.1 0.9 0.9 0.9 0.9 0.9 1.8 1.8 1.8 1.8 1.8 05/09/1963
1.3 1.1 1.1 1.1 1.1 1.1 0.5 0.4 0.4 0.4 0.4 0.4 1.3 1.3 1.1 1.1 1.1 1.1 0.5 0.5 0.5 0.4 0.5 1.3 1.3 1.3 1.3 1.2 06/09/1963
1.2 1.9 1.9 1.9 1.9 1.9 2.2 2.2 2.2 2.2 2.3 2.3 1.1 1.1 1.8 1.8 1.8 1.8 2.3 2.2 2.2 2.4 2.4 0.7 1.2 1.2 1.1 1.1 07/09/1963
1.5 2.3 2.3 2.3 2.3 2.3 2.1 2.1 2.1 2.1 2.3 2.3 1.5 1.5 2.3 2.3 2.3 2.3 2.2 2.1 2.1 2.4 2.5 1.3 1.5 1.5 1.5 1.5 08/09/1963
1.7 1.5 1.5 1.5 1.5 1.5 2.5 2.5 2.4 2.3 2.1 2.1 1.6 1.6 1.5 1.5 1.5 1.5 2.6 2.5 2.5 2.2 2.2 1.7 1.6 1.6 1.6 1.6 09/09/1963
1.0 0.9 0.9 0.9 0.9 0.9 2.1 2.0 2.0 1.9 1.4 1.4 1.1 1.1 0.9 0.9 0.9 0.9 2.2 2.1 2.1 1.5 1.6 1.0 1.1 1.1 1.1 1.1 10/09/1963
0.6 0.7 0.7 0.7 0.7 0.7 0.8 0.8 0.8 0.7 0.9 0.9 0.5 0.5 0.7 0.7 0.7 0.7 0.8 0.8 0.8 0.9 1.0 0.4 0.5 0.5 0.5 0.5 11/09/1963
2.2 2.2 2.2 2.2 2.2 2.2 2.2 2.2 2.2 2.1 1.8 1.8 2.2 2.2 2.2 2.2 2.2 2.2 2.3 2.2 2.2 1.9 1.9 2.4 2.2 2.2 2.2 2.2 12/09/1963
2.1 2.1 2.1 2.1 2.1 2.1 2.4 2.3 2.3 2.3 2.6 2.6 2.0 2.0 2.0 2.0 2.1 2.0 2.4 2.4 2.3 2.6 2.6 1.8 2.0 2.0 2.0 2.0 13/09/1963
2.7 2.4 2.4 2.4 2.4 2.4 3.3 3.3 3.3 3.3 3.2 3.2 2.6 2.6 2.4 2.4 2.4 2.4 3.4 3.3 3.3 3.2 3.3 2.4 2.7 2.7 2.6 2.6 14/09/1963
3.0 2.9 2.9 2.9 2.9 2.9 3.5 3.5 3.5 3.5 3.3 3.3 3.0 3.0 2.9 2.9 2.9 2.9 3.5 3.5 3.5 3.3 3.4 3.0 3.0 3.0 3.0 3.0 15/09/1963
2.3 2.1 2.1 2.1 2.1 2.1 2.2 2.2 2.1 2.1 1.9 1.8 2.3 2.3 2.1 2.1 2.1 2.1 2.3 2.2 2.2 1.9 1.9 2.4 2.3 2.3 2.3 2.3 16/09/1963
2.6 2.3 2.3 2.3 2.3 2.3 2.3 2.3 2.3 2.2 2.2 2.2 2.6 2.6 2.3 2.3 2.3 2.3 2.4 2.3 2.3 2.2 2.2 2.4 2.6 2.6 2.6 2.6 17/09/1963
2.2 2.0 2.0 2.0 2.0 2.0 2.4 2.4 2.4 2.4 2.0 2.0 2.2 2.2 2.0 2.0 2.0 2.0 2.4 2.4 2.4 2.0 2.0 2.3 2.2 2.2 2.2 2.2 18/09/1963
1.1 1.2 1.2 1.2 1.2 1.2 2.5 2.4 2.4 2.3 2.3 2.3 1.1 1.1 1.2 1.2 1.2 1.2 2.5 2.5 2.4 2.4 2.4 1.1 1.1 1.1 1.1 1.1 19/09/1963
1.8 2.4 2.4 2.4 2.4 2.4 2.1 2.1 2.0 2.0 2.3 2.3 1.7 1.7 2.3 2.4 2.4 2.3 2.2 2.1 2.1 2.4 2.5 1.4 1.7 1.7 1.7 1.6 20/09/1963
0.8 0.8 0.8 0.8 0.8 0.8 1.9 1.8 1.7 1.7 1.6 1.6 0.8 0.8 0.8 0.8 0.8 0.8 1.9 1.8 1.8 1.7 1.8 0.8 0.8 0.8 0.8 0.8 21/09/1963
1.9 2.5 2.4 2.5 2.4 2.4 2.4 2.3 2.2 2.1 2.4 2.4 1.8 1.8 2.4 2.4 2.4 2.4 2.5 2.4 2.3 2.5 2.6 1.5 1.9 1.9 1.8 1.8 22/09/1963
0.9 0.8 0.8 0.8 0.8 0.8 2.4 2.4 2.3 2.2 2.0 2.0 0.8 0.8 0.7 0.7 0.7 0.7 2.5 2.4 2.4 2.1 2.1 0.7 0.8 0.8 0.8 0.8 23/09/1963
1.2 1.2 1.2 1.2 1.2 1.2 1.9 1.9 1.9 1.8 1.8 1.8 1.2 1.2 1.1 1.1 1.1 1.1 2.0 1.9 1.9 1.9 1.9 1.0 1.2 1.2 1.2 1.2 24/09/1963
2.0 2.2 2.2 2.2 2.2 2.2 1.8 1.8 1.7 1.6 1.5 1.5 2.0 2.0 2.2 2.2 2.2 2.2 1.9 1.8 1.8 1.5 1.5 2.0 2.0 2.0 2.0 2.0 25/09/1963
1.0 1.0 1.0 1.0 1.0 1.0 1.0 1.0 1.0 1.0 1.2 1.2 1.0 1.0 1.0 1.0 1.0 1.0 1.0 1.0 1.0 1.2 1.2 0.8 1.0 1.0 1.0 1.0 26/09/1963
2.4 2.3 2.3 2.3 2.3 2.3 2.1 2.1 2.2 2.2 2.4 2.4 2.4 2.4 2.2 2.2 2.2 2.2 2.1 2.1 2.1 2.4 2.4 2.6 2.4 2.4 2.4 2.4 27/09/1963
2.6 2.2 2.1 2.2 2.1 2.1 1.8 1.7 1.7 1.7 1.6 1.6 2.5 2.5 2.1 2.1 2.1 2.1 1.8 1.8 1.7 1.6 1.6 2.6 2.5 2.5 2.5 2.5 28/09/1963
1.0 1.0 1.0 1.0 1.0 1.0 1.2 1.2 1.2 1.2 1.1 1.1 1.0 1.0 1.0 1.0 1.0 1.0 1.2 1.2 1.2 1.2 1.2 0.8 1.0 1.0 1.0 1.0 29/09/1963
1.8 1.7 1.7 1.7 1.7 1.7 2.0 2.0 2.0 1.9 1.9 1.9 1.7 1.7 1.6 1.6 1.6 1.6 2.1 2.0 2.0 2.0 2.1 1.8 1.8 1.8 1.7 1.7 30/09/1963
1.0 1.0 1.0 1.0 1.0 1.0 1.8 1.7 1.6 1.6 1.4 1.4 1.0 1.0 1.0 1.0 1.0 1.0 1.9 1.8 1.7 1.6 1.6 1.0 1.0 1.0 1.0 1.0 01/10/1963
1.5 1.6 1.6 1.6 1.6 1.6 1.4 1.4 1.3 1.3 1.1 1.1 1.5 1.5 1.5 1.5 1.5 1.5 1.4 1.4 1.4 1.2 1.2 1.6 1.5 1.5 1.5 1.5 02/10/1963
1.0 0.4 0.4 0.4 0.4 0.4 1.6 1.6 1.5 1.5 1.5 1.5 0.9 0.9 0.4 0.4 0.4 0.4 1.6 1.6 1.6 1.6 1.6 1.2 0.9 0.9 0.9 0.9 03/10/1963
1.5 1.5 1.5 1.5 1.5 1.5 1.6 1.5 1.5 1.5 1.4 1.4 1.5 1.5 1.5 1.5 1.5 1.5 1.6 1.6 1.6 1.4 1.4 1.4 1.5 1.5 1.5 1.5 04/10/1963
0.6 0.7 0.7 0.7 0.7 0.7 0.9 0.9 0.8 0.8 0.8 0.7 0.6 0.6 0.8 0.8 0.8 0.8 1.0 0.9 0.9 0.8 0.8 0.6 0.6 0.6 0.6 0.6 05/10/1963
0.6 0.4 0.4 0.4 0.4 0.4 0.7 0.7 0.7 0.7 0.9 0.9 0.6 0.6 0.5 0.5 0.5 0.5 0.8 0.7 0.7 0.9 1.0 0.5 0.6 0.6 0.6 0.6 06/10/1963
1.1 1.0 0.9 1.0 1.0 0.9 1.0 0.9 0.9 0.9 1.0 1.0 1.1 1.1 0.9 0.9 0.9 0.9 1.0 0.9 0.9 1.0 1.1 1.3 1.1 1.1 1.1 1.1 07/10/1963
1.1 1.3 1.2 1.3 1.3 1.2 1.1 1.1 1.1 1.1 0.9 0.9 1.1 1.1 1.2 1.2 1.2 1.2 1.1 1.1 1.1 0.9 0.9 1.0 1.1 1.1 1.1 1.1 08/10/1963
1.8 1.8 1.8 1.8 1.8 1.8 1.3 1.3 1.2 1.2 1.2 1.2 1.7 1.7 1.7 1.8 1.8 1.7 1.4 1.3 1.3 1.3 1.3 1.6 1.7 1.7 1.7 1.7 09/10/1963
0.9 0.8 0.7 0.8 0.8 0.7 1.1 1.1 1.1 1.0 0.9 0.9 0.9 0.9 0.7 0.7 0.7 0.7 1.2 1.1 1.1 0.9 1.0 0.9 0.9 0.9 0.9 0.9 10/10/1963
0.9 1.0 1.0 1.0 1.0 1.0 1.1 1.1 1.0 1.0 1.0 1.0 0.9 0.9 1.0 1.0 1.0 1.0 1.2 1.1 1.1 1.1 1.2 1.0 0.9 0.9 0.9 0.8 11/10/1963
2.0 1.4 1.4 1.4 1.4 1.4 1.2 1.2 1.1 1.1 1.1 1.1 2.0 2.0 1.4 1.4 1.4 1.4 1.3 1.2 1.2 1.2 1.2 2.4 2.0 2.0 2.0 2.0 12/10/1963
1.3 1.2 1.2 1.2 1.2 1.2 1.5 1.4 1.3 1.3 1.8 1.8 1.2 1.2 1.1 1.2 1.2 1.1 1.5 1.5 1.4 1.9 1.9 1.1 1.2 1.2 1.2 1.2 13/10/1963
1.8 1.5 1.5 1.5 1.5 1.5 1.4 1.4 1.3 1.3 1.4 1.4 1.8 1.8 1.4 1.4 1.4 1.4 1.4 1.4 1.4 1.4 1.4 1.8 1.8 1.8 1.8 1.8 14/10/1963
2.0 1.7 1.7 1.7 1.7 1.7 1.3 1.3 1.3 1.4 1.2 1.2 2.0 2.0 1.7 1.7 1.7 1.7 1.3 1.3 1.3 1.2 1.2 2.1 2.0 2.0 2.0 2.0 15/10/1963
1.4 1.4 1.4 1.4 1.4 1.4 1.0 1.0 1.0 1.0 1.0 1.0 1.3 1.3 1.4 1.4 1.4 1.4 1.0 1.0 1.0 1.0 1.0 1.3 1.4 1.4 1.3 1.3 16/10/1963
1.3 1.6 1.6 1.6 1.6 1.6 1.2 1.2 1.2 1.2 1.2 1.2 1.3 1.3 1.6 1.6 1.6 1.6 1.2 1.2 1.2 1.2 1.2 1.3 1.3 1.3 1.3 1.3 17/10/1963
0.7 0.6 0.5 0.6 0.6 0.5 1.2 1.1 1.1 1.0 1.0 1.0 0.7 0.7 0.5 0.5 0.5 0.5 1.3 1.2 1.1 1.1 1.2 0.8 0.7 0.7 0.7 0.6 18/10/1963
1.0 0.8 0.8 0.8 0.8 0.8 1.7 1.7 1.7 1.7 1.5 1.5 1.0 1.0 0.8 0.8 0.8 0.8 1.7 1.7 1.7 1.6 1.6 1.0 1.0 1.0 1.0 1.0 19/10/1963
0.7 0.6 0.6 0.6 0.6 0.6 1.1 1.1 1.1 1.1 1.4 1.4 0.8 0.8 0.6 0.6 0.6 0.6 1.1 1.1 1.1 1.3 1.3 0.5 0.8 0.8 0.8 0.8 20/10/1963
1.2 1.1 1.1 1.1 1.1 1.1 0.9 0.9 0.8 0.8 1.0 1.0 1.1 1.1 1.1 1.1 1.1 1.1 1.0 0.9 0.9 1.1 1.1 1.1 1.2 1.2 1.1 1.1 21/10/1963
0.8 0.7 0.7 0.7 0.7 0.7 0.7 0.7 0.6 0.6 0.5 0.5 0.7 0.7 0.7 0.7 0.7 0.7 0.7 0.7 0.7 0.5 0.5 0.8 0.8 0.8 0.7 0.7 22/10/1963
1.7 1.2 1.1 1.2 1.1 1.1 0.3 0.2 0.2 0.2 0.4 0.4 1.6 1.6 1.1 1.1 1.1 1.1 0.3 0.3 0.2 0.6 0.6 1.9 1.7 1.7 1.6 1.6 23/10/1963
0.6 0.7 0.7 0.7 0.7 0.7 0.9 0.8 0.8 0.7 1.0 1.0 0.6 0.6 0.6 0.6 0.6 0.6 1.0 0.9 0.9 1.1 1.1 0.5 0.6 0.6 0.6 0.6 24/10/1963
0.9 0.9 0.9 0.9 0.9 0.9 1.3 1.2 1.2 1.1 1.2 1.2 0.9 0.9 0.9 0.9 0.9 0.9 1.3 1.2 1.2 1.3 1.3 0.8 0.9 0.9 0.9 0.9 25/10/1963
1.2 1.1 1.1 1.1 1.1 1.1 1.0 1.0 1.0 1.0 1.0 1.0 1.2 1.2 1.1 1.1 1.1 1.1 0.9 1.0 1.0 1.0 0.9 1.1 1.2 1.2 1.2 1.2 26/10/1963
0.6 0.6 0.5 0.6 0.6 0.5 1.1 1.1 1.1 1.1 0.9 0.9 0.6 0.6 0.5 0.5 0.5 0.5 1.1 1.1 1.1 1.0 1.0 0.6 0.6 0.6 0.6 0.6 27/10/1963
0.3 0.2 0.2 0.2 0.2 0.2 0.5 0.5 0.4 0.4 0.7 0.7 0.3 0.3 0.2 0.2 0.2 0.2 0.5 0.5 0.5 0.7 0.8 0.3 0.3 0.3 0.3 0.3 28/10/1963
0.3 0.4 0.4 0.4 0.4 0.4 0.7 0.7 0.7 0.7 0.7 0.7 0.3 0.3 0.5 0.5 0.5 0.5 0.8 0.7 0.7 0.8 0.9 0.3 0.3 0.3 0.3 0.3 29/10/1963
1.0 1.0 0.9 1.0 1.0 0.9 1.7 1.6 1.5 1.4 1.8 1.7 0.9 0.9 0.8 0.8 0.8 0.8 1.8 1.7 1.7 1.9 1.9 0.8 1.0 1.0 0.9 0.9 30/10/1963
0.3 0.2 0.2 0.2 0.2 0.2 0.8 0.8 0.8 0.8 0.9 0.9 0.3 0.3 0.2 0.2 0.2 0.2 0.9 0.8 0.8 0.9 1.0 0.5 0.3 0.3 0.3 0.3 31/10/1963
1.1 1.2 1.2 1.2 1.2 1.2 1.7 1.6 1.6 1.5 1.5 1.5 1.1 1.1 1.2 1.2 1.2 1.2 1.7 1.7 1.6 1.6 1.6 0.9 1.1 1.1 1.1 1.1 01/11/1963
1.0 0.7 0.7 0.7 0.7 0.7 1.3 1.3 1.3 1.3 1.3 1.3 1.0 1.0 0.7 0.7 0.7 0.7 1.3 1.3 1.3 1.3 1.3 1.1 1.0 1.0 1.0 1.0 02/11/1963
0.8 0.4 0.4 0.4 0.4 0.4 0.8 0.8 0.8 0.8 0.8 0.8 0.8 0.8 0.4 0.4 0.4 0.4 0.9 0.8 0.8 0.8 0.9 0.8 0.8 0.8 0.8 0.8 03/11/1963
1.7 1.0 1.0 1.0 1.0 1.0 0.8 0.8 0.7 0.7 0.7 0.7 1.7 1.7 1.0 1.0 1.0 1.0 0.9 0.8 0.8 0.8 0.8 1.7 1.7 1.7 1.7 1.7 04/11/1963
0.6 0.8 0.8 0.8 0.8 0.8 1.6 1.5 1.5 1.5 1.6 1.6 0.6 0.6 0.7 0.7 0.7 0.7 1.6 1.6 1.5 1.6 1.6 0.4 0.6 0.6 0.6 0.6 05/11/1963
0.5 0.4 0.4 0.4 0.4 0.4 0.7 0.7 0.7 0.7 0.7 0.7 0.5 0.5 0.4 0.4 0.4 0.4 0.7 0.7 0.7 0.7 0.7 0.5 0.5 0.5 0.5 0.5 06/11/1963
1.2 1.0 1.0 1.0 1.0 1.0 0.9 0.9 0.9 0.8 0.9 0.9 1.2 1.2 1.0 1.0 1.0 1.0 0.9 0.9 0.9 1.0 1.0 1.2 1.2 1.2 1.2 1.2 07/11/1963
1.3 1.0 1.0 1.0 1.0 1.0 1.1 1.0 1.0 0.9 0.7 0.7 1.2 1.2 1.0 1.0 1.0 1.0 1.2 1.1 1.0 0.8 0.8 1.3 1.2 1.2 1.2 1.2 08/11/1963
1.1 0.8 0.8 0.8 0.8 0.8 0.9 0.9 0.8 0.8 0.9 0.9 1.1 1.1 0.8 0.8 0.8 0.8 0.9 0.9 0.9 0.9 0.9 1.1 1.1 1.1 1.1 1.1 09/11/1963
1.2 0.6 0.6 0.6 0.6 0.6 0.5 0.5 0.5 0.5 0.4 0.4 1.2 1.2 0.6 0.6 0.6 0.6 0.6 0.5 0.5 0.5 0.5 1.5 1.2 1.2 1.2 1.2 10/11/1963
1.8 2.4 2.4 2.4 2.4 2.4 1.8 1.7 1.7 1.7 1.7 1.7 1.8 1.8 2.3 2.3 2.3 2.3 1.8 1.7 1.7 1.8 1.8 1.6 1.8 1.8 1.8 1.8 11/11/1963
1.5 1.7 1.7 1.7 1.7 1.7 1.4 1.3 1.3 1.2 1.2 1.1 1.4 1.4 1.7 1.7 1.7 1.7 1.4 1.4 1.3 1.3 1.3 1.4 1.4 1.4 1.4 1.4 12/11/1963
1.0 1.0 1.0 1.0 1.0 1.0 1.1 1.1 1.1 1.1 1.1 1.1 1.0 1.0 1.0 1.0 1.0 1.0 1.1 1.1 1.1 1.1 1.2 1.3 1.0 1.0 1.0 1.0 13/11/1963
0.7 0.7 0.7 0.7 0.7 0.7 0.5 0.5 0.6 0.6 0.7 0.7 0.8 0.8 0.7 0.7 0.7 0.7 0.6 0.5 0.5 0.7 0.7 0.8 0.8 0.8 0.8 0.8 14/11/1963
0.5 0.6 0.6 0.6 0.6 0.6 1.3 1.2 1.2 1.2 1.0 1.0 0.4 0.4 0.6 0.6 0.6 0.6 1.4 1.3 1.3 1.1 1.2 0.3 0.5 0.5 0.4 0.4 15/11/1963
1.0 0.7 0.7 0.7 0.7 0.7 1.5 1.4 1.4 1.4 1.4 1.4 1.0 1.0 0.7 0.7 0.7 0.7 1.5 1.5 1.4 1.5 1.5 1.1 1.0 1.0 1.0 1.0 16/11/1963
0.5 0.6 0.6 0.6 0.6 0.6 0.8 0.7 0.7 0.7 0.8 0.8 0.5 0.5 0.5 0.5 0.5 0.5 0.8 0.8 0.8 0.8 0.8 0.5 0.5 0.5 0.5 0.5 17/11/1963
2.3 2.2 2.1 2.2 2.2 2.1 1.5 1.5 1.4 1.4 1.3 1.3 2.3 2.3 2.1 2.1 2.1 2.1 1.6 1.5 1.5 1.4 1.4 2.2 2.3 2.3 2.3 2.2 18/11/1963
1.5 1.4 1.3 1.4 1.3 1.3 1.1 1.0 1.0 1.0 1.0 0.9 1.5 1.5 1.3 1.3 1.3 1.3 1.1 1.1 1.1 1.0 1.0 1.5 1.5 1.5 1.5 1.5 19/11/1963
0.6 0.4 0.4 0.4 0.4 0.4 0.5 0.5 0.5 0.5 0.5 0.5 0.6 0.6 0.4 0.4 0.4 0.4 0.5 0.5 0.5 0.5 0.5 0.7 0.6 0.6 0.6 0.6 20/11/1963
0.9 0.9 0.9 0.9 0.9 0.9 0.8 0.8 0.8 0.8 1.0 1.0 0.9 0.9 0.9 0.9 0.9 0.9 0.8 0.8 0.8 0.9 0.9 0.9 0.9 0.9 0.9 0.9 21/11/1963
0.6 0.4 0.3 0.4 0.3 0.3 0.6 0.5 0.4 0.4 0.3 0.3 0.6 0.6 0.3 0.3 0.3 0.3 0.6 0.5 0.5 0.4 0.4 0.6 0.6 0.6 0.6 0.6 22/11/1963
0.7 0.6 0.6 0.6 0.6 0.6 0.6 0.6 0.6 0.5 0.4 0.4 0.7 0.7 0.5 0.5 0.5 0.5 0.7 0.6 0.6 0.5 0.6 0.6 0.7 0.7 0.7 0.7 23/11/1963
0.8 0.6 0.6 0.6 0.6 0.6 1.0 1.0 1.0 1.0 1.2 1.2 0.9 0.9 0.5 0.5 0.5 0.5 1.0 1.0 1.0 1.2 1.2 1.2 0.9 0.9 1.0 1.0 24/11/1963
1.1 1.2 1.2 1.2 1.2 1.2 1.0 1.0 1.0 1.0 0.9 0.9 1.1 1.1 1.2 1.2 1.2 1.2 1.0 1.0 1.0 0.9 0.9 1.0 1.1 1.1 1.1 1.1 25/11/1963
0.7 0.7 0.6 0.7 0.7 0.6 0.6 0.6 0.6 0.6 0.7 0.7 0.7 0.7 0.6 0.6 0.6 0.6 0.6 0.6 0.6 0.7 0.7 0.7 0.7 0.7 0.7 0.7 26/11/1963
0.6 0.6 0.5 0.6 0.6 0.5 0.5 0.5 0.5 0.5 0.6 0.6 0.6 0.6 0.5 0.5 0.5 0.5 0.5 0.5 0.5 0.6 0.6 0.6 0.6 0.6 0.6 0.6 27/11/1963
0.4 0.2 0.2 0.2 0.2 0.2 0.2 0.1 0.1 0.1 0.2 0.2 0.4 0.4 0.2 0.2 0.2 0.2 0.2 0.1 0.1 0.2 0.2 0.2 0.4 0.4 0.4 0.3 28/11/1963
0.2 0.1 0.1 0.1 0.1 0.1 0.2 0.2 0.2 0.2 0.2 0.2 0.2 0.2 0.1 0.1 0.1 0.1 0.3 0.2 0.2 0.2 0.2 0.2 0.2 0.2 0.2 0.2 29/11/1963
0.2 0.2 0.2 0.2 0.2 0.2 0.2 0.2 0.1 0.1 0.3 0.3 0.2 0.2 0.2 0.2 0.2 0.2 0.3 0.2 0.2 0.4 0.4 0.2 0.2 0.2 0.2 0.2 30/11/1963
1.0 0.7 0.7 0.7 0.7 0.7 0.7 0.7 0.7 0.7 0.8 0.8 1.0 1.0 0.7 0.7 0.7 0.7 0.8 0.7 0.7 0.8 0.9 1.0 1.0 1.0 1.0 1.0 01/12/1963
1.7 1.6 1.6 1.6 1.6 1.6 1.0 1.1 1.1 1.1 1.2 1.2 1.7 1.7 1.6 1.6 1.6 1.6 1.0 1.0 1.1 1.2 1.2 1.5 1.7 1.7 1.7 1.7 02/12/1963
1.1 0.5 0.5 0.5 0.5 0.5 0.8 0.8 0.8 0.7 1.0 1.0 1.2 1.2 0.5 0.5 0.5 0.5 0.9 0.8 0.8 0.9 0.9 1.4 1.2 1.2 1.2 1.2 03/12/1963
0.3 0.2 0.2 0.2 0.2 0.2 0.4 0.4 0.3 0.3 0.4 0.4 0.3 0.3 0.2 0.2 0.2 0.2 0.4 0.4 0.4 0.4 0.4 0.4 0.3 0.3 0.3 0.3 04/12/1963
0.1 0.1 0.1 0.1 0.1 0.1 0.7 0.7 0.7 0.7 0.6 0.6 0.1 0.1 0.1 0.1 0.1 0.1 0.8 0.7 0.7 0.7 0.7 0.2 0.1 0.1 0.1 0.1 05/12/1963
0.5 0.5 0.5 0.5 0.5 0.5 0.6 0.6 0.6 0.6 0.8 0.8 0.5 0.5 0.5 0.5 0.5 0.5 0.6 0.6 0.6 0.8 0.8 0.6 0.5 0.5 0.5 0.5 06/12/1963
0.5 0.4 0.4 0.4 0.4 0.4 0.5 0.5 0.5 0.5 0.7 0.7 0.5 0.5 0.5 0.5 0.5 0.5 0.5 0.5 0.5 0.6 0.6 0.6 0.5 0.5 0.6 0.6 07/12/1963
0.3 0.3 0.3 0.3 0.3 0.3 0.5 0.5 0.5 0.5 0.6 0.6 0.3 0.3 0.3 0.3 0.3 0.3 0.5 0.5 0.5 0.6 0.6 0.3 0.3 0.3 0.3 0.3 08/12/1963
0.2 0.2 0.2 0.2 0.2 0.2 0.2 0.3 0.3 0.3 0.4 0.4 0.2 0.2 0.2 0.2 0.2 0.2 0.2 0.2 0.2 0.4 0.4 0.1 0.2 0.2 0.2 0.2 09/12/1963
0.2 0.3 0.3 0.3 0.3 0.3 0.2 0.2 0.2 0.2 0.3 0.3 0.3 0.3 0.3 0.3 0.3 0.3 0.2 0.2 0.2 0.3 0.3 0.2 0.3 0.3 0.3 0.3 10/12/1963
0.2 0.2 0.2 0.2 0.2 0.2 0.4 0.4 0.3 0.2 0.2 0.2 0.1 0.1 0.2 0.2 0.2 0.2 0.5 0.4 0.4 0.3 0.3 0.1 0.2 0.2 0.1 0.1 11/12/1963
0.3 0.4 0.4 0.4 0.4 0.4 0.4 0.4 0.4 0.3 0.4 0.4 0.3 0.3 0.3 0.3 0.3 0.3 0.5 0.4 0.4 0.4 0.4 0.2 0.3 0.3 0.3 0.3 12/12/1963
0.8 0.8 0.8 0.8 0.8 0.8 0.7 0.7 0.7 0.7 0.8 0.8 0.7 0.7 0.8 0.8 0.8 0.8 0.7 0.7 0.7 0.9 0.9 0.7 0.7 0.7 0.7 0.7 13/12/1963
0.6 0.7 0.7 0.7 0.7 0.7 0.3 0.3 0.3 0.3 0.2 0.2 0.6 0.6 0.7 0.7 0.7 0.7 0.3 0.3 0.3 0.2 0.2 0.7 0.6 0.6 0.6 0.6 14/12/1963
0.5 0.4 0.4 0.4 0.4 0.4 0.5 0.5 0.5 0.5 0.4 0.3 0.5 0.5 0.4 0.4 0.4 0.4 0.5 0.5 0.5 0.4 0.4 0.4 0.5 0.5 0.5 0.5 15/12/1963
0.4 0.3 0.2 0.3 0.3 0.2 0.4 0.4 0.3 0.3 0.4 0.4 0.3 0.3 0.2 0.2 0.2 0.2 0.4 0.4 0.4 0.4 0.4 0.4 0.4 0.4 0.3 0.3 16/12/1963
0.4 0.4 0.3 0.4 0.4 0.3 0.2 0.1 0.1 0.1 0.2 0.2 0.4 0.4 0.3 0.3 0.3 0.3 0.2 0.2 0.1 0.2 0.2 0.5 0.4 0.4 0.4 0.4 17/12/1963
0.2 0.2 0.2 0.2 0.2 0.2 0.2 0.1 0.1 0.1 0.1 0.1 0.2 0.2 0.2 0.2 0.2 0.2 0.2 0.2 0.2 0.1 0.2 0.2 0.2 0.2 0.2 0.2 18/12/1963
0.3 0.3 0.3 0.3 0.3 0.3 0.2 0.2 0.1 0.1 0.1 0.1 0.3 0.3 0.3 0.3 0.3 0.3 0.3 0.2 0.2 0.1 0.2 0.4 0.3 0.3 0.3 0.3 19/12/1963
0.4 0.3 0.3 0.3 0.3 0.3 0.3 0.3 0.3 0.3 0.3 0.3 0.4 0.4 0.3 0.3 0.3 0.3 0.3 0.3 0.3 0.3 0.3 0.3 0.4 0.4 0.4 0.3 20/12/1963
0.4 0.3 0.2 0.3 0.3 0.2 0.1 0.1 0.1 0.0 0.0 0.0 0.4 0.4 0.2 0.2 0.2 0.2 0.2 0.1 0.1 0.1 0.1 0.6 0.4 0.4 0.4 0.4 21/12/1963
0.2 0.2 0.1 0.2 0.2 0.1 0.1 0.1 0.1 0.1 0.1 0.1 0.2 0.2 0.1 0.1 0.1 0.1 0.1 0.1 0.1 0.1 0.1 0.2 0.2 0.2 0.2 0.2 22/12/1963
0.3 0.2 0.2 0.2 0.2 0.2 0.2 0.2 0.2 0.2 0.1 0.1 0.2 0.2 0.2 0.2 0.2 0.2 0.2 0.2 0.2 0.2 0.2 0.3 0.3 0.3 0.2 0.2 23/12/1963
0.8 0.4 0.4 0.4 0.4 0.4 0.4 0.4 0.5 0.5 0.5 0.5 0.8 0.8 0.4 0.4 0.4 0.4 0.4 0.4 0.4 0.4 0.4 1.1 0.8 0.8 0.7 0.7 24/12/1963
0.0 0.6 0.6 0.6 0.6 0.6 0.5 0.5 0.6 0.6 0.8 0.8 0.1 0.1 0.6 0.6 0.6 0.6 0.5 0.5 0.5 0.7 0.7 0.0 0.0 0.0 0.1 0.1 25/12/1963
0.3 0.2 0.2 0.2 0.2 0.2 1.0 0.9 0.8 0.8 0.7 0.7 0.3 0.3 0.2 0.2 0.2 0.2 1.1 1.0 0.9 0.8 0.9 0.3 0.3 0.3 0.3 0.3 26/12/1963
0.4 0.4 0.4 0.4 0.4 0.4 0.4 0.4 0.3 0.3 0.3 0.3 0.4 0.4 0.3 0.3 0.3 0.3 0.4 0.4 0.4 0.4 0.4 0.5 0.4 0.4 0.4 0.4 27/12/1963
0.5 0.3 0.2 0.3 0.3 0.2 0.3 0.2 0.2 0.1 0.1 0.1 0.4 0.4 0.2 0.2 0.2 0.2 0.3 0.2 0.2 0.1 0.2 0.6 0.4 0.4 0.4 0.4 28/12/1963
0.4 0.4 0.4 0.4 0.4 0.4 0.3 0.3 0.3 0.3 0.3 0.3 0.4 0.4 0.4 0.4 0.4 0.4 0.3 0.3 0.3 0.3 0.3 0.3 0.4 0.4 0.4 0.4 29/12/1963
0.2 0.2 0.2 0.2 0.2 0.2 0.0 0.0 0.1 0.1 0.1 0.1 0.2 0.2 0.2 0.2 0.2 0.2 0.1 0.0 0.0 0.0 0.0 0.2 0.2 0.2 0.2 0.2 30/12/1963
0.0 0.1 0.1 0.1 0.1 0.1 0.5 0.5 0.5 0.4 0.6 0.6 0.0 0.0 0.1 0.1 0.1 0.1 0.5 0.5 0.5 0.7 0.7 0.2 0.0 0.0 0.0 0.0 31/12/1963
0.4 0.4 0.4 0.4 0.4 0.4 0.2 0.2 0.2 0.2 0.2 0.2 0.4 0.4 0.4 0.4 0.4 0.4 0.2 0.2 0.2 0.2 0.2 0.3 0.4 0.4 0.4 0.4 01/01/1964
0.3 0.4 0.4 0.4 0.4 0.4 0.2 0.1 0.1 0.1 0.2 0.2 0.2 0.2 0.4 0.4 0.4 0.4 0.2 0.2 0.1 0.2 0.2 0.3 0.3 0.3 0.2 0.2 02/01/1964
0.2 0.2 0.2 0.2 0.2 0.2 0.4 0.3 0.3 0.3 0.4 0.4 0.2 0.2 0.2 0.2 0.2 0.2 0.4 0.4 0.4 0.4 0.4 0.2 0.2 0.2 0.2 0.2 03/01/1964
0.3 0.2 0.2 0.2 0.2 0.2 0.3 0.3 0.2 0.2 0.3 0.3 0.2 0.2 0.2 0.2 0.2 0.2 0.3 0.3 0.3 0.3 0.3 0.3 0.3 0.3 0.2 0.2 04/01/1964
0.4 0.4 0.4 0.4 0.4 0.4 0.2 0.1 0.2 0.2 0.2 0.2 0.3 0.3 0.3 0.3 0.3 0.3 0.2 0.2 0.1 0.1 0.1 0.4 0.3 0.3 0.3 0.3 05/01/1964
0.6 0.4 0.3 0.4 0.4 0.3 0.3 0.2 0.2 0.1 0.0 0.0 0.6 0.6 0.3 0.3 0.3 0.3 0.3 0.3 0.2 0.1 0.1 0.6 0.6 0.6 0.6 0.5 06/01/1964
0.5 0.6 0.5 0.6 0.6 0.5 0.3 0.3 0.3 0.3 0.3 0.3 0.5 0.5 0.5 0.5 0.5 0.5 0.4 0.3 0.3 0.3 0.3 0.5 0.5 0.5 0.5 0.5 07/01/1964
0.3 0.2 0.2 0.2 0.2 0.2 0.1 0.1 0.1 0.1 0.1 0.1 0.3 0.3 0.2 0.2 0.2 0.2 0.2 0.1 0.1 0.1 0.1 0.3 0.3 0.3 0.3 0.3 08/01/1964
0.2 0.2 0.2 0.2 0.2 0.2 0.1 0.0 0.0 0.1 0.0 0.0 0.2 0.2 0.2 0.2 0.2 0.2 0.1 0.1 0.0 0.0 0.0 0.2 0.2 0.2 0.2 0.2 09/01/1964
0.3 0.2 0.1 0.1 0.1 0.1 0.6 0.6 0.5 0.5 0.5 0.5 0.3 0.3 0.1 0.1 0.1 0.1 0.6 0.6 0.6 0.5 0.5 0.4 0.3 0.3 0.3 0.3 10/01/1964
0.2 0.3 0.3 0.3 0.3 0.3 0.3 0.3 0.3 0.2 0.3 0.3 0.2 0.2 0.3 0.3 0.3 0.3 0.3 0.3 0.3 0.3 0.3 0.1 0.2 0.2 0.2 0.2 11/01/1964
0.4 0.4 0.4 0.4 0.4 0.3 0.2 0.2 0.2 0.2 0.1 0.1 0.3 0.3 0.3 0.3 0.3 0.3 0.2 0.2 0.2 0.1 0.1 0.2 0.3 0.3 0.3 0.3 12/01/1964
1.1 0.7 0.6 0.7 0.6 0.6 0.3 0.3 0.3 0.3 0.3 0.3 1.1 1.1 0.6 0.6 0.6 0.6 0.3 0.3 0.3 0.3 0.3 1.1 1.1 1.1 1.1 1.1 13/01/1964
0.2 0.2 0.2 0.2 0.2 0.2 0.3 0.3 0.3 0.2 0.2 0.2 0.2 0.2 0.1 0.1 0.1 0.1 0.4 0.3 0.3 0.2 0.2 0.2 0.2 0.2 0.1 0.1 14/01/1964
0.5 0.5 0.5 0.5 0.5 0.5 0.3 0.3 0.3 0.3 0.3 0.3 0.4 0.4 0.5 0.5 0.5 0.5 0.4 0.3 0.3 0.3 0.3 0.4 0.4 0.4 0.4 0.3 15/01/1964
0.6 0.6 0.6 0.6 0.6 0.6 1.0 1.0 1.0 1.0 1.0 1.0 0.6 0.6 0.6 0.6 0.6 0.6 1.0 1.0 1.0 1.0 1.0 0.5 0.6 0.6 0.6 0.6 16/01/1964
1.0 1.0 1.0 1.0 1.0 1.0 1.0 1.0 1.0 1.0 1.0 1.0 1.0 1.0 1.0 1.0 1.0 1.0 1.0 1.0 1.0 1.1 1.1 0.9 1.0 1.0 1.0 1.0 17/01/1964
0.5 0.2 0.2 0.2 0.2 0.2 0.4 0.4 0.3 0.3 0.3 0.3 0.5 0.5 0.2 0.2 0.2 0.2 0.4 0.4 0.4 0.3 0.3 0.5 0.5 0.5 0.5 0.4 18/01/1964
0.4 0.4 0.3 0.4 0.4 0.3 0.3 0.3 0.3 0.3 0.3 0.3 0.4 0.4 0.3 0.3 0.3 0.3 0.3 0.3 0.3 0.3 0.3 0.4 0.4 0.4 0.4 0.4 19/01/1964
0.5 0.4 0.4 0.4 0.4 0.4 0.3 0.3 0.3 0.2 0.3 0.3 0.4 0.4 0.4 0.4 0.4 0.4 0.3 0.3 0.3 0.3 0.3 0.4 0.5 0.5 0.4 0.4 20/01/1964
0.4 0.3 0.3 0.3 0.3 0.3 0.3 0.3 0.3 0.2 0.2 0.1 0.4 0.4 0.3 0.3 0.3 0.3 0.4 0.3 0.3 0.2 0.2 0.3 0.4 0.4 0.4 0.4 21/01/1964
0.1 0.3 0.3 0.3 0.3 0.3 0.1 0.1 0.1 0.0 0.0 0.0 0.1 0.1 0.2 0.3 0.3 0.2 0.2 0.1 0.1 0.1 0.1 0.1 0.1 0.1 0.1 0.1 22/01/1964
0.3 0.4 0.4 0.4 0.4 0.4 0.3 0.3 0.2 0.2 0.2 0.2 0.3 0.3 0.4 0.4 0.4 0.4 0.4 0.3 0.3 0.3 0.3 0.3 0.3 0.3 0.3 0.3 23/01/1964
0.3 0.3 0.3 0.3 0.3 0.3 0.2 0.2 0.2 0.1 0.1 0.1 0.3 0.3 0.2 0.2 0.2 0.2 0.3 0.2 0.2 0.2 0.2 0.3 0.3 0.3 0.3 0.2 24/01/1964
0.4 0.4 0.4 0.4 0.4 0.4 0.2 0.2 0.1 0.1 0.1 0.1 0.3 0.3 0.4 0.4 0.4 0.4 0.2 0.2 0.2 0.2 0.2 0.4 0.4 0.4 0.3 0.3 25/01/1964
0.6 0.5 0.5 0.5 0.5 0.5 0.5 0.5 0.4 0.4 0.3 0.3 0.6 0.6 0.5 0.5 0.5 0.5 0.6 0.5 0.5 0.4 0.4 0.6 0.6 0.6 0.6 0.6 26/01/1964
0.6 0.5 0.5 0.5 0.5 0.5 0.6 0.6 0.5 0.5 0.6 0.6 0.6 0.6 0.5 0.5 0.5 0.5 0.7 0.6 0.6 0.6 0.6 0.6 0.6 0.6 0.6 0.6 27/01/1964
0.9 0.7 0.7 0.7 0.7 0.7 0.5 0.5 0.5 0.5 0.4 0.4 0.8 0.8 0.7 0.7 0.7 0.7 0.5 0.5 0.5 0.4 0.4 0.9 0.8 0.8 0.8 0.8 28/01/1964
0.8 0.8 0.9 0.8 0.9 0.9 0.5 0.5 0.4 0.4 0.4 0.3 0.8 0.8 0.9 0.9 0.9 0.9 0.5 0.5 0.5 0.4 0.4 0.7 0.8 0.8 0.8 0.8 29/01/1964
0.7 1.1 1.0 1.1 1.0 1.0 0.6 0.6 0.5 0.5 0.7 0.7 0.7 0.7 1.0 1.0 1.0 1.0 0.6 0.6 0.6 0.6 0.6 0.5 0.7 0.7 0.7 0.8 30/01/1964
0.6 0.6 0.6 0.6 0.6 0.6 0.6 0.6 0.6 0.6 0.7 0.7 0.6 0.6 0.6 0.6 0.6 0.6 0.6 0.6 0.6 0.7 0.7 0.5 0.6 0.6 0.6 0.6 31/01/1964
0.8 1.0 1.0 1.0 1.0 0.9 0.5 0.5 0.5 0.5 0.3 0.3 0.7 0.7 0.9 0.9 0.9 0.9 0.6 0.5 0.5 0.3 0.4 0.7 0.8 0.8 0.7 0.7 01/02/1964
0.7 0.8 0.8 0.8 0.8 0.8 0.7 0.7 0.6 0.6 0.6 0.6 0.7 0.7 0.7 0.7 0.7 0.7 0.8 0.7 0.7 0.7 0.8 0.7 0.7 0.7 0.7 0.7 02/02/1964
1.1 1.2 1.1 1.2 1.2 1.1 1.1 1.0 1.0 1.0 1.0 0.9 1.1 1.1 1.1 1.1 1.1 1.1 1.2 1.1 1.1 1.0 1.1 1.0 1.1 1.1 1.1 1.1 03/02/1964
0.8 0.8 0.8 0.8 0.8 0.8 1.0 1.0 0.9 0.9 0.9 0.9 0.7 0.7 0.8 0.8 0.8 0.8 1.0 1.0 1.0 0.9 0.9 0.6 0.8 0.8 0.7 0.7 04/02/1964
1.1 1.1 1.1 1.1 1.1 1.1 0.9 0.9 0.9 0.9 1.1 1.1 1.1 1.1 1.1 1.1 1.1 1.1 1.0 0.9 0.9 1.1 1.1 1.1 1.1 1.1 1.1 1.1 05/02/1964
0.8 1.1 1.0 1.1 1.0 1.0 0.6 0.6 0.6 0.6 0.5 0.5 0.8 0.8 1.0 1.0 1.0 1.0 0.6 0.6 0.6 0.5 0.5 0.7 0.8 0.8 0.8 0.8 06/02/1964
0.4 0.3 0.3 0.3 0.3 0.3 0.6 0.6 0.5 0.5 0.6 0.6 0.4 0.4 0.3 0.3 0.3 0.3 0.6 0.6 0.6 0.6 0.6 0.5 0.4 0.4 0.4 0.4 07/02/1964
0.9 0.6 0.6 0.6 0.6 0.6 0.6 0.5 0.5 0.5 0.5 0.5 0.9 0.9 0.5 0.5 0.5 0.5 0.6 0.6 0.5 0.6 0.6 0.9 0.9 0.9 0.9 0.9 08/02/1964
0.6 0.5 0.5 0.5 0.5 0.5 0.6 0.6 0.5 0.5 0.6 0.6 0.6 0.6 0.5 0.5 0.5 0.5 0.7 0.6 0.6 0.7 0.7 0.6 0.6 0.6 0.6 0.5 09/02/1964
0.6 0.7 0.7 0.7 0.7 0.7 0.7 0.7 0.6 0.6 0.6 0.6 0.5 0.5 0.7 0.7 0.7 0.7 0.8 0.7 0.7 0.7 0.8 0.5 0.6 0.6 0.5 0.5 10/02/1964
0.6 0.6 0.6 0.6 0.6 0.6 0.7 0.6 0.6 0.5 0.5 0.5 0.6 0.6 0.5 0.6 0.6 0.6 0.7 0.7 0.6 0.5 0.5 0.7 0.6 0.6 0.6 0.6 11/02/1964
0.5 0.6 0.6 0.6 0.6 0.6 0.4 0.4 0.4 0.3 0.3 0.3 0.5 0.5 0.6 0.6 0.6 0.6 0.5 0.4 0.4 0.4 0.4 0.5 0.5 0.5 0.5 0.5 12/02/1964
0.7 1.0 1.0 1.0 1.0 1.0 0.8 0.7 0.7 0.7 0.5 0.5 0.7 0.7 1.0 1.0 1.0 1.0 0.8 0.8 0.8 0.6 0.6 0.6 0.7 0.7 0.7 0.7 13/02/1964
1.4 1.1 1.0 1.1 1.1 1.0 0.5 0.5 0.5 0.5 0.5 0.5 1.4 1.4 1.0 1.0 1.0 1.0 0.4 0.5 0.5 0.5 0.5 1.3 1.4 1.4 1.4 1.4 14/02/1964
0.3 0.3 0.3 0.3 0.3 0.3 0.5 0.5 0.5 0.5 0.6 0.6 0.2 0.2 0.3 0.3 0.3 0.3 0.5 0.5 0.5 0.6 0.6 0.2 0.2 0.2 0.2 0.2 15/02/1964
0.4 0.4 0.4 0.4 0.4 0.4 1.0 1.0 0.9 0.9 1.0 1.0 0.4 0.4 0.4 0.4 0.4 0.4 1.1 1.0 1.0 1.1 1.1 0.4 0.4 0.4 0.4 0.4 16/02/1964
0.4 0.3 0.3 0.3 0.3 0.3 0.3 0.3 0.3 0.3 0.3 0.3 0.3 0.3 0.3 0.3 0.3 0.3 0.3 0.3 0.3 0.3 0.3 0.3 0.3 0.3 0.3 0.3 17/02/1964
0.5 0.3 0.3 0.3 0.3 0.3 0.6 0.5 0.5 0.5 0.5 0.5 0.5 0.5 0.3 0.3 0.3 0.3 0.6 0.6 0.6 0.6 0.7 0.5 0.5 0.5 0.5 0.5 18/02/1964
0.5 0.5 0.5 0.5 0.5 0.5 1.3 1.3 1.2 1.2 1.3 1.3 0.5 0.5 0.5 0.5 0.5 0.5 1.4 1.3 1.3 1.4 1.4 0.6 0.5 0.5 0.5 0.5 19/02/1964
0.4 0.5 0.5 0.5 0.5 0.5 0.8 0.8 0.7 0.7 0.8 0.8 0.5 0.5 0.5 0.5 0.5 0.5 0.9 0.8 0.8 0.8 0.9 0.5 0.4 0.4 0.5 0.5 20/02/1964
1.3 1.1 1.1 1.1 1.1 1.1 0.8 0.8 0.8 0.8 0.9 0.9 1.3 1.3 1.1 1.1 1.1 1.1 0.8 0.8 0.8 0.9 0.9 0.9 1.3 1.3 1.3 1.3 21/02/1964
1.0 0.8 0.8 0.8 0.8 0.8 1.2 1.1 1.1 1.0 1.0 1.0 1.1 1.1 0.8 0.8 0.8 0.8 1.2 1.1 1.1 1.1 1.1 1.1 1.1 1.1 1.1 1.1 22/02/1964
0.4 0.3 0.3 0.3 0.3 0.3 1.3 1.3 1.2 1.2 1.1 1.0 0.4 0.4 0.3 0.3 0.3 0.3 1.3 1.3 1.3 1.1 1.1 0.4 0.4 0.4 0.4 0.4 23/02/1964
0.6 0.5 0.5 0.5 0.5 0.5 1.6 1.5 1.5 1.4 1.6 1.6 0.5 0.5 0.5 0.5 0.5 0.5 1.7 1.6 1.5 1.7 1.8 0.7 0.5 0.5 0.5 0.5 24/02/1964
0.4 0.4 0.4 0.4 0.4 0.4 1.6 1.6 1.5 1.5 1.7 1.7 0.3 0.3 0.3 0.3 0.3 0.3 1.6 1.6 1.6 1.7 1.7 0.3 0.3 0.3 0.3 0.3 25/02/1964
1.3 1.4 1.3 1.4 1.3 1.3 1.4 1.4 1.4 1.3 1.3 1.3 1.2 1.2 1.3 1.3 1.3 1.3 1.5 1.4 1.4 1.2 1.2 0.9 1.2 1.2 1.2 1.2 26/02/1964
1.8 1.4 1.4 1.4 1.4 1.4 1.4 1.4 1.3 1.3 1.2 1.2 1.7 1.7 1.3 1.3 1.3 1.3 1.5 1.4 1.4 1.3 1.3 1.8 1.8 1.8 1.7 1.7 27/02/1964
0.7 0.6 0.5 0.6 0.6 0.5 0.8 0.8 0.7 0.7 0.8 0.8 0.7 0.7 0.5 0.5 0.5 0.5 0.9 0.8 0.8 0.8 0.8 0.8 0.7 0.7 0.7 0.7 28/02/1964
0.3 0.3 0.2 0.3 0.3 0.2 0.7 0.7 0.7 0.7 0.5 0.5 0.3 0.3 0.2 0.2 0.2 0.2 0.7 0.7 0.7 0.5 0.5 0.3 0.3 0.3 0.3 0.3 29/02/1964
0.6 0.7 0.6 0.6 0.6 0.6 1.0 1.0 1.0 0.9 0.9 0.9 0.6 0.6 0.6 0.6 0.6 0.6 1.1 1.0 1.0 1.0 1.0 0.6 0.6 0.6 0.6 0.5 01/03/1964
0.7 0.5 0.5 0.5 0.5 0.5 1.0 1.0 1.0 0.9 1.0 1.0 0.6 0.6 0.5 0.5 0.5 0.5 1.0 1.0 1.0 1.1 1.1 0.8 0.6 0.6 0.6 0.6 02/03/1964
1.6 1.7 1.7 1.7 1.7 1.7 1.1 1.1 1.0 1.0 1.1 1.1 1.6 1.6 1.7 1.7 1.7 1.7 1.2 1.1 1.1 1.1 1.2 1.4 1.6 1.6 1.6 1.6 03/03/1964
0.4 0.6 0.6 0.6 0.6 0.6 0.4 0.4 0.4 0.4 0.5 0.4 0.4 0.4 0.5 0.5 0.5 0.5 0.4 0.4 0.4 0.5 0.5 0.4 0.4 0.4 0.4 0.4 04/03/1964
1.2 1.1 1.1 1.1 1.1 1.1 0.8 0.8 0.8 0.8 0.6 0.6 1.2 1.2 1.1 1.1 1.1 1.1 0.8 0.8 0.8 0.6 0.6 1.2 1.2 1.2 1.2 1.2 05/03/1964
1.0 1.1 1.1 1.1 1.1 1.1 0.9 0.9 0.9 0.9 1.0 1.0 1.0 1.0 1.0 1.0 1.0 1.0 0.9 0.9 0.9 1.0 1.1 1.1 1.0 1.0 1.0 1.1 06/03/1964
1.2 1.0 1.0 1.0 1.0 1.0 1.0 1.0 1.0 0.9 0.9 0.8 1.2 1.2 1.0 1.0 1.0 1.0 1.0 1.0 1.0 0.9 0.9 1.3 1.2 1.2 1.2 1.2 07/03/1964
0.9 1.0 1.0 1.0 1.0 1.0 1.5 1.4 1.4 1.3 1.5 1.5 0.9 0.9 1.0 1.0 1.0 1.0 1.5 1.4 1.4 1.6 1.6 0.9 0.9 0.9 0.9 0.9 08/03/1964
1.0 1.1 1.0 1.1 1.1 1.0 1.4 1.4 1.4 1.4 1.4 1.4 1.0 1.0 1.0 1.0 1.0 1.0 1.4 1.4 1.4 1.4 1.5 0.9 1.0 1.0 1.0 1.0 09/03/1964
1.2 1.4 1.4 1.4 1.4 1.4 1.6 1.6 1.6 1.6 1.5 1.5 1.2 1.2 1.4 1.4 1.4 1.4 1.6 1.6 1.6 1.5 1.5 0.9 1.2 1.2 1.1 1.1 10/03/1964
2.7 2.5 2.5 2.5 2.5 2.5 1.9 1.9 1.9 1.9 1.9 1.9 2.7 2.7 2.5 2.5 2.5 2.5 2.0 1.9 1.9 1.9 1.9 2.3 2.7 2.7 2.7 2.7 11/03/1964
1.5 1.1 1.1 1.1 1.1 1.1 1.5 1.4 1.4 1.4 1.3 1.3 1.4 1.4 1.1 1.1 1.1 1.1 1.5 1.5 1.4 1.3 1.3 1.4 1.4 1.4 1.4 1.4 12/03/1964
1.7 1.2 1.2 1.2 1.2 1.2 1.2 1.2 1.1 1.1 1.1 1.1 1.6 1.6 1.1 1.1 1.2 1.1 1.3 1.2 1.2 1.2 1.2 1.6 1.6 1.6 1.6 1.6 13/03/1964
0.7 0.4 0.4 0.4 0.4 0.4 0.6 0.6 0.6 0.6 0.4 0.4 0.7 0.7 0.4 0.4 0.4 0.4 0.7 0.6 0.6 0.5 0.5 1.0 0.7 0.7 0.7 0.7 14/03/1964
0.2 0.3 0.3 0.3 0.3 0.3 0.5 0.5 0.5 0.5 0.5 0.5 0.2 0.2 0.3 0.3 0.3 0.3 0.5 0.5 0.5 0.5 0.5 0.2 0.2 0.2 0.2 0.2 15/03/1964
0.9 1.1 1.1 1.1 1.1 1.1 1.0 1.0 1.0 1.0 0.8 0.8 0.9 0.9 1.1 1.1 1.1 1.1 1.0 1.0 1.0 0.9 0.9 0.8 0.9 0.9 0.9 0.9 16/03/1964
1.0 1.1 1.1 1.1 1.1 1.1 1.7 1.6 1.6 1.6 1.6 1.6 0.9 0.9 1.0 1.0 1.0 1.0 1.7 1.7 1.6 1.7 1.7 0.8 1.0 1.0 0.9 0.9 17/03/1964
0.8 1.2 1.2 1.2 1.2 1.2 1.3 1.3 1.3 1.3 1.1 1.1 0.8 0.8 1.2 1.2 1.2 1.2 1.4 1.3 1.3 1.1 1.1 0.6 0.8 0.8 0.8 0.8 18/03/1964
0.4 0.3 0.3 0.3 0.3 0.3 0.4 0.4 0.4 0.4 0.4 0.4 0.4 0.4 0.3 0.3 0.3 0.3 0.4 0.4 0.4 0.4 0.4 0.6 0.4 0.4 0.4 0.4 19/03/1964
1.8 1.5 1.5 1.5 1.5 1.5 2.0 1.9 1.9 1.8 1.8 1.7 1.8 1.8 1.5 1.5 1.5 1.5 2.0 2.0 1.9 1.8 1.9 1.9 1.8 1.8 1.7 1.7 20/03/1964
0.8 0.7 0.7 0.7 0.7 0.7 1.4 1.3 1.3 1.3 1.4 1.4 0.8 0.8 0.7 0.7 0.7 0.7 1.4 1.4 1.4 1.4 1.5 0.8 0.8 0.8 0.8 0.8 21/03/1964
1.2 1.4 1.3 1.4 1.4 1.3 1.3 1.3 1.2 1.2 1.3 1.2 1.2 1.2 1.3 1.3 1.3 1.3 1.4 1.3 1.3 1.3 1.3 1.0 1.2 1.2 1.2 1.2 22/03/1964
0.9 0.7 0.6 0.7 0.7 0.6 1.6 1.5 1.5 1.5 1.5 1.5 0.8 0.8 0.6 0.6 0.6 0.6 1.6 1.6 1.5 1.5 1.6 0.9 0.8 0.8 0.8 0.8 23/03/1964
1.0 0.7 0.7 0.7 0.7 0.7 0.5 0.5 0.5 0.5 0.6 0.6 1.0 1.0 0.7 0.7 0.7 0.7 0.6 0.5 0.5 0.6 0.6 0.9 1.0 1.0 1.0 1.0 24/03/1964
1.0 1.1 1.1 1.1 1.1 1.1 1.5 1.4 1.3 1.3 1.4 1.4 0.9 0.9 1.0 1.0 1.0 1.0 1.5 1.5 1.4 1.5 1.5 0.9 0.9 0.9 0.9 0.9 25/03/1964
2.0 2.3 2.3 2.3 2.3 2.3 1.2 1.2 1.2 1.2 1.5 1.5 2.0 2.0 2.3 2.3 2.3 2.3 1.1 1.2 1.2 1.5 1.5 1.8 2.0 2.0 2.0 2.0 26/03/1964
1.6 1.1 1.1 1.1 1.1 1.1 1.2 1.1 1.1 1.1 0.9 0.9 1.5 1.5 1.1 1.1 1.1 1.1 1.2 1.2 1.1 1.0 1.0 1.4 1.5 1.5 1.5 1.5 27/03/1964
0.8 0.6 0.6 0.6 0.6 0.6 2.1 2.0 2.0 2.0 1.9 1.9 0.7 0.7 0.6 0.6 0.6 0.6 2.2 2.1 2.1 2.0 2.0 0.9 0.7 0.7 0.7 0.7 28/03/1964
0.6 0.7 0.7 0.7 0.7 0.7 0.8 0.8 0.8 0.8 0.8 0.8 0.6 0.6 0.7 0.7 0.7 0.7 0.9 0.8 0.8 0.8 0.9 0.6 0.6 0.6 0.6 0.6 29/03/1964
0.7 0.5 0.5 0.5 0.5 0.5 1.2 1.2 1.1 1.1 1.3 1.2 0.7 0.7 0.5 0.5 0.5 0.5 1.3 1.2 1.2 1.3 1.4 0.8 0.7 0.7 0.7 0.7 30/03/1964
0.6 0.6 0.6 0.6 0.6 0.6 1.0 1.0 0.9 0.9 1.1 1.1 0.6 0.6 0.6 0.6 0.6 0.6 1.1 1.0 1.0 1.2 1.3 0.5 0.6 0.6 0.6 0.6 31/03/1964
0.9 1.1 1.1 1.1 1.1 1.1 1.2 1.1 1.1 1.0 1.3 1.2 0.9 0.9 1.1 1.1 1.1 1.1 1.2 1.2 1.1 1.4 1.4 0.8 0.9 0.9 0.9 0.9 01/04/1964
0.6 0.6 0.6 0.6 0.6 0.6 1.1 1.0 1.0 0.9 1.1 1.1 0.6 0.6 0.6 0.6 0.6 0.6 1.1 1.0 1.0 1.2 1.2 0.6 0.6 0.6 0.6 0.6 02/04/1964
0.5 0.4 0.4 0.4 0.4 0.4 0.4 0.4 0.3 0.3 0.4 0.4 0.5 0.5 0.4 0.4 0.4 0.4 0.4 0.4 0.4 0.4 0.5 0.4 0.5 0.5 0.5 0.5 03/04/1964
0.6 0.8 0.7 0.8 0.8 0.7 1.5 1.4 1.4 1.3 1.9 1.8 0.6 0.6 0.7 0.7 0.7 0.7 1.5 1.5 1.4 2.0 2.0 0.5 0.6 0.6 0.6 0.6 04/04/1964
1.8 2.1 2.0 2.1 2.1 2.0 1.7 1.6 1.6 1.5 1.7 1.7 1.8 1.8 2.0 2.0 2.0 2.0 1.8 1.7 1.7 1.8 1.8 1.6 1.8 1.8 1.8 1.7 05/04/1964
2.0 1.5 1.5 1.5 1.5 1.5 2.1 2.1 2.0 2.0 2.1 2.1 1.9 1.9 1.4 1.4 1.4 1.4 2.2 2.1 2.1 2.2 2.2 2.0 1.9 1.9 1.9 1.9 06/04/1964
1.8 1.8 1.8 1.8 1.8 1.8 1.3 1.3 1.3 1.2 1.4 1.4 1.8 1.8 1.8 1.8 1.8 1.8 1.4 1.3 1.3 1.4 1.5 1.8 1.8 1.8 1.8 1.7 07/04/1964
1.9 1.8 1.8 1.8 1.8 1.8 1.7 1.7 1.6 1.6 1.4 1.4 1.8 1.8 1.8 1.8 1.8 1.8 1.8 1.7 1.7 1.5 1.5 1.9 1.8 1.8 1.8 1.8 08/04/1964
2.5 2.0 2.0 2.0 2.0 2.0 2.2 2.2 2.2 2.2 2.2 2.2 2.4 2.4 2.0 2.0 2.0 2.0 2.3 2.2 2.2 2.3 2.3 2.8 2.4 2.4 2.4 2.4 09/04/1964
2.5 2.4 2.4 2.4 2.4 2.4 3.0 3.0 3.0 3.0 3.2 3.2 2.5 2.5 2.3 2.3 2.3 2.3 3.0 3.0 3.0 3.2 3.3 2.4 2.5 2.5 2.5 2.5 10/04/1964
2.2 2.0 2.0 2.0 2.0 2.0 2.7 2.7 2.7 2.6 2.8 2.8 2.1 2.1 2.0 2.0 2.0 2.0 2.8 2.7 2.7 2.9 2.9 2.0 2.2 2.2 2.1 2.1 11/04/1964
0.7 0.7 0.7 0.7 0.7 0.7 1.4 1.3 1.3 1.3 1.8 1.8 0.7 0.7 0.7 0.7 0.7 0.7 1.4 1.4 1.3 1.9 1.9 0.6 0.7 0.7 0.7 0.7 12/04/1964
1.4 2.1 2.0 2.1 2.1 2.0 2.7 2.6 2.5 2.4 2.4 2.4 1.4 1.4 2.0 2.0 2.0 2.0 2.7 2.6 2.6 2.5 2.5 1.3 1.4 1.4 1.4 1.3 13/04/1964
1.8 2.7 2.7 2.7 2.7 2.7 2.2 2.2 2.2 2.2 2.3 2.3 1.8 1.8 2.7 2.7 2.7 2.7 2.2 2.2 2.2 2.4 2.4 1.6 1.8 1.8 1.8 1.8 14/04/1964
2.5 2.4 2.4 2.4 2.4 2.4 2.9 2.9 2.9 2.8 2.7 2.7 2.5 2.5 2.4 2.4 2.4 2.4 2.9 2.9 2.9 2.7 2.7 2.5 2.5 2.5 2.5 2.5 15/04/1964
2.4 2.0 2.0 2.0 2.0 2.0 2.9 2.9 2.8 2.8 3.2 3.2 2.4 2.4 2.0 2.0 2.0 2.0 2.9 2.9 2.9 3.2 3.3 2.3 2.4 2.4 2.3 2.3 16/04/1964
2.1 1.5 1.5 1.5 1.5 1.5 2.6 2.6 2.6 2.5 2.8 2.8 2.1 2.1 1.5 1.5 1.5 1.5 2.7 2.6 2.6 2.9 2.9 2.4 2.1 2.1 2.1 2.1 17/04/1964
1.1 0.9 0.9 0.9 0.9 0.9 1.3 1.3 1.3 1.3 1.0 1.0 1.1 1.1 0.9 0.9 0.9 0.9 1.3 1.3 1.3 1.0 1.0 1.0 1.1 1.1 1.1 1.1 18/04/1964
0.8 0.6 0.5 0.6 0.5 0.5 1.5 1.5 1.5 1.5 1.4 1.4 0.8 0.8 0.5 0.5 0.5 0.5 1.6 1.5 1.5 1.4 1.5 0.8 0.8 0.8 0.8 0.8 19/04/1964
2.4 2.5 2.5 2.5 2.5 2.5 2.3 2.3 2.2 2.2 2.1 2.1 2.4 2.4 2.5 2.5 2.5 2.5 2.4 2.3 2.3 2.2 2.3 2.3 2.4 2.4 2.4 2.3 20/04/1964
2.2 1.9 1.9 1.9 1.9 1.9 3.0 3.0 2.9 2.9 2.8 2.8 2.1 2.1 1.8 1.9 1.9 1.8 3.1 3.0 3.0 3.0 3.0 2.3 2.2 2.2 2.1 2.1 21/04/1964
2.4 2.0 2.0 2.0 2.0 2.0 2.8 2.7 2.6 2.6 2.6 2.5 2.3 2.3 2.1 2.1 2.1 2.1 2.9 2.8 2.7 2.7 2.7 2.5 2.4 2.4 2.3 2.3 22/04/1964
2.1 2.4 2.4 2.4 2.4 2.4 1.9 1.9 1.9 1.8 2.1 2.1 2.1 2.1 2.3 2.3 2.3 2.3 2.0 1.9 1.9 2.1 2.2 2.1 2.1 2.1 2.1 2.1 23/04/1964
1.6 2.9 2.9 2.9 2.9 2.9 1.7 1.6 1.6 1.6 1.4 1.4 1.6 1.6 2.8 2.9 2.9 2.9 1.7 1.7 1.7 1.5 1.5 1.4 1.6 1.6 1.6 1.5 24/04/1964
1.3 2.1 2.1 2.1 2.1 2.1 2.2 2.2 2.1 2.0 2.3 2.3 1.3 1.3 2.0 2.1 2.1 2.0 2.3 2.2 2.2 2.4 2.5 1.1 1.3 1.3 1.3 1.3 25/04/1964
3.5 2.9 2.8 2.9 2.9 2.8 2.5 2.5 2.5 2.5 2.4 2.4 3.4 3.4 2.8 2.8 2.8 2.8 2.6 2.5 2.5 2.4 2.4 2.9 3.4 3.4 3.4 3.4 26/04/1964
4.2 2.9 2.9 2.9 2.9 2.9 2.9 2.9 2.9 2.9 2.9 2.9 4.2 4.2 2.8 2.9 2.9 2.8 3.0 2.9 2.9 2.9 3.0 4.4 4.2 4.2 4.2 4.2 27/04/1964
1.4 1.3 1.3 1.3 1.3 1.3 1.6 1.6 1.5 1.5 1.4 1.4 1.4 1.4 1.3 1.3 1.3 1.3 1.7 1.6 1.6 1.5 1.5 1.3 1.4 1.4 1.4 1.4 28/04/1964
2.6 2.9 2.9 2.9 2.9 2.9 3.1 3.1 3.1 3.0 3.1 3.1 2.6 2.6 2.9 2.9 2.9 2.9 3.1 3.1 3.1 3.1 3.2 2.5 2.6 2.6 2.6 2.6 29/04/1964
2.0 2.9 2.8 2.9 2.9 2.8 2.7 2.7 2.6 2.7 3.0 3.0 2.0 2.0 2.8 2.8 2.8 2.8 2.8 2.7 2.7 3.0 3.0 1.7 2.0 2.0 1.9 1.9 30/04/1964
1.6 2.2 2.2 2.2 2.2 2.2 2.4 2.4 2.4 2.4 2.4 2.4 1.6 1.6 2.2 2.2 2.2 2.2 2.4 2.4 2.4 2.4 2.4 1.4 1.6 1.6 1.6 1.6 01/05/1964
1.0 0.9 0.9 0.9 0.9 0.9 1.2 1.2 1.1 1.1 1.3 1.2 0.9 0.9 0.9 0.9 0.9 0.9 1.3 1.2 1.2 1.4 1.4 0.5 0.9 0.9 0.9 0.9 02/05/1964
1.2 2.0 2.0 2.0 2.0 2.0 1.5 1.4 1.4 1.3 1.3 1.3 1.2 1.2 1.9 1.9 1.9 1.9 1.6 1.5 1.4 1.5 1.5 1.2 1.2 1.2 1.2 1.2 03/05/1964
2.5 2.5 2.5 2.5 2.5 2.5 2.9 2.8 2.8 2.7 3.2 3.2 2.4 2.4 2.5 2.5 2.5 2.5 3.0 2.9 2.9 3.3 3.4 2.4 2.4 2.4 2.4 2.4 04/05/1964
3.2 3.6 3.6 3.6 3.6 3.6 3.8 3.8 3.7 3.7 3.2 3.2 3.1 3.1 3.6 3.6 3.6 3.6 3.8 3.8 3.8 3.4 3.4 2.8 3.1 3.1 3.1 3.1 05/05/1964
1.7 2.3 2.3 2.3 2.3 2.3 2.6 2.5 2.4 2.4 2.4 2.4 1.6 1.6 2.3 2.3 2.3 2.3 2.7 2.6 2.5 2.5 2.5 1.4 1.6 1.6 1.6 1.6 06/05/1964
2.4 2.6 2.6 2.6 2.6 2.6 3.3 3.3 3.2 3.2 2.5 2.5 2.3 2.3 2.6 2.6 2.6 2.6 3.3 3.3 3.3 2.6 2.6 2.3 2.4 2.4 2.3 2.3 07/05/1964
3.3 3.4 3.4 3.4 3.4 3.4 3.1 3.1 3.0 3.0 3.0 3.0 3.2 3.2 3.4 3.4 3.4 3.4 3.1 3.1 3.1 3.0 3.0 2.9 3.2 3.2 3.2 3.2 08/05/1964
3.4 2.8 2.8 2.8 2.8 2.8 3.4 3.4 3.4 3.4 3.4 3.4 3.3 3.3 2.7 2.7 2.7 2.7 3.4 3.4 3.4 3.4 3.5 3.5 3.3 3.3 3.3 3.3 09/05/1964
2.0 2.2 2.2 2.2 2.2 2.2 2.2 2.2 2.1 2.1 2.3 2.3 2.0 2.0 2.1 2.1 2.1 2.1 2.3 2.2 2.2 2.4 2.4 1.8 2.0 2.0 2.0 1.9 10/05/1964
2.5 2.7 2.7 2.7 2.7 2.7 3.1 3.1 3.0 3.0 2.9 2.9 2.4 2.4 2.6 2.6 2.6 2.6 3.1 3.1 3.1 3.0 3.0 2.6 2.5 2.5 2.4 2.4 11/05/1964
5.8 5.3 5.3 5.3 5.3 5.3 5.6 5.6 5.5 5.5 5.3 5.3 5.8 5.8 5.3 5.3 5.3 5.3 5.5 5.6 5.6 5.3 5.3 5.8 5.8 5.8 5.8 5.8 12/05/1964
0.9 0.9 0.9 0.9 0.9 0.9 2.1 2.1 2.0 2.0 2.3 2.3 0.8 0.8 0.9 0.9 0.9 0.9 2.1 2.1 2.1 2.4 2.4 1.0 0.8 0.8 0.8 0.8 13/05/1964
2.9 3.4 3.4 3.4 3.4 3.4 3.3 3.2 3.2 3.2 3.1 3.1 2.8 2.8 3.4 3.4 3.4 3.4 3.3 3.3 3.2 3.1 3.1 2.6 2.8 2.8 2.8 2.8 14/05/1964
4.0 3.5 3.5 3.5 3.5 3.5 3.6 3.6 3.6 3.5 3.2 3.2 3.9 3.9 3.5 3.5 3.5 3.5 3.7 3.6 3.6 3.3 3.3 3.9 3.9 3.9 3.9 3.9 15/05/1964
4.6 3.8 3.8 3.8 3.8 3.8 4.1 4.1 4.1 4.1 3.9 3.9 4.6 4.6 3.8 3.8 3.8 3.8 4.1 4.1 4.1 3.9 3.9 4.6 4.6 4.6 4.6 4.6 16/05/1964
5.5 4.4 4.4 4.4 4.4 4.4 4.9 4.9 4.9 4.9 4.5 4.5 5.5 5.5 4.4 4.4 4.4 4.4 4.9 4.9 4.9 4.6 4.6 5.7 5.5 5.5 5.5 5.5 17/05/1964
1.7 1.7 1.8 1.7 1.7 1.8 3.1 3.1 3.1 3.1 3.8 3.8 1.8 1.8 1.8 1.8 1.8 1.8 3.1 3.1 3.1 3.9 3.9 1.9 1.7 1.7 1.8 1.8 18/05/1964
1.9 1.9 1.8 1.9 1.9 1.8 3.2 3.1 3.0 3.0 3.6 3.6 1.8 1.8 1.8 1.8 1.8 1.8 3.2 3.2 3.1 3.7 3.7 2.1 1.8 1.8 1.8 1.8 19/05/1964
2.8 3.5 3.4 3.5 3.5 3.4 3.7 3.7 3.7 3.6 3.8 3.8 2.8 2.8 3.4 3.4 3.4 3.4 3.8 3.7 3.7 3.8 3.9 2.9 2.8 2.8 2.8 2.8 20/05/1964
2.7 2.8 2.8 2.8 2.8 2.8 2.9 2.8 2.8 2.7 3.2 3.2 2.7 2.7 2.8 2.8 2.8 2.8 3.0 2.9 2.9 3.3 3.4 2.5 2.7 2.7 2.7 2.7 21/05/1964
2.0 1.1 1.1 1.1 1.1 1.1 3.1 3.0 2.9 2.9 3.3 3.3 2.0 2.0 1.1 1.1 1.1 1.1 3.2 3.1 3.0 3.4 3.4 2.5 2.0 2.0 2.0 2.0 22/05/1964
1.1 1.8 1.8 1.8 1.8 1.8 2.9 2.8 2.7 2.7 2.9 2.9 1.1 1.1 1.8 1.8 1.8 1.8 2.9 2.8 2.8 3.0 3.0 0.7 1.1 1.1 1.1 1.1 23/05/1964
0.7 0.8 0.8 0.8 0.8 0.8 3.5 3.5 3.4 3.4 3.0 3.0 0.7 0.7 0.8 0.8 0.8 0.8 3.6 3.5 3.5 3.1 3.1 0.8 0.7 0.7 0.7 0.7 24/05/1964
2.2 2.3 2.3 2.3 2.3 2.3 2.7 2.7 2.7 2.7 2.8 2.8 2.2 2.2 2.2 2.3 2.3 2.3 2.7 2.7 2.7 2.8 2.9 1.7 2.2 2.2 2.2 2.2 25/05/1964
3.5 2.9 2.9 2.9 2.9 2.9 1.8 1.8 1.7 1.7 2.2 2.1 3.5 3.5 2.8 2.9 2.9 2.9 1.8 1.8 1.8 2.2 2.3 3.6 3.5 3.5 3.5 3.5 26/05/1964
4.2 3.9 3.9 3.9 3.9 3.9 3.4 3.4 3.3 3.3 3.2 3.2 4.1 4.1 3.8 3.8 3.8 3.8 3.5 3.4 3.4 3.3 3.3 4.3 4.2 4.2 4.1 4.1 27/05/1964
2.1 2.2 2.2 2.2 2.2 2.2 3.2 3.2 3.1 3.1 2.8 2.8 2.1 2.1 2.1 2.1 2.1 2.1 3.2 3.2 3.2 2.8 2.8 2.0 2.1 2.1 2.1 2.0 28/05/1964
3.7 2.7 2.7 2.7 2.7 2.7 3.5 3.5 3.5 3.5 2.1 2.1 3.6 3.6 2.6 2.6 2.6 2.6 3.6 3.5 3.5 2.2 2.2 3.5 3.6 3.6 3.6 3.6 29/05/1964
4.8 4.3 4.2 4.3 4.3 4.2 5.1 5.0 5.0 5.0 4.5 4.5 4.7 4.7 4.2 4.2 4.2 4.2 5.2 5.1 5.1 4.6 4.6 4.3 4.8 4.8 4.7 4.7 30/05/1964
2.9 3.1 3.0 3.1 3.0 3.0 5.4 5.4 5.3 5.3 5.1 5.1 2.8 2.8 3.0 3.0 3.0 3.0 5.4 5.4 5.4 5.2 5.2 2.5 2.8 2.8 2.8 2.8 31/05/1964
1.4 0.8 0.8 0.8 0.8 0.8 4.6 4.6 4.5 4.5 5.1 5.1 1.5 1.5 0.8 0.8 0.8 0.8 4.7 4.6 4.6 5.2 5.3 1.9 1.5 1.5 1.5 1.5 01/06/1964
2.6 1.9 1.9 1.9 1.9 1.9 3.6 3.6 3.5 3.4 4.1 4.1 2.6 2.6 1.9 1.9 1.9 1.9 3.7 3.6 3.6 4.2 4.2 2.8 2.6 2.6 2.6 2.5 02/06/1964
3.0 2.5 2.5 2.5 2.5 2.5 2.7 2.6 2.6 2.5 2.8 2.8 3.0 3.0 2.5 2.5 2.5 2.5 2.7 2.7 2.6 2.9 2.9 3.2 3.0 3.0 3.0 3.0 03/06/1964
2.9 2.9 2.9 2.9 2.9 2.9 3.7 3.7 3.6 3.6 4.0 4.0 2.9 2.9 2.8 2.8 2.8 2.8 3.8 3.7 3.7 4.2 4.2 2.5 2.9 2.9 2.9 2.8 04/06/1964
0.9 1.0 1.0 1.0 1.0 1.0 2.4 2.4 2.4 2.4 3.2 3.2 0.9 0.9 1.0 1.0 1.0 1.0 2.4 2.4 2.4 3.2 3.3 1.1 0.9 0.9 0.9 0.9 05/06/1964
3.4 2.6 2.5 2.6 2.6 2.5 3.0 3.0 3.0 3.0 4.3 4.3 3.5 3.5 2.5 2.5 2.5 2.5 3.0 3.0 3.0 4.3 4.3 3.8 3.4 3.4 3.5 3.5 06/06/1964
3.4 3.7 3.7 3.7 3.7 3.7 3.2 3.1 3.0 3.0 3.5 3.5 3.4 3.4 3.7 3.7 3.7 3.7 3.3 3.2 3.1 3.6 3.7 3.2 3.4 3.4 3.4 3.4 07/06/1964
3.8 4.2 4.2 4.2 4.2 4.2 3.6 3.6 3.6 3.6 3.2 3.2 3.8 3.8 4.2 4.2 4.2 4.2 3.6 3.6 3.6 3.3 3.3 3.8 3.8 3.8 3.7 3.7 08/06/1964
4.9 4.4 4.4 4.4 4.4 4.3 4.4 4.3 4.3 4.3 4.5 4.4 4.9 4.9 4.3 4.3 4.3 4.3 4.4 4.4 4.4 4.5 4.5 4.8 4.9 4.9 4.9 4.9 09/06/1964
4.8 3.8 3.8 3.8 3.8 3.8 5.9 5.9 5.9 5.9 6.2 6.2 4.9 4.9 3.8 3.8 3.8 3.8 6.0 5.9 5.9 6.2 6.2 4.6 4.8 4.8 4.9 4.9 10/06/1964
3.4 3.0 2.9 3.0 3.0 2.9 4.6 4.5 4.5 4.4 4.3 4.3 3.3 3.3 2.9 2.9 2.9 2.9 4.6 4.6 4.5 4.4 4.4 3.2 3.3 3.3 3.3 3.3 11/06/1964
4.9 4.6 4.6 4.6 4.6 4.6 5.0 5.0 4.9 4.9 4.9 4.9 4.9 4.9 4.5 4.5 4.5 4.5 5.1 5.0 5.0 5.0 5.0 4.6 4.9 4.9 4.9 4.8 12/06/1964
1.0 0.9 0.9 0.9 0.9 0.9 5.6 5.5 5.5 5.4 5.2 5.1 1.0 1.0 0.9 0.9 0.9 0.9 5.6 5.6 5.5 5.3 5.3 0.7 1.0 1.0 1.0 0.9 13/06/1964
2.8 2.6 2.6 2.6 2.6 2.6 3.0 3.0 2.9 2.8 3.0 3.0 2.8 2.8 2.6 2.6 2.6 2.6 3.1 3.0 3.0 3.1 3.2 3.0 2.8 2.8 2.8 2.8 14/06/1964
1.2 1.9 1.9 1.9 1.9 1.9 2.2 2.2 2.1 2.1 2.0 2.0 1.2 1.2 1.8 1.8 1.8 1.8 2.2 2.2 2.2 2.0 2.1 0.7 1.2 1.2 1.2 1.2 15/06/1964
3.4 3.3 3.3 3.3 3.3 3.3 3.8 3.8 3.8 3.7 3.9 3.9 3.3 3.3 3.3 3.3 3.3 3.3 3.8 3.8 3.8 3.9 4.0 3.5 3.3 3.3 3.3 3.3 16/06/1964
3.0 1.7 1.7 1.7 1.7 1.7 3.4 3.4 3.3 3.3 3.8 3.8 2.9 2.9 1.7 1.7 1.7 1.7 3.5 3.4 3.4 3.8 3.8 2.8 2.9 2.9 2.9 2.9 17/06/1964
0.9 0.7 0.7 0.7 0.7 0.7 3.1 3.0 3.0 2.9 3.9 3.9 0.9 0.9 0.7 0.7 0.7 0.7 3.2 3.1 3.1 4.0 4.0 0.8 0.9 0.9 0.9 0.9 18/06/1964
1.3 1.2 1.2 1.2 1.2 1.2 1.8 1.8 1.7 1.7 1.7 1.7 1.2 1.2 1.2 1.2 1.2 1.2 1.8 1.8 1.8 1.8 1.8 1.2 1.3 1.3 1.2 1.2 19/06/1964
2.8 3.0 3.0 3.0 3.0 3.0 2.8 2.8 2.7 2.7 3.2 3.2 2.7 2.7 3.0 3.0 3.0 3.0 2.9 2.8 2.8 3.3 3.4 2.8 2.8 2.8 2.7 2.7 20/06/1964
2.0 1.6 1.6 1.6 1.6 1.6 2.9 2.9 2.8 2.8 3.3 3.3 1.9 1.9 1.6 1.6 1.6 1.6 2.9 2.9 2.9 3.4 3.4 2.0 1.9 1.9 1.9 1.9 21/06/1964
2.6 2.8 2.8 2.8 2.8 2.8 1.5 1.4 1.4 1.4 1.7 1.7 2.6 2.6 2.8 2.8 2.8 2.8 1.5 1.5 1.4 1.8 1.8 2.5 2.6 2.6 2.6 2.5 22/06/1964
1.9 2.9 2.9 2.9 2.9 2.9 2.8 2.8 2.8 2.8 3.3 3.3 1.8 1.8 2.9 2.9 2.9 2.9 2.8 2.8 2.8 3.3 3.3 1.7 1.8 1.8 1.8 1.8 23/06/1964
2.9 3.8 3.7 3.7 3.7 3.7 4.2 4.2 4.1 4.0 4.2 4.2 2.8 2.8 3.6 3.7 3.7 3.6 4.3 4.2 4.2 4.3 4.4 2.6 2.9 2.9 2.8 2.8 24/06/1964
4.2 4.3 4.2 4.3 4.2 4.2 4.9 4.9 4.9 5.0 4.7 4.7 4.2 4.2 4.2 4.2 4.2 4.2 4.8 4.9 4.9 4.7 4.7 4.2 4.2 4.2 4.2 4.2 25/06/1964
4.9 4.5 4.5 4.5 4.5 4.5 4.5 4.4 4.4 4.4 4.5 4.4 4.9 4.9 4.5 4.5 4.5 4.5 4.5 4.5 4.4 4.6 4.7 4.6 4.9 4.9 4.9 4.9 26/06/1964
5.0 4.7 4.7 4.7 4.7 4.7 4.6 4.6 4.6 4.5 4.8 4.8 5.0 5.0 4.7 4.7 4.7 4.7 4.6 4.6 4.6 4.9 4.9 4.9 5.0 5.0 5.0 5.0 27/06/1964
1.5 2.1 2.0 2.1 2.1 2.0 3.7 3.6 3.5 3.5 4.5 4.5 1.4 1.4 2.0 2.0 2.0 2.0 3.8 3.7 3.6 4.5 4.5 1.4 1.5 1.5 1.4 1.4 28/06/1964
2.4 4.0 4.0 4.0 4.0 4.0 3.4 3.4 3.4 3.4 3.3 3.3 2.3 2.3 3.9 3.9 3.9 3.9 3.4 3.4 3.4 3.4 3.4 2.0 2.4 2.4 2.3 2.3 29/06/1964
4.0 3.1 3.1 3.1 3.1 3.1 3.9 3.9 3.8 3.8 4.0 4.0 4.0 4.0 3.1 3.1 3.1 3.1 3.9 3.9 3.9 4.0 4.0 4.3 4.0 4.0 4.0 4.0 30/06/1964
4.4 4.4 4.4 4.4 4.4 4.4 4.7 4.7 4.7 4.7 5.0 5.0 4.3 4.3 4.4 4.4 4.4 4.4 4.6 4.7 4.7 5.0 5.1 4.3 4.4 4.4 4.3 4.3 01/07/1964
4.4 4.1 4.1 4.1 4.1 4.1 4.5 4.5 4.5 4.5 4.4 4.4 4.4 4.4 4.0 4.1 4.1 4.0 4.5 4.5 4.5 4.5 4.5 4.5 4.4 4.4 4.4 4.4 02/07/1964
4.0 4.0 4.0 4.0 4.0 4.0 4.4 4.4 4.4 4.3 4.6 4.6 3.9 3.9 4.0 4.0 4.0 4.0 4.4 4.4 4.4 4.7 4.7 3.9 3.9 3.9 3.9 3.9 03/07/1964
4.0 4.1 4.1 4.1 4.1 4.1 4.1 4.0 4.0 4.0 4.2 4.2 4.0 4.0 4.1 4.1 4.1 4.1 4.1 4.1 4.1 4.3 4.4 4.0 4.0 4.0 4.0 4.0 04/07/1964
3.5 3.3 3.3 3.3 3.3 3.3 3.5 3.5 3.5 3.4 3.8 3.8 3.5 3.5 3.3 3.3 3.3 3.3 3.6 3.5 3.5 3.8 3.9 3.4 3.5 3.5 3.5 3.5 05/07/1964
3.8 3.6 3.6 3.6 3.6 3.6 4.1 4.1 4.1 4.1 4.2 4.2 3.8 3.8 3.6 3.6 3.6 3.6 4.1 4.1 4.1 4.3 4.3 4.0 3.8 3.8 3.8 3.8 06/07/1964
3.6 3.0 3.0 3.0 3.0 3.0 4.8 4.7 4.6 4.5 4.8 4.8 3.6 3.6 3.0 3.0 3.0 3.0 4.9 4.8 4.7 4.9 5.0 3.6 3.6 3.6 3.5 3.5 07/07/1964
1.9 1.0 1.0 1.0 1.0 1.0 2.6 2.6 2.5 2.4 3.8 3.8 1.9 1.9 1.0 1.0 1.0 1.0 2.7 2.6 2.6 4.0 4.0 1.9 1.9 1.9 1.9 1.9 08/07/1964
3.2 3.1 3.1 3.1 3.1 3.1 2.7 2.7 2.7 2.6 2.8 2.7 3.1 3.1 3.1 3.1 3.1 3.1 2.8 2.7 2.7 2.9 2.9 3.5 3.1 3.1 3.1 3.1 09/07/1964
3.8 3.6 3.6 3.6 3.6 3.6 2.3 2.2 2.2 2.2 2.2 2.2 3.8 3.8 3.6 3.6 3.6 3.6 2.3 2.3 2.2 2.3 2.3 3.8 3.8 3.8 3.8 3.8 10/07/1964
1.0 1.0 1.0 1.0 1.0 1.0 1.0 1.0 1.0 1.0 1.3 1.3 1.0 1.0 0.9 0.9 0.9 0.9 1.0 1.0 1.0 1.3 1.3 1.1 1.0 1.0 1.0 1.0 11/07/1964
2.1 3.1 3.1 3.1 3.1 3.1 2.6 2.5 2.4 2.3 2.5 2.5 2.1 2.1 3.0 3.0 3.0 3.0 2.6 2.5 2.5 2.7 2.7 1.7 2.1 2.1 2.1 2.0 12/07/1964
4.0 3.2 3.2 3.2 3.2 3.2 3.1 3.0 3.0 3.0 3.2 3.2 4.0 4.0 3.2 3.2 3.2 3.2 3.1 3.1 3.1 3.3 3.3 4.0 4.0 4.0 4.0 3.9 13/07/1964
2.5 3.4 3.4 3.4 3.4 3.4 5.0 4.9 4.9 4.9 4.8 4.8 2.5 2.5 3.4 3.4 3.4 3.4 5.0 4.9 4.9 4.9 4.9 2.4 2.5 2.5 2.5 2.5 14/07/1964
2.6 4.1 4.1 4.1 4.1 4.1 3.8 3.8 3.8 3.8 3.6 3.6 2.6 2.6 4.0 4.0 4.0 4.0 3.9 3.8 3.8 3.6 3.6 1.8 2.6 2.6 2.5 2.5 15/07/1964
2.4 3.1 3.1 3.1 3.1 3.1 4.4 4.4 4.4 4.4 5.0 5.0 2.4 2.4 3.1 3.1 3.1 3.1 4.4 4.4 4.4 5.1 5.2 2.2 2.4 2.4 2.4 2.4 16/07/1964
6.2 4.5 4.5 4.5 4.5 4.5 4.8 4.7 4.7 4.7 4.0 4.0 6.2 6.2 4.5 4.5 4.5 4.5 4.8 4.8 4.7 4.0 4.0 6.4 6.2 6.2 6.2 6.2 17/07/1964
2.7 3.9 3.9 3.9 3.9 3.9 5.0 5.0 5.0 5.0 4.4 4.4 2.6 2.6 3.8 3.8 3.8 3.8 5.0 5.0 5.0 4.5 4.5 2.0 2.6 2.6 2.6 2.6 18/07/1964
3.8 3.2 3.2 3.2 3.2 3.2 4.3 4.3 4.3 4.3 5.1 5.1 3.7 3.7 3.2 3.2 3.2 3.2 4.3 4.3 4.3 5.2 5.2 4.4 3.8 3.8 3.7 3.7 19/07/1964
3.6 3.1 3.1 3.1 3.1 3.1 4.3 4.3 4.2 4.2 4.8 4.8 3.5 3.5 3.0 3.0 3.0 3.0 4.4 4.3 4.3 4.8 4.9 4.0 3.5 3.5 3.4 3.4 20/07/1964
2.2 2.0 2.0 2.0 2.0 2.0 2.8 2.8 2.7 2.7 3.3 3.3 2.2 2.2 1.9 1.9 1.9 1.9 2.9 2.8 2.8 3.4 3.4 2.4 2.2 2.2 2.2 2.1 21/07/1964
3.7 4.0 4.0 4.0 4.0 4.0 4.1 4.1 4.1 4.1 4.1 4.1 3.6 3.6 3.9 3.9 3.9 3.9 4.1 4.1 4.1 4.2 4.2 3.8 3.7 3.7 3.6 3.6 22/07/1964
4.1 4.3 4.3 4.3 4.3 4.3 3.6 3.5 3.4 3.4 3.6 3.6 4.1 4.1 4.3 4.3 4.3 4.3 3.7 3.6 3.5 3.7 3.8 4.4 4.1 4.1 4.1 4.1 23/07/1964
3.5 3.8 3.7 3.8 3.7 3.7 4.2 4.1 4.1 4.0 4.0 4.0 3.5 3.5 3.7 3.7 3.7 3.7 4.2 4.2 4.1 4.1 4.1 3.5 3.5 3.5 3.5 3.5 24/07/1964
4.4 4.5 4.4 4.5 4.5 4.4 4.6 4.6 4.5 4.5 4.9 4.9 4.4 4.4 4.4 4.4 4.4 4.4 4.6 4.6 4.6 4.9 5.0 4.4 4.4 4.4 4.4 4.4 25/07/1964
3.7 4.5 4.5 4.5 4.5 4.5 5.4 5.4 5.4 5.4 5.2 5.2 3.7 3.7 4.5 4.5 4.5 4.5 5.4 5.4 5.4 5.3 5.3 3.7 3.7 3.7 3.7 3.6 26/07/1964
3.5 3.9 3.9 3.9 3.9 3.9 4.5 4.4 4.4 4.3 3.7 3.7 3.5 3.5 3.9 3.9 3.9 3.9 4.5 4.5 4.4 3.8 3.8 3.2 3.5 3.5 3.4 3.4 27/07/1964
3.9 4.2 4.2 4.2 4.2 4.2 5.1 5.0 4.9 4.9 4.8 4.8 3.9 3.9 4.1 4.1 4.1 4.1 5.1 5.1 5.0 5.0 5.0 3.6 3.9 3.9 3.9 3.8 28/07/1964
1.9 2.5 2.5 2.5 2.5 2.5 2.6 2.6 2.5 2.5 3.3 3.3 1.8 1.8 2.4 2.4 2.4 2.4 2.6 2.6 2.6 3.4 3.4 1.6 1.8 1.8 1.8 1.8 29/07/1964
3.2 2.2 2.2 2.2 2.2 2.2 3.3 3.3 3.2 3.2 3.0 3.0 3.1 3.1 2.2 2.2 2.2 2.2 3.3 3.3 3.3 3.0 3.1 3.8 3.1 3.1 3.1 3.1 30/07/1964
1.4 1.5 1.5 1.5 1.5 1.5 4.5 4.5 4.4 4.4 4.2 4.2 1.4 1.4 1.4 1.5 1.5 1.4 4.5 4.5 4.5 4.2 4.3 1.5 1.4 1.4 1.4 1.4 31/07/1964
