# 460 461 462 463 464 465 489 490 491 492 493 494 518 519 520 521 522 523 547 548 549 550 551 575 576 577 578 579 Date
4.5 4.0 4.0 4.0 4.0 4.0 4.3 4.3 4.3 4.2 4.0 4.0 4.5 4.5 4.0 4.0 4.0 4.0 4.3 4.3 4.3 4.1 4.2 4.4 4.5 4.5 4.5 4.4 01/08/1970
5.1 4.0 4.0 4.0 4.0 4.0 5.1 5.1 5.0 5.0 4.6 4.6 5.2 5.2 4.0 4.0 4.0 4.0 5.2 5.1 5.1 4.7 4.7 5.4 5.2 5.2 5.2 5.2 02/08/1970
4.9 4.0 4.0 4.0 4.0 4.0 4.5 4.5 4.4 4.4 4.5 4.5 4.9 4.9 4.0 4.0 4.0 4.0 4.6 4.5 4.5 4.6 4.7 5.4 4.9 4.9 4.9 4.9 03/08/1970
4.2 3.5 3.5 3.5 3.5 3.5 4.2 4.2 4.2 4.1 4.0 4.0 4.1 4.1 3.4 3.4 3.5 3.4 4.3 4.2 4.2 4.0 4.0 4.1 4.1 4.1 4.1 4.1 04/08/1970
2.9 2.5 2.5 2.5 2.5 2.5 2.9 2.9 2.8 2.7 2.7 2.7 2.9 2.9 2.5 2.5 2.5 2.5 3.0 2.9 2.9 2.8 2.8 3.2 2.9 2.9 2.9 2.9 05/08/1970
3.2 2.9 2.9 2.9 2.9 2.9 2.8 2.8 2.7 2.7 2.8 2.7 3.2 3.2 2.9 2.9 2.9 2.9 2.9 2.8 2.8 2.8 2.8 3.3 3.2 3.2 3.2 3.2 06/08/1970
2.0 2.0 1.9 2.0 1.9 1.9 2.2 2.2 2.2 2.2 2.1 2.1 1.9 1.9 1.9 1.9 1.9 1.9 2.2 2.2 2.2 2.1 2.1 2.0 1.9 1.9 1.9 1.9 07/08/1970
1.2 0.8 0.8 0.8 0.8 0.8 1.8 1.8 1.8 1.8 2.4 2.4 1.2 1.2 0.8 0.8 0.8 0.8 1.8 1.8 1.8 2.5 2.5 1.4 1.2 1.2 1.1 1.1 08/08/1970
2.2 2.0 1.9 2.0 2.0 1.9 2.4 2.3 2.3 2.3 2.5 2.4 2.1 2.1 1.9 1.9 1.9 1.9 2.4 2.4 2.4 2.6 2.6 2.9 2.1 2.1 2.1 2.1 09/08/1970
1.3 0.8 0.8 0.8 0.8 0.8 2.0 1.9 1.8 1.7 2.6 2.6 1.3 1.3 0.8 0.8 0.8 0.8 2.0 1.9 1.9 2.7 2.7 1.4 1.3 1.3 1.3 1.3 10/08/1970
2.9 2.7 2.7 2.7 2.7 2.7 2.3 2.2 2.2 2.2 3.1 3.0 2.9 2.9 2.7 2.7 2.7 2.7 2.3 2.3 2.2 3.2 3.2 3.0 2.9 2.9 2.9 2.9 11/08/1970
2.2 3.6 3.6 3.6 3.6 3.6 3.7 3.7 3.6 3.6 3.4 3.4 2.2 2.2 3.5 3.5 3.5 3.5 3.7 3.7 3.7 3.4 3.4 1.4 2.2 2.2 2.2 2.2 12/08/1970
4.3 3.9 3.9 3.9 3.9 3.9 3.9 3.9 3.8 3.8 3.9 3.9 4.3 4.3 3.9 3.9 3.9 3.9 3.9 3.9 3.9 3.9 3.9 4.3 4.3 4.3 4.3 4.3 13/08/1970
3.3 3.3 3.3 3.3 3.3 3.3 3.9 3.8 3.8 3.8 3.5 3.5 3.3 3.3 3.3 3.3 3.3 3.3 3.9 3.9 3.8 3.6 3.7 3.4 3.3 3.3 3.2 3.2 14/08/1970
1.2 1.3 1.3 1.3 1.3 1.3 3.2 3.2 3.2 3.2 3.2 3.2 1.2 1.2 1.3 1.3 1.3 1.3 3.2 3.2 3.2 3.3 3.3 1.1 1.2 1.2 1.1 1.1 15/08/1970
2.5 1.6 1.5 1.6 1.5 1.5 1.4 1.4 1.3 1.3 1.3 1.3 2.5 2.5 1.5 1.5 1.5 1.5 1.4 1.4 1.4 1.4 1.4 3.4 2.5 2.5 2.4 2.4 16/08/1970
3.2 3.7 3.6 3.6 3.6 3.6 3.3 3.2 3.2 3.1 2.9 2.9 3.2 3.2 3.6 3.6 3.6 3.6 3.3 3.3 3.2 2.9 3.0 3.6 3.2 3.2 3.2 3.2 17/08/1970
1.4 1.0 1.0 1.0 1.0 1.0 2.2 2.1 2.1 2.1 2.2 2.2 1.4 1.4 1.0 1.0 1.0 1.0 2.2 2.2 2.1 2.3 2.3 1.4 1.4 1.4 1.3 1.3 18/08/1970
2.5 1.8 1.7 1.8 1.8 1.7 2.4 2.4 2.3 2.3 2.4 2.4 2.5 2.5 1.7 1.7 1.7 1.7 2.5 2.4 2.4 2.4 2.5 3.0 2.5 2.5 2.4 2.4 19/08/1970
1.0 0.9 0.9 0.9 0.9 0.9 2.3 2.2 2.2 2.1 2.8 2.8 0.9 0.9 0.9 0.9 0.9 0.9 2.3 2.3 2.2 2.9 3.0 1.1 0.9 0.9 0.9 0.9 20/08/1970
1.1 0.8 0.8 0.8 0.8 0.8 2.1 2.1 2.0 2.0 2.1 2.1 1.1 1.1 0.8 0.8 0.8 0.8 2.2 2.1 2.1 2.1 2.1 1.2 1.1 1.1 1.1 1.1 21/08/1970
1.1 1.6 1.6 1.6 1.6 1.6 1.5 1.4 1.4 1.4 1.5 1.5 1.1 1.1 1.6 1.6 1.6 1.6 1.5 1.5 1.4 1.6 1.6 0.9 1.1 1.1 1.1 1.0 22/08/1970
1.8 1.5 1.5 1.5 1.5 1.5 2.1 2.0 2.0 1.9 1.6 1.6 1.8 1.8 1.5 1.5 1.5 1.5 2.1 2.0 2.0 1.7 1.7 2.2 1.8 1.8 1.8 1.8 23/08/1970
2.2 1.9 1.9 1.9 1.9 1.9 2.5 2.4 2.4 2.4 1.8 1.8 2.2 2.2 1.8 1.9 1.9 1.8 2.5 2.4 2.4 1.9 1.9 2.4 2.2 2.2 2.2 2.1 24/08/1970
2.5 1.7 1.6 1.7 1.7 1.6 3.1 3.0 3.0 2.9 2.6 2.6 2.4 2.4 1.6 1.6 1.6 1.6 3.2 3.1 3.1 2.7 2.7 3.2 2.4 2.4 2.4 2.3 25/08/1970
2.1 1.8 1.8 1.8 1.8 1.8 3.3 3.3 3.3 3.2 3.2 3.2 2.0 2.0 1.8 1.8 1.8 1.8 3.4 3.3 3.3 3.3 3.3 1.9 2.0 2.0 2.0 2.0 26/08/1970
3.1 2.8 2.8 2.8 2.8 2.8 2.9 2.9 2.9 2.9 3.2 3.2 3.1 3.1 2.9 2.9 2.9 2.9 2.9 2.9 2.9 3.2 3.2 3.2 3.1 3.1 3.1 3.1 27/08/1970
2.7 3.1 3.1 3.1 3.1 3.1 4.1 4.1 4.0 4.0 4.2 4.2 2.8 2.8 3.1 3.1 3.1 3.1 4.1 4.1 4.1 4.3 4.3 2.9 2.7 2.7 2.8 2.8 28/08/1970
1.3 1.3 1.3 1.3 1.3 1.3 1.8 1.8 1.8 1.7 1.2 1.2 1.3 1.3 1.3 1.3 1.3 1.3 1.8 1.8 1.8 1.3 1.3 1.3 1.3 1.3 1.3 1.3 29/08/1970
3.6 3.7 3.7 3.7 3.7 3.7 3.2 3.1 3.1 3.1 2.1 2.1 3.6 3.6 3.7 3.7 3.7 3.7 3.2 3.1 3.1 2.1 2.1 3.4 3.6 3.6 3.6 3.5 30/08/1970
2.7 1.8 1.8 1.8 1.8 1.8 3.5 3.5 3.5 3.4 3.3 3.3 2.7 2.7 1.7 1.8 1.8 1.8 3.6 3.5 3.5 3.4 3.4 3.0 2.7 2.7 2.6 2.6 31/08/1970
3.1 3.1 3.0 3.1 3.1 3.0 3.0 3.0 2.9 2.9 3.2 3.2 3.0 3.0 3.0 3.0 3.0 3.0 3.0 3.0 3.0 3.3 3.3 3.2 3.1 3.1 3.0 3.0 01/09/1970
1.4 1.9 1.9 1.9 1.9 1.9 2.2 2.2 2.2 2.1 1.8 1.8 1.4 1.4 1.9 1.9 1.9 1.9 2.2 2.2 2.2 1.8 1.8 1.0 1.4 1.4 1.4 1.4 02/09/1970
1.8 1.8 1.8 1.8 1.8 1.8 2.5 2.4 2.3 2.3 2.6 2.6 1.8 1.8 1.8 1.8 1.8 1.8 2.6 2.5 2.4 2.7 2.7 2.2 1.8 1.8 1.8 1.8 03/09/1970
1.4 1.4 1.4 1.4 1.4 1.4 2.3 2.3 2.2 2.2 2.5 2.4 1.3 1.3 1.4 1.4 1.4 1.4 2.3 2.3 2.3 2.5 2.5 1.3 1.3 1.3 1.3 1.3 04/09/1970
1.5 1.3 1.3 1.3 1.3 1.3 3.1 3.1 3.1 3.1 3.3 3.3 1.5 1.5 1.3 1.3 1.3 1.3 3.1 3.1 3.1 3.4 3.4 1.9 1.5 1.5 1.5 1.5 05/09/1970
1.9 2.2 2.2 2.2 2.2 2.2 2.8 2.7 2.7 2.7 2.5 2.5 1.8 1.8 2.1 2.2 2.2 2.1 2.8 2.8 2.8 2.6 2.6 1.8 1.8 1.8 1.8 1.8 06/09/1970
3.9 3.4 3.4 3.4 3.4 3.4 3.4 3.3 3.2 3.2 3.2 3.2 3.8 3.8 3.3 3.3 3.3 3.3 3.5 3.4 3.3 3.3 3.3 4.1 3.8 3.8 3.7 3.7 07/09/1970
2.8 2.9 2.9 2.9 2.9 2.9 2.7 2.6 2.6 2.5 2.1 2.1 2.7 2.7 2.9 2.9 2.9 2.9 2.8 2.7 2.7 2.1 2.2 2.6 2.7 2.7 2.7 2.6 08/09/1970
1.5 1.3 1.3 1.3 1.3 1.3 1.8 1.7 1.7 1.6 1.8 1.8 1.5 1.5 1.3 1.3 1.3 1.3 1.8 1.8 1.7 1.9 2.0 1.5 1.5 1.5 1.5 1.5 09/09/1970
2.1 1.6 1.6 1.6 1.6 1.6 1.0 1.0 1.0 1.0 0.7 0.7 2.0 2.0 1.6 1.6 1.6 1.6 1.0 1.0 1.0 0.7 0.7 2.4 2.0 2.0 2.0 2.0 10/09/1970
2.5 2.4 2.4 2.4 2.4 2.4 2.8 2.7 2.6 2.6 2.4 2.4 2.4 2.4 2.3 2.3 2.3 2.3 2.8 2.8 2.7 2.5 2.5 2.7 2.4 2.4 2.4 2.4 11/09/1970
1.5 1.8 1.8 1.8 1.8 1.8 1.5 1.5 1.5 1.5 1.5 1.5 1.5 1.5 1.8 1.8 1.8 1.8 1.5 1.5 1.5 1.6 1.7 1.7 1.5 1.5 1.5 1.5 12/09/1970
1.1 1.0 1.0 1.0 1.0 1.0 2.4 2.4 2.4 2.4 2.6 2.6 1.1 1.1 1.0 1.0 1.0 1.0 2.5 2.4 2.4 2.6 2.6 1.2 1.1 1.1 1.1 1.0 13/09/1970
1.1 1.3 1.3 1.3 1.3 1.3 1.3 1.2 1.2 1.1 1.2 1.2 1.0 1.0 1.3 1.3 1.3 1.3 1.3 1.3 1.2 1.4 1.4 0.9 1.1 1.1 1.0 1.0 14/09/1970
1.4 1.6 1.6 1.6 1.6 1.6 1.8 1.8 1.8 1.8 1.6 1.6 1.4 1.4 1.6 1.6 1.6 1.6 1.9 1.8 1.8 1.6 1.6 1.3 1.4 1.4 1.4 1.4 15/09/1970
2.4 2.4 2.4 2.4 2.4 2.4 2.6 2.6 2.6 2.6 2.2 2.2 2.4 2.4 2.4 2.4 2.4 2.4 2.6 2.6 2.6 2.3 2.3 2.5 2.4 2.4 2.4 2.4 16/09/1970
2.3 2.2 2.2 2.2 2.2 2.2 2.4 2.4 2.3 2.3 2.1 2.1 2.3 2.3 2.2 2.2 2.2 2.2 2.4 2.4 2.4 2.1 2.1 2.4 2.3 2.3 2.3 2.3 17/09/1970
3.5 3.0 3.0 3.0 3.0 3.0 3.2 3.2 3.2 3.2 3.2 3.2 3.5 3.5 3.0 3.0 3.0 3.0 3.3 3.2 3.2 3.2 3.2 3.6 3.5 3.5 3.5 3.4 18/09/1970
1.8 1.4 1.4 1.4 1.4 1.4 2.3 2.2 2.2 2.2 2.2 2.2 1.8 1.8 1.4 1.4 1.4 1.4 2.3 2.3 2.2 2.2 2.2 1.9 1.8 1.8 1.8 1.8 19/09/1970
2.2 1.9 1.8 1.8 1.8 1.8 2.8 2.8 2.8 2.8 2.7 2.7 2.2 2.2 1.8 1.8 1.8 1.8 2.9 2.8 2.8 2.7 2.7 2.3 2.2 2.2 2.2 2.2 20/09/1970
0.9 0.5 0.6 0.5 0.5 0.6 1.9 1.9 1.8 1.8 1.8 1.8 0.9 0.9 0.6 0.6 0.6 0.6 1.9 1.9 1.9 1.8 1.8 1.5 0.9 0.9 0.9 0.9 21/09/1970
1.2 1.1 1.1 1.1 1.1 1.1 2.2 2.2 2.2 2.2 2.0 2.0 1.2 1.2 1.1 1.1 1.1 1.1 2.1 2.2 2.2 2.0 2.0 1.2 1.2 1.2 1.2 1.2 22/09/1970
2.8 2.4 2.4 2.4 2.4 2.4 2.2 2.3 2.3 2.3 2.2 2.2 2.8 2.8 2.4 2.4 2.4 2.4 2.2 2.2 2.3 2.2 2.2 3.1 2.8 2.8 2.8 2.8 23/09/1970
2.9 2.3 2.3 2.3 2.3 2.3 2.2 2.2 2.2 2.1 2.1 2.1 2.9 2.9 2.3 2.3 2.3 2.3 2.2 2.2 2.2 2.1 2.2 3.1 2.9 2.9 2.9 2.9 24/09/1970
3.3 2.6 2.6 2.6 2.6 2.6 2.6 2.6 2.5 2.5 2.4 2.4 3.3 3.3 2.7 2.7 2.7 2.7 2.6 2.6 2.6 2.5 2.5 3.6 3.3 3.3 3.3 3.3 25/09/1970
2.3 1.9 1.9 1.9 1.9 1.9 1.6 1.6 1.6 1.6 1.4 1.4 2.3 2.3 1.9 1.9 1.9 1.9 1.6 1.6 1.6 1.4 1.4 2.1 2.3 2.3 2.3 2.3 26/09/1970
3.3 2.8 2.8 2.8 2.8 2.8 2.6 2.6 2.6 2.6 2.4 2.4 3.3 3.3 2.8 2.8 2.8 2.8 2.6 2.6 2.6 2.4 2.4 3.3 3.3 3.3 3.3 3.3 27/09/1970
3.9 3.1 3.1 3.1 3.1 3.1 2.9 2.9 2.8 2.8 2.7 2.7 3.9 3.9 3.1 3.1 3.1 3.1 2.9 2.9 2.9 2.7 2.7 4.1 3.9 3.9 3.9 3.9 28/09/1970
1.6 1.6 1.6 1.6 1.6 1.6 2.8 2.8 2.8 2.7 2.7 2.6 1.6 1.6 1.6 1.6 1.6 1.6 2.8 2.8 2.8 2.7 2.7 1.4 1.6 1.6 1.6 1.6 29/09/1970
1.3 0.8 0.8 0.8 0.8 0.8 0.9 0.9 0.9 0.9 1.0 1.0 1.3 1.3 0.8 0.8 0.8 0.8 0.9 0.9 0.9 1.0 1.0 1.6 1.3 1.3 1.3 1.2 30/09/1970
2.8 2.8 2.8 2.8 2.8 2.8 2.2 2.1 2.1 2.0 1.9 1.9 2.8 2.8 2.8 2.8 2.8 2.8 2.2 2.2 2.2 2.0 2.0 3.0 2.8 2.8 2.8 2.8 01/10/1970
2.1 2.2 2.2 2.2 2.2 2.2 1.9 1.9 1.8 1.8 1.6 1.6 2.1 2.1 2.2 2.2 2.2 2.2 2.0 1.9 1.9 1.6 1.6 2.1 2.1 2.1 2.1 2.2 02/10/1970
3.3 3.0 3.0 3.0 3.0 3.0 2.0 1.9 1.8 1.8 1.6 1.6 3.3 3.3 3.0 3.0 3.0 3.0 2.0 2.0 1.9 1.6 1.7 3.3 3.3 3.3 3.3 3.3 03/10/1970
1.0 0.7 0.7 0.7 0.7 0.7 0.6 0.7 0.7 0.7 0.5 0.5 1.0 1.0 0.7 0.7 0.7 0.7 0.6 0.7 0.7 0.5 0.5 1.3 1.0 1.0 1.0 1.0 04/10/1970
1.1 1.0 1.0 1.0 1.0 1.0 1.5 1.4 1.4 1.4 1.4 1.4 1.0 1.0 0.9 1.0 1.0 1.0 1.5 1.5 1.5 1.5 1.5 1.1 1.0 1.0 1.0 1.0 05/10/1970
0.7 0.5 0.5 0.5 0.5 0.5 1.3 1.3 1.2 1.2 1.3 1.3 0.7 0.7 0.5 0.5 0.5 0.5 1.4 1.3 1.3 1.5 1.5 1.1 0.7 0.7 0.7 0.7 06/10/1970
1.2 1.0 1.0 1.0 1.0 1.0 0.7 0.6 0.6 0.6 0.5 0.5 1.2 1.2 0.9 1.0 1.0 0.9 0.7 0.7 0.7 0.6 0.6 1.5 1.2 1.2 1.2 1.2 07/10/1970
1.3 1.0 1.0 1.0 1.0 1.0 1.0 1.0 0.9 0.9 0.9 0.9 1.3 1.3 1.0 1.0 1.0 1.0 1.1 1.0 1.0 0.9 0.9 1.3 1.3 1.3 1.3 1.3 08/10/1970
1.5 0.9 0.9 0.9 0.9 0.9 0.6 0.6 0.6 0.6 0.3 0.3 1.5 1.5 1.0 1.0 1.0 1.0 0.6 0.6 0.6 0.3 0.3 1.8 1.5 1.5 1.5 1.5 09/10/1970
1.3 1.1 1.1 1.1 1.1 1.1 0.8 0.9 0.9 0.8 0.7 0.7 1.3 1.3 1.1 1.1 1.1 1.1 0.8 0.8 0.9 0.7 0.7 1.5 1.3 1.3 1.3 1.2 10/10/1970
2.0 1.7 1.7 1.7 1.7 1.7 1.6 1.6 1.6 1.6 1.5 1.5 1.9 1.9 1.7 1.7 1.7 1.7 1.7 1.6 1.6 1.5 1.5 2.0 1.9 1.9 1.8 1.8 11/10/1970
0.9 1.0 1.0 1.0 1.0 1.0 1.8 1.7 1.7 1.6 1.6 1.6 0.9 0.9 1.0 1.0 1.0 1.0 1.8 1.8 1.7 1.7 1.7 0.9 0.9 0.9 0.9 0.9 12/10/1970
0.6 0.5 0.5 0.5 0.5 0.5 0.9 0.8 0.7 0.7 0.9 0.9 0.6 0.6 0.5 0.5 0.5 0.5 0.9 0.8 0.8 1.1 1.1 0.9 0.6 0.6 0.6 0.6 13/10/1970
0.8 0.8 0.8 0.8 0.8 0.8 1.0 0.9 0.9 0.8 1.1 1.0 0.8 0.8 0.8 0.8 0.8 0.8 1.1 1.0 0.9 1.2 1.2 0.8 0.8 0.8 0.8 0.7 14/10/1970
1.0 0.9 0.9 0.9 0.9 0.9 1.6 1.6 1.5 1.5 1.6 1.6 0.9 0.9 0.9 0.9 0.9 0.9 1.7 1.6 1.6 1.7 1.7 1.0 0.9 0.9 0.9 0.9 15/10/1970
1.8 1.3 1.3 1.3 1.3 1.3 1.9 1.9 1.9 1.9 1.8 1.8 1.7 1.7 1.3 1.3 1.3 1.3 1.9 1.9 1.9 1.8 1.8 2.1 1.7 1.7 1.7 1.7 16/10/1970
1.6 1.5 1.5 1.5 1.5 1.5 1.7 1.7 1.7 1.7 1.7 1.7 1.6 1.6 1.5 1.5 1.5 1.5 1.8 1.7 1.7 1.7 1.8 1.9 1.6 1.6 1.6 1.6 17/10/1970
1.1 0.9 1.0 0.9 0.9 1.0 0.8 0.8 0.9 0.9 0.9 0.9 1.1 1.1 1.0 1.0 1.0 1.0 0.7 0.8 0.8 0.8 0.8 1.1 1.1 1.1 1.1 1.1 18/10/1970
1.2 1.4 1.4 1.4 1.4 1.4 1.2 1.2 1.2 1.3 1.1 1.1 1.2 1.2 1.4 1.4 1.4 1.4 1.2 1.2 1.2 1.1 1.1 1.3 1.2 1.2 1.2 1.2 19/10/1970
1.6 1.6 1.6 1.6 1.6 1.6 1.1 1.1 1.0 1.0 0.8 0.8 1.6 1.6 1.5 1.5 1.6 1.5 1.1 1.1 1.1 0.8 0.8 1.9 1.6 1.6 1.6 1.6 20/10/1970
1.3 1.0 1.0 1.0 1.0 1.0 1.1 1.0 1.0 0.9 0.9 0.9 1.3 1.3 1.0 1.0 1.0 1.0 1.1 1.0 1.0 1.0 1.0 1.7 1.3 1.3 1.3 1.3 21/10/1970
1.6 1.1 1.1 1.1 1.1 1.1 0.8 0.8 0.8 0.8 0.7 0.7 1.6 1.6 1.1 1.1 1.1 1.1 0.8 0.8 0.8 0.8 0.8 1.9 1.6 1.6 1.6 1.5 22/10/1970
1.4 1.2 1.2 1.2 1.2 1.2 0.5 0.4 0.4 0.4 0.5 0.5 1.3 1.3 1.2 1.2 1.2 1.2 0.5 0.5 0.5 0.5 0.5 1.6 1.3 1.3 1.3 1.3 23/10/1970
0.9 0.5 0.5 0.5 0.5 0.5 0.7 0.6 0.6 0.6 0.4 0.4 0.8 0.8 0.5 0.5 0.5 0.5 0.7 0.7 0.6 0.5 0.5 1.2 0.8 0.8 0.8 0.8 24/10/1970
1.2 1.2 1.2 1.2 1.2 1.2 1.2 1.2 1.2 1.2 1.0 1.0 1.1 1.1 1.2 1.2 1.2 1.2 1.2 1.2 1.2 1.0 1.0 1.3 1.1 1.1 1.1 1.1 25/10/1970
0.7 0.9 0.9 0.9 0.9 0.9 1.1 1.0 1.0 1.0 1.3 1.3 0.7 0.7 0.9 0.9 0.9 0.9 1.1 1.0 1.0 1.4 1.4 0.8 0.7 0.7 0.7 0.7 26/10/1970
0.5 0.2 0.2 0.2 0.2 0.2 0.6 0.6 0.5 0.5 0.7 0.7 0.5 0.5 0.2 0.2 0.2 0.2 0.7 0.6 0.6 0.8 0.8 0.8 0.5 0.5 0.5 0.5 27/10/1970
0.6 0.7 0.6 0.7 0.7 0.6 1.2 1.2 1.2 1.2 1.3 1.3 0.6 0.6 0.6 0.6 0.6 0.6 1.2 1.2 1.2 1.4 1.4 0.7 0.6 0.6 0.6 0.6 28/10/1970
0.7 1.2 1.1 1.2 1.2 1.1 1.1 1.1 1.1 1.0 1.2 1.2 0.6 0.6 1.1 1.1 1.1 1.1 1.1 1.1 1.1 1.2 1.3 0.5 0.7 0.7 0.6 0.6 29/10/1970
1.2 1.3 1.3 1.3 1.3 1.3 0.9 0.9 1.0 1.0 1.0 1.0 1.2 1.2 1.3 1.3 1.3 1.3 0.8 0.9 0.9 0.9 0.9 1.1 1.2 1.2 1.2 1.2 30/10/1970
1.2 1.0 1.0 1.0 1.0 1.0 1.2 1.1 1.1 1.1 1.4 1.4 1.1 1.1 1.0 1.0 1.0 1.0 1.2 1.2 1.2 1.4 1.5 1.2 1.1 1.1 1.1 1.1 31/10/1970
0.7 0.7 0.7 0.7 0.7 0.7 1.2 1.1 1.0 0.9 1.5 1.5 0.7 0.7 0.7 0.7 0.7 0.7 1.3 1.1 1.1 1.6 1.6 0.7 0.7 0.7 0.7 0.7 01/11/1970
0.8 0.7 0.7 0.7 0.7 0.7 1.2 1.3 1.3 1.3 1.2 1.2 0.8 0.8 0.7 0.7 0.7 0.7 1.2 1.2 1.3 1.3 1.3 1.1 0.8 0.8 0.8 0.8 02/11/1970
1.8 2.1 2.1 2.1 2.1 2.1 1.6 1.6 1.6 1.7 1.5 1.4 1.8 1.8 2.1 2.1 2.1 2.1 1.7 1.6 1.6 1.5 1.5 1.7 1.8 1.8 1.8 1.8 03/11/1970
1.7 1.7 1.7 1.7 1.7 1.7 1.4 1.4 1.4 1.4 1.4 1.4 1.7 1.7 1.6 1.6 1.7 1.6 1.4 1.4 1.4 1.4 1.4 1.9 1.7 1.7 1.7 1.7 04/11/1970
1.8 1.6 1.5 1.6 1.6 1.5 1.4 1.4 1.5 1.5 1.4 1.4 1.7 1.7 1.5 1.5 1.5 1.5 1.3 1.4 1.4 1.5 1.5 1.9 1.7 1.7 1.7 1.6 05/11/1970
1.1 0.8 0.8 0.8 0.8 0.8 0.7 0.7 0.6 0.6 0.6 0.6 1.1 1.1 0.8 0.8 0.8 0.8 0.7 0.7 0.7 0.6 0.6 1.3 1.1 1.1 1.1 1.1 06/11/1970
0.4 0.4 0.4 0.4 0.4 0.4 0.5 0.5 0.5 0.5 0.5 0.5 0.4 0.4 0.4 0.4 0.4 0.4 0.5 0.5 0.5 0.5 0.5 0.4 0.4 0.4 0.4 0.4 07/11/1970
0.8 1.0 1.0 1.0 1.0 1.0 0.7 0.7 0.7 0.6 0.6 0.6 0.9 0.9 1.0 1.0 1.0 1.0 0.7 0.7 0.7 0.6 0.7 0.7 0.8 0.8 0.9 0.9 08/11/1970
1.1 1.0 1.0 1.0 1.0 1.0 1.0 0.9 0.9 0.8 1.0 1.0 1.0 1.0 0.9 1.0 1.0 1.0 1.1 1.0 0.9 1.1 1.1 1.2 1.0 1.0 1.0 1.0 09/11/1970
1.4 1.2 1.2 1.2 1.2 1.2 0.9 0.9 0.8 0.8 0.8 0.8 1.3 1.3 1.1 1.1 1.1 1.1 0.9 0.9 0.9 0.8 0.8 1.4 1.3 1.3 1.3 1.3 10/11/1970
0.8 0.7 0.7 0.7 0.7 0.7 0.6 0.6 0.6 0.5 0.5 0.5 0.8 0.8 0.8 0.8 0.8 0.8 0.7 0.6 0.6 0.6 0.6 0.9 0.8 0.8 0.8 0.8 11/11/1970
0.6 0.5 0.5 0.5 0.5 0.5 1.3 1.2 1.2 1.2 1.3 1.3 0.6 0.6 0.5 0.5 0.5 0.5 1.3 1.3 1.3 1.4 1.4 0.7 0.6 0.6 0.6 0.6 12/11/1970
0.8 0.6 0.6 0.6 0.6 0.6 0.8 0.8 0.8 0.8 0.8 0.8 0.7 0.7 0.6 0.6 0.6 0.6 0.8 0.8 0.8 0.8 0.8 0.8 0.7 0.7 0.7 0.8 13/11/1970
0.3 0.3 0.3 0.3 0.3 0.3 0.8 0.8 0.8 0.8 0.9 0.9 0.3 0.3 0.3 0.3 0.3 0.3 0.9 0.8 0.8 0.9 1.0 0.4 0.3 0.3 0.3 0.3 14/11/1970
1.3 1.0 1.0 1.0 1.0 1.0 0.4 0.4 0.4 0.4 0.4 0.4 1.3 1.3 1.0 1.0 1.0 1.0 0.4 0.4 0.4 0.4 0.4 1.6 1.3 1.3 1.3 1.3 15/11/1970
0.9 0.5 0.5 0.5 0.5 0.5 0.5 0.5 0.5 0.5 0.6 0.6 0.9 0.9 0.5 0.5 0.5 0.5 0.5 0.5 0.5 0.6 0.6 1.2 0.9 0.9 0.9 0.9 16/11/1970
0.3 0.6 0.6 0.6 0.6 0.6 0.9 0.9 0.8 0.8 0.7 0.7 0.4 0.4 0.6 0.6 0.6 0.6 1.0 0.9 0.9 0.8 0.8 0.6 0.4 0.4 0.4 0.4 17/11/1970
0.7 0.6 0.6 0.6 0.6 0.6 1.1 1.1 1.0 1.0 0.8 0.8 0.7 0.7 0.6 0.6 0.6 0.6 1.1 1.1 1.1 0.9 0.9 0.8 0.7 0.7 0.7 0.7 18/11/1970
1.2 1.2 1.2 1.2 1.2 1.2 1.1 1.1 1.1 1.1 0.9 0.9 1.2 1.2 1.2 1.2 1.2 1.2 1.2 1.1 1.1 0.9 0.9 1.3 1.2 1.2 1.2 1.2 19/11/1970
0.5 0.3 0.3 0.3 0.3 0.3 0.5 0.5 0.5 0.5 0.5 0.5 0.5 0.5 0.4 0.4 0.4 0.4 0.5 0.5 0.5 0.6 0.6 0.5 0.5 0.5 0.5 0.5 20/11/1970
0.6 0.7 0.7 0.7 0.7 0.7 0.9 0.9 0.9 0.9 0.9 0.9 0.6 0.6 0.7 0.7 0.7 0.7 0.9 0.9 0.9 0.9 0.9 0.7 0.6 0.6 0.6 0.6 21/11/1970
0.3 0.5 0.6 0.5 0.5 0.6 0.3 0.3 0.3 0.3 0.6 0.6 0.3 0.3 0.6 0.6 0.6 0.6 0.3 0.3 0.3 0.5 0.5 0.2 0.3 0.3 0.3 0.3 22/11/1970
1.0 0.9 0.9 0.9 0.9 0.9 0.7 0.7 0.6 0.6 0.7 0.7 1.0 1.0 0.9 0.9 0.9 0.9 0.7 0.7 0.7 0.7 0.7 0.9 1.0 1.0 1.0 1.0 23/11/1970
3.1 2.1 2.1 2.1 2.1 2.1 1.6 1.6 1.6 1.6 1.8 1.8 3.0 3.0 2.1 2.1 2.1 2.1 1.6 1.6 1.6 1.8 1.8 3.0 3.0 3.0 3.0 2.9 24/11/1970
1.6 1.3 1.3 1.3 1.3 1.4 1.5 1.5 1.5 1.5 1.9 1.9 1.6 1.6 1.4 1.4 1.4 1.4 1.5 1.5 1.5 1.9 1.9 1.7 1.6 1.6 1.6 1.6 25/11/1970
1.1 0.8 0.8 0.8 0.8 0.8 0.6 0.6 0.6 0.6 0.5 0.5 1.1 1.1 0.8 0.8 0.8 0.8 0.6 0.6 0.6 0.5 0.5 1.0 1.1 1.1 1.1 1.1 26/11/1970
1.2 0.9 0.9 0.9 0.9 0.9 1.2 1.2 1.3 1.3 1.1 1.1 1.1 1.1 0.9 0.9 0.9 0.9 1.2 1.2 1.2 1.1 1.1 1.1 1.2 1.2 1.1 1.1 27/11/1970
1.0 0.7 0.7 0.7 0.7 0.7 0.8 0.8 0.8 0.7 0.6 0.6 1.1 1.1 0.7 0.7 0.7 0.7 0.9 0.8 0.8 0.7 0.7 1.2 1.0 1.0 1.1 1.1 28/11/1970
0.9 0.4 0.4 0.4 0.4 0.4 1.1 1.1 1.1 1.1 1.2 1.2 1.0 1.0 0.4 0.4 0.4 0.4 1.1 1.1 1.1 1.2 1.2 1.2 1.0 1.0 1.0 1.0 29/11/1970
0.5 0.7 0.7 0.7 0.7 0.7 0.8 0.8 0.7 0.7 0.7 0.7 0.6 0.6 0.7 0.7 0.7 0.7 0.9 0.8 0.8 0.8 0.8 0.5 0.6 0.6 0.6 0.6 30/11/1970
0.8 0.9 0.9 0.9 0.9 0.9 0.6 0.6 0.6 0.6 0.5 0.5 0.8 0.8 0.9 0.9 0.9 0.9 0.6 0.6 0.6 0.6 0.6 0.9 0.8 0.8 0.8 0.8 01/12/1970
0.7 0.7 0.7 0.7 0.7 0.7 0.5 0.5 0.5 0.5 0.5 0.5 0.7 0.7 0.7 0.7 0.7 0.7 0.5 0.5 0.5 0.6 0.6 0.6 0.7 0.7 0.7 0.7 02/12/1970
0.4 0.7 0.7 0.7 0.7 0.7 0.8 0.8 0.7 0.7 0.6 0.6 0.4 0.4 0.7 0.7 0.7 0.7 0.9 0.8 0.8 0.7 0.7 0.3 0.4 0.4 0.4 0.4 03/12/1970
0.4 0.4 0.4 0.4 0.4 0.4 0.3 0.3 0.3 0.3 0.3 0.3 0.4 0.4 0.4 0.4 0.4 0.4 0.3 0.3 0.3 0.4 0.4 0.4 0.4 0.4 0.4 0.4 04/12/1970
1.1 0.9 0.9 0.9 0.9 0.9 0.6 0.5 0.5 0.5 0.5 0.5 1.0 1.0 0.9 0.9 0.9 0.9 0.6 0.6 0.6 0.5 0.5 1.3 1.0 1.0 1.0 1.0 05/12/1970
1.3 1.4 1.4 1.4 1.4 1.4 0.8 0.8 0.8 0.8 0.8 0.8 1.3 1.3 1.4 1.4 1.4 1.4 0.8 0.8 0.8 0.9 0.9 1.3 1.3 1.3 1.3 1.3 06/12/1970
1.0 1.1 1.1 1.1 1.1 1.1 0.4 0.4 0.3 0.3 0.4 0.4 1.0 1.0 1.1 1.1 1.1 1.1 0.4 0.4 0.4 0.4 0.4 1.1 1.0 1.0 1.0 1.0 07/12/1970
1.0 1.0 1.0 1.0 1.0 1.0 0.7 0.7 0.7 0.7 0.7 0.7 0.9 0.9 1.0 1.0 1.0 1.0 0.7 0.7 0.7 0.7 0.7 1.0 1.0 1.0 0.9 0.9 08/12/1970
0.8 0.7 0.7 0.7 0.7 0.7 0.4 0.4 0.4 0.4 0.4 0.4 0.8 0.8 0.7 0.7 0.7 0.7 0.4 0.4 0.4 0.4 0.4 0.9 0.8 0.8 0.8 0.8 09/12/1970
0.6 0.6 0.6 0.6 0.6 0.6 0.7 0.6 0.6 0.5 0.5 0.4 0.5 0.5 0.6 0.6 0.6 0.6 0.7 0.6 0.6 0.5 0.5 0.5 0.5 0.5 0.5 0.5 10/12/1970
0.7 0.4 0.3 0.4 0.4 0.3 0.5 0.5 0.5 0.5 0.6 0.6 0.7 0.7 0.3 0.3 0.3 0.3 0.5 0.5 0.5 0.6 0.6 0.9 0.7 0.7 0.7 0.7 11/12/1970
0.2 0.2 0.2 0.2 0.2 0.2 0.2 0.2 0.2 0.2 0.2 0.2 0.2 0.2 0.2 0.2 0.2 0.2 0.2 0.2 0.2 0.2 0.2 0.1 0.2 0.2 0.2 0.1 12/12/1970
0.4 0.3 0.2 0.3 0.3 0.2 0.2 0.1 0.1 0.1 0.1 0.1 0.4 0.4 0.2 0.2 0.2 0.2 0.2 0.2 0.1 0.1 0.1 0.4 0.4 0.4 0.4 0.4 13/12/1970
0.2 0.3 0.3 0.3 0.3 0.3 0.5 0.4 0.4 0.4 0.3 0.3 0.1 0.1 0.2 0.2 0.2 0.2 0.5 0.5 0.4 0.3 0.3 0.2 0.1 0.1 0.1 0.1 14/12/1970
0.4 0.3 0.3 0.3 0.3 0.3 0.4 0.4 0.3 0.3 0.3 0.3 0.4 0.4 0.3 0.3 0.3 0.3 0.5 0.4 0.4 0.3 0.4 0.5 0.4 0.4 0.4 0.4 15/12/1970
0.6 0.6 0.6 0.6 0.6 0.6 0.6 0.6 0.6 0.6 0.6 0.6 0.6 0.6 0.6 0.6 0.6 0.6 0.6 0.6 0.6 0.6 0.6 0.7 0.6 0.6 0.6 0.6 16/12/1970
0.6 0.4 0.4 0.4 0.4 0.4 0.2 0.2 0.2 0.2 0.3 0.3 0.6 0.6 0.4 0.4 0.4 0.4 0.2 0.2 0.2 0.3 0.3 0.6 0.6 0.6 0.6 0.6 17/12/1970
0.1 0.1 0.1 0.1 0.1 0.1 0.2 0.1 0.1 0.1 0.1 0.1 0.1 0.1 0.1 0.1 0.1 0.1 0.2 0.2 0.1 0.1 0.2 0.1 0.1 0.1 0.1 0.1 18/12/1970
0.2 0.2 0.2 0.2 0.2 0.2 0.1 0.1 0.1 0.0 0.1 0.0 0.2 0.2 0.2 0.2 0.2 0.2 0.2 0.1 0.1 0.1 0.1 0.2 0.2 0.2 0.2 0.2 19/12/1970
0.4 0.4 0.4 0.4 0.4 0.4 0.2 0.2 0.1 0.1 0.1 0.1 0.4 0.4 0.3 0.3 0.3 0.3 0.3 0.2 0.2 0.1 0.2 0.4 0.4 0.4 0.4 0.3 20/12/1970
0.6 0.7 0.7 0.7 0.7 0.7 0.3 0.3 0.3 0.4 0.4 0.4 0.6 0.6 0.6 0.7 0.7 0.6 0.3 0.3 0.3 0.3 0.3 0.7 0.6 0.6 0.6 0.6 21/12/1970
0.8 0.7 0.7 0.7 0.7 0.7 0.6 0.6 0.6 0.6 0.6 0.6 0.8 0.8 0.7 0.7 0.7 0.7 0.6 0.6 0.6 0.6 0.6 1.1 0.8 0.8 0.8 0.8 22/12/1970
0.1 0.3 0.3 0.3 0.3 0.3 0.3 0.3 0.3 0.3 0.3 0.3 0.1 0.1 0.3 0.3 0.3 0.3 0.3 0.3 0.3 0.4 0.4 0.1 0.1 0.1 0.1 0.1 23/12/1970
0.3 0.3 0.3 0.3 0.3 0.3 0.4 0.4 0.4 0.4 0.3 0.3 0.3 0.3 0.3 0.3 0.3 0.3 0.4 0.4 0.4 0.4 0.4 0.3 0.3 0.3 0.3 0.3 24/12/1970
0.6 0.7 0.7 0.7 0.7 0.7 0.6 0.6 0.6 0.6 0.6 0.6 0.6 0.6 0.7 0.7 0.7 0.7 0.6 0.6 0.6 0.6 0.6 0.6 0.6 0.6 0.6 0.6 25/12/1970
0.5 0.5 0.5 0.5 0.5 0.5 0.4 0.3 0.3 0.3 0.3 0.3 0.5 0.5 0.5 0.5 0.5 0.5 0.4 0.4 0.3 0.3 0.3 0.4 0.5 0.5 0.5 0.5 26/12/1970
0.6 0.5 0.5 0.5 0.5 0.5 0.4 0.4 0.4 0.4 0.3 0.3 0.6 0.6 0.5 0.5 0.5 0.5 0.4 0.4 0.4 0.3 0.3 0.6 0.6 0.6 0.6 0.6 27/12/1970
0.0 0.2 0.2 0.2 0.2 0.2 0.2 0.2 0.2 0.2 0.2 0.2 0.1 0.1 0.2 0.2 0.2 0.2 0.2 0.2 0.2 0.2 0.3 0.0 0.0 0.0 0.1 0.1 28/12/1970
0.3 0.2 0.2 0.2 0.2 0.2 0.3 0.3 0.3 0.3 0.3 0.3 0.2 0.2 0.2 0.2 0.2 0.2 0.4 0.3 0.3 0.3 0.3 0.3 0.3 0.3 0.2 0.2 29/12/1970
0.4 0.7 0.7 0.7 0.7 0.7 0.3 0.3 0.3 0.3 0.3 0.3 0.4 0.4 0.7 0.7 0.7 0.7 0.4 0.3 0.3 0.3 0.3 0.4 0.4 0.4 0.4 0.4 30/12/1970
0.3 0.3 0.3 0.3 0.3 0.3 0.1 0.1 0.1 0.1 0.1 0.1 0.3 0.3 0.3 0.3 0.3 0.3 0.1 0.1 0.1 0.1 0.1 0.2 0.3 0.3 0.3 0.3 31/12/1970
0.4 0.2 0.2 0.2 0.2 0.2 0.3 0.3 0.3 0.3 0.2 0.2 0.3 0.3 0.2 0.2 0.2 0.2 0.3 0.3 0.3 0.2 0.2 0.4 0.4 0.4 0.3 0.3 01/01/1971
0.3 0.1 0.1 0.1 0.1 0.1 0.2 0.2 0.1 0.1 0.1 0.1 0.3 0.3 0.0 0.0 0.0 0.0 0.2 0.2 0.2 0.1 0.1 0.4 0.3 0.3 0.3 0.3 02/01/1971
0.1 0.2 0.2 0.2 0.2 0.2 0.3 0.3 0.2 0.2 0.1 0.1 0.1 0.1 0.2 0.2 0.2 0.2 0.3 0.3 0.3 0.2 0.2 0.1 0.1 0.1 0.1 0.1 03/01/1971
0.2 0.2 0.2 0.2 0.2 0.2 0.3 0.2 0.2 0.2 0.1 0.1 0.2 0.2 0.2 0.2 0.2 0.2 0.3 0.3 0.2 0.1 0.1 0.2 0.2 0.2 0.2 0.2 04/01/1971
0.4 0.2 0.2 0.2 0.2 0.2 0.1 0.1 0.1 0.1 0.2 0.2 0.4 0.4 0.2 0.2 0.2 0.2 0.1 0.1 0.1 0.2 0.2 0.4 0.4 0.4 0.4 0.4 05/01/1971
0.3 0.5 0.5 0.5 0.5 0.5 0.5 0.5 0.5 0.5 0.5 0.5 0.2 0.2 0.5 0.5 0.5 0.5 0.5 0.5 0.5 0.4 0.4 0.2 0.3 0.3 0.2 0.2 06/01/1971
0.2 0.0 0.0 0.0 0.0 0.0 0.1 0.1 0.1 0.1 0.1 0.1 0.2 0.2 0.0 0.0 0.0 0.0 0.1 0.1 0.1 0.1 0.1 0.2 0.2 0.2 0.2 0.2 07/01/1971
0.8 0.8 0.7 0.8 0.8 0.7 0.4 0.4 0.5 0.5 0.5 0.5 0.7 0.7 0.7 0.7 0.7 0.7 0.4 0.4 0.4 0.5 0.5 0.6 0.7 0.7 0.7 0.7 08/01/1971
0.3 0.2 0.2 0.2 0.2 0.2 0.1 0.1 0.1 0.1 0.2 0.2 0.2 0.2 0.2 0.2 0.2 0.2 0.1 0.1 0.1 0.2 0.2 0.3 0.2 0.2 0.2 0.2 09/01/1971
0.5 0.3 0.3 0.3 0.3 0.3 0.3 0.4 0.4 0.5 0.4 0.4 0.4 0.4 0.4 0.4 0.4 0.4 0.3 0.3 0.3 0.4 0.3 0.5 0.5 0.5 0.4 0.4 10/01/1971
1.2 1.1 1.1 1.1 1.1 1.1 0.9 0.9 0.9 0.9 0.7 0.7 1.2 1.2 1.1 1.1 1.1 1.1 0.8 0.9 0.9 0.9 0.9 1.0 1.2 1.2 1.2 1.2 11/01/1971
0.6 0.6 0.6 0.6 0.6 0.6 0.8 0.8 0.8 0.7 0.8 0.8 0.6 0.6 0.6 0.6 0.6 0.6 0.8 0.8 0.8 0.7 0.7 0.4 0.6 0.6 0.6 0.6 12/01/1971
1.0 0.8 0.8 0.8 0.8 0.8 0.7 0.6 0.6 0.6 0.5 0.5 1.0 1.0 0.8 0.8 0.8 0.8 0.7 0.7 0.6 0.5 0.5 0.9 1.0 1.0 1.0 0.9 13/01/1971
0.3 0.3 0.3 0.3 0.3 0.3 0.6 0.6 0.6 0.6 0.6 0.6 0.3 0.3 0.3 0.3 0.3 0.3 0.6 0.6 0.6 0.6 0.6 0.3 0.3 0.3 0.3 0.3 14/01/1971
0.3 0.4 0.3 0.4 0.4 0.3 0.3 0.3 0.2 0.2 0.3 0.3 0.3 0.3 0.3 0.3 0.3 0.3 0.4 0.3 0.3 0.2 0.2 0.3 0.3 0.3 0.3 0.3 15/01/1971
0.4 0.4 0.4 0.4 0.4 0.4 0.4 0.3 0.3 0.3 0.2 0.2 0.4 0.4 0.4 0.4 0.4 0.4 0.4 0.4 0.3 0.3 0.3 0.4 0.4 0.4 0.4 0.4 16/01/1971
0.5 0.4 0.4 0.4 0.4 0.4 0.4 0.3 0.3 0.3 0.2 0.2 0.4 0.4 0.4 0.4 0.4 0.4 0.4 0.4 0.4 0.3 0.3 0.4 0.5 0.5 0.4 0.4 17/01/1971
0.7 0.7 0.7 0.7 0.7 0.7 0.6 0.6 0.6 0.5 0.5 0.5 0.7 0.7 0.7 0.7 0.7 0.7 0.7 0.6 0.6 0.5 0.6 0.6 0.7 0.7 0.7 0.7 18/01/1971
0.9 0.8 0.8 0.8 0.8 0.8 0.7 0.7 0.7 0.7 0.6 0.6 0.8 0.8 0.8 0.8 0.8 0.8 0.8 0.7 0.7 0.6 0.6 0.6 0.9 0.9 0.8 0.8 19/01/1971
0.8 0.7 0.7 0.7 0.7 0.7 0.4 0.4 0.4 0.4 0.5 0.5 0.7 0.7 0.7 0.7 0.7 0.7 0.3 0.4 0.4 0.5 0.5 0.7 0.7 0.7 0.7 0.7 20/01/1971
1.1 1.2 1.2 1.2 1.2 1.2 0.7 0.7 0.6 0.6 0.6 0.6 1.1 1.1 1.2 1.2 1.2 1.2 0.7 0.7 0.7 0.6 0.6 1.1 1.1 1.1 1.1 1.0 21/01/1971
0.6 0.6 0.6 0.6 0.6 0.6 0.6 0.6 0.6 0.6 0.6 0.6 0.6 0.6 0.6 0.6 0.6 0.6 0.6 0.6 0.6 0.6 0.6 0.6 0.6 0.6 0.6 0.6 22/01/1971
1.1 1.1 1.1 1.1 1.1 1.1 1.0 1.0 1.0 0.9 0.8 0.8 1.1 1.1 1.0 1.0 1.0 1.0 1.0 1.0 1.0 0.9 0.9 1.2 1.1 1.1 1.0 1.0 23/01/1971
0.9 1.2 1.2 1.2 1.2 1.2 1.0 1.0 0.9 0.9 0.9 0.9 0.9 0.9 1.1 1.1 1.1 1.1 1.0 1.0 1.0 0.9 1.0 0.9 0.9 0.9 0.9 0.9 24/01/1971
1.2 1.7 1.6 1.7 1.6 1.6 1.1 1.0 1.0 1.0 0.8 0.8 1.2 1.2 1.6 1.6 1.6 1.6 1.1 1.1 1.1 0.9 0.9 1.0 1.2 1.2 1.2 1.1 25/01/1971
0.6 0.9 0.9 0.9 0.9 0.9 0.8 0.8 0.8 0.7 0.8 0.8 0.6 0.6 0.9 0.9 0.9 0.9 0.8 0.8 0.8 0.8 0.8 0.6 0.6 0.6 0.6 0.6 26/01/1971
0.7 0.8 0.8 0.8 0.8 0.8 0.6 0.6 0.6 0.6 0.5 0.5 0.7 0.7 0.8 0.8 0.8 0.8 0.7 0.6 0.6 0.5 0.5 0.6 0.7 0.7 0.7 0.6 27/01/1971
0.9 1.0 1.0 1.0 1.0 1.0 0.7 0.7 0.7 0.7 0.6 0.6 0.9 0.9 1.0 1.0 1.0 1.0 0.7 0.7 0.7 0.6 0.6 0.9 0.9 0.9 0.9 0.9 28/01/1971
1.1 1.1 1.1 1.1 1.1 1.1 0.9 0.9 0.9 0.9 0.9 0.9 1.1 1.1 1.1 1.1 1.1 1.1 0.9 0.9 0.9 0.9 0.9 1.1 1.1 1.1 1.1 1.1 29/01/1971
0.6 0.6 0.6 0.6 0.6 0.6 0.6 0.6 0.6 0.6 0.5 0.5 0.6 0.6 0.6 0.6 0.6 0.6 0.7 0.6 0.6 0.5 0.5 0.3 0.6 0.6 0.6 0.6 30/01/1971
0.5 0.3 0.3 0.3 0.3 0.3 0.3 0.3 0.3 0.3 0.3 0.3 0.5 0.5 0.3 0.3 0.3 0.3 0.3 0.3 0.3 0.4 0.4 0.5 0.5 0.5 0.5 0.5 31/01/1971
0.8 1.1 1.1 1.1 1.1 1.1 1.1 1.1 1.1 1.0 1.1 1.0 0.8 0.8 1.1 1.1 1.1 1.1 1.1 1.1 1.1 1.1 1.1 0.7 0.8 0.8 0.8 0.8 01/02/1971
1.2 1.1 1.1 1.1 1.1 1.1 0.7 0.7 0.7 0.7 0.7 0.7 1.2 1.2 1.0 1.1 1.1 1.1 0.7 0.7 0.7 0.7 0.7 1.3 1.2 1.2 1.2 1.2 02/02/1971
0.1 0.1 0.1 0.1 0.1 0.1 0.4 0.4 0.4 0.4 0.4 0.4 0.1 0.1 0.1 0.1 0.1 0.1 0.4 0.4 0.4 0.4 0.4 0.1 0.1 0.1 0.1 0.1 03/02/1971
0.5 0.4 0.4 0.4 0.4 0.4 0.3 0.3 0.2 0.2 0.2 0.2 0.5 0.5 0.4 0.4 0.4 0.4 0.4 0.3 0.3 0.3 0.3 0.7 0.5 0.5 0.5 0.5 04/02/1971
0.9 0.9 0.9 0.9 0.9 0.9 1.0 0.9 0.9 0.8 0.7 0.7 0.8 0.8 0.9 0.9 0.9 0.9 1.0 1.0 0.9 0.8 0.9 0.9 0.9 0.9 0.8 0.8 05/02/1971
0.4 0.3 0.3 0.3 0.3 0.3 0.6 0.6 0.5 0.5 0.6 0.6 0.3 0.3 0.3 0.3 0.3 0.3 0.7 0.6 0.6 0.7 0.7 0.4 0.4 0.4 0.3 0.3 06/02/1971
0.3 0.4 0.4 0.4 0.4 0.4 0.5 0.5 0.4 0.4 0.4 0.4 0.3 0.3 0.3 0.3 0.3 0.3 0.5 0.5 0.5 0.5 0.5 0.3 0.3 0.3 0.3 0.3 07/02/1971
0.5 0.6 0.6 0.6 0.6 0.6 0.5 0.5 0.4 0.4 0.3 0.3 0.4 0.4 0.6 0.6 0.6 0.6 0.6 0.5 0.5 0.4 0.5 0.4 0.4 0.4 0.4 0.4 08/02/1971
1.1 0.6 0.6 0.6 0.6 0.6 0.4 0.4 0.4 0.4 0.4 0.4 1.1 1.1 0.6 0.6 0.6 0.6 0.4 0.4 0.4 0.3 0.3 1.0 1.1 1.1 1.1 1.1 09/02/1971
1.1 0.4 0.4 0.4 0.4 0.4 0.6 0.6 0.6 0.6 0.7 0.7 1.1 1.1 0.4 0.4 0.4 0.4 0.6 0.6 0.6 0.7 0.7 1.4 1.1 1.1 1.1 1.1 10/02/1971
0.7 0.4 0.4 0.4 0.4 0.4 0.3 0.3 0.3 0.3 0.4 0.4 0.6 0.6 0.3 0.3 0.3 0.3 0.3 0.3 0.3 0.4 0.4 0.7 0.6 0.6 0.6 0.6 11/02/1971
0.5 0.5 0.5 0.5 0.5 0.5 0.6 0.6 0.5 0.5 0.4 0.4 0.5 0.5 0.5 0.5 0.5 0.5 0.6 0.6 0.6 0.5 0.5 0.6 0.5 0.5 0.5 0.5 12/02/1971
1.0 1.3 1.3 1.3 1.3 1.3 0.8 0.8 0.8 0.8 0.8 0.8 1.0 1.0 1.2 1.2 1.2 1.2 0.8 0.8 0.8 0.8 0.8 0.9 1.0 1.0 1.0 1.0 13/02/1971
0.8 1.1 1.1 1.1 1.1 1.1 0.8 0.8 0.7 0.7 0.8 0.8 0.7 0.7 1.1 1.1 1.1 1.1 0.8 0.8 0.8 0.8 0.8 0.5 0.7 0.7 0.7 0.7 14/02/1971
0.3 0.5 0.5 0.5 0.5 0.5 0.5 0.5 0.4 0.4 0.4 0.4 0.3 0.3 0.5 0.5 0.5 0.5 0.5 0.5 0.5 0.5 0.5 0.4 0.3 0.3 0.3 0.3 15/02/1971
0.5 0.8 0.8 0.8 0.8 0.8 0.5 0.5 0.5 0.5 0.4 0.4 0.5 0.5 0.8 0.8 0.8 0.8 0.6 0.5 0.5 0.4 0.4 0.6 0.5 0.5 0.5 0.5 16/02/1971
0.5 0.9 0.9 0.9 0.9 0.9 1.1 1.1 1.1 1.1 1.2 1.2 0.5 0.5 0.9 0.9 0.9 0.9 1.1 1.1 1.1 1.2 1.2 0.3 0.5 0.5 0.5 0.5 17/02/1971
0.5 0.7 0.7 0.7 0.7 0.7 0.8 0.8 0.8 0.8 0.6 0.6 0.5 0.5 0.7 0.7 0.7 0.7 0.8 0.8 0.8 0.6 0.6 0.4 0.5 0.5 0.5 0.5 18/02/1971
0.9 0.8 0.8 0.8 0.8 0.8 0.7 0.7 0.7 0.7 0.5 0.5 0.9 0.9 0.8 0.8 0.8 0.8 0.8 0.7 0.7 0.5 0.6 0.9 0.9 0.9 0.8 0.8 19/02/1971
0.4 0.3 0.3 0.3 0.3 0.3 0.4 0.4 0.4 0.3 0.4 0.4 0.4 0.4 0.3 0.3 0.3 0.3 0.5 0.4 0.4 0.5 0.5 0.5 0.4 0.4 0.4 0.4 20/02/1971
1.0 1.1 1.1 1.1 1.1 1.1 0.9 0.8 0.8 0.8 0.7 0.7 0.9 0.9 1.1 1.1 1.1 1.1 0.9 0.8 0.8 0.7 0.7 0.9 0.9 0.9 0.9 0.9 21/02/1971
0.9 0.8 0.8 0.8 0.8 0.8 0.7 0.7 0.7 0.7 0.5 0.5 0.8 0.8 0.7 0.7 0.7 0.7 0.8 0.7 0.7 0.5 0.5 0.8 0.8 0.8 0.8 0.8 22/02/1971
0.3 0.3 0.3 0.3 0.3 0.3 0.6 0.5 0.5 0.4 0.5 0.5 0.3 0.3 0.3 0.3 0.3 0.3 0.6 0.6 0.5 0.6 0.6 0.3 0.3 0.3 0.3 0.3 23/02/1971
0.5 0.6 0.6 0.6 0.6 0.6 0.7 0.6 0.6 0.6 0.7 0.7 0.5 0.5 0.5 0.5 0.5 0.5 0.7 0.7 0.7 0.8 0.8 0.5 0.5 0.5 0.5 0.5 24/02/1971
1.0 1.1 1.1 1.1 1.1 1.1 0.6 0.6 0.5 0.5 0.8 0.8 0.9 0.9 1.1 1.1 1.1 1.1 0.7 0.6 0.6 0.9 1.0 0.9 0.9 0.9 0.9 0.9 25/02/1971
0.7 0.8 0.8 0.8 0.8 0.8 0.9 0.9 0.8 0.8 0.8 0.8 0.7 0.7 0.7 0.7 0.7 0.7 0.9 0.9 0.9 0.8 0.8 0.8 0.7 0.7 0.7 0.7 26/02/1971
1.0 0.8 0.8 0.8 0.8 0.8 0.7 0.6 0.6 0.6 0.6 0.6 1.0 1.0 0.8 0.8 0.8 0.8 0.7 0.7 0.6 0.6 0.6 1.0 1.0 1.0 1.0 1.0 27/02/1971
1.4 0.9 0.9 0.9 0.9 0.9 0.6 0.6 0.6 0.6 0.6 0.6 1.4 1.4 0.8 0.8 0.8 0.8 0.6 0.6 0.6 0.6 0.6 1.7 1.4 1.4 1.4 1.4 28/02/1971
0.6 0.4 0.4 0.4 0.4 0.4 0.6 0.6 0.6 0.6 0.5 0.5 0.6 0.6 0.4 0.4 0.4 0.4 0.7 0.6 0.6 0.5 0.5 0.7 0.6 0.6 0.6 0.6 01/03/1971
0.4 0.3 0.3 0.3 0.3 0.3 0.1 0.2 0.2 0.2 0.1 0.1 0.5 0.5 0.3 0.3 0.3 0.3 0.1 0.1 0.1 0.1 0.1 0.5 0.4 0.4 0.5 0.5 02/03/1971
0.7 0.9 0.9 0.9 0.9 0.9 0.4 0.4 0.4 0.4 0.3 0.3 0.7 0.7 0.9 0.9 0.9 0.9 0.4 0.4 0.4 0.3 0.3 0.8 0.7 0.7 0.7 0.7 03/03/1971
1.0 1.0 1.0 1.0 1.0 1.0 0.9 0.9 0.9 0.9 0.8 0.8 1.0 1.0 1.0 1.0 1.0 1.0 0.9 0.9 0.9 0.8 0.8 1.0 1.0 1.0 1.0 1.0 04/03/1971
0.7 0.7 0.6 0.7 0.6 0.6 0.5 0.5 0.5 0.5 0.4 0.4 0.7 0.7 0.6 0.6 0.6 0.6 0.5 0.5 0.5 0.5 0.5 0.8 0.7 0.7 0.7 0.7 05/03/1971
1.0 0.9 0.9 0.9 0.9 0.9 0.9 0.9 0.9 0.9 0.8 0.8 0.9 0.9 0.9 0.9 0.9 0.9 0.9 0.9 0.9 0.8 0.8 1.0 0.9 0.9 0.9 0.9 06/03/1971
1.2 1.1 1.1 1.1 1.1 1.1 1.1 1.1 1.1 1.1 0.9 0.9 1.2 1.2 1.1 1.1 1.1 1.1 1.1 1.1 1.1 0.9 0.9 1.1 1.2 1.2 1.2 1.2 07/03/1971
0.8 0.6 0.6 0.6 0.6 0.6 0.7 0.7 0.7 0.7 0.7 0.7 0.7 0.7 0.5 0.5 0.5 0.5 0.7 0.7 0.7 0.7 0.7 0.9 0.8 0.8 0.7 0.7 08/03/1971
0.6 0.4 0.4 0.4 0.4 0.4 0.4 0.4 0.4 0.3 0.3 0.3 0.6 0.6 0.4 0.4 0.4 0.4 0.5 0.4 0.4 0.4 0.5 0.8 0.6 0.6 0.6 0.6 09/03/1971
1.5 1.2 1.2 1.2 1.2 1.2 1.1 1.1 1.1 1.1 1.2 1.2 1.5 1.5 1.2 1.2 1.2 1.2 1.1 1.1 1.1 1.2 1.3 1.6 1.5 1.5 1.5 1.5 10/03/1971
0.4 0.4 0.4 0.4 0.4 0.4 0.5 0.5 0.4 0.4 0.4 0.4 0.3 0.3 0.4 0.4 0.4 0.4 0.5 0.5 0.5 0.4 0.5 0.3 0.4 0.4 0.3 0.3 11/03/1971
1.2 1.3 1.2 1.2 1.2 1.2 1.3 1.2 1.2 1.2 1.1 1.1 1.2 1.2 1.2 1.2 1.2 1.2 1.3 1.3 1.3 1.1 1.1 1.2 1.2 1.2 1.2 1.2 12/03/1971
0.9 1.0 0.9 1.0 1.0 0.9 1.3 1.3 1.2 1.2 1.3 1.3 0.8 0.8 0.9 0.9 0.9 0.9 1.3 1.3 1.3 1.4 1.4 0.7 0.8 0.8 0.8 0.8 13/03/1971
1.2 0.6 0.6 0.6 0.6 0.6 0.5 0.5 0.5 0.5 0.6 0.6 1.1 1.1 0.6 0.6 0.6 0.6 0.5 0.5 0.5 0.6 0.6 1.4 1.2 1.2 1.1 1.1 14/03/1971
1.4 1.9 1.9 1.9 1.9 1.9 1.6 1.5 1.5 1.5 1.5 1.5 1.4 1.4 1.8 1.8 1.8 1.8 1.6 1.6 1.6 1.5 1.6 1.4 1.4 1.4 1.4 1.4 15/03/1971
0.8 0.7 0.7 0.7 0.7 0.7 0.8 0.8 0.8 0.8 0.7 0.7 0.7 0.7 0.7 0.7 0.7 0.7 0.9 0.8 0.8 0.7 0.8 0.9 0.7 0.7 0.7 0.7 16/03/1971
1.0 0.9 0.9 0.9 0.9 0.9 1.1 1.0 1.0 0.9 1.2 1.2 1.0 1.0 0.8 0.8 0.8 0.8 1.1 1.0 1.0 1.2 1.3 1.0 1.0 1.0 1.0 1.0 17/03/1971
2.5 2.3 2.2 2.3 2.3 2.2 1.6 1.5 1.4 1.4 1.3 1.3 2.4 2.4 2.2 2.2 2.2 2.2 1.7 1.6 1.5 1.4 1.4 2.6 2.4 2.4 2.4 2.4 18/03/1971
2.2 2.3 2.3 2.3 2.3 2.3 1.7 1.6 1.5 1.5 1.3 1.3 2.2 2.2 2.2 2.2 2.2 2.2 1.8 1.7 1.6 1.4 1.5 2.2 2.2 2.2 2.2 2.2 19/03/1971
0.7 0.9 0.9 0.9 0.9 0.9 1.4 1.3 1.3 1.2 1.5 1.5 0.6 0.6 0.9 0.9 0.9 0.9 1.4 1.4 1.3 1.6 1.6 0.6 0.7 0.7 0.6 0.6 20/03/1971
0.5 0.6 0.6 0.6 0.6 0.6 0.5 0.5 0.5 0.5 0.5 0.5 0.5 0.5 0.5 0.5 0.6 0.5 0.6 0.5 0.5 0.6 0.6 0.7 0.5 0.5 0.5 0.5 21/03/1971
1.2 1.5 1.4 1.5 1.5 1.4 1.1 1.1 1.0 1.0 0.9 0.9 1.2 1.2 1.4 1.4 1.4 1.4 1.2 1.1 1.1 0.9 1.0 1.2 1.2 1.2 1.2 1.2 22/03/1971
1.6 1.6 1.6 1.6 1.6 1.6 1.5 1.5 1.5 1.5 1.3 1.3 1.6 1.6 1.6 1.6 1.6 1.6 1.6 1.5 1.5 1.3 1.4 1.7 1.6 1.6 1.6 1.6 23/03/1971
1.2 1.0 1.0 1.0 1.0 1.0 0.8 0.9 0.9 0.9 0.7 0.7 1.2 1.2 1.0 1.0 1.0 1.0 0.8 0.9 0.9 0.7 0.7 1.3 1.2 1.2 1.2 1.1 24/03/1971
0.9 1.4 1.4 1.4 1.4 1.4 1.1 1.1 1.1 1.1 1.0 1.0 0.9 0.9 1.4 1.4 1.4 1.4 1.1 1.1 1.1 1.0 1.0 0.5 0.9 0.9 0.9 0.9 25/03/1971
1.2 1.5 1.5 1.5 1.5 1.5 0.6 0.6 0.6 0.6 0.6 0.6 1.2 1.2 1.5 1.5 1.5 1.5 0.7 0.6 0.6 0.6 0.6 1.5 1.2 1.2 1.2 1.2 26/03/1971
1.8 1.8 1.8 1.8 1.8 1.8 1.6 1.6 1.6 1.6 1.5 1.5 1.8 1.8 1.8 1.8 1.8 1.8 1.6 1.6 1.6 1.5 1.6 1.8 1.8 1.8 1.8 1.8 27/03/1971
1.8 1.6 1.6 1.6 1.6 1.6 1.3 1.3 1.3 1.3 1.5 1.5 1.8 1.8 1.6 1.6 1.6 1.6 1.3 1.3 1.3 1.5 1.6 1.8 1.8 1.8 1.8 1.8 28/03/1971
2.2 1.9 1.9 1.9 1.9 1.9 1.9 1.9 1.9 1.9 1.8 1.8 2.1 2.1 1.9 1.9 1.9 1.9 2.0 1.9 1.9 1.9 1.9 2.0 2.1 2.1 2.1 2.1 29/03/1971
2.7 1.9 1.9 1.9 1.9 1.9 2.2 2.1 2.1 2.1 2.1 2.1 2.6 2.6 1.9 1.9 1.9 1.9 2.2 2.1 2.1 2.1 2.1 3.2 2.7 2.7 2.6 2.6 30/03/1971
2.9 2.5 2.5 2.5 2.5 2.4 2.0 2.0 2.0 1.9 1.8 1.8 2.9 2.9 2.4 2.4 2.4 2.4 2.1 2.0 2.0 1.9 1.9 3.2 2.9 2.9 2.9 2.9 31/03/1971
1.8 2.0 2.0 2.0 2.0 2.0 1.8 1.8 1.7 1.7 1.7 1.7 1.8 1.8 1.9 1.9 1.9 1.9 1.9 1.8 1.8 1.7 1.7 1.9 1.8 1.8 1.8 1.8 01/04/1971
3.8 3.6 3.6 3.6 3.6 3.6 1.9 1.8 1.8 1.8 1.7 1.7 3.7 3.7 3.6 3.6 3.6 3.6 1.9 1.9 1.8 1.7 1.7 3.5 3.8 3.8 3.7 3.7 02/04/1971
1.9 1.6 1.5 1.6 1.5 1.5 2.0 2.0 1.9 1.9 2.2 2.2 1.9 1.9 1.5 1.5 1.5 1.5 2.1 2.0 2.0 2.3 2.3 2.0 1.9 1.9 1.9 1.8 03/04/1971
1.3 1.2 1.2 1.2 1.2 1.2 1.8 1.8 1.7 1.7 1.3 1.3 1.3 1.3 1.1 1.2 1.2 1.1 1.8 1.8 1.8 1.4 1.4 1.3 1.3 1.3 1.3 1.2 04/04/1971
0.8 0.8 0.8 0.8 0.8 0.8 1.4 1.4 1.4 1.4 1.2 1.2 0.7 0.7 0.8 0.8 0.8 0.8 1.4 1.4 1.4 1.2 1.2 0.8 0.7 0.7 0.7 0.7 05/04/1971
1.4 0.9 0.8 0.9 0.9 0.8 1.1 1.1 1.0 1.0 1.2 1.2 1.4 1.4 0.8 0.8 0.8 0.8 1.2 1.1 1.1 1.2 1.3 1.6 1.4 1.4 1.4 1.4 06/04/1971
2.0 1.4 1.4 1.4 1.4 1.4 2.2 2.1 2.1 2.0 2.0 2.0 1.9 1.9 1.4 1.4 1.4 1.4 2.3 2.2 2.2 2.1 2.1 2.2 1.9 1.9 1.9 1.9 07/04/1971
0.3 0.3 0.3 0.3 0.3 0.3 1.0 1.0 1.0 1.0 1.3 1.3 0.4 0.4 0.3 0.3 0.3 0.3 1.1 1.0 1.0 1.4 1.4 0.4 0.4 0.4 0.4 0.4 08/04/1971
1.3 1.5 1.5 1.5 1.5 1.5 2.6 2.6 2.6 2.6 2.7 2.7 1.3 1.3 1.4 1.4 1.4 1.4 2.6 2.6 2.6 2.7 2.7 1.1 1.3 1.3 1.3 1.3 09/04/1971
1.9 2.1 2.0 2.1 2.1 2.0 2.4 2.3 2.2 2.2 2.9 2.9 1.9 1.9 2.0 2.0 2.0 2.0 2.4 2.3 2.3 3.0 3.0 1.6 1.9 1.9 1.9 1.8 10/04/1971
2.3 2.1 2.1 2.1 2.1 2.1 2.4 2.4 2.4 2.4 2.3 2.3 2.3 2.3 2.1 2.1 2.1 2.1 2.4 2.4 2.4 2.4 2.4 2.1 2.3 2.3 2.3 2.3 11/04/1971
3.0 2.8 2.8 2.8 2.8 2.8 3.3 3.3 3.2 3.2 3.2 3.2 3.0 3.0 2.7 2.7 2.7 2.7 3.3 3.3 3.3 3.3 3.3 2.9 3.0 3.0 3.0 3.0 12/04/1971
3.3 2.5 2.5 2.5 2.5 2.5 3.2 3.1 3.1 3.0 3.0 3.0 3.2 3.2 2.4 2.5 2.5 2.4 3.3 3.2 3.2 3.1 3.1 3.4 3.3 3.3 3.2 3.2 13/04/1971
3.1 2.7 2.6 2.7 2.7 2.6 3.4 3.3 3.3 3.2 3.9 3.9 3.0 3.0 2.6 2.6 2.6 2.6 3.5 3.4 3.4 3.9 4.0 3.1 3.0 3.0 2.9 2.9 14/04/1971
3.8 3.4 3.4 3.4 3.4 3.4 3.7 3.6 3.6 3.6 3.6 3.6 3.8 3.8 3.4 3.4 3.4 3.4 3.7 3.7 3.7 3.6 3.7 3.6 3.9 3.9 3.8 3.8 15/04/1971
0.9 1.0 0.9 1.0 0.9 0.9 3.3 3.3 3.3 3.3 3.7 3.7 0.9 0.9 0.9 0.9 0.9 0.9 3.4 3.3 3.3 3.8 3.8 1.1 0.9 0.9 0.8 0.8 16/04/1971
2.7 2.7 2.7 2.7 2.7 2.7 2.6 2.6 2.5 2.4 2.4 2.4 2.7 2.7 2.7 2.7 2.7 2.7 2.7 2.6 2.6 2.5 2.6 2.7 2.7 2.7 2.7 2.7 17/04/1971
2.5 2.4 2.4 2.4 2.4 2.4 2.6 2.6 2.6 2.6 2.7 2.6 2.5 2.5 2.4 2.4 2.4 2.4 2.6 2.6 2.6 2.7 2.7 2.4 2.5 2.5 2.5 2.5 18/04/1971
2.1 2.2 2.2 2.2 2.2 2.2 2.0 2.0 2.0 2.0 2.0 2.0 2.1 2.1 2.2 2.2 2.2 2.2 2.0 2.0 2.0 2.1 2.1 2.2 2.1 2.1 2.1 2.1 19/04/1971
3.4 2.7 2.8 2.7 2.7 2.8 2.7 2.7 2.7 2.7 2.8 2.8 3.5 3.5 2.8 2.8 2.8 2.8 2.7 2.7 2.7 2.8 2.8 3.7 3.4 3.4 3.5 3.5 20/04/1971
4.3 3.5 3.5 3.5 3.5 3.5 3.6 3.6 3.5 3.5 3.0 3.0 4.3 4.3 3.5 3.5 3.5 3.5 3.6 3.6 3.6 3.1 3.2 4.3 4.3 4.3 4.3 4.3 21/04/1971
2.2 1.7 1.7 1.7 1.7 1.7 4.0 3.9 3.9 3.8 3.7 3.7 2.2 2.2 1.7 1.7 1.7 1.7 4.1 4.0 4.0 3.8 3.8 2.2 2.2 2.2 2.2 2.2 22/04/1971
0.9 1.1 1.1 1.1 1.1 1.1 1.0 1.0 1.0 1.0 1.1 1.1 0.9 0.9 1.1 1.1 1.1 1.1 1.0 1.0 1.0 1.1 1.1 0.7 0.9 0.9 0.9 0.9 23/04/1971
2.4 1.9 1.9 1.9 1.9 1.9 1.8 1.7 1.7 1.6 2.0 2.0 2.3 2.3 1.8 1.8 1.8 1.8 1.8 1.8 1.7 2.1 2.1 2.3 2.4 2.4 2.3 2.3 24/04/1971
2.0 1.5 1.5 1.5 1.5 1.5 0.6 0.6 0.6 0.6 0.6 0.6 2.0 2.0 1.5 1.5 1.5 1.5 0.7 0.6 0.6 0.6 0.6 2.2 2.0 2.0 2.0 1.9 25/04/1971
1.7 1.2 1.2 1.2 1.2 1.2 0.5 0.5 0.5 0.4 0.5 0.5 1.7 1.7 1.1 1.1 1.1 1.1 0.6 0.5 0.5 0.6 0.6 2.1 1.7 1.7 1.7 1.6 26/04/1971
1.8 2.2 2.2 2.2 2.2 2.2 1.8 1.7 1.6 1.6 1.5 1.5 1.8 1.8 2.2 2.2 2.2 2.2 1.8 1.7 1.7 1.6 1.7 1.5 1.8 1.8 1.8 1.8 27/04/1971
2.7 2.3 2.3 2.3 2.3 2.3 2.3 2.3 2.3 2.3 2.3 2.2 2.7 2.7 2.3 2.3 2.3 2.3 2.3 2.3 2.3 2.3 2.3 2.7 2.7 2.7 2.7 2.7 28/04/1971
3.1 2.5 2.5 2.5 2.5 2.5 2.6 2.6 2.6 2.6 2.8 2.8 3.1 3.1 2.5 2.5 2.5 2.5 2.7 2.6 2.6 2.9 2.9 3.2 3.1 3.1 3.1 3.0 29/04/1971
3.0 2.7 2.7 2.7 2.7 2.7 2.3 2.3 2.2 2.2 2.4 2.4 3.0 3.0 2.7 2.7 2.7 2.7 2.4 2.3 2.3 2.4 2.4 3.2 3.0 3.0 2.9 2.9 30/04/1971
2.3 1.7 1.7 1.7 1.7 1.7 3.6 3.6 3.6 3.6 3.5 3.4 2.2 2.2 1.7 1.7 1.7 1.7 3.6 3.6 3.6 3.6 3.6 2.5 2.2 2.2 2.2 2.2 01/05/1971
3.0 3.1 3.1 3.1 3.1 3.1 3.0 2.9 2.9 2.9 2.8 2.8 3.1 3.1 3.1 3.1 3.1 3.1 3.0 3.0 2.9 2.9 2.9 3.1 3.0 3.0 3.1 3.1 02/05/1971
2.8 2.7 2.7 2.7 2.7 2.7 3.3 3.3 3.2 3.1 3.2 3.2 2.8 2.8 2.6 2.6 2.6 2.6 3.4 3.3 3.3 3.3 3.3 2.6 2.8 2.8 2.8 2.8 03/05/1971
3.2 2.2 2.2 2.2 2.2 2.2 3.4 3.3 3.2 3.2 2.9 2.9 3.2 3.2 2.2 2.2 2.2 2.2 3.5 3.4 3.3 3.0 3.1 3.7 3.2 3.2 3.2 3.2 04/05/1971
4.6 3.3 3.4 3.3 3.3 3.4 4.2 4.2 4.1 4.0 3.6 3.6 4.7 4.7 3.4 3.4 3.4 3.4 4.3 4.2 4.2 3.8 3.8 5.1 4.6 4.6 4.7 4.7 05/05/1971
5.2 4.2 4.2 4.2 4.2 4.2 3.8 3.7 3.6 3.6 3.5 3.5 5.2 5.2 4.2 4.2 4.2 4.2 3.8 3.8 3.7 3.6 3.6 4.7 5.2 5.2 5.2 5.2 06/05/1971
1.4 1.1 1.1 1.1 1.1 1.1 3.5 3.5 3.5 3.4 3.8 3.8 1.3 1.3 1.1 1.1 1.1 1.1 3.6 3.5 3.5 3.9 4.0 1.0 1.3 1.3 1.3 1.3 07/05/1971
2.7 2.9 2.9 2.9 2.9 2.9 1.7 1.7 1.7 1.7 1.3 1.3 2.7 2.7 2.9 2.9 2.9 2.9 1.7 1.7 1.7 1.3 1.3 2.6 2.7 2.7 2.7 2.7 08/05/1971
2.8 2.4 2.4 2.4 2.4 2.4 2.9 2.9 2.8 2.8 2.9 2.9 2.8 2.8 2.3 2.3 2.4 2.3 2.9 2.9 2.9 2.9 2.9 3.1 2.8 2.8 2.8 2.7 09/05/1971
3.1 3.0 3.0 3.0 3.0 3.0 3.4 3.4 3.4 3.3 3.2 3.2 3.1 3.1 3.0 3.0 3.0 3.0 3.4 3.4 3.4 3.2 3.3 3.2 3.1 3.1 3.1 3.1 10/05/1971
4.6 4.1 4.1 4.1 4.1 4.1 5.3 5.3 5.3 5.3 5.3 5.3 4.6 4.6 4.1 4.1 4.1 4.1 5.3 5.3 5.3 5.4 5.4 4.8 4.6 4.6 4.6 4.6 11/05/1971
3.8 3.7 3.6 3.7 3.7 3.6 4.3 4.3 4.2 4.1 3.9 3.9 3.7 3.7 3.6 3.6 3.6 3.6 4.4 4.3 4.3 4.0 4.0 4.0 3.7 3.7 3.7 3.7 12/05/1971
3.9 2.7 2.6 2.7 2.7 2.6 2.6 2.6 2.6 2.6 2.6 2.6 3.8 3.8 2.6 2.6 2.6 2.6 2.6 2.6 2.6 2.6 2.6 3.8 3.8 3.8 3.8 3.7 13/05/1971
1.8 2.1 2.1 2.1 2.1 2.1 2.5 2.5 2.4 2.4 2.1 2.1 1.7 1.7 2.0 2.0 2.0 2.0 2.5 2.5 2.5 2.1 2.2 1.6 1.7 1.7 1.7 1.6 14/05/1971
1.5 1.8 1.8 1.8 1.8 1.8 2.6 2.5 2.5 2.4 2.7 2.7 1.4 1.4 1.7 1.8 1.8 1.7 2.6 2.5 2.5 2.8 2.8 1.3 1.4 1.4 1.4 1.4 15/05/1971
0.7 0.6 0.6 0.6 0.6 0.6 3.3 3.2 3.2 3.1 3.2 3.2 0.7 0.7 0.6 0.6 0.6 0.6 3.3 3.3 3.2 3.3 3.3 0.8 0.7 0.7 0.7 0.6 16/05/1971
1.5 1.2 1.2 1.2 1.2 1.2 2.0 2.0 2.0 2.0 1.8 1.8 1.4 1.4 1.2 1.2 1.2 1.2 2.0 2.0 2.0 1.8 1.8 1.7 1.5 1.5 1.4 1.4 17/05/1971
1.9 1.4 1.4 1.4 1.4 1.4 1.7 1.7 1.7 1.6 2.2 2.2 1.8 1.8 1.4 1.4 1.4 1.4 1.8 1.7 1.7 2.2 2.3 2.1 1.8 1.8 1.8 1.8 18/05/1971
3.4 3.1 3.1 3.1 3.1 3.1 3.1 3.1 3.1 3.1 2.5 2.5 3.4 3.4 3.1 3.1 3.1 3.1 3.1 3.1 3.1 2.6 2.6 3.3 3.4 3.4 3.4 3.3 19/05/1971
3.4 3.3 3.3 3.3 3.3 3.3 3.5 3.4 3.4 3.4 3.2 3.2 3.4 3.4 3.2 3.2 3.2 3.2 3.5 3.5 3.4 3.3 3.3 3.3 3.4 3.4 3.4 3.4 20/05/1971
3.6 3.2 3.2 3.2 3.2 3.2 2.0 1.9 1.9 1.8 1.4 1.4 3.6 3.6 3.1 3.1 3.1 3.1 2.0 2.0 1.9 1.5 1.5 4.0 3.6 3.6 3.6 3.6 21/05/1971
1.0 0.5 0.4 0.5 0.5 0.4 2.4 2.4 2.3 2.3 2.4 2.4 1.0 1.0 0.4 0.4 0.4 0.4 2.5 2.4 2.4 2.5 2.5 1.3 1.0 1.0 1.0 0.9 22/05/1971
1.8 1.2 1.2 1.2 1.2 1.2 1.5 1.5 1.5 1.4 2.3 2.3 1.8 1.8 1.2 1.2 1.2 1.2 1.6 1.5 1.5 2.4 2.4 2.0 1.8 1.8 1.8 1.8 23/05/1971
2.6 1.9 1.9 1.9 1.9 1.9 2.3 2.3 2.2 2.2 2.1 2.1 2.5 2.5 1.9 1.9 1.9 1.9 2.4 2.3 2.3 2.2 2.2 3.1 2.6 2.6 2.5 2.5 24/05/1971
3.4 3.1 3.1 3.1 3.1 3.1 3.6 3.5 3.4 3.4 3.1 3.1 3.4 3.4 3.1 3.1 3.1 3.1 3.7 3.6 3.5 3.2 3.3 3.6 3.4 3.4 3.4 3.3 25/05/1971
2.8 2.7 2.7 2.7 2.7 2.7 3.1 3.0 2.9 2.9 2.9 2.9 2.7 2.7 2.7 2.7 2.7 2.7 3.2 3.1 3.0 3.0 3.1 2.7 2.7 2.7 2.7 2.7 26/05/1971
1.7 1.3 1.2 1.3 1.3 1.2 3.4 3.3 3.3 3.3 3.1 3.1 1.7 1.7 1.2 1.2 1.2 1.2 3.4 3.3 3.3 3.2 3.2 1.8 1.7 1.7 1.7 1.6 27/05/1971
3.6 3.3 3.3 3.3 3.3 3.3 1.4 1.4 1.3 1.3 1.1 1.1 3.5 3.5 3.3 3.3 3.3 3.3 1.5 1.4 1.4 1.2 1.2 3.2 3.5 3.5 3.5 3.5 28/05/1971
1.7 2.5 2.5 2.5 2.5 2.5 3.3 3.3 3.2 3.2 3.1 3.1 1.7 1.7 2.5 2.5 2.5 2.5 3.3 3.3 3.3 3.1 3.2 1.1 1.7 1.7 1.7 1.7 29/05/1971
1.2 1.4 1.4 1.4 1.4 1.4 3.1 3.1 3.1 3.1 3.1 3.1 1.1 1.1 1.4 1.4 1.4 1.4 3.1 3.1 3.1 3.2 3.2 1.2 1.2 1.2 1.1 1.1 30/05/1971
1.1 1.1 1.1 1.1 1.1 1.1 1.6 1.6 1.6 1.6 2.1 2.1 1.1 1.1 1.1 1.1 1.1 1.1 1.7 1.6 1.6 2.1 2.1 1.2 1.1 1.1 1.1 1.0 31/05/1971
3.5 3.5 3.6 3.5 3.5 3.6 4.0 3.9 3.9 3.9 3.6 3.6 3.5 3.5 3.6 3.6 3.6 3.6 4.0 4.0 3.9 3.7 3.7 3.7 3.5 3.5 3.5 3.5 01/06/1971
4.1 3.0 3.0 3.0 3.0 3.0 2.8 2.8 2.8 2.8 3.5 3.5 4.1 4.1 3.0 3.0 3.0 3.0 2.9 2.8 2.8 3.6 3.6 4.5 4.1 4.1 4.1 4.1 02/06/1971
4.1 3.8 3.8 3.8 3.8 3.8 3.9 3.9 3.9 3.8 3.9 3.9 4.1 4.1 3.8 3.8 3.8 3.8 3.9 3.9 3.9 4.0 4.0 4.2 4.1 4.1 4.1 4.1 03/06/1971
1.7 2.2 2.2 2.2 2.2 2.2 3.0 3.0 3.0 2.9 3.3 3.3 1.7 1.7 2.2 2.2 2.2 2.2 3.0 3.0 3.0 3.4 3.4 1.5 1.7 1.7 1.7 1.7 04/06/1971
1.2 1.4 1.4 1.4 1.4 1.3 2.0 2.0 2.0 2.0 2.1 2.1 1.1 1.1 1.3 1.3 1.3 1.3 2.1 2.0 2.0 2.2 2.2 1.2 1.1 1.1 1.1 1.0 05/06/1971
2.0 2.1 2.1 2.1 2.1 2.1 2.3 2.2 2.2 2.1 2.2 2.2 1.9 1.9 2.0 2.0 2.0 2.0 2.3 2.3 2.2 2.3 2.3 2.0 2.0 2.0 1.9 1.9 06/06/1971
3.8 3.5 3.5 3.5 3.5 3.5 2.6 2.5 2.5 2.4 2.9 2.9 3.7 3.7 3.4 3.4 3.4 3.4 2.7 2.6 2.6 3.0 3.1 4.1 3.8 3.8 3.7 3.7 07/06/1971
2.3 2.6 2.6 2.6 2.6 2.6 1.6 1.5 1.5 1.4 1.2 1.2 2.2 2.2 2.6 2.6 2.6 2.6 1.7 1.6 1.5 1.3 1.3 2.0 2.3 2.3 2.2 2.2 08/06/1971
2.6 2.0 2.0 2.0 2.0 2.0 1.8 1.8 1.7 1.7 1.6 1.6 2.6 2.6 1.9 1.9 1.9 1.9 1.9 1.8 1.8 1.6 1.6 3.2 2.6 2.6 2.5 2.5 09/06/1971
0.9 1.0 1.0 1.0 1.0 1.0 1.3 1.3 1.2 1.2 1.5 1.5 0.8 0.8 1.0 1.0 1.0 1.0 1.3 1.3 1.3 1.5 1.5 0.8 0.9 0.9 0.8 0.8 10/06/1971
2.3 3.4 3.4 3.4 3.4 3.4 3.4 3.4 3.3 3.3 3.0 3.0 2.2 2.2 3.3 3.3 3.3 3.3 3.5 3.4 3.4 3.1 3.1 1.9 2.3 2.3 2.2 2.2 11/06/1971
1.7 1.5 1.5 1.5 1.5 1.5 2.0 1.9 1.9 1.8 1.7 1.6 1.7 1.7 1.5 1.5 1.5 1.5 2.1 2.0 2.0 1.7 1.8 2.1 1.7 1.7 1.7 1.7 12/06/1971
2.7 2.9 2.9 2.9 2.9 2.9 3.7 3.6 3.6 3.5 3.4 3.4 2.7 2.7 2.9 2.9 2.9 2.9 3.7 3.6 3.6 3.4 3.5 2.9 2.7 2.7 2.7 2.7 13/06/1971
1.2 0.7 0.7 0.7 0.7 0.7 1.3 1.3 1.2 1.2 0.9 0.9 1.2 1.2 0.7 0.7 0.7 0.7 1.3 1.3 1.3 1.0 1.0 2.1 1.2 1.2 1.2 1.2 14/06/1971
1.0 1.1 1.1 1.1 1.1 1.1 1.9 1.8 1.8 1.7 2.4 2.4 1.0 1.0 1.1 1.1 1.1 1.1 2.0 1.9 1.8 2.5 2.5 1.1 1.0 1.0 1.0 1.0 15/06/1971
2.3 2.2 2.2 2.2 2.2 2.2 1.7 1.7 1.7 1.6 1.7 1.7 2.3 2.3 2.1 2.2 2.2 2.1 1.7 1.7 1.7 1.7 1.7 2.2 2.3 2.3 2.3 2.3 16/06/1971
2.7 2.0 2.0 2.0 2.0 2.0 1.4 1.3 1.3 1.3 1.2 1.2 2.7 2.7 2.0 2.0 2.0 2.0 1.4 1.4 1.3 1.3 1.3 2.6 2.7 2.7 2.7 2.7 17/06/1971
1.7 1.1 1.2 1.1 1.2 1.2 2.3 2.3 2.3 2.4 1.9 1.8 1.7 1.7 1.2 1.2 1.2 1.2 2.4 2.3 2.3 1.9 1.9 1.7 1.7 1.7 1.7 1.7 18/06/1971
0.9 0.9 0.9 0.9 0.9 0.9 1.1 1.1 1.1 1.0 0.8 0.8 0.9 0.9 0.9 0.9 0.9 0.9 1.2 1.1 1.1 0.8 0.8 1.0 0.9 0.9 0.9 0.9 19/06/1971
1.1 1.2 1.2 1.2 1.2 1.2 2.8 2.7 2.6 2.6 2.4 2.4 1.0 1.0 1.2 1.2 1.2 1.2 2.8 2.7 2.7 2.5 2.6 1.3 1.0 1.0 1.0 1.0 20/06/1971
3.0 3.2 3.2 3.2 3.2 3.2 2.9 2.9 2.8 2.8 3.3 3.3 2.9 2.9 3.1 3.2 3.2 3.2 3.0 2.9 2.9 3.3 3.4 3.1 2.9 2.9 2.9 2.9 21/06/1971
3.0 2.8 2.8 2.8 2.8 2.8 2.9 2.9 2.8 2.7 2.4 2.4 3.0 3.0 2.7 2.7 2.7 2.7 3.0 2.9 2.9 2.5 2.5 3.1 3.0 3.0 3.0 2.9 22/06/1971
3.6 3.8 3.8 3.8 3.8 3.8 4.1 4.0 4.0 4.0 4.0 3.9 3.6 3.6 3.8 3.8 3.8 3.8 4.1 4.1 4.1 4.0 4.0 3.5 3.6 3.6 3.6 3.6 23/06/1971
2.8 3.7 3.7 3.7 3.7 3.7 4.3 4.2 4.2 4.1 4.1 4.1 2.8 2.8 3.7 3.7 3.7 3.7 4.3 4.2 4.2 4.2 4.3 2.4 2.8 2.8 2.8 2.8 24/06/1971
2.7 2.1 2.0 2.1 2.1 2.0 1.9 1.8 1.8 1.8 1.7 1.7 2.7 2.7 2.0 2.0 2.0 2.0 1.9 1.9 1.9 1.7 1.7 3.0 2.7 2.7 2.7 2.7 25/06/1971
2.1 1.9 1.9 1.9 1.9 1.9 1.9 1.9 1.8 1.8 2.0 2.0 2.0 2.0 1.8 1.8 1.8 1.8 1.9 1.9 1.9 2.0 2.0 2.1 2.0 2.0 2.0 2.0 26/06/1971
3.2 3.1 3.1 3.1 3.1 3.1 3.3 3.3 3.2 3.2 3.1 3.1 3.2 3.2 3.1 3.1 3.1 3.1 3.4 3.3 3.3 3.2 3.3 3.3 3.2 3.2 3.2 3.2 27/06/1971
3.0 3.1 3.1 3.1 3.1 3.1 2.2 2.2 2.2 2.2 1.8 1.8 3.0 3.0 3.1 3.1 3.1 3.1 2.3 2.2 2.2 1.8 1.8 2.9 3.0 3.0 3.0 3.0 28/06/1971
1.3 2.0 2.0 2.0 2.0 2.0 2.9 2.9 2.9 2.9 3.2 3.2 1.2 1.2 1.9 1.9 1.9 1.9 2.9 2.9 2.9 3.2 3.2 1.2 1.3 1.3 1.2 1.2 29/06/1971
3.0 3.3 3.3 3.3 3.3 3.3 2.9 2.9 2.8 2.8 2.5 2.5 3.0 3.0 3.3 3.3 3.3 3.3 2.9 2.9 2.9 2.6 2.6 2.9 3.0 3.0 3.0 3.0 30/06/1971
1.2 0.6 0.6 0.6 0.6 0.6 2.9 2.9 2.9 2.9 3.9 3.9 1.2 1.2 0.6 0.6 0.6 0.6 3.0 2.9 2.9 4.0 4.0 1.2 1.2 1.2 1.2 1.2 01/07/1971
2.7 3.0 3.0 3.0 3.0 3.0 3.6 3.6 3.6 3.5 3.9 3.9 2.6 2.6 3.0 3.0 3.0 3.0 3.6 3.6 3.6 3.9 3.9 2.7 2.7 2.7 2.6 2.6 02/07/1971
4.4 3.9 3.9 3.9 3.9 3.9 4.5 4.4 4.3 4.2 4.5 4.5 4.4 4.4 3.8 3.8 3.8 3.8 4.6 4.4 4.4 4.7 4.7 4.7 4.4 4.4 4.4 4.4 03/07/1971
4.1 4.3 4.3 4.3 4.3 4.3 4.6 4.5 4.5 4.5 4.5 4.4 4.1 4.1 4.2 4.3 4.3 4.3 4.7 4.6 4.6 4.5 4.5 4.0 4.1 4.1 4.1 4.1 04/07/1971
2.9 4.0 4.0 4.0 4.0 4.0 3.4 3.3 3.3 3.3 4.5 4.5 2.9 2.9 4.0 4.0 4.0 4.0 3.4 3.4 3.4 4.5 4.5 2.5 2.9 2.9 2.9 2.8 05/07/1971
3.1 3.0 3.0 3.0 3.0 3.0 5.9 5.9 5.9 5.9 6.1 6.1 3.1 3.1 2.9 2.9 3.0 2.9 5.9 5.9 5.9 6.2 6.3 2.7 3.1 3.1 3.0 3.0 06/07/1971
4.7 4.7 4.7 4.7 4.7 4.7 5.6 5.5 5.4 5.4 5.3 5.3 4.7 4.7 4.7 4.7 4.7 4.7 5.7 5.6 5.5 5.3 5.4 4.6 4.7 4.7 4.7 4.7 07/07/1971
6.7 6.5 6.5 6.5 6.5 6.5 6.7 6.6 6.6 6.6 6.5 6.5 6.7 6.7 6.5 6.5 6.5 6.5 6.7 6.7 6.7 6.5 6.6 6.9 6.7 6.7 6.7 6.7 08/07/1971
5.2 4.7 4.7 4.7 4.7 4.7 5.7 5.7 5.7 5.8 5.9 5.9 5.2 5.2 4.8 4.8 4.8 4.8 5.7 5.7 5.7 5.9 6.0 5.5 5.2 5.2 5.2 5.2 09/07/1971
4.6 4.8 4.8 4.8 4.8 4.8 4.7 4.7 4.7 4.7 5.8 5.8 4.5 4.5 4.7 4.7 4.7 4.7 4.7 4.7 4.7 5.8 5.8 4.1 4.5 4.5 4.5 4.4 10/07/1971
5.5 5.1 5.1 5.1 5.1 5.1 5.3 5.3 5.2 5.2 4.9 4.9 5.5 5.5 5.2 5.2 5.2 5.2 5.4 5.3 5.3 5.1 5.2 6.0 5.5 5.5 5.5 5.5 11/07/1971
5.9 5.3 5.2 5.2 5.2 5.2 5.5 5.5 5.4 5.4 5.1 5.1 5.9 5.9 5.2 5.2 5.2 5.2 5.5 5.5 5.5 5.1 5.1 6.2 5.9 5.9 5.9 5.8 12/07/1971
4.7 5.1 5.1 5.1 5.1 5.1 5.8 5.8 5.9 5.9 5.5 5.5 4.7 4.7 5.0 5.0 5.0 5.0 5.7 5.8 5.8 5.5 5.4 4.7 4.7 4.7 4.7 4.6 13/07/1971
3.9 4.0 4.0 4.0 4.0 4.0 4.9 4.8 4.8 4.7 4.9 4.9 3.9 3.9 4.0 4.0 4.0 4.0 5.0 4.9 4.9 5.0 5.0 3.8 3.9 3.9 3.9 3.9 14/07/1971
4.1 3.9 3.9 3.9 3.9 3.9 4.2 4.2 4.2 4.1 4.1 4.0 4.0 4.0 3.8 3.8 3.8 3.8 4.3 4.2 4.2 4.1 4.2 3.9 4.1 4.1 4.0 4.0 15/07/1971
2.2 2.0 2.0 2.0 2.0 2.0 3.6 3.6 3.6 3.5 3.6 3.6 2.2 2.2 2.0 2.0 2.0 2.0 3.6 3.6 3.6 3.7 3.7 2.4 2.2 2.2 2.2 2.2 16/07/1971
5.3 4.9 4.9 4.9 4.9 4.9 4.9 4.8 4.7 4.6 4.3 4.3 5.2 5.2 4.9 4.9 4.9 4.9 4.9 4.8 4.8 4.4 4.4 5.8 5.3 5.3 5.2 5.2 17/07/1971
3.7 4.0 4.0 4.0 4.0 4.0 4.6 4.5 4.5 4.4 4.6 4.6 3.7 3.7 4.0 4.0 4.0 4.0 4.6 4.5 4.5 4.8 4.8 3.9 3.7 3.7 3.7 3.7 18/07/1971
2.9 2.8 2.8 2.8 2.8 2.8 3.5 3.5 3.6 3.6 3.9 3.9 2.8 2.8 2.8 2.8 2.8 2.8 3.5 3.5 3.5 3.9 4.0 2.8 2.8 2.8 2.8 2.8 19/07/1971
3.3 3.5 3.5 3.5 3.5 3.5 3.5 3.4 3.4 3.3 2.8 2.8 3.4 3.4 3.4 3.4 3.4 3.4 3.5 3.5 3.4 2.8 2.8 3.1 3.4 3.4 3.4 3.4 20/07/1971
1.9 1.6 1.6 1.6 1.6 1.6 2.2 2.2 2.2 2.2 2.3 2.3 1.8 1.8 1.6 1.6 1.6 1.6 2.2 2.2 2.2 2.4 2.4 1.7 1.8 1.8 1.8 1.8 21/07/1971
3.8 3.5 3.5 3.5 3.5 3.5 3.6 3.6 3.6 3.5 3.4 3.4 3.8 3.8 3.5 3.5 3.5 3.5 3.6 3.6 3.6 3.4 3.4 3.7 3.8 3.8 3.8 3.8 22/07/1971
2.1 2.1 2.1 2.1 2.1 2.1 4.1 4.0 4.0 4.0 4.0 4.0 2.1 2.1 2.0 2.0 2.0 2.0 4.1 4.1 4.1 4.1 4.1 2.0 2.1 2.1 2.1 2.1 23/07/1971
1.4 0.9 0.9 0.9 0.9 0.9 2.4 2.3 2.3 2.2 2.8 2.8 1.3 1.3 0.9 0.9 0.9 0.9 2.4 2.3 2.3 2.9 2.9 1.8 1.4 1.4 1.3 1.3 24/07/1971
1.7 1.2 1.2 1.2 1.2 1.2 1.1 1.0 1.0 1.0 1.2 1.2 1.7 1.7 1.2 1.2 1.2 1.2 1.1 1.1 1.0 1.2 1.2 1.7 1.7 1.7 1.7 1.7 25/07/1971
3.6 3.8 3.8 3.8 3.8 3.8 2.7 2.6 2.6 2.6 2.6 2.6 3.5 3.5 3.7 3.8 3.8 3.7 2.7 2.7 2.6 2.7 2.7 3.4 3.6 3.6 3.5 3.5 26/07/1971
1.0 0.9 0.9 0.9 0.9 0.9 2.1 2.1 2.1 2.1 2.7 2.7 0.9 0.9 0.9 0.9 0.9 0.9 2.1 2.1 2.1 2.8 2.8 1.1 0.9 0.9 0.9 0.9 27/07/1971
2.7 2.0 2.0 2.0 2.0 2.0 3.0 3.0 3.0 3.0 3.8 3.8 2.7 2.7 2.0 2.0 2.0 2.0 3.0 3.0 3.0 3.8 3.9 2.7 2.7 2.7 2.7 2.6 28/07/1971
4.1 3.8 3.7 3.7 3.7 3.7 3.4 3.4 3.4 3.3 3.6 3.6 4.1 4.1 3.7 3.7 3.7 3.7 3.5 3.4 3.4 3.8 3.8 4.2 4.1 4.1 4.1 4.1 29/07/1971
6.3 5.7 5.7 5.7 5.7 5.7 4.8 4.7 4.7 4.6 5.2 5.2 6.3 6.3 5.7 5.7 5.7 5.7 4.9 4.8 4.8 5.2 5.3 6.3 6.3 6.3 6.3 6.3 30/07/1971
3.9 4.6 4.6 4.6 4.6 4.6 4.3 4.3 4.2 4.2 4.1 4.1 3.9 3.9 4.6 4.6 4.6 4.6 4.3 4.3 4.3 4.1 4.1 3.6 3.9 3.9 3.9 3.9 31/07/1971
