# 460 461 462 463 464 465 489 490 491 492 493 494 518 519 520 521 522 523 547 548 549 550 551 575 576 577 578 579 Date
5.3 4.9 4.9 4.9 4.9 4.9 5.1 5.0 5.0 4.9 4.2 4.2 5.3 5.3 4.9 4.9 4.9 4.9 5.1 5.1 5.0 4.3 4.4 5.2 5.3 5.3 5.3 5.3 01/08/2011
3.1 3.5 3.5 3.5 3.5 3.5 4.3 4.3 4.3 4.3 3.6 3.6 3.2 3.2 3.5 3.5 3.5 3.5 4.3 4.3 4.3 3.6 3.6 2.1 3.2 3.2 3.2 3.2 02/08/2011
4.2 3.7 3.7 3.7 3.7 3.7 1.6 1.6 1.5 1.5 1.4 1.4 4.2 4.2 3.7 3.7 3.7 3.7 1.7 1.6 1.6 1.5 1.5 3.4 4.2 4.2 4.2 4.2 03/08/2011
1.1 1.0 1.0 1.0 1.0 1.0 4.3 4.2 4.1 4.1 3.4 3.4 1.1 1.1 1.0 1.0 1.0 1.0 4.4 4.3 4.2 3.6 3.6 1.4 1.1 1.1 1.1 1.1 04/08/2011
2.7 1.8 1.8 1.8 1.8 1.8 3.0 3.0 2.9 2.9 2.2 2.2 2.6 2.6 1.7 1.7 1.7 1.7 3.1 3.0 3.0 2.2 2.3 1.5 2.7 2.7 2.6 2.6 05/08/2011
1.5 1.4 1.4 1.4 1.4 1.4 2.7 2.6 2.6 2.6 1.8 1.8 1.4 1.4 1.4 1.4 1.4 1.4 2.7 2.6 2.6 1.9 1.9 1.3 1.5 1.5 1.4 1.4 06/08/2011
4.4 4.1 4.1 4.1 4.1 4.1 3.5 3.4 3.4 3.3 2.9 2.9 4.4 4.4 4.0 4.0 4.0 4.0 3.6 3.5 3.5 3.1 3.2 4.3 4.4 4.4 4.3 4.3 07/08/2011
2.8 3.0 3.0 3.0 3.0 3.0 2.3 2.2 2.2 2.1 2.3 2.3 2.8 2.8 2.9 2.9 2.9 2.9 2.3 2.3 2.2 2.4 2.4 3.3 2.8 2.8 2.8 2.7 08/08/2011
4.5 4.1 4.1 4.1 4.1 4.1 3.3 3.3 3.3 3.3 3.1 3.1 4.5 4.5 4.0 4.0 4.0 4.0 3.3 3.3 3.3 3.1 3.2 3.9 4.5 4.5 4.4 4.4 09/08/2011
3.5 3.4 3.4 3.4 3.4 3.4 3.8 3.8 3.7 3.7 3.3 3.2 3.4 3.4 3.4 3.4 3.4 3.4 3.9 3.8 3.8 3.3 3.4 3.8 3.5 3.5 3.4 3.4 10/08/2011
3.5 3.4 3.4 3.4 3.4 3.4 4.1 4.1 4.0 4.0 3.0 3.0 3.4 3.4 3.4 3.4 3.4 3.4 4.1 4.1 4.1 3.1 3.1 3.3 3.4 3.4 3.4 3.4 11/08/2011
2.3 2.1 2.0 2.1 2.1 2.0 1.5 1.5 1.4 1.4 0.9 0.9 2.2 2.2 2.0 2.0 2.0 2.0 1.5 1.5 1.5 1.0 1.0 1.3 2.2 2.2 2.2 2.2 12/08/2011
1.1 1.2 1.1 1.2 1.2 1.1 2.2 2.1 2.1 2.0 2.5 2.5 1.1 1.1 1.1 1.1 1.1 1.1 2.2 2.2 2.1 2.6 2.7 1.1 1.1 1.1 1.1 1.1 13/08/2011
3.0 2.3 2.3 2.3 2.3 2.3 2.8 2.7 2.6 2.6 2.0 2.0 2.9 2.9 2.3 2.3 2.3 2.3 2.8 2.8 2.7 2.1 2.1 1.8 2.9 2.9 2.9 2.9 14/08/2011
3.3 3.0 3.0 3.0 3.0 3.0 3.9 3.8 3.7 3.6 3.3 3.3 3.2 3.2 2.9 2.9 2.9 2.9 4.0 3.9 3.8 3.4 3.4 3.4 3.3 3.3 3.2 3.2 15/08/2011
3.8 3.7 3.7 3.7 3.7 3.7 3.5 3.4 3.4 3.3 3.1 3.1 3.8 3.8 3.7 3.7 3.7 3.7 3.5 3.5 3.4 3.2 3.2 3.3 3.8 3.8 3.8 3.8 16/08/2011
3.7 3.7 3.6 3.7 3.7 3.6 3.7 3.6 3.6 3.6 3.1 3.1 3.7 3.7 3.6 3.6 3.6 3.6 3.7 3.7 3.6 3.2 3.2 2.9 3.7 3.7 3.7 3.7 17/08/2011
3.1 2.5 2.5 2.5 2.5 2.5 4.3 4.3 4.2 4.2 3.9 3.9 3.1 3.1 2.5 2.5 2.5 2.5 4.4 4.3 4.3 4.0 4.1 1.8 3.1 3.1 3.1 3.0 18/08/2011
4.0 2.9 2.9 2.9 2.9 2.9 3.4 3.4 3.3 3.3 2.9 2.9 4.0 4.0 2.8 2.8 2.9 2.8 3.5 3.4 3.4 3.0 3.0 2.7 4.0 4.0 4.0 4.0 19/08/2011
3.7 3.2 3.2 3.2 3.2 3.2 4.5 4.4 4.4 4.4 3.8 3.8 3.6 3.6 3.1 3.1 3.1 3.1 4.5 4.5 4.5 3.9 4.0 3.0 3.6 3.6 3.6 3.6 20/08/2011
2.9 2.8 2.8 2.8 2.8 2.8 4.1 4.1 4.1 4.1 2.8 2.8 2.9 2.9 2.8 2.8 2.8 2.8 4.1 4.1 4.1 2.8 2.8 2.5 2.9 2.9 2.9 2.8 21/08/2011
1.5 1.6 1.6 1.6 1.6 1.6 2.8 2.8 2.9 2.9 3.0 3.0 1.4 1.4 1.6 1.6 1.6 1.6 2.8 2.8 2.8 2.9 2.9 1.1 1.4 1.4 1.4 1.4 22/08/2011
1.4 1.7 1.6 1.7 1.6 1.6 3.5 3.5 3.5 3.4 3.3 3.3 1.4 1.4 1.6 1.6 1.6 1.6 3.5 3.5 3.5 3.4 3.4 1.0 1.4 1.4 1.4 1.4 23/08/2011
3.0 1.9 1.9 1.9 1.9 1.9 2.4 2.3 2.3 2.2 1.5 1.5 3.0 3.0 1.9 1.9 1.9 1.9 2.5 2.4 2.3 1.6 1.6 2.8 3.0 3.0 3.0 3.0 24/08/2011
2.7 2.7 2.7 2.7 2.7 2.7 3.4 3.3 3.3 3.2 1.8 1.8 2.7 2.7 2.7 2.7 2.7 2.7 3.5 3.4 3.3 1.9 2.0 1.9 2.7 2.7 2.7 2.6 25/08/2011
1.6 1.1 1.1 1.1 1.1 1.1 1.5 1.4 1.4 1.3 0.9 0.9 1.6 1.6 1.0 1.0 1.0 1.0 1.6 1.5 1.5 1.0 1.0 1.4 1.6 1.6 1.6 1.6 26/08/2011
2.9 3.0 3.0 3.0 3.0 2.9 2.0 1.9 1.9 1.8 1.6 1.5 2.8 2.8 2.9 2.9 2.9 2.9 2.0 1.9 1.9 1.6 1.7 2.9 2.8 2.8 2.8 2.8 27/08/2011
2.8 2.2 2.1 2.2 2.1 2.1 2.7 2.6 2.6 2.5 2.2 2.2 2.7 2.7 2.1 2.1 2.1 2.1 2.8 2.7 2.7 2.3 2.4 2.1 2.8 2.8 2.7 2.7 28/08/2011
3.3 2.7 2.7 2.7 2.7 2.7 3.1 3.1 3.0 3.0 3.0 3.0 3.2 3.2 2.7 2.7 2.7 2.7 3.2 3.1 3.1 3.1 3.2 3.4 3.3 3.3 3.2 3.2 29/08/2011
3.1 3.0 3.0 3.0 3.0 3.0 3.2 3.1 3.1 3.1 2.5 2.5 3.0 3.0 2.9 2.9 2.9 2.9 3.2 3.2 3.2 2.6 2.6 2.4 3.1 3.1 3.0 3.0 30/08/2011
2.2 1.8 1.8 1.8 1.8 1.8 3.0 3.0 3.0 3.0 2.5 2.5 2.2 2.2 1.8 1.8 1.8 1.8 3.0 3.0 3.0 2.5 2.6 3.0 2.2 2.2 2.3 2.3 31/08/2011
3.5 2.8 2.8 2.8 2.8 2.8 3.4 3.4 3.4 3.4 2.7 2.7 3.4 3.4 2.8 2.8 2.8 2.8 3.4 3.4 3.4 2.7 2.7 3.3 3.4 3.4 3.4 3.4 01/09/2011
3.7 3.2 3.2 3.2 3.2 3.2 3.4 3.3 3.3 3.2 2.7 2.7 3.7 3.7 3.1 3.1 3.1 3.1 3.5 3.4 3.3 2.9 2.9 2.7 3.7 3.7 3.7 3.6 02/09/2011
3.0 3.6 3.6 3.6 3.6 3.6 4.5 4.5 4.4 4.3 4.0 4.0 2.9 2.9 3.6 3.6 3.6 3.6 4.6 4.5 4.5 4.1 4.2 2.3 3.0 3.0 2.9 2.9 03/09/2011
1.8 1.3 1.3 1.3 1.3 1.3 2.6 2.5 2.5 2.4 2.1 2.1 1.8 1.8 1.3 1.3 1.3 1.3 2.6 2.6 2.5 2.2 2.2 2.5 1.8 1.8 1.8 1.8 04/09/2011
3.3 2.9 2.9 2.9 2.9 2.9 3.0 2.9 2.9 2.8 2.3 2.3 3.2 3.2 2.8 2.8 2.8 2.8 3.0 3.0 2.9 2.4 2.5 3.2 3.3 3.3 3.2 3.2 05/09/2011
1.7 1.7 1.7 1.7 1.7 1.7 2.4 2.4 2.3 2.2 2.3 2.3 1.7 1.7 1.7 1.7 1.7 1.7 2.5 2.4 2.4 2.3 2.3 1.7 1.7 1.7 1.7 1.7 06/09/2011
3.0 2.4 2.4 2.4 2.4 2.4 2.7 2.7 2.6 2.6 2.5 2.5 3.0 3.0 2.3 2.3 2.3 2.3 2.8 2.7 2.7 2.6 2.6 3.1 3.0 3.0 3.0 3.0 07/09/2011
2.4 1.8 1.7 1.8 1.8 1.7 2.4 2.4 2.3 2.3 2.0 2.0 2.3 2.3 1.7 1.7 1.7 1.7 2.5 2.4 2.4 2.0 2.0 1.5 2.4 2.4 2.3 2.3 08/09/2011
1.8 1.2 1.2 1.2 1.2 1.2 1.4 1.3 1.3 1.3 1.3 1.3 1.8 1.8 1.2 1.2 1.2 1.2 1.5 1.4 1.4 1.3 1.3 1.5 1.8 1.8 1.7 1.7 09/09/2011
2.7 2.3 2.3 2.3 2.3 2.3 3.3 3.2 3.1 3.0 2.6 2.6 2.6 2.6 2.2 2.3 2.3 2.2 3.3 3.2 3.2 2.7 2.7 2.5 2.6 2.6 2.6 2.6 10/09/2011
1.5 1.1 1.1 1.1 1.1 1.1 1.4 1.3 1.2 1.2 1.1 1.0 1.5 1.5 1.0 1.0 1.0 1.0 1.4 1.3 1.3 1.1 1.2 1.5 1.5 1.5 1.5 1.4 11/09/2011
2.9 2.4 2.4 2.4 2.4 2.4 2.3 2.3 2.3 2.3 1.5 1.5 2.9 2.9 2.3 2.3 2.3 2.3 2.3 2.3 2.3 1.6 1.6 3.2 2.9 2.9 2.9 2.9 12/09/2011
2.7 2.5 2.5 2.5 2.5 2.5 3.5 3.4 3.3 3.2 2.5 2.5 2.7 2.7 2.4 2.5 2.5 2.5 3.6 3.5 3.4 2.6 2.7 3.3 2.7 2.7 2.7 2.7 13/09/2011
3.1 2.9 2.8 2.9 2.9 2.8 2.8 2.7 2.6 2.5 2.4 2.3 3.0 3.0 2.8 2.8 2.8 2.8 2.9 2.8 2.7 2.5 2.5 3.4 3.0 3.0 3.0 3.0 14/09/2011
3.3 2.8 2.8 2.8 2.8 2.8 2.6 2.6 2.6 2.5 2.3 2.3 3.3 3.3 2.7 2.7 2.7 2.7 2.6 2.6 2.6 2.4 2.4 2.9 3.3 3.3 3.3 3.3 15/09/2011
3.0 2.5 2.5 2.5 2.5 2.5 1.7 1.7 1.6 1.6 1.0 1.0 3.0 3.0 2.6 2.5 2.5 2.6 1.8 1.7 1.7 1.1 1.1 2.5 3.0 3.0 3.0 3.0 16/09/2011
2.0 2.2 2.2 2.2 2.2 2.2 2.2 2.2 2.1 2.1 1.9 1.9 2.0 2.0 2.1 2.2 2.2 2.1 2.3 2.2 2.2 2.1 2.1 2.2 2.0 2.0 2.0 2.0 17/09/2011
1.2 1.2 1.2 1.2 1.2 1.2 1.5 1.5 1.4 1.4 1.3 1.3 1.1 1.1 1.2 1.2 1.2 1.2 1.6 1.5 1.5 1.3 1.4 1.6 1.2 1.2 1.1 1.1 18/09/2011
2.2 2.1 2.1 2.1 2.1 2.1 2.2 2.1 2.1 2.0 2.0 2.0 2.2 2.2 2.0 2.0 2.1 2.0 2.2 2.1 2.1 2.1 2.2 2.8 2.2 2.2 2.2 2.2 19/09/2011
2.8 2.3 2.3 2.3 2.3 2.3 2.2 2.2 2.1 2.1 0.9 0.9 2.7 2.7 2.2 2.2 2.3 2.2 2.3 2.2 2.2 1.0 1.0 2.4 2.7 2.7 2.7 2.7 20/09/2011
2.6 2.3 2.3 2.3 2.3 2.3 2.4 2.3 2.2 2.2 1.9 1.8 2.6 2.6 2.3 2.3 2.3 2.3 2.5 2.4 2.3 2.0 2.0 2.7 2.6 2.6 2.6 2.5 21/09/2011
2.3 1.9 1.8 1.9 1.9 1.8 2.3 2.2 2.2 2.1 1.8 1.8 2.3 2.3 1.8 1.8 1.8 1.8 2.4 2.3 2.3 2.0 2.0 2.7 2.3 2.3 2.3 2.2 22/09/2011
2.7 2.4 2.4 2.4 2.4 2.4 2.5 2.4 2.3 2.3 2.0 2.0 2.6 2.6 2.3 2.3 2.3 2.3 2.6 2.5 2.4 2.2 2.2 2.5 2.6 2.6 2.6 2.6 23/09/2011
3.0 2.8 2.7 2.8 2.8 2.7 2.8 2.7 2.6 2.6 2.4 2.4 3.0 3.0 2.7 2.7 2.7 2.7 2.9 2.8 2.7 2.6 2.6 2.8 3.0 3.0 3.0 3.0 24/09/2011
2.4 2.1 2.1 2.1 2.1 2.1 2.9 2.9 2.8 2.8 2.7 2.7 2.4 2.4 2.0 2.0 2.0 2.0 3.0 2.9 2.9 2.8 2.9 2.7 2.4 2.4 2.4 2.4 25/09/2011
2.4 1.9 1.9 1.9 1.9 1.9 2.4 2.4 2.3 2.2 1.8 1.8 2.3 2.3 1.9 1.9 1.9 1.9 2.5 2.4 2.4 1.9 1.9 2.7 2.4 2.4 2.3 2.3 26/09/2011
3.2 2.9 2.9 2.9 2.9 2.9 3.1 3.0 2.9 2.8 2.7 2.7 3.1 3.1 2.8 2.8 2.8 2.8 3.2 3.1 3.0 2.8 2.9 3.0 3.2 3.2 3.1 3.1 27/09/2011
3.9 3.6 3.6 3.6 3.6 3.6 3.8 3.7 3.6 3.6 3.0 3.0 3.8 3.8 3.5 3.5 3.5 3.5 3.8 3.8 3.7 3.2 3.2 4.1 3.8 3.8 3.8 3.8 28/09/2011
3.7 3.8 3.8 3.8 3.8 3.8 3.3 3.2 3.2 3.1 3.0 2.9 3.7 3.7 3.7 3.7 3.7 3.7 3.3 3.3 3.2 3.1 3.1 3.9 3.7 3.7 3.7 3.7 29/09/2011
4.0 4.1 4.1 4.1 4.1 4.1 3.3 3.2 3.2 3.1 3.0 2.9 4.0 4.0 4.1 4.1 4.1 4.1 3.4 3.3 3.2 3.1 3.1 4.3 4.0 4.0 4.0 4.0 30/09/2011
3.8 3.8 3.8 3.8 3.8 3.8 3.5 3.4 3.4 3.3 3.1 3.1 3.8 3.8 3.7 3.7 3.7 3.7 3.6 3.5 3.4 3.2 3.3 4.4 3.8 3.8 3.8 3.8 01/10/2011
3.8 3.6 3.6 3.6 3.6 3.6 3.2 3.1 3.1 3.1 2.8 2.8 3.7 3.7 3.5 3.5 3.5 3.5 3.3 3.2 3.2 2.9 2.9 4.1 3.8 3.8 3.7 3.7 02/10/2011
3.6 3.6 3.5 3.6 3.6 3.5 3.2 3.1 3.1 3.1 2.4 2.4 3.6 3.6 3.5 3.5 3.5 3.5 3.2 3.2 3.2 2.4 2.5 4.2 3.6 3.6 3.6 3.6 03/10/2011
1.6 0.9 0.9 0.9 0.9 0.9 0.9 0.8 0.7 0.6 0.7 0.7 1.6 1.6 0.9 0.9 0.9 0.9 1.0 0.9 0.8 0.9 0.9 2.1 1.6 1.6 1.5 1.5 04/10/2011
2.0 1.7 1.7 1.7 1.7 1.7 2.1 2.1 2.0 2.0 1.7 1.7 2.0 2.0 1.6 1.6 1.6 1.6 2.2 2.1 2.1 1.8 1.8 1.7 2.0 2.0 2.0 2.0 05/10/2011
1.9 1.8 1.8 1.8 1.8 1.8 1.0 0.9 0.9 0.9 0.7 0.7 1.9 1.9 1.8 1.8 1.8 1.8 1.0 0.9 0.9 0.7 0.8 2.0 1.9 1.9 1.9 1.9 06/10/2011
2.3 2.1 2.0 2.1 2.1 2.0 1.7 1.6 1.6 1.5 1.5 1.5 2.3 2.3 2.0 2.0 2.0 2.0 1.8 1.7 1.7 1.6 1.7 2.8 2.3 2.3 2.3 2.3 07/10/2011
1.8 1.6 1.6 1.6 1.6 1.6 1.0 1.0 0.9 0.9 1.0 1.0 1.7 1.7 1.5 1.5 1.5 1.5 1.1 1.0 1.0 1.0 1.0 2.4 1.7 1.7 1.7 1.7 08/10/2011
0.9 0.3 0.3 0.3 0.3 0.3 0.5 0.5 0.5 0.5 0.7 0.7 0.9 0.9 0.3 0.3 0.3 0.3 0.5 0.5 0.5 0.7 0.7 1.0 0.9 0.9 0.9 0.9 09/10/2011
1.2 1.1 1.1 1.1 1.1 1.1 1.4 1.4 1.3 1.2 0.7 0.7 1.2 1.2 1.1 1.1 1.1 1.1 1.5 1.4 1.4 0.8 0.9 1.3 1.2 1.2 1.2 1.2 10/10/2011
1.6 1.3 1.3 1.3 1.3 1.3 1.2 1.1 1.0 0.9 0.9 0.9 1.5 1.5 1.3 1.3 1.3 1.3 1.3 1.2 1.1 1.0 1.1 1.3 1.5 1.5 1.5 1.5 11/10/2011
1.4 1.1 1.1 1.1 1.1 1.1 1.4 1.3 1.3 1.3 1.1 1.1 1.4 1.4 1.1 1.1 1.1 1.1 1.4 1.3 1.3 1.2 1.2 1.6 1.4 1.4 1.4 1.4 12/10/2011
1.5 1.1 1.0 1.1 1.0 1.0 1.8 1.8 1.7 1.7 1.4 1.4 1.4 1.4 1.0 1.0 1.0 1.0 1.9 1.8 1.8 1.5 1.5 1.7 1.4 1.4 1.4 1.4 13/10/2011
2.1 2.3 2.3 2.3 2.3 2.3 2.4 2.4 2.4 2.3 2.1 2.0 2.0 2.0 2.3 2.3 2.3 2.3 2.4 2.4 2.4 2.1 2.1 2.1 2.1 2.1 2.0 2.0 14/10/2011
2.1 2.0 2.0 2.0 2.0 2.0 2.2 2.3 2.3 2.3 2.2 2.2 2.1 2.1 2.0 2.0 2.0 2.0 2.2 2.2 2.3 2.1 2.1 2.5 2.1 2.1 2.1 2.1 15/10/2011
1.7 1.7 1.7 1.7 1.7 1.7 1.8 1.8 1.7 1.6 1.7 1.7 1.6 1.6 1.6 1.6 1.6 1.6 1.9 1.8 1.8 1.8 1.9 1.3 1.7 1.7 1.6 1.6 16/10/2011
1.6 1.6 1.5 1.5 1.5 1.5 1.3 1.2 1.2 1.1 1.2 1.2 1.5 1.5 1.5 1.5 1.5 1.5 1.3 1.3 1.2 1.3 1.4 2.1 1.6 1.6 1.5 1.5 17/10/2011
1.2 1.1 1.0 1.1 1.1 1.0 0.7 0.6 0.6 0.5 0.2 0.2 1.2 1.2 1.0 1.0 1.0 1.0 0.7 0.7 0.6 0.3 0.3 2.1 1.2 1.2 1.2 1.2 18/10/2011
1.1 1.1 1.1 1.1 1.1 1.1 1.4 1.4 1.4 1.3 1.0 1.0 1.0 1.0 1.0 1.0 1.0 1.0 1.4 1.4 1.4 1.0 1.1 2.1 1.0 1.0 1.0 1.0 19/10/2011
1.4 1.5 1.5 1.5 1.5 1.5 1.3 1.3 1.3 1.3 1.1 1.1 1.4 1.4 1.4 1.4 1.4 1.4 1.3 1.3 1.3 1.2 1.2 1.4 1.4 1.4 1.4 1.4 20/10/2011
1.4 1.5 1.5 1.5 1.5 1.5 1.4 1.4 1.4 1.4 1.2 1.2 1.4 1.4 1.5 1.5 1.5 1.5 1.5 1.4 1.4 1.2 1.2 2.1 1.4 1.4 1.4 1.4 21/10/2011
1.5 1.3 1.2 1.3 1.3 1.2 0.8 0.8 0.8 0.8 0.5 0.5 1.5 1.5 1.2 1.2 1.2 1.2 0.8 0.8 0.8 0.5 0.6 1.7 1.5 1.5 1.5 1.4 22/10/2011
2.3 2.4 2.4 2.4 2.4 2.4 1.6 1.6 1.5 1.5 1.2 1.2 2.2 2.2 2.4 2.4 2.4 2.4 1.7 1.6 1.6 1.3 1.4 3.0 2.3 2.3 2.2 2.2 23/10/2011
2.1 1.6 1.6 1.6 1.6 1.6 1.8 1.7 1.7 1.7 1.6 1.6 2.1 2.1 1.6 1.6 1.6 1.6 1.8 1.8 1.7 1.7 1.8 2.2 2.1 2.1 2.1 2.1 24/10/2011
1.5 1.4 1.4 1.4 1.4 1.4 0.7 0.6 0.6 0.6 0.5 0.5 1.5 1.5 1.4 1.4 1.4 1.4 0.7 0.7 0.6 0.6 0.7 1.5 1.5 1.5 1.5 1.5 25/10/2011
1.3 1.6 1.5 1.6 1.6 1.5 1.5 1.5 1.4 1.3 1.4 1.4 1.2 1.2 1.5 1.5 1.5 1.5 1.6 1.5 1.5 1.5 1.5 1.7 1.3 1.3 1.2 1.2 26/10/2011
1.0 1.2 1.2 1.2 1.2 1.2 1.9 1.9 1.9 1.9 1.7 1.7 1.0 1.0 1.2 1.2 1.2 1.2 1.9 1.9 1.9 1.7 1.7 1.3 1.0 1.0 1.0 1.0 27/10/2011
1.2 1.3 1.2 1.3 1.3 1.2 0.9 0.9 0.9 0.9 0.7 0.7 1.1 1.1 1.2 1.2 1.2 1.2 0.9 0.9 0.9 0.7 0.7 1.5 1.2 1.2 1.1 1.1 28/10/2011
1.3 1.2 1.2 1.2 1.2 1.2 0.8 0.8 0.8 0.8 0.7 0.7 1.2 1.2 1.2 1.2 1.2 1.2 0.8 0.8 0.8 0.7 0.7 1.3 1.3 1.3 1.2 1.2 29/10/2011
0.7 0.5 0.5 0.5 0.5 0.5 1.6 1.5 1.5 1.5 1.1 1.1 0.8 0.8 0.5 0.5 0.5 0.5 1.6 1.6 1.6 1.2 1.2 1.2 0.8 0.8 0.8 0.8 30/10/2011
1.8 1.7 1.7 1.7 1.7 1.7 1.5 1.4 1.4 1.3 1.0 1.0 1.7 1.7 1.7 1.7 1.7 1.7 1.6 1.5 1.5 1.1 1.1 1.9 1.8 1.8 1.7 1.7 31/10/2011
1.0 0.8 0.8 0.8 0.8 0.8 1.0 0.9 0.9 0.9 0.8 0.8 1.0 1.0 0.7 0.7 0.7 0.7 1.0 0.9 0.9 0.9 0.9 1.3 1.0 1.0 1.0 1.0 01/11/2011
1.0 0.8 0.8 0.8 0.8 0.8 0.8 0.7 0.7 0.7 0.5 0.4 1.0 1.0 0.7 0.7 0.7 0.7 0.8 0.8 0.8 0.5 0.6 1.8 1.0 1.0 1.0 1.0 02/11/2011
1.5 1.3 1.3 1.3 1.3 1.3 1.2 1.2 1.2 1.2 1.2 1.2 1.5 1.5 1.3 1.3 1.3 1.3 1.2 1.2 1.2 1.2 1.3 1.9 1.5 1.5 1.5 1.5 03/11/2011
1.5 1.3 1.2 1.3 1.3 1.2 1.5 1.4 1.3 1.3 1.3 1.3 1.4 1.4 1.2 1.2 1.2 1.2 1.6 1.5 1.4 1.4 1.4 1.5 1.4 1.4 1.4 1.4 04/11/2011
0.6 0.4 0.4 0.4 0.4 0.4 1.2 1.2 1.1 1.1 1.0 1.0 0.6 0.6 0.4 0.4 0.4 0.4 1.2 1.2 1.2 1.0 1.0 0.4 0.6 0.6 0.6 0.6 05/11/2011
0.9 0.9 0.8 0.9 0.8 0.8 0.7 0.8 0.8 0.9 0.8 0.8 0.9 0.9 0.8 0.8 0.8 0.8 0.6 0.7 0.7 0.8 0.7 0.8 0.9 0.9 0.9 0.8 06/11/2011
1.0 1.0 1.0 1.0 1.0 1.0 0.5 0.4 0.4 0.4 0.3 0.3 1.0 1.0 0.9 0.9 0.9 0.9 0.5 0.4 0.4 0.4 0.4 0.7 1.0 1.0 1.0 1.0 07/11/2011
0.7 0.4 0.4 0.4 0.4 0.4 0.4 0.4 0.3 0.3 0.2 0.2 0.7 0.7 0.4 0.4 0.4 0.4 0.5 0.4 0.4 0.2 0.3 0.7 0.7 0.7 0.7 0.7 08/11/2011
1.2 0.9 0.8 0.9 0.9 0.8 1.2 1.2 1.1 1.1 0.4 0.4 1.2 1.2 0.8 0.8 0.8 0.8 1.3 1.2 1.2 0.5 0.5 1.4 1.2 1.2 1.2 1.2 09/11/2011
1.0 1.0 1.0 1.0 1.0 1.0 0.6 0.6 0.6 0.6 0.7 0.7 1.0 1.0 0.9 1.0 1.0 0.9 0.6 0.6 0.6 0.7 0.7 1.1 1.0 1.0 1.0 1.0 10/11/2011
0.7 0.6 0.6 0.6 0.6 0.6 0.5 0.5 0.4 0.4 0.3 0.3 0.7 0.7 0.6 0.6 0.6 0.6 0.5 0.5 0.5 0.4 0.4 0.5 0.7 0.7 0.7 0.7 11/11/2011
0.7 0.6 0.5 0.5 0.5 0.5 1.2 1.2 1.2 1.1 1.0 1.0 0.7 0.7 0.5 0.5 0.5 0.5 1.2 1.2 1.2 1.0 1.0 0.8 0.7 0.7 0.7 0.7 12/11/2011
1.6 1.5 1.4 1.5 1.5 1.4 0.4 0.3 0.3 0.2 0.3 0.3 1.5 1.5 1.4 1.4 1.4 1.4 0.4 0.3 0.3 0.4 0.4 1.7 1.6 1.6 1.5 1.5 13/11/2011
0.5 0.6 0.6 0.6 0.6 0.6 0.7 0.7 0.6 0.6 0.3 0.3 0.5 0.5 0.6 0.6 0.6 0.6 0.7 0.7 0.7 0.4 0.4 0.5 0.5 0.5 0.5 0.5 14/11/2011
0.5 0.4 0.4 0.4 0.4 0.4 0.4 0.4 0.4 0.4 0.2 0.3 0.5 0.5 0.4 0.4 0.4 0.4 0.4 0.4 0.4 0.2 0.2 0.6 0.5 0.5 0.5 0.5 15/11/2011
0.8 0.5 0.5 0.5 0.5 0.5 0.3 0.3 0.3 0.3 0.3 0.3 0.8 0.8 0.4 0.4 0.4 0.4 0.3 0.3 0.3 0.4 0.4 0.7 0.8 0.8 0.7 0.7 16/11/2011
0.8 0.5 0.5 0.5 0.5 0.5 0.3 0.2 0.2 0.2 0.1 0.1 0.8 0.8 0.5 0.5 0.5 0.5 0.3 0.3 0.2 0.2 0.2 0.8 0.8 0.8 0.7 0.7 17/11/2011
1.0 0.7 0.7 0.7 0.7 0.7 0.2 0.2 0.1 0.1 0.1 0.0 0.9 0.9 0.7 0.7 0.7 0.7 0.3 0.2 0.2 0.2 0.2 1.5 0.9 0.9 0.9 0.9 18/11/2011
1.4 1.2 1.2 1.2 1.2 1.2 0.8 0.7 0.6 0.6 0.4 0.4 1.4 1.4 1.2 1.2 1.2 1.2 0.8 0.8 0.7 0.5 0.6 1.7 1.4 1.4 1.4 1.3 19/11/2011
1.1 0.6 0.6 0.6 0.6 0.6 1.1 1.0 1.0 0.9 1.0 1.0 1.1 1.1 0.6 0.6 0.6 0.6 1.1 1.1 1.0 1.1 1.2 1.0 1.1 1.1 1.1 1.1 20/11/2011
0.5 0.8 0.8 0.8 0.8 0.8 0.9 0.8 0.8 0.8 0.7 0.7 0.5 0.5 0.7 0.7 0.7 0.7 0.9 0.9 0.8 0.8 0.8 0.8 0.5 0.5 0.5 0.4 21/11/2011
0.8 0.7 0.7 0.7 0.7 0.7 0.9 0.9 0.8 0.8 0.7 0.7 0.7 0.7 0.7 0.7 0.7 0.7 1.0 0.9 0.9 0.8 0.8 0.5 0.7 0.7 0.7 0.7 22/11/2011
1.0 0.5 0.4 0.4 0.4 0.4 0.4 0.4 0.3 0.3 0.3 0.3 0.9 0.9 0.4 0.4 0.4 0.4 0.5 0.4 0.4 0.4 0.4 0.8 0.9 0.9 0.9 0.9 23/11/2011
0.5 0.3 0.3 0.3 0.3 0.3 0.2 0.2 0.2 0.2 0.1 0.1 0.4 0.4 0.3 0.3 0.3 0.3 0.3 0.2 0.2 0.2 0.2 0.6 0.5 0.5 0.4 0.4 24/11/2011
0.9 0.7 0.7 0.7 0.7 0.7 0.2 0.2 0.1 0.1 0.3 0.3 0.8 0.8 0.6 0.6 0.6 0.6 0.2 0.2 0.2 0.3 0.3 1.1 0.9 0.9 0.8 0.8 25/11/2011
0.9 0.9 0.9 0.9 0.9 0.9 0.3 0.2 0.2 0.1 0.0 0.0 0.8 0.8 0.9 0.9 0.9 0.9 0.4 0.3 0.2 0.1 0.1 0.9 0.8 0.8 0.8 0.8 26/11/2011
0.9 0.9 0.9 0.9 0.9 0.9 0.4 0.4 0.3 0.3 0.4 0.4 0.9 0.9 0.9 0.9 0.9 0.9 0.4 0.4 0.4 0.3 0.3 1.0 0.9 0.9 0.9 0.9 27/11/2011
0.6 0.5 0.5 0.5 0.5 0.5 0.2 0.2 0.2 0.2 0.1 0.1 0.5 0.5 0.4 0.4 0.4 0.4 0.2 0.2 0.2 0.2 0.2 0.4 0.5 0.5 0.5 0.5 28/11/2011
1.0 0.9 0.9 0.9 0.9 0.9 0.3 0.4 0.4 0.5 0.2 0.2 1.1 1.1 0.9 0.9 0.9 0.9 0.3 0.4 0.4 0.2 0.2 1.2 1.0 1.0 1.1 1.1 29/11/2011
1.2 1.2 1.2 1.2 1.2 1.2 0.5 0.4 0.3 0.3 0.1 0.1 1.2 1.2 1.2 1.2 1.2 1.2 0.6 0.5 0.4 0.2 0.3 1.7 1.2 1.2 1.2 1.3 30/11/2011
0.3 0.6 0.6 0.6 0.6 0.6 0.2 0.2 0.2 0.2 0.3 0.3 0.3 0.3 0.5 0.5 0.5 0.5 0.2 0.2 0.2 0.3 0.3 0.5 0.3 0.3 0.3 0.3 01/12/2011
0.6 0.8 0.8 0.8 0.8 0.8 0.3 0.2 0.2 0.1 0.2 0.2 0.6 0.6 0.8 0.8 0.8 0.8 0.3 0.3 0.3 0.2 0.2 1.0 0.6 0.6 0.6 0.5 02/12/2011
0.5 0.2 0.2 0.2 0.2 0.2 0.2 0.2 0.2 0.2 0.3 0.3 0.5 0.5 0.2 0.2 0.2 0.2 0.2 0.2 0.2 0.2 0.2 0.6 0.5 0.5 0.5 0.5 03/12/2011
0.7 0.8 0.8 0.8 0.8 0.8 0.6 0.6 0.6 0.6 0.6 0.6 0.7 0.7 0.7 0.7 0.7 0.7 0.6 0.6 0.6 0.7 0.7 0.9 0.7 0.7 0.7 0.7 04/12/2011
1.5 1.2 1.2 1.2 1.2 1.2 0.4 0.4 0.3 0.3 0.5 0.5 1.5 1.5 1.2 1.2 1.2 1.2 0.5 0.4 0.4 0.5 0.5 2.1 1.5 1.5 1.5 1.5 05/12/2011
1.2 1.1 1.0 1.1 1.0 1.0 0.7 0.6 0.6 0.6 0.6 0.6 1.2 1.2 1.0 1.0 1.0 1.0 0.7 0.7 0.6 0.6 0.7 1.4 1.2 1.2 1.2 1.1 06/12/2011
0.9 1.1 1.1 1.1 1.1 1.1 0.9 0.9 0.9 0.8 0.7 0.7 0.9 0.9 1.1 1.1 1.1 1.1 1.0 0.9 0.9 0.8 0.8 1.4 0.9 0.9 0.9 0.9 07/12/2011
0.9 0.9 0.8 0.9 0.8 0.8 0.3 0.3 0.3 0.2 0.4 0.4 0.8 0.8 0.8 0.8 0.8 0.8 0.4 0.3 0.3 0.4 0.4 1.2 0.9 0.9 0.8 0.8 08/12/2011
0.7 0.8 0.8 0.8 0.8 0.8 0.4 0.4 0.4 0.4 0.4 0.4 0.7 0.7 0.8 0.8 0.8 0.8 0.5 0.4 0.4 0.5 0.5 1.2 0.7 0.7 0.7 0.7 09/12/2011
0.5 0.4 0.4 0.4 0.4 0.3 0.2 0.2 0.2 0.1 0.1 0.1 0.5 0.5 0.3 0.3 0.3 0.3 0.3 0.2 0.2 0.1 0.1 0.6 0.5 0.5 0.5 0.5 10/12/2011
0.8 0.7 0.7 0.7 0.7 0.7 0.6 0.6 0.6 0.5 0.5 0.5 0.7 0.7 0.7 0.7 0.7 0.7 0.6 0.6 0.6 0.5 0.5 1.0 0.7 0.7 0.7 0.7 11/12/2011
1.5 1.4 1.4 1.4 1.4 1.4 0.5 0.5 0.4 0.4 0.4 0.4 1.5 1.5 1.4 1.4 1.4 1.4 0.6 0.5 0.5 0.4 0.4 1.6 1.5 1.5 1.5 1.5 12/12/2011
0.9 1.1 1.0 1.1 1.1 1.0 0.8 0.7 0.7 0.7 0.7 0.7 0.9 0.9 1.0 1.0 1.0 1.0 0.8 0.8 0.7 0.8 0.8 1.3 0.9 0.9 0.9 0.9 13/12/2011
0.8 0.9 0.9 0.9 0.9 0.9 0.5 0.5 0.5 0.4 0.6 0.6 0.8 0.8 0.9 0.9 0.9 0.9 0.6 0.5 0.5 0.7 0.7 1.0 0.8 0.8 0.8 0.8 14/12/2011
1.2 1.2 1.2 1.2 1.2 1.2 1.5 1.5 1.4 1.4 1.2 1.2 1.2 1.2 1.2 1.2 1.2 1.2 1.6 1.5 1.5 1.3 1.3 1.4 1.2 1.2 1.2 1.2 15/12/2011
0.8 0.9 0.8 0.9 0.8 0.8 0.5 0.5 0.5 0.4 0.5 0.5 0.8 0.8 0.8 0.8 0.8 0.8 0.6 0.5 0.5 0.5 0.5 1.0 0.8 0.8 0.8 0.8 16/12/2011
0.7 0.9 0.9 0.9 0.9 0.9 0.4 0.4 0.4 0.3 0.2 0.2 0.7 0.7 0.8 0.9 0.9 0.9 0.5 0.4 0.4 0.3 0.3 1.2 0.7 0.7 0.7 0.7 17/12/2011
1.5 1.3 1.3 1.3 1.3 1.3 0.3 0.2 0.2 0.2 0.1 0.1 1.4 1.4 1.3 1.3 1.3 1.3 0.3 0.3 0.2 0.2 0.2 1.8 1.5 1.5 1.4 1.4 18/12/2011
0.5 0.5 0.5 0.5 0.5 0.5 0.4 0.3 0.3 0.3 0.2 0.2 0.5 0.5 0.5 0.5 0.5 0.5 0.4 0.4 0.3 0.2 0.3 0.6 0.5 0.5 0.5 0.5 19/12/2011
0.7 0.7 0.7 0.7 0.7 0.7 0.3 0.2 0.2 0.1 0.1 0.1 0.7 0.7 0.7 0.7 0.7 0.7 0.3 0.3 0.2 0.1 0.2 0.9 0.7 0.7 0.7 0.7 20/12/2011
0.4 0.4 0.3 0.4 0.4 0.3 0.3 0.3 0.3 0.3 0.4 0.4 0.4 0.4 0.3 0.3 0.3 0.3 0.3 0.3 0.3 0.4 0.4 0.5 0.4 0.4 0.4 0.4 21/12/2011
0.5 0.5 0.5 0.5 0.5 0.5 0.2 0.2 0.2 0.1 0.0 0.0 0.5 0.5 0.5 0.5 0.5 0.5 0.3 0.2 0.2 0.0 0.1 0.5 0.5 0.5 0.5 0.5 22/12/2011
1.0 0.8 0.7 0.8 0.8 0.7 0.4 0.4 0.3 0.3 0.3 0.3 1.0 1.0 0.7 0.7 0.7 0.7 0.4 0.4 0.4 0.4 0.4 1.2 1.0 1.0 1.0 1.0 23/12/2011
1.4 1.3 1.3 1.3 1.3 1.3 0.6 0.5 0.5 0.4 0.4 0.4 1.4 1.4 1.3 1.3 1.3 1.3 0.7 0.6 0.6 0.5 0.5 1.7 1.4 1.4 1.4 1.4 24/12/2011
0.7 0.7 0.7 0.7 0.7 0.7 0.2 0.1 0.1 0.1 0.1 0.1 0.6 0.6 0.7 0.7 0.7 0.7 0.2 0.2 0.2 0.1 0.1 0.9 0.7 0.7 0.6 0.6 25/12/2011
1.0 0.9 0.9 0.9 0.9 0.9 0.3 0.3 0.2 0.2 0.2 0.2 0.9 0.9 0.8 0.8 0.8 0.8 0.3 0.3 0.3 0.2 0.3 1.1 0.9 0.9 0.9 0.9 26/12/2011
0.6 0.6 0.6 0.6 0.6 0.6 0.2 0.2 0.1 0.1 0.2 0.1 0.6 0.6 0.6 0.6 0.6 0.6 0.2 0.2 0.2 0.2 0.2 0.7 0.6 0.6 0.6 0.6 27/12/2011
0.4 0.3 0.3 0.3 0.3 0.3 0.1 0.1 0.1 0.1 0.0 0.0 0.4 0.4 0.3 0.3 0.3 0.3 0.1 0.1 0.1 0.0 0.0 0.7 0.4 0.4 0.4 0.4 28/12/2011
1.4 1.2 1.2 1.2 1.2 1.2 0.3 0.3 0.2 0.2 0.2 0.2 1.4 1.4 1.2 1.2 1.2 1.2 0.4 0.3 0.3 0.3 0.4 1.7 1.4 1.4 1.4 1.4 29/12/2011
1.1 1.3 1.3 1.3 1.3 1.3 0.6 0.5 0.5 0.4 0.6 0.5 1.0 1.0 1.3 1.3 1.3 1.3 0.6 0.5 0.5 0.6 0.6 1.2 1.1 1.1 1.0 1.0 30/12/2011
0.2 0.2 0.2 0.2 0.2 0.2 0.2 0.2 0.2 0.2 0.1 0.1 0.2 0.2 0.2 0.2 0.2 0.2 0.2 0.2 0.2 0.1 0.1 0.1 0.2 0.2 0.2 0.2 31/12/2011
0.5 0.7 0.7 0.7 0.7 0.7 0.4 0.4 0.4 0.3 0.4 0.4 0.5 0.5 0.7 0.7 0.7 0.7 0.4 0.4 0.4 0.4 0.4 0.5 0.5 0.5 0.5 0.5 01/01/2012
1.0 0.7 0.6 0.7 0.6 0.6 0.1 0.1 0.1 0.1 0.0 0.0 1.0 1.0 0.6 0.6 0.6 0.6 0.2 0.1 0.1 0.1 0.1 1.4 1.0 1.0 1.0 0.9 02/01/2012
1.1 1.3 1.3 1.3 1.3 1.3 0.2 0.1 0.1 0.1 0.3 0.3 1.1 1.1 1.2 1.2 1.2 1.2 0.2 0.2 0.1 0.4 0.4 1.3 1.1 1.1 1.1 1.1 03/01/2012
1.7 1.7 1.6 1.7 1.7 1.6 1.0 1.0 0.9 0.9 0.9 0.8 1.6 1.6 1.6 1.6 1.6 1.6 1.0 1.0 1.0 0.9 0.9 2.0 1.6 1.6 1.6 1.6 04/01/2012
1.4 1.6 1.6 1.6 1.6 1.6 0.7 0.7 0.6 0.6 0.7 0.7 1.4 1.4 1.6 1.6 1.6 1.6 0.8 0.7 0.7 0.7 0.8 1.5 1.4 1.4 1.4 1.3 05/01/2012
1.3 1.5 1.5 1.5 1.5 1.5 0.8 0.8 0.7 0.6 0.8 0.7 1.3 1.3 1.4 1.4 1.4 1.4 0.9 0.8 0.8 0.9 0.9 1.5 1.3 1.3 1.3 1.3 06/01/2012
0.8 0.5 0.5 0.5 0.5 0.5 0.4 0.4 0.3 0.3 0.3 0.3 0.8 0.8 0.5 0.5 0.5 0.5 0.5 0.4 0.4 0.4 0.4 1.2 0.8 0.8 0.8 0.8 07/01/2012
1.1 1.2 1.2 1.2 1.2 1.2 0.3 0.3 0.3 0.3 0.4 0.4 1.1 1.1 1.2 1.2 1.2 1.2 0.3 0.3 0.3 0.4 0.5 1.4 1.1 1.1 1.1 1.1 08/01/2012
0.6 0.6 0.6 0.6 0.6 0.6 0.5 0.5 0.5 0.4 0.1 0.1 0.5 0.5 0.6 0.6 0.6 0.6 0.6 0.5 0.5 0.2 0.2 0.3 0.5 0.5 0.5 0.5 09/01/2012
0.5 0.3 0.3 0.3 0.3 0.3 0.5 0.4 0.4 0.3 0.4 0.4 0.4 0.4 0.3 0.3 0.3 0.3 0.6 0.5 0.4 0.6 0.6 0.5 0.4 0.4 0.4 0.4 10/01/2012
0.9 0.9 0.9 0.9 0.9 0.9 0.5 0.4 0.4 0.4 0.4 0.4 0.9 0.9 0.8 0.8 0.8 0.8 0.6 0.5 0.5 0.4 0.4 0.8 0.9 0.9 0.9 0.9 11/01/2012
0.7 0.7 0.7 0.7 0.7 0.7 0.5 0.4 0.3 0.3 0.3 0.3 0.7 0.7 0.6 0.6 0.6 0.6 0.6 0.5 0.4 0.4 0.4 0.8 0.7 0.7 0.7 0.6 12/01/2012
0.9 0.8 0.8 0.8 0.8 0.8 0.5 0.4 0.4 0.3 0.4 0.4 0.9 0.9 0.7 0.7 0.7 0.7 0.6 0.5 0.5 0.4 0.5 0.8 0.9 0.9 0.8 0.8 13/01/2012
0.8 0.6 0.6 0.6 0.6 0.6 0.5 0.4 0.4 0.4 0.3 0.3 0.8 0.8 0.6 0.6 0.6 0.6 0.5 0.5 0.4 0.3 0.3 0.8 0.8 0.8 0.8 0.8 14/01/2012
1.1 0.9 0.9 0.9 0.9 0.9 0.8 0.8 0.8 0.8 0.7 0.7 1.1 1.1 0.9 0.9 0.9 0.9 0.8 0.8 0.8 0.7 0.7 1.3 1.1 1.1 1.1 1.1 15/01/2012
1.0 1.2 1.2 1.2 1.2 1.2 1.2 1.2 1.2 1.2 1.1 1.1 0.9 0.9 1.1 1.1 1.1 1.1 1.1 1.2 1.2 1.1 1.1 1.2 0.9 0.9 0.9 0.9 16/01/2012
0.6 0.7 0.7 0.7 0.7 0.7 0.7 0.7 0.7 0.7 0.7 0.7 0.6 0.6 0.8 0.8 0.8 0.8 0.7 0.7 0.7 0.6 0.6 0.8 0.6 0.6 0.6 0.6 17/01/2012
0.5 0.8 0.8 0.8 0.8 0.8 0.7 0.6 0.6 0.6 0.4 0.4 0.5 0.5 0.8 0.8 0.8 0.8 0.7 0.7 0.6 0.4 0.4 0.4 0.5 0.5 0.5 0.5 18/01/2012
0.3 0.1 0.1 0.1 0.1 0.1 0.2 0.1 0.1 0.1 0.2 0.2 0.3 0.3 0.1 0.1 0.1 0.1 0.2 0.1 0.1 0.2 0.2 0.5 0.3 0.3 0.3 0.3 19/01/2012
1.1 1.2 1.2 1.2 1.2 1.2 0.4 0.3 0.3 0.3 0.4 0.4 1.1 1.1 1.2 1.2 1.2 1.2 0.4 0.3 0.3 0.4 0.4 1.3 1.1 1.1 1.1 1.1 20/01/2012
0.7 0.9 0.9 0.9 0.9 0.9 0.6 0.6 0.6 0.6 0.5 0.5 0.7 0.7 0.8 0.8 0.8 0.8 0.6 0.6 0.6 0.5 0.6 0.6 0.7 0.7 0.7 0.7 21/01/2012
1.2 1.3 1.3 1.3 1.3 1.3 0.4 0.4 0.4 0.3 0.6 0.6 1.2 1.2 1.3 1.3 1.3 1.3 0.4 0.4 0.4 0.6 0.6 1.3 1.2 1.2 1.2 1.2 22/01/2012
0.8 0.9 0.9 0.9 0.9 0.9 0.4 0.3 0.3 0.3 0.6 0.6 0.8 0.8 0.9 0.9 0.9 0.9 0.4 0.4 0.4 0.5 0.5 1.0 0.8 0.8 0.8 0.8 23/01/2012
0.2 0.3 0.3 0.3 0.3 0.3 0.1 0.1 0.1 0.1 0.1 0.1 0.2 0.2 0.3 0.3 0.3 0.3 0.2 0.1 0.1 0.1 0.1 0.2 0.2 0.2 0.2 0.2 24/01/2012
0.5 0.4 0.4 0.4 0.4 0.4 0.2 0.2 0.2 0.2 0.2 0.2 0.5 0.5 0.4 0.4 0.4 0.4 0.2 0.2 0.2 0.2 0.2 0.4 0.5 0.5 0.5 0.5 25/01/2012
0.6 0.5 0.5 0.5 0.5 0.5 0.3 0.3 0.3 0.2 0.2 0.2 0.6 0.6 0.5 0.5 0.5 0.5 0.3 0.3 0.3 0.2 0.3 0.9 0.6 0.6 0.6 0.6 26/01/2012
1.0 1.0 0.9 1.0 1.0 0.9 0.5 0.4 0.4 0.3 0.0 0.0 0.9 0.9 0.9 0.9 0.9 0.9 0.6 0.5 0.4 0.1 0.2 0.9 0.9 0.9 0.9 0.9 27/01/2012
0.8 0.6 0.6 0.6 0.6 0.6 0.1 0.1 0.1 0.1 0.1 0.1 0.7 0.7 0.6 0.6 0.6 0.6 0.2 0.1 0.1 0.2 0.2 0.8 0.8 0.8 0.7 0.7 28/01/2012
0.7 0.4 0.4 0.4 0.4 0.4 0.4 0.4 0.3 0.3 0.3 0.3 0.6 0.6 0.4 0.4 0.4 0.4 0.5 0.4 0.4 0.4 0.4 0.8 0.6 0.6 0.6 0.6 29/01/2012
0.5 0.5 0.5 0.5 0.5 0.5 0.2 0.2 0.2 0.2 0.2 0.2 0.5 0.5 0.5 0.5 0.5 0.5 0.2 0.2 0.2 0.2 0.2 0.5 0.5 0.5 0.5 0.5 30/01/2012
0.7 0.6 0.6 0.6 0.6 0.6 0.6 0.6 0.5 0.5 0.5 0.5 0.6 0.6 0.6 0.6 0.6 0.6 0.7 0.6 0.6 0.5 0.5 0.6 0.6 0.6 0.6 0.6 31/01/2012
0.8 0.9 0.8 0.9 0.9 0.8 0.8 0.8 0.7 0.7 0.9 0.8 0.8 0.8 0.8 0.8 0.8 0.8 0.8 0.8 0.8 0.9 0.9 0.9 0.8 0.8 0.8 0.8 01/02/2012
1.3 1.4 1.4 1.4 1.4 1.4 1.1 1.1 1.1 1.0 1.1 1.1 1.3 1.3 1.4 1.4 1.4 1.4 1.1 1.1 1.1 1.2 1.2 1.5 1.3 1.3 1.3 1.3 02/02/2012
1.0 1.0 1.0 1.0 1.0 1.0 0.6 0.6 0.5 0.5 0.6 0.6 1.0 1.0 1.0 1.0 1.0 1.0 0.6 0.6 0.6 0.7 0.7 1.2 1.0 1.0 1.0 1.0 03/02/2012
0.7 0.8 0.8 0.8 0.8 0.8 0.3 0.3 0.3 0.2 0.4 0.4 0.7 0.7 0.8 0.8 0.8 0.8 0.3 0.3 0.3 0.5 0.5 0.8 0.7 0.7 0.7 0.7 04/02/2012
0.3 0.4 0.4 0.4 0.4 0.4 0.5 0.5 0.5 0.5 0.5 0.5 0.3 0.3 0.4 0.4 0.4 0.4 0.5 0.5 0.5 0.5 0.5 0.3 0.3 0.3 0.3 0.3 05/02/2012
0.4 0.3 0.3 0.3 0.3 0.3 0.7 0.7 0.7 0.7 0.7 0.7 0.3 0.3 0.2 0.2 0.2 0.2 0.7 0.7 0.7 0.7 0.7 0.4 0.3 0.3 0.3 0.3 06/02/2012
0.6 0.6 0.6 0.6 0.6 0.6 0.6 0.6 0.6 0.6 0.8 0.8 0.6 0.6 0.6 0.6 0.6 0.6 0.7 0.6 0.6 0.8 0.8 0.8 0.6 0.6 0.6 0.6 07/02/2012
0.5 0.7 0.6 0.7 0.7 0.6 0.7 0.7 0.6 0.6 0.7 0.7 0.5 0.5 0.6 0.6 0.6 0.6 0.7 0.7 0.7 0.7 0.7 0.6 0.5 0.5 0.5 0.5 08/02/2012
0.5 0.4 0.4 0.4 0.4 0.4 0.4 0.3 0.3 0.2 0.2 0.2 0.5 0.5 0.4 0.4 0.4 0.4 0.4 0.4 0.3 0.2 0.3 0.7 0.5 0.5 0.5 0.5 09/02/2012
0.8 0.7 0.6 0.7 0.6 0.6 0.9 0.9 0.9 0.8 0.8 0.8 0.7 0.7 0.6 0.6 0.6 0.6 1.0 0.9 0.9 0.8 0.8 0.8 0.7 0.7 0.7 0.7 10/02/2012
0.7 0.8 0.8 0.8 0.8 0.8 0.9 0.9 0.9 0.8 0.9 0.9 0.7 0.7 0.8 0.8 0.8 0.8 1.0 0.9 0.9 0.9 0.9 0.8 0.7 0.7 0.7 0.7 11/02/2012
0.3 0.3 0.3 0.3 0.3 0.3 0.4 0.4 0.4 0.4 0.4 0.4 0.3 0.3 0.3 0.3 0.3 0.3 0.4 0.4 0.4 0.4 0.5 0.3 0.3 0.3 0.3 0.3 12/02/2012
0.7 0.3 0.3 0.3 0.3 0.3 0.2 0.2 0.2 0.2 0.1 0.1 0.6 0.6 0.3 0.3 0.3 0.3 0.2 0.2 0.2 0.1 0.1 0.7 0.7 0.7 0.6 0.6 13/02/2012
0.8 0.7 0.7 0.7 0.7 0.7 0.3 0.3 0.3 0.3 0.3 0.3 0.8 0.8 0.6 0.6 0.6 0.6 0.4 0.3 0.3 0.3 0.3 0.8 0.8 0.8 0.8 0.8 14/02/2012
0.8 0.7 0.7 0.7 0.7 0.7 0.3 0.2 0.2 0.2 0.2 0.2 0.7 0.7 0.7 0.7 0.7 0.7 0.3 0.3 0.2 0.2 0.3 0.8 0.8 0.8 0.7 0.7 15/02/2012
0.8 0.6 0.6 0.6 0.6 0.6 0.6 0.6 0.5 0.5 0.6 0.6 0.8 0.8 0.6 0.6 0.6 0.6 0.6 0.6 0.6 0.7 0.7 0.8 0.8 0.8 0.8 0.8 16/02/2012
0.2 0.3 0.3 0.3 0.3 0.3 0.3 0.3 0.3 0.2 0.3 0.3 0.2 0.2 0.3 0.3 0.3 0.3 0.3 0.3 0.3 0.3 0.3 0.3 0.2 0.2 0.2 0.2 17/02/2012
1.1 1.0 1.0 1.0 1.0 1.0 0.5 0.5 0.4 0.4 0.3 0.3 1.1 1.1 1.0 1.0 1.0 1.0 0.5 0.5 0.5 0.3 0.3 1.0 1.1 1.1 1.1 1.1 18/02/2012
1.5 1.5 1.5 1.5 1.5 1.5 0.8 0.7 0.7 0.6 0.4 0.4 1.5 1.5 1.5 1.5 1.5 1.5 0.8 0.7 0.7 0.4 0.5 1.6 1.5 1.5 1.5 1.4 19/02/2012
1.0 1.0 1.0 1.0 1.0 1.0 1.0 0.9 0.8 0.8 0.7 0.7 1.0 1.0 1.0 1.0 1.0 1.0 1.1 1.0 0.9 0.8 0.9 1.3 1.0 1.0 1.0 1.0 20/02/2012
0.9 1.1 1.1 1.1 1.1 1.1 0.6 0.5 0.4 0.4 0.2 0.2 0.9 0.9 1.1 1.1 1.1 1.1 0.6 0.5 0.5 0.3 0.3 1.4 0.9 0.9 0.9 0.9 21/02/2012
1.2 1.3 1.2 1.3 1.3 1.2 0.9 0.8 0.8 0.8 0.6 0.6 1.2 1.2 1.2 1.2 1.2 1.2 0.9 0.9 0.9 0.7 0.7 1.2 1.2 1.2 1.2 1.2 22/02/2012
0.4 0.3 0.3 0.3 0.3 0.3 0.3 0.3 0.3 0.3 0.3 0.2 0.3 0.3 0.3 0.3 0.3 0.3 0.3 0.3 0.3 0.3 0.3 0.5 0.3 0.3 0.3 0.3 23/02/2012
0.4 0.3 0.3 0.3 0.3 0.3 0.3 0.2 0.2 0.1 0.1 0.1 0.4 0.4 0.3 0.3 0.3 0.3 0.3 0.3 0.2 0.2 0.2 0.5 0.4 0.4 0.4 0.4 24/02/2012
0.6 0.6 0.6 0.6 0.6 0.6 0.5 0.5 0.4 0.4 0.3 0.3 0.6 0.6 0.5 0.5 0.5 0.5 0.6 0.5 0.5 0.4 0.4 0.7 0.6 0.6 0.6 0.6 25/02/2012
0.6 1.0 1.0 1.0 1.0 1.0 0.5 0.4 0.4 0.3 0.7 0.6 0.5 0.5 1.0 1.0 1.0 1.0 0.5 0.5 0.4 0.8 0.8 0.3 0.6 0.6 0.5 0.5 26/02/2012
0.5 0.5 0.5 0.5 0.5 0.5 0.7 0.6 0.6 0.6 0.4 0.4 0.5 0.5 0.4 0.4 0.4 0.4 0.7 0.7 0.6 0.5 0.5 0.4 0.5 0.5 0.5 0.4 27/02/2012
0.5 0.3 0.3 0.3 0.3 0.3 0.3 0.3 0.3 0.3 0.3 0.3 0.5 0.5 0.3 0.3 0.3 0.3 0.3 0.3 0.3 0.3 0.3 0.8 0.5 0.5 0.5 0.5 28/02/2012
1.4 1.0 1.0 1.0 1.0 1.0 0.5 0.4 0.4 0.4 0.3 0.3 1.4 1.4 0.9 0.9 0.9 0.9 0.5 0.5 0.5 0.4 0.4 1.0 1.4 1.4 1.4 1.4 29/02/2012
1.5 1.2 1.2 1.2 1.2 1.2 0.5 0.5 0.5 0.5 0.9 0.9 1.4 1.4 1.2 1.2 1.2 1.2 0.5 0.5 0.5 1.0 1.0 0.9 1.4 1.4 1.4 1.4 01/03/2012
1.2 0.7 0.7 0.7 0.7 0.7 0.4 0.4 0.4 0.4 0.2 0.2 1.1 1.1 0.6 0.6 0.6 0.6 0.5 0.4 0.4 0.3 0.3 1.0 1.1 1.1 1.1 1.0 02/03/2012
1.1 1.2 1.1 1.2 1.2 1.1 1.1 1.0 0.9 0.9 0.6 0.6 1.1 1.1 1.1 1.1 1.1 1.1 1.2 1.1 1.1 0.8 0.8 0.8 1.1 1.1 1.1 1.0 03/03/2012
0.8 0.7 0.7 0.7 0.7 0.7 0.7 0.6 0.6 0.6 0.5 0.5 0.7 0.7 0.6 0.6 0.6 0.6 0.7 0.6 0.6 0.4 0.4 1.0 0.7 0.7 0.7 0.7 04/03/2012
2.0 1.6 1.6 1.6 1.6 1.6 0.3 0.3 0.3 0.3 0.2 0.2 2.0 2.0 1.6 1.6 1.6 1.6 0.3 0.3 0.3 0.2 0.2 2.1 2.0 2.0 2.0 2.0 05/03/2012
1.1 0.8 0.8 0.8 0.8 0.8 0.8 0.7 0.7 0.6 0.8 0.8 1.1 1.1 0.8 0.8 0.8 0.8 0.8 0.7 0.7 0.9 0.9 1.0 1.1 1.1 1.1 1.0 06/03/2012
0.6 0.5 0.5 0.5 0.5 0.5 0.7 0.6 0.6 0.5 0.4 0.4 0.7 0.7 0.6 0.6 0.6 0.6 0.7 0.7 0.6 0.4 0.5 0.8 0.7 0.7 0.7 0.7 07/03/2012
1.7 1.5 1.5 1.5 1.5 1.5 1.1 1.0 1.0 0.9 0.8 0.8 1.7 1.7 1.5 1.5 1.5 1.5 1.1 1.1 1.0 0.9 0.9 1.6 1.7 1.7 1.7 1.7 08/03/2012
0.9 0.8 0.8 0.8 0.8 0.8 1.5 1.5 1.4 1.4 1.2 1.2 0.9 0.9 0.7 0.7 0.7 0.7 1.6 1.5 1.5 1.3 1.3 0.7 0.9 0.9 0.8 0.8 09/03/2012
1.4 1.0 1.0 1.0 1.0 1.0 0.5 0.5 0.4 0.4 0.7 0.7 1.3 1.3 1.0 1.0 1.0 1.0 0.6 0.5 0.5 0.8 0.8 0.8 1.3 1.3 1.3 1.3 10/03/2012
2.2 1.9 1.9 1.9 1.9 1.9 1.9 1.9 1.8 1.7 1.8 1.8 2.1 2.1 1.9 1.9 1.9 1.9 2.0 1.9 1.9 1.9 1.9 1.3 2.1 2.1 2.1 2.0 11/03/2012
1.8 1.7 1.7 1.7 1.7 1.7 1.3 1.2 1.2 1.2 1.5 1.5 1.7 1.7 1.7 1.7 1.7 1.7 1.3 1.3 1.2 1.6 1.7 1.8 1.8 1.8 1.7 1.7 12/03/2012
0.8 0.6 0.6 0.6 0.6 0.6 1.6 1.5 1.5 1.4 1.9 1.9 0.7 0.7 0.6 0.6 0.6 0.6 1.7 1.6 1.5 1.9 2.0 0.9 0.8 0.8 0.7 0.7 13/03/2012
2.0 1.7 1.6 1.7 1.7 1.6 1.5 1.4 1.4 1.3 1.7 1.7 1.9 1.9 1.6 1.6 1.6 1.6 1.6 1.5 1.5 1.8 1.8 1.9 2.0 2.0 1.9 1.9 14/03/2012
2.8 2.6 2.6 2.6 2.6 2.6 2.1 2.1 2.0 2.0 2.3 2.3 2.8 2.8 2.6 2.6 2.6 2.6 2.1 2.1 2.1 2.3 2.3 2.9 2.8 2.8 2.8 2.8 15/03/2012
1.9 1.7 1.6 1.7 1.7 1.6 2.2 2.2 2.1 2.1 2.3 2.3 1.9 1.9 1.6 1.6 1.6 1.6 2.3 2.2 2.2 2.4 2.4 1.0 1.9 1.9 1.8 1.8 16/03/2012
0.9 1.1 1.1 1.1 1.1 1.1 0.4 0.4 0.3 0.3 0.1 0.1 0.9 0.9 1.0 1.1 1.1 1.0 0.5 0.4 0.4 0.2 0.3 0.7 0.9 0.9 0.9 0.9 17/03/2012
1.6 1.3 1.3 1.3 1.3 1.3 1.3 1.2 1.1 1.1 1.0 1.0 1.6 1.6 1.2 1.3 1.3 1.2 1.3 1.2 1.2 1.1 1.1 1.2 1.6 1.6 1.6 1.5 18/03/2012
2.2 2.2 2.2 2.2 2.2 2.2 1.5 1.5 1.4 1.3 1.5 1.5 2.1 2.1 2.1 2.1 2.2 2.1 1.6 1.5 1.5 1.6 1.6 1.9 2.2 2.2 2.1 2.1 19/03/2012
1.3 1.2 1.2 1.2 1.2 1.2 2.0 1.9 1.8 1.8 2.0 2.0 1.2 1.2 1.1 1.1 1.1 1.1 2.0 2.0 1.9 2.1 2.2 0.9 1.2 1.2 1.2 1.2 20/03/2012
2.6 2.3 2.3 2.3 2.3 2.3 2.9 2.8 2.8 2.8 2.9 2.9 2.5 2.5 2.2 2.2 2.2 2.2 2.9 2.9 2.9 2.9 2.9 2.6 2.6 2.6 2.5 2.5 21/03/2012
2.7 3.0 2.9 2.9 2.9 2.9 3.5 3.4 3.4 3.4 3.6 3.6 2.7 2.7 2.9 2.9 2.9 2.9 3.5 3.5 3.4 3.7 3.7 3.0 2.7 2.7 2.7 2.7 22/03/2012
2.2 2.4 2.4 2.4 2.4 2.4 3.3 3.2 3.2 3.1 3.2 3.2 2.2 2.2 2.4 2.4 2.4 2.4 3.3 3.3 3.3 3.2 3.2 1.8 2.2 2.2 2.2 2.1 23/03/2012
3.6 3.2 3.2 3.2 3.2 3.2 3.3 3.2 3.2 3.1 3.2 3.2 3.5 3.5 3.1 3.1 3.1 3.1 3.4 3.3 3.3 3.3 3.3 3.6 3.5 3.5 3.5 3.5 24/03/2012
2.7 2.7 2.7 2.7 2.7 2.7 3.4 3.4 3.3 3.3 3.2 3.2 2.7 2.7 2.6 2.7 2.7 2.7 3.5 3.4 3.4 3.3 3.3 3.0 2.7 2.7 2.7 2.6 25/03/2012
3.3 3.4 3.4 3.4 3.4 3.4 3.9 3.9 3.9 3.8 3.7 3.7 3.2 3.2 3.4 3.4 3.4 3.4 3.9 3.9 3.9 3.8 3.8 3.6 3.2 3.2 3.2 3.2 26/03/2012
3.4 3.5 3.5 3.5 3.5 3.5 3.5 3.5 3.4 3.4 3.4 3.4 3.4 3.4 3.5 3.5 3.5 3.5 3.6 3.5 3.5 3.4 3.4 3.9 3.4 3.4 3.4 3.4 27/03/2012
3.6 3.1 3.0 3.1 3.1 3.0 3.6 3.5 3.5 3.4 3.4 3.4 3.5 3.5 3.0 3.0 3.0 3.0 3.7 3.6 3.6 3.5 3.5 3.8 3.5 3.5 3.5 3.5 28/03/2012
2.9 2.9 2.9 2.9 2.9 2.9 2.3 2.3 2.2 2.2 2.3 2.3 2.9 2.9 2.9 2.9 2.9 2.9 2.3 2.3 2.3 2.3 2.4 2.8 2.9 2.9 2.9 2.9 29/03/2012
2.9 2.8 2.8 2.8 2.8 2.8 2.0 1.9 1.8 1.7 1.9 1.9 2.9 2.9 2.8 2.8 2.8 2.8 2.1 2.0 1.9 2.0 2.1 2.2 2.9 2.9 2.9 2.9 30/03/2012
1.5 1.1 1.0 1.1 1.1 1.0 1.3 1.3 1.2 1.2 0.9 0.9 1.4 1.4 1.0 1.0 1.0 1.0 1.4 1.3 1.3 1.1 1.1 1.2 1.5 1.5 1.4 1.4 31/03/2012
2.4 2.1 2.1 2.1 2.1 2.1 2.3 2.2 2.2 2.2 2.2 2.2 2.4 2.4 2.1 2.1 2.1 2.1 2.4 2.3 2.3 2.3 2.3 2.5 2.4 2.4 2.4 2.4 01/04/2012
3.0 2.6 2.5 2.6 2.5 2.5 2.1 2.0 2.0 2.0 1.7 1.7 2.9 2.9 2.5 2.5 2.5 2.5 2.1 2.1 2.0 1.7 1.7 2.7 3.0 3.0 2.9 2.9 02/04/2012
2.2 2.3 2.3 2.3 2.3 2.3 2.9 2.8 2.8 2.7 2.5 2.5 2.2 2.2 2.3 2.3 2.3 2.3 3.0 2.9 2.9 2.6 2.6 2.0 2.2 2.2 2.2 2.2 03/04/2012
2.1 1.4 1.3 1.4 1.3 1.3 1.9 1.8 1.8 1.8 1.6 1.6 2.1 2.1 1.3 1.3 1.3 1.3 1.9 1.9 1.9 1.7 1.7 2.2 2.1 2.1 2.1 2.1 04/04/2012
2.3 1.9 1.8 1.9 1.9 1.8 1.1 1.1 1.0 1.0 1.0 1.0 2.3 2.3 1.8 1.8 1.8 1.8 1.1 1.1 1.1 1.0 1.0 1.6 2.3 2.3 2.3 2.2 05/04/2012
2.8 2.6 2.5 2.6 2.6 2.5 2.3 2.3 2.2 2.2 2.7 2.7 2.7 2.7 2.5 2.5 2.5 2.5 2.4 2.3 2.3 2.8 2.8 2.5 2.8 2.8 2.7 2.7 06/04/2012
2.1 2.2 2.2 2.2 2.2 2.2 1.3 1.3 1.2 1.2 1.2 1.2 2.0 2.0 2.1 2.1 2.1 2.1 1.4 1.3 1.3 1.3 1.3 1.0 2.0 2.0 2.0 2.0 07/04/2012
0.9 1.0 1.0 1.0 1.0 1.0 1.6 1.6 1.5 1.5 1.5 1.5 0.9 0.9 1.0 1.0 1.0 1.0 1.6 1.6 1.6 1.6 1.6 0.8 0.9 0.9 0.9 0.9 08/04/2012
1.1 0.9 0.9 0.9 0.9 0.9 0.8 0.8 0.7 0.7 0.9 0.9 1.1 1.1 0.9 0.9 0.9 0.9 0.9 0.8 0.8 1.0 1.0 1.0 1.1 1.1 1.1 1.1 09/04/2012
2.6 2.1 2.1 2.1 2.1 2.1 0.9 0.8 0.8 0.8 1.0 1.0 2.6 2.6 2.0 2.0 2.0 2.0 0.9 0.9 0.9 1.1 1.1 1.9 2.6 2.6 2.6 2.5 10/04/2012
1.8 1.6 1.5 1.6 1.5 1.5 1.1 1.1 1.0 1.0 0.9 0.9 1.8 1.8 1.5 1.5 1.5 1.5 1.2 1.1 1.1 1.0 1.0 1.3 1.8 1.8 1.8 1.8 11/04/2012
2.3 2.3 2.3 2.3 2.3 2.3 1.4 1.3 1.3 1.2 1.6 1.6 2.3 2.3 2.2 2.2 2.2 2.2 1.5 1.4 1.4 1.8 1.8 2.6 2.3 2.3 2.3 2.2 12/04/2012
2.2 2.2 2.2 2.2 2.2 2.2 2.4 2.4 2.3 2.3 2.0 2.0 2.1 2.1 2.1 2.2 2.2 2.1 2.5 2.4 2.4 2.1 2.1 1.8 2.1 2.1 2.1 2.1 13/04/2012
2.0 2.3 2.3 2.3 2.3 2.3 2.3 2.2 2.2 2.1 1.9 1.9 2.0 2.0 2.3 2.3 2.3 2.3 2.4 2.3 2.3 2.0 2.1 1.5 2.0 2.0 2.0 2.0 14/04/2012
2.0 2.5 2.4 2.5 2.5 2.4 1.7 1.7 1.7 1.6 1.6 1.5 2.0 2.0 2.4 2.4 2.4 2.4 1.8 1.7 1.7 1.7 1.7 2.4 2.0 2.0 2.0 2.0 15/04/2012
2.4 2.4 2.4 2.4 2.4 2.4 2.0 1.9 1.9 1.8 2.4 2.4 2.3 2.3 2.3 2.3 2.3 2.3 2.0 2.0 1.9 2.4 2.4 2.6 2.4 2.4 2.3 2.3 16/04/2012
0.9 0.8 0.8 0.8 0.8 0.8 1.3 1.2 1.2 1.2 1.1 1.1 0.9 0.9 0.8 0.8 0.8 0.8 1.3 1.3 1.2 1.2 1.2 0.9 0.9 0.9 0.9 0.9 17/04/2012
1.9 1.2 1.2 1.2 1.2 1.2 1.2 1.1 1.0 1.0 1.0 1.0 1.9 1.9 1.2 1.2 1.2 1.2 1.2 1.1 1.1 1.1 1.2 2.3 1.9 1.9 1.9 1.8 18/04/2012
2.1 1.7 1.7 1.7 1.7 1.7 2.4 2.3 2.3 2.2 1.8 1.8 2.1 2.1 1.7 1.7 1.7 1.7 2.5 2.4 2.3 1.9 1.9 2.6 2.1 2.1 2.1 2.1 19/04/2012
2.2 1.6 1.6 1.6 1.6 1.6 1.1 1.0 1.0 0.9 0.8 0.8 2.2 2.2 1.6 1.6 1.6 1.6 1.1 1.1 1.0 0.9 0.9 2.1 2.2 2.2 2.2 2.1 20/04/2012
1.5 1.1 1.1 1.1 1.1 1.1 2.1 2.0 2.0 1.9 1.8 1.8 1.5 1.5 1.1 1.1 1.1 1.1 2.2 2.1 2.0 1.9 1.9 1.2 1.5 1.5 1.5 1.5 21/04/2012
2.2 1.9 1.9 1.9 1.9 1.9 1.5 1.4 1.4 1.3 1.0 1.0 2.2 2.2 1.8 1.9 1.9 1.8 1.5 1.5 1.4 1.1 1.2 2.1 2.2 2.2 2.1 2.1 22/04/2012
1.3 0.8 0.8 0.8 0.8 0.8 1.9 1.8 1.7 1.7 1.9 1.9 1.3 1.3 0.7 0.7 0.7 0.7 2.0 1.9 1.8 2.0 2.0 1.4 1.3 1.3 1.3 1.3 23/04/2012
1.7 1.5 1.5 1.5 1.5 1.5 1.2 1.2 1.1 1.1 1.0 0.9 1.7 1.7 1.4 1.4 1.4 1.4 1.3 1.2 1.2 1.0 1.1 1.0 1.7 1.7 1.7 1.6 24/04/2012
2.6 1.6 1.6 1.6 1.6 1.6 0.6 0.6 0.6 0.5 0.4 0.4 2.5 2.5 1.6 1.6 1.6 1.6 0.7 0.6 0.6 0.4 0.5 2.4 2.6 2.6 2.5 2.5 25/04/2012
3.1 2.1 2.1 2.1 2.1 2.1 2.3 2.2 2.1 2.0 1.4 1.4 3.0 3.0 2.0 2.0 2.0 2.0 2.4 2.2 2.2 1.6 1.6 2.4 3.0 3.0 3.0 3.0 26/04/2012
2.7 2.2 2.2 2.2 2.2 2.2 1.6 1.6 1.5 1.5 1.5 1.5 2.6 2.6 2.2 2.2 2.2 2.2 1.6 1.6 1.6 1.4 1.4 2.9 2.6 2.6 2.6 2.6 27/04/2012
1.8 1.5 1.5 1.5 1.5 1.5 0.6 0.5 0.4 0.4 0.8 0.8 1.8 1.8 1.4 1.4 1.4 1.4 0.7 0.6 0.6 0.8 0.9 2.3 1.8 1.8 1.8 1.8 28/04/2012
2.4 2.3 2.3 2.3 2.3 2.3 2.2 2.2 2.1 2.0 1.7 1.7 2.4 2.4 2.3 2.3 2.3 2.3 2.3 2.2 2.2 1.8 1.8 2.3 2.4 2.4 2.4 2.4 29/04/2012
3.5 3.1 3.1 3.1 3.1 3.1 2.0 2.0 2.0 1.9 1.8 1.7 3.4 3.4 3.1 3.1 3.1 3.1 2.0 2.0 2.0 1.8 1.8 2.2 3.4 3.4 3.4 3.4 30/04/2012
4.0 3.3 3.2 3.3 3.3 3.2 2.1 2.0 2.0 1.9 2.0 2.0 3.9 3.9 3.2 3.2 3.2 3.2 2.2 2.1 2.0 2.1 2.1 2.7 4.0 4.0 3.9 3.9 01/05/2012
2.1 1.2 1.2 1.2 1.2 1.2 0.8 0.8 0.8 0.7 1.1 1.1 2.0 2.0 1.2 1.2 1.2 1.2 0.8 0.8 0.8 1.2 1.2 1.3 2.1 2.1 2.0 2.0 02/05/2012
1.6 1.1 1.1 1.1 1.1 1.1 1.6 1.5 1.5 1.4 1.5 1.4 1.5 1.5 1.1 1.1 1.1 1.1 1.7 1.6 1.6 1.6 1.6 1.2 1.5 1.5 1.5 1.5 03/05/2012
1.9 1.8 1.8 1.8 1.8 1.8 1.4 1.4 1.4 1.4 1.0 1.0 1.8 1.8 1.8 1.8 1.8 1.8 1.5 1.4 1.4 1.0 1.0 1.1 1.8 1.8 1.8 1.7 04/05/2012
1.4 0.9 0.9 0.9 0.9 0.9 0.9 0.9 0.9 0.8 0.8 0.8 1.4 1.4 0.8 0.8 0.8 0.8 1.0 0.9 0.9 0.9 1.0 0.6 1.4 1.4 1.4 1.4 05/05/2012
1.0 0.9 0.9 0.9 0.9 0.9 0.7 0.7 0.6 0.6 0.8 0.8 1.0 1.0 0.9 0.9 0.9 0.9 0.8 0.7 0.7 0.9 0.9 1.1 1.0 1.0 1.0 1.0 06/05/2012
2.6 2.6 2.5 2.6 2.6 2.5 2.1 2.0 1.9 1.9 2.1 2.1 2.6 2.6 2.5 2.5 2.5 2.5 2.2 2.1 2.0 2.2 2.2 1.2 2.6 2.6 2.6 2.5 07/05/2012
2.5 1.8 1.8 1.8 1.8 1.8 2.1 2.1 2.0 2.0 1.9 1.9 2.4 2.4 1.7 1.7 1.7 1.7 2.1 2.1 2.1 1.9 1.9 2.2 2.4 2.4 2.4 2.4 08/05/2012
2.6 2.4 2.4 2.4 2.4 2.4 2.1 2.0 2.0 1.9 1.8 1.8 2.5 2.5 2.4 2.4 2.4 2.4 2.2 2.1 2.1 1.9 2.0 1.8 2.6 2.6 2.5 2.5 09/05/2012
2.3 2.1 2.1 2.1 2.1 2.1 2.0 1.9 1.9 1.8 1.8 1.8 2.2 2.2 2.1 2.1 2.1 2.1 2.0 2.0 1.9 1.9 1.9 3.2 2.3 2.3 2.2 2.2 10/05/2012
2.2 1.4 1.4 1.4 1.4 1.4 1.2 1.1 1.1 1.0 0.9 0.9 2.2 2.2 1.4 1.4 1.4 1.4 1.3 1.2 1.2 1.0 1.0 1.7 2.2 2.2 2.2 2.2 11/05/2012
4.0 3.7 3.7 3.7 3.7 3.7 3.3 3.2 3.1 3.0 3.2 3.2 3.9 3.9 3.6 3.6 3.6 3.6 3.4 3.3 3.2 3.3 3.3 3.9 3.9 3.9 3.9 3.9 12/05/2012
4.1 3.7 3.7 3.7 3.7 3.7 2.8 2.8 2.7 2.6 2.8 2.8 4.0 4.0 3.6 3.6 3.6 3.6 2.9 2.8 2.8 2.9 3.0 3.4 4.0 4.0 4.0 3.9 13/05/2012
3.5 3.5 3.4 3.5 3.5 3.4 3.4 3.4 3.3 3.3 3.1 3.1 3.4 3.4 3.4 3.4 3.4 3.4 3.5 3.4 3.4 3.2 3.2 3.4 3.5 3.5 3.4 3.4 14/05/2012
2.9 1.8 1.7 1.8 1.7 1.7 1.4 1.3 1.3 1.3 1.2 1.2 2.8 2.8 1.7 1.7 1.7 1.7 1.4 1.4 1.4 1.2 1.2 2.8 2.9 2.9 2.8 2.8 15/05/2012
3.9 3.4 3.3 3.3 3.3 3.3 3.1 3.0 3.0 2.9 2.6 2.6 3.9 3.9 3.3 3.3 3.3 3.3 3.1 3.1 3.0 2.7 2.7 3.8 3.9 3.9 3.9 3.9 16/05/2012
2.4 1.8 1.8 1.8 1.8 1.8 2.6 2.6 2.6 2.6 2.3 2.3 2.4 2.4 1.8 1.8 1.8 1.8 2.6 2.6 2.6 2.3 2.3 2.3 2.4 2.4 2.4 2.4 17/05/2012
2.2 1.7 1.7 1.7 1.7 1.7 2.6 2.5 2.5 2.4 1.8 1.8 2.2 2.2 1.6 1.6 1.6 1.6 2.7 2.6 2.6 1.9 2.0 1.2 2.2 2.2 2.2 2.2 18/05/2012
3.0 3.1 3.1 3.1 3.1 3.1 3.9 3.8 3.7 3.7 2.9 2.9 3.0 3.0 3.1 3.1 3.1 3.1 4.0 3.9 3.8 3.0 3.1 1.7 3.0 3.0 3.0 3.0 19/05/2012
1.4 1.1 1.0 1.1 1.0 1.0 1.9 1.8 1.7 1.7 1.5 1.5 1.3 1.3 1.0 1.0 1.0 1.0 2.0 1.9 1.8 1.6 1.6 1.0 1.3 1.3 1.3 1.3 20/05/2012
1.3 0.8 0.8 0.8 0.8 0.8 0.5 0.5 0.5 0.5 0.9 0.9 1.2 1.2 0.8 0.8 0.8 0.8 0.5 0.5 0.5 1.0 1.0 1.0 1.3 1.3 1.2 1.2 21/05/2012
3.8 3.7 3.6 3.7 3.7 3.6 1.1 1.1 1.0 1.0 0.8 0.8 3.7 3.7 3.6 3.6 3.6 3.6 1.1 1.1 1.1 0.8 0.9 2.8 3.8 3.8 3.7 3.7 22/05/2012
4.1 4.1 4.0 4.1 4.0 4.0 2.7 2.6 2.5 2.4 2.9 2.9 4.0 4.0 4.0 4.0 4.0 4.0 2.8 2.7 2.6 3.2 3.2 2.5 4.0 4.0 4.0 3.9 23/05/2012
4.3 4.0 4.0 4.0 4.0 4.0 3.6 3.5 3.4 3.3 3.2 3.2 4.2 4.2 3.9 3.9 3.9 3.9 3.7 3.6 3.5 3.4 3.4 4.7 4.3 4.3 4.2 4.2 24/05/2012
6.9 6.3 6.3 6.3 6.3 6.3 7.1 7.1 7.1 7.0 6.8 6.8 6.8 6.8 6.3 6.3 6.3 6.3 7.1 7.1 7.1 6.8 6.8 7.0 6.8 6.8 6.8 6.8 25/05/2012
7.8 6.9 6.9 6.9 6.9 6.9 6.4 6.5 6.5 6.5 6.4 6.4 7.8 7.8 6.8 6.8 6.8 6.8 6.4 6.4 6.4 6.4 6.4 8.0 7.8 7.8 7.7 7.7 26/05/2012
3.5 4.0 4.0 4.0 4.0 4.0 5.8 5.9 5.9 5.9 4.8 4.8 3.4 3.4 3.9 3.9 4.0 3.9 5.8 5.8 5.9 4.9 4.9 2.8 3.4 3.4 3.4 3.3 27/05/2012
4.8 4.6 4.6 4.6 4.6 4.6 5.8 5.8 5.7 5.7 5.4 5.4 4.7 4.7 4.6 4.6 4.6 4.6 5.8 5.8 5.8 5.5 5.5 4.0 4.7 4.7 4.7 4.7 28/05/2012
4.3 4.4 4.4 4.4 4.4 4.4 4.8 4.8 4.7 4.6 3.9 3.9 4.2 4.2 4.3 4.3 4.3 4.3 4.9 4.8 4.8 4.0 4.1 2.6 4.2 4.2 4.2 4.1 29/05/2012
2.0 2.9 2.8 2.9 2.9 2.8 3.6 3.5 3.4 3.4 3.9 3.9 1.9 1.9 2.8 2.8 2.8 2.8 3.7 3.6 3.5 4.0 4.0 2.1 1.9 1.9 1.9 1.9 30/05/2012
2.6 3.0 2.9 3.0 3.0 2.9 3.1 3.0 2.9 2.8 2.6 2.6 2.5 2.5 2.9 2.9 2.9 2.9 3.2 3.1 3.0 2.6 2.7 2.3 2.5 2.5 2.5 2.5 31/05/2012
2.8 2.5 2.5 2.5 2.5 2.5 3.4 3.3 3.3 3.2 2.9 2.8 2.8 2.8 2.5 2.5 2.5 2.5 3.5 3.4 3.4 2.9 3.0 1.6 2.8 2.8 2.8 2.8 01/06/2012
3.4 3.4 3.4 3.4 3.4 3.4 3.6 3.6 3.5 3.5 3.0 3.0 3.3 3.3 3.3 3.3 3.3 3.3 3.6 3.6 3.6 3.1 3.2 3.8 3.4 3.4 3.3 3.3 02/06/2012
2.6 2.1 2.0 2.1 2.1 2.0 1.7 1.6 1.6 1.5 1.6 1.6 2.6 2.6 2.0 2.0 2.0 2.0 1.8 1.7 1.6 1.7 1.7 1.5 2.6 2.6 2.6 2.6 03/06/2012
1.8 1.4 1.4 1.4 1.4 1.4 1.6 1.6 1.5 1.5 1.1 1.1 1.7 1.7 1.4 1.4 1.4 1.4 1.7 1.6 1.6 1.1 1.1 1.5 1.8 1.8 1.7 1.7 04/06/2012
1.6 1.0 1.0 1.0 1.0 1.0 2.3 2.3 2.2 2.2 1.8 1.8 1.6 1.6 1.0 1.0 1.0 1.0 2.3 2.3 2.3 1.9 1.9 1.4 1.6 1.6 1.6 1.6 05/06/2012
2.7 2.6 2.5 2.6 2.6 2.5 2.2 2.2 2.2 2.1 2.0 1.9 2.6 2.6 2.5 2.5 2.5 2.5 2.3 2.2 2.2 2.0 2.0 3.1 2.7 2.7 2.6 2.6 06/06/2012
1.8 1.6 1.6 1.6 1.6 1.6 2.0 2.0 1.9 1.9 2.4 2.4 1.7 1.7 1.5 1.5 1.5 1.5 2.1 2.0 2.0 2.5 2.6 1.9 1.8 1.8 1.7 1.7 07/06/2012
4.5 4.4 4.4 4.4 4.4 4.4 3.5 3.5 3.4 3.3 3.3 3.3 4.5 4.5 4.3 4.3 4.3 4.3 3.6 3.5 3.5 3.4 3.5 4.6 4.5 4.5 4.4 4.4 08/06/2012
3.7 2.8 2.8 2.8 2.8 2.8 3.6 3.6 3.5 3.5 3.4 3.4 3.7 3.7 2.8 2.8 2.8 2.8 3.7 3.6 3.6 3.6 3.6 3.3 3.7 3.7 3.7 3.6 09/06/2012
1.3 1.0 1.0 1.0 1.0 1.0 2.5 2.5 2.5 2.5 1.6 1.6 1.3 1.3 0.9 0.9 0.9 0.9 2.5 2.5 2.5 1.6 1.6 1.5 1.3 1.3 1.3 1.3 10/06/2012
2.8 1.9 1.9 1.9 1.9 1.9 1.8 1.8 1.7 1.7 1.5 1.5 2.7 2.7 1.8 1.8 1.8 1.8 1.9 1.8 1.8 1.6 1.7 2.7 2.8 2.8 2.7 2.7 11/06/2012
1.6 2.0 2.0 2.0 2.0 2.0 2.3 2.2 2.2 2.2 1.4 1.4 1.6 1.6 2.0 2.0 2.0 2.0 2.3 2.3 2.3 1.5 1.5 1.7 1.6 1.6 1.6 1.6 12/06/2012
1.7 1.1 1.1 1.1 1.1 1.1 1.3 1.3 1.3 1.3 0.8 0.8 1.7 1.7 1.1 1.1 1.1 1.1 1.4 1.3 1.3 0.8 0.8 1.2 1.7 1.7 1.7 1.7 13/06/2012
3.2 2.9 2.9 2.9 2.9 2.9 3.5 3.5 3.5 3.5 2.7 2.7 3.2 3.2 2.9 2.9 2.9 2.9 3.5 3.5 3.5 2.7 2.8 3.0 3.2 3.2 3.2 3.2 14/06/2012
2.0 1.6 1.6 1.6 1.6 1.6 2.1 2.0 2.0 1.9 1.7 1.7 1.9 1.9 1.5 1.5 1.5 1.5 2.2 2.1 2.0 1.8 1.8 2.5 2.0 2.0 1.9 1.9 15/06/2012
4.4 4.1 4.0 4.1 4.0 4.0 2.1 2.1 2.0 2.0 0.9 0.9 4.3 4.3 3.9 3.9 3.9 3.9 2.2 2.1 2.1 1.0 1.0 4.2 4.4 4.4 4.3 4.3 16/06/2012
3.9 3.3 3.2 3.3 3.3 3.2 4.3 4.2 4.2 4.1 4.1 4.0 3.9 3.9 3.2 3.2 3.2 3.2 4.4 4.3 4.3 4.2 4.2 3.6 3.9 3.9 3.9 3.9 17/06/2012
3.2 2.3 2.3 2.3 2.3 2.3 2.9 2.9 2.9 2.8 1.5 1.5 3.1 3.1 2.2 2.2 2.2 2.2 2.9 2.9 2.9 1.5 1.5 2.3 3.2 3.2 3.1 3.1 18/06/2012
3.9 3.4 3.4 3.4 3.4 3.4 2.4 2.3 2.3 2.2 1.5 1.5 3.8 3.8 3.4 3.4 3.4 3.4 2.4 2.4 2.3 1.5 1.5 3.7 3.8 3.8 3.8 3.8 19/06/2012
4.5 4.4 4.4 4.4 4.4 4.4 3.9 3.8 3.8 3.7 2.8 2.8 4.5 4.5 4.3 4.3 4.3 4.3 3.9 3.9 3.9 3.0 3.0 4.1 4.5 4.5 4.5 4.5 20/06/2012
2.3 2.8 2.8 2.8 2.8 2.8 2.1 2.0 2.0 2.0 1.6 1.6 2.3 2.3 2.8 2.8 2.8 2.8 2.1 2.1 2.1 1.7 1.7 2.6 2.3 2.3 2.3 2.3 21/06/2012
4.1 3.6 3.6 3.6 3.6 3.6 3.8 3.7 3.7 3.7 3.2 3.2 4.0 4.0 3.5 3.6 3.6 3.5 3.8 3.8 3.8 3.3 3.4 3.4 4.1 4.1 4.0 4.0 22/06/2012
4.2 3.7 3.6 3.6 3.6 3.6 4.1 4.1 4.0 4.0 3.1 3.0 4.1 4.1 3.6 3.6 3.6 3.6 4.2 4.1 4.1 3.1 3.1 3.8 4.1 4.1 4.1 4.1 23/06/2012
1.5 1.0 1.0 1.0 1.0 1.0 1.3 1.3 1.3 1.3 1.1 1.1 1.4 1.4 0.9 0.9 0.9 0.9 1.3 1.3 1.3 1.1 1.1 1.4 1.5 1.5 1.4 1.4 24/06/2012
3.8 3.6 3.6 3.6 3.6 3.6 3.6 3.5 3.4 3.4 2.6 2.6 3.7 3.7 3.5 3.5 3.5 3.5 3.6 3.5 3.5 2.7 2.7 2.3 3.8 3.8 3.7 3.7 25/06/2012
2.8 1.6 1.6 1.6 1.6 1.6 3.4 3.4 3.3 3.3 3.3 3.2 2.7 2.7 1.5 1.5 1.6 1.5 3.5 3.4 3.4 3.3 3.3 1.3 2.7 2.7 2.7 2.7 26/06/2012
3.9 3.6 3.5 3.6 3.6 3.5 2.9 2.8 2.7 2.7 1.7 1.6 3.9 3.9 3.4 3.5 3.5 3.5 2.9 2.9 2.8 1.7 1.8 2.4 3.9 3.9 3.8 3.8 27/06/2012
4.5 3.9 3.9 3.9 3.9 3.9 4.6 4.5 4.4 4.3 3.9 3.8 4.4 4.4 3.9 3.9 3.9 3.9 4.7 4.6 4.5 4.0 4.1 3.1 4.4 4.4 4.4 4.4 28/06/2012
5.6 4.7 4.7 4.7 4.7 4.7 2.5 2.4 2.4 2.4 1.3 1.3 5.5 5.5 4.7 4.7 4.7 4.7 2.5 2.5 2.4 1.4 1.4 4.9 5.5 5.5 5.5 5.5 29/06/2012
3.6 3.5 3.5 3.5 3.5 3.4 4.0 3.9 3.9 3.8 2.9 2.8 3.6 3.6 3.4 3.4 3.4 3.4 4.0 4.0 3.9 2.9 2.9 2.8 3.6 3.6 3.5 3.5 30/06/2012
4.0 3.2 3.2 3.2 3.2 3.2 3.6 3.5 3.5 3.4 2.8 2.8 3.9 3.9 3.1 3.1 3.1 3.1 3.7 3.6 3.5 2.9 2.9 3.7 3.9 3.9 3.9 3.9 01/07/2012
2.4 2.6 2.6 2.6 2.6 2.6 3.9 3.8 3.8 3.8 3.3 3.3 2.3 2.3 2.5 2.5 2.5 2.5 3.9 3.9 3.8 3.4 3.4 3.2 2.4 2.4 2.3 2.3 02/07/2012
1.6 1.2 1.2 1.2 1.2 1.2 2.5 2.4 2.4 2.4 1.7 1.7 1.6 1.6 1.1 1.2 1.2 1.1 2.5 2.5 2.4 1.8 1.8 1.4 1.6 1.6 1.6 1.6 03/07/2012
4.6 4.6 4.6 4.6 4.6 4.6 4.0 3.9 3.9 3.8 3.5 3.5 4.6 4.6 4.5 4.6 4.6 4.5 4.0 4.0 3.9 3.6 3.6 3.0 4.6 4.6 4.6 4.6 04/07/2012
4.5 4.0 4.0 4.0 4.0 4.0 2.9 2.9 2.9 2.8 3.1 3.1 4.5 4.5 4.0 4.0 4.0 4.0 3.0 2.9 2.9 3.1 3.1 3.6 4.5 4.5 4.5 4.5 05/07/2012
2.3 3.1 3.1 3.1 3.1 3.1 3.5 3.4 3.4 3.3 3.4 3.3 2.3 2.3 3.1 3.1 3.1 3.1 3.5 3.5 3.4 3.4 3.5 3.2 2.3 2.3 2.3 2.3 06/07/2012
1.4 1.3 1.2 1.3 1.3 1.2 3.8 3.7 3.7 3.6 3.0 3.0 1.3 1.3 1.2 1.2 1.2 1.2 3.8 3.8 3.7 3.1 3.2 2.3 1.3 1.3 1.3 1.3 07/07/2012
2.8 2.5 2.5 2.5 2.5 2.4 2.6 2.5 2.4 2.4 2.2 2.2 2.8 2.8 2.4 2.4 2.4 2.4 2.6 2.5 2.5 2.2 2.2 1.5 2.8 2.8 2.8 2.7 08/07/2012
3.1 2.6 2.5 2.6 2.5 2.5 2.3 2.3 2.2 2.2 1.8 1.8 3.0 3.0 2.5 2.5 2.5 2.5 2.4 2.3 2.3 1.9 1.9 1.3 3.1 3.1 3.0 3.0 09/07/2012
3.8 3.2 3.2 3.2 3.2 3.2 2.9 2.8 2.8 2.7 2.9 2.9 3.7 3.7 3.2 3.2 3.2 3.2 2.9 2.9 2.8 3.0 3.0 2.8 3.8 3.8 3.7 3.7 10/07/2012
2.7 2.4 2.4 2.4 2.4 2.4 3.1 3.0 2.9 2.9 2.5 2.5 2.6 2.6 2.4 2.4 2.4 2.4 3.2 3.1 3.0 2.7 2.7 2.2 2.6 2.6 2.6 2.6 11/07/2012
2.6 2.7 2.7 2.7 2.7 2.7 1.6 1.6 1.5 1.5 1.0 1.0 2.6 2.6 2.7 2.7 2.7 2.7 1.6 1.6 1.6 1.1 1.1 1.6 2.6 2.6 2.6 2.6 12/07/2012
2.8 2.0 2.0 2.0 2.0 2.0 1.7 1.6 1.6 1.6 1.0 1.0 2.8 2.8 1.9 1.9 1.9 1.9 1.7 1.7 1.6 1.0 1.0 1.6 2.8 2.8 2.8 2.8 13/07/2012
2.9 2.9 2.9 2.9 2.9 2.9 3.1 3.0 3.0 3.0 1.9 1.9 2.9 2.9 2.8 2.8 2.8 2.8 3.1 3.1 3.0 2.0 2.0 1.9 2.9 2.9 2.9 2.9 14/07/2012
3.4 2.4 2.4 2.4 2.4 2.4 2.1 2.0 2.0 2.0 1.9 1.9 3.3 3.3 2.3 2.4 2.4 2.4 2.1 2.1 2.0 2.0 2.0 3.2 3.3 3.3 3.3 3.3 15/07/2012
2.6 2.1 2.1 2.1 2.1 2.1 1.8 1.8 1.8 1.8 1.8 1.8 2.5 2.5 2.1 2.1 2.1 2.1 1.8 1.8 1.8 1.8 1.8 2.5 2.5 2.5 2.5 2.5 16/07/2012
4.5 4.3 4.2 4.3 4.3 4.2 3.5 3.5 3.4 3.3 2.1 2.0 4.4 4.4 4.2 4.2 4.2 4.2 3.6 3.5 3.5 2.2 2.2 3.9 4.4 4.4 4.4 4.4 17/07/2012
4.0 3.9 3.8 3.9 3.8 3.8 4.8 4.7 4.6 4.6 3.6 3.6 3.9 3.9 3.7 3.7 3.7 3.7 4.9 4.8 4.7 3.7 3.7 3.1 3.9 3.9 3.9 3.8 18/07/2012
3.8 3.5 3.5 3.5 3.5 3.5 3.5 3.5 3.4 3.4 2.8 2.8 3.7 3.7 3.4 3.4 3.4 3.4 3.6 3.5 3.5 2.9 3.0 2.6 3.8 3.8 3.7 3.7 19/07/2012
3.7 3.4 3.4 3.4 3.4 3.4 2.9 2.8 2.8 2.8 2.1 2.1 3.6 3.6 3.3 3.3 3.3 3.3 3.0 2.9 2.9 2.1 2.2 3.6 3.7 3.7 3.6 3.6 20/07/2012
3.5 3.4 3.3 3.4 3.3 3.3 3.4 3.4 3.3 3.3 2.9 2.9 3.4 3.4 3.3 3.3 3.3 3.3 3.5 3.4 3.4 3.0 3.0 3.0 3.4 3.4 3.4 3.4 21/07/2012
4.4 4.6 4.5 4.6 4.5 4.5 4.8 4.8 4.7 4.7 3.9 3.9 4.3 4.3 4.5 4.5 4.5 4.5 4.9 4.8 4.8 4.0 4.0 3.7 4.4 4.4 4.3 4.3 22/07/2012
6.3 6.0 6.0 6.0 6.0 6.0 5.5 5.5 5.5 5.5 5.3 5.3 6.3 6.3 6.0 6.0 6.0 6.0 5.5 5.5 5.5 5.3 5.3 6.4 6.3 6.3 6.3 6.2 23/07/2012
6.5 6.1 6.1 6.1 6.1 6.1 5.5 5.5 5.5 5.5 5.1 5.1 6.4 6.4 6.1 6.1 6.1 6.1 5.4 5.5 5.5 5.2 5.2 6.5 6.5 6.5 6.4 6.4 24/07/2012
6.3 6.0 6.1 6.0 6.0 6.1 6.5 6.5 6.6 6.6 5.6 5.6 6.3 6.3 6.1 6.1 6.1 6.1 6.5 6.5 6.5 5.6 5.6 6.6 6.3 6.3 6.3 6.4 25/07/2012
7.1 6.6 6.6 6.6 6.6 6.6 6.0 6.0 6.0 6.0 5.2 5.2 7.2 7.2 6.7 6.6 6.6 6.6 6.0 6.0 6.0 5.2 5.3 7.2 7.1 7.1 7.2 7.3 26/07/2012
3.2 2.5 2.5 2.5 2.5 2.5 3.4 3.3 3.2 3.1 2.0 2.0 3.2 3.2 2.5 2.5 2.5 2.5 3.4 3.3 3.3 2.0 2.1 3.1 3.2 3.2 3.2 3.2 27/07/2012
4.4 3.7 3.7 3.7 3.7 3.7 3.3 3.3 3.2 3.2 1.9 1.9 4.3 4.3 3.6 3.7 3.7 3.7 3.4 3.3 3.3 2.0 2.0 2.8 4.3 4.3 4.3 4.2 28/07/2012
3.6 3.1 3.1 3.1 3.1 3.1 4.3 4.2 4.2 4.1 3.6 3.6 3.6 3.6 3.0 3.1 3.1 3.0 4.3 4.3 4.2 3.7 3.8 3.1 3.6 3.6 3.6 3.5 29/07/2012
4.0 3.4 3.4 3.4 3.4 3.4 3.6 3.6 3.6 3.6 3.0 3.0 4.0 4.0 3.3 3.3 3.3 3.3 3.7 3.6 3.6 3.1 3.1 3.1 4.0 4.0 4.0 3.9 30/07/2012
3.1 2.9 2.8 2.9 2.9 2.8 2.8 2.8 2.8 2.8 2.2 2.2 3.1 3.1 2.8 2.8 2.8 2.8 2.8 2.8 2.8 2.3 2.3 1.8 3.1 3.1 3.1 3.1 31/07/2012
