# 460 461 462 463 464 465 489 490 491 492 493 494 518 519 520 521 522 523 547 548 549 550 551 575 576 577 578 579 Date
2.4 1.8 1.8 1.8 1.8 1.8 5.2 5.2 5.2 5.2 4.7 4.7 2.4 2.4 1.8 1.8 1.8 1.8 5.2 5.2 5.2 4.8 4.8 2.3 2.4 2.4 2.4 2.4 01/08/2012
3.9 3.7 3.7 3.7 3.7 3.7 4.3 4.2 4.1 4.0 3.0 3.0 3.8 3.8 3.6 3.7 3.7 3.6 4.4 4.3 4.2 3.2 3.3 3.0 3.9 3.9 3.8 3.8 02/08/2012
2.1 2.2 2.2 2.2 2.2 2.2 3.7 3.7 3.7 3.6 3.3 3.2 2.0 2.0 2.2 2.2 2.2 2.2 3.8 3.7 3.7 3.3 3.3 1.3 2.1 2.1 2.0 2.0 03/08/2012
3.1 3.4 3.4 3.4 3.4 3.4 4.0 4.0 4.0 4.0 3.2 3.1 3.0 3.0 3.4 3.4 3.4 3.4 4.0 4.0 4.0 3.2 3.3 2.3 3.0 3.0 3.0 3.0 04/08/2012
3.9 3.8 3.8 3.8 3.8 3.8 4.0 4.0 3.9 3.8 2.8 2.8 3.8 3.8 3.7 3.7 3.7 3.7 4.1 4.0 4.0 2.9 2.9 3.6 3.9 3.9 3.8 3.8 05/08/2012
2.6 2.6 2.5 2.6 2.5 2.5 3.8 3.7 3.7 3.7 2.7 2.7 2.6 2.6 2.5 2.5 2.5 2.5 3.8 3.8 3.8 2.7 2.8 2.6 2.6 2.6 2.6 2.6 06/08/2012
2.8 2.3 2.3 2.3 2.3 2.3 3.1 3.1 3.0 3.0 2.4 2.4 2.8 2.8 2.3 2.3 2.3 2.3 3.2 3.1 3.1 2.4 2.5 2.4 2.8 2.8 2.8 2.7 07/08/2012
2.7 2.0 2.0 2.0 2.0 2.0 3.1 3.1 3.1 3.2 2.6 2.6 2.7 2.7 2.0 2.0 2.0 2.0 3.1 3.1 3.1 2.6 2.6 2.7 2.7 2.7 2.7 2.7 08/08/2012
4.2 3.9 3.9 3.9 3.9 3.9 4.9 4.9 4.8 4.8 3.8 3.8 4.1 4.1 3.8 3.8 3.8 3.8 5.0 4.9 4.9 3.9 3.9 3.9 4.1 4.1 4.1 4.0 09/08/2012
5.4 5.2 5.2 5.2 5.2 5.2 5.2 5.2 5.2 5.2 4.6 4.6 5.4 5.4 5.3 5.3 5.3 5.3 5.2 5.2 5.2 4.6 4.6 5.7 5.4 5.4 5.4 5.4 10/08/2012
5.5 5.2 5.2 5.2 5.2 5.2 5.1 5.1 5.1 5.0 4.9 4.9 5.5 5.5 5.2 5.2 5.2 5.2 5.1 5.1 5.1 5.0 5.0 5.5 5.5 5.5 5.5 5.5 11/08/2012
3.4 2.5 2.5 2.5 2.5 2.5 4.6 4.6 4.6 4.5 4.0 4.0 3.3 3.3 2.5 2.5 2.5 2.5 4.7 4.6 4.6 4.1 4.1 2.8 3.3 3.3 3.3 3.3 12/08/2012
2.6 2.5 2.5 2.5 2.5 2.5 3.7 3.7 3.6 3.6 3.4 3.4 2.6 2.6 2.4 2.4 2.4 2.4 3.7 3.7 3.7 3.5 3.5 1.5 2.6 2.6 2.5 2.5 13/08/2012
1.9 1.5 1.5 1.5 1.5 1.5 2.8 2.7 2.7 2.7 2.5 2.5 1.9 1.9 1.4 1.4 1.4 1.4 2.8 2.8 2.7 2.5 2.6 2.4 1.9 1.9 1.9 1.9 14/08/2012
3.5 2.9 2.8 2.9 2.8 2.8 3.9 3.9 3.9 3.9 2.8 2.8 3.4 3.4 2.6 2.6 2.6 2.6 3.9 3.9 3.9 2.9 2.9 3.9 3.5 3.5 3.4 3.4 15/08/2012
4.3 3.4 3.4 3.4 3.4 3.4 3.8 3.8 3.8 3.8 3.2 3.1 4.3 4.3 3.4 3.4 3.4 3.4 3.8 3.8 3.8 3.3 3.3 4.5 4.3 4.3 4.3 4.3 16/08/2012
5.2 5.1 5.1 5.1 5.1 5.1 4.5 4.6 4.7 4.7 3.8 3.8 5.3 5.3 5.1 5.1 5.1 5.1 4.4 4.5 4.5 3.8 3.8 6.4 5.2 5.2 5.3 5.3 17/08/2012
5.6 5.5 5.6 5.5 5.5 5.6 6.2 6.3 6.4 6.4 5.7 5.7 5.6 5.6 5.6 5.6 5.6 5.6 6.1 6.2 6.3 5.5 5.5 5.8 5.6 5.6 5.6 5.7 18/08/2012
2.8 2.4 2.4 2.4 2.4 2.4 6.5 6.5 6.4 6.4 5.7 5.7 2.8 2.8 2.3 2.3 2.3 2.3 6.5 6.5 6.5 5.8 5.8 1.8 2.8 2.8 2.7 2.7 19/08/2012
2.6 1.9 1.9 1.9 1.9 1.9 1.9 1.9 1.8 1.8 1.5 1.5 2.5 2.5 1.8 1.8 1.8 1.8 2.0 1.9 1.9 1.6 1.7 2.7 2.5 2.5 2.5 2.5 20/08/2012
3.3 2.9 2.9 2.9 2.9 2.9 3.8 3.8 3.8 3.8 3.8 3.8 3.2 3.2 2.9 2.9 2.9 2.9 3.7 3.8 3.8 3.7 3.7 2.3 3.3 3.3 3.2 3.2 21/08/2012
4.0 3.8 3.8 3.8 3.8 3.8 3.8 3.8 3.8 3.7 3.2 3.2 3.9 3.9 3.7 3.7 3.7 3.7 3.9 3.8 3.8 3.3 3.3 3.3 3.9 3.9 3.9 3.9 22/08/2012
3.7 3.8 3.8 3.8 3.8 3.8 3.2 3.1 3.1 3.0 2.7 2.7 3.7 3.7 3.8 3.8 3.8 3.8 3.3 3.2 3.2 2.7 2.7 3.8 3.7 3.7 3.7 3.6 23/08/2012
2.1 1.9 1.9 1.9 1.9 1.9 2.5 2.4 2.4 2.4 1.7 1.7 2.0 2.0 1.9 1.9 1.9 1.9 2.5 2.5 2.5 1.7 1.7 2.0 2.1 2.1 2.0 2.0 24/08/2012
2.8 2.5 2.4 2.4 2.4 2.4 4.4 4.4 4.3 4.3 3.3 3.3 2.8 2.8 2.3 2.4 2.4 2.3 4.5 4.4 4.4 3.5 3.5 2.4 2.8 2.8 2.8 2.7 25/08/2012
3.9 3.6 3.5 3.6 3.6 3.5 3.4 3.3 3.3 3.2 2.9 2.8 3.8 3.8 3.4 3.5 3.5 3.4 3.4 3.4 3.3 2.9 3.0 3.2 3.9 3.9 3.8 3.8 26/08/2012
3.5 3.4 3.4 3.4 3.4 3.4 3.5 3.5 3.5 3.5 2.5 2.5 3.5 3.5 3.4 3.4 3.4 3.4 3.5 3.5 3.5 2.5 2.5 2.8 3.5 3.5 3.5 3.5 27/08/2012
3.8 3.6 3.6 3.6 3.6 3.5 2.5 2.6 2.6 2.6 1.5 1.5 3.7 3.7 3.5 3.5 3.5 3.5 2.5 2.5 2.5 1.6 1.6 3.4 3.8 3.8 3.7 3.7 28/08/2012
3.6 3.4 3.4 3.4 3.4 3.4 3.7 3.6 3.6 3.6 3.3 3.3 3.6 3.6 3.3 3.3 3.3 3.3 3.7 3.7 3.7 3.3 3.4 3.3 3.6 3.6 3.6 3.5 29/08/2012
2.5 2.6 2.6 2.6 2.6 2.6 2.6 2.6 2.6 2.5 2.0 1.9 2.5 2.5 2.5 2.5 2.5 2.5 2.7 2.6 2.6 2.0 2.1 2.1 2.5 2.5 2.5 2.5 30/08/2012
3.4 3.5 3.4 3.5 3.4 3.4 3.3 3.3 3.2 3.2 2.3 2.2 3.4 3.4 3.4 3.4 3.4 3.4 3.3 3.3 3.3 2.3 2.3 3.2 3.4 3.4 3.3 3.3 31/08/2012
1.7 1.4 1.3 1.4 1.4 1.3 3.6 3.5 3.5 3.5 3.0 3.0 1.7 1.7 1.3 1.3 1.3 1.3 3.6 3.6 3.6 3.1 3.2 2.2 1.7 1.7 1.7 1.7 01/09/2012
2.8 2.3 2.3 2.3 2.3 2.3 2.5 2.5 2.4 2.4 2.1 2.1 2.8 2.8 2.3 2.3 2.3 2.3 2.6 2.5 2.5 2.2 2.2 2.7 2.8 2.8 2.8 2.8 02/09/2012
2.9 2.4 2.4 2.4 2.4 2.4 2.9 2.8 2.8 2.7 2.4 2.4 2.9 2.9 2.3 2.4 2.4 2.3 2.9 2.9 2.8 2.5 2.5 2.4 2.9 2.9 2.9 2.8 03/09/2012
3.8 3.6 3.6 3.6 3.6 3.6 4.0 4.0 4.0 4.0 3.5 3.5 3.7 3.7 3.6 3.6 3.6 3.6 4.0 4.0 4.0 3.6 3.6 2.3 3.8 3.8 3.7 3.7 04/09/2012
2.9 2.2 2.2 2.2 2.2 2.2 3.2 3.2 3.1 3.1 1.8 1.8 2.9 2.9 2.1 2.1 2.1 2.1 3.2 3.2 3.2 1.9 1.9 1.8 2.9 2.9 2.9 2.9 05/09/2012
3.7 3.4 3.4 3.4 3.4 3.4 3.7 3.6 3.6 3.6 2.9 2.9 3.7 3.7 3.4 3.4 3.4 3.4 3.7 3.7 3.6 3.0 3.1 3.0 3.7 3.7 3.7 3.6 06/09/2012
3.5 3.3 3.3 3.3 3.3 3.3 3.9 3.9 3.9 3.8 3.6 3.6 3.4 3.4 3.2 3.2 3.2 3.2 3.9 3.9 3.9 3.6 3.6 2.8 3.5 3.5 3.4 3.4 07/09/2012
3.7 3.3 3.3 3.3 3.3 3.3 4.5 4.4 4.4 4.4 3.7 3.7 3.7 3.7 3.3 3.3 3.3 3.3 4.5 4.5 4.4 3.7 3.7 3.4 3.7 3.7 3.7 3.7 08/09/2012
4.9 5.0 5.0 5.0 5.0 5.0 4.5 4.5 4.6 4.6 3.3 3.3 4.9 4.9 5.0 5.0 5.0 5.0 4.4 4.5 4.5 3.3 3.2 4.8 4.9 4.9 4.9 4.9 09/09/2012
3.7 3.3 3.3 3.3 3.3 3.3 2.9 2.9 2.9 2.9 2.3 2.3 3.6 3.6 3.2 3.2 3.2 3.2 2.9 2.9 2.9 2.4 2.4 2.1 3.6 3.6 3.6 3.6 10/09/2012
2.6 1.9 1.9 1.9 1.9 1.9 1.0 1.0 0.9 0.9 0.6 0.6 2.6 2.6 1.9 1.9 1.9 1.9 1.1 1.0 1.0 0.7 0.8 2.6 2.6 2.6 2.6 2.6 11/09/2012
1.7 1.6 1.6 1.6 1.6 1.6 2.0 2.0 2.0 2.0 1.4 1.4 1.7 1.7 1.6 1.6 1.6 1.6 2.0 2.0 2.0 1.4 1.5 2.4 1.7 1.7 1.7 1.7 12/09/2012
3.4 3.0 3.0 3.0 3.0 3.0 2.5 2.5 2.5 2.4 1.9 1.9 3.4 3.4 2.9 2.9 2.9 2.9 2.5 2.5 2.5 1.9 2.0 3.3 3.4 3.4 3.4 3.4 13/09/2012
1.8 1.3 1.2 1.3 1.3 1.2 1.6 1.5 1.4 1.3 0.7 0.7 1.8 1.8 1.2 1.2 1.2 1.2 1.7 1.6 1.5 0.8 0.9 2.1 1.8 1.8 1.8 1.8 14/09/2012
3.3 3.0 3.0 3.0 3.0 3.0 3.2 3.1 3.1 3.1 2.3 2.3 3.2 3.2 3.0 3.0 3.0 3.0 3.2 3.2 3.1 2.4 2.4 3.2 3.2 3.2 3.2 3.2 15/09/2012
2.7 2.7 2.6 2.7 2.7 2.6 3.3 3.3 3.2 3.2 2.7 2.7 2.7 2.7 2.6 2.6 2.6 2.6 3.4 3.3 3.3 2.8 2.8 2.5 2.7 2.7 2.7 2.7 16/09/2012
2.2 1.2 1.2 1.2 1.2 1.2 2.3 2.2 2.1 2.1 1.3 1.3 2.2 2.2 1.2 1.2 1.2 1.2 2.3 2.2 2.2 1.4 1.4 1.4 2.2 2.2 2.2 2.2 17/09/2012
2.6 2.4 2.4 2.4 2.4 2.3 2.5 2.4 2.4 2.3 1.5 1.5 2.6 2.6 2.3 2.3 2.3 2.3 2.5 2.5 2.4 1.5 1.6 3.0 2.6 2.6 2.6 2.6 18/09/2012
2.9 2.8 2.7 2.8 2.8 2.7 2.8 2.7 2.7 2.7 2.3 2.2 2.9 2.9 2.7 2.7 2.7 2.7 2.8 2.8 2.8 2.4 2.4 3.0 2.9 2.9 2.9 2.8 19/09/2012
1.9 1.7 1.7 1.7 1.7 1.7 2.2 2.2 2.2 2.2 1.5 1.5 1.9 1.9 1.7 1.7 1.7 1.7 2.2 2.2 2.2 1.6 1.6 2.2 1.9 1.9 1.9 1.9 20/09/2012
2.0 1.6 1.6 1.6 1.6 1.6 2.3 2.3 2.3 2.3 1.8 1.8 1.9 1.9 1.6 1.6 1.6 1.6 2.3 2.3 2.3 1.8 1.9 2.2 2.0 2.0 1.9 1.9 21/09/2012
2.3 2.5 2.5 2.5 2.5 2.5 2.2 2.2 2.3 2.3 1.5 1.5 2.3 2.3 2.4 2.4 2.4 2.4 2.2 2.2 2.2 1.5 1.5 2.0 2.3 2.3 2.3 2.3 22/09/2012
1.7 1.7 1.7 1.7 1.7 1.7 2.1 2.1 2.1 2.1 1.7 1.7 1.7 1.7 1.7 1.7 1.7 1.7 2.0 2.1 2.1 1.7 1.7 1.9 1.7 1.7 1.7 1.7 23/09/2012
1.5 1.5 1.4 1.5 1.5 1.4 1.8 1.8 1.8 1.7 1.2 1.2 1.5 1.5 1.4 1.4 1.4 1.4 1.8 1.8 1.8 1.2 1.2 1.5 1.5 1.5 1.4 1.4 24/09/2012
2.5 2.4 2.4 2.4 2.4 2.4 1.8 1.8 1.7 1.7 1.0 1.0 2.5 2.5 2.3 2.3 2.3 2.3 1.9 1.8 1.8 1.1 1.1 2.7 2.5 2.5 2.5 2.4 25/09/2012
2.2 2.3 2.3 2.3 2.3 2.3 1.0 1.0 1.0 1.0 0.7 0.7 2.1 2.1 2.2 2.2 2.2 2.2 1.0 1.0 1.0 0.7 0.7 2.0 2.1 2.1 2.1 2.1 26/09/2012
1.6 1.6 1.6 1.6 1.6 1.6 0.9 0.8 0.8 0.8 0.8 0.8 1.6 1.6 1.6 1.6 1.6 1.6 0.9 0.9 0.9 0.8 0.9 1.7 1.6 1.6 1.6 1.6 27/09/2012
2.6 2.3 2.3 2.3 2.3 2.3 2.0 2.0 2.0 2.0 1.7 1.7 2.5 2.5 2.3 2.3 2.3 2.3 2.1 2.0 2.0 1.7 1.7 2.5 2.5 2.5 2.5 2.5 28/09/2012
2.6 2.8 2.7 2.8 2.8 2.7 2.3 2.3 2.3 2.2 1.8 1.8 2.6 2.6 2.7 2.7 2.7 2.7 2.4 2.3 2.3 1.8 1.9 2.3 2.6 2.6 2.5 2.5 29/09/2012
2.3 2.0 2.0 2.0 2.0 2.0 2.2 2.1 2.1 2.1 1.7 1.7 2.3 2.3 2.0 2.0 2.0 2.0 2.2 2.1 2.1 1.8 1.9 1.9 2.3 2.3 2.2 2.2 30/09/2012
1.8 1.5 1.5 1.5 1.5 1.5 1.9 1.9 1.8 1.8 1.2 1.2 1.7 1.7 1.4 1.4 1.4 1.4 1.9 1.9 1.9 1.3 1.3 1.1 1.7 1.7 1.7 1.7 01/10/2012
1.7 1.7 1.7 1.7 1.7 1.7 0.8 0.8 0.8 0.7 0.3 0.3 1.7 1.7 1.6 1.6 1.6 1.6 0.9 0.8 0.8 0.3 0.3 1.7 1.7 1.7 1.7 1.7 02/10/2012
1.2 0.9 0.9 0.9 0.9 0.9 1.0 1.0 0.9 0.9 0.8 0.8 1.2 1.2 0.9 0.9 0.9 0.9 1.0 1.0 1.0 0.9 1.0 1.2 1.2 1.2 1.2 1.2 03/10/2012
2.4 2.0 2.0 2.0 2.0 2.0 1.3 1.3 1.3 1.3 0.6 0.6 2.4 2.4 2.0 2.0 2.0 2.0 1.2 1.3 1.3 0.6 0.6 2.3 2.4 2.4 2.4 2.4 04/10/2012
1.5 1.2 1.2 1.2 1.2 1.2 1.5 1.5 1.5 1.5 1.1 1.0 1.5 1.5 1.1 1.1 1.1 1.1 1.5 1.5 1.5 1.1 1.1 1.3 1.5 1.5 1.5 1.5 05/10/2012
1.0 0.9 0.9 0.9 0.9 0.9 0.9 0.8 0.7 0.7 0.5 0.5 1.0 1.0 0.8 0.8 0.8 0.8 0.9 0.9 0.8 0.6 0.6 0.8 1.0 1.0 1.0 1.0 06/10/2012
1.8 1.4 1.4 1.4 1.4 1.4 2.0 2.0 2.0 2.0 1.7 1.7 1.8 1.8 1.4 1.4 1.4 1.4 2.0 2.0 2.0 1.7 1.7 1.5 1.8 1.8 1.8 1.8 07/10/2012
0.8 0.9 0.9 0.9 0.9 0.9 1.3 1.3 1.4 1.4 0.7 0.7 0.8 0.8 0.9 0.9 0.9 0.9 1.2 1.3 1.3 0.8 0.8 0.9 0.8 0.8 0.8 0.7 08/10/2012
0.6 0.7 0.7 0.7 0.7 0.7 1.9 2.0 2.0 2.1 1.1 1.1 0.6 0.6 0.7 0.7 0.7 0.7 1.8 1.9 1.9 1.2 1.2 0.6 0.6 0.6 0.6 0.6 09/10/2012
1.1 1.2 1.2 1.2 1.2 1.2 2.4 2.5 2.5 2.6 1.9 1.9 1.0 1.0 1.2 1.2 1.2 1.2 2.3 2.4 2.4 1.9 1.9 0.8 1.1 1.1 1.0 1.0 10/10/2012
1.2 0.6 0.6 0.6 0.6 0.6 1.3 1.3 1.2 1.2 0.7 0.7 1.1 1.1 0.6 0.6 0.6 0.6 1.3 1.3 1.3 0.7 0.7 1.1 1.2 1.2 1.1 1.1 11/10/2012
1.3 1.3 1.3 1.3 1.3 1.3 1.7 1.7 1.7 1.7 1.0 1.0 1.3 1.3 1.3 1.3 1.3 1.3 1.7 1.7 1.7 1.1 1.1 1.5 1.3 1.3 1.3 1.3 12/10/2012
1.1 0.8 0.8 0.8 0.8 0.8 0.8 0.7 0.7 0.7 0.8 0.8 1.1 1.1 0.8 0.8 0.8 0.8 0.8 0.8 0.8 0.8 0.8 2.0 1.1 1.1 1.1 1.1 13/10/2012
1.3 1.2 1.1 1.2 1.2 1.1 0.6 0.6 0.5 0.5 0.4 0.4 1.2 1.2 1.1 1.1 1.1 1.1 0.6 0.6 0.6 0.4 0.4 1.1 1.3 1.3 1.2 1.2 14/10/2012
1.4 1.2 1.2 1.2 1.2 1.2 1.5 1.5 1.5 1.4 1.1 1.1 1.4 1.4 1.1 1.1 1.1 1.1 1.5 1.5 1.5 1.2 1.3 1.7 1.4 1.4 1.4 1.4 15/10/2012
1.9 1.6 1.6 1.6 1.6 1.6 1.4 1.3 1.3 1.3 0.5 0.5 1.8 1.8 1.5 1.5 1.5 1.5 1.4 1.4 1.4 0.5 0.6 1.8 1.8 1.8 1.8 1.8 16/10/2012
1.4 1.0 1.0 1.0 1.0 1.0 0.8 0.8 0.8 0.8 0.4 0.4 1.4 1.4 1.0 1.0 1.0 1.0 0.8 0.8 0.8 0.4 0.4 1.5 1.4 1.4 1.4 1.3 17/10/2012
0.6 0.4 0.4 0.4 0.4 0.4 1.3 1.3 1.3 1.3 0.4 0.4 0.6 0.6 0.4 0.4 0.4 0.4 1.4 1.3 1.3 0.6 0.7 0.8 0.6 0.6 0.6 0.6 18/10/2012
0.5 0.6 0.6 0.6 0.6 0.6 1.5 1.5 1.5 1.5 0.7 0.6 0.5 0.5 0.6 0.6 0.6 0.6 1.5 1.5 1.5 0.8 0.8 0.6 0.5 0.5 0.5 0.5 19/10/2012
0.7 0.5 0.4 0.4 0.4 0.4 0.7 0.7 0.6 0.6 0.5 0.5 0.6 0.6 0.4 0.4 0.4 0.4 0.7 0.7 0.7 0.5 0.5 0.8 0.6 0.6 0.6 0.6 20/10/2012
0.6 0.5 0.5 0.5 0.5 0.5 1.9 1.9 1.9 1.9 2.0 2.0 0.6 0.6 0.5 0.5 0.5 0.5 1.9 1.9 1.9 2.1 2.1 0.6 0.6 0.6 0.6 0.6 21/10/2012
1.1 1.2 1.2 1.2 1.2 1.2 2.2 2.2 2.2 2.2 2.4 2.4 1.0 1.0 1.2 1.2 1.2 1.2 2.2 2.2 2.2 2.5 2.5 1.7 1.0 1.0 1.0 1.0 22/10/2012
0.5 0.3 0.3 0.3 0.3 0.3 1.6 1.6 1.6 1.5 1.5 1.5 0.5 0.5 0.3 0.3 0.3 0.3 1.6 1.6 1.6 1.5 1.5 0.7 0.5 0.5 0.5 0.5 23/10/2012
1.0 0.7 0.7 0.7 0.7 0.7 1.3 1.2 1.2 1.2 1.3 1.3 1.0 1.0 0.7 0.7 0.7 0.7 1.3 1.3 1.3 1.4 1.4 0.7 1.0 1.0 1.0 1.0 24/10/2012
1.9 2.2 2.2 2.2 2.2 2.2 1.9 1.9 1.9 1.9 1.8 1.8 1.9 1.9 2.2 2.2 2.2 2.2 1.9 1.9 1.9 1.9 1.9 2.0 1.9 1.9 1.9 1.9 25/10/2012
0.8 1.1 1.1 1.1 1.1 1.1 0.8 0.8 0.8 0.8 0.7 0.7 0.8 0.8 1.1 1.1 1.1 1.1 0.8 0.8 0.8 0.7 0.8 0.9 0.8 0.8 0.7 0.7 26/10/2012
1.1 0.9 0.9 0.9 0.9 0.9 1.3 1.3 1.3 1.3 1.5 1.5 1.1 1.1 0.8 0.8 0.8 0.8 1.4 1.3 1.3 1.5 1.6 1.3 1.1 1.1 1.1 1.1 27/10/2012
0.9 1.0 1.0 1.0 1.0 1.0 1.1 1.1 1.1 1.1 1.0 1.0 0.9 0.9 1.0 1.0 1.0 1.0 1.1 1.1 1.1 1.1 1.1 0.8 0.9 0.9 0.9 0.9 28/10/2012
1.1 0.8 0.8 0.8 0.8 0.8 0.3 0.3 0.3 0.3 0.0 0.1 1.1 1.1 0.8 0.8 0.8 0.8 0.3 0.3 0.3 0.0 0.1 1.5 1.1 1.1 1.1 1.1 29/10/2012
1.2 0.7 0.7 0.7 0.7 0.7 0.4 0.3 0.3 0.2 0.0 0.0 1.2 1.2 0.7 0.7 0.7 0.7 0.4 0.4 0.3 0.0 0.1 1.3 1.2 1.2 1.2 1.2 30/10/2012
1.5 1.2 1.2 1.2 1.2 1.2 1.1 1.1 1.0 1.0 0.8 0.8 1.5 1.5 1.1 1.1 1.1 1.1 1.2 1.1 1.1 0.9 1.0 1.8 1.5 1.5 1.5 1.5 31/10/2012
1.2 0.9 0.9 0.9 0.9 0.9 0.8 0.8 0.8 0.7 0.4 0.4 1.2 1.2 0.9 0.9 0.9 0.9 0.8 0.8 0.8 0.4 0.4 1.7 1.2 1.2 1.2 1.1 01/11/2012
0.8 0.6 0.6 0.6 0.6 0.6 0.5 0.4 0.4 0.3 0.2 0.2 0.8 0.8 0.5 0.5 0.5 0.5 0.5 0.4 0.4 0.3 0.3 1.3 0.8 0.8 0.8 0.8 02/11/2012
1.2 1.0 1.0 1.0 1.0 1.0 0.5 0.5 0.5 0.4 0.3 0.3 1.2 1.2 1.0 1.0 1.0 1.0 0.6 0.5 0.5 0.3 0.3 1.5 1.2 1.2 1.2 1.2 03/11/2012
1.1 1.4 1.4 1.4 1.4 1.4 0.5 0.4 0.4 0.4 0.5 0.5 1.0 1.0 1.3 1.3 1.3 1.3 0.6 0.5 0.5 0.5 0.5 1.5 1.0 1.0 1.0 1.0 04/11/2012
0.6 0.6 0.6 0.6 0.6 0.6 0.5 0.5 0.5 0.4 0.4 0.4 0.6 0.6 0.5 0.5 0.5 0.5 0.6 0.5 0.5 0.5 0.5 0.8 0.6 0.6 0.6 0.6 05/11/2012
1.0 1.0 0.9 1.0 0.9 0.9 0.6 0.6 0.5 0.5 0.1 0.1 1.0 1.0 0.9 0.9 0.9 0.9 0.7 0.6 0.6 0.2 0.2 1.3 1.0 1.0 1.0 1.0 06/11/2012
1.0 1.1 1.1 1.1 1.1 1.1 0.3 0.3 0.3 0.2 0.0 0.0 1.0 1.0 1.1 1.1 1.1 1.1 0.4 0.3 0.3 0.1 0.1 1.4 1.0 1.0 1.0 1.0 07/11/2012
1.1 0.8 0.7 0.8 0.8 0.7 1.0 1.0 0.9 0.9 0.5 0.4 1.1 1.1 0.6 0.7 0.7 0.7 1.0 1.0 1.0 0.5 0.5 0.9 1.1 1.1 1.1 1.1 08/11/2012
1.0 0.8 0.8 0.8 0.8 0.8 0.8 0.8 0.8 0.8 0.5 0.5 1.0 1.0 0.7 0.8 0.8 0.7 0.8 0.8 0.8 0.6 0.6 1.1 1.0 1.0 1.0 0.9 09/11/2012
0.5 0.5 0.5 0.5 0.5 0.5 0.4 0.4 0.4 0.3 0.1 0.1 0.5 0.5 0.5 0.5 0.5 0.5 0.4 0.4 0.4 0.1 0.2 0.5 0.5 0.5 0.5 0.5 10/11/2012
1.2 0.9 0.8 0.9 0.9 0.8 0.6 0.5 0.5 0.5 0.3 0.3 1.1 1.1 0.8 0.8 0.8 0.8 0.6 0.6 0.5 0.3 0.4 0.9 1.1 1.1 1.1 1.1 11/11/2012
0.6 0.4 0.4 0.4 0.4 0.4 0.5 0.5 0.5 0.5 0.3 0.2 0.6 0.6 0.4 0.4 0.4 0.4 0.5 0.5 0.5 0.3 0.3 0.7 0.6 0.6 0.6 0.6 12/11/2012
1.0 0.5 0.5 0.5 0.5 0.5 0.7 0.7 0.7 0.6 0.5 0.5 1.0 1.0 0.4 0.5 0.5 0.4 0.7 0.7 0.7 0.5 0.6 0.8 1.0 1.0 1.0 0.9 13/11/2012
1.1 0.8 0.8 0.8 0.8 0.8 0.8 0.8 0.8 0.8 0.6 0.6 1.1 1.1 0.8 0.8 0.8 0.8 0.9 0.8 0.8 0.5 0.5 1.1 1.1 1.1 1.1 1.1 14/11/2012
0.4 0.2 0.3 0.2 0.2 0.3 0.6 0.7 0.8 0.8 0.5 0.5 0.4 0.4 0.3 0.3 0.3 0.3 0.5 0.6 0.7 0.4 0.3 0.3 0.4 0.4 0.4 0.4 15/11/2012
0.4 0.5 0.4 0.5 0.5 0.4 0.4 0.5 0.6 0.7 0.6 0.7 0.5 0.5 0.5 0.4 0.4 0.5 0.4 0.5 0.5 0.4 0.3 0.5 0.4 0.4 0.5 0.5 16/11/2012
0.4 0.3 0.3 0.3 0.3 0.3 0.4 0.4 0.3 0.3 0.3 0.3 0.3 0.3 0.3 0.3 0.3 0.3 0.4 0.4 0.4 0.3 0.3 0.5 0.3 0.3 0.3 0.3 17/11/2012
0.7 0.4 0.4 0.4 0.4 0.4 0.6 0.6 0.6 0.6 0.5 0.5 0.6 0.6 0.4 0.4 0.4 0.4 0.7 0.6 0.6 0.6 0.6 0.8 0.6 0.6 0.6 0.6 18/11/2012
0.4 0.2 0.2 0.2 0.2 0.2 0.6 0.5 0.5 0.5 0.3 0.3 0.4 0.4 0.2 0.2 0.2 0.2 0.6 0.5 0.5 0.4 0.5 0.5 0.4 0.4 0.4 0.4 19/11/2012
1.1 0.9 0.9 0.9 0.9 0.9 0.5 0.4 0.4 0.4 0.1 0.1 1.1 1.1 0.8 0.8 0.8 0.8 0.5 0.5 0.4 0.2 0.2 1.4 1.1 1.1 1.1 1.1 20/11/2012
1.0 0.7 0.7 0.7 0.7 0.7 0.6 0.6 0.6 0.6 0.4 0.4 1.0 1.0 0.7 0.7 0.7 0.7 0.7 0.6 0.6 0.4 0.4 1.1 1.0 1.0 1.0 1.0 21/11/2012
1.2 0.9 0.9 0.9 0.9 0.9 0.4 0.4 0.3 0.3 0.1 0.1 1.2 1.2 0.8 0.9 0.9 0.8 0.4 0.4 0.4 0.1 0.1 1.8 1.2 1.2 1.2 1.2 22/11/2012
0.4 0.4 0.4 0.4 0.4 0.4 0.5 0.5 0.5 0.4 0.2 0.2 0.4 0.4 0.3 0.3 0.3 0.3 0.5 0.5 0.5 0.2 0.2 0.4 0.4 0.4 0.4 0.4 23/11/2012
0.9 0.7 0.7 0.7 0.7 0.7 1.0 1.0 1.0 1.0 0.9 0.9 0.9 0.9 0.7 0.7 0.7 0.7 1.1 1.0 1.0 0.9 0.9 0.9 0.9 0.9 0.9 0.8 24/11/2012
1.8 1.6 1.6 1.6 1.6 1.6 1.3 1.3 1.3 1.2 0.9 0.9 1.8 1.8 1.5 1.5 1.5 1.5 1.3 1.3 1.3 1.0 1.0 1.9 1.8 1.8 1.8 1.8 25/11/2012
1.1 1.1 1.0 1.1 1.0 1.0 1.0 1.0 1.0 1.0 0.6 0.6 1.0 1.0 1.0 1.0 1.0 1.0 1.0 1.0 1.0 0.6 0.6 1.3 1.1 1.1 1.0 1.0 26/11/2012
0.6 0.5 0.5 0.5 0.5 0.5 0.7 0.7 0.7 0.7 0.4 0.4 0.6 0.6 0.5 0.5 0.5 0.5 0.7 0.7 0.7 0.4 0.4 0.8 0.6 0.6 0.6 0.6 27/11/2012
1.0 0.9 0.9 0.9 0.9 0.9 0.8 0.8 0.8 0.8 0.3 0.3 1.0 1.0 0.8 0.8 0.8 0.8 0.9 0.8 0.8 0.4 0.4 1.1 1.0 1.0 1.0 1.0 28/11/2012
0.8 0.8 0.8 0.8 0.8 0.8 0.4 0.5 0.5 0.5 0.4 0.4 0.8 0.8 0.8 0.8 0.8 0.8 0.4 0.5 0.5 0.5 0.5 1.0 0.8 0.8 0.8 0.8 29/11/2012
0.5 0.4 0.4 0.4 0.4 0.4 0.3 0.3 0.3 0.3 0.3 0.3 0.5 0.5 0.4 0.4 0.4 0.4 0.4 0.3 0.3 0.4 0.4 0.4 0.5 0.5 0.5 0.5 30/11/2012
0.7 0.5 0.5 0.5 0.5 0.5 0.3 0.3 0.3 0.3 0.2 0.2 0.7 0.7 0.5 0.5 0.5 0.5 0.3 0.3 0.3 0.2 0.2 1.0 0.7 0.7 0.7 0.7 01/12/2012
1.2 1.0 1.0 1.0 1.0 1.0 0.7 0.6 0.6 0.6 0.3 0.3 1.1 1.1 1.0 1.0 1.0 1.0 0.7 0.7 0.6 0.4 0.4 1.6 1.2 1.2 1.1 1.1 02/12/2012
0.4 0.7 0.7 0.7 0.7 0.7 0.3 0.3 0.3 0.3 0.1 0.1 0.4 0.4 0.7 0.7 0.7 0.7 0.3 0.3 0.3 0.1 0.1 0.4 0.4 0.4 0.4 0.4 03/12/2012
0.9 0.9 0.8 0.9 0.9 0.8 0.6 0.6 0.5 0.5 0.1 0.1 0.9 0.9 0.8 0.8 0.8 0.8 0.6 0.6 0.6 0.2 0.2 1.4 0.9 0.9 0.9 0.9 04/12/2012
0.5 0.3 0.2 0.3 0.2 0.2 0.4 0.3 0.3 0.3 0.1 0.1 0.5 0.5 0.3 0.3 0.3 0.3 0.4 0.4 0.4 0.2 0.2 0.6 0.5 0.5 0.5 0.5 05/12/2012
0.8 0.5 0.5 0.5 0.5 0.5 0.6 0.7 0.7 0.7 0.4 0.4 0.9 0.9 0.5 0.5 0.5 0.5 0.6 0.7 0.7 0.4 0.4 1.1 0.8 0.8 0.9 0.9 06/12/2012
0.6 0.6 0.5 0.6 0.6 0.5 0.3 0.3 0.3 0.2 0.1 0.1 0.6 0.6 0.5 0.5 0.5 0.5 0.3 0.3 0.3 0.1 0.1 0.9 0.6 0.6 0.6 0.6 07/12/2012
1.0 0.3 0.3 0.3 0.3 0.3 0.2 0.2 0.2 0.2 0.1 0.1 1.0 1.0 0.3 0.3 0.3 0.3 0.3 0.2 0.2 0.1 0.1 1.1 1.0 1.0 1.0 1.0 08/12/2012
0.5 0.3 0.3 0.3 0.3 0.3 0.1 0.1 0.1 0.1 0.1 0.1 0.5 0.5 0.3 0.3 0.3 0.3 0.2 0.1 0.1 0.1 0.1 0.7 0.5 0.5 0.5 0.5 09/12/2012
1.1 0.9 0.9 0.9 0.9 0.9 0.7 0.7 0.7 0.7 0.4 0.4 1.1 1.1 0.8 0.8 0.8 0.8 0.8 0.7 0.7 0.5 0.5 1.3 1.1 1.1 1.1 1.1 10/12/2012
0.6 0.5 0.5 0.5 0.5 0.5 0.5 0.5 0.5 0.5 0.4 0.4 0.6 0.6 0.4 0.4 0.5 0.4 0.5 0.5 0.5 0.4 0.4 0.8 0.6 0.6 0.6 0.6 11/12/2012
0.5 0.5 0.5 0.5 0.5 0.5 0.4 0.4 0.4 0.4 0.2 0.2 0.6 0.6 0.5 0.5 0.5 0.5 0.3 0.4 0.4 0.2 0.2 0.7 0.5 0.5 0.6 0.6 12/12/2012
0.5 0.6 0.6 0.6 0.6 0.6 0.5 0.6 0.6 0.6 0.4 0.4 0.5 0.5 0.5 0.5 0.5 0.5 0.5 0.5 0.6 0.4 0.4 0.6 0.5 0.5 0.5 0.5 13/12/2012
0.4 0.1 0.1 0.1 0.1 0.1 0.3 0.3 0.3 0.3 0.1 0.1 0.4 0.4 0.1 0.1 0.1 0.1 0.3 0.3 0.3 0.1 0.1 0.8 0.4 0.4 0.4 0.4 14/12/2012
1.0 0.8 0.8 0.8 0.8 0.8 0.8 0.8 0.8 0.8 0.5 0.5 1.0 1.0 0.8 0.8 0.8 0.8 0.8 0.8 0.8 0.6 0.6 1.3 1.0 1.0 1.0 1.0 15/12/2012
1.0 0.9 0.9 0.9 0.9 0.9 0.8 0.8 0.8 0.8 0.6 0.6 1.0 1.0 0.8 0.9 0.9 0.8 0.9 0.8 0.8 0.6 0.6 1.1 1.0 1.0 1.0 1.0 16/12/2012
0.7 0.7 0.7 0.7 0.7 0.7 0.7 0.7 0.7 0.7 0.4 0.4 0.7 0.7 0.6 0.6 0.6 0.6 0.7 0.7 0.7 0.4 0.5 0.8 0.7 0.7 0.7 0.7 17/12/2012
0.7 0.7 0.7 0.7 0.7 0.7 0.3 0.3 0.2 0.2 0.1 0.1 0.7 0.7 0.7 0.7 0.7 0.7 0.3 0.3 0.3 0.1 0.2 0.8 0.7 0.7 0.7 0.7 18/12/2012
0.5 0.5 0.6 0.5 0.5 0.6 0.4 0.4 0.4 0.4 0.2 0.2 0.5 0.5 0.6 0.6 0.6 0.6 0.4 0.4 0.4 0.2 0.2 0.5 0.5 0.5 0.5 0.5 19/12/2012
0.2 0.3 0.3 0.3 0.3 0.3 0.7 0.7 0.7 0.7 0.7 0.7 0.2 0.2 0.2 0.2 0.2 0.2 0.6 0.7 0.7 0.7 0.7 0.2 0.2 0.2 0.2 0.2 20/12/2012
0.6 0.4 0.4 0.4 0.4 0.4 0.3 0.3 0.3 0.3 0.1 0.1 0.6 0.6 0.4 0.4 0.4 0.4 0.4 0.3 0.3 0.1 0.1 0.5 0.6 0.6 0.6 0.5 21/12/2012
0.4 0.6 0.6 0.6 0.6 0.6 0.9 0.9 0.9 0.9 0.7 0.7 0.4 0.4 0.6 0.6 0.6 0.6 0.9 0.9 0.9 0.8 0.8 0.5 0.4 0.4 0.4 0.4 22/12/2012
0.4 0.4 0.4 0.4 0.4 0.4 0.2 0.2 0.2 0.2 0.0 0.0 0.4 0.4 0.4 0.4 0.4 0.4 0.3 0.2 0.2 0.0 0.0 0.5 0.4 0.4 0.4 0.4 23/12/2012
0.8 0.6 0.6 0.6 0.6 0.5 0.9 0.9 0.9 0.9 0.7 0.7 0.8 0.8 0.5 0.5 0.5 0.5 0.9 0.9 0.9 0.7 0.7 1.0 0.8 0.8 0.8 0.8 24/12/2012
1.4 1.0 1.0 1.0 1.0 1.0 1.0 1.0 1.0 0.9 0.8 0.8 1.4 1.4 1.0 1.0 1.0 1.0 1.0 1.0 1.0 0.9 0.9 1.5 1.4 1.4 1.4 1.3 25/12/2012
0.9 0.7 0.7 0.7 0.7 0.7 0.9 0.8 0.8 0.8 0.7 0.6 0.9 0.9 0.7 0.7 0.7 0.7 0.9 0.9 0.8 0.7 0.7 1.1 0.9 0.9 0.9 0.9 26/12/2012
1.2 1.1 1.1 1.1 1.1 1.1 0.8 0.8 0.8 0.8 0.7 0.7 1.2 1.2 1.0 1.0 1.0 1.0 0.8 0.8 0.8 0.7 0.7 1.3 1.2 1.2 1.2 1.2 27/12/2012
0.5 0.4 0.4 0.4 0.4 0.4 0.6 0.6 0.6 0.7 0.5 0.5 0.4 0.4 0.4 0.4 0.4 0.4 0.6 0.6 0.6 0.5 0.5 0.8 0.4 0.4 0.4 0.4 28/12/2012
1.2 0.9 0.9 0.9 0.9 0.9 1.1 1.1 1.1 1.1 0.7 0.7 1.2 1.2 0.9 0.9 0.9 0.9 1.1 1.1 1.1 0.8 0.8 1.3 1.2 1.2 1.2 1.2 29/12/2012
1.1 0.9 0.9 0.9 0.9 0.9 1.1 1.1 1.1 1.1 1.0 1.0 1.1 1.1 0.9 0.9 0.9 0.9 1.2 1.1 1.1 1.0 1.0 1.1 1.1 1.1 1.1 1.1 30/12/2012
0.8 0.8 0.8 0.8 0.8 0.8 0.9 0.9 0.9 0.8 0.5 0.5 0.8 0.8 0.7 0.7 0.7 0.7 0.9 0.9 0.9 0.5 0.5 0.9 0.8 0.8 0.8 0.8 31/12/2012
0.7 0.7 0.7 0.7 0.7 0.7 0.5 0.5 0.5 0.5 0.3 0.3 0.7 0.7 0.6 0.6 0.6 0.6 0.5 0.5 0.5 0.3 0.3 1.1 0.7 0.7 0.7 0.7 01/01/2013
0.6 0.5 0.5 0.5 0.5 0.5 0.4 0.5 0.5 0.5 0.2 0.2 0.6 0.6 0.5 0.5 0.5 0.5 0.4 0.4 0.5 0.2 0.2 0.9 0.6 0.6 0.6 0.6 02/01/2013
0.3 0.2 0.2 0.2 0.2 0.2 0.2 0.2 0.2 0.2 0.1 0.1 0.2 0.2 0.2 0.2 0.2 0.2 0.2 0.2 0.2 0.1 0.1 0.3 0.2 0.2 0.2 0.2 03/01/2013
0.5 0.4 0.4 0.4 0.4 0.4 0.3 0.3 0.3 0.2 0.1 0.1 0.5 0.5 0.4 0.4 0.4 0.4 0.3 0.3 0.3 0.1 0.2 0.3 0.5 0.5 0.5 0.5 04/01/2013
0.4 0.2 0.2 0.2 0.2 0.2 0.3 0.3 0.3 0.3 0.1 0.1 0.3 0.3 0.2 0.2 0.2 0.2 0.3 0.3 0.3 0.2 0.2 0.2 0.4 0.4 0.3 0.3 05/01/2013
0.3 0.3 0.3 0.3 0.3 0.3 0.4 0.4 0.3 0.3 0.1 0.1 0.3 0.3 0.2 0.2 0.2 0.2 0.5 0.4 0.4 0.2 0.2 0.3 0.3 0.3 0.3 0.3 06/01/2013
0.3 0.1 0.1 0.1 0.1 0.1 0.2 0.2 0.2 0.2 0.0 0.0 0.3 0.3 0.1 0.1 0.1 0.1 0.2 0.2 0.2 0.1 0.1 0.5 0.3 0.3 0.3 0.3 07/01/2013
0.6 0.3 0.3 0.3 0.3 0.3 0.5 0.5 0.5 0.5 0.2 0.2 0.6 0.6 0.3 0.3 0.3 0.3 0.5 0.5 0.5 0.2 0.2 0.4 0.6 0.6 0.5 0.5 08/01/2013
0.3 0.4 0.4 0.4 0.4 0.4 0.2 0.3 0.3 0.3 0.1 0.1 0.3 0.3 0.4 0.4 0.4 0.4 0.2 0.2 0.3 0.1 0.1 0.3 0.3 0.3 0.3 0.3 09/01/2013
0.4 0.3 0.3 0.3 0.3 0.3 0.2 0.2 0.1 0.1 0.1 0.0 0.4 0.4 0.3 0.3 0.3 0.3 0.3 0.2 0.2 0.1 0.1 0.3 0.4 0.4 0.4 0.4 10/01/2013
0.7 0.4 0.4 0.4 0.4 0.4 0.3 0.2 0.2 0.2 0.0 0.0 0.6 0.6 0.3 0.3 0.3 0.3 0.3 0.3 0.2 0.0 0.0 0.8 0.6 0.6 0.6 0.6 11/01/2013
0.5 0.2 0.2 0.2 0.2 0.2 0.4 0.4 0.4 0.3 0.1 0.1 0.5 0.5 0.2 0.2 0.2 0.2 0.4 0.4 0.4 0.1 0.1 0.8 0.5 0.5 0.5 0.5 12/01/2013
0.4 0.2 0.2 0.2 0.2 0.2 0.6 0.6 0.5 0.5 0.3 0.3 0.4 0.4 0.2 0.2 0.2 0.2 0.6 0.6 0.6 0.4 0.4 0.5 0.4 0.4 0.4 0.4 13/01/2013
0.6 0.6 0.6 0.6 0.6 0.6 0.5 0.4 0.4 0.4 0.4 0.4 0.6 0.6 0.6 0.6 0.6 0.6 0.5 0.5 0.5 0.4 0.4 0.7 0.6 0.6 0.6 0.6 14/01/2013
0.9 0.9 0.9 0.9 0.9 0.9 0.2 0.2 0.2 0.2 0.2 0.2 0.9 0.9 0.8 0.9 0.9 0.9 0.2 0.2 0.2 0.2 0.2 1.2 0.9 0.9 0.9 0.9 15/01/2013
0.7 0.5 0.5 0.5 0.5 0.5 0.3 0.2 0.2 0.2 0.4 0.4 0.7 0.7 0.4 0.4 0.4 0.4 0.3 0.2 0.2 0.4 0.4 0.7 0.7 0.7 0.6 0.6 16/01/2013
0.8 0.7 0.7 0.7 0.7 0.7 0.2 0.2 0.2 0.2 0.3 0.3 0.8 0.8 0.7 0.7 0.7 0.7 0.3 0.2 0.2 0.4 0.4 1.1 0.8 0.8 0.8 0.9 17/01/2013
0.4 0.2 0.2 0.2 0.2 0.2 0.3 0.3 0.3 0.3 0.3 0.3 0.4 0.4 0.2 0.2 0.2 0.2 0.3 0.3 0.3 0.3 0.3 0.4 0.4 0.4 0.4 0.4 18/01/2013
0.5 0.4 0.4 0.4 0.4 0.4 0.6 0.6 0.6 0.6 0.4 0.4 0.5 0.5 0.4 0.4 0.4 0.4 0.6 0.6 0.6 0.5 0.5 0.4 0.5 0.5 0.5 0.5 19/01/2013
0.3 0.4 0.4 0.4 0.4 0.4 0.5 0.5 0.5 0.4 0.4 0.4 0.3 0.3 0.4 0.4 0.4 0.4 0.5 0.5 0.5 0.5 0.5 0.4 0.3 0.3 0.3 0.3 20/01/2013
0.4 0.3 0.2 0.2 0.2 0.2 0.2 0.2 0.1 0.1 0.1 0.1 0.4 0.4 0.2 0.2 0.2 0.2 0.2 0.2 0.2 0.1 0.1 0.3 0.4 0.4 0.4 0.4 21/01/2013
0.3 0.2 0.2 0.2 0.2 0.2 0.3 0.3 0.2 0.2 0.2 0.2 0.3 0.3 0.2 0.2 0.2 0.2 0.3 0.3 0.3 0.3 0.3 0.4 0.3 0.3 0.3 0.2 22/01/2013
0.4 0.3 0.2 0.3 0.3 0.2 0.5 0.4 0.4 0.4 0.2 0.2 0.3 0.3 0.2 0.2 0.2 0.2 0.5 0.4 0.4 0.2 0.2 0.3 0.4 0.4 0.3 0.3 23/01/2013
0.5 0.4 0.4 0.4 0.4 0.4 0.3 0.3 0.3 0.3 0.4 0.4 0.5 0.5 0.4 0.4 0.4 0.4 0.3 0.3 0.3 0.4 0.4 0.4 0.5 0.5 0.5 0.5 24/01/2013
0.5 0.5 0.5 0.5 0.5 0.5 0.4 0.4 0.4 0.4 0.2 0.2 0.5 0.5 0.5 0.5 0.5 0.5 0.4 0.4 0.4 0.2 0.2 0.5 0.5 0.5 0.5 0.5 25/01/2013
0.7 0.4 0.4 0.4 0.4 0.4 0.5 0.5 0.5 0.6 0.4 0.4 0.7 0.7 0.3 0.3 0.3 0.3 0.5 0.5 0.5 0.4 0.4 0.6 0.7 0.7 0.7 0.7 26/01/2013
1.0 1.0 0.9 1.0 0.9 0.9 0.1 0.1 0.1 0.1 0.1 0.1 1.0 1.0 0.9 0.9 0.9 0.9 0.2 0.1 0.1 0.1 0.1 1.3 1.0 1.0 1.0 0.9 27/01/2013
1.0 0.9 0.9 0.9 0.9 0.9 0.7 0.7 0.7 0.7 0.6 0.6 1.0 1.0 0.9 0.9 0.9 0.9 0.8 0.7 0.7 0.6 0.6 1.2 1.0 1.0 1.0 1.0 28/01/2013
0.5 0.3 0.3 0.3 0.3 0.3 0.1 0.1 0.1 0.1 0.1 0.1 0.5 0.5 0.2 0.2 0.2 0.2 0.2 0.1 0.1 0.1 0.2 0.6 0.5 0.5 0.5 0.5 29/01/2013
0.9 0.9 0.9 0.9 0.9 0.9 0.7 0.7 0.7 0.7 0.7 0.7 0.9 0.9 0.9 0.9 0.9 0.9 0.7 0.7 0.7 0.7 0.7 1.0 0.9 0.9 0.9 0.9 30/01/2013
1.0 1.1 1.1 1.1 1.1 1.1 0.7 0.7 0.7 0.7 0.5 0.5 1.0 1.0 1.1 1.1 1.1 1.1 0.8 0.7 0.7 0.6 0.6 0.8 1.0 1.0 1.0 1.0 31/01/2013
0.5 0.4 0.4 0.4 0.4 0.4 0.3 0.3 0.3 0.3 0.4 0.4 0.5 0.5 0.4 0.4 0.4 0.4 0.3 0.3 0.3 0.4 0.4 0.5 0.5 0.5 0.5 0.5 01/02/2013
1.3 1.2 1.2 1.2 1.2 1.2 0.6 0.5 0.5 0.5 0.4 0.4 1.3 1.3 1.2 1.2 1.2 1.2 0.6 0.6 0.5 0.5 0.5 1.3 1.3 1.3 1.3 1.3 02/02/2013
1.0 1.0 1.0 1.0 1.0 1.0 1.0 1.0 1.0 1.0 0.9 0.8 1.1 1.1 1.0 1.0 1.0 1.0 1.0 1.0 1.0 0.9 0.9 1.1 1.1 1.1 1.1 1.1 03/02/2013
0.8 0.8 0.7 0.8 0.8 0.7 0.2 0.1 0.1 0.1 0.0 0.0 0.7 0.7 0.7 0.7 0.7 0.7 0.2 0.2 0.1 0.0 0.0 0.6 0.7 0.7 0.7 0.7 04/02/2013
0.8 0.6 0.6 0.6 0.6 0.6 0.4 0.4 0.4 0.4 0.4 0.4 0.8 0.8 0.6 0.6 0.6 0.6 0.4 0.4 0.4 0.5 0.5 1.1 0.8 0.8 0.8 0.8 05/02/2013
1.3 0.8 0.8 0.8 0.8 0.8 0.4 0.4 0.3 0.3 0.1 0.1 1.3 1.3 0.7 0.7 0.7 0.7 0.4 0.4 0.4 0.2 0.2 1.5 1.3 1.3 1.3 1.3 06/02/2013
1.3 1.0 1.0 1.0 1.0 1.0 0.4 0.4 0.4 0.4 0.2 0.2 1.3 1.3 1.0 1.0 1.0 1.0 0.5 0.4 0.4 0.3 0.3 1.2 1.3 1.3 1.3 1.3 07/02/2013
0.9 0.8 0.8 0.8 0.8 0.8 0.5 0.5 0.4 0.4 0.4 0.4 0.9 0.9 0.8 0.8 0.8 0.8 0.6 0.5 0.5 0.4 0.4 0.7 0.9 0.9 0.9 0.8 08/02/2013
0.7 0.5 0.5 0.5 0.5 0.5 0.3 0.3 0.3 0.3 0.5 0.5 0.7 0.7 0.4 0.4 0.4 0.4 0.4 0.3 0.3 0.5 0.6 0.6 0.7 0.7 0.7 0.7 09/02/2013
0.8 0.5 0.5 0.5 0.5 0.5 0.7 0.6 0.6 0.6 0.5 0.5 0.7 0.7 0.5 0.5 0.5 0.5 0.7 0.7 0.6 0.5 0.6 0.7 0.7 0.7 0.7 0.7 10/02/2013
0.5 0.3 0.3 0.3 0.3 0.3 0.2 0.1 0.1 0.1 0.1 0.1 0.5 0.5 0.3 0.3 0.3 0.3 0.2 0.2 0.1 0.2 0.2 0.8 0.5 0.5 0.5 0.5 11/02/2013
0.7 0.5 0.5 0.5 0.5 0.4 0.6 0.5 0.5 0.4 0.4 0.4 0.7 0.7 0.4 0.4 0.4 0.4 0.6 0.6 0.5 0.5 0.5 0.8 0.7 0.7 0.7 0.7 12/02/2013
0.9 0.8 0.8 0.8 0.8 0.8 0.7 0.7 0.7 0.8 0.7 0.7 0.9 0.9 0.8 0.8 0.8 0.8 0.7 0.7 0.7 0.7 0.7 0.9 0.9 0.9 0.9 1.0 13/02/2013
0.3 0.3 0.3 0.3 0.3 0.3 0.3 0.3 0.3 0.4 0.2 0.2 0.3 0.3 0.3 0.3 0.3 0.3 0.2 0.3 0.3 0.2 0.2 0.4 0.3 0.3 0.3 0.3 14/02/2013
1.3 1.1 1.1 1.1 1.1 1.1 0.3 0.3 0.2 0.2 0.2 0.2 1.2 1.2 1.1 1.1 1.1 1.1 0.3 0.3 0.3 0.2 0.3 0.6 1.3 1.3 1.2 1.2 15/02/2013
0.8 1.0 1.0 1.0 1.0 1.0 0.3 0.2 0.2 0.2 0.2 0.2 0.8 0.8 1.0 1.0 1.0 1.0 0.3 0.3 0.3 0.2 0.3 0.9 0.8 0.8 0.8 0.7 16/02/2013
1.5 1.4 1.3 1.4 1.4 1.3 0.3 0.3 0.3 0.2 0.3 0.3 1.5 1.5 1.3 1.3 1.3 1.3 0.4 0.3 0.3 0.3 0.4 1.5 1.5 1.5 1.5 1.5 17/02/2013
1.6 1.4 1.4 1.4 1.4 1.4 1.2 1.2 1.2 1.1 1.1 1.1 1.5 1.5 1.3 1.4 1.4 1.3 1.3 1.2 1.2 1.1 1.2 1.6 1.5 1.5 1.5 1.5 18/02/2013
1.3 1.1 1.1 1.1 1.1 1.1 0.7 0.7 0.6 0.6 0.4 0.4 1.2 1.2 1.1 1.1 1.1 1.1 0.7 0.7 0.7 0.4 0.5 1.4 1.3 1.3 1.2 1.2 19/02/2013
1.3 1.1 1.1 1.1 1.1 1.1 1.2 1.2 1.2 1.2 1.1 1.1 1.3 1.3 1.1 1.1 1.1 1.1 1.3 1.2 1.2 1.2 1.2 1.3 1.3 1.3 1.3 1.3 20/02/2013
1.3 1.2 1.2 1.2 1.2 1.2 0.9 0.9 0.9 0.8 1.0 1.0 1.3 1.3 1.1 1.1 1.1 1.1 0.9 0.9 0.9 1.0 1.0 1.3 1.3 1.3 1.3 1.2 21/02/2013
1.0 0.9 0.9 0.9 0.9 0.9 1.0 1.0 1.0 1.0 1.1 1.1 1.0 1.0 0.8 0.8 0.9 0.8 1.0 1.0 1.0 1.1 1.1 1.1 1.0 1.0 1.0 1.0 22/02/2013
1.1 1.1 1.1 1.1 1.1 1.1 0.5 0.5 0.5 0.5 0.6 0.6 1.1 1.1 1.1 1.1 1.1 1.1 0.6 0.5 0.5 0.6 0.7 1.2 1.1 1.1 1.1 1.1 23/02/2013
0.3 0.4 0.4 0.4 0.4 0.4 0.1 0.1 0.1 0.1 0.2 0.2 0.3 0.3 0.4 0.4 0.4 0.4 0.2 0.1 0.1 0.2 0.3 0.5 0.3 0.3 0.3 0.3 24/02/2013
0.5 0.4 0.4 0.4 0.4 0.4 0.3 0.3 0.2 0.2 0.3 0.3 0.5 0.5 0.4 0.4 0.4 0.4 0.3 0.3 0.3 0.3 0.3 0.4 0.5 0.5 0.5 0.5 25/02/2013
0.9 0.8 0.8 0.8 0.8 0.8 0.6 0.6 0.6 0.5 0.3 0.2 0.9 0.9 0.7 0.7 0.7 0.7 0.7 0.6 0.6 0.4 0.4 0.5 0.9 0.9 0.9 0.9 26/02/2013
0.7 0.4 0.4 0.4 0.4 0.4 0.4 0.4 0.4 0.4 0.4 0.4 0.6 0.6 0.4 0.4 0.4 0.4 0.4 0.4 0.4 0.5 0.5 0.4 0.6 0.6 0.6 0.6 27/02/2013
0.6 0.3 0.3 0.3 0.3 0.3 0.6 0.5 0.5 0.4 0.3 0.3 0.6 0.6 0.3 0.3 0.3 0.3 0.7 0.5 0.5 0.4 0.4 0.5 0.6 0.6 0.5 0.5 28/02/2013
1.4 0.9 0.9 0.9 0.9 0.9 1.1 1.1 1.1 1.0 0.8 0.7 1.3 1.3 0.8 0.8 0.8 0.8 1.1 1.1 1.1 0.9 0.9 0.8 1.3 1.3 1.3 1.3 01/03/2013
1.4 1.0 1.0 1.0 1.0 1.0 1.2 1.2 1.2 1.2 1.1 1.1 1.4 1.4 1.0 1.0 1.0 1.0 1.2 1.2 1.2 1.2 1.2 0.9 1.4 1.4 1.4 1.4 02/03/2013
1.4 1.1 1.1 1.1 1.1 1.1 1.2 1.1 1.1 1.1 1.1 1.0 1.4 1.4 1.1 1.1 1.1 1.1 1.2 1.2 1.2 1.1 1.2 1.1 1.4 1.4 1.4 1.3 03/03/2013
1.7 1.6 1.6 1.6 1.6 1.6 2.0 1.9 1.9 1.8 2.0 2.0 1.6 1.6 1.6 1.6 1.6 1.6 2.0 2.0 1.9 2.1 2.1 1.7 1.7 1.7 1.6 1.6 04/03/2013
1.9 2.1 2.1 2.1 2.1 2.1 1.7 1.7 1.7 1.7 1.3 1.3 1.9 1.9 2.1 2.1 2.1 2.1 1.7 1.7 1.7 1.3 1.3 2.1 1.9 1.9 1.9 1.9 05/03/2013
1.3 1.3 1.3 1.3 1.3 1.3 1.6 1.6 1.7 1.7 1.6 1.6 1.3 1.3 1.3 1.3 1.3 1.3 1.6 1.6 1.6 1.6 1.6 1.4 1.3 1.3 1.2 1.2 06/03/2013
0.6 0.5 0.5 0.5 0.5 0.5 0.5 0.5 0.4 0.4 0.3 0.3 0.6 0.6 0.4 0.4 0.4 0.4 0.6 0.5 0.5 0.4 0.5 0.7 0.6 0.6 0.6 0.5 07/03/2013
0.6 0.6 0.6 0.6 0.6 0.6 0.9 0.8 0.8 0.8 0.7 0.7 0.5 0.5 0.6 0.6 0.6 0.6 0.9 0.9 0.8 0.8 0.8 0.5 0.5 0.5 0.5 0.5 08/03/2013
1.9 1.5 1.5 1.5 1.5 1.5 1.8 1.8 1.8 1.8 1.5 1.5 1.9 1.9 1.4 1.4 1.4 1.4 1.9 1.8 1.8 1.5 1.6 1.8 1.9 1.9 1.9 1.8 09/03/2013
0.8 0.5 0.5 0.5 0.5 0.5 0.6 0.5 0.5 0.5 0.5 0.4 0.7 0.7 0.4 0.4 0.4 0.4 0.6 0.6 0.6 0.5 0.6 1.0 0.7 0.7 0.7 0.7 10/03/2013
0.2 0.2 0.2 0.2 0.2 0.2 0.5 0.5 0.5 0.4 0.3 0.3 0.2 0.2 0.2 0.2 0.2 0.2 0.5 0.5 0.5 0.4 0.4 0.2 0.2 0.2 0.2 0.2 11/03/2013
0.6 0.5 0.4 0.5 0.5 0.4 0.5 0.5 0.5 0.5 0.3 0.2 0.6 0.6 0.4 0.4 0.4 0.4 0.5 0.5 0.5 0.3 0.3 0.6 0.6 0.6 0.6 0.6 12/03/2013
0.9 0.9 0.9 0.9 0.9 0.9 0.7 0.7 0.7 0.7 1.0 1.0 0.8 0.8 0.9 0.9 0.9 0.9 0.7 0.7 0.7 1.0 1.0 0.9 0.8 0.8 0.8 0.8 13/03/2013
1.3 1.1 1.0 1.1 1.1 1.0 1.1 1.1 1.0 1.0 0.8 0.8 1.3 1.3 1.0 1.0 1.0 1.0 1.1 1.1 1.1 0.8 0.8 1.4 1.3 1.3 1.3 1.3 14/03/2013
0.9 0.8 0.8 0.8 0.8 0.8 0.7 0.7 0.6 0.6 0.6 0.6 0.9 0.9 0.8 0.8 0.8 0.8 0.7 0.7 0.7 0.6 0.6 1.2 0.9 0.9 0.9 0.9 15/03/2013
1.3 1.2 1.2 1.2 1.2 1.2 1.4 1.4 1.3 1.3 1.3 1.3 1.3 1.3 1.1 1.2 1.2 1.1 1.4 1.4 1.4 1.4 1.4 1.4 1.3 1.3 1.3 1.2 16/03/2013
0.9 1.3 1.3 1.3 1.3 1.3 1.4 1.4 1.3 1.3 0.9 0.9 0.9 0.9 1.2 1.2 1.2 1.2 1.5 1.4 1.4 1.0 1.1 1.5 0.9 0.9 0.9 0.9 17/03/2013
0.6 0.6 0.6 0.6 0.6 0.6 1.4 1.4 1.3 1.3 1.1 1.1 0.6 0.6 0.5 0.6 0.6 0.5 1.5 1.4 1.4 1.2 1.3 0.5 0.6 0.6 0.5 0.5 18/03/2013
1.5 1.4 1.4 1.4 1.4 1.4 1.3 1.2 1.2 1.1 0.9 0.9 1.4 1.4 1.3 1.3 1.3 1.3 1.4 1.3 1.2 1.0 1.0 1.6 1.4 1.4 1.4 1.4 19/03/2013
1.3 0.7 0.7 0.7 0.7 0.7 0.6 0.5 0.5 0.5 0.4 0.4 1.3 1.3 0.7 0.7 0.7 0.7 0.6 0.6 0.5 0.5 0.5 1.2 1.3 1.3 1.2 1.2 20/03/2013
0.4 0.6 0.6 0.6 0.6 0.6 1.4 1.4 1.4 1.3 1.3 1.3 0.4 0.4 0.6 0.6 0.6 0.6 1.5 1.4 1.4 1.3 1.4 0.5 0.4 0.4 0.4 0.4 21/03/2013
1.7 1.5 1.4 1.4 1.4 1.4 2.0 2.0 2.0 1.9 1.8 1.7 1.7 1.7 1.4 1.4 1.4 1.4 2.0 2.0 2.0 1.8 1.8 2.1 1.7 1.7 1.7 1.7 22/03/2013
1.2 1.2 1.2 1.2 1.2 1.2 1.1 1.1 1.1 1.1 1.1 1.1 1.1 1.1 1.1 1.1 1.1 1.1 1.2 1.1 1.1 1.1 1.1 1.2 1.2 1.2 1.1 1.1 23/03/2013
1.3 0.7 0.7 0.7 0.7 0.7 1.1 1.1 1.1 1.0 0.8 0.8 1.2 1.2 0.7 0.7 0.7 0.7 1.2 1.1 1.1 0.9 0.9 1.1 1.2 1.2 1.2 1.2 24/03/2013
1.0 1.1 1.1 1.1 1.1 1.1 1.6 1.5 1.5 1.5 1.6 1.6 1.0 1.0 1.1 1.1 1.1 1.1 1.6 1.6 1.5 1.6 1.7 1.0 1.0 1.0 1.0 1.0 25/03/2013
1.6 1.1 1.1 1.1 1.1 1.1 1.6 1.5 1.5 1.5 1.3 1.2 1.6 1.6 1.1 1.1 1.1 1.1 1.6 1.6 1.5 1.3 1.4 1.3 1.6 1.6 1.6 1.6 26/03/2013
1.6 1.3 1.3 1.3 1.3 1.3 1.9 1.9 1.8 1.8 1.7 1.7 1.6 1.6 1.2 1.3 1.3 1.2 2.0 1.9 1.9 1.8 1.8 1.7 1.6 1.6 1.6 1.5 27/03/2013
1.4 1.6 1.6 1.6 1.6 1.6 1.4 1.4 1.4 1.4 1.1 1.1 1.4 1.4 1.5 1.5 1.5 1.5 1.5 1.4 1.4 1.2 1.2 1.1 1.4 1.4 1.4 1.4 28/03/2013
1.5 1.1 1.1 1.1 1.1 1.1 1.2 1.2 1.1 1.1 0.7 0.7 1.5 1.5 1.1 1.1 1.1 1.1 1.2 1.2 1.2 0.7 0.7 2.0 1.5 1.5 1.5 1.5 29/03/2013
1.8 1.6 1.6 1.6 1.6 1.6 1.8 1.7 1.7 1.7 1.5 1.5 1.8 1.8 1.5 1.5 1.5 1.5 1.8 1.8 1.8 1.6 1.6 2.2 1.8 1.8 1.7 1.7 30/03/2013
2.1 1.7 1.7 1.7 1.7 1.7 1.6 1.6 1.6 1.5 1.5 1.5 2.1 2.1 1.6 1.6 1.6 1.6 1.6 1.6 1.6 1.5 1.6 1.9 2.1 2.1 2.1 2.1 31/03/2013
2.0 2.3 2.2 2.3 2.3 2.2 2.4 2.3 2.2 2.2 2.1 2.1 2.0 2.0 2.2 2.2 2.2 2.2 2.5 2.4 2.3 2.2 2.2 2.2 2.0 2.0 2.0 2.0 01/04/2013
2.8 2.9 2.9 2.9 2.9 2.9 2.8 2.8 2.8 2.7 2.5 2.5 2.7 2.7 2.8 2.8 2.8 2.8 2.9 2.8 2.8 2.6 2.6 2.7 2.8 2.8 2.7 2.7 02/04/2013
2.2 2.2 2.2 2.2 2.2 2.2 1.9 1.9 1.8 1.8 1.6 1.6 2.2 2.2 2.2 2.2 2.2 2.2 1.9 1.9 1.9 1.6 1.6 2.0 2.2 2.2 2.2 2.2 03/04/2013
1.9 1.9 1.9 1.9 1.9 1.9 2.3 2.2 2.2 2.1 1.6 1.6 1.9 1.9 1.9 1.9 1.9 1.9 2.3 2.2 2.2 1.6 1.7 1.6 1.9 1.9 1.9 1.8 04/04/2013
0.5 0.7 0.7 0.7 0.7 0.7 1.7 1.7 1.7 1.7 1.4 1.4 0.5 0.5 0.7 0.7 0.7 0.7 1.7 1.7 1.7 1.4 1.4 0.6 0.5 0.5 0.5 0.5 05/04/2013
1.7 1.6 1.6 1.6 1.6 1.6 1.3 1.3 1.3 1.2 1.2 1.2 1.6 1.6 1.6 1.6 1.6 1.6 1.3 1.3 1.3 1.2 1.2 0.9 1.6 1.6 1.6 1.6 06/04/2013
2.0 1.8 1.8 1.8 1.8 1.8 2.1 2.1 2.1 2.1 2.0 2.0 1.9 1.9 1.8 1.8 1.8 1.8 2.1 2.1 2.1 2.0 2.0 2.1 2.0 2.0 1.9 1.9 07/04/2013
1.0 1.1 1.1 1.1 1.1 1.1 2.0 2.0 1.9 1.9 1.6 1.6 1.0 1.0 1.1 1.1 1.1 1.1 2.0 2.0 2.0 1.6 1.6 1.0 1.0 1.0 1.0 1.0 08/04/2013
1.7 1.5 1.5 1.5 1.5 1.5 1.1 1.1 1.1 1.0 0.7 0.7 1.7 1.7 1.5 1.5 1.5 1.5 1.2 1.1 1.1 0.7 0.7 1.5 1.7 1.7 1.6 1.6 09/04/2013
1.5 1.4 1.4 1.4 1.4 1.4 1.4 1.3 1.3 1.3 1.5 1.4 1.5 1.5 1.4 1.4 1.4 1.4 1.4 1.4 1.3 1.5 1.5 1.1 1.5 1.5 1.5 1.5 10/04/2013
2.2 1.8 1.8 1.8 1.8 1.7 2.2 2.1 2.1 2.1 1.6 1.6 2.2 2.2 1.7 1.7 1.7 1.7 2.2 2.2 2.1 1.7 1.8 2.5 2.2 2.2 2.2 2.1 11/04/2013
2.4 1.9 1.9 1.9 1.9 1.9 2.5 2.4 2.3 2.3 1.8 1.8 2.4 2.4 1.9 1.9 1.9 1.9 2.5 2.4 2.4 1.9 1.9 2.5 2.4 2.4 2.4 2.3 12/04/2013
1.2 1.1 1.0 1.1 1.1 1.0 1.7 1.7 1.7 1.7 1.3 1.3 1.2 1.2 1.0 1.0 1.0 1.0 1.8 1.7 1.7 1.3 1.3 1.4 1.2 1.2 1.2 1.2 13/04/2013
3.6 3.4 3.5 3.4 3.4 3.5 3.8 3.8 3.7 3.7 3.9 3.9 3.7 3.7 3.5 3.5 3.5 3.5 3.8 3.8 3.8 3.8 3.8 4.2 3.7 3.7 3.7 3.7 14/04/2013
3.0 2.7 2.7 2.7 2.7 2.7 2.1 2.1 2.1 2.0 1.4 1.4 3.0 3.0 2.6 2.7 2.7 2.6 2.2 2.1 2.1 1.4 1.5 2.9 3.0 3.0 3.0 2.9 15/04/2013
2.2 1.7 1.6 1.7 1.7 1.6 2.4 2.4 2.4 2.4 1.8 1.8 2.2 2.2 1.6 1.6 1.6 1.6 2.4 2.4 2.4 1.8 1.8 1.8 2.2 2.2 2.2 2.2 16/04/2013
3.6 3.1 3.1 3.1 3.1 3.1 3.4 3.3 3.3 3.3 2.9 2.9 3.5 3.5 3.1 3.1 3.1 3.1 3.4 3.3 3.3 2.8 2.8 3.3 3.5 3.5 3.5 3.5 17/04/2013
3.7 3.5 3.4 3.5 3.4 3.4 3.2 3.1 3.1 3.0 2.7 2.6 3.7 3.7 3.4 3.4 3.4 3.4 3.2 3.2 3.1 2.8 2.8 3.3 3.7 3.7 3.7 3.7 18/04/2013
2.0 1.4 1.4 1.4 1.4 1.4 2.0 1.9 1.8 1.8 2.3 2.3 2.0 2.0 1.4 1.4 1.4 1.4 2.0 1.9 1.9 2.4 2.5 1.4 2.0 2.0 1.9 1.9 19/04/2013
3.0 2.9 2.9 2.9 2.9 2.9 3.1 3.0 3.0 2.9 2.8 2.8 3.0 3.0 2.9 2.9 2.9 2.9 3.2 3.1 3.1 2.9 2.9 2.9 3.0 3.0 3.0 2.9 20/04/2013
2.6 2.6 2.6 2.6 2.6 2.6 2.2 2.2 2.2 2.2 2.0 2.0 2.5 2.5 2.5 2.5 2.5 2.5 2.2 2.2 2.2 2.0 2.0 2.3 2.6 2.6 2.5 2.5 21/04/2013
2.4 2.2 2.1 2.2 2.1 2.1 2.6 2.6 2.5 2.5 2.5 2.4 2.4 2.4 2.1 2.1 2.1 2.1 2.6 2.6 2.6 2.5 2.5 1.8 2.4 2.4 2.4 2.4 22/04/2013
2.8 2.2 2.2 2.2 2.2 2.2 2.4 2.3 2.3 2.2 1.7 1.7 2.7 2.7 2.1 2.2 2.2 2.1 2.4 2.4 2.4 1.8 1.8 2.7 2.7 2.7 2.7 2.7 23/04/2013
2.8 2.8 2.8 2.8 2.8 2.8 3.6 3.5 3.5 3.4 3.0 3.0 2.7 2.7 2.7 2.7 2.7 2.7 3.7 3.6 3.5 3.1 3.1 2.1 2.7 2.7 2.7 2.7 24/04/2013
4.5 4.0 4.0 4.0 4.0 4.0 4.6 4.5 4.5 4.5 3.8 3.8 4.5 4.5 4.0 4.0 4.0 4.0 4.6 4.6 4.5 3.9 3.9 3.8 4.5 4.5 4.5 4.5 25/04/2013
1.2 0.7 0.7 0.7 0.7 0.7 1.0 1.0 1.0 1.0 0.8 0.8 1.2 1.2 0.6 0.6 0.6 0.6 1.1 1.0 1.0 0.8 0.8 1.0 1.2 1.2 1.2 1.2 26/04/2013
2.5 2.2 2.2 2.2 2.2 2.2 2.1 2.1 2.0 2.0 1.5 1.4 2.5 2.5 2.2 2.2 2.2 2.2 2.1 2.1 2.1 1.5 1.6 2.5 2.5 2.5 2.5 2.5 27/04/2013
2.7 2.7 2.7 2.7 2.7 2.7 1.8 1.7 1.7 1.7 1.3 1.3 2.7 2.7 2.6 2.6 2.6 2.6 1.8 1.7 1.7 1.4 1.4 2.5 2.7 2.7 2.6 2.6 28/04/2013
3.3 2.8 2.8 2.8 2.8 2.8 2.7 2.7 2.6 2.6 1.6 1.6 3.2 3.2 2.8 2.8 2.8 2.8 2.7 2.7 2.7 1.7 1.7 2.9 3.3 3.3 3.2 3.2 29/04/2013
3.1 3.0 3.0 3.0 3.0 3.0 2.8 2.8 2.9 2.9 2.0 2.0 3.1 3.1 3.0 3.0 3.0 3.0 2.7 2.8 2.8 2.0 2.0 2.5 3.1 3.1 3.1 3.1 30/04/2013
3.0 2.5 2.5 2.5 2.5 2.5 2.3 2.3 2.4 2.4 1.6 1.6 3.0 3.0 2.5 2.5 2.5 2.5 2.3 2.3 2.3 1.6 1.6 2.6 3.0 3.0 3.0 2.9 01/05/2013
1.6 1.0 1.0 1.0 1.0 1.0 2.9 2.9 2.9 2.9 2.8 2.8 1.6 1.6 1.0 1.0 1.0 1.0 3.0 2.9 2.9 2.8 2.9 1.0 1.6 1.6 1.6 1.5 02/05/2013
3.2 2.8 2.8 2.8 2.8 2.8 2.1 2.1 2.0 2.0 1.3 1.3 3.2 3.2 2.8 2.8 2.8 2.8 2.1 2.1 2.1 1.2 1.2 3.6 3.2 3.2 3.2 3.2 03/05/2013
1.9 1.3 1.3 1.3 1.3 1.2 2.9 2.8 2.7 2.7 2.8 2.8 1.9 1.9 1.2 1.2 1.2 1.2 2.9 2.9 2.8 3.0 3.0 1.6 1.9 1.9 1.8 1.8 04/05/2013
2.2 1.6 1.6 1.6 1.6 1.6 2.4 2.4 2.4 2.4 1.6 1.6 2.1 2.1 1.6 1.6 1.6 1.6 2.4 2.4 2.4 1.6 1.6 1.5 2.2 2.2 2.1 2.1 05/05/2013
3.8 3.7 3.6 3.7 3.7 3.6 2.0 2.1 2.2 2.3 1.8 1.8 3.7 3.7 3.6 3.6 3.6 3.6 1.8 2.0 2.0 1.6 1.5 3.6 3.7 3.7 3.7 3.7 06/05/2013
3.6 3.1 3.1 3.1 3.1 3.1 2.3 2.3 2.3 2.3 1.6 1.6 3.6 3.6 3.2 3.2 3.2 3.2 2.3 2.3 2.3 1.7 1.7 3.4 3.6 3.6 3.6 3.6 07/05/2013
2.3 2.0 2.0 2.0 2.0 2.0 1.4 1.4 1.4 1.4 1.3 1.3 2.3 2.3 2.0 2.0 2.0 2.0 1.4 1.4 1.4 1.3 1.3 1.9 2.3 2.3 2.3 2.2 08/05/2013
3.9 3.5 3.5 3.5 3.5 3.5 1.7 1.6 1.6 1.6 1.0 1.0 3.9 3.9 3.4 3.4 3.4 3.4 1.7 1.7 1.6 1.0 1.0 3.8 3.9 3.9 3.9 3.9 09/05/2013
1.9 1.6 1.5 1.6 1.6 1.5 2.1 2.1 2.1 2.0 1.9 1.9 1.9 1.9 1.5 1.5 1.5 1.5 2.2 2.1 2.1 2.0 2.0 1.3 1.9 1.9 1.9 1.9 10/05/2013
2.5 2.5 2.5 2.5 2.5 2.5 2.5 2.5 2.5 2.4 1.9 1.9 2.4 2.4 2.5 2.5 2.5 2.5 2.5 2.5 2.5 1.9 1.9 1.6 2.4 2.4 2.4 2.4 11/05/2013
3.0 2.9 2.8 2.9 2.8 2.8 2.5 2.5 2.5 2.5 2.2 2.2 2.9 2.9 2.8 2.8 2.8 2.8 2.6 2.5 2.5 2.2 2.2 2.4 3.0 3.0 2.9 2.9 12/05/2013
2.1 1.8 1.8 1.8 1.8 1.8 1.6 1.5 1.5 1.5 0.9 0.9 2.1 2.1 1.8 1.8 1.8 1.8 1.6 1.6 1.5 0.9 1.0 1.4 2.1 2.1 2.1 2.1 13/05/2013
1.5 1.3 1.2 1.3 1.3 1.2 1.7 1.7 1.7 1.7 1.7 1.7 1.4 1.4 1.2 1.2 1.2 1.2 1.7 1.7 1.7 1.8 1.9 1.6 1.4 1.4 1.4 1.4 14/05/2013
3.0 2.8 2.8 2.8 2.8 2.8 3.1 3.1 3.0 3.0 2.3 2.3 3.0 3.0 2.7 2.7 2.7 2.7 3.2 3.1 3.1 2.4 2.4 2.0 3.0 3.0 2.9 2.9 15/05/2013
2.0 1.7 1.7 1.7 1.7 1.7 1.0 1.0 1.0 0.9 0.8 0.8 2.0 2.0 1.6 1.6 1.6 1.6 1.0 1.0 1.0 0.8 0.8 2.2 2.0 2.0 2.0 1.9 16/05/2013
3.3 2.4 2.4 2.4 2.4 2.4 0.5 0.5 0.5 0.5 0.4 0.4 3.2 3.2 2.3 2.3 2.4 2.3 0.5 0.5 0.5 0.4 0.4 2.8 3.2 3.2 3.2 3.2 17/05/2013
3.1 3.0 2.9 3.0 3.0 2.9 2.8 2.7 2.7 2.6 2.3 2.3 3.0 3.0 2.9 2.9 2.9 2.9 2.8 2.8 2.7 2.4 2.4 2.7 3.1 3.1 3.0 3.0 18/05/2013
1.1 1.0 1.0 1.0 1.0 1.0 0.8 0.7 0.7 0.7 0.7 0.7 1.0 1.0 0.9 1.0 1.0 0.9 0.8 0.8 0.8 0.8 0.8 1.0 1.0 1.0 1.0 1.0 19/05/2013
1.1 0.7 0.7 0.7 0.7 0.7 0.7 0.7 0.7 0.7 0.7 0.8 1.1 1.1 0.7 0.7 0.7 0.7 0.7 0.7 0.7 0.7 0.7 1.1 1.1 1.1 1.1 1.1 20/05/2013
1.3 0.7 0.7 0.7 0.7 0.7 0.6 0.6 0.6 0.6 0.6 0.6 1.3 1.3 0.7 0.7 0.7 0.7 0.6 0.6 0.6 0.6 0.7 1.1 1.3 1.3 1.3 1.2 21/05/2013
2.2 1.7 1.7 1.7 1.7 1.7 1.7 1.6 1.6 1.6 1.1 1.1 2.2 2.2 1.7 1.7 1.7 1.7 1.7 1.7 1.6 1.1 1.1 2.2 2.2 2.2 2.2 2.2 22/05/2013
2.4 1.7 1.7 1.7 1.7 1.7 2.1 2.0 2.0 2.0 1.5 1.5 2.4 2.4 1.7 1.7 1.7 1.7 2.1 2.1 2.0 1.6 1.7 2.3 2.4 2.4 2.4 2.4 23/05/2013
1.3 0.9 0.9 0.9 0.9 0.8 1.0 1.0 1.0 0.9 1.3 1.3 1.3 1.3 0.8 0.8 0.8 0.8 1.0 1.0 1.0 1.3 1.3 1.3 1.3 1.3 1.3 1.2 24/05/2013
2.9 2.9 2.9 2.9 2.9 2.9 2.4 2.4 2.4 2.3 1.8 1.8 2.8 2.8 2.8 2.8 2.8 2.8 2.5 2.4 2.4 1.9 1.9 2.5 2.9 2.9 2.8 2.8 25/05/2013
2.2 1.7 1.7 1.7 1.7 1.7 1.3 1.2 1.2 1.2 1.5 1.5 2.2 2.2 1.6 1.6 1.6 1.6 1.3 1.3 1.3 1.5 1.5 2.0 2.2 2.2 2.2 2.2 26/05/2013
3.7 3.8 3.8 3.8 3.8 3.8 4.4 4.3 4.3 4.2 4.2 4.2 3.6 3.6 3.8 3.8 3.8 3.8 4.5 4.4 4.4 4.2 4.3 3.7 3.6 3.6 3.6 3.6 27/05/2013
1.3 1.3 1.2 1.3 1.3 1.2 2.0 2.0 2.0 2.0 1.5 1.5 1.3 1.3 1.2 1.2 1.2 1.2 2.0 2.0 2.0 1.5 1.5 1.0 1.3 1.3 1.2 1.2 28/05/2013
3.1 2.4 2.3 2.4 2.4 2.3 2.1 2.1 2.0 2.0 1.6 1.6 3.0 3.0 2.3 2.3 2.3 2.3 2.2 2.1 2.1 1.7 1.7 3.2 3.1 3.1 3.0 3.0 29/05/2013
1.5 1.2 1.2 1.2 1.2 1.2 0.6 0.6 0.6 0.5 0.5 0.4 1.5 1.5 1.1 1.1 1.1 1.1 0.7 0.6 0.6 0.5 0.5 1.0 1.5 1.5 1.5 1.4 30/05/2013
3.0 1.6 1.6 1.6 1.6 1.6 1.3 1.3 1.3 1.3 0.7 0.7 3.0 3.0 1.5 1.5 1.5 1.5 1.2 1.3 1.3 0.8 0.8 2.1 3.0 3.0 3.0 2.9 31/05/2013
3.4 2.7 2.7 2.7 2.7 2.7 3.8 3.8 3.7 3.7 3.6 3.6 3.4 3.4 2.7 2.7 2.7 2.7 3.9 3.8 3.8 3.7 3.7 3.9 3.4 3.4 3.4 3.4 01/06/2013
3.7 3.8 3.8 3.8 3.8 3.8 4.2 4.1 4.0 3.9 4.4 4.4 3.6 3.6 3.7 3.7 3.7 3.7 4.2 4.2 4.1 4.5 4.5 3.4 3.6 3.6 3.6 3.6 02/06/2013
3.7 3.2 3.2 3.2 3.2 3.2 3.3 3.3 3.2 3.2 2.7 2.7 3.6 3.6 3.1 3.1 3.1 3.1 3.4 3.3 3.3 2.9 2.9 3.1 3.7 3.7 3.6 3.6 03/06/2013
3.4 3.1 3.1 3.1 3.1 3.1 3.8 3.8 3.7 3.7 3.7 3.6 3.3 3.3 3.0 3.0 3.0 3.0 3.8 3.8 3.8 3.8 3.9 3.1 3.4 3.4 3.3 3.3 04/06/2013
3.8 3.8 3.7 3.7 3.7 3.7 4.4 4.4 4.4 4.4 3.9 3.9 3.7 3.7 3.6 3.6 3.6 3.6 4.5 4.4 4.4 3.9 4.0 3.8 3.8 3.8 3.7 3.7 05/06/2013
3.7 4.5 4.5 4.5 4.5 4.5 6.0 6.0 6.0 6.0 6.0 6.0 3.6 3.6 4.5 4.5 4.5 4.5 5.9 6.0 6.0 5.9 5.9 3.3 3.7 3.7 3.6 3.6 06/06/2013
4.8 4.2 4.2 4.2 4.2 4.2 6.2 6.2 6.3 6.4 5.6 5.6 4.7 4.7 4.2 4.2 4.2 4.2 6.1 6.2 6.2 5.5 5.5 4.4 4.8 4.8 4.7 4.7 07/06/2013
4.1 4.2 4.1 4.2 4.1 4.1 4.9 4.9 4.9 4.9 3.8 3.8 3.9 3.9 4.0 4.0 4.0 4.0 4.9 4.9 4.9 3.7 3.7 3.2 4.0 4.0 3.9 3.9 08/06/2013
3.4 3.2 3.1 3.2 3.1 3.1 2.0 2.0 2.0 2.0 1.7 1.7 3.3 3.3 3.1 3.1 3.1 3.1 2.0 2.0 2.0 1.7 1.7 1.8 3.4 3.4 3.3 3.3 09/06/2013
3.8 3.5 3.5 3.5 3.5 3.5 3.0 2.9 2.9 2.9 2.3 2.3 3.7 3.7 3.5 3.5 3.5 3.5 3.0 3.0 3.0 2.4 2.4 1.8 3.8 3.8 3.7 3.7 10/06/2013
2.0 1.4 1.4 1.4 1.4 1.4 2.8 2.8 2.8 2.7 2.4 2.4 2.0 2.0 1.4 1.4 1.4 1.4 2.8 2.8 2.8 2.5 2.5 2.8 2.0 2.0 2.0 2.0 11/06/2013
2.3 2.0 2.0 2.0 2.0 2.0 1.9 1.9 1.9 1.9 1.1 1.1 2.3 2.3 2.0 2.0 2.0 2.0 1.9 1.9 1.9 1.1 1.1 2.3 2.3 2.3 2.3 2.3 12/06/2013
2.2 1.4 1.4 1.4 1.4 1.4 1.5 1.5 1.5 1.4 1.0 1.0 2.2 2.2 1.4 1.4 1.4 1.4 1.6 1.5 1.5 1.1 1.1 2.2 2.2 2.2 2.2 2.2 13/06/2013
3.4 2.7 2.7 2.7 2.7 2.7 2.9 2.9 2.8 2.8 2.2 2.2 3.3 3.3 2.6 2.7 2.7 2.7 3.0 2.9 2.9 2.3 2.4 3.3 3.4 3.4 3.3 3.3 14/06/2013
4.2 3.8 3.7 3.8 3.8 3.7 3.2 3.1 3.1 3.1 2.0 2.0 4.1 4.1 3.7 3.7 3.7 3.7 3.2 3.2 3.1 2.0 2.0 3.6 4.1 4.1 4.1 4.1 15/06/2013
2.2 1.4 1.4 1.4 1.4 1.4 2.7 2.7 2.7 2.6 2.1 2.1 2.2 2.2 1.4 1.4 1.4 1.4 2.7 2.7 2.7 2.1 2.1 2.3 2.2 2.2 2.2 2.2 16/06/2013
2.8 2.3 2.3 2.3 2.3 2.3 2.8 2.8 2.7 2.7 2.3 2.3 2.8 2.8 2.3 2.3 2.3 2.3 2.8 2.8 2.8 2.4 2.4 3.4 2.8 2.8 2.8 2.8 17/06/2013
1.8 2.4 2.4 2.4 2.4 2.4 5.5 5.4 5.4 5.3 5.4 5.4 1.7 1.7 2.4 2.4 2.4 2.4 5.5 5.4 5.4 5.5 5.5 1.6 1.7 1.7 1.7 1.7 18/06/2013
3.3 3.2 3.1 3.2 3.2 3.1 2.5 2.5 2.4 2.4 1.9 1.9 3.2 3.2 3.1 3.1 3.1 3.1 2.6 2.5 2.5 1.9 1.9 2.6 3.2 3.2 3.2 3.1 19/06/2013
4.4 3.4 3.4 3.4 3.4 3.4 3.4 3.4 3.4 3.4 3.5 3.4 4.3 4.3 3.3 3.3 3.3 3.3 3.4 3.4 3.4 3.5 3.5 3.8 4.3 4.3 4.3 4.3 20/06/2013
2.0 1.3 1.3 1.3 1.3 1.3 1.3 1.3 1.3 1.3 1.1 1.1 2.0 2.0 1.2 1.2 1.2 1.2 1.3 1.3 1.3 1.2 1.2 1.7 2.0 2.0 2.0 2.0 21/06/2013
2.0 1.3 1.2 1.3 1.3 1.2 2.3 2.2 2.2 2.1 2.4 2.3 2.0 2.0 1.2 1.2 1.2 1.2 2.3 2.3 2.2 2.4 2.5 0.9 2.0 2.0 2.0 1.9 22/06/2013
1.9 1.5 1.5 1.5 1.5 1.5 1.4 1.4 1.3 1.3 1.4 1.4 1.8 1.8 1.5 1.5 1.5 1.5 1.4 1.4 1.4 1.4 1.5 1.1 1.9 1.9 1.8 1.8 23/06/2013
3.3 2.4 2.4 2.4 2.4 2.4 2.1 2.1 2.1 2.1 1.2 1.2 3.2 3.2 2.4 2.4 2.4 2.4 2.1 2.1 2.1 1.3 1.3 2.8 3.3 3.3 3.2 3.2 24/06/2013
3.5 2.6 2.6 2.6 2.6 2.6 2.4 2.4 2.4 2.4 1.5 1.5 3.5 3.5 2.6 2.6 2.6 2.6 2.5 2.4 2.4 1.6 1.6 4.0 3.5 3.5 3.5 3.5 25/06/2013
3.2 2.8 2.7 2.8 2.8 2.7 2.8 2.8 2.8 2.8 2.1 2.1 3.1 3.1 2.7 2.7 2.7 2.7 2.8 2.8 2.8 2.2 2.2 2.7 3.1 3.1 3.1 3.1 26/06/2013
4.0 3.3 3.3 3.3 3.3 3.3 2.7 2.6 2.6 2.6 2.6 2.5 3.9 3.9 3.3 3.3 3.3 3.3 2.7 2.7 2.6 2.6 2.7 2.4 3.9 3.9 3.9 3.9 27/06/2013
1.6 1.5 1.5 1.5 1.5 1.5 1.3 1.3 1.3 1.3 1.2 1.2 1.6 1.6 1.4 1.4 1.5 1.4 1.4 1.3 1.3 1.3 1.3 1.9 1.6 1.6 1.6 1.6 28/06/2013
3.6 3.4 3.4 3.4 3.4 3.4 2.5 2.4 2.3 2.3 1.5 1.5 3.5 3.5 3.3 3.3 3.3 3.3 2.5 2.4 2.4 1.6 1.7 2.1 3.5 3.5 3.5 3.4 29/06/2013
3.2 2.1 2.1 2.1 2.1 2.1 2.8 2.8 2.8 2.7 2.5 2.5 3.1 3.1 2.0 2.0 2.0 2.0 2.9 2.8 2.8 2.5 2.6 2.1 3.2 3.2 3.1 3.1 30/06/2013
4.0 2.8 2.8 2.8 2.8 2.8 3.7 3.6 3.5 3.5 3.4 3.4 3.9 3.9 2.7 2.7 2.7 2.7 3.7 3.7 3.6 3.5 3.6 2.3 4.0 4.0 3.9 3.9 01/07/2013
1.9 1.2 1.2 1.2 1.2 1.2 4.4 4.3 4.3 4.2 3.8 3.7 1.8 1.8 1.1 1.2 1.2 1.1 4.4 4.4 4.4 3.9 3.9 1.7 1.8 1.8 1.8 1.8 02/07/2013
3.1 2.4 2.4 2.4 2.4 2.4 1.7 1.7 1.7 1.7 1.4 1.4 3.1 3.1 2.3 2.3 2.3 2.3 1.7 1.7 1.7 1.4 1.4 1.8 3.1 3.1 3.1 3.1 03/07/2013
3.2 2.0 2.0 2.0 2.0 2.0 2.6 2.5 2.5 2.4 2.3 2.3 3.2 3.2 2.0 2.0 2.0 2.0 2.7 2.6 2.6 2.3 2.3 1.7 3.2 3.2 3.2 3.1 04/07/2013
4.7 4.2 4.1 4.2 4.2 4.1 3.5 3.5 3.4 3.4 3.0 3.0 4.6 4.6 4.1 4.1 4.1 4.1 3.6 3.5 3.5 3.0 3.1 4.1 4.6 4.6 4.6 4.6 05/07/2013
4.9 4.2 4.2 4.2 4.2 4.2 4.4 4.4 4.3 4.3 4.0 4.0 4.8 4.8 4.1 4.1 4.1 4.1 4.4 4.4 4.4 4.1 4.1 3.5 4.9 4.9 4.8 4.8 06/07/2013
5.3 5.0 5.0 5.0 5.0 5.0 6.1 6.1 6.1 6.1 5.7 5.6 5.2 5.2 4.9 4.9 4.9 4.9 6.1 6.1 6.1 5.7 5.7 4.4 5.2 5.2 5.2 5.2 07/07/2013
5.4 5.2 5.2 5.2 5.2 5.2 6.7 6.8 6.8 6.8 6.6 6.6 5.3 5.3 5.1 5.2 5.2 5.1 6.7 6.7 6.7 6.7 6.7 5.5 5.3 5.3 5.3 5.3 08/07/2013
5.6 5.3 5.3 5.3 5.3 5.3 5.8 5.7 5.7 5.7 5.8 5.8 5.5 5.5 5.2 5.2 5.2 5.2 5.8 5.8 5.7 5.8 5.8 5.8 5.6 5.6 5.5 5.5 09/07/2013
5.0 5.0 4.9 5.0 5.0 4.9 5.9 5.9 5.8 5.7 6.1 6.1 4.9 4.9 4.9 4.9 4.9 4.9 6.0 5.9 5.9 6.2 6.2 5.3 4.9 4.9 4.9 4.9 10/07/2013
4.7 4.6 4.6 4.6 4.6 4.6 4.4 4.3 4.2 4.2 4.0 4.0 4.6 4.6 4.5 4.5 4.5 4.5 4.6 4.4 4.4 4.2 4.3 4.1 4.6 4.6 4.6 4.5 11/07/2013
4.6 4.3 4.2 4.3 4.3 4.2 4.7 4.7 4.6 4.6 4.5 4.5 4.5 4.5 4.1 4.2 4.2 4.1 4.7 4.7 4.7 4.6 4.6 4.9 4.6 4.6 4.5 4.5 12/07/2013
4.6 3.9 3.9 3.9 3.9 3.9 3.5 3.4 3.4 3.3 3.3 3.3 4.5 4.5 3.8 3.8 3.8 3.8 3.6 3.5 3.5 3.4 3.4 5.0 4.5 4.5 4.5 4.4 13/07/2013
4.5 4.1 4.1 4.1 4.1 4.1 5.3 5.2 5.1 5.1 5.0 5.0 4.4 4.4 4.0 4.1 4.1 4.0 5.3 5.3 5.2 5.2 5.2 5.3 4.5 4.5 4.4 4.4 14/07/2013
4.9 4.6 4.6 4.6 4.6 4.6 5.1 5.1 5.1 5.1 4.9 4.9 4.8 4.8 4.5 4.5 4.5 4.5 5.1 5.1 5.1 5.0 5.0 4.8 4.9 4.9 4.8 4.8 15/07/2013
3.7 2.7 2.7 2.7 2.7 2.7 5.1 5.1 5.1 5.1 4.5 4.5 3.7 3.7 2.7 2.7 2.7 2.7 5.1 5.1 5.1 4.5 4.5 3.0 3.7 3.7 3.7 3.6 16/07/2013
4.9 4.2 4.2 4.2 4.2 4.2 5.7 5.6 5.6 5.6 5.1 5.1 4.9 4.9 4.2 4.2 4.2 4.2 5.6 5.7 5.6 5.1 5.1 4.6 4.9 4.9 4.9 4.9 17/07/2013
4.7 3.7 3.7 3.7 3.7 3.7 5.9 5.9 6.0 6.0 5.7 5.7 4.6 4.6 3.7 3.7 3.7 3.7 5.8 5.9 5.9 5.7 5.6 6.1 4.7 4.7 4.6 4.6 18/07/2013
5.7 5.5 5.5 5.5 5.5 5.5 7.3 7.3 7.4 7.4 7.5 7.5 5.7 5.7 5.5 5.5 5.5 5.5 7.2 7.3 7.3 7.5 7.5 5.7 5.7 5.7 5.7 5.7 19/07/2013
6.4 6.1 6.1 6.1 6.1 6.1 6.5 6.5 6.4 6.3 6.4 6.4 6.4 6.4 6.1 6.1 6.1 6.1 6.5 6.5 6.5 6.5 6.5 6.4 6.4 6.4 6.4 6.3 20/07/2013
5.5 5.3 5.3 5.3 5.3 5.3 5.9 5.9 5.9 5.9 5.9 5.9 5.4 5.4 5.2 5.3 5.3 5.2 5.9 5.9 5.9 5.9 5.9 4.8 5.5 5.5 5.4 5.4 21/07/2013
4.4 3.6 3.6 3.6 3.6 3.6 5.5 5.5 5.5 5.5 5.6 5.6 4.4 4.4 3.6 3.6 3.6 3.6 5.5 5.5 5.5 5.7 5.7 4.9 4.4 4.4 4.4 4.4 22/07/2013
2.3 2.0 2.0 2.0 2.0 2.0 5.5 5.5 5.5 5.5 5.3 5.3 2.2 2.2 2.0 2.0 2.0 2.0 5.5 5.5 5.5 5.4 5.4 2.0 2.2 2.2 2.2 2.2 23/07/2013
3.3 3.1 3.0 3.1 3.1 3.0 3.5 3.4 3.4 3.4 3.8 3.7 3.3 3.3 3.0 3.0 3.0 3.0 3.5 3.5 3.5 3.8 3.8 2.2 3.3 3.3 3.3 3.3 24/07/2013
3.8 3.8 3.8 3.8 3.8 3.8 4.4 4.4 4.3 4.3 4.0 4.0 3.8 3.8 3.8 3.8 3.8 3.8 4.4 4.4 4.4 4.1 4.1 3.1 3.8 3.8 3.8 3.8 25/07/2013
4.3 2.9 2.8 2.9 2.9 2.8 3.9 4.0 4.0 4.0 3.5 3.5 4.3 4.3 2.8 2.8 2.8 2.8 3.9 3.9 4.0 3.6 3.6 4.0 4.3 4.3 4.3 4.3 26/07/2013
2.7 2.6 2.6 2.6 2.6 2.6 4.2 4.2 4.2 4.2 2.6 2.6 2.7 2.7 2.6 2.6 2.6 2.6 4.2 4.2 4.2 2.7 2.7 2.9 2.7 2.7 2.7 2.7 27/07/2013
3.7 3.8 3.8 3.8 3.8 3.8 3.5 3.5 3.4 3.4 2.4 2.3 3.7 3.7 3.7 3.7 3.8 3.7 3.6 3.5 3.5 2.4 2.5 4.9 3.7 3.7 3.7 3.6 28/07/2013
4.5 3.6 3.6 3.6 3.6 3.6 3.0 2.9 2.9 2.8 2.3 2.3 4.5 4.5 3.5 3.5 3.5 3.5 3.0 3.0 2.9 2.4 2.4 4.7 4.5 4.5 4.5 4.5 29/07/2013
1.3 1.1 1.1 1.1 1.1 1.1 2.2 2.2 2.2 2.2 2.5 2.5 1.3 1.3 1.1 1.1 1.1 1.1 2.2 2.2 2.2 2.5 2.5 1.6 1.3 1.3 1.3 1.2 30/07/2013
3.8 2.8 2.8 2.8 2.8 2.8 2.6 2.6 2.5 2.5 2.0 2.0 3.7 3.7 2.8 2.8 2.8 2.8 2.6 2.6 2.6 2.0 2.0 2.5 3.7 3.7 3.7 3.7 31/07/2013
