# 460 461 462 463 464 465 489 490 491 492 493 494 518 519 520 521 522 523 547 548 549 550 551 575 576 577 578 579 Date
0.8 0.9 0.9 0.9 0.9 0.9 1.7 1.7 1.7 1.7 1.8 1.8 0.8 0.8 0.8 0.8 0.8 0.8 1.7 1.7 1.7 1.8 1.8 1.1 0.8 0.8 0.8 0.8 01/08/1981
1.8 1.6 1.6 1.6 1.6 1.6 2.0 2.0 2.0 2.0 1.9 1.9 1.8 1.8 1.6 1.6 1.6 1.6 2.0 2.0 2.0 1.9 1.9 1.9 1.8 1.8 1.8 1.8 02/08/1981
4.4 2.6 2.6 2.6 2.6 2.6 3.6 3.6 3.5 3.5 3.7 3.7 4.3 4.3 2.5 2.5 2.5 2.5 3.7 3.6 3.6 3.8 3.8 4.7 4.3 4.3 4.3 4.3 03/08/1981
4.9 4.1 4.1 4.1 4.1 4.1 4.4 4.3 4.3 4.3 3.9 3.9 4.9 4.9 4.0 4.0 4.0 4.0 4.4 4.3 4.3 3.9 3.9 5.1 4.9 4.9 4.9 4.8 04/08/1981
5.1 4.2 4.2 4.2 4.2 4.2 4.7 4.7 4.7 4.7 4.7 4.7 5.1 5.1 4.2 4.2 4.2 4.2 4.7 4.7 4.7 4.7 4.7 5.4 5.1 5.1 5.1 5.1 05/08/1981
2.1 2.5 2.5 2.5 2.5 2.5 4.2 4.2 4.2 4.1 4.2 4.2 2.1 2.1 2.5 2.5 2.5 2.5 4.2 4.2 4.2 4.2 4.3 1.8 2.1 2.1 2.1 2.1 06/08/1981
1.1 1.3 1.3 1.3 1.3 1.3 3.1 3.0 3.0 2.9 3.3 3.3 1.1 1.1 1.3 1.3 1.3 1.3 3.1 3.1 3.1 3.3 3.3 1.3 1.1 1.1 1.1 1.1 07/08/1981
2.2 2.5 2.4 2.5 2.5 2.4 2.9 2.9 2.9 2.8 2.8 2.7 2.1 2.1 2.4 2.4 2.4 2.4 3.0 2.9 2.9 2.8 2.8 2.0 2.2 2.2 2.1 2.1 08/08/1981
1.0 1.1 1.1 1.1 1.1 1.1 1.9 1.8 1.8 1.8 1.5 1.4 1.0 1.0 1.1 1.1 1.1 1.1 1.9 1.9 1.8 1.5 1.5 1.0 1.0 1.0 1.0 1.0 09/08/1981
2.0 2.0 2.0 2.0 2.0 2.0 1.5 1.5 1.5 1.5 1.6 1.6 1.9 1.9 2.0 2.0 2.0 2.0 1.4 1.5 1.5 1.6 1.6 2.1 2.0 2.0 1.9 1.9 10/08/1981
3.7 3.4 3.3 3.4 3.3 3.3 2.1 2.1 2.1 2.1 1.9 1.9 3.6 3.6 3.3 3.3 3.3 3.3 2.1 2.1 2.1 1.9 1.9 3.9 3.7 3.7 3.6 3.6 11/08/1981
3.5 2.7 2.7 2.7 2.7 2.7 3.1 3.0 3.0 3.0 3.2 3.2 3.5 3.5 2.7 2.7 2.7 2.7 3.1 3.0 3.0 3.3 3.3 3.5 3.5 3.5 3.5 3.5 12/08/1981
3.8 2.8 2.7 2.8 2.7 2.7 2.9 2.9 2.9 2.9 2.7 2.7 3.7 3.7 2.7 2.7 2.7 2.7 2.9 2.9 2.9 2.7 2.7 3.9 3.7 3.7 3.7 3.7 13/08/1981
4.4 4.6 4.6 4.6 4.6 4.6 3.7 3.7 3.7 3.7 4.3 4.3 4.3 4.3 4.5 4.5 4.5 4.5 3.7 3.7 3.7 4.3 4.3 4.3 4.4 4.4 4.3 4.3 14/08/1981
4.6 4.2 4.2 4.2 4.2 4.2 4.0 4.0 3.9 3.9 3.6 3.6 4.6 4.6 4.2 4.2 4.2 4.2 4.0 4.0 4.0 3.6 3.6 5.0 4.6 4.6 4.6 4.6 15/08/1981
3.4 3.3 3.3 3.3 3.3 3.3 3.8 3.8 3.8 3.8 3.8 3.8 3.4 3.4 3.2 3.2 3.2 3.2 3.8 3.8 3.8 3.8 3.8 3.3 3.4 3.4 3.4 3.4 16/08/1981
2.6 2.7 2.7 2.7 2.7 2.7 4.3 4.3 4.2 4.2 3.7 3.7 2.6 2.6 2.7 2.7 2.7 2.7 4.3 4.3 4.3 3.7 3.7 2.9 2.6 2.6 2.6 2.6 17/08/1981
3.4 3.2 3.1 3.2 3.2 3.1 3.3 3.2 3.2 3.2 2.9 2.9 3.4 3.4 3.1 3.1 3.1 3.1 3.3 3.2 3.2 2.9 2.9 3.5 3.4 3.4 3.4 3.4 18/08/1981
1.8 2.1 2.0 2.1 2.1 2.0 2.9 2.9 2.9 2.9 2.6 2.6 1.8 1.8 2.0 2.0 2.0 2.0 2.9 2.9 2.9 2.6 2.6 1.8 1.8 1.8 1.8 1.8 19/08/1981
1.4 1.8 1.8 1.8 1.8 1.8 1.6 1.5 1.5 1.5 1.2 1.2 1.4 1.4 1.7 1.8 1.8 1.7 1.6 1.6 1.6 1.2 1.2 1.7 1.4 1.4 1.4 1.4 20/08/1981
2.5 3.3 3.2 3.3 3.3 3.2 2.9 2.8 2.8 2.8 2.6 2.5 2.5 2.5 3.2 3.2 3.2 3.2 2.9 2.8 2.8 2.6 2.6 2.2 2.5 2.5 2.5 2.5 21/08/1981
1.5 2.2 2.2 2.2 2.2 2.2 2.8 2.8 2.8 2.8 2.0 2.0 1.5 1.5 2.1 2.1 2.1 2.1 2.9 2.8 2.8 2.0 2.0 1.2 1.5 1.5 1.5 1.4 22/08/1981
2.0 3.4 3.4 3.4 3.4 3.4 3.2 3.2 3.1 3.1 2.7 2.7 1.9 1.9 3.3 3.3 3.3 3.3 3.2 3.2 3.2 2.7 2.8 1.6 2.0 2.0 1.9 1.9 23/08/1981
2.0 1.6 1.6 1.6 1.6 1.6 1.3 1.3 1.2 1.2 1.7 1.7 2.0 2.0 1.6 1.6 1.6 1.6 1.4 1.3 1.3 1.7 1.8 2.2 2.0 2.0 2.0 1.9 24/08/1981
3.1 2.3 2.3 2.3 2.3 2.3 2.5 2.5 2.5 2.5 2.4 2.4 3.0 3.0 2.2 2.2 2.2 2.2 2.5 2.5 2.5 2.4 2.4 3.3 3.0 3.0 3.0 3.0 25/08/1981
2.8 3.3 3.3 3.3 3.3 3.3 3.4 3.3 3.3 3.3 3.0 3.0 2.8 2.8 3.2 3.2 3.2 3.2 3.4 3.4 3.3 3.0 3.0 2.8 2.8 2.8 2.7 2.7 26/08/1981
3.8 3.4 3.4 3.4 3.4 3.4 2.4 2.3 2.3 2.3 2.4 2.4 3.7 3.7 3.3 3.3 3.3 3.3 2.4 2.4 2.3 2.4 2.5 4.0 3.8 3.8 3.7 3.7 27/08/1981
3.9 3.4 3.4 3.4 3.4 3.4 2.8 2.8 2.8 2.8 2.5 2.5 3.8 3.8 3.4 3.4 3.4 3.4 2.8 2.8 2.8 2.5 2.5 4.2 3.9 3.9 3.8 3.8 28/08/1981
3.3 3.3 3.3 3.3 3.3 3.3 2.6 2.6 2.5 2.5 2.4 2.4 3.3 3.3 3.2 3.2 3.2 3.2 2.6 2.6 2.6 2.4 2.5 3.2 3.3 3.3 3.3 3.2 29/08/1981
3.7 3.4 3.4 3.4 3.4 3.4 2.5 2.5 2.5 2.5 2.1 2.1 3.7 3.7 3.3 3.3 3.3 3.3 2.6 2.5 2.5 2.1 2.1 3.5 3.7 3.7 3.7 3.7 30/08/1981
2.2 1.8 1.8 1.8 1.8 1.8 1.2 1.2 1.2 1.2 1.3 1.3 2.3 2.3 1.8 1.8 1.8 1.8 1.2 1.2 1.2 1.2 1.2 2.3 2.2 2.2 2.3 2.3 31/08/1981
3.3 3.1 3.1 3.1 3.1 3.1 2.7 2.7 2.7 2.7 2.6 2.6 3.2 3.2 3.1 3.1 3.1 3.1 2.7 2.7 2.7 2.6 2.6 3.2 3.2 3.2 3.2 3.2 01/09/1981
2.8 2.8 2.8 2.8 2.8 2.8 2.0 2.0 2.0 2.0 2.0 2.0 2.7 2.7 2.8 2.8 2.8 2.8 2.0 2.0 2.0 2.0 2.0 2.8 2.7 2.7 2.7 2.7 02/09/1981
3.5 3.5 3.5 3.5 3.5 3.5 2.8 2.8 2.8 2.8 2.2 2.2 3.4 3.4 3.5 3.5 3.5 3.5 2.8 2.8 2.8 2.2 2.2 3.4 3.4 3.4 3.4 3.4 03/09/1981
3.2 3.0 3.0 3.0 3.0 3.0 3.3 3.3 3.3 3.3 3.2 3.2 3.2 3.2 3.0 3.0 3.0 3.0 3.4 3.3 3.3 3.2 3.2 3.2 3.2 3.2 3.2 3.2 04/09/1981
3.4 3.2 3.2 3.2 3.2 3.2 4.1 4.1 4.0 4.0 3.4 3.4 3.4 3.4 3.2 3.2 3.2 3.2 4.1 4.1 4.1 3.5 3.5 3.6 3.4 3.4 3.4 3.4 05/09/1981
3.4 3.1 3.1 3.1 3.1 3.1 4.2 4.1 4.1 4.1 3.6 3.5 3.4 3.4 3.1 3.1 3.1 3.1 4.2 4.2 4.2 3.6 3.6 3.7 3.4 3.4 3.4 3.4 06/09/1981
2.4 2.2 2.2 2.2 2.2 2.2 2.3 2.3 2.3 2.3 1.6 1.6 2.3 2.3 2.1 2.1 2.1 2.1 2.3 2.3 2.3 1.5 1.5 1.8 2.3 2.3 2.3 2.3 07/09/1981
2.2 2.1 2.0 2.1 2.0 2.0 2.3 2.3 2.3 2.3 2.6 2.6 2.1 2.1 2.0 2.0 2.0 2.0 2.3 2.3 2.3 2.7 2.7 1.9 2.2 2.2 2.1 2.1 08/09/1981
3.2 3.0 3.0 3.0 3.0 3.0 1.7 1.7 1.7 1.7 1.8 1.8 3.2 3.2 2.9 2.9 2.9 2.9 1.7 1.7 1.7 1.8 1.8 3.3 3.2 3.2 3.2 3.2 09/09/1981
4.3 3.7 3.6 3.7 3.6 3.6 2.4 2.4 2.4 2.4 2.2 2.2 4.3 4.3 3.6 3.6 3.6 3.6 2.4 2.4 2.4 2.2 2.2 4.0 4.3 4.3 4.3 4.3 10/09/1981
2.9 2.8 2.8 2.8 2.8 2.8 2.6 2.6 2.6 2.6 2.2 2.2 2.8 2.8 2.8 2.8 2.8 2.8 2.7 2.6 2.6 2.2 2.2 2.7 2.9 2.9 2.8 2.8 11/09/1981
0.9 1.0 1.0 1.0 1.0 0.9 2.2 2.2 2.1 2.1 1.8 1.8 0.9 0.9 0.9 0.9 0.9 0.9 2.2 2.2 2.2 1.8 1.8 0.8 0.9 0.9 0.9 0.9 12/09/1981
2.1 2.2 2.2 2.2 2.2 2.2 2.0 2.0 2.0 2.1 2.6 2.6 2.0 2.0 2.2 2.2 2.2 2.2 2.0 2.0 2.0 2.7 2.7 1.9 2.0 2.0 2.0 2.0 13/09/1981
0.8 0.7 0.6 0.7 0.6 0.6 1.6 1.6 1.6 1.6 1.7 1.7 0.8 0.8 0.6 0.6 0.6 0.6 1.6 1.6 1.6 1.7 1.8 0.9 0.8 0.8 0.8 0.8 14/09/1981
1.7 1.4 1.4 1.4 1.4 1.4 0.8 0.8 0.8 0.9 0.6 0.6 1.7 1.7 1.3 1.3 1.3 1.3 0.7 0.8 0.8 0.6 0.6 1.6 1.7 1.7 1.6 1.6 15/09/1981
1.6 1.5 1.5 1.5 1.5 1.5 2.0 1.9 1.9 1.9 2.0 2.0 1.6 1.6 1.5 1.5 1.5 1.5 2.0 2.0 1.9 2.1 2.1 2.0 1.6 1.6 1.6 1.5 16/09/1981
1.5 1.8 1.7 1.8 1.8 1.7 1.4 1.4 1.4 1.4 1.5 1.5 1.5 1.5 1.7 1.7 1.7 1.7 1.4 1.4 1.4 1.5 1.5 1.4 1.5 1.5 1.5 1.5 17/09/1981
2.1 1.5 1.5 1.5 1.5 1.5 0.9 0.9 1.0 1.0 1.1 1.1 2.1 2.1 1.5 1.5 1.5 1.5 0.9 0.9 0.9 1.0 1.0 1.9 2.1 2.1 2.0 2.0 18/09/1981
1.7 1.6 1.6 1.6 1.6 1.6 1.9 1.9 1.9 1.8 1.8 1.8 1.7 1.7 1.6 1.6 1.6 1.6 1.9 1.9 1.9 1.9 1.9 1.9 1.7 1.7 1.7 1.7 19/09/1981
0.3 0.4 0.4 0.4 0.4 0.4 1.1 1.1 1.1 1.1 1.4 1.4 0.3 0.3 0.4 0.4 0.4 0.4 1.1 1.1 1.1 1.4 1.4 0.2 0.3 0.3 0.3 0.3 20/09/1981
2.4 2.0 1.9 2.0 1.9 1.9 2.2 2.1 2.1 2.1 2.2 2.2 2.4 2.4 1.9 1.9 1.9 1.9 2.2 2.2 2.2 2.3 2.3 2.6 2.4 2.4 2.3 2.3 21/09/1981
1.5 1.6 1.6 1.6 1.6 1.6 1.7 1.7 1.6 1.6 1.9 1.9 1.4 1.4 1.5 1.5 1.5 1.5 1.7 1.7 1.7 1.9 1.9 1.4 1.4 1.4 1.4 1.4 22/09/1981
2.5 2.3 2.3 2.3 2.3 2.3 1.5 1.5 1.5 1.5 1.6 1.6 2.4 2.4 2.3 2.3 2.3 2.3 1.5 1.5 1.5 1.6 1.6 2.7 2.4 2.4 2.4 2.4 23/09/1981
0.8 1.2 1.2 1.2 1.2 1.2 2.0 1.9 1.9 1.9 1.8 1.8 0.8 0.8 1.2 1.2 1.2 1.2 2.0 2.0 1.9 1.9 1.9 0.9 0.8 0.8 0.8 0.8 24/09/1981
2.0 1.8 1.8 1.8 1.8 1.8 0.5 0.5 0.5 0.5 0.5 0.5 2.0 2.0 1.8 1.8 1.8 1.8 0.4 0.5 0.5 0.5 0.5 2.2 2.0 2.0 2.0 2.0 25/09/1981
1.8 1.9 1.9 1.9 1.9 1.9 1.3 1.3 1.3 1.3 1.1 1.1 1.7 1.7 1.8 1.8 1.8 1.8 1.4 1.3 1.3 1.1 1.1 1.8 1.7 1.7 1.7 1.7 26/09/1981
1.5 1.0 1.0 1.0 1.0 1.0 1.5 1.5 1.5 1.4 1.5 1.5 1.4 1.4 1.0 1.0 1.0 1.0 1.5 1.5 1.5 1.5 1.6 1.7 1.5 1.5 1.4 1.4 27/09/1981
1.8 1.8 1.7 1.8 1.8 1.7 1.0 1.0 1.0 0.9 0.8 0.8 1.8 1.8 1.7 1.7 1.7 1.7 1.0 1.0 1.0 0.9 0.9 1.9 1.8 1.8 1.8 1.8 28/09/1981
2.0 1.9 1.9 1.9 1.9 1.9 1.7 1.7 1.7 1.7 1.5 1.5 2.0 2.0 1.9 1.9 1.9 1.9 1.7 1.7 1.7 1.5 1.5 1.9 2.0 2.0 2.0 2.0 29/09/1981
1.3 2.2 2.2 2.2 2.2 2.2 1.5 1.5 1.5 1.5 1.4 1.4 1.3 1.3 2.1 2.2 2.2 2.1 1.6 1.5 1.5 1.4 1.4 1.1 1.3 1.3 1.3 1.3 30/09/1981
1.0 1.2 1.2 1.2 1.2 1.2 1.4 1.4 1.4 1.4 1.6 1.6 1.0 1.0 1.2 1.2 1.2 1.2 1.4 1.4 1.4 1.7 1.7 0.9 1.0 1.0 1.1 1.1 01/10/1981
1.5 1.4 1.4 1.4 1.4 1.4 1.2 1.2 1.2 1.2 1.0 1.0 1.4 1.4 1.4 1.4 1.4 1.4 1.2 1.2 1.2 1.0 1.0 1.6 1.4 1.4 1.4 1.4 02/10/1981
1.7 1.9 1.9 1.9 1.9 1.9 1.4 1.4 1.4 1.4 1.2 1.2 1.7 1.7 1.8 1.8 1.8 1.8 1.4 1.4 1.4 1.2 1.2 1.6 1.7 1.7 1.7 1.7 03/10/1981
1.1 1.1 1.1 1.1 1.1 1.1 1.3 1.2 1.2 1.2 1.0 0.9 1.1 1.1 1.1 1.1 1.1 1.1 1.3 1.2 1.2 1.0 1.0 1.2 1.1 1.1 1.1 1.1 04/10/1981
1.3 1.2 1.2 1.2 1.2 1.2 0.9 0.9 0.9 0.9 1.1 1.1 1.3 1.3 1.2 1.2 1.2 1.2 0.9 0.9 0.9 1.2 1.2 1.4 1.3 1.3 1.3 1.3 05/10/1981
1.1 1.0 1.0 1.0 1.0 1.0 1.0 1.0 1.0 1.0 1.1 1.1 1.1 1.1 1.0 1.0 1.0 1.0 1.0 1.0 1.0 1.1 1.1 1.0 1.1 1.1 1.1 1.1 06/10/1981
1.3 1.3 1.3 1.3 1.3 1.3 1.4 1.3 1.3 1.3 1.4 1.4 1.3 1.3 1.3 1.3 1.3 1.3 1.4 1.3 1.3 1.5 1.5 1.3 1.3 1.3 1.3 1.3 07/10/1981
1.4 1.3 1.3 1.3 1.3 1.3 1.0 1.0 1.0 1.0 0.9 0.9 1.4 1.4 1.3 1.3 1.3 1.3 1.0 1.0 1.0 1.0 1.0 1.3 1.4 1.4 1.4 1.4 08/10/1981
1.5 1.5 1.5 1.5 1.5 1.5 1.3 1.3 1.3 1.3 1.3 1.3 1.5 1.5 1.5 1.5 1.5 1.5 1.3 1.3 1.3 1.4 1.4 1.6 1.5 1.5 1.5 1.4 09/10/1981
0.9 0.8 0.8 0.8 0.8 0.8 0.9 0.9 0.9 0.9 0.8 0.8 0.9 0.9 0.8 0.8 0.8 0.8 0.9 0.9 0.9 0.9 0.9 0.9 0.9 0.9 0.9 0.9 10/10/1981
2.3 2.2 2.2 2.2 2.2 2.2 1.6 1.6 1.5 1.5 1.4 1.4 2.3 2.3 2.2 2.2 2.2 2.2 1.6 1.6 1.6 1.4 1.4 2.3 2.3 2.3 2.3 2.3 11/10/1981
0.6 0.6 0.6 0.6 0.6 0.6 0.4 0.4 0.4 0.5 0.5 0.5 0.6 0.6 0.6 0.6 0.6 0.6 0.4 0.4 0.4 0.5 0.5 0.8 0.6 0.6 0.6 0.6 12/10/1981
1.9 1.7 1.7 1.7 1.7 1.7 1.1 1.1 1.1 1.0 1.1 1.1 1.8 1.8 1.6 1.7 1.7 1.6 1.1 1.1 1.1 1.1 1.1 2.2 1.9 1.9 1.8 1.8 13/10/1981
0.7 0.4 0.4 0.4 0.4 0.4 0.2 0.2 0.2 0.2 0.3 0.3 0.8 0.8 0.4 0.4 0.4 0.4 0.2 0.2 0.2 0.3 0.3 0.8 0.7 0.7 0.8 0.8 14/10/1981
0.5 0.4 0.4 0.4 0.4 0.4 0.4 0.4 0.4 0.4 0.5 0.5 0.5 0.5 0.4 0.4 0.4 0.4 0.4 0.4 0.4 0.5 0.5 0.5 0.5 0.5 0.5 0.5 15/10/1981
0.7 0.6 0.6 0.6 0.6 0.6 0.7 0.7 0.7 0.7 0.6 0.6 0.7 0.7 0.6 0.6 0.6 0.6 0.8 0.7 0.7 0.6 0.7 0.8 0.7 0.7 0.7 0.7 16/10/1981
0.4 0.6 0.7 0.6 0.6 0.7 0.5 0.5 0.4 0.4 0.7 0.7 0.4 0.4 0.7 0.7 0.7 0.7 0.5 0.5 0.5 0.7 0.7 0.3 0.4 0.4 0.4 0.4 17/10/1981
0.8 1.0 1.0 1.0 1.0 1.0 0.5 0.5 0.5 0.5 0.7 0.7 0.7 0.7 1.0 1.0 1.0 1.0 0.6 0.5 0.5 0.7 0.8 0.7 0.7 0.7 0.7 0.7 18/10/1981
0.9 1.4 1.4 1.4 1.4 1.4 1.0 0.9 0.9 0.9 0.9 0.9 0.9 0.9 1.4 1.4 1.4 1.4 1.0 1.0 0.9 0.9 0.9 0.8 0.9 0.9 0.9 0.9 19/10/1981
0.7 0.8 0.8 0.8 0.8 0.8 0.2 0.2 0.2 0.2 0.2 0.2 0.7 0.7 0.8 0.8 0.8 0.8 0.2 0.2 0.2 0.2 0.2 0.9 0.7 0.7 0.7 0.8 20/10/1981
0.6 1.0 1.0 1.0 1.0 1.0 0.8 0.8 0.7 0.7 0.8 0.8 0.6 0.6 1.0 1.0 1.0 1.0 0.8 0.8 0.8 0.8 0.8 0.6 0.6 0.6 0.6 0.6 21/10/1981
0.8 0.7 0.7 0.7 0.7 0.7 0.7 0.7 0.7 0.6 0.5 0.5 0.8 0.8 0.7 0.7 0.7 0.7 0.7 0.7 0.7 0.5 0.5 0.9 0.8 0.8 0.8 0.8 22/10/1981
1.6 1.4 1.4 1.4 1.4 1.4 0.8 0.8 0.8 0.8 0.6 0.6 1.5 1.5 1.4 1.4 1.4 1.4 0.9 0.8 0.8 0.6 0.6 1.8 1.5 1.5 1.5 1.5 23/10/1981
0.6 0.9 0.9 0.9 0.9 0.9 0.8 0.8 0.8 0.7 0.7 0.6 0.5 0.5 0.9 0.9 0.9 0.9 0.8 0.8 0.8 0.7 0.7 0.4 0.6 0.6 0.5 0.5 24/10/1981
0.2 0.5 0.5 0.5 0.5 0.5 0.8 0.8 0.8 0.8 0.8 0.8 0.2 0.2 0.5 0.5 0.5 0.5 0.8 0.8 0.8 0.8 0.8 0.3 0.2 0.2 0.2 0.2 25/10/1981
0.5 0.6 0.6 0.6 0.6 0.6 0.4 0.4 0.4 0.4 0.4 0.4 0.5 0.5 0.6 0.6 0.6 0.6 0.4 0.4 0.4 0.4 0.4 0.9 0.5 0.5 0.5 0.4 26/10/1981
0.6 0.5 0.5 0.5 0.5 0.5 0.4 0.3 0.3 0.3 0.4 0.4 0.6 0.6 0.4 0.4 0.4 0.4 0.4 0.4 0.4 0.4 0.4 0.9 0.6 0.6 0.6 0.6 27/10/1981
0.5 0.9 0.9 0.9 0.9 0.9 0.9 0.9 0.9 0.9 1.0 0.9 0.5 0.5 0.9 0.9 0.9 0.9 1.0 0.9 0.9 1.0 1.0 0.5 0.5 0.5 0.5 0.5 28/10/1981
0.6 0.9 0.9 0.9 0.9 0.9 0.6 0.6 0.6 0.5 0.5 0.5 0.6 0.6 0.9 0.9 0.9 0.9 0.6 0.6 0.6 0.6 0.6 0.5 0.6 0.6 0.6 0.6 29/10/1981
0.8 0.9 0.9 0.9 0.9 0.9 1.1 1.1 1.1 1.1 1.1 1.1 0.7 0.7 0.9 0.9 0.9 0.9 1.1 1.1 1.1 1.1 1.1 0.7 0.7 0.7 0.7 0.7 30/10/1981
0.4 0.5 0.6 0.5 0.6 0.6 0.7 0.6 0.6 0.6 0.6 0.6 0.4 0.4 0.6 0.6 0.6 0.6 0.7 0.6 0.6 0.6 0.7 0.3 0.4 0.4 0.4 0.4 31/10/1981
0.6 0.9 0.9 0.9 0.9 0.9 0.9 0.9 0.9 0.9 0.7 0.7 0.6 0.6 0.9 0.9 0.9 0.9 0.9 0.9 0.9 0.8 0.8 0.6 0.6 0.6 0.6 0.5 01/11/1981
0.5 0.8 0.7 0.8 0.8 0.7 1.0 0.9 0.9 0.9 1.0 1.0 0.5 0.5 0.7 0.7 0.7 0.7 1.0 1.0 0.9 1.1 1.1 0.6 0.5 0.5 0.5 0.5 02/11/1981
0.9 1.1 1.0 1.1 1.1 1.0 1.4 1.4 1.4 1.4 1.3 1.3 0.9 0.9 1.0 1.0 1.0 1.0 1.5 1.4 1.4 1.4 1.4 1.0 0.9 0.9 0.9 0.9 03/11/1981
0.4 0.5 0.4 0.5 0.5 0.4 0.6 0.6 0.5 0.5 0.7 0.7 0.4 0.4 0.4 0.4 0.4 0.4 0.7 0.6 0.6 0.7 0.8 0.4 0.4 0.4 0.4 0.4 04/11/1981
0.8 0.8 0.8 0.8 0.8 0.8 0.7 0.6 0.6 0.5 0.6 0.6 0.7 0.7 0.8 0.8 0.8 0.8 0.7 0.7 0.6 0.6 0.5 0.8 0.8 0.8 0.7 0.7 05/11/1981
1.0 1.1 1.1 1.1 1.1 1.1 0.5 0.5 0.5 0.5 0.5 0.5 1.0 1.0 1.0 1.0 1.0 1.0 0.5 0.5 0.5 0.5 0.5 1.1 1.0 1.0 1.0 0.9 06/11/1981
0.6 0.7 0.7 0.7 0.7 0.7 0.6 0.5 0.5 0.5 0.6 0.6 0.6 0.6 0.7 0.7 0.7 0.7 0.6 0.6 0.6 0.6 0.6 0.7 0.6 0.6 0.6 0.6 07/11/1981
1.1 0.9 0.9 0.9 0.9 0.9 0.6 0.6 0.6 0.5 0.6 0.6 1.0 1.0 0.9 0.9 0.9 0.9 0.6 0.6 0.6 0.7 0.7 1.2 1.1 1.1 1.0 1.0 08/11/1981
0.7 0.7 0.7 0.7 0.7 0.7 0.4 0.4 0.4 0.4 0.4 0.4 0.6 0.6 0.6 0.6 0.6 0.6 0.4 0.4 0.4 0.4 0.4 0.9 0.7 0.7 0.6 0.6 09/11/1981
0.6 0.5 0.5 0.5 0.5 0.5 0.3 0.3 0.3 0.3 0.3 0.3 0.6 0.6 0.5 0.5 0.5 0.5 0.3 0.3 0.3 0.3 0.3 0.6 0.6 0.6 0.6 0.6 10/11/1981
1.3 1.3 1.3 1.3 1.3 1.3 1.0 1.0 1.0 0.9 0.5 0.4 1.3 1.3 1.4 1.4 1.4 1.4 1.1 1.0 1.0 0.5 0.5 1.3 1.3 1.3 1.3 1.3 11/11/1981
0.3 0.3 0.3 0.3 0.3 0.3 0.3 0.3 0.3 0.3 0.3 0.3 0.2 0.2 0.2 0.3 0.3 0.2 0.4 0.3 0.3 0.3 0.4 0.4 0.3 0.3 0.2 0.2 12/11/1981
1.4 1.5 1.5 1.5 1.5 1.5 0.9 0.8 0.8 0.7 1.0 1.0 1.3 1.3 1.4 1.4 1.4 1.4 0.9 0.8 0.8 1.0 1.0 1.4 1.4 1.4 1.3 1.3 13/11/1981
1.1 1.2 1.2 1.2 1.2 1.2 0.6 0.5 0.5 0.5 0.5 0.5 1.0 1.0 1.2 1.2 1.2 1.2 0.6 0.6 0.5 0.5 0.5 1.1 1.0 1.0 1.0 1.0 14/11/1981
0.8 0.6 0.6 0.6 0.6 0.6 0.2 0.1 0.1 0.1 0.1 0.1 0.7 0.7 0.6 0.6 0.6 0.6 0.2 0.1 0.1 0.1 0.1 0.9 0.8 0.8 0.7 0.7 15/11/1981
0.6 0.7 0.7 0.7 0.7 0.7 0.5 0.5 0.4 0.4 0.4 0.4 0.6 0.6 0.6 0.6 0.6 0.6 0.5 0.5 0.5 0.4 0.4 0.6 0.6 0.6 0.6 0.6 16/11/1981
0.3 0.4 0.4 0.4 0.4 0.4 0.3 0.3 0.3 0.3 0.3 0.3 0.3 0.3 0.3 0.4 0.4 0.3 0.4 0.3 0.3 0.3 0.3 0.3 0.3 0.3 0.3 0.3 17/11/1981
0.4 0.6 0.6 0.6 0.6 0.6 0.7 0.7 0.6 0.6 0.6 0.6 0.4 0.4 0.6 0.6 0.6 0.6 0.7 0.7 0.7 0.6 0.6 0.4 0.4 0.4 0.4 0.4 18/11/1981
0.5 0.7 0.7 0.7 0.7 0.7 0.7 0.7 0.7 0.7 0.7 0.7 0.5 0.5 0.6 0.6 0.6 0.6 0.7 0.7 0.7 0.7 0.7 0.5 0.5 0.5 0.5 0.4 19/11/1981
1.6 2.0 2.0 2.0 2.0 2.0 1.4 1.3 1.3 1.3 1.4 1.4 1.6 1.6 2.0 2.0 2.0 2.0 1.4 1.4 1.3 1.5 1.5 1.5 1.6 1.6 1.6 1.6 20/11/1981
0.6 0.7 0.7 0.7 0.7 0.7 0.7 0.7 0.7 0.7 0.4 0.4 0.6 0.6 0.7 0.7 0.7 0.7 0.8 0.7 0.7 0.5 0.5 0.5 0.6 0.6 0.6 0.6 21/11/1981
0.5 0.7 0.7 0.7 0.7 0.7 0.6 0.5 0.5 0.4 0.4 0.4 0.5 0.5 0.7 0.7 0.7 0.7 0.6 0.6 0.5 0.4 0.5 0.5 0.5 0.5 0.5 0.5 22/11/1981
1.2 1.2 1.2 1.2 1.2 1.2 1.0 0.9 0.9 0.9 0.8 0.8 1.2 1.2 1.1 1.1 1.1 1.1 1.0 1.0 0.9 0.8 0.8 1.2 1.2 1.2 1.2 1.2 23/11/1981
1.5 1.2 1.2 1.2 1.2 1.2 1.2 1.2 1.2 1.2 1.1 1.1 1.5 1.5 1.2 1.2 1.2 1.2 1.2 1.2 1.2 1.1 1.1 1.9 1.5 1.5 1.5 1.5 24/11/1981
1.2 0.9 0.9 0.9 0.9 0.9 0.6 0.6 0.6 0.6 0.6 0.6 1.2 1.2 0.9 0.9 0.9 0.9 0.6 0.6 0.6 0.6 0.6 1.4 1.2 1.2 1.2 1.2 25/11/1981
0.5 0.5 0.5 0.5 0.5 0.5 0.5 0.4 0.4 0.4 0.4 0.4 0.5 0.5 0.5 0.5 0.5 0.5 0.5 0.4 0.4 0.4 0.3 0.7 0.5 0.5 0.5 0.5 26/11/1981
0.8 0.9 0.9 0.9 0.9 0.9 0.9 0.9 0.9 0.9 0.7 0.7 0.8 0.8 0.9 0.9 0.9 0.9 0.8 0.9 0.9 0.7 0.7 0.9 0.8 0.8 0.8 0.8 27/11/1981
1.4 1.1 1.1 1.1 1.1 1.1 0.4 0.4 0.4 0.4 0.5 0.5 1.3 1.3 1.1 1.1 1.1 1.1 0.4 0.4 0.4 0.5 0.5 1.6 1.3 1.3 1.3 1.3 28/11/1981
1.6 1.5 1.4 1.5 1.5 1.4 0.7 0.7 0.7 0.7 0.6 0.6 1.5 1.5 1.4 1.4 1.4 1.4 0.7 0.7 0.7 0.6 0.6 1.7 1.5 1.5 1.5 1.5 29/11/1981
0.2 0.6 0.6 0.6 0.6 0.6 0.5 0.5 0.5 0.5 0.4 0.4 0.2 0.2 0.6 0.6 0.6 0.6 0.5 0.5 0.5 0.4 0.4 0.2 0.2 0.2 0.2 0.2 30/11/1981
1.2 1.1 1.1 1.1 1.1 1.1 0.7 0.7 0.7 0.7 0.5 0.5 1.2 1.2 1.1 1.1 1.1 1.1 0.7 0.7 0.7 0.5 0.5 1.3 1.2 1.2 1.2 1.2 01/12/1981
1.0 0.8 0.8 0.8 0.8 0.8 0.5 0.5 0.5 0.5 0.4 0.4 1.0 1.0 0.8 0.8 0.8 0.8 0.5 0.5 0.5 0.4 0.4 1.1 1.0 1.0 0.9 0.9 02/12/1981
0.5 0.5 0.5 0.5 0.5 0.5 0.7 0.7 0.7 0.6 0.5 0.5 0.5 0.5 0.5 0.5 0.5 0.5 0.8 0.7 0.7 0.6 0.6 0.7 0.5 0.5 0.4 0.4 03/12/1981
0.8 0.9 0.9 0.9 0.9 0.9 0.1 0.1 0.1 0.1 0.1 0.1 0.8 0.8 0.9 0.9 0.9 0.9 0.1 0.1 0.1 0.1 0.1 0.9 0.8 0.8 0.8 0.8 04/12/1981
1.0 0.8 0.8 0.8 0.8 0.8 0.6 0.6 0.6 0.6 0.6 0.6 0.9 0.9 0.8 0.8 0.8 0.8 0.6 0.6 0.6 0.6 0.6 1.2 0.9 0.9 0.9 0.9 05/12/1981
0.5 0.4 0.5 0.4 0.4 0.5 0.2 0.2 0.2 0.2 0.2 0.2 0.5 0.5 0.5 0.5 0.5 0.5 0.2 0.2 0.2 0.2 0.2 0.8 0.5 0.5 0.5 0.5 06/12/1981
0.2 0.4 0.4 0.4 0.4 0.4 0.5 0.5 0.5 0.5 0.6 0.6 0.2 0.2 0.4 0.4 0.4 0.4 0.5 0.5 0.5 0.6 0.6 0.2 0.2 0.2 0.2 0.2 07/12/1981
0.5 0.6 0.6 0.6 0.6 0.6 0.5 0.5 0.5 0.5 0.5 0.5 0.5 0.5 0.6 0.6 0.6 0.6 0.5 0.5 0.5 0.5 0.5 0.5 0.5 0.5 0.5 0.5 08/12/1981
0.6 0.3 0.3 0.3 0.3 0.3 0.5 0.5 0.5 0.5 0.6 0.6 0.6 0.6 0.3 0.3 0.3 0.3 0.4 0.5 0.5 0.6 0.6 0.8 0.6 0.6 0.6 0.6 09/12/1981
0.3 0.2 0.2 0.2 0.2 0.2 0.3 0.2 0.2 0.2 0.2 0.2 0.2 0.2 0.2 0.2 0.2 0.2 0.3 0.3 0.3 0.3 0.3 0.3 0.2 0.2 0.2 0.2 10/12/1981
0.2 0.2 0.2 0.2 0.2 0.2 0.3 0.3 0.3 0.3 0.3 0.3 0.2 0.2 0.2 0.2 0.2 0.2 0.3 0.3 0.3 0.3 0.3 0.2 0.2 0.2 0.2 0.2 11/12/1981
0.5 0.2 0.2 0.2 0.2 0.2 0.2 0.2 0.2 0.2 0.2 0.2 0.5 0.5 0.2 0.2 0.2 0.2 0.2 0.2 0.2 0.2 0.2 0.7 0.5 0.5 0.5 0.5 12/12/1981
1.4 1.1 1.1 1.1 1.1 1.1 0.9 0.9 0.8 0.8 0.7 0.7 1.3 1.3 1.1 1.1 1.1 1.1 0.9 0.9 0.9 0.8 0.8 1.5 1.4 1.4 1.3 1.3 13/12/1981
0.1 0.1 0.1 0.1 0.1 0.1 0.4 0.4 0.4 0.4 0.3 0.3 0.1 0.1 0.1 0.1 0.1 0.1 0.4 0.4 0.4 0.3 0.3 0.1 0.1 0.1 0.1 0.1 14/12/1981
0.5 0.5 0.5 0.5 0.5 0.5 0.5 0.5 0.5 0.5 0.4 0.4 0.5 0.5 0.5 0.5 0.5 0.5 0.5 0.5 0.5 0.4 0.4 0.6 0.5 0.5 0.5 0.5 15/12/1981
0.2 0.1 0.1 0.1 0.1 0.1 0.1 0.1 0.1 0.1 0.0 0.0 0.2 0.2 0.1 0.1 0.1 0.1 0.1 0.1 0.1 0.0 0.0 0.5 0.2 0.2 0.2 0.2 16/12/1981
0.2 0.2 0.2 0.2 0.2 0.2 0.1 0.1 0.1 0.1 0.1 0.1 0.2 0.2 0.2 0.2 0.2 0.2 0.1 0.1 0.1 0.1 0.1 0.2 0.2 0.2 0.2 0.2 17/12/1981
0.7 0.7 0.7 0.7 0.7 0.7 0.2 0.2 0.2 0.2 0.1 0.1 0.7 0.7 0.7 0.7 0.7 0.7 0.2 0.2 0.2 0.1 0.1 0.8 0.7 0.7 0.7 0.7 18/12/1981
1.0 0.6 0.6 0.6 0.6 0.6 0.3 0.3 0.3 0.3 0.3 0.3 1.0 1.0 0.6 0.6 0.6 0.6 0.3 0.3 0.3 0.3 0.3 1.3 1.0 1.0 1.0 1.0 19/12/1981
0.9 0.7 0.7 0.7 0.7 0.7 0.5 0.5 0.5 0.5 0.5 0.5 0.9 0.9 0.7 0.7 0.7 0.7 0.5 0.5 0.5 0.5 0.5 1.1 0.9 0.9 0.9 1.0 20/12/1981
0.1 0.0 0.0 0.0 0.0 0.0 0.2 0.2 0.3 0.3 0.3 0.3 0.1 0.1 0.0 0.0 0.0 0.0 0.2 0.2 0.2 0.3 0.3 0.1 0.1 0.1 0.1 0.1 21/12/1981
0.1 0.1 0.1 0.1 0.1 0.1 0.2 0.2 0.2 0.2 0.2 0.2 0.1 0.1 0.1 0.1 0.1 0.1 0.2 0.2 0.2 0.2 0.2 0.2 0.1 0.1 0.1 0.1 22/12/1981
0.1 0.2 0.2 0.2 0.2 0.2 0.2 0.2 0.1 0.2 0.2 0.2 0.1 0.1 0.1 0.1 0.1 0.1 0.2 0.2 0.2 0.2 0.2 0.1 0.1 0.1 0.1 0.1 23/12/1981
0.2 0.2 0.2 0.2 0.2 0.2 0.2 0.2 0.2 0.2 0.1 0.1 0.2 0.2 0.2 0.2 0.2 0.2 0.2 0.2 0.2 0.1 0.1 0.3 0.2 0.2 0.2 0.2 24/12/1981
0.5 0.5 0.5 0.5 0.5 0.5 0.3 0.3 0.3 0.3 0.3 0.3 0.4 0.4 0.5 0.5 0.5 0.5 0.3 0.3 0.3 0.3 0.3 0.5 0.4 0.4 0.4 0.4 25/12/1981
0.7 0.4 0.4 0.4 0.4 0.4 0.2 0.2 0.2 0.2 0.2 0.2 0.7 0.7 0.4 0.4 0.4 0.4 0.2 0.2 0.2 0.2 0.2 0.8 0.7 0.7 0.7 0.7 26/12/1981
0.3 0.5 0.5 0.5 0.5 0.5 0.4 0.4 0.4 0.4 0.3 0.3 0.3 0.3 0.5 0.5 0.5 0.5 0.4 0.4 0.4 0.4 0.4 0.3 0.3 0.3 0.3 0.3 27/12/1981
0.3 0.2 0.2 0.2 0.2 0.2 0.5 0.5 0.5 0.5 0.4 0.4 0.3 0.3 0.2 0.2 0.2 0.2 0.6 0.5 0.5 0.4 0.4 0.3 0.3 0.3 0.3 0.3 28/12/1981
0.5 0.4 0.4 0.4 0.4 0.4 0.4 0.4 0.4 0.4 0.4 0.4 0.5 0.5 0.4 0.4 0.4 0.4 0.4 0.4 0.4 0.4 0.4 0.5 0.5 0.5 0.5 0.5 29/12/1981
0.5 0.7 0.7 0.7 0.7 0.7 0.9 0.9 0.9 0.9 0.9 0.9 0.4 0.4 0.7 0.7 0.7 0.7 1.0 0.9 0.9 0.9 0.9 0.4 0.5 0.5 0.4 0.4 30/12/1981
0.2 0.6 0.6 0.6 0.6 0.6 0.5 0.5 0.5 0.5 0.5 0.5 0.2 0.2 0.6 0.6 0.6 0.6 0.5 0.5 0.5 0.6 0.6 0.1 0.2 0.2 0.2 0.2 31/12/1981
0.6 0.5 0.5 0.5 0.5 0.5 0.5 0.5 0.5 0.5 0.5 0.5 0.6 0.6 0.5 0.5 0.5 0.5 0.5 0.5 0.5 0.5 0.5 0.6 0.6 0.6 0.6 0.6 01/01/1982
0.4 0.4 0.4 0.4 0.4 0.4 0.4 0.4 0.4 0.4 0.4 0.4 0.4 0.4 0.4 0.4 0.4 0.4 0.4 0.4 0.4 0.4 0.4 0.4 0.4 0.4 0.4 0.4 02/01/1982
0.7 0.8 0.8 0.8 0.8 0.8 0.7 0.7 0.7 0.7 0.7 0.7 0.8 0.8 0.8 0.8 0.8 0.8 0.7 0.7 0.7 0.8 0.8 0.7 0.8 0.8 0.8 0.8 03/01/1982
0.8 1.1 1.1 1.1 1.1 1.1 1.1 1.1 1.1 1.0 1.0 1.0 0.8 0.8 1.1 1.1 1.1 1.1 1.1 1.1 1.1 1.0 1.0 0.7 0.8 0.8 0.8 0.8 04/01/1982
0.6 1.0 1.0 1.0 1.0 1.0 0.7 0.7 0.7 0.7 0.8 0.8 0.6 0.6 1.0 1.0 1.0 1.0 0.7 0.7 0.7 0.8 0.8 0.5 0.6 0.6 0.6 0.6 05/01/1982
0.4 0.5 0.5 0.5 0.5 0.5 0.6 0.6 0.6 0.6 0.4 0.4 0.4 0.4 0.5 0.5 0.5 0.5 0.7 0.6 0.6 0.4 0.4 0.4 0.4 0.4 0.4 0.4 06/01/1982
1.2 1.0 1.0 1.0 1.0 1.0 0.8 0.8 0.8 0.8 0.8 0.8 1.2 1.2 1.0 1.0 1.0 1.0 0.9 0.8 0.8 0.8 0.8 1.3 1.2 1.2 1.2 1.2 07/01/1982
1.0 0.8 0.9 0.8 0.9 0.9 0.7 0.7 0.7 0.7 0.6 0.6 1.0 1.0 0.9 0.9 0.9 0.9 0.7 0.7 0.7 0.6 0.6 1.0 1.0 1.0 1.0 1.0 08/01/1982
0.2 0.2 0.2 0.2 0.2 0.2 0.2 0.2 0.2 0.2 0.1 0.1 0.1 0.1 0.2 0.2 0.2 0.2 0.2 0.2 0.2 0.1 0.1 0.1 0.2 0.2 0.1 0.1 09/01/1982
0.3 0.4 0.4 0.4 0.4 0.4 0.5 0.5 0.5 0.5 0.4 0.4 0.4 0.4 0.4 0.4 0.4 0.4 0.5 0.5 0.5 0.4 0.4 0.4 0.3 0.3 0.4 0.4 10/01/1982
0.2 0.3 0.3 0.3 0.3 0.3 0.2 0.2 0.2 0.2 0.1 0.1 0.2 0.2 0.3 0.3 0.3 0.3 0.2 0.2 0.2 0.0 0.0 0.2 0.2 0.2 0.2 0.2 11/01/1982
0.7 0.6 0.6 0.6 0.6 0.6 0.6 0.6 0.6 0.6 0.5 0.5 0.6 0.6 0.6 0.6 0.6 0.6 0.6 0.6 0.6 0.5 0.5 0.8 0.7 0.7 0.6 0.6 12/01/1982
0.5 0.5 0.5 0.5 0.5 0.5 0.2 0.2 0.2 0.2 0.3 0.3 0.5 0.5 0.5 0.5 0.5 0.5 0.2 0.2 0.2 0.3 0.3 0.5 0.5 0.5 0.5 0.5 13/01/1982
0.3 0.4 0.4 0.4 0.4 0.4 0.7 0.7 0.7 0.7 0.6 0.6 0.3 0.3 0.4 0.4 0.4 0.4 0.7 0.7 0.7 0.6 0.6 0.3 0.3 0.3 0.3 0.3 14/01/1982
0.1 0.1 0.1 0.1 0.1 0.1 0.4 0.4 0.4 0.4 0.3 0.3 0.0 0.0 0.0 0.0 0.0 0.0 0.4 0.4 0.4 0.3 0.3 0.2 0.1 0.1 0.0 0.0 15/01/1982
1.0 0.8 0.9 0.8 0.8 0.9 0.8 0.8 0.8 0.8 0.6 0.6 1.0 1.0 0.9 0.9 0.9 0.9 0.8 0.8 0.8 0.6 0.6 1.2 1.0 1.0 1.0 1.0 16/01/1982
1.0 0.5 0.4 0.5 0.5 0.4 0.6 0.6 0.6 0.6 0.5 0.5 1.0 1.0 0.4 0.4 0.4 0.4 0.5 0.6 0.6 0.4 0.4 1.2 1.0 1.0 1.0 0.9 17/01/1982
1.1 0.7 0.7 0.7 0.7 0.7 0.5 0.5 0.5 0.5 0.4 0.4 1.1 1.1 0.7 0.7 0.7 0.7 0.5 0.5 0.5 0.4 0.4 1.3 1.1 1.1 1.1 1.1 18/01/1982
0.9 0.7 0.7 0.7 0.7 0.7 0.6 0.6 0.6 0.6 0.5 0.5 0.9 0.9 0.7 0.7 0.7 0.7 0.6 0.6 0.6 0.5 0.5 1.0 0.9 0.9 0.9 0.9 19/01/1982
0.2 0.2 0.2 0.2 0.2 0.2 0.4 0.4 0.4 0.4 0.4 0.4 0.2 0.2 0.2 0.2 0.2 0.2 0.4 0.4 0.4 0.4 0.4 0.3 0.2 0.2 0.2 0.2 20/01/1982
0.3 0.4 0.4 0.4 0.4 0.4 0.2 0.2 0.2 0.2 0.2 0.2 0.3 0.3 0.4 0.4 0.4 0.4 0.3 0.2 0.2 0.2 0.2 0.2 0.3 0.3 0.3 0.3 21/01/1982
0.5 0.5 0.5 0.5 0.5 0.5 0.1 0.1 0.1 0.2 0.2 0.2 0.5 0.5 0.4 0.4 0.4 0.4 0.2 0.1 0.1 0.2 0.2 0.5 0.5 0.5 0.5 0.4 22/01/1982
0.4 0.3 0.3 0.3 0.3 0.3 0.2 0.2 0.2 0.2 0.2 0.2 0.4 0.4 0.3 0.3 0.3 0.3 0.3 0.2 0.2 0.2 0.2 0.5 0.4 0.4 0.4 0.4 23/01/1982
0.2 0.2 0.2 0.2 0.2 0.2 0.3 0.3 0.4 0.4 0.2 0.2 0.2 0.2 0.2 0.2 0.2 0.2 0.4 0.3 0.3 0.2 0.2 0.2 0.2 0.2 0.2 0.2 24/01/1982
0.1 0.3 0.4 0.3 0.4 0.4 0.4 0.4 0.4 0.4 0.4 0.4 0.1 0.1 0.4 0.4 0.4 0.4 0.4 0.4 0.4 0.4 0.4 0.1 0.1 0.1 0.1 0.1 25/01/1982
0.6 0.6 0.6 0.6 0.6 0.6 0.4 0.4 0.4 0.4 0.4 0.4 0.6 0.6 0.6 0.6 0.6 0.6 0.4 0.4 0.4 0.4 0.4 0.6 0.6 0.6 0.5 0.5 26/01/1982
0.8 0.8 0.8 0.8 0.8 0.8 0.6 0.6 0.5 0.5 0.5 0.5 0.7 0.7 0.8 0.8 0.8 0.8 0.6 0.6 0.6 0.5 0.5 0.9 0.8 0.8 0.7 0.7 27/01/1982
0.8 0.6 0.6 0.6 0.6 0.6 0.9 0.9 0.9 0.9 0.6 0.6 0.8 0.8 0.6 0.6 0.6 0.6 0.9 0.9 0.9 0.6 0.6 1.0 0.8 0.8 0.8 0.8 28/01/1982
0.1 0.1 0.1 0.1 0.1 0.1 0.3 0.3 0.3 0.3 0.4 0.4 0.1 0.1 0.1 0.1 0.1 0.1 0.3 0.3 0.3 0.3 0.3 0.1 0.1 0.1 0.1 0.1 29/01/1982
0.6 0.6 0.6 0.6 0.6 0.6 1.1 1.1 1.1 1.1 0.9 0.9 0.6 0.6 0.7 0.7 0.7 0.7 1.1 1.1 1.1 1.0 1.0 0.7 0.6 0.6 0.6 0.6 30/01/1982
0.5 0.5 0.5 0.5 0.5 0.5 0.5 0.5 0.4 0.4 0.4 0.4 0.5 0.5 0.4 0.4 0.4 0.4 0.5 0.5 0.5 0.4 0.4 0.6 0.5 0.5 0.5 0.5 31/01/1982
0.3 0.3 0.3 0.3 0.3 0.3 0.4 0.4 0.4 0.4 0.6 0.6 0.3 0.3 0.3 0.3 0.3 0.3 0.4 0.4 0.4 0.6 0.6 0.4 0.3 0.3 0.3 0.3 01/02/1982
0.8 0.8 0.8 0.8 0.8 0.8 1.3 1.3 1.3 1.3 1.3 1.3 0.8 0.8 0.7 0.7 0.7 0.7 1.4 1.3 1.3 1.3 1.3 0.8 0.8 0.8 0.7 0.7 02/02/1982
0.7 0.5 0.5 0.5 0.5 0.5 1.0 1.0 1.0 1.0 0.9 0.9 0.7 0.7 0.5 0.5 0.5 0.5 1.0 1.0 1.0 0.9 0.9 0.9 0.7 0.7 0.6 0.6 03/02/1982
1.2 0.9 0.9 0.9 0.9 0.9 1.0 1.0 1.0 1.0 0.9 0.9 1.1 1.1 0.9 0.9 0.9 0.9 1.0 1.0 1.0 0.9 0.9 1.3 1.2 1.2 1.1 1.1 04/02/1982
1.1 0.8 0.8 0.8 0.8 0.8 0.4 0.4 0.4 0.4 0.7 0.7 1.1 1.1 0.9 0.9 0.9 0.9 0.4 0.4 0.4 0.6 0.6 1.3 1.1 1.1 1.1 1.1 05/02/1982
0.8 0.8 0.8 0.8 0.8 0.8 0.6 0.6 0.6 0.6 0.7 0.7 0.8 0.8 0.8 0.8 0.8 0.8 0.6 0.6 0.6 0.7 0.7 0.7 0.8 0.8 0.8 0.8 06/02/1982
0.4 0.4 0.4 0.4 0.4 0.4 0.7 0.7 0.6 0.6 0.5 0.5 0.4 0.4 0.4 0.4 0.4 0.4 0.7 0.7 0.7 0.5 0.6 0.3 0.4 0.4 0.4 0.4 07/02/1982
0.8 0.9 0.8 0.9 0.9 0.8 1.0 1.0 1.0 1.0 0.8 0.8 0.7 0.7 0.8 0.8 0.8 0.8 1.0 1.0 1.0 0.8 0.8 0.7 0.7 0.7 0.7 0.7 08/02/1982
0.8 1.1 1.1 1.1 1.1 1.1 1.1 1.1 1.0 1.0 0.8 0.7 0.8 0.8 1.1 1.1 1.1 1.1 1.1 1.1 1.1 0.8 0.8 0.9 0.8 0.8 0.8 0.8 09/02/1982
1.2 0.7 0.7 0.7 0.7 0.7 1.1 1.1 1.1 1.1 1.0 1.0 1.2 1.2 0.7 0.7 0.7 0.7 1.0 1.1 1.1 1.0 1.0 1.3 1.2 1.2 1.2 1.2 10/02/1982
1.1 1.2 1.2 1.2 1.2 1.2 0.9 0.9 0.9 1.0 1.0 1.0 1.1 1.1 1.1 1.1 1.1 1.1 0.8 0.9 0.9 0.9 0.9 1.2 1.1 1.1 1.1 1.1 11/02/1982
0.6 0.6 0.6 0.6 0.6 0.6 1.2 1.2 1.1 1.1 1.1 1.1 0.6 0.6 0.6 0.6 0.6 0.6 1.2 1.2 1.2 1.2 1.2 0.6 0.6 0.6 0.6 0.6 12/02/1982
0.4 0.4 0.4 0.4 0.4 0.4 1.0 1.0 1.0 1.0 1.1 1.1 0.4 0.4 0.4 0.4 0.4 0.4 1.0 1.0 1.0 1.1 1.1 0.5 0.4 0.4 0.4 0.4 13/02/1982
0.6 0.4 0.4 0.4 0.4 0.4 0.7 0.7 0.6 0.6 0.6 0.5 0.6 0.6 0.5 0.4 0.4 0.5 0.7 0.7 0.7 0.6 0.6 0.6 0.6 0.6 0.6 0.6 14/02/1982
1.0 0.9 0.8 0.9 0.9 0.8 0.2 0.2 0.2 0.2 0.2 0.2 1.0 1.0 0.8 0.8 0.8 0.8 0.2 0.2 0.2 0.2 0.2 1.0 1.0 1.0 1.0 1.0 15/02/1982
0.5 0.6 0.6 0.6 0.6 0.6 0.5 0.5 0.5 0.5 0.5 0.5 0.5 0.5 0.6 0.6 0.6 0.6 0.5 0.5 0.5 0.5 0.5 0.6 0.5 0.5 0.5 0.5 16/02/1982
0.4 0.5 0.5 0.5 0.5 0.5 0.7 0.6 0.7 0.7 0.6 0.6 0.5 0.5 0.5 0.5 0.5 0.5 0.7 0.7 0.7 0.6 0.6 0.5 0.5 0.5 0.5 0.5 17/02/1982
0.6 0.3 0.3 0.3 0.3 0.3 0.4 0.4 0.5 0.5 0.5 0.5 0.5 0.5 0.2 0.2 0.2 0.2 0.4 0.4 0.4 0.4 0.4 0.4 0.6 0.6 0.5 0.5 18/02/1982
0.5 0.4 0.4 0.4 0.4 0.4 0.7 0.7 0.8 0.8 0.7 0.7 0.4 0.4 0.4 0.4 0.4 0.4 0.7 0.7 0.7 0.7 0.7 0.5 0.4 0.4 0.4 0.4 19/02/1982
0.7 0.5 0.5 0.5 0.5 0.5 0.6 0.6 0.6 0.7 0.6 0.6 0.7 0.7 0.5 0.5 0.5 0.5 0.6 0.6 0.6 0.6 0.6 0.8 0.7 0.7 0.7 0.7 20/02/1982
1.1 1.2 1.2 1.2 1.2 1.2 1.7 1.7 1.7 1.7 1.5 1.5 1.1 1.1 1.2 1.2 1.2 1.2 1.7 1.7 1.7 1.5 1.5 1.1 1.1 1.1 1.1 1.1 21/02/1982
1.1 1.2 1.2 1.2 1.2 1.2 1.5 1.5 1.5 1.5 1.4 1.4 1.1 1.1 1.2 1.2 1.2 1.2 1.5 1.5 1.5 1.4 1.4 1.1 1.1 1.1 1.1 1.1 22/02/1982
1.0 1.0 1.0 1.0 1.0 1.0 0.8 0.8 0.8 0.8 0.7 0.7 0.9 0.9 1.0 1.0 1.0 1.0 0.8 0.8 0.8 0.7 0.7 0.9 0.9 0.9 0.9 0.9 23/02/1982
1.0 1.0 1.0 1.0 1.0 1.0 0.2 0.2 0.2 0.2 0.4 0.4 0.9 0.9 1.0 1.0 1.0 1.0 0.2 0.2 0.2 0.4 0.4 0.9 1.0 1.0 0.9 0.9 24/02/1982
0.6 1.0 1.0 1.0 1.0 1.0 0.9 0.9 0.8 0.8 0.7 0.7 0.5 0.5 1.0 1.0 1.0 1.0 0.9 0.9 0.9 0.8 0.8 0.4 0.6 0.6 0.5 0.5 25/02/1982
0.6 0.9 0.8 0.9 0.8 0.8 0.6 0.6 0.6 0.7 0.6 0.6 0.6 0.6 0.8 0.8 0.8 0.8 0.6 0.6 0.6 0.6 0.6 0.6 0.6 0.6 0.6 0.6 26/02/1982
0.7 0.4 0.4 0.4 0.4 0.4 1.2 1.1 1.1 1.1 1.1 1.1 0.7 0.7 0.4 0.4 0.4 0.4 1.2 1.2 1.2 1.2 1.2 0.9 0.7 0.7 0.7 0.7 27/02/1982
0.7 0.8 0.8 0.8 0.8 0.8 0.8 0.8 0.8 0.7 0.8 0.8 0.6 0.6 0.8 0.8 0.8 0.8 0.9 0.8 0.8 0.8 0.8 0.6 0.6 0.6 0.6 0.6 28/02/1982
0.9 1.7 1.7 1.7 1.7 1.7 2.1 2.1 2.1 2.1 2.0 2.0 0.9 0.9 1.7 1.7 1.7 1.7 2.2 2.1 2.1 2.0 2.0 0.7 0.9 0.9 0.9 0.9 01/03/1982
1.3 1.5 1.5 1.5 1.5 1.5 1.6 1.6 1.6 1.6 1.5 1.5 1.3 1.3 1.5 1.5 1.5 1.5 1.7 1.6 1.6 1.6 1.6 1.2 1.3 1.3 1.3 1.3 02/03/1982
0.6 1.0 1.0 1.0 1.0 1.0 1.0 1.0 1.1 1.1 0.9 0.9 0.7 0.7 1.0 1.0 1.0 1.0 1.0 1.0 1.0 0.9 0.9 0.5 0.6 0.6 0.7 0.7 03/03/1982
1.1 1.3 1.3 1.3 1.3 1.3 1.2 1.2 1.2 1.2 1.1 1.1 1.1 1.1 1.3 1.3 1.3 1.3 1.2 1.2 1.2 1.1 1.1 1.1 1.1 1.1 1.1 1.1 04/03/1982
1.4 1.2 1.2 1.2 1.2 1.2 1.0 1.0 0.9 0.9 1.0 1.0 1.4 1.4 1.2 1.2 1.2 1.2 1.0 1.0 1.0 1.0 1.0 1.4 1.4 1.4 1.4 1.4 05/03/1982
1.5 1.1 1.1 1.1 1.1 1.1 1.2 1.1 1.1 1.1 0.9 0.9 1.5 1.5 1.1 1.1 1.1 1.1 1.2 1.2 1.1 0.9 0.9 1.6 1.5 1.5 1.5 1.4 06/03/1982
2.1 1.7 1.7 1.7 1.7 1.7 1.3 1.2 1.2 1.2 1.0 1.0 2.1 2.1 1.7 1.7 1.7 1.7 1.3 1.3 1.2 1.0 1.0 2.2 2.1 2.1 2.1 2.1 07/03/1982
1.3 1.3 1.3 1.3 1.3 1.3 1.1 1.1 1.1 1.1 1.0 1.0 1.3 1.3 1.3 1.3 1.3 1.3 1.1 1.1 1.1 1.0 1.0 1.3 1.3 1.3 1.3 1.3 08/03/1982
1.1 1.2 1.2 1.2 1.2 1.1 0.5 0.5 0.5 0.5 0.4 0.4 1.1 1.1 1.1 1.1 1.1 1.1 0.6 0.5 0.5 0.4 0.4 1.0 1.1 1.1 1.1 1.1 09/03/1982
1.0 1.0 1.0 1.0 1.0 1.0 0.7 0.7 0.7 0.7 0.7 0.7 1.0 1.0 1.0 1.0 1.0 1.0 0.7 0.7 0.7 0.7 0.7 1.0 1.0 1.0 1.0 0.9 10/03/1982
1.6 1.9 1.9 1.9 1.9 1.9 1.4 1.4 1.4 1.4 1.2 1.2 1.6 1.6 1.9 1.9 1.9 1.9 1.4 1.4 1.4 1.2 1.2 1.7 1.6 1.6 1.6 1.6 11/03/1982
1.3 1.2 1.2 1.2 1.2 1.2 1.1 1.1 1.1 1.1 1.0 1.0 1.3 1.3 1.2 1.2 1.2 1.2 1.1 1.1 1.1 1.0 1.0 1.4 1.3 1.3 1.3 1.3 12/03/1982
1.6 1.6 1.6 1.6 1.6 1.6 0.9 0.9 0.9 0.9 0.7 0.7 1.6 1.6 1.6 1.6 1.6 1.6 0.9 0.9 0.9 0.7 0.7 1.6 1.6 1.6 1.6 1.6 13/03/1982
1.7 1.4 1.4 1.4 1.4 1.4 1.2 1.2 1.2 1.2 1.1 1.1 1.6 1.6 1.4 1.4 1.4 1.4 1.2 1.2 1.2 1.1 1.1 1.6 1.7 1.7 1.6 1.6 14/03/1982
1.5 1.9 1.9 1.9 1.9 1.9 2.2 2.1 2.1 2.1 1.9 1.9 1.4 1.4 1.8 1.8 1.8 1.8 2.2 2.2 2.2 2.0 2.0 1.4 1.4 1.4 1.4 1.4 15/03/1982
1.9 1.9 1.9 1.9 1.9 1.9 1.6 1.6 1.6 1.6 1.5 1.5 1.8 1.8 1.9 1.9 1.9 1.9 1.6 1.6 1.6 1.5 1.5 1.8 1.8 1.8 1.8 1.8 16/03/1982
1.1 1.3 1.3 1.3 1.3 1.3 1.2 1.2 1.2 1.2 1.0 1.0 1.1 1.1 1.3 1.3 1.3 1.3 1.2 1.2 1.2 1.0 1.1 1.3 1.1 1.1 1.1 1.1 17/03/1982
0.9 1.1 1.1 1.1 1.1 1.1 1.4 1.4 1.3 1.3 1.2 1.2 0.9 0.9 1.1 1.1 1.1 1.1 1.4 1.4 1.4 1.3 1.3 0.7 0.9 0.9 0.9 0.8 18/03/1982
0.6 0.6 0.6 0.6 0.6 0.6 1.1 1.0 1.0 1.0 1.0 1.0 0.5 0.5 0.5 0.6 0.6 0.5 1.1 1.0 1.0 1.1 1.1 0.6 0.5 0.5 0.5 0.5 19/03/1982
1.0 1.1 1.1 1.1 1.1 1.1 0.5 0.5 0.5 0.5 0.4 0.4 1.0 1.0 1.1 1.1 1.1 1.1 0.5 0.5 0.5 0.4 0.4 1.0 1.0 1.0 1.0 1.0 20/03/1982
0.7 0.6 0.6 0.6 0.6 0.6 1.2 1.2 1.2 1.2 1.1 1.1 0.7 0.7 0.6 0.6 0.6 0.6 1.2 1.2 1.2 1.2 1.2 0.6 0.7 0.7 0.7 0.7 21/03/1982
1.2 0.9 0.9 0.9 0.9 0.8 1.3 1.2 1.2 1.1 0.9 0.9 1.1 1.1 0.8 0.8 0.8 0.8 1.3 1.3 1.2 1.0 1.0 1.3 1.2 1.2 1.1 1.1 22/03/1982
1.8 1.7 1.7 1.7 1.7 1.7 1.7 1.6 1.6 1.6 1.5 1.5 1.7 1.7 1.6 1.6 1.6 1.6 1.7 1.7 1.7 1.6 1.6 1.7 1.7 1.7 1.7 1.7 23/03/1982
1.9 1.5 1.4 1.5 1.5 1.4 1.5 1.5 1.4 1.4 1.4 1.4 1.9 1.9 1.4 1.4 1.4 1.4 1.6 1.5 1.5 1.5 1.5 1.8 1.9 1.9 1.8 1.8 24/03/1982
1.8 1.6 1.6 1.6 1.6 1.6 1.5 1.4 1.4 1.4 1.8 1.8 1.8 1.8 1.6 1.6 1.6 1.6 1.5 1.5 1.5 1.8 1.8 1.7 1.8 1.8 1.8 1.8 25/03/1982
2.2 1.7 1.7 1.7 1.7 1.7 2.2 2.1 2.1 2.1 2.0 2.0 2.2 2.2 1.7 1.7 1.7 1.7 2.2 2.2 2.1 2.0 2.0 2.8 2.2 2.2 2.2 2.2 26/03/1982
3.2 2.6 2.5 2.6 2.6 2.5 2.0 2.0 2.0 2.0 1.7 1.7 3.2 3.2 2.5 2.5 2.5 2.5 2.0 2.0 2.0 1.7 1.7 3.4 3.2 3.2 3.2 3.1 27/03/1982
0.9 0.8 0.8 0.8 0.8 0.8 1.2 1.1 1.1 1.1 0.9 0.9 0.8 0.8 0.7 0.7 0.7 0.7 1.2 1.2 1.2 0.9 0.9 0.9 0.8 0.8 0.8 0.8 28/03/1982
0.5 0.8 0.8 0.8 0.8 0.8 0.7 0.7 0.7 0.7 0.8 0.8 0.5 0.5 0.8 0.8 0.8 0.8 0.7 0.7 0.7 0.8 0.8 0.5 0.5 0.5 0.5 0.5 29/03/1982
0.9 1.3 1.3 1.3 1.3 1.3 1.2 1.2 1.2 1.2 0.5 0.5 0.9 0.9 1.3 1.3 1.3 1.3 1.2 1.2 1.2 0.5 0.5 1.0 0.9 0.9 0.9 0.9 30/03/1982
1.5 1.6 1.6 1.6 1.6 1.6 1.9 1.8 1.8 1.8 1.6 1.6 1.5 1.5 1.6 1.6 1.6 1.6 1.9 1.9 1.8 1.6 1.6 1.7 1.5 1.5 1.5 1.5 31/03/1982
1.5 2.0 2.0 2.0 2.0 2.0 2.2 2.2 2.2 2.2 2.0 2.0 1.5 1.5 2.0 2.0 2.0 2.0 2.3 2.2 2.2 2.0 2.1 1.3 1.5 1.5 1.5 1.5 01/04/1982
2.0 1.8 1.7 1.8 1.8 1.7 0.8 0.8 0.8 0.8 0.8 0.8 1.9 1.9 1.7 1.7 1.7 1.7 0.8 0.8 0.8 0.8 0.8 1.9 2.0 2.0 1.9 1.9 02/04/1982
2.1 2.6 2.6 2.6 2.6 2.6 1.9 1.8 1.8 1.8 1.9 1.9 2.1 2.1 2.5 2.5 2.5 2.5 1.9 1.9 1.9 1.9 2.0 1.9 2.1 2.1 2.1 2.0 03/04/1982
3.1 2.9 2.9 2.9 2.9 2.9 2.6 2.6 2.5 2.5 2.1 2.1 3.1 3.1 3.0 3.0 3.0 3.0 2.7 2.6 2.6 2.2 2.2 3.4 3.1 3.1 3.2 3.2 04/04/1982
3.1 3.0 2.9 3.0 3.0 2.9 2.3 2.3 2.3 2.3 2.3 2.3 3.1 3.1 2.9 2.9 2.9 2.9 2.4 2.3 2.3 2.4 2.4 2.8 3.1 3.1 3.1 3.1 05/04/1982
1.0 1.5 1.5 1.5 1.5 1.5 1.4 1.4 1.4 1.4 1.3 1.3 1.0 1.0 1.5 1.5 1.5 1.5 1.4 1.4 1.4 1.3 1.3 0.9 1.0 1.0 1.0 1.0 06/04/1982
1.2 1.8 1.8 1.8 1.8 1.8 1.9 1.9 1.8 1.8 1.7 1.7 1.2 1.2 1.8 1.8 1.8 1.8 1.9 1.9 1.9 1.8 1.8 0.9 1.2 1.2 1.2 1.2 07/04/1982
0.8 0.8 0.8 0.8 0.8 0.8 0.8 0.8 0.8 0.8 0.7 0.7 0.8 0.8 0.8 0.8 0.8 0.8 0.8 0.8 0.8 0.7 0.7 1.0 0.8 0.8 0.8 0.8 08/04/1982
2.0 1.7 1.7 1.7 1.7 1.7 1.8 1.7 1.7 1.7 1.5 1.5 2.0 2.0 1.7 1.7 1.7 1.7 1.8 1.8 1.8 1.5 1.5 1.9 2.0 2.0 2.0 2.0 09/04/1982
2.0 1.7 1.7 1.7 1.7 1.7 1.3 1.3 1.3 1.3 1.5 1.5 1.9 1.9 1.7 1.7 1.7 1.7 1.3 1.3 1.3 1.5 1.6 2.0 2.0 2.0 1.9 1.9 10/04/1982
1.4 1.3 1.3 1.3 1.3 1.3 2.1 2.0 2.0 1.9 2.1 2.1 1.3 1.3 1.3 1.3 1.3 1.3 2.1 2.1 2.0 2.2 2.2 1.6 1.4 1.4 1.3 1.3 11/04/1982
1.4 1.5 1.5 1.5 1.5 1.5 1.3 1.2 1.2 1.2 1.5 1.5 1.4 1.4 1.5 1.5 1.5 1.5 1.3 1.3 1.3 1.5 1.6 1.3 1.4 1.4 1.4 1.4 12/04/1982
2.2 2.1 2.1 2.1 2.1 2.1 1.7 1.6 1.6 1.6 1.7 1.7 2.2 2.2 2.1 2.1 2.1 2.1 1.7 1.7 1.7 1.7 1.7 2.2 2.2 2.2 2.2 2.2 13/04/1982
2.6 2.3 2.3 2.3 2.3 2.3 2.6 2.6 2.6 2.5 2.4 2.4 2.6 2.6 2.2 2.2 2.2 2.2 2.7 2.6 2.6 2.5 2.5 2.7 2.6 2.6 2.6 2.6 14/04/1982
2.4 2.1 2.1 2.1 2.1 2.1 3.2 3.2 3.1 3.1 2.6 2.6 2.4 2.4 2.1 2.1 2.1 2.1 3.2 3.2 3.2 2.7 2.7 2.8 2.4 2.4 2.4 2.4 15/04/1982
3.0 2.9 2.9 2.9 2.9 2.9 3.8 3.7 3.7 3.6 3.4 3.4 3.0 3.0 2.8 2.9 2.9 2.9 3.8 3.8 3.7 3.5 3.5 3.0 3.0 3.0 3.0 3.0 16/04/1982
2.8 2.7 2.7 2.7 2.7 2.7 3.3 3.2 3.2 3.2 2.8 2.8 2.8 2.8 2.7 2.7 2.7 2.7 3.3 3.3 3.2 2.8 2.9 2.7 2.8 2.8 2.8 2.8 17/04/1982
1.4 1.6 1.6 1.6 1.6 1.6 2.8 2.8 2.7 2.7 2.5 2.5 1.3 1.3 1.5 1.6 1.6 1.5 2.9 2.8 2.8 2.6 2.6 1.3 1.4 1.4 1.3 1.3 18/04/1982
3.5 3.1 3.1 3.1 3.1 3.0 3.7 3.7 3.7 3.6 3.6 3.6 3.5 3.5 3.0 3.0 3.0 3.0 3.7 3.7 3.7 3.6 3.7 3.8 3.5 3.5 3.5 3.5 19/04/1982
2.7 2.8 2.8 2.8 2.8 2.8 3.3 3.3 3.3 3.3 2.5 2.5 2.6 2.6 2.8 2.8 2.8 2.8 3.3 3.3 3.3 2.5 2.5 2.7 2.6 2.6 2.6 2.6 20/04/1982
1.8 2.1 2.1 2.1 2.1 2.1 2.4 2.4 2.4 2.4 2.6 2.6 1.8 1.8 2.1 2.1 2.1 2.1 2.4 2.4 2.4 2.7 2.7 1.4 1.8 1.8 1.8 1.7 21/04/1982
2.8 2.6 2.6 2.6 2.6 2.6 3.0 3.0 2.9 2.9 2.9 2.9 2.7 2.7 2.5 2.6 2.6 2.5 3.1 3.0 3.0 3.0 3.0 2.6 2.7 2.7 2.7 2.7 22/04/1982
1.8 2.1 2.1 2.1 2.1 2.1 2.5 2.5 2.5 2.4 2.5 2.5 1.8 1.8 2.1 2.1 2.1 2.1 2.5 2.5 2.5 2.5 2.5 1.7 1.8 1.8 1.8 1.8 23/04/1982
2.7 2.6 2.5 2.6 2.6 2.5 2.6 2.6 2.6 2.5 2.0 2.0 2.7 2.7 2.5 2.5 2.5 2.5 2.7 2.6 2.6 2.1 2.1 2.7 2.7 2.7 2.7 2.7 24/04/1982
2.6 2.7 2.7 2.7 2.7 2.7 2.5 2.5 2.5 2.5 2.6 2.6 2.6 2.6 2.7 2.7 2.7 2.7 2.6 2.5 2.5 2.6 2.7 2.5 2.6 2.6 2.6 2.5 25/04/1982
1.5 1.7 1.7 1.7 1.7 1.7 1.8 1.8 1.8 1.8 2.2 2.2 1.5 1.5 1.7 1.7 1.7 1.7 1.9 1.8 1.8 2.3 2.3 1.7 1.5 1.5 1.5 1.5 26/04/1982
2.1 2.3 2.2 2.2 2.2 2.2 2.0 2.0 1.9 1.9 2.4 2.4 2.0 2.0 2.2 2.2 2.2 2.2 2.0 2.0 2.0 2.4 2.4 2.3 2.1 2.1 2.0 2.0 27/04/1982
3.0 3.2 3.1 3.2 3.2 3.1 2.6 2.5 2.5 2.5 2.6 2.6 2.9 2.9 3.1 3.1 3.1 3.1 2.6 2.6 2.5 2.6 2.6 2.8 2.9 2.9 2.9 2.9 28/04/1982
2.0 1.6 1.6 1.6 1.6 1.6 2.4 2.3 2.3 2.2 2.3 2.3 1.9 1.9 1.6 1.6 1.6 1.6 2.4 2.4 2.3 2.4 2.4 2.5 1.9 1.9 1.9 1.9 29/04/1982
1.1 1.0 0.9 1.0 1.0 0.9 1.5 1.4 1.4 1.3 1.7 1.7 1.1 1.1 0.9 0.9 0.9 0.9 1.5 1.4 1.4 1.8 1.8 1.1 1.1 1.1 1.1 1.1 30/04/1982
2.7 2.7 2.7 2.7 2.7 2.7 2.1 2.1 2.0 2.0 2.0 2.0 2.7 2.7 2.6 2.7 2.7 2.6 2.1 2.1 2.1 2.0 2.0 2.8 2.7 2.7 2.7 2.7 01/05/1982
1.8 1.6 1.6 1.6 1.6 1.6 2.5 2.4 2.4 2.4 2.4 2.4 1.7 1.7 1.6 1.6 1.6 1.6 2.5 2.5 2.5 2.5 2.5 2.1 1.8 1.8 1.7 1.7 02/05/1982
1.0 1.1 1.1 1.1 1.1 1.1 2.1 2.1 2.1 2.0 2.4 2.4 1.0 1.0 1.1 1.1 1.1 1.1 2.1 2.1 2.1 2.4 2.5 1.1 1.0 1.0 1.0 1.0 03/05/1982
1.8 1.8 1.8 1.8 1.8 1.8 2.0 2.0 2.0 1.9 1.6 1.5 1.8 1.8 1.7 1.7 1.7 1.7 2.1 2.0 2.0 1.6 1.6 2.0 1.8 1.8 1.8 1.8 04/05/1982
1.3 1.8 1.8 1.8 1.8 1.8 1.7 1.6 1.6 1.6 1.5 1.5 1.3 1.3 1.8 1.8 1.8 1.8 1.7 1.7 1.7 1.5 1.5 1.3 1.3 1.3 1.3 1.3 05/05/1982
1.5 1.5 1.5 1.5 1.5 1.5 1.5 1.4 1.4 1.4 1.0 1.0 1.5 1.5 1.4 1.4 1.4 1.4 1.5 1.5 1.5 1.1 1.1 1.5 1.5 1.5 1.5 1.5 06/05/1982
1.9 2.0 2.0 2.0 2.0 2.0 2.6 2.5 2.5 2.5 2.1 2.1 1.9 1.9 1.9 1.9 1.9 1.9 2.6 2.6 2.5 2.2 2.2 1.6 1.9 1.9 1.9 1.9 07/05/1982
1.7 1.6 1.6 1.6 1.6 1.6 1.3 1.2 1.2 1.2 1.7 1.7 1.7 1.7 1.6 1.6 1.6 1.6 1.3 1.3 1.2 1.8 1.8 2.0 1.7 1.7 1.7 1.7 08/05/1982
0.8 1.2 1.2 1.2 1.2 1.2 1.6 1.5 1.5 1.5 1.3 1.3 0.8 0.8 1.1 1.1 1.1 1.1 1.6 1.6 1.6 1.3 1.3 1.0 0.8 0.8 0.8 0.8 09/05/1982
3.0 3.4 3.3 3.4 3.4 3.3 1.7 1.6 1.6 1.6 1.8 1.8 3.0 3.0 3.3 3.3 3.3 3.3 1.7 1.6 1.6 1.8 1.8 2.6 3.0 3.0 3.0 2.9 10/05/1982
4.1 3.5 3.5 3.5 3.5 3.5 3.1 3.0 3.0 3.0 3.0 3.0 4.0 4.0 3.5 3.5 3.5 3.5 3.1 3.1 3.0 3.0 3.1 4.2 4.0 4.0 4.0 4.0 11/05/1982
4.3 4.6 4.6 4.6 4.6 4.6 3.6 3.6 3.6 3.6 3.3 3.3 4.3 4.3 4.5 4.5 4.5 4.5 3.7 3.6 3.6 3.4 3.4 4.4 4.3 4.3 4.3 4.3 12/05/1982
6.0 5.3 5.3 5.3 5.3 5.3 4.7 4.6 4.6 4.6 4.8 4.8 6.0 6.0 5.2 5.2 5.2 5.2 4.7 4.7 4.6 4.8 4.7 6.6 6.0 6.0 6.0 6.0 13/05/1982
5.4 4.7 4.7 4.7 4.7 4.7 5.6 5.6 5.5 5.5 5.3 5.3 5.4 5.4 4.7 4.7 4.7 4.7 5.7 5.6 5.6 5.4 5.4 6.0 5.4 5.4 5.4 5.4 14/05/1982
4.8 4.8 4.8 4.8 4.8 4.8 4.7 4.6 4.6 4.6 4.6 4.6 4.8 4.8 4.8 4.8 4.8 4.8 4.7 4.7 4.6 4.7 4.7 4.7 4.8 4.8 4.8 4.8 15/05/1982
2.7 2.3 2.3 2.3 2.3 2.3 2.7 2.7 2.6 2.5 2.2 2.2 2.6 2.6 2.2 2.3 2.3 2.2 2.8 2.7 2.7 2.3 2.3 3.0 2.7 2.7 2.6 2.6 16/05/1982
1.5 2.0 2.0 2.0 2.0 2.0 2.9 2.9 2.8 2.8 2.9 2.9 1.5 1.5 2.0 2.0 2.0 2.0 3.0 2.9 2.9 3.0 3.0 1.3 1.5 1.5 1.5 1.5 17/05/1982
2.6 1.7 1.6 1.7 1.7 1.6 1.2 1.2 1.2 1.2 1.1 1.1 2.5 2.5 1.6 1.6 1.6 1.6 1.2 1.2 1.2 1.2 1.2 2.5 2.5 2.5 2.5 2.5 18/05/1982
2.0 1.6 1.6 1.6 1.6 1.6 2.8 2.8 2.7 2.7 3.2 3.2 2.0 2.0 1.5 1.6 1.6 1.5 2.9 2.8 2.8 3.2 3.2 2.2 2.0 2.0 1.9 1.9 19/05/1982
1.3 0.7 0.7 0.7 0.7 0.7 1.1 1.1 1.0 1.0 1.2 1.2 1.2 1.2 0.7 0.7 0.7 0.7 1.1 1.1 1.1 1.2 1.3 1.6 1.2 1.2 1.2 1.2 20/05/1982
1.3 1.3 1.3 1.3 1.3 1.3 2.8 2.7 2.7 2.6 2.7 2.7 1.2 1.2 1.3 1.3 1.3 1.3 2.8 2.7 2.7 2.8 2.9 1.4 1.3 1.3 1.2 1.2 21/05/1982
1.8 2.1 2.1 2.1 2.1 2.1 1.5 1.5 1.5 1.5 1.5 1.5 1.7 1.7 2.1 2.1 2.1 2.1 1.5 1.5 1.5 1.6 1.6 1.6 1.7 1.7 1.7 1.7 22/05/1982
0.9 1.1 1.1 1.1 1.1 1.1 0.9 0.9 0.9 0.9 1.1 1.1 0.9 0.9 1.0 1.0 1.0 1.0 0.9 0.9 0.9 1.0 1.0 0.9 0.9 0.9 0.9 0.9 23/05/1982
3.2 2.5 2.5 2.5 2.5 2.5 2.6 2.5 2.5 2.5 3.0 3.0 3.1 3.1 2.5 2.5 2.5 2.5 2.6 2.6 2.6 3.1 3.1 3.2 3.1 3.1 3.1 3.1 24/05/1982
4.0 3.6 3.6 3.6 3.6 3.6 3.5 3.4 3.4 3.4 3.4 3.4 4.0 4.0 3.5 3.5 3.5 3.5 3.5 3.5 3.4 3.5 3.5 4.3 4.0 4.0 4.0 4.0 25/05/1982
3.5 3.0 3.0 3.0 3.0 3.0 4.5 4.5 4.5 4.5 4.6 4.6 3.4 3.4 3.0 3.0 3.0 3.0 4.5 4.5 4.5 4.7 4.7 3.8 3.4 3.4 3.4 3.4 26/05/1982
1.2 1.4 1.3 1.4 1.4 1.3 2.4 2.3 2.3 2.3 3.1 3.1 1.1 1.1 1.3 1.3 1.3 1.3 2.4 2.4 2.4 3.1 3.2 1.3 1.2 1.2 1.1 1.1 27/05/1982
3.7 3.9 3.8 3.9 3.9 3.8 3.2 3.1 3.1 3.1 3.2 3.2 3.6 3.6 3.8 3.8 3.8 3.8 3.2 3.2 3.1 3.2 3.2 3.1 3.6 3.6 3.6 3.6 28/05/1982
4.0 3.9 3.9 3.9 3.9 3.9 4.8 4.8 4.8 4.8 5.0 5.0 3.9 3.9 3.9 3.9 3.9 3.9 4.9 4.8 4.8 5.0 5.0 4.1 3.9 3.9 3.9 3.9 29/05/1982
3.1 3.6 3.6 3.6 3.6 3.6 5.3 5.3 5.3 5.3 5.4 5.4 3.1 3.1 3.6 3.6 3.6 3.6 5.4 5.3 5.3 5.4 5.4 2.9 3.1 3.1 3.1 3.1 30/05/1982
4.2 3.9 3.8 3.9 3.8 3.8 5.7 5.7 5.7 5.7 5.2 5.2 4.1 4.1 3.8 3.8 3.8 3.8 5.8 5.7 5.7 5.3 5.3 4.0 4.1 4.1 4.1 4.1 31/05/1982
3.3 3.7 3.7 3.7 3.7 3.7 2.5 2.5 2.5 2.4 3.0 3.0 3.3 3.3 3.6 3.6 3.6 3.6 2.5 2.5 2.5 3.0 3.0 3.6 3.3 3.3 3.3 3.3 01/06/1982
3.6 3.4 3.4 3.4 3.4 3.4 3.8 3.8 3.8 3.8 3.9 3.9 3.5 3.5 3.4 3.4 3.4 3.4 3.9 3.8 3.8 3.9 3.9 3.6 3.5 3.5 3.5 3.5 02/06/1982
2.3 1.4 1.4 1.4 1.4 1.4 3.2 3.2 3.2 3.2 3.5 3.5 2.2 2.2 1.3 1.4 1.4 1.3 3.2 3.2 3.2 3.5 3.5 2.8 2.3 2.3 2.2 2.2 03/06/1982
4.8 4.9 4.9 4.9 4.9 4.8 3.0 3.0 3.0 3.0 3.0 3.0 4.7 4.7 4.8 4.8 4.8 4.8 3.0 3.0 3.0 3.0 3.0 4.6 4.7 4.7 4.7 4.7 04/06/1982
4.1 3.8 3.8 3.8 3.8 3.8 2.6 2.6 2.6 2.5 2.8 2.8 4.1 4.1 3.7 3.7 3.7 3.7 2.6 2.6 2.6 2.8 2.8 4.0 4.1 4.1 4.1 4.1 05/06/1982
3.6 3.5 3.5 3.5 3.5 3.5 3.1 3.0 3.0 3.0 2.3 2.3 3.5 3.5 3.4 3.4 3.4 3.4 3.1 3.1 3.1 2.3 2.3 3.4 3.5 3.5 3.5 3.5 06/06/1982
2.9 3.3 3.3 3.3 3.3 3.3 3.5 3.5 3.5 3.5 3.4 3.4 2.8 2.8 3.3 3.3 3.3 3.3 3.6 3.5 3.5 3.4 3.5 2.8 2.9 2.9 2.8 2.8 07/06/1982
4.1 2.3 2.3 2.3 2.3 2.3 3.4 3.4 3.4 3.4 3.4 3.4 4.0 4.0 2.3 2.3 2.3 2.3 3.4 3.4 3.4 3.4 3.4 3.7 4.0 4.0 4.0 4.0 08/06/1982
3.9 3.5 3.6 3.5 3.5 3.6 5.5 5.6 5.6 5.6 4.6 4.6 4.0 4.0 3.6 3.6 3.6 3.6 5.5 5.5 5.6 4.6 4.6 3.5 3.9 3.9 4.0 4.0 09/06/1982
1.9 3.4 3.4 3.4 3.4 3.4 5.0 4.9 4.9 4.8 4.8 4.8 1.9 1.9 3.4 3.4 3.4 3.4 5.0 5.0 4.9 4.9 4.9 1.6 1.9 1.9 1.9 1.9 10/06/1982
3.1 3.5 3.5 3.5 3.5 3.5 3.3 3.3 3.3 3.2 3.0 2.9 3.0 3.0 3.4 3.4 3.4 3.4 3.4 3.3 3.3 3.0 3.1 2.5 3.0 3.0 3.0 3.0 11/06/1982
2.3 2.7 2.7 2.7 2.7 2.7 1.9 1.8 1.8 1.7 2.4 2.4 2.3 2.3 2.7 2.7 2.7 2.7 2.0 1.9 1.9 2.5 2.6 1.8 2.3 2.3 2.3 2.2 12/06/1982
1.7 1.6 1.6 1.6 1.6 1.6 2.4 2.4 2.3 2.3 2.2 2.2 1.6 1.6 1.5 1.5 1.5 1.5 2.4 2.4 2.4 2.3 2.3 1.9 1.7 1.7 1.6 1.6 13/06/1982
1.0 1.7 1.7 1.7 1.7 1.7 2.9 2.8 2.8 2.7 2.8 2.7 1.0 1.0 1.7 1.7 1.7 1.7 3.0 2.9 2.8 2.9 2.9 1.2 1.0 1.0 1.0 1.0 14/06/1982
3.3 3.1 3.1 3.1 3.1 3.1 4.1 4.1 4.0 4.0 3.9 3.9 3.3 3.3 3.1 3.1 3.1 3.1 4.2 4.1 4.1 4.0 4.1 3.5 3.3 3.3 3.3 3.3 15/06/1982
2.5 2.9 2.9 2.9 2.9 2.9 2.3 2.2 2.2 2.2 2.1 2.1 2.4 2.4 2.9 2.9 2.9 2.9 2.3 2.3 2.3 2.1 2.2 2.2 2.4 2.4 2.4 2.4 16/06/1982
4.6 4.3 4.3 4.3 4.3 4.3 4.2 4.2 4.1 4.1 4.1 4.1 4.6 4.6 4.3 4.3 4.3 4.3 4.2 4.2 4.2 4.2 4.2 4.5 4.6 4.6 4.6 4.6 17/06/1982
4.1 4.6 4.6 4.6 4.6 4.6 2.6 2.6 2.6 2.6 2.5 2.5 4.0 4.0 4.5 4.6 4.6 4.5 2.6 2.6 2.6 2.5 2.5 4.1 4.0 4.0 4.0 4.0 18/06/1982
3.4 3.6 3.6 3.6 3.6 3.6 3.8 3.7 3.7 3.7 3.5 3.5 3.4 3.4 3.5 3.5 3.5 3.5 3.8 3.7 3.7 3.6 3.6 3.3 3.4 3.4 3.4 3.3 19/06/1982
3.4 3.5 3.5 3.5 3.5 3.5 4.0 4.0 4.0 4.0 3.9 3.9 3.4 3.4 3.5 3.5 3.5 3.5 4.1 4.0 4.0 3.9 4.0 3.6 3.4 3.4 3.4 3.4 20/06/1982
1.4 1.3 1.3 1.3 1.3 1.3 2.2 2.1 2.1 2.1 2.0 2.0 1.4 1.4 1.4 1.4 1.4 1.4 2.2 2.2 2.1 2.0 2.0 1.6 1.4 1.4 1.4 1.4 21/06/1982
2.2 2.0 2.0 2.0 2.0 2.0 1.8 1.8 1.8 1.8 2.0 2.0 2.1 2.1 2.0 2.0 2.0 2.0 1.8 1.8 1.8 2.0 2.0 1.8 2.1 2.1 2.1 2.1 22/06/1982
1.6 1.8 1.8 1.8 1.8 1.8 3.6 3.6 3.5 3.5 3.8 3.8 1.6 1.6 1.8 1.8 1.8 1.8 3.6 3.6 3.6 3.9 3.9 1.6 1.6 1.6 1.6 1.6 23/06/1982
3.6 3.9 3.9 3.9 3.9 3.9 3.6 3.6 3.6 3.5 3.5 3.5 3.6 3.6 3.9 3.9 3.9 3.9 3.6 3.6 3.6 3.6 3.6 3.1 3.6 3.6 3.6 3.6 24/06/1982
1.9 1.3 1.3 1.3 1.3 1.3 1.9 1.9 1.9 1.9 2.2 2.2 1.9 1.9 1.3 1.3 1.3 1.3 2.0 1.9 1.9 2.2 2.2 2.1 1.9 1.9 1.9 1.9 25/06/1982
2.3 2.6 2.5 2.6 2.6 2.5 3.9 3.8 3.8 3.8 3.5 3.5 2.2 2.2 2.5 2.5 2.5 2.5 3.9 3.9 3.8 3.5 3.6 2.0 2.3 2.3 2.2 2.2 26/06/1982
2.9 3.2 3.2 3.2 3.2 3.1 3.1 3.1 3.1 3.1 3.3 3.3 2.9 2.9 3.1 3.1 3.1 3.1 3.2 3.1 3.1 3.4 3.4 3.1 2.9 2.9 2.9 2.9 27/06/1982
2.9 2.6 2.5 2.6 2.5 2.5 2.3 2.3 2.3 2.3 1.9 1.9 2.9 2.9 2.5 2.5 2.5 2.5 2.3 2.3 2.3 2.0 2.0 3.1 2.9 2.9 2.9 2.9 28/06/1982
3.4 3.0 3.0 3.0 3.0 3.0 2.5 2.5 2.5 2.4 2.2 2.2 3.4 3.4 3.0 3.0 3.0 3.0 2.6 2.5 2.5 2.3 2.3 3.7 3.4 3.4 3.4 3.4 29/06/1982
3.6 3.5 3.5 3.5 3.5 3.5 3.3 3.3 3.2 3.2 3.4 3.4 3.5 3.5 3.5 3.5 3.5 3.5 3.3 3.3 3.3 3.5 3.5 3.4 3.6 3.6 3.5 3.5 30/06/1982
2.4 2.6 2.6 2.6 2.6 2.6 3.5 3.4 3.4 3.4 3.1 3.1 2.4 2.4 2.5 2.5 2.5 2.5 3.5 3.5 3.4 3.2 3.2 2.4 2.4 2.4 2.4 2.4 01/07/1982
5.4 4.3 4.3 4.3 4.3 4.3 2.4 2.4 2.4 2.3 1.5 1.5 5.4 5.4 4.3 4.3 4.3 4.3 2.4 2.4 2.4 1.6 1.6 5.5 5.4 5.4 5.4 5.4 02/07/1982
2.3 1.2 1.2 1.2 1.2 1.2 1.1 1.1 1.1 1.1 1.1 1.1 2.2 2.2 1.1 1.2 1.2 1.1 1.1 1.1 1.1 1.1 1.1 2.7 2.3 2.3 2.2 2.2 03/07/1982
2.6 2.9 2.9 2.9 2.9 2.9 4.1 4.0 4.0 3.9 3.8 3.8 2.6 2.6 2.8 2.9 2.9 2.8 4.1 4.0 4.0 3.8 3.9 2.5 2.6 2.6 2.5 2.5 04/07/1982
3.7 2.9 2.9 2.9 2.9 2.9 3.9 3.9 3.8 3.8 3.7 3.7 3.6 3.6 2.8 2.8 2.8 2.8 3.9 3.9 3.9 3.7 3.7 3.8 3.6 3.6 3.6 3.6 05/07/1982
2.1 2.0 2.0 2.0 2.0 2.0 2.5 2.5 2.5 2.4 2.8 2.7 2.0 2.0 1.9 1.9 1.9 1.9 2.5 2.5 2.5 2.8 2.8 2.1 2.1 2.1 2.0 2.0 06/07/1982
3.4 3.3 3.3 3.3 3.3 3.3 4.3 4.2 4.2 4.2 4.5 4.5 3.3 3.3 3.3 3.3 3.3 3.3 4.3 4.3 4.3 4.6 4.6 2.8 3.4 3.4 3.3 3.3 07/07/1982
5.9 5.3 5.3 5.3 5.3 5.3 6.0 6.0 6.0 6.0 5.8 5.8 5.9 5.9 5.3 5.3 5.3 5.3 6.0 6.0 6.0 5.8 5.8 6.1 5.9 5.9 5.9 5.9 08/07/1982
3.7 5.0 5.0 5.0 5.0 5.0 5.9 5.9 5.9 5.9 6.1 6.1 3.7 3.7 5.1 5.1 5.1 5.1 6.0 5.9 5.9 6.2 6.2 3.0 3.7 3.7 3.7 3.7 09/07/1982
4.1 4.3 4.3 4.3 4.3 4.3 4.7 4.7 4.7 4.7 4.6 4.6 4.1 4.1 4.2 4.3 4.3 4.2 4.7 4.7 4.7 4.7 4.7 4.2 4.1 4.1 4.1 4.1 10/07/1982
5.5 5.0 5.0 5.0 5.0 5.0 6.0 6.0 6.0 6.0 6.0 6.0 5.5 5.5 4.9 4.9 4.9 4.9 6.0 6.0 6.0 6.0 6.0 5.5 5.5 5.5 5.5 5.5 11/07/1982
4.4 5.1 5.1 5.1 5.1 5.1 5.9 5.9 5.8 5.8 5.4 5.4 4.3 4.3 5.1 5.1 5.1 5.1 5.9 5.9 5.9 5.4 5.5 3.8 4.3 4.3 4.3 4.3 12/07/1982
3.7 4.7 4.7 4.7 4.7 4.7 5.8 5.8 5.8 5.7 5.6 5.6 3.7 3.7 4.7 4.7 4.7 4.7 5.9 5.8 5.8 5.7 5.7 2.9 3.7 3.7 3.7 3.7 13/07/1982
3.7 3.6 3.5 3.6 3.6 3.5 3.4 3.4 3.4 3.4 4.1 4.1 3.6 3.6 3.5 3.5 3.5 3.5 3.4 3.4 3.4 4.2 4.2 2.9 3.7 3.7 3.6 3.6 14/07/1982
1.9 2.7 2.7 2.7 2.7 2.7 3.0 2.9 2.9 2.9 2.8 2.8 1.9 1.9 2.6 2.6 2.7 2.6 3.0 2.9 2.9 2.8 2.9 1.4 1.9 1.9 1.9 1.9 15/07/1982
3.5 3.7 3.7 3.7 3.7 3.7 4.4 4.3 4.3 4.2 4.1 4.1 3.4 3.4 3.7 3.7 3.7 3.7 4.5 4.4 4.3 4.2 4.2 3.6 3.5 3.5 3.4 3.4 16/07/1982
4.0 4.1 4.1 4.1 4.1 4.1 4.8 4.7 4.7 4.6 4.4 4.4 3.9 3.9 4.1 4.1 4.1 4.1 4.8 4.8 4.7 4.4 4.4 3.8 3.9 3.9 3.9 3.9 17/07/1982
5.4 4.6 4.6 4.6 4.6 4.6 4.7 4.7 4.7 4.7 4.9 4.9 5.3 5.3 4.5 4.5 4.5 4.5 4.7 4.7 4.7 5.0 5.0 5.3 5.3 5.3 5.3 5.3 18/07/1982
4.4 4.0 4.0 4.0 4.0 4.0 5.2 5.2 5.1 5.1 5.1 5.1 4.4 4.4 4.0 4.0 4.0 4.0 5.3 5.2 5.2 5.2 5.3 4.7 4.4 4.4 4.4 4.4 19/07/1982
4.0 4.1 4.2 4.1 4.1 4.2 4.5 4.5 4.4 4.3 4.5 4.4 4.0 4.0 4.2 4.2 4.2 4.2 4.6 4.5 4.5 4.5 4.6 3.9 4.0 4.0 4.0 4.0 20/07/1982
2.6 2.7 2.7 2.7 2.7 2.7 3.9 3.8 3.8 3.8 3.5 3.5 2.6 2.6 2.7 2.7 2.7 2.7 3.9 3.9 3.8 3.6 3.6 2.7 2.6 2.6 2.6 2.6 21/07/1982
2.0 2.4 2.4 2.4 2.4 2.4 1.7 1.7 1.6 1.6 2.0 2.0 1.9 1.9 2.4 2.4 2.4 2.4 1.8 1.7 1.7 2.1 2.1 1.8 1.9 1.9 1.9 1.9 22/07/1982
2.3 2.8 2.7 2.8 2.8 2.7 3.6 3.5 3.5 3.4 3.4 3.4 2.2 2.2 2.7 2.7 2.7 2.7 3.7 3.6 3.6 3.6 3.6 2.2 2.3 2.3 2.2 2.2 23/07/1982
2.3 3.7 3.6 3.7 3.6 3.6 2.3 2.3 2.2 2.2 2.6 2.5 2.3 2.3 3.6 3.6 3.6 3.6 2.4 2.3 2.3 2.6 2.7 1.9 2.3 2.3 2.3 2.2 24/07/1982
2.4 2.3 2.3 2.3 2.3 2.3 2.7 2.7 2.6 2.6 2.8 2.7 2.3 2.3 2.3 2.3 2.3 2.3 2.8 2.7 2.7 2.8 2.9 2.6 2.3 2.3 2.3 2.3 25/07/1982
1.6 1.4 1.4 1.4 1.4 1.4 2.8 2.8 2.8 2.7 2.6 2.6 1.5 1.5 1.4 1.4 1.4 1.4 2.9 2.8 2.8 2.6 2.7 1.8 1.6 1.6 1.5 1.5 26/07/1982
3.6 3.4 3.4 3.4 3.4 3.4 4.1 4.0 3.9 3.9 3.6 3.5 3.6 3.6 3.4 3.4 3.4 3.4 4.1 4.0 4.0 3.6 3.6 3.7 3.6 3.6 3.6 3.5 27/07/1982
3.7 4.0 4.0 4.0 4.0 4.0 3.5 3.4 3.4 3.3 3.4 3.4 3.7 3.7 4.0 4.0 4.0 4.0 3.6 3.5 3.4 3.5 3.6 3.3 3.7 3.7 3.7 3.7 28/07/1982
3.1 3.1 3.1 3.1 3.1 3.1 4.0 3.9 3.9 3.8 4.0 4.0 3.1 3.1 3.1 3.1 3.1 3.1 4.0 4.0 3.9 4.1 4.2 2.7 3.1 3.1 3.1 3.1 29/07/1982
1.4 1.5 1.4 1.5 1.4 1.4 2.6 2.6 2.5 2.5 3.0 3.0 1.4 1.4 1.4 1.4 1.4 1.4 2.7 2.6 2.6 3.1 3.1 1.3 1.4 1.4 1.4 1.3 30/07/1982
2.5 3.5 3.5 3.5 3.5 3.5 2.3 2.2 2.2 2.2 2.6 2.6 2.4 2.4 3.4 3.4 3.4 3.4 2.3 2.3 2.3 2.6 2.7 1.7 2.4 2.4 2.4 2.4 31/07/1982
