# 460 461 462 463 464 465 489 490 491 492 493 494 518 519 520 521 522 523 547 548 549 550 551 575 576 577 578 579 Date
1.0 0.7 0.7 0.7 0.7 0.7 2.0 1.9 1.9 1.9 1.8 1.7 1.0 1.0 0.7 0.7 0.7 0.7 2.0 2.0 1.9 1.8 1.9 1.0 1.0 1.0 1.0 1.0 01/08/1979
3.4 3.0 3.0 3.0 3.0 3.0 3.2 3.2 3.1 3.1 2.8 2.8 3.3 3.3 3.0 3.0 3.0 3.0 3.3 3.2 3.2 2.9 2.9 3.5 3.3 3.3 3.3 3.3 02/08/1979
3.1 2.7 2.7 2.7 2.7 2.7 3.1 3.0 3.0 3.0 3.0 3.0 3.1 3.1 2.7 2.7 2.7 2.7 3.1 3.1 3.0 3.1 3.1 3.4 3.1 3.1 3.1 3.1 03/08/1979
2.8 3.2 3.1 3.2 3.2 3.1 3.3 3.3 3.2 3.2 3.3 3.3 2.7 2.7 3.1 3.1 3.1 3.1 3.3 3.3 3.3 3.4 3.4 3.0 2.8 2.8 2.7 2.7 04/08/1979
3.4 3.2 3.2 3.2 3.2 3.2 3.3 3.2 3.2 3.2 3.3 3.3 3.4 3.4 3.1 3.1 3.1 3.1 3.3 3.3 3.3 3.3 3.3 3.5 3.4 3.4 3.4 3.4 05/08/1979
2.9 3.0 3.0 3.0 3.0 3.0 3.3 3.2 3.2 3.1 4.0 4.0 2.8 2.8 3.0 3.0 3.0 3.0 3.3 3.3 3.2 4.1 4.1 2.9 2.9 2.9 2.8 2.8 06/08/1979
3.0 3.8 3.8 3.8 3.8 3.8 3.4 3.3 3.2 3.2 3.6 3.5 3.0 3.0 3.7 3.8 3.8 3.8 3.5 3.4 3.4 3.7 3.7 2.3 3.0 3.0 2.9 2.9 07/08/1979
3.0 2.2 2.2 2.2 2.2 2.2 2.7 2.7 2.6 2.6 3.1 3.1 3.0 3.0 2.2 2.2 2.2 2.2 2.7 2.7 2.7 3.2 3.2 3.3 3.0 3.0 3.0 3.0 08/08/1979
2.5 2.3 2.3 2.3 2.3 2.3 1.1 1.1 1.1 1.1 1.2 1.1 2.5 2.5 2.3 2.3 2.3 2.3 1.1 1.1 1.1 1.2 1.2 2.5 2.5 2.5 2.5 2.5 09/08/1979
3.0 3.2 3.2 3.2 3.2 3.2 3.2 3.1 3.1 3.0 2.6 2.6 3.0 3.0 3.2 3.2 3.2 3.2 3.2 3.2 3.1 2.7 2.8 3.2 3.0 3.0 3.0 3.0 10/08/1979
1.1 1.3 1.3 1.3 1.3 1.3 1.0 1.0 0.9 0.9 1.2 1.2 1.1 1.1 1.3 1.3 1.3 1.3 1.0 1.0 1.0 1.3 1.3 1.1 1.1 1.1 1.1 1.0 11/08/1979
2.2 1.5 1.5 1.5 1.5 1.5 3.1 3.0 3.0 2.9 2.9 2.9 2.2 2.2 1.5 1.5 1.5 1.5 3.1 3.1 3.0 3.0 3.0 3.0 2.2 2.2 2.2 2.2 12/08/1979
2.7 2.3 2.2 2.3 2.3 2.2 2.6 2.5 2.5 2.4 2.8 2.8 2.6 2.6 2.2 2.2 2.2 2.2 2.6 2.6 2.5 2.9 3.0 2.8 2.7 2.7 2.6 2.6 13/08/1979
2.8 1.7 1.7 1.7 1.7 1.7 4.9 4.8 4.8 4.8 4.8 4.8 2.7 2.7 1.7 1.7 1.7 1.7 5.0 4.9 4.9 4.8 4.9 3.2 2.8 2.8 2.7 2.7 14/08/1979
2.9 2.8 2.8 2.8 2.8 2.8 2.7 2.7 2.7 2.7 2.2 2.2 2.8 2.8 2.7 2.7 2.7 2.7 2.7 2.7 2.7 2.2 2.2 3.1 2.9 2.9 2.8 2.8 15/08/1979
2.6 2.3 2.3 2.3 2.3 2.3 2.4 2.4 2.4 2.3 1.8 1.8 2.6 2.6 2.3 2.3 2.3 2.3 2.4 2.4 2.4 1.8 1.8 3.3 2.6 2.6 2.6 2.6 16/08/1979
1.8 1.4 1.4 1.4 1.4 1.4 1.9 1.9 1.9 1.9 1.5 1.5 1.8 1.8 1.4 1.4 1.4 1.4 2.0 1.9 1.9 1.6 1.6 1.8 1.8 1.8 1.8 1.8 17/08/1979
1.8 1.3 1.3 1.3 1.3 1.3 3.0 2.9 2.9 2.8 3.0 2.9 1.7 1.7 1.3 1.3 1.3 1.3 3.1 3.0 3.0 3.1 3.1 2.0 1.7 1.7 1.7 1.7 18/08/1979
1.2 0.9 0.9 0.9 0.9 0.9 2.0 1.9 1.9 1.8 2.7 2.7 1.2 1.2 0.9 0.9 0.9 0.9 2.0 2.0 1.9 2.9 2.9 1.4 1.2 1.2 1.2 1.2 19/08/1979
2.1 2.9 2.8 2.9 2.9 2.8 1.5 1.5 1.5 1.4 2.1 2.1 2.1 2.1 2.8 2.8 2.8 2.8 1.5 1.5 1.5 2.2 2.2 1.7 2.1 2.1 2.1 2.0 20/08/1979
1.8 1.2 1.2 1.2 1.2 1.2 1.9 1.9 1.9 1.9 1.9 1.9 1.8 1.8 1.2 1.2 1.2 1.2 1.9 1.9 1.9 2.0 2.1 2.6 1.8 1.8 1.8 1.7 21/08/1979
2.7 2.4 2.4 2.4 2.4 2.4 2.6 2.6 2.5 2.5 3.0 3.0 2.7 2.7 2.3 2.3 2.4 2.3 2.7 2.6 2.6 3.1 3.1 3.0 2.7 2.7 2.7 2.7 22/08/1979
2.2 3.0 3.0 3.0 3.0 3.0 3.0 3.0 2.9 2.8 2.5 2.5 2.1 2.1 2.9 2.9 2.9 2.9 3.1 3.0 3.0 2.6 2.6 2.3 2.1 2.1 2.1 2.1 23/08/1979
2.2 1.8 1.8 1.8 1.8 1.8 1.6 1.6 1.6 1.6 1.3 1.3 2.1 2.1 1.8 1.8 1.8 1.8 1.6 1.6 1.6 1.3 1.3 3.0 2.1 2.1 2.1 2.1 24/08/1979
0.8 0.7 0.7 0.7 0.7 0.7 1.9 1.8 1.7 1.7 2.1 2.1 0.8 0.8 0.6 0.7 0.7 0.6 2.0 1.9 1.8 2.2 2.2 0.8 0.8 0.8 0.8 0.8 25/08/1979
1.7 1.6 1.6 1.6 1.6 1.6 2.1 2.0 2.0 1.9 2.5 2.5 1.7 1.7 1.6 1.6 1.6 1.6 2.1 2.1 2.0 2.6 2.6 1.5 1.7 1.7 1.7 1.6 26/08/1979
2.5 2.1 2.1 2.1 2.1 2.1 2.2 2.2 2.1 2.1 2.3 2.3 2.5 2.5 2.1 2.1 2.1 2.1 2.2 2.2 2.2 2.4 2.4 2.7 2.5 2.5 2.5 2.4 27/08/1979
3.2 2.3 2.3 2.3 2.3 2.3 2.5 2.4 2.4 2.4 2.3 2.3 3.1 3.1 2.3 2.3 2.3 2.3 2.5 2.5 2.4 2.3 2.3 3.6 3.2 3.2 3.1 3.1 28/08/1979
2.7 2.6 2.6 2.6 2.6 2.6 2.9 3.0 3.0 3.0 3.0 3.0 2.8 2.8 2.7 2.7 2.7 2.7 2.9 2.9 3.0 3.0 3.0 2.6 2.7 2.7 2.8 2.8 29/08/1979
3.0 1.9 1.9 1.9 1.9 1.9 2.6 2.6 2.5 2.5 2.7 2.7 3.0 3.0 1.9 1.9 1.9 1.9 2.7 2.6 2.6 2.8 2.8 3.4 3.0 3.0 3.0 3.0 30/08/1979
2.4 2.4 2.4 2.4 2.4 2.4 3.3 3.2 3.2 3.2 3.0 3.0 2.3 2.3 2.3 2.3 2.3 2.3 3.4 3.3 3.3 3.1 3.2 2.5 2.4 2.4 2.3 2.3 31/08/1979
2.2 3.0 3.0 3.0 3.0 3.0 3.8 3.8 3.7 3.7 3.7 3.7 2.1 2.1 2.9 3.0 3.0 2.9 3.8 3.8 3.8 3.8 3.8 1.7 2.2 2.2 2.1 2.1 01/09/1979
2.3 1.6 1.6 1.6 1.6 1.6 1.0 1.0 0.9 0.9 0.9 0.9 2.2 2.2 1.6 1.6 1.6 1.6 1.1 1.0 1.0 0.9 1.0 2.4 2.2 2.2 2.2 2.2 02/09/1979
2.1 1.9 1.9 1.9 1.9 1.9 2.2 2.2 2.1 2.1 2.4 2.4 2.1 2.1 1.9 1.9 1.9 1.9 2.2 2.2 2.2 2.5 2.6 2.2 2.1 2.1 2.1 2.1 03/09/1979
2.6 2.8 2.8 2.8 2.8 2.8 2.2 2.2 2.2 2.2 2.4 2.4 2.6 2.6 2.7 2.7 2.7 2.7 2.3 2.2 2.2 2.5 2.5 2.7 2.6 2.6 2.6 2.5 04/09/1979
4.3 3.9 3.9 3.9 3.9 3.8 3.6 3.6 3.5 3.5 3.0 3.0 4.2 4.2 3.8 3.8 3.8 3.8 3.7 3.6 3.6 3.1 3.2 4.1 4.2 4.2 4.2 4.2 05/09/1979
3.3 3.2 3.2 3.2 3.2 3.2 3.9 3.9 3.8 3.8 4.0 4.0 3.3 3.3 3.2 3.2 3.2 3.2 3.9 3.9 3.9 4.1 4.1 3.0 3.3 3.3 3.3 3.2 06/09/1979
2.3 1.6 1.5 1.6 1.6 1.5 2.0 2.0 1.9 1.9 1.5 1.5 2.2 2.2 1.5 1.5 1.5 1.5 2.1 2.0 2.0 1.6 1.6 2.3 2.2 2.2 2.2 2.2 07/09/1979
2.2 1.1 1.0 1.0 1.0 1.0 2.1 2.0 2.0 1.9 2.2 2.2 2.1 2.1 1.0 1.0 1.0 1.0 2.1 2.1 2.0 2.2 2.3 2.3 2.2 2.2 2.1 2.1 08/09/1979
1.9 0.8 0.8 0.8 0.8 0.8 1.5 1.4 1.4 1.3 1.7 1.7 1.8 1.8 0.7 0.7 0.7 0.7 1.6 1.5 1.5 1.8 1.8 2.1 1.8 1.8 1.8 1.7 09/09/1979
2.1 2.3 2.2 2.3 2.2 2.2 2.7 2.7 2.6 2.6 2.5 2.5 2.1 2.1 2.2 2.2 2.2 2.2 2.7 2.7 2.7 2.6 2.6 1.9 2.1 2.1 2.1 2.1 10/09/1979
1.2 1.4 1.4 1.4 1.4 1.4 2.0 2.0 2.0 2.0 1.8 1.8 1.2 1.2 1.4 1.4 1.4 1.4 2.1 2.0 2.0 1.9 1.9 1.2 1.2 1.2 1.2 1.2 11/09/1979
2.9 2.5 2.5 2.5 2.5 2.5 2.4 2.4 2.4 2.3 2.8 2.8 2.8 2.8 2.5 2.5 2.5 2.5 2.5 2.4 2.4 2.9 2.9 3.1 2.9 2.9 2.8 2.8 12/09/1979
1.8 1.7 1.7 1.7 1.7 1.7 2.1 2.1 2.1 2.1 2.1 2.1 1.8 1.8 1.7 1.7 1.7 1.7 2.1 2.1 2.1 2.2 2.2 1.8 1.8 1.8 1.8 1.8 13/09/1979
2.5 2.3 2.2 2.3 2.2 2.2 2.5 2.5 2.4 2.4 2.6 2.6 2.5 2.5 2.2 2.2 2.2 2.2 2.5 2.5 2.5 2.7 2.7 2.4 2.5 2.5 2.5 2.5 14/09/1979
1.8 2.0 2.0 2.0 2.0 2.0 2.2 2.2 2.2 2.1 2.0 2.0 1.7 1.7 2.0 2.0 2.0 2.0 2.2 2.2 2.2 2.0 2.1 1.8 1.7 1.7 1.7 1.7 15/09/1979
3.6 3.1 3.1 3.1 3.1 3.1 2.9 2.9 2.9 2.9 2.7 2.7 3.6 3.6 3.1 3.1 3.1 3.1 2.9 2.9 2.9 2.7 2.7 3.5 3.6 3.6 3.6 3.6 16/09/1979
3.3 2.8 2.7 2.8 2.8 2.7 3.1 3.1 3.1 3.0 3.1 3.1 3.3 3.3 2.7 2.7 2.7 2.7 3.1 3.1 3.1 3.1 3.1 3.3 3.3 3.3 3.3 3.3 17/09/1979
2.1 2.2 2.2 2.2 2.2 2.2 3.1 3.0 3.0 2.9 3.0 3.0 2.0 2.0 2.2 2.2 2.2 2.2 3.1 3.0 3.0 3.1 3.1 1.8 2.0 2.0 2.0 2.0 18/09/1979
2.8 2.3 2.3 2.3 2.3 2.3 2.6 2.6 2.6 2.5 2.7 2.7 2.7 2.7 2.3 2.3 2.3 2.3 2.7 2.6 2.6 2.8 2.8 2.8 2.8 2.8 2.7 2.7 19/09/1979
2.0 1.7 1.6 1.7 1.7 1.6 1.5 1.5 1.4 1.4 1.2 1.2 1.9 1.9 1.6 1.6 1.6 1.6 1.6 1.5 1.5 1.3 1.3 2.1 2.0 2.0 1.9 1.9 20/09/1979
1.9 1.9 1.9 1.9 1.9 1.9 1.8 1.7 1.7 1.7 1.9 1.9 1.9 1.9 1.9 1.9 1.9 1.9 1.8 1.8 1.7 1.9 2.0 2.3 1.9 1.9 1.9 1.9 21/09/1979
2.3 2.4 2.4 2.4 2.4 2.4 1.9 1.9 1.9 1.9 1.6 1.6 2.3 2.3 2.4 2.4 2.4 2.4 2.0 1.9 1.9 1.7 1.7 2.1 2.3 2.3 2.3 2.3 22/09/1979
1.1 1.3 1.3 1.3 1.3 1.3 1.8 1.8 1.8 1.8 1.8 1.8 1.1 1.1 1.3 1.3 1.3 1.3 1.9 1.8 1.8 1.8 1.9 1.0 1.1 1.1 1.1 1.1 23/09/1979
2.0 1.8 1.7 1.8 1.8 1.7 1.1 1.1 1.1 1.1 1.1 1.1 2.0 2.0 1.7 1.7 1.7 1.7 1.2 1.1 1.1 1.1 1.2 1.7 2.0 2.0 2.0 1.9 24/09/1979
1.0 0.9 0.9 0.9 0.9 0.9 1.9 1.9 1.8 1.8 1.7 1.7 0.9 0.9 0.8 0.8 0.8 0.8 1.9 1.9 1.9 1.7 1.7 1.1 0.9 0.9 0.9 0.9 25/09/1979
1.4 1.2 1.2 1.2 1.2 1.2 2.2 2.2 2.2 2.2 1.7 1.7 1.4 1.4 1.2 1.2 1.2 1.2 2.2 2.2 2.2 1.8 1.8 1.6 1.4 1.4 1.4 1.4 26/09/1979
1.4 0.8 0.8 0.8 0.8 0.8 2.1 2.1 2.0 2.0 2.1 2.1 1.4 1.4 0.7 0.8 0.8 0.7 2.1 2.1 2.1 2.2 2.2 1.6 1.4 1.4 1.4 1.4 27/09/1979
1.7 1.5 1.4 1.5 1.5 1.4 1.6 1.5 1.4 1.4 1.5 1.5 1.6 1.6 1.4 1.4 1.4 1.4 1.6 1.5 1.5 1.6 1.6 1.6 1.6 1.6 1.6 1.6 28/09/1979
2.0 1.4 1.4 1.4 1.4 1.4 1.3 1.3 1.3 1.2 1.6 1.6 1.9 1.9 1.4 1.4 1.4 1.4 1.3 1.3 1.3 1.6 1.7 2.1 1.9 1.9 1.9 1.9 29/09/1979
2.0 2.0 2.0 2.0 2.0 2.0 1.9 1.9 1.8 1.8 1.8 1.8 2.0 2.0 1.9 1.9 1.9 1.9 1.9 1.9 1.9 1.9 1.9 1.7 2.0 2.0 1.9 1.9 30/09/1979
0.8 1.3 1.3 1.3 1.3 1.3 1.5 1.5 1.5 1.5 1.6 1.6 0.7 0.7 1.2 1.2 1.2 1.2 1.5 1.5 1.5 1.7 1.7 0.6 0.8 0.8 0.7 0.7 01/10/1979
1.0 0.7 0.7 0.7 0.7 0.7 0.9 0.9 0.9 0.9 0.7 0.7 1.0 1.0 0.6 0.6 0.6 0.6 0.9 0.9 0.9 0.7 0.7 0.9 1.0 1.0 1.0 1.0 02/10/1979
1.3 1.2 1.2 1.2 1.2 1.2 0.9 0.9 0.9 0.9 0.9 0.9 1.2 1.2 1.1 1.1 1.1 1.1 1.0 0.9 0.9 0.9 0.9 1.2 1.2 1.2 1.2 1.2 03/10/1979
0.4 0.3 0.2 0.3 0.3 0.2 1.8 1.7 1.7 1.7 1.7 1.7 0.4 0.4 0.2 0.2 0.2 0.2 1.8 1.8 1.8 1.8 1.8 0.4 0.4 0.4 0.4 0.4 04/10/1979
1.2 1.5 1.5 1.5 1.5 1.5 0.7 0.7 0.7 0.7 1.1 1.1 1.2 1.2 1.5 1.5 1.5 1.5 0.7 0.7 0.7 1.1 1.1 1.4 1.2 1.2 1.2 1.2 05/10/1979
1.5 1.5 1.4 1.5 1.5 1.4 1.4 1.4 1.3 1.3 1.2 1.2 1.4 1.4 1.4 1.4 1.4 1.4 1.5 1.4 1.4 1.2 1.3 1.3 1.5 1.5 1.4 1.4 06/10/1979
2.1 1.7 1.6 1.7 1.7 1.6 1.4 1.3 1.3 1.2 1.0 1.0 2.0 2.0 1.6 1.6 1.6 1.6 1.4 1.4 1.3 1.0 1.1 2.1 2.1 2.1 2.0 2.0 07/10/1979
1.0 0.5 0.5 0.5 0.5 0.5 0.7 0.7 0.7 0.6 0.8 0.8 1.0 1.0 0.5 0.5 0.5 0.5 0.8 0.7 0.7 0.8 0.8 1.2 1.0 1.0 1.0 1.0 08/10/1979
1.2 1.2 1.2 1.2 1.2 1.2 1.8 1.8 1.7 1.7 2.0 2.0 1.2 1.2 1.2 1.2 1.2 1.2 1.8 1.8 1.8 2.0 2.0 1.1 1.2 1.2 1.2 1.2 09/10/1979
0.9 1.0 1.0 1.0 1.0 1.0 2.4 2.4 2.4 2.4 2.6 2.6 0.9 0.9 1.0 1.0 1.0 1.0 2.4 2.4 2.4 2.6 2.6 0.9 0.9 0.9 0.9 0.9 10/10/1979
0.8 0.5 0.4 0.5 0.4 0.4 0.8 0.7 0.7 0.7 1.0 1.0 0.7 0.7 0.4 0.4 0.4 0.4 0.8 0.8 0.7 1.1 1.1 1.0 0.7 0.7 0.7 0.7 11/10/1979
0.9 1.4 1.4 1.4 1.4 1.4 1.2 1.2 1.2 1.2 1.2 1.2 0.9 0.9 1.3 1.3 1.3 1.3 1.2 1.2 1.2 1.2 1.2 0.7 0.9 0.9 0.9 0.9 12/10/1979
1.4 1.1 1.1 1.1 1.1 1.1 1.1 1.1 1.0 1.0 1.3 1.3 1.4 1.4 1.1 1.1 1.1 1.1 1.1 1.1 1.1 1.4 1.4 1.3 1.4 1.4 1.4 1.4 13/10/1979
1.3 1.5 1.5 1.5 1.5 1.5 1.5 1.4 1.4 1.3 1.2 1.2 1.3 1.3 1.5 1.5 1.5 1.5 1.5 1.4 1.4 1.3 1.3 1.3 1.3 1.3 1.3 1.2 14/10/1979
0.6 0.5 0.5 0.5 0.5 0.5 0.4 0.4 0.3 0.3 0.3 0.3 0.5 0.5 0.4 0.4 0.4 0.4 0.4 0.4 0.4 0.4 0.4 0.7 0.5 0.5 0.5 0.5 15/10/1979
1.1 0.9 0.9 0.9 0.9 0.9 0.4 0.4 0.4 0.4 0.2 0.2 1.1 1.1 0.8 0.8 0.8 0.8 0.5 0.4 0.4 0.2 0.2 1.2 1.1 1.1 1.1 1.0 16/10/1979
1.3 1.0 1.0 1.0 1.0 1.0 0.8 0.7 0.7 0.7 0.7 0.7 1.2 1.2 1.0 1.0 1.0 1.0 0.8 0.8 0.8 0.8 0.8 1.4 1.2 1.2 1.2 1.2 17/10/1979
1.6 1.7 1.6 1.7 1.6 1.6 0.9 0.9 0.9 0.9 0.8 0.8 1.5 1.5 1.6 1.6 1.6 1.6 0.9 0.9 0.9 0.8 0.8 1.4 1.5 1.5 1.5 1.5 18/10/1979
1.4 1.2 1.2 1.2 1.2 1.2 1.3 1.2 1.2 1.2 0.9 0.8 1.3 1.3 1.2 1.2 1.2 1.2 1.3 1.3 1.3 0.9 0.9 1.6 1.4 1.4 1.3 1.3 19/10/1979
0.8 0.8 0.8 0.8 0.8 0.8 0.7 0.8 0.8 0.9 0.9 0.9 0.8 0.8 0.9 0.9 0.9 0.9 0.7 0.8 0.8 0.9 0.8 1.0 0.8 0.8 0.8 0.8 20/10/1979
1.0 1.2 1.2 1.2 1.2 1.2 0.8 0.8 0.8 0.8 0.9 0.9 1.0 1.0 1.2 1.2 1.2 1.2 0.8 0.8 0.8 0.9 0.9 1.1 1.0 1.0 1.0 1.0 21/10/1979
1.1 1.1 1.1 1.1 1.1 1.1 1.5 1.5 1.5 1.5 1.7 1.7 1.0 1.0 1.1 1.1 1.1 1.1 1.5 1.5 1.5 1.7 1.7 1.2 1.0 1.0 1.0 1.0 22/10/1979
1.4 1.3 1.2 1.3 1.3 1.2 1.9 1.8 1.7 1.6 1.8 1.7 1.4 1.4 1.2 1.2 1.2 1.2 2.0 1.9 1.8 1.8 1.9 1.4 1.4 1.4 1.4 1.4 23/10/1979
1.0 0.9 0.9 0.9 0.9 0.9 1.2 1.1 1.1 1.0 1.3 1.3 1.0 1.0 0.8 0.8 0.8 0.8 1.2 1.2 1.1 1.4 1.4 1.0 1.0 1.0 1.0 0.9 24/10/1979
0.2 0.3 0.3 0.3 0.3 0.3 0.9 0.9 0.9 0.9 1.0 1.0 0.2 0.2 0.3 0.3 0.3 0.3 1.0 0.9 0.9 1.0 1.1 0.3 0.2 0.2 0.2 0.2 25/10/1979
0.2 0.3 0.3 0.3 0.3 0.3 0.8 0.8 0.8 0.8 0.9 0.9 0.1 0.1 0.3 0.3 0.3 0.3 0.8 0.8 0.8 0.9 0.9 0.1 0.2 0.2 0.1 0.1 26/10/1979
1.3 0.9 0.9 0.9 0.9 0.9 1.3 1.2 1.2 1.2 1.1 1.1 1.2 1.2 0.9 0.9 0.9 0.9 1.3 1.2 1.2 1.2 1.2 1.3 1.2 1.2 1.2 1.2 27/10/1979
0.3 0.3 0.3 0.3 0.3 0.3 0.5 0.5 0.5 0.5 0.5 0.5 0.3 0.3 0.3 0.3 0.3 0.3 0.5 0.5 0.5 0.5 0.5 0.5 0.3 0.3 0.3 0.2 28/10/1979
0.7 0.5 0.5 0.5 0.5 0.5 0.5 0.5 0.5 0.5 0.4 0.4 0.6 0.6 0.5 0.5 0.5 0.5 0.6 0.5 0.5 0.4 0.4 1.0 0.7 0.7 0.6 0.6 29/10/1979
0.5 0.3 0.3 0.3 0.3 0.3 0.7 0.7 0.7 0.7 0.8 0.8 0.5 0.5 0.3 0.3 0.3 0.3 0.7 0.7 0.7 0.8 0.9 0.8 0.5 0.5 0.5 0.5 30/10/1979
0.1 0.3 0.3 0.3 0.3 0.3 0.3 0.2 0.2 0.2 0.3 0.2 0.1 0.1 0.3 0.3 0.3 0.3 0.3 0.3 0.3 0.3 0.3 0.1 0.1 0.1 0.1 0.1 31/10/1979
0.6 0.6 0.6 0.6 0.6 0.6 0.6 0.5 0.5 0.5 0.5 0.5 0.6 0.6 0.6 0.6 0.6 0.6 0.6 0.6 0.5 0.6 0.6 0.6 0.6 0.6 0.6 0.6 01/11/1979
0.8 0.8 0.8 0.8 0.8 0.8 0.6 0.6 0.6 0.6 0.8 0.8 0.8 0.8 0.8 0.8 0.8 0.8 0.6 0.6 0.6 0.8 0.8 1.1 0.8 0.8 0.8 0.7 02/11/1979
0.9 0.7 0.6 0.7 0.7 0.6 0.3 0.3 0.3 0.3 0.3 0.3 0.8 0.8 0.6 0.6 0.6 0.6 0.4 0.3 0.3 0.3 0.3 1.1 0.9 0.9 0.8 0.8 03/11/1979
0.5 0.7 0.7 0.7 0.7 0.8 0.8 0.8 0.9 0.9 1.0 1.0 0.5 0.5 0.8 0.8 0.8 0.8 0.7 0.8 0.8 1.0 0.9 0.8 0.5 0.5 0.5 0.5 04/11/1979
1.7 1.9 1.9 1.9 1.9 1.9 1.1 1.1 1.1 1.1 1.0 1.0 1.6 1.6 1.8 1.8 1.8 1.8 1.1 1.1 1.1 1.0 1.0 1.9 1.6 1.6 1.6 1.6 05/11/1979
0.4 0.5 0.5 0.5 0.5 0.5 0.7 0.7 0.7 0.7 0.6 0.6 0.4 0.4 0.6 0.6 0.6 0.6 0.7 0.7 0.7 0.6 0.6 0.6 0.4 0.4 0.4 0.4 06/11/1979
0.5 0.8 0.8 0.8 0.8 0.8 0.7 0.7 0.7 0.7 0.9 0.9 0.5 0.5 0.8 0.8 0.8 0.8 0.7 0.7 0.7 0.9 0.9 0.6 0.5 0.5 0.5 0.5 07/11/1979
0.4 0.6 0.6 0.6 0.6 0.6 0.6 0.6 0.6 0.6 0.9 0.9 0.4 0.4 0.6 0.6 0.6 0.6 0.7 0.6 0.6 1.0 1.0 0.4 0.4 0.4 0.4 0.4 08/11/1979
0.8 0.9 0.9 0.9 0.9 0.9 0.8 0.8 0.8 0.8 0.9 0.9 0.8 0.8 0.9 0.9 0.9 0.9 0.9 0.8 0.8 0.9 1.0 0.9 0.8 0.8 0.8 0.8 09/11/1979
1.3 1.1 1.1 1.1 1.1 1.1 0.6 0.6 0.6 0.6 0.7 0.7 1.2 1.2 1.1 1.1 1.1 1.1 0.6 0.6 0.6 0.7 0.7 1.5 1.2 1.2 1.2 1.2 10/11/1979
0.8 0.7 0.7 0.7 0.7 0.7 0.4 0.4 0.4 0.4 0.4 0.4 0.8 0.8 0.7 0.7 0.7 0.7 0.4 0.4 0.4 0.4 0.4 0.9 0.8 0.8 0.8 0.8 11/11/1979
0.6 0.6 0.6 0.6 0.6 0.6 0.4 0.4 0.4 0.4 0.3 0.3 0.6 0.6 0.6 0.6 0.6 0.6 0.3 0.4 0.4 0.3 0.3 0.7 0.6 0.6 0.6 0.6 12/11/1979
0.6 0.8 0.8 0.8 0.8 0.8 0.4 0.4 0.4 0.4 0.4 0.4 0.6 0.6 0.7 0.7 0.7 0.7 0.4 0.4 0.4 0.4 0.5 0.6 0.6 0.6 0.6 0.6 13/11/1979
1.0 0.9 0.9 0.9 0.9 0.9 0.3 0.3 0.3 0.3 0.4 0.4 0.9 0.9 0.9 0.9 0.9 0.9 0.3 0.3 0.3 0.4 0.4 0.9 0.9 0.9 0.9 0.9 14/11/1979
0.6 0.8 0.8 0.8 0.8 0.8 0.4 0.4 0.4 0.4 0.4 0.4 0.6 0.6 0.8 0.8 0.8 0.8 0.4 0.4 0.4 0.4 0.4 0.8 0.6 0.6 0.6 0.6 15/11/1979
0.4 0.5 0.5 0.5 0.5 0.5 0.1 0.1 0.1 0.1 0.3 0.3 0.4 0.4 0.5 0.5 0.5 0.5 0.1 0.1 0.1 0.3 0.3 0.6 0.4 0.4 0.4 0.4 16/11/1979
0.5 0.6 0.6 0.6 0.6 0.6 0.7 0.7 0.6 0.6 0.7 0.7 0.5 0.5 0.6 0.6 0.6 0.6 0.7 0.7 0.7 0.7 0.7 0.6 0.5 0.5 0.5 0.5 17/11/1979
0.7 0.9 0.8 0.9 0.9 0.8 0.4 0.4 0.4 0.4 0.4 0.4 0.7 0.7 0.8 0.8 0.8 0.8 0.4 0.4 0.4 0.3 0.3 0.9 0.7 0.7 0.7 0.7 18/11/1979
0.7 0.7 0.7 0.7 0.7 0.7 0.3 0.3 0.3 0.3 0.3 0.3 0.7 0.7 0.6 0.7 0.7 0.6 0.4 0.3 0.3 0.4 0.4 1.0 0.7 0.7 0.6 0.6 19/11/1979
0.5 0.4 0.4 0.4 0.4 0.4 0.1 0.1 0.1 0.1 0.2 0.2 0.4 0.4 0.4 0.4 0.4 0.4 0.2 0.1 0.1 0.2 0.3 0.7 0.5 0.5 0.4 0.4 20/11/1979
0.6 0.8 0.7 0.8 0.8 0.7 0.4 0.4 0.3 0.3 0.4 0.4 0.6 0.6 0.7 0.7 0.7 0.7 0.4 0.4 0.4 0.4 0.4 0.6 0.6 0.6 0.6 0.6 21/11/1979
1.0 0.9 0.9 0.9 0.9 0.9 0.4 0.4 0.4 0.4 0.3 0.3 0.9 0.9 0.9 0.9 0.9 0.9 0.4 0.4 0.4 0.3 0.3 1.0 1.0 1.0 0.9 0.9 22/11/1979
0.4 0.6 0.6 0.6 0.6 0.6 0.2 0.2 0.2 0.2 0.2 0.2 0.4 0.4 0.6 0.6 0.6 0.6 0.2 0.2 0.2 0.2 0.2 0.4 0.4 0.4 0.4 0.4 23/11/1979
0.5 0.4 0.4 0.4 0.4 0.4 0.2 0.2 0.1 0.1 0.1 0.1 0.5 0.5 0.4 0.4 0.4 0.4 0.3 0.2 0.2 0.2 0.2 0.7 0.5 0.5 0.5 0.5 24/11/1979
0.6 0.5 0.5 0.5 0.5 0.5 0.4 0.4 0.4 0.4 0.4 0.4 0.5 0.5 0.4 0.5 0.5 0.4 0.6 0.4 0.4 0.4 0.4 0.6 0.6 0.6 0.5 0.5 25/11/1979
0.1 0.4 0.4 0.4 0.4 0.4 0.5 0.6 0.8 0.8 0.7 0.7 0.1 0.1 0.5 0.5 0.5 0.5 0.4 0.5 0.6 0.6 0.6 0.3 0.1 0.1 0.1 0.1 26/11/1979
0.7 1.1 1.1 1.1 1.1 1.1 0.4 0.4 0.4 0.4 0.4 0.4 0.7 0.7 1.1 1.1 1.1 1.1 0.4 0.4 0.4 0.4 0.4 0.7 0.7 0.7 0.7 0.7 27/11/1979
0.7 0.3 0.3 0.3 0.3 0.3 0.5 0.4 0.4 0.4 0.5 0.5 0.7 0.7 0.3 0.3 0.3 0.3 0.5 0.4 0.4 0.6 0.6 0.8 0.7 0.7 0.7 0.7 28/11/1979
1.1 0.6 0.6 0.6 0.6 0.6 0.5 0.5 0.6 0.6 0.5 0.6 1.1 1.1 0.5 0.5 0.5 0.5 0.5 0.5 0.5 0.4 0.4 1.6 1.1 1.1 1.1 1.1 29/11/1979
0.9 0.2 0.2 0.2 0.2 0.2 0.4 0.5 0.5 0.6 0.9 0.9 0.8 0.8 0.2 0.2 0.2 0.2 0.4 0.4 0.5 0.8 0.8 1.6 0.8 0.8 0.8 0.8 30/11/1979
0.7 1.0 1.0 1.0 1.0 1.0 1.1 1.1 0.9 0.8 1.0 1.0 0.7 0.7 0.9 0.9 0.9 0.9 1.2 1.1 1.1 1.1 1.1 0.8 0.7 0.7 0.7 0.7 01/12/1979
0.6 0.7 0.7 0.7 0.7 0.7 0.9 1.0 1.0 1.0 1.0 1.0 0.7 0.7 0.8 0.7 0.7 0.8 0.9 0.9 0.9 1.0 1.0 0.9 0.6 0.6 0.7 0.7 02/12/1979
0.7 0.9 0.9 0.9 0.9 0.9 0.8 0.8 0.8 0.8 0.9 0.9 0.7 0.7 0.9 0.9 0.9 0.9 0.8 0.8 0.8 0.9 0.9 0.8 0.7 0.7 0.7 0.7 03/12/1979
0.8 0.3 0.3 0.3 0.3 0.3 0.2 0.2 0.2 0.2 0.4 0.4 0.9 0.9 0.4 0.4 0.4 0.4 0.3 0.2 0.2 0.3 0.3 1.2 0.8 0.8 0.9 0.9 04/12/1979
1.1 1.4 1.3 1.4 1.4 1.3 1.2 1.4 1.6 1.6 1.7 1.7 1.1 1.1 1.3 1.3 1.3 1.3 1.1 1.2 1.3 1.6 1.6 1.3 1.1 1.1 1.1 1.1 05/12/1979
1.4 1.0 1.0 1.0 1.0 1.0 0.5 0.4 0.3 0.3 0.4 0.4 1.4 1.4 1.0 1.0 1.0 1.0 0.5 0.4 0.4 0.5 0.6 1.8 1.4 1.4 1.4 1.4 06/12/1979
1.2 0.8 0.8 0.8 0.8 0.8 0.9 0.9 0.9 0.8 1.3 1.3 1.1 1.1 0.8 0.8 0.8 0.8 1.0 0.9 0.9 1.4 1.4 1.4 1.1 1.1 1.1 1.1 07/12/1979
0.3 0.6 0.5 0.6 0.6 0.5 0.7 0.6 0.6 0.5 0.5 0.5 0.3 0.3 0.5 0.5 0.5 0.5 0.7 0.6 0.6 0.6 0.6 0.4 0.3 0.3 0.3 0.3 08/12/1979
0.3 0.4 0.4 0.4 0.4 0.4 0.6 0.6 0.5 0.5 0.6 0.6 0.3 0.3 0.4 0.4 0.4 0.4 0.6 0.6 0.6 0.6 0.7 0.5 0.3 0.3 0.3 0.3 09/12/1979
0.7 0.7 0.7 0.7 0.7 0.7 0.7 0.7 0.7 0.7 0.8 0.8 0.7 0.7 0.7 0.7 0.7 0.7 0.7 0.7 0.7 0.9 0.9 0.8 0.7 0.7 0.7 0.7 10/12/1979
1.3 1.3 1.3 1.3 1.3 1.3 0.8 0.8 0.8 0.8 0.8 0.8 1.3 1.3 1.3 1.3 1.3 1.3 0.9 0.8 0.8 0.8 0.8 1.6 1.3 1.3 1.3 1.3 11/12/1979
1.2 1.1 1.1 1.1 1.1 1.1 0.6 0.6 0.6 0.6 0.7 0.7 1.2 1.2 1.1 1.1 1.1 1.1 0.6 0.6 0.6 0.6 0.6 1.2 1.2 1.2 1.2 1.2 12/12/1979
0.1 0.2 0.1 0.2 0.2 0.1 0.2 0.2 0.2 0.2 0.3 0.3 0.1 0.1 0.1 0.1 0.1 0.1 0.2 0.2 0.2 0.3 0.3 0.1 0.1 0.1 0.1 0.1 13/12/1979
1.4 1.3 1.2 1.3 1.3 1.2 1.1 1.1 1.1 1.1 1.2 1.2 1.3 1.3 1.2 1.2 1.2 1.2 1.1 1.1 1.1 1.2 1.2 1.7 1.3 1.3 1.3 1.3 14/12/1979
0.9 1.0 1.0 1.0 1.0 1.0 1.2 1.2 1.2 1.2 1.1 1.1 0.9 0.9 1.0 1.0 1.0 1.0 1.3 1.2 1.2 1.1 1.2 0.9 0.9 0.9 0.9 0.9 15/12/1979
1.1 1.4 1.4 1.4 1.4 1.4 1.1 1.1 1.1 1.1 1.2 1.2 1.1 1.1 1.4 1.4 1.4 1.4 1.2 1.1 1.1 1.2 1.3 1.0 1.1 1.1 1.1 1.1 16/12/1979
0.4 0.7 0.6 0.7 0.6 0.6 0.6 0.5 0.5 0.5 0.5 0.5 0.5 0.5 0.6 0.6 0.6 0.6 0.6 0.6 0.6 0.6 0.6 0.5 0.5 0.5 0.5 0.5 17/12/1979
0.8 0.9 0.9 0.9 0.9 0.9 0.6 0.6 0.6 0.5 0.6 0.6 0.8 0.8 0.9 0.9 0.9 0.9 0.7 0.6 0.6 0.6 0.6 1.0 0.8 0.8 0.8 0.8 18/12/1979
0.6 0.6 0.5 0.6 0.6 0.5 0.3 0.3 0.3 0.3 0.3 0.3 0.5 0.5 0.5 0.5 0.5 0.5 0.3 0.3 0.3 0.3 0.3 0.9 0.6 0.6 0.5 0.5 19/12/1979
0.4 0.5 0.5 0.5 0.5 0.4 0.3 0.3 0.3 0.2 0.3 0.3 0.4 0.4 0.4 0.4 0.4 0.4 0.3 0.3 0.3 0.3 0.3 0.6 0.4 0.4 0.4 0.4 20/12/1979
0.5 0.5 0.5 0.5 0.5 0.5 0.2 0.2 0.2 0.2 0.3 0.3 0.5 0.5 0.5 0.5 0.5 0.5 0.2 0.2 0.2 0.3 0.3 0.7 0.5 0.5 0.5 0.5 21/12/1979
0.6 0.6 0.6 0.6 0.6 0.6 0.2 0.2 0.3 0.3 0.3 0.3 0.6 0.6 0.6 0.6 0.6 0.6 0.3 0.2 0.2 0.2 0.2 0.7 0.6 0.6 0.6 0.6 22/12/1979
0.3 0.1 0.1 0.1 0.1 0.1 0.2 0.2 0.2 0.2 0.3 0.3 0.3 0.3 0.1 0.1 0.1 0.1 0.2 0.2 0.2 0.3 0.3 0.5 0.3 0.3 0.3 0.3 23/12/1979
0.2 0.2 0.2 0.2 0.2 0.2 0.2 0.2 0.2 0.2 0.2 0.2 0.2 0.2 0.2 0.2 0.2 0.2 0.3 0.2 0.2 0.2 0.2 0.3 0.2 0.2 0.2 0.2 24/12/1979
0.5 0.0 0.0 0.0 0.0 0.0 0.1 0.1 0.1 0.1 0.2 0.2 0.5 0.5 0.0 0.0 0.0 0.0 0.1 0.1 0.1 0.1 0.1 0.8 0.5 0.5 0.5 0.5 25/12/1979
0.2 0.1 0.1 0.1 0.1 0.1 0.4 0.4 0.3 0.3 0.3 0.3 0.2 0.2 0.1 0.1 0.1 0.1 0.5 0.4 0.4 0.3 0.3 0.4 0.2 0.2 0.2 0.2 26/12/1979
0.3 0.5 0.4 0.5 0.4 0.4 1.0 1.0 1.0 0.9 1.1 1.0 0.3 0.3 0.4 0.4 0.4 0.4 0.9 1.0 1.0 1.1 1.1 0.2 0.3 0.3 0.3 0.2 27/12/1979
0.7 0.7 0.7 0.7 0.7 0.7 0.6 0.6 0.6 0.6 0.5 0.5 0.7 0.7 0.7 0.7 0.7 0.7 0.6 0.6 0.6 0.6 0.6 0.9 0.7 0.7 0.7 0.7 28/12/1979
0.5 0.8 0.8 0.8 0.8 0.8 0.4 0.3 0.3 0.3 0.5 0.5 0.5 0.5 0.8 0.8 0.8 0.8 0.4 0.4 0.3 0.5 0.5 0.7 0.5 0.5 0.5 0.5 29/12/1979
0.7 0.8 0.8 0.8 0.8 0.8 0.5 0.5 0.5 0.5 0.5 0.5 0.6 0.6 0.8 0.8 0.8 0.8 0.5 0.5 0.5 0.5 0.5 0.9 0.7 0.7 0.6 0.6 30/12/1979
1.0 1.0 1.0 1.0 1.0 1.0 0.6 0.6 0.6 0.6 0.6 0.6 1.0 1.0 1.0 1.0 1.0 1.0 0.6 0.6 0.6 0.6 0.6 1.2 1.0 1.0 1.0 1.0 31/12/1979
0.3 0.5 0.4 0.5 0.5 0.4 0.3 0.3 0.3 0.3 0.3 0.3 0.3 0.3 0.4 0.4 0.4 0.4 0.3 0.3 0.3 0.3 0.3 0.3 0.3 0.3 0.3 0.3 01/01/1980
1.1 0.8 0.8 0.8 0.8 0.8 0.4 0.4 0.3 0.3 0.3 0.3 1.0 1.0 0.8 0.8 0.8 0.8 0.4 0.4 0.4 0.3 0.3 1.3 1.0 1.0 1.0 1.0 02/01/1980
0.8 0.7 0.8 0.7 0.7 0.8 0.4 0.5 0.5 0.5 0.5 0.5 0.9 0.9 0.8 0.8 0.8 0.8 0.4 0.4 0.4 0.4 0.4 1.0 0.8 0.8 0.9 0.9 03/01/1980
0.2 0.2 0.2 0.2 0.2 0.2 0.3 0.2 0.2 0.2 0.2 0.2 0.1 0.1 0.1 0.1 0.1 0.1 0.3 0.3 0.2 0.3 0.3 0.0 0.1 0.1 0.1 0.1 04/01/1980
0.3 0.3 0.3 0.3 0.3 0.3 0.3 0.3 0.2 0.2 0.3 0.3 0.3 0.3 0.3 0.3 0.3 0.3 0.3 0.3 0.3 0.3 0.3 0.3 0.3 0.3 0.3 0.3 05/01/1980
0.6 0.8 0.8 0.8 0.8 0.8 0.5 0.5 0.5 0.5 0.4 0.4 0.5 0.5 0.8 0.8 0.8 0.8 0.5 0.5 0.5 0.4 0.4 0.6 0.5 0.5 0.5 0.5 06/01/1980
0.5 0.5 0.5 0.5 0.5 0.5 0.4 0.4 0.3 0.3 0.2 0.2 0.5 0.5 0.5 0.5 0.5 0.5 0.5 0.4 0.4 0.2 0.3 0.5 0.5 0.5 0.5 0.5 07/01/1980
0.2 0.3 0.3 0.3 0.3 0.3 0.3 0.2 0.2 0.1 0.1 0.1 0.2 0.2 0.2 0.2 0.2 0.2 0.3 0.2 0.2 0.2 0.2 0.2 0.2 0.2 0.2 0.2 08/01/1980
0.5 0.5 0.5 0.5 0.5 0.5 0.3 0.3 0.3 0.3 0.3 0.3 0.5 0.5 0.5 0.5 0.5 0.5 0.3 0.3 0.3 0.3 0.3 0.6 0.5 0.5 0.5 0.5 09/01/1980
0.4 0.5 0.5 0.5 0.5 0.5 0.5 0.5 0.5 0.5 0.4 0.4 0.4 0.4 0.5 0.5 0.5 0.5 0.5 0.5 0.5 0.4 0.4 0.6 0.4 0.4 0.4 0.4 10/01/1980
0.4 0.6 0.6 0.6 0.6 0.6 0.7 0.6 0.6 0.6 0.5 0.5 0.4 0.4 0.6 0.6 0.6 0.6 0.7 0.7 0.6 0.5 0.6 0.5 0.4 0.4 0.4 0.4 11/01/1980
0.7 0.8 0.8 0.8 0.8 0.8 0.7 0.7 0.7 0.6 0.6 0.6 0.6 0.6 0.8 0.8 0.8 0.8 0.7 0.7 0.7 0.6 0.6 0.7 0.6 0.6 0.6 0.6 12/01/1980
0.4 0.4 0.4 0.4 0.4 0.4 0.5 0.5 0.5 0.5 0.4 0.5 0.4 0.4 0.4 0.4 0.4 0.4 0.5 0.5 0.5 0.4 0.4 0.5 0.4 0.4 0.4 0.4 13/01/1980
0.2 0.2 0.2 0.2 0.2 0.2 0.4 0.4 0.3 0.3 0.3 0.3 0.2 0.2 0.2 0.2 0.2 0.2 0.4 0.4 0.4 0.3 0.3 0.2 0.2 0.2 0.2 0.2 14/01/1980
0.4 0.5 0.5 0.5 0.5 0.5 0.3 0.3 0.3 0.4 0.3 0.3 0.4 0.4 0.5 0.5 0.5 0.5 0.3 0.3 0.3 0.3 0.3 0.4 0.4 0.4 0.4 0.4 15/01/1980
0.5 0.7 0.7 0.7 0.7 0.7 0.8 0.8 0.8 0.8 0.7 0.7 0.5 0.5 0.7 0.7 0.7 0.7 0.8 0.8 0.8 0.7 0.7 0.6 0.5 0.5 0.5 0.5 16/01/1980
0.1 0.2 0.2 0.2 0.2 0.2 0.6 0.6 0.6 0.6 0.6 0.6 0.1 0.1 0.2 0.2 0.2 0.2 0.6 0.6 0.6 0.6 0.6 0.1 0.1 0.1 0.1 0.1 17/01/1980
0.2 0.3 0.3 0.3 0.3 0.3 0.3 0.3 0.3 0.3 0.2 0.2 0.2 0.2 0.3 0.3 0.3 0.3 0.4 0.3 0.3 0.2 0.3 0.2 0.2 0.2 0.2 0.2 18/01/1980
0.3 0.0 0.0 0.0 0.0 0.0 0.5 0.5 0.5 0.5 0.4 0.4 0.2 0.2 0.0 0.0 0.0 0.0 0.5 0.5 0.5 0.4 0.4 0.4 0.2 0.2 0.2 0.2 19/01/1980
0.3 0.3 0.3 0.3 0.3 0.3 0.5 0.5 0.5 0.5 0.5 0.5 0.3 0.3 0.3 0.3 0.3 0.3 0.5 0.5 0.5 0.5 0.5 0.5 0.3 0.3 0.3 0.3 20/01/1980
0.9 1.1 1.1 1.1 1.1 1.1 0.5 0.5 0.5 0.5 0.5 0.5 0.8 0.8 1.1 1.1 1.1 1.1 0.5 0.5 0.5 0.5 0.5 0.7 0.8 0.8 0.8 0.8 21/01/1980
1.1 1.2 1.1 1.2 1.2 1.1 0.9 0.9 0.8 0.8 0.8 0.8 1.1 1.1 1.1 1.1 1.1 1.1 1.0 0.9 0.9 0.8 0.9 1.2 1.1 1.1 1.1 1.0 22/01/1980
0.6 0.9 0.9 0.9 0.9 0.9 0.6 0.6 0.6 0.5 0.6 0.5 0.6 0.6 0.9 0.9 0.9 0.9 0.7 0.6 0.6 0.6 0.6 0.5 0.6 0.6 0.6 0.5 23/01/1980
0.2 0.1 0.1 0.1 0.1 0.1 0.4 0.4 0.4 0.3 0.3 0.3 0.1 0.1 0.1 0.1 0.1 0.1 0.5 0.4 0.4 0.3 0.3 0.2 0.2 0.2 0.1 0.1 24/01/1980
0.3 0.2 0.2 0.2 0.2 0.2 0.1 0.1 0.1 0.1 0.1 0.1 0.2 0.2 0.2 0.2 0.2 0.2 0.1 0.1 0.1 0.1 0.1 0.3 0.2 0.2 0.2 0.2 25/01/1980
0.2 0.1 0.1 0.1 0.1 0.1 0.2 0.1 0.1 0.1 0.1 0.1 0.2 0.2 0.1 0.1 0.1 0.1 0.2 0.1 0.1 0.1 0.1 0.2 0.2 0.2 0.2 0.2 26/01/1980
0.1 0.1 0.1 0.1 0.1 0.1 0.3 0.2 0.2 0.2 0.3 0.3 0.2 0.2 0.1 0.1 0.1 0.1 0.3 0.3 0.3 0.4 0.4 0.2 0.1 0.1 0.2 0.2 27/01/1980
0.5 0.6 0.6 0.6 0.6 0.6 0.4 0.4 0.3 0.3 0.4 0.4 0.6 0.6 0.5 0.5 0.5 0.5 0.4 0.4 0.4 0.3 0.3 0.7 0.6 0.6 0.6 0.6 28/01/1980
0.6 0.7 0.7 0.7 0.7 0.7 0.6 0.6 0.6 0.6 0.5 0.5 0.7 0.7 0.8 0.8 0.8 0.8 0.5 0.6 0.6 0.5 0.5 0.7 0.7 0.7 0.7 0.7 29/01/1980
0.4 0.4 0.4 0.4 0.4 0.4 0.3 0.2 0.2 0.1 0.2 0.2 0.3 0.3 0.3 0.3 0.3 0.3 0.3 0.2 0.2 0.3 0.3 0.5 0.4 0.4 0.3 0.3 30/01/1980
0.8 1.4 1.4 1.4 1.4 1.4 1.1 1.1 1.1 1.0 0.9 0.9 0.8 0.8 1.4 1.4 1.4 1.4 1.2 1.1 1.1 1.0 1.0 0.8 0.8 0.8 0.8 0.8 31/01/1980
1.0 1.0 1.0 1.0 1.0 1.0 1.1 1.0 1.0 1.0 1.0 1.0 1.0 1.0 0.9 0.9 0.9 0.9 1.1 1.1 1.0 1.1 1.1 1.0 1.0 1.0 0.9 0.9 01/02/1980
0.2 0.7 0.7 0.7 0.7 0.7 0.3 0.3 0.3 0.3 0.2 0.2 0.2 0.2 0.7 0.7 0.7 0.7 0.3 0.3 0.3 0.3 0.3 0.2 0.2 0.2 0.2 0.2 02/02/1980
0.4 0.7 0.7 0.7 0.7 0.7 0.6 0.6 0.6 0.6 0.7 0.7 0.4 0.4 0.7 0.7 0.7 0.7 0.7 0.6 0.6 0.8 0.8 0.4 0.4 0.4 0.4 0.4 03/02/1980
0.4 0.6 0.6 0.6 0.6 0.6 0.8 0.7 0.7 0.7 0.8 0.8 0.4 0.4 0.6 0.6 0.6 0.6 0.8 0.8 0.7 0.8 0.9 0.3 0.4 0.4 0.4 0.4 04/02/1980
0.9 1.0 1.0 1.0 1.0 1.0 0.7 0.6 0.6 0.6 0.7 0.7 0.8 0.8 1.0 1.0 1.0 1.0 0.7 0.7 0.6 0.7 0.7 0.9 0.8 0.8 0.8 0.8 05/02/1980
0.6 0.6 0.6 0.6 0.6 0.6 0.6 0.5 0.5 0.5 0.5 0.5 0.5 0.5 0.6 0.6 0.6 0.6 0.6 0.6 0.5 0.5 0.6 0.6 0.6 0.6 0.5 0.5 06/02/1980
0.9 1.0 1.0 1.0 1.0 1.0 0.5 0.5 0.5 0.5 0.7 0.6 0.9 0.9 1.0 1.0 1.0 1.0 0.6 0.5 0.5 0.7 0.7 0.9 0.9 0.9 0.9 0.9 07/02/1980
1.6 1.5 1.5 1.5 1.5 1.5 0.6 0.6 0.6 0.6 0.7 0.7 1.7 1.7 1.4 1.4 1.4 1.4 0.7 0.6 0.6 0.7 0.8 1.4 1.6 1.6 1.7 1.7 08/02/1980
1.4 1.6 1.5 1.6 1.5 1.5 1.3 1.3 1.3 1.3 1.4 1.5 1.4 1.4 1.5 1.5 1.5 1.5 1.2 1.3 1.3 1.4 1.4 1.5 1.4 1.4 1.4 1.4 09/02/1980
0.4 0.8 0.8 0.8 0.8 0.8 0.5 0.5 0.5 0.5 0.6 0.6 0.4 0.4 0.8 0.8 0.8 0.8 0.5 0.5 0.5 0.6 0.5 0.4 0.4 0.4 0.4 0.4 10/02/1980
0.2 0.2 0.2 0.2 0.2 0.2 0.7 0.7 0.6 0.6 0.6 0.6 0.2 0.2 0.1 0.1 0.1 0.1 0.8 0.7 0.7 0.7 0.7 0.3 0.2 0.2 0.1 0.1 11/02/1980
0.5 0.3 0.3 0.3 0.3 0.3 0.6 0.5 0.5 0.4 0.5 0.5 0.5 0.5 0.3 0.3 0.3 0.3 0.6 0.6 0.5 0.6 0.6 0.6 0.5 0.5 0.5 0.5 12/02/1980
0.7 0.5 0.5 0.5 0.5 0.5 0.3 0.3 0.3 0.3 0.4 0.4 0.7 0.7 0.5 0.5 0.5 0.5 0.3 0.3 0.3 0.4 0.4 0.7 0.7 0.7 0.7 0.6 13/02/1980
0.4 0.4 0.4 0.4 0.4 0.4 0.4 0.4 0.4 0.3 0.5 0.5 0.3 0.3 0.4 0.4 0.4 0.4 0.4 0.4 0.4 0.5 0.6 0.4 0.4 0.4 0.3 0.3 14/02/1980
0.3 0.5 0.5 0.5 0.5 0.5 0.3 0.3 0.3 0.2 0.3 0.3 0.3 0.3 0.4 0.4 0.4 0.4 0.4 0.3 0.3 0.3 0.3 0.3 0.3 0.3 0.3 0.3 15/02/1980
0.1 0.0 0.0 0.0 0.0 0.0 0.3 0.3 0.3 0.3 0.3 0.3 0.1 0.1 0.0 0.0 0.0 0.0 0.3 0.3 0.3 0.3 0.3 0.2 0.1 0.1 0.1 0.1 16/02/1980
0.6 0.4 0.3 0.4 0.4 0.3 0.8 0.7 0.7 0.6 0.6 0.6 0.6 0.6 0.3 0.3 0.3 0.3 0.9 0.8 0.8 0.7 0.7 1.1 0.6 0.6 0.6 0.6 17/02/1980
1.2 1.0 1.0 1.0 1.0 1.0 0.6 0.6 0.6 0.7 0.6 0.6 1.2 1.2 1.0 1.0 1.0 1.0 0.6 0.6 0.6 0.6 0.6 1.2 1.2 1.2 1.2 1.2 18/02/1980
1.8 1.2 1.2 1.2 1.2 1.2 0.9 0.9 0.8 0.8 1.1 1.1 1.8 1.8 1.2 1.2 1.2 1.2 0.9 0.9 0.9 1.1 1.1 2.1 1.8 1.8 1.8 1.7 19/02/1980
1.1 0.9 0.9 0.9 0.9 0.9 1.2 1.2 1.2 1.2 1.4 1.4 1.1 1.1 0.8 0.8 0.9 0.8 1.2 1.2 1.2 1.5 1.5 1.2 1.1 1.1 1.1 1.1 20/02/1980
1.7 1.7 1.7 1.7 1.7 1.7 1.1 1.1 1.1 1.1 1.3 1.3 1.6 1.6 1.7 1.7 1.7 1.7 1.1 1.1 1.1 1.3 1.3 1.6 1.7 1.7 1.6 1.6 21/02/1980
0.5 0.8 0.8 0.8 0.8 0.8 0.9 0.9 0.9 0.8 1.2 1.2 0.5 0.5 0.8 0.8 0.8 0.8 1.0 0.9 0.9 1.2 1.3 0.5 0.5 0.5 0.5 0.5 22/02/1980
0.5 0.5 0.5 0.5 0.5 0.5 1.0 1.0 0.9 0.9 0.9 0.8 0.4 0.4 0.5 0.5 0.5 0.5 1.1 1.0 1.0 0.9 0.9 0.5 0.5 0.5 0.4 0.4 23/02/1980
0.4 0.4 0.4 0.4 0.4 0.4 0.6 0.6 0.6 0.6 0.6 0.6 0.4 0.4 0.3 0.3 0.3 0.3 0.6 0.6 0.6 0.6 0.6 0.4 0.4 0.4 0.4 0.4 24/02/1980
0.5 0.4 0.3 0.4 0.4 0.3 0.3 0.3 0.2 0.2 0.2 0.2 0.5 0.5 0.3 0.3 0.3 0.3 0.3 0.3 0.3 0.2 0.2 0.6 0.5 0.5 0.5 0.5 25/02/1980
0.2 0.1 0.1 0.1 0.1 0.1 0.8 0.8 0.7 0.7 0.7 0.7 0.2 0.2 0.1 0.1 0.1 0.1 0.9 0.8 0.8 0.8 0.8 0.3 0.2 0.2 0.2 0.2 26/02/1980
0.8 0.8 0.8 0.8 0.8 0.8 1.1 1.0 1.0 1.0 1.0 1.0 0.8 0.8 0.7 0.7 0.7 0.7 1.1 1.0 1.0 1.0 1.0 0.7 0.8 0.8 0.8 0.7 27/02/1980
1.1 1.1 1.1 1.1 1.1 1.1 0.9 0.8 0.8 0.8 0.8 0.8 1.0 1.0 1.0 1.0 1.0 1.0 0.9 0.9 0.8 0.9 0.9 1.1 1.1 1.1 1.0 1.0 28/02/1980
0.5 0.4 0.4 0.4 0.4 0.4 0.9 0.9 0.8 0.8 0.9 0.9 0.5 0.5 0.4 0.4 0.4 0.4 1.0 0.9 0.9 1.0 1.0 0.6 0.5 0.5 0.5 0.5 29/02/1980
0.6 0.4 0.4 0.4 0.4 0.4 0.8 0.8 0.7 0.7 0.9 0.9 0.5 0.5 0.4 0.4 0.4 0.4 0.9 0.8 0.8 1.0 1.0 0.7 0.6 0.6 0.5 0.5 01/03/1980
0.8 0.8 0.8 0.8 0.8 0.8 0.8 0.7 0.7 0.7 0.7 0.7 0.8 0.8 0.8 0.8 0.8 0.8 0.9 0.8 0.8 0.7 0.7 0.7 0.8 0.8 0.8 0.8 02/03/1980
1.5 1.0 1.0 1.0 1.0 1.0 1.1 1.1 1.1 1.1 1.1 1.1 1.4 1.4 1.0 1.0 1.0 1.0 1.2 1.1 1.1 1.1 1.1 1.4 1.5 1.5 1.4 1.4 03/03/1980
1.3 1.2 1.2 1.2 1.2 1.2 0.8 0.8 0.7 0.7 0.6 0.6 1.3 1.3 1.2 1.2 1.2 1.2 0.8 0.8 0.8 0.6 0.6 1.3 1.3 1.3 1.3 1.3 04/03/1980
1.2 1.0 1.0 1.0 1.0 1.0 1.4 1.3 1.3 1.3 1.3 1.3 1.1 1.1 0.9 0.9 0.9 0.9 1.4 1.3 1.3 1.3 1.3 1.2 1.1 1.1 1.1 1.1 05/03/1980
0.8 0.9 0.9 0.9 0.9 0.9 1.0 1.0 1.0 1.0 1.1 1.1 0.8 0.8 0.9 0.9 0.9 0.9 1.0 1.0 1.0 1.1 1.1 0.8 0.8 0.8 0.8 0.8 06/03/1980
0.9 1.0 1.0 1.0 1.0 1.0 1.0 0.9 0.9 0.8 0.9 0.9 0.8 0.8 1.0 1.0 1.0 1.0 1.0 1.0 0.9 1.0 1.0 0.9 0.8 0.8 0.8 0.8 07/03/1980
0.7 0.8 0.8 0.8 0.8 0.8 0.8 0.8 0.7 0.7 0.6 0.6 0.7 0.7 0.8 0.8 0.8 0.8 0.8 0.8 0.8 0.6 0.6 0.8 0.7 0.7 0.7 0.7 08/03/1980
0.5 1.5 1.4 1.5 1.5 1.4 0.9 0.8 0.8 0.7 0.9 0.9 0.5 0.5 1.4 1.4 1.4 1.4 0.9 0.9 0.8 1.0 1.0 0.4 0.5 0.5 0.5 0.4 09/03/1980
0.5 0.4 0.4 0.4 0.4 0.4 0.5 0.5 0.4 0.4 0.5 0.5 0.4 0.4 0.4 0.4 0.4 0.4 0.5 0.5 0.5 0.5 0.6 0.6 0.4 0.4 0.4 0.4 10/03/1980
1.7 1.5 1.5 1.5 1.5 1.5 0.6 0.5 0.5 0.4 0.5 0.5 1.6 1.6 1.5 1.5 1.5 1.5 0.6 0.6 0.5 0.6 0.6 1.6 1.7 1.7 1.6 1.6 11/03/1980
0.5 0.6 0.6 0.6 0.6 0.6 0.4 0.4 0.4 0.4 0.3 0.3 0.5 0.5 0.6 0.6 0.6 0.6 0.4 0.4 0.4 0.3 0.3 0.4 0.5 0.5 0.5 0.5 12/03/1980
0.8 0.7 0.7 0.7 0.7 0.7 0.5 0.5 0.5 0.5 0.6 0.6 0.8 0.8 0.7 0.7 0.7 0.7 0.5 0.5 0.5 0.6 0.6 1.1 0.8 0.8 0.8 0.8 13/03/1980
0.7 0.6 0.6 0.6 0.6 0.6 0.5 0.5 0.4 0.4 0.3 0.3 0.7 0.7 0.6 0.6 0.6 0.6 0.6 0.5 0.5 0.3 0.4 0.8 0.7 0.7 0.7 0.7 14/03/1980
0.9 0.8 0.8 0.8 0.8 0.8 1.2 1.1 1.1 1.0 1.0 1.0 0.8 0.8 0.8 0.8 0.8 0.8 1.2 1.2 1.1 1.1 1.2 1.0 0.9 0.9 0.8 0.8 15/03/1980
0.8 0.8 0.7 0.8 0.8 0.7 0.9 0.9 0.9 0.8 1.0 0.9 0.8 0.8 0.7 0.7 0.7 0.7 1.0 0.9 0.9 1.0 1.0 0.9 0.8 0.8 0.8 0.8 16/03/1980
0.9 0.8 0.8 0.8 0.8 0.8 1.0 1.0 0.9 0.8 1.1 1.1 0.9 0.9 0.8 0.8 0.8 0.8 1.1 1.0 1.0 1.3 1.3 0.9 0.9 0.9 0.9 0.9 17/03/1980
0.7 0.8 0.8 0.8 0.8 0.8 1.4 1.3 1.3 1.2 1.3 1.3 0.6 0.6 0.8 0.8 0.8 0.8 1.5 1.4 1.4 1.4 1.5 0.6 0.6 0.6 0.6 0.6 18/03/1980
1.0 1.3 1.2 1.3 1.3 1.2 1.4 1.3 1.3 1.3 1.4 1.4 1.0 1.0 1.2 1.2 1.2 1.2 1.4 1.4 1.4 1.4 1.5 0.7 1.0 1.0 1.0 1.0 19/03/1980
0.7 0.7 0.7 0.7 0.7 0.7 1.0 0.9 0.9 0.9 0.7 0.7 0.7 0.7 0.6 0.7 0.7 0.6 1.0 1.0 1.0 0.8 0.8 0.8 0.7 0.7 0.7 0.7 20/03/1980
0.6 0.3 0.3 0.3 0.3 0.3 0.5 0.5 0.4 0.4 0.4 0.3 0.6 0.6 0.3 0.3 0.3 0.3 0.5 0.5 0.5 0.4 0.4 0.7 0.6 0.6 0.6 0.6 21/03/1980
1.6 1.6 1.6 1.6 1.6 1.6 1.2 1.1 1.1 1.0 1.1 1.1 1.6 1.6 1.5 1.5 1.5 1.5 1.2 1.2 1.1 1.2 1.2 1.5 1.6 1.6 1.6 1.5 22/03/1980
2.0 1.5 1.5 1.5 1.5 1.5 1.3 1.3 1.2 1.2 1.1 1.1 2.0 2.0 1.4 1.5 1.5 1.4 1.3 1.3 1.3 1.1 1.2 2.1 2.0 2.0 2.0 2.0 23/03/1980
2.1 1.9 1.9 1.9 1.9 1.9 1.5 1.5 1.4 1.4 1.3 1.3 2.1 2.1 1.9 1.9 1.9 1.9 1.5 1.5 1.5 1.3 1.3 2.2 2.1 2.1 2.1 2.1 24/03/1980
1.8 1.7 1.7 1.7 1.7 1.7 0.2 0.2 0.2 0.3 0.4 0.4 1.8 1.8 1.7 1.7 1.7 1.7 0.2 0.2 0.2 0.4 0.4 1.8 1.8 1.8 1.8 1.8 25/03/1980
1.4 1.8 1.8 1.8 1.8 1.8 1.8 1.8 1.8 1.8 1.9 1.9 1.4 1.4 1.8 1.8 1.8 1.8 1.8 1.8 1.8 1.9 1.9 1.2 1.4 1.4 1.4 1.4 26/03/1980
0.5 0.5 0.4 0.5 0.5 0.4 0.7 0.7 0.7 0.7 0.8 0.8 0.5 0.5 0.4 0.4 0.4 0.4 0.7 0.7 0.7 0.8 0.8 0.4 0.5 0.5 0.5 0.5 27/03/1980
1.6 1.9 1.9 1.9 1.9 1.9 1.7 1.6 1.6 1.5 1.5 1.5 1.5 1.5 1.8 1.8 1.8 1.8 1.8 1.7 1.6 1.6 1.7 1.5 1.6 1.6 1.5 1.5 28/03/1980
1.2 1.5 1.5 1.5 1.5 1.5 1.2 1.2 1.1 1.1 1.1 1.1 1.2 1.2 1.5 1.5 1.5 1.5 1.3 1.2 1.2 1.2 1.2 1.3 1.2 1.2 1.2 1.2 29/03/1980
1.0 1.0 1.0 1.0 1.0 1.0 1.5 1.5 1.5 1.5 1.6 1.5 0.9 0.9 1.0 1.0 1.0 1.0 1.5 1.5 1.5 1.6 1.6 1.0 0.9 0.9 0.9 0.9 30/03/1980
0.4 0.5 0.5 0.5 0.5 0.5 0.6 0.6 0.6 0.6 0.8 0.8 0.5 0.5 0.5 0.5 0.5 0.5 0.5 0.6 0.6 0.8 0.8 0.4 0.4 0.4 0.5 0.5 31/03/1980
1.0 1.3 1.3 1.3 1.3 1.3 1.2 1.2 1.1 1.1 1.0 1.0 1.0 1.0 1.3 1.3 1.3 1.3 1.2 1.2 1.2 1.1 1.1 0.8 1.0 1.0 1.0 0.9 01/04/1980
1.8 2.1 2.1 2.1 2.1 2.1 1.4 1.3 1.3 1.3 1.1 1.1 1.8 1.8 2.1 2.1 2.1 2.1 1.4 1.4 1.4 1.1 1.1 1.7 1.8 1.8 1.8 1.8 02/04/1980
2.2 2.4 2.3 2.4 2.4 2.3 1.8 1.7 1.7 1.7 1.8 1.8 2.2 2.2 2.3 2.3 2.3 2.3 1.8 1.8 1.7 1.8 1.8 2.1 2.2 2.2 2.2 2.1 03/04/1980
2.1 2.0 2.0 2.0 2.0 2.0 2.0 1.9 1.9 1.8 1.9 1.8 2.0 2.0 2.0 2.0 2.0 2.0 2.0 1.9 1.9 1.9 1.9 2.1 2.0 2.0 2.0 2.0 04/04/1980
2.1 2.1 2.1 2.1 2.1 2.1 1.9 1.9 1.8 1.8 1.8 1.8 2.1 2.1 2.0 2.0 2.0 2.0 2.0 1.9 1.9 1.9 1.9 2.0 2.1 2.1 2.1 2.1 05/04/1980
0.9 1.0 1.0 1.0 1.0 0.9 1.7 1.7 1.6 1.6 2.0 2.0 0.9 0.9 0.9 0.9 0.9 0.9 1.8 1.7 1.7 2.0 2.0 0.8 0.9 0.9 0.9 0.9 06/04/1980
1.9 1.5 1.5 1.5 1.5 1.5 2.0 1.9 1.9 1.8 2.1 2.1 1.9 1.9 1.5 1.5 1.5 1.5 2.0 2.0 1.9 2.2 2.2 2.0 1.9 1.9 1.9 1.9 07/04/1980
1.8 1.7 1.7 1.7 1.7 1.7 1.3 1.3 1.3 1.3 1.5 1.5 1.7 1.7 1.7 1.7 1.7 1.7 1.3 1.3 1.3 1.6 1.6 1.9 1.7 1.7 1.7 1.7 08/04/1980
1.8 1.7 1.7 1.7 1.7 1.7 1.3 1.2 1.2 1.2 1.8 1.8 1.7 1.7 1.7 1.7 1.7 1.7 1.3 1.3 1.2 1.8 1.8 1.9 1.8 1.8 1.7 1.7 09/04/1980
1.8 1.9 1.9 1.9 1.9 1.9 1.6 1.6 1.5 1.5 1.4 1.4 1.7 1.7 1.8 1.8 1.8 1.8 1.7 1.6 1.6 1.5 1.5 1.6 1.7 1.7 1.7 1.7 10/04/1980
2.5 2.0 2.0 2.0 2.0 2.0 2.3 2.2 2.2 2.2 2.1 2.1 2.5 2.5 2.0 2.0 2.0 2.0 2.3 2.3 2.3 2.2 2.2 2.9 2.5 2.5 2.5 2.5 11/04/1980
4.1 3.6 3.6 3.6 3.6 3.6 3.2 3.2 3.1 3.1 3.5 3.5 4.1 4.1 3.6 3.6 3.6 3.6 3.3 3.2 3.2 3.6 3.6 4.1 4.1 4.1 4.1 4.0 12/04/1980
3.6 3.0 2.9 3.0 3.0 2.9 3.9 3.9 3.8 3.8 3.9 3.9 3.6 3.6 2.9 2.9 2.9 2.9 3.9 3.9 3.9 4.0 4.0 4.0 3.6 3.6 3.6 3.6 13/04/1980
4.1 4.1 4.1 4.1 4.1 4.1 2.9 2.9 2.9 2.9 2.7 2.7 4.0 4.0 4.0 4.0 4.0 4.0 2.9 2.9 2.9 2.8 2.8 4.1 4.1 4.1 4.0 4.0 14/04/1980
2.1 2.5 2.5 2.5 2.5 2.5 3.2 3.2 3.2 3.2 3.3 3.3 2.1 2.1 2.5 2.5 2.5 2.5 3.3 3.2 3.2 3.4 3.4 2.1 2.1 2.1 2.1 2.1 15/04/1980
2.1 2.1 2.1 2.1 2.1 2.1 3.6 3.6 3.5 3.5 3.3 3.2 2.1 2.1 2.2 2.2 2.2 2.2 3.6 3.6 3.6 3.3 3.4 1.8 2.1 2.1 2.1 2.1 16/04/1980
1.2 1.1 1.1 1.1 1.1 1.1 3.8 3.8 3.8 3.8 4.1 4.1 1.2 1.2 1.1 1.1 1.1 1.1 3.9 3.8 3.8 4.1 4.1 1.1 1.2 1.2 1.2 1.2 17/04/1980
0.7 0.7 0.7 0.7 0.7 0.7 1.2 1.1 1.1 1.0 1.1 1.1 0.7 0.7 0.7 0.7 0.7 0.7 1.2 1.2 1.1 1.2 1.2 0.6 0.7 0.7 0.7 0.7 18/04/1980
1.9 1.6 1.6 1.6 1.6 1.6 1.9 1.9 1.8 1.8 2.2 2.1 1.8 1.8 1.6 1.6 1.6 1.6 2.0 1.9 1.9 2.3 2.3 2.1 1.8 1.8 1.8 1.8 19/04/1980
1.9 1.7 1.7 1.7 1.7 1.7 1.0 1.0 1.0 1.0 1.0 1.0 1.9 1.9 1.7 1.7 1.7 1.7 1.0 1.0 1.0 1.0 1.0 2.1 1.9 1.9 1.9 1.9 20/04/1980
1.9 1.5 1.5 1.5 1.5 1.5 2.2 2.1 2.1 2.1 2.1 2.1 1.9 1.9 1.5 1.5 1.5 1.5 2.2 2.2 2.1 2.2 2.2 2.0 1.9 1.9 1.9 1.9 21/04/1980
0.6 0.7 0.6 0.7 0.6 0.6 1.9 1.9 1.8 1.8 2.3 2.3 0.6 0.6 0.6 0.6 0.6 0.6 1.9 1.9 1.9 2.3 2.3 0.6 0.6 0.6 0.5 0.5 22/04/1980
2.2 2.0 2.0 2.0 2.0 2.0 2.5 2.5 2.4 2.4 2.5 2.5 2.2 2.2 1.9 1.9 1.9 1.9 2.5 2.5 2.5 2.6 2.7 2.4 2.2 2.2 2.2 2.1 23/04/1980
2.0 1.6 1.5 1.6 1.6 1.5 1.3 1.3 1.2 1.2 1.2 1.2 1.9 1.9 1.5 1.5 1.5 1.5 1.4 1.3 1.3 1.3 1.3 2.1 2.0 2.0 1.9 1.9 24/04/1980
1.2 1.3 1.3 1.3 1.3 1.3 2.2 2.1 2.1 2.0 1.8 1.7 1.1 1.1 1.3 1.3 1.3 1.3 2.2 2.2 2.1 1.8 1.9 1.2 1.2 1.2 1.1 1.1 25/04/1980
1.1 0.6 0.6 0.6 0.6 0.6 0.7 0.7 0.7 0.7 0.6 0.6 1.0 1.0 0.6 0.6 0.6 0.6 0.7 0.7 0.7 0.6 0.6 1.1 1.1 1.1 1.0 1.0 26/04/1980
1.7 1.9 1.8 1.9 1.8 1.8 2.1 2.1 2.1 2.1 2.1 2.1 1.6 1.6 1.8 1.8 1.8 1.8 2.1 2.1 2.1 2.3 2.3 1.7 1.7 1.7 1.6 1.6 27/04/1980
1.5 1.0 1.0 1.0 1.0 1.0 2.0 2.0 2.0 2.0 2.5 2.5 1.4 1.4 1.0 1.0 1.0 1.0 2.1 2.0 2.0 2.6 2.6 1.5 1.4 1.4 1.4 1.4 28/04/1980
1.2 1.0 1.0 1.0 1.0 1.0 1.7 1.7 1.7 1.6 2.0 2.0 1.2 1.2 0.9 1.0 1.0 0.9 1.8 1.7 1.7 2.1 2.2 1.3 1.2 1.2 1.2 1.1 29/04/1980
1.4 1.6 1.6 1.6 1.6 1.6 2.7 2.7 2.6 2.6 2.1 2.1 1.3 1.3 1.6 1.6 1.6 1.6 2.8 2.7 2.7 2.2 2.3 1.3 1.3 1.3 1.3 1.3 30/04/1980
2.8 2.9 2.9 2.9 2.9 2.9 3.8 3.7 3.7 3.6 3.5 3.5 2.8 2.8 2.9 2.9 2.9 2.9 3.8 3.8 3.8 3.5 3.6 2.8 2.8 2.8 2.8 2.7 01/05/1980
0.7 0.6 0.6 0.6 0.6 0.6 1.2 1.2 1.1 1.1 1.0 1.0 0.7 0.7 0.6 0.6 0.6 0.6 1.2 1.2 1.2 1.0 1.0 0.7 0.7 0.7 0.7 0.7 02/05/1980
2.8 2.1 2.1 2.1 2.1 2.1 1.7 1.7 1.6 1.6 1.6 1.6 2.7 2.7 2.1 2.1 2.1 2.1 1.8 1.7 1.7 1.6 1.6 2.8 2.8 2.8 2.7 2.7 03/05/1980
2.7 2.6 2.6 2.6 2.6 2.6 2.9 2.8 2.7 2.7 2.5 2.5 2.6 2.6 2.5 2.5 2.6 2.5 3.0 2.9 2.8 2.6 2.7 2.4 2.7 2.7 2.6 2.6 04/05/1980
2.6 2.3 2.3 2.3 2.3 2.3 3.0 2.9 2.9 2.8 2.7 2.6 2.6 2.6 2.3 2.3 2.3 2.3 3.0 2.9 2.9 2.7 2.7 2.7 2.6 2.6 2.6 2.6 05/05/1980
2.1 1.2 1.2 1.2 1.2 1.2 2.1 2.1 2.0 2.0 2.5 2.5 2.1 2.1 1.1 1.1 1.1 1.1 2.2 2.1 2.1 2.6 2.6 2.3 2.1 2.1 2.1 2.1 06/05/1980
2.6 2.8 2.7 2.8 2.8 2.7 2.4 2.4 2.3 2.3 2.2 2.2 2.5 2.5 2.7 2.7 2.7 2.7 2.5 2.4 2.4 2.3 2.3 2.5 2.5 2.5 2.5 2.5 07/05/1980
1.0 1.1 1.1 1.1 1.1 1.1 1.1 1.1 1.0 1.0 1.1 1.1 1.0 1.0 1.0 1.0 1.0 1.0 1.1 1.1 1.1 1.2 1.2 1.1 1.0 1.0 1.0 1.0 08/05/1980
2.3 2.1 2.1 2.1 2.1 2.1 2.7 2.7 2.6 2.6 2.8 2.8 2.3 2.3 2.1 2.1 2.1 2.1 2.8 2.7 2.7 2.8 2.9 2.3 2.3 2.3 2.3 2.3 09/05/1980
4.6 4.1 4.1 4.1 4.1 4.1 4.1 4.1 4.1 4.0 3.9 3.9 4.6 4.6 4.1 4.1 4.1 4.1 4.1 4.1 4.1 4.0 4.0 4.7 4.6 4.6 4.6 4.6 10/05/1980
5.9 5.7 5.6 5.7 5.7 5.6 5.4 5.4 5.3 5.2 5.2 5.1 5.9 5.9 5.6 5.6 5.6 5.6 5.5 5.4 5.4 5.3 5.4 5.7 5.9 5.9 5.8 5.8 11/05/1980
6.3 6.1 6.1 6.1 6.1 6.1 5.7 5.7 5.8 5.8 6.1 6.1 6.2 6.2 6.0 6.0 6.0 6.0 5.7 5.7 5.7 6.1 6.2 6.3 6.2 6.2 6.2 6.1 12/05/1980
4.8 4.8 4.7 4.8 4.8 4.7 5.4 5.3 5.3 5.3 5.1 5.1 4.8 4.8 4.7 4.7 4.7 4.7 5.4 5.4 5.4 5.1 5.1 4.8 4.8 4.8 4.8 4.8 13/05/1980
3.8 3.1 3.1 3.1 3.1 3.1 4.5 4.4 4.3 4.3 4.3 4.3 3.8 3.8 3.1 3.1 3.1 3.1 4.5 4.4 4.4 4.4 4.5 3.8 3.8 3.8 3.8 3.7 14/05/1980
5.6 5.0 5.0 5.0 5.0 5.0 5.0 4.9 4.9 4.9 4.9 4.9 5.6 5.6 5.0 5.0 5.0 5.0 5.0 5.0 5.0 5.0 5.0 5.9 5.6 5.6 5.6 5.6 15/05/1980
1.8 2.7 2.7 2.7 2.7 2.7 3.9 3.9 3.9 3.9 3.8 3.8 1.8 1.8 2.6 2.6 2.6 2.6 3.9 3.9 3.9 3.9 3.9 2.0 1.8 1.8 1.7 1.7 16/05/1980
3.3 3.3 3.3 3.3 3.3 3.3 3.9 3.9 3.9 3.9 3.5 3.4 3.3 3.3 3.3 3.3 3.3 3.3 4.0 3.9 3.9 3.5 3.5 3.4 3.3 3.3 3.3 3.3 17/05/1980
3.0 2.4 2.4 2.4 2.4 2.4 2.9 2.9 2.9 2.9 3.0 3.0 3.0 3.0 2.3 2.3 2.3 2.3 2.9 2.9 2.9 3.1 3.1 3.3 3.0 3.0 2.9 2.9 18/05/1980
4.0 3.9 3.9 3.9 3.9 3.9 4.2 4.1 4.1 4.1 3.9 3.8 4.1 4.1 3.9 3.9 3.9 3.9 4.2 4.2 4.1 3.9 4.0 3.8 4.0 4.0 4.1 4.1 19/05/1980
1.0 1.2 1.2 1.2 1.2 1.2 2.8 2.8 2.8 2.7 2.7 2.7 0.9 0.9 1.1 1.1 1.1 1.1 2.9 2.8 2.8 2.8 2.8 0.9 0.9 0.9 0.9 0.9 20/05/1980
0.9 0.9 0.9 0.9 0.9 0.9 2.9 2.8 2.8 2.7 2.6 2.6 0.9 0.9 0.9 0.9 0.9 0.9 2.9 2.9 2.8 2.7 2.7 1.1 0.9 0.9 0.9 0.9 21/05/1980
2.9 3.0 3.0 3.0 3.0 3.0 4.5 4.5 4.4 4.4 4.3 4.3 2.8 2.8 3.0 3.0 3.0 3.0 4.6 4.5 4.5 4.3 4.4 2.5 2.9 2.9 2.8 2.8 22/05/1980
3.4 3.4 3.3 3.4 3.4 3.3 3.5 3.4 3.4 3.4 3.6 3.6 3.4 3.4 3.3 3.3 3.3 3.3 3.5 3.5 3.4 3.7 3.7 3.1 3.4 3.4 3.4 3.3 23/05/1980
1.8 1.6 1.6 1.6 1.6 1.6 1.7 1.7 1.7 1.6 2.3 2.2 1.8 1.8 1.6 1.6 1.6 1.6 1.8 1.7 1.7 2.4 2.4 1.9 1.8 1.8 1.8 1.8 24/05/1980
1.9 1.8 1.7 1.8 1.8 1.7 2.7 2.6 2.5 2.5 3.0 3.0 1.8 1.8 1.7 1.7 1.7 1.7 2.8 2.7 2.6 3.2 3.2 1.9 1.8 1.8 1.8 1.8 25/05/1980
2.7 3.1 3.0 3.1 3.1 3.0 3.6 3.5 3.4 3.3 3.0 3.0 2.7 2.7 3.0 3.0 3.0 3.0 3.7 3.6 3.5 3.2 3.2 2.3 2.7 2.7 2.7 2.7 26/05/1980
2.0 2.2 2.2 2.2 2.2 2.2 0.8 0.8 0.7 0.7 0.8 0.8 2.0 2.0 2.1 2.2 2.2 2.1 0.9 0.8 0.8 0.8 0.9 1.8 2.0 2.0 2.0 2.0 27/05/1980
1.7 1.4 1.3 1.4 1.4 1.3 2.9 2.9 2.8 2.8 2.8 2.8 1.6 1.6 1.3 1.3 1.3 1.3 3.0 2.9 2.9 2.8 2.9 1.9 1.7 1.7 1.6 1.6 28/05/1980
2.2 3.0 3.0 3.0 3.0 3.0 0.7 0.7 0.7 0.7 0.7 0.7 2.2 2.2 2.9 2.9 2.9 2.9 0.7 0.7 0.7 0.7 0.7 2.1 2.2 2.2 2.1 2.1 29/05/1980
3.7 3.5 3.5 3.5 3.5 3.5 3.2 3.2 3.1 3.1 2.6 2.6 3.7 3.7 3.5 3.5 3.5 3.5 3.2 3.2 3.2 2.6 2.6 3.8 3.7 3.7 3.7 3.6 30/05/1980
1.2 1.3 1.3 1.3 1.3 1.3 1.1 1.1 1.1 1.0 1.5 1.5 1.2 1.2 1.3 1.3 1.3 1.3 1.1 1.1 1.1 1.5 1.5 1.2 1.2 1.2 1.2 1.2 31/05/1980
3.2 2.7 2.7 2.7 2.7 2.7 1.1 1.1 1.1 1.1 0.9 0.9 3.1 3.1 2.6 2.6 2.6 2.6 1.1 1.1 1.1 1.0 1.0 3.4 3.2 3.2 3.1 3.1 01/06/1980
1.6 2.5 2.5 2.5 2.5 2.5 2.3 2.3 2.3 2.3 2.6 2.6 1.6 1.6 2.5 2.5 2.5 2.5 2.4 2.3 2.3 2.6 2.6 1.2 1.6 1.6 1.6 1.6 02/06/1980
2.5 1.9 1.9 1.9 1.9 1.9 3.0 3.0 3.0 2.9 2.8 2.8 2.4 2.4 1.9 1.9 1.9 1.9 3.1 3.0 3.0 2.9 2.9 2.5 2.5 2.5 2.4 2.4 03/06/1980
5.2 4.4 4.4 4.4 4.4 4.4 3.9 3.9 3.8 3.8 4.0 4.0 5.2 5.2 4.4 4.4 4.4 4.4 3.9 3.9 3.9 4.1 4.1 5.6 5.2 5.2 5.2 5.2 04/06/1980
5.7 5.2 5.2 5.2 5.2 5.2 5.1 5.0 5.0 4.9 4.4 4.4 5.6 5.6 5.2 5.2 5.2 5.2 5.1 5.1 5.0 4.5 4.5 5.5 5.7 5.7 5.6 5.6 05/06/1980
3.5 3.4 3.4 3.4 3.4 3.3 4.7 4.6 4.6 4.5 4.7 4.6 3.4 3.4 3.3 3.3 3.3 3.3 4.8 4.7 4.7 4.8 4.8 3.7 3.4 3.4 3.4 3.3 06/06/1980
3.5 3.2 3.2 3.2 3.2 3.2 4.1 4.1 4.1 4.0 4.3 4.3 3.4 3.4 3.1 3.1 3.2 3.1 4.2 4.1 4.1 4.4 4.4 3.3 3.4 3.4 3.4 3.3 07/06/1980
3.2 3.1 3.1 3.1 3.1 3.1 3.8 3.7 3.6 3.6 3.6 3.6 3.1 3.1 3.1 3.1 3.1 3.1 3.9 3.8 3.7 3.7 3.7 3.2 3.2 3.2 3.1 3.1 08/06/1980
2.7 1.5 1.5 1.5 1.5 1.5 1.7 1.7 1.7 1.7 1.5 1.5 2.6 2.6 1.4 1.4 1.4 1.4 1.7 1.7 1.7 1.5 1.5 3.3 2.7 2.7 2.6 2.6 09/06/1980
1.1 0.8 0.8 0.8 0.8 0.8 2.9 2.8 2.8 2.8 2.8 2.8 1.1 1.1 0.7 0.7 0.7 0.7 2.9 2.9 2.9 2.8 2.8 1.3 1.1 1.1 1.1 1.0 10/06/1980
0.8 0.9 0.9 0.9 0.9 0.9 2.3 2.2 2.2 2.2 2.6 2.6 0.8 0.8 0.9 0.9 0.9 0.9 2.3 2.3 2.2 2.6 2.6 0.9 0.8 0.8 0.8 0.8 11/06/1980
1.1 1.4 1.4 1.4 1.4 1.4 2.8 2.8 2.7 2.7 3.4 3.4 1.1 1.1 1.4 1.4 1.4 1.4 2.9 2.8 2.8 3.5 3.6 1.3 1.1 1.1 1.1 1.1 12/06/1980
4.2 4.2 4.1 4.2 4.2 4.1 4.1 4.1 4.0 4.0 4.0 4.0 4.1 4.1 4.1 4.1 4.1 4.1 4.2 4.1 4.1 4.1 4.1 3.9 4.1 4.1 4.1 4.1 13/06/1980
2.3 1.9 1.8 1.9 1.9 1.8 2.3 2.3 2.3 2.2 3.2 3.2 2.3 2.3 1.7 1.8 1.8 1.7 2.4 2.3 2.3 3.3 3.4 2.2 2.3 2.3 2.3 2.3 14/06/1980
2.3 2.6 2.6 2.6 2.6 2.6 3.0 3.0 2.9 2.9 3.5 3.5 2.2 2.2 2.6 2.6 2.6 2.6 3.0 3.0 3.0 3.6 3.6 2.2 2.2 2.2 2.2 2.2 15/06/1980
1.5 1.8 1.8 1.8 1.8 1.8 2.0 2.0 1.9 1.9 1.9 1.9 1.5 1.5 1.8 1.8 1.8 1.8 2.0 2.0 2.0 1.9 2.0 1.6 1.5 1.5 1.5 1.5 16/06/1980
2.0 1.7 1.7 1.7 1.7 1.7 2.9 2.8 2.8 2.8 3.1 3.1 2.0 2.0 1.6 1.6 1.6 1.6 2.9 2.9 2.8 3.1 3.1 2.2 2.0 2.0 2.0 2.0 17/06/1980
2.5 3.0 3.0 3.0 3.0 3.0 3.0 2.9 2.9 2.8 2.9 2.9 2.5 2.5 3.0 3.0 3.0 3.0 3.0 3.0 2.9 3.0 3.0 2.2 2.5 2.5 2.5 2.4 18/06/1980
1.6 1.9 1.9 1.9 1.9 1.9 2.3 2.3 2.3 2.2 2.1 2.1 1.6 1.6 1.9 1.9 1.9 1.9 2.3 2.3 2.3 2.2 2.2 1.7 1.6 1.6 1.6 1.6 19/06/1980
3.3 3.6 3.6 3.6 3.6 3.6 3.9 3.8 3.7 3.7 3.8 3.8 3.2 3.2 3.5 3.5 3.5 3.5 3.9 3.8 3.8 3.9 4.0 3.6 3.3 3.3 3.2 3.2 20/06/1980
1.8 1.9 1.9 1.9 1.9 1.8 3.0 2.9 2.9 2.8 3.0 3.0 1.8 1.8 1.8 1.8 1.8 1.8 3.1 3.0 3.0 3.1 3.1 2.0 1.8 1.8 1.8 1.8 21/06/1980
2.4 2.5 2.4 2.5 2.5 2.4 2.6 2.5 2.5 2.5 2.2 2.2 2.4 2.4 2.4 2.4 2.4 2.4 2.6 2.6 2.6 2.2 2.3 2.2 2.4 2.4 2.4 2.4 22/06/1980
1.1 1.3 1.3 1.3 1.3 1.3 3.3 3.2 3.2 3.2 3.2 3.2 1.1 1.1 1.3 1.3 1.3 1.3 3.3 3.2 3.2 3.2 3.3 1.1 1.1 1.1 1.1 1.1 23/06/1980
1.8 1.1 1.1 1.1 1.1 1.1 1.7 1.6 1.6 1.6 1.5 1.5 1.8 1.8 1.1 1.1 1.1 1.1 1.7 1.6 1.6 1.5 1.6 2.2 1.8 1.8 1.8 1.7 24/06/1980
2.9 2.9 2.9 2.9 2.9 2.9 2.8 2.8 2.8 2.8 2.7 2.7 2.9 2.9 2.9 2.9 2.9 2.9 2.8 2.8 2.8 2.8 2.8 3.2 2.9 2.9 2.9 2.9 25/06/1980
2.1 2.8 2.8 2.8 2.8 2.8 2.4 2.4 2.3 2.3 2.5 2.5 2.1 2.1 2.7 2.7 2.7 2.7 2.5 2.4 2.4 2.6 2.6 1.7 2.1 2.1 2.1 2.1 26/06/1980
3.2 2.8 2.8 2.8 2.8 2.8 2.9 2.9 2.9 2.9 2.9 2.9 3.2 3.2 2.8 2.8 2.8 2.8 3.0 2.9 2.9 3.0 3.0 3.3 3.2 3.2 3.2 3.2 27/06/1980
0.8 0.8 0.8 0.8 0.8 0.8 1.0 1.1 1.1 1.1 1.1 1.1 0.8 0.8 0.8 0.8 0.8 0.8 1.0 1.0 1.1 1.0 1.0 0.8 0.8 0.8 0.8 0.7 28/06/1980
3.2 3.5 3.5 3.5 3.5 3.5 2.4 2.4 2.3 2.3 3.0 3.0 3.1 3.1 3.4 3.5 3.5 3.4 2.5 2.4 2.4 3.0 3.1 2.6 3.1 3.1 3.1 3.1 29/06/1980
3.4 3.4 3.4 3.4 3.4 3.4 4.0 3.9 3.8 3.8 3.8 3.8 3.4 3.4 3.4 3.4 3.4 3.4 4.0 3.9 3.9 3.9 3.9 3.4 3.4 3.4 3.4 3.4 30/06/1980
1.5 1.3 1.3 1.3 1.3 1.3 1.3 1.3 1.3 1.3 1.6 1.6 1.4 1.4 1.4 1.3 1.3 1.4 1.3 1.3 1.3 1.7 1.7 1.4 1.5 1.5 1.4 1.4 01/07/1980
1.7 2.0 2.0 2.0 2.0 2.0 1.6 1.6 1.6 1.5 1.7 1.7 1.6 1.6 2.0 2.0 2.0 2.0 1.7 1.6 1.6 1.8 1.8 2.0 1.6 1.6 1.6 1.6 02/07/1980
3.0 3.6 3.6 3.6 3.6 3.6 3.8 3.7 3.6 3.6 3.8 3.8 3.0 3.0 3.5 3.5 3.5 3.5 3.9 3.8 3.8 3.9 4.0 2.7 3.0 3.0 3.0 2.9 03/07/1980
1.7 2.0 2.0 2.0 2.0 2.0 1.1 1.0 1.0 1.0 0.7 0.7 1.6 1.6 1.9 1.9 1.9 1.9 1.1 1.0 1.0 0.7 0.8 1.5 1.7 1.7 1.6 1.6 04/07/1980
3.6 3.3 3.3 3.3 3.3 3.3 3.2 3.1 3.1 3.0 3.7 3.7 3.5 3.5 3.3 3.3 3.3 3.3 3.2 3.2 3.1 3.8 3.8 3.8 3.6 3.6 3.5 3.5 05/07/1980
1.2 1.3 1.3 1.3 1.3 1.3 3.7 3.7 3.6 3.6 3.8 3.8 1.2 1.2 1.3 1.3 1.3 1.3 3.8 3.7 3.7 4.0 4.0 1.2 1.2 1.2 1.2 1.2 06/07/1980
1.4 2.0 2.0 2.0 2.0 2.0 2.5 2.5 2.4 2.4 2.9 2.9 1.3 1.3 1.9 1.9 1.9 1.9 2.6 2.5 2.5 3.0 3.0 1.2 1.4 1.4 1.3 1.3 07/07/1980
0.8 0.9 0.9 0.9 0.9 0.9 1.9 1.8 1.8 1.8 2.0 2.0 0.8 0.8 0.9 0.9 0.9 0.9 1.9 1.9 1.9 2.1 2.1 0.9 0.8 0.8 0.8 0.8 08/07/1980
1.1 1.1 1.1 1.1 1.1 1.1 1.3 1.3 1.3 1.3 1.4 1.4 1.1 1.1 1.0 1.0 1.0 1.0 1.3 1.3 1.3 1.4 1.4 1.1 1.1 1.1 1.1 1.1 09/07/1980
3.0 2.5 2.4 2.5 2.4 2.4 1.0 1.0 1.0 1.0 0.9 0.9 2.9 2.9 2.4 2.4 2.4 2.4 1.0 1.0 1.0 0.9 1.0 3.1 3.0 3.0 2.9 2.9 10/07/1980
2.0 1.9 1.9 1.9 1.9 1.9 1.5 1.5 1.5 1.5 1.2 1.2 2.0 2.0 1.9 1.9 1.9 1.9 1.5 1.5 1.5 1.3 1.3 2.6 2.0 2.0 2.0 2.0 11/07/1980
1.9 1.9 1.9 1.9 1.9 1.9 3.0 3.0 3.0 3.0 3.0 3.0 1.8 1.8 1.9 1.9 1.9 1.9 3.0 3.0 3.0 3.1 3.1 2.3 1.9 1.9 1.8 1.8 12/07/1980
0.7 0.7 0.7 0.7 0.7 0.7 1.1 1.1 1.1 1.1 1.2 1.2 0.6 0.6 0.7 0.7 0.7 0.7 1.1 1.1 1.1 1.2 1.2 0.8 0.7 0.7 0.6 0.6 13/07/1980
2.0 1.8 1.8 1.8 1.8 1.8 2.4 2.3 2.3 2.3 2.0 2.0 2.0 2.0 1.8 1.8 1.8 1.8 2.4 2.4 2.3 2.0 2.0 2.8 2.0 2.0 2.0 1.9 14/07/1980
0.9 1.0 1.0 1.0 1.0 1.0 1.3 1.3 1.2 1.2 1.2 1.2 0.9 0.9 0.9 0.9 0.9 0.9 1.3 1.3 1.3 1.3 1.3 0.8 0.9 0.9 0.9 0.9 15/07/1980
4.0 3.4 3.4 3.4 3.4 3.4 3.1 3.1 3.1 3.1 3.5 3.5 3.9 3.9 3.3 3.4 3.4 3.3 3.2 3.1 3.1 3.5 3.5 3.9 4.0 4.0 3.9 3.9 16/07/1980
1.8 2.3 2.3 2.3 2.3 2.3 3.2 3.1 3.1 3.1 3.2 3.2 1.8 1.8 2.3 2.3 2.3 2.3 3.2 3.2 3.1 3.3 3.3 1.6 1.8 1.8 1.8 1.8 17/07/1980
0.8 1.1 1.1 1.1 1.1 1.1 1.5 1.5 1.5 1.5 1.5 1.5 0.8 0.8 1.1 1.1 1.1 1.1 1.5 1.5 1.5 1.6 1.6 0.7 0.8 0.8 0.8 0.8 18/07/1980
0.9 0.9 0.9 0.9 0.9 0.9 1.3 1.3 1.4 1.4 1.4 1.4 0.9 0.9 0.9 0.9 0.9 0.9 1.3 1.3 1.3 1.3 1.3 1.1 0.9 0.9 0.9 0.9 19/07/1980
0.9 1.1 1.1 1.1 1.1 1.1 1.3 1.3 1.3 1.3 1.3 1.3 0.9 0.9 1.1 1.1 1.1 1.1 1.3 1.3 1.3 1.3 1.3 1.0 0.9 0.9 0.9 0.9 20/07/1980
3.9 3.8 3.8 3.8 3.8 3.8 3.5 3.5 3.5 3.5 3.6 3.6 3.9 3.9 3.8 3.8 3.8 3.8 3.6 3.5 3.5 3.7 3.7 3.9 3.9 3.9 3.9 3.9 21/07/1980
5.0 4.6 4.6 4.6 4.6 4.6 3.7 3.7 3.7 3.7 3.8 3.8 5.0 5.0 4.6 4.6 4.6 4.6 3.7 3.7 3.7 3.8 3.8 4.9 5.0 5.0 5.0 5.0 22/07/1980
3.9 3.8 3.7 3.8 3.8 3.7 3.8 3.7 3.7 3.7 4.3 4.3 3.9 3.9 3.7 3.7 3.7 3.7 3.8 3.8 3.7 4.3 4.3 4.0 3.9 3.9 3.9 3.8 23/07/1980
3.6 3.6 3.6 3.6 3.6 3.6 3.9 3.9 3.8 3.8 4.0 4.0 3.5 3.5 3.6 3.6 3.6 3.6 4.0 3.9 3.9 4.1 4.1 3.6 3.6 3.6 3.5 3.5 24/07/1980
5.9 5.5 5.5 5.5 5.5 5.5 5.5 5.5 5.4 5.4 5.6 5.6 5.8 5.8 5.5 5.5 5.5 5.5 5.5 5.5 5.5 5.6 5.7 5.9 5.8 5.8 5.8 5.8 25/07/1980
2.3 2.6 2.5 2.6 2.5 2.5 3.8 3.7 3.7 3.7 3.9 3.9 2.3 2.3 2.5 2.5 2.5 2.5 3.8 3.8 3.8 4.0 4.1 2.0 2.3 2.3 2.3 2.3 26/07/1980
3.1 2.5 2.5 2.5 2.5 2.5 3.9 3.8 3.7 3.7 3.1 3.1 3.1 3.1 2.4 2.4 2.4 2.4 4.0 3.9 3.8 3.2 3.2 3.2 3.1 3.1 3.1 3.1 27/07/1980
4.2 3.8 3.8 3.8 3.8 3.8 4.2 4.1 4.0 4.0 4.0 4.0 4.1 4.1 3.8 3.8 3.8 3.8 4.2 4.2 4.1 4.1 4.2 4.4 4.1 4.1 4.1 4.1 28/07/1980
2.3 4.0 4.0 4.0 4.0 4.0 5.4 5.4 5.3 5.3 5.3 5.3 2.3 2.3 4.0 4.0 4.0 4.0 5.5 5.4 5.4 5.4 5.4 1.7 2.3 2.3 2.2 2.2 29/07/1980
3.1 3.1 3.1 3.1 3.1 3.1 3.8 3.8 3.8 3.7 3.8 3.8 3.1 3.1 3.0 3.0 3.0 3.0 3.9 3.8 3.8 3.9 4.0 3.4 3.1 3.1 3.1 3.1 30/07/1980
3.3 2.8 2.8 2.8 2.8 2.8 3.9 3.9 3.9 3.8 3.7 3.7 3.3 3.3 2.8 2.8 2.8 2.8 3.9 3.9 3.9 3.7 3.7 3.4 3.3 3.3 3.2 3.2 31/07/1980
