# 460 461 462 463 464 465 489 490 491 492 493 494 518 519 520 521 522 523 547 548 549 550 551 575 576 577 578 579 Date
0.0 0.0 0.0 0.0 0.0 0.0 0.0 0.0 0.0 0.0 0.0 0.0 0.0 0.0 0.0 0.0 0.0 0.0 0.0 0.0 0.0 0.0 0.0 0.1 0.0 0.0 0.0 0.0 01/08/1971
1.1 0.3 0.3 0.3 0.3 0.3 1.1 1.1 1.1 1.1 1.1 1.1 1.1 1.1 0.3 0.3 0.3 0.3 1.1 1.1 1.1 1.1 1.1 0.0 1.1 1.1 1.1 1.1 02/08/1971
3.8 7.5 7.5 7.5 7.5 7.5 14.6 14.8 15.0 15.1 10.5 10.5 3.8 3.8 7.6 7.6 7.6 7.6 14.4 14.6 14.7 10.3 10.2 2.8 3.8 3.8 3.8 3.8 03/08/1971
5.0 2.6 2.6 2.6 2.6 2.6 0.9 0.9 0.9 0.9 1.2 1.2 5.0 5.0 2.7 2.7 2.7 2.7 0.9 0.9 0.9 1.2 1.2 6.9 5.0 5.0 5.0 5.1 04/08/1971
5.9 3.4 3.5 3.4 3.4 3.5 0.9 0.9 0.9 0.9 1.2 1.2 6.0 6.0 3.5 3.5 3.5 3.5 0.9 0.9 0.9 1.2 1.1 3.4 6.0 6.0 6.0 6.1 05/08/1971
0.1 0.7 0.7 0.7 0.7 0.7 6.0 6.1 6.2 6.2 5.7 5.7 0.1 0.1 0.7 0.7 0.7 0.7 5.9 6.0 6.1 5.6 5.6 1.3 0.1 0.1 0.1 0.1 06/08/1971
0.0 0.0 0.0 0.0 0.0 0.0 0.0 0.0 0.0 0.0 0.2 0.2 0.0 0.0 0.0 0.0 0.0 0.0 0.0 0.0 0.0 0.2 0.2 0.4 0.0 0.0 0.0 0.0 07/08/1971
0.0 0.0 0.0 0.0 0.0 0.0 0.0 0.0 0.0 0.0 0.0 0.0 0.0 0.0 0.0 0.0 0.0 0.0 0.0 0.0 0.0 0.0 0.0 0.0 0.0 0.0 0.0 0.0 08/08/1971
0.0 0.0 0.0 0.0 0.0 0.0 0.0 0.0 0.0 0.0 0.0 0.0 0.0 0.0 0.0 0.0 0.0 0.0 0.0 0.0 0.0 0.0 0.0 0.0 0.0 0.0 0.0 0.0 09/08/1971
3.0 2.2 2.2 2.2 2.2 2.2 1.1 1.1 1.2 1.2 0.2 0.2 3.0 3.0 2.2 2.2 2.2 2.2 1.1 1.1 1.1 0.1 0.1 3.0 3.0 3.0 3.0 3.0 10/08/1971
0.0 0.0 0.0 0.0 0.0 0.0 0.0 0.0 0.0 0.0 0.0 0.0 0.0 0.0 0.0 0.0 0.0 0.0 0.0 0.0 0.0 0.0 0.0 0.0 0.0 0.0 0.0 0.0 11/08/1971
2.7 1.6 1.6 1.6 1.6 1.6 1.4 1.4 1.4 1.4 1.3 1.3 2.8 2.8 1.7 1.7 1.6 1.7 1.3 1.4 1.4 1.3 1.3 3.2 2.8 2.8 2.8 2.8 12/08/1971
4.2 1.3 1.3 1.3 1.3 1.3 0.0 0.0 0.0 0.0 0.1 0.1 4.3 4.3 1.3 1.3 1.3 1.3 0.0 0.0 0.0 0.1 0.1 4.3 4.3 4.3 4.3 4.3 13/08/1971
8.4 6.6 6.7 6.6 6.7 6.7 6.8 6.9 7.0 7.0 1.8 1.8 8.5 8.5 6.7 6.7 6.7 6.7 6.7 6.8 6.9 1.8 1.8 1.9 8.5 8.5 8.5 8.6 14/08/1971
0.0 0.0 0.0 0.0 0.0 0.0 0.0 0.0 0.0 0.0 0.0 0.0 0.0 0.0 0.0 0.0 0.0 0.0 0.0 0.0 0.0 0.0 0.0 0.0 0.0 0.0 0.0 0.0 15/08/1971
0.0 0.0 0.0 0.0 0.0 0.0 0.0 0.0 0.0 0.0 0.0 0.0 0.0 0.0 0.0 0.0 0.0 0.0 0.0 0.0 0.0 0.0 0.0 0.0 0.0 0.0 0.0 0.0 16/08/1971
4.7 0.4 0.4 0.4 0.4 0.4 0.0 0.0 0.0 0.0 0.0 0.0 4.8 4.8 0.4 0.4 0.4 0.4 0.0 0.0 0.0 0.0 0.0 5.7 4.8 4.8 4.8 4.8 17/08/1971
1.8 1.4 1.4 1.4 1.4 1.4 14.0 14.1 14.3 14.5 18.3 18.4 1.8 1.8 1.4 1.4 1.4 1.4 13.8 14.0 14.1 18.0 17.8 4.4 1.8 1.8 1.8 1.8 18/08/1971
1.1 4.2 4.3 4.2 4.2 4.3 4.4 4.5 4.5 4.6 4.3 4.3 1.1 1.1 4.3 4.3 4.3 4.3 4.4 4.4 4.5 4.2 4.2 3.9 1.1 1.1 1.1 1.1 19/08/1971
11.6 11.6 11.7 11.6 11.6 11.7 0.3 0.3 0.3 0.3 9.0 9.0 11.7 11.7 11.8 11.8 11.8 11.8 0.3 0.3 0.3 8.8 8.7 7.6 11.7 11.7 11.7 11.8 20/08/1971
4.9 5.3 5.3 5.3 5.3 5.3 1.1 1.1 1.1 1.1 1.0 1.0 5.0 5.0 5.4 5.4 5.4 5.4 1.0 1.1 1.1 1.0 0.9 2.4 5.0 5.0 5.0 5.0 21/08/1971
0.9 4.5 4.5 4.5 4.5 4.5 0.4 0.4 0.4 0.4 1.2 1.2 0.9 0.9 4.6 4.6 4.6 4.6 0.4 0.4 0.4 1.1 1.1 0.3 0.9 0.9 0.9 0.9 22/08/1971
0.1 2.3 2.3 2.3 2.3 2.3 0.0 0.0 0.0 0.0 0.0 0.0 0.1 0.1 2.4 2.3 2.3 2.4 0.0 0.0 0.0 0.0 0.0 0.0 0.1 0.1 0.1 0.1 23/08/1971
0.0 0.0 0.0 0.0 0.0 0.0 0.0 0.0 0.0 0.0 0.0 0.0 0.0 0.0 0.0 0.0 0.0 0.0 0.0 0.0 0.0 0.0 0.0 0.0 0.0 0.0 0.0 0.0 24/08/1971
0.4 1.8 1.8 1.8 1.8 1.8 0.2 0.2 0.2 0.2 0.0 0.0 0.5 0.5 1.8 1.8 1.8 1.8 0.2 0.2 0.2 0.0 0.0 2.0 0.4 0.4 0.5 0.5 25/08/1971
3.1 2.2 2.2 2.2 2.2 2.2 6.2 6.3 6.4 6.5 5.8 5.8 3.2 3.2 2.2 2.2 2.2 2.2 6.1 6.2 6.3 5.6 5.6 2.6 3.1 3.1 3.2 3.2 26/08/1971
0.2 0.7 0.7 0.7 0.7 0.7 2.5 2.6 2.6 2.6 2.1 2.1 0.2 0.2 0.7 0.7 0.7 0.7 2.5 2.5 2.6 2.0 2.0 0.0 0.2 0.2 0.2 0.2 27/08/1971
0.0 0.0 0.0 0.0 0.0 0.0 0.0 0.0 0.0 0.0 0.0 0.0 0.0 0.0 0.0 0.0 0.0 0.0 0.0 0.0 0.0 0.0 0.0 0.0 0.0 0.0 0.0 0.0 28/08/1971
0.7 0.1 0.1 0.1 0.1 0.1 0.1 0.1 0.1 0.1 0.0 0.0 0.7 0.7 0.1 0.1 0.1 0.1 0.1 0.1 0.1 0.0 0.0 0.5 0.7 0.7 0.7 0.7 29/08/1971
1.1 2.3 2.3 2.3 2.3 2.3 0.6 0.6 0.6 0.6 1.8 1.8 1.2 1.2 2.3 2.3 2.3 2.3 0.6 0.6 0.6 1.8 1.7 0.7 1.2 1.2 1.2 1.2 30/08/1971
2.8 3.6 3.6 3.6 3.6 3.6 2.2 2.2 2.2 2.2 1.6 1.6 2.9 2.9 3.7 3.7 3.7 3.7 2.2 2.2 2.2 1.6 1.6 0.3 2.8 2.8 2.9 2.9 31/08/1971
0.7 0.3 0.3 0.3 0.3 0.3 0.1 0.1 0.1 0.1 0.2 0.2 0.7 0.7 0.3 0.3 0.3 0.3 0.1 0.1 0.1 0.2 0.2 0.8 0.7 0.7 0.7 0.7 01/09/1971
0.0 0.0 0.0 0.0 0.0 0.0 0.0 0.0 0.0 0.0 0.0 0.0 0.0 0.0 0.0 0.0 0.0 0.0 0.0 0.0 0.0 0.0 0.0 0.0 0.0 0.0 0.0 0.0 02/09/1971
0.0 0.0 0.0 0.0 0.0 0.0 0.0 0.0 0.0 0.0 0.0 0.0 0.0 0.0 0.0 0.0 0.0 0.0 0.0 0.0 0.0 0.0 0.0 0.0 0.0 0.0 0.0 0.0 03/09/1971
0.0 0.0 0.0 0.0 0.0 0.0 0.0 0.0 0.0 0.0 0.0 0.0 0.0 0.0 0.0 0.0 0.0 0.0 0.0 0.0 0.0 0.0 0.0 0.0 0.0 0.0 0.0 0.0 04/09/1971
0.0 0.0 0.0 0.0 0.0 0.0 0.0 0.0 0.0 0.0 0.0 0.0 0.0 0.0 0.0 0.0 0.0 0.0 0.0 0.0 0.0 0.0 0.0 0.0 0.0 0.0 0.0 0.0 05/09/1971
0.0 0.0 0.0 0.0 0.0 0.0 0.0 0.0 0.0 0.0 0.0 0.0 0.0 0.0 0.0 0.0 0.0 0.0 0.0 0.0 0.0 0.0 0.0 0.0 0.0 0.0 0.0 0.0 06/09/1971
0.0 0.0 0.0 0.0 0.0 0.0 0.0 0.0 0.0 0.0 0.0 0.0 0.0 0.0 0.0 0.0 0.0 0.0 0.0 0.0 0.0 0.0 0.0 0.0 0.0 0.0 0.0 0.0 07/09/1971
0.0 0.0 0.0 0.0 0.0 0.0 0.0 0.0 0.0 0.0 0.0 0.0 0.0 0.0 0.0 0.0 0.0 0.0 0.0 0.0 0.0 0.0 0.0 0.0 0.0 0.0 0.0 0.0 08/09/1971
0.0 0.0 0.0 0.0 0.0 0.0 0.0 0.0 0.0 0.0 0.0 0.0 0.0 0.0 0.0 0.0 0.0 0.0 0.0 0.0 0.0 0.0 0.0 0.0 0.0 0.0 0.0 0.0 09/09/1971
0.2 0.3 0.3 0.3 0.3 0.3 0.0 0.0 0.0 0.0 0.0 0.0 0.2 0.2 0.3 0.3 0.3 0.3 0.0 0.0 0.0 0.0 0.0 0.6 0.2 0.2 0.2 0.2 10/09/1971
1.7 0.4 0.4 0.4 0.4 0.4 0.0 0.0 0.0 0.0 0.3 0.3 1.7 1.7 0.4 0.4 0.4 0.4 0.0 0.0 0.0 0.3 0.3 1.2 1.7 1.7 1.7 1.7 11/09/1971
0.0 0.0 0.0 0.0 0.0 0.0 0.0 0.0 0.0 0.0 0.0 0.0 0.0 0.0 0.0 0.0 0.0 0.0 0.0 0.0 0.0 0.0 0.0 0.0 0.0 0.0 0.0 0.0 12/09/1971
0.0 0.0 0.0 0.0 0.0 0.0 0.0 0.0 0.0 0.0 0.0 0.0 0.0 0.0 0.0 0.0 0.0 0.0 0.0 0.0 0.0 0.0 0.0 0.0 0.0 0.0 0.0 0.0 13/09/1971
0.0 0.0 0.0 0.0 0.0 0.0 0.0 0.0 0.0 0.0 0.0 0.0 0.0 0.0 0.0 0.0 0.0 0.0 0.0 0.0 0.0 0.0 0.0 0.0 0.0 0.0 0.0 0.0 14/09/1971
0.0 0.0 0.0 0.0 0.0 0.0 0.0 0.0 0.0 0.0 0.0 0.0 0.0 0.0 0.0 0.0 0.0 0.0 0.0 0.0 0.0 0.0 0.0 0.0 0.0 0.0 0.0 0.0 15/09/1971
0.0 0.0 0.0 0.0 0.0 0.0 0.0 0.0 0.0 0.0 0.0 0.0 0.0 0.0 0.0 0.0 0.0 0.0 0.0 0.0 0.0 0.0 0.0 0.0 0.0 0.0 0.0 0.0 16/09/1971
0.0 0.0 0.0 0.0 0.0 0.0 0.0 0.0 0.0 0.0 0.0 0.0 0.0 0.0 0.0 0.0 0.0 0.0 0.0 0.0 0.0 0.0 0.0 0.0 0.0 0.0 0.0 0.0 17/09/1971
0.0 0.0 0.0 0.0 0.0 0.0 0.0 0.0 0.0 0.0 0.0 0.0 0.0 0.0 0.0 0.0 0.0 0.0 0.0 0.0 0.0 0.0 0.0 0.0 0.0 0.0 0.0 0.0 18/09/1971
0.0 0.0 0.0 0.0 0.0 0.0 0.0 0.0 0.0 0.0 0.0 0.0 0.0 0.0 0.0 0.0 0.0 0.0 0.0 0.0 0.0 0.0 0.0 0.0 0.0 0.0 0.0 0.0 19/09/1971
0.0 0.0 0.0 0.0 0.0 0.0 0.0 0.0 0.0 0.0 0.0 0.0 0.0 0.0 0.0 0.0 0.0 0.0 0.0 0.0 0.0 0.0 0.0 0.0 0.0 0.0 0.0 0.0 20/09/1971
0.0 0.0 0.0 0.0 0.0 0.0 0.0 0.0 0.0 0.0 0.0 0.0 0.0 0.0 0.0 0.0 0.0 0.0 0.0 0.0 0.0 0.0 0.0 0.0 0.0 0.0 0.0 0.0 21/09/1971
9.7 1.8 1.8 1.8 1.8 1.8 0.5 0.5 0.5 0.5 1.7 1.7 9.8 9.8 1.8 1.8 1.8 1.8 0.5 0.5 0.5 1.7 1.7 19.0 9.8 9.8 9.8 9.9 22/09/1971
0.9 1.8 1.8 1.8 1.8 1.8 6.2 6.2 6.3 6.4 4.9 4.9 0.9 0.9 1.8 1.8 1.8 1.8 6.1 6.2 6.2 4.8 4.8 5.7 0.9 0.9 0.9 1.0 23/09/1971
3.6 1.4 1.4 1.4 1.4 1.4 0.0 0.0 0.0 0.0 0.0 0.0 3.6 3.6 1.4 1.4 1.4 1.4 0.0 0.0 0.0 0.0 0.0 2.6 3.6 3.6 3.6 3.6 24/09/1971
0.9 1.8 1.8 1.8 1.8 1.8 4.4 4.4 4.5 4.5 2.2 2.2 1.0 1.0 1.9 1.9 1.9 1.9 4.3 4.4 4.4 2.2 2.1 1.5 1.0 1.0 1.0 1.0 25/09/1971
2.2 1.5 1.5 1.5 1.5 1.5 0.1 0.1 0.1 0.1 1.0 1.0 2.2 2.2 1.5 1.5 1.5 1.5 0.1 0.1 0.1 1.0 1.0 1.3 2.2 2.2 2.2 2.2 26/09/1971
9.6 11.2 11.3 11.2 11.2 11.3 11.2 11.3 11.5 11.6 11.1 11.1 9.7 9.7 11.4 11.4 11.4 11.4 11.0 11.2 11.3 10.8 10.8 5.5 9.7 9.7 9.7 9.8 27/09/1971
0.0 0.0 0.0 0.0 0.0 0.0 0.1 0.1 0.1 0.2 1.6 1.6 0.0 0.0 0.0 0.0 0.0 0.0 0.1 0.1 0.1 1.5 1.5 0.0 0.0 0.0 0.0 0.0 28/09/1971
0.0 0.0 0.0 0.0 0.0 0.0 0.0 0.0 0.0 0.0 0.1 0.1 0.0 0.0 0.0 0.0 0.0 0.0 0.0 0.0 0.0 0.1 0.1 0.0 0.0 0.0 0.0 0.0 29/09/1971
0.0 0.0 0.0 0.0 0.0 0.0 0.0 0.0 0.0 0.0 0.0 0.0 0.0 0.0 0.0 0.0 0.0 0.0 0.0 0.0 0.0 0.0 0.0 0.0 0.0 0.0 0.0 0.0 30/09/1971
0.0 0.0 0.0 0.0 0.0 0.0 0.0 0.0 0.0 0.0 0.0 0.0 0.0 0.0 0.0 0.0 0.0 0.0 0.0 0.0 0.0 0.0 0.0 0.0 0.0 0.0 0.0 0.0 01/10/1971
0.0 0.0 0.0 0.0 0.0 0.0 0.0 0.0 0.0 0.0 0.0 0.0 0.0 0.0 0.0 0.0 0.0 0.0 0.0 0.0 0.0 0.0 0.0 0.0 0.0 0.0 0.0 0.0 02/10/1971
0.3 0.2 0.2 0.2 0.2 0.2 3.1 3.1 3.2 3.2 3.8 3.8 0.3 0.3 0.2 0.2 0.2 0.2 3.1 3.1 3.1 3.7 3.7 0.0 0.3 0.3 0.3 0.3 03/10/1971
0.0 0.0 0.0 0.0 0.0 0.0 0.0 0.0 0.0 0.0 0.0 0.0 0.0 0.0 0.0 0.0 0.0 0.0 0.0 0.0 0.0 0.0 0.0 0.0 0.0 0.0 0.0 0.0 04/10/1971
0.0 0.0 0.0 0.0 0.0 0.0 0.0 0.0 0.0 0.0 0.0 0.0 0.0 0.0 0.0 0.0 0.0 0.0 0.0 0.0 0.0 0.0 0.0 0.0 0.0 0.0 0.0 0.0 05/10/1971
0.0 0.0 0.0 0.0 0.0 0.0 0.0 0.0 0.0 0.0 0.0 0.0 0.0 0.0 0.0 0.0 0.0 0.0 0.0 0.0 0.0 0.0 0.0 0.0 0.0 0.0 0.0 0.0 06/10/1971
0.0 0.0 0.0 0.0 0.0 0.0 0.0 0.0 0.0 0.0 0.0 0.0 0.0 0.0 0.0 0.0 0.0 0.0 0.0 0.0 0.0 0.0 0.0 0.0 0.0 0.0 0.0 0.0 07/10/1971
0.0 0.0 0.0 0.0 0.0 0.0 0.0 0.0 0.0 0.0 0.0 0.0 0.0 0.0 0.0 0.0 0.0 0.0 0.0 0.0 0.0 0.0 0.0 0.0 0.0 0.0 0.0 0.0 08/10/1971
0.0 0.0 0.0 0.0 0.0 0.0 0.0 0.0 0.0 0.0 0.0 0.0 0.0 0.0 0.0 0.0 0.0 0.0 0.0 0.0 0.0 0.0 0.0 0.0 0.0 0.0 0.0 0.0 09/10/1971
0.0 0.0 0.0 0.0 0.0 0.0 0.0 0.0 0.0 0.0 0.0 0.0 0.0 0.0 0.0 0.0 0.0 0.0 0.0 0.0 0.0 0.0 0.0 0.0 0.0 0.0 0.0 0.0 10/10/1971
0.0 0.0 0.0 0.0 0.0 0.0 0.0 0.0 0.0 0.0 0.1 0.1 0.0 0.0 0.0 0.0 0.0 0.0 0.0 0.0 0.0 0.1 0.1 0.0 0.0 0.0 0.0 0.0 11/10/1971
0.0 0.0 0.0 0.0 0.0 0.0 0.2 0.2 0.2 0.2 0.8 0.8 0.0 0.0 0.0 0.0 0.0 0.0 0.2 0.2 0.2 0.7 0.7 0.0 0.0 0.0 0.0 0.0 12/10/1971
4.6 5.9 5.9 5.9 5.9 5.9 4.3 4.3 4.4 4.4 13.7 13.7 4.6 4.6 6.0 6.0 6.0 6.0 4.2 4.3 4.3 13.4 13.3 8.6 4.6 4.6 4.6 4.7 13/10/1971
0.5 0.6 0.6 0.6 0.6 0.6 0.1 0.1 0.1 0.1 0.7 0.7 0.5 0.5 0.6 0.6 0.6 0.6 0.1 0.1 0.1 0.6 0.6 2.0 0.5 0.5 0.5 0.5 14/10/1971
0.0 0.0 0.0 0.0 0.0 0.0 0.0 0.0 0.0 0.0 0.0 0.0 0.0 0.0 0.0 0.0 0.0 0.0 0.0 0.0 0.0 0.0 0.0 0.0 0.0 0.0 0.0 0.0 15/10/1971
0.1 0.0 0.0 0.0 0.0 0.0 0.0 0.0 0.0 0.0 0.0 0.0 0.1 0.1 0.0 0.0 0.0 0.0 0.0 0.0 0.0 0.0 0.0 0.0 0.1 0.1 0.1 0.1 16/10/1971
2.3 2.4 2.4 2.4 2.4 2.4 0.8 0.8 0.8 0.9 1.2 1.2 2.3 2.3 2.4 2.4 2.4 2.4 0.8 0.8 0.8 1.2 1.1 3.1 2.3 2.3 2.3 2.3 17/10/1971
0.3 0.4 0.4 0.4 0.4 0.4 0.4 0.4 0.4 0.4 0.1 0.1 0.4 0.4 0.4 0.4 0.4 0.4 0.4 0.4 0.4 0.1 0.1 0.3 0.4 0.4 0.4 0.4 18/10/1971
7.5 6.7 6.7 6.7 6.7 6.7 5.5 5.6 5.6 5.7 5.0 5.0 7.6 7.6 6.8 6.8 6.8 6.8 5.4 5.5 5.6 4.9 4.9 8.1 7.6 7.6 7.6 7.7 19/10/1971
1.8 3.1 3.1 3.1 3.1 3.1 1.4 1.4 1.5 1.5 1.3 1.3 1.8 1.8 3.2 3.1 3.1 3.2 1.4 1.4 1.4 1.3 1.3 1.4 1.8 1.8 1.8 1.8 20/10/1971
0.0 0.0 0.0 0.0 0.0 0.0 0.0 0.0 0.0 0.0 0.0 0.0 0.0 0.0 0.0 0.0 0.0 0.0 0.0 0.0 0.0 0.0 0.0 0.3 0.0 0.0 0.0 0.0 21/10/1971
0.0 0.0 0.0 0.0 0.0 0.0 0.0 0.0 0.0 0.0 0.0 0.0 0.0 0.0 0.0 0.0 0.0 0.0 0.0 0.0 0.0 0.0 0.0 0.0 0.0 0.0 0.0 0.0 22/10/1971
0.0 0.0 0.0 0.0 0.0 0.0 0.0 0.0 0.0 0.0 0.0 0.0 0.0 0.0 0.0 0.0 0.0 0.0 0.0 0.0 0.0 0.0 0.0 0.0 0.0 0.0 0.0 0.0 23/10/1971
0.0 0.0 0.0 0.0 0.0 0.0 0.0 0.0 0.0 0.0 0.0 0.0 0.0 0.0 0.0 0.0 0.0 0.0 0.0 0.0 0.0 0.0 0.0 0.0 0.0 0.0 0.0 0.0 24/10/1971
0.0 0.0 0.0 0.0 0.0 0.0 0.0 0.0 0.0 0.0 0.0 0.0 0.0 0.0 0.0 0.0 0.0 0.0 0.0 0.0 0.0 0.0 0.0 0.0 0.0 0.0 0.0 0.0 25/10/1971
0.0 0.0 0.0 0.0 0.0 0.0 0.3 0.3 0.3 0.3 1.8 1.8 0.0 0.0 0.0 0.0 0.0 0.0 0.3 0.3 0.3 1.8 1.7 0.0 0.0 0.0 0.0 0.0 26/10/1971
0.0 0.0 0.0 0.0 0.0 0.0 0.0 0.0 0.0 0.0 0.0 0.0 0.0 0.0 0.0 0.0 0.0 0.0 0.0 0.0 0.0 0.0 0.0 0.0 0.0 0.0 0.0 0.0 27/10/1971
0.0 0.0 0.0 0.0 0.0 0.0 0.0 0.0 0.0 0.0 0.0 0.0 0.0 0.0 0.0 0.0 0.0 0.0 0.0 0.0 0.0 0.0 0.0 0.0 0.0 0.0 0.0 0.0 28/10/1971
0.0 0.0 0.0 0.0 0.0 0.0 0.0 0.0 0.0 0.0 0.0 0.0 0.0 0.0 0.0 0.0 0.0 0.0 0.0 0.0 0.0 0.0 0.0 0.4 0.0 0.0 0.0 0.0 29/10/1971
0.0 0.0 0.0 0.0 0.0 0.0 0.0 0.0 0.0 0.0 0.0 0.0 0.0 0.0 0.0 0.0 0.0 0.0 0.0 0.0 0.0 0.0 0.0 0.0 0.0 0.0 0.0 0.0 30/10/1971
0.0 0.2 0.3 0.2 0.2 0.3 0.0 0.0 0.0 0.0 0.0 0.0 0.0 0.0 0.3 0.3 0.3 0.3 0.0 0.0 0.0 0.0 0.0 0.0 0.0 0.0 0.0 0.0 31/10/1971
0.0 0.0 0.0 0.0 0.0 0.0 0.0 0.0 0.0 0.0 0.0 0.0 0.0 0.0 0.0 0.0 0.0 0.0 0.0 0.0 0.0 0.0 0.0 0.0 0.0 0.0 0.0 0.0 01/11/1971
0.2 0.1 0.1 0.1 0.1 0.1 0.2 0.2 0.2 0.2 0.0 0.0 0.2 0.2 0.1 0.1 0.1 0.1 0.2 0.2 0.2 0.0 0.0 0.0 0.2 0.2 0.2 0.2 02/11/1971
0.0 0.0 0.0 0.0 0.0 0.0 0.0 0.0 0.0 0.0 0.0 0.0 0.0 0.0 0.0 0.0 0.0 0.0 0.0 0.0 0.0 0.0 0.0 0.0 0.0 0.0 0.0 0.0 03/11/1971
0.0 0.0 0.0 0.0 0.0 0.0 0.0 0.0 0.0 0.0 0.0 0.0 0.0 0.0 0.0 0.0 0.0 0.0 0.0 0.0 0.0 0.0 0.0 0.0 0.0 0.0 0.0 0.0 04/11/1971
19.8 10.9 11.0 10.9 10.9 11.0 3.1 3.1 3.1 3.2 3.9 3.9 20.1 20.1 11.1 11.1 11.1 11.1 3.0 3.1 3.1 3.8 3.8 19.1 19.9 19.9 20.1 20.2 05/11/1971
0.7 0.9 1.0 0.9 0.9 1.0 0.1 0.1 0.1 0.1 0.6 0.6 0.8 0.8 1.0 1.0 1.0 1.0 0.1 0.1 0.1 0.6 0.6 3.5 0.8 0.8 0.8 0.8 06/11/1971
10.7 5.8 5.9 5.8 5.8 5.9 10.7 10.9 11.0 11.1 12.7 12.7 10.9 10.9 5.9 5.9 5.9 5.9 10.6 10.8 10.8 12.4 12.4 10.2 10.8 10.8 10.9 10.9 07/11/1971
11.8 9.1 9.1 9.1 9.1 9.1 2.3 2.4 2.4 2.4 5.5 5.6 12.0 12.0 9.2 9.2 9.2 9.2 2.3 2.3 2.4 5.4 5.4 5.4 11.9 11.9 12.0 12.1 08/11/1971
7.7 8.9 8.9 8.9 8.9 8.9 0.0 0.0 0.0 0.0 0.1 0.1 7.8 7.8 9.0 9.0 9.0 9.0 0.0 0.0 0.0 0.1 0.1 5.7 7.7 7.7 7.8 7.8 09/11/1971
2.2 0.0 0.0 0.0 0.0 0.0 0.0 0.0 0.0 0.0 0.0 0.0 2.3 2.3 0.0 0.0 0.0 0.0 0.0 0.0 0.0 0.0 0.0 5.6 2.2 2.2 2.3 2.3 10/11/1971
0.0 0.0 0.0 0.0 0.0 0.0 0.0 0.0 0.0 0.0 0.0 0.0 0.0 0.0 0.0 0.0 0.0 0.0 0.0 0.0 0.0 0.0 0.0 0.0 0.0 0.0 0.0 0.0 11/11/1971
1.3 0.6 0.6 0.6 0.6 0.6 0.0 0.0 0.0 0.0 0.0 0.0 1.3 1.3 0.6 0.6 0.6 0.6 0.0 0.0 0.0 0.0 0.0 1.0 1.3 1.3 1.3 1.3 12/11/1971
2.3 4.4 4.4 4.4 4.4 4.4 3.6 3.6 3.7 3.7 3.6 3.6 2.3 2.3 4.5 4.5 4.5 4.5 3.5 3.6 3.6 3.5 3.5 3.2 2.3 2.3 2.3 2.3 13/11/1971
0.0 0.0 0.0 0.0 0.0 0.0 0.1 0.1 0.1 0.1 0.0 0.0 0.0 0.0 0.0 0.0 0.0 0.0 0.1 0.1 0.1 0.0 0.0 0.2 0.0 0.0 0.0 0.0 14/11/1971
0.5 0.4 0.4 0.4 0.4 0.4 0.4 0.4 0.4 0.4 0.6 0.6 0.5 0.5 0.4 0.4 0.4 0.4 0.4 0.4 0.4 0.6 0.6 0.7 0.5 0.5 0.5 0.5 15/11/1971
3.7 2.4 2.4 2.4 2.4 2.4 4.4 4.5 4.5 4.6 4.5 4.5 3.8 3.8 2.5 2.5 2.5 2.5 4.3 4.4 4.4 4.4 4.4 1.8 3.7 3.7 3.8 3.8 16/11/1971
1.9 1.8 1.8 1.8 1.8 1.8 1.2 1.2 1.2 1.2 2.7 2.8 2.0 2.0 1.8 1.8 1.8 1.8 1.2 1.2 1.2 2.7 2.7 4.8 2.0 2.0 2.0 2.0 17/11/1971
11.9 17.1 17.2 17.1 17.2 17.2 23.5 23.8 24.1 24.3 21.0 21.0 12.1 12.1 17.4 17.4 17.4 17.4 23.2 23.5 23.7 20.5 20.3 8.1 12.0 12.0 12.1 12.2 18/11/1971
0.3 1.2 1.2 1.2 1.2 1.2 10.2 10.4 10.5 10.6 8.0 8.0 0.3 0.3 1.2 1.1 1.1 1.2 10.1 10.2 10.3 7.8 7.8 0.3 0.3 0.3 0.3 0.3 19/11/1971
25.7 23.9 24.1 24.0 24.0 24.1 18.1 18.4 18.5 18.8 14.1 14.1 26.0 26.0 24.3 24.3 24.2 24.3 17.9 18.1 18.3 13.8 13.7 22.6 25.8 25.8 26.0 26.1 20/11/1971
10.2 11.1 11.1 11.1 11.1 11.1 16.0 16.2 16.4 16.6 17.9 17.9 10.4 10.4 11.2 11.2 11.2 11.2 15.8 16.0 16.1 17.5 17.3 4.8 10.3 10.3 10.4 10.4 21/11/1971
1.8 1.5 1.5 1.5 1.5 1.5 10.2 10.3 10.5 10.6 7.9 7.9 1.8 1.8 1.5 1.5 1.5 1.5 10.0 10.2 10.3 7.8 7.7 2.8 1.8 1.8 1.8 1.8 22/11/1971
4.0 5.7 5.8 5.8 5.8 5.8 1.5 1.5 1.5 1.5 1.1 1.1 4.1 4.1 5.8 5.9 5.9 5.8 1.5 1.5 1.6 1.1 1.1 6.5 4.0 4.0 4.1 4.1 23/11/1971
0.6 0.7 0.7 0.7 0.7 0.7 0.2 0.2 0.2 0.2 0.0 0.0 0.6 0.6 0.8 0.8 0.8 0.8 0.2 0.2 0.2 0.0 0.0 2.5 0.6 0.6 0.6 0.6 24/11/1971
1.3 1.9 1.9 1.9 1.9 1.9 1.7 1.7 1.7 1.7 1.5 1.5 1.4 1.4 1.9 1.9 1.9 1.9 1.6 1.7 1.7 1.5 1.5 1.6 1.3 1.3 1.4 1.4 25/11/1971
4.3 2.7 2.7 2.7 2.7 2.7 2.7 2.7 2.7 2.7 1.8 1.8 4.3 4.3 2.7 2.7 2.7 2.7 2.7 2.7 2.7 1.8 1.8 3.7 4.3 4.3 4.3 4.4 26/11/1971
2.5 1.0 1.1 1.0 1.0 1.1 1.1 1.1 1.1 1.1 0.9 0.9 2.5 2.5 1.1 1.1 1.1 1.1 1.1 1.1 1.1 0.9 0.9 3.5 2.5 2.5 2.5 2.5 27/11/1971
12.1 3.6 3.6 3.6 3.6 3.6 4.1 4.1 4.2 4.2 4.6 4.6 12.3 12.3 3.6 3.6 3.6 3.6 4.0 4.1 4.1 4.5 4.5 14.9 12.2 12.2 12.3 12.4 28/11/1971
0.1 0.5 0.5 0.5 0.5 0.5 0.9 0.9 0.9 0.9 1.3 1.3 0.1 0.1 0.5 0.5 0.5 0.5 0.9 0.9 0.9 1.2 1.2 0.7 0.1 0.1 0.1 0.1 29/11/1971
1.0 2.1 2.1 2.1 2.1 2.1 2.6 2.7 2.7 2.7 6.5 6.6 1.0 1.0 2.1 2.1 2.1 2.1 2.6 2.7 2.7 6.4 6.3 0.1 1.0 1.0 1.0 1.0 30/11/1971
1.7 1.9 2.0 1.9 1.9 2.0 0.1 0.1 0.1 0.1 0.0 0.0 1.7 1.7 2.0 2.0 2.0 2.0 0.1 0.1 0.1 0.0 0.0 1.8 1.8 1.8 1.7 1.7 01/12/1971
0.2 0.3 0.4 0.3 0.3 0.4 0.0 0.0 0.0 0.0 0.0 0.0 0.2 0.2 0.3 0.4 0.4 0.3 0.0 0.0 0.0 0.0 0.0 0.3 0.2 0.2 0.2 0.2 02/12/1971
0.0 0.1 0.1 0.1 0.1 0.1 0.0 0.0 0.0 0.0 0.0 0.0 0.0 0.0 0.1 0.1 0.1 0.1 0.0 0.0 0.0 0.0 0.0 0.0 0.0 0.0 0.0 0.0 03/12/1971
0.0 0.0 0.0 0.0 0.0 0.0 0.0 0.0 0.0 0.0 0.0 0.0 0.0 0.0 0.0 0.0 0.0 0.0 0.0 0.0 0.0 0.0 0.0 0.1 0.0 0.0 0.0 0.0 04/12/1971
0.0 0.0 0.0 0.0 0.0 0.0 0.0 0.0 0.0 0.0 0.0 0.0 0.0 0.0 0.0 0.0 0.0 0.0 0.0 0.0 0.0 0.0 0.0 0.0 0.0 0.0 0.0 0.0 05/12/1971
0.0 0.1 0.1 0.1 0.1 0.1 0.1 0.1 0.1 0.1 0.0 0.0 0.0 0.0 0.1 0.1 0.1 0.1 0.1 0.1 0.1 0.0 0.0 0.0 0.0 0.0 0.0 0.0 06/12/1971
0.0 0.0 0.0 0.0 0.0 0.0 0.0 0.0 0.0 0.0 0.0 0.0 0.0 0.0 0.0 0.0 0.0 0.0 0.0 0.0 0.0 0.0 0.0 0.0 0.0 0.0 0.0 0.0 07/12/1971
0.0 0.0 0.0 0.0 0.0 0.0 0.3 0.3 0.3 0.3 0.1 0.1 0.0 0.0 0.0 0.0 0.0 0.0 0.3 0.3 0.3 0.1 0.1 0.0 0.0 0.0 0.0 0.0 08/12/1971
0.0 0.0 0.0 0.0 0.0 0.0 2.2 2.2 2.3 2.3 2.8 2.8 0.0 0.0 0.0 0.0 0.0 0.0 2.2 2.2 2.2 2.7 2.7 0.0 0.0 0.0 0.0 0.0 09/12/1971
0.0 0.0 0.0 0.0 0.0 0.0 0.2 0.2 0.2 0.2 0.5 0.5 0.0 0.0 0.0 0.0 0.0 0.0 0.2 0.2 0.2 0.5 0.5 0.0 0.0 0.0 0.0 0.0 10/12/1971
0.0 0.0 0.0 0.0 0.0 0.0 0.0 0.0 0.0 0.0 0.0 0.0 0.0 0.0 0.0 0.0 0.0 0.0 0.0 0.0 0.0 0.0 0.0 0.0 0.0 0.0 0.0 0.0 11/12/1971
0.0 0.0 0.0 0.0 0.0 0.0 0.4 0.4 0.4 0.4 0.2 0.2 0.0 0.0 0.0 0.0 0.0 0.0 0.4 0.4 0.4 0.2 0.1 0.0 0.0 0.0 0.0 0.0 12/12/1971
0.0 0.0 0.0 0.0 0.0 0.0 0.0 0.0 0.0 0.0 0.0 0.0 0.0 0.0 0.0 0.0 0.0 0.0 0.0 0.0 0.0 0.0 0.0 0.0 0.0 0.0 0.0 0.0 13/12/1971
0.0 0.0 0.0 0.0 0.0 0.0 0.0 0.0 0.0 0.0 0.0 0.0 0.0 0.0 0.0 0.0 0.0 0.0 0.0 0.0 0.0 0.0 0.0 0.0 0.0 0.0 0.0 0.0 14/12/1971
0.0 0.1 0.1 0.1 0.1 0.1 0.0 0.0 0.0 0.0 0.0 0.0 0.0 0.0 0.1 0.1 0.1 0.1 0.0 0.0 0.0 0.0 0.0 0.0 0.0 0.0 0.0 0.0 15/12/1971
0.0 0.0 0.0 0.0 0.0 0.0 0.0 0.0 0.0 0.0 0.0 0.0 0.0 0.0 0.0 0.0 0.0 0.0 0.0 0.0 0.0 0.0 0.0 0.0 0.0 0.0 0.0 0.0 16/12/1971
0.1 0.3 0.3 0.3 0.3 0.3 0.1 0.1 0.1 0.1 0.0 0.0 0.1 0.1 0.3 0.3 0.3 0.3 0.1 0.1 0.1 0.0 0.0 0.0 0.1 0.1 0.1 0.1 17/12/1971
0.1 0.5 0.5 0.5 0.5 0.5 0.3 0.3 0.3 0.3 0.0 0.0 0.1 0.1 0.5 0.5 0.5 0.5 0.3 0.3 0.3 0.0 0.0 0.0 0.1 0.1 0.1 0.1 18/12/1971
6.5 7.8 7.8 7.8 7.8 7.8 5.6 5.7 5.7 5.8 7.0 7.0 6.6 6.6 7.9 7.9 7.9 7.9 5.5 5.6 5.7 6.8 6.8 6.4 6.6 6.6 6.6 6.6 19/12/1971
0.6 0.4 0.4 0.4 0.4 0.4 0.9 0.9 0.9 0.9 1.2 1.2 0.6 0.6 0.5 0.5 0.5 0.5 0.9 0.9 0.9 1.2 1.2 0.5 0.6 0.6 0.6 0.6 20/12/1971
0.5 0.4 0.4 0.4 0.4 0.4 0.3 0.3 0.3 0.3 0.3 0.3 0.5 0.5 0.4 0.4 0.4 0.4 0.3 0.3 0.3 0.3 0.3 0.4 0.5 0.5 0.5 0.5 21/12/1971
1.8 1.2 1.2 1.2 1.2 1.2 0.9 0.9 0.9 0.9 0.5 0.5 1.9 1.9 1.2 1.2 1.2 1.2 0.9 0.9 0.9 0.5 0.5 2.1 1.9 1.9 1.9 1.9 22/12/1971
0.7 0.4 0.4 0.4 0.4 0.4 1.6 1.6 1.6 1.6 2.1 2.1 0.8 0.8 0.5 0.5 0.4 0.5 1.6 1.6 1.6 2.1 2.0 0.8 0.7 0.7 0.8 0.8 23/12/1971
0.0 0.0 0.0 0.0 0.0 0.0 0.0 0.0 0.0 0.0 0.0 0.0 0.0 0.0 0.0 0.0 0.0 0.0 0.0 0.0 0.0 0.0 0.0 0.0 0.0 0.0 0.0 0.0 24/12/1971
0.0 0.0 0.0 0.0 0.0 0.0 0.0 0.0 0.0 0.0 0.0 0.0 0.0 0.0 0.0 0.0 0.0 0.0 0.0 0.0 0.0 0.0 0.0 0.0 0.0 0.0 0.0 0.0 25/12/1971
0.3 0.0 0.0 0.0 0.0 0.0 0.9 1.0 1.0 1.0 0.0 0.0 0.3 0.3 0.0 0.0 0.0 0.0 0.9 0.9 1.0 0.0 0.0 0.0 0.3 0.3 0.3 0.3 26/12/1971
0.0 0.0 0.0 0.0 0.0 0.0 0.1 0.1 0.1 0.1 0.1 0.1 0.0 0.0 0.0 0.0 0.0 0.0 0.1 0.1 0.1 0.1 0.1 0.0 0.0 0.0 0.0 0.0 27/12/1971
1.3 0.2 0.2 0.2 0.2 0.2 0.2 0.2 0.2 0.2 0.6 0.6 1.3 1.3 0.2 0.2 0.2 0.2 0.2 0.2 0.2 0.6 0.6 0.2 1.3 1.3 1.3 1.3 28/12/1971
0.0 0.0 0.0 0.0 0.0 0.0 0.0 0.0 0.0 0.0 0.0 0.0 0.0 0.0 0.0 0.0 0.0 0.0 0.0 0.0 0.0 0.0 0.0 0.0 0.0 0.0 0.0 0.0 29/12/1971
0.0 0.0 0.0 0.0 0.0 0.0 0.0 0.0 0.0 0.0 0.0 0.0 0.0 0.0 0.0 0.0 0.0 0.0 0.0 0.0 0.0 0.0 0.0 0.0 0.0 0.0 0.0 0.0 30/12/1971
0.2 0.2 0.2 0.2 0.2 0.2 0.0 0.0 0.0 0.0 0.0 0.0 0.2 0.2 0.2 0.2 0.2 0.2 0.0 0.0 0.0 0.0 0.0 0.0 0.2 0.2 0.2 0.2 31/12/1971
0.5 0.8 0.7 0.8 0.8 0.7 0.0 0.0 0.0 0.0 0.5 0.6 0.6 0.6 0.8 0.8 0.8 0.8 0.0 0.0 0.0 0.5 0.5 1.5 0.5 0.5 0.6 0.6 01/01/1972
0.2 1.7 1.7 1.7 1.6 1.7 0.6 0.7 0.6 0.7 0.4 0.4 0.2 0.2 1.7 1.7 1.7 1.7 0.7 0.6 0.7 0.4 0.4 0.7 0.2 0.2 0.2 0.2 02/01/1972
1.7 2.8 2.8 2.8 2.8 2.8 7.8 7.8 8.0 8.0 5.7 5.8 1.6 1.6 2.8 2.9 2.9 2.8 7.7 7.8 7.8 5.6 5.6 2.4 1.7 1.7 1.6 1.6 03/01/1972
0.9 1.9 1.9 1.9 1.9 1.9 4.8 4.9 4.9 5.0 5.7 5.8 0.9 0.9 2.0 2.0 2.0 2.0 4.8 4.9 4.9 5.7 5.7 0.2 0.9 0.9 0.9 0.9 04/01/1972
0.5 0.9 0.9 0.9 0.9 0.9 0.3 0.3 0.3 0.3 0.7 0.7 0.5 0.5 0.9 0.9 0.9 0.9 0.3 0.3 0.3 0.7 0.7 0.1 0.5 0.5 0.5 0.5 05/01/1972
0.0 0.1 0.2 0.1 0.1 0.2 0.0 0.0 0.0 0.0 0.0 0.0 0.0 0.0 0.1 0.2 0.2 0.1 0.0 0.0 0.0 0.0 0.0 0.0 0.0 0.0 0.0 0.0 06/01/1972
3.7 5.6 5.7 5.6 5.7 5.7 0.0 0.0 0.0 0.0 0.0 0.0 3.7 3.7 5.7 5.7 5.7 5.7 0.0 0.0 0.0 0.0 0.0 4.6 3.7 3.7 3.7 3.8 07/01/1972
1.4 0.4 0.5 0.4 0.5 0.5 0.1 0.1 0.1 0.1 0.0 0.0 1.4 1.4 0.4 0.4 0.4 0.4 0.1 0.1 0.1 0.0 0.0 0.7 1.4 1.4 1.4 1.4 08/01/1972
1.2 0.8 0.8 0.8 0.8 0.8 0.5 0.5 0.5 0.5 0.0 0.0 1.2 1.2 0.8 0.8 0.8 0.8 0.5 0.5 0.5 0.0 0.0 0.0 1.2 1.2 1.2 1.2 09/01/1972
10.3 7.6 7.7 7.6 7.7 7.7 3.7 3.7 3.7 3.8 0.3 0.3 10.4 10.4 7.8 7.8 7.7 7.8 3.6 3.7 3.7 0.3 0.3 10.0 10.3 10.3 10.4 10.5 10/01/1972
3.9 4.3 4.3 4.3 4.3 4.3 3.7 3.7 3.7 3.8 2.5 2.5 3.9 3.9 4.4 4.4 4.4 4.4 3.6 3.7 3.7 2.5 2.5 2.5 3.9 3.9 3.9 4.0 11/01/1972
0.1 0.1 0.1 0.1 0.1 0.1 0.5 0.5 0.5 0.5 1.5 1.5 0.1 0.1 0.1 0.1 0.1 0.1 0.5 0.5 0.5 1.5 1.5 0.0 0.1 0.1 0.1 0.1 12/01/1972
0.4 0.0 0.0 0.0 0.0 0.0 0.1 0.1 0.1 0.1 1.0 1.0 0.4 0.4 0.0 0.0 0.0 0.0 0.1 0.1 0.1 1.0 1.0 0.8 0.4 0.4 0.4 0.4 13/01/1972
0.0 0.0 0.0 0.0 0.0 0.0 0.0 0.0 0.0 0.0 0.0 0.0 0.0 0.0 0.0 0.0 0.0 0.0 0.0 0.0 0.0 0.0 0.0 0.0 0.0 0.0 0.0 0.0 14/01/1972
0.1 0.1 0.1 0.1 0.1 0.1 0.2 0.2 0.2 0.2 1.0 1.0 0.1 0.1 0.1 0.1 0.1 0.1 0.2 0.2 0.2 1.0 1.0 0.0 0.1 0.1 0.1 0.1 15/01/1972
3.3 2.6 2.6 2.6 2.6 2.6 0.0 0.0 0.0 0.0 0.0 0.0 3.4 3.4 2.6 2.6 2.6 2.6 0.0 0.0 0.0 0.0 0.0 4.0 3.4 3.4 3.4 3.4 16/01/1972
0.2 0.5 0.5 0.5 0.5 0.5 0.0 0.0 0.0 0.0 0.0 0.0 0.2 0.2 0.5 0.5 0.5 0.5 0.0 0.0 0.0 0.0 0.0 0.2 0.2 0.2 0.2 0.2 17/01/1972
0.4 0.8 0.9 0.8 0.9 0.9 0.0 0.0 0.0 0.0 0.0 0.0 0.4 0.4 0.8 0.8 0.8 0.8 0.0 0.0 0.0 0.0 0.0 0.0 0.4 0.4 0.4 0.4 18/01/1972
3.9 1.9 1.9 1.9 1.9 1.9 10.5 10.6 10.7 10.8 15.6 15.7 4.0 4.0 2.0 1.9 1.9 2.0 10.3 10.5 10.6 15.3 15.2 2.8 4.0 4.0 4.0 4.0 19/01/1972
0.4 1.4 1.4 1.4 1.4 1.4 14.4 14.5 14.7 14.8 8.9 9.0 0.4 0.4 1.4 1.4 1.4 1.4 14.1 14.4 14.4 8.8 8.7 0.5 0.4 0.4 0.4 0.4 20/01/1972
0.2 0.6 0.6 0.6 0.6 0.6 0.3 0.3 0.3 0.3 0.0 0.0 0.2 0.2 0.6 0.6 0.6 0.6 0.3 0.3 0.3 0.0 0.0 1.1 0.2 0.2 0.2 0.2 21/01/1972
0.8 1.5 1.5 1.5 1.5 1.5 0.1 0.1 0.1 0.1 0.0 0.0 0.8 0.8 1.5 1.5 1.5 1.5 0.1 0.1 0.1 0.0 0.0 1.0 0.8 0.8 0.8 0.8 22/01/1972
0.4 1.2 1.2 1.2 1.2 1.2 1.0 1.0 1.0 1.1 0.2 0.2 0.4 0.4 1.2 1.2 1.2 1.2 1.0 1.0 1.0 0.2 0.2 1.1 0.4 0.4 0.4 0.5 23/01/1972
8.3 7.5 7.6 7.5 7.5 7.6 9.6 9.7 9.8 10.0 12.5 12.6 8.4 8.4 7.6 7.6 7.6 7.6 9.5 9.7 9.7 12.2 12.2 5.5 8.3 8.3 8.4 8.4 24/01/1972
3.8 2.0 2.0 2.0 2.0 2.0 0.6 0.6 0.6 0.6 0.0 0.0 3.8 3.8 2.0 2.0 2.0 2.0 0.6 0.6 0.6 0.0 0.0 9.6 3.8 3.8 3.8 3.8 25/01/1972
13.2 13.0 13.1 13.0 13.0 13.1 13.5 13.6 13.8 13.9 13.5 13.6 13.4 13.4 13.2 13.2 13.2 13.2 13.3 13.5 13.6 13.3 13.2 8.4 13.3 13.3 13.4 13.4 26/01/1972
7.7 8.5 8.5 8.5 8.5 8.5 9.1 9.2 9.3 9.4 11.0 11.1 7.8 7.8 8.6 8.6 8.6 8.6 8.9 9.1 9.2 10.8 10.7 4.2 7.7 7.7 7.8 7.8 27/01/1972
0.0 0.1 0.1 0.1 0.1 0.1 0.0 0.0 0.0 0.0 0.0 0.0 0.0 0.0 0.1 0.1 0.1 0.1 0.0 0.0 0.0 0.0 0.0 0.0 0.0 0.0 0.0 0.0 28/01/1972
0.0 0.0 0.0 0.0 0.0 0.0 0.0 0.0 0.0 0.0 0.2 0.2 0.0 0.0 0.0 0.0 0.0 0.0 0.0 0.0 0.0 0.2 0.2 0.0 0.0 0.0 0.0 0.0 29/01/1972
0.0 0.0 0.0 0.0 0.0 0.0 0.0 0.0 0.0 0.0 0.0 0.0 0.0 0.0 0.0 0.0 0.0 0.0 0.0 0.0 0.0 0.0 0.0 0.0 0.0 0.0 0.0 0.0 30/01/1972
0.0 0.0 0.0 0.0 0.0 0.0 0.0 0.0 0.0 0.0 0.0 0.0 0.0 0.0 0.0 0.0 0.0 0.0 0.0 0.0 0.0 0.0 0.0 0.0 0.0 0.0 0.0 0.0 31/01/1972
0.8 1.3 1.3 1.3 1.3 1.3 1.4 1.4 1.4 1.5 2.0 2.0 0.8 0.8 1.3 1.3 1.3 1.3 1.4 1.4 1.4 2.0 1.9 1.9 0.8 0.8 0.8 0.8 01/02/1972
1.4 1.8 1.8 1.8 1.8 1.8 1.6 1.6 1.6 1.6 0.9 0.9 1.4 1.4 1.8 1.8 1.8 1.8 1.6 1.6 1.6 0.9 0.9 0.8 1.4 1.4 1.4 1.4 02/02/1972
0.4 0.6 0.6 0.6 0.6 0.6 4.5 4.5 4.6 4.6 9.4 9.4 0.4 0.4 0.6 0.6 0.6 0.6 4.4 4.5 4.5 9.2 9.1 0.2 0.4 0.4 0.4 0.4 03/02/1972
0.8 0.0 0.0 0.0 0.0 0.0 0.0 0.0 0.0 0.0 0.0 0.0 0.8 0.8 0.0 0.0 0.0 0.0 0.0 0.0 0.0 0.0 0.0 0.4 0.8 0.8 0.8 0.8 04/02/1972
0.3 0.0 0.0 0.0 0.0 0.0 0.2 0.2 0.2 0.3 0.0 0.0 0.3 0.3 0.0 0.0 0.0 0.0 0.2 0.2 0.2 0.0 0.0 0.0 0.3 0.3 0.3 0.3 05/02/1972
7.7 9.8 9.9 9.8 9.8 9.9 2.5 2.6 2.6 2.6 1.8 1.8 7.8 7.8 10.0 9.9 9.9 10.0 2.5 2.5 2.5 1.7 1.7 7.6 7.8 7.8 7.8 7.8 06/02/1972
4.7 6.3 6.3 6.3 6.3 6.3 5.9 6.0 6.1 6.1 8.0 8.0 4.8 4.8 6.4 6.4 6.4 6.4 5.9 6.0 6.0 7.8 7.8 5.7 4.8 4.8 4.8 4.8 07/02/1972
0.6 0.1 0.1 0.1 0.1 0.1 0.0 0.0 0.0 0.0 0.0 0.0 0.6 0.6 0.1 0.1 0.1 0.1 0.0 0.0 0.0 0.0 0.0 0.4 0.6 0.6 0.6 0.6 08/02/1972
0.2 0.0 0.0 0.0 0.0 0.0 0.0 0.0 0.0 0.0 0.2 0.2 0.2 0.2 0.0 0.0 0.0 0.0 0.0 0.0 0.0 0.2 0.2 0.2 0.2 0.2 0.2 0.2 09/02/1972
9.8 7.1 7.2 7.1 7.1 7.2 3.7 3.8 3.8 3.9 4.2 4.2 9.9 9.9 7.2 7.2 7.2 7.2 3.7 3.7 3.8 4.1 4.1 8.5 9.9 9.9 9.9 10.0 10/02/1972
10.6 13.0 13.0 13.0 13.0 13.0 16.0 16.2 16.3 16.5 13.2 13.2 10.8 10.8 13.2 13.1 13.1 13.1 15.8 16.0 16.1 12.9 12.8 7.7 10.7 10.7 10.8 10.8 11/02/1972
2.7 3.2 3.2 3.2 3.2 3.2 3.7 3.7 3.8 3.8 4.6 4.6 2.8 2.8 3.2 3.2 3.2 3.2 3.6 3.7 3.7 4.5 4.4 4.1 2.7 2.7 2.8 2.8 12/02/1972
6.0 8.7 8.7 8.7 8.7 8.7 0.6 0.6 0.6 0.6 0.3 0.3 6.1 6.1 8.8 8.8 8.8 8.8 0.6 0.6 0.6 0.3 0.2 4.8 6.1 6.1 6.1 6.1 13/02/1972
0.0 0.1 0.1 0.1 0.1 0.1 0.0 0.0 0.0 0.0 0.0 0.0 0.0 0.0 0.1 0.1 0.1 0.1 0.0 0.0 0.0 0.0 0.0 0.0 0.0 0.0 0.0 0.0 14/02/1972
0.9 1.2 1.2 1.2 1.2 1.2 1.0 1.0 1.0 1.0 1.2 1.2 0.9 0.9 1.2 1.2 1.2 1.2 1.0 1.0 1.0 1.2 1.2 0.8 0.9 0.9 0.9 0.9 15/02/1972
0.4 1.6 1.6 1.6 1.6 1.6 0.1 0.1 0.1 0.1 0.0 0.0 0.4 0.4 1.6 1.6 1.6 1.6 0.1 0.1 0.1 0.0 0.0 0.1 0.4 0.4 0.4 0.5 16/02/1972
0.0 0.4 0.4 0.4 0.4 0.4 0.1 0.1 0.1 0.1 0.2 0.2 0.0 0.0 0.4 0.4 0.4 0.4 0.1 0.1 0.1 0.2 0.2 0.2 0.0 0.0 0.0 0.0 17/02/1972
0.1 0.9 0.9 0.9 0.9 0.9 2.7 2.8 2.8 2.8 1.8 1.8 0.1 0.1 0.9 0.9 0.9 0.9 2.7 2.7 2.8 1.8 1.8 0.0 0.1 0.1 0.1 0.1 18/02/1972
0.0 0.0 0.0 0.0 0.0 0.0 0.0 0.0 0.0 0.0 0.0 0.0 0.0 0.0 0.0 0.0 0.0 0.0 0.0 0.0 0.0 0.0 0.0 0.0 0.0 0.0 0.0 0.0 19/02/1972
0.9 0.5 0.6 0.5 0.6 0.6 5.9 6.0 6.1 6.1 4.3 4.3 0.9 0.9 0.6 0.6 0.6 0.6 5.8 5.9 6.0 4.3 4.3 0.8 0.9 0.9 0.9 0.9 20/02/1972
1.3 2.1 2.1 2.1 2.1 2.1 0.1 0.1 0.1 0.1 0.3 0.3 1.3 1.3 2.1 2.1 2.1 2.1 0.1 0.1 0.1 0.3 0.3 2.0 1.3 1.3 1.3 1.3 21/02/1972
2.0 2.8 2.8 2.8 2.8 2.8 0.1 0.1 0.1 0.1 0.2 0.2 2.0 2.0 2.8 2.8 2.8 2.8 0.1 0.1 0.1 0.2 0.2 1.0 2.0 2.0 2.0 2.0 22/02/1972
0.0 0.0 0.0 0.0 0.0 0.0 0.0 0.0 0.0 0.0 0.0 0.0 0.0 0.0 0.0 0.0 0.0 0.0 0.0 0.0 0.0 0.0 0.0 0.0 0.0 0.0 0.0 0.0 23/02/1972
0.0 0.0 0.0 0.0 0.0 0.0 0.0 0.0 0.0 0.0 0.0 0.0 0.0 0.0 0.0 0.0 0.0 0.0 0.0 0.0 0.0 0.0 0.0 0.0 0.0 0.0 0.0 0.0 24/02/1972
1.3 0.1 0.1 0.1 0.1 0.1 0.0 0.0 0.0 0.0 0.0 0.0 1.3 1.3 0.1 0.1 0.1 0.1 0.0 0.0 0.0 0.0 0.0 0.3 1.3 1.3 1.3 1.3 25/02/1972
0.0 0.1 0.1 0.1 0.1 0.1 0.0 0.0 0.0 0.0 0.0 0.0 0.0 0.0 0.1 0.1 0.1 0.1 0.0 0.0 0.0 0.0 0.0 0.0 0.0 0.0 0.0 0.0 26/02/1972
0.0 0.0 0.0 0.0 0.0 0.0 0.0 0.0 0.0 0.0 0.0 0.0 0.0 0.0 0.0 0.0 0.0 0.0 0.0 0.0 0.0 0.0 0.0 0.1 0.0 0.0 0.0 0.0 27/02/1972
0.0 0.0 0.0 0.0 0.0 0.0 0.0 0.0 0.0 0.0 0.0 0.0 0.0 0.0 0.0 0.0 0.0 0.0 0.0 0.0 0.0 0.0 0.0 0.0 0.0 0.0 0.0 0.0 28/02/1972
1.7 1.2 1.2 1.2 1.2 1.2 0.0 0.0 0.0 0.0 0.0 0.0 1.7 1.7 1.2 1.2 1.2 1.2 0.0 0.0 0.0 0.0 0.0 2.1 1.7 1.7 1.8 1.8 29/02/1972
1.1 1.3 1.3 1.3 1.3 1.3 0.5 0.6 0.6 0.6 0.0 0.0 1.1 1.1 1.3 1.3 1.3 1.3 0.5 0.6 0.6 0.0 0.0 0.4 1.1 1.1 1.1 1.2 01/03/1972
0.8 0.5 0.6 0.5 0.6 0.6 1.0 1.1 1.1 1.1 3.6 3.6 0.8 0.8 0.6 0.6 0.6 0.6 1.0 1.1 1.1 3.5 3.5 0.2 0.8 0.8 0.8 0.8 02/03/1972
5.8 6.2 6.2 6.2 6.2 6.2 8.5 8.6 8.6 8.7 13.1 13.1 5.9 5.9 6.3 6.3 6.3 6.3 8.4 8.5 8.5 12.8 12.7 2.6 5.9 5.9 5.9 5.9 03/03/1972
9.6 8.2 8.2 8.2 8.2 8.2 0.0 0.0 0.0 0.0 0.2 0.2 9.8 9.8 8.3 8.3 8.3 8.3 0.0 0.0 0.0 0.2 0.2 11.7 9.7 9.7 9.8 9.8 04/03/1972
5.7 4.3 4.3 4.3 4.3 4.3 2.2 2.2 2.2 2.2 2.3 2.3 5.8 5.8 4.4 4.4 4.4 4.4 2.1 2.2 2.2 2.2 2.2 6.1 5.8 5.8 5.8 5.8 05/03/1972
8.1 6.9 6.9 6.9 6.9 6.9 7.3 7.3 7.4 7.5 5.8 5.8 8.2 8.2 7.0 7.0 7.0 7.0 7.2 7.2 7.2 5.6 5.6 4.3 8.2 8.2 8.2 8.3 06/03/1972
0.0 0.0 0.0 0.0 0.0 0.0 0.9 0.8 0.8 0.9 0.8 0.9 0.0 0.0 0.0 0.0 0.0 0.0 0.9 0.9 0.8 0.8 0.8 0.0 0.0 0.0 0.0 0.0 07/03/1972
0.0 0.0 0.0 0.0 0.0 0.0 0.0 0.0 0.0 0.0 0.0 0.0 0.0 0.0 0.0 0.0 0.0 0.0 0.0 0.0 0.0 0.0 0.0 0.0 0.0 0.0 0.0 0.0 08/03/1972
0.0 0.0 0.0 0.0 0.0 0.0 0.0 0.0 0.0 0.0 0.0 0.0 0.0 0.0 0.0 0.0 0.0 0.0 0.0 0.0 0.0 0.0 0.0 0.4 0.0 0.0 0.0 0.0 09/03/1972
0.0 0.2 0.2 0.2 0.2 0.2 0.0 0.0 0.0 0.0 0.0 0.0 0.0 0.0 0.2 0.2 0.2 0.2 0.0 0.0 0.0 0.0 0.0 0.1 0.0 0.0 0.0 0.0 10/03/1972
0.0 0.0 0.0 0.0 0.0 0.0 0.0 0.0 0.0 0.0 0.0 0.0 0.0 0.0 0.0 0.0 0.0 0.0 0.0 0.0 0.0 0.0 0.0 0.2 0.0 0.0 0.0 0.0 11/03/1972
0.0 0.0 0.0 0.0 0.0 0.0 0.0 0.0 0.0 0.0 0.0 0.0 0.0 0.0 0.0 0.0 0.0 0.0 0.0 0.0 0.0 0.0 0.0 0.0 0.0 0.0 0.0 0.0 12/03/1972
0.6 0.2 0.2 0.2 0.2 0.2 0.0 0.0 0.0 0.0 0.0 0.0 0.6 0.6 0.2 0.2 0.2 0.2 0.0 0.0 0.0 0.0 0.0 0.0 0.6 0.6 0.6 0.7 13/03/1972
0.0 0.0 0.0 0.0 0.0 0.0 0.0 0.0 0.0 0.0 0.0 0.0 0.0 0.0 0.0 0.0 0.0 0.0 0.0 0.0 0.0 0.0 0.0 0.0 0.0 0.0 0.0 0.0 14/03/1972
0.0 0.0 0.0 0.0 0.0 0.0 0.0 0.0 0.0 0.0 0.0 0.0 0.0 0.0 0.0 0.0 0.0 0.0 0.0 0.0 0.0 0.0 0.0 0.0 0.0 0.0 0.0 0.0 15/03/1972
0.0 0.0 0.0 0.0 0.0 0.0 0.0 0.0 0.0 0.0 0.0 0.0 0.0 0.0 0.0 0.0 0.0 0.0 0.0 0.0 0.0 0.0 0.0 0.0 0.0 0.0 0.0 0.0 16/03/1972
0.0 0.0 0.0 0.0 0.0 0.0 0.0 0.0 0.0 0.0 0.0 0.0 0.0 0.0 0.0 0.0 0.0 0.0 0.0 0.0 0.0 0.0 0.0 0.0 0.0 0.0 0.0 0.0 17/03/1972
0.0 0.0 0.0 0.0 0.0 0.0 0.0 0.0 0.0 0.0 0.0 0.0 0.0 0.0 0.0 0.0 0.0 0.0 0.0 0.0 0.0 0.0 0.0 0.0 0.0 0.0 0.0 0.0 18/03/1972
0.3 0.2 0.2 0.2 0.2 0.2 0.0 0.0 0.0 0.0 0.0 0.0 0.3 0.3 0.2 0.2 0.2 0.2 0.0 0.0 0.0 0.0 0.0 0.0 0.3 0.3 0.3 0.3 19/03/1972
0.0 0.0 0.0 0.0 0.0 0.0 0.0 0.0 0.0 0.0 0.0 0.0 0.0 0.0 0.0 0.0 0.0 0.0 0.0 0.0 0.0 0.0 0.0 0.0 0.0 0.0 0.0 0.0 20/03/1972
0.0 0.1 0.1 0.1 0.1 0.1 0.0 0.0 0.0 0.0 0.1 0.1 0.0 0.0 0.1 0.1 0.1 0.1 0.0 0.0 0.0 0.1 0.1 0.0 0.0 0.0 0.0 0.0 21/03/1972
0.0 0.1 0.1 0.1 0.1 0.1 0.0 0.0 0.0 0.0 0.0 0.0 0.0 0.0 0.1 0.1 0.1 0.1 0.0 0.0 0.0 0.0 0.0 0.0 0.0 0.0 0.0 0.0 22/03/1972
0.0 0.0 0.0 0.0 0.0 0.0 0.0 0.0 0.0 0.0 0.0 0.0 0.0 0.0 0.0 0.0 0.0 0.0 0.0 0.0 0.0 0.0 0.0 0.0 0.0 0.0 0.0 0.0 23/03/1972
0.0 0.0 0.0 0.0 0.0 0.0 0.0 0.0 0.0 0.0 0.0 0.0 0.0 0.0 0.0 0.0 0.0 0.0 0.0 0.0 0.0 0.0 0.0 0.0 0.0 0.0 0.0 0.0 24/03/1972
1.5 0.5 0.5 0.5 0.5 0.5 0.1 0.1 0.1 0.1 1.6 1.6 1.5 1.5 0.5 0.5 0.5 0.5 0.1 0.1 0.1 1.6 1.6 1.7 1.5 1.5 1.5 1.5 25/03/1972
4.0 4.2 4.3 4.2 4.2 4.3 6.5 6.6 6.7 6.7 16.6 16.7 4.1 4.1 4.3 4.3 4.3 4.3 6.4 6.5 6.6 16.3 16.2 2.1 4.1 4.1 4.1 4.1 26/03/1972
5.7 8.5 8.6 8.5 8.5 8.6 13.1 13.2 13.4 13.5 19.2 19.2 5.7 5.7 8.6 8.6 8.6 8.6 12.9 13.1 13.2 18.8 18.6 5.1 5.7 5.7 5.8 5.8 27/03/1972
1.1 1.4 1.4 1.4 1.4 1.4 10.9 11.0 11.2 11.3 11.3 11.3 1.1 1.1 1.4 1.4 1.4 1.4 10.7 10.9 11.0 11.0 10.9 0.5 1.1 1.1 1.1 1.1 28/03/1972
0.7 0.9 0.9 0.9 0.9 0.9 1.4 1.4 1.5 1.5 1.6 1.6 0.7 0.7 0.9 0.9 0.9 0.9 1.4 1.4 1.4 1.5 1.5 0.1 0.7 0.7 0.7 0.7 29/03/1972
0.6 0.2 0.2 0.2 0.2 0.2 0.0 0.0 0.0 0.0 0.0 0.0 0.6 0.6 0.2 0.2 0.2 0.2 0.0 0.0 0.0 0.0 0.0 0.2 0.6 0.6 0.6 0.6 30/03/1972
3.2 4.5 4.5 4.5 4.5 4.5 9.5 9.6 9.7 9.8 9.2 9.2 3.3 3.3 4.5 4.5 4.5 4.5 9.4 9.5 9.6 9.0 8.9 1.6 3.3 3.3 3.3 3.3 31/03/1972
1.6 1.4 1.4 1.4 1.4 1.4 8.1 8.2 8.3 8.4 6.5 6.5 1.6 1.6 1.4 1.4 1.4 1.4 8.0 8.1 8.2 6.4 6.3 1.6 1.6 1.6 1.6 1.6 01/04/1972
0.2 1.4 1.5 1.4 1.5 1.5 2.7 2.7 2.7 2.8 1.0 1.0 0.2 0.2 1.5 1.5 1.5 1.5 2.6 2.7 2.7 0.9 0.9 0.2 0.2 0.2 0.2 0.2 02/04/1972
3.1 2.3 2.3 2.3 2.3 2.3 3.4 3.4 3.5 3.5 3.6 3.6 3.1 3.1 2.4 2.3 2.3 2.4 3.3 3.4 3.4 3.5 3.5 4.0 3.1 3.1 3.1 3.1 03/04/1972
7.7 10.2 10.2 10.2 10.2 10.2 9.6 9.7 9.8 9.9 7.9 7.9 7.8 7.8 10.3 10.3 10.3 10.3 9.4 9.6 9.6 7.7 7.6 3.1 7.8 7.8 7.8 7.9 04/04/1972
2.7 4.2 4.2 4.2 4.2 4.2 5.1 5.2 5.3 5.3 5.4 5.4 2.7 2.7 4.3 4.3 4.3 4.3 5.1 5.2 5.2 5.3 5.2 1.5 2.7 2.7 2.7 2.7 05/04/1972
1.7 1.6 1.6 1.6 1.6 1.6 0.6 0.6 0.7 0.7 1.9 1.9 1.7 1.7 1.7 1.7 1.7 1.7 0.6 0.6 0.6 1.9 1.9 1.1 1.7 1.7 1.7 1.7 06/04/1972
1.6 2.4 2.4 2.4 2.4 2.4 3.4 3.5 3.5 3.6 4.9 4.9 1.6 1.6 2.4 2.4 2.4 2.4 3.4 3.4 3.5 4.8 4.8 1.4 1.6 1.6 1.6 1.6 07/04/1972
4.9 4.1 4.1 4.1 4.1 4.1 3.2 3.2 3.2 3.3 3.8 3.8 5.0 5.0 4.2 4.2 4.2 4.2 3.1 3.2 3.2 3.7 3.6 7.6 4.9 4.9 5.0 5.0 08/04/1972
9.9 5.9 6.0 5.9 5.9 6.0 0.0 0.0 0.0 0.0 0.0 0.0 10.0 10.0 6.0 6.0 6.0 6.0 0.0 0.0 0.0 0.0 0.0 7.8 10.0 10.0 10.1 10.1 09/04/1972
13.9 12.2 12.3 12.2 12.2 12.3 11.5 11.7 11.8 11.9 9.9 10.0 14.1 14.1 12.4 12.4 12.3 12.4 11.3 11.5 11.6 9.7 9.6 10.8 14.0 14.0 14.1 14.1 10/04/1972
7.7 6.4 6.4 6.4 6.4 6.4 10.5 10.6 10.7 10.8 10.4 10.4 7.8 7.8 6.5 6.5 6.5 6.5 10.3 10.5 10.5 10.2 10.1 6.6 7.7 7.7 7.8 7.8 11/04/1972
0.0 0.4 0.4 0.4 0.4 0.4 7.7 7.8 7.9 8.0 1.0 1.0 0.0 0.0 0.4 0.4 0.4 0.4 7.6 7.7 7.8 0.9 0.9 0.0 0.0 0.0 0.0 0.0 12/04/1972
6.1 3.4 3.4 3.4 3.4 3.4 0.0 0.0 0.0 0.0 0.0 0.0 6.2 6.2 3.5 3.5 3.5 3.5 0.0 0.0 0.0 0.0 0.0 7.3 6.2 6.2 6.2 6.2 13/04/1972
0.3 1.1 1.2 1.1 1.1 1.2 1.7 1.7 1.7 1.7 1.5 1.5 0.3 0.3 1.3 1.3 1.3 1.3 1.6 1.7 1.7 1.5 1.5 0.4 0.3 0.3 0.3 0.3 14/04/1972
0.0 0.1 0.1 0.1 0.1 0.1 4.0 4.1 4.1 4.2 6.3 6.3 0.0 0.0 0.1 0.1 0.1 0.1 4.0 4.0 4.1 6.2 6.1 0.0 0.0 0.0 0.0 0.0 15/04/1972
0.0 0.1 0.1 0.1 0.1 0.1 0.4 0.5 0.5 0.5 0.1 0.1 0.0 0.0 0.1 0.1 0.1 0.1 0.4 0.5 0.5 0.1 0.1 0.0 0.0 0.0 0.0 0.0 16/04/1972
0.1 0.0 0.0 0.0 0.0 0.0 0.0 0.0 0.0 0.0 0.0 0.0 0.1 0.1 0.0 0.0 0.0 0.0 0.0 0.0 0.0 0.0 0.0 0.0 0.1 0.1 0.1 0.1 17/04/1972
0.7 2.1 2.1 2.1 2.1 2.1 1.1 1.1 1.2 1.2 0.1 0.1 0.7 0.7 2.1 2.1 2.1 2.1 1.1 1.1 1.1 0.1 0.1 0.7 0.7 0.7 0.7 0.7 18/04/1972
5.7 3.5 3.6 3.5 3.5 3.6 1.1 1.1 1.1 1.1 1.4 1.4 5.7 5.7 3.6 3.6 3.6 3.6 1.1 1.1 1.1 1.4 1.4 8.0 5.7 5.7 5.8 5.8 19/04/1972
0.0 0.1 0.1 0.1 0.1 0.1 0.0 0.0 0.0 0.0 0.0 0.0 0.0 0.0 0.1 0.1 0.1 0.1 0.0 0.0 0.0 0.0 0.0 0.3 0.0 0.0 0.0 0.0 20/04/1972
0.3 0.1 0.1 0.1 0.1 0.1 0.0 0.0 0.0 0.0 0.0 0.0 0.3 0.3 0.1 0.1 0.1 0.1 0.0 0.0 0.0 0.0 0.0 0.1 0.3 0.3 0.3 0.3 21/04/1972
1.0 0.1 0.1 0.1 0.1 0.1 0.0 0.0 0.0 0.0 0.0 0.0 1.0 1.0 0.1 0.1 0.1 0.1 0.0 0.0 0.0 0.0 0.0 0.4 1.0 1.0 1.0 1.0 22/04/1972
0.0 0.0 0.0 0.0 0.0 0.0 0.0 0.0 0.0 0.0 0.0 0.0 0.0 0.0 0.0 0.0 0.0 0.0 0.0 0.0 0.0 0.0 0.0 0.0 0.0 0.0 0.0 0.0 23/04/1972
0.0 0.0 0.0 0.0 0.0 0.0 0.0 0.0 0.0 0.0 0.0 0.0 0.0 0.0 0.0 0.0 0.0 0.0 0.0 0.0 0.0 0.0 0.0 0.0 0.0 0.0 0.0 0.0 24/04/1972
0.0 0.1 0.1 0.1 0.1 0.1 0.0 0.0 0.0 0.0 0.0 0.0 0.0 0.0 0.0 0.1 0.1 0.0 0.0 0.0 0.0 0.0 0.0 0.0 0.0 0.0 0.0 0.0 25/04/1972
0.0 0.0 0.0 0.0 0.0 0.0 0.2 0.2 0.2 0.2 0.0 0.0 0.0 0.0 0.0 0.0 0.0 0.0 0.2 0.2 0.2 0.0 0.0 0.0 0.0 0.0 0.0 0.0 26/04/1972
0.1 1.0 1.0 1.0 1.0 1.0 4.7 4.7 4.8 4.8 2.3 2.3 0.1 0.1 1.1 1.1 1.1 1.1 4.6 4.7 4.7 2.2 2.2 0.0 0.1 0.1 0.1 0.1 27/04/1972
3.8 2.8 2.8 2.8 2.8 2.8 0.4 0.4 0.4 0.4 0.0 0.0 3.9 3.9 2.8 2.8 2.8 2.8 0.4 0.4 0.4 0.0 0.0 5.0 3.8 3.8 3.9 3.9 28/04/1972
12.9 10.6 10.7 10.7 10.7 10.7 12.0 12.1 12.3 12.4 6.3 6.3 13.1 13.1 10.8 10.8 10.8 10.8 11.8 12.0 12.1 6.2 6.1 9.3 13.0 13.0 13.1 13.2 29/04/1972
1.4 2.7 2.8 2.7 2.7 2.8 2.1 2.1 2.1 2.2 0.0 0.0 1.4 1.4 2.8 2.8 2.8 2.8 2.1 2.1 2.1 0.0 0.0 1.7 1.4 1.4 1.4 1.4 30/04/1972
3.0 1.3 1.3 1.3 1.3 1.3 0.0 0.0 0.0 0.0 0.0 0.0 3.0 3.0 1.3 1.3 1.3 1.3 0.0 0.0 0.0 0.0 0.0 1.7 3.0 3.0 3.0 3.1 01/05/1972
1.4 0.0 0.0 0.0 0.0 0.0 0.0 0.0 0.0 0.0 0.3 0.3 1.4 1.4 0.0 0.0 0.0 0.0 0.0 0.0 0.0 0.3 0.3 0.0 1.4 1.4 1.4 1.4 02/05/1972
0.0 0.0 0.0 0.0 0.0 0.0 0.3 0.3 0.3 0.3 3.5 3.5 0.0 0.0 0.0 0.0 0.0 0.0 0.3 0.3 0.3 3.4 3.4 0.0 0.0 0.0 0.0 0.0 03/05/1972
0.5 0.6 0.6 0.6 0.6 0.6 1.0 1.0 1.0 1.0 0.1 0.1 0.5 0.5 0.6 0.6 0.6 0.6 1.0 1.0 1.0 0.1 0.1 0.5 0.5 0.5 0.5 0.5 04/05/1972
0.6 0.9 0.9 0.9 0.9 0.9 1.6 1.6 1.7 1.7 6.3 6.3 0.6 0.6 0.9 0.9 0.9 0.9 1.6 1.6 1.6 6.2 6.1 0.9 0.6 0.6 0.6 0.6 05/05/1972
1.4 1.3 1.3 1.3 1.3 1.3 0.0 0.0 0.0 0.0 0.0 0.0 1.4 1.4 1.3 1.3 1.3 1.3 0.0 0.0 0.0 0.0 0.0 1.2 1.4 1.4 1.4 1.4 06/05/1972
0.0 0.5 0.5 0.5 0.5 0.5 0.0 0.0 0.0 0.0 0.1 0.1 0.0 0.0 0.5 0.5 0.5 0.5 0.0 0.0 0.0 0.1 0.1 0.0 0.0 0.0 0.0 0.0 07/05/1972
5.8 8.8 8.9 8.8 8.9 8.9 1.3 1.3 1.3 1.3 1.2 1.2 5.9 5.9 9.0 9.0 9.0 9.0 1.3 1.3 1.3 1.2 1.2 3.2 5.9 5.9 5.9 5.9 08/05/1972
4.9 3.6 3.6 3.6 3.6 3.6 3.1 3.1 3.2 3.2 2.3 2.3 4.9 4.9 3.6 3.6 3.6 3.6 3.0 3.1 3.1 2.3 2.2 4.0 4.9 4.9 4.9 5.0 09/05/1972
1.3 3.8 3.9 3.8 3.8 3.9 10.1 10.2 10.3 10.4 12.9 12.9 1.3 1.3 3.9 3.9 3.9 3.9 10.0 10.1 10.2 12.6 12.5 0.5 1.3 1.3 1.3 1.3 10/05/1972
6.9 5.6 5.6 5.6 5.6 5.6 9.2 9.3 9.4 9.5 10.1 10.1 7.0 7.0 5.7 5.7 5.7 5.7 9.0 9.2 9.2 9.9 9.8 6.7 6.9 6.9 7.0 7.0 11/05/1972
6.2 2.8 2.8 2.8 2.8 2.8 2.8 2.8 2.9 2.9 4.4 4.4 6.3 6.3 2.8 2.8 2.8 2.8 2.7 2.8 2.8 4.3 4.2 4.6 6.3 6.3 6.3 6.4 12/05/1972
2.2 0.5 0.5 0.5 0.5 0.5 0.0 0.0 0.0 0.0 0.0 0.0 2.3 2.3 0.5 0.5 0.5 0.5 0.0 0.0 0.0 0.0 0.0 0.5 2.3 2.3 2.3 2.3 13/05/1972
4.8 1.3 1.3 1.3 1.3 1.3 0.1 0.1 0.1 0.1 0.0 0.0 4.8 4.8 1.3 1.3 1.3 1.3 0.1 0.1 0.1 0.0 0.0 3.4 4.8 4.8 4.9 4.9 14/05/1972
5.9 0.1 0.1 0.1 0.1 0.1 1.1 1.1 1.1 1.2 1.5 1.5 6.0 6.0 0.1 0.1 0.1 0.1 1.1 1.1 1.1 1.5 1.4 7.5 5.9 5.9 6.0 6.0 15/05/1972
1.1 1.0 1.0 1.0 1.0 1.0 6.5 6.5 6.6 6.7 5.8 5.8 1.1 1.1 1.0 1.0 1.0 1.0 6.4 6.5 6.5 5.7 5.7 0.9 1.1 1.1 1.1 1.1 16/05/1972
2.0 1.5 1.5 1.5 1.5 1.6 4.7 4.8 4.8 4.9 3.5 3.5 2.0 2.0 1.7 1.7 1.7 1.7 4.7 4.7 4.8 3.4 3.4 7.3 2.0 2.0 2.0 2.0 17/05/1972
0.0 0.7 0.7 0.7 0.7 0.7 1.4 1.4 1.5 1.5 0.0 0.0 0.0 0.0 0.7 0.7 0.7 0.7 1.4 1.4 1.4 0.0 0.0 0.0 0.0 0.0 0.0 0.0 18/05/1972
0.0 0.0 0.0 0.0 0.0 0.0 0.0 0.0 0.0 0.0 0.0 0.0 0.0 0.0 0.0 0.0 0.0 0.0 0.0 0.0 0.0 0.0 0.0 0.1 0.0 0.0 0.0 0.0 19/05/1972
0.8 0.2 0.2 0.2 0.2 0.2 1.3 1.3 1.4 1.4 2.9 2.9 0.8 0.8 0.2 0.2 0.2 0.2 1.3 1.3 1.3 2.9 2.9 0.6 0.8 0.8 0.8 0.8 20/05/1972
0.0 0.0 0.0 0.0 0.0 0.0 0.1 0.1 0.1 0.1 0.0 0.0 0.0 0.0 0.0 0.0 0.0 0.0 0.1 0.1 0.1 0.0 0.0 0.0 0.0 0.0 0.0 0.0 21/05/1972
1.7 1.1 1.1 1.1 1.1 1.1 0.0 0.0 0.0 0.0 0.0 0.0 1.7 1.7 1.1 1.1 1.1 1.1 0.0 0.0 0.0 0.0 0.0 1.2 1.7 1.7 1.7 1.7 22/05/1972
3.4 1.7 1.7 1.7 1.7 1.7 3.8 3.9 3.9 4.0 1.9 1.9 3.4 3.4 1.7 1.7 1.7 1.7 3.8 3.8 3.9 1.8 1.8 2.7 3.4 3.4 3.4 3.4 23/05/1972
1.7 1.0 1.0 1.0 1.0 1.0 3.3 3.4 3.4 3.4 6.0 6.1 1.7 1.7 1.0 1.0 1.0 1.0 3.3 3.3 3.4 5.9 5.9 1.2 1.7 1.7 1.7 1.7 24/05/1972
4.7 2.4 2.4 2.4 2.4 2.4 8.4 8.5 8.6 8.7 14.6 14.7 4.8 4.8 2.4 2.4 2.4 2.4 8.3 8.4 8.5 14.3 14.2 3.8 4.7 4.7 4.8 4.8 25/05/1972
4.9 3.9 4.0 3.9 3.9 4.0 0.9 0.9 0.9 0.9 1.8 1.8 5.0 5.0 4.0 4.0 4.0 4.0 0.9 0.9 0.9 1.8 1.8 2.1 4.9 4.9 5.0 5.0 26/05/1972
1.7 3.2 3.2 3.2 3.2 3.2 6.6 6.7 6.8 6.8 9.4 9.5 1.7 1.7 3.2 3.2 3.2 3.2 6.5 6.6 6.7 9.2 9.2 0.2 1.7 1.7 1.7 1.7 27/05/1972
2.0 1.3 1.3 1.3 1.3 1.3 0.9 0.9 0.9 0.9 2.6 2.7 2.0 2.0 1.3 1.3 1.3 1.3 0.9 0.9 0.9 2.6 2.6 2.1 2.0 2.0 2.0 2.0 28/05/1972
1.1 0.3 0.3 0.3 0.3 0.3 0.0 0.0 0.0 0.0 0.0 0.0 1.1 1.1 0.3 0.3 0.3 0.3 0.0 0.0 0.0 0.0 0.0 0.3 1.1 1.1 1.1 1.1 29/05/1972
0.5 1.3 1.3 1.3 1.3 1.3 0.9 0.9 0.9 0.9 0.6 0.6 0.5 0.5 1.3 1.3 1.3 1.3 0.9 0.9 0.9 0.6 0.6 0.1 0.5 0.5 0.5 0.5 30/05/1972
1.4 0.5 0.5 0.5 0.5 0.5 1.1 1.1 1.1 1.1 0.8 0.8 1.4 1.4 0.5 0.5 0.5 0.5 1.0 1.1 1.1 0.8 0.8 0.0 1.4 1.4 1.4 1.4 31/05/1972
0.1 0.7 0.7 0.7 0.7 0.7 0.9 0.9 0.9 0.9 0.8 0.8 0.1 0.1 0.7 0.7 0.7 0.7 0.8 0.9 0.9 0.8 0.8 0.0 0.1 0.1 0.1 0.1 01/06/1972
0.0 0.0 0.0 0.0 0.0 0.0 0.0 0.0 0.0 0.0 0.0 0.0 0.0 0.0 0.0 0.0 0.0 0.0 0.0 0.0 0.0 0.0 0.0 0.0 0.0 0.0 0.0 0.0 02/06/1972
0.8 0.1 0.1 0.1 0.1 0.1 0.0 0.0 0.0 0.0 0.0 0.0 0.8 0.8 0.1 0.1 0.1 0.1 0.0 0.0 0.0 0.0 0.0 0.8 0.8 0.8 0.8 0.8 03/06/1972
6.8 5.6 5.6 5.6 5.6 5.6 1.1 1.1 1.1 1.1 0.6 0.6 6.9 6.9 5.7 5.7 5.6 5.7 1.1 1.1 1.1 0.6 0.6 6.0 6.9 6.9 6.9 7.0 04/06/1972
1.4 2.5 2.6 2.5 2.5 2.6 15.7 15.9 16.1 16.3 23.4 23.5 1.4 1.4 2.6 2.6 2.6 2.6 15.5 15.8 15.9 22.9 22.8 0.0 1.4 1.4 1.4 1.4 05/06/1972
2.2 2.9 2.9 2.9 2.9 2.9 0.6 0.6 0.7 0.7 0.5 0.5 2.3 2.3 3.0 3.0 3.0 3.0 0.6 0.6 0.6 0.5 0.5 0.2 2.3 2.3 2.3 2.3 06/06/1972
3.9 3.0 3.0 3.0 3.0 3.0 2.3 2.3 2.3 2.3 2.3 2.3 4.0 4.0 3.0 3.0 3.0 3.0 2.2 2.3 2.3 2.2 2.2 1.7 4.0 4.0 4.0 4.0 07/06/1972
0.4 1.3 1.3 1.3 1.3 1.3 2.4 2.4 2.4 2.4 0.5 0.5 0.4 0.4 1.3 1.3 1.3 1.3 2.3 2.4 2.4 0.5 0.5 0.0 0.4 0.4 0.4 0.4 08/06/1972
8.6 5.4 5.5 5.4 5.4 5.5 1.8 1.9 1.9 1.9 2.1 2.1 8.7 8.7 5.5 5.5 5.5 5.5 1.8 1.9 1.9 2.1 2.1 3.2 8.6 8.6 8.7 8.7 09/06/1972
0.5 0.7 0.7 0.7 0.7 0.7 1.5 1.5 1.6 1.6 0.3 0.3 0.5 0.5 0.7 0.7 0.7 0.7 1.5 1.5 1.5 0.2 0.2 0.1 0.5 0.5 0.5 0.5 10/06/1972
2.9 3.8 3.9 3.8 3.8 3.9 0.0 0.0 0.0 0.0 0.0 0.0 2.9 2.9 3.9 3.9 3.9 3.9 0.0 0.0 0.0 0.0 0.0 0.1 2.9 2.9 3.0 3.0 11/06/1972
0.5 0.0 0.0 0.0 0.0 0.0 0.7 0.7 0.7 0.7 0.1 0.1 0.5 0.5 0.0 0.0 0.0 0.0 0.7 0.7 0.7 0.1 0.1 0.1 0.5 0.5 0.5 0.5 12/06/1972
0.7 1.6 1.7 1.6 1.7 1.7 0.6 0.6 0.6 0.6 0.4 0.4 0.7 0.7 1.7 1.7 1.7 1.7 0.6 0.6 0.6 0.4 0.4 1.6 0.7 0.7 0.7 0.7 13/06/1972
0.0 0.0 0.0 0.0 0.0 0.0 1.6 1.6 1.6 1.6 0.7 0.7 0.0 0.0 0.0 0.0 0.0 0.0 1.5 1.6 1.6 0.6 0.6 0.0 0.0 0.0 0.0 0.0 14/06/1972
0.9 2.2 2.2 2.2 2.2 2.2 0.1 0.1 0.1 0.1 0.1 0.1 0.9 0.9 2.2 2.2 2.2 2.2 0.1 0.1 0.1 0.1 0.1 0.0 0.9 0.9 0.9 0.9 15/06/1972
0.0 0.0 0.0 0.0 0.0 0.0 2.4 2.5 2.5 2.5 1.5 1.5 0.0 0.0 0.0 0.0 0.0 0.0 2.4 2.4 2.5 1.5 1.5 0.0 0.0 0.0 0.0 0.0 16/06/1972
0.0 0.1 0.1 0.1 0.1 0.1 0.0 0.0 0.0 0.0 0.0 0.0 0.0 0.0 0.1 0.1 0.1 0.1 0.0 0.0 0.0 0.0 0.0 0.0 0.0 0.0 0.0 0.0 17/06/1972
6.7 4.0 4.1 4.0 4.1 4.1 2.1 2.2 2.2 2.2 3.6 3.6 6.8 6.8 4.1 4.1 4.1 4.1 2.1 2.1 2.2 3.5 3.5 5.4 6.8 6.8 6.8 6.9 18/06/1972
0.0 0.0 0.0 0.0 0.0 0.0 0.1 0.1 0.1 0.1 0.1 0.1 0.0 0.0 0.0 0.0 0.0 0.0 0.1 0.1 0.1 0.1 0.1 0.0 0.0 0.0 0.0 0.0 19/06/1972
0.0 0.0 0.0 0.0 0.0 0.0 0.0 0.0 0.0 0.0 0.0 0.0 0.0 0.0 0.0 0.0 0.0 0.0 0.0 0.0 0.0 0.0 0.0 0.0 0.0 0.0 0.0 0.0 20/06/1972
0.1 0.0 0.0 0.0 0.0 0.0 0.0 0.0 0.0 0.0 0.0 0.0 0.1 0.1 0.0 0.0 0.0 0.0 0.0 0.0 0.0 0.0 0.0 0.0 0.1 0.1 0.1 0.1 21/06/1972
2.7 2.6 2.7 2.6 2.6 2.7 2.9 3.0 3.0 3.0 2.3 2.3 2.8 2.8 2.7 2.7 2.7 2.7 2.9 2.9 2.9 2.2 2.2 1.2 2.7 2.7 2.8 2.8 22/06/1972
0.6 1.0 1.0 1.0 1.0 1.0 0.0 0.0 0.0 0.0 0.0 0.0 0.6 0.6 1.0 1.0 1.0 1.0 0.0 0.0 0.0 0.0 0.0 0.2 0.6 0.6 0.6 0.6 23/06/1972
0.2 0.3 0.3 0.3 0.3 0.3 0.0 0.0 0.0 0.0 0.0 0.0 0.2 0.2 0.3 0.3 0.3 0.3 0.0 0.0 0.0 0.0 0.0 0.0 0.2 0.2 0.2 0.2 24/06/1972
0.0 0.0 0.0 0.0 0.0 0.0 0.0 0.0 0.0 0.0 0.0 0.0 0.0 0.0 0.0 0.0 0.0 0.0 0.0 0.0 0.0 0.0 0.0 0.3 0.0 0.0 0.0 0.0 25/06/1972
0.1 0.2 0.2 0.2 0.2 0.2 0.5 0.6 0.6 0.6 0.6 0.6 0.1 0.1 0.2 0.2 0.2 0.2 0.5 0.5 0.6 0.6 0.6 0.0 0.1 0.1 0.1 0.2 26/06/1972
2.2 0.6 0.6 0.6 0.6 0.6 0.8 0.8 0.8 0.8 0.8 0.8 2.2 2.2 0.6 0.6 0.6 0.6 0.8 0.8 0.8 0.8 0.8 5.2 2.2 2.2 2.2 2.2 27/06/1972
0.0 0.1 0.1 0.1 0.1 0.1 0.0 0.0 0.0 0.0 0.0 0.0 0.0 0.0 0.1 0.1 0.1 0.1 0.0 0.0 0.0 0.0 0.0 0.0 0.0 0.0 0.0 0.0 28/06/1972
5.0 12.6 12.7 12.6 12.6 12.7 0.6 0.6 0.6 0.6 0.2 0.2 5.1 5.1 12.8 12.8 12.8 12.8 0.6 0.6 0.6 0.2 0.2 0.1 5.0 5.0 5.1 5.1 29/06/1972
1.7 1.6 1.6 1.6 1.6 1.6 5.5 5.6 5.6 5.7 4.8 4.8 1.8 1.8 1.6 1.6 1.6 1.6 5.4 5.5 5.6 4.7 4.7 1.3 1.7 1.7 1.8 1.8 30/06/1972
0.9 1.4 1.4 1.4 1.4 1.4 5.1 5.1 5.2 5.2 5.8 5.8 0.9 0.9 1.4 1.4 1.4 1.4 5.0 5.1 5.1 5.6 5.6 0.0 0.9 0.9 0.9 0.9 01/07/1972
21.6 14.6 14.7 14.6 14.6 14.7 12.9 13.1 13.3 13.4 12.3 12.3 21.8 21.8 14.8 14.8 14.8 14.8 12.8 13.0 13.1 12.0 11.9 17.2 21.7 21.7 21.9 22.0 02/07/1972
0.0 0.2 0.2 0.2 0.2 0.2 1.4 1.4 1.4 1.5 1.4 1.4 0.0 0.0 0.2 0.2 0.2 0.2 1.4 1.4 1.4 1.4 1.4 0.2 0.0 0.0 0.0 0.0 03/07/1972
1.3 0.4 0.4 0.4 0.4 0.4 0.2 0.2 0.2 0.2 0.0 0.0 1.3 1.3 0.4 0.4 0.4 0.4 0.2 0.2 0.2 0.0 0.0 0.0 1.3 1.3 1.4 1.4 04/07/1972
0.7 0.1 0.1 0.1 0.1 0.1 0.2 0.2 0.2 0.2 11.9 12.0 0.7 0.7 0.1 0.1 0.1 0.1 0.2 0.2 0.2 11.7 11.6 0.2 0.7 0.7 0.7 0.7 05/07/1972
0.0 0.0 0.0 0.0 0.0 0.0 0.0 0.0 0.0 0.0 0.0 0.0 0.0 0.0 0.0 0.0 0.0 0.0 0.0 0.0 0.0 0.0 0.0 0.0 0.0 0.0 0.0 0.0 06/07/1972
0.0 0.0 0.0 0.0 0.0 0.0 0.0 0.0 0.0 0.0 0.0 0.0 0.0 0.0 0.0 0.0 0.0 0.0 0.0 0.0 0.0 0.0 0.0 0.0 0.0 0.0 0.0 0.0 07/07/1972
0.5 0.2 0.2 0.2 0.2 0.2 0.0 0.0 0.0 0.0 0.0 0.0 0.5 0.5 0.2 0.2 0.2 0.2 0.0 0.0 0.0 0.0 0.0 0.2 0.5 0.5 0.5 0.5 08/07/1972
1.8 2.9 2.9 2.9 2.9 2.9 7.2 7.3 7.3 7.4 9.3 9.3 1.9 1.9 2.9 2.9 2.9 2.9 7.1 7.2 7.2 9.1 9.0 1.9 1.9 1.9 1.9 1.9 09/07/1972
0.0 0.2 0.2 0.2 0.2 0.2 0.0 0.0 0.0 0.0 0.0 0.0 0.0 0.0 0.2 0.2 0.2 0.2 0.0 0.0 0.0 0.0 0.0 0.0 0.0 0.0 0.0 0.0 10/07/1972
0.0 0.0 0.0 0.0 0.0 0.0 0.1 0.1 0.1 0.1 0.0 0.0 0.0 0.0 0.0 0.0 0.0 0.0 0.1 0.1 0.1 0.0 0.0 0.0 0.0 0.0 0.0 0.0 11/07/1972
0.0 0.0 0.0 0.0 0.0 0.0 0.0 0.0 0.0 0.0 0.0 0.0 0.0 0.0 0.0 0.0 0.0 0.0 0.0 0.0 0.0 0.0 0.0 0.0 0.0 0.0 0.0 0.0 12/07/1972
0.0 0.0 0.0 0.0 0.0 0.0 0.0 0.0 0.0 0.0 0.0 0.0 0.0 0.0 0.0 0.0 0.0 0.0 0.0 0.0 0.0 0.0 0.0 0.0 0.0 0.0 0.0 0.0 13/07/1972
0.0 0.0 0.0 0.0 0.0 0.0 0.0 0.0 0.0 0.0 0.0 0.0 0.0 0.0 0.0 0.0 0.0 0.0 0.0 0.0 0.0 0.0 0.0 0.0 0.0 0.0 0.0 0.0 14/07/1972
0.0 0.0 0.0 0.0 0.0 0.0 0.0 0.0 0.0 0.0 0.0 0.0 0.0 0.0 0.0 0.0 0.0 0.0 0.0 0.0 0.0 0.0 0.0 0.0 0.0 0.0 0.0 0.0 15/07/1972
0.0 0.2 0.2 0.2 0.2 0.2 0.1 0.1 0.1 0.1 1.2 1.2 0.0 0.0 0.2 0.2 0.2 0.2 0.1 0.1 0.1 1.1 1.1 0.0 0.0 0.0 0.0 0.0 16/07/1972
10.0 6.7 6.8 6.7 6.7 6.8 1.4 1.4 1.4 1.4 1.4 1.4 10.2 10.2 6.8 6.8 6.8 6.8 1.3 1.4 1.4 1.4 1.3 7.1 10.1 10.1 10.2 10.2 17/07/1972
7.9 5.3 5.3 5.3 5.3 5.3 2.8 2.8 2.8 2.8 2.3 2.3 8.0 8.0 5.3 5.3 5.3 5.3 2.7 2.8 2.8 2.2 2.2 4.9 8.0 8.0 8.1 8.1 18/07/1972
9.8 5.6 5.6 5.6 5.6 5.6 3.6 3.7 3.7 3.8 1.2 1.2 9.9 9.9 5.7 5.7 5.7 5.7 3.6 3.6 3.7 1.2 1.1 3.6 9.8 9.8 9.9 10.0 19/07/1972
0.3 0.2 0.2 0.2 0.2 0.2 1.2 1.2 1.2 1.2 4.0 4.0 0.3 0.3 0.2 0.2 0.2 0.2 1.2 1.2 1.2 3.9 3.8 0.2 0.3 0.3 0.3 0.3 20/07/1972
0.4 0.0 0.0 0.0 0.0 0.0 13.3 13.5 13.7 13.8 14.0 14.0 0.4 0.4 0.0 0.0 0.0 0.0 13.1 13.4 13.4 13.7 13.6 0.3 0.4 0.4 0.4 0.4 21/07/1972
0.1 0.0 0.0 0.0 0.0 0.0 5.7 5.8 5.9 5.9 6.1 6.1 0.1 0.1 0.0 0.0 0.0 0.0 5.7 5.7 5.8 6.0 6.0 0.0 0.1 0.1 0.1 0.1 22/07/1972
1.0 2.2 2.3 2.3 2.3 2.3 18.3 18.5 18.8 19.0 17.1 17.1 1.0 1.0 2.3 2.3 2.3 2.3 18.1 18.4 18.5 16.7 16.6 0.2 1.0 1.0 1.0 1.0 23/07/1972
0.1 0.0 0.0 0.0 0.0 0.0 8.3 8.4 8.5 8.6 13.6 13.6 0.1 0.1 0.0 0.0 0.0 0.0 8.2 8.3 8.4 13.3 13.2 0.0 0.1 0.1 0.1 0.1 24/07/1972
0.0 0.0 0.0 0.0 0.0 0.0 0.0 0.0 0.0 0.0 0.0 0.0 0.0 0.0 0.0 0.0 0.0 0.0 0.0 0.0 0.0 0.0 0.0 0.0 0.0 0.0 0.0 0.0 25/07/1972
0.0 0.0 0.0 0.0 0.0 0.0 0.0 0.0 0.0 0.0 0.0 0.0 0.0 0.0 0.0 0.0 0.0 0.0 0.0 0.0 0.0 0.0 0.0 0.0 0.0 0.0 0.0 0.0 26/07/1972
0.0 0.0 0.0 0.0 0.0 0.0 1.4 1.4 1.4 1.4 1.5 1.5 0.0 0.0 0.0 0.0 0.0 0.0 1.4 1.4 1.4 1.4 1.4 0.0 0.0 0.0 0.0 0.0 27/07/1972
0.0 0.0 0.0 0.0 0.0 0.0 4.6 4.6 4.7 4.7 3.7 3.7 0.0 0.0 0.0 0.0 0.0 0.0 4.5 4.6 4.6 3.6 3.6 0.0 0.0 0.0 0.0 0.0 28/07/1972
0.0 0.0 0.0 0.0 0.0 0.0 1.6 1.6 1.6 1.6 3.3 3.3 0.0 0.0 0.0 0.0 0.0 0.0 1.6 1.6 1.6 3.2 3.2 0.0 0.0 0.0 0.0 0.0 29/07/1972
3.6 0.4 0.4 0.4 0.4 0.4 1.9 2.0 2.0 2.0 1.1 1.1 3.6 3.6 0.4 0.4 0.4 0.4 1.9 1.9 1.9 1.1 1.1 6.8 3.6 3.6 3.6 3.7 30/07/1972
13.8 6.9 7.0 6.9 6.9 7.0 5.5 5.6 5.6 5.7 7.3 7.3 14.0 14.0 7.1 7.0 7.0 7.0 5.4 5.5 5.6 7.1 7.1 13.8 13.9 13.9 14.0 14.1 31/07/1972
