# 460 461 462 463 464 465 489 490 491 492 493 494 518 519 520 521 522 523 547 548 549 550 551 575 576 577 578 579 Date
9.5 3.8 3.8 3.8 3.8 3.8 0.1 0.1 0.1 0.1 0.1 0.1 9.6 9.6 3.9 3.9 3.9 3.9 0.1 0.1 0.1 0.1 0.1 10.7 9.5 9.5 9.6 9.7 01/08/2012
5.2 2.2 2.2 2.2 2.2 2.2 0.3 0.3 0.3 0.3 0.1 0.1 5.2 5.2 2.2 2.2 2.2 2.2 0.3 0.3 0.3 0.1 0.1 4.6 5.2 5.2 5.2 5.3 02/08/2012
8.9 10.2 10.3 10.2 10.2 10.3 4.3 4.3 4.4 4.4 3.0 3.1 9.0 9.0 10.4 10.4 10.4 10.4 4.2 4.3 4.3 3.0 3.0 7.3 8.9 8.9 9.0 9.0 03/08/2012
1.9 3.6 3.6 3.6 3.6 3.6 0.0 0.0 0.0 0.0 0.0 0.0 1.9 1.9 3.6 3.6 3.6 3.6 0.0 0.0 0.0 0.0 0.0 3.1 1.9 1.9 1.9 1.9 04/08/2012
9.1 9.7 9.8 9.7 9.7 9.8 1.3 1.3 1.3 1.3 4.3 4.3 9.2 9.2 9.9 9.9 9.8 9.9 1.2 1.3 1.3 4.2 4.2 8.8 9.2 9.2 9.3 9.3 05/08/2012
1.3 5.1 5.1 5.1 5.1 5.1 1.1 1.1 1.1 1.1 1.6 1.6 1.3 1.3 5.2 5.1 5.1 5.1 1.1 1.1 1.1 1.6 1.6 0.7 1.3 1.3 1.3 1.3 06/08/2012
0.0 0.0 0.0 0.0 0.0 0.0 0.0 0.0 0.0 0.0 0.0 0.0 0.0 0.0 0.0 0.0 0.0 0.0 0.0 0.0 0.0 0.0 0.0 0.0 0.0 0.0 0.0 0.0 07/08/2012
0.0 0.0 0.0 0.0 0.0 0.0 0.0 0.0 0.0 0.0 0.0 0.0 0.0 0.0 0.0 0.0 0.0 0.0 0.0 0.0 0.0 0.0 0.0 0.0 0.0 0.0 0.0 0.0 08/08/2012
0.0 0.1 0.1 0.1 0.1 0.1 0.0 0.0 0.0 0.0 0.0 0.0 0.0 0.0 0.1 0.1 0.1 0.1 0.0 0.0 0.0 0.0 0.0 0.0 0.0 0.0 0.0 0.0 09/08/2012
0.0 0.0 0.0 0.0 0.0 0.0 0.0 0.0 0.0 0.0 0.0 0.0 0.0 0.0 0.0 0.0 0.0 0.0 0.0 0.0 0.0 0.0 0.0 0.0 0.0 0.0 0.0 0.0 10/08/2012
0.0 0.0 0.0 0.0 0.0 0.0 0.0 0.0 0.0 0.0 0.0 0.0 0.0 0.0 0.0 0.0 0.0 0.0 0.0 0.0 0.0 0.0 0.0 0.0 0.0 0.0 0.0 0.0 11/08/2012
0.0 0.0 0.0 0.0 0.0 0.0 3.0 3.1 3.1 3.1 0.1 0.1 0.0 0.0 0.0 0.0 0.0 0.0 3.0 3.0 3.1 0.1 0.1 0.0 0.0 0.0 0.0 0.0 12/08/2012
0.2 0.1 0.1 0.1 0.1 0.1 0.0 0.0 0.0 0.0 0.3 0.3 0.2 0.2 0.1 0.1 0.1 0.1 0.0 0.0 0.0 0.3 0.3 0.0 0.2 0.2 0.2 0.2 13/08/2012
0.0 0.0 0.0 0.0 0.0 0.0 0.1 0.1 0.1 0.1 0.0 0.0 0.0 0.0 0.0 0.0 0.0 0.0 0.1 0.1 0.1 0.0 0.0 0.1 0.0 0.0 0.0 0.0 14/08/2012
0.8 0.8 0.8 0.8 0.8 0.8 0.0 0.0 0.0 0.0 0.2 0.2 0.8 0.8 0.8 0.8 0.8 0.8 0.0 0.0 0.0 0.2 0.2 1.3 0.8 0.8 0.8 0.8 15/08/2012
0.0 0.0 0.0 0.0 0.0 0.0 0.0 0.0 0.0 0.0 0.0 0.0 0.0 0.0 0.0 0.0 0.0 0.0 0.0 0.0 0.0 0.0 0.0 0.0 0.0 0.0 0.0 0.0 16/08/2012
0.0 0.0 0.0 0.0 0.0 0.0 0.0 0.0 0.0 0.0 0.0 0.0 0.0 0.0 0.0 0.0 0.0 0.0 0.0 0.0 0.0 0.0 0.0 0.0 0.0 0.0 0.0 0.0 17/08/2012
0.0 0.0 0.0 0.0 0.0 0.0 0.0 0.0 0.0 0.0 0.0 0.0 0.0 0.0 0.0 0.0 0.0 0.0 0.0 0.0 0.0 0.0 0.0 0.2 0.0 0.0 0.0 0.0 18/08/2012
0.2 0.0 0.0 0.0 0.0 0.0 0.0 0.0 0.0 0.0 0.0 0.0 0.2 0.2 0.0 0.0 0.0 0.0 0.0 0.0 0.0 0.0 0.0 0.3 0.2 0.2 0.2 0.2 19/08/2012
0.0 0.0 0.0 0.0 0.0 0.0 2.4 2.5 2.5 2.5 1.8 1.8 0.0 0.0 0.0 0.0 0.0 0.0 2.4 2.4 2.5 1.7 1.7 0.0 0.0 0.0 0.0 0.0 20/08/2012
0.1 0.1 0.1 0.1 0.1 0.1 0.9 0.9 0.9 0.9 0.0 0.0 0.1 0.1 0.1 0.1 0.1 0.1 0.9 0.9 0.9 0.0 0.0 0.0 0.1 0.1 0.1 0.1 21/08/2012
0.1 0.1 0.1 0.1 0.1 0.1 0.0 0.0 0.0 0.0 0.0 0.0 0.1 0.1 0.1 0.1 0.1 0.1 0.0 0.0 0.0 0.0 0.0 0.0 0.1 0.1 0.1 0.1 22/08/2012
0.0 0.2 0.2 0.2 0.2 0.2 4.5 4.5 4.5 4.6 0.6 0.6 0.0 0.0 0.2 0.2 0.2 0.2 4.4 4.5 4.5 0.6 0.6 0.0 0.0 0.0 0.0 0.0 23/08/2012
7.2 4.6 4.6 4.6 4.6 4.6 1.5 1.5 1.5 1.6 4.2 4.2 7.3 7.3 4.7 4.7 4.7 4.7 1.5 1.5 1.5 4.1 4.1 7.5 7.2 7.2 7.3 7.3 24/08/2012
9.9 9.0 9.1 9.0 9.0 9.1 1.9 2.0 2.0 2.0 1.7 1.7 10.0 10.0 9.2 9.2 9.1 9.2 1.9 1.9 2.0 1.7 1.7 4.5 10.0 10.0 10.1 10.1 25/08/2012
0.0 0.1 0.1 0.1 0.1 0.1 0.0 0.0 0.0 0.0 0.1 0.1 0.0 0.0 0.1 0.1 0.1 0.1 0.0 0.0 0.0 0.1 0.1 0.1 0.0 0.0 0.0 0.0 26/08/2012
2.2 0.3 0.3 0.3 0.3 0.3 0.0 0.0 0.0 0.0 0.0 0.0 2.2 2.2 0.3 0.3 0.3 0.3 0.0 0.0 0.0 0.0 0.0 2.1 2.2 2.2 2.2 2.2 27/08/2012
0.0 0.2 0.2 0.2 0.2 0.2 0.1 0.1 0.1 0.1 0.6 0.6 0.0 0.0 0.2 0.2 0.2 0.2 0.1 0.1 0.1 0.6 0.6 0.0 0.0 0.0 0.0 0.0 28/08/2012
3.7 1.1 1.1 1.1 1.1 1.1 0.0 0.0 0.0 0.0 0.0 0.0 3.7 3.7 1.1 1.1 1.1 1.1 0.0 0.0 0.0 0.0 0.0 4.7 3.7 3.7 3.7 3.7 29/08/2012
4.7 2.4 2.4 2.4 2.4 2.4 0.9 0.9 0.9 0.9 1.8 1.8 4.8 4.8 2.4 2.4 2.4 2.4 0.8 0.9 0.9 1.8 1.8 5.1 4.7 4.7 4.8 4.8 30/08/2012
0.1 0.1 0.1 0.1 0.1 0.1 0.4 0.4 0.4 0.4 1.0 1.0 0.1 0.1 0.1 0.1 0.1 0.1 0.4 0.4 0.4 0.9 0.9 0.0 0.1 0.1 0.1 0.1 31/08/2012
0.0 0.0 0.0 0.0 0.0 0.0 0.0 0.0 0.0 0.0 0.1 0.1 0.0 0.0 0.0 0.0 0.0 0.0 0.0 0.0 0.0 0.1 0.1 0.1 0.0 0.0 0.0 0.0 01/09/2012
1.4 0.5 0.5 0.5 0.5 0.5 0.0 0.0 0.0 0.0 0.0 0.0 1.4 1.4 0.5 0.5 0.5 0.5 0.0 0.0 0.0 0.0 0.0 3.3 1.4 1.4 1.4 1.4 02/09/2012
0.2 0.2 0.2 0.2 0.2 0.2 0.1 0.1 0.1 0.1 0.0 0.0 0.2 0.2 0.2 0.2 0.2 0.2 0.1 0.1 0.1 0.0 0.0 0.3 0.2 0.2 0.2 0.2 03/09/2012
0.0 0.0 0.0 0.0 0.0 0.0 0.0 0.0 0.0 0.0 0.0 0.0 0.0 0.0 0.0 0.0 0.0 0.0 0.0 0.0 0.0 0.0 0.0 0.0 0.0 0.0 0.0 0.0 04/09/2012
0.0 0.0 0.0 0.0 0.0 0.0 0.0 0.0 0.0 0.0 0.0 0.0 0.0 0.0 0.0 0.0 0.0 0.0 0.0 0.0 0.0 0.0 0.0 0.0 0.0 0.0 0.0 0.0 05/09/2012
0.0 0.1 0.1 0.1 0.1 0.1 0.0 0.0 0.0 0.0 0.0 0.0 0.0 0.0 0.1 0.1 0.1 0.1 0.0 0.0 0.0 0.0 0.0 0.2 0.0 0.0 0.0 0.0 06/09/2012
0.1 0.1 0.1 0.1 0.1 0.1 0.0 0.0 0.0 0.0 0.1 0.1 0.1 0.1 0.1 0.1 0.1 0.1 0.0 0.0 0.0 0.1 0.1 0.2 0.1 0.1 0.1 0.1 07/09/2012
0.0 0.0 0.0 0.0 0.0 0.0 0.0 0.0 0.0 0.0 0.0 0.0 0.0 0.0 0.0 0.0 0.0 0.0 0.0 0.0 0.0 0.0 0.0 0.0 0.0 0.0 0.0 0.0 08/09/2012
0.0 0.0 0.0 0.0 0.0 0.0 0.0 0.0 0.0 0.0 0.0 0.0 0.0 0.0 0.0 0.0 0.0 0.0 0.0 0.0 0.0 0.0 0.0 0.0 0.0 0.0 0.0 0.0 09/09/2012
3.2 1.3 1.3 1.3 1.3 1.3 2.9 2.9 3.0 3.0 1.7 1.7 3.3 3.3 1.3 1.3 1.3 1.3 2.8 2.9 2.9 1.7 1.6 4.4 3.2 3.2 3.3 3.3 10/09/2012
4.0 3.3 3.3 3.3 3.3 3.3 5.8 5.9 5.9 6.0 6.0 6.1 4.1 4.1 3.3 3.3 3.3 3.3 5.7 5.8 5.9 5.9 5.9 3.0 4.0 4.0 4.1 4.1 11/09/2012
10.3 9.4 9.4 9.4 9.4 9.5 7.2 7.3 7.4 7.5 6.2 6.3 10.5 10.5 9.5 9.5 9.5 9.5 7.1 7.2 7.3 6.1 6.1 5.4 10.4 10.4 10.5 10.5 12/09/2012
0.1 0.1 0.1 0.1 0.1 0.1 0.9 0.9 0.9 0.9 0.3 0.3 0.1 0.1 0.1 0.1 0.1 0.1 0.8 0.9 0.9 0.3 0.3 0.2 0.1 0.1 0.1 0.1 13/09/2012
0.6 0.3 0.3 0.3 0.3 0.3 0.9 0.9 0.9 0.9 1.7 1.7 0.6 0.6 0.3 0.3 0.3 0.3 0.8 0.9 0.9 1.6 1.6 0.5 0.6 0.6 0.6 0.6 14/09/2012
0.1 0.1 0.1 0.1 0.1 0.1 0.0 0.0 0.0 0.0 0.1 0.1 0.1 0.1 0.1 0.1 0.1 0.1 0.0 0.0 0.0 0.1 0.1 0.3 0.1 0.1 0.1 0.1 15/09/2012
0.0 0.1 0.1 0.1 0.1 0.1 0.0 0.0 0.0 0.0 0.1 0.1 0.0 0.0 0.1 0.1 0.1 0.1 0.0 0.0 0.0 0.1 0.1 0.0 0.0 0.0 0.0 0.0 16/09/2012
1.6 1.2 1.2 1.2 1.2 1.2 0.0 0.0 0.0 0.0 0.1 0.1 1.6 1.6 1.2 1.2 1.2 1.2 0.0 0.0 0.0 0.1 0.1 1.4 1.6 1.6 1.6 1.6 17/09/2012
0.9 0.3 0.4 0.3 0.3 0.4 0.1 0.2 0.2 0.2 0.1 0.1 0.9 0.9 0.4 0.4 0.4 0.4 0.1 0.1 0.2 0.1 0.1 0.4 0.9 0.9 0.9 0.9 18/09/2012
0.0 0.0 0.0 0.0 0.0 0.0 0.0 0.0 0.0 0.0 0.0 0.0 0.0 0.0 0.0 0.0 0.0 0.0 0.0 0.0 0.0 0.0 0.0 0.2 0.0 0.0 0.0 0.0 19/09/2012
0.0 0.0 0.0 0.0 0.0 0.0 0.0 0.0 0.0 0.0 0.0 0.0 0.0 0.0 0.0 0.0 0.0 0.0 0.0 0.0 0.0 0.0 0.0 0.0 0.0 0.0 0.0 0.0 20/09/2012
0.0 0.2 0.2 0.2 0.2 0.2 0.1 0.1 0.1 0.1 1.2 1.2 0.0 0.0 0.2 0.2 0.2 0.2 0.1 0.1 0.1 1.2 1.2 0.0 0.0 0.0 0.0 0.0 21/09/2012
0.1 0.1 0.1 0.1 0.1 0.1 0.0 0.0 0.0 0.0 0.4 0.4 0.1 0.1 0.1 0.1 0.1 0.1 0.0 0.0 0.0 0.4 0.4 0.0 0.1 0.1 0.1 0.1 22/09/2012
25.5 13.5 13.6 13.5 13.6 13.6 8.7 8.8 8.9 9.0 6.5 6.5 25.8 25.8 13.8 13.7 13.7 13.8 8.5 8.7 8.7 6.4 6.3 29.0 25.7 25.7 25.9 26.0 23/09/2012
12.6 11.9 12.0 11.9 12.0 12.0 9.6 9.8 9.9 10.0 13.1 13.2 12.8 12.8 12.1 12.1 12.1 12.1 9.5 9.7 9.7 12.9 12.8 8.9 12.7 12.7 12.8 12.8 24/09/2012
1.7 7.7 7.8 7.7 7.7 7.8 7.9 8.0 8.1 8.1 16.7 16.8 1.7 1.7 7.8 7.8 7.8 7.8 7.8 7.9 8.0 16.4 16.2 0.7 1.7 1.7 1.7 1.7 25/09/2012
2.2 4.8 4.8 4.8 4.8 4.8 4.9 4.9 5.0 5.0 8.7 8.7 2.2 2.2 4.9 4.9 4.9 4.9 4.8 4.9 4.9 8.5 8.4 3.3 2.2 2.2 2.2 2.3 26/09/2012
2.5 2.2 2.2 2.2 2.2 2.3 9.2 9.3 9.4 9.5 11.4 11.4 2.5 2.5 2.3 2.3 2.3 2.3 9.1 9.2 9.3 11.1 11.0 2.8 2.5 2.5 2.5 2.5 27/09/2012
1.4 0.9 0.9 0.9 0.9 0.9 0.1 0.1 0.1 0.1 0.8 0.8 1.4 1.4 0.9 0.9 0.9 0.9 0.1 0.1 0.1 0.8 0.8 1.2 1.4 1.4 1.4 1.4 28/09/2012
1.0 0.2 0.2 0.2 0.2 0.2 0.0 0.0 0.0 0.0 0.2 0.2 1.0 1.0 0.2 0.2 0.2 0.2 0.0 0.0 0.0 0.2 0.2 0.6 1.0 1.0 1.0 1.0 29/09/2012
0.0 0.2 0.2 0.2 0.2 0.2 0.1 0.1 0.1 0.1 0.2 0.2 0.0 0.0 0.2 0.2 0.2 0.2 0.1 0.1 0.1 0.2 0.2 0.2 0.0 0.0 0.0 0.0 30/09/2012
1.1 1.3 1.3 1.3 1.3 1.3 0.9 0.9 1.0 1.0 0.1 0.1 1.1 1.1 1.3 1.3 1.3 1.3 0.9 0.9 0.9 0.1 0.1 1.5 1.1 1.1 1.1 1.1 01/10/2012
2.6 2.1 2.1 2.1 2.1 2.1 2.3 2.3 2.3 2.3 2.3 2.3 2.6 2.6 2.1 2.1 2.1 2.1 2.3 2.3 2.3 2.2 2.2 3.0 2.6 2.6 2.6 2.6 02/10/2012
31.2 21.3 21.4 21.3 21.3 21.4 25.4 25.8 26.1 26.4 32.8 32.9 31.6 31.6 21.6 21.6 21.6 21.6 25.1 25.5 25.7 32.1 31.9 29.5 31.4 31.4 31.6 31.8 03/10/2012
3.3 0.9 0.9 0.9 0.9 0.9 7.0 7.1 7.2 7.3 7.6 7.6 3.3 3.3 0.9 0.9 0.9 0.9 6.9 7.1 7.1 7.5 7.4 3.9 3.3 3.3 3.3 3.3 04/10/2012
0.9 0.9 0.9 0.9 0.9 0.9 0.7 0.7 0.7 0.7 0.3 0.3 0.9 0.9 0.9 0.9 0.9 0.9 0.7 0.7 0.7 0.3 0.3 0.8 0.9 0.9 0.9 1.0 05/10/2012
17.1 16.2 16.3 16.2 16.2 16.3 17.4 17.6 17.8 18.0 14.3 14.3 17.4 17.4 16.5 16.4 16.4 16.4 17.1 17.4 17.5 14.0 13.9 14.5 17.3 17.3 17.4 17.5 06/10/2012
2.2 1.8 1.8 1.8 1.8 1.8 0.0 0.0 0.0 0.0 0.1 0.1 2.2 2.2 1.9 1.9 1.9 1.9 0.0 0.0 0.0 0.1 0.1 2.0 2.2 2.2 2.2 2.2 07/10/2012
8.4 7.7 7.8 7.7 7.7 7.8 3.5 3.6 3.6 3.7 4.0 4.0 8.5 8.5 7.8 7.8 7.8 7.8 3.5 3.5 3.6 3.9 3.9 8.7 8.5 8.5 8.5 8.6 08/10/2012
10.9 3.2 3.2 3.2 3.2 3.2 0.3 0.3 0.3 0.3 0.0 0.0 11.0 11.0 3.2 3.2 3.2 3.2 0.3 0.3 0.3 0.0 0.0 13.4 10.9 10.9 11.0 11.0 09/10/2012
0.2 0.1 0.1 0.1 0.1 0.1 0.0 0.0 0.0 0.0 0.0 0.0 0.2 0.2 0.1 0.1 0.1 0.1 0.0 0.0 0.0 0.0 0.0 0.2 0.2 0.2 0.2 0.2 10/10/2012
15.0 10.1 10.1 10.1 10.1 10.2 6.0 6.1 6.2 6.2 24.0 24.0 15.2 15.2 10.3 10.2 10.2 10.2 5.9 6.0 6.1 23.5 23.3 17.7 15.1 15.1 15.2 15.3 11/10/2012
11.4 5.9 5.9 5.9 5.9 5.9 1.6 1.6 1.6 1.6 1.2 1.2 11.5 11.5 5.9 5.9 5.9 5.9 1.5 1.6 1.6 1.2 1.2 12.4 11.4 11.4 11.5 11.6 12/10/2012
9.3 9.3 9.4 9.3 9.3 9.4 14.8 15.0 15.1 15.3 13.4 13.4 9.4 9.4 9.5 9.5 9.4 9.5 14.6 14.8 14.9 13.1 13.0 8.9 9.3 9.3 9.4 9.4 13/10/2012
1.2 1.8 1.8 1.8 1.8 1.8 5.3 5.4 5.4 5.5 9.0 9.1 1.3 1.3 1.8 1.8 1.8 1.8 5.2 5.3 5.4 8.8 8.8 1.4 1.3 1.3 1.3 1.3 14/10/2012
6.7 5.3 5.3 5.3 5.3 5.3 2.6 2.7 2.7 2.7 1.7 1.7 6.7 6.7 5.4 5.4 5.4 5.4 2.6 2.6 2.7 1.7 1.7 4.2 6.7 6.7 6.8 6.8 15/10/2012
4.2 2.7 2.7 2.7 2.7 2.7 4.7 4.7 4.8 4.8 5.4 5.4 4.2 4.2 2.7 2.7 2.7 2.7 4.6 4.7 4.7 5.3 5.3 2.7 4.2 4.2 4.2 4.2 16/10/2012
6.7 8.0 8.0 8.0 8.0 8.0 3.9 4.0 4.0 4.0 8.9 9.0 6.8 6.8 8.1 8.1 8.1 8.1 3.9 3.9 4.0 8.7 8.7 5.2 6.7 6.7 6.8 6.8 17/10/2012
17.8 11.5 11.5 11.5 11.5 11.5 1.0 1.0 1.0 1.0 0.0 0.0 18.0 18.0 11.6 11.6 11.6 11.6 0.9 1.0 1.0 0.0 0.0 10.7 17.9 17.9 18.1 18.1 18/10/2012
10.4 4.4 4.4 4.4 4.4 4.4 0.1 0.1 0.1 0.1 0.0 0.0 10.5 10.5 4.4 4.4 4.4 4.4 0.1 0.1 0.1 0.0 0.0 12.5 10.5 10.5 10.5 10.6 19/10/2012
19.3 18.7 18.8 18.7 18.7 18.8 0.0 0.0 0.0 0.0 0.0 0.0 19.5 19.5 19.0 18.9 18.9 19.0 0.0 0.0 0.0 0.0 0.0 11.2 19.4 19.4 19.6 19.6 20/10/2012
3.6 5.4 5.4 5.4 5.4 5.4 0.1 0.1 0.1 0.1 0.0 0.0 3.7 3.7 5.4 5.4 5.4 5.4 0.1 0.1 0.1 0.0 0.0 2.1 3.7 3.7 3.7 3.7 21/10/2012
0.2 0.3 0.3 0.3 0.3 0.3 0.0 0.0 0.0 0.0 0.1 0.1 0.2 0.2 0.3 0.3 0.3 0.3 0.0 0.0 0.0 0.1 0.1 0.0 0.2 0.2 0.2 0.2 22/10/2012
0.0 0.2 0.2 0.2 0.2 0.2 0.0 0.0 0.0 0.0 0.2 0.2 0.0 0.0 0.2 0.2 0.2 0.2 0.0 0.0 0.0 0.2 0.2 0.1 0.0 0.0 0.0 0.0 23/10/2012
0.0 0.1 0.1 0.1 0.1 0.1 0.1 0.1 0.1 0.1 0.1 0.1 0.0 0.0 0.1 0.1 0.1 0.1 0.1 0.1 0.1 0.1 0.1 0.1 0.0 0.0 0.0 0.0 24/10/2012
0.1 0.0 0.0 0.0 0.0 0.0 0.0 0.0 0.0 0.0 0.5 0.5 0.1 0.1 0.0 0.0 0.0 0.0 0.0 0.0 0.0 0.5 0.5 0.2 0.1 0.1 0.1 0.1 25/10/2012
8.6 6.7 6.8 6.7 6.7 6.8 0.1 0.1 0.1 0.1 0.2 0.2 8.7 8.7 6.8 6.8 6.8 6.8 0.1 0.1 0.1 0.2 0.2 5.7 8.6 8.6 8.7 8.7 26/10/2012
20.7 10.4 10.5 10.4 10.4 10.5 0.1 0.1 0.1 0.1 0.0 0.0 21.0 21.0 10.6 10.6 10.6 10.6 0.1 0.1 0.1 0.0 0.0 10.0 20.9 20.9 21.0 21.1 27/10/2012
6.9 2.6 2.6 2.6 2.6 2.6 1.0 1.0 1.0 1.0 0.6 0.6 7.0 7.0 2.6 2.6 2.6 2.6 1.0 1.0 1.0 0.6 0.6 8.9 7.0 7.0 7.0 7.0 28/10/2012
3.5 4.3 4.3 4.3 4.3 4.3 5.6 5.6 5.7 5.7 5.4 5.5 3.5 3.5 4.3 4.3 4.3 4.3 5.5 5.6 5.6 5.2 5.2 2.3 3.5 3.5 3.5 3.5 29/10/2012
3.5 1.2 1.2 1.2 1.2 1.2 0.3 0.3 0.3 0.3 0.6 0.6 3.6 3.6 1.2 1.2 1.2 1.2 0.3 0.3 0.3 0.6 0.6 3.5 3.5 3.5 3.6 3.6 30/10/2012
6.1 6.0 6.0 6.0 6.0 6.0 0.1 0.1 0.1 0.1 0.5 0.5 6.2 6.2 6.1 6.1 6.0 6.1 0.1 0.1 0.1 0.4 0.4 3.4 6.2 6.2 6.2 6.3 31/10/2012
8.4 4.0 4.0 4.0 4.0 4.0 6.0 6.1 6.2 6.3 9.3 9.3 8.5 8.5 4.1 4.1 4.1 4.1 6.0 6.1 6.1 9.1 9.0 7.2 8.5 8.5 8.5 8.6 01/11/2012
3.4 3.1 3.1 3.1 3.1 3.1 6.7 6.8 6.9 7.0 8.5 8.6 3.4 3.4 3.1 3.1 3.1 3.1 6.7 6.8 6.8 8.4 8.3 3.1 3.4 3.4 3.4 3.4 02/11/2012
2.2 3.5 3.5 3.5 3.5 3.5 3.0 3.1 3.1 3.1 7.7 7.8 2.3 2.3 3.5 3.5 3.5 3.5 3.0 3.0 3.0 7.6 7.5 1.3 2.2 2.2 2.3 2.3 03/11/2012
4.6 5.2 5.3 5.2 5.3 5.3 3.2 3.2 3.3 3.3 4.5 4.6 4.7 4.7 5.3 5.3 5.3 5.3 3.1 3.2 3.2 4.5 4.4 3.8 4.7 4.7 4.7 4.7 04/11/2012
12.0 4.9 4.9 4.9 4.9 4.9 0.6 0.6 0.6 0.6 2.1 2.1 12.1 12.1 5.0 5.0 5.0 5.0 0.6 0.6 0.6 2.1 2.1 10.3 12.1 12.1 12.2 12.2 05/11/2012
0.6 0.9 0.9 0.9 0.9 0.9 1.9 1.9 2.0 2.0 2.1 2.1 0.6 0.6 0.9 0.9 0.9 0.9 1.9 1.9 1.9 2.1 2.1 0.2 0.6 0.6 0.6 0.6 06/11/2012
0.0 0.1 0.1 0.1 0.1 0.1 0.1 0.1 0.1 0.1 0.2 0.2 0.0 0.0 0.1 0.1 0.1 0.1 0.1 0.1 0.1 0.2 0.1 0.0 0.0 0.0 0.0 0.0 07/11/2012
0.0 0.0 0.0 0.0 0.0 0.0 0.0 0.0 0.0 0.0 0.0 0.0 0.0 0.0 0.0 0.0 0.0 0.0 0.0 0.0 0.0 0.0 0.0 0.0 0.0 0.0 0.0 0.0 08/11/2012
0.9 2.9 2.9 2.9 2.9 2.9 3.4 3.4 3.4 3.5 3.9 3.9 0.9 0.9 3.0 3.0 3.0 3.0 3.3 3.4 3.4 3.8 3.8 1.0 0.9 0.9 0.9 0.9 09/11/2012
8.4 5.2 5.2 5.2 5.2 5.2 1.4 1.4 1.4 1.5 1.5 1.5 8.5 8.5 5.3 5.3 5.3 5.3 1.4 1.4 1.4 1.4 1.4 11.0 8.4 8.4 8.5 8.5 10/11/2012
1.2 0.2 0.2 0.2 0.2 0.2 0.0 0.0 0.0 0.0 0.0 0.0 1.2 1.2 0.2 0.2 0.2 0.2 0.0 0.0 0.0 0.0 0.0 2.6 1.2 1.2 1.2 1.2 11/11/2012
0.9 1.9 1.9 1.9 1.9 1.9 0.7 0.7 0.7 0.7 0.0 0.0 0.9 0.9 1.9 1.9 1.9 1.9 0.7 0.7 0.7 0.0 0.0 1.1 0.9 0.9 0.9 0.9 12/11/2012
0.2 0.2 0.2 0.2 0.2 0.2 0.7 0.7 0.7 0.7 0.1 0.1 0.3 0.3 0.2 0.2 0.2 0.2 0.7 0.7 0.7 0.1 0.1 0.1 0.2 0.2 0.3 0.3 13/11/2012
0.0 0.1 0.1 0.1 0.1 0.1 0.1 0.1 0.1 0.1 0.1 0.1 0.0 0.0 0.1 0.1 0.1 0.1 0.1 0.1 0.1 0.1 0.1 0.0 0.0 0.0 0.0 0.0 14/11/2012
0.0 0.1 0.1 0.1 0.1 0.1 0.0 0.0 0.0 0.0 0.0 0.0 0.0 0.0 0.1 0.1 0.1 0.1 0.0 0.0 0.0 0.0 0.0 0.0 0.0 0.0 0.0 0.0 15/11/2012
0.0 0.2 0.2 0.2 0.2 0.2 0.2 0.2 0.2 0.2 0.1 0.1 0.0 0.0 0.2 0.2 0.2 0.2 0.2 0.2 0.2 0.1 0.1 0.1 0.0 0.0 0.0 0.0 16/11/2012
8.3 7.7 7.7 7.7 7.7 7.7 1.0 1.0 1.0 1.0 1.5 1.5 8.4 8.4 7.8 7.8 7.8 7.8 0.9 1.0 1.0 1.5 1.5 9.1 8.3 8.3 8.4 8.4 17/11/2012
1.2 0.7 0.7 0.7 0.7 0.7 3.4 3.4 3.5 3.5 2.8 2.8 1.2 1.2 0.7 0.7 0.7 0.7 3.3 3.4 3.4 2.8 2.8 0.9 1.2 1.2 1.2 1.2 18/11/2012
0.2 0.2 0.2 0.2 0.2 0.2 0.0 0.0 0.0 0.0 0.1 0.1 0.2 0.2 0.2 0.2 0.2 0.2 0.0 0.0 0.0 0.1 0.1 0.1 0.2 0.2 0.2 0.2 19/11/2012
0.0 0.3 0.3 0.3 0.3 0.3 0.0 0.0 0.0 0.0 0.0 0.0 0.0 0.0 0.3 0.3 0.3 0.3 0.0 0.0 0.0 0.0 0.0 0.0 0.0 0.0 0.0 0.0 20/11/2012
1.4 1.7 1.7 1.7 1.7 1.7 1.6 1.7 1.7 1.7 2.2 2.2 1.4 1.4 1.7 1.7 1.7 1.7 1.6 1.6 1.7 2.1 2.1 1.6 1.4 1.4 1.4 1.4 21/11/2012
3.0 2.1 2.1 2.1 2.1 2.1 0.0 0.0 0.0 0.0 0.1 0.1 3.0 3.0 2.1 2.1 2.1 2.1 0.0 0.0 0.0 0.1 0.1 4.1 3.0 3.0 3.0 3.0 22/11/2012
6.3 8.3 8.3 8.3 8.3 8.3 13.8 14.0 14.2 14.3 13.7 13.8 6.3 6.3 8.4 8.4 8.4 8.4 13.6 13.9 13.9 13.4 13.3 5.6 6.3 6.3 6.4 6.4 23/11/2012
3.9 2.7 2.7 2.7 2.7 2.7 0.3 0.3 0.3 0.3 0.9 0.9 4.0 4.0 2.7 2.7 2.7 2.7 0.3 0.3 0.3 0.9 0.9 3.8 3.9 3.9 4.0 4.0 24/11/2012
0.4 0.9 0.9 0.9 0.9 0.9 0.6 0.6 0.6 0.6 0.6 0.6 0.4 0.4 1.0 1.0 1.0 1.0 0.6 0.6 0.6 0.6 0.6 0.4 0.4 0.4 0.4 0.4 25/11/2012
6.6 1.5 1.5 1.5 1.5 1.5 0.1 0.1 0.1 0.1 1.3 1.3 6.7 6.7 1.5 1.5 1.5 1.5 0.1 0.1 0.1 1.3 1.2 9.6 6.6 6.6 6.7 6.7 26/11/2012
10.1 7.0 7.0 7.0 7.0 7.0 0.8 0.8 0.8 0.9 1.3 1.3 10.2 10.2 7.1 7.1 7.1 7.1 0.8 0.8 0.8 1.3 1.3 8.9 10.1 10.1 10.2 10.2 27/11/2012
2.1 5.9 6.0 5.9 5.9 6.0 0.6 0.6 0.6 0.6 0.1 0.1 2.1 2.1 6.0 6.0 6.0 6.0 0.6 0.6 0.6 0.1 0.1 0.9 2.1 2.1 2.1 2.2 28/11/2012
0.9 3.8 3.8 3.8 3.8 3.8 0.1 0.1 0.1 0.1 0.1 0.1 0.9 0.9 3.8 3.8 3.8 3.8 0.1 0.1 0.1 0.1 0.1 0.4 0.9 0.9 0.9 0.9 29/11/2012
0.1 1.1 1.1 1.1 1.1 1.1 0.0 0.0 0.0 0.0 0.2 0.2 0.1 0.1 1.1 1.1 1.1 1.1 0.0 0.0 0.0 0.2 0.2 1.1 0.1 0.1 0.1 0.1 30/11/2012
1.9 2.8 2.8 2.8 2.8 2.8 0.7 0.8 0.7 0.7 1.4 1.3 1.9 1.9 2.8 2.8 2.8 2.8 0.7 0.7 0.8 1.4 1.4 2.5 1.9 1.9 1.9 1.9 01/12/2012
4.3 4.9 5.0 4.9 5.0 5.0 2.6 2.6 2.7 2.8 0.6 0.6 4.4 4.4 5.0 5.0 5.0 5.0 2.6 2.6 2.7 0.5 0.5 3.1 4.4 4.4 4.4 4.4 02/12/2012
16.5 14.5 14.6 14.5 14.6 14.6 15.8 16.0 16.2 16.4 19.0 19.1 16.7 16.7 14.8 14.8 14.7 14.8 15.6 15.8 15.9 18.6 18.5 17.3 16.6 16.6 16.7 16.8 03/12/2012
10.0 5.6 5.6 5.6 5.6 5.6 3.0 3.0 3.1 3.1 2.0 2.0 10.1 10.1 5.7 5.7 5.7 5.7 3.0 3.0 3.0 1.9 1.9 7.8 10.1 10.1 10.1 10.2 04/12/2012
5.3 4.8 4.8 4.8 4.8 4.8 2.8 2.8 2.9 2.9 1.5 1.4 5.4 5.4 4.8 4.8 4.8 4.8 2.8 2.8 2.8 1.5 1.5 2.6 5.3 5.3 5.4 5.4 05/12/2012
9.6 7.5 7.5 7.4 7.5 7.5 5.7 5.7 5.8 5.9 1.2 1.2 9.8 9.8 7.5 7.5 7.6 7.6 5.6 5.7 5.7 1.1 1.1 9.2 9.8 9.8 9.8 9.8 06/12/2012
8.5 10.6 10.6 10.5 10.5 10.6 7.9 7.9 8.0 8.1 7.0 7.0 8.6 8.6 10.7 10.7 10.7 10.7 7.7 7.8 7.9 6.8 6.8 8.4 8.6 8.6 8.7 8.7 07/12/2012
0.0 0.1 0.1 0.1 0.1 0.1 0.5 0.5 0.5 0.5 0.1 0.1 0.0 0.0 0.1 0.1 0.1 0.1 0.5 0.5 0.5 0.1 0.1 0.0 0.0 0.0 0.0 0.0 08/12/2012
4.3 3.4 3.4 3.4 3.4 3.4 3.9 4.0 4.1 4.1 7.9 8.0 4.4 4.4 3.5 3.5 3.5 3.5 3.9 3.9 4.0 7.8 7.8 3.3 4.4 4.4 4.4 4.4 09/12/2012
0.9 5.6 5.6 5.6 5.6 5.6 2.3 2.3 2.4 2.4 1.5 1.5 0.9 0.9 5.7 5.7 5.6 5.7 2.3 2.3 2.3 1.5 1.5 0.6 0.9 0.9 0.9 0.9 10/12/2012
0.2 0.3 0.3 0.3 0.3 0.3 0.0 0.0 0.0 0.0 0.0 0.0 0.2 0.2 0.3 0.3 0.3 0.3 0.0 0.0 0.0 0.0 0.0 0.1 0.2 0.2 0.2 0.2 11/12/2012
0.0 0.0 0.0 0.0 0.0 0.0 0.0 0.0 0.0 0.0 0.0 0.0 0.0 0.0 0.0 0.0 0.0 0.0 0.0 0.0 0.0 0.0 0.0 0.0 0.0 0.0 0.0 0.0 12/12/2012
0.2 0.6 0.6 0.6 0.6 0.6 1.6 1.6 1.6 1.6 2.0 2.0 0.2 0.2 0.6 0.6 0.6 0.6 1.5 1.6 1.6 1.9 1.9 0.3 0.2 0.2 0.2 0.3 13/12/2012
11.1 12.1 12.1 12.1 12.1 12.1 12.6 12.8 12.9 13.1 19.2 19.3 11.2 11.2 12.3 12.2 12.2 12.3 12.4 12.7 12.7 18.8 18.7 10.5 11.2 11.2 11.3 11.3 14/12/2012
3.7 3.7 3.7 3.7 3.7 3.7 2.8 2.8 2.8 2.9 7.5 7.5 3.7 3.7 3.7 3.7 3.7 3.7 2.7 2.8 2.8 7.4 7.3 4.6 3.7 3.7 3.7 3.7 15/12/2012
3.3 3.4 3.4 3.4 3.4 3.4 1.8 1.8 1.8 1.9 2.3 2.3 3.4 3.4 3.5 3.5 3.5 3.5 1.8 1.8 1.8 2.3 2.3 2.7 3.3 3.3 3.4 3.4 16/12/2012
12.8 7.0 7.0 7.0 7.0 7.0 4.4 4.5 4.5 4.5 6.9 6.9 13.0 13.0 7.1 7.0 7.0 7.1 4.4 4.4 4.4 6.8 6.7 10.6 12.9 12.9 13.0 13.1 17/12/2012
0.0 0.1 0.1 0.1 0.1 0.1 1.3 1.4 1.4 1.4 1.9 1.9 0.0 0.0 0.1 0.1 0.1 0.1 1.3 1.3 1.4 1.9 1.9 0.0 0.0 0.0 0.0 0.0 18/12/2012
18.6 13.2 13.3 13.2 13.2 13.3 2.6 2.6 2.6 2.6 1.2 1.2 18.8 18.8 13.4 13.4 13.4 13.4 2.5 2.6 2.6 1.2 1.2 18.7 18.7 18.7 18.8 18.9 19/12/2012
9.2 7.3 7.3 7.3 7.3 7.3 7.3 7.4 7.5 7.6 9.8 9.9 9.3 9.3 7.4 7.4 7.4 7.4 7.2 7.3 7.4 9.6 9.5 9.6 9.2 9.2 9.3 9.4 20/12/2012
7.4 6.9 6.9 6.9 6.9 6.9 1.9 1.9 1.9 1.9 2.7 2.7 7.5 7.5 7.0 7.0 7.0 7.0 1.9 1.9 1.9 2.6 2.6 6.6 7.5 7.5 7.5 7.6 21/12/2012
27.0 21.8 21.9 21.8 21.8 21.9 20.9 21.2 21.5 21.7 26.1 26.2 27.3 27.3 22.1 22.1 22.1 22.1 20.6 21.0 21.1 25.6 25.4 19.0 27.2 27.2 27.4 27.5 22/12/2012
7.6 6.6 6.7 6.6 6.6 6.7 1.6 1.6 1.6 1.6 0.4 0.4 7.7 7.7 6.7 6.7 6.7 6.7 1.6 1.6 1.6 0.4 0.4 7.4 7.7 7.7 7.7 7.7 23/12/2012
6.3 4.0 4.0 4.0 4.0 4.0 4.1 4.2 4.2 4.2 2.4 2.5 6.4 6.4 4.1 4.0 4.0 4.1 4.0 4.1 4.1 2.4 2.4 8.0 6.4 6.4 6.4 6.4 24/12/2012
6.4 11.1 11.2 11.1 11.1 11.2 4.8 4.9 4.9 5.0 8.6 8.6 6.5 6.5 11.3 11.3 11.3 11.3 4.7 4.8 4.9 8.4 8.3 4.3 6.5 6.5 6.5 6.5 25/12/2012
10.6 11.5 11.6 11.5 11.5 11.6 9.6 9.7 9.9 9.9 14.3 14.4 10.7 10.7 11.7 11.7 11.7 11.7 9.5 9.7 9.7 14.0 13.9 10.7 10.7 10.7 10.7 10.8 26/12/2012
2.8 3.9 3.9 3.9 3.9 3.9 9.0 9.1 9.2 9.3 11.6 11.6 2.8 2.8 3.9 3.9 3.9 3.9 8.9 9.0 9.1 11.3 11.3 1.9 2.8 2.8 2.8 2.9 27/12/2012
0.2 1.8 1.9 1.8 1.8 1.9 4.7 4.7 4.8 4.8 5.8 5.8 0.2 0.2 1.9 1.9 1.9 1.9 4.6 4.7 4.7 5.7 5.6 0.0 0.2 0.2 0.2 0.2 28/12/2012
3.2 4.2 4.2 4.2 4.2 4.2 0.9 0.9 0.9 0.9 0.6 0.6 3.2 3.2 4.3 4.3 4.2 4.3 0.9 0.9 0.9 0.5 0.5 1.9 3.2 3.2 3.2 3.2 29/12/2012
0.3 0.5 0.5 0.5 0.5 0.5 0.1 0.1 0.1 0.1 0.1 0.1 0.3 0.3 0.5 0.5 0.5 0.5 0.1 0.1 0.1 0.1 0.1 0.1 0.3 0.3 0.3 0.3 30/12/2012
9.5 8.6 8.7 8.6 8.6 8.7 13.0 13.2 13.4 13.5 14.5 14.5 9.7 9.7 8.8 8.8 8.8 8.8 12.8 13.1 13.1 14.2 14.0 8.2 9.6 9.6 9.7 9.7 31/12/2012
1.4 1.4 1.4 1.4 1.4 1.4 1.8 1.8 1.9 1.9 2.9 2.9 1.4 1.4 1.4 1.4 1.4 1.4 1.8 1.8 1.8 2.8 2.8 1.0 1.4 1.4 1.4 1.4 01/01/2013
1.3 3.8 3.8 3.8 3.8 3.8 1.0 1.0 1.0 1.0 0.7 0.7 1.3 1.3 3.9 3.8 3.8 3.8 1.0 1.0 1.0 0.7 0.7 0.7 1.3 1.3 1.3 1.3 02/01/2013
0.8 0.7 0.7 0.7 0.7 0.7 1.3 1.3 1.3 1.3 1.1 1.1 0.8 0.8 0.7 0.7 0.7 0.7 1.3 1.3 1.3 1.1 1.1 1.2 0.8 0.8 0.8 0.9 03/01/2013
0.4 0.6 0.6 0.6 0.6 0.6 0.3 0.3 0.3 0.3 0.6 0.6 0.4 0.4 0.6 0.6 0.6 0.6 0.3 0.3 0.3 0.5 0.5 0.2 0.4 0.4 0.4 0.4 04/01/2013
0.5 0.7 0.7 0.7 0.7 0.7 1.8 1.8 1.8 1.8 0.8 0.8 0.5 0.5 0.7 0.7 0.7 0.7 1.8 1.8 1.8 0.8 0.8 0.3 0.5 0.5 0.5 0.5 05/01/2013
0.1 0.1 0.1 0.1 0.1 0.1 0.1 0.1 0.1 0.1 0.1 0.1 0.1 0.1 0.1 0.1 0.1 0.1 0.1 0.1 0.1 0.1 0.1 0.2 0.1 0.1 0.1 0.1 06/01/2013
0.0 0.0 0.0 0.0 0.0 0.0 0.1 0.1 0.1 0.1 0.4 0.4 0.0 0.0 0.0 0.0 0.0 0.0 0.1 0.1 0.1 0.4 0.4 0.0 0.0 0.0 0.0 0.0 07/01/2013
0.3 0.7 0.7 0.7 0.7 0.7 0.0 0.0 0.0 0.0 0.5 0.5 0.3 0.3 0.7 0.7 0.7 0.7 0.0 0.0 0.0 0.5 0.5 0.2 0.3 0.3 0.3 0.3 08/01/2013
3.1 3.8 3.8 3.8 3.8 3.8 2.1 2.2 2.2 2.2 2.3 2.3 3.1 3.1 3.9 3.9 3.9 3.9 2.1 2.1 2.1 2.2 2.2 3.3 3.1 3.1 3.1 3.1 09/01/2013
8.2 5.6 5.6 5.6 5.6 5.6 0.5 0.5 0.5 0.5 1.0 1.0 8.3 8.3 5.6 5.6 5.6 5.6 0.5 0.5 0.5 0.9 0.9 9.1 8.2 8.2 8.3 8.3 10/01/2013
1.0 1.2 1.2 1.2 1.2 1.2 0.7 0.7 0.7 0.7 1.2 1.2 1.0 1.0 1.2 1.2 1.2 1.2 0.7 0.7 0.7 1.1 1.1 0.4 1.0 1.0 1.0 1.0 11/01/2013
3.2 2.9 2.9 2.9 2.9 2.9 2.4 2.5 2.5 2.5 1.9 1.9 3.3 3.3 2.9 2.9 2.9 2.9 2.5 2.5 2.5 1.9 1.8 2.1 3.2 3.2 3.3 3.3 12/01/2013
0.3 0.2 0.2 0.2 0.2 0.2 1.5 1.5 1.5 1.5 0.4 0.4 0.3 0.3 0.2 0.2 0.2 0.2 1.5 1.5 1.5 0.4 0.4 0.1 0.3 0.3 0.3 0.3 13/01/2013
7.2 10.2 10.2 10.2 10.2 10.3 6.7 6.8 6.9 7.0 7.7 7.7 7.2 7.2 10.3 10.3 10.4 10.3 6.6 6.7 6.8 7.5 7.5 6.1 7.2 7.2 7.3 7.3 14/01/2013
0.4 2.6 2.6 2.6 2.6 2.6 0.5 0.5 0.5 0.5 2.8 2.8 0.4 0.4 2.6 2.6 2.6 2.6 0.5 0.5 0.5 2.7 2.7 0.0 0.4 0.4 0.4 0.4 15/01/2013
0.1 0.1 0.1 0.1 0.1 0.1 0.0 0.0 0.0 0.0 0.0 0.0 0.1 0.1 0.1 0.1 0.1 0.1 0.0 0.0 0.0 0.0 0.0 0.0 0.1 0.1 0.1 0.1 16/01/2013
0.1 0.1 0.1 0.1 0.1 0.1 0.0 0.0 0.0 0.0 0.0 0.0 0.1 0.1 0.1 0.1 0.1 0.1 0.0 0.0 0.0 0.0 0.0 0.0 0.1 0.1 0.1 0.1 17/01/2013
1.3 3.9 3.9 3.9 3.9 3.9 2.4 2.4 2.4 2.4 1.2 1.2 1.4 1.4 3.9 3.9 3.9 3.9 2.3 2.4 2.4 1.2 1.2 1.2 1.3 1.3 1.4 1.4 18/01/2013
0.3 1.0 1.0 1.0 1.0 1.0 1.4 1.4 1.5 1.5 1.1 1.1 0.3 0.3 1.0 1.0 1.0 1.0 1.4 1.4 1.4 1.0 0.9 0.0 0.3 0.3 0.3 0.3 19/01/2013
1.9 2.8 2.8 2.8 2.8 2.8 5.1 5.1 5.2 5.2 2.3 2.3 1.9 1.9 2.8 2.8 2.8 2.8 5.0 5.1 5.1 2.3 2.3 1.0 2.0 2.0 1.9 2.0 20/01/2013
0.2 0.5 0.4 0.5 0.4 0.4 1.1 1.1 1.1 1.2 2.1 2.0 0.2 0.2 0.4 0.4 0.4 0.4 1.2 1.1 1.2 2.0 2.0 0.8 0.2 0.2 0.2 0.2 21/01/2013
1.9 1.6 1.6 1.6 1.6 1.6 0.0 0.0 0.0 0.0 0.3 0.3 1.9 1.9 1.7 1.6 1.6 1.6 0.0 0.0 0.0 0.2 0.2 1.8 1.9 1.9 1.9 1.9 22/01/2013
0.7 0.3 0.3 0.3 0.3 0.3 0.4 0.4 0.3 0.4 0.2 0.2 0.7 0.7 0.3 0.3 0.3 0.3 0.3 0.4 0.4 0.2 0.2 0.1 0.7 0.7 0.7 0.7 23/01/2013
0.0 0.1 0.2 0.1 0.2 0.2 0.0 0.0 0.0 0.0 0.0 0.0 0.0 0.0 0.2 0.2 0.2 0.2 0.0 0.0 0.0 0.0 0.0 0.4 0.0 0.0 0.0 0.0 24/01/2013
2.1 1.5 1.6 1.5 1.6 1.6 0.2 0.2 0.2 0.2 0.0 0.0 2.1 2.1 1.6 1.6 1.6 1.6 0.2 0.2 0.2 0.0 0.0 2.1 2.1 2.1 2.1 2.1 25/01/2013
4.8 5.4 5.4 5.4 5.4 5.4 1.4 1.4 1.4 1.4 0.7 0.7 4.9 4.9 5.4 5.4 5.4 5.4 1.3 1.4 1.4 0.7 0.7 4.7 4.8 4.8 4.9 4.9 26/01/2013
5.1 4.3 4.3 4.3 4.3 4.3 8.8 8.8 9.0 9.1 4.0 4.1 5.1 5.1 4.4 4.4 4.4 4.4 8.6 8.8 8.8 4.0 3.9 4.8 5.1 5.1 5.1 5.1 27/01/2013
6.3 8.1 8.2 8.1 8.2 8.2 4.8 4.8 4.9 4.9 9.1 9.1 6.4 6.4 8.3 8.3 8.3 8.3 4.7 4.8 4.8 8.9 8.9 3.4 6.3 6.3 6.4 6.4 28/01/2013
3.3 5.3 5.4 5.3 5.4 5.4 4.4 4.4 4.5 4.5 11.3 11.3 3.4 3.4 5.4 5.4 5.4 5.4 4.3 4.4 4.4 11.0 11.0 2.0 3.3 3.3 3.4 3.4 29/01/2013
3.1 2.1 2.2 2.1 2.1 2.2 4.6 4.6 4.7 4.7 7.9 7.9 3.1 3.1 2.2 2.2 2.2 2.2 4.5 4.6 4.6 7.7 7.6 1.5 3.1 3.1 3.1 3.1 30/01/2013
2.0 2.0 2.1 2.0 2.1 2.1 5.7 5.8 5.9 5.9 6.8 6.8 2.0 2.0 2.1 2.1 2.1 2.1 5.6 5.7 5.8 6.6 6.6 1.1 2.0 2.0 2.0 2.0 31/01/2013
9.3 5.6 5.6 5.6 5.6 5.6 7.6 7.7 7.8 7.9 10.5 10.5 9.5 9.5 5.7 5.7 5.7 5.7 7.5 7.7 7.7 10.3 10.2 9.3 9.4 9.4 9.5 9.5 01/02/2013
0.4 0.9 0.9 0.9 0.9 0.9 2.2 2.2 2.3 2.3 0.8 0.8 0.4 0.4 0.9 0.9 0.9 0.9 2.2 2.3 2.3 0.8 0.8 0.3 0.4 0.4 0.4 0.4 02/02/2013
4.6 3.6 3.6 3.6 3.6 3.6 5.0 5.0 5.1 5.1 5.1 5.1 4.7 4.7 3.7 3.6 3.6 3.6 4.9 5.0 5.0 5.0 5.0 3.5 4.7 4.7 4.7 4.7 03/02/2013
4.7 5.9 5.9 5.9 5.9 5.9 4.1 4.2 4.2 4.3 3.2 3.2 4.8 4.8 6.0 6.0 6.0 6.0 4.1 4.1 4.2 3.1 3.1 4.2 4.7 4.7 4.8 4.8 04/02/2013
5.6 11.9 12.0 11.9 11.9 12.0 6.9 7.0 7.0 7.2 5.6 5.6 5.7 5.7 12.1 12.1 12.1 12.1 6.8 6.9 7.0 5.5 5.4 3.9 5.7 5.7 5.7 5.7 05/02/2013
1.9 4.8 4.9 4.8 4.8 4.9 3.4 3.5 3.5 3.6 6.1 6.1 1.9 1.9 4.9 4.9 4.9 4.9 3.4 3.4 3.5 6.0 5.9 1.2 1.9 1.9 1.9 1.9 06/02/2013
3.3 1.5 1.6 1.5 1.6 1.6 1.5 1.5 1.6 1.5 3.1 3.2 3.3 3.3 1.6 1.6 1.6 1.6 1.5 1.6 1.5 3.1 3.1 3.3 3.3 3.3 3.3 3.3 07/02/2013
2.4 1.6 1.6 1.6 1.7 1.6 0.0 0.0 0.0 0.0 0.1 0.1 2.5 2.5 1.6 1.7 1.7 1.6 0.0 0.0 0.0 0.1 0.1 2.1 2.5 2.5 2.5 2.5 08/02/2013
1.1 1.0 0.9 1.0 0.9 0.9 0.0 0.0 0.0 0.0 0.0 0.0 1.1 1.1 1.0 1.0 1.0 1.0 0.0 0.0 0.0 0.0 0.0 3.2 1.1 1.1 1.1 1.2 09/02/2013
14.8 11.9 11.9 11.8 11.9 11.9 3.5 3.6 3.6 3.7 1.8 1.8 15.0 15.0 12.1 12.1 12.0 12.1 3.5 3.5 3.6 1.7 1.7 15.1 14.9 14.9 15.0 15.1 10/02/2013
0.7 0.5 0.5 0.5 0.5 0.5 0.4 0.4 0.4 0.4 0.2 0.2 0.7 0.7 0.5 0.5 0.5 0.5 0.4 0.4 0.4 0.2 0.2 0.5 0.7 0.7 0.7 0.7 11/02/2013
0.0 0.0 0.0 0.0 0.0 0.0 0.1 0.1 0.1 0.1 0.0 0.0 0.0 0.0 0.0 0.0 0.0 0.0 0.1 0.1 0.1 0.0 0.0 0.0 0.0 0.0 0.0 0.0 12/02/2013
0.5 0.1 0.1 0.1 0.1 0.1 0.0 0.0 0.0 0.0 0.0 0.0 0.5 0.5 0.1 0.2 0.2 0.1 0.0 0.0 0.0 0.0 0.0 1.0 0.5 0.5 0.5 0.5 13/02/2013
3.9 3.5 3.5 3.5 3.5 3.5 6.4 6.5 6.5 6.6 3.9 4.0 3.9 3.9 3.5 3.5 3.5 3.5 6.3 6.4 6.4 3.8 3.9 3.5 3.9 3.9 3.9 3.9 14/02/2013
0.0 0.1 0.1 0.1 0.1 0.1 0.3 0.3 0.3 0.3 1.7 1.7 0.0 0.0 0.1 0.1 0.1 0.1 0.2 0.3 0.3 1.7 1.7 0.1 0.0 0.0 0.0 0.0 15/02/2013
0.2 0.1 0.1 0.1 0.1 0.1 0.0 0.0 0.0 0.0 0.2 0.2 0.2 0.2 0.1 0.1 0.1 0.1 0.0 0.0 0.0 0.2 0.2 0.2 0.2 0.2 0.2 0.2 16/02/2013
0.0 0.0 0.0 0.0 0.0 0.0 0.1 0.1 0.1 0.1 0.0 0.0 0.0 0.0 0.0 0.0 0.0 0.0 0.1 0.1 0.1 0.0 0.0 0.0 0.0 0.0 0.0 0.0 17/02/2013
0.0 0.0 0.0 0.0 0.0 0.0 0.1 0.1 0.1 0.1 0.1 0.1 0.0 0.0 0.0 0.0 0.0 0.0 0.1 0.1 0.1 0.1 0.1 0.0 0.0 0.0 0.0 0.0 18/02/2013
0.0 0.2 0.2 0.2 0.2 0.2 0.0 0.0 0.0 0.0 0.0 0.0 0.0 0.0 0.2 0.2 0.2 0.2 0.0 0.0 0.0 0.0 0.0 0.1 0.0 0.0 0.0 0.0 19/02/2013
0.1 0.0 0.0 0.0 0.0 0.0 0.0 0.0 0.0 0.0 0.0 0.0 0.1 0.1 0.0 0.0 0.0 0.0 0.0 0.0 0.0 0.0 0.0 0.0 0.1 0.1 0.1 0.2 20/02/2013
0.0 0.0 0.0 0.0 0.0 0.0 0.0 0.0 0.0 0.0 0.0 0.0 0.0 0.0 0.0 0.0 0.0 0.0 0.0 0.0 0.0 0.0 0.0 0.0 0.0 0.0 0.0 0.0 21/02/2013
0.0 0.0 0.0 0.0 0.0 0.0 0.0 0.0 0.0 0.0 0.0 0.0 0.0 0.0 0.0 0.0 0.0 0.0 0.0 0.0 0.0 0.0 0.0 0.0 0.0 0.0 0.0 0.0 22/02/2013
1.1 0.4 0.4 0.4 0.4 0.4 0.9 0.9 0.9 0.9 0.1 0.1 1.1 1.1 0.4 0.4 0.4 0.4 0.9 0.9 0.9 0.1 0.1 0.1 1.1 1.1 1.1 1.1 23/02/2013
9.3 6.6 6.7 6.7 6.6 6.7 1.8 1.8 1.8 1.8 0.9 0.9 9.4 9.4 6.8 6.8 6.8 6.8 1.7 1.8 1.8 0.8 0.8 5.1 9.3 9.3 9.4 9.5 24/02/2013
6.0 3.1 3.1 3.1 3.1 3.1 2.3 2.4 2.4 2.5 0.8 0.8 6.1 6.1 3.1 3.1 3.1 3.2 2.4 2.4 2.4 0.8 0.7 5.4 6.0 6.0 6.1 6.1 25/02/2013
0.0 0.2 0.2 0.2 0.2 0.2 0.1 0.1 0.1 0.1 1.3 1.3 0.0 0.0 0.2 0.2 0.2 0.2 0.1 0.1 0.1 1.3 1.3 0.0 0.0 0.0 0.0 0.0 26/02/2013
0.0 0.2 0.2 0.2 0.2 0.2 0.1 0.1 0.1 0.1 0.2 0.2 0.0 0.0 0.2 0.2 0.2 0.2 0.1 0.1 0.1 0.2 0.2 0.0 0.0 0.0 0.0 0.0 27/02/2013
0.0 0.0 0.0 0.0 0.0 0.0 0.0 0.0 0.0 0.0 0.1 0.1 0.0 0.0 0.0 0.0 0.0 0.0 0.0 0.0 0.0 0.1 0.1 0.0 0.0 0.0 0.0 0.0 28/02/2013
0.0 0.0 0.0 0.0 0.0 0.0 0.0 0.0 0.0 0.0 0.0 0.0 0.0 0.0 0.0 0.0 0.0 0.0 0.0 0.0 0.0 0.0 0.0 0.0 0.0 0.0 0.0 0.0 01/03/2013
0.0 0.0 0.0 0.0 0.0 0.0 0.0 0.0 0.0 0.0 0.0 0.0 0.0 0.0 0.0 0.0 0.0 0.0 0.0 0.0 0.0 0.0 0.0 0.0 0.0 0.0 0.0 0.0 02/03/2013
0.0 0.0 0.0 0.0 0.0 0.0 0.0 0.0 0.0 0.0 0.0 0.0 0.0 0.0 0.0 0.0 0.0 0.0 0.0 0.0 0.0 0.0 0.0 0.0 0.0 0.0 0.0 0.0 03/03/2013
0.0 0.5 0.5 0.5 0.5 0.5 0.0 0.0 0.0 0.0 0.0 0.0 0.0 0.0 0.5 0.5 0.5 0.5 0.0 0.0 0.0 0.0 0.0 0.0 0.0 0.0 0.0 0.0 04/03/2013
0.0 0.0 0.0 0.0 0.0 0.0 0.0 0.0 0.0 0.0 0.0 0.0 0.0 0.0 0.0 0.0 0.0 0.0 0.0 0.0 0.0 0.0 0.0 0.0 0.0 0.0 0.0 0.0 05/03/2013
1.8 2.2 2.3 2.2 2.2 2.3 2.3 2.3 2.3 2.3 1.7 1.7 1.8 1.8 2.3 2.3 2.3 2.3 2.3 2.3 2.3 1.7 1.7 1.3 1.8 1.8 1.8 1.9 06/03/2013
5.8 3.4 3.4 3.4 3.4 3.4 1.1 1.2 1.2 1.2 1.6 1.6 5.9 5.9 3.4 3.4 3.4 3.4 1.1 1.1 1.1 1.5 1.5 7.2 5.9 5.9 5.9 5.9 07/03/2013
11.8 4.1 4.1 4.1 4.1 4.1 10.2 10.3 10.4 10.6 7.2 7.2 11.9 11.9 4.2 4.2 4.2 4.2 10.0 10.2 10.3 7.0 7.0 15.3 11.8 11.8 11.9 12.0 08/03/2013
0.4 0.2 0.2 0.2 0.2 0.2 0.1 0.1 0.1 0.1 0.0 0.0 0.4 0.4 0.2 0.2 0.2 0.2 0.1 0.1 0.1 0.0 0.0 0.4 0.4 0.4 0.4 0.4 09/03/2013
2.7 3.7 3.7 3.7 3.7 3.8 0.0 0.0 0.0 0.0 0.0 0.0 2.7 2.7 3.8 3.8 3.8 3.8 0.0 0.0 0.0 0.0 0.0 2.0 2.7 2.7 2.7 2.7 10/03/2013
6.5 11.7 11.8 11.7 11.7 11.8 7.9 8.0 8.1 8.2 2.6 2.6 6.6 6.6 11.9 11.9 11.9 11.9 7.8 8.0 8.0 2.7 2.6 6.5 6.5 6.5 6.6 6.6 11/03/2013
1.5 1.2 1.2 1.2 1.2 1.2 3.8 3.9 3.9 3.9 3.7 3.7 1.5 1.5 1.2 1.2 1.2 1.2 3.8 3.8 3.9 3.6 3.5 2.7 1.5 1.5 1.5 1.5 12/03/2013
2.3 3.2 3.1 3.2 3.2 3.1 0.2 0.2 0.2 0.2 0.0 0.0 2.3 2.3 3.2 3.2 3.3 3.2 0.2 0.2 0.2 0.0 0.0 2.1 2.3 2.3 2.3 2.3 13/03/2013
0.5 0.0 0.0 0.0 0.0 0.0 0.2 0.2 0.2 0.2 0.3 0.4 0.5 0.5 0.0 0.0 0.0 0.0 0.2 0.2 0.2 0.3 0.3 0.4 0.5 0.5 0.5 0.5 14/03/2013
0.0 0.0 0.0 0.0 0.0 0.0 0.0 0.0 0.0 0.0 0.1 0.1 0.0 0.0 0.0 0.0 0.0 0.0 0.0 0.0 0.0 0.1 0.1 0.1 0.0 0.0 0.0 0.0 15/03/2013
8.0 4.0 4.0 4.0 4.0 4.0 1.4 1.4 1.4 1.4 5.4 5.5 8.1 8.1 4.0 4.0 4.0 4.0 1.4 1.4 1.4 5.3 5.3 4.2 8.0 8.0 8.1 8.1 16/03/2013
7.2 6.3 6.4 6.3 6.3 6.4 1.4 1.4 1.4 1.4 2.2 2.2 7.3 7.3 6.4 6.4 6.4 6.4 1.4 1.4 1.4 2.2 2.2 4.7 7.2 7.2 7.3 7.3 17/03/2013
0.5 5.4 5.5 5.4 5.4 5.5 3.7 3.8 3.8 3.9 2.2 2.2 0.5 0.5 5.5 5.5 5.5 5.5 3.7 3.8 3.8 2.1 2.1 0.4 0.5 0.5 0.5 0.5 18/03/2013
4.6 2.1 2.2 2.1 2.2 2.2 8.1 8.2 8.3 8.3 10.0 10.0 4.7 4.7 2.2 2.2 2.2 2.2 7.9 8.1 8.1 9.8 9.7 3.9 4.7 4.7 4.7 4.7 19/03/2013
0.1 1.3 1.3 1.3 1.3 1.3 2.4 2.5 2.5 2.5 2.7 2.7 0.1 0.1 1.3 1.3 1.3 1.3 2.4 2.4 2.5 2.7 2.6 0.0 0.1 0.1 0.1 0.1 20/03/2013
3.3 1.4 1.4 1.4 1.4 1.4 0.0 0.0 0.0 0.0 0.0 0.0 3.4 3.4 1.4 1.4 1.4 1.4 0.0 0.0 0.0 0.0 0.0 4.3 3.3 3.3 3.4 3.4 21/03/2013
1.7 1.2 1.2 1.2 1.2 1.2 0.6 0.6 0.6 0.7 2.2 2.2 1.7 1.7 1.2 1.2 1.2 1.2 0.6 0.6 0.6 2.2 2.2 1.4 1.7 1.7 1.7 1.7 22/03/2013
0.9 0.4 0.4 0.4 0.4 0.4 0.2 0.1 0.1 0.1 4.3 4.4 0.9 0.9 0.4 0.4 0.4 0.4 0.2 0.2 0.2 4.3 4.3 0.0 0.9 0.9 0.9 0.9 23/03/2013
0.0 0.0 0.0 0.0 0.0 0.0 0.0 0.0 0.0 0.0 0.0 0.0 0.0 0.0 0.0 0.0 0.0 0.0 0.0 0.0 0.0 0.0 0.0 0.0 0.0 0.0 0.0 0.0 24/03/2013
0.0 0.0 0.0 0.0 0.0 0.0 0.0 0.0 0.0 0.0 0.0 0.0 0.0 0.0 0.0 0.0 0.0 0.0 0.0 0.0 0.0 0.0 0.0 0.0 0.0 0.0 0.0 0.0 25/03/2013
0.0 0.0 0.0 0.0 0.0 0.0 0.0 0.0 0.0 0.0 0.0 0.0 0.0 0.0 0.0 0.0 0.0 0.0 0.0 0.0 0.0 0.0 0.0 0.0 0.0 0.0 0.0 0.0 26/03/2013
0.0 0.0 0.0 0.0 0.0 0.0 0.0 0.0 0.0 0.0 0.0 0.0 0.0 0.0 0.0 0.0 0.0 0.0 0.0 0.0 0.0 0.0 0.0 0.0 0.0 0.0 0.0 0.0 27/03/2013
0.0 0.0 0.0 0.0 0.0 0.0 0.1 0.2 0.1 0.1 0.0 0.0 0.0 0.0 0.0 0.0 0.0 0.0 0.1 0.1 0.2 0.0 0.0 0.1 0.0 0.0 0.0 0.0 28/03/2013
0.0 0.0 0.0 0.0 0.0 0.0 0.0 0.0 0.0 0.0 0.0 0.0 0.0 0.0 0.0 0.0 0.0 0.0 0.0 0.0 0.0 0.0 0.0 0.0 0.0 0.0 0.0 0.0 29/03/2013
0.0 0.0 0.0 0.0 0.0 0.0 0.0 0.0 0.0 0.0 0.0 0.0 0.0 0.0 0.0 0.0 0.0 0.0 0.0 0.0 0.0 0.0 0.0 0.0 0.0 0.0 0.0 0.0 30/03/2013
0.0 0.0 0.0 0.0 0.0 0.0 0.0 0.0 0.0 0.0 0.0 0.0 0.0 0.0 0.0 0.0 0.0 0.0 0.0 0.0 0.0 0.0 0.0 0.0 0.0 0.0 0.0 0.0 31/03/2013
0.0 0.0 0.0 0.0 0.0 0.0 0.0 0.0 0.0 0.0 0.0 0.0 0.0 0.0 0.0 0.0 0.0 0.0 0.0 0.0 0.0 0.0 0.0 0.0 0.0 0.0 0.0 0.0 01/04/2013
0.0 0.0 0.0 0.0 0.0 0.0 0.0 0.0 0.0 0.0 0.0 0.0 0.0 0.0 0.0 0.0 0.0 0.0 0.0 0.0 0.0 0.0 0.0 0.0 0.0 0.0 0.0 0.0 02/04/2013
0.0 0.0 0.0 0.0 0.0 0.0 0.0 0.0 0.0 0.0 0.0 0.0 0.0 0.0 0.0 0.0 0.0 0.0 0.0 0.0 0.0 0.0 0.0 0.0 0.0 0.0 0.0 0.0 03/04/2013
2.2 3.5 3.4 3.5 3.4 3.5 0.0 0.0 0.0 0.0 0.0 0.0 2.2 2.2 3.5 3.6 3.6 3.5 0.0 0.0 0.0 0.0 0.0 1.2 2.2 2.2 2.3 2.2 04/04/2013
6.9 1.0 1.0 1.0 0.9 1.0 0.0 0.0 0.0 0.0 0.0 0.0 7.0 7.0 1.0 1.0 1.0 1.0 0.0 0.0 0.0 0.0 0.0 9.3 6.9 6.9 6.9 7.0 05/04/2013
0.0 0.1 0.1 0.1 0.1 0.1 0.0 0.0 0.0 0.0 0.0 0.0 0.0 0.0 0.1 0.1 0.1 0.1 0.0 0.0 0.0 0.0 0.0 0.0 0.0 0.0 0.0 0.0 06/04/2013
0.0 0.0 0.0 0.0 0.0 0.0 0.0 0.0 0.0 0.0 0.0 0.0 0.0 0.0 0.0 0.0 0.0 0.0 0.0 0.0 0.0 0.0 0.0 0.0 0.0 0.0 0.0 0.0 07/04/2013
5.2 4.2 4.2 4.2 4.2 4.2 0.9 0.9 0.9 0.9 0.6 0.6 5.3 5.3 4.3 4.3 4.3 4.3 0.9 0.9 0.9 0.6 0.6 6.0 5.3 5.3 5.3 5.3 08/04/2013
3.6 5.0 5.1 5.0 5.0 5.1 5.4 5.5 5.5 5.6 11.7 11.8 3.7 3.7 5.1 5.1 5.1 5.1 5.4 5.4 5.5 11.5 11.4 1.3 3.6 3.6 3.7 3.7 09/04/2013
5.4 5.5 5.5 5.5 5.5 5.5 4.7 4.8 4.9 4.9 7.1 7.1 5.5 5.5 5.6 5.6 5.6 5.6 4.7 4.7 4.8 6.9 6.9 4.6 5.4 5.4 5.5 5.5 10/04/2013
3.4 5.8 5.9 5.8 5.8 5.9 4.7 4.8 4.8 4.9 8.3 8.3 3.4 3.4 5.9 5.9 5.9 5.9 4.6 4.7 4.8 8.1 8.0 2.9 3.4 3.4 3.5 3.5 11/04/2013
0.7 1.6 1.6 1.6 1.6 1.6 8.2 8.3 8.4 8.5 4.8 4.8 0.7 0.7 1.6 1.6 1.6 1.6 8.1 8.3 8.3 4.7 4.6 0.5 0.7 0.7 0.7 0.7 12/04/2013
9.6 4.9 4.9 4.9 4.9 4.9 1.5 1.5 1.5 1.5 1.0 1.0 9.7 9.7 5.0 4.9 4.9 4.9 1.5 1.5 1.5 1.0 1.0 7.8 9.7 9.7 9.8 9.8 13/04/2013
1.4 0.7 0.7 0.7 0.7 0.7 0.0 0.0 0.0 0.0 0.2 0.2 1.4 1.4 0.7 0.7 0.7 0.7 0.0 0.0 0.0 0.2 0.2 1.1 1.4 1.4 1.4 1.4 14/04/2013
0.0 0.5 0.5 0.5 0.5 0.5 0.5 0.5 0.5 0.5 0.1 0.1 0.0 0.0 0.5 0.5 0.5 0.5 0.5 0.5 0.5 0.1 0.1 0.0 0.0 0.0 0.0 0.0 15/04/2013
2.2 0.7 0.7 0.7 0.7 0.7 0.0 0.0 0.0 0.0 0.0 0.0 2.2 2.2 0.7 0.7 0.7 0.7 0.0 0.0 0.0 0.0 0.0 2.7 2.2 2.2 2.2 2.3 16/04/2013
0.0 0.0 0.0 0.0 0.0 0.0 0.0 0.0 0.0 0.0 0.0 0.0 0.0 0.0 0.0 0.0 0.0 0.0 0.0 0.0 0.0 0.0 0.0 0.0 0.0 0.0 0.0 0.0 17/04/2013
0.0 0.2 0.2 0.2 0.2 0.2 0.0 0.0 0.0 0.0 0.0 0.0 0.0 0.0 0.2 0.2 0.2 0.2 0.0 0.0 0.0 0.0 0.0 0.0 0.0 0.0 0.0 0.0 18/04/2013
0.1 0.8 0.8 0.8 0.8 0.8 1.5 1.6 1.6 1.6 1.8 1.8 0.1 0.1 0.8 0.8 0.8 0.8 1.5 1.5 1.6 1.7 1.7 0.0 0.1 0.1 0.1 0.1 19/04/2013
0.1 0.0 0.0 0.0 0.0 0.0 0.0 0.0 0.0 0.0 0.0 0.0 0.1 0.1 0.0 0.0 0.0 0.0 0.0 0.0 0.0 0.0 0.0 0.0 0.1 0.1 0.1 0.1 20/04/2013
0.0 0.1 0.1 0.1 0.1 0.1 0.0 0.0 0.0 0.0 0.0 0.0 0.0 0.0 0.1 0.1 0.1 0.1 0.0 0.0 0.0 0.0 0.0 0.0 0.0 0.0 0.0 0.0 21/04/2013
0.2 0.1 0.1 0.1 0.1 0.1 0.0 0.0 0.0 0.0 0.0 0.0 0.2 0.2 0.1 0.1 0.1 0.1 0.0 0.0 0.0 0.0 0.0 0.0 0.2 0.2 0.2 0.2 22/04/2013
0.4 0.4 0.4 0.4 0.4 0.4 0.2 0.2 0.2 0.2 0.0 0.0 0.4 0.4 0.4 0.4 0.4 0.4 0.2 0.2 0.2 0.0 0.0 0.4 0.4 0.4 0.4 0.4 23/04/2013
0.1 0.1 0.1 0.1 0.1 0.1 0.0 0.0 0.0 0.0 0.0 0.0 0.1 0.1 0.1 0.1 0.1 0.1 0.0 0.0 0.0 0.0 0.0 0.1 0.1 0.1 0.1 0.1 24/04/2013
0.0 0.0 0.0 0.0 0.0 0.0 0.0 0.0 0.0 0.0 0.0 0.0 0.0 0.0 0.0 0.0 0.0 0.0 0.0 0.0 0.0 0.0 0.0 0.0 0.0 0.0 0.0 0.0 25/04/2013
1.6 1.2 1.2 1.2 1.2 1.2 1.8 1.8 1.8 1.8 2.0 2.0 1.6 1.6 1.2 1.2 1.2 1.2 1.7 1.8 1.8 1.9 1.9 1.9 1.6 1.6 1.6 1.6 26/04/2013
0.0 0.4 0.4 0.4 0.4 0.4 0.0 0.0 0.0 0.0 0.2 0.2 0.0 0.0 0.4 0.4 0.4 0.4 0.0 0.0 0.0 0.1 0.1 0.0 0.0 0.0 0.0 0.0 27/04/2013
0.0 0.1 0.1 0.1 0.1 0.1 0.1 0.1 0.1 0.1 0.2 0.2 0.0 0.0 0.2 0.1 0.1 0.1 0.1 0.1 0.1 0.2 0.2 0.0 0.0 0.0 0.0 0.0 28/04/2013
0.2 0.0 0.0 0.0 0.0 0.0 0.0 0.0 0.0 0.0 0.1 0.1 0.3 0.3 0.0 0.0 0.0 0.0 0.0 0.0 0.0 0.1 0.1 0.0 0.2 0.2 0.3 0.3 29/04/2013
0.0 0.0 0.0 0.0 0.0 0.0 1.0 1.0 1.0 1.0 2.2 2.2 0.0 0.0 0.0 0.0 0.0 0.0 1.0 1.0 1.0 2.2 2.2 0.0 0.0 0.0 0.0 0.0 30/04/2013
8.5 4.9 4.9 4.9 4.9 4.9 4.9 4.9 5.0 5.0 4.0 4.1 8.6 8.6 4.9 4.9 4.9 4.9 4.8 4.9 4.9 4.0 3.9 8.7 8.6 8.6 8.6 8.7 01/05/2013
0.5 0.3 0.3 0.3 0.3 0.3 0.0 0.0 0.0 0.0 0.6 0.6 0.5 0.5 0.3 0.3 0.3 0.3 0.0 0.0 0.0 0.6 0.6 0.3 0.5 0.5 0.5 0.5 02/05/2013
0.1 0.0 0.0 0.0 0.0 0.0 0.2 0.2 0.2 0.2 2.6 2.7 0.1 0.1 0.0 0.0 0.0 0.0 0.2 0.2 0.2 2.6 2.6 0.1 0.1 0.1 0.1 0.1 03/05/2013
0.0 0.0 0.0 0.0 0.0 0.0 0.0 0.0 0.0 0.0 0.0 0.0 0.0 0.0 0.0 0.0 0.0 0.0 0.0 0.0 0.0 0.0 0.0 0.0 0.0 0.0 0.0 0.0 04/05/2013
0.0 0.0 0.0 0.0 0.0 0.0 0.0 0.0 0.0 0.0 0.0 0.0 0.0 0.0 0.0 0.0 0.0 0.0 0.0 0.0 0.0 0.0 0.0 0.1 0.0 0.0 0.0 0.0 05/05/2013
0.0 0.0 0.0 0.0 0.0 0.0 1.7 1.7 1.7 1.7 7.1 7.1 0.0 0.0 0.0 0.0 0.0 0.0 1.6 1.7 1.7 6.9 6.9 0.0 0.0 0.0 0.0 0.0 06/05/2013
5.8 4.1 4.1 4.1 4.1 4.2 12.9 13.1 13.2 13.3 3.3 3.3 5.9 5.9 4.2 4.2 4.2 4.2 12.7 12.9 13.0 3.3 3.2 6.0 5.9 5.9 5.9 6.0 07/05/2013
5.7 11.2 11.2 11.2 11.2 11.2 16.9 17.1 17.4 17.5 24.4 24.5 5.8 5.8 11.4 11.3 11.3 11.3 16.7 17.0 17.1 23.9 23.7 2.8 5.8 5.8 5.8 5.8 08/05/2013
0.5 0.5 0.5 0.5 0.5 0.5 0.0 0.0 0.0 0.0 0.1 0.1 0.5 0.5 0.5 0.5 0.5 0.5 0.0 0.0 0.0 0.1 0.1 0.0 0.5 0.5 0.5 0.5 09/05/2013
3.7 3.4 3.4 3.4 3.4 3.4 0.2 0.2 0.2 0.2 0.2 0.2 3.8 3.8 3.4 3.4 3.4 3.4 0.2 0.2 0.2 0.2 0.2 2.9 3.8 3.8 3.8 3.8 10/05/2013
0.0 1.7 1.7 1.7 1.7 1.7 3.8 3.8 3.9 3.9 5.0 5.0 0.0 0.0 1.8 1.7 1.7 1.7 3.8 3.8 3.8 4.9 4.9 0.0 0.0 0.0 0.0 0.0 11/05/2013
3.5 3.4 3.4 3.4 3.4 3.4 3.8 3.9 3.9 4.0 4.3 4.3 3.5 3.5 3.4 3.4 3.4 3.4 3.8 3.9 3.9 4.2 4.2 2.9 3.5 3.5 3.5 3.5 12/05/2013
1.8 1.0 1.0 1.0 1.0 1.0 0.5 0.5 0.5 0.5 0.4 0.4 1.8 1.8 1.0 1.0 1.0 1.0 0.5 0.5 0.5 0.4 0.4 2.5 1.8 1.8 1.8 1.9 13/05/2013
4.1 4.5 4.5 4.5 4.5 4.5 3.4 3.4 3.5 3.5 3.2 3.3 4.2 4.2 4.6 4.6 4.6 4.6 3.3 3.4 3.4 3.2 3.1 2.6 4.2 4.2 4.2 4.2 14/05/2013
0.4 0.1 0.1 0.1 0.1 0.1 1.9 1.9 1.9 1.9 4.5 4.5 0.4 0.4 0.1 0.1 0.1 0.1 1.8 1.9 1.9 4.4 4.3 0.6 0.4 0.4 0.4 0.4 15/05/2013
2.9 3.9 3.9 3.9 3.9 3.9 4.1 4.2 4.2 4.2 5.0 5.0 2.9 2.9 4.0 4.0 4.0 4.0 4.1 4.1 4.2 4.9 4.8 0.6 2.9 2.9 2.9 3.0 16/05/2013
0.1 0.0 0.0 0.0 0.0 0.0 0.1 0.1 0.1 0.1 1.6 1.6 0.1 0.1 0.0 0.0 0.0 0.0 0.1 0.1 0.1 1.6 1.6 0.1 0.1 0.1 0.1 0.1 17/05/2013
7.5 5.0 5.1 5.0 5.0 5.1 0.7 0.8 0.8 0.8 0.4 0.4 7.6 7.6 5.1 5.1 5.1 5.1 0.7 0.8 0.8 0.4 0.4 7.6 7.6 7.6 7.6 7.7 18/05/2013
9.6 17.4 17.5 17.4 17.5 17.5 25.4 25.7 26.0 26.3 23.7 23.8 9.8 9.8 17.7 17.7 17.7 17.7 25.0 25.4 25.6 23.2 23.0 8.8 9.7 9.7 9.8 9.8 19/05/2013
14.7 12.2 12.3 12.2 12.2 12.3 5.2 5.2 5.3 5.4 4.6 4.6 14.9 14.9 12.4 12.4 12.4 12.4 5.1 5.2 5.2 4.5 4.4 17.6 14.8 14.8 14.9 15.0 20/05/2013
0.5 0.4 0.4 0.4 0.4 0.4 6.5 6.6 6.7 6.8 4.9 4.9 0.6 0.6 0.4 0.4 0.4 0.4 6.4 6.6 6.6 4.8 4.8 0.6 0.5 0.5 0.6 0.6 21/05/2013
0.0 0.0 0.0 0.0 0.0 0.0 0.3 0.4 0.4 0.4 0.7 0.7 0.0 0.0 0.0 0.0 0.0 0.0 0.3 0.3 0.3 0.7 0.7 0.0 0.0 0.0 0.0 0.0 22/05/2013
2.3 3.7 3.7 3.7 3.7 3.7 3.8 3.8 3.8 3.9 4.7 4.8 2.3 2.3 3.8 3.8 3.8 3.8 3.7 3.8 3.7 4.6 4.6 2.9 2.3 2.3 2.3 2.3 23/05/2013
7.7 7.8 7.9 7.8 7.9 7.9 3.7 3.8 3.8 3.8 2.4 2.4 7.8 7.8 8.0 8.0 8.0 8.0 3.7 3.7 3.7 2.3 2.3 5.7 7.7 7.7 7.8 7.8 24/05/2013
1.8 0.3 0.3 0.3 0.3 0.3 3.9 4.0 4.0 4.0 1.6 1.6 1.8 1.8 0.3 0.3 0.3 0.3 3.8 3.9 3.9 1.5 1.5 1.3 1.8 1.8 1.8 1.9 25/05/2013
0.0 0.0 0.0 0.0 0.0 0.0 0.4 0.4 0.4 0.4 0.6 0.6 0.0 0.0 0.0 0.0 0.0 0.0 0.4 0.4 0.4 0.6 0.6 0.0 0.0 0.0 0.0 0.0 26/05/2013
3.0 2.5 2.5 2.5 2.5 2.5 0.0 0.0 0.0 0.0 0.0 0.0 3.1 3.1 2.6 2.6 2.6 2.6 0.0 0.0 0.0 0.0 0.0 3.1 3.0 3.0 3.1 3.1 27/05/2013
5.6 5.8 5.8 5.8 5.8 5.8 3.4 3.4 3.5 3.5 5.5 5.5 5.7 5.7 5.9 5.9 5.9 5.9 3.3 3.4 3.4 5.4 5.4 4.5 5.7 5.7 5.7 5.7 28/05/2013
0.7 1.9 1.9 1.9 1.9 1.9 7.4 7.4 7.5 7.6 12.0 12.0 0.7 0.7 1.9 1.9 1.9 1.9 7.2 7.4 7.4 11.8 11.7 1.6 0.7 0.7 0.7 0.7 29/05/2013
3.2 3.3 3.4 3.3 3.3 3.4 2.1 2.1 2.2 2.2 4.8 4.8 3.2 3.2 3.4 3.4 3.4 3.4 2.1 2.1 2.1 4.7 4.7 3.8 3.2 3.2 3.2 3.2 30/05/2013
0.0 0.2 0.2 0.2 0.2 0.2 0.0 0.0 0.0 0.0 0.4 0.4 0.0 0.0 0.2 0.2 0.2 0.2 0.0 0.0 0.0 0.4 0.4 0.0 0.0 0.0 0.0 0.0 31/05/2013
0.0 0.0 0.0 0.0 0.0 0.0 0.0 0.0 0.0 0.0 0.0 0.0 0.0 0.0 0.0 0.0 0.0 0.0 0.0 0.0 0.0 0.0 0.0 0.1 0.0 0.0 0.0 0.0 01/06/2013
0.0 0.0 0.0 0.0 0.0 0.0 0.0 0.0 0.0 0.0 0.0 0.0 0.0 0.0 0.0 0.0 0.0 0.0 0.0 0.0 0.0 0.0 0.0 0.1 0.0 0.0 0.0 0.0 02/06/2013
0.0 0.1 0.1 0.1 0.1 0.1 0.0 0.0 0.0 0.0 0.0 0.0 0.0 0.0 0.1 0.1 0.1 0.1 0.0 0.0 0.0 0.0 0.0 0.0 0.0 0.0 0.0 0.0 03/06/2013
0.0 0.0 0.0 0.0 0.0 0.0 0.0 0.0 0.0 0.0 0.0 0.0 0.0 0.0 0.0 0.0 0.0 0.0 0.0 0.0 0.0 0.0 0.0 0.0 0.0 0.0 0.0 0.0 04/06/2013
0.0 0.0 0.0 0.0 0.0 0.0 0.0 0.0 0.0 0.0 0.0 0.0 0.0 0.0 0.0 0.0 0.0 0.0 0.0 0.0 0.0 0.0 0.0 0.0 0.0 0.0 0.0 0.0 05/06/2013
0.0 0.0 0.0 0.0 0.0 0.0 0.0 0.0 0.0 0.0 0.0 0.0 0.0 0.0 0.0 0.0 0.0 0.0 0.0 0.0 0.0 0.0 0.0 0.2 0.0 0.0 0.0 0.0 06/06/2013
0.0 0.0 0.0 0.0 0.0 0.0 0.0 0.0 0.0 0.0 0.0 0.0 0.0 0.0 0.0 0.0 0.0 0.0 0.0 0.0 0.0 0.0 0.0 0.0 0.0 0.0 0.0 0.0 07/06/2013
0.0 0.0 0.0 0.0 0.0 0.0 2.7 2.7 2.7 2.8 1.4 1.4 0.0 0.0 0.0 0.0 0.0 0.0 2.7 2.7 2.7 1.4 1.4 0.0 0.0 0.0 0.0 0.0 08/06/2013
0.0 0.0 0.0 0.0 0.0 0.0 4.8 4.8 4.9 4.9 11.5 11.5 0.0 0.0 0.0 0.0 0.0 0.0 4.7 4.8 4.8 11.3 11.2 0.0 0.0 0.0 0.0 0.0 09/06/2013
0.1 0.0 0.0 0.0 0.0 0.0 0.0 0.0 0.0 0.0 0.1 0.1 0.1 0.1 0.0 0.0 0.0 0.0 0.0 0.0 0.0 0.1 0.1 0.4 0.1 0.1 0.1 0.1 10/06/2013
0.8 0.7 0.7 0.7 0.7 0.7 0.0 0.0 0.0 0.0 0.0 0.0 0.8 0.8 0.7 0.7 0.7 0.7 0.0 0.0 0.0 0.0 0.0 0.3 0.8 0.8 0.8 0.8 11/06/2013
0.1 0.0 0.0 0.0 0.0 0.0 0.7 0.7 0.7 0.8 1.1 1.1 0.1 0.1 0.0 0.0 0.0 0.0 0.7 0.7 0.7 1.1 1.1 0.1 0.1 0.1 0.1 0.1 12/06/2013
0.4 1.6 1.6 1.6 1.6 1.6 8.6 8.7 8.9 8.9 11.4 11.4 0.5 0.5 1.6 1.6 1.6 1.6 8.5 8.7 8.7 11.1 11.0 0.3 0.4 0.4 0.5 0.5 13/06/2013
0.2 0.1 0.1 0.1 0.1 0.1 0.0 0.0 0.0 0.0 0.1 0.1 0.2 0.2 0.1 0.1 0.1 0.1 0.0 0.0 0.0 0.1 0.1 0.3 0.2 0.2 0.2 0.2 14/06/2013
0.0 0.2 0.2 0.2 0.2 0.2 0.0 0.0 0.0 0.0 0.0 0.0 0.0 0.0 0.2 0.2 0.2 0.2 0.0 0.0 0.0 0.0 0.0 0.0 0.0 0.0 0.0 0.0 15/06/2013
2.0 0.6 0.6 0.6 0.6 0.6 0.0 0.0 0.0 0.0 0.0 0.0 2.0 2.0 0.6 0.6 0.6 0.6 0.0 0.0 0.0 0.0 0.0 2.6 2.0 2.0 2.0 2.0 16/06/2013
3.2 2.6 2.7 2.6 2.7 2.7 13.4 13.6 13.7 13.9 2.5 2.5 3.2 3.2 2.7 2.7 2.7 2.7 13.2 13.4 13.5 2.5 2.4 2.3 3.2 3.2 3.2 3.3 17/06/2013
0.9 3.6 3.9 3.6 3.7 3.9 0.6 0.6 0.6 0.6 2.5 2.5 0.9 0.9 4.4 4.3 4.3 4.4 0.6 0.6 0.6 2.5 2.4 1.3 0.9 0.9 0.9 0.9 18/06/2013
0.3 3.7 3.7 3.7 3.7 3.7 7.1 7.2 7.3 7.4 22.4 22.4 0.4 0.4 3.7 3.7 3.7 3.7 7.0 7.2 7.2 21.9 21.7 0.5 0.3 0.3 0.4 0.4 19/06/2013
8.6 11.6 11.7 11.6 11.6 11.7 21.7 21.9 22.2 22.4 29.2 29.3 8.8 8.8 11.8 11.8 11.7 11.8 21.3 21.7 21.9 28.6 28.3 3.3 8.7 8.7 8.8 8.8 20/06/2013
0.4 0.1 0.1 0.1 0.1 0.1 6.1 6.2 6.2 6.3 4.3 4.3 0.4 0.4 0.1 0.1 0.1 0.1 6.0 6.1 6.1 4.2 4.2 0.7 0.4 0.4 0.5 0.5 21/06/2013
6.1 6.3 6.3 6.3 6.3 6.3 6.4 6.5 6.6 6.6 5.6 5.7 6.1 6.1 6.4 6.4 6.4 6.4 6.4 6.5 6.5 5.5 5.5 3.7 6.1 6.1 6.1 6.2 22/06/2013
1.3 2.7 2.7 2.7 2.7 2.7 6.1 6.2 6.3 6.3 4.4 4.5 1.3 1.3 2.8 2.7 2.7 2.7 6.0 6.1 6.2 4.4 4.3 0.5 1.3 1.3 1.3 1.3 23/06/2013
0.0 0.1 0.1 0.1 0.1 0.1 0.3 0.4 0.4 0.4 0.2 0.2 0.0 0.0 0.1 0.1 0.1 0.1 0.3 0.3 0.3 0.1 0.1 0.0 0.0 0.0 0.0 0.0 24/06/2013
0.0 0.0 0.0 0.0 0.0 0.0 0.1 0.1 0.1 0.1 0.2 0.2 0.0 0.0 0.0 0.0 0.0 0.0 0.1 0.1 0.1 0.2 0.2 0.0 0.0 0.0 0.0 0.0 25/06/2013
0.0 0.0 0.0 0.0 0.0 0.0 3.9 4.0 4.0 4.0 3.2 3.2 0.0 0.0 0.0 0.0 0.0 0.0 3.9 3.9 3.9 3.1 3.1 0.0 0.0 0.0 0.0 0.0 26/06/2013
2.7 3.4 3.4 3.4 3.4 3.4 0.6 0.6 0.6 0.6 0.5 0.5 2.7 2.7 3.5 3.5 3.5 3.5 0.6 0.6 0.6 0.5 0.5 4.8 2.7 2.7 2.7 2.7 27/06/2013
3.7 2.4 2.4 2.4 2.4 2.4 7.3 7.4 7.5 7.5 9.3 9.3 3.8 3.8 2.4 2.4 2.4 2.4 7.2 7.3 7.3 9.1 9.0 2.1 3.7 3.7 3.8 3.8 28/06/2013
0.0 0.2 0.2 0.2 0.2 0.2 0.0 0.0 0.0 0.0 0.0 0.0 0.0 0.0 0.2 0.2 0.2 0.2 0.0 0.0 0.0 0.0 0.0 0.0 0.0 0.0 0.0 0.0 29/06/2013
0.0 0.0 0.0 0.0 0.0 0.0 0.0 0.0 0.0 0.0 0.1 0.1 0.0 0.0 0.0 0.0 0.0 0.0 0.0 0.0 0.0 0.1 0.1 0.0 0.0 0.0 0.0 0.0 30/06/2013
0.0 0.0 0.0 0.0 0.0 0.0 0.0 0.0 0.0 0.0 0.0 0.0 0.0 0.0 0.0 0.0 0.0 0.0 0.0 0.0 0.0 0.0 0.0 0.0 0.0 0.0 0.0 0.0 01/07/2013
3.2 5.6 5.6 5.6 5.6 5.6 4.6 4.7 4.7 4.8 4.7 4.7 3.3 3.3 5.7 5.7 5.7 5.7 4.5 4.6 4.7 4.6 4.5 2.7 3.3 3.3 3.3 3.3 02/07/2013
0.6 0.8 0.8 0.8 0.8 0.8 5.1 5.2 5.3 5.3 4.7 4.8 0.6 0.6 0.8 0.8 0.8 0.8 5.1 5.2 5.2 4.6 4.6 0.5 0.6 0.6 0.6 0.6 03/07/2013
0.0 0.1 0.1 0.1 0.1 0.1 0.0 0.0 0.0 0.0 0.0 0.0 0.0 0.0 0.1 0.1 0.1 0.1 0.0 0.0 0.0 0.0 0.0 0.2 0.0 0.0 0.0 0.0 04/07/2013
0.0 0.0 0.0 0.0 0.0 0.0 0.0 0.0 0.0 0.0 0.1 0.1 0.0 0.0 0.0 0.0 0.0 0.0 0.0 0.0 0.0 0.1 0.1 0.1 0.0 0.0 0.0 0.0 05/07/2013
0.0 0.0 0.0 0.0 0.0 0.0 0.0 0.0 0.0 0.0 0.0 0.0 0.0 0.0 0.0 0.0 0.0 0.0 0.0 0.0 0.0 0.0 0.0 0.0 0.0 0.0 0.0 0.0 06/07/2013
0.0 0.0 0.0 0.0 0.0 0.0 0.0 0.0 0.0 0.0 0.0 0.0 0.0 0.0 0.0 0.0 0.0 0.0 0.0 0.0 0.0 0.0 0.0 0.0 0.0 0.0 0.0 0.0 07/07/2013
0.0 0.0 0.0 0.0 0.0 0.0 0.0 0.0 0.0 0.0 0.0 0.0 0.0 0.0 0.0 0.0 0.0 0.0 0.0 0.0 0.0 0.0 0.0 0.0 0.0 0.0 0.0 0.0 08/07/2013
0.0 0.0 0.0 0.0 0.0 0.0 0.0 0.0 0.0 0.0 0.0 0.0 0.0 0.0 0.0 0.0 0.0 0.0 0.0 0.0 0.0 0.0 0.0 0.0 0.0 0.0 0.0 0.0 09/07/2013
0.0 0.0 0.0 0.0 0.0 0.0 0.0 0.0 0.0 0.0 0.0 0.0 0.0 0.0 0.0 0.0 0.0 0.0 0.0 0.0 0.0 0.0 0.0 0.0 0.0 0.0 0.0 0.0 10/07/2013
0.0 0.1 0.1 0.1 0.1 0.1 0.0 0.0 0.0 0.0 0.0 0.0 0.0 0.0 0.1 0.1 0.1 0.1 0.0 0.0 0.0 0.0 0.0 0.0 0.0 0.0 0.0 0.0 11/07/2013
0.1 0.1 0.1 0.1 0.1 0.1 0.0 0.0 0.0 0.0 0.0 0.0 0.1 0.1 0.1 0.1 0.1 0.1 0.0 0.0 0.0 0.0 0.0 0.1 0.1 0.1 0.1 0.1 12/07/2013
0.0 0.1 0.1 0.1 0.1 0.1 0.0 0.0 0.0 0.0 0.0 0.0 0.0 0.0 0.1 0.1 0.1 0.1 0.0 0.0 0.0 0.0 0.0 0.0 0.0 0.0 0.0 0.0 13/07/2013
0.0 0.0 0.0 0.0 0.0 0.0 0.0 0.0 0.0 0.0 0.0 0.0 0.0 0.0 0.0 0.0 0.0 0.0 0.0 0.0 0.0 0.0 0.0 0.0 0.0 0.0 0.0 0.0 14/07/2013
0.0 0.0 0.0 0.0 0.0 0.0 0.0 0.0 0.0 0.0 0.0 0.0 0.0 0.0 0.0 0.0 0.0 0.0 0.0 0.0 0.0 0.0 0.0 0.0 0.0 0.0 0.0 0.0 15/07/2013
0.0 0.0 0.0 0.0 0.0 0.0 0.0 0.0 0.0 0.0 0.0 0.0 0.0 0.0 0.0 0.0 0.0 0.0 0.0 0.0 0.0 0.0 0.0 0.0 0.0 0.0 0.0 0.0 16/07/2013
0.0 0.0 0.0 0.0 0.0 0.0 0.0 0.0 0.0 0.0 0.0 0.0 0.0 0.0 0.0 0.0 0.0 0.0 0.0 0.0 0.0 0.0 0.0 0.0 0.0 0.0 0.0 0.0 17/07/2013
0.0 0.1 0.1 0.1 0.1 0.1 0.0 0.0 0.0 0.0 0.0 0.0 0.0 0.0 0.1 0.1 0.1 0.1 0.0 0.0 0.0 0.0 0.0 0.0 0.0 0.0 0.0 0.0 18/07/2013
0.0 0.0 0.0 0.0 0.0 0.0 0.0 0.0 0.0 0.0 0.0 0.0 0.0 0.0 0.0 0.0 0.0 0.0 0.0 0.0 0.0 0.0 0.0 0.0 0.0 0.0 0.0 0.0 19/07/2013
0.1 0.0 0.0 0.0 0.0 0.0 0.0 0.0 0.0 0.0 0.0 0.0 0.1 0.1 0.0 0.0 0.0 0.0 0.0 0.0 0.0 0.0 0.0 0.0 0.1 0.1 0.1 0.1 20/07/2013
0.4 0.0 0.0 0.0 0.0 0.0 0.0 0.0 0.0 0.0 0.0 0.0 0.4 0.4 0.0 0.0 0.0 0.0 0.0 0.0 0.0 0.0 0.0 0.8 0.4 0.4 0.4 0.4 21/07/2013
0.0 1.4 1.4 1.4 1.4 1.4 2.6 2.6 2.6 2.7 1.0 1.0 0.0 0.0 1.5 1.5 1.5 1.5 2.5 2.6 2.6 1.0 1.0 0.7 0.0 0.0 0.0 0.0 22/07/2013
0.1 8.8 8.9 8.8 8.8 8.9 3.9 3.9 4.0 4.0 3.6 3.6 0.1 0.1 9.0 8.9 8.9 8.9 3.8 3.9 3.9 3.5 3.5 0.7 0.1 0.1 0.1 0.1 23/07/2013
2.6 0.1 0.1 0.1 0.1 0.1 1.5 1.5 1.5 1.5 6.3 6.3 2.6 2.6 0.1 0.1 0.1 0.1 1.5 1.5 1.5 6.2 6.1 0.2 2.6 2.6 2.6 2.6 24/07/2013
2.1 2.4 2.4 2.4 2.4 2.4 2.7 2.8 2.8 2.8 0.3 0.3 2.2 2.2 2.4 2.4 2.4 2.4 2.7 2.7 2.8 0.3 0.3 0.4 2.1 2.1 2.2 2.2 25/07/2013
1.5 15.9 16.0 15.9 16.0 16.0 4.9 5.0 5.0 5.1 24.5 24.6 1.5 1.5 16.2 16.2 16.2 16.2 4.8 4.9 5.0 24.0 23.8 1.3 1.5 1.5 1.5 1.5 26/07/2013
18.1 15.2 15.3 15.2 15.2 15.3 17.1 17.3 17.5 17.7 22.8 22.8 18.3 18.3 15.4 15.4 15.4 15.4 16.8 17.1 17.2 22.3 22.1 12.8 18.2 18.2 18.4 18.4 27/07/2013
1.6 2.2 2.2 2.2 2.2 2.2 0.0 0.0 0.0 0.0 0.1 0.1 1.6 1.6 2.2 2.2 2.2 2.2 0.0 0.0 0.0 0.1 0.1 0.9 1.6 1.6 1.6 1.6 28/07/2013
9.9 9.2 9.2 9.2 9.2 9.2 6.2 6.3 6.4 6.5 2.1 2.1 10.1 10.1 9.3 9.3 9.3 9.3 6.2 6.3 6.3 2.1 2.1 7.4 10.0 10.0 10.1 10.1 29/07/2013
10.2 8.5 8.6 8.5 8.5 8.6 5.2 5.3 5.4 5.4 3.4 3.4 10.4 10.4 8.7 8.6 8.6 8.7 5.2 5.3 5.3 3.3 3.3 8.2 10.3 10.3 10.4 10.4 30/07/2013
0.0 0.1 0.1 0.1 0.1 0.1 0.0 0.0 0.0 0.0 0.2 0.2 0.0 0.0 0.1 0.1 0.1 0.1 0.0 0.0 0.0 0.1 0.1 0.0 0.0 0.0 0.0 0.0 31/07/2013
