# 460 461 462 463 464 465 489 490 491 492 493 494 518 519 520 521 522 523 547 548 549 550 551 575 576 577 578 579 Date
0.0 0.0 0.0 0.0 0.0 0.0 0.0 0.0 0.0 0.0 0.0 0.0 0.0 0.0 0.0 0.0 0.0 0.0 0.0 0.0 0.0 0.0 0.0 0.0 0.0 0.0 0.0 0.0 01/08/1996
0.0 0.0 0.0 0.0 0.0 0.0 0.0 0.0 0.0 0.0 0.0 0.0 0.0 0.0 0.0 0.0 0.0 0.0 0.0 0.0 0.0 0.0 0.0 0.0 0.0 0.0 0.0 0.0 02/08/1996
0.0 0.0 0.0 0.0 0.0 0.0 0.0 0.0 0.0 0.0 0.0 0.0 0.0 0.0 0.0 0.0 0.0 0.0 0.0 0.0 0.0 0.0 0.0 0.0 0.0 0.0 0.0 0.0 03/08/1996
0.0 0.0 0.0 0.0 0.0 0.0 0.0 0.0 0.0 0.0 0.0 0.0 0.0 0.0 0.0 0.0 0.0 0.0 0.0 0.0 0.0 0.0 0.0 0.0 0.0 0.0 0.0 0.0 04/08/1996
0.0 0.0 0.0 0.0 0.0 0.0 1.7 1.7 1.7 1.7 0.1 0.1 0.0 0.0 0.0 0.0 0.0 0.0 1.6 1.7 1.7 0.1 0.1 0.0 0.0 0.0 0.0 0.0 05/08/1996
0.1 1.2 1.2 1.2 1.2 1.2 5.5 5.5 5.6 5.7 2.4 2.4 0.2 0.2 1.2 1.2 1.2 1.2 5.4 5.5 5.5 2.4 2.4 0.0 0.2 0.2 0.2 0.2 06/08/1996
0.0 0.0 0.0 0.0 0.0 0.0 0.0 0.0 0.0 0.0 0.0 0.0 0.0 0.0 0.0 0.0 0.0 0.0 0.0 0.0 0.0 0.0 0.0 0.0 0.0 0.0 0.0 0.0 07/08/1996
0.0 0.0 0.0 0.0 0.0 0.0 0.0 0.0 0.0 0.0 0.0 0.0 0.0 0.0 0.0 0.0 0.0 0.0 0.0 0.0 0.0 0.0 0.0 0.0 0.0 0.0 0.0 0.0 08/08/1996
0.3 0.1 0.1 0.1 0.1 0.1 0.1 0.1 0.1 0.1 0.0 0.0 0.4 0.4 0.1 0.1 0.1 0.1 0.1 0.1 0.1 0.0 0.0 1.3 0.4 0.4 0.4 0.4 09/08/1996
5.2 14.3 14.4 14.3 14.4 14.4 1.7 1.7 1.7 1.8 2.2 2.3 5.3 5.3 14.6 14.6 14.5 14.6 1.7 1.7 1.7 2.2 2.2 1.5 5.3 5.3 5.3 5.3 10/08/1996
12.9 12.3 12.4 12.3 12.3 12.4 14.5 14.7 14.9 15.0 3.1 3.1 13.0 13.0 12.5 12.5 12.5 12.5 14.3 14.5 14.6 3.0 3.0 9.8 12.9 12.9 13.0 13.1 11/08/1996
0.9 6.2 6.3 6.2 6.2 6.3 16.2 16.4 16.6 16.8 9.4 9.4 0.9 0.9 6.3 6.3 6.3 6.3 16.0 16.2 16.4 9.2 9.1 2.9 0.9 0.9 0.9 0.9 12/08/1996
0.0 0.0 0.0 0.0 0.0 0.0 26.9 27.3 27.6 27.9 25.7 25.8 0.0 0.0 0.0 0.0 0.0 0.0 26.5 27.0 27.2 25.1 24.9 0.0 0.0 0.0 0.0 0.0 13/08/1996
0.0 0.0 0.0 0.0 0.0 0.0 0.0 0.0 0.0 0.0 0.0 0.0 0.0 0.0 0.0 0.0 0.0 0.0 0.0 0.0 0.0 0.0 0.0 0.0 0.0 0.0 0.0 0.0 14/08/1996
0.0 0.0 0.0 0.0 0.0 0.0 0.0 0.0 0.0 0.0 0.0 0.0 0.0 0.0 0.0 0.0 0.0 0.0 0.0 0.0 0.0 0.0 0.0 0.0 0.0 0.0 0.0 0.0 15/08/1996
0.0 0.0 0.0 0.0 0.0 0.0 0.0 0.0 0.0 0.0 0.0 0.0 0.0 0.0 0.0 0.0 0.0 0.0 0.0 0.0 0.0 0.0 0.0 0.0 0.0 0.0 0.0 0.0 16/08/1996
0.0 0.0 0.0 0.0 0.0 0.0 0.0 0.0 0.0 0.0 0.0 0.0 0.0 0.0 0.0 0.0 0.0 0.0 0.0 0.0 0.0 0.0 0.0 0.0 0.0 0.0 0.0 0.0 17/08/1996
0.0 0.0 0.0 0.0 0.0 0.0 0.0 0.0 0.0 0.0 0.0 0.0 0.0 0.0 0.0 0.0 0.0 0.0 0.0 0.0 0.0 0.0 0.0 0.0 0.0 0.0 0.0 0.0 18/08/1996
0.0 0.0 0.0 0.0 0.0 0.0 1.6 1.6 1.6 1.6 0.0 0.0 0.0 0.0 0.0 0.0 0.0 0.0 1.6 1.6 1.6 0.0 0.0 0.0 0.0 0.0 0.0 0.0 19/08/1996
0.1 0.5 0.6 0.5 0.5 0.6 9.5 9.7 9.8 9.9 11.0 11.0 0.1 0.1 0.6 0.6 0.6 0.6 9.4 9.6 9.6 10.7 10.6 0.1 0.1 0.1 0.1 0.1 20/08/1996
0.0 0.0 0.0 0.0 0.0 0.0 1.5 1.6 1.6 1.6 3.7 3.7 0.0 0.0 0.0 0.0 0.0 0.0 1.5 1.5 1.5 3.6 3.5 0.0 0.0 0.0 0.0 0.0 21/08/1996
0.2 0.1 0.1 0.1 0.1 0.1 0.0 0.0 0.0 0.0 0.0 0.0 0.2 0.2 0.1 0.1 0.1 0.1 0.0 0.0 0.0 0.0 0.0 0.0 0.2 0.2 0.2 0.2 22/08/1996
2.3 3.2 3.2 3.2 3.2 3.2 0.1 0.1 0.1 0.1 0.5 0.5 2.4 2.4 3.3 3.2 3.2 3.2 0.1 0.1 0.1 0.5 0.5 2.7 2.3 2.3 2.4 2.4 23/08/1996
4.4 4.4 4.4 4.4 4.4 4.4 7.7 7.8 7.9 8.0 5.1 5.1 4.4 4.4 4.4 4.4 4.4 4.4 7.6 7.7 7.8 5.0 4.9 3.7 4.4 4.4 4.4 4.5 24/08/1996
0.6 2.3 2.3 2.3 2.3 2.3 1.4 1.4 1.4 1.4 0.7 0.7 0.6 0.6 2.3 2.3 2.3 2.3 1.4 1.4 1.4 0.7 0.7 1.2 0.6 0.6 0.6 0.6 25/08/1996
2.9 0.7 0.7 0.7 0.7 0.7 0.8 0.8 0.8 0.8 0.7 0.7 2.9 2.9 0.7 0.7 0.7 0.7 0.8 0.8 0.8 0.6 0.5 1.8 2.9 2.9 2.9 3.0 26/08/1996
0.2 1.9 1.9 1.9 1.9 1.9 23.2 23.5 23.8 24.0 30.2 30.3 0.2 0.2 2.0 2.0 2.0 2.0 22.8 23.2 23.4 29.5 29.3 0.2 0.2 0.2 0.2 0.2 27/08/1996
0.7 1.1 1.1 1.1 1.1 1.1 21.8 22.0 22.3 22.5 17.8 17.9 0.7 0.7 1.1 1.1 1.1 1.1 21.5 21.8 22.0 17.5 17.3 1.1 0.7 0.7 0.7 0.7 28/08/1996
0.7 5.4 5.5 5.4 5.5 5.5 34.2 34.6 35.1 35.4 26.4 26.5 0.7 0.7 5.5 5.5 5.5 5.5 33.7 34.3 34.5 25.9 25.7 0.0 0.7 0.7 0.7 0.7 29/08/1996
0.5 0.9 0.9 0.9 0.9 0.9 3.2 3.3 3.3 3.3 2.5 2.5 0.5 0.5 0.9 0.9 0.9 0.9 3.2 3.3 3.3 2.5 2.5 0.0 0.5 0.5 0.5 0.5 30/08/1996
0.0 0.2 0.2 0.2 0.2 0.2 0.0 0.0 0.0 0.0 0.0 0.0 0.0 0.0 0.2 0.2 0.2 0.2 0.0 0.0 0.0 0.0 0.0 0.0 0.0 0.0 0.0 0.0 31/08/1996
0.0 0.0 0.0 0.0 0.0 0.0 0.0 0.0 0.0 0.0 0.1 0.1 0.0 0.0 0.0 0.0 0.0 0.0 0.0 0.0 0.0 0.1 0.1 0.0 0.0 0.0 0.0 0.0 01/09/1996
0.0 0.0 0.0 0.0 0.0 0.0 0.0 0.0 0.0 0.0 0.0 0.0 0.0 0.0 0.0 0.0 0.0 0.0 0.0 0.0 0.0 0.0 0.0 0.0 0.0 0.0 0.0 0.0 02/09/1996
0.0 0.0 0.0 0.0 0.0 0.0 0.4 0.4 0.4 0.4 0.0 0.0 0.0 0.0 0.0 0.0 0.0 0.0 0.4 0.4 0.4 0.0 0.0 0.0 0.0 0.0 0.0 0.0 03/09/1996
0.0 0.0 0.0 0.0 0.0 0.0 0.0 0.0 0.0 0.0 0.0 0.0 0.0 0.0 0.0 0.0 0.0 0.0 0.0 0.0 0.0 0.0 0.0 0.0 0.0 0.0 0.0 0.0 04/09/1996
0.0 0.0 0.0 0.0 0.0 0.0 0.0 0.0 0.0 0.0 0.0 0.0 0.0 0.0 0.0 0.0 0.0 0.0 0.0 0.0 0.0 0.0 0.0 0.0 0.0 0.0 0.0 0.0 05/09/1996
0.0 0.0 0.0 0.0 0.0 0.0 0.0 0.0 0.0 0.0 0.0 0.0 0.0 0.0 0.0 0.0 0.0 0.0 0.0 0.0 0.0 0.0 0.0 0.0 0.0 0.0 0.0 0.0 06/09/1996
0.0 0.0 0.0 0.0 0.0 0.0 0.0 0.0 0.0 0.0 0.1 0.1 0.0 0.0 0.0 0.0 0.0 0.0 0.0 0.0 0.0 0.1 0.1 0.0 0.0 0.0 0.0 0.0 07/09/1996
1.6 0.0 0.0 0.0 0.0 0.0 0.0 0.0 0.0 0.0 0.0 0.0 1.6 1.6 0.0 0.0 0.0 0.0 0.0 0.0 0.0 0.0 0.0 3.7 1.6 1.6 1.6 1.6 08/09/1996
4.2 0.4 0.4 0.4 0.4 0.4 0.0 0.0 0.0 0.0 0.0 0.0 4.2 4.2 0.4 0.4 0.4 0.4 0.0 0.0 0.0 0.0 0.0 0.8 4.2 4.2 4.2 4.2 09/09/1996
0.4 0.9 0.9 0.9 0.9 0.9 0.5 0.5 0.5 0.5 0.1 0.1 0.4 0.4 0.9 0.9 0.9 0.9 0.5 0.5 0.5 0.1 0.1 0.1 0.4 0.4 0.4 0.4 10/09/1996
0.9 0.2 0.2 0.2 0.2 0.2 0.5 0.5 0.5 0.5 0.3 0.3 0.9 0.9 0.3 0.2 0.2 0.3 0.5 0.5 0.5 0.3 0.3 0.5 0.9 0.9 0.9 0.9 11/09/1996
0.8 2.0 2.0 2.0 2.0 2.0 7.5 7.6 7.7 7.8 4.4 4.4 0.8 0.8 2.1 2.1 2.1 2.1 7.4 7.5 7.6 4.3 4.2 0.3 0.8 0.8 0.8 0.8 12/09/1996
0.0 0.1 0.1 0.1 0.1 0.1 1.6 1.7 1.7 1.7 1.2 1.2 0.0 0.0 0.1 0.1 0.1 0.1 1.6 1.6 1.7 1.2 1.2 0.0 0.0 0.0 0.0 0.0 13/09/1996
0.0 0.0 0.0 0.0 0.0 0.0 0.1 0.1 0.1 0.1 0.1 0.1 0.0 0.0 0.0 0.0 0.0 0.0 0.1 0.1 0.1 0.1 0.1 0.0 0.0 0.0 0.0 0.0 14/09/1996
0.0 0.0 0.0 0.0 0.0 0.0 0.5 0.5 0.5 0.5 0.1 0.1 0.0 0.0 0.0 0.0 0.0 0.0 0.5 0.5 0.5 0.1 0.1 0.0 0.0 0.0 0.0 0.0 15/09/1996
0.0 0.0 0.0 0.0 0.0 0.0 0.0 0.0 0.0 0.0 0.0 0.0 0.0 0.0 0.0 0.0 0.0 0.0 0.0 0.0 0.0 0.0 0.0 0.0 0.0 0.0 0.0 0.0 16/09/1996
0.0 0.0 0.0 0.0 0.0 0.0 0.0 0.0 0.0 0.0 0.0 0.0 0.0 0.0 0.0 0.0 0.0 0.0 0.0 0.0 0.0 0.0 0.0 0.0 0.0 0.0 0.0 0.0 17/09/1996
0.1 0.0 0.0 0.0 0.0 0.0 0.4 0.4 0.4 0.4 0.4 0.4 0.1 0.1 0.0 0.0 0.0 0.0 0.4 0.4 0.4 0.4 0.4 0.0 0.1 0.1 0.1 0.1 18/09/1996
12.8 10.4 10.5 10.4 10.4 10.5 1.0 1.0 1.0 1.0 1.5 1.5 13.0 13.0 10.6 10.6 10.6 10.6 1.0 1.0 1.0 1.5 1.4 9.8 12.9 12.9 13.0 13.0 19/09/1996
0.0 0.1 0.1 0.1 0.1 0.1 3.7 3.7 3.8 3.8 4.3 4.3 0.0 0.0 0.1 0.1 0.1 0.1 3.7 3.7 3.7 4.2 4.2 0.0 0.0 0.0 0.0 0.0 20/09/1996
0.0 0.0 0.0 0.0 0.0 0.0 0.0 0.0 0.0 0.0 0.2 0.2 0.0 0.0 0.0 0.0 0.0 0.0 0.0 0.0 0.0 0.1 0.1 0.0 0.0 0.0 0.0 0.0 21/09/1996
3.4 4.2 4.2 4.2 4.2 4.2 0.2 0.2 0.3 0.3 0.1 0.1 3.4 3.4 4.3 4.2 4.2 4.2 0.2 0.2 0.2 0.1 0.1 0.9 3.4 3.4 3.4 3.4 22/09/1996
6.8 4.1 4.1 4.1 4.1 4.1 1.0 1.0 1.0 1.0 3.5 3.6 6.9 6.9 4.2 4.2 4.2 4.2 1.0 1.0 1.0 3.5 3.4 1.1 6.8 6.8 6.9 6.9 23/09/1996
0.1 0.0 0.0 0.0 0.0 0.0 0.0 0.0 0.0 0.0 0.0 0.0 0.1 0.1 0.0 0.0 0.0 0.0 0.0 0.0 0.0 0.0 0.0 0.3 0.1 0.1 0.1 0.1 24/09/1996
0.7 0.0 0.0 0.0 0.0 0.0 0.0 0.0 0.0 0.0 0.0 0.0 0.7 0.7 0.0 0.0 0.0 0.0 0.0 0.0 0.0 0.0 0.0 0.4 0.7 0.7 0.7 0.7 25/09/1996
2.9 3.2 3.2 3.2 3.2 3.2 6.6 6.7 6.7 6.8 6.0 6.0 2.9 2.9 3.2 3.2 3.2 3.2 6.5 6.6 6.6 5.9 5.8 2.0 2.9 2.9 2.9 3.0 26/09/1996
3.2 4.0 4.0 4.0 4.0 4.0 6.7 6.7 6.8 6.9 9.7 9.7 3.2 3.2 4.0 4.0 4.0 4.0 6.6 6.7 6.7 9.5 9.4 3.8 3.2 3.2 3.2 3.2 27/09/1996
0.3 0.0 0.0 0.0 0.0 0.0 0.0 0.0 0.0 0.0 0.0 0.0 0.3 0.3 0.0 0.0 0.0 0.0 0.0 0.0 0.0 0.0 0.0 0.0 0.3 0.3 0.3 0.3 28/09/1996
2.4 2.9 2.9 2.9 2.9 2.9 0.0 0.0 0.0 0.0 0.0 0.0 2.4 2.4 2.9 2.9 2.9 2.9 0.0 0.0 0.0 0.0 0.0 0.6 2.4 2.4 2.4 2.4 29/09/1996
15.3 11.2 11.2 11.2 11.2 11.2 6.6 6.7 6.8 6.9 8.0 8.0 15.5 15.5 11.3 11.3 11.3 11.3 6.6 6.7 6.7 7.8 7.8 21.2 15.4 15.4 15.5 15.5 30/09/1996
7.0 2.2 2.2 2.2 2.2 2.2 14.4 14.5 14.7 14.9 23.6 23.6 7.1 7.1 2.3 2.3 2.3 2.3 14.1 14.4 14.5 23.1 22.9 5.5 7.0 7.0 7.1 7.1 01/10/1996
0.0 0.0 0.0 0.0 0.0 0.0 0.0 0.0 0.0 0.0 0.0 0.0 0.0 0.0 0.0 0.0 0.0 0.0 0.0 0.0 0.0 0.0 0.0 0.1 0.0 0.0 0.0 0.0 02/10/1996
2.2 2.0 2.0 2.0 2.0 2.0 1.0 1.0 1.0 1.0 1.0 1.0 2.2 2.2 2.0 2.0 2.0 2.0 1.0 1.0 1.0 1.0 1.0 1.9 2.2 2.2 2.2 2.3 03/10/1996
10.8 11.8 11.9 11.8 11.8 11.9 2.8 2.9 2.9 2.9 2.3 2.3 11.0 11.0 12.0 12.0 12.0 12.0 2.8 2.9 2.9 2.3 2.2 11.0 10.9 10.9 11.0 11.0 04/10/1996
1.1 2.1 2.1 2.1 2.1 2.1 2.3 2.3 2.4 2.4 1.9 1.9 1.1 1.1 2.1 2.1 2.1 2.1 2.3 2.3 2.3 1.9 1.9 1.1 1.1 1.1 1.1 1.1 05/10/1996
0.9 0.3 0.3 0.3 0.3 0.3 0.1 0.1 0.1 0.1 0.1 0.1 0.9 0.9 0.3 0.3 0.3 0.3 0.1 0.1 0.1 0.1 0.1 2.1 0.9 0.9 0.9 0.9 06/10/1996
0.0 0.1 0.1 0.1 0.1 0.1 0.0 0.0 0.0 0.0 0.2 0.2 0.0 0.0 0.1 0.1 0.1 0.1 0.0 0.0 0.0 0.2 0.2 0.5 0.0 0.0 0.0 0.0 07/10/1996
5.2 1.6 1.6 1.6 1.6 1.6 0.0 0.0 0.0 0.0 0.1 0.1 5.3 5.3 1.6 1.6 1.6 1.6 0.0 0.0 0.0 0.1 0.1 6.0 5.2 5.2 5.3 5.3 08/10/1996
4.5 4.0 4.0 4.0 4.0 4.0 1.7 1.7 1.7 1.7 2.5 2.5 4.5 4.5 4.0 4.0 4.0 4.0 1.7 1.7 1.7 2.4 2.4 6.6 4.5 4.5 4.5 4.5 09/10/1996
0.2 0.1 0.1 0.1 0.1 0.1 0.0 0.0 0.0 0.0 0.1 0.1 0.2 0.2 0.1 0.1 0.1 0.1 0.0 0.0 0.0 0.1 0.1 0.0 0.2 0.2 0.2 0.2 10/10/1996
0.0 0.0 0.0 0.0 0.0 0.0 0.0 0.0 0.0 0.0 0.0 0.0 0.0 0.0 0.0 0.0 0.0 0.0 0.0 0.0 0.0 0.0 0.0 0.0 0.0 0.0 0.0 0.0 11/10/1996
0.0 0.0 0.0 0.0 0.0 0.0 0.1 0.1 0.1 0.1 0.0 0.0 0.0 0.0 0.0 0.0 0.0 0.0 0.1 0.1 0.1 0.0 0.0 0.0 0.0 0.0 0.0 0.0 12/10/1996
0.0 0.0 0.0 0.0 0.0 0.0 0.0 0.0 0.0 0.0 0.2 0.2 0.0 0.0 0.0 0.0 0.0 0.0 0.0 0.0 0.0 0.2 0.2 0.0 0.0 0.0 0.0 0.0 13/10/1996
3.4 2.0 2.0 2.0 2.0 2.0 3.0 3.0 3.1 3.1 0.5 0.5 3.5 3.5 2.0 2.0 2.0 2.0 2.9 3.0 3.0 0.5 0.5 4.7 3.5 3.5 3.5 3.5 14/10/1996
0.2 0.3 0.3 0.3 0.3 0.3 0.0 0.0 0.0 0.0 0.5 0.5 0.2 0.2 0.3 0.3 0.3 0.3 0.0 0.0 0.0 0.5 0.5 0.1 0.2 0.2 0.2 0.2 15/10/1996
1.8 0.9 0.9 0.9 0.9 0.9 0.4 0.4 0.4 0.4 1.0 1.0 1.8 1.8 0.9 0.9 0.9 0.9 0.4 0.4 0.4 1.0 1.0 1.2 1.8 1.8 1.8 1.8 16/10/1996
0.7 0.0 0.0 0.0 0.0 0.0 2.3 2.3 2.3 2.3 1.9 1.9 0.7 0.7 0.0 0.0 0.0 0.0 2.3 2.3 2.3 1.9 1.9 0.3 0.7 0.7 0.7 0.7 17/10/1996
9.3 7.0 7.1 7.0 7.0 7.1 3.5 3.5 3.6 3.6 3.9 3.9 9.4 9.4 7.1 7.1 7.1 7.1 3.4 3.5 3.5 3.8 3.8 7.7 9.4 9.4 9.4 9.5 18/10/1996
0.0 0.1 0.1 0.1 0.1 0.1 1.2 1.2 1.2 1.2 1.3 1.3 0.0 0.0 0.1 0.1 0.1 0.1 1.2 1.2 1.2 1.3 1.2 0.0 0.0 0.0 0.0 0.0 19/10/1996
2.1 1.6 1.6 1.6 1.6 1.6 2.7 2.8 2.8 2.8 4.0 4.0 2.1 2.1 1.6 1.6 1.6 1.6 2.7 2.8 2.8 3.9 3.9 0.9 2.1 2.1 2.1 2.1 20/10/1996
0.0 0.1 0.1 0.1 0.1 0.1 0.0 0.0 0.0 0.0 0.2 0.2 0.0 0.0 0.1 0.1 0.1 0.1 0.0 0.0 0.0 0.2 0.2 0.2 0.0 0.0 0.0 0.0 21/10/1996
0.0 0.1 0.1 0.1 0.1 0.1 0.0 0.0 0.0 0.0 0.1 0.1 0.0 0.0 0.1 0.1 0.1 0.1 0.0 0.0 0.0 0.1 0.1 0.0 0.0 0.0 0.0 0.0 22/10/1996
0.0 0.1 0.1 0.1 0.1 0.1 0.0 0.0 0.0 0.0 0.0 0.0 0.0 0.0 0.1 0.1 0.1 0.1 0.0 0.0 0.0 0.0 0.0 0.0 0.0 0.0 0.0 0.0 23/10/1996
0.0 0.0 0.0 0.0 0.0 0.0 0.0 0.0 0.0 0.0 0.0 0.0 0.0 0.0 0.0 0.0 0.0 0.0 0.0 0.0 0.0 0.0 0.0 0.0 0.0 0.0 0.0 0.0 24/10/1996
1.5 2.1 2.1 2.1 2.1 2.1 0.2 0.2 0.2 0.2 0.2 0.2 1.5 1.5 2.1 2.1 2.1 2.1 0.2 0.2 0.2 0.2 0.2 1.1 1.5 1.5 1.5 1.5 25/10/1996
0.1 0.0 0.0 0.0 0.0 0.0 0.0 0.0 0.0 0.0 0.2 0.2 0.1 0.1 0.0 0.0 0.0 0.0 0.0 0.0 0.0 0.2 0.2 0.1 0.1 0.1 0.1 0.1 26/10/1996
0.0 0.1 0.1 0.1 0.1 0.1 1.2 1.2 1.2 1.2 1.2 1.2 0.0 0.0 0.1 0.1 0.1 0.1 1.2 1.2 1.2 1.2 1.2 0.3 0.0 0.0 0.0 0.0 27/10/1996
10.7 9.3 9.3 9.3 9.3 9.3 5.0 5.1 5.2 5.2 3.3 3.4 10.8 10.8 9.4 9.4 9.4 9.4 5.0 5.1 5.1 3.3 3.3 7.5 10.7 10.7 10.8 10.9 28/10/1996
1.4 1.8 1.8 1.8 1.8 1.8 3.8 3.9 3.9 3.9 5.2 5.2 1.5 1.5 1.9 1.9 1.9 1.9 3.8 3.8 3.8 5.1 5.0 0.6 1.5 1.5 1.5 1.5 29/10/1996
0.0 0.1 0.1 0.1 0.1 0.1 1.0 1.0 1.1 1.1 0.0 0.0 0.0 0.0 0.1 0.1 0.1 0.1 1.0 1.0 1.0 0.0 0.0 0.0 0.0 0.0 0.0 0.0 30/10/1996
4.5 5.7 5.7 5.7 5.7 5.7 5.3 5.4 5.5 5.5 6.9 7.0 4.6 4.6 5.8 5.8 5.8 5.8 5.3 5.3 5.4 6.8 6.7 4.2 4.5 4.5 4.6 4.6 31/10/1996
1.1 0.4 0.4 0.4 0.4 0.4 0.2 0.2 0.2 0.2 0.7 0.7 1.1 1.1 0.4 0.4 0.4 0.4 0.2 0.2 0.2 0.7 0.7 0.7 1.1 1.1 1.1 1.1 01/11/1996
0.0 0.0 0.0 0.0 0.0 0.0 0.0 0.0 0.0 0.0 0.0 0.0 0.0 0.0 0.0 0.0 0.0 0.0 0.0 0.0 0.0 0.0 0.0 0.0 0.0 0.0 0.0 0.0 02/11/1996
2.0 0.1 0.1 0.1 0.1 0.1 0.2 0.2 0.2 0.2 1.0 1.0 2.1 2.1 0.1 0.1 0.1 0.1 0.2 0.2 0.2 1.0 1.0 0.5 2.1 2.1 2.1 2.1 03/11/1996
12.0 12.7 12.7 12.7 12.7 12.8 9.6 9.7 9.8 9.9 9.3 9.3 12.2 12.2 12.9 12.8 12.8 12.9 9.4 9.6 9.7 9.1 9.0 9.3 12.1 12.1 12.2 12.3 04/11/1996
0.3 1.2 1.2 1.2 1.2 1.2 2.4 2.5 2.5 2.5 1.4 1.4 0.3 0.3 1.2 1.2 1.2 1.2 2.4 2.4 2.4 1.4 1.4 0.4 0.3 0.3 0.3 0.3 05/11/1996
4.1 4.0 4.0 4.0 4.0 4.0 8.8 8.9 9.0 9.1 8.9 8.9 4.1 4.1 4.1 4.1 4.1 4.1 8.7 8.8 8.9 8.7 8.6 2.4 4.1 4.1 4.1 4.1 06/11/1996
16.8 11.8 11.9 11.8 11.9 11.9 3.6 3.6 3.6 3.7 3.1 3.1 17.0 17.0 12.0 12.0 12.0 12.0 3.5 3.6 3.6 3.1 3.0 15.8 16.9 16.9 17.0 17.1 07/11/1996
7.4 5.5 5.5 5.5 5.5 5.5 1.4 1.4 1.4 1.5 2.1 2.1 7.4 7.4 5.6 5.6 5.6 5.6 1.4 1.4 1.4 2.0 2.0 5.4 7.4 7.4 7.5 7.5 08/11/1996
3.0 4.9 5.0 4.9 4.9 5.0 2.1 2.1 2.1 2.1 1.3 1.4 3.0 3.0 5.0 5.0 5.0 5.0 2.1 2.1 2.1 1.2 1.2 4.4 3.0 3.0 3.0 3.1 09/11/1996
4.6 3.3 3.3 3.3 3.3 3.3 5.6 5.7 5.7 5.8 4.1 4.1 4.7 4.7 3.3 3.3 3.3 3.3 5.5 5.6 5.6 4.0 3.9 3.4 4.6 4.6 4.7 4.7 10/11/1996
4.3 5.5 5.5 5.5 5.5 5.5 11.9 12.1 12.2 12.3 18.9 19.0 4.3 4.3 5.5 5.5 5.5 5.5 11.8 12.0 12.0 18.5 18.4 6.6 4.3 4.3 4.3 4.3 11/11/1996
4.2 6.2 6.2 6.2 6.2 6.2 3.6 3.6 3.7 3.7 7.4 7.4 4.2 4.2 6.3 6.3 6.3 6.3 3.6 3.6 3.6 7.2 7.2 4.0 4.2 4.2 4.2 4.3 12/11/1996
0.1 0.4 0.4 0.4 0.4 0.4 0.2 0.3 0.3 0.3 0.7 0.7 0.1 0.1 0.4 0.4 0.4 0.4 0.2 0.2 0.3 0.7 0.7 0.0 0.1 0.1 0.1 0.1 13/11/1996
0.0 0.1 0.1 0.1 0.1 0.1 0.0 0.0 0.0 0.0 0.1 0.1 0.0 0.0 0.1 0.1 0.1 0.1 0.0 0.0 0.0 0.1 0.1 0.0 0.0 0.0 0.0 0.0 14/11/1996
0.0 0.0 0.0 0.0 0.0 0.0 0.0 0.0 0.0 0.0 0.1 0.1 0.0 0.0 0.0 0.0 0.0 0.0 0.0 0.0 0.0 0.1 0.1 0.0 0.0 0.0 0.0 0.0 15/11/1996
0.0 0.0 0.0 0.0 0.0 0.0 0.0 0.0 0.0 0.0 0.0 0.0 0.0 0.0 0.0 0.0 0.0 0.0 0.0 0.0 0.0 0.0 0.0 0.0 0.0 0.0 0.0 0.0 16/11/1996
6.9 3.5 3.5 3.5 3.5 3.5 1.9 1.9 1.9 2.0 1.5 1.5 7.0 7.0 3.5 3.5 3.5 3.5 1.9 1.9 1.9 1.5 1.4 7.1 7.0 7.0 7.0 7.0 17/11/1996
1.7 1.5 1.6 1.6 1.6 1.6 3.6 3.7 3.7 3.7 8.2 8.3 1.7 1.7 1.6 1.6 1.6 1.6 3.6 3.6 3.6 8.0 8.0 2.4 1.7 1.7 1.7 1.7 18/11/1996
15.0 18.4 18.5 18.4 18.5 18.5 12.4 12.5 12.7 12.8 12.2 12.2 15.1 15.1 18.7 18.7 18.7 18.7 12.2 12.4 12.5 11.9 11.9 7.9 15.1 15.1 15.2 15.2 19/11/1996
15.4 13.4 13.5 13.4 13.4 13.5 13.7 13.9 14.1 14.2 14.1 14.2 15.6 15.6 13.6 13.6 13.6 13.6 13.5 13.8 13.9 13.8 13.7 10.0 15.5 15.5 15.6 15.7 20/11/1996
0.6 0.2 0.2 0.2 0.2 0.2 0.2 0.2 0.1 0.1 0.1 0.1 0.6 0.6 0.2 0.2 0.2 0.2 0.1 0.2 0.2 0.2 0.2 0.0 0.6 0.6 0.6 0.6 21/11/1996
6.5 4.9 4.9 4.9 4.9 4.9 0.6 0.6 0.6 0.6 0.0 0.0 6.6 6.6 5.0 4.9 4.9 5.0 0.6 0.6 0.6 0.0 0.0 4.7 6.6 6.6 6.6 6.6 22/11/1996
4.7 3.9 4.0 3.9 3.9 4.0 2.9 2.9 2.9 3.0 2.1 2.1 4.8 4.8 4.0 4.0 4.0 4.0 2.8 2.9 2.9 2.0 2.0 5.6 4.8 4.8 4.8 4.8 23/11/1996
12.7 12.1 12.2 12.1 12.2 12.2 12.9 13.1 13.2 13.3 12.7 12.7 12.8 12.8 12.3 12.3 12.3 12.3 12.7 12.9 13.0 12.4 12.3 6.1 12.7 12.7 12.8 12.9 24/11/1996
11.7 10.2 10.2 10.2 10.2 10.2 9.8 9.9 10.0 10.1 12.7 12.8 11.9 11.9 10.3 10.3 10.3 10.3 9.6 9.8 9.8 12.5 12.4 8.2 11.8 11.8 11.9 12.0 25/11/1996
0.2 0.0 0.0 0.0 0.0 0.0 1.3 1.3 1.4 1.4 0.9 0.9 0.2 0.2 0.0 0.0 0.0 0.0 1.3 1.3 1.3 0.9 0.9 0.0 0.2 0.2 0.2 0.2 26/11/1996
4.8 2.0 2.0 2.0 1.9 2.0 0.0 0.0 0.0 0.0 0.0 0.0 4.8 4.8 2.0 2.0 2.0 2.0 0.0 0.0 0.0 0.0 0.0 5.0 4.8 4.8 4.9 4.8 27/11/1996
10.0 7.6 7.6 7.6 7.6 7.6 3.2 3.2 3.2 3.3 0.3 0.2 10.2 10.2 7.7 7.7 7.7 7.7 3.2 3.2 3.2 0.3 0.2 5.8 10.1 10.1 10.2 10.2 28/11/1996
11.5 21.7 21.9 21.7 21.8 21.9 20.9 21.2 21.5 21.7 24.9 25.0 11.6 11.6 22.1 22.0 22.0 22.1 20.6 21.0 21.2 24.4 24.2 9.1 11.5 11.5 11.6 11.7 29/11/1996
0.3 2.8 2.8 2.8 2.8 2.8 3.2 3.2 3.2 3.3 4.1 4.1 0.3 0.3 2.8 2.8 2.8 2.8 3.1 3.1 3.2 4.0 4.0 0.3 0.3 0.3 0.3 0.3 30/11/1996
1.5 1.5 1.5 1.5 1.5 1.5 2.6 2.6 2.6 2.7 2.7 2.7 1.6 1.6 1.5 1.5 1.5 1.5 2.5 2.6 2.5 2.6 2.6 1.6 1.5 1.5 1.6 1.6 01/12/1996
7.7 5.1 5.1 5.1 5.1 5.1 2.7 2.8 2.8 2.8 0.5 0.5 7.8 7.8 5.2 5.2 5.2 5.2 2.7 2.7 2.8 0.4 0.4 5.2 7.7 7.7 7.8 7.8 02/12/1996
17.9 15.4 15.5 15.4 15.4 15.5 19.5 19.8 20.0 20.2 18.8 18.9 18.1 18.1 15.6 15.6 15.6 15.6 19.3 19.6 19.7 18.4 18.3 14.9 18.0 18.0 18.1 18.2 03/12/1996
0.0 0.0 0.0 0.0 0.0 0.0 1.0 1.1 1.1 1.1 3.0 3.0 0.0 0.0 0.0 0.0 0.0 0.0 1.0 1.1 1.1 3.0 3.0 0.0 0.0 0.0 0.0 0.0 04/12/1996
0.0 0.0 0.0 0.0 0.0 0.0 0.7 0.7 0.7 0.8 1.7 1.7 0.0 0.0 0.0 0.0 0.0 0.0 0.7 0.7 0.7 1.7 1.7 0.2 0.0 0.0 0.0 0.0 05/12/1996
2.8 6.1 6.1 6.1 6.1 6.1 0.0 0.0 0.0 0.0 0.0 0.0 2.8 2.8 6.2 6.1 6.1 6.2 0.0 0.0 0.0 0.0 0.0 1.2 2.8 2.8 2.8 2.8 06/12/1996
0.0 0.1 0.1 0.1 0.1 0.1 0.0 0.0 0.0 0.0 0.0 0.0 0.0 0.0 0.1 0.1 0.1 0.1 0.0 0.0 0.0 0.0 0.0 0.2 0.0 0.0 0.0 0.0 07/12/1996
0.0 0.1 0.1 0.1 0.1 0.1 0.0 0.0 0.0 0.0 0.1 0.1 0.0 0.0 0.1 0.1 0.1 0.1 0.0 0.0 0.0 0.2 0.2 0.1 0.0 0.0 0.0 0.0 08/12/1996
0.0 0.0 0.0 0.0 0.0 0.0 0.0 0.0 0.0 0.0 0.0 0.0 0.0 0.0 0.0 0.0 0.0 0.0 0.0 0.0 0.0 0.0 0.0 0.0 0.0 0.0 0.0 0.0 09/12/1996
0.0 0.1 0.1 0.1 0.1 0.1 0.0 0.0 0.0 0.0 0.0 0.0 0.0 0.0 0.2 0.2 0.2 0.2 0.0 0.0 0.0 0.0 0.0 0.0 0.0 0.0 0.0 0.0 10/12/1996
0.0 0.0 0.0 0.0 0.0 0.0 1.1 1.1 1.1 1.1 0.0 0.0 0.0 0.0 0.0 0.0 0.0 0.0 1.1 1.1 1.1 0.0 0.0 0.0 0.0 0.0 0.0 0.0 11/12/1996
5.2 6.0 6.0 6.0 6.0 6.0 3.8 3.8 3.9 3.9 2.1 2.1 5.2 5.2 6.1 6.1 6.1 6.1 3.7 3.8 3.8 2.0 2.0 3.6 5.2 5.2 5.3 5.3 12/12/1996
0.2 0.9 0.9 0.9 0.9 0.9 2.3 2.3 2.3 2.4 3.8 3.8 0.2 0.2 0.9 0.9 0.9 0.9 2.3 2.3 2.3 3.8 3.8 0.0 0.2 0.2 0.2 0.2 13/12/1996
0.0 0.0 0.0 0.0 0.0 0.0 0.0 0.0 0.0 0.0 0.2 0.2 0.0 0.0 0.0 0.0 0.0 0.0 0.0 0.0 0.0 0.2 0.2 0.0 0.0 0.0 0.0 0.0 14/12/1996
0.3 1.1 1.1 1.1 1.1 1.1 0.9 0.9 1.0 1.0 0.8 0.8 0.3 0.3 1.1 1.1 1.1 1.1 0.9 0.9 1.0 0.8 0.7 0.0 0.3 0.3 0.3 0.3 15/12/1996
2.7 4.5 4.5 4.5 4.5 4.5 2.5 2.5 2.6 2.6 0.4 0.5 2.7 2.7 4.6 4.6 4.6 4.6 2.4 2.5 2.5 0.5 0.4 2.5 2.7 2.7 2.8 2.8 16/12/1996
4.7 4.0 4.0 4.0 4.0 4.0 8.8 8.9 9.0 9.1 10.4 10.4 4.7 4.7 4.0 4.0 4.0 4.0 8.7 8.8 8.9 10.2 10.1 4.9 4.7 4.7 4.7 4.8 17/12/1996
7.8 5.7 5.7 5.7 5.7 5.8 5.4 5.4 5.5 5.6 1.4 1.4 7.9 7.9 5.8 5.8 5.8 5.8 5.3 5.4 5.4 1.4 1.4 5.5 7.8 7.8 7.9 7.9 18/12/1996
5.4 9.6 9.7 9.6 9.6 9.7 3.3 3.3 3.3 3.3 3.5 3.5 5.4 5.4 9.8 9.8 9.7 9.8 3.3 3.3 3.3 3.4 3.4 6.3 5.4 5.4 5.4 5.5 19/12/1996
0.8 2.5 2.5 2.5 2.5 2.5 4.6 4.6 4.7 4.7 3.3 3.4 0.9 0.9 2.5 2.5 2.5 2.5 4.5 4.6 4.6 3.3 3.3 1.9 0.8 0.8 0.9 0.9 20/12/1996
0.0 0.0 0.0 0.0 0.0 0.0 0.4 0.4 0.4 0.4 0.0 0.0 0.0 0.0 0.0 0.0 0.0 0.0 0.4 0.4 0.4 0.0 0.0 0.0 0.0 0.0 0.0 0.0 21/12/1996
8.4 5.3 5.3 5.3 5.3 5.3 2.5 2.5 2.5 2.6 2.9 3.0 8.5 8.5 5.4 5.4 5.4 5.4 2.4 2.5 2.5 2.9 2.9 7.4 8.5 8.5 8.5 8.6 22/12/1996
0.2 0.0 0.0 0.0 0.0 0.0 0.5 0.5 0.5 0.5 1.2 1.2 0.2 0.2 0.0 0.0 0.0 0.0 0.5 0.5 0.5 1.2 1.2 1.1 0.2 0.2 0.2 0.2 23/12/1996
0.0 0.0 0.0 0.0 0.0 0.0 0.0 0.0 0.0 0.0 0.0 0.0 0.0 0.0 0.0 0.0 0.0 0.0 0.0 0.0 0.0 0.0 0.0 0.0 0.0 0.0 0.0 0.0 24/12/1996
0.0 0.0 0.0 0.0 0.0 0.0 0.0 0.0 0.0 0.0 0.0 0.0 0.0 0.0 0.0 0.0 0.0 0.0 0.0 0.0 0.0 0.0 0.0 0.0 0.0 0.0 0.0 0.0 25/12/1996
0.0 0.0 0.0 0.0 0.0 0.0 0.0 0.0 0.0 0.0 0.0 0.0 0.0 0.0 0.0 0.0 0.0 0.0 0.0 0.0 0.0 0.0 0.0 0.0 0.0 0.0 0.0 0.0 26/12/1996
0.6 1.0 1.0 1.0 1.0 1.0 0.1 0.1 0.1 0.1 0.0 0.0 0.7 0.7 1.1 1.1 1.1 1.1 0.1 0.1 0.1 0.0 0.0 0.7 0.6 0.6 0.7 0.7 27/12/1996
0.0 0.0 0.0 0.0 0.0 0.0 0.0 0.0 0.0 0.0 0.0 0.0 0.0 0.0 0.0 0.0 0.0 0.0 0.0 0.0 0.0 0.0 0.0 0.0 0.0 0.0 0.0 0.0 28/12/1996
1.3 1.4 1.4 1.4 1.4 1.4 1.7 1.8 1.8 1.8 1.7 1.7 1.3 1.3 1.4 1.4 1.4 1.4 1.7 1.7 1.8 1.7 1.6 0.6 1.2 1.2 1.3 1.3 29/12/1996
0.0 0.4 0.4 0.4 0.4 0.4 1.1 1.1 1.1 1.1 2.2 2.2 0.0 0.0 0.4 0.4 0.4 0.4 1.1 1.1 1.1 2.1 2.1 0.0 0.0 0.0 0.0 0.0 30/12/1996
0.2 0.1 0.1 0.1 0.1 0.1 0.0 0.0 0.0 0.0 0.0 0.0 0.2 0.2 0.2 0.2 0.2 0.2 0.0 0.0 0.0 0.0 0.0 0.1 0.2 0.2 0.2 0.2 31/12/1996
0.0 0.0 0.0 0.0 0.0 0.0 0.0 0.0 0.0 0.0 0.0 0.0 0.0 0.0 0.0 0.0 0.0 0.0 0.0 0.0 0.0 0.0 0.0 0.0 0.0 0.0 0.0 0.0 01/01/1997
0.0 0.0 0.0 0.0 0.0 0.0 0.0 0.0 0.0 0.0 0.0 0.0 0.0 0.0 0.0 0.0 0.0 0.0 0.0 0.0 0.0 0.0 0.0 0.0 0.0 0.0 0.0 0.0 02/01/1997
0.0 0.2 0.2 0.2 0.2 0.2 0.0 0.0 0.0 0.0 0.0 0.0 0.0 0.0 0.2 0.2 0.2 0.2 0.0 0.0 0.0 0.0 0.0 0.0 0.0 0.0 0.0 0.0 03/01/1997
0.1 0.1 0.1 0.1 0.1 0.1 0.0 0.0 0.0 0.0 0.0 0.0 0.1 0.1 0.1 0.1 0.1 0.1 0.0 0.0 0.0 0.0 0.0 0.0 0.1 0.1 0.1 0.1 04/01/1997
0.0 0.0 0.0 0.0 0.0 0.0 0.0 0.0 0.0 0.0 0.0 0.0 0.0 0.0 0.0 0.0 0.0 0.0 0.0 0.0 0.0 0.0 0.0 0.1 0.0 0.0 0.0 0.0 05/01/1997
0.0 0.0 0.0 0.0 0.0 0.0 0.0 0.0 0.0 0.0 0.0 0.0 0.0 0.0 0.0 0.0 0.0 0.0 0.0 0.0 0.0 0.0 0.0 0.1 0.0 0.0 0.0 0.0 06/01/1997
0.0 0.2 0.2 0.2 0.2 0.2 0.0 0.0 0.0 0.0 0.0 0.0 0.0 0.0 0.2 0.2 0.2 0.2 0.0 0.0 0.0 0.0 0.0 0.0 0.0 0.0 0.0 0.0 07/01/1997
2.3 1.6 1.6 1.6 1.6 1.6 0.3 0.3 0.3 0.3 1.8 1.8 2.3 2.3 1.6 1.6 1.6 1.6 0.3 0.3 0.3 1.8 1.8 1.6 2.3 2.3 2.3 2.4 08/01/1997
1.7 1.7 1.7 1.7 1.7 1.7 0.0 0.0 0.0 0.0 0.1 0.1 1.7 1.7 1.7 1.7 1.7 1.7 0.0 0.0 0.0 0.1 0.1 1.9 1.7 1.7 1.7 1.7 09/01/1997
0.0 0.0 0.0 0.0 0.0 0.0 0.0 0.0 0.0 0.0 0.0 0.0 0.0 0.0 0.0 0.0 0.0 0.0 0.0 0.0 0.0 0.0 0.0 0.0 0.0 0.0 0.0 0.0 10/01/1997
0.0 0.0 0.0 0.0 0.0 0.0 0.0 0.0 0.0 0.0 0.0 0.0 0.0 0.0 0.0 0.0 0.0 0.0 0.0 0.0 0.0 0.0 0.0 0.0 0.0 0.0 0.0 0.0 11/01/1997
0.0 0.0 0.0 0.0 0.0 0.0 0.0 0.0 0.0 0.0 0.0 0.0 0.0 0.0 0.0 0.0 0.0 0.0 0.0 0.0 0.0 0.0 0.0 0.0 0.0 0.0 0.0 0.0 12/01/1997
0.0 0.0 0.0 0.0 0.0 0.0 0.0 0.0 0.0 0.0 0.0 0.0 0.0 0.0 0.0 0.0 0.0 0.0 0.0 0.0 0.0 0.0 0.0 0.0 0.0 0.0 0.0 0.0 13/01/1997
0.0 0.0 0.0 0.0 0.0 0.0 0.0 0.0 0.0 0.0 0.0 0.0 0.0 0.0 0.0 0.0 0.0 0.0 0.0 0.0 0.0 0.0 0.0 0.0 0.0 0.0 0.0 0.0 14/01/1997
0.0 0.0 0.0 0.0 0.0 0.0 0.0 0.0 0.0 0.0 0.0 0.0 0.0 0.0 0.0 0.0 0.0 0.0 0.0 0.0 0.0 0.0 0.0 0.0 0.0 0.0 0.0 0.0 15/01/1997
0.1 0.0 0.0 0.0 0.0 0.0 0.0 0.0 0.0 0.0 0.0 0.0 0.1 0.1 0.0 0.0 0.0 0.0 0.0 0.0 0.0 0.0 0.0 0.1 0.1 0.1 0.1 0.1 16/01/1997
0.9 0.5 0.5 0.5 0.5 0.5 0.8 0.8 0.8 0.8 3.2 3.2 0.9 0.9 0.5 0.5 0.5 0.5 0.8 0.8 0.8 3.1 3.1 0.8 0.9 0.9 0.9 0.9 17/01/1997
1.0 2.6 2.6 2.6 2.6 2.6 2.4 2.4 2.4 2.5 3.5 3.5 1.0 1.0 2.6 2.6 2.6 2.6 2.4 2.4 2.4 3.4 3.4 1.0 1.0 1.0 1.0 1.0 18/01/1997
0.1 0.2 0.2 0.2 0.2 0.2 0.3 0.3 0.3 0.3 1.4 1.4 0.1 0.1 0.2 0.2 0.2 0.2 0.3 0.3 0.3 1.4 1.4 0.0 0.1 0.1 0.1 0.1 19/01/1997
0.0 0.0 0.0 0.0 0.0 0.0 0.3 0.3 0.3 0.3 0.0 0.0 0.0 0.0 0.0 0.0 0.0 0.0 0.3 0.3 0.3 0.0 0.0 0.0 0.0 0.0 0.0 0.0 20/01/1997
0.9 0.3 0.3 0.3 0.3 0.3 0.0 0.0 0.0 0.0 0.3 0.3 0.9 0.9 0.3 0.3 0.3 0.3 0.0 0.0 0.0 0.3 0.3 0.6 0.9 0.9 0.9 0.9 21/01/1997
0.1 0.4 0.4 0.4 0.4 0.4 0.8 0.8 0.8 0.8 2.1 2.1 0.1 0.1 0.4 0.4 0.4 0.4 0.8 0.8 0.8 2.1 2.0 0.3 0.1 0.1 0.1 0.1 22/01/1997
1.1 0.9 0.9 0.9 0.9 0.9 0.4 0.4 0.4 0.4 0.5 0.5 1.1 1.1 0.9 0.9 0.9 0.9 0.4 0.4 0.4 0.5 0.5 0.9 1.1 1.1 1.1 1.1 23/01/1997
0.4 1.9 1.9 1.9 1.9 1.9 0.2 0.3 0.3 0.3 1.3 1.3 0.4 0.4 1.9 1.9 1.9 1.9 0.2 0.2 0.3 1.3 1.3 0.1 0.4 0.4 0.4 0.4 24/01/1997
0.1 0.1 0.1 0.1 0.1 0.1 0.0 0.0 0.0 0.0 0.0 0.0 0.1 0.1 0.1 0.1 0.1 0.1 0.0 0.0 0.0 0.0 0.0 0.0 0.1 0.1 0.1 0.1 25/01/1997
0.1 0.2 0.2 0.2 0.2 0.2 0.0 0.0 0.0 0.0 0.0 0.0 0.2 0.2 0.2 0.2 0.2 0.2 0.0 0.0 0.0 0.0 0.0 0.0 0.2 0.2 0.2 0.2 26/01/1997
0.7 0.7 0.7 0.7 0.7 0.7 0.0 0.0 0.0 0.0 0.0 0.0 0.7 0.7 0.7 0.7 0.7 0.7 0.0 0.0 0.0 0.0 0.0 0.1 0.7 0.7 0.7 0.7 27/01/1997
0.0 0.1 0.1 0.1 0.1 0.1 0.0 0.0 0.0 0.0 0.0 0.0 0.0 0.0 0.0 0.1 0.1 0.0 0.0 0.0 0.0 0.0 0.0 0.0 0.0 0.0 0.0 0.0 28/01/1997
0.0 0.0 0.0 0.0 0.0 0.0 0.0 0.0 0.0 0.0 0.0 0.0 0.0 0.0 0.0 0.0 0.0 0.0 0.0 0.0 0.0 0.0 0.0 0.0 0.0 0.0 0.0 0.0 29/01/1997
0.1 0.0 0.0 0.0 0.0 0.0 0.0 0.0 0.0 0.0 0.0 0.0 0.1 0.1 0.0 0.0 0.0 0.0 0.0 0.0 0.0 0.0 0.0 0.0 0.1 0.1 0.1 0.1 30/01/1997
0.0 0.0 0.0 0.0 0.0 0.0 0.0 0.0 0.0 0.0 0.0 0.0 0.0 0.0 0.0 0.0 0.0 0.0 0.0 0.0 0.0 0.0 0.0 0.0 0.0 0.0 0.0 0.0 31/01/1997
0.5 0.0 0.0 0.0 0.0 0.0 0.0 0.0 0.0 0.0 0.0 0.0 0.5 0.5 0.0 0.0 0.0 0.0 0.0 0.0 0.0 0.0 0.0 0.1 0.5 0.5 0.5 0.5 01/02/1997
1.5 1.0 1.0 1.0 1.0 1.0 0.7 0.7 0.7 0.7 0.7 0.7 1.5 1.5 1.0 1.0 1.0 1.0 0.7 0.7 0.7 0.6 0.6 1.4 1.5 1.5 1.5 1.5 02/02/1997
0.0 0.0 0.0 0.0 0.0 0.0 0.5 0.5 0.6 0.6 0.1 0.1 0.0 0.0 0.0 0.0 0.0 0.0 0.6 0.5 0.5 0.1 0.1 0.0 0.0 0.0 0.0 0.0 03/02/1997
13.0 12.1 12.2 12.1 12.1 12.2 20.5 20.7 21.0 21.2 18.8 18.9 13.2 13.2 12.3 12.3 12.3 12.3 20.2 20.5 20.7 18.4 18.3 12.4 13.1 13.1 13.2 13.3 04/02/1997
0.1 0.1 0.1 0.1 0.1 0.1 0.5 0.5 0.5 0.5 2.4 2.4 0.1 0.1 0.1 0.1 0.1 0.1 0.5 0.5 0.5 2.4 2.4 0.1 0.1 0.1 0.1 0.1 05/02/1997
0.0 0.0 0.0 0.0 0.0 0.0 0.0 0.0 0.0 0.0 0.2 0.2 0.0 0.0 0.0 0.0 0.0 0.0 0.0 0.0 0.0 0.2 0.2 0.0 0.0 0.0 0.0 0.0 06/02/1997
0.0 0.3 0.4 0.3 0.3 0.4 0.4 0.4 0.4 0.4 0.4 0.4 0.0 0.0 0.4 0.4 0.4 0.4 0.4 0.4 0.4 0.4 0.4 0.0 0.0 0.0 0.0 0.0 07/02/1997
0.1 0.0 0.0 0.0 0.0 0.0 0.9 0.9 0.9 0.9 0.8 0.8 0.1 0.1 0.0 0.0 0.0 0.0 0.9 0.9 0.9 0.8 0.8 0.0 0.1 0.1 0.1 0.1 08/02/1997
0.0 0.0 0.0 0.0 0.0 0.0 0.1 0.1 0.2 0.2 0.0 0.0 0.0 0.0 0.0 0.0 0.0 0.0 0.1 0.1 0.1 0.0 0.0 0.0 0.0 0.0 0.0 0.0 09/02/1997
5.1 5.0 5.0 5.0 5.0 5.0 4.8 4.9 4.9 5.0 3.6 3.6 5.2 5.2 5.0 5.0 5.0 5.0 4.7 4.8 4.9 3.5 3.4 4.7 5.1 5.1 5.2 5.2 10/02/1997
11.3 12.2 12.3 12.2 12.2 12.3 7.0 7.1 7.2 7.2 11.7 11.7 11.5 11.5 12.4 12.4 12.4 12.4 6.9 7.0 7.0 11.4 11.3 6.4 11.4 11.4 11.5 11.5 11/02/1997
11.5 8.9 8.9 8.9 8.9 8.9 14.2 14.4 14.6 14.7 13.0 13.0 11.6 11.6 9.0 9.0 9.0 9.0 14.0 14.3 14.4 12.7 12.6 9.3 11.5 11.5 11.6 11.7 12/02/1997
0.7 1.1 1.1 1.1 1.1 1.1 4.3 4.4 4.4 4.5 5.9 5.9 0.7 0.7 1.1 1.1 1.1 1.1 4.2 4.3 4.3 5.8 5.8 0.2 0.7 0.7 0.7 0.7 13/02/1997
8.3 8.8 8.9 8.8 8.8 8.9 8.4 8.5 8.6 8.7 10.8 10.8 8.4 8.4 9.0 9.0 8.9 9.0 8.2 8.4 8.4 10.5 10.4 8.3 8.3 8.3 8.4 8.4 14/02/1997
0.0 0.0 0.0 0.0 0.0 0.0 0.0 0.0 0.0 0.0 0.0 0.0 0.0 0.0 0.0 0.0 0.0 0.0 0.0 0.0 0.0 0.0 0.0 0.0 0.0 0.0 0.0 0.0 15/02/1997
4.2 2.7 2.7 2.7 2.7 2.7 0.6 0.6 0.6 0.6 0.3 0.3 4.3 4.3 2.7 2.7 2.7 2.7 0.6 0.6 0.6 0.3 0.3 2.5 4.3 4.3 4.3 4.3 16/02/1997
10.0 7.6 7.6 7.6 7.6 7.6 9.1 9.2 9.3 9.4 9.8 9.8 10.1 10.1 7.7 7.7 7.7 7.7 9.0 9.1 9.2 9.6 9.5 7.8 10.0 10.0 10.1 10.1 17/02/1997
2.8 3.0 3.0 3.0 3.0 3.0 3.7 3.8 3.8 3.9 7.2 7.2 2.8 2.8 3.0 3.0 3.0 3.0 3.7 3.7 3.8 7.0 7.0 2.4 2.8 2.8 2.8 2.8 18/02/1997
1.7 2.4 2.4 2.4 2.4 2.4 0.5 0.6 0.6 0.6 1.2 1.2 1.7 1.7 2.5 2.5 2.5 2.5 0.5 0.5 0.5 1.1 1.1 0.6 1.7 1.7 1.8 1.8 19/02/1997
0.1 0.6 0.6 0.6 0.6 0.6 0.0 0.0 0.0 0.0 0.2 0.2 0.1 0.1 0.6 0.6 0.6 0.6 0.0 0.0 0.0 0.2 0.2 0.1 0.1 0.1 0.1 0.1 20/02/1997
0.1 0.9 0.9 0.9 0.9 0.9 0.1 0.1 0.1 0.1 0.3 0.3 0.1 0.1 0.9 0.9 0.9 0.9 0.1 0.1 0.1 0.3 0.3 0.2 0.1 0.1 0.1 0.1 21/02/1997
0.0 0.1 0.1 0.1 0.1 0.1 0.0 0.0 0.0 0.0 0.0 0.0 0.0 0.0 0.1 0.1 0.1 0.1 0.0 0.0 0.0 0.0 0.0 0.0 0.0 0.0 0.0 0.0 22/02/1997
3.3 6.2 6.3 6.2 6.3 6.3 0.5 0.5 0.5 0.5 2.1 2.1 3.3 3.3 6.3 6.3 6.3 6.3 0.5 0.5 0.5 2.1 2.0 3.8 3.3 3.3 3.3 3.3 23/02/1997
8.9 12.7 12.8 12.7 12.8 12.8 19.2 19.4 19.6 19.8 22.7 22.8 9.0 9.0 12.9 12.9 12.9 12.9 18.9 19.2 19.3 22.3 22.1 5.5 9.0 9.0 9.1 9.1 24/02/1997
2.9 2.9 2.9 2.9 2.9 2.9 3.4 3.5 3.5 3.6 7.5 7.6 3.0 3.0 2.9 2.9 2.9 2.9 3.4 3.4 3.5 7.4 7.3 2.4 2.9 2.9 3.0 3.0 25/02/1997
1.3 0.8 0.8 0.8 0.8 0.8 2.3 2.4 2.4 2.4 3.2 3.2 1.3 1.3 0.8 0.8 0.8 0.8 2.3 2.4 2.4 3.2 3.2 1.5 1.3 1.3 1.3 1.3 26/02/1997
0.0 0.0 0.0 0.0 0.0 0.0 0.0 0.0 0.0 0.0 0.0 0.0 0.0 0.0 0.0 0.0 0.0 0.0 0.0 0.0 0.0 0.0 0.0 0.0 0.0 0.0 0.0 0.0 27/02/1997
0.6 0.1 0.1 0.1 0.1 0.1 0.0 0.0 0.0 0.0 0.1 0.1 0.6 0.6 0.1 0.1 0.1 0.1 0.0 0.0 0.0 0.1 0.1 0.7 0.6 0.6 0.6 0.6 28/02/1997
0.0 0.0 0.0 0.0 0.0 0.0 0.0 0.0 0.0 0.0 0.2 0.2 0.0 0.0 0.0 0.0 0.0 0.0 0.0 0.0 0.0 0.2 0.2 0.0 0.0 0.0 0.0 0.0 01/03/1997
2.2 2.8 2.8 2.8 2.8 2.8 6.0 6.0 6.1 6.1 4.9 4.9 2.2 2.2 2.8 2.8 2.8 2.8 5.9 6.0 6.0 4.8 4.7 1.7 2.2 2.2 2.2 2.2 02/03/1997
2.9 1.9 2.0 1.9 1.9 2.0 4.3 4.4 4.4 4.5 3.1 3.1 2.9 2.9 2.0 2.0 2.0 2.0 4.2 4.3 4.3 3.0 3.0 2.0 2.9 2.9 2.9 2.9 03/03/1997
2.8 1.3 1.4 1.3 1.3 1.4 2.9 2.9 2.9 3.0 5.8 5.9 2.8 2.8 1.4 1.4 1.4 1.4 2.8 2.9 2.9 5.7 5.7 2.5 2.8 2.8 2.8 2.8 04/03/1997
3.0 3.6 3.6 3.6 3.6 3.6 3.9 3.9 4.0 4.0 3.8 3.8 3.0 3.0 3.6 3.6 3.6 3.6 3.8 3.9 3.9 3.7 3.7 2.0 3.0 3.0 3.0 3.0 05/03/1997
0.2 0.2 0.2 0.2 0.2 0.2 0.7 0.7 0.7 0.7 0.4 0.4 0.2 0.2 0.2 0.2 0.2 0.2 0.6 0.7 0.7 0.4 0.4 0.2 0.2 0.2 0.2 0.2 06/03/1997
0.1 0.0 0.0 0.0 0.0 0.0 0.0 0.0 0.0 0.0 0.0 0.0 0.1 0.1 0.0 0.0 0.0 0.0 0.0 0.0 0.0 0.0 0.0 0.0 0.1 0.1 0.1 0.1 07/03/1997
0.1 0.0 0.0 0.0 0.0 0.0 0.0 0.0 0.0 0.0 0.1 0.1 0.1 0.1 0.0 0.0 0.0 0.0 0.0 0.0 0.0 0.1 0.1 0.0 0.1 0.1 0.1 0.1 08/03/1997
0.2 0.0 0.0 0.0 0.0 0.0 0.0 0.0 0.0 0.0 0.0 0.0 0.2 0.2 0.0 0.0 0.0 0.0 0.0 0.0 0.0 0.0 0.0 0.0 0.2 0.2 0.2 0.2 09/03/1997
0.3 0.1 0.1 0.1 0.1 0.1 0.0 0.0 0.0 0.0 0.0 0.0 0.3 0.3 0.1 0.1 0.1 0.1 0.0 0.0 0.0 0.0 0.0 0.1 0.3 0.3 0.3 0.3 10/03/1997
0.1 0.0 0.0 0.0 0.0 0.0 0.0 0.0 0.0 0.0 0.0 0.0 0.1 0.1 0.0 0.0 0.0 0.0 0.0 0.0 0.0 0.0 0.0 0.0 0.1 0.1 0.1 0.1 11/03/1997
0.1 0.0 0.0 0.0 0.0 0.0 0.2 0.2 0.2 0.2 0.0 0.0 0.1 0.1 0.0 0.0 0.0 0.0 0.2 0.2 0.2 0.0 0.0 0.0 0.1 0.1 0.1 0.1 12/03/1997
0.0 0.0 0.0 0.0 0.0 0.0 0.1 0.1 0.1 0.1 0.0 0.0 0.0 0.0 0.0 0.0 0.0 0.0 0.1 0.1 0.1 0.0 0.0 0.0 0.0 0.0 0.0 0.0 13/03/1997
0.5 1.1 1.1 1.1 1.1 1.1 2.0 2.0 2.0 2.0 2.7 2.7 0.5 0.5 1.1 1.1 1.1 1.1 1.9 2.0 2.0 2.7 2.7 0.3 0.5 0.5 0.5 0.5 14/03/1997
0.0 0.2 0.2 0.2 0.2 0.2 0.5 0.5 0.5 0.5 1.2 1.2 0.0 0.0 0.2 0.2 0.2 0.2 0.5 0.5 0.5 1.1 1.1 0.1 0.0 0.0 0.0 0.0 15/03/1997
0.0 0.0 0.0 0.0 0.0 0.0 0.0 0.0 0.0 0.0 0.0 0.0 0.0 0.0 0.0 0.0 0.0 0.0 0.0 0.0 0.0 0.0 0.0 0.0 0.0 0.0 0.0 0.0 16/03/1997
0.0 0.0 0.0 0.0 0.0 0.0 0.2 0.2 0.2 0.2 0.0 0.0 0.0 0.0 0.0 0.0 0.0 0.0 0.2 0.2 0.2 0.0 0.0 0.0 0.0 0.0 0.0 0.0 17/03/1997
0.3 0.2 0.3 0.2 0.3 0.3 3.3 3.3 3.4 3.4 2.3 2.3 0.3 0.3 0.3 0.3 0.3 0.3 3.2 3.3 3.3 2.3 2.3 0.3 0.3 0.3 0.3 0.3 18/03/1997
0.0 0.1 0.1 0.1 0.1 0.1 3.0 3.0 3.1 3.1 4.6 4.6 0.0 0.0 0.1 0.1 0.1 0.1 2.9 3.0 3.0 4.5 4.4 0.0 0.0 0.0 0.0 0.0 19/03/1997
0.0 0.0 0.0 0.0 0.0 0.0 1.1 1.1 1.1 1.1 1.1 1.1 0.0 0.0 0.0 0.0 0.0 0.0 1.0 1.1 1.1 1.1 1.1 0.0 0.0 0.0 0.0 0.0 20/03/1997
0.0 0.0 0.0 0.0 0.0 0.0 0.1 0.1 0.1 0.1 0.0 0.0 0.0 0.0 0.0 0.0 0.0 0.0 0.1 0.1 0.1 0.0 0.0 0.0 0.0 0.0 0.0 0.0 21/03/1997
0.0 0.0 0.0 0.0 0.0 0.0 0.2 0.2 0.2 0.2 0.0 0.0 0.0 0.0 0.0 0.0 0.0 0.0 0.2 0.2 0.2 0.0 0.0 0.0 0.0 0.0 0.0 0.0 22/03/1997
0.4 0.1 0.1 0.1 0.1 0.1 1.0 1.1 1.1 1.1 2.6 2.6 0.4 0.4 0.1 0.1 0.1 0.1 1.0 1.0 1.1 2.5 2.5 0.1 0.4 0.4 0.4 0.4 23/03/1997
1.6 1.3 1.3 1.3 1.3 1.3 0.6 0.6 0.6 0.6 0.1 0.1 1.7 1.7 1.3 1.3 1.3 1.3 0.6 0.6 0.6 0.1 0.1 1.5 1.6 1.6 1.7 1.7 24/03/1997
0.1 0.0 0.0 0.0 0.0 0.0 0.3 0.3 0.3 0.3 0.8 0.8 0.1 0.1 0.0 0.0 0.0 0.0 0.3 0.3 0.3 0.8 0.8 0.0 0.1 0.1 0.1 0.1 25/03/1997
1.6 1.3 1.4 1.3 1.3 1.4 0.2 0.2 0.2 0.2 0.7 0.7 1.6 1.6 1.4 1.4 1.4 1.4 0.2 0.2 0.2 0.7 0.7 0.8 1.6 1.6 1.6 1.6 26/03/1997
0.1 0.1 0.1 0.1 0.1 0.1 0.9 0.9 0.9 0.9 0.5 0.5 0.1 0.1 0.1 0.1 0.1 0.1 0.9 0.9 0.9 0.5 0.5 0.0 0.1 0.1 0.1 0.1 27/03/1997
0.0 0.0 0.0 0.0 0.0 0.0 0.1 0.1 0.1 0.1 0.4 0.4 0.0 0.0 0.0 0.0 0.0 0.0 0.1 0.1 0.1 0.4 0.4 0.0 0.0 0.0 0.0 0.0 28/03/1997
0.0 0.0 0.0 0.0 0.0 0.0 0.0 0.0 0.0 0.0 0.1 0.1 0.0 0.0 0.0 0.0 0.0 0.0 0.0 0.0 0.0 0.1 0.1 0.0 0.0 0.0 0.0 0.0 29/03/1997
0.0 0.0 0.0 0.0 0.0 0.0 0.0 0.0 0.0 0.0 0.0 0.0 0.0 0.0 0.0 0.0 0.0 0.0 0.0 0.0 0.0 0.0 0.0 0.0 0.0 0.0 0.0 0.0 30/03/1997
0.0 0.0 0.0 0.0 0.0 0.0 0.0 0.0 0.0 0.0 0.2 0.2 0.0 0.0 0.0 0.0 0.0 0.0 0.0 0.0 0.0 0.2 0.2 0.0 0.0 0.0 0.0 0.0 31/03/1997
0.1 0.0 0.0 0.0 0.0 0.0 0.2 0.2 0.2 0.2 0.0 0.0 0.1 0.1 0.0 0.0 0.0 0.0 0.2 0.2 0.2 0.0 0.0 0.0 0.1 0.1 0.1 0.1 01/04/1997
0.1 0.0 0.0 0.0 0.0 0.0 0.0 0.0 0.0 0.0 0.0 0.0 0.1 0.1 0.0 0.0 0.0 0.0 0.0 0.0 0.0 0.0 0.0 0.0 0.1 0.1 0.1 0.1 02/04/1997
0.0 0.0 0.0 0.0 0.0 0.0 0.9 0.9 0.9 0.9 0.9 0.9 0.0 0.0 0.0 0.0 0.0 0.0 0.9 0.9 0.9 0.8 0.8 0.0 0.0 0.0 0.0 0.0 03/04/1997
0.0 0.0 0.0 0.0 0.0 0.0 0.0 0.0 0.0 0.0 0.0 0.0 0.0 0.0 0.0 0.0 0.0 0.0 0.0 0.0 0.0 0.0 0.0 0.0 0.0 0.0 0.0 0.0 04/04/1997
0.0 0.0 0.0 0.0 0.0 0.0 0.2 0.2 0.2 0.2 0.5 0.5 0.0 0.0 0.0 0.0 0.0 0.0 0.2 0.2 0.2 0.5 0.5 0.0 0.0 0.0 0.0 0.0 05/04/1997
0.0 0.0 0.0 0.0 0.0 0.0 0.0 0.0 0.0 0.0 0.0 0.0 0.0 0.0 0.0 0.0 0.0 0.0 0.0 0.0 0.0 0.0 0.0 0.0 0.0 0.0 0.0 0.0 06/04/1997
0.0 0.0 0.0 0.0 0.0 0.0 0.0 0.0 0.0 0.0 0.0 0.0 0.0 0.0 0.0 0.0 0.0 0.0 0.0 0.0 0.0 0.0 0.0 0.0 0.0 0.0 0.0 0.0 07/04/1997
0.0 0.0 0.0 0.0 0.0 0.0 0.0 0.0 0.0 0.0 0.0 0.0 0.0 0.0 0.0 0.0 0.0 0.0 0.0 0.0 0.0 0.0 0.0 0.0 0.0 0.0 0.0 0.0 08/04/1997
0.0 0.0 0.0 0.0 0.0 0.0 0.0 0.0 0.0 0.0 0.0 0.0 0.0 0.0 0.0 0.0 0.0 0.0 0.0 0.0 0.0 0.0 0.0 0.0 0.0 0.0 0.0 0.0 09/04/1997
0.0 0.0 0.0 0.0 0.0 0.0 0.0 0.0 0.0 0.0 0.0 0.0 0.0 0.0 0.0 0.0 0.0 0.0 0.0 0.0 0.0 0.0 0.0 0.0 0.0 0.0 0.0 0.0 10/04/1997
0.0 0.0 0.0 0.0 0.0 0.0 0.0 0.0 0.0 0.0 0.0 0.0 0.0 0.0 0.0 0.0 0.0 0.0 0.0 0.0 0.0 0.0 0.0 0.0 0.0 0.0 0.0 0.0 11/04/1997
0.0 0.0 0.0 0.0 0.0 0.0 0.0 0.0 0.0 0.0 0.0 0.0 0.0 0.0 0.0 0.0 0.0 0.0 0.0 0.0 0.0 0.0 0.0 0.0 0.0 0.0 0.0 0.0 12/04/1997
0.0 0.0 0.0 0.0 0.0 0.0 0.0 0.0 0.0 0.0 0.0 0.0 0.0 0.0 0.0 0.0 0.0 0.0 0.0 0.0 0.0 0.0 0.0 0.0 0.0 0.0 0.0 0.0 13/04/1997
0.0 0.0 0.0 0.0 0.0 0.0 0.0 0.0 0.0 0.0 0.0 0.0 0.0 0.0 0.0 0.0 0.0 0.0 0.0 0.0 0.0 0.0 0.0 0.0 0.0 0.0 0.0 0.0 14/04/1997
0.0 0.0 0.0 0.0 0.0 0.0 0.0 0.0 0.0 0.0 0.0 0.0 0.0 0.0 0.0 0.0 0.0 0.0 0.0 0.0 0.0 0.0 0.0 0.0 0.0 0.0 0.0 0.0 15/04/1997
0.0 0.0 0.0 0.0 0.0 0.0 0.0 0.0 0.0 0.0 0.0 0.0 0.0 0.0 0.0 0.0 0.0 0.0 0.0 0.0 0.0 0.0 0.0 0.0 0.0 0.0 0.0 0.0 16/04/1997
0.0 0.0 0.0 0.0 0.0 0.0 0.0 0.0 0.0 0.0 0.0 0.0 0.0 0.0 0.0 0.0 0.0 0.0 0.0 0.0 0.0 0.0 0.0 0.0 0.0 0.0 0.0 0.0 17/04/1997
0.0 0.0 0.0 0.0 0.0 0.0 0.0 0.0 0.0 0.0 0.0 0.0 0.0 0.0 0.0 0.0 0.0 0.0 0.0 0.0 0.0 0.0 0.0 0.0 0.0 0.0 0.0 0.0 18/04/1997
0.0 0.0 0.0 0.0 0.0 0.0 0.0 0.0 0.0 0.0 0.0 0.0 0.0 0.0 0.0 0.0 0.0 0.0 0.0 0.0 0.0 0.0 0.0 0.0 0.0 0.0 0.0 0.0 19/04/1997
0.0 0.0 0.0 0.0 0.0 0.0 0.0 0.0 0.0 0.0 0.0 0.0 0.0 0.0 0.0 0.0 0.0 0.0 0.0 0.0 0.0 0.0 0.0 0.0 0.0 0.0 0.0 0.0 20/04/1997
0.0 0.0 0.0 0.0 0.0 0.0 0.0 0.0 0.0 0.0 0.0 0.0 0.0 0.0 0.0 0.0 0.0 0.0 0.0 0.0 0.0 0.0 0.0 0.0 0.0 0.0 0.0 0.0 21/04/1997
0.0 0.0 0.0 0.0 0.0 0.0 0.0 0.0 0.0 0.0 0.0 0.0 0.0 0.0 0.0 0.0 0.0 0.0 0.0 0.0 0.0 0.0 0.0 0.0 0.0 0.0 0.0 0.0 22/04/1997
0.0 0.0 0.0 0.0 0.0 0.0 0.0 0.0 0.0 0.0 0.0 0.0 0.0 0.0 0.0 0.0 0.0 0.0 0.0 0.0 0.0 0.0 0.0 0.0 0.0 0.0 0.0 0.0 23/04/1997
0.0 0.0 0.0 0.0 0.0 0.0 0.0 0.0 0.0 0.0 0.0 0.0 0.0 0.0 0.0 0.0 0.0 0.0 0.0 0.0 0.0 0.0 0.0 0.0 0.0 0.0 0.0 0.0 24/04/1997
6.9 7.8 7.9 7.8 7.8 7.9 5.2 5.3 5.4 5.4 6.5 6.5 7.0 7.0 7.9 7.9 7.9 7.9 5.2 5.3 5.3 6.4 6.3 6.7 6.9 6.9 7.0 7.0 25/04/1997
6.4 6.4 6.5 6.5 6.5 6.5 6.0 6.0 6.1 6.2 10.7 10.8 6.4 6.4 6.6 6.5 6.5 6.6 5.9 6.0 6.0 10.5 10.4 3.4 6.4 6.4 6.5 6.5 26/04/1997
2.1 2.5 2.5 2.5 2.5 2.5 1.9 2.0 2.0 2.0 1.5 1.5 2.1 2.1 2.6 2.6 2.6 2.6 1.9 2.0 2.0 1.5 1.5 1.4 2.1 2.1 2.1 2.1 27/04/1997
1.8 0.7 0.7 0.7 0.7 0.7 3.6 3.7 3.7 3.8 5.8 5.8 1.8 1.8 0.7 0.7 0.7 0.7 3.6 3.6 3.7 5.7 5.6 1.1 1.8 1.8 1.8 1.8 28/04/1997
0.0 0.0 0.0 0.0 0.0 0.0 1.5 1.5 1.6 1.6 2.6 2.6 0.0 0.0 0.0 0.0 0.0 0.0 1.5 1.5 1.5 2.6 2.5 0.0 0.0 0.0 0.0 0.0 29/04/1997
0.0 0.0 0.0 0.0 0.0 0.0 0.0 0.0 0.0 0.0 0.0 0.0 0.0 0.0 0.0 0.0 0.0 0.0 0.0 0.0 0.0 0.0 0.0 0.0 0.0 0.0 0.0 0.0 30/04/1997
0.0 0.0 0.0 0.0 0.0 0.0 0.0 0.0 0.0 0.0 0.0 0.0 0.0 0.0 0.0 0.0 0.0 0.0 0.0 0.0 0.0 0.0 0.0 0.0 0.0 0.0 0.0 0.0 01/05/1997
0.0 0.0 0.0 0.0 0.0 0.0 0.0 0.0 0.0 0.0 0.0 0.0 0.0 0.0 0.0 0.0 0.0 0.0 0.0 0.0 0.0 0.0 0.0 0.0 0.0 0.0 0.0 0.0 02/05/1997
0.1 0.0 0.0 0.0 0.0 0.0 0.4 0.4 0.4 0.4 0.5 0.5 0.1 0.1 0.0 0.0 0.0 0.0 0.4 0.4 0.4 0.5 0.5 0.2 0.1 0.1 0.1 0.1 03/05/1997
3.0 1.3 1.3 1.3 1.3 1.3 8.0 8.1 8.2 8.3 9.0 9.0 3.0 3.0 1.3 1.3 1.3 1.3 7.9 8.0 8.1 8.8 8.7 1.7 3.0 3.0 3.0 3.1 04/05/1997
10.6 9.7 9.8 9.7 9.7 9.8 19.8 20.0 20.3 20.5 13.6 13.7 10.7 10.7 9.9 9.9 9.9 9.9 19.5 19.8 20.0 13.3 13.2 9.0 10.6 10.6 10.7 10.7 05/05/1997
7.0 8.3 8.3 8.2 8.2 8.3 13.5 13.7 13.8 14.0 17.4 17.5 7.1 7.1 8.4 8.4 8.4 8.4 13.3 13.5 13.6 17.1 16.9 8.8 7.0 7.0 7.1 7.1 06/05/1997
2.8 1.8 1.8 1.8 1.8 1.8 2.5 2.6 2.6 2.6 2.1 2.2 2.8 2.8 1.8 1.8 1.8 1.8 2.5 2.5 2.6 2.1 2.1 2.1 2.8 2.8 2.8 2.8 07/05/1997
10.2 12.4 12.5 12.4 12.4 12.5 7.6 7.7 7.8 7.9 9.8 9.8 10.3 10.3 12.6 12.6 12.6 12.6 7.5 7.6 7.7 9.6 9.5 6.4 10.2 10.2 10.3 10.4 08/05/1997
0.9 3.8 3.8 3.8 3.8 3.8 5.2 5.3 5.4 5.4 4.4 4.4 0.9 0.9 3.9 3.9 3.9 3.9 5.2 5.2 5.3 4.3 4.3 0.8 0.9 0.9 0.9 0.9 09/05/1997
11.1 10.6 10.7 10.6 10.6 10.7 1.3 1.3 1.3 1.3 3.0 3.0 11.2 11.2 10.8 10.8 10.8 10.8 1.3 1.3 1.3 2.9 2.9 6.7 11.2 11.2 11.2 11.3 10/05/1997
2.9 1.2 1.2 1.2 1.2 1.2 4.4 4.4 4.5 4.5 8.5 8.5 2.9 2.9 1.2 1.2 1.2 1.2 4.3 4.4 4.4 8.3 8.2 3.0 2.9 2.9 2.9 2.9 11/05/1997
1.2 2.3 2.4 2.3 2.3 2.4 1.6 1.6 1.6 1.7 0.2 0.2 1.2 1.2 2.4 2.4 2.4 2.4 1.6 1.6 1.6 0.2 0.2 1.0 1.2 1.2 1.2 1.2 12/05/1997
0.0 1.6 1.7 1.6 1.6 1.7 12.1 12.3 12.5 12.6 15.1 15.1 0.0 0.0 1.7 1.7 1.7 1.7 12.0 12.2 12.3 14.8 14.6 0.0 0.0 0.0 0.0 0.0 13/05/1997
0.0 0.1 0.1 0.1 0.1 0.1 2.7 2.8 2.8 2.8 2.4 2.4 0.0 0.0 0.1 0.1 0.1 0.1 2.7 2.7 2.8 2.4 2.4 0.0 0.0 0.0 0.0 0.0 14/05/1997
1.5 9.8 9.8 9.8 9.8 9.8 0.5 0.5 0.5 0.5 0.2 0.2 1.5 1.5 9.9 9.9 9.9 9.9 0.4 0.5 0.5 0.2 0.2 1.1 1.5 1.5 1.5 1.5 15/05/1997
0.8 5.9 5.9 5.9 5.9 5.9 1.0 1.0 1.0 1.0 0.0 0.0 0.8 0.8 6.0 6.0 6.0 6.0 1.0 1.0 1.0 0.0 0.0 0.0 0.8 0.8 0.8 0.8 16/05/1997
3.4 0.9 0.9 0.9 0.9 0.9 5.2 5.2 5.3 5.4 6.9 7.0 3.4 3.4 0.9 0.9 0.9 0.9 5.1 5.2 5.2 6.8 6.7 5.5 3.4 3.4 3.4 3.5 17/05/1997
2.1 1.1 1.1 1.1 1.1 1.1 2.2 2.3 2.3 2.3 1.3 1.3 2.1 2.1 1.2 1.2 1.2 1.2 2.2 2.2 2.3 1.3 1.2 0.3 2.1 2.1 2.1 2.2 18/05/1997
5.9 3.5 3.5 3.5 3.5 3.5 1.2 1.2 1.2 1.2 1.3 1.3 5.9 5.9 3.5 3.5 3.5 3.5 1.2 1.2 1.2 1.3 1.3 6.6 5.9 5.9 5.9 6.0 19/05/1997
22.4 21.7 21.8 21.7 21.7 21.8 13.5 13.7 13.9 14.0 9.6 9.6 22.7 22.7 22.1 22.0 22.0 22.0 13.3 13.6 13.7 9.4 9.3 19.3 22.6 22.6 22.8 22.9 20/05/1997
1.7 2.1 2.2 2.1 2.1 2.2 11.2 11.4 11.5 11.6 9.4 9.4 1.7 1.7 2.2 2.2 2.2 2.2 11.1 11.3 11.3 9.2 9.1 1.0 1.7 1.7 1.7 1.7 21/05/1997
1.1 0.9 0.9 0.9 0.9 0.9 0.0 0.0 0.0 0.0 0.1 0.1 1.1 1.1 0.9 0.9 0.9 0.9 0.0 0.0 0.0 0.1 0.1 2.8 1.1 1.1 1.1 1.1 22/05/1997
0.0 0.0 0.0 0.0 0.0 0.0 0.0 0.0 0.0 0.0 0.0 0.0 0.0 0.0 0.0 0.0 0.0 0.0 0.0 0.0 0.0 0.0 0.0 0.0 0.0 0.0 0.0 0.0 23/05/1997
0.0 0.0 0.0 0.0 0.0 0.0 0.0 0.0 0.0 0.0 0.0 0.0 0.0 0.0 0.0 0.0 0.0 0.0 0.0 0.0 0.0 0.0 0.0 0.0 0.0 0.0 0.0 0.0 24/05/1997
0.0 0.0 0.0 0.0 0.0 0.0 0.0 0.0 0.0 0.0 0.0 0.0 0.0 0.0 0.0 0.0 0.0 0.0 0.0 0.0 0.0 0.0 0.0 0.0 0.0 0.0 0.0 0.0 25/05/1997
0.0 0.0 0.0 0.0 0.0 0.0 0.0 0.0 0.0 0.0 0.0 0.0 0.0 0.0 0.0 0.0 0.0 0.0 0.0 0.0 0.0 0.0 0.0 0.0 0.0 0.0 0.0 0.0 26/05/1997
0.0 0.0 0.0 0.0 0.0 0.0 0.0 0.0 0.0 0.0 0.0 0.0 0.0 0.0 0.0 0.0 0.0 0.0 0.0 0.0 0.0 0.0 0.0 0.0 0.0 0.0 0.0 0.0 27/05/1997
0.0 0.0 0.0 0.0 0.0 0.0 0.0 0.0 0.0 0.0 0.0 0.0 0.0 0.0 0.0 0.0 0.0 0.0 0.0 0.0 0.0 0.0 0.0 0.0 0.0 0.0 0.0 0.0 28/05/1997
0.0 0.0 0.0 0.0 0.0 0.0 0.0 0.0 0.0 0.0 0.0 0.0 0.0 0.0 0.0 0.0 0.0 0.0 0.0 0.0 0.0 0.0 0.0 0.0 0.0 0.0 0.0 0.0 29/05/1997
0.0 0.0 0.0 0.0 0.0 0.0 0.0 0.0 0.0 0.0 0.0 0.0 0.0 0.0 0.0 0.0 0.0 0.0 0.0 0.0 0.0 0.0 0.0 0.0 0.0 0.0 0.0 0.0 30/05/1997
0.0 0.0 0.0 0.0 0.0 0.0 0.0 0.0 0.0 0.0 0.0 0.0 0.0 0.0 0.0 0.0 0.0 0.0 0.0 0.0 0.0 0.0 0.0 0.0 0.0 0.0 0.0 0.0 31/05/1997
9.5 3.5 3.5 3.5 3.5 3.5 0.0 0.0 0.0 0.0 0.0 0.0 9.6 9.6 3.6 3.6 3.6 3.6 0.0 0.0 0.0 0.0 0.0 9.2 9.5 9.5 9.6 9.7 01/06/1997
0.7 3.1 3.1 3.1 3.1 3.1 0.0 0.0 0.0 0.0 0.5 0.5 0.7 0.7 3.1 3.1 3.1 3.1 0.0 0.0 0.0 0.5 0.5 0.8 0.7 0.7 0.7 0.8 02/06/1997
1.8 4.0 4.0 4.0 4.0 4.0 0.0 0.0 0.0 0.0 0.0 0.0 1.8 1.8 4.1 4.1 4.1 4.1 0.0 0.0 0.0 0.0 0.0 0.1 1.8 1.8 1.8 1.8 03/06/1997
0.0 0.2 0.2 0.2 0.2 0.2 0.0 0.0 0.0 0.0 0.0 0.0 0.0 0.0 0.2 0.2 0.2 0.2 0.0 0.0 0.0 0.0 0.0 0.0 0.0 0.0 0.0 0.0 04/06/1997
0.0 0.1 0.1 0.1 0.1 0.1 1.5 1.5 1.5 1.5 1.4 1.4 0.0 0.0 0.1 0.1 0.1 0.1 1.4 1.5 1.5 1.4 1.3 0.0 0.0 0.0 0.0 0.0 05/06/1997
13.6 5.1 5.1 5.1 5.1 5.1 0.0 0.0 0.0 0.0 0.2 0.2 13.8 13.8 5.2 5.2 5.2 5.2 0.0 0.0 0.0 0.2 0.2 10.0 13.7 13.7 13.8 13.8 06/06/1997
10.1 8.8 8.9 8.8 8.8 8.9 7.5 7.6 7.7 7.7 1.3 1.3 10.2 10.2 9.0 8.9 8.9 9.0 7.4 7.5 7.5 1.2 1.2 1.5 10.2 10.2 10.2 10.3 07/06/1997
2.8 3.7 3.8 3.7 3.7 3.8 3.4 3.5 3.5 3.6 1.7 1.7 2.9 2.9 3.8 3.8 3.8 3.8 3.4 3.4 3.5 1.7 1.7 4.4 2.9 2.9 2.9 2.9 08/06/1997
0.0 0.0 0.0 0.0 0.0 0.0 0.0 0.0 0.0 0.0 0.0 0.0 0.0 0.0 0.0 0.0 0.0 0.0 0.0 0.0 0.0 0.0 0.0 0.0 0.0 0.0 0.0 0.0 09/06/1997
7.5 8.8 8.9 8.8 8.8 8.9 0.0 0.0 0.0 0.0 0.0 0.0 7.6 7.6 9.0 8.9 8.9 9.0 0.0 0.0 0.0 0.0 0.0 6.9 7.6 7.6 7.6 7.7 10/06/1997
5.9 18.4 18.5 18.4 18.5 18.5 9.7 9.8 10.0 10.1 7.9 7.9 5.9 5.9 18.7 18.7 18.7 18.7 9.6 9.7 9.8 7.7 7.7 5.6 5.9 5.9 5.9 6.0 11/06/1997
4.9 7.8 7.8 7.8 7.8 7.8 0.1 0.1 0.1 0.2 0.0 0.0 4.9 4.9 7.9 7.9 7.9 7.9 0.1 0.1 0.1 0.0 0.0 4.7 4.9 4.9 4.9 4.9 12/06/1997
5.3 14.1 14.2 14.1 14.1 14.2 8.0 8.1 8.2 8.3 8.0 8.1 5.3 5.3 14.3 14.3 14.3 14.3 7.9 8.0 8.1 7.9 7.8 5.8 5.3 5.3 5.4 5.4 13/06/1997
0.2 0.2 0.2 0.2 0.2 0.2 9.1 9.2 9.3 9.4 9.3 9.3 0.2 0.2 0.2 0.2 0.2 0.2 8.9 9.1 9.1 9.1 9.0 0.1 0.2 0.2 0.2 0.2 14/06/1997
0.3 0.0 0.0 0.0 0.0 0.0 0.1 0.1 0.1 0.1 0.1 0.1 0.3 0.3 0.0 0.0 0.0 0.0 0.1 0.1 0.1 0.1 0.1 0.0 0.3 0.3 0.3 0.3 15/06/1997
11.8 22.8 23.0 22.8 22.9 23.0 3.7 3.7 3.8 3.8 2.5 2.5 11.9 11.9 23.2 23.2 23.1 23.2 3.6 3.7 3.7 2.5 2.5 4.5 11.8 11.8 11.9 12.0 16/06/1997
0.9 1.2 1.2 1.2 1.2 1.2 1.5 1.5 1.5 1.5 8.8 8.8 0.9 0.9 1.2 1.2 1.2 1.2 1.4 1.5 1.5 8.6 8.5 0.2 0.9 0.9 0.9 0.9 17/06/1997
0.1 3.5 3.5 3.5 3.5 3.5 0.0 0.0 0.0 0.0 0.0 0.0 0.1 0.1 3.5 3.5 3.5 3.5 0.0 0.0 0.0 0.0 0.0 0.2 0.1 0.1 0.1 0.1 18/06/1997
7.4 9.1 9.2 9.1 9.1 9.2 9.9 10.0 10.1 10.2 9.5 9.6 7.5 7.5 9.3 9.2 9.2 9.2 9.7 9.9 10.0 9.3 9.3 5.5 7.5 7.5 7.5 7.6 19/06/1997
3.9 4.4 4.4 4.4 4.4 4.4 3.5 3.6 3.6 3.7 7.0 7.0 3.9 3.9 4.4 4.4 4.4 4.4 3.5 3.5 3.6 6.9 6.8 5.8 3.9 3.9 3.9 4.0 20/06/1997
3.4 2.1 2.1 2.1 2.1 2.1 3.3 3.3 3.4 3.4 6.3 6.3 3.5 3.5 2.2 2.2 2.2 2.2 3.2 3.3 3.3 6.2 6.2 0.8 3.4 3.4 3.5 3.5 21/06/1997
2.0 2.8 2.9 2.9 2.9 2.9 9.4 9.5 9.6 9.7 10.0 10.0 2.0 2.0 2.9 2.9 2.9 2.9 9.2 9.4 9.5 9.8 9.7 0.1 2.0 2.0 2.0 2.0 22/06/1997
0.0 2.8 2.8 2.8 2.8 2.8 10.0 10.1 10.2 10.4 15.7 15.8 0.0 0.0 2.9 2.9 2.9 2.9 9.8 10.0 10.1 15.4 15.3 0.0 0.0 0.0 0.0 0.0 23/06/1997
1.0 1.0 1.0 1.0 1.0 1.0 4.6 4.7 4.7 4.8 2.3 2.3 1.0 1.0 1.0 1.0 1.0 1.0 4.5 4.6 4.7 2.3 2.3 0.1 1.0 1.0 1.0 1.0 24/06/1997
22.9 9.2 9.2 9.2 9.2 9.2 13.3 13.5 13.6 13.7 12.6 12.6 23.2 23.2 9.3 9.3 9.3 9.3 13.1 13.3 13.4 12.3 12.2 19.7 23.1 23.1 23.3 23.4 25/06/1997
26.0 17.5 17.6 17.5 17.5 17.6 9.2 9.3 9.4 9.5 9.4 9.4 26.3 26.3 17.7 17.7 17.7 17.7 9.1 9.2 9.3 9.2 9.1 22.9 26.2 26.2 26.3 26.5 26/06/1997
15.9 4.6 4.6 4.6 4.6 4.6 7.3 7.4 7.4 7.5 6.2 6.2 16.1 16.1 4.7 4.7 4.7 4.7 7.2 7.3 7.3 6.1 6.0 15.9 16.0 16.0 16.1 16.2 27/06/1997
3.4 3.4 3.4 3.4 3.4 3.4 4.4 4.5 4.6 4.6 2.8 2.8 3.5 3.5 3.4 3.4 3.4 3.4 4.4 4.5 4.5 2.8 2.8 0.6 3.4 3.4 3.5 3.5 28/06/1997
12.9 10.2 10.2 10.2 10.2 10.2 2.7 2.7 2.8 2.8 4.9 4.9 13.1 13.1 10.3 10.3 10.3 10.3 2.7 2.7 2.7 4.8 4.8 12.3 13.0 13.0 13.1 13.1 29/06/1997
3.4 4.2 4.2 4.2 4.2 4.2 9.4 9.5 9.7 9.8 12.6 12.7 3.4 3.4 4.2 4.2 4.2 4.2 9.3 9.4 9.5 12.4 12.3 3.0 3.4 3.4 3.4 3.5 30/06/1997
3.2 4.3 4.3 4.3 4.3 4.3 12.1 12.3 12.4 12.5 6.8 6.8 3.3 3.3 4.4 4.4 4.4 4.4 11.9 12.1 12.2 6.7 6.6 2.5 3.2 3.2 3.3 3.3 01/07/1997
4.1 4.8 4.9 4.8 4.8 4.9 6.8 6.9 7.0 7.0 6.2 6.3 4.1 4.1 4.9 4.9 4.9 4.9 6.7 6.8 6.9 6.1 6.1 3.5 4.1 4.1 4.1 4.1 02/07/1997
1.2 4.2 4.2 4.2 4.2 4.2 3.6 3.6 3.6 3.7 2.0 2.0 1.2 1.2 4.3 4.2 4.2 4.3 3.5 3.6 3.6 2.0 1.9 0.6 1.2 1.2 1.2 1.2 03/07/1997
0.3 1.9 1.9 1.9 1.9 1.9 4.3 4.4 4.4 4.5 2.2 2.2 0.3 0.3 1.9 1.9 1.9 1.9 4.3 4.3 4.4 2.2 2.2 1.0 0.3 0.3 0.3 0.3 04/07/1997
0.0 0.0 0.0 0.0 0.0 0.0 1.8 1.8 1.8 1.8 0.1 0.1 0.0 0.0 0.0 0.0 0.0 0.0 1.8 1.8 1.8 0.1 0.1 0.0 0.0 0.0 0.0 0.0 05/07/1997
0.0 0.0 0.0 0.0 0.0 0.0 0.0 0.0 0.0 0.0 0.0 0.0 0.0 0.0 0.0 0.0 0.0 0.0 0.0 0.0 0.0 0.0 0.0 0.0 0.0 0.0 0.0 0.0 06/07/1997
0.0 0.0 0.0 0.0 0.0 0.0 0.0 0.0 0.0 0.0 0.0 0.0 0.0 0.0 0.0 0.0 0.0 0.0 0.0 0.0 0.0 0.0 0.0 0.0 0.0 0.0 0.0 0.0 07/07/1997
0.0 0.0 0.0 0.0 0.0 0.0 0.0 0.0 0.0 0.0 0.0 0.0 0.0 0.0 0.0 0.0 0.0 0.0 0.0 0.0 0.0 0.0 0.0 0.0 0.0 0.0 0.0 0.0 08/07/1997
0.0 0.0 0.0 0.0 0.0 0.0 0.0 0.0 0.0 0.0 0.0 0.0 0.0 0.0 0.0 0.0 0.0 0.0 0.0 0.0 0.0 0.0 0.0 0.0 0.0 0.0 0.0 0.0 09/07/1997
0.1 0.0 0.0 0.0 0.0 0.0 0.0 0.0 0.0 0.0 0.0 0.0 0.1 0.1 0.0 0.0 0.0 0.0 0.0 0.0 0.0 0.0 0.0 0.0 0.1 0.1 0.1 0.1 10/07/1997
0.0 0.0 0.0 0.0 0.0 0.0 0.1 0.1 0.1 0.1 0.8 0.8 0.0 0.0 0.0 0.0 0.0 0.0 0.1 0.1 0.1 0.8 0.8 0.0 0.0 0.0 0.0 0.0 11/07/1997
0.0 0.0 0.0 0.0 0.0 0.0 3.0 3.0 3.1 3.1 0.8 0.8 0.0 0.0 0.0 0.0 0.0 0.0 3.0 3.0 3.0 0.8 0.8 0.0 0.0 0.0 0.0 0.0 12/07/1997
0.0 1.0 1.0 1.0 1.0 1.0 0.5 0.5 0.5 0.5 0.0 0.0 0.0 0.0 1.0 1.0 1.0 1.0 0.4 0.5 0.5 0.0 0.0 0.0 0.0 0.0 0.0 0.0 13/07/1997
0.0 0.1 0.1 0.1 0.1 0.1 1.8 1.8 1.8 1.8 2.8 2.9 0.0 0.0 0.1 0.1 0.1 0.1 1.7 1.8 1.8 2.8 2.7 0.0 0.0 0.0 0.0 0.0 14/07/1997
0.0 0.0 0.0 0.0 0.0 0.0 0.0 0.0 0.0 0.0 0.0 0.0 0.0 0.0 0.0 0.0 0.0 0.0 0.0 0.0 0.0 0.0 0.0 0.0 0.0 0.0 0.0 0.0 15/07/1997
0.0 0.1 0.1 0.1 0.1 0.1 0.2 0.2 0.2 0.2 0.0 0.0 0.0 0.0 0.1 0.1 0.1 0.1 0.1 0.2 0.2 0.0 0.0 0.0 0.0 0.0 0.0 0.0 16/07/1997
1.7 1.4 1.4 1.4 1.4 1.4 2.9 2.9 3.0 3.0 3.5 3.5 1.7 1.7 1.4 1.4 1.4 1.4 2.9 2.9 2.9 3.4 3.4 0.2 1.7 1.7 1.7 1.7 17/07/1997
1.0 0.5 0.5 0.5 0.5 0.5 4.3 4.4 4.4 4.5 5.1 5.1 1.0 1.0 0.5 0.5 0.5 0.5 4.2 4.3 4.3 5.0 4.9 0.8 1.0 1.0 1.0 1.0 18/07/1997
0.1 0.1 0.1 0.1 0.1 0.1 1.1 1.1 1.1 1.1 0.5 0.5 0.1 0.1 0.1 0.1 0.1 0.1 1.1 1.1 1.1 0.5 0.4 0.2 0.1 0.1 0.1 0.1 19/07/1997
0.0 0.0 0.0 0.0 0.0 0.0 1.4 1.4 1.4 1.5 1.4 1.4 0.0 0.0 0.0 0.0 0.0 0.0 1.4 1.4 1.4 1.4 1.4 0.0 0.0 0.0 0.0 0.0 20/07/1997
0.0 0.0 0.0 0.0 0.0 0.0 0.1 0.1 0.1 0.1 0.0 0.0 0.0 0.0 0.0 0.0 0.0 0.0 0.1 0.1 0.1 0.0 0.0 0.0 0.0 0.0 0.0 0.0 21/07/1997
0.1 0.0 0.0 0.0 0.0 0.0 0.0 0.0 0.0 0.0 0.0 0.0 0.1 0.1 0.0 0.0 0.0 0.0 0.0 0.0 0.0 0.0 0.0 0.0 0.1 0.1 0.1 0.1 22/07/1997
0.0 0.0 0.0 0.0 0.0 0.0 0.7 0.7 0.7 0.7 0.0 0.0 0.0 0.0 0.0 0.0 0.0 0.0 0.7 0.7 0.7 0.0 0.0 0.0 0.0 0.0 0.0 0.0 23/07/1997
1.3 1.3 1.3 1.3 1.3 1.3 4.2 4.3 4.3 4.4 3.9 3.9 1.3 1.3 1.3 1.3 1.3 1.3 4.1 4.2 4.2 3.8 3.8 0.8 1.3 1.3 1.3 1.3 24/07/1997
0.6 0.1 0.1 0.1 0.1 0.1 0.4 0.4 0.4 0.4 0.0 0.0 0.6 0.6 0.1 0.1 0.1 0.1 0.4 0.4 0.4 0.0 0.0 1.4 0.6 0.6 0.6 0.6 25/07/1997
1.5 1.7 1.7 1.7 1.7 1.7 2.5 2.5 2.5 2.6 4.0 4.0 1.5 1.5 1.7 1.7 1.7 1.7 2.4 2.5 2.5 3.9 3.8 0.5 1.5 1.5 1.5 1.5 26/07/1997
0.1 0.1 0.1 0.1 0.1 0.1 0.0 0.0 0.0 0.0 0.0 0.0 0.1 0.1 0.1 0.1 0.1 0.1 0.0 0.0 0.0 0.0 0.0 0.1 0.1 0.1 0.1 0.1 27/07/1997
0.2 0.0 0.0 0.0 0.0 0.0 0.0 0.0 0.0 0.0 0.0 0.0 0.2 0.2 0.0 0.0 0.0 0.0 0.0 0.0 0.0 0.0 0.0 0.0 0.2 0.2 0.2 0.2 28/07/1997
0.0 0.0 0.0 0.0 0.0 0.0 0.0 0.0 0.0 0.0 0.0 0.0 0.0 0.0 0.0 0.0 0.0 0.0 0.0 0.0 0.0 0.0 0.0 0.0 0.0 0.0 0.0 0.0 29/07/1997
0.4 0.1 0.1 0.1 0.1 0.1 0.9 1.0 1.0 1.0 0.0 0.0 0.4 0.4 0.1 0.1 0.1 0.1 0.9 0.9 1.0 0.0 0.0 0.6 0.4 0.4 0.4 0.4 30/07/1997
0.0 0.0 0.0 0.0 0.0 0.0 9.1 9.2 9.3 9.4 7.0 7.0 0.0 0.0 0.0 0.0 0.0 0.0 8.9 9.1 9.2 6.8 6.7 0.0 0.0 0.0 0.0 0.0 31/07/1997
