# 460 461 462 463 464 465 489 490 491 492 493 494 518 519 520 521 522 523 547 548 549 550 551 575 576 577 578 579 Date
0.0 0.7 0.7 0.7 0.7 0.7 2.3 2.4 2.4 2.4 2.5 2.5 0.0 0.0 0.7 0.7 0.7 0.7 2.3 2.4 2.4 2.4 2.4 0.0 0.0 0.0 0.0 0.0 01/08/1985
3.3 1.5 1.5 1.5 1.5 1.5 4.4 4.5 4.6 4.6 1.1 1.1 3.3 3.3 1.5 1.5 1.5 1.5 4.4 4.5 4.5 1.1 1.0 4.0 3.3 3.3 3.3 3.3 02/08/1985
1.6 1.9 1.9 1.9 1.9 1.9 2.5 2.5 2.6 2.6 4.7 4.7 1.6 1.6 1.9 1.9 1.9 1.9 2.5 2.5 2.5 4.6 4.5 0.3 1.6 1.6 1.6 1.6 03/08/1985
4.7 3.7 3.7 3.7 3.7 3.7 5.0 5.0 5.1 5.2 8.5 8.5 4.7 4.7 3.7 3.7 3.7 3.7 4.9 5.0 5.0 8.3 8.3 4.7 4.7 4.7 4.7 4.7 04/08/1985
5.3 5.2 5.2 5.2 5.2 5.2 12.8 13.0 13.1 13.2 10.4 10.5 5.4 5.4 5.3 5.3 5.3 5.3 12.6 12.8 12.9 10.2 10.1 1.1 5.3 5.3 5.4 5.4 05/08/1985
0.9 1.1 1.1 1.1 1.1 1.1 1.0 1.0 1.1 1.1 2.3 2.3 1.0 1.0 1.1 1.1 1.1 1.1 1.0 1.0 1.0 2.2 2.2 3.1 0.9 0.9 1.0 1.0 06/08/1985
5.5 2.8 2.8 2.8 2.8 2.8 2.7 2.7 2.7 2.8 4.3 4.3 5.5 5.5 2.9 2.9 2.9 2.9 2.6 2.7 2.7 4.2 4.1 6.8 5.5 5.5 5.5 5.6 07/08/1985
0.0 0.1 0.1 0.1 0.1 0.1 0.5 0.5 0.5 0.5 1.5 1.5 0.0 0.0 0.1 0.1 0.1 0.1 0.5 0.5 0.5 1.4 1.4 0.0 0.0 0.0 0.0 0.0 08/08/1985
6.1 4.7 4.8 4.7 4.7 4.8 3.7 3.7 3.8 3.8 6.7 6.7 6.2 6.2 4.8 4.8 4.8 4.8 3.6 3.7 3.7 6.5 6.5 4.7 6.2 6.2 6.2 6.2 09/08/1985
0.7 0.1 0.1 0.1 0.1 0.1 1.1 1.1 1.1 1.2 1.4 1.4 0.7 0.7 0.1 0.1 0.1 0.1 1.1 1.1 1.1 1.4 1.4 1.0 0.7 0.7 0.7 0.7 10/08/1985
6.7 4.1 4.2 4.1 4.1 4.2 2.6 2.6 2.7 2.7 1.6 1.6 6.8 6.8 4.2 4.2 4.2 4.2 2.6 2.6 2.6 1.6 1.6 7.5 6.7 6.7 6.8 6.8 11/08/1985
0.2 0.0 0.0 0.0 0.0 0.0 0.1 0.1 0.1 0.1 1.8 1.8 0.2 0.2 0.0 0.0 0.0 0.0 0.1 0.1 0.1 1.7 1.7 0.9 0.2 0.2 0.2 0.2 12/08/1985
0.7 0.0 0.0 0.0 0.0 0.0 1.6 1.7 1.7 1.7 1.8 1.8 0.7 0.7 0.0 0.0 0.0 0.0 1.6 1.6 1.6 1.8 1.8 0.0 0.7 0.7 0.7 0.7 13/08/1985
14.5 16.1 16.2 16.1 16.1 16.2 0.7 0.8 0.9 1.0 0.2 0.2 14.7 14.7 16.3 16.3 16.3 16.3 0.7 0.8 0.8 0.2 0.2 15.6 14.6 14.6 14.7 14.7 14/08/1985
0.0 0.0 0.0 0.0 0.0 0.0 0.0 0.0 0.0 0.0 0.0 0.0 0.0 0.0 0.0 0.0 0.0 0.0 0.0 0.0 0.0 0.0 0.0 0.0 0.0 0.0 0.0 0.0 15/08/1985
2.8 0.7 0.7 0.7 0.7 0.7 0.0 0.0 0.0 0.0 0.0 0.0 2.9 2.9 0.7 0.7 0.7 0.7 0.0 0.0 0.0 0.0 0.0 1.0 2.8 2.8 2.9 2.9 16/08/1985
2.0 3.4 3.4 3.4 3.4 3.4 1.1 1.1 1.1 1.1 3.8 3.8 2.0 2.0 3.4 3.4 3.4 3.4 1.1 1.1 1.1 3.7 3.7 1.0 2.0 2.0 2.0 2.0 17/08/1985
0.2 0.9 0.9 0.9 0.9 0.9 1.4 1.5 1.5 1.5 0.1 0.1 0.2 0.2 0.9 0.9 0.9 0.9 1.4 1.4 1.5 0.1 0.1 0.0 0.2 0.2 0.2 0.2 18/08/1985
7.0 12.3 12.4 12.3 12.4 12.4 13.3 13.4 13.6 13.7 14.6 14.7 7.0 7.0 12.5 12.5 12.5 12.5 13.1 13.3 13.4 14.3 14.2 5.3 7.0 7.0 7.1 7.1 19/08/1985
0.2 0.0 0.0 0.0 0.0 0.0 0.0 0.0 0.0 0.0 0.0 0.0 0.2 0.2 0.0 0.0 0.0 0.0 0.0 0.0 0.0 0.0 0.0 0.0 0.2 0.2 0.2 0.2 20/08/1985
0.7 0.1 0.1 0.1 0.1 0.1 0.0 0.0 0.0 0.0 0.0 0.0 0.7 0.7 0.1 0.1 0.1 0.1 0.0 0.0 0.0 0.0 0.0 0.7 0.7 0.7 0.7 0.7 21/08/1985
0.2 0.0 0.0 0.0 0.0 0.0 0.2 0.2 0.2 0.2 0.0 0.0 0.2 0.2 0.0 0.0 0.0 0.0 0.2 0.2 0.2 0.0 0.0 0.0 0.2 0.2 0.2 0.2 22/08/1985
7.0 4.0 4.0 4.0 4.0 4.0 0.0 0.0 0.0 0.0 0.0 0.0 7.1 7.1 4.0 4.0 4.0 4.0 0.0 0.0 0.0 0.0 0.0 5.3 7.0 7.0 7.1 7.1 23/08/1985
3.8 8.0 8.0 8.0 8.0 8.0 8.0 8.1 8.2 8.3 6.4 6.4 3.8 3.8 8.1 8.1 8.1 8.1 7.9 8.0 8.1 6.3 6.2 5.0 3.8 3.8 3.8 3.8 24/08/1985
10.7 7.6 7.7 7.6 7.6 7.7 0.5 0.5 0.5 0.6 1.0 1.0 10.8 10.8 7.7 7.7 7.7 7.7 0.5 0.5 0.5 1.0 1.0 8.9 10.8 10.8 10.8 10.9 25/08/1985
0.9 0.4 0.4 0.4 0.4 0.4 0.1 0.1 0.1 0.1 0.5 0.5 0.9 0.9 0.4 0.4 0.4 0.4 0.1 0.1 0.1 0.5 0.5 0.1 0.9 0.9 0.9 0.9 26/08/1985
0.0 0.0 0.0 0.0 0.0 0.0 0.0 0.0 0.0 0.0 0.0 0.0 0.0 0.0 0.0 0.0 0.0 0.0 0.0 0.0 0.0 0.0 0.0 0.0 0.0 0.0 0.0 0.0 27/08/1985
0.0 0.0 0.0 0.0 0.0 0.0 0.0 0.0 0.0 0.0 0.0 0.0 0.0 0.0 0.0 0.0 0.0 0.0 0.0 0.0 0.0 0.0 0.0 0.0 0.0 0.0 0.0 0.0 28/08/1985
0.0 0.0 0.0 0.0 0.0 0.0 0.0 0.0 0.0 0.0 0.0 0.0 0.0 0.0 0.0 0.0 0.0 0.0 0.0 0.0 0.0 0.0 0.0 0.0 0.0 0.0 0.0 0.0 29/08/1985
0.2 0.0 0.0 0.0 0.0 0.0 0.0 0.0 0.0 0.0 0.0 0.0 0.2 0.2 0.0 0.0 0.0 0.0 0.0 0.0 0.0 0.0 0.0 0.6 0.2 0.2 0.2 0.2 30/08/1985
3.7 3.2 3.2 3.2 3.2 3.2 1.2 1.2 1.2 1.3 1.4 1.4 3.8 3.8 3.2 3.2 3.2 3.2 1.2 1.2 1.2 1.4 1.4 1.3 3.7 3.7 3.8 3.8 31/08/1985
0.2 0.1 0.1 0.1 0.1 0.1 0.0 0.0 0.0 0.0 0.0 0.0 0.2 0.2 0.1 0.1 0.1 0.1 0.0 0.0 0.0 0.0 0.0 0.0 0.2 0.2 0.2 0.2 01/09/1985
7.3 8.8 8.9 8.8 8.8 8.9 8.3 8.4 8.5 8.6 13.6 13.6 7.4 7.4 9.0 9.0 8.9 9.0 8.2 8.3 8.4 13.3 13.2 9.2 7.4 7.4 7.4 7.5 02/09/1985
3.4 2.9 2.9 2.9 2.9 2.9 8.6 8.7 8.8 8.9 7.8 7.8 3.4 3.4 2.9 2.9 2.9 2.9 8.5 8.6 8.7 7.7 7.6 1.5 3.4 3.4 3.4 3.4 03/09/1985
6.2 3.7 3.7 3.7 3.7 3.7 4.4 4.5 4.5 4.6 5.9 5.9 6.3 6.3 3.8 3.8 3.8 3.8 4.4 4.4 4.5 5.8 5.7 5.2 6.3 6.3 6.3 6.3 04/09/1985
3.9 3.9 4.0 3.9 4.0 4.0 4.4 4.4 4.5 4.5 6.5 6.6 3.9 3.9 4.0 4.0 4.0 4.0 4.3 4.4 4.4 6.4 6.4 2.2 3.9 3.9 3.9 3.9 05/09/1985
0.0 0.0 0.0 0.0 0.0 0.0 0.0 0.0 0.0 0.0 0.0 0.0 0.0 0.0 0.0 0.0 0.0 0.0 0.0 0.0 0.0 0.0 0.0 0.0 0.0 0.0 0.0 0.0 06/09/1985
0.0 0.0 0.0 0.0 0.0 0.0 0.0 0.0 0.0 0.0 0.0 0.0 0.0 0.0 0.0 0.0 0.0 0.0 0.0 0.0 0.0 0.0 0.0 0.0 0.0 0.0 0.0 0.0 07/09/1985
0.1 0.0 0.0 0.0 0.0 0.0 0.0 0.0 0.0 0.0 0.0 0.0 0.1 0.1 0.0 0.0 0.0 0.0 0.0 0.0 0.0 0.0 0.0 0.2 0.1 0.1 0.1 0.1 08/09/1985
0.0 0.0 0.0 0.0 0.0 0.0 0.0 0.0 0.0 0.0 0.0 0.0 0.0 0.0 0.0 0.0 0.0 0.0 0.0 0.0 0.0 0.0 0.0 0.0 0.0 0.0 0.0 0.0 09/09/1985
0.0 0.0 0.0 0.0 0.0 0.0 0.0 0.0 0.0 0.0 0.0 0.0 0.0 0.0 0.0 0.0 0.0 0.0 0.0 0.0 0.0 0.0 0.0 0.0 0.0 0.0 0.0 0.0 10/09/1985
0.0 0.0 0.0 0.0 0.0 0.0 0.0 0.0 0.0 0.0 0.0 0.0 0.0 0.0 0.0 0.0 0.0 0.0 0.0 0.0 0.0 0.0 0.0 0.0 0.0 0.0 0.0 0.0 11/09/1985
0.0 0.0 0.0 0.0 0.0 0.0 0.0 0.0 0.0 0.0 0.0 0.0 0.0 0.0 0.0 0.0 0.0 0.0 0.0 0.0 0.0 0.0 0.0 0.0 0.0 0.0 0.0 0.0 12/09/1985
0.0 0.0 0.0 0.0 0.0 0.0 0.2 0.2 0.2 0.3 0.6 0.6 0.0 0.0 0.0 0.0 0.0 0.0 0.2 0.2 0.2 0.6 0.6 0.0 0.0 0.0 0.0 0.0 13/09/1985
4.3 5.1 5.1 5.1 5.1 5.1 10.9 11.0 11.1 11.2 10.0 10.0 4.3 4.3 5.1 5.1 5.1 5.1 10.7 10.9 11.0 9.8 9.7 3.5 4.3 4.3 4.3 4.4 14/09/1985
0.4 0.4 0.4 0.4 0.4 0.4 3.5 3.5 3.6 3.6 4.7 4.7 0.4 0.4 0.4 0.4 0.4 0.4 3.4 3.5 3.5 4.6 4.5 0.0 0.4 0.4 0.4 0.4 15/09/1985
0.0 0.0 0.0 0.0 0.0 0.0 0.0 0.0 0.0 0.0 0.0 0.0 0.0 0.0 0.0 0.0 0.0 0.0 0.0 0.0 0.0 0.0 0.0 0.0 0.0 0.0 0.0 0.0 16/09/1985
0.0 0.0 0.0 0.0 0.0 0.0 0.0 0.0 0.0 0.0 0.0 0.0 0.0 0.0 0.0 0.0 0.0 0.0 0.0 0.0 0.0 0.0 0.0 0.0 0.0 0.0 0.0 0.0 17/09/1985
0.0 0.0 0.0 0.0 0.0 0.0 0.0 0.0 0.0 0.0 0.0 0.0 0.0 0.0 0.0 0.0 0.0 0.0 0.0 0.0 0.0 0.0 0.0 0.0 0.0 0.0 0.0 0.0 18/09/1985
0.0 0.0 0.0 0.0 0.0 0.0 0.0 0.0 0.0 0.0 0.0 0.0 0.0 0.0 0.0 0.0 0.0 0.0 0.0 0.0 0.0 0.0 0.0 0.0 0.0 0.0 0.0 0.0 19/09/1985
0.0 0.0 0.0 0.0 0.0 0.0 0.0 0.0 0.0 0.0 0.0 0.0 0.0 0.0 0.0 0.0 0.0 0.0 0.0 0.0 0.0 0.0 0.0 0.0 0.0 0.0 0.0 0.0 20/09/1985
0.0 0.0 0.0 0.0 0.0 0.0 0.0 0.0 0.0 0.0 0.0 0.0 0.0 0.0 0.0 0.0 0.0 0.0 0.0 0.0 0.0 0.0 0.0 0.0 0.0 0.0 0.0 0.0 21/09/1985
1.9 1.6 1.6 1.6 1.6 1.6 0.6 0.7 0.7 0.7 0.1 0.1 1.9 1.9 1.7 1.7 1.7 1.7 0.6 0.6 0.6 0.1 0.1 1.5 1.9 1.9 1.9 1.9 22/09/1985
0.0 0.0 0.0 0.0 0.0 0.0 0.0 0.0 0.0 0.0 0.0 0.0 0.0 0.0 0.0 0.0 0.0 0.0 0.0 0.0 0.0 0.0 0.0 0.0 0.0 0.0 0.0 0.0 23/09/1985
0.0 0.0 0.0 0.0 0.0 0.0 0.0 0.0 0.0 0.0 0.0 0.0 0.0 0.0 0.0 0.0 0.0 0.0 0.0 0.0 0.0 0.0 0.0 0.0 0.0 0.0 0.0 0.0 24/09/1985
0.0 0.0 0.0 0.0 0.0 0.0 0.0 0.0 0.0 0.0 0.0 0.0 0.0 0.0 0.0 0.0 0.0 0.0 0.0 0.0 0.0 0.0 0.0 0.0 0.0 0.0 0.0 0.0 25/09/1985
0.0 0.0 0.0 0.0 0.0 0.0 0.0 0.0 0.0 0.0 0.0 0.0 0.0 0.0 0.0 0.0 0.0 0.0 0.0 0.0 0.0 0.0 0.0 0.0 0.0 0.0 0.0 0.0 26/09/1985
0.0 0.0 0.0 0.0 0.0 0.0 0.0 0.0 0.0 0.0 0.0 0.0 0.0 0.0 0.0 0.0 0.0 0.0 0.0 0.0 0.0 0.0 0.0 0.0 0.0 0.0 0.0 0.0 27/09/1985
0.0 0.0 0.0 0.0 0.0 0.0 0.0 0.0 0.0 0.0 0.0 0.0 0.0 0.0 0.0 0.0 0.0 0.0 0.0 0.0 0.0 0.0 0.0 0.0 0.0 0.0 0.0 0.0 28/09/1985
0.0 0.0 0.0 0.0 0.0 0.0 0.0 0.0 0.0 0.0 0.0 0.0 0.0 0.0 0.0 0.0 0.0 0.0 0.0 0.0 0.0 0.0 0.0 0.0 0.0 0.0 0.0 0.0 29/09/1985
0.0 0.0 0.0 0.0 0.0 0.0 0.0 0.0 0.0 0.0 0.0 0.0 0.0 0.0 0.0 0.0 0.0 0.0 0.0 0.0 0.0 0.0 0.0 0.0 0.0 0.0 0.0 0.0 30/09/1985
0.0 0.0 0.0 0.0 0.0 0.0 0.0 0.0 0.0 0.0 0.1 0.1 0.0 0.0 0.0 0.0 0.0 0.0 0.0 0.0 0.0 0.1 0.1 0.0 0.0 0.0 0.0 0.0 01/10/1985
0.0 0.0 0.0 0.0 0.0 0.0 1.9 1.9 2.0 2.0 0.2 0.2 0.0 0.0 0.0 0.0 0.0 0.0 1.9 1.9 1.9 0.2 0.2 0.0 0.0 0.0 0.0 0.0 02/10/1985
2.4 1.7 1.7 1.7 1.7 1.7 0.0 0.0 0.0 0.0 2.0 2.0 2.4 2.4 1.7 1.7 1.7 1.7 0.0 0.0 0.0 2.0 2.0 2.1 2.4 2.4 2.4 2.5 03/10/1985
0.3 0.4 0.4 0.4 0.4 0.4 0.0 0.0 0.0 0.0 0.0 0.0 0.3 0.3 0.4 0.4 0.4 0.4 0.0 0.0 0.0 0.0 0.0 3.0 0.3 0.3 0.3 0.3 04/10/1985
0.1 0.0 0.0 0.0 0.0 0.0 0.0 0.0 0.0 0.0 0.0 0.0 0.1 0.1 0.0 0.0 0.0 0.0 0.0 0.0 0.0 0.0 0.0 0.0 0.1 0.1 0.1 0.1 05/10/1985
0.0 0.0 0.0 0.0 0.0 0.0 0.0 0.0 0.0 0.0 0.0 0.0 0.0 0.0 0.0 0.0 0.0 0.0 0.0 0.0 0.0 0.0 0.0 0.0 0.0 0.0 0.0 0.0 06/10/1985
17.0 18.5 18.6 18.5 18.6 18.6 9.9 10.1 10.2 10.3 10.8 10.8 17.2 17.2 18.8 18.8 18.8 18.8 9.8 9.9 10.0 10.5 10.5 14.9 17.1 17.1 17.2 17.3 07/10/1985
2.6 2.1 2.1 2.1 2.1 2.1 0.6 0.6 0.6 0.6 1.5 1.5 2.6 2.6 2.1 2.1 2.1 2.1 0.6 0.6 0.6 1.5 1.4 1.9 2.6 2.6 2.6 2.7 08/10/1985
0.2 0.3 0.3 0.3 0.3 0.3 1.6 1.7 1.7 1.7 2.7 2.7 0.2 0.2 0.3 0.3 0.3 0.3 1.6 1.6 1.6 2.6 2.6 0.0 0.2 0.2 0.2 0.2 09/10/1985
0.0 0.0 0.0 0.0 0.0 0.0 0.0 0.0 0.0 0.0 0.0 0.0 0.0 0.0 0.0 0.0 0.0 0.0 0.0 0.0 0.0 0.0 0.0 0.0 0.0 0.0 0.0 0.0 10/10/1985
0.0 0.0 0.0 0.0 0.0 0.0 0.0 0.0 0.0 0.0 0.0 0.0 0.0 0.0 0.0 0.0 0.0 0.0 0.0 0.0 0.0 0.0 0.0 0.0 0.0 0.0 0.0 0.0 11/10/1985
0.0 0.0 0.0 0.0 0.0 0.0 0.0 0.0 0.0 0.0 0.0 0.0 0.0 0.0 0.0 0.0 0.0 0.0 0.0 0.0 0.0 0.0 0.0 0.0 0.0 0.0 0.0 0.0 12/10/1985
0.0 0.0 0.0 0.0 0.0 0.0 0.0 0.0 0.0 0.0 0.0 0.0 0.0 0.0 0.0 0.0 0.0 0.0 0.0 0.0 0.0 0.0 0.0 0.0 0.0 0.0 0.0 0.0 13/10/1985
0.0 0.0 0.0 0.0 0.0 0.0 0.0 0.0 0.0 0.0 0.0 0.0 0.0 0.0 0.0 0.0 0.0 0.0 0.0 0.0 0.0 0.0 0.0 0.0 0.0 0.0 0.0 0.0 14/10/1985
0.3 0.0 0.0 0.0 0.0 0.0 0.0 0.0 0.0 0.0 0.0 0.0 0.3 0.3 0.0 0.0 0.0 0.0 0.0 0.0 0.0 0.0 0.0 0.2 0.3 0.3 0.3 0.3 15/10/1985
0.0 0.0 0.0 0.0 0.0 0.0 0.0 0.0 0.0 0.0 0.0 0.0 0.0 0.0 0.0 0.0 0.0 0.0 0.0 0.0 0.0 0.0 0.0 0.0 0.0 0.0 0.0 0.0 16/10/1985
0.0 0.0 0.0 0.0 0.0 0.0 0.0 0.0 0.0 0.0 0.0 0.0 0.0 0.0 0.0 0.0 0.0 0.0 0.0 0.0 0.0 0.0 0.0 0.0 0.0 0.0 0.0 0.0 17/10/1985
0.0 0.0 0.0 0.0 0.0 0.0 0.0 0.0 0.0 0.0 0.0 0.0 0.0 0.0 0.0 0.0 0.0 0.0 0.0 0.0 0.0 0.0 0.0 0.0 0.0 0.0 0.0 0.0 18/10/1985
0.0 0.0 0.0 0.0 0.0 0.0 0.0 0.0 0.0 0.0 0.0 0.0 0.0 0.0 0.0 0.0 0.0 0.0 0.0 0.0 0.0 0.0 0.0 0.0 0.0 0.0 0.0 0.0 19/10/1985
0.0 0.0 0.0 0.0 0.0 0.0 0.0 0.0 0.0 0.0 0.0 0.0 0.0 0.0 0.0 0.0 0.0 0.0 0.0 0.0 0.0 0.0 0.0 0.0 0.0 0.0 0.0 0.0 20/10/1985
0.0 0.0 0.0 0.0 0.0 0.0 0.0 0.0 0.0 0.0 0.0 0.0 0.0 0.0 0.0 0.0 0.0 0.0 0.0 0.0 0.0 0.0 0.0 0.0 0.0 0.0 0.0 0.0 21/10/1985
0.0 0.0 0.0 0.0 0.0 0.0 0.0 0.0 0.0 0.0 0.0 0.0 0.0 0.0 0.0 0.0 0.0 0.0 0.0 0.0 0.0 0.0 0.0 0.0 0.0 0.0 0.0 0.0 22/10/1985
0.0 0.0 0.0 0.0 0.0 0.0 0.0 0.0 0.0 0.0 0.0 0.0 0.0 0.0 0.0 0.0 0.0 0.0 0.0 0.0 0.0 0.0 0.0 0.0 0.0 0.0 0.0 0.0 23/10/1985
0.0 0.0 0.0 0.0 0.0 0.0 0.0 0.0 0.0 0.0 0.0 0.0 0.0 0.0 0.0 0.0 0.0 0.0 0.0 0.0 0.0 0.0 0.0 0.0 0.0 0.0 0.0 0.0 24/10/1985
0.0 0.0 0.0 0.0 0.0 0.0 0.0 0.0 0.0 0.0 0.0 0.0 0.0 0.0 0.0 0.0 0.0 0.0 0.0 0.0 0.0 0.0 0.0 0.0 0.0 0.0 0.0 0.0 25/10/1985
0.0 0.0 0.0 0.0 0.0 0.0 0.0 0.0 0.0 0.0 0.0 0.0 0.0 0.0 0.0 0.0 0.0 0.0 0.0 0.0 0.0 0.0 0.0 0.0 0.0 0.0 0.0 0.0 26/10/1985
0.0 0.0 0.0 0.0 0.0 0.0 0.0 0.0 0.0 0.0 0.0 0.0 0.0 0.0 0.0 0.0 0.0 0.0 0.0 0.0 0.0 0.0 0.0 0.0 0.0 0.0 0.0 0.0 27/10/1985
2.0 0.8 0.8 0.8 0.8 0.8 0.0 0.0 0.0 0.0 0.0 0.0 2.1 2.1 0.8 0.8 0.8 0.8 0.0 0.0 0.0 0.0 0.0 4.9 2.1 2.1 2.1 2.1 28/10/1985
0.2 0.2 0.2 0.2 0.2 0.2 0.0 0.0 0.0 0.0 0.0 0.0 0.2 0.2 0.2 0.2 0.2 0.2 0.0 0.0 0.0 0.0 0.0 0.4 0.2 0.2 0.2 0.2 29/10/1985
0.0 0.0 0.0 0.0 0.0 0.0 0.0 0.0 0.0 0.0 0.0 0.0 0.0 0.0 0.0 0.0 0.0 0.0 0.0 0.0 0.0 0.0 0.0 0.0 0.0 0.0 0.0 0.0 30/10/1985
0.5 0.6 0.6 0.6 0.6 0.6 0.6 0.6 0.6 0.6 0.2 0.2 0.5 0.5 0.6 0.6 0.6 0.6 0.6 0.6 0.6 0.2 0.2 0.2 0.5 0.5 0.5 0.5 31/10/1985
7.8 3.3 3.3 3.3 3.3 3.3 0.5 0.5 0.5 0.5 1.6 1.6 7.9 7.9 3.4 3.4 3.4 3.4 0.5 0.5 0.5 1.5 1.5 7.3 7.9 7.9 7.9 8.0 01/11/1985
1.1 1.5 1.5 1.5 1.5 1.5 1.5 1.5 1.5 1.5 1.6 1.6 1.1 1.1 1.5 1.5 1.5 1.5 1.5 1.5 1.5 1.6 1.6 1.3 1.1 1.1 1.1 1.1 02/11/1985
0.0 0.0 0.0 0.0 0.0 0.0 0.0 0.0 0.0 0.0 0.0 0.0 0.0 0.0 0.0 0.0 0.0 0.0 0.0 0.0 0.0 0.0 0.0 0.0 0.0 0.0 0.0 0.0 03/11/1985
6.4 4.2 4.3 4.3 4.3 4.3 5.9 6.0 6.1 6.1 8.6 8.6 6.5 6.5 4.3 4.3 4.3 4.3 5.9 5.9 6.0 8.4 8.3 3.8 6.5 6.5 6.5 6.5 04/11/1985
16.0 17.3 17.4 17.4 17.4 17.5 11.9 12.1 12.2 12.4 14.5 14.5 16.2 16.2 17.6 17.6 17.6 17.6 11.8 12.0 12.0 14.2 14.1 13.6 16.1 16.1 16.2 16.3 05/11/1985
1.9 1.7 1.7 1.7 1.7 1.7 0.5 0.5 0.5 0.5 0.6 0.6 1.9 1.9 1.7 1.7 1.7 1.7 0.5 0.5 0.5 0.5 0.5 1.7 1.9 1.9 1.9 1.9 06/11/1985
3.8 5.6 5.6 5.6 5.6 5.6 6.4 6.4 6.5 6.6 9.5 9.5 3.9 3.9 5.7 5.6 5.6 5.6 6.3 6.4 6.4 9.3 9.2 2.0 3.9 3.9 3.9 3.9 07/11/1985
1.0 1.1 1.2 1.1 1.1 1.2 7.8 7.9 8.0 8.0 8.9 8.9 1.1 1.1 1.2 1.2 1.2 1.2 7.7 7.8 7.8 8.7 8.6 0.2 1.1 1.1 1.1 1.1 08/11/1985
3.8 3.0 3.0 3.0 3.0 3.0 1.8 1.8 1.8 1.8 1.9 1.9 3.8 3.8 3.0 3.0 3.0 3.0 1.8 1.8 1.8 1.9 1.9 3.0 3.8 3.8 3.9 3.9 09/11/1985
1.3 0.8 0.8 0.8 0.8 0.8 0.1 0.1 0.1 0.1 1.2 1.2 1.3 1.3 0.8 0.8 0.8 0.8 0.1 0.1 0.1 1.2 1.2 0.7 1.3 1.3 1.3 1.3 10/11/1985
5.2 4.1 4.2 4.1 4.1 4.1 0.0 0.0 0.0 0.0 0.5 0.5 5.3 5.3 4.2 4.1 4.1 4.2 0.0 0.0 0.0 0.5 0.5 4.6 5.3 5.3 5.3 5.3 11/11/1985
0.0 0.2 0.2 0.2 0.2 0.2 0.2 0.2 0.3 0.3 0.0 0.0 0.0 0.0 0.2 0.2 0.2 0.2 0.3 0.2 0.2 0.0 0.0 0.1 0.0 0.0 0.0 0.0 12/11/1985
0.0 0.0 0.0 0.0 0.0 0.0 0.0 0.0 0.0 0.0 0.1 0.1 0.0 0.0 0.0 0.0 0.0 0.0 0.0 0.0 0.0 0.1 0.1 0.8 0.0 0.0 0.0 0.0 13/11/1985
0.3 0.3 0.4 0.3 0.3 0.4 0.9 0.9 0.9 0.9 0.7 0.7 0.3 0.3 0.4 0.4 0.4 0.4 0.9 0.9 0.9 0.7 0.7 0.3 0.3 0.3 0.3 0.3 14/11/1985
2.4 3.1 3.2 3.1 3.1 3.2 3.2 3.3 3.2 3.3 1.3 1.3 2.5 2.5 3.2 3.2 3.2 3.2 3.2 3.2 3.2 1.2 1.2 4.5 2.5 2.5 2.5 2.5 15/11/1985
0.6 0.4 0.4 0.4 0.4 0.4 0.0 0.0 0.0 0.0 0.0 0.0 0.6 0.6 0.4 0.4 0.4 0.4 0.0 0.0 0.0 0.0 0.0 0.1 0.6 0.6 0.6 0.6 16/11/1985
1.3 5.1 5.1 5.1 5.1 5.1 0.0 0.0 0.0 0.0 0.0 0.0 1.4 1.4 5.1 5.1 5.1 5.1 0.0 0.0 0.0 0.0 0.0 1.8 1.4 1.4 1.4 1.4 17/11/1985
0.0 0.0 0.0 0.0 0.0 0.0 0.2 0.2 0.2 0.2 0.4 0.4 0.0 0.0 0.0 0.0 0.0 0.0 0.2 0.2 0.2 0.4 0.4 0.0 0.0 0.0 0.0 0.0 18/11/1985
0.2 0.2 0.2 0.2 0.2 0.2 0.0 0.0 0.0 0.0 0.1 0.1 0.2 0.2 0.2 0.2 0.2 0.2 0.0 0.0 0.0 0.1 0.1 0.0 0.2 0.2 0.2 0.2 19/11/1985
0.0 0.0 0.0 0.0 0.0 0.0 0.2 0.2 0.2 0.2 0.2 0.2 0.0 0.0 0.0 0.0 0.0 0.0 0.2 0.2 0.2 0.2 0.2 0.7 0.0 0.0 0.0 0.0 20/11/1985
0.6 1.4 1.3 1.4 1.4 1.3 1.1 1.1 1.2 1.2 1.3 1.3 0.6 0.6 1.3 1.4 1.4 1.3 1.1 1.1 1.1 1.3 1.3 2.6 0.7 0.7 0.6 0.6 21/11/1985
4.9 3.8 3.9 3.8 3.9 3.9 0.2 0.2 0.2 0.1 0.7 0.6 5.1 5.1 4.0 3.9 3.9 4.0 0.1 0.2 0.2 0.7 0.7 7.2 5.0 5.0 5.1 5.1 22/11/1985
4.9 3.7 3.7 3.7 3.7 3.7 4.6 4.6 4.7 4.7 5.7 5.7 5.0 5.0 3.8 3.8 3.8 3.8 4.5 4.6 4.6 5.6 5.5 4.9 4.9 4.9 5.0 5.0 23/11/1985
0.0 0.0 0.0 0.0 0.0 0.0 0.0 0.0 0.0 0.0 0.4 0.4 0.0 0.0 0.0 0.0 0.0 0.0 0.0 0.0 0.0 0.3 0.3 0.0 0.0 0.0 0.0 0.0 24/11/1985
1.8 0.4 0.4 0.4 0.4 0.4 0.2 0.2 0.2 0.2 0.3 0.3 1.8 1.8 0.4 0.4 0.4 0.4 0.2 0.2 0.2 0.3 0.3 1.4 1.8 1.8 1.8 1.8 25/11/1985
3.6 2.4 2.4 2.3 2.3 2.3 0.9 0.9 0.9 0.9 2.6 2.6 3.7 3.7 2.4 2.4 2.4 2.4 0.9 0.9 0.9 2.5 2.5 3.0 3.7 3.7 3.7 3.7 26/11/1985
21.0 21.5 21.6 21.6 21.6 21.6 10.1 10.2 10.4 10.4 8.3 8.4 21.3 21.3 21.9 21.8 21.8 21.9 9.9 10.1 10.2 8.2 8.0 14.9 21.1 21.1 21.3 21.4 27/11/1985
6.2 4.8 4.9 4.8 4.8 4.9 0.1 0.1 0.1 0.1 0.7 0.7 6.2 6.2 4.9 4.9 4.9 4.9 0.1 0.1 0.1 0.7 0.7 4.1 6.1 6.1 6.2 6.2 28/11/1985
15.0 11.7 11.8 11.7 11.8 11.8 12.7 12.8 13.0 13.1 10.7 10.8 15.2 15.2 11.9 11.9 11.9 11.9 12.5 12.7 12.8 10.5 10.5 13.3 15.1 15.1 15.2 15.2 29/11/1985
2.2 2.0 2.0 2.0 2.0 2.0 1.2 1.2 1.2 1.3 3.9 3.9 2.2 2.2 2.0 2.0 2.0 2.0 1.2 1.2 1.2 3.8 3.8 0.8 2.2 2.2 2.2 2.2 30/11/1985
0.0 0.1 0.1 0.1 0.1 0.1 0.0 0.0 0.0 0.0 0.0 0.0 0.0 0.0 0.1 0.1 0.1 0.1 0.0 0.0 0.0 0.0 0.0 0.0 0.0 0.0 0.0 0.0 01/12/1985
2.3 0.2 0.2 0.2 0.2 0.2 0.0 0.0 0.0 0.0 0.0 0.0 2.3 2.3 0.2 0.2 0.2 0.2 0.0 0.0 0.0 0.0 0.0 1.2 2.3 2.3 2.3 2.3 02/12/1985
5.2 2.3 2.3 2.3 2.3 2.3 1.5 1.5 1.5 1.5 0.5 0.5 5.3 5.3 2.4 2.4 2.4 2.4 1.4 1.5 1.5 0.5 0.5 3.6 5.2 5.2 5.3 5.3 03/12/1985
2.9 1.2 1.2 1.2 1.2 1.2 0.0 0.0 0.0 0.0 0.0 0.0 2.9 2.9 1.2 1.2 1.2 1.2 0.0 0.0 0.0 0.0 0.0 3.1 2.9 2.9 2.9 2.9 04/12/1985
3.5 3.0 3.0 3.0 3.0 3.0 1.7 1.7 1.7 1.7 2.2 2.2 3.5 3.5 3.1 3.0 3.0 3.1 1.6 1.7 1.7 2.2 2.2 2.3 3.5 3.5 3.5 3.5 05/12/1985
7.0 7.1 7.1 7.1 7.1 7.1 6.1 6.2 6.3 6.3 7.1 7.1 7.1 7.1 7.2 7.2 7.2 7.2 6.0 6.1 6.2 6.9 6.9 4.4 7.0 7.0 7.1 7.1 06/12/1985
0.9 0.3 0.3 0.3 0.3 0.3 3.4 3.5 3.5 3.5 6.0 6.0 0.9 0.9 0.3 0.3 0.3 0.3 3.4 3.4 3.4 5.8 5.8 0.3 0.9 0.9 0.9 0.9 07/12/1985
8.5 7.8 7.8 7.8 7.8 7.8 3.4 3.4 3.5 3.5 3.5 3.5 8.6 8.6 7.9 7.9 7.9 7.9 3.3 3.4 3.4 3.4 3.4 11.2 8.5 8.5 8.6 8.6 08/12/1985
1.4 1.4 1.5 1.5 1.5 1.5 2.7 2.8 2.8 2.8 2.7 2.7 1.4 1.4 1.5 1.5 1.5 1.5 2.7 2.8 2.8 2.6 2.6 0.6 1.4 1.4 1.4 1.4 09/12/1985
0.0 0.0 0.0 0.0 0.0 0.0 0.0 0.0 0.0 0.0 0.0 0.0 0.0 0.0 0.0 0.0 0.0 0.0 0.0 0.0 0.0 0.0 0.0 0.0 0.0 0.0 0.0 0.0 10/12/1985
0.0 0.0 0.0 0.0 0.0 0.0 0.0 0.0 0.0 0.0 0.0 0.0 0.0 0.0 0.0 0.0 0.0 0.0 0.0 0.0 0.0 0.0 0.0 0.0 0.0 0.0 0.0 0.0 11/12/1985
0.0 0.0 0.0 0.0 0.0 0.0 0.0 0.0 0.0 0.0 0.0 0.0 0.0 0.0 0.0 0.0 0.0 0.0 0.0 0.0 0.0 0.0 0.0 0.0 0.0 0.0 0.0 0.0 12/12/1985
2.1 2.3 2.3 2.3 2.3 2.3 4.3 4.4 4.4 4.4 4.4 4.5 2.1 2.1 2.3 2.3 2.3 2.3 4.3 4.3 4.3 4.4 4.3 0.8 2.1 2.1 2.1 2.1 13/12/1985
0.5 1.3 1.3 1.3 1.3 1.3 2.3 2.3 2.4 2.4 2.4 2.4 0.5 0.5 1.3 1.3 1.3 1.3 2.3 2.3 2.3 2.4 2.4 0.4 0.5 0.5 0.5 0.5 14/12/1985
0.0 0.0 0.0 0.0 0.0 0.0 0.0 0.0 0.0 0.0 0.4 0.4 0.0 0.0 0.0 0.0 0.0 0.0 0.0 0.0 0.0 0.4 0.4 0.0 0.0 0.0 0.0 0.0 15/12/1985
0.0 0.0 0.0 0.0 0.0 0.0 0.3 0.3 0.3 0.3 0.5 0.5 0.0 0.0 0.0 0.0 0.0 0.0 0.3 0.3 0.3 0.5 0.5 0.0 0.0 0.0 0.0 0.0 16/12/1985
1.4 1.6 1.7 1.6 1.6 1.7 3.3 3.3 3.4 3.4 5.6 5.6 1.4 1.4 1.7 1.7 1.7 1.7 3.2 3.3 3.3 5.5 5.4 0.6 1.4 1.4 1.4 1.4 17/12/1985
0.6 0.7 0.7 0.7 0.7 0.7 1.3 1.3 1.4 1.4 2.1 2.1 0.6 0.6 0.7 0.7 0.7 0.7 1.3 1.3 1.3 2.1 2.1 0.2 0.6 0.6 0.6 0.6 18/12/1985
0.0 0.2 0.2 0.2 0.2 0.2 0.4 0.5 0.5 0.5 1.0 1.0 0.0 0.0 0.3 0.2 0.2 0.2 0.4 0.4 0.5 1.0 1.0 0.1 0.0 0.0 0.0 0.0 19/12/1985
0.0 0.0 0.0 0.0 0.0 0.0 0.0 0.0 0.0 0.0 0.0 0.0 0.0 0.0 0.0 0.0 0.0 0.0 0.0 0.0 0.0 0.0 0.0 0.0 0.0 0.0 0.0 0.0 20/12/1985
0.0 0.0 0.0 0.0 0.0 0.0 0.0 0.0 0.0 0.0 0.0 0.0 0.0 0.0 0.0 0.0 0.0 0.0 0.0 0.0 0.0 0.0 0.0 0.0 0.0 0.0 0.0 0.0 21/12/1985
2.9 2.2 2.2 2.2 2.2 2.2 3.8 3.9 3.9 4.0 2.4 2.4 3.0 3.0 2.2 2.2 2.2 2.2 3.8 3.8 3.9 2.3 2.3 2.6 2.9 2.9 3.0 3.0 22/12/1985
3.2 1.4 1.4 1.4 1.4 1.4 0.0 0.0 0.0 0.0 0.0 0.0 3.2 3.2 1.4 1.4 1.4 1.4 0.0 0.0 0.0 0.0 0.0 1.3 3.2 3.2 3.2 3.3 23/12/1985
6.0 7.9 7.9 7.9 7.9 7.9 4.7 4.8 4.8 4.9 6.4 6.5 6.1 6.1 8.0 8.0 8.0 8.0 4.7 4.7 4.8 6.3 6.3 7.0 6.1 6.1 6.1 6.1 24/12/1985
4.6 5.1 5.1 5.1 5.1 5.1 4.7 4.8 4.8 4.8 6.3 6.4 4.7 4.7 5.2 5.2 5.2 5.2 4.7 4.7 4.7 6.2 6.2 2.2 4.7 4.7 4.7 4.7 25/12/1985
6.8 5.9 5.9 5.9 5.9 5.9 2.2 2.3 2.3 2.3 2.0 2.0 6.9 6.9 6.0 6.0 6.0 6.0 2.2 2.2 2.2 2.0 2.0 5.7 6.9 6.9 6.9 6.9 26/12/1985
0.4 0.0 0.0 0.0 0.0 0.0 0.8 0.8 0.8 0.8 0.1 0.1 0.4 0.4 0.0 0.0 0.0 0.0 0.8 0.8 0.8 0.1 0.1 1.4 0.4 0.4 0.4 0.4 27/12/1985
1.1 1.1 1.1 1.1 1.1 1.1 0.0 0.0 0.0 0.0 0.2 0.2 1.1 1.1 1.1 1.1 1.1 1.1 0.0 0.0 0.0 0.2 0.2 0.3 1.2 1.2 1.1 1.2 28/12/1985
0.0 0.0 0.0 0.0 0.0 0.0 1.3 1.3 1.3 1.4 1.5 1.5 0.0 0.0 0.0 0.0 0.0 0.0 1.3 1.3 1.3 1.4 1.4 0.0 0.0 0.0 0.0 0.0 29/12/1985
0.0 0.0 0.0 0.0 0.0 0.0 0.0 0.0 0.0 0.0 0.0 0.0 0.0 0.0 0.0 0.0 0.0 0.0 0.0 0.0 0.0 0.0 0.0 0.0 0.0 0.0 0.0 0.0 30/12/1985
0.3 0.1 0.1 0.1 0.1 0.1 0.1 0.1 0.1 0.1 0.4 0.4 0.3 0.3 0.1 0.1 0.1 0.1 0.1 0.1 0.1 0.4 0.4 0.1 0.3 0.3 0.3 0.3 31/12/1985
10.3 7.4 7.4 7.4 7.4 7.4 5.4 5.4 5.5 5.6 5.3 5.2 10.5 10.5 7.4 7.4 7.4 7.4 5.3 5.4 5.5 5.2 5.2 11.3 10.3 10.3 10.5 10.5 01/01/1986
0.7 0.4 0.4 0.4 0.4 0.4 0.9 0.9 0.9 0.9 0.9 0.9 0.8 0.8 0.4 0.4 0.4 0.4 0.9 0.9 0.9 0.8 0.8 0.3 0.7 0.7 0.8 0.8 02/01/1986
1.9 1.1 1.1 1.1 1.1 1.1 2.0 2.0 2.1 2.1 1.9 1.9 2.0 2.0 1.1 1.1 1.1 1.1 2.0 2.0 2.0 1.9 1.9 1.7 2.0 2.0 2.0 2.0 03/01/1986
16.8 10.7 10.8 10.7 10.7 10.8 5.1 5.2 5.3 5.3 6.8 6.9 17.0 17.0 10.9 10.9 10.9 10.9 5.0 5.1 5.2 6.7 6.7 9.4 16.9 16.9 17.0 17.1 04/01/1986
14.5 19.3 19.5 19.3 19.4 19.5 12.3 12.5 12.7 12.8 8.7 8.8 14.7 14.7 19.7 19.6 19.6 19.6 12.1 12.4 12.4 8.7 8.5 23.0 14.6 14.6 14.7 14.8 05/01/1986
0.4 2.1 2.1 2.1 2.1 2.1 0.8 0.8 0.8 0.8 1.8 1.8 0.4 0.4 2.2 2.1 2.1 2.2 0.8 0.8 0.8 1.7 1.8 0.1 0.3 0.3 0.4 0.4 06/01/1986
12.5 10.9 10.9 10.9 10.8 10.9 1.1 1.1 1.2 1.2 0.0 0.0 12.7 12.7 11.1 11.0 11.1 11.0 1.2 1.1 1.2 0.0 0.0 20.8 12.7 12.7 12.7 12.8 07/01/1986
2.9 2.4 2.4 2.4 2.4 2.4 0.8 0.8 0.8 0.8 2.3 2.3 3.0 3.0 2.4 2.4 2.4 2.4 0.8 0.8 0.8 2.2 2.2 1.8 2.9 2.9 3.0 3.0 08/01/1986
0.6 0.4 0.4 0.4 0.4 0.4 0.0 0.0 0.0 0.0 0.1 0.1 0.6 0.6 0.4 0.4 0.4 0.4 0.0 0.0 0.0 0.1 0.2 0.2 0.6 0.6 0.6 0.6 09/01/1986
12.3 10.4 10.5 10.4 10.4 10.5 9.5 9.7 9.8 9.9 13.4 13.4 12.4 12.4 10.6 10.5 10.5 10.6 9.4 9.6 9.6 13.1 13.0 8.2 12.4 12.4 12.5 12.5 10/01/1986
5.3 6.5 6.6 6.5 6.5 6.6 3.0 3.0 3.0 3.1 3.1 3.1 5.4 5.4 6.6 6.6 6.6 6.6 2.9 3.0 3.0 3.0 3.0 3.9 5.4 5.4 5.4 5.4 11/01/1986
1.0 0.9 0.9 0.9 0.9 0.9 9.5 9.6 9.7 9.8 8.5 8.5 1.0 1.0 0.9 0.9 0.9 0.9 9.3 9.5 9.6 8.3 8.2 0.1 1.0 1.0 1.0 1.0 12/01/1986
3.6 2.5 2.5 2.5 2.5 2.6 6.0 6.1 6.2 6.2 7.8 7.8 3.6 3.6 2.6 2.6 2.6 2.6 6.0 6.0 6.1 7.6 7.6 0.7 3.6 3.6 3.7 3.7 13/01/1986
3.6 3.6 3.6 3.6 3.6 3.6 5.1 5.1 5.2 5.3 5.6 5.6 3.6 3.6 3.7 3.7 3.7 3.7 5.0 5.1 5.1 5.5 5.4 2.9 3.6 3.6 3.6 3.6 14/01/1986
3.7 6.5 6.5 6.5 6.5 6.5 6.5 6.6 6.7 6.8 5.0 5.0 3.7 3.7 6.6 6.6 6.6 6.6 6.4 6.6 6.6 4.9 4.9 1.0 3.7 3.7 3.7 3.7 15/01/1986
0.3 0.3 0.4 0.4 0.4 0.4 0.3 0.3 0.3 0.3 2.1 2.1 0.3 0.3 0.4 0.4 0.4 0.4 0.3 0.3 0.3 2.0 2.0 0.0 0.3 0.3 0.4 0.4 16/01/1986
0.1 0.2 0.2 0.2 0.2 0.2 1.1 1.1 1.1 1.1 0.2 0.2 0.2 0.2 0.2 0.2 0.2 0.2 1.0 1.1 1.1 0.2 0.2 0.1 0.1 0.1 0.2 0.2 17/01/1986
1.4 1.8 1.8 1.8 1.8 1.8 4.7 4.8 4.8 4.9 6.6 6.6 1.4 1.4 1.8 1.8 1.8 1.8 4.6 4.7 4.7 6.5 6.4 0.5 1.4 1.4 1.4 1.4 18/01/1986
3.3 3.5 3.5 3.5 3.5 3.5 4.1 4.2 4.2 4.3 4.1 4.2 3.4 3.4 3.5 3.5 3.5 3.5 4.1 4.1 4.2 4.1 4.0 1.1 3.3 3.3 3.4 3.4 19/01/1986
0.0 0.1 0.1 0.1 0.1 0.1 0.0 0.0 0.0 0.0 0.0 0.0 0.0 0.0 0.1 0.1 0.1 0.1 0.0 0.0 0.0 0.0 0.0 0.0 0.0 0.0 0.0 0.0 20/01/1986
4.4 4.2 4.2 4.2 4.2 4.2 5.7 5.8 5.8 5.9 3.9 3.9 4.4 4.4 4.2 4.2 4.2 4.2 5.6 5.7 5.7 3.8 3.8 3.8 4.4 4.4 4.4 4.4 21/01/1986
13.2 13.7 13.8 13.7 13.7 13.8 15.9 16.1 16.3 16.5 18.1 18.2 13.4 13.4 13.9 13.9 13.9 13.9 15.7 16.0 16.1 17.7 17.6 8.3 13.3 13.3 13.4 13.5 22/01/1986
12.2 10.7 10.8 10.7 10.7 10.8 16.2 16.4 16.6 16.8 15.2 15.2 12.4 12.4 10.9 10.8 10.8 10.9 16.0 16.3 16.4 14.8 14.7 8.3 12.3 12.3 12.4 12.4 23/01/1986
0.3 0.8 0.8 0.8 0.8 0.8 0.9 0.9 1.0 1.0 1.7 1.8 0.3 0.3 0.8 0.8 0.8 0.8 0.9 0.9 0.9 1.7 1.7 0.0 0.3 0.3 0.3 0.3 24/01/1986
0.0 0.0 0.0 0.0 0.0 0.0 3.4 3.5 3.5 3.6 2.9 2.9 0.0 0.0 0.0 0.0 0.0 0.0 3.3 3.4 3.5 2.8 2.8 0.0 0.0 0.0 0.0 0.0 25/01/1986
0.0 0.0 0.0 0.0 0.0 0.0 0.7 0.7 0.7 0.7 0.5 0.5 0.0 0.0 0.0 0.0 0.0 0.0 0.6 0.7 0.7 0.4 0.4 0.0 0.0 0.0 0.0 0.0 26/01/1986
2.9 1.0 1.1 1.0 1.0 1.1 1.1 1.1 1.1 1.1 1.7 1.6 2.9 2.9 1.1 1.1 1.1 1.1 1.1 1.1 1.1 1.6 1.6 2.5 2.8 2.8 2.9 2.9 27/01/1986
0.9 0.0 0.0 0.0 0.0 0.0 0.0 0.0 0.0 0.0 0.0 0.0 1.0 1.0 0.0 0.0 0.0 0.0 0.0 0.0 0.0 0.0 0.0 0.9 1.0 1.0 1.0 1.0 28/01/1986
3.3 3.4 3.4 3.4 3.4 3.4 0.0 0.0 0.0 0.0 1.5 1.5 3.2 3.2 3.4 3.4 3.4 3.4 0.0 0.0 0.0 1.5 1.5 0.8 3.2 3.2 3.3 3.3 29/01/1986
0.1 0.0 0.0 0.0 0.0 0.0 0.0 0.0 0.0 0.0 0.0 0.0 0.1 0.1 0.0 0.0 0.0 0.0 0.0 0.0 0.0 0.0 0.0 0.0 0.1 0.1 0.1 0.1 30/01/1986
0.0 0.2 0.2 0.2 0.2 0.2 0.0 0.0 0.0 0.0 0.0 0.0 0.0 0.0 0.2 0.2 0.2 0.2 0.0 0.0 0.0 0.0 0.0 0.0 0.0 0.0 0.0 0.0 31/01/1986
1.2 1.9 1.9 1.9 1.9 1.9 1.7 1.7 1.8 1.7 3.1 3.2 1.2 1.2 1.9 1.9 1.9 1.9 1.7 1.7 1.7 3.1 3.0 2.8 1.2 1.2 1.3 1.2 01/02/1986
0.0 0.0 0.0 0.0 0.0 0.0 0.0 0.0 0.0 0.0 0.0 0.0 0.0 0.0 0.0 0.0 0.0 0.0 0.0 0.0 0.0 0.0 0.0 0.0 0.0 0.0 0.0 0.0 02/02/1986
0.0 0.0 0.0 0.0 0.0 0.0 0.0 0.0 0.0 0.0 0.0 0.0 0.0 0.0 0.0 0.0 0.0 0.0 0.0 0.0 0.0 0.0 0.0 0.0 0.0 0.0 0.0 0.0 03/02/1986
0.0 0.0 0.0 0.0 0.0 0.0 0.3 0.3 0.3 0.3 0.5 0.5 0.0 0.0 0.0 0.0 0.0 0.0 0.3 0.3 0.3 0.5 0.5 0.0 0.0 0.0 0.0 0.0 04/02/1986
0.0 0.0 0.0 0.0 0.0 0.0 0.0 0.0 0.0 0.0 0.5 0.5 0.0 0.0 0.0 0.0 0.0 0.0 0.0 0.0 0.0 0.5 0.5 0.0 0.0 0.0 0.0 0.0 05/02/1986
0.1 0.0 0.0 0.0 0.0 0.0 0.0 0.0 0.0 0.0 0.0 0.0 0.1 0.1 0.0 0.0 0.0 0.0 0.0 0.0 0.0 0.0 0.0 0.0 0.1 0.1 0.1 0.1 06/02/1986
0.0 0.0 0.0 0.0 0.0 0.0 0.0 0.0 0.0 0.0 0.0 0.0 0.0 0.0 0.0 0.0 0.0 0.0 0.0 0.0 0.0 0.0 0.0 0.0 0.0 0.0 0.0 0.0 07/02/1986
0.7 0.0 0.0 0.0 0.0 0.0 0.2 0.2 0.2 0.2 0.0 0.0 0.7 0.7 0.0 0.0 0.0 0.0 0.2 0.2 0.2 0.0 0.0 0.2 0.7 0.7 0.7 0.7 08/02/1986
0.1 0.0 0.0 0.0 0.0 0.0 0.0 0.0 0.0 0.0 0.3 0.3 0.1 0.1 0.0 0.0 0.0 0.0 0.0 0.0 0.0 0.3 0.3 0.5 0.1 0.1 0.1 0.1 09/02/1986
0.0 0.0 0.0 0.0 0.0 0.0 0.0 0.0 0.0 0.0 0.0 0.0 0.0 0.0 0.0 0.0 0.0 0.0 0.0 0.0 0.0 0.0 0.0 0.0 0.0 0.0 0.0 0.0 10/02/1986
0.0 0.0 0.0 0.0 0.0 0.0 0.0 0.0 0.0 0.0 0.0 0.0 0.0 0.0 0.0 0.0 0.0 0.0 0.0 0.0 0.0 0.0 0.0 0.0 0.0 0.0 0.0 0.0 11/02/1986
0.0 0.0 0.0 0.0 0.0 0.0 0.0 0.0 0.0 0.0 0.0 0.0 0.0 0.0 0.0 0.0 0.0 0.0 0.0 0.0 0.0 0.0 0.0 0.0 0.0 0.0 0.0 0.0 12/02/1986
0.0 0.0 0.0 0.0 0.0 0.0 0.0 0.0 0.0 0.0 0.0 0.0 0.0 0.0 0.0 0.0 0.0 0.0 0.0 0.0 0.0 0.0 0.0 0.0 0.0 0.0 0.0 0.0 13/02/1986
0.0 0.0 0.0 0.0 0.0 0.0 0.0 0.0 0.0 0.0 0.0 0.0 0.0 0.0 0.0 0.0 0.0 0.0 0.0 0.0 0.0 0.0 0.0 0.0 0.0 0.0 0.0 0.0 14/02/1986
0.0 0.0 0.0 0.0 0.0 0.0 0.0 0.0 0.0 0.0 0.0 0.0 0.0 0.0 0.0 0.0 0.0 0.0 0.0 0.0 0.0 0.0 0.0 0.0 0.0 0.0 0.0 0.0 15/02/1986
0.0 0.0 0.0 0.0 0.0 0.0 0.0 0.0 0.0 0.0 0.0 0.0 0.0 0.0 0.0 0.0 0.0 0.0 0.0 0.0 0.0 0.0 0.0 0.0 0.0 0.0 0.0 0.0 16/02/1986
0.0 0.0 0.0 0.0 0.0 0.0 0.0 0.0 0.0 0.0 0.0 0.0 0.0 0.0 0.0 0.0 0.0 0.0 0.0 0.0 0.0 0.0 0.0 0.0 0.0 0.0 0.0 0.0 17/02/1986
0.0 0.0 0.0 0.0 0.0 0.0 0.0 0.0 0.0 0.0 0.0 0.0 0.0 0.0 0.0 0.0 0.0 0.0 0.0 0.0 0.0 0.0 0.0 0.0 0.0 0.0 0.0 0.0 18/02/1986
0.0 0.0 0.0 0.0 0.0 0.0 0.0 0.0 0.0 0.0 0.0 0.0 0.0 0.0 0.0 0.0 0.0 0.0 0.0 0.0 0.0 0.0 0.0 0.0 0.0 0.0 0.0 0.0 19/02/1986
0.0 0.0 0.0 0.0 0.0 0.0 0.0 0.0 0.0 0.0 0.0 0.0 0.0 0.0 0.0 0.0 0.0 0.0 0.0 0.0 0.0 0.0 0.0 0.0 0.0 0.0 0.0 0.0 20/02/1986
0.0 0.0 0.0 0.0 0.0 0.0 0.0 0.0 0.0 0.0 0.0 0.0 0.0 0.0 0.0 0.0 0.0 0.0 0.0 0.0 0.0 0.0 0.0 0.0 0.0 0.0 0.0 0.0 21/02/1986
0.0 0.0 0.0 0.0 0.0 0.0 0.0 0.0 0.0 0.0 0.0 0.0 0.0 0.0 0.0 0.0 0.0 0.0 0.0 0.0 0.0 0.0 0.0 0.0 0.0 0.0 0.0 0.0 22/02/1986
0.0 0.0 0.0 0.0 0.0 0.0 0.0 0.0 0.0 0.0 0.0 0.0 0.0 0.0 0.0 0.0 0.0 0.0 0.0 0.0 0.0 0.0 0.0 0.0 0.0 0.0 0.0 0.0 23/02/1986
0.0 0.0 0.0 0.0 0.0 0.0 0.0 0.0 0.0 0.0 0.0 0.0 0.0 0.0 0.0 0.0 0.0 0.0 0.0 0.0 0.0 0.0 0.0 0.0 0.0 0.0 0.0 0.0 24/02/1986
0.0 0.0 0.0 0.0 0.0 0.0 0.0 0.0 0.0 0.0 0.0 0.0 0.0 0.0 0.0 0.0 0.0 0.0 0.0 0.0 0.0 0.0 0.0 0.0 0.0 0.0 0.0 0.0 25/02/1986
0.0 0.0 0.0 0.0 0.0 0.0 0.0 0.0 0.0 0.0 0.0 0.0 0.0 0.0 0.0 0.0 0.0 0.0 0.0 0.0 0.0 0.0 0.0 0.0 0.0 0.0 0.0 0.0 26/02/1986
0.2 0.1 0.1 0.1 0.1 0.1 0.0 0.0 0.0 0.0 0.0 0.0 0.2 0.2 0.1 0.1 0.1 0.1 0.0 0.0 0.0 0.0 0.0 0.0 0.2 0.2 0.2 0.2 27/02/1986
8.4 7.5 7.5 7.5 7.5 7.6 1.2 1.2 1.2 1.2 0.9 0.9 8.5 8.5 7.6 7.6 7.6 7.6 1.2 1.2 1.2 0.9 0.8 4.9 8.5 8.5 8.5 8.6 28/02/1986
0.0 0.0 0.0 0.0 0.0 0.0 0.0 0.0 0.0 0.0 0.0 0.0 0.0 0.0 0.0 0.0 0.0 0.0 0.0 0.0 0.0 0.0 0.0 0.0 0.0 0.0 0.0 0.0 01/03/1986
0.0 0.0 0.0 0.0 0.0 0.0 0.0 0.0 0.0 0.0 0.0 0.0 0.0 0.0 0.0 0.0 0.0 0.0 0.0 0.0 0.0 0.0 0.0 0.0 0.0 0.0 0.0 0.0 02/03/1986
0.0 0.0 0.0 0.0 0.0 0.0 0.0 0.0 0.0 0.0 0.0 0.0 0.0 0.0 0.0 0.0 0.0 0.0 0.0 0.0 0.0 0.0 0.0 0.0 0.0 0.0 0.0 0.0 03/03/1986
1.4 3.1 3.2 3.1 3.1 3.2 19.8 20.0 20.3 20.5 14.7 14.7 1.5 1.5 3.2 3.2 3.2 3.2 19.5 19.8 19.9 14.4 14.3 0.2 1.4 1.4 1.5 1.5 04/03/1986
6.4 5.0 5.0 5.0 5.0 5.0 9.1 9.2 9.3 9.4 9.3 9.4 6.5 6.5 5.1 5.0 5.0 5.1 8.9 9.1 9.1 9.1 9.1 4.3 6.5 6.5 6.5 6.5 05/03/1986
0.1 0.1 0.1 0.1 0.1 0.1 0.6 0.6 0.6 0.6 1.6 1.6 0.1 0.1 0.1 0.1 0.1 0.1 0.6 0.6 0.6 1.5 1.5 0.2 0.1 0.1 0.1 0.1 06/03/1986
0.0 0.0 0.0 0.0 0.0 0.0 0.0 0.0 0.0 0.0 0.0 0.0 0.0 0.0 0.0 0.0 0.0 0.0 0.0 0.0 0.0 0.0 0.0 0.0 0.0 0.0 0.0 0.0 07/03/1986
0.0 0.0 0.0 0.0 0.0 0.0 0.0 0.0 0.0 0.0 0.0 0.0 0.0 0.0 0.0 0.0 0.0 0.0 0.0 0.0 0.0 0.0 0.0 0.0 0.0 0.0 0.0 0.0 08/03/1986
0.3 0.0 0.0 0.0 0.0 0.0 0.0 0.0 0.0 0.0 0.0 0.0 0.3 0.3 0.0 0.0 0.0 0.0 0.0 0.0 0.0 0.0 0.0 0.1 0.3 0.3 0.3 0.3 09/03/1986
0.1 0.4 0.4 0.4 0.4 0.4 0.0 0.0 0.0 0.0 0.0 0.0 0.1 0.1 0.4 0.4 0.4 0.4 0.0 0.0 0.0 0.0 0.0 0.0 0.1 0.1 0.1 0.1 10/03/1986
0.2 0.8 0.8 0.8 0.8 0.8 0.0 0.0 0.0 0.0 0.0 0.0 0.2 0.2 0.8 0.8 0.8 0.8 0.0 0.0 0.0 0.0 0.0 0.0 0.2 0.2 0.2 0.2 11/03/1986
0.0 0.0 0.0 0.0 0.0 0.0 0.0 0.0 0.0 0.0 0.0 0.0 0.0 0.0 0.0 0.0 0.0 0.0 0.0 0.0 0.0 0.0 0.0 0.0 0.0 0.0 0.0 0.0 12/03/1986
0.0 0.0 0.0 0.0 0.0 0.0 0.0 0.0 0.0 0.0 0.0 0.0 0.0 0.0 0.0 0.0 0.0 0.0 0.0 0.0 0.0 0.0 0.0 0.0 0.0 0.0 0.0 0.0 13/03/1986
0.0 0.0 0.0 0.0 0.0 0.0 0.0 0.0 0.0 0.0 0.0 0.0 0.0 0.0 0.0 0.0 0.0 0.0 0.0 0.0 0.0 0.0 0.0 0.0 0.0 0.0 0.0 0.0 14/03/1986
0.0 0.0 0.0 0.0 0.0 0.0 0.0 0.0 0.0 0.0 0.0 0.0 0.0 0.0 0.0 0.0 0.0 0.0 0.0 0.0 0.0 0.0 0.0 0.0 0.0 0.0 0.0 0.0 15/03/1986
1.7 1.4 1.4 1.4 1.4 1.4 0.0 0.0 0.0 0.0 0.0 0.0 1.7 1.7 1.4 1.4 1.4 1.4 0.0 0.0 0.0 0.0 0.0 0.9 1.7 1.7 1.7 1.7 16/03/1986
0.0 0.2 0.2 0.2 0.2 0.2 0.1 0.1 0.1 0.1 0.0 0.0 0.0 0.0 0.2 0.2 0.2 0.2 0.1 0.1 0.1 0.0 0.0 0.0 0.0 0.0 0.0 0.0 17/03/1986
7.4 3.9 3.9 3.9 3.9 3.9 0.0 0.0 0.0 0.0 0.0 0.0 7.5 7.5 3.9 3.9 3.9 3.9 0.0 0.0 0.0 0.0 0.0 5.9 7.5 7.5 7.5 7.6 18/03/1986
1.9 1.2 1.2 1.2 1.2 1.2 3.0 3.0 3.0 3.0 1.9 1.9 1.9 1.9 1.2 1.2 1.2 1.2 2.9 3.0 3.0 1.9 1.8 3.0 1.9 1.9 1.9 2.0 19/03/1986
2.9 3.5 3.5 3.5 3.5 3.5 4.3 4.4 4.5 4.5 5.3 5.3 3.0 3.0 3.6 3.5 3.5 3.5 4.3 4.4 4.4 5.2 5.1 1.2 2.9 2.9 3.0 3.0 20/03/1986
0.0 0.0 0.0 0.0 0.0 0.0 0.2 0.2 0.1 0.1 0.2 0.2 0.0 0.0 0.0 0.0 0.0 0.0 0.1 0.2 0.2 0.2 0.2 0.0 0.0 0.0 0.0 0.0 21/03/1986
8.8 7.3 7.4 7.3 7.3 7.4 12.8 12.9 13.1 13.2 12.2 12.2 9.0 9.0 7.4 7.4 7.4 7.4 12.6 12.8 12.9 11.9 11.9 4.6 8.9 8.9 9.0 9.0 22/03/1986
11.9 12.5 12.5 12.5 12.5 12.6 11.4 11.5 11.7 11.8 11.5 11.5 12.0 12.0 12.7 12.7 12.6 12.7 11.2 11.4 11.5 11.3 11.2 9.0 11.9 11.9 12.0 12.1 23/03/1986
7.6 7.3 7.3 7.3 7.3 7.3 11.1 11.3 11.4 11.5 17.6 17.6 7.7 7.7 7.4 7.4 7.4 7.4 11.0 11.2 11.2 17.2 17.1 4.4 7.7 7.7 7.7 7.7 24/03/1986
1.8 3.4 3.4 3.4 3.4 3.4 3.2 3.2 3.2 3.3 2.7 2.7 1.8 1.8 3.4 3.4 3.4 3.4 3.1 3.2 3.2 2.6 2.6 0.5 1.8 1.8 1.8 1.8 25/03/1986
5.3 5.0 5.0 5.0 5.0 5.0 6.4 6.4 6.5 6.6 8.0 8.1 5.4 5.4 5.0 5.0 5.0 5.0 6.3 6.4 6.4 7.9 7.8 4.8 5.4 5.4 5.4 5.4 26/03/1986
34.2 23.6 23.7 23.6 23.6 23.8 8.9 9.1 9.2 9.3 5.9 5.9 34.7 34.7 24.0 24.0 23.9 24.0 8.8 9.0 9.0 5.8 5.7 29.2 34.5 34.5 34.7 34.9 27/03/1986
3.7 6.1 6.2 6.1 6.1 6.2 3.5 3.5 3.6 3.6 5.6 5.6 3.8 3.8 6.2 6.2 6.2 6.2 3.4 3.5 3.5 5.4 5.4 3.4 3.8 3.8 3.8 3.8 28/03/1986
5.1 7.3 7.3 7.3 7.3 7.3 4.9 5.0 5.0 5.1 8.6 8.6 5.2 5.2 7.4 7.4 7.4 7.4 4.8 4.9 4.9 8.4 8.3 2.3 5.2 5.2 5.2 5.2 29/03/1986
23.0 28.0 28.2 28.0 28.1 28.2 27.7 28.1 28.4 28.7 22.4 22.5 23.3 23.3 28.5 28.4 28.4 28.5 27.3 27.8 28.0 21.9 21.8 14.2 23.1 23.1 23.3 23.4 30/03/1986
3.5 3.6 3.6 3.6 3.6 3.6 7.2 7.3 7.4 7.4 13.0 13.0 3.5 3.5 3.6 3.6 3.6 3.6 7.1 7.2 7.3 12.7 12.6 3.4 3.5 3.5 3.5 3.6 31/03/1986
0.7 0.4 0.4 0.4 0.4 0.4 0.9 0.9 1.0 0.9 0.9 0.9 0.7 0.7 0.4 0.4 0.4 0.4 0.9 0.9 0.9 0.8 0.9 0.5 0.7 0.7 0.7 0.7 01/04/1986
0.0 0.0 0.0 0.0 0.0 0.0 2.6 2.7 2.7 2.7 0.2 0.2 0.0 0.0 0.0 0.0 0.0 0.0 2.6 2.6 2.7 0.2 0.2 0.0 0.0 0.0 0.0 0.0 02/04/1986
0.2 0.0 0.0 0.0 0.0 0.0 0.4 0.4 0.4 0.4 0.7 0.7 0.2 0.2 0.0 0.0 0.0 0.0 0.4 0.4 0.4 0.7 0.7 0.1 0.2 0.2 0.2 0.2 03/04/1986
1.6 0.2 0.2 0.2 0.2 0.2 0.4 0.4 0.4 0.4 0.7 0.7 1.5 1.5 0.2 0.2 0.2 0.2 0.4 0.4 0.4 0.7 0.7 4.0 1.5 1.5 1.5 1.6 04/04/1986
1.1 1.7 1.8 1.7 1.7 1.8 0.0 0.0 0.0 0.0 0.1 0.1 1.1 1.1 1.8 1.7 1.7 1.8 0.0 0.0 0.0 0.1 0.1 1.3 1.1 1.1 1.1 1.1 05/04/1986
4.4 5.5 5.6 5.5 5.6 5.6 3.9 4.0 4.0 4.1 5.4 5.4 4.6 4.6 5.7 5.6 5.6 5.6 3.9 3.9 4.0 5.3 5.3 3.6 4.5 4.5 4.6 4.6 06/04/1986
1.4 5.5 5.5 5.5 5.5 5.5 4.5 4.5 4.6 4.6 2.7 2.7 1.4 1.4 5.6 5.6 5.6 5.6 4.4 4.5 4.5 2.7 2.7 1.8 1.4 1.4 1.4 1.5 07/04/1986
0.1 0.0 0.0 0.0 0.0 0.0 0.0 0.0 0.0 0.0 0.0 0.0 0.1 0.1 0.0 0.0 0.0 0.0 0.0 0.0 0.0 0.0 0.0 0.1 0.1 0.1 0.1 0.1 08/04/1986
0.7 0.0 0.0 0.0 0.0 0.0 10.8 10.9 11.1 11.2 13.7 13.8 0.7 0.7 0.0 0.0 0.0 0.0 10.6 10.8 10.9 13.4 13.3 0.2 0.7 0.7 0.7 0.7 09/04/1986
1.3 0.0 0.0 0.0 0.0 0.0 0.0 0.0 0.0 0.0 0.0 0.0 1.4 1.4 0.0 0.0 0.0 0.0 0.0 0.0 0.0 0.0 0.0 1.5 1.3 1.3 1.4 1.4 10/04/1986
0.5 0.0 0.0 0.0 0.0 0.0 0.0 0.0 0.0 0.0 0.0 0.0 0.5 0.5 0.0 0.0 0.0 0.0 0.0 0.0 0.0 0.0 0.0 0.1 0.5 0.5 0.6 0.6 11/04/1986
4.4 3.8 3.9 3.8 3.9 3.9 0.9 0.9 1.0 1.0 0.6 0.6 4.5 4.5 4.0 3.9 3.9 3.9 0.9 0.9 1.0 0.6 0.6 1.6 4.5 4.5 4.5 4.6 12/04/1986
4.6 2.5 2.5 2.5 2.5 2.5 3.6 3.7 3.7 3.7 4.6 4.5 4.7 4.7 2.5 2.5 2.5 2.5 3.5 3.6 3.6 4.5 4.4 2.9 4.6 4.6 4.7 4.7 13/04/1986
6.2 6.8 6.8 6.8 6.8 6.8 4.5 4.6 4.6 4.7 7.2 7.3 6.3 6.3 6.9 6.9 6.9 6.9 4.4 4.5 4.5 7.1 7.1 2.7 6.3 6.3 6.3 6.3 14/04/1986
8.7 6.7 6.7 6.7 6.7 6.7 6.3 6.3 6.4 6.5 7.8 7.8 8.8 8.8 6.8 6.8 6.8 6.8 6.2 6.3 6.3 7.7 7.6 2.4 8.7 8.7 8.8 8.8 15/04/1986
5.7 4.0 4.0 4.0 4.0 4.0 1.6 1.6 1.6 1.6 3.5 3.5 5.8 5.8 4.1 4.1 4.1 4.1 1.5 1.6 1.6 3.4 3.4 2.9 5.7 5.7 5.8 5.8 16/04/1986
3.1 3.6 3.6 3.6 3.6 3.6 3.5 3.6 3.6 3.6 1.9 1.9 3.2 3.2 3.7 3.7 3.7 3.7 3.5 3.5 3.5 1.8 1.8 3.3 3.2 3.2 3.2 3.2 17/04/1986
2.3 2.0 2.0 2.0 2.0 2.0 5.7 5.8 5.8 5.9 5.7 5.8 2.3 2.3 2.0 2.0 2.0 2.0 5.6 5.7 5.7 5.6 5.6 2.5 2.3 2.3 2.3 2.3 18/04/1986
7.4 4.7 4.8 4.7 4.7 4.8 3.5 3.5 3.6 3.6 2.2 2.2 7.5 7.5 4.8 4.8 4.8 4.8 3.5 3.5 3.5 2.1 2.1 5.2 7.5 7.5 7.5 7.6 19/04/1986
5.4 6.0 6.1 6.0 6.0 6.1 9.5 9.6 9.8 9.9 10.3 10.3 5.5 5.5 6.1 6.1 6.1 6.1 9.4 9.5 9.6 10.1 10.0 4.5 5.5 5.5 5.5 5.5 20/04/1986
6.5 5.7 5.7 5.7 5.7 5.7 8.9 9.0 9.1 9.2 13.0 13.0 6.6 6.6 5.8 5.8 5.8 5.8 8.8 8.9 9.0 12.7 12.6 4.8 6.5 6.5 6.6 6.6 21/04/1986
4.9 3.5 3.5 3.5 3.5 3.5 1.0 1.0 1.0 1.0 0.9 0.9 4.9 4.9 3.6 3.6 3.6 3.6 1.0 1.0 1.0 0.9 0.9 3.1 4.9 4.9 5.0 5.0 22/04/1986
3.3 3.5 3.5 3.5 3.5 3.5 7.5 7.6 7.7 7.7 1.0 1.0 3.3 3.3 3.5 3.5 3.5 3.5 7.4 7.5 7.5 1.0 1.0 4.7 3.3 3.3 3.3 3.3 23/04/1986
1.3 0.8 0.8 0.8 0.8 0.8 0.8 0.8 0.8 0.8 0.7 0.7 1.3 1.3 0.9 0.9 0.9 0.9 0.8 0.8 0.8 0.7 0.7 6.5 1.3 1.3 1.3 1.3 24/04/1986
0.0 2.0 2.1 2.0 2.0 2.1 4.7 4.8 4.8 4.9 7.3 7.3 0.0 0.0 2.1 2.1 2.1 2.1 4.6 4.7 4.7 7.1 7.1 0.0 0.0 0.0 0.0 0.0 25/04/1986
8.4 10.9 11.0 10.9 10.9 11.0 6.8 6.9 6.9 7.0 4.7 4.7 8.5 8.5 11.1 11.1 11.1 11.1 6.7 6.8 6.8 4.6 4.5 10.2 8.4 8.4 8.5 8.5 26/04/1986
0.2 0.8 0.8 0.8 0.8 0.8 0.8 0.8 0.8 0.8 1.5 1.5 0.2 0.2 0.8 0.8 0.8 0.8 0.8 0.8 0.8 1.5 1.5 0.3 0.2 0.2 0.2 0.2 27/04/1986
0.0 0.0 0.0 0.0 0.0 0.0 0.0 0.0 0.0 0.0 0.0 0.0 0.0 0.0 0.0 0.0 0.0 0.0 0.0 0.0 0.0 0.0 0.0 0.2 0.0 0.0 0.0 0.0 28/04/1986
0.1 0.0 0.0 0.0 0.0 0.0 0.0 0.0 0.0 0.0 0.0 0.0 0.1 0.1 0.0 0.0 0.0 0.0 0.0 0.0 0.0 0.0 0.0 0.0 0.1 0.1 0.1 0.1 29/04/1986
0.0 0.0 0.0 0.0 0.0 0.0 0.0 0.0 0.0 0.0 0.0 0.0 0.0 0.0 0.0 0.0 0.0 0.0 0.0 0.0 0.0 0.0 0.0 0.0 0.0 0.0 0.0 0.0 30/04/1986
0.0 0.0 0.0 0.0 0.0 0.0 0.0 0.0 0.0 0.0 0.0 0.0 0.0 0.0 0.0 0.0 0.0 0.0 0.0 0.0 0.0 0.0 0.0 0.0 0.0 0.0 0.0 0.0 01/05/1986
0.4 2.4 2.4 2.4 2.4 2.4 0.1 0.1 0.1 0.1 2.0 2.0 0.4 0.4 2.4 2.4 2.4 2.4 0.1 0.1 0.1 2.0 1.9 0.1 0.4 0.4 0.4 0.4 02/05/1986
1.6 1.0 1.0 1.0 1.0 1.0 1.3 1.3 1.3 1.3 0.7 0.7 1.6 1.6 1.0 1.0 1.0 1.0 1.3 1.3 1.3 0.7 0.7 2.7 1.6 1.6 1.6 1.6 03/05/1986
1.5 0.7 0.8 0.7 0.7 0.8 1.2 1.2 1.2 1.2 6.7 6.7 1.5 1.5 0.8 0.8 0.8 0.8 1.2 1.2 1.2 6.6 6.5 1.9 1.5 1.5 1.5 1.5 04/05/1986
2.7 2.9 2.9 2.9 2.9 2.9 0.0 0.0 0.0 0.0 0.6 0.6 2.7 2.7 2.9 2.9 2.9 2.9 0.0 0.0 0.0 0.6 0.6 2.6 2.7 2.7 2.7 2.7 05/05/1986
5.9 7.4 7.5 7.4 7.4 7.5 2.2 2.2 2.3 2.3 1.8 1.8 6.0 6.0 7.5 7.5 7.5 7.5 2.2 2.2 2.2 1.7 1.7 1.1 5.9 5.9 6.0 6.0 06/05/1986
6.7 5.3 5.3 5.3 5.3 5.3 2.3 2.4 2.4 2.4 1.6 1.6 6.7 6.7 5.4 5.4 5.4 5.4 2.3 2.3 2.4 1.6 1.6 3.8 6.7 6.7 6.7 6.8 07/05/1986
2.6 3.9 3.9 3.9 3.9 3.9 9.1 9.2 9.3 9.4 6.1 6.1 2.7 2.7 4.0 4.0 4.0 4.0 8.9 9.1 9.1 5.9 5.9 1.5 2.7 2.7 2.7 2.7 08/05/1986
0.1 0.0 0.0 0.0 0.0 0.0 0.2 0.2 0.2 0.2 0.0 0.0 0.2 0.2 0.0 0.0 0.0 0.0 0.2 0.2 0.2 0.0 0.0 0.0 0.1 0.1 0.2 0.2 09/05/1986
1.1 1.4 1.4 1.4 1.4 1.4 3.4 3.5 3.5 3.5 4.2 4.2 1.1 1.1 1.4 1.4 1.4 1.4 3.4 3.4 3.5 4.1 4.1 0.3 1.1 1.1 1.1 1.1 10/05/1986
0.0 0.0 0.0 0.0 0.0 0.0 0.0 0.0 0.0 0.0 0.0 0.0 0.0 0.0 0.0 0.0 0.0 0.0 0.0 0.0 0.0 0.0 0.0 0.0 0.0 0.0 0.0 0.0 11/05/1986
0.0 0.0 0.0 0.0 0.0 0.0 8.0 8.1 8.2 8.3 8.0 8.0 0.0 0.0 0.0 0.0 0.0 0.0 7.9 8.1 8.1 7.8 7.8 0.1 0.0 0.0 0.0 0.0 12/05/1986
0.2 0.0 0.0 0.0 0.0 0.0 2.1 2.2 2.2 2.2 6.9 6.9 0.2 0.2 0.0 0.0 0.0 0.0 2.1 2.1 2.2 6.8 6.7 0.0 0.2 0.2 0.2 0.2 13/05/1986
9.8 6.5 6.5 6.5 6.5 6.5 0.6 0.6 0.6 0.6 0.1 0.1 9.9 9.9 6.6 6.5 6.5 6.6 0.6 0.6 0.6 0.1 0.1 7.9 9.9 9.9 9.9 10.0 14/05/1986
0.3 0.8 0.8 0.8 0.8 0.8 1.6 1.6 1.6 1.6 2.0 2.0 0.3 0.3 0.8 0.8 0.8 0.8 1.6 1.6 1.6 2.0 2.0 0.1 0.3 0.3 0.3 0.3 15/05/1986
0.0 0.0 0.0 0.0 0.0 0.0 0.0 0.0 0.0 0.0 0.1 0.1 0.0 0.0 0.0 0.0 0.0 0.0 0.0 0.0 0.0 0.1 0.1 0.0 0.0 0.0 0.0 0.0 16/05/1986
2.0 1.4 1.4 1.4 1.4 1.4 0.1 0.1 0.1 0.1 0.0 0.0 2.0 2.0 1.4 1.4 1.4 1.4 0.1 0.1 0.1 0.0 0.0 1.6 2.0 2.0 2.0 2.0 17/05/1986
0.0 0.0 0.0 0.0 0.0 0.0 0.3 0.3 0.3 0.3 0.1 0.1 0.0 0.0 0.0 0.0 0.0 0.0 0.3 0.3 0.3 0.1 0.1 0.0 0.0 0.0 0.0 0.0 18/05/1986
0.0 0.0 0.0 0.0 0.0 0.0 0.4 0.4 0.4 0.4 2.3 2.3 0.0 0.0 0.0 0.0 0.0 0.0 0.4 0.4 0.4 2.2 2.2 0.0 0.0 0.0 0.0 0.0 19/05/1986
3.4 6.9 7.0 6.9 6.9 7.0 9.2 9.3 9.4 9.5 3.3 3.3 3.4 3.4 7.0 7.0 7.0 7.0 9.1 9.2 9.3 3.2 3.2 2.8 3.4 3.4 3.4 3.4 20/05/1986
1.2 0.8 0.8 0.8 0.8 0.8 1.0 1.0 1.0 1.0 0.1 0.1 1.2 1.2 0.8 0.8 0.8 0.8 1.0 1.0 1.0 0.1 0.1 0.6 1.2 1.2 1.2 1.2 21/05/1986
0.5 0.6 0.6 0.6 0.6 0.6 0.0 0.0 0.0 0.0 0.0 0.0 0.5 0.5 0.6 0.6 0.6 0.6 0.0 0.0 0.0 0.0 0.0 1.3 0.5 0.5 0.5 0.5 22/05/1986
4.8 5.2 5.2 5.2 5.2 5.2 6.5 6.5 6.6 6.7 8.9 8.9 4.9 4.9 5.3 5.3 5.3 5.3 6.4 6.5 6.5 8.7 8.6 2.6 4.9 4.9 4.9 4.9 23/05/1986
0.0 0.0 0.0 0.0 0.0 0.0 0.0 0.0 0.0 0.0 0.2 0.2 0.0 0.0 0.0 0.0 0.0 0.0 0.0 0.0 0.0 0.2 0.2 0.0 0.0 0.0 0.0 0.0 24/05/1986
0.0 0.0 0.0 0.0 0.0 0.0 0.0 0.0 0.0 0.0 0.0 0.0 0.0 0.0 0.0 0.0 0.0 0.0 0.0 0.0 0.0 0.0 0.0 0.0 0.0 0.0 0.0 0.0 25/05/1986
0.0 0.0 0.0 0.0 0.0 0.0 0.0 0.0 0.0 0.0 0.0 0.0 0.0 0.0 0.0 0.0 0.0 0.0 0.0 0.0 0.0 0.0 0.0 0.0 0.0 0.0 0.0 0.0 26/05/1986
0.2 0.5 0.5 0.5 0.5 0.5 0.0 0.0 0.0 0.0 0.4 0.4 0.2 0.2 0.5 0.5 0.5 0.5 0.0 0.0 0.0 0.4 0.4 0.0 0.2 0.2 0.2 0.2 27/05/1986
0.0 0.4 0.4 0.4 0.4 0.4 0.0 0.0 0.0 0.0 0.2 0.2 0.0 0.0 0.4 0.4 0.4 0.4 0.0 0.0 0.0 0.2 0.2 0.0 0.0 0.0 0.0 0.0 28/05/1986
0.0 0.0 0.0 0.0 0.0 0.0 1.9 1.9 1.9 1.9 1.3 1.3 0.0 0.0 0.0 0.0 0.0 0.0 1.9 1.9 1.9 1.3 1.2 0.0 0.0 0.0 0.0 0.0 29/05/1986
0.0 0.0 0.0 0.0 0.0 0.0 0.5 0.5 0.5 0.5 0.5 0.5 0.0 0.0 0.0 0.0 0.0 0.0 0.5 0.5 0.5 0.5 0.5 0.0 0.0 0.0 0.0 0.0 30/05/1986
1.6 1.1 1.1 1.1 1.1 1.1 0.0 0.0 0.0 0.0 0.0 0.0 1.6 1.6 1.1 1.1 1.1 1.1 0.0 0.0 0.0 0.0 0.0 0.3 1.6 1.6 1.6 1.6 31/05/1986
1.9 2.2 2.2 2.2 2.2 2.2 7.1 7.2 7.3 7.3 9.2 9.2 1.9 1.9 2.2 2.2 2.2 2.2 7.0 7.1 7.1 9.0 9.0 2.8 1.9 1.9 1.9 1.9 01/06/1986
0.1 0.0 0.0 0.0 0.0 0.0 0.0 0.0 0.0 0.0 0.1 0.1 0.1 0.1 0.0 0.0 0.0 0.0 0.0 0.0 0.0 0.1 0.1 0.1 0.1 0.1 0.1 0.1 02/06/1986
1.3 2.9 2.9 2.9 2.9 2.9 9.3 9.5 9.6 9.7 10.1 10.1 1.3 1.3 3.0 2.9 2.9 3.0 9.2 9.4 9.4 9.9 9.8 0.6 1.3 1.3 1.3 1.3 03/06/1986
0.7 3.0 3.0 3.0 3.0 3.0 6.7 6.7 6.8 6.9 7.3 7.4 0.7 0.7 3.0 3.0 3.0 3.0 6.6 6.7 6.7 7.2 7.1 0.1 0.7 0.7 0.7 0.7 04/06/1986
0.0 0.0 0.0 0.0 0.0 0.0 2.4 2.5 2.5 2.5 2.2 2.2 0.0 0.0 0.0 0.0 0.0 0.0 2.4 2.4 2.4 2.2 2.2 0.0 0.0 0.0 0.0 0.0 05/06/1986
0.5 1.5 1.5 1.5 1.5 1.5 11.8 12.0 12.1 12.3 12.2 12.2 0.5 0.5 1.5 1.5 1.5 1.5 11.7 11.9 11.9 11.9 11.8 0.3 0.5 0.5 0.5 0.5 06/06/1986
0.0 0.0 0.0 0.0 0.0 0.0 0.2 0.2 0.2 0.2 1.2 1.2 0.0 0.0 0.0 0.0 0.0 0.0 0.2 0.2 0.2 1.1 1.1 0.0 0.0 0.0 0.0 0.0 07/06/1986
0.0 0.0 0.0 0.0 0.0 0.0 0.0 0.0 0.0 0.0 0.0 0.0 0.0 0.0 0.0 0.0 0.0 0.0 0.0 0.0 0.0 0.0 0.0 0.0 0.0 0.0 0.0 0.0 08/06/1986
0.0 0.0 0.0 0.0 0.0 0.0 0.0 0.0 0.0 0.0 0.0 0.0 0.0 0.0 0.0 0.0 0.0 0.0 0.0 0.0 0.0 0.0 0.0 0.0 0.0 0.0 0.0 0.0 09/06/1986
0.0 0.2 0.2 0.2 0.2 0.2 0.0 0.0 0.0 0.0 0.0 0.0 0.0 0.0 0.2 0.2 0.2 0.2 0.0 0.0 0.0 0.0 0.0 0.0 0.0 0.0 0.0 0.0 10/06/1986
3.5 3.5 3.5 3.5 3.5 3.5 5.9 5.9 6.0 6.1 6.5 6.5 3.6 3.6 3.5 3.5 3.5 3.5 5.8 5.9 5.9 6.4 6.3 4.0 3.5 3.5 3.6 3.6 11/06/1986
0.0 0.0 0.0 0.0 0.0 0.0 0.0 0.0 0.0 0.0 0.0 0.0 0.0 0.0 0.0 0.0 0.0 0.0 0.0 0.0 0.0 0.0 0.0 0.0 0.0 0.0 0.0 0.0 12/06/1986
0.0 0.0 0.0 0.0 0.0 0.0 0.0 0.0 0.0 0.0 0.0 0.0 0.0 0.0 0.0 0.0 0.0 0.0 0.0 0.0 0.0 0.0 0.0 0.0 0.0 0.0 0.0 0.0 13/06/1986
0.0 0.0 0.0 0.0 0.0 0.0 0.0 0.0 0.0 0.0 0.0 0.0 0.0 0.0 0.0 0.0 0.0 0.0 0.0 0.0 0.0 0.0 0.0 0.0 0.0 0.0 0.0 0.0 14/06/1986
0.0 0.0 0.0 0.0 0.0 0.0 0.0 0.0 0.0 0.0 0.0 0.0 0.0 0.0 0.0 0.0 0.0 0.0 0.0 0.0 0.0 0.0 0.0 0.0 0.0 0.0 0.0 0.0 15/06/1986
0.0 0.0 0.0 0.0 0.0 0.0 0.1 0.1 0.1 0.1 0.4 0.4 0.0 0.0 0.0 0.0 0.0 0.0 0.1 0.1 0.1 0.3 0.3 0.0 0.0 0.0 0.0 0.0 16/06/1986
0.0 0.0 0.0 0.0 0.0 0.0 1.2 1.3 1.4 1.5 4.5 4.5 0.0 0.0 0.0 0.0 0.0 0.0 1.1 1.2 1.3 4.4 4.4 0.0 0.0 0.0 0.0 0.0 17/06/1986
0.0 0.0 0.0 0.0 0.0 0.0 0.0 0.0 0.0 0.0 0.0 0.0 0.0 0.0 0.0 0.0 0.0 0.0 0.0 0.0 0.0 0.0 0.0 0.0 0.0 0.0 0.0 0.0 18/06/1986
0.0 0.0 0.0 0.0 0.0 0.0 0.0 0.0 0.0 0.0 0.0 0.0 0.0 0.0 0.0 0.0 0.0 0.0 0.0 0.0 0.0 0.0 0.0 0.0 0.0 0.0 0.0 0.0 19/06/1986
1.1 1.6 1.6 1.6 1.6 1.7 3.0 3.0 3.0 3.0 9.2 9.2 1.1 1.1 1.7 1.7 1.7 1.7 2.9 3.0 3.0 9.0 9.0 0.1 1.1 1.1 1.1 1.1 20/06/1986
12.7 3.8 3.8 3.8 3.8 3.8 2.6 2.7 2.7 2.7 0.7 0.7 12.8 12.8 3.8 3.8 3.8 3.8 2.6 2.6 2.6 0.6 0.6 18.4 12.8 12.8 12.9 12.9 21/06/1986
0.0 12.5 12.6 12.5 12.5 12.6 12.3 12.5 12.6 12.8 7.6 7.7 0.0 0.0 12.7 12.7 12.7 12.7 12.1 12.4 12.4 7.5 7.4 0.0 0.0 0.0 0.0 0.0 22/06/1986
27.8 9.5 9.5 9.5 9.5 9.6 7.0 7.1 7.2 7.3 7.5 7.5 28.1 28.1 9.6 9.6 9.6 9.6 6.9 7.0 7.1 7.4 7.4 9.1 28.0 28.0 28.2 28.3 23/06/1986
0.0 0.0 0.0 0.0 0.0 0.0 0.0 0.0 0.0 0.0 0.0 0.0 0.0 0.0 0.0 0.0 0.0 0.0 0.0 0.0 0.0 0.0 0.0 0.0 0.0 0.0 0.0 0.0 24/06/1986
0.1 0.0 0.0 0.0 0.0 0.0 0.0 0.0 0.0 0.0 0.0 0.0 0.1 0.1 0.0 0.0 0.0 0.0 0.0 0.0 0.0 0.0 0.0 0.0 0.1 0.1 0.1 0.1 25/06/1986
0.4 0.0 0.0 0.0 0.0 0.0 0.0 0.0 0.0 0.0 0.0 0.0 0.4 0.4 0.0 0.0 0.0 0.0 0.0 0.0 0.0 0.0 0.0 0.1 0.4 0.4 0.4 0.4 26/06/1986
0.0 0.0 0.0 0.0 0.0 0.0 0.0 0.0 0.0 0.0 0.0 0.0 0.0 0.0 0.0 0.0 0.0 0.0 0.0 0.0 0.0 0.0 0.0 0.0 0.0 0.0 0.0 0.0 27/06/1986
0.0 0.0 0.0 0.0 0.0 0.0 0.0 0.0 0.0 0.0 0.0 0.0 0.0 0.0 0.0 0.0 0.0 0.0 0.0 0.0 0.0 0.0 0.0 0.0 0.0 0.0 0.0 0.0 28/06/1986
0.0 0.0 0.0 0.0 0.0 0.0 0.0 0.0 0.0 0.0 0.0 0.0 0.0 0.0 0.0 0.0 0.0 0.0 0.0 0.0 0.0 0.0 0.0 0.0 0.0 0.0 0.0 0.0 29/06/1986
0.0 0.0 0.0 0.0 0.0 0.0 0.0 0.0 0.0 0.0 0.0 0.0 0.0 0.0 0.0 0.0 0.0 0.0 0.0 0.0 0.0 0.0 0.0 0.0 0.0 0.0 0.0 0.0 30/06/1986
0.0 0.0 0.0 0.0 0.0 0.0 0.0 0.0 0.0 0.0 0.0 0.0 0.0 0.0 0.0 0.0 0.0 0.0 0.0 0.0 0.0 0.0 0.0 0.0 0.0 0.0 0.0 0.0 01/07/1986
4.4 2.1 2.1 2.1 2.1 2.1 0.0 0.0 0.0 0.0 0.0 0.0 4.4 4.4 2.2 2.2 2.2 2.2 0.0 0.0 0.0 0.0 0.0 13.5 4.4 4.4 4.4 4.5 02/07/1986
0.0 0.0 0.0 0.0 0.0 0.0 0.8 0.8 0.8 0.8 12.1 12.1 0.0 0.0 0.0 0.0 0.0 0.0 0.8 0.8 0.8 11.8 11.7 0.0 0.0 0.0 0.0 0.0 03/07/1986
0.1 0.0 0.0 0.0 0.0 0.0 0.0 0.0 0.0 0.0 0.0 0.0 0.1 0.1 0.0 0.0 0.0 0.0 0.0 0.0 0.0 0.0 0.0 0.0 0.1 0.1 0.1 0.1 04/07/1986
23.5 19.2 19.4 19.3 19.3 19.4 9.8 9.9 10.1 10.2 4.4 4.4 23.8 23.8 19.6 19.5 19.5 19.6 9.7 9.8 9.9 4.3 4.3 29.9 23.7 23.7 23.9 24.0 05/07/1986
0.1 1.8 1.8 1.8 1.8 1.8 6.2 6.3 6.4 6.4 5.0 5.0 0.1 0.1 1.8 1.8 1.8 1.8 6.1 6.2 6.3 4.9 4.9 0.5 0.1 0.1 0.1 0.1 06/07/1986
0.0 0.0 0.0 0.0 0.0 0.0 2.2 2.2 2.2 2.2 2.2 2.2 0.0 0.0 0.0 0.0 0.0 0.0 2.2 2.2 2.2 2.1 2.1 0.1 0.0 0.0 0.0 0.0 07/07/1986
0.0 0.5 0.6 0.5 0.5 0.6 1.4 1.4 1.5 1.5 1.4 1.4 0.0 0.0 0.6 0.6 0.6 0.6 1.4 1.4 1.4 1.4 1.4 0.1 0.0 0.0 0.0 0.0 08/07/1986
0.4 0.0 0.0 0.0 0.0 0.0 0.6 0.6 0.6 0.6 1.0 1.0 0.4 0.4 0.0 0.0 0.0 0.0 0.6 0.6 0.6 0.9 0.9 0.0 0.4 0.4 0.4 0.4 09/07/1986
1.9 3.1 3.2 3.1 3.1 3.2 2.4 2.4 2.4 2.4 0.6 0.6 1.9 1.9 3.2 3.2 3.2 3.2 2.3 2.4 2.4 0.6 0.6 1.0 1.9 1.9 1.9 1.9 10/07/1986
1.2 1.2 1.2 1.2 1.2 1.2 3.8 3.9 3.9 4.0 4.2 4.2 1.2 1.2 1.2 1.2 1.2 1.2 3.8 3.8 3.9 4.1 4.0 1.1 1.2 1.2 1.2 1.2 11/07/1986
0.3 0.1 0.1 0.1 0.1 0.1 0.0 0.0 0.0 0.0 0.0 0.0 0.3 0.3 0.1 0.1 0.1 0.1 0.0 0.0 0.0 0.0 0.0 0.8 0.3 0.3 0.3 0.3 12/07/1986
0.0 0.0 0.0 0.0 0.0 0.0 0.2 0.2 0.2 0.3 0.3 0.3 0.0 0.0 0.0 0.0 0.0 0.0 0.2 0.2 0.2 0.3 0.3 0.0 0.0 0.0 0.0 0.0 13/07/1986
0.0 0.7 0.7 0.7 0.7 0.7 0.1 0.1 0.1 0.1 0.2 0.2 0.0 0.0 0.7 0.7 0.7 0.7 0.1 0.1 0.1 0.2 0.2 0.0 0.0 0.0 0.0 0.0 14/07/1986
0.0 1.0 1.0 1.0 1.0 1.0 0.0 0.0 0.0 0.0 0.0 0.0 0.0 0.0 1.0 1.0 1.0 1.0 0.0 0.0 0.0 0.0 0.0 0.0 0.0 0.0 0.0 0.0 15/07/1986
0.0 0.0 0.0 0.0 0.0 0.0 0.0 0.0 0.0 0.0 0.0 0.0 0.0 0.0 0.0 0.0 0.0 0.0 0.0 0.0 0.0 0.0 0.0 0.0 0.0 0.0 0.0 0.0 16/07/1986
0.0 0.0 0.0 0.0 0.0 0.0 0.0 0.0 0.0 0.0 0.0 0.0 0.0 0.0 0.0 0.0 0.0 0.0 0.0 0.0 0.0 0.0 0.0 0.0 0.0 0.0 0.0 0.0 17/07/1986
0.0 0.0 0.0 0.0 0.0 0.0 0.0 0.0 0.0 0.0 0.0 0.0 0.0 0.0 0.0 0.0 0.0 0.0 0.0 0.0 0.0 0.0 0.0 0.0 0.0 0.0 0.0 0.0 18/07/1986
0.0 0.0 0.0 0.0 0.0 0.0 0.0 0.0 0.0 0.0 0.0 0.0 0.0 0.0 0.0 0.0 0.0 0.0 0.0 0.0 0.0 0.0 0.0 0.0 0.0 0.0 0.0 0.0 19/07/1986
0.0 0.0 0.0 0.0 0.0 0.0 0.0 0.0 0.0 0.0 0.0 0.0 0.0 0.0 0.0 0.0 0.0 0.0 0.0 0.0 0.0 0.0 0.0 0.0 0.0 0.0 0.0 0.0 20/07/1986
0.0 0.0 0.0 0.0 0.0 0.0 0.0 0.0 0.0 0.0 0.0 0.0 0.0 0.0 0.0 0.0 0.0 0.0 0.0 0.0 0.0 0.0 0.0 0.0 0.0 0.0 0.0 0.0 21/07/1986
0.0 0.0 0.0 0.0 0.0 0.0 0.0 0.0 0.0 0.0 0.5 0.5 0.0 0.0 0.0 0.0 0.0 0.0 0.0 0.0 0.0 0.5 0.5 0.0 0.0 0.0 0.0 0.0 22/07/1986
1.1 0.9 0.9 0.9 0.9 0.9 2.5 2.5 2.5 2.5 0.9 0.9 1.1 1.1 0.9 0.9 0.9 0.9 2.5 2.5 2.5 0.9 0.9 1.6 1.1 1.1 1.1 1.1 23/07/1986
0.0 0.0 0.0 0.0 0.0 0.0 0.0 0.0 0.0 0.0 0.0 0.0 0.0 0.0 0.0 0.0 0.0 0.0 0.0 0.0 0.0 0.0 0.0 0.3 0.0 0.0 0.0 0.0 24/07/1986
2.2 2.4 2.4 2.4 2.4 2.4 4.4 4.5 4.5 4.6 4.5 4.6 2.2 2.2 2.4 2.4 2.4 2.4 4.4 4.4 4.5 4.4 4.4 0.8 2.2 2.2 2.2 2.2 25/07/1986
0.4 0.2 0.2 0.2 0.2 0.2 0.0 0.0 0.0 0.0 0.1 0.1 0.4 0.4 0.2 0.2 0.2 0.2 0.0 0.0 0.0 0.1 0.1 0.1 0.4 0.4 0.4 0.5 26/07/1986
0.2 0.1 0.1 0.1 0.1 0.1 0.0 0.0 0.0 0.0 0.0 0.0 0.2 0.2 0.1 0.1 0.1 0.1 0.0 0.0 0.0 0.0 0.0 0.1 0.2 0.2 0.2 0.2 27/07/1986
0.1 0.0 0.0 0.0 0.0 0.0 0.0 0.0 0.0 0.0 0.0 0.0 0.1 0.1 0.0 0.0 0.0 0.0 0.0 0.0 0.0 0.0 0.0 0.0 0.1 0.1 0.1 0.1 28/07/1986
0.4 0.1 0.1 0.1 0.1 0.1 0.0 0.0 0.0 0.0 0.0 0.0 0.4 0.4 0.1 0.1 0.1 0.1 0.0 0.0 0.0 0.0 0.0 0.2 0.4 0.4 0.4 0.4 29/07/1986
0.0 0.0 0.0 0.0 0.0 0.0 0.0 0.0 0.0 0.0 0.0 0.0 0.0 0.0 0.0 0.0 0.0 0.0 0.0 0.0 0.0 0.0 0.0 0.1 0.0 0.0 0.0 0.0 30/07/1986
0.2 0.0 0.0 0.0 0.0 0.0 0.0 0.0 0.0 0.0 0.0 0.0 0.2 0.2 0.0 0.0 0.0 0.0 0.0 0.0 0.0 0.0 0.0 0.0 0.2 0.2 0.2 0.2 31/07/1986
