# 460 461 462 463 464 465 489 490 491 492 493 494 518 519 520 521 522 523 547 548 549 550 551 575 576 577 578 579 Date
0.2 0.1 0.1 0.1 0.1 0.1 0.2 0.2 0.2 0.2 1.4 1.4 0.2 0.2 0.1 0.1 0.1 0.1 0.2 0.2 0.2 1.4 1.4 0.1 0.2 0.2 0.2 0.2 01/08/2002
10.6 4.7 4.7 4.7 4.7 4.7 5.5 5.6 5.7 5.7 9.2 9.2 10.7 10.7 4.8 4.8 4.8 4.8 5.4 5.5 5.6 9.0 8.9 12.7 10.6 10.6 10.7 10.8 02/08/2002
10.8 4.4 4.4 4.4 4.4 4.4 4.8 4.9 4.9 5.0 6.4 6.4 10.9 10.9 4.5 4.4 4.4 4.5 4.7 4.8 4.9 6.2 6.2 10.1 10.8 10.8 10.9 11.0 03/08/2002
2.8 3.7 3.7 3.7 3.7 3.7 4.8 4.8 4.9 5.0 9.4 9.4 2.8 2.8 3.8 3.7 3.7 3.7 4.7 4.8 4.8 9.2 9.2 0.4 2.8 2.8 2.8 2.8 04/08/2002
2.2 1.8 1.9 1.8 1.9 1.9 0.8 0.9 0.9 0.9 0.3 0.3 2.2 2.2 1.9 1.9 1.9 1.9 0.8 0.8 0.8 0.3 0.3 0.1 2.2 2.2 2.2 2.2 05/08/2002
0.1 1.4 1.4 1.4 1.4 1.4 14.1 14.3 14.5 14.6 23.2 23.2 0.1 0.1 1.4 1.4 1.4 1.4 13.9 14.1 14.2 22.7 22.5 0.0 0.1 0.1 0.1 0.1 06/08/2002
0.0 0.6 0.6 0.6 0.6 0.6 4.7 4.8 4.8 4.9 3.0 3.0 0.0 0.0 0.6 0.6 0.6 0.6 4.7 4.7 4.8 3.0 2.9 0.0 0.0 0.0 0.0 0.0 07/08/2002
4.2 2.8 2.8 2.8 2.8 2.8 5.4 5.5 5.5 5.6 0.5 0.5 4.2 4.2 2.8 2.8 2.8 2.8 5.4 5.4 5.5 0.5 0.5 4.9 4.2 4.2 4.2 4.3 08/08/2002
12.7 8.6 8.6 8.6 8.6 8.6 0.9 0.9 0.9 0.9 0.5 0.5 12.9 12.9 8.7 8.7 8.7 8.7 0.9 0.9 0.9 0.5 0.5 9.6 12.8 12.8 12.9 13.0 09/08/2002
0.5 0.3 0.3 0.3 0.3 0.3 0.0 0.0 0.0 0.0 0.1 0.1 0.5 0.5 0.3 0.3 0.3 0.3 0.0 0.0 0.0 0.1 0.1 0.0 0.5 0.5 0.5 0.5 10/08/2002
1.7 0.7 0.7 0.7 0.7 0.7 1.0 1.0 1.0 1.0 0.9 0.9 1.7 1.7 0.7 0.7 0.7 0.7 1.0 1.0 1.0 0.8 0.8 1.0 1.7 1.7 1.7 1.7 11/08/2002
0.4 0.1 0.1 0.1 0.1 0.1 0.1 0.1 0.1 0.1 0.2 0.2 0.4 0.4 0.2 0.2 0.2 0.2 0.1 0.1 0.1 0.2 0.2 0.1 0.4 0.4 0.4 0.4 12/08/2002
0.2 0.2 0.2 0.2 0.2 0.2 0.0 0.0 0.0 0.0 0.0 0.0 0.2 0.2 0.2 0.2 0.2 0.2 0.0 0.0 0.0 0.0 0.0 0.2 0.2 0.2 0.2 0.2 13/08/2002
0.0 0.1 0.1 0.1 0.1 0.1 0.0 0.0 0.0 0.0 0.1 0.1 0.0 0.0 0.1 0.1 0.1 0.1 0.0 0.0 0.0 0.1 0.1 0.0 0.0 0.0 0.0 0.0 14/08/2002
0.0 0.1 0.1 0.1 0.1 0.1 0.0 0.0 0.0 0.0 0.1 0.1 0.0 0.0 0.1 0.1 0.1 0.1 0.0 0.0 0.0 0.1 0.1 0.0 0.0 0.0 0.0 0.0 15/08/2002
0.0 0.1 0.1 0.1 0.1 0.1 0.0 0.0 0.0 0.0 0.1 0.1 0.0 0.0 0.1 0.1 0.1 0.1 0.0 0.0 0.0 0.1 0.1 0.0 0.0 0.0 0.0 0.0 16/08/2002
0.0 0.0 0.0 0.0 0.0 0.0 0.0 0.0 0.0 0.0 0.0 0.0 0.0 0.0 0.0 0.0 0.0 0.0 0.0 0.0 0.0 0.0 0.0 0.0 0.0 0.0 0.0 0.0 17/08/2002
0.9 1.3 1.3 1.3 1.3 1.3 2.5 2.6 2.6 2.6 0.7 0.7 0.9 0.9 1.4 1.4 1.4 1.4 2.5 2.5 2.5 0.7 0.7 4.8 0.9 0.9 0.9 0.9 18/08/2002
0.3 0.3 0.3 0.3 0.3 0.3 0.9 0.9 0.9 0.9 3.2 3.2 0.3 0.3 0.3 0.3 0.3 0.3 0.9 0.9 0.9 3.1 3.1 2.2 0.3 0.3 0.3 0.3 19/08/2002
0.8 4.8 4.8 4.8 4.8 4.8 22.0 22.3 22.5 22.8 14.4 14.5 0.8 0.8 4.9 4.9 4.9 4.9 21.7 22.1 22.2 14.2 14.1 0.3 0.8 0.8 0.8 0.8 20/08/2002
0.2 0.0 0.0 0.0 0.0 0.0 5.9 6.0 6.1 6.1 4.3 4.3 0.2 0.2 0.0 0.0 0.0 0.0 5.9 5.9 6.0 4.2 4.2 0.2 0.2 0.2 0.2 0.2 21/08/2002
0.2 0.0 0.0 0.0 0.0 0.0 0.1 0.1 0.1 0.1 0.1 0.1 0.2 0.2 0.0 0.0 0.0 0.0 0.1 0.1 0.1 0.1 0.1 0.2 0.2 0.2 0.2 0.2 22/08/2002
0.0 0.0 0.0 0.0 0.0 0.0 3.9 4.0 4.0 4.1 7.7 7.7 0.0 0.0 0.0 0.0 0.0 0.0 3.9 3.9 4.0 7.5 7.5 0.0 0.0 0.0 0.0 0.0 23/08/2002
0.1 0.0 0.0 0.0 0.0 0.0 0.4 0.4 0.4 0.4 0.6 0.6 0.1 0.1 0.0 0.0 0.0 0.0 0.4 0.4 0.4 0.6 0.6 0.0 0.1 0.1 0.1 0.1 24/08/2002
0.0 0.0 0.0 0.0 0.0 0.0 0.0 0.0 0.0 0.0 0.0 0.0 0.0 0.0 0.0 0.0 0.0 0.0 0.0 0.0 0.0 0.0 0.0 0.0 0.0 0.0 0.0 0.0 25/08/2002
3.6 1.7 1.7 1.7 1.7 1.7 0.0 0.0 0.0 0.0 0.5 0.5 3.7 3.7 1.7 1.7 1.7 1.7 0.0 0.0 0.0 0.5 0.5 6.6 3.7 3.7 3.7 3.7 26/08/2002
0.2 0.4 0.4 0.4 0.4 0.4 23.9 24.2 24.5 24.7 24.1 24.2 0.3 0.3 0.4 0.4 0.4 0.4 23.5 23.9 24.1 23.6 23.4 1.1 0.3 0.3 0.3 0.3 27/08/2002
0.3 0.2 0.2 0.2 0.2 0.2 0.1 0.1 0.1 0.1 0.0 0.0 0.3 0.3 0.2 0.2 0.2 0.2 0.1 0.1 0.1 0.0 0.0 0.0 0.3 0.3 0.3 0.3 28/08/2002
0.0 0.0 0.0 0.0 0.0 0.0 0.0 0.0 0.0 0.0 0.1 0.1 0.0 0.0 0.0 0.0 0.0 0.0 0.0 0.0 0.0 0.1 0.1 0.0 0.0 0.0 0.0 0.0 29/08/2002
0.7 0.8 0.8 0.8 0.8 0.8 0.0 0.0 0.0 0.0 0.2 0.2 0.7 0.7 0.8 0.8 0.8 0.8 0.0 0.0 0.0 0.1 0.1 0.1 0.7 0.7 0.7 0.7 30/08/2002
0.0 0.5 0.5 0.5 0.5 0.5 0.2 0.2 0.3 0.3 0.4 0.4 0.0 0.0 0.5 0.5 0.5 0.5 0.2 0.2 0.2 0.4 0.4 0.0 0.0 0.0 0.0 0.0 31/08/2002
0.0 0.0 0.0 0.0 0.0 0.0 0.0 0.0 0.0 0.0 0.1 0.1 0.0 0.0 0.0 0.0 0.0 0.0 0.0 0.0 0.0 0.1 0.1 0.0 0.0 0.0 0.0 0.0 01/09/2002
0.0 0.1 0.1 0.1 0.1 0.1 0.0 0.0 0.0 0.0 0.1 0.1 0.0 0.0 0.1 0.1 0.1 0.1 0.0 0.0 0.0 0.1 0.1 0.0 0.0 0.0 0.0 0.0 02/09/2002
0.1 0.2 0.2 0.2 0.2 0.2 0.0 0.0 0.0 0.0 0.0 0.0 0.2 0.2 0.2 0.2 0.2 0.2 0.0 0.0 0.0 0.0 0.0 0.4 0.1 0.1 0.2 0.2 03/09/2002
9.0 1.3 1.3 1.3 1.3 1.3 13.1 13.3 13.4 13.6 13.5 13.6 9.1 9.1 1.3 1.3 1.3 1.3 12.9 13.1 13.2 13.2 13.2 4.7 9.1 9.1 9.2 9.2 04/09/2002
0.1 0.1 0.1 0.1 0.1 0.1 0.1 0.1 0.1 0.1 0.2 0.2 0.1 0.1 0.1 0.1 0.1 0.1 0.1 0.1 0.1 0.2 0.2 0.0 0.1 0.1 0.1 0.1 05/09/2002
0.0 0.0 0.0 0.0 0.0 0.0 0.0 0.0 0.0 0.0 0.0 0.0 0.0 0.0 0.0 0.0 0.0 0.0 0.0 0.0 0.0 0.0 0.0 0.0 0.0 0.0 0.0 0.0 06/09/2002
23.4 20.4 20.6 20.4 20.5 20.6 0.3 0.3 0.3 0.3 0.0 0.0 23.7 23.7 20.8 20.7 20.7 20.8 0.3 0.3 0.3 0.0 0.0 29.4 23.6 23.6 23.8 23.9 07/09/2002
0.5 1.5 1.5 1.5 1.5 1.5 7.3 7.3 7.4 7.5 6.4 6.4 0.5 0.5 1.5 1.5 1.5 1.5 7.1 7.3 7.3 6.3 6.2 1.0 0.5 0.5 0.5 0.5 08/09/2002
7.8 6.9 6.9 6.9 6.9 6.9 3.4 3.4 3.5 3.5 2.7 2.7 7.9 7.9 7.0 7.0 7.0 7.0 3.3 3.4 3.4 2.7 2.7 7.9 7.9 7.9 8.0 8.0 09/09/2002
0.1 0.1 0.1 0.1 0.1 0.1 1.1 1.1 1.1 1.1 1.0 1.0 0.1 0.1 0.1 0.1 0.1 0.1 1.1 1.1 1.1 1.0 1.0 0.0 0.1 0.1 0.1 0.1 10/09/2002
0.0 0.1 0.1 0.1 0.1 0.1 0.0 0.0 0.0 0.0 0.4 0.4 0.0 0.0 0.1 0.1 0.1 0.1 0.0 0.0 0.0 0.3 0.3 0.3 0.0 0.0 0.0 0.0 11/09/2002
0.1 0.2 0.2 0.2 0.2 0.2 0.0 0.0 0.0 0.0 0.1 0.1 0.1 0.1 0.2 0.2 0.2 0.2 0.0 0.0 0.0 0.1 0.1 0.0 0.1 0.1 0.1 0.1 12/09/2002
0.1 0.1 0.1 0.1 0.1 0.1 0.0 0.0 0.0 0.0 0.1 0.1 0.1 0.1 0.1 0.1 0.1 0.1 0.0 0.0 0.0 0.1 0.1 0.0 0.1 0.1 0.1 0.1 13/09/2002
0.0 0.0 0.0 0.0 0.0 0.0 0.0 0.0 0.0 0.0 0.1 0.1 0.0 0.0 0.0 0.0 0.0 0.0 0.0 0.0 0.0 0.1 0.1 0.0 0.0 0.0 0.0 0.0 14/09/2002
0.2 0.7 0.7 0.7 0.7 0.7 0.0 0.0 0.0 0.0 0.1 0.1 0.2 0.2 0.7 0.7 0.7 0.7 0.0 0.0 0.0 0.1 0.1 0.0 0.2 0.2 0.2 0.2 15/09/2002
0.0 0.1 0.1 0.1 0.1 0.1 0.0 0.0 0.0 0.0 0.0 0.0 0.0 0.0 0.1 0.1 0.1 0.1 0.0 0.0 0.0 0.0 0.0 0.0 0.0 0.0 0.0 0.0 16/09/2002
0.0 0.0 0.0 0.0 0.0 0.0 0.0 0.0 0.0 0.0 0.2 0.2 0.0 0.0 0.0 0.0 0.0 0.0 0.0 0.0 0.0 0.2 0.2 0.0 0.0 0.0 0.0 0.0 17/09/2002
0.0 0.0 0.0 0.0 0.0 0.0 0.0 0.0 0.0 0.0 0.0 0.0 0.0 0.0 0.0 0.0 0.0 0.0 0.0 0.0 0.0 0.0 0.0 0.1 0.0 0.0 0.0 0.0 18/09/2002
0.2 0.4 0.4 0.4 0.4 0.4 0.0 0.0 0.0 0.0 0.1 0.1 0.2 0.2 0.4 0.4 0.4 0.4 0.0 0.0 0.0 0.1 0.1 0.0 0.2 0.2 0.2 0.2 19/09/2002
0.0 0.0 0.0 0.0 0.0 0.0 0.0 0.0 0.0 0.0 0.1 0.1 0.0 0.0 0.0 0.0 0.0 0.0 0.0 0.0 0.0 0.1 0.1 0.0 0.0 0.0 0.0 0.0 20/09/2002
0.0 0.0 0.0 0.0 0.0 0.0 0.0 0.0 0.0 0.0 0.2 0.2 0.0 0.0 0.0 0.0 0.0 0.0 0.0 0.0 0.0 0.2 0.2 0.0 0.0 0.0 0.0 0.0 21/09/2002
6.2 2.5 2.6 2.5 2.6 2.6 5.8 5.9 5.9 6.0 4.4 4.4 6.3 6.3 2.6 2.6 2.6 2.6 5.7 5.8 5.8 4.3 4.3 0.5 6.2 6.2 6.3 6.3 22/09/2002
1.3 0.1 0.1 0.1 0.1 0.1 0.0 0.0 0.0 0.0 0.1 0.1 1.3 1.3 0.1 0.1 0.1 0.1 0.0 0.0 0.0 0.1 0.1 1.2 1.3 1.3 1.3 1.3 23/09/2002
0.0 0.0 0.0 0.0 0.0 0.0 0.1 0.1 0.1 0.1 0.0 0.0 0.0 0.0 0.0 0.0 0.0 0.0 0.1 0.1 0.1 0.0 0.0 0.0 0.0 0.0 0.0 0.0 24/09/2002
0.0 0.0 0.0 0.0 0.0 0.0 7.7 7.7 7.8 7.9 6.7 6.7 0.0 0.0 0.0 0.0 0.0 0.0 7.6 7.7 7.7 6.5 6.5 0.0 0.0 0.0 0.0 0.0 25/09/2002
0.5 2.6 2.6 2.6 2.6 2.6 3.3 3.3 3.3 3.4 3.6 3.6 0.5 0.5 2.6 2.6 2.6 2.6 3.2 3.3 3.3 3.5 3.5 0.2 0.5 0.5 0.5 0.5 26/09/2002
0.0 0.2 0.2 0.2 0.2 0.2 0.1 0.1 0.1 0.1 0.1 0.1 0.0 0.0 0.2 0.2 0.2 0.2 0.1 0.1 0.1 0.1 0.1 0.0 0.0 0.0 0.0 0.0 27/09/2002
0.0 0.2 0.2 0.2 0.2 0.2 0.0 0.0 0.0 0.0 0.2 0.2 0.0 0.0 0.2 0.2 0.2 0.2 0.0 0.0 0.0 0.2 0.2 0.0 0.0 0.0 0.0 0.0 28/09/2002
0.0 0.0 0.0 0.0 0.0 0.0 0.0 0.0 0.0 0.0 0.1 0.1 0.0 0.0 0.0 0.0 0.0 0.0 0.0 0.0 0.0 0.1 0.1 0.0 0.0 0.0 0.0 0.0 29/09/2002
0.0 0.0 0.0 0.0 0.0 0.0 0.0 0.0 0.0 0.0 0.1 0.1 0.0 0.0 0.0 0.0 0.0 0.0 0.0 0.0 0.0 0.1 0.1 0.0 0.0 0.0 0.0 0.0 30/09/2002
5.2 1.8 1.8 1.8 1.8 1.8 0.0 0.0 0.0 0.0 0.2 0.2 5.2 5.2 1.8 1.8 1.8 1.8 0.0 0.0 0.0 0.2 0.2 5.0 5.2 5.2 5.2 5.3 01/10/2002
0.2 0.6 0.6 0.6 0.6 0.6 0.0 0.0 0.0 0.0 0.2 0.2 0.2 0.2 0.6 0.6 0.6 0.6 0.0 0.0 0.0 0.2 0.2 0.0 0.2 0.2 0.2 0.2 02/10/2002
2.2 3.1 3.1 3.1 3.1 3.1 5.3 5.3 5.4 5.4 4.1 4.1 2.3 2.3 3.1 3.1 3.1 3.1 5.2 5.3 5.3 4.1 4.0 4.2 2.3 2.3 2.3 2.3 03/10/2002
0.2 0.2 0.2 0.2 0.2 0.2 0.1 0.1 0.1 0.1 0.3 0.3 0.2 0.2 0.2 0.2 0.2 0.2 0.1 0.1 0.1 0.3 0.3 0.1 0.2 0.2 0.2 0.2 04/10/2002
0.1 1.8 1.8 1.8 1.8 1.8 6.1 6.2 6.2 6.3 9.7 9.7 0.1 0.1 1.8 1.8 1.8 1.8 6.0 6.1 6.1 9.5 9.4 0.0 0.1 0.1 0.1 0.1 05/10/2002
0.4 1.3 1.3 1.3 1.3 1.3 0.1 0.1 0.1 0.1 0.4 0.4 0.4 0.4 1.3 1.3 1.3 1.3 0.1 0.1 0.1 0.3 0.3 0.0 0.4 0.4 0.4 0.4 06/10/2002
0.1 0.2 0.2 0.2 0.2 0.2 0.0 0.0 0.0 0.0 0.2 0.2 0.1 0.1 0.2 0.2 0.2 0.2 0.0 0.0 0.0 0.2 0.2 0.0 0.1 0.1 0.1 0.1 07/10/2002
0.0 0.1 0.1 0.1 0.1 0.1 0.0 0.0 0.0 0.0 0.2 0.2 0.0 0.0 0.1 0.1 0.1 0.1 0.0 0.0 0.0 0.2 0.2 0.0 0.0 0.0 0.0 0.0 08/10/2002
0.0 0.0 0.0 0.0 0.0 0.0 0.0 0.0 0.0 0.0 0.1 0.1 0.0 0.0 0.0 0.0 0.0 0.0 0.0 0.0 0.0 0.1 0.1 0.0 0.0 0.0 0.0 0.0 09/10/2002
0.0 0.0 0.0 0.0 0.0 0.0 0.0 0.0 0.0 0.0 0.1 0.1 0.0 0.0 0.0 0.0 0.0 0.0 0.0 0.0 0.0 0.1 0.1 0.0 0.0 0.0 0.0 0.0 10/10/2002
1.3 0.7 0.7 0.7 0.7 0.7 0.0 0.0 0.0 0.0 0.0 0.0 1.3 1.3 0.7 0.7 0.7 0.7 0.0 0.0 0.0 0.0 0.0 1.0 1.3 1.3 1.3 1.3 11/10/2002
0.9 0.4 0.4 0.4 0.4 0.4 1.2 1.2 1.2 1.2 0.7 0.7 0.9 0.9 0.4 0.4 0.4 0.4 1.2 1.2 1.2 0.6 0.6 1.0 0.9 0.9 0.9 0.9 12/10/2002
3.4 2.1 2.1 2.1 2.1 2.2 0.1 0.1 0.1 0.1 0.3 0.3 3.5 3.5 2.2 2.2 2.2 2.2 0.1 0.1 0.1 0.3 0.3 4.5 3.4 3.4 3.5 3.5 13/10/2002
1.4 1.3 1.3 1.3 1.3 1.3 0.2 0.2 0.2 0.2 0.2 0.2 1.4 1.4 1.3 1.3 1.3 1.3 0.2 0.2 0.2 0.2 0.2 1.1 1.4 1.4 1.4 1.5 14/10/2002
1.4 0.2 0.2 0.2 0.2 0.2 0.2 0.2 0.2 0.2 1.4 1.4 1.4 1.4 0.2 0.2 0.2 0.2 0.2 0.2 0.2 1.4 1.4 3.7 1.4 1.4 1.4 1.4 15/10/2002
9.6 8.7 8.8 8.7 8.7 8.8 17.2 17.4 17.6 17.7 25.2 25.3 9.7 9.7 8.8 8.8 8.8 8.8 16.9 17.2 17.3 24.7 24.5 13.7 9.6 9.6 9.7 9.8 16/10/2002
10.1 4.8 4.8 4.8 4.8 4.8 1.2 1.2 1.2 1.3 1.8 1.8 10.2 10.2 4.9 4.9 4.9 4.9 1.2 1.2 1.2 1.8 1.8 12.7 10.2 10.2 10.2 10.3 17/10/2002
7.4 10.8 10.9 10.8 10.8 10.9 3.2 3.2 3.3 3.3 5.2 5.3 7.5 7.5 11.0 11.0 11.0 11.0 3.1 3.2 3.2 5.1 5.1 4.5 7.5 7.5 7.5 7.5 18/10/2002
0.0 0.1 0.1 0.1 0.1 0.1 0.0 0.0 0.0 0.0 0.1 0.1 0.0 0.0 0.1 0.1 0.1 0.1 0.0 0.0 0.0 0.1 0.1 0.0 0.0 0.0 0.0 0.0 19/10/2002
4.5 3.1 3.1 3.1 3.1 3.1 2.7 2.7 2.7 2.7 2.4 2.4 4.5 4.5 3.1 3.1 3.1 3.1 2.6 2.7 2.7 2.4 2.4 1.2 4.5 4.5 4.6 4.6 20/10/2002
6.8 6.5 6.5 6.5 6.5 6.5 3.1 3.2 3.2 3.2 3.1 3.1 6.9 6.9 6.6 6.6 6.6 6.6 3.1 3.1 3.1 3.1 3.0 3.5 6.8 6.8 6.9 6.9 21/10/2002
21.0 11.2 11.3 11.2 11.2 11.3 10.1 10.2 10.4 10.5 17.0 17.1 21.3 21.3 11.4 11.4 11.4 11.4 10.0 10.1 10.2 16.7 16.5 14.9 21.1 21.1 21.3 21.4 22/10/2002
9.2 11.8 11.9 11.8 11.8 11.9 4.5 4.6 4.6 4.7 5.6 5.6 9.3 9.3 12.0 12.0 12.0 12.0 4.4 4.5 4.6 5.5 5.4 7.3 9.2 9.2 9.3 9.3 23/10/2002
2.0 2.3 2.3 2.3 2.3 2.3 3.5 3.6 3.6 3.6 6.1 6.1 2.0 2.0 2.3 2.3 2.3 2.3 3.5 3.5 3.5 5.9 5.9 1.2 2.0 2.0 2.0 2.1 24/10/2002
8.4 12.2 12.3 12.2 12.3 12.3 20.6 20.9 21.2 21.4 21.8 21.9 8.5 8.5 12.4 12.4 12.4 12.4 20.3 20.7 20.8 21.4 21.2 7.1 8.4 8.4 8.5 8.5 25/10/2002
9.1 10.5 10.6 10.5 10.5 10.6 11.1 11.3 11.4 11.5 12.6 12.6 9.2 9.2 10.7 10.7 10.7 10.7 11.0 11.2 11.2 12.3 12.2 6.4 9.2 9.2 9.2 9.3 26/10/2002
4.2 5.3 5.3 5.3 5.3 5.3 1.4 1.5 1.5 1.5 1.5 1.5 4.3 4.3 5.3 5.3 5.3 5.3 1.4 1.5 1.5 1.5 1.5 1.4 4.3 4.3 4.3 4.3 27/10/2002
0.2 0.9 0.9 0.9 0.9 0.9 0.0 0.0 0.0 0.0 0.2 0.2 0.2 0.2 0.9 0.9 0.9 0.9 0.0 0.0 0.0 0.2 0.2 0.1 0.2 0.2 0.2 0.2 28/10/2002
0.0 0.1 0.1 0.1 0.1 0.1 0.5 0.5 0.5 0.5 0.2 0.2 0.0 0.0 0.1 0.1 0.1 0.1 0.5 0.5 0.5 0.2 0.2 0.0 0.0 0.0 0.0 0.0 29/10/2002
0.0 0.3 0.3 0.3 0.3 0.3 0.1 0.1 0.1 0.1 0.3 0.3 0.0 0.0 0.3 0.3 0.3 0.3 0.1 0.1 0.1 0.3 0.3 0.0 0.0 0.0 0.0 0.0 30/10/2002
0.1 0.3 0.3 0.3 0.3 0.3 0.1 0.1 0.1 0.1 0.1 0.1 0.1 0.1 0.3 0.3 0.3 0.3 0.1 0.1 0.1 0.1 0.1 0.0 0.1 0.1 0.1 0.1 31/10/2002
9.0 7.1 7.2 7.1 7.2 7.2 10.7 10.8 10.9 11.0 12.8 12.8 9.1 9.1 7.3 7.2 7.2 7.3 10.6 10.7 10.8 12.5 12.4 8.1 9.1 9.1 9.1 9.2 01/11/2002
14.9 13.3 13.4 13.3 13.3 13.4 21.5 21.8 22.1 22.3 28.9 29.0 15.1 15.1 13.5 13.5 13.5 13.5 21.2 21.6 21.7 28.3 28.1 18.2 15.0 15.0 15.1 15.2 02/11/2002
8.0 20.9 21.0 20.9 20.9 21.0 10.0 10.1 10.2 10.3 8.1 8.1 8.1 8.1 21.2 21.2 21.2 21.2 9.8 10.0 10.0 7.9 7.8 8.0 8.1 8.1 8.1 8.2 03/11/2002
1.1 0.4 0.4 0.4 0.4 0.4 2.4 2.4 2.4 2.4 1.5 1.5 1.1 1.1 0.4 0.4 0.4 0.4 2.3 2.4 2.4 1.5 1.5 0.2 1.1 1.1 1.1 1.1 04/11/2002
0.1 0.2 0.2 0.2 0.2 0.2 0.0 0.0 0.0 0.0 0.2 0.2 0.1 0.1 0.2 0.2 0.2 0.2 0.0 0.0 0.0 0.2 0.2 0.1 0.1 0.1 0.1 0.1 05/11/2002
25.5 22.1 22.2 22.1 22.1 22.2 10.8 11.0 11.1 11.2 10.0 10.0 25.8 25.8 22.4 22.4 22.4 22.4 10.7 10.9 10.9 9.8 9.7 24.3 25.7 25.7 25.8 26.0 06/11/2002
3.5 2.8 2.8 2.8 2.8 2.8 3.0 3.1 3.2 3.2 3.6 3.6 3.5 3.5 2.8 2.8 2.8 2.8 3.0 3.1 3.1 3.5 3.4 1.0 3.5 3.5 3.6 3.6 07/11/2002
19.0 19.3 19.5 19.4 19.4 19.5 28.2 28.5 28.9 29.2 29.6 29.7 19.2 19.2 19.7 19.6 19.6 19.7 27.7 28.2 28.4 29.0 28.8 14.4 19.1 19.1 19.3 19.3 08/11/2002
9.2 10.9 10.9 10.9 10.9 10.9 2.5 2.5 2.6 2.6 1.7 1.7 9.4 9.4 11.1 11.0 11.0 11.0 2.5 2.5 2.5 1.7 1.7 8.8 9.3 9.3 9.4 9.4 09/11/2002
18.7 24.7 24.8 24.7 24.7 24.8 35.4 35.9 36.3 36.7 32.0 32.1 18.9 18.9 25.0 25.0 25.0 25.0 34.9 35.5 35.7 31.3 31.1 21.3 18.8 18.8 18.9 19.0 10/11/2002
0.7 1.9 1.9 1.9 1.9 1.9 1.4 1.5 1.5 1.5 1.1 1.1 0.7 0.7 1.9 1.9 1.9 1.9 1.4 1.4 1.4 1.0 1.0 0.2 0.7 0.7 0.7 0.7 11/11/2002
7.8 9.9 10.0 9.9 9.9 10.0 4.1 4.1 4.2 4.2 2.4 2.4 7.9 7.9 10.1 10.0 10.0 10.1 4.0 4.1 4.1 2.3 2.3 5.1 7.8 7.8 7.9 7.9 12/11/2002
1.9 1.8 1.8 1.8 1.8 1.8 2.4 2.4 2.4 2.4 3.6 3.6 1.9 1.9 1.8 1.8 1.8 1.8 2.3 2.4 2.4 3.5 3.5 2.7 1.9 1.9 1.9 1.9 13/11/2002
0.2 0.2 0.2 0.2 0.2 0.2 0.2 0.2 0.2 0.2 0.2 0.2 0.2 0.2 0.2 0.2 0.2 0.2 0.2 0.2 0.2 0.2 0.2 0.0 0.2 0.2 0.2 0.2 14/11/2002
0.1 0.2 0.2 0.2 0.2 0.2 1.1 1.1 1.1 1.1 1.5 1.5 0.1 0.1 0.2 0.2 0.2 0.2 1.1 1.1 1.1 1.4 1.4 0.0 0.1 0.1 0.1 0.1 15/11/2002
1.6 1.1 1.1 1.1 1.1 1.1 3.8 3.8 3.9 3.9 6.7 6.8 1.6 1.6 1.1 1.1 1.1 1.1 3.7 3.8 3.8 6.6 6.5 0.5 1.6 1.6 1.6 1.6 16/11/2002
0.6 0.2 0.2 0.2 0.2 0.2 0.5 0.5 0.5 0.5 4.0 4.0 0.6 0.6 0.2 0.2 0.2 0.2 0.5 0.5 0.5 3.9 3.9 0.0 0.6 0.6 0.6 0.6 17/11/2002
0.2 0.1 0.1 0.1 0.1 0.1 0.0 0.0 0.0 0.0 0.0 0.0 0.2 0.2 0.1 0.1 0.1 0.1 0.0 0.0 0.0 0.0 0.0 0.1 0.2 0.2 0.2 0.2 18/11/2002
0.2 0.0 0.0 0.0 0.0 0.0 0.0 0.0 0.0 0.0 0.0 0.0 0.2 0.2 0.0 0.0 0.0 0.0 0.0 0.0 0.0 0.0 0.0 0.0 0.2 0.2 0.2 0.2 19/11/2002
2.1 2.6 2.6 2.6 2.6 2.6 2.4 2.4 2.4 2.5 1.3 1.3 2.1 2.1 2.6 2.6 2.6 2.6 2.4 2.4 2.4 1.3 1.3 0.5 2.1 2.1 2.1 2.1 20/11/2002
2.4 2.0 2.1 2.0 2.0 2.1 0.6 0.6 0.7 0.7 1.2 1.2 2.4 2.4 2.1 2.1 2.1 2.1 0.6 0.6 0.6 1.1 1.1 2.5 2.4 2.4 2.4 2.4 21/11/2002
0.6 0.7 0.7 0.7 0.7 0.7 0.2 0.2 0.2 0.2 0.1 0.1 0.6 0.6 0.7 0.7 0.7 0.7 0.2 0.2 0.2 0.1 0.1 0.1 0.6 0.6 0.6 0.6 22/11/2002
1.3 1.1 1.1 1.1 1.1 1.1 2.1 2.2 2.2 2.2 2.8 2.8 1.3 1.3 1.1 1.1 1.1 1.1 2.1 2.1 2.2 2.7 2.7 2.1 1.3 1.3 1.3 1.3 23/11/2002
1.2 0.9 0.9 0.9 0.9 0.9 1.2 1.2 1.2 1.2 2.0 2.0 1.2 1.2 0.9 0.9 0.9 0.9 1.2 1.2 1.2 2.0 2.0 1.6 1.2 1.2 1.2 1.2 24/11/2002
0.4 2.5 2.5 2.5 2.5 2.5 3.2 3.2 3.3 3.3 3.2 3.2 0.4 0.4 2.5 2.5 2.5 2.5 3.1 3.2 3.2 3.1 3.1 0.1 0.4 0.4 0.4 0.4 25/11/2002
0.1 0.7 0.7 0.7 0.7 0.7 0.0 0.0 0.0 0.0 0.1 0.1 0.1 0.1 0.7 0.7 0.7 0.7 0.0 0.0 0.0 0.1 0.1 0.0 0.1 0.1 0.1 0.1 26/11/2002
2.0 3.4 3.4 3.4 3.4 3.4 0.0 0.0 0.0 0.0 0.1 0.1 2.1 2.1 3.5 3.5 3.5 3.5 0.0 0.0 0.0 0.1 0.1 1.2 2.1 2.1 2.1 2.1 27/11/2002
0.8 1.2 1.2 1.2 1.2 1.2 1.1 1.1 1.1 1.1 0.6 0.6 0.8 0.8 1.2 1.2 1.2 1.2 1.0 1.1 1.1 0.6 0.6 0.6 0.8 0.8 0.8 0.8 28/11/2002
0.1 0.7 0.7 0.7 0.7 0.7 0.2 0.2 0.2 0.2 0.5 0.5 0.1 0.1 0.7 0.7 0.7 0.7 0.1 0.2 0.2 0.5 0.5 0.6 0.1 0.1 0.1 0.1 29/11/2002
4.8 2.2 2.2 2.2 2.2 2.2 0.1 0.1 0.1 0.1 0.3 0.3 4.8 4.8 2.2 2.2 2.2 2.2 0.1 0.1 0.1 0.3 0.3 2.6 4.8 4.8 4.8 4.8 30/11/2002
17.9 19.2 19.3 19.2 19.2 19.3 9.7 9.9 10.0 10.1 10.9 10.9 18.2 18.2 19.5 19.4 19.4 19.5 9.6 9.8 9.8 10.7 10.6 12.8 18.0 18.0 18.2 18.3 01/12/2002
15.3 12.2 12.3 12.2 12.2 12.3 8.9 9.0 9.1 9.2 9.8 9.8 15.5 15.5 12.4 12.4 12.4 12.4 8.8 8.9 9.0 9.6 9.6 16.3 15.4 15.4 15.5 15.5 02/12/2002
3.7 1.0 1.0 1.0 1.0 1.0 0.3 0.3 0.3 0.3 0.2 0.2 3.8 3.8 1.0 1.0 1.0 1.0 0.3 0.3 0.3 0.2 0.2 4.2 3.8 3.8 3.8 3.8 03/12/2002
4.1 4.0 4.0 4.0 4.0 4.0 8.3 8.4 8.5 8.5 5.7 5.7 4.2 4.2 4.0 4.0 4.0 4.0 8.1 8.3 8.3 5.6 5.6 5.3 4.1 4.1 4.2 4.2 04/12/2002
0.8 0.5 0.5 0.5 0.5 0.5 0.0 0.0 0.0 0.0 0.0 0.0 0.8 0.8 0.5 0.5 0.5 0.5 0.0 0.0 0.0 0.0 0.0 0.1 0.8 0.8 0.8 0.8 05/12/2002
0.3 0.1 0.1 0.1 0.1 0.1 0.0 0.0 0.0 0.0 0.0 0.0 0.3 0.3 0.1 0.1 0.1 0.1 0.0 0.0 0.0 0.0 0.0 0.0 0.3 0.3 0.3 0.3 06/12/2002
0.1 0.2 0.2 0.2 0.2 0.2 0.0 0.0 0.0 0.0 0.0 0.0 0.1 0.1 0.2 0.2 0.2 0.2 0.0 0.0 0.0 0.0 0.0 0.0 0.1 0.1 0.1 0.1 07/12/2002
0.1 0.0 0.0 0.0 0.0 0.0 0.0 0.0 0.0 0.0 0.0 0.0 0.2 0.2 0.0 0.0 0.0 0.0 0.0 0.0 0.0 0.0 0.0 0.0 0.2 0.2 0.2 0.2 08/12/2002
0.0 0.0 0.0 0.0 0.0 0.0 0.0 0.0 0.0 0.0 0.0 0.0 0.0 0.0 0.0 0.0 0.0 0.0 0.0 0.0 0.0 0.0 0.0 0.0 0.0 0.0 0.0 0.0 09/12/2002
0.2 0.2 0.2 0.2 0.2 0.2 0.0 0.0 0.0 0.0 0.0 0.0 0.2 0.2 0.2 0.2 0.2 0.2 0.0 0.0 0.0 0.0 0.0 0.3 0.2 0.2 0.2 0.2 10/12/2002
0.7 0.5 0.4 0.5 0.5 0.4 0.0 0.0 0.0 0.0 0.1 0.1 0.7 0.7 0.5 0.4 0.4 0.5 0.0 0.0 0.0 0.2 0.2 0.6 0.7 0.7 0.7 0.7 11/12/2002
0.2 0.5 0.5 0.5 0.5 0.5 0.4 0.4 0.5 0.4 0.1 0.2 0.2 0.2 0.5 0.5 0.5 0.5 0.4 0.4 0.4 0.2 0.2 0.2 0.2 0.2 0.2 0.2 12/12/2002
0.1 0.1 0.1 0.1 0.1 0.1 2.8 2.8 2.8 2.8 2.1 2.1 0.1 0.1 0.1 0.1 0.1 0.1 2.8 2.8 2.8 2.1 2.1 0.2 0.1 0.1 0.1 0.1 13/12/2002
10.9 6.0 6.1 6.0 6.0 6.1 0.9 0.9 0.9 0.9 0.6 0.6 11.0 11.0 6.1 6.1 6.1 6.1 0.9 0.9 0.9 0.6 0.6 8.0 10.9 10.9 11.0 11.1 14/12/2002
13.3 12.8 12.9 12.8 12.8 12.9 11.9 12.1 12.2 12.4 8.3 8.3 13.5 13.5 13.0 13.0 13.0 13.0 11.8 12.0 12.0 8.1 8.0 9.2 13.4 13.4 13.5 13.5 15/12/2002
0.2 0.2 0.2 0.2 0.2 0.2 0.4 0.4 0.4 0.4 0.3 0.3 0.2 0.2 0.2 0.2 0.2 0.2 0.4 0.4 0.4 0.3 0.2 0.7 0.2 0.2 0.2 0.2 16/12/2002
0.2 0.1 0.1 0.1 0.1 0.1 0.0 0.0 0.0 0.0 0.0 0.0 0.2 0.2 0.1 0.1 0.1 0.1 0.0 0.0 0.0 0.0 0.0 0.1 0.2 0.2 0.2 0.2 17/12/2002
0.1 0.0 0.0 0.0 0.0 0.0 0.0 0.0 0.0 0.0 0.0 0.0 0.2 0.2 0.0 0.0 0.0 0.0 0.0 0.0 0.0 0.0 0.0 0.0 0.1 0.1 0.2 0.2 18/12/2002
0.2 2.5 2.5 2.5 2.5 2.5 0.2 0.2 0.2 0.1 0.0 0.0 0.2 0.2 2.6 2.6 2.5 2.6 0.1 0.2 0.2 0.0 0.0 0.0 0.2 0.2 0.2 0.2 19/12/2002
11.1 13.1 13.2 13.1 13.1 13.2 14.0 14.2 14.4 14.5 15.6 15.7 11.3 11.3 13.3 13.3 13.3 13.3 13.8 14.1 14.1 15.3 15.2 11.2 11.2 11.2 11.3 11.3 20/12/2002
31.3 18.3 18.4 18.3 18.3 18.4 14.6 14.8 15.0 15.1 14.9 15.0 31.7 31.7 18.6 18.5 18.5 18.6 14.4 14.6 14.7 14.6 14.5 27.5 31.5 31.5 31.7 31.9 21/12/2002
1.2 1.5 1.5 1.5 1.5 1.5 7.1 7.2 7.3 7.3 12.4 12.5 1.2 1.2 1.5 1.5 1.5 1.5 7.0 7.1 7.1 12.2 12.1 2.1 1.2 1.2 1.2 1.2 22/12/2002
3.4 1.9 1.9 1.9 1.9 1.9 0.4 0.4 0.4 0.4 0.3 0.3 3.4 3.4 1.9 1.9 1.9 1.9 0.4 0.4 0.4 0.3 0.3 1.9 3.4 3.4 3.4 3.4 23/12/2002
2.0 1.6 1.6 1.6 1.6 1.6 1.7 1.7 1.7 1.8 4.2 4.2 2.1 2.1 1.7 1.7 1.7 1.7 1.7 1.7 1.7 4.1 4.1 4.8 2.0 2.0 2.1 2.1 24/12/2002
5.3 4.8 4.8 4.8 4.8 4.8 5.4 5.4 5.5 5.5 2.8 2.8 5.4 5.4 4.9 4.8 4.8 4.9 5.3 5.4 5.4 2.8 2.7 3.1 5.3 5.3 5.4 5.4 25/12/2002
1.6 5.3 5.3 5.3 5.3 5.3 5.7 5.7 5.8 5.9 12.9 13.0 1.6 1.6 5.3 5.3 5.3 5.3 5.6 5.7 5.7 12.7 12.6 0.6 1.6 1.6 1.6 1.6 26/12/2002
5.5 8.1 8.2 8.1 8.1 8.2 6.6 6.7 6.8 6.8 7.6 7.6 5.6 5.6 8.2 8.2 8.2 8.2 6.5 6.6 6.6 7.4 7.4 3.6 5.6 5.6 5.6 5.6 27/12/2002
7.1 6.4 6.4 6.4 6.4 6.4 4.7 4.7 4.8 4.8 4.4 4.4 7.2 7.2 6.5 6.5 6.5 6.5 4.6 4.7 4.7 4.3 4.3 4.2 7.1 7.1 7.2 7.2 28/12/2002
4.9 6.5 6.6 6.5 6.5 6.6 14.1 14.3 14.5 14.6 15.2 15.3 5.0 5.0 6.6 6.6 6.6 6.6 13.9 14.2 14.3 14.9 14.8 4.2 4.9 4.9 5.0 5.0 29/12/2002
1.8 3.3 3.3 3.3 3.3 3.3 6.0 6.1 6.2 6.2 5.1 5.2 1.8 1.8 3.3 3.3 3.3 3.3 5.9 6.0 6.1 5.0 4.9 1.8 1.8 1.8 1.8 1.8 30/12/2002
7.1 6.5 6.6 6.5 6.5 6.6 1.1 1.1 1.1 1.1 1.1 1.1 7.1 7.1 6.7 6.6 6.6 6.7 1.1 1.1 1.1 1.1 1.1 6.0 7.1 7.1 7.1 7.2 31/12/2002
36.4 30.7 30.9 30.8 30.8 30.9 30.0 30.4 30.7 31.1 37.0 37.1 36.8 36.8 31.2 31.2 31.2 31.2 29.5 30.0 30.2 36.2 35.9 23.9 36.6 36.6 36.9 37.0 01/01/2003
6.7 11.5 11.6 11.6 11.6 11.6 24.6 24.9 25.2 25.5 32.0 32.1 6.8 6.8 11.7 11.7 11.7 11.7 24.3 24.7 24.8 31.4 31.1 7.7 6.7 6.7 6.8 6.8 02/01/2003
17.5 13.2 13.2 13.2 13.2 13.3 3.0 3.1 3.1 3.1 2.1 2.1 17.8 17.8 13.4 13.4 13.4 13.4 3.0 3.0 3.1 2.0 2.0 17.8 17.7 17.7 17.8 17.9 03/01/2003
5.7 5.5 5.5 5.5 5.5 5.5 6.1 6.3 6.3 6.4 5.6 5.5 5.8 5.8 5.6 5.6 5.6 5.6 6.1 6.1 6.2 5.4 5.4 4.7 5.8 5.8 5.9 5.9 04/01/2003
0.0 0.0 0.0 0.0 0.0 0.0 0.0 0.0 0.0 0.0 0.4 0.4 0.0 0.0 0.0 0.0 0.0 0.0 0.0 0.0 0.0 0.4 0.4 0.0 0.0 0.0 0.0 0.0 05/01/2003
0.0 0.0 0.0 0.0 0.0 0.0 0.0 0.0 0.0 0.0 0.2 0.2 0.0 0.0 0.0 0.0 0.0 0.0 0.0 0.0 0.0 0.2 0.2 0.0 0.0 0.0 0.0 0.0 06/01/2003
0.0 0.0 0.0 0.0 0.0 0.0 0.0 0.0 0.0 0.0 0.0 0.0 0.0 0.0 0.0 0.0 0.0 0.0 0.0 0.0 0.0 0.0 0.0 0.0 0.0 0.0 0.0 0.0 07/01/2003
0.0 0.0 0.0 0.0 0.0 0.0 0.0 0.0 0.0 0.0 0.0 0.0 0.0 0.0 0.0 0.0 0.0 0.0 0.0 0.0 0.0 0.0 0.0 0.0 0.0 0.0 0.0 0.0 08/01/2003
1.3 0.7 0.7 0.7 0.7 0.7 0.0 0.0 0.0 0.0 0.0 0.0 1.3 1.3 0.7 0.7 0.7 0.7 0.0 0.0 0.0 0.0 0.0 1.2 1.3 1.3 1.3 1.4 09/01/2003
1.8 3.0 2.9 3.0 2.9 2.9 0.0 0.0 0.0 0.0 0.0 0.0 1.8 1.8 3.0 3.0 3.0 3.0 0.0 0.0 0.0 0.0 0.0 1.2 1.8 1.8 1.8 1.8 10/01/2003
0.0 0.1 0.1 0.1 0.1 0.1 0.0 0.0 0.0 0.0 0.0 0.0 0.0 0.0 0.1 0.1 0.1 0.1 0.0 0.0 0.0 0.0 0.0 0.0 0.0 0.0 0.0 0.0 11/01/2003
0.6 0.4 0.4 0.4 0.4 0.4 0.2 0.2 0.2 0.2 0.0 0.0 0.7 0.7 0.5 0.4 0.4 0.4 0.2 0.2 0.2 0.0 0.0 0.1 0.7 0.7 0.6 0.6 12/01/2003
0.0 0.5 0.5 0.5 0.5 0.5 1.8 1.8 1.8 1.8 3.7 3.8 0.0 0.0 0.6 0.6 0.6 0.6 1.8 1.8 1.8 3.7 3.7 0.0 0.0 0.0 0.0 0.0 13/01/2003
0.0 0.0 0.0 0.0 0.0 0.0 0.7 0.7 0.7 0.7 0.7 0.7 0.0 0.0 0.0 0.0 0.0 0.0 0.7 0.7 0.7 0.7 0.7 0.0 0.0 0.0 0.0 0.0 14/01/2003
3.6 2.6 2.6 2.6 2.6 2.6 5.9 6.0 6.0 6.1 4.6 4.7 3.6 3.6 2.7 2.7 2.7 2.7 5.8 5.9 5.9 4.5 4.5 3.2 3.6 3.6 3.6 3.6 15/01/2003
0.1 0.1 0.1 0.1 0.1 0.1 0.2 0.2 0.2 0.2 0.2 0.2 0.1 0.1 0.1 0.1 0.1 0.1 0.2 0.2 0.2 0.2 0.2 0.0 0.1 0.1 0.1 0.1 16/01/2003
0.5 1.0 1.1 1.0 1.0 1.1 0.5 0.5 0.5 0.6 0.4 0.4 0.5 0.5 1.1 1.1 1.1 1.1 0.5 0.5 0.5 0.3 0.3 0.8 0.5 0.5 0.5 0.5 17/01/2003
6.1 3.2 3.2 3.2 3.2 3.2 0.1 0.1 0.1 0.1 0.1 0.1 6.2 6.2 3.2 3.2 3.2 3.2 0.1 0.1 0.1 0.1 0.1 7.8 6.1 6.1 6.2 6.2 18/01/2003
5.6 3.9 4.0 3.9 3.9 4.0 2.8 2.9 2.9 2.9 5.1 5.1 5.7 5.7 4.0 4.0 4.0 4.0 2.8 2.8 2.9 5.0 5.0 6.4 5.7 5.7 5.7 5.7 19/01/2003
5.4 7.0 7.1 7.0 7.0 7.1 11.1 11.2 11.3 11.4 11.2 11.2 5.5 5.5 7.1 7.1 7.1 7.1 10.9 11.1 11.2 11.0 10.9 3.4 5.4 5.4 5.5 5.5 20/01/2003
3.5 3.8 3.8 3.8 3.8 3.8 7.0 7.1 7.2 7.3 4.4 4.4 3.6 3.6 3.8 3.8 3.8 3.8 6.9 7.0 7.1 4.3 4.3 3.1 3.6 3.6 3.6 3.6 21/01/2003
2.1 4.4 4.4 4.4 4.4 4.5 4.3 4.3 4.4 4.4 7.5 7.5 2.1 2.1 4.5 4.5 4.5 4.5 4.2 4.3 4.3 7.3 7.3 0.2 2.1 2.1 2.1 2.1 22/01/2003
0.0 0.1 0.1 0.1 0.1 0.1 2.6 2.6 2.7 2.7 1.3 1.3 0.0 0.0 0.1 0.1 0.1 0.1 2.6 2.6 2.6 1.3 1.3 0.0 0.0 0.0 0.0 0.0 23/01/2003
0.1 0.2 0.2 0.2 0.2 0.2 0.1 0.1 0.1 0.1 0.0 0.0 0.1 0.1 0.2 0.2 0.2 0.2 0.1 0.2 0.2 0.0 0.0 0.6 0.1 0.1 0.2 0.2 24/01/2003
1.1 1.1 1.1 1.1 1.1 1.1 1.1 1.1 1.1 1.1 1.3 1.3 1.1 1.1 1.1 1.1 1.1 1.1 1.1 1.1 1.1 1.3 1.3 0.3 1.1 1.1 1.1 1.1 25/01/2003
1.2 4.1 4.1 4.1 4.1 4.1 7.0 7.1 7.1 7.2 8.4 8.4 1.2 1.2 4.1 4.1 4.1 4.1 6.9 7.0 7.0 8.2 8.2 0.7 1.2 1.2 1.2 1.2 26/01/2003
1.2 2.3 2.3 2.3 2.3 2.3 2.5 2.5 2.5 2.5 2.9 3.0 1.2 1.2 2.3 2.3 2.3 2.3 2.4 2.5 2.5 2.9 2.8 0.7 1.2 1.2 1.2 1.2 27/01/2003
6.5 6.1 6.1 6.1 6.1 6.1 6.3 6.4 6.5 6.5 7.6 7.6 6.6 6.6 6.2 6.2 6.2 6.2 6.2 6.3 6.4 7.5 7.4 3.4 6.6 6.6 6.6 6.6 28/01/2003
1.3 0.6 0.6 0.6 0.6 0.6 10.6 10.7 10.8 10.9 9.3 9.3 1.3 1.3 0.6 0.6 0.6 0.6 10.4 10.6 10.7 9.2 9.1 0.7 1.3 1.3 1.3 1.3 29/01/2003
7.5 10.2 10.2 10.2 10.2 10.3 2.4 2.4 2.5 2.5 2.5 2.5 7.7 7.7 10.3 10.3 10.4 10.3 2.4 2.4 2.4 2.4 2.4 4.1 7.6 7.6 7.6 7.7 30/01/2003
2.2 1.2 1.3 1.2 1.2 1.3 1.2 1.2 1.2 1.2 0.6 0.6 2.3 2.3 1.3 1.3 1.3 1.3 1.1 1.2 1.2 0.6 0.6 2.7 2.2 2.2 2.3 2.3 31/01/2003
8.3 8.9 9.0 8.9 8.9 8.9 6.3 6.4 6.5 6.6 2.2 2.2 8.3 8.3 9.0 9.0 9.0 9.0 6.2 6.3 6.4 2.2 2.2 9.4 8.3 8.3 8.4 8.4 01/02/2003
3.3 4.8 4.8 4.8 4.8 4.8 8.0 8.2 8.3 8.3 8.3 8.3 3.3 3.3 4.9 4.8 4.8 4.9 7.9 8.0 8.0 8.2 8.1 3.3 3.3 3.3 3.3 3.3 02/02/2003
3.7 4.2 4.2 4.2 4.2 4.2 6.0 6.1 6.2 6.2 8.0 8.0 3.8 3.8 4.2 4.2 4.2 4.2 6.0 6.0 6.1 7.8 7.8 3.9 3.7 3.7 3.8 3.8 03/02/2003
1.3 1.4 1.3 1.4 1.4 1.3 1.0 1.0 1.0 1.0 1.3 1.3 1.3 1.3 1.4 1.4 1.4 1.4 1.0 1.0 1.1 1.3 1.2 1.2 1.3 1.3 1.3 1.3 04/02/2003
0.1 0.2 0.2 0.2 0.2 0.2 0.0 0.0 0.0 0.0 0.9 1.0 0.1 0.1 0.2 0.2 0.2 0.2 0.0 0.0 0.0 1.0 0.9 0.3 0.1 0.1 0.1 0.1 05/02/2003
1.7 1.7 1.7 1.7 1.7 1.7 2.9 2.9 2.9 3.0 1.4 1.4 1.7 1.7 1.7 1.7 1.7 1.7 2.8 2.8 2.9 1.3 1.4 2.3 1.7 1.7 1.7 1.7 06/02/2003
0.8 2.3 2.3 2.3 2.3 2.3 4.4 4.3 4.4 4.4 4.0 4.0 0.8 0.8 2.3 2.3 2.3 2.3 4.4 4.3 4.3 3.9 3.9 0.0 0.8 0.8 0.8 0.8 07/02/2003
1.2 1.2 1.2 1.2 1.2 1.2 0.0 0.0 0.0 0.0 0.3 0.3 1.3 1.3 1.3 1.3 1.3 1.3 0.0 0.0 0.0 0.3 0.3 1.5 1.2 1.2 1.3 1.3 08/02/2003
7.0 3.2 3.2 3.2 3.2 3.2 0.0 0.0 0.0 0.0 0.0 0.0 7.1 7.1 3.3 3.3 3.3 3.3 0.0 0.0 0.0 0.0 0.0 3.6 7.0 7.0 7.1 7.1 09/02/2003
0.0 0.2 0.2 0.2 0.2 0.2 0.0 0.0 0.0 0.0 0.0 0.0 0.0 0.0 0.2 0.2 0.2 0.2 0.0 0.0 0.0 0.0 0.0 0.0 0.0 0.0 0.0 0.0 10/02/2003
0.4 0.1 0.1 0.1 0.1 0.1 0.2 0.2 0.2 0.2 0.0 0.0 0.4 0.4 0.1 0.1 0.1 0.1 0.2 0.2 0.2 0.0 0.0 0.5 0.4 0.4 0.4 0.4 11/02/2003
0.0 0.0 0.0 0.0 0.0 0.0 0.0 0.0 0.0 0.0 0.0 0.0 0.0 0.0 0.0 0.0 0.0 0.0 0.0 0.0 0.0 0.0 0.0 0.0 0.0 0.0 0.0 0.0 12/02/2003
0.0 0.0 0.0 0.0 0.0 0.0 0.0 0.0 0.0 0.0 0.0 0.0 0.0 0.0 0.0 0.0 0.0 0.0 0.0 0.0 0.0 0.0 0.0 0.0 0.0 0.0 0.0 0.0 13/02/2003
0.0 0.0 0.0 0.0 0.0 0.0 0.0 0.0 0.0 0.0 0.0 0.0 0.0 0.0 0.0 0.0 0.0 0.0 0.0 0.0 0.0 0.0 0.0 0.0 0.0 0.0 0.0 0.0 14/02/2003
0.0 0.0 0.0 0.0 0.0 0.0 0.0 0.0 0.0 0.0 0.0 0.0 0.0 0.0 0.0 0.0 0.0 0.0 0.0 0.0 0.0 0.0 0.0 0.0 0.0 0.0 0.0 0.0 15/02/2003
0.0 0.0 0.0 0.0 0.0 0.0 0.0 0.0 0.0 0.0 0.0 0.0 0.0 0.0 0.0 0.0 0.0 0.0 0.0 0.0 0.0 0.0 0.0 0.0 0.0 0.0 0.0 0.0 16/02/2003
0.0 0.0 0.0 0.0 0.0 0.0 0.0 0.0 0.0 0.0 0.0 0.0 0.0 0.0 0.0 0.0 0.0 0.0 0.0 0.0 0.0 0.0 0.0 0.0 0.0 0.0 0.0 0.0 17/02/2003
0.0 0.0 0.0 0.0 0.0 0.0 0.0 0.0 0.0 0.0 0.0 0.0 0.0 0.0 0.0 0.0 0.0 0.0 0.0 0.0 0.0 0.0 0.0 0.0 0.0 0.0 0.0 0.0 18/02/2003
0.0 0.0 0.0 0.0 0.0 0.0 0.0 0.0 0.0 0.0 0.0 0.0 0.0 0.0 0.0 0.0 0.0 0.0 0.0 0.0 0.0 0.0 0.0 0.7 0.0 0.0 0.0 0.0 19/02/2003
0.0 0.0 0.0 0.0 0.0 0.0 0.0 0.0 0.0 0.0 0.0 0.0 0.0 0.0 0.0 0.0 0.0 0.0 0.0 0.0 0.0 0.0 0.0 0.0 0.0 0.0 0.0 0.0 20/02/2003
0.0 0.0 0.0 0.0 0.0 0.0 0.0 0.0 0.0 0.0 0.0 0.0 0.0 0.0 0.0 0.0 0.0 0.0 0.0 0.0 0.0 0.0 0.0 0.0 0.0 0.0 0.0 0.0 21/02/2003
0.3 0.2 0.2 0.2 0.2 0.2 0.0 0.0 0.0 0.0 0.0 0.0 0.3 0.3 0.2 0.2 0.2 0.2 0.0 0.0 0.0 0.0 0.0 0.3 0.3 0.3 0.3 0.3 22/02/2003
2.9 0.0 0.0 0.0 0.0 0.0 0.0 0.0 0.0 0.0 0.0 0.0 3.0 3.0 0.0 0.0 0.0 0.0 0.0 0.0 0.0 0.0 0.0 6.9 2.9 2.9 3.0 3.0 23/02/2003
0.0 0.0 0.0 0.0 0.0 0.0 0.0 0.0 0.0 0.0 0.0 0.0 0.0 0.0 0.0 0.0 0.0 0.0 0.0 0.0 0.0 0.0 0.0 0.0 0.0 0.0 0.0 0.0 24/02/2003
0.0 0.0 0.0 0.0 0.0 0.0 0.0 0.0 0.0 0.0 0.0 0.0 0.0 0.0 0.0 0.0 0.0 0.0 0.0 0.0 0.0 0.0 0.0 0.0 0.0 0.0 0.0 0.0 25/02/2003
0.0 0.0 0.0 0.0 0.0 0.0 0.0 0.0 0.0 0.0 0.0 0.0 0.0 0.0 0.0 0.0 0.0 0.0 0.0 0.0 0.0 0.0 0.0 0.0 0.0 0.0 0.0 0.0 26/02/2003
1.6 0.7 0.7 0.7 0.7 0.7 0.0 0.0 0.0 0.0 0.0 0.0 1.6 1.6 0.7 0.7 0.7 0.7 0.0 0.0 0.0 0.0 0.0 0.1 1.6 1.6 1.6 1.6 27/02/2003
9.8 7.5 7.6 7.5 7.6 7.6 5.4 5.5 5.6 5.6 5.9 5.9 9.9 9.9 7.7 7.6 7.6 7.7 5.4 5.4 5.5 5.7 5.7 7.4 9.9 9.9 9.9 10.0 28/02/2003
8.3 11.4 11.4 11.4 11.4 11.4 6.4 6.5 6.6 6.7 7.8 7.8 8.4 8.4 11.5 11.5 11.5 11.5 6.3 6.4 6.5 7.7 7.6 10.1 8.4 8.4 8.5 8.5 01/03/2003
3.3 3.7 3.7 3.7 3.7 3.7 11.1 11.2 11.4 11.5 9.0 9.1 3.3 3.3 3.7 3.7 3.7 3.7 10.9 11.1 11.2 8.9 8.8 2.8 3.3 3.3 3.3 3.3 02/03/2003
2.8 1.4 1.4 1.4 1.4 1.4 0.4 0.5 0.5 0.5 0.0 0.0 2.9 2.9 1.4 1.4 1.4 1.4 0.4 0.4 0.5 0.0 0.0 5.4 2.9 2.9 2.9 2.9 03/03/2003
2.0 1.1 1.1 1.1 1.1 1.1 1.2 1.2 1.3 1.3 0.8 0.8 2.0 2.0 1.1 1.1 1.1 1.1 1.2 1.2 1.2 0.8 0.7 0.7 2.0 2.0 2.0 2.1 04/03/2003
2.5 2.2 2.2 2.2 2.2 2.2 1.5 1.5 1.5 1.6 2.4 2.4 2.5 2.5 2.3 2.3 2.3 2.3 1.5 1.5 1.5 2.3 2.3 8.8 2.5 2.5 2.5 2.5 05/03/2003
0.1 0.3 0.3 0.3 0.3 0.3 2.0 2.0 2.0 2.1 2.6 2.6 0.1 0.1 0.3 0.3 0.3 0.3 2.0 2.0 2.0 2.5 2.5 0.0 0.1 0.1 0.1 0.1 06/03/2003
3.8 3.1 3.1 3.1 3.1 3.1 0.4 0.4 0.4 0.4 0.0 0.0 3.8 3.8 3.1 3.1 3.1 3.1 0.4 0.4 0.4 0.0 0.0 5.0 3.8 3.8 3.8 3.8 07/03/2003
0.0 0.0 0.0 0.0 0.0 0.0 0.0 0.0 0.0 0.0 0.0 0.0 0.0 0.0 0.0 0.0 0.0 0.0 0.0 0.0 0.0 0.0 0.0 0.0 0.0 0.0 0.0 0.0 08/03/2003
0.0 0.0 0.0 0.0 0.0 0.0 0.0 0.0 0.0 0.0 0.1 0.1 0.0 0.0 0.0 0.0 0.0 0.0 0.0 0.0 0.0 0.1 0.1 0.0 0.0 0.0 0.0 0.0 09/03/2003
2.5 1.8 1.8 1.8 1.8 1.8 0.9 0.9 0.9 0.9 0.4 0.4 2.6 2.6 1.8 1.8 1.8 1.8 0.9 0.9 0.9 0.4 0.4 1.3 2.5 2.5 2.6 2.6 10/03/2003
1.5 1.6 1.6 1.6 1.6 1.6 2.9 2.9 3.0 3.0 1.8 1.8 1.5 1.5 1.6 1.6 1.6 1.6 2.9 2.9 2.9 1.8 1.8 2.5 1.5 1.5 1.5 1.5 11/03/2003
0.1 0.2 0.2 0.2 0.2 0.2 0.1 0.1 0.1 0.1 0.0 0.0 0.1 0.1 0.2 0.2 0.2 0.2 0.1 0.1 0.1 0.0 0.0 0.0 0.1 0.1 0.1 0.1 12/03/2003
0.0 0.0 0.0 0.0 0.0 0.0 0.0 0.0 0.0 0.0 0.0 0.0 0.0 0.0 0.0 0.0 0.0 0.0 0.0 0.0 0.0 0.0 0.0 0.0 0.0 0.0 0.0 0.0 13/03/2003
0.0 0.0 0.0 0.0 0.0 0.0 0.0 0.0 0.0 0.0 0.0 0.0 0.0 0.0 0.0 0.0 0.0 0.0 0.0 0.0 0.0 0.0 0.0 0.0 0.0 0.0 0.0 0.0 14/03/2003
0.0 0.0 0.0 0.0 0.0 0.0 0.0 0.0 0.0 0.0 0.0 0.0 0.0 0.0 0.0 0.0 0.0 0.0 0.0 0.0 0.0 0.0 0.0 0.0 0.0 0.0 0.0 0.0 15/03/2003
0.0 0.0 0.0 0.0 0.0 0.0 0.0 0.0 0.0 0.0 0.0 0.0 0.0 0.0 0.0 0.0 0.0 0.0 0.0 0.0 0.0 0.0 0.0 0.0 0.0 0.0 0.0 0.0 16/03/2003
0.0 0.0 0.0 0.0 0.0 0.0 0.0 0.0 0.0 0.0 0.0 0.0 0.0 0.0 0.0 0.0 0.0 0.0 0.0 0.0 0.0 0.0 0.0 0.0 0.0 0.0 0.0 0.0 17/03/2003
0.0 0.0 0.0 0.0 0.0 0.0 0.0 0.0 0.0 0.0 0.0 0.0 0.0 0.0 0.0 0.0 0.0 0.0 0.0 0.0 0.0 0.0 0.0 0.0 0.0 0.0 0.0 0.0 18/03/2003
0.1 0.1 0.1 0.1 0.1 0.1 0.0 0.0 0.0 0.0 0.0 0.0 0.1 0.1 0.1 0.1 0.1 0.1 0.0 0.0 0.0 0.0 0.0 0.0 0.1 0.1 0.1 0.1 19/03/2003
0.1 0.0 0.0 0.0 0.0 0.0 0.0 0.0 0.0 0.0 0.0 0.0 0.1 0.1 0.0 0.0 0.0 0.0 0.0 0.0 0.0 0.0 0.0 0.0 0.1 0.1 0.1 0.1 20/03/2003
0.2 0.1 0.1 0.1 0.1 0.1 0.0 0.0 0.0 0.0 0.0 0.0 0.2 0.2 0.1 0.1 0.1 0.1 0.0 0.0 0.0 0.0 0.0 0.0 0.2 0.2 0.2 0.2 21/03/2003
0.0 0.0 0.0 0.0 0.0 0.0 0.0 0.0 0.0 0.0 0.0 0.0 0.0 0.0 0.0 0.0 0.0 0.0 0.0 0.0 0.0 0.0 0.0 0.0 0.0 0.0 0.0 0.0 22/03/2003
0.0 0.0 0.0 0.0 0.0 0.0 0.0 0.0 0.0 0.0 0.0 0.0 0.0 0.0 0.0 0.0 0.0 0.0 0.0 0.0 0.0 0.0 0.0 0.0 0.0 0.0 0.0 0.0 23/03/2003
0.0 0.0 0.0 0.0 0.0 0.0 0.0 0.0 0.0 0.0 0.0 0.0 0.0 0.0 0.0 0.0 0.0 0.0 0.0 0.0 0.0 0.0 0.0 0.0 0.0 0.0 0.0 0.0 24/03/2003
0.0 0.0 0.0 0.0 0.0 0.0 0.0 0.0 0.0 0.0 0.0 0.0 0.0 0.0 0.0 0.0 0.0 0.0 0.0 0.0 0.0 0.0 0.0 0.0 0.0 0.0 0.0 0.0 25/03/2003
0.3 0.1 0.1 0.1 0.1 0.1 0.0 0.0 0.0 0.0 0.2 0.2 0.3 0.3 0.1 0.1 0.1 0.1 0.0 0.0 0.0 0.2 0.2 0.7 0.3 0.3 0.3 0.3 26/03/2003
0.0 0.0 0.0 0.0 0.0 0.0 0.0 0.0 0.0 0.0 0.0 0.0 0.0 0.0 0.0 0.0 0.0 0.0 0.0 0.0 0.0 0.0 0.0 0.0 0.0 0.0 0.0 0.0 27/03/2003
1.1 1.0 1.0 1.0 1.0 1.0 0.0 0.0 0.0 0.0 0.0 0.0 1.2 1.2 1.1 1.1 1.1 1.1 0.0 0.0 0.0 0.0 0.0 2.3 1.1 1.1 1.2 1.2 28/03/2003
0.2 1.5 1.6 1.5 1.5 1.6 0.0 0.0 0.0 0.0 0.0 0.0 0.2 0.2 1.6 1.6 1.6 1.6 0.0 0.0 0.0 0.0 0.0 0.8 0.2 0.2 0.2 0.2 29/03/2003
0.0 0.0 0.0 0.0 0.0 0.0 0.0 0.0 0.0 0.0 1.4 1.4 0.0 0.0 0.0 0.0 0.0 0.0 0.0 0.0 0.0 1.4 1.4 0.0 0.0 0.0 0.0 0.0 30/03/2003
0.0 0.0 0.0 0.0 0.0 0.0 0.0 0.0 0.0 0.0 0.0 0.0 0.0 0.0 0.0 0.0 0.0 0.0 0.0 0.0 0.0 0.0 0.0 0.0 0.0 0.0 0.0 0.0 31/03/2003
2.1 3.0 3.0 3.0 3.0 3.0 7.0 7.0 7.1 7.2 8.0 8.1 2.1 2.1 3.0 3.0 3.0 3.0 6.9 7.0 7.0 7.9 7.8 2.1 2.1 2.1 2.1 2.1 01/04/2003
0.6 1.5 1.5 1.5 1.5 1.5 3.4 3.4 3.5 3.5 0.8 0.8 0.6 0.6 1.6 1.6 1.6 1.6 3.3 3.4 3.4 0.8 0.8 0.0 0.6 0.6 0.6 0.6 02/04/2003
0.0 0.1 0.1 0.1 0.1 0.1 0.2 0.2 0.2 0.2 0.2 0.2 0.0 0.0 0.1 0.1 0.1 0.1 0.2 0.2 0.2 0.2 0.2 0.0 0.0 0.0 0.0 0.0 03/04/2003
0.0 0.0 0.0 0.0 0.0 0.0 0.0 0.0 0.0 0.0 0.0 0.0 0.0 0.0 0.0 0.0 0.0 0.0 0.0 0.0 0.0 0.0 0.0 0.0 0.0 0.0 0.0 0.0 04/04/2003
0.0 0.0 0.0 0.0 0.0 0.0 0.1 0.1 0.1 0.1 0.0 0.0 0.0 0.0 0.0 0.0 0.0 0.0 0.1 0.1 0.1 0.0 0.0 0.0 0.0 0.0 0.0 0.0 05/04/2003
0.0 0.0 0.0 0.0 0.0 0.0 0.0 0.0 0.0 0.0 0.0 0.0 0.0 0.0 0.0 0.0 0.0 0.0 0.0 0.0 0.0 0.0 0.0 0.0 0.0 0.0 0.0 0.0 06/04/2003
0.0 0.0 0.0 0.0 0.0 0.0 0.0 0.0 0.0 0.0 0.0 0.0 0.0 0.0 0.0 0.0 0.0 0.0 0.0 0.0 0.0 0.0 0.0 0.0 0.0 0.0 0.0 0.0 07/04/2003
0.0 0.0 0.0 0.0 0.0 0.0 0.0 0.0 0.0 0.0 0.0 0.0 0.0 0.0 0.0 0.0 0.0 0.0 0.0 0.0 0.0 0.0 0.0 0.0 0.0 0.0 0.0 0.0 08/04/2003
0.1 0.0 0.0 0.0 0.0 0.0 0.1 0.1 0.1 0.1 0.0 0.0 0.1 0.1 0.0 0.0 0.0 0.0 0.1 0.1 0.1 0.0 0.0 0.0 0.1 0.1 0.1 0.1 09/04/2003
0.4 1.7 1.7 1.7 1.7 1.7 0.7 0.7 0.7 0.7 0.6 0.6 0.4 0.4 1.8 1.8 1.8 1.8 0.6 0.7 0.7 0.6 0.6 0.1 0.4 0.4 0.4 0.4 10/04/2003
0.0 0.0 0.0 0.0 0.0 0.0 0.0 0.0 0.0 0.0 0.3 0.3 0.0 0.0 0.0 0.0 0.0 0.0 0.0 0.0 0.0 0.3 0.2 0.0 0.0 0.0 0.0 0.0 11/04/2003
0.2 0.1 0.1 0.1 0.1 0.1 0.0 0.0 0.0 0.0 0.0 0.0 0.2 0.2 0.1 0.1 0.1 0.1 0.0 0.0 0.0 0.0 0.0 2.0 0.2 0.2 0.2 0.2 12/04/2003
0.0 0.0 0.0 0.0 0.0 0.0 0.0 0.0 0.0 0.0 0.0 0.0 0.0 0.0 0.0 0.0 0.0 0.0 0.0 0.0 0.0 0.0 0.0 0.0 0.0 0.0 0.0 0.0 13/04/2003
0.0 0.0 0.0 0.0 0.0 0.0 0.0 0.0 0.0 0.0 0.0 0.0 0.0 0.0 0.0 0.0 0.0 0.0 0.0 0.0 0.0 0.0 0.0 0.0 0.0 0.0 0.0 0.0 14/04/2003
0.0 0.0 0.0 0.0 0.0 0.0 0.0 0.0 0.0 0.0 0.0 0.0 0.0 0.0 0.0 0.0 0.0 0.0 0.0 0.0 0.0 0.0 0.0 0.0 0.0 0.0 0.0 0.0 15/04/2003
0.0 0.0 0.0 0.0 0.0 0.0 0.0 0.0 0.0 0.0 0.0 0.0 0.0 0.0 0.0 0.0 0.0 0.0 0.0 0.0 0.0 0.0 0.0 0.0 0.0 0.0 0.0 0.0 16/04/2003
0.0 0.0 0.0 0.0 0.0 0.0 0.0 0.0 0.0 0.0 0.0 0.0 0.0 0.0 0.0 0.0 0.0 0.0 0.0 0.0 0.0 0.0 0.0 0.0 0.0 0.0 0.0 0.0 17/04/2003
0.0 0.0 0.0 0.0 0.0 0.0 0.0 0.0 0.0 0.0 0.0 0.0 0.0 0.0 0.0 0.0 0.0 0.0 0.0 0.0 0.0 0.0 0.0 0.0 0.0 0.0 0.0 0.0 18/04/2003
0.0 0.0 0.0 0.0 0.0 0.0 0.0 0.0 0.0 0.0 0.0 0.0 0.0 0.0 0.0 0.0 0.0 0.0 0.0 0.0 0.0 0.0 0.0 0.0 0.0 0.0 0.0 0.0 19/04/2003
0.6 2.2 2.2 2.2 2.2 2.2 0.0 0.0 0.0 0.0 1.7 1.7 0.6 0.6 2.2 2.2 2.2 2.2 0.0 0.0 0.0 1.6 1.6 0.0 0.6 0.6 0.6 0.6 20/04/2003
0.0 0.0 0.0 0.0 0.0 0.0 0.0 0.0 0.0 0.0 2.7 2.7 0.0 0.0 0.0 0.0 0.0 0.0 0.0 0.0 0.0 2.6 2.6 0.1 0.0 0.0 0.0 0.0 21/04/2003
0.0 0.0 0.0 0.0 0.0 0.0 0.0 0.0 0.0 0.0 0.0 0.0 0.0 0.0 0.0 0.0 0.0 0.0 0.0 0.0 0.0 0.0 0.0 0.0 0.0 0.0 0.0 0.0 22/04/2003
0.0 0.0 0.0 0.0 0.0 0.0 0.0 0.0 0.0 0.0 0.0 0.0 0.0 0.0 0.0 0.0 0.0 0.0 0.0 0.0 0.0 0.0 0.0 0.0 0.0 0.0 0.0 0.0 23/04/2003
0.0 0.0 0.0 0.0 0.0 0.0 0.0 0.0 0.0 0.0 0.0 0.0 0.0 0.0 0.0 0.0 0.0 0.0 0.0 0.0 0.0 0.0 0.0 0.5 0.0 0.0 0.0 0.0 24/04/2003
12.1 14.7 14.8 14.7 14.8 14.8 2.6 2.7 2.7 2.7 4.0 4.1 12.2 12.2 15.0 14.9 14.9 15.0 2.6 2.7 2.7 4.0 4.0 12.4 12.2 12.2 12.3 12.3 25/04/2003
6.7 9.1 9.2 9.1 9.2 9.2 14.7 14.8 15.0 15.2 16.0 16.0 6.7 6.7 9.3 9.3 9.3 9.3 14.4 14.7 14.8 15.6 15.5 7.3 6.7 6.7 6.7 6.8 26/04/2003
5.9 5.0 5.0 5.0 5.0 5.0 6.3 6.4 6.5 6.5 6.6 6.6 6.0 6.0 5.1 5.0 5.0 5.1 6.2 6.3 6.4 6.4 6.4 6.5 5.9 5.9 6.0 6.0 27/04/2003
3.2 2.9 2.9 2.9 2.9 2.9 3.3 3.4 3.4 3.5 5.8 5.9 3.2 3.2 3.0 3.0 3.0 3.0 3.3 3.3 3.4 5.7 5.7 2.8 3.2 3.2 3.2 3.2 28/04/2003
0.2 1.0 1.0 1.0 1.0 1.1 1.0 1.0 1.0 1.0 3.2 3.2 0.2 0.2 1.1 1.1 1.1 1.1 0.9 1.0 1.0 3.1 3.1 0.5 0.2 0.2 0.2 0.2 29/04/2003
4.3 6.1 6.2 6.2 6.2 6.2 10.5 10.6 10.7 10.8 13.7 13.7 4.4 4.4 6.2 6.2 6.2 6.2 10.4 10.5 10.6 13.4 13.3 2.0 4.4 4.4 4.4 4.4 30/04/2003
1.7 2.5 2.5 2.5 2.5 2.5 0.3 0.3 0.3 0.3 0.4 0.4 1.7 1.7 2.5 2.5 2.5 2.5 0.3 0.3 0.3 0.4 0.4 1.3 1.7 1.7 1.7 1.7 01/05/2003
4.8 6.3 6.4 6.3 6.3 6.4 5.1 5.2 5.2 5.3 1.9 1.9 4.9 4.9 6.4 6.4 6.4 6.4 5.0 5.1 5.1 1.9 1.9 2.7 4.8 4.8 4.9 4.9 02/05/2003
0.0 0.1 0.1 0.1 0.1 0.1 0.0 0.0 0.0 0.0 0.0 0.0 0.0 0.0 0.1 0.1 0.1 0.1 0.0 0.0 0.0 0.0 0.0 0.0 0.0 0.0 0.0 0.0 03/05/2003
1.1 4.6 4.7 4.6 4.7 4.7 0.0 0.0 0.0 0.0 0.0 0.0 1.1 1.1 4.7 4.7 4.7 4.7 0.0 0.0 0.0 0.0 0.0 0.4 1.1 1.1 1.1 1.1 04/05/2003
0.2 1.0 1.0 1.0 1.0 1.0 10.8 11.0 11.1 11.2 9.5 9.5 0.2 0.2 1.0 1.0 1.0 1.0 10.7 10.8 10.9 9.3 9.2 0.0 0.2 0.2 0.2 0.2 05/05/2003
0.0 0.1 0.1 0.1 0.1 0.1 2.4 2.5 2.5 2.5 1.0 1.0 0.0 0.0 0.1 0.1 0.1 0.1 2.4 2.4 2.4 1.0 1.0 0.1 0.0 0.0 0.0 0.0 06/05/2003
0.0 0.0 0.0 0.0 0.0 0.0 0.0 0.0 0.0 0.0 0.1 0.1 0.0 0.0 0.0 0.0 0.0 0.0 0.0 0.0 0.0 0.1 0.1 0.0 0.0 0.0 0.0 0.0 07/05/2003
0.0 0.0 0.0 0.0 0.0 0.0 2.3 2.3 2.3 2.3 1.5 1.5 0.0 0.0 0.0 0.0 0.0 0.0 2.3 2.3 2.3 1.4 1.4 0.0 0.0 0.0 0.0 0.0 08/05/2003
0.0 0.0 0.0 0.0 0.0 0.0 0.6 0.6 0.6 0.6 1.2 1.2 0.0 0.0 0.0 0.0 0.0 0.0 0.6 0.6 0.6 1.2 1.2 0.0 0.0 0.0 0.0 0.0 09/05/2003
0.0 0.0 0.0 0.0 0.0 0.0 0.0 0.0 0.0 0.0 0.0 0.0 0.0 0.0 0.0 0.0 0.0 0.0 0.0 0.0 0.0 0.0 0.0 0.0 0.0 0.0 0.0 0.0 10/05/2003
5.7 2.6 2.7 2.6 2.7 2.7 0.1 0.1 0.1 0.1 0.8 0.8 5.8 5.8 2.7 2.7 2.7 2.7 0.1 0.1 0.1 0.8 0.8 2.8 5.7 5.7 5.8 5.8 11/05/2003
8.7 6.1 6.1 6.1 6.1 6.1 3.6 3.6 3.7 3.7 1.4 1.4 8.8 8.8 6.2 6.2 6.2 6.2 3.5 3.6 3.6 1.4 1.4 9.3 8.7 8.7 8.8 8.8 12/05/2003
1.5 3.8 3.8 3.8 3.8 3.8 6.3 6.4 6.5 6.6 5.2 5.2 1.5 1.5 3.9 3.8 3.8 3.8 6.3 6.4 6.4 5.1 5.1 3.7 1.5 1.5 1.5 1.5 13/05/2003
0.0 0.1 0.1 0.1 0.1 0.1 0.4 0.4 0.4 0.5 2.6 2.6 0.0 0.0 0.1 0.1 0.1 0.1 0.4 0.4 0.4 2.5 2.5 0.0 0.0 0.0 0.0 0.0 14/05/2003
0.0 0.0 0.0 0.0 0.0 0.0 0.0 0.0 0.0 0.0 0.1 0.1 0.0 0.0 0.0 0.0 0.0 0.0 0.0 0.0 0.0 0.1 0.1 0.0 0.0 0.0 0.0 0.0 15/05/2003
0.6 0.6 0.6 0.6 0.6 0.6 0.5 0.6 0.6 0.6 1.0 1.0 0.6 0.6 0.6 0.6 0.6 0.6 0.5 0.5 0.5 1.0 1.0 1.5 0.6 0.6 0.6 0.6 16/05/2003
8.8 9.5 9.5 9.5 9.5 9.5 5.9 6.0 6.1 6.2 7.6 7.6 8.9 8.9 9.6 9.6 9.6 9.6 5.9 6.0 6.0 7.4 7.4 6.8 8.9 8.9 8.9 9.0 17/05/2003
6.3 7.2 7.2 7.2 7.2 7.2 8.9 9.0 9.1 9.2 19.4 19.4 6.3 6.3 7.3 7.2 7.2 7.3 8.7 8.9 8.9 19.0 18.8 5.8 6.3 6.3 6.4 6.4 18/05/2003
9.9 8.9 9.0 8.9 8.9 9.0 14.4 14.6 14.8 14.9 20.1 20.1 10.0 10.0 9.0 9.0 9.0 9.0 14.2 14.4 14.5 19.6 19.5 8.5 10.0 10.0 10.1 10.1 19/05/2003
0.0 0.4 0.4 0.4 0.4 0.4 0.6 0.6 0.6 0.6 0.6 0.6 0.0 0.0 0.4 0.4 0.4 0.4 0.6 0.6 0.6 0.6 0.6 0.2 0.0 0.0 0.0 0.0 20/05/2003
1.3 1.9 1.9 1.9 1.9 1.9 5.5 5.6 5.7 5.7 6.6 6.6 1.3 1.3 1.9 1.9 1.9 1.9 5.5 5.6 5.6 6.5 6.4 1.0 1.3 1.3 1.3 1.3 21/05/2003
0.0 0.0 0.0 0.0 0.0 0.0 0.1 0.1 0.1 0.1 0.4 0.4 0.0 0.0 0.0 0.0 0.0 0.0 0.1 0.1 0.1 0.3 0.3 0.0 0.0 0.0 0.0 0.0 22/05/2003
7.0 2.3 2.3 2.3 2.3 2.3 8.3 8.4 8.5 8.6 11.9 12.0 7.0 7.0 2.3 2.3 2.3 2.3 8.2 8.3 8.4 11.7 11.6 11.0 7.0 7.0 7.1 7.1 23/05/2003
16.8 10.8 10.8 10.8 10.8 10.8 7.1 7.2 7.2 7.3 12.2 12.2 17.0 17.0 10.9 10.9 10.9 10.9 7.0 7.1 7.1 11.9 11.8 11.9 16.9 16.9 17.0 17.1 24/05/2003
0.0 0.1 0.1 0.1 0.1 0.1 0.6 0.6 0.6 0.6 0.6 0.6 0.0 0.0 0.1 0.1 0.1 0.1 0.6 0.6 0.6 0.6 0.6 0.0 0.0 0.0 0.0 0.0 25/05/2003
0.2 0.0 0.0 0.0 0.0 0.0 0.0 0.0 0.0 0.0 0.0 0.0 0.2 0.2 0.0 0.0 0.0 0.0 0.0 0.0 0.0 0.0 0.0 0.0 0.2 0.2 0.2 0.2 26/05/2003
0.0 0.1 0.1 0.1 0.1 0.1 0.0 0.0 0.0 0.0 0.0 0.0 0.0 0.0 0.1 0.1 0.1 0.1 0.0 0.0 0.0 0.0 0.0 0.0 0.0 0.0 0.0 0.0 27/05/2003
0.1 0.0 0.0 0.0 0.0 0.0 0.0 0.0 0.0 0.0 0.0 0.0 0.1 0.1 0.0 0.0 0.0 0.0 0.0 0.0 0.0 0.0 0.0 0.0 0.1 0.1 0.1 0.1 28/05/2003
0.0 0.0 0.0 0.0 0.0 0.0 0.0 0.0 0.0 0.0 0.0 0.0 0.0 0.0 0.0 0.0 0.0 0.0 0.0 0.0 0.0 0.0 0.0 0.0 0.0 0.0 0.0 0.0 29/05/2003
0.0 0.0 0.0 0.0 0.0 0.0 0.0 0.0 0.0 0.0 0.0 0.0 0.0 0.0 0.0 0.0 0.0 0.0 0.0 0.0 0.0 0.0 0.0 0.0 0.0 0.0 0.0 0.0 30/05/2003
4.8 6.6 6.6 6.6 6.6 6.6 0.0 0.0 0.0 0.0 0.0 0.0 4.9 4.9 6.7 6.7 6.7 6.7 0.0 0.0 0.0 0.0 0.0 22.4 4.8 4.8 4.9 4.9 31/05/2003
39.4 13.0 13.1 13.0 13.0 13.1 0.0 0.0 0.0 0.0 0.0 0.0 39.9 39.9 13.2 13.2 13.2 13.2 0.0 0.0 0.0 0.0 0.0 53.7 39.6 39.6 39.9 40.1 01/06/2003
4.2 2.9 2.9 2.9 2.9 2.9 3.5 3.5 3.5 3.6 10.5 10.5 4.3 4.3 2.9 2.9 2.9 2.9 3.4 3.5 3.5 10.3 10.2 2.9 4.3 4.3 4.3 4.3 02/06/2003
0.9 2.5 2.5 2.5 2.5 2.5 2.0 2.0 2.0 2.1 0.0 0.0 0.9 0.9 2.5 2.5 2.5 2.5 2.0 2.0 2.0 0.0 0.0 1.2 0.9 0.9 0.9 0.9 03/06/2003
10.2 17.6 17.7 17.6 17.6 17.7 2.9 2.9 2.9 3.0 5.5 5.5 10.3 10.3 17.9 17.8 17.8 17.9 2.8 2.9 2.9 5.4 5.3 4.1 10.2 10.2 10.3 10.4 04/06/2003
0.0 0.0 0.0 0.0 0.0 0.0 1.6 1.6 1.6 1.6 4.5 4.5 0.0 0.0 0.0 0.0 0.0 0.0 1.5 1.6 1.6 4.4 4.4 0.0 0.0 0.0 0.0 0.0 05/06/2003
0.0 0.0 0.0 0.0 0.0 0.0 0.0 0.0 0.0 0.0 0.0 0.0 0.0 0.0 0.0 0.0 0.0 0.0 0.0 0.0 0.0 0.0 0.0 0.0 0.0 0.0 0.0 0.0 06/06/2003
4.1 3.5 3.5 3.5 3.5 3.5 0.1 0.1 0.1 0.1 0.0 0.0 4.2 4.2 3.5 3.5 3.5 3.5 0.1 0.1 0.1 0.0 0.0 11.0 4.2 4.2 4.2 4.2 07/06/2003
0.0 0.3 0.3 0.3 0.3 0.3 6.0 6.1 6.1 6.2 5.6 5.6 0.0 0.0 0.3 0.3 0.3 0.3 5.9 6.0 6.0 5.5 5.5 0.0 0.0 0.0 0.0 0.0 08/06/2003
0.0 0.0 0.0 0.0 0.0 0.0 0.0 0.0 0.0 0.0 0.0 0.0 0.0 0.0 0.0 0.0 0.0 0.0 0.0 0.0 0.0 0.0 0.0 0.0 0.0 0.0 0.0 0.0 09/06/2003
1.8 0.4 0.5 0.4 0.4 0.5 13.0 13.2 13.3 13.4 13.0 13.1 1.8 1.8 0.5 0.5 0.5 0.5 12.8 13.0 13.1 12.7 12.6 0.0 1.8 1.8 1.8 1.8 10/06/2003
0.0 0.0 0.0 0.0 0.0 0.0 0.0 0.0 0.0 0.0 0.0 0.0 0.0 0.0 0.0 0.0 0.0 0.0 0.0 0.0 0.0 0.0 0.0 0.0 0.0 0.0 0.0 0.0 11/06/2003
0.0 0.0 0.0 0.0 0.0 0.0 0.0 0.0 0.0 0.0 0.0 0.0 0.0 0.0 0.0 0.0 0.0 0.0 0.0 0.0 0.0 0.0 0.0 0.0 0.0 0.0 0.0 0.0 12/06/2003
23.3 10.4 10.5 10.4 10.5 10.5 0.0 0.0 0.0 0.0 0.0 0.0 23.6 23.6 10.6 10.6 10.6 10.6 0.0 0.0 0.0 0.0 0.0 18.0 23.4 23.4 23.6 23.7 13/06/2003
14.6 13.4 13.5 13.4 13.4 13.5 18.1 18.3 18.6 18.7 15.0 15.0 14.8 14.8 13.6 13.6 13.6 13.6 17.8 18.1 18.3 14.7 14.6 9.8 14.7 14.7 14.8 14.9 14/06/2003
0.1 0.1 0.1 0.1 0.1 0.1 0.0 0.0 0.0 0.0 0.0 0.0 0.1 0.1 0.1 0.1 0.1 0.1 0.0 0.0 0.0 0.0 0.0 0.0 0.1 0.1 0.1 0.1 15/06/2003
5.9 0.0 0.0 0.0 0.0 0.0 0.0 0.0 0.0 0.0 0.0 0.0 5.9 5.9 0.0 0.0 0.0 0.0 0.0 0.0 0.0 0.0 0.0 9.3 5.9 5.9 5.9 6.0 16/06/2003
5.0 9.8 9.8 9.8 9.8 9.8 4.4 4.4 4.5 4.5 0.5 0.5 5.1 5.1 9.9 9.9 9.9 9.9 4.3 4.4 4.4 0.5 0.5 0.0 5.0 5.0 5.1 5.1 17/06/2003
0.5 0.4 0.4 0.4 0.4 0.4 0.1 0.1 0.1 0.1 0.0 0.0 0.5 0.5 0.4 0.4 0.4 0.4 0.1 0.1 0.1 0.0 0.0 0.2 0.5 0.5 0.5 0.5 18/06/2003
0.2 0.1 0.1 0.1 0.1 0.1 0.0 0.0 0.0 0.0 0.1 0.1 0.2 0.2 0.2 0.2 0.2 0.2 0.0 0.0 0.0 0.1 0.1 0.1 0.2 0.2 0.2 0.2 19/06/2003
0.0 0.0 0.0 0.0 0.0 0.0 0.0 0.0 0.0 0.0 0.0 0.0 0.0 0.0 0.0 0.0 0.0 0.0 0.0 0.0 0.0 0.0 0.0 0.0 0.0 0.0 0.0 0.0 20/06/2003
0.0 0.0 0.0 0.0 0.0 0.0 0.0 0.0 0.0 0.0 0.0 0.0 0.0 0.0 0.0 0.0 0.0 0.0 0.0 0.0 0.0 0.0 0.0 0.0 0.0 0.0 0.0 0.0 21/06/2003
0.8 2.6 2.6 2.6 2.6 2.6 0.0 0.0 0.0 0.0 0.0 0.0 0.8 0.8 2.6 2.6 2.6 2.6 0.0 0.0 0.0 0.0 0.0 1.1 0.8 0.8 0.8 0.8 22/06/2003
0.1 0.4 0.4 0.4 0.4 0.4 0.0 0.0 0.0 0.0 0.0 0.0 0.1 0.1 0.4 0.4 0.4 0.4 0.0 0.0 0.0 0.0 0.0 0.0 0.1 0.1 0.1 0.1 23/06/2003
0.0 0.0 0.0 0.0 0.0 0.0 0.0 0.0 0.0 0.0 0.0 0.0 0.0 0.0 0.0 0.0 0.0 0.0 0.0 0.0 0.0 0.0 0.0 0.0 0.0 0.0 0.0 0.0 24/06/2003
0.4 0.7 0.7 0.7 0.7 0.7 0.0 0.0 0.0 0.0 0.0 0.0 0.4 0.4 0.7 0.7 0.7 0.7 0.0 0.0 0.0 0.0 0.0 2.9 0.4 0.4 0.4 0.5 25/06/2003
0.2 4.3 4.3 4.3 4.3 4.3 0.0 0.0 0.0 0.0 0.3 0.3 0.2 0.2 4.4 4.4 4.4 4.4 0.0 0.0 0.0 0.3 0.3 0.2 0.2 0.2 0.2 0.2 26/06/2003
0.0 0.0 0.0 0.0 0.0 0.0 0.0 0.0 0.0 0.0 0.0 0.0 0.0 0.0 0.0 0.0 0.0 0.0 0.0 0.0 0.0 0.0 0.0 0.0 0.0 0.0 0.0 0.0 27/06/2003
0.0 0.0 0.0 0.0 0.0 0.0 0.0 0.0 0.0 0.0 0.0 0.0 0.0 0.0 0.0 0.0 0.0 0.0 0.0 0.0 0.0 0.0 0.0 0.0 0.0 0.0 0.0 0.0 28/06/2003
5.4 5.1 5.2 5.1 5.1 5.2 0.1 0.1 0.1 0.1 0.7 0.7 5.5 5.5 5.2 5.2 5.2 5.2 0.1 0.1 0.1 0.7 0.7 2.5 5.5 5.5 5.5 5.5 29/06/2003
7.2 14.0 14.1 14.0 14.0 14.1 4.4 4.4 4.5 4.5 2.0 2.0 7.3 7.3 14.2 14.1 14.1 14.2 4.3 4.4 4.4 2.0 2.0 4.8 7.3 7.3 7.3 7.3 30/06/2003
4.7 6.4 6.5 6.4 6.4 6.5 9.7 9.9 10.0 10.1 10.4 10.5 4.7 4.7 6.5 6.5 6.5 6.5 9.6 9.8 9.8 10.2 10.1 1.2 4.7 4.7 4.7 4.8 01/07/2003
3.5 13.8 13.9 13.8 13.8 13.9 6.9 7.0 7.0 7.1 7.1 7.1 3.6 3.6 14.0 14.0 14.0 14.0 6.8 6.9 6.9 7.0 6.9 1.4 3.5 3.5 3.6 3.6 02/07/2003
0.2 0.1 0.1 0.1 0.1 0.1 13.5 13.7 13.8 14.0 5.7 5.7 0.2 0.2 0.1 0.1 0.1 0.1 13.4 13.6 13.6 5.6 5.6 0.1 0.2 0.2 0.2 0.2 03/07/2003
0.0 0.1 0.1 0.1 0.1 0.1 0.9 0.9 0.9 0.9 4.3 4.3 0.0 0.0 0.1 0.1 0.1 0.1 0.9 0.9 0.9 4.2 4.2 0.0 0.0 0.0 0.0 0.0 04/07/2003
0.0 0.0 0.0 0.0 0.0 0.0 0.1 0.1 0.1 0.1 0.4 0.5 0.0 0.0 0.0 0.0 0.0 0.0 0.1 0.1 0.1 0.4 0.4 0.0 0.0 0.0 0.0 0.0 05/07/2003
0.0 0.0 0.0 0.0 0.0 0.0 0.0 0.0 0.0 0.0 0.0 0.0 0.0 0.0 0.0 0.0 0.0 0.0 0.0 0.0 0.0 0.0 0.0 0.0 0.0 0.0 0.0 0.0 06/07/2003
0.0 0.0 0.0 0.0 0.0 0.0 0.0 0.0 0.0 0.0 0.0 0.0 0.0 0.0 0.0 0.0 0.0 0.0 0.0 0.0 0.0 0.0 0.0 0.0 0.0 0.0 0.0 0.0 07/07/2003
0.0 0.0 0.0 0.0 0.0 0.0 0.0 0.0 0.0 0.0 0.0 0.0 0.0 0.0 0.0 0.0 0.0 0.0 0.0 0.0 0.0 0.0 0.0 0.1 0.0 0.0 0.0 0.0 08/07/2003
0.0 0.0 0.0 0.0 0.0 0.0 0.0 0.0 0.0 0.0 0.0 0.0 0.0 0.0 0.0 0.0 0.0 0.0 0.0 0.0 0.0 0.0 0.0 0.0 0.0 0.0 0.0 0.0 09/07/2003
0.0 0.0 0.0 0.0 0.0 0.0 0.0 0.0 0.0 0.0 0.0 0.0 0.0 0.0 0.0 0.0 0.0 0.0 0.0 0.0 0.0 0.0 0.0 0.0 0.0 0.0 0.0 0.0 10/07/2003
0.0 0.0 0.0 0.0 0.0 0.0 0.0 0.0 0.0 0.0 0.0 0.0 0.0 0.0 0.0 0.0 0.0 0.0 0.0 0.0 0.0 0.0 0.0 0.0 0.0 0.0 0.0 0.0 11/07/2003
0.0 0.0 0.0 0.0 0.0 0.0 0.0 0.0 0.0 0.0 0.0 0.0 0.0 0.0 0.0 0.0 0.0 0.0 0.0 0.0 0.0 0.0 0.0 0.0 0.0 0.0 0.0 0.0 12/07/2003
0.0 0.0 0.0 0.0 0.0 0.0 0.0 0.0 0.0 0.0 0.0 0.0 0.0 0.0 0.0 0.0 0.0 0.0 0.0 0.0 0.0 0.0 0.0 0.0 0.0 0.0 0.0 0.0 13/07/2003
0.0 0.0 0.0 0.0 0.0 0.0 0.0 0.0 0.0 0.0 0.0 0.0 0.0 0.0 0.0 0.0 0.0 0.0 0.0 0.0 0.0 0.0 0.0 0.0 0.0 0.0 0.0 0.0 14/07/2003
3.1 3.0 3.0 3.0 3.0 3.0 0.0 0.0 0.0 0.0 0.0 0.0 3.1 3.1 3.0 3.0 3.0 3.0 0.0 0.0 0.0 0.0 0.0 2.6 3.1 3.1 3.1 3.1 15/07/2003
23.6 15.0 15.1 15.0 15.0 15.1 0.1 0.1 0.1 0.1 0.6 0.6 23.9 23.9 15.2 15.2 15.2 15.2 0.1 0.1 0.1 0.6 0.6 31.2 23.8 23.8 23.9 24.0 16/07/2003
1.6 1.0 1.0 1.0 1.0 1.0 0.3 0.3 0.4 0.4 0.1 0.1 1.7 1.7 1.0 1.0 1.0 1.0 0.3 0.3 0.3 0.1 0.1 1.5 1.7 1.7 1.7 1.7 17/07/2003
0.0 0.1 0.1 0.1 0.1 0.1 0.0 0.0 0.0 0.0 0.0 0.0 0.0 0.0 0.1 0.1 0.1 0.1 0.0 0.0 0.0 0.0 0.0 0.0 0.0 0.0 0.0 0.0 18/07/2003
0.0 0.7 0.7 0.7 0.7 0.7 0.0 0.0 0.0 0.0 0.1 0.1 0.0 0.0 0.7 0.7 0.7 0.7 0.0 0.0 0.0 0.1 0.1 0.0 0.0 0.0 0.0 0.0 19/07/2003
0.0 0.0 0.0 0.0 0.0 0.0 0.0 0.0 0.0 0.0 0.2 0.2 0.0 0.0 0.0 0.0 0.0 0.0 0.0 0.0 0.0 0.1 0.1 0.0 0.0 0.0 0.0 0.0 20/07/2003
0.0 0.0 0.0 0.0 0.0 0.0 0.0 0.0 0.0 0.0 1.6 1.6 0.0 0.0 0.0 0.0 0.0 0.0 0.0 0.0 0.0 1.5 1.5 0.0 0.0 0.0 0.0 0.0 21/07/2003
0.0 0.0 0.0 0.0 0.0 0.0 0.0 0.0 0.0 0.0 0.0 0.0 0.0 0.0 0.0 0.0 0.0 0.0 0.0 0.0 0.0 0.0 0.0 0.0 0.0 0.0 0.0 0.0 22/07/2003
3.2 0.6 0.6 0.6 0.6 0.6 0.0 0.0 0.0 0.0 0.0 0.0 3.2 3.2 0.7 0.7 0.7 0.7 0.0 0.0 0.0 0.0 0.0 3.8 3.2 3.2 3.2 3.2 23/07/2003
0.0 0.0 0.0 0.0 0.0 0.0 1.3 1.3 1.3 1.4 0.3 0.3 0.0 0.0 0.0 0.0 0.0 0.0 1.3 1.3 1.3 0.2 0.2 0.0 0.0 0.0 0.0 0.0 24/07/2003
4.7 6.2 6.2 6.2 6.2 6.3 2.1 2.1 2.1 2.2 3.2 3.2 4.8 4.8 6.3 6.3 6.3 6.3 2.1 2.1 2.1 3.1 3.1 6.0 4.8 4.8 4.8 4.8 25/07/2003
4.1 7.3 7.3 7.3 7.3 7.3 21.9 22.1 22.4 22.6 20.5 20.5 4.2 4.2 7.4 7.4 7.4 7.4 21.5 21.9 22.1 20.1 19.9 3.6 4.2 4.2 4.2 4.2 26/07/2003
0.0 0.0 0.0 0.0 0.0 0.0 0.6 0.6 0.6 0.6 1.8 1.8 0.0 0.0 0.0 0.0 0.0 0.0 0.6 0.6 0.6 1.7 1.7 0.0 0.0 0.0 0.0 0.0 27/07/2003
0.0 0.0 0.0 0.0 0.0 0.0 0.0 0.0 0.0 0.0 0.0 0.0 0.0 0.0 0.0 0.0 0.0 0.0 0.0 0.0 0.0 0.0 0.0 0.0 0.0 0.0 0.0 0.0 28/07/2003
37.8 24.8 24.9 24.8 24.8 25.0 19.3 19.6 19.8 20.0 14.3 14.4 38.3 38.3 25.2 25.2 25.1 25.2 19.1 19.4 19.5 14.0 13.9 35.6 38.1 38.1 38.3 38.5 29/07/2003
3.2 2.1 2.1 2.1 2.1 2.1 10.6 10.7 10.9 11.0 7.5 7.5 3.3 3.3 2.1 2.1 2.1 2.1 10.5 10.6 10.7 7.3 7.3 0.7 3.3 3.3 3.3 3.3 30/07/2003
0.1 0.0 0.0 0.0 0.0 0.0 0.0 0.0 0.0 0.0 0.1 0.1 0.1 0.1 0.0 0.0 0.0 0.0 0.0 0.0 0.0 0.1 0.1 0.0 0.1 0.1 0.1 0.1 31/07/2003
