# 460 461 462 463 464 465 489 490 491 492 493 494 518 519 520 521 522 523 547 548 549 550 551 575 576 577 578 579 Date
10.7 2.1 2.1 2.1 2.1 2.1 0.9 0.9 0.9 0.9 0.0 0.0 10.9 10.9 2.1 2.1 2.1 2.1 0.8 0.9 0.9 0.0 0.0 37.4 10.8 10.8 10.9 10.9 01/08/1969
16.9 14.7 14.8 14.7 14.7 14.8 11.1 11.2 11.4 11.5 8.7 8.7 17.1 17.1 14.9 14.9 14.9 14.9 10.9 11.1 11.2 8.5 8.5 16.4 17.0 17.0 17.1 17.2 02/08/1969
0.0 0.0 0.0 0.0 0.0 0.0 0.0 0.0 0.0 0.0 0.0 0.0 0.0 0.0 0.0 0.0 0.0 0.0 0.0 0.0 0.0 0.0 0.0 0.0 0.0 0.0 0.0 0.0 03/08/1969
0.0 0.0 0.0 0.0 0.0 0.0 0.0 0.0 0.0 0.0 0.0 0.0 0.0 0.0 0.0 0.0 0.0 0.0 0.0 0.0 0.0 0.0 0.0 0.0 0.0 0.0 0.0 0.0 04/08/1969
0.0 0.0 0.0 0.0 0.0 0.0 0.0 0.0 0.0 0.0 0.0 0.0 0.0 0.0 0.0 0.0 0.0 0.0 0.0 0.0 0.0 0.0 0.0 0.0 0.0 0.0 0.0 0.0 05/08/1969
0.0 0.0 0.0 0.0 0.0 0.0 0.0 0.0 0.0 0.0 0.0 0.0 0.0 0.0 0.0 0.0 0.0 0.0 0.0 0.0 0.0 0.0 0.0 0.0 0.0 0.0 0.0 0.0 06/08/1969
0.0 0.0 0.0 0.0 0.0 0.0 0.0 0.0 0.0 0.0 0.0 0.0 0.0 0.0 0.0 0.0 0.0 0.0 0.0 0.0 0.0 0.0 0.0 0.0 0.0 0.0 0.0 0.0 07/08/1969
0.0 0.0 0.0 0.0 0.0 0.0 0.0 0.0 0.0 0.0 0.0 0.0 0.0 0.0 0.0 0.0 0.0 0.0 0.0 0.0 0.0 0.0 0.0 0.0 0.0 0.0 0.0 0.0 08/08/1969
0.0 0.0 0.0 0.0 0.0 0.0 0.0 0.0 0.0 0.0 0.0 0.0 0.0 0.0 0.0 0.0 0.0 0.0 0.0 0.0 0.0 0.0 0.0 0.0 0.0 0.0 0.0 0.0 09/08/1969
0.0 0.0 0.0 0.0 0.0 0.0 0.0 0.0 0.0 0.0 0.0 0.0 0.0 0.0 0.0 0.0 0.0 0.0 0.0 0.0 0.0 0.0 0.0 0.0 0.0 0.0 0.0 0.0 10/08/1969
2.5 10.3 10.3 10.3 10.3 10.3 0.0 0.0 0.0 0.0 0.0 0.0 2.6 2.6 10.4 10.4 10.4 10.4 0.0 0.0 0.0 0.0 0.0 0.3 2.6 2.6 2.6 2.6 11/08/1969
0.1 0.8 0.8 0.8 0.8 0.8 11.4 11.6 11.7 11.8 10.9 10.9 0.1 0.1 0.8 0.8 0.8 0.8 11.3 11.4 11.5 10.7 10.6 0.0 0.1 0.1 0.1 0.1 12/08/1969
0.0 0.0 0.0 0.0 0.0 0.0 1.1 1.2 1.2 1.2 2.0 2.0 0.0 0.0 0.0 0.0 0.0 0.0 1.1 1.1 1.1 1.9 1.9 0.0 0.0 0.0 0.0 0.0 13/08/1969
24.3 10.1 10.2 10.1 10.2 10.2 13.2 13.3 13.5 13.6 7.6 7.6 24.6 24.6 10.3 10.3 10.3 10.3 13.0 13.2 13.3 7.4 7.3 20.5 24.5 24.5 24.7 24.8 14/08/1969
0.9 0.5 0.5 0.5 0.5 0.5 11.4 11.5 11.7 11.8 6.1 6.1 0.9 0.9 0.5 0.5 0.5 0.5 11.2 11.4 11.5 5.9 5.9 0.0 0.9 0.9 0.9 0.9 15/08/1969
0.0 0.0 0.0 0.0 0.0 0.0 2.8 2.8 2.8 2.9 4.6 4.6 0.0 0.0 0.0 0.0 0.0 0.0 2.7 2.8 2.8 4.5 4.5 0.0 0.0 0.0 0.0 0.0 16/08/1969
0.0 0.0 0.0 0.0 0.0 0.0 0.0 0.0 0.0 0.0 0.0 0.0 0.0 0.0 0.0 0.0 0.0 0.0 0.0 0.0 0.0 0.0 0.0 0.0 0.0 0.0 0.0 0.0 17/08/1969
0.0 0.0 0.0 0.0 0.0 0.0 0.4 0.5 0.5 0.5 0.6 0.6 0.0 0.0 0.0 0.0 0.0 0.0 0.4 0.4 0.4 0.6 0.6 0.0 0.0 0.0 0.0 0.0 18/08/1969
0.0 0.0 0.0 0.0 0.0 0.0 3.6 3.6 3.6 3.7 0.0 0.0 0.0 0.0 0.0 0.0 0.0 0.0 3.5 3.6 3.6 0.0 0.0 0.0 0.0 0.0 0.0 0.0 19/08/1969
3.4 1.0 1.0 1.0 1.0 1.0 11.8 12.0 12.1 12.3 21.9 22.0 3.4 3.4 1.0 1.0 1.0 1.0 11.7 11.9 11.9 21.4 21.3 0.6 3.4 3.4 3.4 3.4 20/08/1969
0.9 3.9 3.9 3.9 3.9 3.9 3.7 3.8 3.8 3.9 3.4 3.4 0.9 0.9 3.9 3.9 3.9 3.9 3.7 3.8 3.8 3.3 3.3 3.2 0.9 0.9 0.9 0.9 21/08/1969
9.8 10.6 10.7 10.6 10.6 10.7 6.8 6.9 7.0 7.0 7.4 7.4 9.9 9.9 10.8 10.8 10.7 10.8 6.7 6.8 6.9 7.2 7.2 5.0 9.8 9.8 9.9 9.9 22/08/1969
3.8 7.7 7.8 7.7 7.7 7.8 0.8 0.8 0.8 0.8 4.7 4.8 3.8 3.8 7.8 7.8 7.8 7.8 0.8 0.8 0.8 4.6 4.6 0.1 3.8 3.8 3.8 3.9 23/08/1969
3.7 0.5 0.5 0.5 0.5 0.5 0.0 0.0 0.0 0.0 1.4 1.4 3.8 3.8 0.5 0.5 0.5 0.5 0.0 0.0 0.0 1.3 1.3 3.7 3.7 3.7 3.8 3.8 24/08/1969
0.2 2.5 2.5 2.5 2.5 2.5 2.1 2.1 2.1 2.1 5.7 5.7 0.2 0.2 2.5 2.5 2.5 2.5 2.0 2.1 2.1 5.6 5.5 0.7 0.2 0.2 0.2 0.2 25/08/1969
5.3 4.8 4.8 4.8 4.8 4.8 14.4 14.6 14.7 14.9 15.4 15.4 5.4 5.4 4.9 4.9 4.9 4.9 14.2 14.4 14.5 15.1 14.9 3.9 5.3 5.3 5.4 5.4 26/08/1969
0.0 0.0 0.0 0.0 0.0 0.0 0.9 0.9 0.9 0.9 0.3 0.3 0.0 0.0 0.0 0.0 0.0 0.0 0.9 0.9 0.9 0.3 0.2 0.0 0.0 0.0 0.0 0.0 27/08/1969
0.0 0.0 0.0 0.0 0.0 0.0 1.0 1.0 1.0 1.0 2.0 2.1 0.0 0.0 0.0 0.0 0.0 0.0 0.9 1.0 1.0 2.0 2.0 0.0 0.0 0.0 0.0 0.0 28/08/1969
0.1 2.0 2.0 2.0 2.0 2.0 16.8 17.1 17.3 17.4 5.5 5.5 0.2 0.2 2.0 2.0 2.0 2.0 16.6 16.9 17.0 5.4 5.3 0.2 0.2 0.2 0.2 0.2 29/08/1969
0.0 1.3 1.3 1.3 1.3 1.3 0.0 0.0 0.0 0.0 0.0 0.0 0.0 0.0 1.3 1.3 1.3 1.3 0.0 0.0 0.0 0.0 0.0 0.0 0.0 0.0 0.0 0.0 30/08/1969
0.0 0.0 0.0 0.0 0.0 0.0 0.0 0.0 0.0 0.0 0.0 0.0 0.0 0.0 0.0 0.0 0.0 0.0 0.0 0.0 0.0 0.0 0.0 0.0 0.0 0.0 0.0 0.0 31/08/1969
0.0 0.0 0.0 0.0 0.0 0.0 0.0 0.0 0.0 0.0 0.0 0.0 0.0 0.0 0.0 0.0 0.0 0.0 0.0 0.0 0.0 0.0 0.0 0.0 0.0 0.0 0.0 0.0 01/09/1969
0.0 0.0 0.0 0.0 0.0 0.0 0.1 0.1 0.2 0.2 0.0 0.0 0.0 0.0 0.0 0.0 0.0 0.0 0.1 0.1 0.1 0.0 0.0 0.0 0.0 0.0 0.0 0.0 02/09/1969
0.6 1.6 1.6 1.6 1.6 1.6 0.0 0.0 0.0 0.0 0.0 0.0 0.6 0.6 1.7 1.7 1.6 1.7 0.0 0.0 0.0 0.0 0.0 0.5 0.6 0.6 0.6 0.6 03/09/1969
0.7 0.0 0.0 0.0 0.0 0.0 0.0 0.0 0.0 0.0 0.0 0.0 0.7 0.7 0.0 0.0 0.0 0.0 0.0 0.0 0.0 0.0 0.0 0.0 0.7 0.7 0.7 0.7 04/09/1969
0.0 0.0 0.0 0.0 0.0 0.0 0.0 0.0 0.0 0.0 0.0 0.0 0.0 0.0 0.0 0.0 0.0 0.0 0.0 0.0 0.0 0.0 0.0 0.0 0.0 0.0 0.0 0.0 05/09/1969
0.0 0.0 0.0 0.0 0.0 0.0 0.0 0.0 0.0 0.0 0.0 0.0 0.0 0.0 0.0 0.0 0.0 0.0 0.0 0.0 0.0 0.0 0.0 0.0 0.0 0.0 0.0 0.0 06/09/1969
0.0 0.0 0.0 0.0 0.0 0.0 0.0 0.0 0.0 0.0 0.0 0.0 0.0 0.0 0.0 0.0 0.0 0.0 0.0 0.0 0.0 0.0 0.0 0.0 0.0 0.0 0.0 0.0 07/09/1969
0.0 0.0 0.0 0.0 0.0 0.0 0.0 0.0 0.0 0.0 0.0 0.0 0.0 0.0 0.0 0.0 0.0 0.0 0.0 0.0 0.0 0.0 0.0 0.0 0.0 0.0 0.0 0.0 08/09/1969
0.0 0.1 0.1 0.1 0.1 0.1 3.6 3.6 3.7 3.7 7.3 7.3 0.0 0.0 0.1 0.1 0.1 0.1 3.5 3.6 3.6 7.1 7.1 0.0 0.0 0.0 0.0 0.0 09/09/1969
0.0 0.0 0.0 0.0 0.0 0.0 0.0 0.0 0.0 0.0 0.0 0.0 0.0 0.0 0.0 0.0 0.0 0.0 0.0 0.0 0.0 0.0 0.0 0.0 0.0 0.0 0.0 0.0 10/09/1969
0.0 0.0 0.0 0.0 0.0 0.0 0.0 0.0 0.0 0.0 0.0 0.0 0.0 0.0 0.0 0.0 0.0 0.0 0.0 0.0 0.0 0.0 0.0 0.0 0.0 0.0 0.0 0.0 11/09/1969
0.0 0.0 0.0 0.0 0.0 0.0 0.0 0.0 0.0 0.0 0.0 0.0 0.0 0.0 0.0 0.0 0.0 0.0 0.0 0.0 0.0 0.0 0.0 0.0 0.0 0.0 0.0 0.0 12/09/1969
0.0 0.0 0.0 0.0 0.0 0.0 0.0 0.0 0.0 0.0 0.0 0.0 0.0 0.0 0.0 0.0 0.0 0.0 0.0 0.0 0.0 0.0 0.0 0.0 0.0 0.0 0.0 0.0 13/09/1969
0.0 0.0 0.0 0.0 0.0 0.0 0.0 0.0 0.0 0.0 0.0 0.0 0.0 0.0 0.0 0.0 0.0 0.0 0.0 0.0 0.0 0.0 0.0 0.0 0.0 0.0 0.0 0.0 14/09/1969
10.7 8.1 8.1 8.1 8.1 8.1 2.9 2.9 2.9 2.9 0.9 1.0 10.9 10.9 8.2 8.2 8.2 8.2 2.9 2.9 2.9 0.9 0.9 15.0 10.8 10.8 10.9 10.9 15/09/1969
14.0 0.1 0.1 0.1 0.1 0.1 0.6 0.6 0.6 0.6 0.0 0.0 14.2 14.2 0.1 0.1 0.1 0.1 0.5 0.6 0.6 0.0 0.0 1.9 14.1 14.1 14.2 14.2 16/09/1969
6.9 5.8 5.8 5.8 5.8 5.8 0.0 0.0 0.0 0.0 0.0 0.0 7.0 7.0 5.9 5.8 5.8 5.9 0.0 0.0 0.0 0.0 0.0 3.5 6.9 6.9 7.0 7.0 17/09/1969
2.3 7.7 7.8 7.7 7.7 7.8 1.0 1.1 1.1 1.1 4.4 4.4 2.3 2.3 7.9 7.8 7.8 7.8 1.0 1.0 1.1 4.3 4.3 2.4 2.3 2.3 2.4 2.4 18/09/1969
0.0 0.0 0.0 0.0 0.0 0.0 0.0 0.0 0.0 0.0 0.0 0.0 0.0 0.0 0.0 0.0 0.0 0.0 0.0 0.0 0.0 0.0 0.0 0.1 0.0 0.0 0.0 0.0 19/09/1969
0.0 0.0 0.0 0.0 0.0 0.0 0.0 0.0 0.0 0.0 0.0 0.0 0.0 0.0 0.0 0.0 0.0 0.0 0.0 0.0 0.0 0.0 0.0 0.0 0.0 0.0 0.0 0.0 20/09/1969
3.0 1.0 1.0 1.0 1.0 1.0 1.4 1.4 1.4 1.4 0.9 0.9 3.0 3.0 1.0 1.0 1.0 1.0 1.4 1.4 1.4 0.9 0.9 0.2 3.0 3.0 3.0 3.0 21/09/1969
3.0 2.8 2.8 2.8 2.8 2.8 1.3 1.3 1.3 1.3 1.5 1.5 3.1 3.1 2.9 2.9 2.9 2.9 1.3 1.3 1.3 1.5 1.5 1.6 3.1 3.1 3.1 3.1 22/09/1969
0.0 0.0 0.0 0.0 0.0 0.0 0.0 0.0 0.0 0.0 0.0 0.0 0.0 0.0 0.0 0.0 0.0 0.0 0.0 0.0 0.0 0.0 0.0 0.0 0.0 0.0 0.0 0.0 23/09/1969
0.0 0.0 0.0 0.0 0.0 0.0 0.0 0.0 0.0 0.0 0.0 0.0 0.0 0.0 0.0 0.0 0.0 0.0 0.0 0.0 0.0 0.0 0.0 0.0 0.0 0.0 0.0 0.0 24/09/1969
0.0 0.0 0.0 0.0 0.0 0.0 0.0 0.0 0.0 0.0 0.0 0.0 0.0 0.0 0.0 0.0 0.0 0.0 0.0 0.0 0.0 0.0 0.0 0.0 0.0 0.0 0.0 0.0 25/09/1969
0.0 0.0 0.0 0.0 0.0 0.0 0.0 0.0 0.0 0.0 0.0 0.0 0.0 0.0 0.0 0.0 0.0 0.0 0.0 0.0 0.0 0.0 0.0 0.0 0.0 0.0 0.0 0.0 26/09/1969
0.7 0.9 0.9 0.9 0.9 0.9 1.5 1.5 1.5 1.5 1.6 1.6 0.7 0.7 0.9 0.9 0.9 0.9 1.5 1.5 1.5 1.6 1.5 0.1 0.7 0.7 0.7 0.7 27/09/1969
0.0 0.0 0.0 0.0 0.0 0.0 0.0 0.0 0.0 0.0 0.0 0.0 0.0 0.0 0.0 0.0 0.0 0.0 0.0 0.0 0.0 0.0 0.0 0.0 0.0 0.0 0.0 0.0 28/09/1969
2.8 1.1 1.1 1.1 1.1 1.1 0.1 0.1 0.1 0.1 0.0 0.0 2.8 2.8 1.1 1.1 1.1 1.1 0.1 0.1 0.1 0.0 0.0 5.0 2.8 2.8 2.8 2.8 29/09/1969
0.0 0.0 0.0 0.0 0.0 0.0 0.0 0.0 0.0 0.0 0.0 0.0 0.0 0.0 0.0 0.0 0.0 0.0 0.0 0.0 0.0 0.0 0.0 0.0 0.0 0.0 0.0 0.0 30/09/1969
0.0 0.0 0.0 0.0 0.0 0.0 0.0 0.0 0.0 0.0 0.0 0.0 0.0 0.0 0.0 0.0 0.0 0.0 0.0 0.0 0.0 0.0 0.0 0.0 0.0 0.0 0.0 0.0 01/10/1969
0.0 0.0 0.0 0.0 0.0 0.0 0.0 0.0 0.0 0.0 0.0 0.0 0.0 0.0 0.0 0.0 0.0 0.0 0.0 0.0 0.0 0.0 0.0 0.0 0.0 0.0 0.0 0.0 02/10/1969
0.0 0.0 0.0 0.0 0.0 0.0 0.0 0.0 0.0 0.0 0.0 0.0 0.0 0.0 0.0 0.0 0.0 0.0 0.0 0.0 0.0 0.0 0.0 0.0 0.0 0.0 0.0 0.0 03/10/1969
0.0 0.0 0.0 0.0 0.0 0.0 0.0 0.0 0.0 0.0 0.0 0.0 0.0 0.0 0.0 0.0 0.0 0.0 0.0 0.0 0.0 0.0 0.0 0.0 0.0 0.0 0.0 0.0 04/10/1969
0.0 0.0 0.0 0.0 0.0 0.0 0.0 0.0 0.0 0.0 0.0 0.0 0.0 0.0 0.0 0.0 0.0 0.0 0.0 0.0 0.0 0.0 0.0 0.0 0.0 0.0 0.0 0.0 05/10/1969
0.0 0.0 0.0 0.0 0.0 0.0 0.0 0.0 0.0 0.0 0.0 0.0 0.0 0.0 0.0 0.0 0.0 0.0 0.0 0.0 0.0 0.0 0.0 0.0 0.0 0.0 0.0 0.0 06/10/1969
0.0 0.0 0.0 0.0 0.0 0.0 0.0 0.0 0.0 0.0 0.0 0.0 0.0 0.0 0.0 0.0 0.0 0.0 0.0 0.0 0.0 0.0 0.0 0.0 0.0 0.0 0.0 0.0 07/10/1969
0.0 0.0 0.0 0.0 0.0 0.0 0.0 0.0 0.0 0.0 0.0 0.0 0.0 0.0 0.0 0.0 0.0 0.0 0.0 0.0 0.0 0.0 0.0 0.0 0.0 0.0 0.0 0.0 08/10/1969
0.0 0.0 0.0 0.0 0.0 0.0 0.0 0.0 0.0 0.0 0.0 0.0 0.0 0.0 0.0 0.0 0.0 0.0 0.0 0.0 0.0 0.0 0.0 0.0 0.0 0.0 0.0 0.0 09/10/1969
0.0 0.0 0.0 0.0 0.0 0.0 0.0 0.0 0.0 0.0 0.0 0.0 0.0 0.0 0.0 0.0 0.0 0.0 0.0 0.0 0.0 0.0 0.0 0.0 0.0 0.0 0.0 0.0 10/10/1969
0.4 0.0 0.0 0.0 0.0 0.0 0.0 0.0 0.0 0.0 0.0 0.0 0.4 0.4 0.0 0.0 0.0 0.0 0.0 0.0 0.0 0.0 0.0 0.0 0.4 0.4 0.4 0.4 11/10/1969
0.0 0.0 0.0 0.0 0.0 0.0 0.0 0.0 0.0 0.0 0.0 0.0 0.0 0.0 0.0 0.0 0.0 0.0 0.0 0.0 0.0 0.0 0.0 0.0 0.0 0.0 0.0 0.0 12/10/1969
4.7 2.2 2.2 2.2 2.2 2.2 0.0 0.0 0.0 0.0 0.0 0.0 4.7 4.7 2.3 2.3 2.3 2.3 0.0 0.0 0.0 0.0 0.0 0.2 4.7 4.7 4.7 4.8 13/10/1969
0.7 1.0 1.0 1.0 1.0 1.0 0.7 0.7 0.7 0.7 0.0 0.0 0.7 0.7 1.0 1.0 1.0 1.0 0.6 0.7 0.7 0.0 0.0 0.4 0.7 0.7 0.7 0.8 14/10/1969
0.0 0.0 0.0 0.0 0.0 0.0 0.0 0.0 0.0 0.0 0.0 0.0 0.0 0.0 0.0 0.0 0.0 0.0 0.0 0.0 0.0 0.0 0.0 0.0 0.0 0.0 0.0 0.0 15/10/1969
0.0 0.0 0.0 0.0 0.0 0.0 0.0 0.0 0.0 0.0 0.0 0.0 0.0 0.0 0.0 0.0 0.0 0.0 0.0 0.0 0.0 0.0 0.0 0.0 0.0 0.0 0.0 0.0 16/10/1969
0.0 0.0 0.0 0.0 0.0 0.0 0.0 0.0 0.0 0.0 0.0 0.0 0.0 0.0 0.0 0.0 0.0 0.0 0.0 0.0 0.0 0.0 0.0 0.0 0.0 0.0 0.0 0.0 17/10/1969
0.0 0.0 0.0 0.0 0.0 0.0 0.0 0.0 0.0 0.0 0.0 0.0 0.0 0.0 0.0 0.0 0.0 0.0 0.0 0.0 0.0 0.0 0.0 0.0 0.0 0.0 0.0 0.0 18/10/1969
0.0 0.0 0.0 0.0 0.0 0.0 0.0 0.0 0.0 0.0 0.0 0.0 0.0 0.0 0.0 0.0 0.0 0.0 0.0 0.0 0.0 0.0 0.0 0.0 0.0 0.0 0.0 0.0 19/10/1969
0.5 0.0 0.0 0.0 0.0 0.0 0.0 0.0 0.0 0.0 0.0 0.0 0.5 0.5 0.0 0.0 0.0 0.0 0.0 0.0 0.0 0.0 0.0 0.0 0.5 0.5 0.5 0.5 20/10/1969
0.1 4.5 4.5 4.5 4.5 4.5 0.0 0.0 0.0 0.0 0.0 0.0 0.1 0.1 4.6 4.6 4.6 4.6 0.0 0.0 0.0 0.0 0.0 3.8 0.1 0.1 0.1 0.1 21/10/1969
0.5 0.0 0.0 0.0 0.0 0.0 0.2 0.2 0.2 0.2 0.1 0.1 0.5 0.5 0.0 0.0 0.0 0.0 0.2 0.2 0.2 0.1 0.1 0.6 0.5 0.5 0.5 0.5 22/10/1969
0.6 0.0 0.0 0.0 0.0 0.0 0.9 0.9 0.9 0.9 0.0 0.0 0.6 0.6 0.0 0.0 0.0 0.0 0.9 0.9 0.9 0.0 0.0 0.0 0.6 0.6 0.6 0.6 23/10/1969
1.2 0.5 0.5 0.5 0.5 0.5 0.6 0.7 0.7 0.7 3.5 3.5 1.2 1.2 0.5 0.5 0.5 0.5 0.6 0.6 0.6 3.4 3.4 0.1 1.2 1.2 1.2 1.2 24/10/1969
1.7 3.4 3.4 3.4 3.4 3.4 2.7 2.7 2.7 2.8 1.6 1.7 1.7 1.7 3.4 3.4 3.4 3.4 2.6 2.7 2.7 1.6 1.6 2.8 1.7 1.7 1.7 1.7 25/10/1969
0.0 0.0 0.0 0.0 0.0 0.0 0.0 0.0 0.0 0.0 0.2 0.2 0.0 0.0 0.0 0.0 0.0 0.0 0.0 0.0 0.0 0.2 0.2 0.0 0.0 0.0 0.0 0.0 26/10/1969
0.0 0.0 0.0 0.0 0.0 0.0 0.0 0.0 0.0 0.0 0.0 0.0 0.0 0.0 0.0 0.0 0.0 0.0 0.0 0.0 0.0 0.0 0.0 0.0 0.0 0.0 0.0 0.0 27/10/1969
0.0 0.0 0.0 0.0 0.0 0.0 0.0 0.0 0.0 0.0 0.0 0.0 0.0 0.0 0.0 0.0 0.0 0.0 0.0 0.0 0.0 0.0 0.0 0.0 0.0 0.0 0.0 0.0 28/10/1969
0.0 0.0 0.0 0.0 0.0 0.0 0.0 0.0 0.0 0.0 0.0 0.0 0.0 0.0 0.0 0.0 0.0 0.0 0.0 0.0 0.0 0.0 0.0 0.0 0.0 0.0 0.0 0.0 29/10/1969
0.0 0.0 0.0 0.0 0.0 0.0 0.0 0.0 0.0 0.0 0.0 0.0 0.0 0.0 0.0 0.0 0.0 0.0 0.0 0.0 0.0 0.0 0.0 0.0 0.0 0.0 0.0 0.0 30/10/1969
0.0 0.0 0.0 0.0 0.0 0.0 0.0 0.0 0.0 0.0 0.0 0.0 0.0 0.0 0.0 0.0 0.0 0.0 0.0 0.0 0.0 0.0 0.0 0.0 0.0 0.0 0.0 0.0 31/10/1969
0.0 0.0 0.0 0.0 0.0 0.0 0.0 0.0 0.0 0.0 0.0 0.0 0.0 0.0 0.0 0.0 0.0 0.0 0.0 0.0 0.0 0.0 0.0 0.0 0.0 0.0 0.0 0.0 01/11/1969
0.1 0.0 0.0 0.0 0.0 0.0 0.2 0.2 0.2 0.2 0.9 0.9 0.1 0.1 0.0 0.0 0.0 0.0 0.2 0.2 0.2 0.9 0.8 0.1 0.1 0.1 0.1 0.1 02/11/1969
0.0 0.0 0.0 0.0 0.0 0.0 0.0 0.0 0.0 0.0 0.0 0.0 0.0 0.0 0.0 0.0 0.0 0.0 0.0 0.0 0.0 0.0 0.0 0.0 0.0 0.0 0.0 0.0 03/11/1969
3.4 4.5 4.6 4.5 4.5 4.6 4.9 5.0 5.0 5.1 3.8 3.8 3.4 3.4 4.6 4.6 4.6 4.6 4.9 4.9 5.0 3.7 3.7 2.2 3.4 3.4 3.5 3.5 04/11/1969
0.0 0.0 0.0 0.0 0.0 0.0 0.0 0.0 0.0 0.0 0.0 0.0 0.0 0.0 0.0 0.0 0.0 0.0 0.0 0.0 0.0 0.0 0.0 0.0 0.0 0.0 0.0 0.0 05/11/1969
25.4 12.5 12.5 12.5 12.5 12.5 0.9 0.9 0.9 0.9 0.0 0.0 25.7 25.7 12.7 12.6 12.6 12.7 0.9 0.9 0.9 0.0 0.0 25.4 25.5 25.5 25.7 25.8 06/11/1969
7.8 14.5 14.6 14.5 14.5 14.6 15.4 15.6 15.8 15.9 23.3 23.4 7.9 7.9 14.7 14.7 14.7 14.7 15.2 15.5 15.6 22.8 22.6 9.6 7.8 7.8 7.9 7.9 07/11/1969
14.3 12.0 12.1 12.0 12.1 12.1 6.9 7.0 7.1 7.2 11.2 11.3 14.5 14.5 12.2 12.2 12.2 12.2 6.9 7.0 7.0 11.0 10.9 8.0 14.4 14.4 14.5 14.6 08/11/1969
10.5 11.3 11.4 11.3 11.3 11.4 7.4 7.5 7.6 7.6 10.1 10.1 10.6 10.6 11.5 11.5 11.5 11.5 7.3 7.4 7.4 9.9 9.8 6.1 10.6 10.6 10.6 10.7 09/11/1969
0.7 0.1 0.1 0.1 0.1 0.1 0.0 0.0 0.0 0.0 0.0 0.0 0.7 0.7 0.1 0.1 0.1 0.1 0.0 0.0 0.0 0.0 0.0 0.6 0.7 0.7 0.7 0.7 10/11/1969
3.0 4.4 4.4 4.4 4.4 4.4 10.2 10.3 10.4 10.5 14.2 14.3 3.1 3.1 4.5 4.5 4.5 4.5 10.1 10.2 10.3 13.9 13.8 8.2 3.0 3.0 3.1 3.1 11/11/1969
3.7 1.7 1.7 1.7 1.7 1.7 4.2 4.3 4.4 4.4 3.8 3.8 3.7 3.7 1.7 1.7 1.7 1.7 4.2 4.3 4.3 3.7 3.7 1.5 3.7 3.7 3.7 3.7 12/11/1969
2.1 3.1 3.1 3.1 3.1 3.1 5.8 5.9 5.9 6.0 12.2 12.3 2.1 2.1 3.1 3.1 3.1 3.1 5.7 5.8 5.8 12.0 11.9 7.3 2.1 2.1 2.1 2.1 13/11/1969
1.0 0.3 0.3 0.3 0.3 0.3 0.1 0.1 0.1 0.1 0.0 0.0 1.0 1.0 0.3 0.3 0.3 0.3 0.1 0.1 0.1 0.0 0.0 2.5 1.0 1.0 1.0 1.0 14/11/1969
2.0 1.4 1.4 1.4 1.4 1.4 2.0 2.1 2.1 2.1 2.8 2.8 2.0 2.0 1.4 1.4 1.4 1.4 2.0 2.1 2.1 2.7 2.7 6.2 2.0 2.0 2.0 2.1 15/11/1969
9.6 3.2 3.2 3.2 3.2 3.2 8.0 8.1 8.2 8.2 15.3 15.4 9.7 9.7 3.3 3.2 3.2 3.3 7.8 8.0 8.0 15.0 14.9 5.6 9.6 9.6 9.7 9.7 16/11/1969
10.6 17.8 17.8 17.8 17.8 17.8 5.3 5.3 5.4 5.5 3.9 4.0 10.8 10.8 18.0 17.9 17.9 18.0 5.3 5.3 5.3 3.9 3.8 8.4 10.8 10.8 10.8 10.9 17/11/1969
6.7 3.7 3.7 3.7 3.7 3.7 4.5 4.6 4.6 4.7 5.9 5.9 6.8 6.8 3.7 3.7 3.7 3.7 4.5 4.5 4.6 5.8 5.7 4.6 6.8 6.8 6.8 6.8 18/11/1969
7.3 5.8 5.8 5.8 5.8 5.8 5.6 5.7 5.8 5.8 5.2 5.2 7.4 7.4 5.9 5.9 5.9 5.9 5.6 5.6 5.7 5.1 5.0 1.9 7.3 7.3 7.4 7.4 19/11/1969
1.4 0.8 0.8 0.8 0.8 0.8 1.8 1.9 1.9 1.9 2.2 2.2 1.5 1.5 0.8 0.8 0.8 0.8 1.8 1.8 1.8 2.1 2.1 0.5 1.4 1.4 1.5 1.5 20/11/1969
3.4 6.4 6.5 6.4 6.4 6.5 7.1 7.2 7.2 7.3 5.7 5.7 3.4 3.4 6.5 6.5 6.5 6.5 7.0 7.1 7.2 5.6 5.5 2.5 3.4 3.4 3.4 3.4 21/11/1969
0.0 0.0 0.0 0.0 0.0 0.0 0.0 0.0 0.0 0.0 0.8 0.8 0.0 0.0 0.0 0.0 0.0 0.0 0.0 0.0 0.0 0.7 0.7 0.4 0.0 0.0 0.0 0.0 22/11/1969
0.1 0.0 0.0 0.0 0.0 0.0 9.6 9.7 9.8 9.9 6.2 6.2 0.1 0.1 0.0 0.0 0.0 0.0 9.4 9.6 9.6 6.1 6.0 3.2 0.1 0.1 0.1 0.1 23/11/1969
1.5 4.3 4.3 4.3 4.3 4.3 9.6 9.7 9.9 9.9 10.7 10.7 1.5 1.5 4.4 4.4 4.4 4.4 9.5 9.6 9.7 10.4 10.3 1.6 1.5 1.5 1.5 1.5 24/11/1969
6.9 13.2 13.3 13.2 13.2 13.3 1.1 1.0 1.0 1.0 0.5 0.5 7.1 7.1 13.4 13.4 13.4 13.5 1.1 1.1 1.1 0.5 0.5 3.6 7.0 7.0 7.1 7.1 25/11/1969
1.6 0.5 0.6 0.5 0.5 0.6 0.0 0.0 0.0 0.0 0.8 0.8 1.6 1.6 0.6 0.6 0.6 0.6 0.0 0.0 0.0 0.8 0.8 1.4 1.6 1.6 1.7 1.6 26/11/1969
9.4 5.5 5.6 5.5 5.5 5.6 3.5 3.5 3.5 3.5 3.9 4.0 9.5 9.5 5.6 5.6 5.6 5.6 3.4 3.5 3.5 3.9 3.9 6.2 9.4 9.4 9.5 9.5 27/11/1969
2.4 3.3 3.3 3.3 3.3 3.3 2.9 2.9 2.9 2.9 4.0 4.0 2.4 2.4 3.4 3.4 3.4 3.4 2.7 2.9 2.9 4.0 3.9 1.0 2.4 2.4 2.4 2.4 28/11/1969
5.0 3.5 3.6 3.5 3.6 3.6 0.1 0.1 0.1 0.1 0.0 0.0 5.1 5.1 3.6 3.7 3.7 3.7 0.1 0.1 0.1 0.0 0.0 3.3 5.0 5.0 5.1 5.1 29/11/1969
2.4 0.2 0.2 0.2 0.2 0.2 0.0 0.0 0.0 0.0 0.0 0.0 2.5 2.5 0.2 0.2 0.2 0.2 0.0 0.0 0.0 0.0 0.0 0.9 2.5 2.5 2.4 2.4 30/11/1969
2.0 1.2 1.2 1.2 1.2 1.2 0.5 0.6 0.5 0.6 1.0 1.0 2.1 2.1 1.2 1.2 1.2 1.2 0.6 0.5 0.6 0.9 1.0 2.1 2.1 2.1 2.1 2.1 01/12/1969
12.9 7.4 7.4 7.4 7.4 7.4 9.3 9.4 9.5 9.6 6.5 6.5 13.0 13.0 7.5 7.5 7.5 7.5 9.2 9.3 9.3 6.5 6.4 13.4 13.0 13.0 13.1 13.1 02/12/1969
1.5 3.0 3.0 3.0 3.0 3.0 7.5 7.6 7.7 7.7 8.0 8.0 1.5 1.5 3.0 3.0 3.0 3.0 7.4 7.5 7.6 7.9 7.8 0.9 1.5 1.5 1.5 1.5 03/12/1969
0.7 6.5 6.5 6.5 6.4 6.5 0.3 0.3 0.3 0.3 4.1 4.1 0.7 0.7 6.5 6.5 6.5 6.5 0.3 0.3 0.3 4.0 4.0 0.7 0.7 0.7 0.7 0.7 04/12/1969
3.5 1.1 1.1 1.1 1.1 1.1 0.0 0.0 0.0 0.0 0.0 0.0 3.6 3.6 1.1 1.1 1.1 1.1 0.0 0.0 0.0 0.0 0.0 1.6 3.6 3.6 3.6 3.6 05/12/1969
4.9 8.7 8.8 8.7 8.7 8.7 0.0 0.0 0.0 0.0 0.0 0.0 4.9 4.9 8.8 8.8 8.8 8.8 0.0 0.0 0.0 0.0 0.0 5.2 5.0 5.0 5.0 5.0 06/12/1969
2.4 2.1 2.1 2.1 2.2 2.1 5.6 5.7 5.7 5.8 6.3 6.3 2.5 2.5 2.2 2.2 2.2 2.2 5.5 5.6 5.6 6.1 6.1 4.1 2.5 2.5 2.5 2.6 07/12/1969
0.0 0.0 0.0 0.0 0.0 0.0 0.2 0.2 0.2 0.2 0.5 0.5 0.0 0.0 0.0 0.0 0.0 0.0 0.2 0.2 0.2 0.5 0.5 0.0 0.0 0.0 0.0 0.0 08/12/1969
0.0 0.0 0.0 0.0 0.0 0.0 0.0 0.0 0.0 0.0 0.0 0.0 0.0 0.0 0.0 0.0 0.0 0.0 0.0 0.0 0.0 0.0 0.0 0.0 0.0 0.0 0.0 0.0 09/12/1969
0.0 0.0 0.0 0.0 0.0 0.0 0.0 0.0 0.0 0.0 0.0 0.0 0.0 0.0 0.0 0.0 0.0 0.0 0.0 0.0 0.0 0.0 0.0 0.0 0.0 0.0 0.0 0.0 10/12/1969
0.0 0.0 0.0 0.0 0.0 0.0 0.2 0.2 0.2 0.2 0.1 0.1 0.0 0.0 0.0 0.0 0.0 0.0 0.2 0.2 0.2 0.2 0.2 0.6 0.0 0.0 0.0 0.0 11/12/1969
0.2 0.0 0.0 0.0 0.0 0.0 0.0 0.0 0.0 0.0 0.0 0.0 0.2 0.2 0.0 0.0 0.0 0.0 0.0 0.0 0.0 0.0 0.0 0.5 0.2 0.2 0.2 0.2 12/12/1969
0.0 0.0 0.0 0.0 0.0 0.0 0.1 0.1 0.1 0.1 2.8 2.8 0.0 0.0 0.0 0.0 0.0 0.0 0.1 0.1 0.2 2.8 2.7 0.0 0.0 0.0 0.0 0.0 13/12/1969
12.3 11.1 11.1 11.1 11.1 11.1 16.1 16.3 16.5 16.6 18.1 18.1 12.5 12.5 11.3 11.3 11.3 11.3 15.9 16.1 16.2 17.6 17.5 6.5 12.4 12.4 12.5 12.5 14/12/1969
6.7 7.9 7.9 7.9 7.9 7.9 5.4 5.5 5.5 5.6 6.9 7.0 6.8 6.8 8.0 8.0 8.0 8.0 5.3 5.4 5.5 6.8 6.8 3.5 6.8 6.8 6.8 6.8 15/12/1969
0.3 0.2 0.2 0.2 0.2 0.2 1.2 1.2 1.3 1.3 0.8 0.8 0.3 0.3 0.2 0.2 0.2 0.2 1.3 1.2 1.2 0.8 0.9 0.6 0.3 0.3 0.3 0.3 16/12/1969
3.6 3.4 3.4 3.4 3.4 3.4 0.1 0.1 0.1 0.1 0.2 0.2 3.6 3.6 3.4 3.5 3.5 3.4 0.1 0.1 0.1 0.3 0.3 3.6 3.6 3.6 3.7 3.7 17/12/1969
0.0 0.1 0.1 0.1 0.1 0.1 0.0 0.0 0.0 0.0 0.4 0.4 0.0 0.0 0.1 0.1 0.1 0.1 0.0 0.0 0.0 0.4 0.4 0.0 0.0 0.0 0.0 0.0 18/12/1969
0.0 0.0 0.0 0.0 0.0 0.0 0.0 0.0 0.0 0.0 0.0 0.0 0.0 0.0 0.0 0.0 0.0 0.0 0.0 0.0 0.0 0.0 0.0 0.0 0.0 0.0 0.0 0.0 19/12/1969
2.0 1.0 1.1 1.0 1.0 1.1 0.0 0.0 0.0 0.0 0.0 0.0 2.0 2.0 1.1 1.0 1.0 1.1 0.0 0.0 0.0 0.0 0.0 0.7 2.0 2.0 2.1 2.0 20/12/1969
9.3 5.6 5.6 5.6 5.6 5.6 0.1 0.1 0.1 0.1 0.5 0.5 9.5 9.5 5.6 5.6 5.6 5.6 0.1 0.1 0.1 0.5 0.5 3.9 9.4 9.4 9.5 9.5 21/12/1969
3.3 8.4 8.5 8.5 8.5 8.5 4.8 4.8 4.9 5.0 4.1 4.1 3.4 3.4 8.6 8.6 8.6 8.6 4.7 4.9 4.8 4.0 4.0 2.3 3.4 3.4 3.4 3.4 22/12/1969
0.6 1.8 1.8 1.8 1.8 1.8 1.0 0.9 0.9 0.9 1.6 1.6 0.6 0.6 1.8 1.8 1.8 1.8 1.0 1.0 0.9 1.5 1.5 0.6 0.6 0.6 0.6 0.6 23/12/1969
1.6 2.0 2.0 2.0 2.0 2.0 1.8 1.8 1.8 1.8 4.0 4.0 1.6 1.6 2.0 2.0 2.0 2.0 1.7 1.8 1.8 4.0 3.9 0.8 1.6 1.6 1.6 1.6 24/12/1969
0.8 5.6 5.6 5.6 5.6 5.6 0.1 0.1 0.1 0.1 0.3 0.3 0.8 0.8 5.7 5.7 5.7 5.7 0.1 0.1 0.1 0.3 0.3 0.2 0.8 0.8 0.8 0.8 25/12/1969
0.1 0.0 0.0 0.0 0.0 0.0 0.0 0.0 0.0 0.0 0.0 0.0 0.1 0.1 0.0 0.0 0.0 0.0 0.0 0.0 0.0 0.0 0.0 0.0 0.1 0.1 0.1 0.1 26/12/1969
0.0 0.0 0.0 0.0 0.0 0.0 0.0 0.0 0.0 0.0 0.0 0.0 0.0 0.0 0.0 0.0 0.0 0.0 0.0 0.0 0.0 0.0 0.0 0.0 0.0 0.0 0.0 0.0 27/12/1969
0.0 0.0 0.0 0.0 0.0 0.0 0.0 0.0 0.0 0.0 0.0 0.0 0.0 0.0 0.0 0.0 0.0 0.0 0.0 0.0 0.0 0.0 0.0 0.0 0.0 0.0 0.0 0.0 28/12/1969
0.0 0.0 0.0 0.0 0.0 0.0 0.0 0.0 0.0 0.0 0.0 0.0 0.0 0.0 0.0 0.0 0.0 0.0 0.0 0.0 0.0 0.0 0.0 0.0 0.0 0.0 0.0 0.0 29/12/1969
0.0 0.0 0.0 0.0 0.0 0.0 0.0 0.0 0.0 0.0 0.0 0.0 0.0 0.0 0.0 0.0 0.0 0.0 0.0 0.0 0.0 0.0 0.0 0.0 0.0 0.0 0.0 0.0 30/12/1969
0.0 0.0 0.0 0.0 0.0 0.0 0.0 0.0 0.0 0.0 0.0 0.0 0.0 0.0 0.0 0.0 0.0 0.0 0.0 0.0 0.0 0.0 0.0 0.0 0.0 0.0 0.0 0.0 31/12/1969
0.0 0.0 0.0 0.0 0.0 0.0 0.9 1.0 1.0 1.0 0.0 0.0 0.0 0.0 0.0 0.0 0.0 0.0 0.9 0.9 1.0 0.0 0.0 0.3 0.0 0.0 0.0 0.0 01/01/1970
3.6 2.6 2.6 2.6 2.6 2.6 2.1 2.1 2.1 2.2 4.8 4.9 3.7 3.7 2.5 2.5 2.5 2.5 2.1 2.2 2.2 4.7 4.7 5.7 3.7 3.7 3.7 3.7 02/01/1970
4.2 3.9 3.9 3.9 3.9 3.9 2.3 2.3 2.3 2.3 6.2 6.2 4.3 4.3 4.0 4.0 4.0 4.0 2.2 2.2 2.2 6.0 6.1 4.7 4.2 4.2 4.3 4.3 03/01/1970
0.0 0.0 0.0 0.0 0.0 0.0 0.3 0.3 0.3 0.3 3.5 3.6 0.0 0.0 0.0 0.0 0.0 0.0 0.3 0.3 0.3 3.4 3.4 0.0 0.0 0.0 0.0 0.0 04/01/1970
0.0 0.7 0.7 0.7 0.7 0.7 0.3 0.3 0.3 0.3 1.1 1.1 0.0 0.0 0.7 0.7 0.7 0.7 0.3 0.3 0.3 1.1 1.1 0.2 0.0 0.0 0.0 0.0 05/01/1970
0.6 0.3 0.3 0.3 0.3 0.3 1.3 1.3 1.3 1.3 1.2 1.2 0.5 0.5 0.4 0.4 0.4 0.4 1.3 1.3 1.3 1.2 1.2 1.0 0.5 0.5 0.5 0.6 06/01/1970
0.0 0.0 0.0 0.0 0.0 0.0 0.0 0.0 0.0 0.0 0.0 0.0 0.0 0.0 0.0 0.0 0.0 0.0 0.0 0.0 0.0 0.0 0.0 0.0 0.0 0.0 0.0 0.0 07/01/1970
11.4 9.1 9.1 9.1 9.1 9.1 8.6 8.7 8.8 8.9 5.4 5.4 11.5 11.5 9.2 9.2 9.2 9.2 8.5 8.6 8.6 5.2 5.2 10.0 11.5 11.5 11.6 11.6 08/01/1970
6.2 2.7 2.7 2.7 2.7 2.7 4.2 4.2 4.3 4.3 5.0 5.0 6.2 6.2 2.8 2.8 2.8 2.8 4.1 4.2 4.2 4.9 4.9 7.4 6.2 6.2 6.2 6.3 09/01/1970
5.5 5.0 5.0 5.0 5.0 5.1 0.3 0.3 0.3 0.3 1.2 1.2 5.6 5.6 5.1 5.1 5.1 5.1 0.2 0.3 0.3 1.1 1.1 4.5 5.6 5.6 5.6 5.6 10/01/1970
0.0 0.0 0.0 0.0 0.0 0.0 2.1 2.2 2.2 2.2 4.6 4.6 0.0 0.0 0.0 0.0 0.0 0.0 2.1 2.1 2.2 4.5 4.4 1.0 0.0 0.0 0.0 0.0 11/01/1970
0.0 0.0 0.0 0.0 0.0 0.0 0.1 0.1 0.1 0.1 0.9 0.9 0.0 0.0 0.0 0.0 0.0 0.0 0.1 0.1 0.1 0.9 0.9 0.2 0.0 0.0 0.0 0.0 12/01/1970
1.1 0.1 0.1 0.1 0.1 0.1 0.0 0.0 0.0 0.0 0.0 0.0 1.1 1.1 0.1 0.1 0.1 0.1 0.0 0.0 0.0 0.0 0.0 1.6 1.1 1.1 1.1 1.1 13/01/1970
6.0 7.4 7.5 7.4 7.4 7.5 0.1 0.1 0.1 0.1 1.7 1.7 6.0 6.0 7.5 7.5 7.5 7.5 0.1 0.1 0.1 1.7 1.7 2.3 6.0 6.0 6.0 6.1 14/01/1970
3.0 1.1 1.1 1.1 1.1 1.1 1.6 1.6 1.6 1.6 1.5 1.5 3.0 3.0 1.1 1.1 1.1 1.1 1.5 1.6 1.6 1.4 1.4 0.7 3.0 3.0 3.0 3.0 15/01/1970
0.2 1.2 1.2 1.2 1.2 1.2 1.6 1.6 1.6 1.6 1.2 1.2 0.2 0.2 1.2 1.2 1.2 1.2 1.6 1.6 1.6 1.2 1.2 0.2 0.2 0.2 0.2 0.2 16/01/1970
0.0 0.0 0.0 0.0 0.0 0.0 0.0 0.0 0.0 0.0 0.0 0.0 0.0 0.0 0.0 0.0 0.0 0.0 0.0 0.0 0.0 0.0 0.0 0.1 0.0 0.0 0.0 0.0 17/01/1970
2.2 1.6 1.6 1.6 1.6 1.6 1.6 1.6 1.6 1.6 0.0 0.0 2.3 2.3 1.6 1.6 1.6 1.6 1.5 1.6 1.6 0.0 0.0 2.4 2.2 2.2 2.3 2.3 18/01/1970
0.0 0.0 0.0 0.0 0.0 0.0 0.0 0.0 0.0 0.0 0.0 0.0 0.0 0.0 0.0 0.0 0.0 0.0 0.0 0.0 0.0 0.0 0.0 0.3 0.0 0.0 0.0 0.0 19/01/1970
9.0 5.7 5.7 5.7 5.7 5.7 0.0 0.0 0.0 0.0 0.0 0.0 9.1 9.1 5.8 5.7 5.7 5.8 0.0 0.0 0.0 0.0 0.0 7.0 9.0 9.0 9.1 9.1 20/01/1970
3.3 1.6 1.6 1.6 1.6 1.6 1.3 1.3 1.3 1.3 0.1 0.1 3.3 3.3 1.6 1.6 1.6 1.6 1.3 1.3 1.3 0.1 0.1 3.1 3.3 3.3 3.3 3.3 21/01/1970
1.4 0.1 0.1 0.1 0.1 0.1 1.4 1.4 1.4 1.4 2.1 2.1 1.4 1.4 0.1 0.1 0.1 0.1 1.4 1.4 1.4 2.0 2.0 1.3 1.4 1.4 1.4 1.4 22/01/1970
17.4 11.2 11.3 11.2 11.3 11.3 6.5 6.5 6.6 6.7 7.9 7.9 17.6 17.6 11.4 11.4 11.4 11.4 6.4 6.5 6.5 7.7 7.7 12.7 17.5 17.5 17.6 17.7 23/01/1970
5.5 4.0 4.1 4.0 4.0 4.1 7.1 7.2 7.2 7.3 10.7 10.7 5.5 5.5 4.1 4.1 4.1 4.1 7.0 7.1 7.1 10.5 10.4 4.3 5.5 5.5 5.5 5.6 24/01/1970
6.0 7.2 7.2 7.2 7.2 7.2 5.3 5.3 5.4 5.5 7.2 7.2 6.1 6.1 7.3 7.3 7.3 7.3 5.2 5.3 5.3 7.1 7.0 7.0 6.0 6.0 6.1 6.1 25/01/1970
0.0 0.0 0.0 0.0 0.0 0.0 7.5 7.6 7.7 7.7 18.7 18.7 0.0 0.0 0.0 0.0 0.0 0.0 7.4 7.5 7.6 18.3 18.1 0.1 0.0 0.0 0.0 0.0 26/01/1970
0.6 0.7 0.7 0.7 0.7 0.7 0.1 0.1 0.1 0.1 0.1 0.1 0.6 0.6 0.7 0.7 0.7 0.7 0.1 0.1 0.1 0.1 0.1 0.0 0.6 0.6 0.6 0.6 27/01/1970
0.0 0.0 0.0 0.0 0.0 0.0 0.0 0.0 0.0 0.0 0.0 0.0 0.0 0.0 0.0 0.0 0.0 0.0 0.0 0.0 0.0 0.0 0.0 0.0 0.0 0.0 0.0 0.0 28/01/1970
23.6 14.9 15.0 15.0 15.0 15.0 5.8 5.9 6.0 6.0 5.8 5.8 23.9 23.9 15.1 15.1 15.1 15.1 5.7 5.8 5.9 5.6 5.6 18.2 23.8 23.8 24.0 24.1 29/01/1970
0.1 0.0 0.0 0.0 0.0 0.0 0.4 0.4 0.4 0.4 0.2 0.2 0.1 0.1 0.0 0.0 0.0 0.0 0.4 0.4 0.4 0.2 0.2 1.4 0.1 0.1 0.1 0.1 30/01/1970
0.0 0.0 0.0 0.0 0.0 0.0 0.0 0.0 0.0 0.0 0.0 0.0 0.0 0.0 0.0 0.0 0.0 0.0 0.0 0.0 0.0 0.0 0.0 0.0 0.0 0.0 0.0 0.0 31/01/1970
8.1 4.5 4.5 4.5 4.5 4.5 3.8 3.8 3.9 3.9 3.2 3.2 8.1 8.1 4.5 4.5 4.5 4.5 3.7 3.8 3.8 3.1 3.1 4.1 8.1 8.1 8.2 8.2 01/02/1970
5.5 3.9 3.9 3.9 3.9 3.9 10.0 10.1 10.2 10.3 12.4 12.5 5.6 5.6 3.9 3.9 3.9 3.9 9.8 10.0 10.0 12.2 12.1 5.1 5.5 5.5 5.6 5.6 02/02/1970
6.1 7.5 7.5 7.5 7.5 7.5 5.2 5.3 5.4 5.4 4.9 4.9 6.2 6.2 7.6 7.6 7.6 7.6 5.2 5.2 5.3 4.8 4.8 7.0 6.2 6.2 6.2 6.2 03/02/1970
3.5 2.2 2.2 2.2 2.2 2.3 2.8 2.8 2.8 2.9 6.4 6.4 3.5 3.5 2.3 2.3 2.3 2.3 2.7 2.8 2.8 6.2 6.2 3.2 3.5 3.5 3.5 3.5 04/02/1970
2.1 7.6 7.6 7.6 7.6 7.6 5.8 5.8 5.9 5.9 7.7 7.7 2.1 2.1 7.7 7.7 7.7 7.7 5.7 5.8 5.8 7.5 7.5 2.8 2.1 2.1 2.1 2.1 05/02/1970
0.0 0.0 0.0 0.0 0.0 0.0 0.0 0.0 0.0 0.0 0.0 0.0 0.0 0.0 0.0 0.0 0.0 0.0 0.0 0.0 0.0 0.0 0.0 0.0 0.0 0.0 0.0 0.0 06/02/1970
8.8 3.3 3.3 3.3 3.3 3.3 4.1 4.2 4.2 4.3 6.2 6.2 8.9 8.9 3.3 3.3 3.3 3.3 4.1 4.1 4.1 6.1 6.1 3.6 8.8 8.8 8.9 8.9 07/02/1970
8.3 10.4 10.4 10.4 10.4 10.4 12.6 12.7 12.9 13.0 13.1 13.1 8.4 8.4 10.5 10.5 10.5 10.5 12.4 12.6 12.7 12.8 12.7 8.3 8.3 8.3 8.4 8.4 08/02/1970
9.4 9.2 9.2 9.2 9.2 9.2 6.4 6.4 6.5 6.6 11.3 11.3 9.5 9.5 9.3 9.3 9.3 9.3 6.2 6.4 6.4 11.0 10.9 3.7 9.4 9.4 9.5 9.5 09/02/1970
4.0 2.2 2.3 2.2 2.2 2.3 4.8 4.8 4.9 5.0 4.6 4.6 4.1 4.1 2.2 2.3 2.3 2.2 4.8 4.8 4.8 4.5 4.4 4.4 4.1 4.1 4.0 4.0 10/02/1970
3.5 2.8 2.8 2.8 2.8 2.8 0.0 0.0 0.0 0.0 1.5 1.5 3.5 3.5 2.8 2.8 2.8 2.8 0.0 0.0 0.0 1.5 1.5 3.0 3.6 3.6 3.6 3.6 11/02/1970
10.2 16.4 16.6 16.4 16.5 16.6 16.0 16.2 16.3 16.5 15.1 15.2 10.3 10.3 16.7 16.7 16.7 16.7 15.8 16.0 16.1 14.8 14.7 9.2 10.3 10.3 10.4 10.4 12/02/1970
9.5 7.0 7.1 7.0 7.1 7.1 3.8 3.9 3.9 3.9 4.8 4.8 9.6 9.6 7.2 7.1 7.1 7.2 3.7 3.8 3.8 4.7 4.7 10.1 9.6 9.6 9.6 9.7 13/02/1970
5.4 1.4 1.4 1.4 1.4 1.4 0.0 0.0 0.0 0.0 0.7 0.7 5.5 5.5 1.3 1.4 1.4 1.3 0.0 0.0 0.0 0.7 0.7 1.1 5.5 5.5 5.5 5.5 14/02/1970
5.0 3.8 3.8 3.8 3.8 3.8 1.8 1.8 1.8 1.9 1.4 1.4 5.0 5.0 3.9 3.9 3.9 3.9 1.8 1.8 1.8 1.4 1.4 0.4 5.1 5.1 5.1 5.1 15/02/1970
4.5 1.3 1.3 1.3 1.3 1.3 2.9 3.0 3.0 3.0 5.9 5.9 4.6 4.6 1.3 1.3 1.3 1.3 2.9 2.9 3.0 5.7 5.7 6.4 4.6 4.6 4.5 4.6 16/02/1970
2.5 2.8 2.8 2.7 2.7 2.8 4.0 4.0 4.0 4.1 4.9 5.0 2.5 2.5 2.8 2.8 2.8 2.8 3.9 4.0 4.0 4.8 4.8 1.6 2.5 2.5 2.5 2.5 17/02/1970
5.1 4.7 4.8 4.8 4.8 4.8 3.8 3.9 3.9 4.0 3.9 3.9 5.2 5.2 4.8 4.8 4.8 4.8 3.8 3.8 3.9 3.7 3.7 4.6 5.2 5.2 5.2 5.2 18/02/1970
3.8 2.7 2.7 2.7 2.7 2.7 7.0 7.1 7.2 7.3 8.4 8.4 3.9 3.9 2.7 2.7 2.7 2.7 6.9 7.1 7.1 8.2 8.2 1.6 3.9 3.9 3.9 3.9 19/02/1970
8.2 13.7 13.8 13.7 13.7 13.8 10.2 10.3 10.4 10.5 8.8 8.9 8.3 8.3 13.9 13.9 13.9 13.9 10.0 10.2 10.2 8.6 8.6 6.1 8.2 8.2 8.3 8.3 20/02/1970
8.1 6.4 6.5 6.4 6.4 6.5 9.9 10.0 10.1 10.2 12.3 12.4 8.2 8.2 6.5 6.5 6.5 6.5 9.7 9.9 10.0 12.1 12.0 1.6 8.1 8.1 8.2 8.2 21/02/1970
9.5 9.2 9.3 9.2 9.3 9.3 12.3 12.4 12.6 12.7 13.8 13.8 9.6 9.6 9.4 9.4 9.4 9.4 12.1 12.3 12.4 13.5 13.4 6.5 9.6 9.6 9.6 9.7 22/02/1970
9.3 11.2 11.3 11.2 11.3 11.3 12.5 12.7 12.8 13.0 11.5 11.5 9.4 9.4 11.4 11.4 11.4 11.4 12.3 12.6 12.6 11.2 11.1 8.7 9.4 9.4 9.5 9.5 23/02/1970
2.8 2.7 2.7 2.7 2.7 2.7 2.2 2.2 2.3 2.3 4.9 4.9 2.9 2.9 2.7 2.7 2.7 2.7 2.2 2.2 2.2 4.8 4.8 1.1 2.9 2.9 2.9 2.9 24/02/1970
1.4 2.3 2.4 2.3 2.3 2.3 2.2 2.2 2.3 2.3 2.2 2.3 1.4 1.4 2.4 2.4 2.4 2.4 2.2 2.2 2.2 2.1 2.1 0.7 1.4 1.4 1.5 1.5 25/02/1970
2.2 1.5 1.5 1.5 1.5 1.6 0.1 0.1 0.1 0.1 1.3 1.3 2.3 2.3 1.6 1.6 1.6 1.6 0.1 0.1 0.1 1.3 1.3 2.9 2.2 2.2 2.3 2.3 26/02/1970
0.0 0.2 0.2 0.2 0.2 0.2 0.0 0.0 0.0 0.0 0.1 0.1 0.0 0.0 0.2 0.2 0.2 0.2 0.0 0.0 0.0 0.1 0.1 1.4 0.0 0.0 0.0 0.0 27/02/1970
0.0 0.0 0.0 0.0 0.0 0.0 0.1 0.1 0.1 0.1 0.1 0.1 0.0 0.0 0.0 0.0 0.0 0.0 0.1 0.1 0.1 0.1 0.1 0.9 0.0 0.0 0.0 0.0 28/02/1970
3.9 4.0 4.0 4.0 4.0 4.0 8.6 8.7 8.8 8.9 9.4 9.5 3.9 3.9 4.0 4.0 4.0 4.0 8.5 8.6 8.7 9.2 9.2 0.2 3.9 3.9 3.9 4.0 01/03/1970
1.8 5.5 5.5 5.5 5.5 5.5 4.0 4.0 4.1 4.1 5.4 5.4 1.9 1.9 5.6 5.6 5.6 5.6 3.9 4.0 4.0 5.4 5.3 1.6 1.8 1.8 1.9 1.8 02/03/1970
1.6 0.1 0.1 0.1 0.1 0.1 0.9 0.8 0.8 0.9 1.9 1.9 1.7 1.7 0.1 0.1 0.1 0.1 0.9 0.9 0.9 1.9 1.9 0.7 1.6 1.6 1.7 1.7 03/03/1970
12.7 8.2 8.2 8.2 8.2 8.2 4.7 4.8 4.9 4.9 2.4 2.4 12.8 12.8 8.3 8.3 8.3 8.3 4.7 4.8 4.8 2.4 2.4 9.9 12.7 12.7 12.8 12.8 04/03/1970
0.6 1.3 1.3 1.3 1.3 1.3 0.1 0.1 0.1 0.1 0.0 0.0 0.6 0.6 1.3 1.3 1.3 1.3 0.1 0.1 0.1 0.0 0.0 0.7 0.6 0.6 0.6 0.6 05/03/1970
2.7 3.9 3.9 3.9 3.9 4.0 5.7 5.8 5.9 5.9 7.8 7.8 2.7 2.7 4.0 4.0 4.0 4.0 5.7 5.8 5.8 7.7 7.6 1.3 2.7 2.7 2.8 2.7 06/03/1970
4.1 3.8 3.9 3.8 3.9 3.9 6.4 6.5 6.5 6.6 2.0 2.0 4.1 4.1 3.9 3.9 3.9 3.9 6.3 6.4 6.4 1.9 1.9 1.7 4.1 4.1 4.1 4.1 07/03/1970
8.3 2.5 2.5 2.5 2.5 2.5 0.1 0.1 0.1 0.1 0.6 0.6 8.4 8.4 2.5 2.5 2.5 2.5 0.1 0.1 0.1 0.6 0.6 4.1 8.4 8.4 8.4 8.5 08/03/1970
3.1 0.0 0.0 0.0 0.0 0.0 2.4 2.4 2.4 2.5 7.6 7.7 3.1 3.1 0.0 0.0 0.0 0.0 2.4 2.4 2.4 7.4 7.3 1.4 3.1 3.1 3.1 3.1 09/03/1970
1.1 0.0 0.0 0.0 0.0 0.0 0.0 0.0 0.0 0.0 0.0 0.0 1.1 1.1 0.0 0.0 0.0 0.0 0.0 0.0 0.0 0.0 0.0 0.6 1.1 1.1 1.1 1.2 10/03/1970
7.6 6.2 6.3 6.2 6.2 6.2 4.0 4.1 4.1 4.2 4.4 4.4 7.6 7.6 6.3 6.3 6.3 6.3 4.0 4.0 4.0 4.3 4.3 5.2 7.6 7.6 7.7 7.7 11/03/1970
10.6 1.9 1.9 1.9 1.9 1.9 4.7 4.7 4.8 4.8 6.0 6.0 10.7 10.7 1.9 1.9 1.9 1.9 4.6 4.7 4.7 5.8 5.8 3.4 10.6 10.6 10.8 10.8 12/03/1970
0.1 0.0 0.0 0.0 0.0 0.0 0.0 0.0 0.0 0.0 0.0 0.0 0.1 0.1 0.0 0.0 0.0 0.0 0.0 0.0 0.0 0.0 0.0 0.0 0.1 0.1 0.1 0.1 13/03/1970
0.0 0.0 0.0 0.0 0.0 0.0 0.0 0.0 0.0 0.0 0.0 0.0 0.0 0.0 0.0 0.0 0.0 0.0 0.0 0.0 0.0 0.0 0.0 0.0 0.0 0.0 0.0 0.0 14/03/1970
0.8 0.8 0.8 0.8 0.8 0.8 0.2 0.2 0.2 0.2 0.0 0.0 0.8 0.8 0.8 0.8 0.8 0.8 0.2 0.2 0.2 0.0 0.0 0.8 0.8 0.8 0.9 0.9 15/03/1970
0.0 0.0 0.0 0.0 0.0 0.0 0.0 0.0 0.0 0.0 0.0 0.0 0.0 0.0 0.0 0.0 0.0 0.0 0.0 0.0 0.0 0.0 0.0 0.0 0.0 0.0 0.0 0.0 16/03/1970
11.2 12.0 12.1 12.0 12.0 12.1 13.7 13.9 14.1 14.2 17.2 17.3 11.3 11.3 12.2 12.2 12.2 12.2 13.5 13.7 13.8 16.9 16.7 7.4 11.3 11.3 11.4 11.4 17/03/1970
1.6 2.8 2.8 2.8 2.8 2.8 4.4 4.4 4.5 4.5 5.8 5.8 1.6 1.6 2.9 2.9 2.8 2.9 4.3 4.4 4.4 5.7 5.6 0.1 1.6 1.6 1.6 1.6 18/03/1970
0.0 0.0 0.0 0.0 0.0 0.0 0.0 0.0 0.0 0.0 0.1 0.1 0.0 0.0 0.0 0.0 0.0 0.0 0.0 0.0 0.0 0.1 0.1 0.0 0.0 0.0 0.0 0.0 19/03/1970
0.1 0.0 0.0 0.0 0.0 0.0 1.2 1.2 1.2 1.2 1.6 1.6 0.1 0.1 0.0 0.0 0.0 0.0 1.2 1.2 1.2 1.6 1.6 0.0 0.1 0.1 0.1 0.1 20/03/1970
0.0 0.1 0.1 0.1 0.1 0.1 0.9 0.9 0.9 0.9 1.1 1.1 0.0 0.0 0.1 0.1 0.1 0.1 0.9 0.9 0.9 1.1 1.1 0.0 0.0 0.0 0.0 0.0 21/03/1970
1.0 0.2 0.2 0.2 0.2 0.2 1.2 1.2 1.3 1.3 2.0 2.0 1.0 1.0 0.2 0.2 0.2 0.2 1.2 1.2 1.2 1.9 1.9 1.3 1.0 1.0 1.0 1.0 22/03/1970
3.9 3.4 3.4 3.4 3.4 3.4 8.0 8.1 8.2 8.3 4.6 4.6 3.9 3.9 3.4 3.4 3.4 3.4 7.9 8.0 8.1 4.5 4.5 6.2 3.9 3.9 3.9 3.9 23/03/1970
1.3 0.0 0.0 0.0 0.0 0.0 0.0 0.0 0.0 0.0 2.7 2.7 1.3 1.3 0.0 0.0 0.0 0.0 0.0 0.0 0.0 2.6 2.6 2.4 1.3 1.3 1.3 1.3 24/03/1970
0.0 0.0 0.0 0.0 0.0 0.0 0.0 0.0 0.0 0.0 0.0 0.0 0.0 0.0 0.0 0.0 0.0 0.0 0.0 0.0 0.0 0.0 0.0 0.0 0.0 0.0 0.0 0.0 25/03/1970
0.0 0.8 0.8 0.8 0.8 0.8 1.6 1.6 1.5 1.6 2.2 2.3 0.0 0.0 0.8 0.8 0.8 0.8 1.5 1.6 1.6 2.2 2.1 0.0 0.0 0.0 0.0 0.0 26/03/1970
1.3 0.9 0.9 0.9 0.9 0.9 0.3 0.3 0.3 0.4 0.9 0.9 1.3 1.3 0.9 0.9 0.9 0.9 0.3 0.3 0.3 1.0 1.0 0.2 1.3 1.3 1.3 1.3 27/03/1970
5.6 3.2 3.2 3.2 3.2 3.2 0.7 0.7 0.8 0.7 0.6 0.6 5.7 5.7 3.3 3.3 3.2 3.3 0.7 0.7 0.8 0.6 0.6 1.7 5.7 5.7 5.7 5.7 28/03/1970
1.4 0.0 0.0 0.0 0.0 0.0 0.0 0.0 0.0 0.0 0.0 0.0 1.4 1.4 0.0 0.0 0.0 0.0 0.0 0.0 0.0 0.0 0.0 1.8 1.4 1.4 1.4 1.4 29/03/1970
6.0 4.0 4.1 4.0 4.0 4.1 2.3 2.3 2.3 2.3 2.5 2.5 6.1 6.1 4.1 4.1 4.1 4.1 2.3 2.3 2.3 2.4 2.4 4.1 6.0 6.0 6.1 6.1 30/03/1970
4.1 3.2 3.2 3.2 3.2 3.2 3.5 3.5 3.6 3.6 6.2 6.3 4.2 4.2 3.2 3.2 3.2 3.2 3.4 3.5 3.5 6.1 6.1 2.6 4.1 4.1 4.2 4.2 31/03/1970
9.6 2.1 2.1 2.1 2.1 2.1 0.8 0.8 0.9 0.9 0.1 0.1 9.7 9.7 2.1 2.1 2.1 2.1 0.8 0.8 0.8 0.1 0.1 16.0 9.7 9.7 9.7 9.7 01/04/1970
2.6 0.2 0.2 0.2 0.2 0.2 2.0 2.0 2.0 2.1 2.3 2.3 2.7 2.7 0.2 0.2 0.2 0.2 1.9 2.0 2.0 2.3 2.3 0.2 2.7 2.7 2.7 2.7 02/04/1970
0.2 4.0 4.0 4.0 4.0 4.0 3.9 3.9 3.9 4.0 1.8 1.8 0.3 0.3 4.0 4.0 4.0 4.0 3.8 3.9 3.9 1.8 1.8 0.4 0.2 0.2 0.3 0.3 03/04/1970
9.4 8.3 8.4 8.3 8.4 8.4 2.5 2.5 2.5 2.6 4.7 4.7 9.6 9.6 8.5 8.5 8.5 8.5 2.4 2.5 2.5 4.6 4.6 3.2 9.5 9.5 9.6 9.6 04/04/1970
7.7 4.1 4.1 4.1 4.1 4.1 2.5 2.6 2.6 2.6 1.6 1.6 7.8 7.8 4.2 4.2 4.2 4.2 2.5 2.5 2.6 1.6 1.6 4.5 7.8 7.8 7.9 7.9 05/04/1970
1.7 3.6 3.7 3.6 3.6 3.7 6.4 6.5 6.6 6.6 11.0 11.0 1.7 1.7 3.7 3.7 3.7 3.7 6.3 6.4 6.5 10.8 10.7 2.6 1.7 1.7 1.7 1.7 06/04/1970
1.3 2.3 2.3 2.3 2.3 2.3 0.9 0.9 1.0 1.0 0.0 0.0 1.3 1.3 2.3 2.3 2.3 2.3 0.9 0.9 1.0 0.0 0.0 5.1 1.4 1.4 1.3 1.4 07/04/1970
1.8 1.5 1.5 1.5 1.5 1.5 3.1 3.0 3.0 3.1 0.1 0.1 1.8 1.8 1.6 1.6 1.6 1.6 2.9 3.0 3.1 0.1 0.1 0.9 1.7 1.7 1.8 1.8 08/04/1970
1.7 0.7 0.7 0.7 0.7 0.7 2.0 2.1 2.1 2.1 3.5 3.6 1.7 1.7 0.8 0.8 0.8 0.8 2.1 2.0 2.1 3.5 3.4 1.6 1.7 1.7 1.7 1.7 09/04/1970
2.9 2.0 2.0 2.0 2.0 2.0 3.1 3.2 3.1 3.2 3.0 3.1 3.0 3.0 2.1 2.1 2.1 2.1 3.1 3.1 3.1 3.0 2.9 1.4 2.9 2.9 3.0 3.0 10/04/1970
2.5 1.9 1.9 1.9 1.9 1.9 0.5 0.5 0.5 0.5 1.5 1.5 2.6 2.6 2.0 2.0 2.0 2.0 0.5 0.5 0.5 1.5 1.4 2.2 2.6 2.6 2.6 2.6 11/04/1970
19.4 14.5 14.6 14.5 14.5 14.6 14.3 14.5 14.7 14.8 17.9 17.9 19.6 19.6 14.7 14.7 14.7 14.7 14.1 14.3 14.4 17.5 17.4 9.9 19.5 19.5 19.7 19.7 12/04/1970
0.1 1.7 1.7 1.7 1.7 1.7 4.5 4.6 4.6 4.7 5.2 5.2 0.1 0.1 1.7 1.7 1.7 1.7 4.5 4.5 4.6 5.1 5.1 0.1 0.1 0.1 0.1 0.1 13/04/1970
0.0 0.0 0.0 0.0 0.0 0.0 0.0 0.0 0.0 0.0 0.1 0.1 0.0 0.0 0.0 0.0 0.0 0.0 0.0 0.0 0.0 0.1 0.1 0.0 0.0 0.0 0.0 0.0 14/04/1970
0.0 0.3 0.3 0.3 0.3 0.3 0.0 0.0 0.0 0.0 0.0 0.0 0.0 0.0 0.3 0.3 0.3 0.3 0.0 0.0 0.0 0.0 0.0 0.0 0.0 0.0 0.0 0.0 15/04/1970
0.0 0.0 0.0 0.0 0.0 0.0 0.0 0.0 0.0 0.0 0.0 0.0 0.0 0.0 0.0 0.0 0.0 0.0 0.0 0.0 0.0 0.0 0.0 0.0 0.0 0.0 0.0 0.0 16/04/1970
0.0 0.0 0.0 0.0 0.0 0.0 0.0 0.0 0.0 0.0 0.0 0.0 0.0 0.0 0.0 0.0 0.0 0.0 0.0 0.0 0.0 0.0 0.0 0.1 0.0 0.0 0.0 0.0 17/04/1970
0.0 0.0 0.0 0.0 0.0 0.0 0.0 0.0 0.0 0.0 0.0 0.0 0.0 0.0 0.0 0.0 0.0 0.0 0.0 0.0 0.0 0.0 0.0 0.0 0.0 0.0 0.0 0.0 18/04/1970
0.4 0.0 0.0 0.0 0.0 0.0 2.4 2.4 2.5 2.5 1.0 1.0 0.4 0.4 0.0 0.0 0.0 0.0 2.4 2.4 2.4 1.0 1.0 0.4 0.4 0.4 0.4 0.4 19/04/1970
4.5 1.9 2.0 1.9 2.0 2.0 1.0 1.0 1.0 1.0 3.3 3.4 4.5 4.5 2.0 2.0 2.0 2.0 1.0 1.0 1.0 3.3 3.3 3.7 4.5 4.5 4.5 4.6 20/04/1970
10.8 9.0 9.1 9.0 9.0 9.1 7.6 7.7 7.8 7.9 10.2 10.3 10.9 10.9 9.2 9.1 9.1 9.2 7.5 7.7 7.7 10.0 9.9 4.3 10.8 10.8 10.9 11.0 21/04/1970
0.0 0.0 0.0 0.0 0.0 0.0 3.2 3.3 3.3 3.4 0.7 0.7 0.0 0.0 0.0 0.0 0.0 0.0 3.2 3.2 3.3 0.7 0.7 0.0 0.0 0.0 0.0 0.0 22/04/1970
3.6 7.0 7.1 7.1 7.1 7.1 9.8 10.0 10.1 10.2 8.7 8.7 3.7 3.7 7.2 7.2 7.1 7.2 9.7 9.9 9.9 8.5 8.4 2.4 3.7 3.7 3.7 3.7 23/04/1970
4.6 3.4 3.4 3.4 3.4 3.4 2.2 2.2 2.3 2.3 2.2 2.2 4.6 4.6 3.4 3.4 3.4 3.4 2.2 2.2 2.2 2.2 2.2 2.7 4.6 4.6 4.7 4.7 24/04/1970
7.6 9.8 9.8 9.8 9.8 9.9 10.7 10.8 11.0 11.1 8.3 8.3 7.7 7.7 10.0 9.9 9.9 9.9 10.5 10.7 10.8 8.1 8.1 8.4 7.7 7.7 7.7 7.8 25/04/1970
5.9 4.4 4.4 4.4 4.4 4.4 3.2 3.3 3.3 3.3 5.4 5.4 6.0 6.0 4.4 4.4 4.4 4.4 3.2 3.3 3.3 5.3 5.3 4.9 6.0 6.0 6.0 6.0 26/04/1970
0.2 0.1 0.1 0.1 0.1 0.1 3.0 3.1 3.1 3.1 1.0 1.0 0.2 0.2 0.1 0.1 0.1 0.1 3.0 3.0 3.0 0.9 0.8 0.2 0.2 0.2 0.2 0.2 27/04/1970
4.9 3.8 3.9 3.8 3.9 3.9 4.1 4.1 4.2 4.2 2.6 2.6 5.0 5.0 3.9 3.9 3.9 3.9 4.0 4.1 4.1 2.5 2.5 3.9 4.9 4.9 5.0 5.0 28/04/1970
0.6 1.6 1.6 1.6 1.6 1.6 2.8 2.8 2.8 2.9 5.4 5.4 0.6 0.6 1.7 1.7 1.7 1.7 2.7 2.8 2.8 5.3 5.2 0.2 0.6 0.6 0.6 0.6 29/04/1970
1.8 5.8 5.9 5.8 5.9 5.9 0.5 0.5 0.5 0.5 2.5 2.5 1.9 1.9 5.9 5.9 5.9 5.9 0.5 0.5 0.5 2.4 2.4 1.7 1.9 1.9 1.9 1.9 30/04/1970
0.0 0.0 0.0 0.0 0.0 0.0 1.4 1.4 1.4 1.5 2.5 2.5 0.0 0.0 0.0 0.0 0.0 0.0 1.4 1.4 1.4 2.4 2.4 0.0 0.0 0.0 0.0 0.0 01/05/1970
0.0 0.0 0.0 0.0 0.0 0.0 0.6 0.6 0.6 0.6 3.0 3.0 0.0 0.0 0.0 0.0 0.0 0.0 0.6 0.6 0.6 2.9 2.9 0.0 0.0 0.0 0.0 0.0 02/05/1970
0.0 0.0 0.0 0.0 0.0 0.0 0.0 0.0 0.0 0.0 0.0 0.0 0.0 0.0 0.0 0.0 0.0 0.0 0.0 0.0 0.0 0.0 0.0 0.0 0.0 0.0 0.0 0.0 03/05/1970
0.0 0.0 0.0 0.0 0.0 0.0 0.0 0.0 0.0 0.0 0.0 0.0 0.0 0.0 0.0 0.0 0.0 0.0 0.0 0.0 0.0 0.0 0.0 0.0 0.0 0.0 0.0 0.0 04/05/1970
0.0 0.0 0.0 0.0 0.0 0.0 0.0 0.0 0.0 0.0 0.0 0.0 0.0 0.0 0.0 0.0 0.0 0.0 0.0 0.0 0.0 0.0 0.0 0.0 0.0 0.0 0.0 0.0 05/05/1970
0.1 0.1 0.1 0.1 0.1 0.1 0.0 0.0 0.0 0.0 0.0 0.0 0.1 0.1 0.1 0.1 0.1 0.1 0.0 0.0 0.0 0.0 0.0 0.0 0.1 0.1 0.1 0.1 06/05/1970
6.7 4.1 4.1 4.1 4.1 4.1 0.0 0.0 0.0 0.0 0.0 0.0 6.7 6.7 4.2 4.2 4.2 4.2 0.0 0.0 0.0 0.0 0.0 7.2 6.7 6.7 6.8 6.8 07/05/1970
2.6 12.5 12.5 12.5 12.5 12.5 12.3 12.5 12.6 12.8 8.1 8.1 2.7 2.7 12.7 12.6 12.6 12.7 12.2 12.4 12.4 7.9 7.9 1.8 2.6 2.6 2.7 2.7 08/05/1970
0.1 1.1 1.1 1.1 1.1 1.1 0.0 0.0 0.0 0.0 1.0 1.0 0.1 0.1 1.1 1.1 1.1 1.1 0.0 0.0 0.0 1.0 1.0 0.5 0.1 0.1 0.1 0.1 09/05/1970
1.8 4.8 4.8 4.8 4.8 4.8 12.0 12.1 12.3 12.4 24.3 24.4 1.8 1.8 4.9 4.9 4.9 4.9 11.8 12.0 12.1 23.8 23.6 3.9 1.8 1.8 1.8 1.8 10/05/1970
2.4 4.5 4.5 4.5 4.5 4.5 24.3 24.6 24.9 25.2 18.6 18.7 2.5 2.5 4.6 4.6 4.6 4.6 24.0 24.4 24.5 18.2 18.1 2.5 2.5 2.5 2.5 2.5 11/05/1970
5.7 1.6 1.6 1.6 1.6 1.6 0.7 0.7 0.7 0.7 2.8 2.8 5.8 5.8 1.6 1.6 1.6 1.6 0.7 0.7 0.7 2.8 2.8 7.5 5.7 5.7 5.8 5.8 12/05/1970
0.0 0.6 0.6 0.6 0.6 0.6 0.0 0.0 0.0 0.0 0.0 0.0 0.0 0.0 0.6 0.6 0.6 0.6 0.0 0.0 0.0 0.0 0.0 0.0 0.0 0.0 0.0 0.0 13/05/1970
39.0 18.9 19.0 18.9 18.9 19.0 2.0 2.0 2.0 2.0 2.1 2.1 39.5 39.5 19.2 19.1 19.1 19.2 1.9 2.0 2.0 2.0 2.0 33.3 39.2 39.2 39.5 39.7 14/05/1970
6.7 2.8 2.8 2.8 2.8 2.8 3.9 4.0 4.0 4.1 2.9 2.9 6.7 6.7 2.9 2.8 2.8 2.8 3.9 3.9 4.0 2.8 2.8 15.7 6.7 6.7 6.8 6.8 15/05/1970
3.1 0.1 0.1 0.1 0.1 0.1 0.4 0.4 0.4 0.4 0.0 0.0 3.1 3.1 0.1 0.1 0.1 0.1 0.4 0.4 0.4 0.0 0.0 1.2 3.1 3.1 3.1 3.1 16/05/1970
0.0 0.1 0.1 0.1 0.1 0.1 0.2 0.2 0.2 0.2 0.5 0.5 0.0 0.0 0.1 0.1 0.1 0.1 0.2 0.2 0.2 0.5 0.5 0.0 0.0 0.0 0.0 0.0 17/05/1970
0.0 0.0 0.0 0.0 0.0 0.0 0.0 0.0 0.0 0.0 0.0 0.0 0.0 0.0 0.0 0.0 0.0 0.0 0.0 0.0 0.0 0.0 0.0 0.0 0.0 0.0 0.0 0.0 18/05/1970
0.0 0.0 0.0 0.0 0.0 0.0 0.0 0.0 0.0 0.0 0.0 0.0 0.0 0.0 0.0 0.0 0.0 0.0 0.0 0.0 0.0 0.0 0.0 0.0 0.0 0.0 0.0 0.0 19/05/1970
0.0 0.0 0.0 0.0 0.0 0.0 0.0 0.0 0.0 0.0 0.0 0.0 0.0 0.0 0.0 0.0 0.0 0.0 0.0 0.0 0.0 0.0 0.0 0.0 0.0 0.0 0.0 0.0 20/05/1970
0.0 0.2 0.2 0.2 0.2 0.2 1.0 1.0 1.0 1.0 1.5 1.5 0.0 0.0 0.2 0.2 0.2 0.2 1.0 1.0 1.0 1.5 1.5 0.0 0.0 0.0 0.0 0.0 21/05/1970
0.0 0.0 0.0 0.0 0.0 0.0 0.9 0.9 0.9 0.9 1.5 1.5 0.0 0.0 0.0 0.0 0.0 0.0 0.9 0.9 0.9 1.4 1.4 0.0 0.0 0.0 0.0 0.0 22/05/1970
1.6 0.0 0.0 0.0 0.0 0.0 0.0 0.0 0.0 0.0 0.0 0.0 1.7 1.7 0.0 0.0 0.0 0.0 0.0 0.0 0.0 0.0 0.0 0.0 1.6 1.6 1.7 1.7 23/05/1970
1.5 0.1 0.1 0.1 0.1 0.1 0.0 0.0 0.0 0.0 0.0 0.0 1.5 1.5 0.1 0.1 0.1 0.1 0.0 0.0 0.0 0.0 0.0 0.0 1.5 1.5 1.5 1.5 24/05/1970
0.0 0.0 0.0 0.0 0.0 0.0 0.0 0.0 0.0 0.0 0.0 0.0 0.0 0.0 0.0 0.0 0.0 0.0 0.0 0.0 0.0 0.0 0.0 0.0 0.0 0.0 0.0 0.0 25/05/1970
0.0 0.0 0.0 0.0 0.0 0.0 0.0 0.0 0.0 0.0 0.0 0.0 0.0 0.0 0.0 0.0 0.0 0.0 0.0 0.0 0.0 0.0 0.0 0.0 0.0 0.0 0.0 0.0 26/05/1970
1.2 0.1 0.1 0.1 0.1 0.1 0.0 0.0 0.0 0.0 0.0 0.0 1.2 1.2 0.1 0.1 0.1 0.1 0.0 0.0 0.0 0.0 0.0 0.0 1.2 1.2 1.2 1.2 27/05/1970
1.7 0.0 0.0 0.0 0.0 0.0 0.0 0.0 0.0 0.0 0.0 0.0 1.7 1.7 0.0 0.0 0.0 0.0 0.0 0.0 0.0 0.0 0.0 0.0 1.7 1.7 1.7 1.7 28/05/1970
0.0 2.8 2.8 2.8 2.8 2.8 7.8 7.9 8.0 8.1 4.5 4.5 0.0 0.0 2.8 2.8 2.8 2.8 7.7 7.8 7.9 4.4 4.4 0.0 0.0 0.0 0.0 0.0 29/05/1970
2.0 0.0 0.0 0.0 0.0 0.0 0.0 0.0 0.0 0.0 0.0 0.0 2.0 2.0 0.0 0.0 0.0 0.0 0.0 0.0 0.0 0.0 0.0 0.0 2.0 2.0 2.0 2.1 30/05/1970
0.0 0.0 0.0 0.0 0.0 0.0 0.0 0.0 0.0 0.0 0.0 0.0 0.0 0.0 0.0 0.0 0.0 0.0 0.0 0.0 0.0 0.0 0.0 0.0 0.0 0.0 0.0 0.0 31/05/1970
0.0 0.0 0.0 0.0 0.0 0.0 0.0 0.0 0.0 0.0 0.0 0.0 0.0 0.0 0.0 0.0 0.0 0.0 0.0 0.0 0.0 0.0 0.0 0.0 0.0 0.0 0.0 0.0 01/06/1970
0.0 0.0 0.0 0.0 0.0 0.0 0.0 0.0 0.0 0.0 0.0 0.0 0.0 0.0 0.0 0.0 0.0 0.0 0.0 0.0 0.0 0.0 0.0 0.0 0.0 0.0 0.0 0.0 02/06/1970
0.0 0.0 0.0 0.0 0.0 0.0 0.0 0.0 0.0 0.0 0.0 0.0 0.0 0.0 0.0 0.0 0.0 0.0 0.0 0.0 0.0 0.0 0.0 0.0 0.0 0.0 0.0 0.0 03/06/1970
0.0 0.0 0.0 0.0 0.0 0.0 0.0 0.0 0.0 0.0 0.0 0.0 0.0 0.0 0.0 0.0 0.0 0.0 0.0 0.0 0.0 0.0 0.0 0.0 0.0 0.0 0.0 0.0 04/06/1970
0.0 0.0 0.0 0.0 0.0 0.0 0.0 0.0 0.0 0.0 0.0 0.0 0.0 0.0 0.0 0.0 0.0 0.0 0.0 0.0 0.0 0.0 0.0 0.0 0.0 0.0 0.0 0.0 05/06/1970
0.0 0.0 0.0 0.0 0.0 0.0 0.1 0.1 0.1 0.1 0.1 0.1 0.0 0.0 0.0 0.0 0.0 0.0 0.1 0.1 0.1 0.1 0.1 0.0 0.0 0.0 0.0 0.0 06/06/1970
0.0 0.0 0.0 0.0 0.0 0.0 0.8 0.8 0.8 0.9 0.3 0.3 0.0 0.0 0.0 0.0 0.0 0.0 0.8 0.8 0.8 0.2 0.2 0.0 0.0 0.0 0.0 0.0 07/06/1970
16.8 0.1 0.1 0.1 0.1 0.1 0.1 0.1 0.1 0.1 4.7 4.7 17.0 17.0 0.1 0.1 0.1 0.1 0.1 0.1 0.1 4.6 4.6 0.0 16.9 16.9 17.0 17.1 08/06/1970
0.1 3.5 3.5 3.5 3.5 3.5 3.9 4.0 4.0 4.0 9.8 9.9 0.1 0.1 3.5 3.5 3.5 3.5 3.8 3.9 3.9 9.6 9.5 0.0 0.1 0.1 0.1 0.1 09/06/1970
0.0 0.0 0.0 0.0 0.0 0.0 1.1 1.2 1.2 1.2 0.2 0.2 0.0 0.0 0.0 0.0 0.0 0.0 1.1 1.1 1.2 0.2 0.2 0.0 0.0 0.0 0.0 0.0 10/06/1970
0.0 0.0 0.0 0.0 0.0 0.0 0.0 0.0 0.0 0.0 0.0 0.0 0.0 0.0 0.0 0.0 0.0 0.0 0.0 0.0 0.0 0.0 0.0 0.0 0.0 0.0 0.0 0.0 11/06/1970
0.0 0.0 0.0 0.0 0.0 0.0 0.0 0.0 0.0 0.0 0.0 0.0 0.0 0.0 0.0 0.0 0.0 0.0 0.0 0.0 0.0 0.0 0.0 0.0 0.0 0.0 0.0 0.0 12/06/1970
0.0 0.0 0.0 0.0 0.0 0.0 0.0 0.0 0.0 0.0 0.0 0.0 0.0 0.0 0.0 0.0 0.0 0.0 0.0 0.0 0.0 0.0 0.0 0.0 0.0 0.0 0.0 0.0 13/06/1970
0.0 0.0 0.0 0.0 0.0 0.0 0.0 0.0 0.0 0.0 0.0 0.0 0.0 0.0 0.0 0.0 0.0 0.0 0.0 0.0 0.0 0.0 0.0 0.0 0.0 0.0 0.0 0.0 14/06/1970
0.0 0.1 0.1 0.1 0.1 0.1 0.0 0.0 0.0 0.0 0.0 0.0 0.0 0.0 0.1 0.1 0.1 0.1 0.0 0.0 0.0 0.0 0.0 0.0 0.0 0.0 0.0 0.0 15/06/1970
3.6 1.8 1.8 1.8 1.8 1.8 1.1 1.1 1.2 1.2 2.1 2.1 3.6 3.6 1.8 1.8 1.8 1.8 1.1 1.1 1.1 2.1 2.1 3.0 3.6 3.6 3.6 3.6 16/06/1970
13.0 5.0 5.0 5.0 5.0 5.0 9.6 9.7 9.8 9.9 13.5 13.5 13.2 13.2 5.1 5.1 5.1 5.1 9.5 9.6 9.7 13.2 13.1 11.3 13.1 13.1 13.2 13.2 17/06/1970
3.0 0.1 0.1 0.1 0.1 0.1 0.0 0.0 0.0 0.0 0.0 0.0 3.0 3.0 0.1 0.1 0.1 0.1 0.0 0.0 0.0 0.0 0.0 6.7 3.0 3.0 3.0 3.0 18/06/1970
0.0 0.5 0.5 0.5 0.5 0.5 0.0 0.0 0.0 0.0 0.0 0.0 0.0 0.0 0.5 0.5 0.5 0.5 0.0 0.0 0.0 0.0 0.0 0.0 0.0 0.0 0.0 0.0 19/06/1970
0.0 0.0 0.0 0.0 0.0 0.0 0.9 1.0 1.0 1.0 0.4 0.4 0.0 0.0 0.0 0.0 0.0 0.0 0.9 0.9 1.0 0.4 0.4 0.0 0.0 0.0 0.0 0.0 20/06/1970
0.0 0.0 0.0 0.0 0.0 0.0 0.0 0.0 0.0 0.0 0.0 0.0 0.0 0.0 0.0 0.0 0.0 0.0 0.0 0.0 0.0 0.0 0.0 0.0 0.0 0.0 0.0 0.0 21/06/1970
0.0 0.2 0.2 0.2 0.2 0.2 0.0 0.0 0.0 0.0 7.9 7.9 0.0 0.0 0.2 0.2 0.2 0.2 0.0 0.0 0.0 7.7 7.7 0.0 0.0 0.0 0.0 0.0 22/06/1970
4.7 3.9 3.9 3.9 3.9 3.9 0.0 0.0 0.0 0.0 0.2 0.2 4.7 4.7 4.0 4.0 4.0 4.0 0.0 0.0 0.0 0.2 0.2 8.0 4.7 4.7 4.7 4.8 23/06/1970
8.4 6.2 6.2 6.2 6.2 6.2 7.4 7.5 7.6 7.7 8.1 8.2 8.5 8.5 6.3 6.3 6.3 6.3 7.3 7.5 7.5 8.0 7.9 2.5 8.5 8.5 8.5 8.6 24/06/1970
1.4 0.1 0.1 0.1 0.1 0.1 0.0 0.0 0.0 0.0 0.0 0.0 1.4 1.4 0.1 0.1 0.1 0.1 0.0 0.0 0.0 0.0 0.0 0.0 1.4 1.4 1.4 1.4 25/06/1970
1.2 1.1 1.1 1.1 1.1 1.1 0.0 0.0 0.0 0.0 0.0 0.0 1.2 1.2 1.1 1.1 1.1 1.1 0.0 0.0 0.0 0.0 0.0 0.0 1.2 1.2 1.2 1.2 26/06/1970
3.3 31.7 31.9 31.7 31.7 31.9 0.5 0.5 0.5 0.5 1.4 1.4 3.3 3.3 32.2 32.1 32.1 32.2 0.5 0.5 0.5 1.4 1.4 5.5 3.3 3.3 3.4 3.4 27/06/1970
2.6 1.3 1.3 1.3 1.3 1.3 2.0 2.1 2.1 2.1 2.5 2.5 2.7 2.7 1.3 1.3 1.3 1.3 2.0 2.0 2.1 2.5 2.5 1.1 2.6 2.6 2.7 2.7 28/06/1970
0.5 0.1 0.1 0.1 0.1 0.1 3.0 3.0 3.1 3.1 4.0 4.0 0.5 0.5 0.1 0.1 0.1 0.1 3.0 3.0 3.0 3.9 3.9 0.6 0.5 0.5 0.5 0.5 29/06/1970
5.2 6.1 6.1 6.1 6.1 6.1 5.0 5.1 5.1 5.2 4.5 4.5 5.3 5.3 6.2 6.1 6.1 6.2 4.9 5.0 5.0 4.4 4.4 5.0 5.3 5.3 5.3 5.3 30/06/1970
0.8 0.0 0.0 0.0 0.0 0.0 2.4 2.5 2.5 2.5 2.9 2.9 0.8 0.8 0.0 0.0 0.0 0.0 2.4 2.4 2.5 2.8 2.8 0.3 0.8 0.8 0.8 0.8 01/07/1970
0.2 0.7 0.7 0.7 0.7 0.7 8.9 9.0 9.1 9.2 8.7 8.7 0.2 0.2 0.7 0.7 0.7 0.7 8.8 8.9 9.0 8.5 8.5 0.1 0.2 0.2 0.2 0.2 02/07/1970
0.0 0.0 0.0 0.0 0.0 0.0 0.4 0.4 0.4 0.4 2.3 2.3 0.0 0.0 0.0 0.0 0.0 0.0 0.4 0.4 0.4 2.2 2.2 0.0 0.0 0.0 0.0 0.0 03/07/1970
0.0 0.0 0.0 0.0 0.0 0.0 2.9 2.9 3.0 3.0 2.9 2.9 0.0 0.0 0.0 0.0 0.0 0.0 2.9 2.9 2.9 2.9 2.8 0.1 0.0 0.0 0.0 0.0 04/07/1970
0.0 0.0 0.0 0.0 0.0 0.0 0.0 0.0 0.0 0.0 0.0 0.0 0.0 0.0 0.0 0.0 0.0 0.0 0.0 0.0 0.0 0.0 0.0 0.0 0.0 0.0 0.0 0.0 05/07/1970
0.0 0.2 0.2 0.2 0.2 0.2 0.0 0.0 0.0 0.0 0.0 0.0 0.0 0.0 0.2 0.2 0.2 0.2 0.0 0.0 0.0 0.0 0.0 0.0 0.0 0.0 0.0 0.0 06/07/1970
2.8 6.6 6.6 6.6 6.6 6.6 0.5 0.5 0.5 0.5 0.0 0.0 2.8 2.8 6.7 6.7 6.7 6.7 0.5 0.5 0.5 0.0 0.0 11.6 2.8 2.8 2.8 2.9 07/07/1970
10.0 3.3 3.3 3.3 3.3 3.3 1.8 1.8 1.9 1.9 1.2 1.2 10.1 10.1 3.4 3.3 3.3 3.4 1.8 1.8 1.8 1.1 1.1 8.5 10.0 10.0 10.1 10.1 08/07/1970
1.1 0.6 0.6 0.6 0.6 0.6 6.2 6.3 6.4 6.4 5.5 5.5 1.1 1.1 0.6 0.6 0.6 0.6 6.1 6.2 6.3 5.4 5.4 2.1 1.1 1.1 1.2 1.2 09/07/1970
0.0 0.0 0.0 0.0 0.0 0.0 0.1 0.1 0.1 0.1 0.9 0.9 0.0 0.0 0.0 0.0 0.0 0.0 0.1 0.1 0.1 0.9 0.9 0.0 0.0 0.0 0.0 0.0 10/07/1970
0.0 0.0 0.0 0.0 0.0 0.0 0.0 0.0 0.0 0.0 0.0 0.0 0.0 0.0 0.0 0.0 0.0 0.0 0.0 0.0 0.0 0.0 0.0 0.0 0.0 0.0 0.0 0.0 11/07/1970
0.0 0.0 0.0 0.0 0.0 0.0 0.0 0.0 0.0 0.0 0.0 0.0 0.0 0.0 0.0 0.0 0.0 0.0 0.0 0.0 0.0 0.0 0.0 0.0 0.0 0.0 0.0 0.0 12/07/1970
0.0 0.0 0.0 0.0 0.0 0.0 0.0 0.0 0.0 0.0 0.0 0.0 0.0 0.0 0.0 0.0 0.0 0.0 0.0 0.0 0.0 0.0 0.0 0.0 0.0 0.0 0.0 0.0 13/07/1970
6.1 6.6 6.6 6.6 6.6 6.6 11.2 11.4 11.5 11.6 11.3 11.3 6.2 6.2 6.7 6.7 6.7 6.7 11.1 11.3 11.3 11.0 10.9 2.3 6.1 6.1 6.2 6.2 14/07/1970
0.0 0.0 0.0 0.0 0.0 0.0 2.4 2.4 2.4 2.5 3.1 3.1 0.0 0.0 0.0 0.0 0.0 0.0 2.3 2.4 2.4 3.0 3.0 0.0 0.0 0.0 0.0 0.0 15/07/1970
0.0 0.0 0.0 0.0 0.0 0.0 0.0 0.0 0.0 0.0 0.0 0.0 0.0 0.0 0.0 0.0 0.0 0.0 0.0 0.0 0.0 0.0 0.0 0.0 0.0 0.0 0.0 0.0 16/07/1970
0.0 0.0 0.0 0.0 0.0 0.0 0.0 0.0 0.0 0.0 0.0 0.0 0.0 0.0 0.0 0.0 0.0 0.0 0.0 0.0 0.0 0.0 0.0 0.0 0.0 0.0 0.0 0.0 17/07/1970
0.6 0.0 0.0 0.0 0.0 0.0 0.0 0.0 0.0 0.0 0.4 0.4 0.6 0.6 0.0 0.0 0.0 0.0 0.0 0.0 0.0 0.4 0.4 1.5 0.6 0.6 0.6 0.6 18/07/1970
10.6 6.7 6.8 6.7 6.7 6.8 13.7 13.9 14.1 14.2 16.8 16.9 10.7 10.7 6.8 6.8 6.8 6.8 13.6 13.8 13.9 16.4 16.3 8.2 10.7 10.7 10.7 10.8 19/07/1970
0.0 0.0 0.0 0.0 0.0 0.0 1.3 1.3 1.3 1.4 2.0 2.0 0.0 0.0 0.0 0.0 0.0 0.0 1.3 1.3 1.3 2.0 2.0 0.0 0.0 0.0 0.0 0.0 20/07/1970
0.0 0.0 0.0 0.0 0.0 0.0 0.0 0.0 0.0 0.0 0.0 0.0 0.0 0.0 0.0 0.0 0.0 0.0 0.0 0.0 0.0 0.0 0.0 0.0 0.0 0.0 0.0 0.0 21/07/1970
0.0 0.0 0.0 0.0 0.0 0.0 0.0 0.0 0.0 0.0 0.0 0.0 0.0 0.0 0.0 0.0 0.0 0.0 0.0 0.0 0.0 0.0 0.0 0.0 0.0 0.0 0.0 0.0 22/07/1970
0.0 0.0 0.0 0.0 0.0 0.0 0.0 0.0 0.0 0.0 0.0 0.0 0.0 0.0 0.0 0.0 0.0 0.0 0.0 0.0 0.0 0.0 0.0 0.0 0.0 0.0 0.0 0.0 23/07/1970
12.1 12.5 12.6 12.5 12.5 12.6 9.6 9.7 9.8 9.9 9.1 9.2 12.2 12.2 12.7 12.7 12.7 12.7 9.4 9.6 9.7 8.9 8.9 10.4 12.2 12.2 12.2 12.3 24/07/1970
0.0 0.0 0.0 0.0 0.0 0.0 0.5 0.5 0.5 0.5 1.0 1.0 0.0 0.0 0.0 0.0 0.0 0.0 0.5 0.5 0.5 1.0 1.0 1.2 0.0 0.0 0.0 0.0 25/07/1970
1.4 2.3 2.3 2.3 2.3 2.3 1.5 1.5 1.5 1.5 2.2 2.2 1.4 1.4 2.3 2.3 2.3 2.3 1.5 1.5 1.5 2.2 2.2 1.5 1.4 1.4 1.4 1.4 26/07/1970
0.0 0.0 0.0 0.0 0.0 0.0 0.0 0.0 0.0 0.0 0.0 0.0 0.0 0.0 0.0 0.0 0.0 0.0 0.0 0.0 0.0 0.0 0.0 0.0 0.0 0.0 0.0 0.0 27/07/1970
1.2 0.6 0.6 0.6 0.6 0.6 11.2 11.3 11.4 11.6 21.3 21.4 1.2 1.2 0.6 0.6 0.6 0.6 11.0 11.2 11.3 20.9 20.7 1.0 1.2 1.2 1.2 1.2 28/07/1970
0.0 0.0 0.0 0.0 0.0 0.0 0.1 0.1 0.1 0.1 0.0 0.0 0.0 0.0 0.0 0.0 0.0 0.0 0.1 0.1 0.1 0.0 0.0 0.0 0.0 0.0 0.0 0.0 29/07/1970
0.0 0.0 0.0 0.0 0.0 0.0 0.0 0.0 0.0 0.0 0.0 0.0 0.0 0.0 0.0 0.0 0.0 0.0 0.0 0.0 0.0 0.0 0.0 0.0 0.0 0.0 0.0 0.0 30/07/1970
0.0 0.0 0.0 0.0 0.0 0.0 0.0 0.0 0.0 0.0 0.0 0.0 0.0 0.0 0.0 0.0 0.0 0.0 0.0 0.0 0.0 0.0 0.0 0.0 0.0 0.0 0.0 0.0 31/07/1970
