# 460 461 462 463 464 465 489 490 491 492 493 494 518 519 520 521 522 523 547 548 549 550 551 575 576 577 578 579 Date
0.0 0.0 0.0 0.0 0.0 0.0 0.0 0.0 0.0 0.0 0.0 0.0 0.0 0.0 0.0 0.0 0.0 0.0 0.0 0.0 0.0 0.0 0.0 0.0 0.0 0.0 0.0 0.0 01/08/2011
0.5 0.8 0.8 0.8 0.8 0.8 1.8 1.8 1.9 1.9 3.3 3.3 0.5 0.5 0.8 0.8 0.8 0.8 1.8 1.8 1.8 3.2 3.2 0.0 0.5 0.5 0.5 0.5 02/08/2011
0.2 0.2 0.2 0.2 0.2 0.2 2.2 2.3 2.3 2.3 3.9 3.9 0.2 0.2 0.2 0.2 0.2 0.2 2.2 2.3 2.3 3.8 3.8 0.0 0.2 0.2 0.2 0.2 03/08/2011
15.0 9.1 9.1 9.1 9.1 9.1 8.3 8.4 8.5 8.6 4.9 4.9 15.2 15.2 9.2 9.2 9.2 9.2 8.2 8.3 8.3 4.8 4.7 12.0 15.1 15.1 15.2 15.3 04/08/2011
0.4 0.8 0.8 0.8 0.8 0.9 3.0 3.0 3.1 3.1 4.0 4.0 0.5 0.5 0.9 0.9 0.9 0.9 3.0 3.0 3.0 3.9 3.9 0.6 0.4 0.4 0.5 0.5 05/08/2011
5.2 7.4 7.5 7.4 7.4 7.5 2.6 2.7 2.7 2.7 5.5 5.6 5.3 5.3 7.5 7.5 7.5 7.5 2.6 2.6 2.6 5.4 5.4 3.7 5.3 5.3 5.3 5.3 06/08/2011
30.4 19.3 19.4 19.3 19.3 19.4 10.5 10.6 10.8 10.9 7.3 7.3 30.8 30.8 19.6 19.6 19.6 19.6 10.3 10.5 10.6 7.1 7.1 27.0 30.6 30.6 30.8 30.9 07/08/2011
2.7 3.0 3.0 3.0 3.0 3.0 3.6 3.6 3.7 3.7 4.3 4.3 2.7 2.7 3.0 3.0 3.0 3.0 3.5 3.6 3.6 4.2 4.2 3.1 2.7 2.7 2.7 2.7 08/08/2011
0.0 0.1 0.1 0.1 0.1 0.1 0.3 0.3 0.3 0.3 0.4 0.4 0.0 0.0 0.1 0.1 0.1 0.1 0.3 0.3 0.3 0.4 0.4 0.0 0.0 0.0 0.0 0.0 09/08/2011
0.0 0.0 0.0 0.0 0.0 0.0 0.0 0.0 0.0 0.0 0.0 0.0 0.0 0.0 0.0 0.0 0.0 0.0 0.0 0.0 0.0 0.0 0.0 0.0 0.0 0.0 0.0 0.0 10/08/2011
2.1 1.7 1.7 1.7 1.7 1.7 2.0 2.1 2.1 2.1 1.8 1.8 2.1 2.1 1.7 1.7 1.7 1.7 2.0 2.0 2.1 1.7 1.7 0.7 2.1 2.1 2.1 2.1 11/08/2011
4.3 4.9 4.9 4.9 4.9 4.9 0.6 0.6 0.6 0.6 2.4 2.4 4.4 4.4 5.0 5.0 5.0 5.0 0.6 0.6 0.6 2.4 2.4 1.9 4.3 4.3 4.4 4.4 12/08/2011
25.6 29.2 29.3 29.2 29.2 29.3 30.4 30.8 31.2 31.5 16.9 16.9 25.9 25.9 29.6 29.6 29.6 29.6 30.0 30.5 30.7 16.5 16.4 24.3 25.8 25.8 25.9 26.0 13/08/2011
0.6 0.5 0.5 0.5 0.5 0.5 0.6 0.6 0.6 0.6 1.1 1.1 0.7 0.7 0.5 0.5 0.5 0.5 0.6 0.6 0.6 1.1 1.1 0.6 0.6 0.6 0.7 0.7 14/08/2011
0.3 0.2 0.2 0.2 0.2 0.2 0.1 0.1 0.1 0.1 0.1 0.1 0.3 0.3 0.2 0.2 0.2 0.2 0.1 0.1 0.1 0.1 0.1 0.3 0.3 0.3 0.3 0.3 15/08/2011
0.0 0.1 0.1 0.1 0.1 0.1 0.0 0.0 0.0 0.0 0.1 0.1 0.0 0.0 0.1 0.1 0.1 0.1 0.0 0.0 0.0 0.1 0.1 0.0 0.0 0.0 0.0 0.0 16/08/2011
0.1 0.0 0.0 0.0 0.0 0.0 0.0 0.0 0.0 0.0 0.1 0.1 0.1 0.1 0.0 0.0 0.0 0.0 0.0 0.0 0.0 0.1 0.1 0.0 0.1 0.1 0.1 0.1 17/08/2011
1.1 6.0 6.0 6.0 6.0 6.0 0.0 0.0 0.0 0.0 0.2 0.2 1.1 1.1 6.1 6.1 6.1 6.1 0.0 0.0 0.0 0.2 0.2 0.0 1.1 1.1 1.1 1.1 18/08/2011
0.0 0.2 0.2 0.2 0.2 0.2 0.0 0.0 0.0 0.0 0.1 0.1 0.0 0.0 0.2 0.2 0.2 0.2 0.0 0.0 0.0 0.1 0.1 0.1 0.0 0.0 0.0 0.0 19/08/2011
0.0 0.0 0.0 0.0 0.0 0.0 3.0 3.1 3.1 3.1 1.9 2.0 0.0 0.0 0.0 0.0 0.0 0.0 3.0 3.0 3.0 1.9 1.9 0.0 0.0 0.0 0.0 0.0 20/08/2011
0.5 0.1 0.1 0.1 0.1 0.1 0.5 0.5 0.5 0.5 0.8 0.8 0.5 0.5 0.1 0.1 0.1 0.1 0.4 0.5 0.5 0.7 0.7 0.9 0.5 0.5 0.5 0.5 21/08/2011
12.4 23.5 23.6 23.5 23.5 23.6 12.8 13.0 13.2 13.3 0.1 0.1 12.5 12.5 23.9 23.8 23.8 23.9 12.7 12.9 13.0 0.1 0.1 9.6 12.5 12.5 12.6 12.6 22/08/2011
2.8 3.6 3.7 3.6 3.6 3.7 0.0 0.0 0.0 0.0 0.0 0.0 2.8 2.8 3.7 3.7 3.7 3.7 0.0 0.0 0.0 0.0 0.0 4.9 2.8 2.8 2.8 2.8 23/08/2011
0.3 0.5 0.5 0.5 0.5 0.5 0.0 0.0 0.0 0.0 0.1 0.1 0.3 0.3 0.5 0.5 0.5 0.5 0.0 0.0 0.0 0.1 0.1 0.5 0.3 0.3 0.3 0.3 24/08/2011
27.8 23.1 23.2 23.1 23.1 23.3 0.6 0.6 0.6 0.6 0.3 0.3 28.2 28.2 23.5 23.4 23.4 23.5 0.6 0.6 0.6 0.3 0.3 25.9 28.0 28.0 28.2 28.3 25/08/2011
6.2 7.9 8.0 7.9 7.9 8.0 9.1 9.2 9.3 9.4 13.3 13.3 6.2 6.2 8.0 8.0 8.0 8.0 9.0 9.1 9.2 13.0 12.9 4.9 6.2 6.2 6.3 6.3 26/08/2011
2.2 2.1 2.1 2.1 2.1 2.1 4.2 4.2 4.3 4.3 1.7 1.7 2.2 2.2 2.1 2.1 2.1 2.1 4.1 4.2 4.2 1.7 1.7 3.2 2.2 2.2 2.2 2.2 27/08/2011
0.7 0.4 0.4 0.4 0.4 0.4 0.1 0.1 0.1 0.1 0.2 0.2 0.7 0.7 0.4 0.4 0.4 0.4 0.1 0.1 0.1 0.2 0.2 0.8 0.7 0.7 0.7 0.7 28/08/2011
0.0 0.2 0.2 0.2 0.2 0.2 0.0 0.0 0.0 0.0 0.1 0.1 0.0 0.0 0.2 0.2 0.2 0.2 0.0 0.0 0.0 0.1 0.1 0.0 0.0 0.0 0.0 0.0 29/08/2011
0.0 0.1 0.1 0.1 0.1 0.1 0.0 0.0 0.0 0.0 0.1 0.1 0.0 0.0 0.1 0.1 0.1 0.1 0.0 0.0 0.0 0.1 0.1 0.0 0.0 0.0 0.0 0.0 30/08/2011
0.0 0.0 0.0 0.0 0.0 0.0 0.0 0.0 0.0 0.0 0.3 0.3 0.0 0.0 0.0 0.0 0.0 0.0 0.0 0.0 0.0 0.3 0.3 0.0 0.0 0.0 0.0 0.0 31/08/2011
0.0 0.0 0.0 0.0 0.0 0.0 0.3 0.3 0.4 0.4 0.5 0.5 0.0 0.0 0.0 0.0 0.0 0.0 0.3 0.3 0.3 0.5 0.5 0.0 0.0 0.0 0.0 0.0 01/09/2011
0.0 0.1 0.1 0.1 0.1 0.1 0.0 0.0 0.0 0.0 0.2 0.2 0.0 0.0 0.1 0.1 0.1 0.1 0.0 0.0 0.0 0.2 0.2 0.0 0.0 0.0 0.0 0.0 02/09/2011
7.7 23.3 23.5 23.4 23.4 23.5 20.3 20.6 20.8 21.0 9.6 9.7 7.8 7.8 23.7 23.7 23.7 23.7 20.1 20.4 20.5 9.4 9.4 0.9 7.7 7.7 7.8 7.8 03/09/2011
3.8 6.8 6.9 6.8 6.8 6.9 2.4 2.4 2.5 2.5 4.2 4.2 3.9 3.9 6.9 6.9 6.9 6.9 2.4 2.4 2.4 4.1 4.1 1.7 3.9 3.9 3.9 3.9 04/09/2011
0.6 0.2 0.2 0.2 0.2 0.2 1.2 1.2 1.2 1.2 1.4 1.4 0.6 0.6 0.2 0.2 0.2 0.2 1.2 1.2 1.2 1.4 1.4 0.3 0.6 0.6 0.6 0.6 05/09/2011
23.4 15.2 15.3 15.2 15.2 15.3 12.1 12.2 12.4 12.5 10.0 10.0 23.7 23.7 15.4 15.4 15.4 15.4 11.9 12.1 12.2 9.8 9.7 16.6 23.6 23.6 23.8 23.9 06/09/2011
0.2 0.2 0.2 0.2 0.2 0.2 0.2 0.2 0.2 0.2 0.4 0.4 0.2 0.2 0.2 0.2 0.2 0.2 0.2 0.2 0.2 0.4 0.4 0.0 0.2 0.2 0.2 0.2 07/09/2011
4.9 4.5 4.5 4.5 4.5 4.5 3.5 3.5 3.6 3.6 2.1 2.1 4.9 4.9 4.6 4.6 4.6 4.6 3.4 3.5 3.5 2.1 2.1 3.4 4.9 4.9 4.9 5.0 08/09/2011
0.9 1.2 1.2 1.2 1.2 1.2 1.1 1.1 1.1 1.1 2.9 2.9 0.9 0.9 1.2 1.2 1.2 1.2 1.1 1.1 1.1 2.8 2.8 0.6 0.9 0.9 0.9 0.9 09/09/2011
4.8 2.1 2.1 2.1 2.1 2.1 0.1 0.1 0.1 0.1 1.8 1.8 4.9 4.9 2.1 2.1 2.1 2.1 0.1 0.1 0.1 1.7 1.7 7.8 4.8 4.8 4.9 4.9 10/09/2011
0.9 1.6 1.7 1.6 1.6 1.7 1.3 1.3 1.3 1.3 2.9 2.9 0.9 0.9 1.7 1.7 1.7 1.7 1.3 1.3 1.3 2.8 2.8 0.6 0.9 0.9 0.9 0.9 11/09/2011
1.0 1.2 1.2 1.2 1.2 1.2 0.1 0.1 0.1 0.1 0.5 0.5 1.0 1.0 1.2 1.2 1.2 1.2 0.1 0.1 0.1 0.5 0.5 0.3 1.0 1.0 1.0 1.0 12/09/2011
0.3 0.2 0.2 0.2 0.2 0.2 0.0 0.0 0.0 0.0 0.1 0.1 0.3 0.3 0.2 0.2 0.2 0.2 0.0 0.0 0.0 0.1 0.1 0.1 0.3 0.3 0.3 0.3 13/09/2011
0.4 0.2 0.2 0.2 0.2 0.2 0.1 0.1 0.1 0.1 0.0 0.0 0.4 0.4 0.2 0.2 0.2 0.2 0.1 0.1 0.1 0.0 0.0 0.2 0.4 0.4 0.4 0.4 14/09/2011
0.0 0.1 0.1 0.1 0.1 0.1 0.0 0.0 0.0 0.0 0.2 0.2 0.0 0.0 0.1 0.1 0.1 0.1 0.0 0.0 0.0 0.2 0.2 0.0 0.0 0.0 0.0 0.0 15/09/2011
0.0 0.3 0.3 0.3 0.3 0.3 0.2 0.2 0.2 0.2 0.4 0.4 0.0 0.0 0.3 0.3 0.3 0.3 0.2 0.2 0.2 0.4 0.4 0.0 0.0 0.0 0.0 0.0 16/09/2011
24.1 20.6 20.7 20.6 20.6 20.7 7.3 7.4 7.5 7.5 6.7 6.7 24.4 24.4 20.9 20.9 20.9 20.9 7.2 7.3 7.3 6.5 6.5 14.7 24.3 24.3 24.5 24.6 17/09/2011
36.0 19.3 19.4 19.3 19.3 19.4 8.1 8.2 8.3 8.4 9.1 9.1 36.5 36.5 19.6 19.5 19.5 19.6 8.0 8.1 8.2 8.9 8.8 22.0 36.3 36.3 36.5 36.7 18/09/2011
0.2 0.6 0.6 0.6 0.6 0.6 0.2 0.2 0.2 0.2 0.4 0.4 0.2 0.2 0.6 0.6 0.6 0.6 0.2 0.2 0.2 0.3 0.3 0.1 0.2 0.2 0.2 0.2 19/09/2011
0.0 0.0 0.0 0.0 0.0 0.0 0.0 0.0 0.0 0.0 0.0 0.0 0.0 0.0 0.0 0.0 0.0 0.0 0.0 0.0 0.0 0.0 0.0 0.0 0.0 0.0 0.0 0.0 20/09/2011
0.5 0.5 0.5 0.5 0.5 0.5 0.0 0.0 0.0 0.0 0.0 0.0 0.5 0.5 0.5 0.5 0.5 0.5 0.0 0.0 0.0 0.0 0.0 0.2 0.5 0.5 0.5 0.5 21/09/2011
0.2 0.2 0.2 0.2 0.2 0.2 0.0 0.0 0.0 0.0 0.1 0.1 0.2 0.2 0.3 0.2 0.2 0.2 0.0 0.0 0.0 0.1 0.1 0.0 0.2 0.2 0.2 0.2 22/09/2011
0.0 0.2 0.2 0.2 0.2 0.2 0.0 0.0 0.0 0.0 0.2 0.2 0.0 0.0 0.2 0.2 0.2 0.2 0.0 0.0 0.0 0.2 0.2 0.2 0.0 0.0 0.0 0.0 23/09/2011
0.0 0.0 0.0 0.0 0.0 0.0 0.0 0.0 0.0 0.0 0.1 0.1 0.0 0.0 0.0 0.0 0.0 0.0 0.0 0.0 0.0 0.1 0.1 0.0 0.0 0.0 0.0 0.0 24/09/2011
0.0 0.0 0.0 0.0 0.0 0.0 0.0 0.0 0.0 0.0 0.2 0.2 0.0 0.0 0.0 0.0 0.0 0.0 0.0 0.0 0.0 0.2 0.2 0.0 0.0 0.0 0.0 0.0 25/09/2011
0.2 0.2 0.2 0.2 0.2 0.2 0.0 0.0 0.0 0.0 2.6 2.6 0.2 0.2 0.2 0.2 0.2 0.2 0.0 0.0 0.0 2.6 2.6 0.0 0.2 0.2 0.2 0.2 26/09/2011
0.2 0.2 0.2 0.2 0.2 0.2 0.0 0.0 0.0 0.0 0.2 0.2 0.2 0.2 0.2 0.2 0.2 0.2 0.0 0.0 0.0 0.2 0.2 0.0 0.2 0.2 0.2 0.2 27/09/2011
0.0 0.1 0.1 0.1 0.1 0.1 0.0 0.0 0.0 0.0 0.2 0.2 0.0 0.0 0.1 0.1 0.1 0.1 0.0 0.0 0.0 0.2 0.2 0.0 0.0 0.0 0.0 0.0 28/09/2011
0.0 0.1 0.1 0.1 0.1 0.1 0.0 0.0 0.0 0.0 0.2 0.2 0.0 0.0 0.1 0.1 0.1 0.1 0.0 0.0 0.0 0.2 0.2 0.0 0.0 0.0 0.0 0.0 29/09/2011
0.0 0.1 0.1 0.1 0.1 0.1 0.0 0.0 0.0 0.0 0.3 0.3 0.0 0.0 0.1 0.1 0.1 0.1 0.0 0.0 0.0 0.2 0.2 0.0 0.0 0.0 0.0 0.0 30/09/2011
0.0 0.1 0.1 0.1 0.1 0.1 0.0 0.0 0.0 0.0 0.2 0.2 0.0 0.0 0.1 0.1 0.1 0.1 0.0 0.0 0.0 0.2 0.2 0.0 0.0 0.0 0.0 0.0 01/10/2011
0.0 0.2 0.2 0.2 0.2 0.2 0.0 0.0 0.0 0.0 0.2 0.2 0.0 0.0 0.2 0.2 0.2 0.2 0.0 0.0 0.0 0.1 0.1 0.1 0.0 0.0 0.0 0.0 02/10/2011
0.5 0.7 0.7 0.7 0.7 0.7 0.1 0.1 0.1 0.1 0.1 0.1 0.5 0.5 0.7 0.7 0.7 0.7 0.1 0.1 0.1 0.1 0.1 0.0 0.5 0.5 0.5 0.5 03/10/2011
1.6 1.2 1.2 1.2 1.2 1.2 0.2 0.3 0.3 0.3 0.4 0.4 1.6 1.6 1.2 1.2 1.2 1.2 0.2 0.2 0.2 0.4 0.4 1.4 1.6 1.6 1.6 1.6 04/10/2011
2.5 1.8 1.8 1.8 1.8 1.8 0.2 0.3 0.3 0.3 0.2 0.2 2.6 2.6 1.9 1.8 1.8 1.8 0.2 0.2 0.3 0.2 0.2 1.5 2.6 2.6 2.6 2.6 05/10/2011
7.1 9.2 9.3 9.2 9.3 9.3 4.4 4.4 4.5 4.5 4.0 4.1 7.2 7.2 9.4 9.4 9.4 9.4 4.3 4.4 4.4 4.0 3.9 6.5 7.1 7.1 7.2 7.2 06/10/2011
1.5 2.7 2.7 2.7 2.7 2.7 2.1 2.1 2.1 2.2 3.5 3.5 1.6 1.6 2.7 2.7 2.7 2.7 2.1 2.1 2.1 3.4 3.4 0.0 1.5 1.5 1.6 1.6 07/10/2011
5.2 9.1 9.2 9.1 9.1 9.2 4.2 4.2 4.3 4.3 4.9 4.9 5.3 5.3 9.3 9.2 9.2 9.3 4.1 4.2 4.2 4.8 4.7 3.4 5.3 5.3 5.3 5.3 08/10/2011
0.9 3.4 3.4 3.4 3.4 3.4 7.9 8.0 8.1 8.1 5.8 5.9 0.9 0.9 3.4 3.4 3.4 3.4 7.8 7.9 8.0 5.7 5.7 0.3 0.9 0.9 0.9 0.9 09/10/2011
1.0 0.7 0.8 0.7 0.7 0.8 0.0 0.0 0.0 0.0 0.9 0.9 1.0 1.0 0.8 0.8 0.8 0.8 0.0 0.0 0.0 0.8 0.8 0.9 1.0 1.0 1.0 1.0 10/10/2011
0.9 0.6 0.7 0.6 0.6 0.7 0.1 0.1 0.1 0.1 0.2 0.2 0.9 0.9 0.7 0.7 0.7 0.7 0.1 0.1 0.1 0.2 0.2 0.4 0.9 0.9 0.9 0.9 11/10/2011
2.3 2.9 2.9 2.9 2.9 2.9 4.5 4.6 4.6 4.7 2.6 2.6 2.3 2.3 3.0 3.0 3.0 3.0 4.5 4.5 4.6 2.6 2.5 1.9 2.3 2.3 2.3 2.3 12/10/2011
0.3 0.2 0.2 0.2 0.2 0.3 0.2 0.2 0.2 0.2 0.2 0.2 0.3 0.3 0.3 0.3 0.3 0.3 0.2 0.2 0.2 0.2 0.2 0.0 0.3 0.3 0.3 0.3 13/10/2011
0.0 0.1 0.1 0.1 0.1 0.1 0.0 0.0 0.0 0.0 0.0 0.0 0.0 0.0 0.1 0.1 0.1 0.1 0.0 0.0 0.0 0.0 0.0 0.0 0.0 0.0 0.0 0.0 14/10/2011
0.0 0.2 0.2 0.2 0.2 0.2 0.0 0.0 0.0 0.0 0.0 0.0 0.0 0.0 0.2 0.2 0.2 0.2 0.0 0.0 0.0 0.0 0.0 0.0 0.0 0.0 0.0 0.0 15/10/2011
0.1 0.1 0.1 0.1 0.1 0.1 0.1 0.1 0.1 0.1 0.1 0.1 0.1 0.1 0.1 0.1 0.1 0.1 0.1 0.1 0.1 0.1 0.1 0.0 0.1 0.1 0.1 0.1 16/10/2011
0.2 0.1 0.1 0.1 0.1 0.1 0.1 0.1 0.1 0.1 0.2 0.2 0.2 0.2 0.1 0.1 0.1 0.1 0.1 0.1 0.1 0.2 0.2 0.1 0.2 0.2 0.2 0.2 17/10/2011
10.5 9.4 9.4 9.4 9.4 9.5 2.9 2.9 2.9 2.9 4.4 4.4 10.6 10.6 9.5 9.5 9.5 9.5 2.8 2.9 2.9 4.3 4.3 8.9 10.6 10.6 10.7 10.7 18/10/2011
2.7 5.9 5.9 5.9 5.9 5.9 1.5 1.5 1.5 1.5 1.8 1.8 2.7 2.7 6.0 5.9 5.9 5.9 1.4 1.5 1.5 1.7 1.7 4.8 2.7 2.7 2.7 2.7 19/10/2011
0.0 0.1 0.1 0.1 0.1 0.1 0.2 0.2 0.2 0.2 0.0 0.0 0.0 0.0 0.1 0.1 0.1 0.1 0.2 0.2 0.2 0.0 0.0 0.0 0.0 0.0 0.0 0.0 20/10/2011
0.0 0.1 0.1 0.1 0.1 0.1 0.2 0.2 0.2 0.2 0.2 0.2 0.0 0.0 0.1 0.1 0.1 0.1 0.2 0.2 0.2 0.2 0.2 0.0 0.0 0.0 0.0 0.0 21/10/2011
0.1 0.1 0.1 0.1 0.1 0.1 0.1 0.1 0.1 0.1 0.3 0.3 0.1 0.1 0.1 0.1 0.1 0.1 0.1 0.1 0.1 0.3 0.3 0.0 0.1 0.1 0.1 0.1 22/10/2011
0.4 0.2 0.2 0.2 0.2 0.2 0.0 0.0 0.0 0.0 0.2 0.2 0.4 0.4 0.3 0.2 0.2 0.2 0.0 0.0 0.0 0.1 0.1 0.0 0.4 0.4 0.4 0.4 23/10/2011
2.2 2.2 2.2 2.2 2.2 2.2 3.9 3.9 4.0 4.0 6.2 6.2 2.3 2.3 2.3 2.2 2.2 2.2 3.8 3.9 3.9 6.0 6.0 1.1 2.2 2.2 2.3 2.3 24/10/2011
0.4 0.9 0.9 0.9 0.9 0.9 10.6 10.7 10.8 10.9 9.7 9.8 0.4 0.4 1.0 1.0 1.0 1.0 10.4 10.6 10.7 9.5 9.4 0.2 0.4 0.4 0.4 0.4 25/10/2011
0.1 0.0 0.0 0.0 0.0 0.0 0.0 0.0 0.0 0.0 0.0 0.0 0.1 0.1 0.0 0.0 0.0 0.0 0.0 0.0 0.0 0.0 0.0 0.0 0.1 0.1 0.1 0.1 26/10/2011
3.0 1.0 1.0 1.0 1.0 1.0 0.0 0.0 0.0 0.0 0.0 0.0 3.0 3.0 1.0 1.0 1.0 1.0 0.0 0.0 0.0 0.0 0.0 2.9 3.0 3.0 3.0 3.1 27/10/2011
0.0 0.1 0.1 0.1 0.1 0.1 0.0 0.0 0.0 0.0 0.0 0.0 0.0 0.0 0.1 0.1 0.1 0.1 0.0 0.0 0.0 0.0 0.0 0.0 0.0 0.0 0.0 0.0 28/10/2011
0.0 0.1 0.1 0.1 0.1 0.1 0.6 0.6 0.6 0.6 1.3 1.3 0.0 0.0 0.1 0.1 0.1 0.1 0.6 0.6 0.6 1.3 1.3 0.0 0.0 0.0 0.0 0.0 29/10/2011
0.0 0.1 0.1 0.1 0.1 0.1 0.1 0.1 0.1 0.1 0.1 0.1 0.0 0.0 0.1 0.1 0.1 0.1 0.1 0.1 0.1 0.1 0.1 0.0 0.0 0.0 0.0 0.0 30/10/2011
0.2 0.0 0.0 0.0 0.0 0.0 0.3 0.3 0.3 0.3 0.3 0.3 0.2 0.2 0.0 0.0 0.0 0.0 0.3 0.3 0.3 0.3 0.3 0.0 0.2 0.2 0.2 0.2 31/10/2011
0.6 1.4 1.4 1.4 1.4 1.4 4.4 4.4 4.5 4.5 1.9 1.9 0.6 0.6 1.4 1.4 1.4 1.4 4.3 4.4 4.4 1.9 1.9 0.6 0.6 0.6 0.6 0.6 01/11/2011
0.8 2.2 2.2 2.2 2.2 2.2 0.2 0.2 0.2 0.2 0.0 0.0 0.8 0.8 2.2 2.2 2.2 2.2 0.2 0.2 0.2 0.0 0.0 0.2 0.8 0.8 0.8 0.8 02/11/2011
13.1 16.5 16.6 16.5 16.5 16.6 2.9 2.9 2.9 3.0 3.7 3.7 13.2 13.2 16.7 16.7 16.7 16.7 2.9 2.9 2.9 3.6 3.6 12.8 13.2 13.2 13.3 13.3 03/11/2011
1.5 7.7 7.8 7.7 7.7 7.8 2.3 2.3 2.4 2.4 2.0 2.0 1.6 1.6 7.9 7.8 7.8 7.9 2.3 2.3 2.3 1.9 1.9 0.6 1.6 1.6 1.6 1.6 04/11/2011
7.7 5.0 5.0 5.0 5.0 5.0 0.0 0.0 0.0 0.0 0.0 0.0 7.8 7.8 5.1 5.0 5.0 5.0 0.0 0.0 0.0 0.0 0.0 2.6 7.7 7.7 7.8 7.8 05/11/2011
2.2 1.5 1.5 1.5 1.5 1.5 0.0 0.0 0.0 0.0 0.0 0.0 2.2 2.2 1.5 1.5 1.5 1.5 0.0 0.0 0.0 0.0 0.0 0.7 2.2 2.2 2.2 2.2 06/11/2011
0.1 0.6 0.6 0.6 0.6 0.6 0.0 0.0 0.0 0.0 0.0 0.0 0.1 0.1 0.6 0.6 0.6 0.6 0.0 0.0 0.0 0.0 0.0 0.0 0.1 0.1 0.1 0.1 07/11/2011
0.6 1.1 1.1 1.1 1.1 1.1 3.0 3.0 3.0 3.0 1.7 1.7 0.6 0.6 1.1 1.1 1.1 1.1 3.0 3.0 3.0 1.6 1.6 0.6 0.6 0.6 0.6 0.6 08/11/2011
0.2 0.3 0.3 0.3 0.3 0.3 0.2 0.2 0.2 0.2 0.0 0.0 0.2 0.2 0.3 0.3 0.3 0.3 0.2 0.2 0.2 0.0 0.0 0.1 0.2 0.2 0.2 0.2 09/11/2011
0.0 0.1 0.1 0.1 0.1 0.1 0.0 0.0 0.0 0.0 0.0 0.0 0.0 0.0 0.1 0.1 0.1 0.1 0.0 0.0 0.0 0.0 0.0 0.0 0.0 0.0 0.0 0.0 10/11/2011
0.0 0.0 0.0 0.0 0.0 0.0 0.0 0.0 0.0 0.0 0.1 0.1 0.0 0.0 0.0 0.0 0.0 0.0 0.0 0.0 0.0 0.1 0.1 0.0 0.0 0.0 0.0 0.0 11/11/2011
0.0 0.2 0.2 0.2 0.2 0.2 0.2 0.2 0.2 0.2 0.1 0.1 0.0 0.0 0.2 0.2 0.2 0.2 0.2 0.2 0.2 0.1 0.1 0.0 0.0 0.0 0.0 0.0 12/11/2011
0.2 0.1 0.1 0.1 0.1 0.1 0.0 0.0 0.0 0.0 0.0 0.0 0.2 0.2 0.1 0.1 0.1 0.1 0.0 0.0 0.0 0.0 0.0 0.0 0.2 0.2 0.2 0.2 13/11/2011
0.2 0.3 0.3 0.3 0.3 0.3 0.0 0.0 0.0 0.0 0.0 0.0 0.2 0.2 0.3 0.3 0.3 0.3 0.0 0.0 0.0 0.0 0.0 0.2 0.2 0.2 0.2 0.2 14/11/2011
0.1 0.2 0.2 0.2 0.2 0.2 0.0 0.0 0.0 0.0 0.0 0.0 0.1 0.1 0.2 0.2 0.2 0.2 0.0 0.0 0.0 0.0 0.0 0.1 0.1 0.1 0.1 0.1 15/11/2011
0.1 0.2 0.2 0.2 0.2 0.2 0.0 0.0 0.0 0.0 0.0 0.0 0.1 0.1 0.2 0.2 0.2 0.2 0.0 0.0 0.0 0.0 0.0 0.3 0.1 0.1 0.1 0.1 16/11/2011
0.2 0.4 0.4 0.4 0.4 0.4 0.7 0.7 0.7 0.7 0.9 0.9 0.2 0.2 0.4 0.4 0.4 0.4 0.7 0.7 0.7 0.9 0.9 0.1 0.2 0.2 0.2 0.2 17/11/2011
0.0 0.2 0.2 0.2 0.2 0.2 0.4 0.4 0.4 0.4 0.3 0.3 0.0 0.0 0.2 0.2 0.2 0.2 0.4 0.4 0.4 0.3 0.3 0.0 0.0 0.0 0.0 0.0 18/11/2011
0.1 0.4 0.4 0.4 0.4 0.4 0.0 0.0 0.0 0.0 0.1 0.1 0.1 0.1 0.4 0.4 0.4 0.4 0.0 0.0 0.0 0.1 0.1 0.0 0.1 0.1 0.1 0.1 19/11/2011
0.3 0.3 0.3 0.3 0.3 0.3 0.3 0.3 0.3 0.3 0.1 0.1 0.3 0.3 0.3 0.3 0.3 0.3 0.3 0.3 0.3 0.1 0.1 0.4 0.3 0.3 0.3 0.3 20/11/2011
0.4 0.2 0.2 0.2 0.2 0.2 0.2 0.2 0.2 0.2 0.2 0.2 0.4 0.4 0.2 0.2 0.2 0.2 0.2 0.2 0.2 0.2 0.2 0.2 0.4 0.4 0.4 0.4 21/11/2011
1.2 0.2 0.2 0.2 0.2 0.2 0.2 0.2 0.2 0.2 0.2 0.2 1.2 1.2 0.2 0.2 0.2 0.2 0.2 0.2 0.2 0.2 0.2 0.5 1.2 1.2 1.2 1.2 22/11/2011
0.1 0.2 0.2 0.2 0.2 0.2 0.2 0.2 0.2 0.2 0.2 0.2 0.1 0.1 0.2 0.2 0.2 0.2 0.2 0.2 0.2 0.2 0.2 0.3 0.1 0.1 0.1 0.1 23/11/2011
0.1 0.1 0.1 0.1 0.1 0.1 0.2 0.2 0.2 0.2 0.1 0.1 0.1 0.1 0.1 0.1 0.1 0.1 0.2 0.2 0.2 0.1 0.1 0.0 0.1 0.1 0.1 0.1 24/11/2011
0.3 0.3 0.3 0.3 0.3 0.3 0.5 0.5 0.5 0.5 0.7 0.7 0.3 0.3 0.3 0.3 0.3 0.3 0.5 0.5 0.5 0.7 0.7 0.1 0.3 0.3 0.3 0.3 25/11/2011
0.0 0.0 0.0 0.0 0.0 0.0 0.2 0.2 0.2 0.2 0.1 0.1 0.0 0.0 0.0 0.0 0.0 0.0 0.2 0.2 0.2 0.1 0.1 0.1 0.0 0.0 0.0 0.0 26/11/2011
0.4 0.7 0.7 0.7 0.7 0.7 0.4 0.4 0.4 0.4 0.3 0.3 0.4 0.4 0.7 0.7 0.7 0.7 0.4 0.4 0.4 0.2 0.2 0.2 0.4 0.4 0.4 0.4 27/11/2011
0.0 0.2 0.2 0.2 0.2 0.2 0.1 0.1 0.1 0.1 0.5 0.5 0.0 0.0 0.2 0.2 0.2 0.2 0.1 0.1 0.1 0.5 0.5 0.2 0.0 0.0 0.0 0.0 28/11/2011
1.7 2.0 2.0 2.0 2.0 2.0 0.9 0.9 0.9 0.9 2.1 2.1 1.8 1.8 2.0 2.0 2.0 2.0 0.9 0.9 0.9 2.0 2.0 2.0 1.8 1.8 1.8 1.8 29/11/2011
1.5 2.1 2.1 2.1 2.1 2.1 0.6 0.6 0.6 0.6 0.7 0.7 1.5 1.5 2.2 2.2 2.2 2.2 0.6 0.6 0.6 0.7 0.7 0.7 1.5 1.5 1.5 1.5 30/11/2011
18.0 11.4 11.5 11.4 11.4 11.5 3.8 3.9 3.9 3.9 5.4 5.4 18.2 18.2 11.6 11.6 11.6 11.6 3.8 3.8 3.9 5.3 5.3 20.3 18.1 18.1 18.2 18.3 01/12/2011
8.0 6.2 6.2 6.2 6.2 6.2 2.3 2.4 2.4 2.4 3.2 3.2 8.1 8.1 6.3 6.2 6.2 6.2 2.3 2.3 2.3 3.1 3.1 5.5 8.1 8.1 8.1 8.2 02/12/2011
15.6 12.0 12.1 12.0 12.0 12.1 11.0 11.2 11.3 11.4 16.4 16.5 15.8 15.8 12.2 12.2 12.2 12.2 10.9 11.1 11.1 16.1 15.9 11.4 15.7 15.7 15.8 15.8 03/12/2011
17.9 17.3 17.4 17.3 17.3 17.4 21.2 21.4 21.7 21.9 26.1 26.2 18.1 18.1 17.6 17.5 17.5 17.5 20.9 21.2 21.3 25.6 25.4 14.2 18.0 18.0 18.1 18.2 04/12/2011
15.5 16.5 16.6 16.5 16.5 16.6 3.7 3.7 3.7 3.8 2.2 2.2 15.7 15.7 16.8 16.7 16.7 16.7 3.6 3.7 3.7 2.2 2.2 10.2 15.6 15.6 15.8 15.8 05/12/2011
22.9 22.1 22.3 22.1 22.2 22.3 8.9 9.1 9.2 9.3 10.1 10.1 23.2 23.2 22.5 22.5 22.4 22.5 8.8 9.0 9.0 9.9 9.8 15.5 23.1 23.1 23.2 23.3 06/12/2011
6.1 3.2 3.2 3.2 3.2 3.2 2.1 2.1 2.1 2.1 3.3 3.4 6.2 6.2 3.3 3.3 3.3 3.3 2.0 2.1 2.1 3.3 3.2 1.2 6.1 6.1 6.2 6.2 07/12/2011
11.0 8.1 8.1 8.1 8.1 8.1 6.6 6.7 6.8 6.8 9.7 9.7 11.1 11.1 8.2 8.2 8.2 8.2 6.5 6.6 6.7 9.5 9.4 7.3 11.0 11.0 11.1 11.2 08/12/2011
3.2 2.2 2.2 2.2 2.2 2.2 0.2 0.2 0.2 0.2 1.2 1.2 3.2 3.2 2.2 2.2 2.2 2.2 0.2 0.2 0.2 1.2 1.2 3.2 3.2 3.2 3.2 3.2 09/12/2011
1.9 1.2 1.2 1.2 1.2 1.2 0.0 0.0 0.0 0.0 0.1 0.1 1.9 1.9 1.2 1.2 1.2 1.2 0.0 0.0 0.0 0.1 0.1 2.3 1.9 1.9 1.9 1.9 10/12/2011
13.8 11.9 11.9 11.9 11.9 11.9 12.0 12.1 12.3 12.4 11.6 11.6 13.9 13.9 12.1 12.0 12.0 12.0 11.8 12.0 12.1 11.3 11.2 9.5 13.9 13.9 14.0 14.0 11/12/2011
10.3 16.7 16.8 16.7 16.7 16.8 4.4 4.4 4.5 4.5 7.2 7.2 10.4 10.4 16.9 16.9 16.9 16.9 4.3 4.4 4.4 7.0 7.0 6.1 10.4 10.4 10.4 10.5 12/12/2011
11.7 10.3 10.4 10.3 10.3 10.4 8.0 8.1 8.2 8.3 9.3 9.3 11.8 11.8 10.5 10.5 10.4 10.5 7.9 8.1 8.1 9.1 9.0 10.7 11.7 11.7 11.8 11.9 13/12/2011
8.9 8.3 8.4 8.3 8.3 8.4 3.4 3.5 3.5 3.6 4.2 4.2 9.0 9.0 8.5 8.4 8.4 8.5 3.4 3.4 3.5 4.1 4.1 7.3 9.0 9.0 9.0 9.1 14/12/2011
35.0 31.9 32.1 31.9 31.9 32.1 25.8 26.1 26.5 26.7 44.2 44.3 35.4 35.4 32.4 32.4 32.3 32.4 25.4 25.9 26.0 43.2 42.9 25.8 35.2 35.2 35.5 35.6 15/12/2011
7.9 9.9 10.0 9.9 9.9 10.0 8.7 8.8 8.9 8.9 12.8 12.8 8.0 8.0 10.1 10.0 10.0 10.1 8.5 8.7 8.7 12.5 12.4 5.4 7.9 7.9 8.0 8.0 16/12/2011
6.0 6.1 6.1 6.1 6.1 6.1 4.0 3.4 2.8 2.3 0.8 0.7 6.1 6.1 6.2 6.2 6.2 6.2 4.7 3.9 3.6 1.2 1.3 3.7 6.1 6.1 6.1 6.1 17/12/2011
0.9 2.2 2.1 2.2 2.2 2.1 2.3 2.0 1.6 1.3 0.9 0.8 0.8 0.8 1.9 1.9 1.9 1.9 2.7 2.3 2.1 1.2 1.4 0.9 0.9 0.9 0.8 0.8 18/12/2011
9.6 7.2 7.3 7.2 7.2 7.3 5.3 4.9 4.5 4.2 1.7 1.6 9.7 9.7 7.3 7.3 7.3 7.3 5.8 5.3 5.1 2.2 2.4 10.0 9.6 9.6 9.7 9.8 19/12/2011
6.2 4.5 4.6 4.5 4.6 4.6 3.1 3.2 3.2 3.2 5.6 5.7 6.2 6.2 4.6 4.6 4.6 4.6 3.1 3.1 3.2 5.5 5.5 6.7 6.2 6.2 6.3 6.3 20/12/2011
0.2 0.4 0.4 0.4 0.4 0.4 2.9 3.0 3.0 3.0 3.9 3.9 0.3 0.3 0.5 0.4 0.4 0.4 2.9 3.0 3.0 3.8 3.8 0.4 0.2 0.2 0.3 0.3 21/12/2011
0.5 0.4 0.4 0.4 0.4 0.4 1.0 1.0 1.0 1.0 0.3 0.3 0.5 0.5 0.4 0.4 0.4 0.4 1.0 1.0 1.0 0.3 0.3 0.2 0.5 0.5 0.5 0.5 22/12/2011
3.1 3.2 3.2 3.2 3.2 3.2 4.2 4.2 4.3 4.3 4.9 4.9 3.1 3.1 3.2 3.2 3.2 3.2 4.1 4.2 4.2 4.8 4.8 1.9 3.1 3.1 3.1 3.2 23/12/2011
0.1 0.5 0.5 0.5 0.5 0.5 0.6 0.6 0.6 0.6 0.9 0.9 0.1 0.1 0.5 0.5 0.5 0.5 0.6 0.6 0.6 0.9 0.8 0.0 0.1 0.1 0.1 0.1 24/12/2011
0.0 0.2 0.2 0.2 0.2 0.2 0.4 0.4 0.4 0.4 0.8 0.8 0.0 0.0 0.2 0.2 0.2 0.2 0.4 0.4 0.4 0.8 0.8 0.0 0.0 0.0 0.0 0.0 25/12/2011
0.0 0.2 0.2 0.2 0.2 0.2 0.7 0.7 0.8 0.8 0.3 0.3 0.0 0.0 0.2 0.2 0.2 0.2 0.7 0.7 0.7 0.3 0.3 0.0 0.0 0.0 0.0 0.0 26/12/2011
0.5 0.1 0.1 0.1 0.1 0.1 0.2 0.2 0.2 0.2 0.2 0.2 0.5 0.5 0.1 0.1 0.1 0.1 0.2 0.2 0.2 0.2 0.2 0.1 0.5 0.5 0.5 0.5 27/12/2011
2.8 2.0 2.0 2.0 2.0 2.0 0.9 0.9 0.9 0.9 2.4 2.4 2.9 2.9 2.0 2.0 2.0 2.0 0.9 0.9 0.9 2.3 2.3 0.9 2.8 2.8 2.9 2.9 28/12/2011
10.2 10.4 10.5 10.5 10.5 10.5 10.7 10.9 11.0 11.1 12.2 12.2 10.3 10.3 10.6 10.6 10.6 10.6 10.6 10.8 10.8 11.9 11.8 6.1 10.3 10.3 10.4 10.4 29/12/2011
9.2 10.0 10.1 10.0 10.0 10.1 11.9 12.1 12.2 12.3 10.0 10.0 9.3 9.3 10.2 10.2 10.2 10.2 11.8 12.0 12.0 9.8 9.7 8.0 9.3 9.3 9.3 9.4 30/12/2011
5.2 4.1 4.1 4.1 4.1 4.1 4.3 4.3 4.3 4.4 5.3 5.4 5.3 5.3 4.2 4.2 4.2 4.2 4.2 4.3 4.3 5.2 5.2 1.2 5.3 5.3 5.3 5.3 31/12/2011
9.8 11.4 11.5 11.4 11.4 11.5 10.0 10.1 10.2 10.3 15.9 15.9 10.0 10.0 11.6 11.6 11.6 11.6 9.8 10.0 10.1 15.6 15.4 7.8 9.9 9.9 10.0 10.0 01/01/2012
3.4 3.4 3.4 3.4 3.4 3.4 2.8 2.9 2.9 2.9 7.5 7.5 3.4 3.4 3.4 3.4 3.4 3.4 2.8 2.8 2.8 7.3 7.3 2.2 3.4 3.4 3.4 3.5 02/01/2012
5.5 6.6 6.6 6.6 6.6 6.6 3.8 3.9 3.9 4.0 9.4 9.4 5.6 5.6 6.7 6.6 6.6 6.7 3.8 3.8 3.9 9.2 9.1 3.5 5.6 5.6 5.6 5.6 03/01/2012
3.3 5.2 5.2 5.2 5.2 5.2 9.3 9.5 9.6 9.7 11.9 12.0 3.3 3.3 5.3 5.3 5.3 5.3 9.2 9.4 9.4 11.7 11.6 2.0 3.3 3.3 3.3 3.4 04/01/2012
1.8 2.8 2.8 2.8 2.8 2.8 6.3 6.4 6.5 6.6 7.2 7.2 1.8 1.8 2.8 2.8 2.8 2.8 6.2 6.3 6.4 7.0 7.0 1.2 1.8 1.8 1.8 1.8 05/01/2012
0.5 2.2 2.2 2.2 2.2 2.2 2.9 3.0 3.0 3.0 3.8 3.8 0.5 0.5 2.2 2.2 2.2 2.2 2.9 2.9 3.0 3.7 3.7 0.4 0.5 0.5 0.5 0.5 06/01/2012
0.3 0.6 0.6 0.6 0.6 0.6 1.4 1.4 1.4 1.4 1.6 1.6 0.3 0.3 0.6 0.6 0.6 0.6 1.4 1.4 1.4 1.5 1.5 0.2 0.3 0.3 0.3 0.3 07/01/2012
0.1 0.4 0.4 0.4 0.4 0.4 0.5 0.5 0.5 0.6 0.4 0.4 0.1 0.1 0.4 0.4 0.4 0.4 0.5 0.5 0.5 0.4 0.4 0.0 0.1 0.1 0.1 0.1 08/01/2012
0.1 1.2 1.2 1.2 1.2 1.2 0.4 0.4 0.4 0.4 0.2 0.2 0.2 0.2 1.2 1.2 1.2 1.2 0.3 0.4 0.4 0.1 0.1 0.2 0.2 0.2 0.2 0.2 09/01/2012
0.1 0.3 0.3 0.3 0.3 0.3 0.0 0.0 0.0 0.0 0.1 0.1 0.1 0.1 0.3 0.3 0.3 0.3 0.0 0.0 0.0 0.1 0.1 0.0 0.1 0.1 0.1 0.1 10/01/2012
0.0 0.2 0.2 0.2 0.2 0.2 0.0 0.0 0.0 0.0 0.0 0.0 0.0 0.0 0.2 0.2 0.2 0.2 0.0 0.0 0.0 0.0 0.0 0.0 0.0 0.0 0.0 0.0 11/01/2012
0.1 0.2 0.2 0.2 0.2 0.2 0.5 0.5 0.5 0.5 1.9 1.9 0.1 0.1 0.2 0.2 0.2 0.2 0.4 0.5 0.5 1.9 1.9 0.0 0.1 0.1 0.1 0.1 12/01/2012
0.0 0.2 0.2 0.2 0.2 0.2 0.2 0.2 0.2 0.2 0.2 0.2 0.0 0.0 0.2 0.2 0.2 0.2 0.2 0.2 0.2 0.2 0.2 0.0 0.0 0.0 0.0 0.0 13/01/2012
0.2 0.1 0.1 0.1 0.1 0.1 0.0 0.0 0.0 0.0 0.0 0.0 0.2 0.2 0.1 0.1 0.1 0.1 0.0 0.0 0.0 0.0 0.0 0.1 0.2 0.2 0.2 0.2 14/01/2012
0.0 0.0 0.0 0.0 0.0 0.0 0.0 0.0 0.0 0.0 0.0 0.0 0.0 0.0 0.0 0.0 0.0 0.0 0.0 0.0 0.0 0.0 0.0 0.0 0.0 0.0 0.0 0.0 15/01/2012
0.0 0.0 0.0 0.0 0.0 0.0 0.0 0.0 0.0 0.0 0.0 0.0 0.0 0.0 0.0 0.0 0.0 0.0 0.0 0.0 0.0 0.0 0.0 0.0 0.0 0.0 0.0 0.0 16/01/2012
0.0 0.0 0.0 0.0 0.0 0.0 0.0 0.0 0.0 0.0 0.0 0.0 0.0 0.0 0.0 0.0 0.0 0.0 0.0 0.0 0.0 0.0 0.0 0.0 0.0 0.0 0.0 0.0 17/01/2012
2.2 2.4 2.4 2.4 2.4 2.4 5.3 5.4 5.4 5.5 7.0 7.0 2.2 2.2 2.4 2.4 2.4 2.4 5.2 5.3 5.3 6.8 6.8 0.8 2.2 2.2 2.2 2.2 18/01/2012
4.8 5.8 5.9 5.8 5.9 5.9 8.2 8.3 8.4 8.5 6.6 6.6 4.8 4.8 5.9 5.9 5.9 5.9 8.1 8.2 8.3 6.5 6.4 3.2 4.8 4.8 4.9 4.9 19/01/2012
2.4 8.4 8.4 8.4 8.4 8.4 12.8 13.0 13.1 13.3 15.7 15.8 2.4 2.4 8.5 8.5 8.5 8.5 12.6 12.8 12.9 15.4 15.3 0.4 2.4 2.4 2.4 2.4 20/01/2012
0.8 1.4 1.4 1.4 1.4 1.4 1.8 1.8 1.9 1.9 5.9 5.9 0.8 0.8 1.4 1.4 1.4 1.4 1.8 1.8 1.8 5.7 5.7 0.5 0.8 0.8 0.8 0.8 21/01/2012
0.4 0.0 0.0 0.0 0.0 0.0 0.0 0.0 0.0 0.0 0.1 0.1 0.4 0.4 0.0 0.0 0.0 0.0 0.0 0.0 0.0 0.1 0.1 0.0 0.4 0.4 0.4 0.4 22/01/2012
2.2 1.2 1.2 1.2 1.2 1.2 0.3 0.3 0.3 0.3 1.1 1.1 2.3 2.3 1.2 1.2 1.2 1.2 0.3 0.3 0.3 1.3 1.3 2.9 2.3 2.3 2.3 2.3 23/01/2012
6.5 11.3 11.3 11.3 11.3 11.3 5.0 5.0 5.1 5.1 4.9 4.9 6.6 6.6 11.5 11.4 11.4 11.4 4.9 5.0 5.0 4.8 4.7 8.4 6.5 6.5 6.6 6.6 24/01/2012
0.6 1.3 1.3 1.3 1.3 1.3 2.2 2.2 2.2 2.2 2.9 3.0 0.6 0.6 1.3 1.3 1.3 1.3 2.2 2.2 2.2 2.9 2.9 0.3 0.6 0.6 0.6 0.6 25/01/2012
0.9 1.5 1.5 1.5 1.5 1.5 2.9 2.9 3.0 3.0 5.1 5.1 0.9 0.9 1.6 1.5 1.5 1.5 2.9 2.9 2.9 5.0 4.9 1.5 0.9 0.9 0.9 1.0 26/01/2012
10.2 3.1 2.9 3.1 3.0 2.9 1.9 1.9 2.0 2.0 0.2 0.2 10.3 10.3 2.6 2.7 2.7 2.6 1.9 1.9 1.9 0.2 0.2 14.6 10.3 10.3 10.4 10.4 27/01/2012
2.9 1.1 1.1 1.1 1.1 1.1 0.1 0.1 0.1 0.1 0.0 0.0 2.9 2.9 1.1 1.1 1.1 1.1 0.1 0.1 0.1 0.0 0.0 3.1 2.9 2.9 2.9 2.9 28/01/2012
0.0 0.0 0.0 0.0 0.0 0.0 0.0 0.0 0.0 0.0 0.0 0.0 0.0 0.0 0.0 0.0 0.0 0.0 0.0 0.0 0.0 0.0 0.0 0.2 0.0 0.0 0.0 0.0 29/01/2012
0.0 0.0 0.0 0.0 0.0 0.0 0.0 0.0 0.0 0.0 0.0 0.0 0.0 0.0 0.0 0.0 0.0 0.0 0.0 0.0 0.0 0.0 0.0 0.0 0.0 0.0 0.0 0.0 30/01/2012
0.0 0.0 0.0 0.0 0.0 0.0 0.0 0.0 0.0 0.0 0.0 0.0 0.0 0.0 0.0 0.0 0.0 0.0 0.0 0.0 0.0 0.0 0.0 0.0 0.0 0.0 0.0 0.0 31/01/2012
0.0 0.0 0.0 0.0 0.0 0.0 0.0 0.0 0.0 0.0 0.0 0.0 0.0 0.0 0.0 0.0 0.0 0.0 0.0 0.0 0.0 0.0 0.0 0.0 0.0 0.0 0.0 0.0 01/02/2012
0.0 0.0 0.0 0.0 0.0 0.0 0.0 0.0 0.0 0.0 0.0 0.0 0.0 0.0 0.0 0.0 0.0 0.0 0.0 0.0 0.0 0.0 0.0 0.0 0.0 0.0 0.0 0.0 02/02/2012
0.0 0.0 0.0 0.0 0.0 0.0 0.0 0.0 0.0 0.0 0.0 0.0 0.0 0.0 0.0 0.0 0.0 0.0 0.0 0.0 0.0 0.0 0.0 0.0 0.0 0.0 0.0 0.0 03/02/2012
0.0 0.0 0.0 0.0 0.0 0.0 0.0 0.0 0.0 0.0 0.0 0.0 0.0 0.0 0.0 0.0 0.0 0.0 0.0 0.0 0.0 0.0 0.0 0.0 0.0 0.0 0.0 0.0 04/02/2012
0.0 0.0 0.0 0.0 0.0 0.0 0.0 0.0 0.0 0.0 0.0 0.0 0.0 0.0 0.0 0.0 0.0 0.0 0.0 0.0 0.0 0.0 0.0 0.0 0.0 0.0 0.0 0.0 05/02/2012
0.0 0.0 0.0 0.0 0.0 0.0 0.0 0.0 0.0 0.0 0.0 0.0 0.0 0.0 0.0 0.0 0.0 0.0 0.0 0.0 0.0 0.0 0.0 0.0 0.0 0.0 0.0 0.0 06/02/2012
0.0 0.0 0.0 0.0 0.0 0.0 0.0 0.0 0.0 0.0 0.0 0.0 0.0 0.0 0.0 0.0 0.0 0.0 0.0 0.0 0.0 0.0 0.0 0.0 0.0 0.0 0.0 0.0 07/02/2012
0.0 0.0 0.0 0.0 0.0 0.0 0.0 0.0 0.0 0.0 0.0 0.0 0.0 0.0 0.0 0.0 0.0 0.0 0.0 0.0 0.0 0.0 0.0 0.0 0.0 0.0 0.0 0.0 08/02/2012
0.0 0.0 0.0 0.0 0.0 0.0 0.0 0.0 0.0 0.0 0.0 0.0 0.0 0.0 0.0 0.0 0.0 0.0 0.0 0.0 0.0 0.0 0.0 0.0 0.0 0.0 0.0 0.0 09/02/2012
0.0 0.0 0.0 0.0 0.0 0.0 0.0 0.0 0.0 0.0 0.0 0.0 0.0 0.0 0.0 0.0 0.0 0.0 0.0 0.0 0.0 0.0 0.0 0.0 0.0 0.0 0.0 0.0 10/02/2012
0.0 0.0 0.0 0.0 0.0 0.0 0.0 0.0 0.0 0.0 0.0 0.0 0.0 0.0 0.0 0.0 0.0 0.0 0.0 0.0 0.0 0.0 0.0 0.0 0.0 0.0 0.0 0.0 11/02/2012
1.1 1.5 1.5 1.5 1.5 1.5 0.0 0.0 0.0 0.0 0.0 0.0 1.1 1.1 1.5 1.5 1.5 1.5 0.0 0.0 0.0 0.0 0.0 0.5 1.1 1.1 1.1 1.1 12/02/2012
4.3 5.4 5.5 5.4 5.5 5.5 3.1 2.7 2.3 2.0 0.7 0.7 4.3 4.3 5.5 5.5 5.5 5.5 3.5 3.0 2.8 1.1 1.3 3.3 4.3 4.3 4.3 4.3 13/02/2012
0.0 1.0 1.0 1.0 1.0 1.0 2.3 2.3 2.3 2.3 4.2 4.2 0.0 0.0 1.0 1.0 1.0 1.0 2.3 2.3 2.3 4.1 4.0 0.1 0.0 0.0 0.0 0.0 14/02/2012
0.0 0.6 0.6 0.6 0.6 0.6 4.6 4.7 4.7 4.8 6.5 6.5 0.0 0.0 0.6 0.6 0.6 0.6 4.6 4.6 4.7 6.4 6.3 0.0 0.0 0.0 0.0 0.0 15/02/2012
0.2 0.1 0.1 0.1 0.1 0.1 0.1 0.1 0.1 0.1 0.1 0.1 0.2 0.2 0.1 0.1 0.1 0.1 0.1 0.1 0.1 0.1 0.1 0.0 0.2 0.2 0.2 0.2 16/02/2012
0.8 2.0 2.0 2.0 2.0 2.0 3.9 3.9 3.9 4.0 3.8 3.8 0.8 0.8 2.0 2.0 2.0 2.0 3.8 3.9 3.9 3.8 3.8 1.3 0.8 0.8 0.8 0.8 17/02/2012
4.6 3.9 3.9 3.9 3.9 3.9 6.6 6.7 6.8 6.9 8.5 8.5 4.6 4.6 4.0 4.0 4.0 4.0 6.5 6.6 6.7 8.3 8.2 4.8 4.6 4.6 4.7 4.7 18/02/2012
0.0 0.1 0.1 0.1 0.1 0.1 0.1 0.1 0.1 0.0 0.0 0.0 0.0 0.0 0.1 0.1 0.1 0.1 0.1 0.1 0.1 0.0 0.0 0.0 0.0 0.0 0.0 0.0 19/02/2012
0.0 0.0 0.0 0.0 0.0 0.0 0.0 0.0 0.0 0.0 0.0 0.0 0.0 0.0 0.0 0.0 0.0 0.0 0.0 0.0 0.0 0.0 0.0 0.0 0.0 0.0 0.0 0.0 20/02/2012
0.0 0.0 0.0 0.0 0.0 0.0 0.0 0.0 0.0 0.0 0.0 0.0 0.0 0.0 0.0 0.0 0.0 0.0 0.0 0.0 0.0 0.0 0.0 0.0 0.0 0.0 0.0 0.0 21/02/2012
1.7 2.6 2.6 2.6 2.6 2.6 2.3 2.3 2.3 2.4 2.1 2.1 1.8 1.8 2.6 2.6 2.6 2.6 2.3 2.3 2.3 2.1 2.1 1.4 1.8 1.8 1.8 1.8 22/02/2012
0.4 1.1 1.1 1.1 1.1 1.1 1.6 1.6 1.6 1.7 1.5 1.5 0.4 0.4 1.1 1.1 1.1 1.1 1.6 1.6 1.6 1.5 1.5 0.9 0.4 0.4 0.4 0.4 23/02/2012
0.3 0.2 0.2 0.2 0.2 0.2 0.5 0.5 0.5 0.5 0.5 0.5 0.4 0.4 0.2 0.2 0.2 0.2 0.5 0.5 0.5 0.5 0.5 0.5 0.3 0.3 0.4 0.4 24/02/2012
0.0 0.2 0.2 0.2 0.2 0.2 0.8 0.8 0.8 0.8 0.5 0.5 0.0 0.0 0.2 0.2 0.2 0.2 0.8 0.8 0.8 0.5 0.5 0.3 0.0 0.0 0.0 0.0 25/02/2012
0.0 0.2 0.2 0.2 0.2 0.2 0.1 0.1 0.1 0.1 0.1 0.1 0.0 0.0 0.2 0.2 0.2 0.2 0.1 0.1 0.1 0.1 0.1 0.2 0.0 0.0 0.0 0.0 26/02/2012
0.0 0.4 0.4 0.4 0.4 0.4 0.1 0.1 0.1 0.1 0.1 0.1 0.0 0.0 0.4 0.4 0.4 0.4 0.1 0.1 0.1 0.1 0.1 0.1 0.0 0.0 0.0 0.0 27/02/2012
0.0 0.1 0.1 0.1 0.1 0.1 0.1 0.1 0.1 0.1 0.1 0.1 0.0 0.0 0.1 0.1 0.1 0.1 0.1 0.1 0.1 0.1 0.1 0.0 0.0 0.0 0.0 0.0 28/02/2012
0.0 0.0 0.0 0.0 0.0 0.0 0.1 0.1 0.1 0.1 0.2 0.2 0.0 0.0 0.0 0.0 0.0 0.0 0.1 0.1 0.1 0.2 0.2 0.1 0.0 0.0 0.0 0.0 29/02/2012
0.0 0.0 0.0 0.0 0.0 0.0 0.1 0.1 0.1 0.1 0.6 0.6 0.0 0.0 0.0 0.0 0.0 0.0 0.1 0.1 0.1 0.6 0.6 0.0 0.0 0.0 0.0 0.0 01/03/2012
0.0 0.0 0.0 0.0 0.0 0.0 0.0 0.0 0.0 0.0 0.0 0.0 0.0 0.0 0.0 0.0 0.0 0.0 0.0 0.0 0.0 0.0 0.0 0.0 0.0 0.0 0.0 0.0 02/03/2012
3.5 1.4 1.4 1.4 1.4 1.4 0.6 0.7 0.7 0.7 0.9 0.9 3.5 3.5 1.4 1.4 1.4 1.4 0.6 0.6 0.7 0.9 0.9 2.8 3.5 3.5 3.5 3.6 03/03/2012
10.9 12.2 12.3 12.2 12.2 12.3 12.2 12.2 12.3 12.3 11.7 11.7 11.0 11.0 12.4 12.4 12.4 12.4 12.2 12.2 12.2 11.7 11.7 9.8 10.9 10.9 11.0 11.1 04/03/2012
1.9 16.1 16.2 16.1 16.1 16.2 14.2 12.6 11.0 9.8 10.4 10.4 1.9 1.9 16.3 16.3 16.3 16.3 15.9 13.9 13.1 10.2 10.1 0.0 1.9 1.9 1.9 1.9 05/03/2012
0.6 1.4 1.4 1.4 1.4 1.4 0.1 0.1 0.1 0.1 0.0 0.0 0.6 0.6 1.4 1.4 1.4 1.4 0.1 0.1 0.1 0.0 0.0 0.0 0.6 0.6 0.6 0.6 06/03/2012
5.1 4.0 4.0 4.0 4.0 4.0 9.3 9.4 9.5 9.6 9.2 9.3 5.1 5.1 4.0 4.0 4.0 4.0 9.2 9.4 9.4 9.1 9.0 4.3 5.1 5.1 5.1 5.2 07/03/2012
0.0 0.2 0.2 0.2 0.2 0.2 0.2 0.2 0.2 0.2 0.1 0.1 0.0 0.0 0.2 0.2 0.2 0.2 0.2 0.2 0.2 0.1 0.1 0.0 0.0 0.0 0.0 0.0 08/03/2012
0.0 0.2 0.2 0.2 0.2 0.2 0.5 0.5 0.5 0.5 0.0 0.0 0.0 0.0 0.2 0.2 0.2 0.2 0.5 0.5 0.5 0.0 0.0 0.0 0.0 0.0 0.0 0.0 09/03/2012
0.0 0.1 0.1 0.1 0.1 0.1 0.1 0.1 0.1 0.1 0.0 0.0 0.0 0.0 0.1 0.1 0.1 0.1 0.1 0.1 0.1 0.0 0.0 0.0 0.0 0.0 0.0 0.0 10/03/2012
0.0 0.1 0.1 0.1 0.1 0.1 0.0 0.0 0.0 0.0 0.0 0.0 0.0 0.0 0.1 0.1 0.1 0.1 0.0 0.0 0.0 0.0 0.0 0.1 0.0 0.0 0.0 0.0 11/03/2012
0.1 0.3 0.3 0.3 0.3 0.3 0.1 0.1 0.1 0.1 0.0 0.0 0.1 0.1 0.3 0.3 0.3 0.3 0.1 0.1 0.1 0.0 0.0 0.1 0.1 0.1 0.1 0.1 12/03/2012
0.0 0.0 0.0 0.0 0.0 0.0 0.0 0.0 0.0 0.0 0.0 0.0 0.0 0.0 0.0 0.0 0.0 0.0 0.0 0.0 0.0 0.0 0.0 0.0 0.0 0.0 0.0 0.0 13/03/2012
0.1 0.2 0.2 0.2 0.2 0.2 0.0 0.0 0.0 0.0 0.0 0.0 0.1 0.1 0.2 0.2 0.2 0.2 0.0 0.0 0.0 0.0 0.0 0.0 0.1 0.1 0.1 0.1 14/03/2012
0.0 0.1 0.1 0.1 0.1 0.1 0.0 0.0 0.0 0.0 0.0 0.0 0.0 0.0 0.1 0.1 0.1 0.1 0.0 0.0 0.0 0.0 0.0 0.0 0.0 0.0 0.0 0.0 15/03/2012
0.0 0.0 0.0 0.0 0.0 0.0 0.0 0.0 0.0 0.0 0.0 0.0 0.0 0.0 0.0 0.0 0.0 0.0 0.0 0.0 0.0 0.0 0.0 0.0 0.0 0.0 0.0 0.0 16/03/2012
9.0 6.8 6.8 6.8 6.8 6.8 1.0 1.0 1.0 1.1 1.3 1.3 9.1 9.1 6.9 6.9 6.9 6.9 1.0 1.0 1.0 1.2 1.2 14.1 9.0 9.0 9.1 9.1 17/03/2012
0.0 0.2 0.2 0.2 0.2 0.2 0.1 0.1 0.1 0.1 0.3 0.3 0.0 0.0 0.2 0.2 0.2 0.2 0.1 0.1 0.1 0.3 0.3 0.0 0.0 0.0 0.0 0.0 18/03/2012
0.0 0.1 0.1 0.1 0.1 0.1 0.0 0.0 0.0 0.0 0.0 0.0 0.0 0.0 0.1 0.1 0.1 0.1 0.0 0.0 0.0 0.0 0.0 0.0 0.0 0.0 0.0 0.0 19/03/2012
0.1 0.1 0.1 0.1 0.1 0.1 0.0 0.0 0.0 0.0 0.0 0.0 0.1 0.1 0.1 0.1 0.1 0.1 0.0 0.0 0.0 0.0 0.0 0.0 0.1 0.1 0.1 0.1 20/03/2012
0.0 0.0 0.0 0.0 0.0 0.0 0.0 0.0 0.0 0.0 0.0 0.0 0.0 0.0 0.0 0.0 0.0 0.0 0.0 0.0 0.0 0.0 0.0 0.0 0.0 0.0 0.0 0.0 21/03/2012
0.0 0.0 0.0 0.0 0.0 0.0 0.0 0.0 0.0 0.0 0.0 0.0 0.0 0.0 0.0 0.0 0.0 0.0 0.0 0.0 0.0 0.0 0.0 0.0 0.0 0.0 0.0 0.0 22/03/2012
0.0 0.0 0.0 0.0 0.0 0.0 0.0 0.0 0.0 0.0 0.0 0.0 0.0 0.0 0.0 0.0 0.0 0.0 0.0 0.0 0.0 0.0 0.0 0.0 0.0 0.0 0.0 0.0 23/03/2012
0.0 0.1 0.1 0.1 0.1 0.1 0.0 0.0 0.0 0.0 0.0 0.0 0.0 0.0 0.1 0.1 0.1 0.1 0.0 0.0 0.0 0.0 0.0 0.0 0.0 0.0 0.0 0.0 24/03/2012
0.0 0.1 0.1 0.1 0.1 0.1 0.0 0.0 0.0 0.0 0.0 0.0 0.0 0.0 0.1 0.1 0.1 0.1 0.0 0.0 0.0 0.0 0.0 0.0 0.0 0.0 0.0 0.0 25/03/2012
0.0 0.0 0.0 0.0 0.0 0.0 0.0 0.0 0.0 0.0 0.0 0.0 0.0 0.0 0.0 0.0 0.0 0.0 0.0 0.0 0.0 0.0 0.0 0.0 0.0 0.0 0.0 0.0 26/03/2012
0.0 0.0 0.0 0.0 0.0 0.0 0.0 0.0 0.0 0.0 0.0 0.0 0.0 0.0 0.0 0.0 0.0 0.0 0.0 0.0 0.0 0.0 0.0 0.0 0.0 0.0 0.0 0.0 27/03/2012
0.0 0.0 0.0 0.0 0.0 0.0 0.0 0.0 0.0 0.0 0.0 0.0 0.0 0.0 0.0 0.0 0.0 0.0 0.0 0.0 0.0 0.0 0.0 0.0 0.0 0.0 0.0 0.0 28/03/2012
0.0 0.0 0.0 0.0 0.0 0.0 0.0 0.0 0.0 0.0 0.0 0.0 0.0 0.0 0.0 0.0 0.0 0.0 0.0 0.0 0.0 0.0 0.0 0.0 0.0 0.0 0.0 0.0 29/03/2012
0.1 0.1 0.1 0.1 0.1 0.1 0.0 0.0 0.0 0.0 0.0 0.0 0.1 0.1 0.1 0.1 0.1 0.1 0.0 0.0 0.0 0.0 0.0 0.0 0.1 0.1 0.1 0.1 30/03/2012
0.0 0.0 0.0 0.0 0.0 0.0 0.0 0.0 0.0 0.0 0.0 0.0 0.0 0.0 0.0 0.0 0.0 0.0 0.0 0.0 0.0 0.0 0.0 0.0 0.0 0.0 0.0 0.0 31/03/2012
0.0 0.0 0.0 0.0 0.0 0.0 0.0 0.0 0.0 0.0 0.0 0.0 0.0 0.0 0.0 0.0 0.0 0.0 0.0 0.0 0.0 0.0 0.0 0.0 0.0 0.0 0.0 0.0 01/04/2012
0.0 0.1 0.1 0.1 0.1 0.1 0.0 0.0 0.0 0.0 0.0 0.0 0.0 0.0 0.1 0.1 0.1 0.1 0.0 0.0 0.0 0.0 0.0 0.0 0.0 0.0 0.0 0.0 02/04/2012
0.8 0.3 0.3 0.3 0.3 0.3 5.9 5.9 6.0 6.1 7.7 7.7 0.8 0.8 0.3 0.3 0.3 0.3 5.8 5.9 5.9 7.6 7.5 0.8 0.8 0.8 0.8 0.8 03/04/2012
0.5 0.3 0.3 0.3 0.3 0.3 0.1 0.1 0.1 0.1 0.0 0.0 0.5 0.5 0.3 0.3 0.3 0.3 0.1 0.1 0.1 0.0 0.0 0.3 0.5 0.5 0.5 0.5 04/04/2012
0.0 0.0 0.0 0.0 0.0 0.0 0.0 0.0 0.0 0.0 0.0 0.0 0.0 0.0 0.0 0.0 0.0 0.0 0.0 0.0 0.0 0.0 0.0 0.3 0.0 0.0 0.0 0.0 05/04/2012
0.0 0.0 0.0 0.0 0.0 0.0 0.1 0.1 0.1 0.1 0.0 0.0 0.0 0.0 0.0 0.0 0.0 0.0 0.1 0.1 0.1 0.0 0.0 0.0 0.0 0.0 0.0 0.0 06/04/2012
0.0 0.0 0.0 0.0 0.0 0.0 0.6 0.6 0.6 0.6 0.2 0.2 0.0 0.0 0.0 0.0 0.0 0.0 0.6 0.6 0.6 0.2 0.2 0.0 0.0 0.0 0.0 0.0 07/04/2012
2.8 2.3 2.3 2.3 2.3 2.3 2.0 2.1 2.1 2.1 1.9 1.9 2.8 2.8 2.3 2.3 2.3 2.3 2.0 2.1 2.1 1.8 1.8 3.8 2.8 2.8 2.8 2.8 08/04/2012
15.1 10.8 10.9 10.8 10.8 10.9 12.0 12.2 12.3 12.4 11.3 11.3 15.3 15.3 11.0 11.0 11.0 11.0 11.8 12.0 12.1 11.1 11.0 13.1 15.2 15.2 15.3 15.4 09/04/2012
0.3 2.2 2.2 2.2 2.2 2.2 9.9 10.0 10.2 10.3 8.7 8.8 0.3 0.3 2.2 2.2 2.2 2.2 9.8 9.9 10.0 8.6 8.5 0.1 0.3 0.3 0.3 0.3 10/04/2012
0.2 1.7 1.7 1.7 1.7 1.7 3.7 3.8 3.8 3.8 7.3 7.3 0.2 0.2 1.7 1.7 1.7 1.7 3.7 3.7 3.7 7.2 7.1 0.6 0.2 0.2 0.2 0.2 11/04/2012
0.0 0.2 0.2 0.2 0.2 0.2 0.7 0.7 0.7 0.7 0.1 0.1 0.0 0.0 0.2 0.2 0.2 0.2 0.7 0.7 0.7 0.2 0.2 0.1 0.0 0.0 0.0 0.0 12/04/2012
3.4 0.1 0.1 0.1 0.1 0.1 0.1 0.1 0.1 0.1 0.4 0.4 3.5 3.5 0.1 0.1 0.1 0.1 0.1 0.1 0.1 0.4 0.4 0.1 3.4 3.4 3.5 3.5 13/04/2012
1.6 0.0 0.0 0.0 0.0 0.0 0.3 0.3 0.4 0.4 1.6 1.6 1.7 1.7 0.0 0.0 0.0 0.0 0.3 0.3 0.3 1.6 1.5 4.1 1.7 1.7 1.7 1.7 14/04/2012
2.2 0.2 0.2 0.2 0.2 0.2 0.0 0.0 0.0 0.0 0.0 0.0 2.3 2.3 0.2 0.2 0.2 0.2 0.0 0.0 0.0 0.0 0.0 1.9 2.3 2.3 2.3 2.3 15/04/2012
0.0 0.0 0.0 0.0 0.0 0.0 0.0 0.0 0.0 0.0 0.0 0.0 0.0 0.0 0.0 0.0 0.0 0.0 0.0 0.0 0.0 0.0 0.0 0.0 0.0 0.0 0.0 0.0 16/04/2012
7.2 6.2 6.2 6.2 6.2 6.2 5.0 5.1 5.2 5.2 5.4 5.4 7.2 7.2 6.3 6.3 6.3 6.3 5.0 5.1 5.1 5.3 5.2 5.5 7.2 7.2 7.3 7.3 17/04/2012
6.0 5.8 5.9 5.8 5.9 5.9 7.2 7.2 7.3 7.4 12.0 12.1 6.1 6.1 5.9 5.9 5.9 5.9 7.1 7.2 7.2 11.8 11.7 3.3 6.1 6.1 6.1 6.1 18/04/2012
5.2 6.8 6.9 6.8 6.9 6.9 1.0 1.1 1.1 1.1 1.2 1.2 5.3 5.3 6.9 6.9 6.9 6.9 1.0 1.1 1.1 1.2 1.2 1.7 5.2 5.2 5.3 5.3 19/04/2012
3.5 6.8 6.9 6.8 6.9 6.9 6.1 6.2 6.3 6.3 7.2 7.2 3.6 3.6 7.0 6.9 6.9 6.9 6.1 6.2 6.2 7.1 7.0 3.1 3.5 3.5 3.6 3.6 20/04/2012
1.1 2.4 2.4 2.4 2.4 2.4 4.0 4.0 4.0 4.1 3.2 3.2 1.1 1.1 2.4 2.4 2.4 2.4 3.9 4.0 4.0 3.1 3.1 1.6 1.1 1.1 1.1 1.1 21/04/2012
0.6 1.3 1.3 1.3 1.3 1.3 7.1 7.2 7.3 7.3 6.7 6.7 0.6 0.6 1.4 1.3 1.3 1.3 7.0 7.1 7.2 6.5 6.5 0.4 0.6 0.6 0.6 0.6 22/04/2012
11.7 11.0 11.0 11.0 11.0 11.0 8.6 8.7 8.8 8.9 16.1 16.2 11.9 11.9 11.1 11.1 11.1 11.1 8.5 8.6 8.7 15.8 15.7 9.0 11.8 11.8 11.9 11.9 23/04/2012
4.6 4.7 4.8 4.7 4.7 4.8 5.3 5.4 5.4 5.5 5.2 5.2 4.7 4.7 4.8 4.8 4.8 4.8 5.2 5.3 5.3 5.1 5.1 5.2 4.6 4.6 4.7 4.7 24/04/2012
3.8 7.5 7.6 7.5 7.6 7.6 6.1 6.2 6.3 6.4 11.3 11.4 3.8 3.8 7.7 7.7 7.7 7.7 6.1 6.2 6.2 11.1 11.0 1.5 3.8 3.8 3.8 3.8 25/04/2012
1.7 3.3 3.3 3.3 3.3 3.3 1.4 1.4 1.4 1.4 2.2 2.2 1.7 1.7 3.3 3.3 3.3 3.3 1.3 1.4 1.4 2.1 2.1 1.7 1.7 1.7 1.7 1.7 26/04/2012
10.8 12.4 12.5 12.4 12.4 12.5 2.9 2.9 3.0 3.0 4.8 4.9 10.9 10.9 12.6 12.6 12.6 12.6 2.9 2.9 2.9 4.7 4.7 7.5 10.9 10.9 10.9 11.0 27/04/2012
14.6 15.6 15.6 15.6 15.6 15.7 0.6 0.6 0.6 0.6 0.2 0.2 14.8 14.8 15.8 15.8 15.8 15.8 0.6 0.6 0.6 0.2 0.2 14.8 14.7 14.7 14.8 14.8 28/04/2012
1.5 2.1 2.1 2.1 2.1 2.1 0.6 0.6 0.6 0.6 0.8 0.8 1.5 1.5 2.2 2.2 2.2 2.2 0.6 0.6 0.6 0.8 0.8 0.5 1.5 1.5 1.5 1.5 29/04/2012
2.7 7.2 7.2 7.2 7.2 7.2 9.2 9.3 9.4 9.5 14.2 14.3 2.7 2.7 7.3 7.3 7.3 7.3 9.1 9.2 9.3 13.9 13.8 3.1 2.7 2.7 2.7 2.7 30/04/2012
0.0 0.1 0.1 0.1 0.1 0.1 0.1 0.1 0.1 0.1 0.1 0.1 0.0 0.0 0.1 0.1 0.1 0.1 0.1 0.1 0.1 0.1 0.1 0.0 0.0 0.0 0.0 0.0 01/05/2012
4.3 3.0 3.0 3.0 3.0 3.0 6.1 6.1 6.2 6.3 6.0 6.1 4.3 4.3 3.0 3.0 3.0 3.0 6.0 6.1 6.1 5.9 5.9 5.6 4.3 4.3 4.3 4.3 02/05/2012
1.1 2.7 2.7 2.7 2.7 2.7 0.0 0.0 0.0 0.0 0.6 0.6 1.1 1.1 2.7 2.7 2.7 2.7 0.0 0.0 0.0 0.6 0.6 1.8 1.1 1.1 1.1 1.1 03/05/2012
6.6 7.8 7.9 7.9 7.9 7.9 12.8 13.0 13.1 13.3 13.3 13.4 6.7 6.7 8.0 8.0 8.0 8.0 12.6 12.8 12.9 13.1 13.0 11.6 6.7 6.7 6.7 6.8 04/05/2012
0.1 0.4 0.4 0.4 0.4 0.4 9.3 9.4 9.5 9.6 10.6 10.6 0.1 0.1 0.4 0.4 0.4 0.4 9.2 9.3 9.4 10.4 10.3 0.1 0.1 0.1 0.1 0.1 05/05/2012
0.1 0.2 0.2 0.2 0.2 0.2 0.7 0.7 0.7 0.7 3.0 3.0 0.2 0.2 0.3 0.2 0.2 0.2 0.6 0.7 0.7 2.9 2.9 0.1 0.2 0.2 0.2 0.2 06/05/2012
4.2 2.8 2.8 2.8 2.8 2.8 0.0 0.0 0.0 0.0 0.0 0.0 4.2 4.2 2.8 2.8 2.8 2.8 0.0 0.0 0.0 0.0 0.0 5.0 4.2 4.2 4.3 4.3 07/05/2012
5.9 2.5 2.5 2.5 2.5 2.5 1.1 1.1 1.1 1.1 1.5 1.5 6.0 6.0 2.5 2.5 2.5 2.5 1.1 1.1 1.1 1.4 1.4 4.8 6.0 6.0 6.0 6.0 08/05/2012
1.6 1.6 1.6 1.6 1.6 1.6 2.7 2.8 2.8 2.8 1.9 1.9 1.6 1.6 1.6 1.6 1.6 1.6 2.7 2.7 2.8 1.9 1.9 1.0 1.6 1.6 1.6 1.6 09/05/2012
3.2 0.8 0.8 0.8 0.8 0.8 0.1 0.1 0.1 0.1 0.0 0.0 3.3 3.3 0.8 0.8 0.8 0.8 0.1 0.1 0.1 0.0 0.0 5.4 3.3 3.3 3.3 3.3 10/05/2012
0.0 0.0 0.0 0.0 0.0 0.0 2.5 2.6 2.6 2.6 4.4 4.4 0.0 0.0 0.0 0.0 0.0 0.0 2.5 2.5 2.6 4.3 4.2 0.0 0.0 0.0 0.0 0.0 11/05/2012
0.0 0.0 0.0 0.0 0.0 0.0 0.0 0.0 0.0 0.0 0.0 0.0 0.0 0.0 0.0 0.0 0.0 0.0 0.0 0.0 0.0 0.0 0.0 0.0 0.0 0.0 0.0 0.0 12/05/2012
0.1 0.0 0.0 0.0 0.0 0.0 0.0 0.0 0.0 0.0 0.0 0.0 0.1 0.1 0.0 0.0 0.0 0.0 0.0 0.0 0.0 0.0 0.0 0.0 0.1 0.1 0.1 0.1 13/05/2012
2.1 3.0 3.0 3.0 3.0 3.0 0.0 0.0 0.0 0.0 0.1 0.1 2.2 2.2 3.1 3.1 3.1 3.1 0.0 0.0 0.0 0.1 0.1 2.0 2.1 2.1 2.2 2.2 14/05/2012
3.4 5.0 5.0 5.0 5.0 5.0 5.4 5.4 5.5 5.5 5.4 5.4 3.4 3.4 5.1 5.0 5.0 5.1 5.3 5.4 5.4 5.3 5.3 2.5 3.4 3.4 3.4 3.4 15/05/2012
0.0 0.1 0.1 0.1 0.1 0.1 0.1 0.1 0.1 0.1 0.0 0.0 0.0 0.0 0.1 0.1 0.1 0.1 0.1 0.1 0.1 0.0 0.0 0.0 0.0 0.0 0.0 0.0 16/05/2012
0.0 0.2 0.2 0.2 0.2 0.2 0.2 0.2 0.3 0.3 0.5 0.5 0.0 0.0 0.2 0.2 0.2 0.2 0.2 0.2 0.2 0.5 0.4 0.1 0.0 0.0 0.0 0.0 17/05/2012
0.0 0.2 0.2 0.2 0.2 0.2 1.3 1.3 1.3 1.3 0.1 0.1 0.0 0.0 0.2 0.2 0.2 0.2 1.3 1.3 1.3 0.1 0.1 0.0 0.0 0.0 0.0 0.0 18/05/2012
2.0 0.9 0.9 0.9 0.9 0.9 0.0 0.0 0.0 0.0 1.2 1.2 2.0 2.0 0.9 0.9 0.9 0.9 0.0 0.0 0.0 1.2 1.2 2.6 2.0 2.0 2.0 2.0 19/05/2012
1.2 0.3 0.3 0.3 0.3 0.3 1.4 1.4 1.4 1.5 4.8 4.8 1.2 1.2 0.4 0.4 0.4 0.4 1.4 1.4 1.4 4.7 4.7 0.9 1.2 1.2 1.2 1.2 20/05/2012
0.0 0.2 0.2 0.2 0.2 0.2 1.2 1.2 1.2 1.3 0.3 0.3 0.0 0.0 0.2 0.2 0.2 0.2 1.2 1.2 1.2 0.3 0.3 0.3 0.0 0.0 0.0 0.0 21/05/2012
0.0 0.0 0.0 0.0 0.0 0.0 0.0 0.0 0.0 0.0 0.1 0.1 0.0 0.0 0.0 0.0 0.0 0.0 0.0 0.0 0.0 0.1 0.1 0.0 0.0 0.0 0.0 0.0 22/05/2012
0.0 0.0 0.0 0.0 0.0 0.0 0.1 0.1 0.1 0.1 9.1 9.1 0.0 0.0 0.0 0.0 0.0 0.0 0.1 0.1 0.1 8.9 8.8 0.0 0.0 0.0 0.0 0.0 23/05/2012
0.0 0.0 0.0 0.0 0.0 0.0 0.2 0.2 0.2 0.2 2.8 2.8 0.0 0.0 0.0 0.0 0.0 0.0 0.2 0.2 0.2 2.8 2.7 0.0 0.0 0.0 0.0 0.0 24/05/2012
0.0 0.0 0.0 0.0 0.0 0.0 0.0 0.0 0.0 0.0 0.0 0.0 0.0 0.0 0.0 0.0 0.0 0.0 0.0 0.0 0.0 0.0 0.0 0.0 0.0 0.0 0.0 0.0 25/05/2012
0.0 0.0 0.0 0.0 0.0 0.0 0.0 0.0 0.0 0.0 0.0 0.0 0.0 0.0 0.0 0.0 0.0 0.0 0.0 0.0 0.0 0.0 0.0 0.0 0.0 0.0 0.0 0.0 26/05/2012
0.0 0.0 0.0 0.0 0.0 0.0 0.0 0.0 0.0 0.0 0.0 0.0 0.0 0.0 0.0 0.0 0.0 0.0 0.0 0.0 0.0 0.0 0.0 0.1 0.0 0.0 0.0 0.0 27/05/2012
0.0 0.0 0.0 0.0 0.0 0.0 0.0 0.0 0.0 0.0 0.0 0.0 0.0 0.0 0.0 0.0 0.0 0.0 0.0 0.0 0.0 0.0 0.0 0.0 0.0 0.0 0.0 0.0 28/05/2012
0.0 0.0 0.0 0.0 0.0 0.0 0.0 0.0 0.0 0.0 0.0 0.0 0.0 0.0 0.0 0.0 0.0 0.0 0.0 0.0 0.0 0.0 0.0 0.0 0.0 0.0 0.0 0.0 29/05/2012
0.2 0.1 0.1 0.1 0.1 0.1 0.9 0.9 0.9 0.9 1.1 1.1 0.2 0.2 0.1 0.1 0.1 0.1 0.9 0.9 0.9 1.1 1.1 0.4 0.2 0.2 0.2 0.2 30/05/2012
0.0 0.1 0.1 0.1 0.1 0.1 0.0 0.0 0.0 0.0 0.0 0.0 0.0 0.0 0.2 0.1 0.1 0.1 0.0 0.0 0.0 0.0 0.0 0.0 0.0 0.0 0.0 0.0 31/05/2012
0.1 0.7 0.7 0.7 0.7 0.7 0.0 0.0 0.0 0.0 0.0 0.0 0.1 0.1 0.7 0.7 0.7 0.7 0.0 0.0 0.0 0.0 0.0 0.0 0.1 0.1 0.1 0.1 01/06/2012
1.5 5.5 5.6 5.5 5.5 5.6 1.6 1.6 1.7 1.7 7.9 7.9 1.5 1.5 5.6 5.6 5.6 5.6 1.6 1.6 1.6 7.7 7.7 1.3 1.5 1.5 1.5 1.5 02/06/2012
2.0 0.9 0.9 0.9 0.9 0.9 0.5 0.5 0.6 0.6 2.5 2.5 2.0 2.0 0.9 0.9 0.9 0.9 0.5 0.5 0.5 2.5 2.4 1.1 2.0 2.0 2.0 2.0 03/06/2012
1.9 1.7 1.7 1.7 1.7 1.7 2.0 2.0 2.1 2.1 3.0 3.0 1.9 1.9 1.7 1.7 1.7 1.7 2.0 2.0 2.0 3.0 2.9 1.3 1.9 1.9 1.9 1.9 04/06/2012
7.6 8.0 8.0 8.0 8.0 8.0 13.0 13.2 13.4 13.5 8.4 8.5 7.7 7.7 8.1 8.1 8.1 8.1 12.8 13.1 13.2 8.3 8.2 5.8 7.7 7.7 7.7 7.8 05/06/2012
7.4 7.1 7.2 7.1 7.2 7.2 1.6 1.6 1.6 1.6 2.0 2.1 7.5 7.5 7.3 7.2 7.2 7.3 1.5 1.6 1.6 2.0 2.0 6.3 7.4 7.4 7.5 7.5 06/06/2012
11.3 7.9 7.9 7.9 7.9 8.0 2.8 2.8 2.9 2.9 1.8 1.8 11.4 11.4 8.0 8.0 8.0 8.0 2.7 2.8 2.8 1.8 1.8 8.8 11.4 11.4 11.5 11.5 07/06/2012
0.2 0.5 0.5 0.5 0.5 0.5 5.3 5.3 5.4 5.5 4.4 4.4 0.2 0.2 0.5 0.5 0.5 0.5 5.2 5.3 5.3 4.3 4.3 0.2 0.2 0.2 0.2 0.2 08/06/2012
0.5 0.6 0.6 0.6 0.6 0.6 0.3 0.3 0.4 0.4 0.5 0.5 0.5 0.5 0.6 0.6 0.6 0.6 0.3 0.3 0.3 0.4 0.4 0.3 0.5 0.5 0.5 0.5 09/06/2012
25.0 9.8 9.9 9.8 9.8 9.9 5.5 5.5 5.6 5.7 4.7 4.7 25.4 25.4 10.0 10.0 10.0 10.0 5.4 5.5 5.5 4.6 4.5 25.5 25.2 25.2 25.4 25.5 10/06/2012
1.2 0.6 0.6 0.6 0.6 0.6 4.2 4.3 4.3 4.4 9.5 9.5 1.2 1.2 0.6 0.6 0.6 0.6 4.2 4.2 4.3 9.3 9.2 4.4 1.2 1.2 1.2 1.2 11/06/2012
6.5 3.2 3.2 3.2 3.2 3.2 2.7 2.7 2.8 2.8 5.6 5.6 6.6 6.6 3.3 3.3 3.3 3.3 2.7 2.7 2.7 5.5 5.4 7.1 6.5 6.5 6.6 6.6 12/06/2012
0.6 0.3 0.3 0.3 0.3 0.3 1.7 1.7 1.7 1.7 4.5 4.6 0.6 0.6 0.4 0.4 0.4 0.4 1.7 1.7 1.7 4.5 4.4 1.6 0.6 0.6 0.6 0.6 13/06/2012
2.3 2.6 2.6 2.6 2.6 2.6 6.9 7.0 7.1 7.1 4.3 4.3 2.3 2.3 2.6 2.6 2.6 2.6 6.8 6.9 6.9 4.2 4.2 2.4 2.3 2.3 2.3 2.3 14/06/2012
4.5 5.4 5.5 5.4 5.4 5.5 11.5 11.6 11.7 11.9 8.1 8.1 4.6 4.6 5.5 5.5 5.5 5.5 11.3 11.5 11.6 7.9 7.8 4.0 4.6 4.6 4.6 4.6 15/06/2012
0.0 0.0 0.0 0.0 0.0 0.0 2.5 2.5 2.5 2.5 5.7 5.7 0.0 0.0 0.0 0.0 0.0 0.0 2.4 2.5 2.5 5.6 5.5 0.0 0.0 0.0 0.0 0.0 16/06/2012
10.2 6.0 6.0 6.0 6.0 6.0 13.9 14.1 14.3 14.4 8.4 8.4 10.4 10.4 6.1 6.0 6.0 6.0 13.7 13.9 14.0 8.2 8.2 7.8 10.3 10.3 10.4 10.4 17/06/2012
0.0 0.2 0.2 0.2 0.2 0.2 0.1 0.1 0.1 0.1 0.6 0.6 0.0 0.0 0.2 0.2 0.2 0.2 0.1 0.1 0.1 0.6 0.6 0.0 0.0 0.0 0.0 0.0 18/06/2012
0.0 0.0 0.0 0.0 0.0 0.0 2.8 2.9 2.9 2.9 11.0 11.0 0.0 0.0 0.0 0.0 0.0 0.0 2.8 2.8 2.9 10.7 10.7 0.0 0.0 0.0 0.0 0.0 19/06/2012
4.6 3.0 3.1 3.0 3.0 3.1 0.0 0.0 0.0 0.0 0.2 0.2 4.7 4.7 3.1 3.1 3.1 3.1 0.0 0.0 0.0 0.2 0.2 5.2 4.6 4.6 4.7 4.7 20/06/2012
6.9 9.1 9.1 9.1 9.1 9.1 8.2 8.3 8.4 8.5 14.6 14.7 7.0 7.0 9.2 9.2 9.2 9.2 8.1 8.2 8.3 14.3 14.2 5.4 6.9 6.9 7.0 7.0 21/06/2012
0.4 0.2 0.2 0.2 0.2 0.2 0.0 0.0 0.0 0.0 0.0 0.0 0.4 0.4 0.2 0.2 0.2 0.2 0.0 0.0 0.0 0.0 0.0 0.4 0.4 0.4 0.4 0.4 22/06/2012
1.6 1.4 1.4 1.4 1.4 1.4 0.0 0.0 0.0 0.0 0.0 0.0 1.6 1.6 1.4 1.4 1.4 1.4 0.0 0.0 0.0 0.0 0.0 1.5 1.6 1.6 1.6 1.6 23/06/2012
14.6 10.7 10.8 10.7 10.7 10.8 16.0 16.2 16.4 16.6 14.7 14.7 14.8 14.8 10.9 10.9 10.8 10.9 15.8 16.0 16.1 14.4 14.2 14.7 14.7 14.7 14.8 14.9 24/06/2012
4.7 2.3 2.3 2.3 2.3 2.3 0.0 0.0 0.0 0.0 0.1 0.1 4.8 4.8 2.3 2.3 2.3 2.3 0.0 0.0 0.0 0.1 0.1 5.8 4.8 4.8 4.8 4.8 25/06/2012
0.0 0.3 0.3 0.3 0.3 0.3 0.0 0.0 0.0 0.0 0.0 0.0 0.0 0.0 0.3 0.3 0.3 0.3 0.0 0.0 0.0 0.0 0.0 0.5 0.0 0.0 0.0 0.0 26/06/2012
0.0 0.0 0.0 0.0 0.0 0.0 0.0 0.0 0.0 0.0 0.1 0.1 0.0 0.0 0.0 0.0 0.0 0.0 0.0 0.0 0.0 0.1 0.1 0.1 0.0 0.0 0.0 0.0 27/06/2012
0.0 9.2 9.2 9.2 9.2 9.2 8.3 8.4 8.5 8.6 26.0 26.1 0.0 0.0 9.3 9.3 9.3 9.3 8.2 8.3 8.4 25.5 25.3 0.0 0.0 0.0 0.0 0.0 28/06/2012
0.0 0.0 0.0 0.0 0.0 0.0 2.6 2.6 2.7 2.7 4.6 4.6 0.0 0.0 0.0 0.0 0.0 0.0 2.5 2.6 2.6 4.5 4.5 0.0 0.0 0.0 0.0 0.0 29/06/2012
5.4 5.5 5.5 5.5 5.5 5.5 0.1 0.1 0.1 0.1 0.2 0.2 5.5 5.5 5.5 5.5 5.5 5.5 0.1 0.1 0.1 0.2 0.2 2.8 5.5 5.5 5.5 5.5 30/06/2012
1.1 0.8 0.8 0.8 0.8 0.8 0.1 0.1 0.1 0.1 0.1 0.1 1.1 1.1 0.8 0.8 0.8 0.8 0.1 0.1 0.1 0.1 0.1 0.9 1.1 1.1 1.1 1.1 01/07/2012
0.0 0.0 0.0 0.0 0.0 0.0 0.0 0.0 0.0 0.0 0.0 0.0 0.0 0.0 0.0 0.0 0.0 0.0 0.0 0.0 0.0 0.0 0.0 0.0 0.0 0.0 0.0 0.0 02/07/2012
0.0 0.0 0.0 0.0 0.0 0.0 0.0 0.0 0.0 0.0 0.0 0.0 0.0 0.0 0.0 0.0 0.0 0.0 0.0 0.0 0.0 0.0 0.0 0.2 0.0 0.0 0.0 0.0 03/07/2012
3.4 7.6 7.7 7.6 7.6 7.7 0.9 0.9 0.9 0.9 0.6 0.6 3.4 3.4 7.7 7.7 7.7 7.7 0.9 0.9 0.9 0.6 0.6 4.0 3.4 3.4 3.4 3.5 04/07/2012
0.1 0.0 0.0 0.0 0.0 0.0 13.1 13.2 13.4 13.5 11.5 11.5 0.1 0.1 0.0 0.0 0.0 0.0 12.9 13.1 13.2 11.2 11.1 0.9 0.1 0.1 0.1 0.1 05/07/2012
6.1 3.5 3.6 3.5 3.6 3.6 1.6 1.6 1.6 1.6 2.2 2.2 6.2 6.2 3.6 3.6 3.6 3.6 1.6 1.6 1.6 2.2 2.2 2.0 6.1 6.1 6.2 6.2 06/07/2012
31.4 28.6 28.8 28.6 28.7 28.8 28.7 29.1 29.5 29.8 17.0 17.1 31.8 31.8 29.1 29.0 29.0 29.1 28.3 28.8 29.0 16.6 16.5 16.4 31.7 31.7 31.9 32.0 07/07/2012
1.5 0.7 0.7 0.7 0.7 0.7 1.7 1.7 1.7 1.7 6.3 6.3 1.5 1.5 0.7 0.7 0.7 0.7 1.6 1.7 1.7 6.2 6.2 0.9 1.5 1.5 1.5 1.5 08/07/2012
0.0 0.1 0.1 0.1 0.1 0.1 0.6 0.6 0.6 0.6 0.1 0.1 0.0 0.0 0.1 0.1 0.1 0.1 0.6 0.6 0.6 0.1 0.1 0.0 0.0 0.0 0.0 0.0 09/07/2012
1.9 2.2 2.2 2.2 2.2 2.2 0.6 0.6 0.6 0.6 0.3 0.3 1.9 1.9 2.2 2.2 2.2 2.2 0.6 0.6 0.6 0.3 0.3 0.6 1.9 1.9 1.9 1.9 10/07/2012
3.8 5.1 5.1 5.1 5.1 5.1 9.9 10.0 10.1 10.2 6.5 6.5 3.9 3.9 5.2 5.2 5.2 5.2 9.7 9.9 9.9 6.3 6.3 2.2 3.9 3.9 3.9 3.9 11/07/2012
18.7 19.5 19.6 19.5 19.5 19.6 21.9 22.2 22.5 22.7 22.9 23.0 18.9 18.9 19.8 19.8 19.8 19.8 21.6 22.0 22.1 22.5 22.3 16.8 18.8 18.8 19.0 19.0 12/07/2012
5.4 7.8 7.8 7.8 7.8 7.8 16.1 16.3 16.5 16.7 32.9 33.0 5.5 5.5 7.9 7.9 7.9 7.9 15.8 16.1 16.2 32.2 32.0 3.3 5.4 5.4 5.5 5.5 13/07/2012
4.6 4.6 4.7 4.6 4.6 4.7 4.5 4.5 4.6 4.6 8.0 8.1 4.7 4.7 4.7 4.7 4.7 4.7 4.4 4.5 4.5 7.9 7.8 2.3 4.6 4.6 4.7 4.7 14/07/2012
0.8 2.4 2.4 2.4 2.4 2.4 5.9 6.0 6.1 6.1 7.1 7.1 0.8 0.8 2.4 2.4 2.4 2.4 5.8 5.9 6.0 6.9 6.9 0.4 0.8 0.8 0.8 0.8 15/07/2012
0.1 0.3 0.3 0.3 0.3 0.3 0.4 0.4 0.4 0.4 0.4 0.4 0.1 0.1 0.3 0.3 0.3 0.3 0.4 0.4 0.4 0.4 0.3 0.0 0.1 0.1 0.1 0.1 16/07/2012
0.0 0.0 0.0 0.0 0.0 0.0 0.0 0.0 0.0 0.0 0.2 0.2 0.0 0.0 0.0 0.0 0.0 0.0 0.0 0.0 0.0 0.2 0.2 0.0 0.0 0.0 0.0 0.0 17/07/2012
0.5 1.0 1.0 1.0 1.0 1.0 0.0 0.0 0.0 0.0 0.0 0.0 0.5 0.5 1.0 1.0 1.0 1.0 0.0 0.0 0.0 0.0 0.0 0.6 0.5 0.5 0.5 0.5 18/07/2012
0.4 0.2 0.2 0.2 0.2 0.2 0.2 0.2 0.2 0.2 0.0 0.0 0.4 0.4 0.2 0.2 0.2 0.2 0.2 0.2 0.2 0.0 0.0 0.2 0.4 0.4 0.4 0.4 19/07/2012
0.0 0.0 0.0 0.0 0.0 0.0 3.5 3.6 3.6 3.7 3.5 3.5 0.0 0.0 0.0 0.0 0.0 0.0 3.5 3.5 3.6 3.5 3.4 0.0 0.0 0.0 0.0 0.0 20/07/2012
0.0 0.0 0.0 0.0 0.0 0.0 0.2 0.2 0.2 0.2 1.0 1.0 0.0 0.0 0.0 0.0 0.0 0.0 0.2 0.2 0.2 1.0 1.0 0.1 0.0 0.0 0.0 0.0 21/07/2012
0.0 0.0 0.0 0.0 0.0 0.0 0.0 0.0 0.0 0.0 0.1 0.1 0.0 0.0 0.0 0.0 0.0 0.0 0.0 0.0 0.0 0.1 0.1 0.0 0.0 0.0 0.0 0.0 22/07/2012
0.0 0.0 0.0 0.0 0.0 0.0 0.0 0.0 0.0 0.0 0.0 0.0 0.0 0.0 0.0 0.0 0.0 0.0 0.0 0.0 0.0 0.0 0.0 0.0 0.0 0.0 0.0 0.0 23/07/2012
0.0 0.0 0.0 0.0 0.0 0.0 0.0 0.0 0.0 0.0 0.0 0.0 0.0 0.0 0.0 0.0 0.0 0.0 0.0 0.0 0.0 0.0 0.0 0.0 0.0 0.0 0.0 0.0 24/07/2012
0.0 0.0 0.0 0.0 0.0 0.0 0.0 0.0 0.0 0.0 0.0 0.0 0.0 0.0 0.0 0.0 0.0 0.0 0.0 0.0 0.0 0.0 0.0 0.0 0.0 0.0 0.0 0.0 25/07/2012
1.1 1.3 1.3 1.3 1.3 1.3 0.0 0.0 0.0 0.0 0.0 0.0 1.1 1.1 1.3 1.3 1.3 1.3 0.0 0.0 0.0 0.0 0.0 6.4 1.1 1.1 1.1 1.1 26/07/2012
1.6 0.8 0.8 0.8 0.8 0.9 16.5 16.7 16.9 17.1 22.2 22.2 1.7 1.7 0.9 0.9 0.9 0.9 16.3 16.5 16.6 21.7 21.5 1.5 1.7 1.7 1.7 1.7 27/07/2012
0.3 0.0 0.0 0.0 0.0 0.0 0.8 0.8 0.8 0.8 8.2 8.2 0.3 0.3 0.0 0.0 0.0 0.0 0.8 0.8 0.8 8.0 7.9 0.0 0.3 0.3 0.3 0.3 28/07/2012
1.2 1.8 1.8 1.8 1.8 1.8 7.0 7.1 7.1 7.2 5.2 5.2 1.2 1.2 1.8 1.8 1.8 1.8 6.9 7.0 7.0 5.1 5.1 1.7 1.2 1.2 1.2 1.2 29/07/2012
0.0 0.0 0.0 0.0 0.0 0.0 0.0 0.0 0.0 0.0 0.0 0.0 0.0 0.0 0.0 0.0 0.0 0.0 0.0 0.0 0.0 0.0 0.0 0.1 0.0 0.0 0.0 0.0 30/07/2012
0.0 0.1 0.1 0.1 0.1 0.1 0.0 0.0 0.0 0.0 0.0 0.0 0.0 0.0 0.1 0.1 0.1 0.1 0.0 0.0 0.0 0.0 0.0 0.0 0.0 0.0 0.0 0.0 31/07/2012
