# 460 461 462 463 464 465 489 490 491 492 493 494 518 519 520 521 522 523 547 548 549 550 551 575 576 577 578 579 Date
2.2 0.2 0.2 0.2 0.2 0.2 0.9 0.9 0.9 0.9 2.8 2.8 2.2 2.2 0.2 0.2 0.2 0.2 0.9 0.9 0.9 2.7 2.7 0.3 2.2 2.2 2.2 2.2 01/08/2005
0.0 0.2 0.2 0.2 0.2 0.2 0.0 0.0 0.0 0.0 0.1 0.1 0.0 0.0 0.2 0.2 0.2 0.2 0.0 0.0 0.0 0.1 0.1 0.0 0.0 0.0 0.0 0.0 02/08/2005
1.2 0.8 0.8 0.8 0.8 0.8 0.1 0.1 0.1 0.1 0.1 0.1 1.2 1.2 0.8 0.8 0.8 0.8 0.1 0.1 0.1 0.1 0.1 0.9 1.2 1.2 1.2 1.2 03/08/2005
0.6 0.1 0.1 0.1 0.1 0.1 0.0 0.0 0.0 0.0 0.2 0.2 0.6 0.6 0.1 0.1 0.1 0.1 0.0 0.0 0.0 0.2 0.2 0.2 0.6 0.6 0.6 0.6 04/08/2005
3.6 1.4 1.4 1.4 1.4 1.4 1.3 1.3 1.3 1.3 1.9 1.9 3.6 3.6 1.4 1.4 1.4 1.4 1.3 1.3 1.3 1.8 1.8 1.8 3.6 3.6 3.6 3.6 05/08/2005
0.0 0.0 0.0 0.0 0.0 0.0 0.2 0.2 0.2 0.2 0.0 0.0 0.0 0.0 0.0 0.0 0.0 0.0 0.2 0.2 0.2 0.0 0.0 0.0 0.0 0.0 0.0 0.0 06/08/2005
0.0 0.0 0.0 0.0 0.0 0.0 0.2 0.2 0.2 0.2 0.2 0.2 0.0 0.0 0.0 0.0 0.0 0.0 0.2 0.2 0.2 0.2 0.2 0.0 0.0 0.0 0.0 0.0 07/08/2005
0.0 0.0 0.0 0.0 0.0 0.0 0.1 0.1 0.1 0.1 0.2 0.2 0.0 0.0 0.0 0.0 0.0 0.0 0.1 0.1 0.1 0.2 0.2 0.0 0.0 0.0 0.0 0.0 08/08/2005
0.0 0.0 0.0 0.0 0.0 0.0 0.2 0.2 0.2 0.2 0.1 0.1 0.0 0.0 0.0 0.0 0.0 0.0 0.2 0.2 0.2 0.1 0.1 0.0 0.0 0.0 0.0 0.0 09/08/2005
0.0 0.0 0.0 0.0 0.0 0.0 0.0 0.0 0.0 0.0 0.0 0.0 0.0 0.0 0.0 0.0 0.0 0.0 0.0 0.0 0.0 0.0 0.0 0.0 0.0 0.0 0.0 0.0 10/08/2005
0.0 0.0 0.0 0.0 0.0 0.0 1.0 1.0 1.0 1.0 0.3 0.3 0.0 0.0 0.0 0.0 0.0 0.0 1.0 1.0 1.0 0.3 0.3 0.0 0.0 0.0 0.0 0.0 11/08/2005
0.0 0.1 0.1 0.1 0.1 0.1 0.0 0.0 0.0 0.0 0.1 0.1 0.0 0.0 0.1 0.1 0.1 0.1 0.0 0.0 0.0 0.1 0.1 0.0 0.0 0.0 0.0 0.0 12/08/2005
18.6 14.8 14.9 14.8 14.9 14.9 22.4 22.6 22.9 23.2 22.4 22.5 18.9 18.9 15.1 15.1 15.1 15.1 22.0 22.4 22.6 22.0 21.8 16.6 18.8 18.8 18.9 19.0 13/08/2005
0.5 2.0 2.0 2.0 2.0 2.0 7.2 7.3 7.4 7.4 9.1 9.1 0.5 0.5 2.0 2.0 2.0 2.0 7.1 7.2 7.2 8.9 8.9 0.0 0.5 0.5 0.5 0.5 14/08/2005
0.0 0.1 0.1 0.1 0.1 0.1 0.0 0.0 0.0 0.0 0.1 0.1 0.0 0.0 0.1 0.1 0.1 0.1 0.0 0.0 0.0 0.1 0.1 0.0 0.0 0.0 0.0 0.0 15/08/2005
0.0 0.1 0.1 0.1 0.1 0.1 0.0 0.0 0.0 0.0 0.2 0.2 0.0 0.0 0.1 0.1 0.1 0.1 0.0 0.0 0.0 0.2 0.2 0.0 0.0 0.0 0.0 0.0 16/08/2005
0.0 0.0 0.0 0.0 0.0 0.0 0.0 0.0 0.0 0.0 0.1 0.1 0.0 0.0 0.0 0.0 0.0 0.0 0.0 0.0 0.0 0.1 0.1 0.0 0.0 0.0 0.0 0.0 17/08/2005
3.0 5.2 5.2 5.2 5.2 5.2 2.6 2.6 2.6 2.6 0.1 0.1 3.1 3.1 5.3 5.3 5.3 5.3 2.5 2.6 2.6 0.1 0.1 0.3 3.1 3.1 3.1 3.1 18/08/2005
16.2 13.5 13.6 13.5 13.5 13.6 12.2 12.3 12.5 12.6 15.2 15.3 16.4 16.4 13.7 13.7 13.7 13.7 12.0 12.2 12.3 14.9 14.8 7.3 16.3 16.3 16.4 16.5 19/08/2005
1.1 1.5 1.5 1.5 1.5 1.5 2.1 2.2 2.2 2.2 1.3 1.3 1.1 1.1 1.5 1.5 1.5 1.5 2.1 2.1 2.1 1.3 1.2 0.0 1.1 1.1 1.1 1.1 20/08/2005
0.0 0.1 0.1 0.1 0.1 0.1 0.0 0.0 0.0 0.0 0.0 0.0 0.0 0.0 0.1 0.1 0.1 0.1 0.0 0.0 0.0 0.0 0.0 0.0 0.0 0.0 0.0 0.0 21/08/2005
11.5 6.0 6.0 6.0 6.0 6.0 2.4 2.4 2.4 2.4 4.0 4.1 11.6 11.6 6.1 6.1 6.1 6.1 2.3 2.4 2.4 4.0 3.9 9.0 11.6 11.6 11.7 11.7 22/08/2005
0.2 0.6 0.6 0.6 0.6 0.6 0.9 0.9 0.9 0.9 1.6 1.6 0.2 0.2 0.6 0.6 0.6 0.6 0.9 0.9 0.9 1.6 1.6 0.0 0.2 0.2 0.2 0.2 23/08/2005
21.0 16.9 17.0 16.9 16.9 17.0 8.0 8.1 8.2 8.3 8.3 8.3 21.3 21.3 17.2 17.1 17.1 17.2 7.9 8.0 8.0 8.1 8.1 17.7 21.1 21.1 21.3 21.4 24/08/2005
2.1 1.1 1.1 1.1 1.1 1.1 10.0 10.1 10.3 10.4 10.2 10.2 2.2 2.2 1.1 1.1 1.1 1.1 9.9 10.0 10.1 10.0 9.9 2.3 2.1 2.1 2.2 2.2 25/08/2005
0.0 0.2 0.2 0.2 0.2 0.2 0.0 0.0 0.0 0.0 0.2 0.2 0.0 0.0 0.2 0.2 0.2 0.2 0.0 0.0 0.0 0.2 0.2 0.0 0.0 0.0 0.0 0.0 26/08/2005
0.0 0.1 0.1 0.1 0.1 0.1 0.0 0.0 0.0 0.0 0.1 0.1 0.0 0.0 0.1 0.1 0.1 0.1 0.0 0.0 0.0 0.1 0.1 0.0 0.0 0.0 0.0 0.0 27/08/2005
0.0 0.0 0.0 0.0 0.0 0.0 0.0 0.0 0.0 0.0 0.2 0.2 0.0 0.0 0.0 0.0 0.0 0.0 0.0 0.0 0.0 0.2 0.2 0.0 0.0 0.0 0.0 0.0 28/08/2005
0.0 0.0 0.0 0.0 0.0 0.0 0.0 0.0 0.0 0.0 0.2 0.2 0.0 0.0 0.0 0.0 0.0 0.0 0.0 0.0 0.0 0.2 0.2 0.0 0.0 0.0 0.0 0.0 29/08/2005
0.0 0.0 0.0 0.0 0.0 0.0 0.0 0.0 0.0 0.0 0.2 0.2 0.0 0.0 0.0 0.0 0.0 0.0 0.0 0.0 0.0 0.2 0.2 0.0 0.0 0.0 0.0 0.0 30/08/2005
0.0 0.0 0.0 0.0 0.0 0.0 0.0 0.0 0.0 0.0 0.0 0.0 0.0 0.0 0.0 0.0 0.0 0.0 0.0 0.0 0.0 0.0 0.0 0.0 0.0 0.0 0.0 0.0 31/08/2005
0.0 0.2 0.2 0.2 0.2 0.2 1.5 1.5 1.5 1.6 1.4 1.4 0.0 0.0 0.2 0.2 0.2 0.2 1.5 1.5 1.5 1.4 1.4 0.0 0.0 0.0 0.0 0.0 01/09/2005
0.0 0.1 0.1 0.1 0.1 0.1 0.0 0.0 0.0 0.0 0.2 0.2 0.0 0.0 0.1 0.1 0.1 0.1 0.0 0.0 0.0 0.2 0.2 0.0 0.0 0.0 0.0 0.0 02/09/2005
0.0 0.0 0.0 0.0 0.0 0.0 0.0 0.0 0.0 0.0 0.1 0.1 0.0 0.0 0.0 0.0 0.0 0.0 0.0 0.0 0.0 0.1 0.1 0.0 0.0 0.0 0.0 0.0 03/09/2005
0.0 0.1 0.1 0.1 0.1 0.1 0.0 0.0 0.0 0.0 0.3 0.3 0.0 0.0 0.1 0.1 0.1 0.1 0.0 0.0 0.0 0.3 0.3 1.3 0.0 0.0 0.0 0.0 04/09/2005
1.3 3.3 3.3 3.3 3.3 3.3 1.7 1.7 1.7 1.8 1.0 1.0 1.4 1.4 3.3 3.3 3.3 3.3 1.7 1.7 1.7 0.9 0.9 0.0 1.3 1.3 1.4 1.4 05/09/2005
0.2 3.2 3.2 3.2 3.2 3.2 0.0 0.0 0.0 0.0 0.7 0.7 0.2 0.2 3.2 3.2 3.2 3.2 0.0 0.0 0.0 0.6 0.6 0.0 0.2 0.2 0.2 0.2 06/09/2005
0.0 0.0 0.0 0.0 0.0 0.0 0.0 0.0 0.0 0.0 0.1 0.1 0.0 0.0 0.0 0.0 0.0 0.0 0.0 0.0 0.0 0.1 0.1 0.0 0.0 0.0 0.0 0.0 07/09/2005
0.0 0.1 0.1 0.1 0.1 0.1 0.6 0.6 0.6 0.6 1.6 1.6 0.0 0.0 0.1 0.1 0.1 0.1 0.6 0.6 0.6 1.6 1.6 0.0 0.0 0.0 0.0 0.0 08/09/2005
1.4 7.2 7.3 7.2 7.3 7.3 0.6 0.6 0.6 0.6 1.9 1.9 1.4 1.4 7.4 7.4 7.3 7.4 0.6 0.6 0.6 1.9 1.9 0.0 1.4 1.4 1.4 1.4 09/09/2005
1.9 2.3 2.3 2.3 2.3 2.3 13.1 13.3 13.5 13.6 2.9 2.9 1.9 1.9 2.3 2.3 2.3 2.3 13.0 13.2 13.3 2.8 2.8 1.6 1.9 1.9 1.9 1.9 10/09/2005
5.7 3.9 3.9 3.9 3.9 3.9 0.4 0.4 0.5 0.5 0.3 0.3 5.8 5.8 3.9 3.9 3.9 3.9 0.3 0.4 0.4 0.2 0.2 3.6 5.7 5.7 5.8 5.8 11/09/2005
0.0 0.3 0.3 0.3 0.3 0.3 0.0 0.0 0.0 0.0 0.1 0.1 0.0 0.0 0.3 0.3 0.3 0.3 0.0 0.0 0.0 0.1 0.1 0.1 0.0 0.0 0.0 0.0 12/09/2005
0.0 0.2 0.2 0.2 0.2 0.2 0.0 0.0 0.0 0.0 0.1 0.1 0.0 0.0 0.2 0.2 0.2 0.2 0.0 0.0 0.0 0.1 0.1 0.0 0.0 0.0 0.0 0.0 13/09/2005
1.9 1.3 1.4 1.3 1.3 1.4 0.6 0.6 0.6 0.6 0.5 0.5 1.9 1.9 1.4 1.4 1.4 1.4 0.6 0.6 0.6 0.5 0.5 0.6 1.9 1.9 1.9 2.0 14/09/2005
13.0 7.5 7.5 7.5 7.5 7.5 8.2 8.3 8.4 8.5 6.4 6.4 13.1 13.1 7.6 7.6 7.6 7.6 8.1 8.2 8.3 6.3 6.2 6.0 13.1 13.1 13.2 13.2 15/09/2005
12.1 5.6 5.6 5.6 5.6 5.6 3.0 3.1 3.1 3.1 3.3 3.3 12.3 12.3 5.7 5.7 5.7 5.7 3.0 3.0 3.0 3.2 3.2 12.9 12.2 12.2 12.3 12.3 16/09/2005
0.0 1.0 1.0 1.0 1.0 1.0 0.2 0.2 0.2 0.2 0.1 0.1 0.0 0.0 1.0 1.0 1.0 1.0 0.2 0.2 0.2 0.1 0.1 0.0 0.0 0.0 0.0 0.0 17/09/2005
0.0 0.1 0.1 0.1 0.1 0.1 0.0 0.0 0.0 0.0 0.1 0.1 0.0 0.0 0.1 0.1 0.1 0.1 0.0 0.0 0.0 0.1 0.1 0.0 0.0 0.0 0.0 0.0 18/09/2005
0.0 0.1 0.1 0.1 0.1 0.1 0.0 0.0 0.0 0.0 0.1 0.1 0.0 0.0 0.1 0.1 0.1 0.1 0.0 0.0 0.0 0.1 0.1 0.0 0.0 0.0 0.0 0.0 19/09/2005
0.1 0.1 0.1 0.1 0.1 0.1 0.0 0.0 0.0 0.0 0.1 0.1 0.1 0.1 0.1 0.1 0.1 0.1 0.0 0.0 0.0 0.1 0.1 0.3 0.1 0.1 0.1 0.1 20/09/2005
0.0 0.1 0.1 0.1 0.1 0.1 0.0 0.0 0.0 0.0 0.1 0.1 0.0 0.0 0.1 0.1 0.1 0.1 0.0 0.0 0.0 0.1 0.1 0.0 0.0 0.0 0.0 0.0 21/09/2005
0.0 0.0 0.0 0.0 0.0 0.0 0.0 0.0 0.0 0.0 0.1 0.1 0.0 0.0 0.0 0.0 0.0 0.0 0.0 0.0 0.0 0.1 0.1 0.0 0.0 0.0 0.0 0.0 22/09/2005
1.9 2.1 2.1 2.1 2.1 2.1 0.1 0.1 0.1 0.1 0.0 0.0 1.9 1.9 2.1 2.1 2.1 2.1 0.1 0.1 0.1 0.0 0.0 2.3 1.9 1.9 1.9 2.0 23/09/2005
0.0 0.1 0.1 0.1 0.1 0.1 0.1 0.1 0.1 0.1 0.3 0.3 0.0 0.0 0.1 0.1 0.1 0.1 0.1 0.1 0.1 0.3 0.3 0.0 0.0 0.0 0.0 0.0 24/09/2005
0.0 0.4 0.4 0.4 0.4 0.4 0.4 0.4 0.4 0.4 0.8 0.8 0.0 0.0 0.5 0.5 0.5 0.5 0.4 0.4 0.4 0.8 0.8 0.0 0.0 0.0 0.0 0.0 25/09/2005
0.1 0.0 0.0 0.0 0.0 0.0 0.0 0.0 0.0 0.0 0.0 0.0 0.1 0.1 0.0 0.0 0.0 0.0 0.0 0.0 0.0 0.0 0.0 0.0 0.1 0.1 0.1 0.1 26/09/2005
4.6 3.2 3.2 3.2 3.2 3.2 2.5 2.5 2.6 2.6 1.5 1.5 4.7 4.7 3.3 3.3 3.3 3.3 2.5 2.5 2.5 1.4 1.4 6.3 4.7 4.7 4.7 4.7 27/09/2005
2.2 1.8 1.8 1.8 1.8 1.8 3.6 3.6 3.7 3.7 4.0 4.0 2.2 2.2 1.8 1.8 1.8 1.8 3.5 3.6 3.6 3.9 3.9 2.4 2.2 2.2 2.2 2.3 28/09/2005
0.0 0.1 0.1 0.1 0.1 0.1 1.1 1.1 1.1 1.2 0.6 0.6 0.0 0.0 0.1 0.1 0.1 0.1 1.1 1.1 1.1 0.6 0.6 0.0 0.0 0.0 0.0 0.0 29/09/2005
5.6 5.1 5.1 5.1 5.1 5.1 8.5 8.6 8.7 8.8 12.2 12.2 5.6 5.6 5.2 5.2 5.2 5.2 8.4 8.5 8.6 11.9 11.9 4.0 5.6 5.6 5.6 5.7 30/09/2005
9.2 12.2 12.3 12.2 12.2 12.3 1.8 1.8 1.8 1.8 1.9 1.9 9.3 9.3 12.4 12.4 12.4 12.4 1.7 1.8 1.8 1.8 1.8 3.8 9.3 9.3 9.3 9.4 01/10/2005
0.2 2.2 2.2 2.2 2.2 2.2 0.9 0.9 0.9 0.9 1.5 1.6 0.2 0.2 2.2 2.2 2.2 2.2 0.9 0.9 0.9 1.5 1.5 0.0 0.2 0.2 0.2 0.2 02/10/2005
0.1 0.2 0.2 0.2 0.2 0.2 0.0 0.0 0.0 0.0 0.0 0.0 0.1 0.1 0.2 0.2 0.2 0.2 0.0 0.0 0.0 0.0 0.0 0.0 0.1 0.1 0.1 0.1 03/10/2005
0.0 0.0 0.0 0.0 0.0 0.0 0.0 0.0 0.0 0.0 0.0 0.0 0.0 0.0 0.0 0.0 0.0 0.0 0.0 0.0 0.0 0.0 0.0 0.0 0.0 0.0 0.0 0.0 04/10/2005
0.0 0.0 0.0 0.0 0.0 0.0 0.0 0.0 0.0 0.0 0.2 0.2 0.0 0.0 0.0 0.0 0.0 0.0 0.0 0.0 0.0 0.2 0.2 0.0 0.0 0.0 0.0 0.0 05/10/2005
0.0 0.0 0.0 0.0 0.0 0.0 0.0 0.0 0.0 0.0 0.1 0.1 0.0 0.0 0.0 0.0 0.0 0.0 0.0 0.0 0.0 0.1 0.1 0.0 0.0 0.0 0.0 0.0 06/10/2005
0.0 0.0 0.0 0.0 0.0 0.0 0.0 0.0 0.0 0.0 0.0 0.0 0.0 0.0 0.0 0.0 0.0 0.0 0.0 0.0 0.0 0.0 0.0 0.0 0.0 0.0 0.0 0.0 07/10/2005
0.0 0.0 0.0 0.0 0.0 0.0 0.0 0.0 0.0 0.0 0.2 0.2 0.0 0.0 0.0 0.0 0.0 0.0 0.0 0.0 0.0 0.2 0.2 0.0 0.0 0.0 0.0 0.0 08/10/2005
0.0 0.0 0.0 0.0 0.0 0.0 0.0 0.0 0.0 0.0 0.1 0.2 0.0 0.0 0.0 0.0 0.0 0.0 0.0 0.0 0.0 0.1 0.1 0.0 0.0 0.0 0.0 0.0 09/10/2005
0.0 0.0 0.0 0.0 0.0 0.0 0.0 0.0 0.0 0.0 0.2 0.2 0.0 0.0 0.0 0.0 0.0 0.0 0.0 0.0 0.0 0.2 0.2 0.0 0.0 0.0 0.0 0.0 10/10/2005
3.7 4.8 4.9 4.8 4.8 4.9 0.0 0.0 0.0 0.0 0.1 0.1 3.8 3.8 4.9 4.9 4.9 4.9 0.0 0.0 0.0 0.1 0.1 2.8 3.8 3.8 3.8 3.8 11/10/2005
12.6 2.0 2.0 2.0 2.0 2.0 0.0 0.0 0.0 0.0 0.0 0.0 12.7 12.7 2.0 2.0 2.0 2.0 0.0 0.0 0.0 0.0 0.0 9.7 12.7 12.7 12.8 12.8 12/10/2005
0.1 0.0 0.0 0.0 0.0 0.0 0.0 0.0 0.0 0.0 0.1 0.1 0.1 0.1 0.0 0.0 0.0 0.0 0.0 0.0 0.0 0.1 0.1 0.1 0.1 0.1 0.1 0.1 13/10/2005
0.2 0.2 0.2 0.2 0.2 0.2 0.0 0.0 0.0 0.0 0.2 0.2 0.2 0.2 0.2 0.2 0.2 0.2 0.0 0.0 0.0 0.2 0.2 0.0 0.2 0.2 0.2 0.2 14/10/2005
0.0 0.0 0.0 0.0 0.0 0.0 0.0 0.0 0.0 0.0 0.2 0.2 0.0 0.0 0.0 0.0 0.0 0.0 0.0 0.0 0.0 0.2 0.2 0.0 0.0 0.0 0.0 0.0 15/10/2005
2.9 1.5 1.5 1.5 1.5 1.5 0.0 0.0 0.0 0.0 0.0 0.0 2.9 2.9 1.6 1.6 1.6 1.6 0.0 0.0 0.0 0.0 0.0 2.9 2.9 2.9 2.9 2.9 16/10/2005
0.0 0.0 0.0 0.0 0.0 0.0 0.0 0.0 0.0 0.0 0.0 0.0 0.0 0.0 0.0 0.0 0.0 0.0 0.0 0.0 0.0 0.0 0.0 0.0 0.0 0.0 0.0 0.0 17/10/2005
6.2 7.7 7.7 7.7 7.7 7.7 0.7 0.7 0.8 0.8 0.9 0.9 6.3 6.3 7.8 7.8 7.8 7.8 0.7 0.7 0.7 0.8 0.8 6.8 6.2 6.2 6.3 6.3 18/10/2005
5.6 10.9 10.9 10.9 10.9 10.9 3.3 3.4 3.4 3.4 3.4 3.4 5.6 5.6 11.0 11.0 11.0 11.0 3.3 3.3 3.4 3.3 3.2 4.7 5.6 5.6 5.6 5.7 19/10/2005
0.0 2.1 2.1 2.1 2.1 2.1 2.8 2.8 2.9 2.9 5.3 5.4 0.0 0.0 2.1 2.1 2.1 2.1 2.8 2.8 2.8 5.2 5.2 0.1 0.0 0.0 0.0 0.0 20/10/2005
12.0 10.9 11.0 10.9 10.9 11.0 12.9 13.1 13.3 13.4 19.7 19.7 12.2 12.2 11.1 11.1 11.1 11.1 12.8 13.0 13.1 19.3 19.1 9.1 12.1 12.1 12.2 12.3 21/10/2005
7.0 10.5 10.6 10.5 10.5 10.6 14.5 14.7 14.9 15.0 7.8 7.8 7.0 7.0 10.7 10.7 10.7 10.7 14.3 14.6 14.7 7.6 7.6 4.3 7.0 7.0 7.1 7.1 22/10/2005
2.3 1.9 1.9 1.9 1.9 1.9 0.3 0.3 0.4 0.4 0.2 0.2 2.3 2.3 2.0 2.0 2.0 2.0 0.3 0.3 0.3 0.2 0.2 1.2 2.3 2.3 2.3 2.3 23/10/2005
11.7 6.6 6.6 6.6 6.6 6.6 4.2 4.2 4.3 4.3 2.2 2.2 11.8 11.8 6.7 6.7 6.7 6.7 4.1 4.2 4.2 2.2 2.1 13.0 11.8 11.8 11.8 11.9 24/10/2005
2.3 3.2 3.3 3.2 3.3 3.3 1.5 1.5 1.5 1.5 3.0 3.0 2.3 2.3 3.3 3.3 3.3 3.3 1.5 1.5 1.5 3.0 2.9 2.7 2.3 2.3 2.3 2.3 25/10/2005
0.2 0.3 0.3 0.3 0.3 0.3 0.3 0.3 0.3 0.3 0.2 0.2 0.2 0.2 0.3 0.3 0.3 0.3 0.3 0.3 0.3 0.2 0.2 0.0 0.2 0.2 0.2 0.2 26/10/2005
0.0 0.0 0.0 0.0 0.0 0.0 0.0 0.0 0.0 0.0 0.0 0.0 0.0 0.0 0.0 0.0 0.0 0.0 0.0 0.0 0.0 0.0 0.0 0.0 0.0 0.0 0.0 0.0 27/10/2005
7.4 15.7 15.7 15.7 15.7 15.8 0.0 0.0 0.0 0.0 0.0 0.0 7.5 7.5 15.9 15.9 15.9 15.9 0.0 0.0 0.0 0.0 0.0 8.7 7.5 7.5 7.5 7.6 28/10/2005
0.0 0.0 0.0 0.0 0.0 0.0 0.3 0.3 0.3 0.3 1.6 1.6 0.0 0.0 0.0 0.0 0.0 0.0 0.3 0.3 0.3 1.5 1.5 0.0 0.0 0.0 0.0 0.0 29/10/2005
9.2 10.0 10.1 10.0 10.0 10.1 0.0 0.0 0.0 0.0 0.0 0.0 9.3 9.3 10.2 10.2 10.2 10.2 0.0 0.0 0.0 0.0 0.0 6.2 9.2 9.2 9.3 9.4 30/10/2005
9.3 12.2 12.3 12.2 12.3 12.3 0.1 0.1 0.1 0.1 0.0 0.0 9.5 9.5 12.4 12.4 12.4 12.4 0.1 0.1 0.1 0.0 0.0 7.8 9.4 9.4 9.5 9.5 31/10/2005
15.8 11.8 11.9 11.8 11.8 11.9 9.9 10.0 10.2 10.3 11.0 11.1 16.0 16.0 12.0 12.0 12.0 12.0 9.8 9.9 10.0 10.8 10.7 13.5 15.9 15.9 16.0 16.1 01/11/2005
3.5 5.8 5.9 5.8 5.8 5.9 9.7 9.8 9.9 10.0 6.8 6.8 3.5 3.5 5.9 5.9 5.9 5.9 9.5 9.7 9.7 6.6 6.6 2.5 3.5 3.5 3.5 3.5 02/11/2005
3.9 1.4 1.4 1.4 1.4 1.4 1.3 1.4 1.4 1.4 5.2 5.2 4.0 4.0 1.4 1.4 1.4 1.4 1.3 1.3 1.3 5.1 5.0 3.9 4.0 4.0 4.0 4.0 03/11/2005
14.3 7.4 7.4 7.4 7.4 7.4 1.9 1.9 1.9 1.9 4.3 4.4 14.5 14.5 7.5 7.5 7.5 7.5 1.9 1.9 1.9 4.3 4.2 8.0 14.4 14.4 14.5 14.6 04/11/2005
12.2 5.6 5.7 5.6 5.6 5.7 1.6 1.6 1.6 1.7 2.5 2.5 12.3 12.3 5.7 5.7 5.7 5.7 1.6 1.6 1.6 2.4 2.4 4.2 12.2 12.2 12.3 12.4 05/11/2005
1.4 1.5 1.5 1.5 1.5 1.5 4.6 4.7 4.8 4.8 4.9 4.9 1.4 1.4 1.5 1.5 1.5 1.5 4.6 4.7 4.7 4.8 4.8 0.9 1.4 1.4 1.4 1.4 06/11/2005
0.0 0.0 0.0 0.0 0.0 0.0 1.1 1.1 1.1 1.1 1.9 1.9 0.0 0.0 0.0 0.0 0.0 0.0 1.1 1.1 1.1 1.9 1.8 0.0 0.0 0.0 0.0 0.0 07/11/2005
1.2 0.8 0.8 0.8 0.8 0.8 0.0 0.0 0.0 0.0 0.1 0.1 1.3 1.3 0.8 0.8 0.8 0.8 0.0 0.0 0.0 0.1 0.1 5.0 1.3 1.3 1.3 1.3 08/11/2005
1.6 0.4 0.4 0.4 0.4 0.4 0.1 0.1 0.1 0.1 0.1 0.1 1.7 1.7 0.4 0.4 0.4 0.4 0.1 0.1 0.1 0.1 0.1 2.2 1.7 1.7 1.7 1.7 09/11/2005
0.0 0.1 0.1 0.1 0.1 0.1 3.0 3.0 3.1 3.1 2.2 2.2 0.0 0.0 0.1 0.1 0.1 0.1 3.0 3.0 3.0 2.1 2.1 0.0 0.0 0.0 0.0 0.0 10/11/2005
4.3 5.0 5.0 5.0 5.0 5.0 4.0 4.1 4.1 4.2 3.2 3.2 4.4 4.4 5.0 5.0 5.0 5.0 4.0 4.0 4.1 3.2 3.1 3.0 4.4 4.4 4.4 4.4 11/11/2005
1.4 2.5 2.5 2.5 2.5 2.5 1.8 1.8 1.8 1.8 1.0 1.0 1.4 1.4 2.5 2.5 2.5 2.5 1.8 1.8 1.8 1.0 1.0 0.2 1.4 1.4 1.4 1.4 12/11/2005
0.1 0.2 0.2 0.2 0.2 0.2 0.0 0.0 0.0 0.0 0.1 0.1 0.1 0.1 0.2 0.2 0.2 0.2 0.0 0.0 0.0 0.1 0.1 0.4 0.1 0.1 0.1 0.1 13/11/2005
0.0 0.2 0.2 0.2 0.2 0.2 0.0 0.0 0.0 0.0 0.0 0.0 0.0 0.0 0.2 0.2 0.2 0.2 0.0 0.0 0.0 0.0 0.0 0.0 0.0 0.0 0.0 0.0 14/11/2005
5.2 3.6 3.6 3.6 3.6 3.6 8.6 8.7 8.9 8.9 12.7 12.7 5.3 5.3 3.6 3.6 3.6 3.6 8.5 8.7 8.7 12.4 12.3 6.2 5.3 5.3 5.3 5.3 15/11/2005
0.6 1.9 1.9 1.9 1.9 1.9 1.0 1.0 1.0 1.0 1.5 1.5 0.6 0.6 2.0 2.0 2.0 2.0 0.9 1.0 1.0 1.4 1.4 0.7 0.6 0.6 0.6 0.6 16/11/2005
0.0 0.2 0.2 0.2 0.2 0.2 0.0 0.0 0.0 0.0 0.0 0.0 0.0 0.0 0.2 0.2 0.2 0.2 0.0 0.0 0.0 0.0 0.0 0.0 0.0 0.0 0.0 0.0 17/11/2005
0.1 0.1 0.1 0.1 0.1 0.1 0.2 0.2 0.2 0.2 0.0 0.0 0.1 0.1 0.1 0.1 0.1 0.1 0.2 0.2 0.2 0.0 0.0 0.0 0.1 0.1 0.1 0.1 18/11/2005
0.0 0.0 0.0 0.0 0.0 0.0 0.0 0.0 0.0 0.0 0.0 0.0 0.0 0.0 0.0 0.0 0.0 0.0 0.0 0.0 0.0 0.0 0.0 0.0 0.0 0.0 0.0 0.0 19/11/2005
0.2 0.1 0.1 0.1 0.1 0.1 0.1 0.1 0.1 0.1 0.0 0.0 0.2 0.2 0.1 0.1 0.1 0.1 0.1 0.1 0.1 0.0 0.0 0.0 0.2 0.2 0.2 0.2 20/11/2005
0.2 0.1 0.1 0.1 0.1 0.1 0.8 0.8 0.9 0.9 0.1 0.1 0.2 0.2 0.1 0.1 0.1 0.1 0.8 0.8 0.8 0.1 0.1 0.2 0.2 0.2 0.2 0.2 21/11/2005
0.0 0.0 0.0 0.0 0.0 0.0 0.0 0.0 0.0 0.0 0.0 0.0 0.0 0.0 0.0 0.0 0.0 0.0 0.0 0.0 0.0 0.0 0.0 0.0 0.0 0.0 0.0 0.0 22/11/2005
2.3 0.6 0.6 0.6 0.6 0.6 0.0 0.0 0.0 0.0 0.0 0.0 2.3 2.3 0.6 0.6 0.6 0.6 0.0 0.0 0.0 0.0 0.0 2.7 2.3 2.3 2.3 2.3 23/11/2005
7.0 3.6 3.6 3.6 3.6 3.6 3.9 3.3 2.7 2.2 1.5 1.4 7.1 7.1 3.6 3.6 3.6 3.6 4.6 3.8 3.5 2.4 2.7 6.8 7.1 7.1 7.1 7.1 24/11/2005
1.4 2.2 2.0 2.2 2.1 2.0 0.0 0.0 0.0 0.0 0.0 0.0 1.2 1.2 1.8 1.8 1.8 1.8 0.0 0.0 0.0 0.0 0.0 2.6 1.3 1.3 1.2 1.1 25/11/2005
3.6 7.1 7.1 7.1 7.1 7.1 2.4 2.0 1.7 1.4 0.6 0.6 3.7 3.7 7.2 7.2 7.2 7.2 2.8 2.3 2.1 1.0 1.2 3.0 3.7 3.7 3.7 3.7 26/11/2005
5.5 3.8 3.9 3.8 3.9 3.9 2.1 1.8 1.5 1.2 0.6 0.6 5.6 5.6 3.9 3.9 3.9 3.9 2.5 2.0 1.9 1.0 1.1 4.8 5.5 5.5 5.6 5.6 27/11/2005
5.1 3.0 2.8 2.9 2.9 2.8 0.8 0.7 0.7 0.6 1.3 1.3 4.6 4.6 2.5 2.6 2.6 2.5 0.9 0.8 0.8 1.3 1.3 10.1 4.8 4.8 4.5 4.3 28/11/2005
0.7 0.2 0.2 0.2 0.2 0.2 0.0 0.0 0.0 0.0 0.2 0.2 0.7 0.7 0.2 0.2 0.2 0.2 0.0 0.0 0.0 0.3 0.3 0.5 0.7 0.7 0.7 0.7 29/11/2005
0.6 0.4 0.4 0.4 0.4 0.4 0.0 0.0 0.0 0.0 0.0 0.0 0.5 0.5 0.4 0.4 0.4 0.4 0.0 0.0 0.0 0.0 0.0 1.7 0.6 0.6 0.5 0.5 30/11/2005
0.9 1.1 1.1 1.1 1.1 1.1 0.0 0.0 0.0 0.0 0.0 0.0 0.9 0.9 1.1 1.1 1.1 1.1 0.0 0.0 0.0 0.0 0.0 0.5 0.9 0.9 0.9 0.9 01/12/2005
5.4 0.7 0.7 0.7 0.7 0.7 5.8 5.9 5.9 6.0 8.1 8.2 5.4 5.4 0.7 0.7 0.7 0.7 5.7 5.8 5.8 8.0 7.9 2.6 5.4 5.4 5.4 5.5 02/12/2005
8.6 6.2 6.3 6.2 6.3 6.3 3.8 3.8 3.9 3.9 5.4 5.4 8.7 8.7 6.3 6.3 6.3 6.3 3.7 3.8 3.8 5.3 5.3 7.8 8.7 8.7 8.7 8.8 03/12/2005
10.4 6.9 7.0 6.9 6.9 7.0 7.4 7.5 7.5 7.6 8.2 8.3 10.6 10.6 7.0 7.0 7.0 7.0 7.3 7.4 7.4 8.1 8.0 18.0 10.5 10.5 10.6 10.6 04/12/2005
33.3 15.3 15.4 15.3 15.3 15.4 1.2 1.2 1.2 1.2 0.2 0.2 33.8 33.8 15.6 15.5 15.5 15.6 1.2 1.2 1.2 0.2 0.2 23.9 33.6 33.6 33.8 34.0 05/12/2005
4.5 3.1 3.1 3.1 3.1 3.1 1.1 1.1 1.1 1.1 0.5 0.5 4.6 4.6 3.1 3.1 3.1 3.1 1.0 1.1 1.1 0.5 0.5 10.7 4.5 4.5 4.6 4.6 06/12/2005
13.6 18.1 18.2 18.1 18.2 18.3 4.7 4.8 4.8 4.9 5.2 5.2 13.7 13.7 18.4 18.4 18.4 18.4 4.7 4.7 4.8 5.1 5.1 7.2 13.7 13.7 13.8 13.8 07/12/2005
3.0 4.3 4.3 4.3 4.3 4.3 0.5 0.5 0.6 0.6 1.4 1.4 3.0 3.0 4.4 4.4 4.4 4.4 0.5 0.5 0.5 1.3 1.3 2.6 3.0 3.0 3.0 3.0 08/12/2005
0.1 0.1 0.1 0.1 0.1 0.1 0.0 0.0 0.0 0.0 0.0 0.0 0.1 0.1 0.1 0.1 0.1 0.1 0.0 0.0 0.0 0.0 0.0 0.0 0.1 0.1 0.1 0.1 09/12/2005
0.0 0.2 0.2 0.2 0.2 0.2 0.0 0.0 0.0 0.0 0.0 0.0 0.0 0.0 0.2 0.2 0.2 0.2 0.0 0.0 0.0 0.0 0.0 0.0 0.0 0.0 0.0 0.0 10/12/2005
0.2 0.2 0.2 0.2 0.2 0.2 0.0 0.0 0.0 0.0 0.0 0.0 0.2 0.2 0.2 0.2 0.2 0.2 0.0 0.0 0.0 0.0 0.0 0.0 0.2 0.2 0.2 0.2 11/12/2005
0.0 0.2 0.2 0.2 0.2 0.2 0.0 0.0 0.0 0.0 0.0 0.0 0.0 0.0 0.2 0.2 0.2 0.2 0.0 0.0 0.0 0.0 0.0 0.3 0.0 0.0 0.0 0.0 12/12/2005
0.2 0.0 0.0 0.0 0.0 0.0 0.0 0.0 0.0 0.0 0.1 0.1 0.2 0.2 0.0 0.0 0.0 0.0 0.0 0.0 0.0 0.1 0.1 0.0 0.2 0.2 0.2 0.2 13/12/2005
0.1 0.4 0.4 0.4 0.4 0.4 1.1 1.2 1.2 1.2 0.3 0.3 0.1 0.1 0.4 0.4 0.4 0.4 1.1 1.2 1.2 0.3 0.3 0.0 0.1 0.1 0.1 0.1 14/12/2005
0.0 0.0 0.0 0.0 0.0 0.0 3.1 3.2 3.2 3.2 3.3 3.3 0.0 0.0 0.0 0.0 0.0 0.0 3.1 3.1 3.1 3.2 3.2 0.0 0.0 0.0 0.0 0.0 15/12/2005
0.2 0.1 0.1 0.1 0.1 0.1 4.4 4.5 4.5 4.6 4.1 4.1 0.2 0.2 0.1 0.1 0.1 0.1 4.3 4.4 4.4 4.3 4.4 0.2 0.2 0.2 0.2 0.2 16/12/2005
0.0 0.0 0.0 0.0 0.0 0.0 1.7 1.5 1.2 1.0 0.7 0.6 0.0 0.0 0.0 0.0 0.0 0.0 2.0 1.7 1.5 1.1 1.3 0.0 0.0 0.0 0.0 0.0 17/12/2005
3.7 1.8 1.8 1.8 1.8 1.8 1.4 1.2 1.0 0.8 0.6 0.5 3.8 3.8 1.9 1.9 1.9 1.9 1.6 1.3 1.2 0.9 1.1 1.8 3.8 3.8 3.8 3.8 18/12/2005
0.9 1.5 1.5 1.5 1.5 1.5 1.8 1.5 1.3 1.0 0.7 0.6 0.9 0.9 1.5 1.5 1.5 1.5 2.1 1.8 1.6 1.1 1.3 0.7 0.9 0.9 0.9 0.9 19/12/2005
0.1 0.1 0.1 0.1 0.1 0.1 0.1 0.0 0.0 0.0 0.0 0.0 0.1 0.1 0.1 0.1 0.1 0.1 0.1 0.1 0.1 0.1 0.1 0.0 0.1 0.1 0.1 0.1 20/12/2005
0.4 0.1 0.1 0.1 0.1 0.1 0.0 0.0 0.0 0.0 0.0 0.0 0.4 0.4 0.1 0.1 0.1 0.1 0.0 0.0 0.0 0.1 0.1 0.2 0.4 0.4 0.4 0.4 21/12/2005
0.0 0.0 0.0 0.0 0.0 0.0 0.0 0.0 0.0 0.0 0.3 0.3 0.0 0.0 0.0 0.0 0.0 0.0 0.0 0.0 0.0 0.3 0.3 0.0 0.0 0.0 0.0 0.0 22/12/2005
0.0 0.0 0.0 0.0 0.0 0.0 0.1 0.1 0.1 0.1 0.7 0.7 0.0 0.0 0.0 0.0 0.0 0.0 0.1 0.1 0.1 0.7 0.7 0.0 0.0 0.0 0.0 0.0 23/12/2005
0.0 0.1 0.1 0.1 0.1 0.1 0.0 0.0 0.0 0.0 0.0 0.0 0.0 0.0 0.1 0.1 0.1 0.1 0.0 0.0 0.0 0.0 0.0 0.0 0.0 0.0 0.0 0.0 24/12/2005
0.6 0.4 0.4 0.4 0.4 0.4 0.1 0.1 0.1 0.0 0.1 0.1 0.6 0.6 0.4 0.4 0.4 0.4 0.1 0.1 0.1 0.1 0.1 0.4 0.6 0.6 0.6 0.6 25/12/2005
3.2 1.6 1.5 1.6 1.6 1.5 1.5 1.4 1.4 1.3 0.4 0.4 2.7 2.7 1.5 1.5 1.5 1.5 1.5 1.5 1.5 0.5 0.5 1.7 2.9 2.9 2.7 2.6 26/12/2005
0.0 0.0 0.0 0.0 0.0 0.0 0.0 0.0 0.0 0.0 0.0 0.0 0.0 0.0 0.0 0.0 0.0 0.0 0.0 0.0 0.0 0.0 0.0 0.0 0.0 0.0 0.0 0.0 27/12/2005
0.9 0.0 0.0 0.0 0.0 0.0 0.0 0.0 0.0 0.0 0.0 0.0 0.7 0.7 0.0 0.0 0.0 0.0 0.0 0.0 0.0 0.0 0.0 3.9 0.8 0.8 0.7 0.7 28/12/2005
2.1 0.0 0.0 0.0 0.0 0.0 0.0 0.0 0.0 0.0 0.0 0.0 1.8 1.8 0.0 0.0 0.0 0.0 0.0 0.0 0.0 0.0 0.0 2.0 1.9 1.9 1.8 1.7 29/12/2005
8.0 9.3 9.3 9.3 9.3 9.3 7.8 7.9 8.0 8.0 5.9 5.9 8.1 8.1 9.3 9.3 9.3 9.3 7.7 7.8 7.9 5.8 5.7 4.7 8.0 8.0 8.1 8.1 30/12/2005
8.4 5.9 5.9 5.9 5.9 6.0 2.0 2.0 2.0 2.0 3.6 3.7 8.5 8.5 6.0 6.0 6.0 6.0 1.9 2.0 2.0 3.5 3.5 6.5 8.4 8.4 8.5 8.5 31/12/2005
3.3 7.0 7.0 7.0 7.0 7.0 0.8 0.8 0.8 0.8 3.5 3.5 3.3 3.3 7.1 7.1 7.1 7.1 0.7 0.8 0.8 3.4 3.3 2.0 3.3 3.3 3.3 3.4 01/01/2006
0.0 0.1 0.1 0.1 0.1 0.1 0.1 0.1 0.1 0.1 0.0 0.0 0.0 0.0 0.1 0.1 0.1 0.1 0.1 0.1 0.1 0.0 0.0 0.0 0.0 0.0 0.0 0.0 02/01/2006
2.4 3.9 4.0 3.9 3.9 4.0 0.0 0.0 0.0 0.0 0.0 0.0 2.4 2.4 4.0 4.0 4.0 4.0 0.0 0.0 0.0 0.0 0.0 1.6 2.4 2.4 2.4 2.4 03/01/2006
0.2 0.2 0.2 0.2 0.2 0.2 0.0 0.0 0.0 0.0 0.0 0.0 0.2 0.2 0.2 0.2 0.2 0.2 0.0 0.0 0.0 0.0 0.0 0.0 0.2 0.2 0.2 0.2 04/01/2006
0.0 0.0 0.0 0.0 0.0 0.0 0.0 0.0 0.0 0.0 0.0 0.0 0.0 0.0 0.0 0.0 0.0 0.0 0.0 0.0 0.0 0.1 0.1 0.0 0.0 0.0 0.0 0.0 05/01/2006
0.0 0.0 0.0 0.0 0.0 0.0 0.1 0.1 0.1 0.1 0.0 0.0 0.0 0.0 0.0 0.0 0.0 0.0 0.2 0.1 0.1 0.1 0.1 0.0 0.0 0.0 0.0 0.0 06/01/2006
1.4 0.5 0.5 0.5 0.5 0.5 0.0 0.0 0.0 0.0 0.0 0.0 1.2 1.2 0.4 0.4 0.4 0.4 0.0 0.0 0.0 0.0 0.0 0.3 1.3 1.3 1.2 1.1 07/01/2006
6.7 3.8 3.8 3.8 3.8 3.8 0.0 0.0 0.0 0.0 0.0 0.0 6.7 6.7 3.8 3.8 3.8 3.8 0.0 0.0 0.0 0.0 0.0 5.9 6.7 6.7 6.7 6.7 08/01/2006
0.2 0.2 0.2 0.2 0.2 0.2 0.0 0.0 0.0 0.0 0.0 0.0 0.2 0.2 0.2 0.2 0.2 0.2 0.0 0.0 0.0 0.0 0.0 0.0 0.2 0.2 0.2 0.2 09/01/2006
0.5 0.2 0.2 0.2 0.2 0.2 0.1 0.0 0.0 0.0 0.0 0.0 0.5 0.5 0.2 0.2 0.2 0.2 0.1 0.1 0.1 0.0 0.0 0.2 0.5 0.5 0.5 0.5 10/01/2006
1.3 2.7 2.7 2.7 2.7 2.7 2.0 1.7 1.4 1.1 1.0 0.9 1.4 1.4 2.7 2.7 2.7 2.7 2.4 1.9 1.8 1.7 1.9 1.3 1.3 1.3 1.4 1.4 11/01/2006
0.0 0.1 0.1 0.1 0.1 0.1 0.0 0.0 0.0 0.0 0.0 0.0 0.0 0.0 0.1 0.1 0.1 0.1 0.0 0.0 0.0 0.0 0.0 0.0 0.0 0.0 0.0 0.0 12/01/2006
0.0 0.0 0.0 0.0 0.0 0.0 0.0 0.0 0.0 0.0 0.0 0.0 0.0 0.0 0.0 0.0 0.0 0.0 0.0 0.0 0.0 0.0 0.0 0.0 0.0 0.0 0.0 0.0 13/01/2006
0.0 0.0 0.0 0.0 0.0 0.0 0.0 0.0 0.0 0.0 0.0 0.0 0.0 0.0 0.0 0.0 0.0 0.0 0.0 0.0 0.0 0.0 0.0 0.0 0.0 0.0 0.0 0.0 14/01/2006
0.0 0.1 0.1 0.1 0.1 0.1 0.0 0.0 0.0 0.0 0.0 0.0 0.0 0.0 0.1 0.1 0.1 0.1 0.0 0.0 0.0 0.0 0.0 0.1 0.0 0.0 0.0 0.0 15/01/2006
12.9 7.6 7.7 7.6 7.6 7.7 4.4 4.4 4.5 4.5 5.2 5.3 13.1 13.1 7.7 7.7 7.7 7.7 4.3 4.4 4.4 5.1 5.1 7.9 13.0 13.0 13.1 13.2 16/01/2006
7.4 9.1 9.1 9.1 9.1 9.1 14.2 14.4 14.6 14.7 16.2 16.3 7.5 7.5 9.2 9.2 9.2 9.2 14.0 14.3 14.4 15.9 15.8 10.0 7.5 7.5 7.5 7.6 17/01/2006
0.5 1.7 1.7 1.7 1.7 1.7 1.3 1.4 1.4 1.4 0.7 0.8 0.5 0.5 1.7 1.7 1.7 1.7 1.3 1.3 1.3 0.7 0.7 0.1 0.5 0.5 0.5 0.5 18/01/2006
0.7 1.0 1.0 1.0 1.0 1.0 1.2 1.2 1.2 1.2 1.2 1.2 0.7 0.7 1.0 1.0 1.0 1.0 1.2 1.2 1.2 1.2 1.2 0.8 0.7 0.7 0.7 0.7 19/01/2006
1.3 1.9 1.9 1.9 1.9 1.9 2.9 3.0 3.0 3.0 3.0 3.0 1.4 1.4 1.9 1.9 1.9 1.9 2.9 2.9 2.9 2.9 2.9 0.6 1.4 1.4 1.4 1.4 20/01/2006
0.0 0.2 0.2 0.2 0.2 0.2 0.3 0.3 0.3 0.3 0.5 0.5 0.0 0.0 0.2 0.2 0.2 0.2 0.3 0.3 0.3 0.5 0.5 0.0 0.0 0.0 0.0 0.0 21/01/2006
0.0 0.0 0.0 0.0 0.0 0.0 0.0 0.0 0.0 0.0 0.0 0.0 0.0 0.0 0.0 0.0 0.0 0.0 0.0 0.0 0.0 0.0 0.0 0.0 0.0 0.0 0.0 0.0 22/01/2006
0.0 0.0 0.0 0.0 0.0 0.0 0.0 0.0 0.0 0.0 0.0 0.0 0.0 0.0 0.0 0.0 0.0 0.0 0.0 0.0 0.0 0.0 0.0 0.0 0.0 0.0 0.0 0.0 23/01/2006
0.0 0.0 0.0 0.0 0.0 0.0 0.0 0.0 0.0 0.0 0.0 0.0 0.0 0.0 0.0 0.0 0.0 0.0 0.0 0.0 0.0 0.0 0.0 0.2 0.0 0.0 0.0 0.0 24/01/2006
0.7 0.4 0.4 0.4 0.4 0.4 0.0 0.0 0.0 0.0 0.0 0.0 0.7 0.7 0.5 0.5 0.5 0.5 0.0 0.0 0.0 0.0 0.0 1.2 0.7 0.7 0.7 0.8 25/01/2006
0.1 0.0 0.0 0.0 0.0 0.0 0.0 0.0 0.0 0.0 0.0 0.0 0.1 0.1 0.0 0.0 0.0 0.0 0.0 0.0 0.0 0.0 0.0 0.0 0.1 0.1 0.1 0.1 26/01/2006
0.0 0.0 0.0 0.0 0.0 0.0 0.0 0.0 0.0 0.0 0.0 0.0 0.0 0.0 0.0 0.0 0.0 0.0 0.0 0.0 0.0 0.0 0.0 0.0 0.0 0.0 0.0 0.0 27/01/2006
0.0 0.0 0.0 0.0 0.0 0.0 0.0 0.0 0.0 0.0 0.0 0.0 0.0 0.0 0.0 0.0 0.0 0.0 0.0 0.0 0.0 0.0 0.0 0.0 0.0 0.0 0.0 0.0 28/01/2006
0.0 0.0 0.0 0.0 0.0 0.0 0.0 0.0 0.0 0.0 0.0 0.0 0.0 0.0 0.0 0.0 0.0 0.0 0.0 0.0 0.0 0.0 0.0 0.0 0.0 0.0 0.0 0.0 29/01/2006
0.0 0.0 0.0 0.0 0.0 0.0 0.0 0.0 0.0 0.0 0.0 0.0 0.0 0.0 0.0 0.0 0.0 0.0 0.0 0.0 0.0 0.0 0.0 0.0 0.0 0.0 0.0 0.0 30/01/2006
0.0 0.0 0.0 0.0 0.0 0.0 0.0 0.0 0.0 0.0 0.0 0.0 0.0 0.0 0.0 0.0 0.0 0.0 0.0 0.0 0.0 0.0 0.0 0.0 0.0 0.0 0.0 0.0 31/01/2006
0.0 0.1 0.1 0.1 0.1 0.1 0.0 0.0 0.0 0.0 0.0 0.0 0.0 0.0 0.1 0.1 0.1 0.1 0.0 0.0 0.0 0.0 0.0 0.1 0.0 0.0 0.0 0.0 01/02/2006
0.0 0.2 0.2 0.2 0.2 0.2 0.0 0.0 0.0 0.0 0.0 0.0 0.0 0.0 0.1 0.2 0.2 0.1 0.0 0.0 0.0 0.0 0.0 0.0 0.0 0.0 0.0 0.0 02/02/2006
0.0 0.0 0.0 0.0 0.0 0.0 0.0 0.0 0.0 0.0 0.0 0.0 0.0 0.0 0.0 0.0 0.0 0.0 0.0 0.0 0.0 0.0 0.0 0.0 0.0 0.0 0.0 0.0 03/02/2006
0.0 0.0 0.0 0.0 0.0 0.0 0.0 0.0 0.0 0.0 0.0 0.0 0.0 0.0 0.0 0.0 0.0 0.0 0.0 0.0 0.0 0.0 0.0 0.0 0.0 0.0 0.0 0.0 04/02/2006
0.0 0.3 0.3 0.3 0.3 0.3 0.8 0.8 0.8 0.8 0.4 0.4 0.0 0.0 0.3 0.3 0.3 0.3 0.8 0.8 0.8 0.4 0.4 0.0 0.0 0.0 0.0 0.0 05/02/2006
0.0 0.2 0.2 0.2 0.2 0.2 0.2 0.2 0.2 0.2 0.1 0.1 0.0 0.0 0.2 0.2 0.2 0.2 0.2 0.2 0.2 0.1 0.1 0.0 0.0 0.0 0.0 0.0 06/02/2006
3.1 3.4 3.5 3.4 3.4 3.5 2.7 2.8 2.8 2.8 4.9 4.9 3.1 3.1 3.5 3.5 3.5 3.5 2.7 2.7 2.7 4.8 4.7 1.9 3.1 3.1 3.1 3.1 07/02/2006
0.1 0.2 0.2 0.2 0.2 0.2 1.5 1.3 1.2 1.0 1.8 1.8 0.1 0.1 0.2 0.2 0.2 0.2 1.7 1.5 1.4 1.9 2.0 0.9 0.1 0.1 0.1 0.1 08/02/2006
0.0 0.0 0.0 0.0 0.0 0.0 0.2 0.2 0.1 0.1 0.4 0.4 0.0 0.0 0.0 0.0 0.0 0.0 0.2 0.2 0.2 0.5 0.5 0.1 0.0 0.0 0.0 0.0 09/02/2006
0.0 0.0 0.0 0.0 0.0 0.0 0.0 0.0 0.0 0.0 0.1 0.1 0.0 0.0 0.0 0.0 0.0 0.0 0.0 0.0 0.0 0.1 0.1 0.0 0.0 0.0 0.0 0.0 10/02/2006
0.0 0.0 0.0 0.0 0.0 0.0 0.0 0.0 0.0 0.0 0.0 0.0 0.0 0.0 0.0 0.0 0.0 0.0 0.0 0.0 0.0 0.0 0.0 0.0 0.0 0.0 0.0 0.0 11/02/2006
5.7 12.5 12.5 12.5 12.5 12.6 7.1 6.0 4.9 4.0 2.3 2.1 5.8 5.8 12.7 12.6 12.6 12.7 8.4 6.9 6.4 3.7 4.2 2.5 5.7 5.7 5.8 5.8 12/02/2006
0.0 0.4 0.4 0.4 0.4 0.4 1.5 1.3 1.1 0.9 0.7 0.7 0.0 0.0 0.4 0.4 0.4 0.4 1.8 1.5 1.4 1.2 1.4 0.0 0.0 0.0 0.0 0.0 13/02/2006
11.3 7.0 7.0 7.0 7.0 7.1 6.1 6.2 6.3 6.3 8.0 8.0 11.4 11.4 7.1 7.1 7.1 7.1 6.0 6.1 6.2 7.8 7.7 6.8 11.4 11.4 11.4 11.5 14/02/2006
6.6 7.9 8.0 7.9 7.9 8.0 17.3 17.5 17.7 17.9 24.3 24.4 6.7 6.7 8.0 8.0 8.0 8.0 17.0 17.3 17.4 23.8 23.6 5.3 6.7 6.7 6.7 6.8 15/02/2006
2.4 3.1 3.1 3.1 3.1 3.1 4.9 5.0 5.0 5.1 2.4 2.4 2.5 2.5 3.1 3.1 3.1 3.1 4.9 4.9 5.0 2.3 2.3 3.0 2.4 2.4 2.5 2.5 16/02/2006
7.1 8.7 8.8 8.7 8.7 8.8 6.6 6.7 6.8 6.8 6.2 6.2 7.2 7.2 8.9 8.8 8.8 8.8 6.5 6.6 6.6 6.1 6.0 7.5 7.2 7.2 7.2 7.3 17/02/2006
8.2 7.6 7.7 7.7 7.7 7.7 9.4 9.5 9.6 9.7 12.1 12.1 8.3 8.3 7.8 7.8 7.8 7.8 9.3 9.4 9.5 11.8 11.7 7.6 8.3 8.3 8.4 8.4 18/02/2006
17.7 20.1 20.2 20.1 20.1 20.2 1.8 1.9 1.9 1.9 2.3 2.4 18.0 18.0 20.4 20.4 20.3 20.4 1.8 1.8 1.9 2.3 2.3 16.6 17.8 17.8 18.0 18.1 19/02/2006
2.3 3.5 3.4 3.5 3.4 3.3 1.2 1.0 0.9 0.7 0.1 0.1 2.3 2.3 3.2 3.2 3.2 3.2 1.5 1.2 1.1 0.2 0.2 2.0 2.3 2.3 2.2 2.2 20/02/2006
1.1 0.6 0.5 0.6 0.6 0.5 2.0 1.8 1.5 1.4 0.5 0.5 1.1 1.1 0.5 0.5 0.5 0.5 2.3 2.0 1.8 0.5 0.5 0.1 1.1 1.1 1.1 1.1 21/02/2006
0.7 0.5 0.5 0.5 0.5 0.5 0.2 0.2 0.2 0.2 0.0 0.0 0.7 0.7 0.5 0.5 0.5 0.5 0.2 0.2 0.2 0.0 0.0 0.6 0.7 0.7 0.7 0.7 22/02/2006
0.0 0.1 0.1 0.1 0.1 0.1 0.1 0.1 0.0 0.0 0.0 0.0 0.0 0.0 0.0 0.1 0.1 0.0 0.1 0.1 0.1 0.0 0.0 0.0 0.0 0.0 0.0 0.0 23/02/2006
1.6 0.8 0.7 0.8 0.8 0.7 0.6 0.5 0.4 0.4 0.3 0.3 1.4 1.4 0.6 0.7 0.7 0.6 0.6 0.5 0.5 0.5 0.5 0.3 1.5 1.5 1.4 1.3 24/02/2006
0.0 0.0 0.0 0.0 0.0 0.0 0.0 0.0 0.0 0.0 0.0 0.0 0.0 0.0 0.0 0.0 0.0 0.0 0.0 0.0 0.0 0.0 0.0 0.8 0.0 0.0 0.0 0.0 25/02/2006
0.0 0.0 0.0 0.0 0.0 0.0 0.0 0.0 0.0 0.0 0.0 0.0 0.0 0.0 0.0 0.0 0.0 0.0 0.0 0.0 0.0 0.0 0.0 0.0 0.0 0.0 0.0 0.0 26/02/2006
5.0 2.8 2.6 2.8 2.7 2.6 2.5 2.1 1.7 1.4 0.6 0.5 5.1 5.1 2.3 2.3 2.3 2.3 3.0 2.4 2.2 1.0 1.1 2.2 5.1 5.1 5.1 5.1 27/02/2006
1.4 1.0 0.9 1.0 1.0 0.9 2.5 2.1 1.8 1.4 1.0 0.9 1.4 1.4 0.8 0.8 0.9 0.8 3.0 2.5 2.3 1.6 1.8 0.6 1.4 1.4 1.4 1.4 28/02/2006
2.2 0.0 0.0 0.0 0.0 0.0 0.0 0.0 0.0 0.0 0.0 0.0 1.9 1.9 0.0 0.0 0.0 0.0 0.0 0.0 0.0 0.0 0.0 1.4 2.1 2.1 1.9 1.8 01/03/2006
1.3 2.9 2.7 2.9 2.9 2.7 0.0 0.0 0.0 0.0 0.0 0.0 1.1 1.1 2.4 2.4 2.4 2.4 0.0 0.0 0.0 0.0 0.0 3.7 1.2 1.2 1.1 1.1 02/03/2006
2.1 2.0 1.9 2.0 2.0 1.9 0.0 0.0 0.0 0.0 0.5 0.5 1.8 1.8 1.6 1.7 1.7 1.7 0.0 0.0 0.0 0.8 1.0 1.3 2.0 2.0 1.8 1.7 03/03/2006
0.3 0.0 0.0 0.0 0.0 0.0 0.0 0.0 0.0 0.0 0.0 0.0 0.2 0.2 0.0 0.0 0.0 0.0 0.0 0.0 0.0 0.0 0.0 0.1 0.2 0.2 0.2 0.2 04/03/2006
0.4 0.2 0.2 0.2 0.2 0.2 0.0 0.0 0.0 0.0 0.0 0.0 0.4 0.4 0.2 0.2 0.2 0.2 0.0 0.0 0.0 0.0 0.0 0.1 0.4 0.4 0.4 0.4 05/03/2006
0.4 0.1 0.1 0.1 0.1 0.1 0.0 0.0 0.0 0.0 0.0 0.0 0.4 0.4 0.2 0.2 0.2 0.2 0.0 0.0 0.0 0.0 0.0 0.1 0.4 0.4 0.4 0.4 06/03/2006
17.7 14.0 14.1 14.0 14.1 14.1 3.6 3.2 2.9 2.6 3.5 3.4 17.9 17.9 14.3 14.2 14.2 14.3 4.0 3.5 3.3 3.9 4.0 15.8 17.8 17.8 17.9 18.0 07/03/2006
9.0 10.0 10.1 10.0 10.0 10.1 13.3 13.5 13.7 13.8 12.1 12.1 9.1 9.1 10.2 10.2 10.2 10.2 13.1 13.3 13.4 11.8 11.7 6.4 9.1 9.1 9.2 9.2 08/03/2006
5.4 5.8 5.8 5.8 5.8 5.8 6.9 7.0 7.0 7.1 11.2 11.2 5.4 5.4 5.9 5.9 5.9 5.9 6.8 6.9 6.9 10.9 10.8 4.0 5.4 5.4 5.4 5.5 09/03/2006
1.0 1.0 1.0 1.0 1.0 1.0 6.7 6.8 6.9 6.9 7.4 7.4 1.1 1.1 1.0 1.0 1.0 1.0 6.6 6.7 6.7 7.3 7.2 0.1 1.0 1.0 1.1 1.1 10/03/2006
0.0 1.0 1.0 1.0 1.0 1.0 1.1 1.1 1.1 1.1 1.0 1.0 0.0 0.0 1.0 1.0 1.0 1.0 1.1 1.1 1.1 1.0 0.9 0.0 0.0 0.0 0.0 0.0 11/03/2006
0.0 0.0 0.0 0.0 0.0 0.0 0.0 0.0 0.0 0.0 0.0 0.0 0.0 0.0 0.0 0.0 0.0 0.0 0.0 0.0 0.0 0.0 0.0 0.0 0.0 0.0 0.0 0.0 12/03/2006
0.0 0.0 0.0 0.0 0.0 0.0 0.0 0.0 0.0 0.0 0.0 0.0 0.0 0.0 0.0 0.0 0.0 0.0 0.0 0.0 0.0 0.0 0.0 0.0 0.0 0.0 0.0 0.0 13/03/2006
0.0 0.0 0.0 0.0 0.0 0.0 0.0 0.0 0.0 0.0 0.0 0.0 0.0 0.0 0.0 0.0 0.0 0.0 0.0 0.0 0.0 0.0 0.0 0.0 0.0 0.0 0.0 0.0 14/03/2006
0.0 0.0 0.0 0.0 0.0 0.0 0.0 0.0 0.0 0.0 0.0 0.0 0.0 0.0 0.0 0.0 0.0 0.0 0.0 0.0 0.0 0.0 0.0 0.0 0.0 0.0 0.0 0.0 15/03/2006
0.0 0.0 0.0 0.0 0.0 0.0 0.0 0.0 0.0 0.0 0.0 0.0 0.0 0.0 0.0 0.0 0.0 0.0 0.0 0.0 0.0 0.0 0.0 0.0 0.0 0.0 0.0 0.0 16/03/2006
0.0 0.0 0.0 0.0 0.0 0.0 0.0 0.0 0.0 0.0 0.0 0.0 0.0 0.0 0.0 0.0 0.0 0.0 0.0 0.0 0.0 0.0 0.0 0.0 0.0 0.0 0.0 0.0 17/03/2006
0.0 0.0 0.0 0.0 0.0 0.0 0.0 0.0 0.0 0.0 0.0 0.0 0.0 0.0 0.0 0.0 0.0 0.0 0.0 0.0 0.0 0.0 0.0 0.0 0.0 0.0 0.0 0.0 18/03/2006
0.0 0.0 0.0 0.0 0.0 0.0 0.0 0.0 0.0 0.0 0.0 0.0 0.0 0.0 0.0 0.0 0.0 0.0 0.0 0.0 0.0 0.0 0.0 0.0 0.0 0.0 0.0 0.0 19/03/2006
1.0 4.3 4.4 4.3 4.4 4.4 4.3 4.3 4.4 4.4 3.6 3.6 1.0 1.0 4.4 4.4 4.4 4.4 4.2 4.3 4.3 3.5 3.5 0.1 1.0 1.0 1.0 1.0 20/03/2006
0.0 0.1 0.1 0.1 0.1 0.1 2.0 2.0 2.0 1.9 1.4 1.4 0.0 0.0 0.1 0.1 0.1 0.1 2.1 2.0 2.0 1.4 1.4 0.0 0.0 0.0 0.0 0.0 21/03/2006
0.0 0.0 0.0 0.0 0.0 0.0 0.0 0.0 0.0 0.0 0.0 0.0 0.0 0.0 0.0 0.0 0.0 0.0 0.0 0.0 0.0 0.0 0.0 0.0 0.0 0.0 0.0 0.0 22/03/2006
8.7 4.7 4.8 4.7 4.7 4.8 0.9 0.9 0.9 1.0 0.6 0.6 8.9 8.9 4.8 4.8 4.8 4.8 0.9 0.9 0.9 0.6 0.5 8.1 8.8 8.8 8.9 8.9 23/03/2006
3.4 4.3 4.3 4.3 4.3 4.3 12.5 12.7 12.8 12.9 15.7 15.7 3.5 3.5 4.4 4.4 4.4 4.4 12.4 12.6 12.6 15.4 15.2 2.7 3.5 3.5 3.5 3.5 24/03/2006
11.3 9.3 9.4 9.3 9.3 9.4 10.4 10.6 10.7 10.8 9.7 9.8 11.5 11.5 9.5 9.4 9.4 9.4 10.3 10.4 10.5 9.5 9.5 8.4 11.4 11.4 11.5 11.5 25/03/2006
0.6 0.6 0.6 0.6 0.6 0.6 3.1 3.1 3.2 3.2 2.5 2.6 0.6 0.6 0.6 0.6 0.6 0.6 3.1 3.1 3.1 2.5 2.5 0.5 0.6 0.6 0.6 0.6 26/03/2006
0.2 0.1 0.1 0.1 0.1 0.1 3.4 3.5 3.5 3.5 1.2 1.2 0.2 0.2 0.1 0.1 0.1 0.1 3.4 3.4 3.5 1.1 1.1 0.2 0.2 0.2 0.2 0.2 27/03/2006
0.8 0.9 1.0 0.9 0.9 1.0 4.5 4.6 4.6 4.7 5.6 5.6 0.8 0.8 1.0 1.0 1.0 1.0 4.4 4.5 4.5 5.5 5.4 0.1 0.8 0.8 0.8 0.8 28/03/2006
10.7 11.2 11.3 11.2 11.2 11.3 9.6 9.7 9.8 9.9 12.2 12.3 10.8 10.8 11.4 11.4 11.4 11.4 9.4 9.6 9.6 12.0 11.9 5.4 10.8 10.8 10.8 10.9 29/03/2006
2.8 4.6 4.6 4.6 4.6 4.6 7.0 7.1 7.2 7.3 11.8 11.8 2.8 2.8 4.6 4.6 4.6 4.6 6.9 7.0 7.1 11.6 11.5 1.2 2.8 2.8 2.8 2.8 30/03/2006
0.8 2.3 2.3 2.3 2.3 2.3 4.4 4.5 4.6 4.6 6.1 6.1 0.8 0.8 2.3 2.3 2.3 2.3 4.4 4.5 4.5 6.0 5.9 0.1 0.8 0.8 0.8 0.8 31/03/2006
3.0 3.0 3.1 3.0 3.0 3.1 5.1 5.1 5.2 5.3 8.6 8.6 3.0 3.0 3.1 3.1 3.1 3.1 5.0 5.1 5.1 8.4 8.3 3.8 3.0 3.0 3.0 3.0 01/04/2006
0.0 0.2 0.2 0.2 0.2 0.2 3.9 4.0 4.0 4.0 5.4 5.5 0.0 0.0 0.2 0.2 0.2 0.2 3.8 3.9 3.9 5.4 5.3 0.0 0.0 0.0 0.0 0.0 02/04/2006
0.2 0.0 0.0 0.0 0.0 0.0 0.9 0.9 0.9 0.9 1.9 1.9 0.2 0.2 0.0 0.0 0.0 0.0 0.9 0.9 0.9 1.9 1.9 0.0 0.2 0.2 0.2 0.2 03/04/2006
0.0 0.0 0.0 0.0 0.0 0.0 0.0 0.0 0.0 0.0 0.0 0.0 0.0 0.0 0.0 0.0 0.0 0.0 0.0 0.0 0.0 0.0 0.0 0.0 0.0 0.0 0.0 0.0 04/04/2006
0.0 0.0 0.0 0.0 0.0 0.0 0.0 0.0 0.0 0.0 0.0 0.0 0.0 0.0 0.0 0.0 0.0 0.0 0.0 0.0 0.0 0.0 0.0 0.0 0.0 0.0 0.0 0.0 05/04/2006
0.0 0.0 0.0 0.0 0.0 0.0 0.0 0.0 0.0 0.0 0.0 0.0 0.0 0.0 0.0 0.0 0.0 0.0 0.0 0.0 0.0 0.0 0.0 0.0 0.0 0.0 0.0 0.0 06/04/2006
0.0 0.2 0.2 0.2 0.2 0.2 0.0 0.0 0.0 0.0 0.1 0.1 0.0 0.0 0.2 0.2 0.2 0.2 0.0 0.0 0.0 0.1 0.1 0.0 0.0 0.0 0.0 0.0 07/04/2006
1.2 1.0 1.0 1.0 1.0 1.0 0.8 0.8 0.8 0.8 0.8 0.8 1.2 1.2 1.0 1.0 1.0 1.0 0.8 0.8 0.8 0.8 0.8 1.7 1.2 1.2 1.2 1.2 08/04/2006
0.0 0.0 0.0 0.0 0.0 0.0 0.0 0.0 0.0 0.0 0.0 0.0 0.0 0.0 0.0 0.0 0.0 0.0 0.0 0.0 0.0 0.0 0.0 0.0 0.0 0.0 0.0 0.0 09/04/2006
0.6 0.4 0.4 0.4 0.4 0.4 0.0 0.0 0.0 0.0 0.0 0.0 0.6 0.6 0.4 0.4 0.4 0.4 0.0 0.0 0.0 0.0 0.0 1.4 0.6 0.6 0.6 0.6 10/04/2006
2.0 1.5 1.5 1.5 1.5 1.5 2.7 2.8 2.8 2.8 2.2 2.2 2.1 2.1 1.6 1.5 1.5 1.6 2.7 2.7 2.8 2.2 2.1 1.8 2.0 2.0 2.1 2.1 11/04/2006
0.3 0.5 0.5 0.5 0.5 0.5 0.6 0.6 0.6 0.6 0.6 0.6 0.3 0.3 0.5 0.5 0.5 0.5 0.6 0.6 0.6 0.6 0.6 0.1 0.3 0.3 0.3 0.3 12/04/2006
1.0 0.7 0.7 0.7 0.7 0.7 1.5 1.6 1.6 1.6 2.9 2.9 1.1 1.1 0.7 0.7 0.7 0.7 1.5 1.5 1.6 2.9 2.8 0.3 1.0 1.0 1.1 1.1 13/04/2006
0.0 0.0 0.0 0.0 0.0 0.0 0.4 0.4 0.4 0.4 0.8 0.8 0.0 0.0 0.0 0.0 0.0 0.0 0.4 0.4 0.4 0.8 0.7 0.0 0.0 0.0 0.0 0.0 14/04/2006
16.3 10.0 10.0 10.0 10.0 10.0 18.2 18.4 18.6 18.8 19.4 19.5 16.5 16.5 10.1 10.1 10.1 10.1 17.9 18.2 18.3 19.0 18.9 15.2 16.4 16.4 16.5 16.6 15/04/2006
0.1 0.3 0.3 0.3 0.3 0.3 2.0 2.0 2.0 2.0 1.2 1.2 0.1 0.1 0.3 0.3 0.3 0.3 1.9 2.0 2.0 1.2 1.2 0.0 0.1 0.1 0.1 0.1 16/04/2006
0.0 0.0 0.0 0.0 0.0 0.0 0.0 0.0 0.0 0.0 0.0 0.0 0.0 0.0 0.0 0.0 0.0 0.0 0.0 0.0 0.0 0.0 0.0 0.1 0.0 0.0 0.0 0.0 17/04/2006
0.0 0.0 0.0 0.0 0.0 0.0 0.0 0.0 0.0 0.0 0.0 0.0 0.0 0.0 0.0 0.0 0.0 0.0 0.0 0.0 0.0 0.0 0.0 0.0 0.0 0.0 0.0 0.0 18/04/2006
0.0 0.0 0.0 0.0 0.0 0.0 0.0 0.0 0.0 0.0 0.0 0.0 0.0 0.0 0.0 0.0 0.0 0.0 0.0 0.0 0.0 0.0 0.0 0.0 0.0 0.0 0.0 0.0 19/04/2006
0.0 0.0 0.0 0.0 0.0 0.0 0.0 0.0 0.0 0.0 0.0 0.0 0.0 0.0 0.0 0.0 0.0 0.0 0.0 0.0 0.0 0.0 0.0 0.0 0.0 0.0 0.0 0.0 20/04/2006
0.0 0.0 0.0 0.0 0.0 0.0 0.0 0.0 0.0 0.0 0.0 0.0 0.0 0.0 0.0 0.0 0.0 0.0 0.0 0.0 0.0 0.0 0.0 0.0 0.0 0.0 0.0 0.0 21/04/2006
0.0 0.0 0.0 0.0 0.0 0.0 0.0 0.0 0.0 0.0 0.1 0.1 0.0 0.0 0.0 0.0 0.0 0.0 0.0 0.0 0.0 0.1 0.1 0.0 0.0 0.0 0.0 0.0 22/04/2006
0.7 1.1 1.1 1.1 1.1 1.1 0.1 0.1 0.1 0.1 0.0 0.0 0.7 0.7 1.1 1.1 1.1 1.1 0.1 0.1 0.1 0.0 0.0 0.2 0.7 0.7 0.7 0.7 23/04/2006
0.6 0.9 0.9 0.9 0.9 0.9 0.6 0.6 0.6 0.6 0.0 0.0 0.6 0.6 0.9 0.9 0.9 0.9 0.6 0.6 0.6 0.0 0.0 0.3 0.6 0.6 0.6 0.6 24/04/2006
1.2 0.5 0.5 0.5 0.5 0.5 0.1 0.1 0.1 0.1 0.3 0.3 1.2 1.2 0.5 0.5 0.5 0.5 0.1 0.1 0.1 0.3 0.3 0.5 1.2 1.2 1.2 1.2 25/04/2006
0.7 1.0 1.0 1.0 1.0 1.0 0.0 0.0 0.0 0.0 0.0 0.0 0.7 0.7 1.0 1.0 1.0 1.0 0.0 0.0 0.0 0.0 0.0 0.8 0.7 0.7 0.7 0.7 26/04/2006
0.0 0.0 0.0 0.0 0.0 0.0 0.0 0.0 0.0 0.0 0.0 0.0 0.0 0.0 0.0 0.0 0.0 0.0 0.0 0.0 0.0 0.0 0.0 0.0 0.0 0.0 0.0 0.0 27/04/2006
0.0 0.0 0.0 0.0 0.0 0.0 0.0 0.0 0.0 0.0 0.0 0.0 0.0 0.0 0.0 0.0 0.0 0.0 0.0 0.0 0.0 0.0 0.0 0.0 0.0 0.0 0.0 0.0 28/04/2006
0.0 0.0 0.0 0.0 0.0 0.0 1.8 1.9 1.9 1.9 0.8 0.7 0.0 0.0 0.0 0.0 0.0 0.0 1.8 1.8 1.9 1.0 1.1 0.2 0.0 0.0 0.0 0.0 29/04/2006
2.9 4.2 4.2 4.2 4.2 4.2 13.0 13.2 13.4 13.5 12.5 12.4 2.9 2.9 4.3 4.3 4.3 4.3 12.9 13.1 13.2 12.6 12.6 1.5 2.9 2.9 2.9 2.9 30/04/2006
1.8 2.6 2.6 2.6 2.6 2.6 4.3 4.3 4.3 4.4 5.6 5.6 1.8 1.8 2.7 2.7 2.7 2.7 4.2 4.3 4.3 5.5 5.4 1.7 1.8 1.8 1.8 1.8 01/05/2006
0.0 0.0 0.0 0.0 0.0 0.0 0.0 0.0 0.0 0.0 0.0 0.0 0.0 0.0 0.0 0.0 0.0 0.0 0.0 0.0 0.0 0.0 0.0 0.0 0.0 0.0 0.0 0.0 02/05/2006
0.0 0.0 0.0 0.0 0.0 0.0 0.0 0.0 0.0 0.0 0.1 0.1 0.0 0.0 0.0 0.0 0.0 0.0 0.0 0.0 0.0 0.1 0.1 0.0 0.0 0.0 0.0 0.0 03/05/2006
0.0 0.0 0.0 0.0 0.0 0.0 0.0 0.0 0.0 0.0 0.0 0.0 0.0 0.0 0.0 0.0 0.0 0.0 0.0 0.0 0.0 0.0 0.0 0.0 0.0 0.0 0.0 0.0 04/05/2006
0.0 0.8 0.8 0.8 0.8 0.8 3.7 3.7 3.8 3.8 4.4 4.4 0.0 0.0 0.8 0.8 0.8 0.8 3.6 3.7 3.7 4.3 4.3 0.0 0.0 0.0 0.0 0.0 05/05/2006
3.6 2.3 2.3 2.3 2.3 2.3 12.0 12.2 12.3 12.4 3.9 3.9 3.6 3.6 2.4 2.4 2.4 2.4 11.8 12.0 12.1 3.8 3.8 7.1 3.6 3.6 3.6 3.6 06/05/2006
10.3 11.6 11.7 11.6 11.6 11.7 19.1 19.3 19.5 19.7 11.7 11.7 10.4 10.4 11.8 11.8 11.8 11.8 18.8 19.1 19.2 11.4 11.3 8.6 10.4 10.4 10.4 10.5 07/05/2006
0.1 2.7 2.7 2.7 2.7 2.7 27.2 27.5 27.9 28.1 27.1 27.2 0.1 0.1 2.7 2.7 2.7 2.7 26.8 27.3 27.4 26.5 26.3 0.0 0.1 0.1 0.1 0.1 08/05/2006
0.5 3.6 3.6 3.6 3.6 3.6 0.1 0.1 0.1 0.1 0.1 0.1 0.5 0.5 3.6 3.6 3.6 3.6 0.1 0.1 0.1 0.1 0.1 0.5 0.5 0.5 0.5 0.5 09/05/2006
0.2 0.1 0.1 0.1 0.1 0.1 0.2 0.2 0.2 0.2 2.4 2.4 0.2 0.2 0.1 0.1 0.1 0.1 0.2 0.2 0.2 2.3 2.3 0.2 0.2 0.2 0.2 0.2 10/05/2006
0.2 0.3 0.3 0.3 0.3 0.3 0.0 0.0 0.0 0.0 0.0 0.0 0.2 0.2 0.3 0.3 0.3 0.3 0.0 0.0 0.0 0.0 0.0 0.1 0.2 0.2 0.2 0.2 11/05/2006
3.4 3.8 3.8 3.8 3.8 3.8 1.9 1.9 1.9 2.0 0.1 0.1 3.5 3.5 3.9 3.9 3.9 3.9 1.9 1.9 1.9 0.1 0.1 0.4 3.4 3.4 3.5 3.5 12/05/2006
0.1 0.0 0.0 0.0 0.0 0.0 2.8 2.9 2.9 2.9 2.7 2.7 0.1 0.1 0.0 0.0 0.0 0.0 2.8 2.8 2.9 2.6 2.6 0.1 0.1 0.1 0.1 0.1 13/05/2006
0.0 0.0 0.0 0.0 0.0 0.0 0.0 0.0 0.0 0.0 2.0 2.0 0.0 0.0 0.0 0.0 0.0 0.0 0.0 0.0 0.0 1.9 1.9 0.0 0.0 0.0 0.0 0.0 14/05/2006
0.0 0.0 0.0 0.0 0.0 0.0 0.0 0.0 0.0 0.0 0.0 0.0 0.0 0.0 0.0 0.0 0.0 0.0 0.0 0.0 0.0 0.0 0.0 0.0 0.0 0.0 0.0 0.0 15/05/2006
1.3 3.7 3.7 3.7 3.7 3.7 7.7 7.8 7.9 8.0 9.1 9.1 1.3 1.3 3.7 3.7 3.7 3.7 7.6 7.7 7.8 8.9 8.8 0.2 1.3 1.3 1.3 1.3 16/05/2006
7.1 8.8 8.9 8.8 8.8 8.9 2.4 2.5 2.5 2.5 1.2 1.2 7.1 7.1 9.0 8.9 8.9 8.9 2.4 2.4 2.5 1.2 1.2 7.1 7.1 7.1 7.1 7.2 17/05/2006
5.8 5.0 5.1 5.0 5.0 5.1 4.1 4.1 4.2 4.2 5.8 5.8 5.9 5.9 5.1 5.1 5.1 5.1 4.0 4.1 4.1 5.6 5.6 5.3 5.9 5.9 5.9 5.9 18/05/2006
11.1 10.1 10.2 10.1 10.1 10.2 10.8 10.9 11.0 11.1 11.1 11.2 11.3 11.3 10.3 10.3 10.3 10.3 10.6 10.8 10.8 10.9 10.8 7.6 11.2 11.2 11.3 11.3 19/05/2006
5.2 6.5 6.6 6.5 6.6 6.6 9.3 9.4 9.5 9.6 8.4 8.4 5.2 5.2 6.6 6.6 6.6 6.6 9.2 9.3 9.4 8.2 8.2 2.9 5.2 5.2 5.2 5.3 20/05/2006
5.7 5.1 5.1 5.1 5.1 5.1 13.0 13.1 13.3 13.4 8.9 8.9 5.7 5.7 5.2 5.2 5.2 5.2 12.8 13.0 13.1 8.7 8.6 3.1 5.7 5.7 5.7 5.8 21/05/2006
3.6 10.9 11.0 10.9 11.0 11.0 1.1 1.1 1.1 1.1 0.3 0.3 3.7 3.7 11.1 11.1 11.1 11.1 1.1 1.1 1.1 0.3 0.3 1.2 3.7 3.7 3.7 3.7 22/05/2006
0.4 2.0 2.0 2.0 2.0 2.0 3.4 3.4 3.5 3.5 3.6 3.6 0.4 0.4 2.0 2.0 2.0 2.0 3.4 3.4 3.4 3.5 3.5 0.5 0.4 0.4 0.4 0.4 23/05/2006
6.1 9.2 9.2 9.2 9.2 9.3 11.7 11.8 12.0 12.1 11.4 11.5 6.2 6.2 9.3 9.3 9.3 9.3 11.5 11.7 11.8 11.2 11.1 2.1 6.1 6.1 6.2 6.2 24/05/2006
5.4 6.3 6.3 6.3 6.3 6.3 7.6 7.7 7.8 7.9 9.6 9.6 5.5 5.5 6.4 6.4 6.4 6.4 7.5 7.7 7.7 9.4 9.3 5.5 5.4 5.4 5.5 5.5 25/05/2006
2.0 1.1 1.1 1.1 1.1 1.1 4.9 5.0 5.0 5.1 9.6 9.6 2.0 2.0 1.1 1.1 1.1 1.1 4.8 4.9 5.0 9.3 9.2 0.8 2.0 2.0 2.0 2.0 26/05/2006
0.7 1.9 1.9 1.9 1.9 1.9 2.5 2.5 2.5 2.6 2.8 2.8 0.7 0.7 1.9 1.9 1.9 1.9 2.4 2.5 2.5 2.7 2.7 0.3 0.7 0.7 0.7 0.7 27/05/2006
0.0 0.8 0.8 0.8 0.8 0.8 0.7 0.7 0.7 0.7 0.1 0.1 0.0 0.0 0.8 0.8 0.8 0.8 0.7 0.7 0.7 0.1 0.1 0.1 0.0 0.0 0.0 0.0 28/05/2006
0.0 1.4 1.4 1.4 1.4 1.4 4.5 4.6 4.6 4.7 6.0 6.1 0.0 0.0 1.5 1.5 1.5 1.5 4.4 4.5 4.6 5.9 5.9 0.0 0.0 0.0 0.0 0.0 29/05/2006
1.1 0.1 0.1 0.1 0.1 0.1 3.3 3.3 3.4 3.4 2.6 2.6 1.1 1.1 0.1 0.1 0.1 0.1 3.3 3.3 3.3 2.5 2.5 0.7 1.1 1.1 1.1 1.1 30/05/2006
0.0 0.0 0.0 0.0 0.0 0.0 1.4 1.4 1.4 1.4 1.4 1.4 0.0 0.0 0.0 0.0 0.0 0.0 1.4 1.4 1.4 1.4 1.4 0.1 0.0 0.0 0.0 0.0 31/05/2006
0.0 0.0 0.0 0.0 0.0 0.0 3.6 3.6 3.7 3.7 3.0 3.0 0.0 0.0 0.0 0.0 0.0 0.0 3.5 3.6 3.6 2.9 2.9 0.0 0.0 0.0 0.0 0.0 01/06/2006
0.0 0.0 0.0 0.0 0.0 0.0 0.0 0.0 0.0 0.0 0.0 0.0 0.0 0.0 0.0 0.0 0.0 0.0 0.0 0.0 0.0 0.0 0.0 0.0 0.0 0.0 0.0 0.0 02/06/2006
0.0 0.0 0.0 0.0 0.0 0.0 0.0 0.0 0.0 0.0 0.0 0.0 0.0 0.0 0.0 0.0 0.0 0.0 0.0 0.0 0.0 0.0 0.0 0.1 0.0 0.0 0.0 0.0 03/06/2006
0.0 0.0 0.0 0.0 0.0 0.0 0.0 0.0 0.0 0.0 0.0 0.0 0.0 0.0 0.0 0.0 0.0 0.0 0.0 0.0 0.0 0.0 0.0 0.0 0.0 0.0 0.0 0.0 04/06/2006
0.0 0.0 0.0 0.0 0.0 0.0 0.0 0.0 0.0 0.0 0.0 0.0 0.0 0.0 0.0 0.0 0.0 0.0 0.0 0.0 0.0 0.0 0.0 0.0 0.0 0.0 0.0 0.0 05/06/2006
0.0 0.0 0.0 0.0 0.0 0.0 0.0 0.0 0.0 0.0 0.0 0.0 0.0 0.0 0.0 0.0 0.0 0.0 0.0 0.0 0.0 0.0 0.0 0.0 0.0 0.0 0.0 0.0 06/06/2006
0.0 0.0 0.0 0.0 0.0 0.0 0.0 0.0 0.0 0.0 0.0 0.0 0.0 0.0 0.0 0.0 0.0 0.0 0.0 0.0 0.0 0.0 0.0 0.0 0.0 0.0 0.0 0.0 07/06/2006
0.0 0.0 0.0 0.0 0.0 0.0 0.0 0.0 0.0 0.0 0.0 0.0 0.0 0.0 0.0 0.0 0.0 0.0 0.0 0.0 0.0 0.0 0.0 0.0 0.0 0.0 0.0 0.0 08/06/2006
0.0 0.0 0.0 0.0 0.0 0.0 0.0 0.0 0.0 0.0 0.0 0.0 0.0 0.0 0.0 0.0 0.0 0.0 0.0 0.0 0.0 0.0 0.0 0.0 0.0 0.0 0.0 0.0 09/06/2006
0.0 0.0 0.0 0.0 0.0 0.0 0.0 0.0 0.0 0.0 0.0 0.0 0.0 0.0 0.0 0.0 0.0 0.0 0.0 0.0 0.0 0.0 0.0 0.0 0.0 0.0 0.0 0.0 10/06/2006
0.0 0.0 0.0 0.0 0.0 0.0 0.0 0.0 0.0 0.0 0.0 0.0 0.0 0.0 0.0 0.0 0.0 0.0 0.0 0.0 0.0 0.0 0.0 0.0 0.0 0.0 0.0 0.0 11/06/2006
0.0 0.0 0.0 0.0 0.0 0.0 0.0 0.0 0.0 0.0 0.0 0.0 0.0 0.0 0.0 0.0 0.0 0.0 0.0 0.0 0.0 0.0 0.0 0.0 0.0 0.0 0.0 0.0 12/06/2006
35.1 22.0 22.1 22.0 22.0 22.1 0.0 0.0 0.0 0.0 0.0 0.0 35.6 35.6 22.3 22.3 22.3 22.3 0.0 0.0 0.0 0.0 0.0 38.0 35.4 35.4 35.7 35.8 13/06/2006
18.0 13.5 13.6 13.5 13.5 13.6 0.1 0.1 0.1 0.1 8.6 8.6 18.2 18.2 13.7 13.7 13.7 13.7 0.1 0.1 0.1 8.4 8.4 11.3 18.1 18.1 18.2 18.3 14/06/2006
0.1 0.1 0.1 0.1 0.1 0.1 0.0 0.0 0.0 0.0 0.5 0.5 0.1 0.1 0.1 0.1 0.1 0.1 0.0 0.0 0.0 0.5 0.5 0.0 0.1 0.1 0.1 0.1 15/06/2006
0.0 0.0 0.0 0.0 0.0 0.0 0.2 0.2 0.2 0.2 0.0 0.0 0.0 0.0 0.0 0.0 0.0 0.0 0.2 0.2 0.2 0.0 0.0 0.0 0.0 0.0 0.0 0.0 16/06/2006
0.0 0.0 0.0 0.0 0.0 0.0 0.0 0.0 0.0 0.0 0.0 0.0 0.0 0.0 0.0 0.0 0.0 0.0 0.0 0.0 0.0 0.0 0.0 0.0 0.0 0.0 0.0 0.0 17/06/2006
0.5 0.7 0.7 0.7 0.7 0.7 0.0 0.0 0.0 0.0 1.9 2.0 0.5 0.5 0.7 0.7 0.7 0.7 0.0 0.0 0.0 1.6 1.5 0.7 0.5 0.5 0.5 0.5 18/06/2006
0.0 0.0 0.0 0.0 0.0 0.0 0.0 0.0 0.0 0.0 0.9 0.9 0.0 0.0 0.0 0.0 0.0 0.0 0.0 0.0 0.0 0.9 0.8 0.0 0.0 0.0 0.0 0.0 19/06/2006
0.0 0.0 0.0 0.0 0.0 0.0 0.0 0.0 0.0 0.0 0.0 0.0 0.0 0.0 0.0 0.0 0.0 0.0 0.0 0.0 0.0 0.0 0.0 0.0 0.0 0.0 0.0 0.0 20/06/2006
2.5 2.6 2.6 2.6 2.6 2.7 0.8 0.9 0.9 0.9 1.6 1.6 2.5 2.5 2.7 2.7 2.7 2.7 0.8 0.8 0.9 1.5 1.5 3.5 2.5 2.5 2.5 2.5 21/06/2006
0.0 0.2 0.2 0.2 0.2 0.2 0.0 0.0 0.0 0.0 0.0 0.0 0.0 0.0 0.2 0.2 0.2 0.2 0.0 0.0 0.0 0.0 0.0 0.0 0.0 0.0 0.0 0.0 22/06/2006
0.0 0.1 0.1 0.1 0.1 0.1 0.0 0.0 0.0 0.0 0.0 0.0 0.0 0.0 0.1 0.1 0.1 0.1 0.0 0.0 0.0 0.0 0.0 0.0 0.0 0.0 0.0 0.0 23/06/2006
5.4 2.8 2.8 2.8 2.8 2.8 0.2 0.2 0.2 0.2 0.0 0.0 5.4 5.4 2.8 2.8 2.8 2.8 0.2 0.2 0.2 0.0 0.0 3.3 5.4 5.4 5.4 5.5 24/06/2006
14.4 14.0 14.1 14.0 14.1 14.1 1.0 1.0 1.0 1.0 0.5 0.5 14.6 14.6 14.3 14.2 14.2 14.3 1.0 1.0 1.0 0.5 0.5 22.8 14.5 14.5 14.7 14.7 25/06/2006
2.2 1.1 1.1 1.1 1.1 1.1 0.7 0.7 0.7 0.7 1.8 1.8 2.2 2.2 1.1 1.1 1.1 1.1 0.7 0.7 0.7 1.7 1.7 2.0 2.2 2.2 2.2 2.2 26/06/2006
0.9 0.7 0.7 0.7 0.7 0.7 0.2 0.2 0.2 0.2 1.3 1.3 0.9 0.9 0.7 0.7 0.7 0.7 0.1 0.2 0.2 1.3 1.3 0.0 0.9 0.9 0.9 0.9 27/06/2006
0.0 0.0 0.0 0.0 0.0 0.0 0.0 0.0 0.0 0.0 0.0 0.0 0.0 0.0 0.0 0.0 0.0 0.0 0.0 0.0 0.0 0.0 0.0 0.0 0.0 0.0 0.0 0.0 28/06/2006
0.0 0.0 0.0 0.0 0.0 0.0 0.0 0.0 0.0 0.0 0.0 0.0 0.0 0.0 0.0 0.0 0.0 0.0 0.0 0.0 0.0 0.0 0.0 0.0 0.0 0.0 0.0 0.0 29/06/2006
0.0 0.0 0.0 0.0 0.0 0.0 0.0 0.0 0.0 0.0 0.0 0.0 0.0 0.0 0.0 0.0 0.0 0.0 0.0 0.0 0.0 0.0 0.0 0.0 0.0 0.0 0.0 0.0 30/06/2006
0.0 0.0 0.0 0.0 0.0 0.0 0.0 0.0 0.0 0.0 0.0 0.0 0.0 0.0 0.0 0.0 0.0 0.0 0.0 0.0 0.0 0.0 0.0 0.0 0.0 0.0 0.0 0.0 01/07/2006
0.0 0.0 0.0 0.0 0.0 0.0 0.0 0.0 0.0 0.0 0.0 0.0 0.0 0.0 0.0 0.0 0.0 0.0 0.0 0.0 0.0 0.0 0.0 0.0 0.0 0.0 0.0 0.0 02/07/2006
0.0 0.0 0.0 0.0 0.0 0.0 0.0 0.0 0.0 0.0 0.0 0.0 0.0 0.0 0.0 0.0 0.0 0.0 0.0 0.0 0.0 0.0 0.0 0.0 0.0 0.0 0.0 0.0 03/07/2006
10.8 2.2 2.2 2.2 2.2 2.2 16.3 16.5 16.7 16.8 12.7 12.7 10.9 10.9 2.2 2.2 2.2 2.2 16.0 16.3 16.4 12.4 12.3 19.1 10.8 10.8 10.9 11.0 04/07/2006
0.9 0.8 0.8 0.8 0.8 0.8 5.2 5.2 5.3 5.3 3.1 3.1 0.9 0.9 0.9 0.9 0.9 0.9 5.1 5.2 5.2 3.1 3.0 0.3 0.9 0.9 0.9 0.9 05/07/2006
1.0 0.1 0.1 0.1 0.1 0.1 2.9 3.0 3.0 3.0 2.1 2.1 1.0 1.0 0.1 0.1 0.1 0.1 2.9 3.0 3.0 2.1 2.0 0.8 1.0 1.0 1.0 1.0 06/07/2006
1.3 1.8 1.8 1.8 1.8 1.8 6.2 6.3 6.4 6.4 2.7 2.7 1.3 1.3 1.8 1.8 1.8 1.8 6.1 6.2 6.3 2.6 2.6 1.3 1.3 1.3 1.3 1.3 07/07/2006
0.7 1.0 1.0 1.0 1.0 1.0 1.5 1.5 1.5 1.5 0.2 0.2 0.7 0.7 1.0 1.0 1.0 1.0 1.4 1.5 1.5 0.2 0.2 0.2 0.7 0.7 0.7 0.7 08/07/2006
0.3 0.5 0.5 0.5 0.5 0.5 0.0 0.0 0.0 0.0 0.3 0.3 0.3 0.3 0.5 0.5 0.5 0.5 0.0 0.0 0.0 0.3 0.3 0.4 0.3 0.3 0.3 0.3 09/07/2006
0.7 0.7 0.7 0.7 0.7 0.7 0.0 0.0 0.0 0.0 0.0 0.0 0.7 0.7 0.7 0.7 0.7 0.7 0.0 0.0 0.0 0.0 0.0 0.6 0.7 0.7 0.7 0.7 10/07/2006
0.0 0.1 0.1 0.1 0.1 0.1 0.0 0.0 0.0 0.0 0.0 0.0 0.0 0.0 0.1 0.1 0.1 0.1 0.0 0.0 0.0 0.0 0.0 0.0 0.0 0.0 0.0 0.0 11/07/2006
0.0 0.1 0.1 0.1 0.1 0.1 0.0 0.0 0.0 0.0 0.0 0.0 0.0 0.0 0.1 0.1 0.1 0.1 0.0 0.0 0.0 0.0 0.0 0.0 0.0 0.0 0.0 0.0 12/07/2006
0.0 0.0 0.0 0.0 0.0 0.0 0.0 0.0 0.0 0.0 0.0 0.0 0.0 0.0 0.0 0.0 0.0 0.0 0.0 0.0 0.0 0.0 0.0 0.0 0.0 0.0 0.0 0.0 13/07/2006
0.0 0.0 0.0 0.0 0.0 0.0 0.0 0.0 0.0 0.0 0.0 0.0 0.0 0.0 0.0 0.0 0.0 0.0 0.0 0.0 0.0 0.0 0.0 0.0 0.0 0.0 0.0 0.0 14/07/2006
0.0 0.0 0.0 0.0 0.0 0.0 0.0 0.0 0.0 0.0 0.0 0.0 0.0 0.0 0.0 0.0 0.0 0.0 0.0 0.0 0.0 0.0 0.0 0.0 0.0 0.0 0.0 0.0 15/07/2006
0.0 0.0 0.0 0.0 0.0 0.0 0.0 0.0 0.0 0.0 0.0 0.0 0.0 0.0 0.0 0.0 0.0 0.0 0.0 0.0 0.0 0.0 0.0 0.0 0.0 0.0 0.0 0.0 16/07/2006
0.0 0.0 0.0 0.0 0.0 0.0 0.0 0.0 0.0 0.0 0.0 0.0 0.0 0.0 0.0 0.0 0.0 0.0 0.0 0.0 0.0 0.0 0.0 0.0 0.0 0.0 0.0 0.0 17/07/2006
0.0 0.0 0.0 0.0 0.0 0.0 0.0 0.0 0.0 0.0 0.0 0.0 0.0 0.0 0.0 0.0 0.0 0.0 0.0 0.0 0.0 0.0 0.0 0.0 0.0 0.0 0.0 0.0 18/07/2006
17.1 11.4 11.5 11.4 11.5 11.5 1.3 1.3 1.3 1.3 0.2 0.2 17.4 17.4 11.6 11.6 11.6 11.6 1.2 1.3 1.3 0.2 0.2 3.3 17.3 17.3 17.4 17.5 19/07/2006
0.3 0.1 0.1 0.1 0.1 0.1 2.0 2.0 2.0 2.0 0.0 0.0 0.3 0.3 0.1 0.1 0.1 0.1 1.9 2.0 2.0 0.0 0.0 0.0 0.3 0.3 0.3 0.3 20/07/2006
0.6 7.3 7.4 7.3 7.3 7.4 6.2 6.3 6.4 6.4 2.0 2.0 0.6 0.6 7.4 7.4 7.4 7.4 6.1 6.2 6.3 2.0 1.9 0.5 0.6 0.6 0.6 0.6 21/07/2006
0.6 0.8 0.8 0.8 0.8 0.8 11.3 11.5 11.6 11.7 18.8 18.8 0.6 0.6 0.8 0.8 0.8 0.8 11.2 11.4 11.4 18.4 18.2 1.3 0.6 0.6 0.6 0.6 22/07/2006
0.0 0.0 0.0 0.0 0.0 0.0 0.0 0.0 0.0 0.0 0.0 0.0 0.0 0.0 0.0 0.0 0.0 0.0 0.0 0.0 0.0 0.0 0.0 0.0 0.0 0.0 0.0 0.0 23/07/2006
0.0 0.1 0.1 0.1 0.1 0.1 0.0 0.0 0.0 0.0 0.0 0.0 0.0 0.0 0.1 0.1 0.1 0.1 0.0 0.0 0.0 0.0 0.0 0.0 0.0 0.0 0.0 0.0 24/07/2006
3.8 0.8 0.8 0.8 0.8 0.9 0.0 0.0 0.0 0.0 0.0 0.0 3.9 3.9 0.9 0.9 0.9 0.9 0.0 0.0 0.0 0.0 0.0 1.2 3.8 3.8 3.9 3.9 25/07/2006
9.4 18.1 18.2 18.1 18.1 18.2 0.6 0.6 0.6 0.6 0.0 0.0 9.5 9.5 18.4 18.3 18.3 18.4 0.6 0.6 0.6 0.0 0.0 5.2 9.4 9.4 9.5 9.5 26/07/2006
2.0 0.1 0.1 0.1 0.1 0.1 0.4 0.4 0.4 0.4 0.0 0.0 2.0 2.0 0.2 0.2 0.2 0.2 0.4 0.4 0.4 0.0 0.0 0.0 2.0 2.0 2.0 2.0 27/07/2006
0.0 0.1 0.1 0.1 0.1 0.1 1.3 1.3 1.3 1.3 0.1 0.1 0.0 0.0 0.1 0.1 0.1 0.1 1.3 1.3 1.3 0.1 0.1 0.0 0.0 0.0 0.0 0.0 28/07/2006
4.3 0.5 0.5 0.5 0.5 0.5 0.0 0.0 0.0 0.0 0.0 0.0 4.4 4.4 0.5 0.5 0.5 0.5 0.0 0.0 0.0 0.0 0.0 5.1 4.3 4.3 4.4 4.4 29/07/2006
0.0 1.4 1.5 1.4 1.4 1.5 10.3 10.4 10.6 10.7 14.9 15.0 0.0 0.0 1.5 1.5 1.5 1.5 10.1 10.3 10.4 14.6 14.5 0.9 0.0 0.0 0.0 0.0 30/07/2006
2.9 1.7 1.7 1.7 1.7 1.7 1.6 1.6 1.6 1.7 1.3 1.3 2.9 2.9 1.7 1.7 1.7 1.7 1.6 1.6 1.6 1.3 1.3 0.5 2.9 2.9 2.9 3.0 31/07/2006
