# 460 461 462 463 464 465 489 490 491 492 493 494 518 519 520 521 522 523 547 548 549 550 551 575 576 577 578 579 Date
0.0 0.0 0.0 0.0 0.0 0.0 0.0 0.0 0.0 0.0 0.5 0.5 0.0 0.0 0.0 0.0 0.0 0.0 0.0 0.0 0.0 0.5 0.5 0.0 0.0 0.0 0.0 0.0 01/08/1961
0.0 0.0 0.0 0.0 0.0 0.0 1.2 1.2 1.2 1.2 1.4 1.4 0.0 0.0 0.0 0.0 0.0 0.0 1.1 1.2 1.2 1.4 1.4 0.0 0.0 0.0 0.0 0.0 02/08/1961
0.0 0.0 0.0 0.0 0.0 0.0 0.1 0.1 0.1 0.1 0.0 0.0 0.0 0.0 0.0 0.0 0.0 0.0 0.1 0.1 0.1 0.0 0.0 0.0 0.0 0.0 0.0 0.0 03/08/1961
0.0 0.0 0.0 0.0 0.0 0.0 0.0 0.0 0.0 0.0 0.0 0.0 0.0 0.0 0.0 0.0 0.0 0.0 0.0 0.0 0.0 0.0 0.0 0.0 0.0 0.0 0.0 0.0 04/08/1961
0.0 0.0 0.0 0.0 0.0 0.0 0.0 0.0 0.0 0.0 0.0 0.0 0.0 0.0 0.0 0.0 0.0 0.0 0.0 0.0 0.0 0.0 0.0 0.0 0.0 0.0 0.0 0.0 05/08/1961
0.0 0.0 0.0 0.0 0.0 0.0 1.0 1.1 1.1 1.1 1.1 1.1 0.0 0.0 0.0 0.0 0.0 0.0 1.0 1.1 1.1 1.1 1.1 0.0 0.0 0.0 0.0 0.0 06/08/1961
0.0 0.0 0.0 0.0 0.0 0.0 0.0 0.0 0.0 0.0 0.0 0.0 0.0 0.0 0.0 0.0 0.0 0.0 0.0 0.0 0.0 0.0 0.0 0.0 0.0 0.0 0.0 0.0 07/08/1961
0.2 0.0 0.0 0.0 0.0 0.0 0.0 0.0 0.0 0.0 0.0 0.0 0.2 0.2 0.0 0.0 0.0 0.0 0.0 0.0 0.0 0.0 0.0 0.0 0.2 0.2 0.2 0.2 08/08/1961
0.0 0.0 0.0 0.0 0.0 0.0 0.0 0.0 0.0 0.0 0.0 0.0 0.0 0.0 0.0 0.0 0.0 0.0 0.0 0.0 0.0 0.0 0.0 0.0 0.0 0.0 0.0 0.0 09/08/1961
1.5 0.1 0.1 0.1 0.1 0.1 0.0 0.0 0.0 0.0 0.0 0.0 1.5 1.5 0.1 0.1 0.1 0.1 0.0 0.0 0.0 0.0 0.0 0.0 1.5 1.5 1.5 1.5 10/08/1961
9.2 1.7 1.7 1.7 1.7 1.7 0.0 0.0 0.0 0.0 0.0 0.0 9.3 9.3 1.7 1.7 1.7 1.7 0.0 0.0 0.0 0.0 0.0 0.0 9.2 9.2 9.3 9.3 11/08/1961
0.7 0.1 0.1 0.1 0.1 0.1 0.3 0.3 0.3 0.3 0.0 0.0 0.7 0.7 0.1 0.1 0.1 0.1 0.3 0.3 0.3 0.0 0.0 0.0 0.7 0.7 0.7 0.8 12/08/1961
0.0 0.7 0.7 0.7 0.7 0.7 0.9 1.0 1.0 1.0 2.1 2.1 0.0 0.0 0.7 0.7 0.7 0.7 0.9 1.0 1.0 2.0 2.0 0.0 0.0 0.0 0.0 0.0 13/08/1961
0.0 0.4 0.4 0.4 0.4 0.4 0.7 0.7 0.7 0.7 1.2 1.2 0.0 0.0 0.4 0.4 0.4 0.4 0.7 0.7 0.7 1.1 1.1 0.0 0.0 0.0 0.0 0.0 14/08/1961
0.6 0.6 0.6 0.6 0.6 0.6 4.3 4.3 4.4 4.4 5.6 5.7 0.6 0.6 0.6 0.6 0.6 0.6 4.2 4.3 4.3 5.5 5.5 2.5 0.6 0.6 0.6 0.6 15/08/1961
0.0 0.1 0.1 0.1 0.1 0.1 4.1 4.1 4.2 4.2 2.4 2.4 0.0 0.0 0.1 0.1 0.1 0.1 4.0 4.1 4.1 2.4 2.4 0.0 0.0 0.0 0.0 0.0 16/08/1961
0.0 0.0 0.0 0.0 0.0 0.0 0.9 1.0 1.0 1.0 0.2 0.2 0.0 0.0 0.0 0.0 0.0 0.0 0.9 1.0 1.0 0.2 0.2 0.0 0.0 0.0 0.0 0.0 17/08/1961
4.9 1.6 1.6 1.6 1.6 1.6 2.4 2.4 2.4 2.4 0.1 0.1 5.0 5.0 1.7 1.7 1.7 1.7 2.3 2.4 2.4 0.1 0.1 1.5 5.0 5.0 5.0 5.0 18/08/1961
4.7 3.2 3.3 3.3 3.3 3.3 5.9 6.0 6.1 6.1 10.6 10.6 4.8 4.8 3.3 3.3 3.3 3.3 5.8 5.9 6.0 10.3 10.3 1.8 4.8 4.8 4.8 4.8 19/08/1961
0.0 0.3 0.3 0.3 0.3 0.3 1.5 1.5 1.5 1.5 0.0 0.0 0.0 0.0 0.3 0.3 0.3 0.3 1.5 1.5 1.5 0.0 0.0 0.0 0.0 0.0 0.0 0.0 20/08/1961
3.1 2.0 2.0 2.0 2.0 2.0 3.6 3.6 3.6 3.7 8.3 8.3 3.2 3.2 2.0 2.0 2.0 2.0 3.5 3.6 3.6 8.1 8.0 1.8 3.1 3.1 3.2 3.2 21/08/1961
0.0 0.5 0.5 0.5 0.5 0.5 2.8 2.8 2.9 2.9 4.5 4.5 0.0 0.0 0.5 0.5 0.5 0.5 2.8 2.8 2.8 4.4 4.4 0.0 0.0 0.0 0.0 0.0 22/08/1961
0.1 0.6 0.6 0.6 0.6 0.6 0.0 0.0 0.0 0.0 0.0 0.0 0.1 0.1 0.6 0.6 0.6 0.6 0.0 0.0 0.0 0.0 0.0 0.4 0.1 0.1 0.1 0.1 23/08/1961
0.0 0.0 0.0 0.0 0.0 0.0 0.0 0.0 0.0 0.0 0.0 0.0 0.0 0.0 0.0 0.0 0.0 0.0 0.0 0.0 0.0 0.0 0.0 0.0 0.0 0.0 0.0 0.0 24/08/1961
0.0 0.0 0.0 0.0 0.0 0.0 0.0 0.0 0.0 0.0 0.0 0.0 0.0 0.0 0.0 0.0 0.0 0.0 0.0 0.0 0.0 0.0 0.0 0.0 0.0 0.0 0.0 0.0 25/08/1961
0.0 0.0 0.0 0.0 0.0 0.0 0.0 0.0 0.0 0.0 0.0 0.0 0.0 0.0 0.0 0.0 0.0 0.0 0.0 0.0 0.0 0.0 0.0 0.0 0.0 0.0 0.0 0.0 26/08/1961
0.0 0.0 0.0 0.0 0.0 0.0 0.0 0.0 0.0 0.0 0.0 0.0 0.0 0.0 0.0 0.0 0.0 0.0 0.0 0.0 0.0 0.0 0.0 0.0 0.0 0.0 0.0 0.0 27/08/1961
0.0 0.0 0.0 0.0 0.0 0.0 0.0 0.0 0.0 0.0 0.0 0.0 0.0 0.0 0.0 0.0 0.0 0.0 0.0 0.0 0.0 0.0 0.0 0.0 0.0 0.0 0.0 0.0 28/08/1961
0.0 0.0 0.0 0.0 0.0 0.0 0.0 0.0 0.0 0.0 0.0 0.0 0.0 0.0 0.0 0.0 0.0 0.0 0.0 0.0 0.0 0.0 0.0 0.0 0.0 0.0 0.0 0.0 29/08/1961
0.0 0.0 0.0 0.0 0.0 0.0 0.0 0.0 0.0 0.0 0.0 0.0 0.0 0.0 0.0 0.0 0.0 0.0 0.0 0.0 0.0 0.0 0.0 0.0 0.0 0.0 0.0 0.0 30/08/1961
0.0 0.0 0.0 0.0 0.0 0.0 0.0 0.0 0.0 0.0 0.0 0.0 0.0 0.0 0.0 0.0 0.0 0.0 0.0 0.0 0.0 0.0 0.0 0.0 0.0 0.0 0.0 0.0 31/08/1961
0.0 0.0 0.0 0.0 0.0 0.0 0.0 0.0 0.0 0.0 0.0 0.0 0.0 0.0 0.0 0.0 0.0 0.0 0.0 0.0 0.0 0.0 0.0 0.0 0.0 0.0 0.0 0.0 01/09/1961
0.0 0.0 0.0 0.0 0.0 0.0 0.0 0.0 0.0 0.0 0.0 0.0 0.0 0.0 0.0 0.0 0.0 0.0 0.0 0.0 0.0 0.0 0.0 0.0 0.0 0.0 0.0 0.0 02/09/1961
0.8 0.0 0.0 0.0 0.0 0.0 3.6 3.6 3.6 3.7 5.5 5.5 0.8 0.8 0.0 0.0 0.0 0.0 3.5 3.6 3.6 5.4 5.3 1.5 0.8 0.8 0.8 0.8 03/09/1961
4.0 0.5 0.5 0.5 0.5 0.5 17.7 17.9 18.0 18.2 15.1 15.1 4.0 4.0 0.5 0.5 0.5 0.5 17.4 17.7 17.8 14.7 14.6 0.8 4.0 4.0 4.0 4.1 04/09/1961
12.1 4.1 4.1 4.1 4.1 4.1 6.1 6.2 6.2 6.3 7.2 7.2 12.2 12.2 4.2 4.2 4.1 4.2 6.0 6.1 6.1 7.0 7.0 11.4 12.2 12.2 12.3 12.3 05/09/1961
8.9 8.5 8.5 8.5 8.5 8.5 6.4 6.5 6.5 6.6 6.6 6.7 9.0 9.0 8.6 8.6 8.6 8.6 6.3 6.4 6.4 6.5 6.5 6.1 9.0 9.0 9.1 9.1 06/09/1961
0.0 0.1 0.1 0.1 0.1 0.1 2.3 2.3 2.3 2.4 0.9 0.9 0.0 0.0 0.1 0.1 0.1 0.1 2.3 2.3 2.3 0.9 0.9 0.0 0.0 0.0 0.0 0.0 07/09/1961
0.0 0.0 0.0 0.0 0.0 0.0 0.0 0.0 0.0 0.0 0.0 0.0 0.0 0.0 0.0 0.0 0.0 0.0 0.0 0.0 0.0 0.0 0.0 0.0 0.0 0.0 0.0 0.0 08/09/1961
0.0 0.0 0.0 0.0 0.0 0.0 0.0 0.0 0.0 0.0 0.0 0.0 0.0 0.0 0.0 0.0 0.0 0.0 0.0 0.0 0.0 0.0 0.0 0.0 0.0 0.0 0.0 0.0 09/09/1961
0.1 0.0 0.0 0.0 0.0 0.0 0.0 0.0 0.0 0.0 0.0 0.0 0.1 0.1 0.0 0.0 0.0 0.0 0.0 0.0 0.0 0.0 0.0 0.0 0.1 0.1 0.1 0.1 10/09/1961
0.0 0.0 0.0 0.0 0.0 0.0 1.1 1.1 1.1 1.1 0.0 0.0 0.0 0.0 0.0 0.0 0.0 0.0 1.1 1.1 1.1 0.0 0.0 0.0 0.0 0.0 0.0 0.0 11/09/1961
0.0 0.0 0.0 0.0 0.0 0.0 2.9 2.9 3.0 3.0 0.0 0.0 0.0 0.0 0.0 0.0 0.0 0.0 2.9 2.9 2.9 0.0 0.0 0.0 0.0 0.0 0.0 0.0 12/09/1961
13.9 10.4 10.5 10.4 10.4 10.5 8.2 8.3 8.4 8.5 10.5 10.5 14.1 14.1 10.6 10.5 10.5 10.6 8.1 8.2 8.3 10.3 10.2 5.6 14.0 14.0 14.1 14.1 13/09/1961
0.4 0.5 0.5 0.5 0.5 0.5 10.1 10.2 10.3 10.4 12.4 12.5 0.4 0.4 0.5 0.5 0.5 0.5 9.9 10.1 10.1 12.2 12.1 2.6 0.4 0.4 0.4 0.4 14/09/1961
0.0 0.0 0.0 0.0 0.0 0.0 0.0 0.0 0.0 0.0 0.0 0.0 0.0 0.0 0.0 0.0 0.0 0.0 0.0 0.0 0.0 0.0 0.0 0.0 0.0 0.0 0.0 0.0 15/09/1961
0.0 0.0 0.0 0.0 0.0 0.0 0.0 0.0 0.0 0.0 0.0 0.0 0.0 0.0 0.0 0.0 0.0 0.0 0.0 0.0 0.0 0.0 0.0 0.0 0.0 0.0 0.0 0.0 16/09/1961
0.0 0.0 0.0 0.0 0.0 0.0 0.0 0.0 0.0 0.0 0.0 0.0 0.0 0.0 0.0 0.0 0.0 0.0 0.0 0.0 0.0 0.0 0.0 0.0 0.0 0.0 0.0 0.0 17/09/1961
0.0 0.0 0.0 0.0 0.0 0.0 0.0 0.0 0.0 0.0 0.0 0.0 0.0 0.0 0.0 0.0 0.0 0.0 0.0 0.0 0.0 0.0 0.0 0.0 0.0 0.0 0.0 0.0 18/09/1961
0.9 0.3 0.3 0.3 0.3 0.3 0.0 0.0 0.0 0.0 0.0 0.0 0.9 0.9 0.3 0.3 0.3 0.3 0.0 0.0 0.0 0.0 0.0 8.3 0.9 0.9 0.9 0.9 19/09/1961
1.9 3.9 3.9 3.9 3.9 3.9 0.0 0.0 0.0 0.0 0.0 0.0 1.9 1.9 4.0 4.0 4.0 4.0 0.0 0.0 0.0 0.0 0.0 3.6 1.9 1.9 1.9 1.9 20/09/1961
0.0 0.0 0.0 0.0 0.0 0.0 0.0 0.0 0.0 0.0 0.0 0.0 0.0 0.0 0.0 0.0 0.0 0.0 0.0 0.0 0.0 0.0 0.0 0.0 0.0 0.0 0.0 0.0 21/09/1961
0.0 0.0 0.0 0.0 0.0 0.0 0.0 0.0 0.0 0.0 0.0 0.0 0.0 0.0 0.0 0.0 0.0 0.0 0.0 0.0 0.0 0.0 0.0 0.0 0.0 0.0 0.0 0.0 22/09/1961
12.4 3.0 3.0 3.0 3.0 3.0 0.0 0.0 0.0 0.0 0.0 0.0 12.6 12.6 3.0 3.0 3.0 3.0 0.0 0.0 0.0 0.0 0.0 10.1 12.5 12.5 12.6 12.7 23/09/1961
0.0 0.0 0.0 0.0 0.0 0.0 0.3 0.3 0.3 0.3 0.2 0.2 0.0 0.0 0.0 0.0 0.0 0.0 0.3 0.3 0.3 0.2 0.2 0.0 0.0 0.0 0.0 0.0 24/09/1961
0.0 0.0 0.0 0.0 0.0 0.0 0.0 0.0 0.0 0.0 0.0 0.0 0.0 0.0 0.0 0.0 0.0 0.0 0.0 0.0 0.0 0.0 0.0 0.0 0.0 0.0 0.0 0.0 25/09/1961
0.5 0.6 0.6 0.6 0.6 0.6 0.2 0.2 0.2 0.2 0.9 0.9 0.5 0.5 0.6 0.6 0.6 0.6 0.2 0.2 0.2 0.9 0.9 2.1 0.5 0.5 0.5 0.5 26/09/1961
3.1 2.9 3.0 2.9 2.9 3.0 1.4 1.4 1.5 1.5 2.2 2.2 3.2 3.2 3.0 3.0 3.0 3.0 1.4 1.4 1.4 2.1 2.1 1.6 3.1 3.1 3.2 3.2 27/09/1961
4.8 5.3 5.4 5.3 5.3 5.4 2.2 2.3 2.3 2.3 0.2 0.2 4.9 4.9 5.4 5.4 5.4 5.4 2.2 2.2 2.3 0.2 0.2 9.2 4.9 4.9 4.9 4.9 28/09/1961
5.6 9.4 9.5 9.4 9.4 9.5 1.7 1.8 1.8 1.8 7.0 7.0 5.7 5.7 9.5 9.5 9.5 9.5 1.7 1.7 1.8 6.8 6.8 1.9 5.7 5.7 5.7 5.7 29/09/1961
1.8 4.3 4.3 4.3 4.3 4.3 5.7 5.8 5.9 5.9 4.9 4.9 1.8 1.8 4.3 4.3 4.3 4.3 5.6 5.7 5.8 4.7 4.7 1.4 1.8 1.8 1.8 1.8 30/09/1961
0.0 0.0 0.0 0.0 0.0 0.0 0.2 0.2 0.2 0.2 0.0 0.0 0.0 0.0 0.0 0.0 0.0 0.0 0.2 0.2 0.2 0.0 0.0 0.0 0.0 0.0 0.0 0.0 01/10/1961
0.0 0.0 0.0 0.0 0.0 0.0 0.9 0.9 0.9 0.9 0.0 0.0 0.0 0.0 0.0 0.0 0.0 0.0 0.9 0.9 0.9 0.0 0.0 0.0 0.0 0.0 0.0 0.0 02/10/1961
0.0 0.0 0.0 0.0 0.0 0.0 0.0 0.0 0.0 0.0 0.0 0.0 0.0 0.0 0.0 0.0 0.0 0.0 0.0 0.0 0.0 0.0 0.0 0.0 0.0 0.0 0.0 0.0 03/10/1961
6.1 5.2 5.3 5.2 5.2 5.3 4.1 4.1 4.2 4.2 2.3 2.3 6.2 6.2 5.3 5.3 5.3 5.3 4.0 4.1 4.1 2.3 2.3 5.9 6.1 6.1 6.2 6.2 04/10/1961
10.4 3.6 3.6 3.6 3.6 3.6 0.0 0.0 0.0 0.0 0.0 0.0 10.5 10.5 3.7 3.7 3.7 3.7 0.0 0.0 0.0 0.0 0.0 4.1 10.4 10.4 10.5 10.6 05/10/1961
3.7 0.9 0.9 0.9 0.9 0.9 0.9 0.9 0.9 0.9 3.0 3.0 3.7 3.7 0.9 0.9 0.9 0.9 0.9 0.9 0.9 2.9 2.9 2.2 3.7 3.7 3.7 3.8 06/10/1961
24.7 3.4 3.4 3.4 3.4 3.4 1.5 1.5 1.6 1.6 0.4 0.4 25.1 25.1 3.4 3.4 3.4 3.4 1.5 1.5 1.5 0.4 0.4 17.9 24.9 24.9 25.1 25.2 07/10/1961
1.0 0.1 0.1 0.1 0.1 0.1 1.3 1.3 1.4 1.4 1.0 1.0 1.0 1.0 0.1 0.1 0.1 0.1 1.3 1.3 1.3 0.9 0.9 2.4 1.0 1.0 1.0 1.0 08/10/1961
0.0 0.0 0.0 0.0 0.0 0.0 0.0 0.0 0.0 0.0 0.0 0.0 0.0 0.0 0.0 0.0 0.0 0.0 0.0 0.0 0.0 0.0 0.0 0.0 0.0 0.0 0.0 0.0 09/10/1961
0.0 0.0 0.0 0.0 0.0 0.0 0.0 0.0 0.0 0.0 0.0 0.0 0.0 0.0 0.0 0.0 0.0 0.0 0.0 0.0 0.0 0.0 0.0 0.0 0.0 0.0 0.0 0.0 10/10/1961
0.0 0.0 0.0 0.0 0.0 0.0 0.0 0.0 0.0 0.0 0.0 0.0 0.0 0.0 0.0 0.0 0.0 0.0 0.0 0.0 0.0 0.0 0.0 0.0 0.0 0.0 0.0 0.0 11/10/1961
0.0 0.0 0.0 0.0 0.0 0.0 0.0 0.0 0.0 0.0 0.0 0.0 0.0 0.0 0.0 0.0 0.0 0.0 0.0 0.0 0.0 0.0 0.0 0.0 0.0 0.0 0.0 0.0 12/10/1961
0.0 0.0 0.0 0.0 0.0 0.0 0.0 0.0 0.0 0.0 0.0 0.0 0.0 0.0 0.0 0.0 0.0 0.0 0.0 0.0 0.0 0.0 0.0 0.0 0.0 0.0 0.0 0.0 13/10/1961
0.0 0.0 0.0 0.0 0.0 0.0 0.0 0.0 0.0 0.0 0.0 0.0 0.0 0.0 0.0 0.0 0.0 0.0 0.0 0.0 0.0 0.0 0.0 0.0 0.0 0.0 0.0 0.0 14/10/1961
0.0 0.0 0.0 0.0 0.0 0.0 0.0 0.0 0.0 0.0 0.2 0.2 0.0 0.0 0.0 0.0 0.0 0.0 0.0 0.0 0.0 0.2 0.2 0.0 0.0 0.0 0.0 0.0 15/10/1961
1.1 0.1 0.1 0.1 0.1 0.1 0.1 0.1 0.1 0.1 1.9 1.9 1.1 1.1 0.1 0.1 0.1 0.1 0.1 0.1 0.1 1.9 1.9 0.3 1.1 1.1 1.1 1.1 16/10/1961
23.6 16.9 17.0 16.9 16.9 17.0 23.2 23.4 23.7 24.0 18.4 18.5 24.0 24.0 17.2 17.2 17.1 17.2 22.8 23.2 23.4 18.0 17.9 6.6 23.8 23.8 24.0 24.1 17/10/1961
0.0 5.5 5.5 5.5 5.5 5.5 35.3 35.7 36.2 36.5 19.7 19.8 0.0 0.0 5.6 5.6 5.6 5.6 34.8 35.4 35.6 19.3 19.1 0.1 0.0 0.0 0.0 0.0 18/10/1961
8.2 5.8 5.8 5.8 5.8 5.8 12.5 12.7 12.8 13.0 8.2 8.2 8.3 8.3 5.9 5.9 5.9 5.9 12.3 12.5 12.6 8.0 7.9 2.1 8.2 8.2 8.3 8.3 19/10/1961
5.1 0.9 0.9 0.9 0.9 0.9 0.8 0.9 0.9 0.9 0.7 0.7 5.2 5.2 0.9 0.9 0.9 0.9 0.8 0.9 0.9 0.7 0.7 4.9 5.1 5.1 5.2 5.2 20/10/1961
0.0 1.7 1.7 1.7 1.7 1.7 0.0 0.0 0.0 0.0 0.0 0.0 0.0 0.0 1.7 1.7 1.7 1.7 0.0 0.0 0.0 0.0 0.0 0.0 0.0 0.0 0.0 0.0 21/10/1961
9.1 9.0 9.1 9.0 9.1 9.1 4.0 4.0 4.1 4.1 5.4 5.5 9.2 9.2 9.2 9.2 9.2 9.2 3.9 4.0 4.0 5.3 5.3 2.1 9.1 9.1 9.2 9.2 22/10/1961
0.0 0.0 0.0 0.0 0.0 0.0 6.2 6.3 6.4 6.5 5.4 5.4 0.0 0.0 0.0 0.0 0.0 0.0 6.2 6.3 6.3 5.3 5.2 0.0 0.0 0.0 0.0 0.0 23/10/1961
42.5 31.7 31.9 31.7 31.7 31.9 20.8 21.0 21.3 21.5 19.5 19.5 43.1 43.1 32.2 32.1 32.1 32.2 20.5 20.8 21.0 19.1 18.9 22.2 42.8 42.8 43.1 43.3 24/10/1961
1.5 4.5 4.6 4.5 4.6 4.6 4.9 5.0 5.0 5.0 18.2 18.3 1.5 1.5 4.6 4.6 4.6 4.6 4.8 4.9 4.9 17.8 17.7 0.1 1.5 1.5 1.5 1.5 25/10/1961
5.3 11.5 11.6 11.5 11.5 11.6 10.2 10.4 10.5 10.6 4.8 4.8 5.4 5.4 11.7 11.7 11.6 11.7 10.1 10.3 10.3 4.7 4.7 2.4 5.3 5.3 5.4 5.4 26/10/1961
0.0 0.4 0.4 0.4 0.4 0.4 0.0 0.0 0.0 0.0 0.9 0.9 0.0 0.0 0.4 0.4 0.4 0.4 0.0 0.0 0.0 0.9 0.9 0.2 0.0 0.0 0.0 0.0 27/10/1961
0.0 0.0 0.0 0.0 0.0 0.0 1.3 1.3 1.3 1.3 0.7 0.7 0.0 0.0 0.0 0.0 0.0 0.0 1.2 1.3 1.3 0.7 0.7 0.0 0.0 0.0 0.0 0.0 28/10/1961
0.0 2.1 2.2 2.1 2.1 2.3 1.2 1.3 1.3 1.3 1.0 1.0 0.0 0.0 2.5 2.5 2.4 2.5 1.2 1.3 1.3 1.0 1.0 0.0 0.0 0.0 0.0 0.0 29/10/1961
0.0 0.0 0.0 0.0 0.0 0.0 0.9 0.9 0.9 0.9 0.6 0.6 0.0 0.0 0.0 0.0 0.0 0.0 0.9 0.9 0.9 0.6 0.6 0.0 0.0 0.0 0.0 0.0 30/10/1961
0.0 0.0 0.0 0.0 0.0 0.0 0.5 0.5 0.5 0.5 0.6 0.6 0.0 0.0 0.0 0.0 0.0 0.0 0.5 0.5 0.5 0.6 0.6 0.0 0.0 0.0 0.0 0.0 31/10/1961
0.0 0.0 0.0 0.0 0.0 0.0 2.7 2.8 2.8 2.8 0.2 0.2 0.0 0.0 0.0 0.0 0.0 0.0 2.7 2.7 2.7 0.2 0.2 0.0 0.0 0.0 0.0 0.0 01/11/1961
3.5 3.7 3.8 3.7 3.7 3.8 5.2 5.2 5.3 5.3 6.9 6.9 3.5 3.5 3.8 3.8 3.8 3.8 5.1 5.2 5.2 6.7 6.7 1.0 3.5 3.5 3.5 3.5 02/11/1961
0.5 1.9 1.9 1.9 1.9 1.9 3.6 3.6 3.7 3.7 2.9 2.9 0.5 0.5 1.9 1.9 1.9 1.9 3.5 3.6 3.6 2.8 2.8 0.6 0.5 0.5 0.5 0.5 03/11/1961
0.0 0.0 0.0 0.0 0.0 0.0 5.7 5.8 5.9 5.9 3.3 3.3 0.0 0.0 0.0 0.0 0.0 0.0 5.6 5.7 5.8 3.2 3.2 0.0 0.0 0.0 0.0 0.0 04/11/1961
4.8 2.8 2.8 2.8 2.8 2.8 0.1 0.1 0.1 0.0 0.0 0.0 4.9 4.9 2.9 2.9 2.9 2.9 0.1 0.1 0.1 0.0 0.0 5.3 4.9 4.9 4.9 4.9 05/11/1961
1.3 0.8 0.8 0.8 0.8 0.8 0.0 0.0 0.0 0.0 0.0 0.0 1.3 1.3 0.8 0.8 0.8 0.8 0.0 0.0 0.0 0.0 0.0 0.1 1.3 1.3 1.3 1.3 06/11/1961
7.6 7.1 7.2 7.1 7.1 7.2 1.2 1.2 1.2 1.2 3.9 3.9 7.7 7.7 7.2 7.2 7.2 7.2 1.1 1.2 1.2 3.8 3.7 6.6 7.7 7.7 7.7 7.8 07/11/1961
14.2 6.0 6.0 6.0 6.0 6.0 12.1 12.2 12.4 12.5 14.3 14.4 14.4 14.4 6.1 6.1 6.1 6.1 11.9 12.1 12.2 14.0 13.9 13.4 14.3 14.3 14.4 14.5 08/11/1961
8.2 4.3 4.3 4.3 4.3 4.3 3.9 4.0 4.0 4.1 8.4 8.4 8.3 8.3 4.3 4.3 4.3 4.3 3.9 3.9 3.9 8.2 8.1 7.7 8.2 8.2 8.3 8.3 09/11/1961
16.8 6.1 6.1 6.1 6.1 6.1 14.5 14.7 14.8 15.0 10.8 10.9 17.0 17.0 6.1 6.1 6.1 6.1 14.3 14.5 14.6 10.6 10.5 12.7 16.9 16.9 17.0 17.0 10/11/1961
1.9 0.0 0.0 0.0 0.0 0.0 0.0 0.0 0.0 0.0 0.0 0.0 1.9 1.9 0.0 0.0 0.0 0.0 0.0 0.0 0.0 0.0 0.0 3.5 1.9 1.9 1.9 1.9 11/11/1961
0.0 1.1 1.1 1.1 1.1 1.1 0.0 0.0 0.0 0.0 0.0 0.0 0.0 0.0 1.1 1.1 1.1 1.1 0.0 0.0 0.0 0.0 0.0 0.0 0.0 0.0 0.0 0.0 12/11/1961
1.4 1.6 1.6 1.6 1.6 1.6 1.1 1.1 1.1 1.1 2.2 2.2 1.4 1.4 1.8 1.7 1.7 1.8 1.1 1.1 1.1 2.1 2.1 2.1 1.4 1.4 1.4 1.4 13/11/1961
0.5 0.7 0.7 0.7 0.7 0.7 0.0 0.0 0.0 0.0 0.0 0.0 0.5 0.5 0.7 0.7 0.7 0.7 0.0 0.0 0.0 0.0 0.0 0.0 0.5 0.5 0.5 0.5 14/11/1961
0.0 0.0 0.0 0.0 0.0 0.0 0.0 0.0 0.0 0.0 0.0 0.0 0.0 0.0 0.0 0.0 0.0 0.0 0.0 0.0 0.0 0.0 0.0 0.0 0.0 0.0 0.0 0.0 15/11/1961
0.0 0.0 0.0 0.0 0.0 0.0 0.0 0.0 0.0 0.0 0.0 0.0 0.0 0.0 0.0 0.0 0.0 0.0 0.0 0.0 0.0 0.0 0.0 0.0 0.0 0.0 0.0 0.0 16/11/1961
0.0 0.0 0.0 0.0 0.0 0.0 0.0 0.0 0.0 0.0 0.0 0.0 0.0 0.0 0.0 0.0 0.0 0.0 0.0 0.0 0.0 0.0 0.0 0.0 0.0 0.0 0.0 0.0 17/11/1961
0.0 0.0 0.0 0.0 0.0 0.0 0.0 0.0 0.0 0.0 0.0 0.0 0.0 0.0 0.0 0.0 0.0 0.0 0.0 0.0 0.0 0.0 0.0 0.0 0.0 0.0 0.0 0.0 18/11/1961
0.0 0.0 0.0 0.0 0.0 0.0 0.0 0.0 0.0 0.0 0.0 0.0 0.0 0.0 0.0 0.0 0.0 0.0 0.0 0.0 0.0 0.0 0.0 0.0 0.0 0.0 0.0 0.0 19/11/1961
0.0 0.0 0.0 0.0 0.0 0.0 0.0 0.0 0.0 0.0 0.0 0.0 0.0 0.0 0.0 0.0 0.0 0.0 0.0 0.0 0.0 0.0 0.0 0.0 0.0 0.0 0.0 0.0 20/11/1961
0.0 0.0 0.0 0.0 0.0 0.0 0.1 0.0 0.0 0.0 0.0 0.0 0.0 0.0 0.0 0.0 0.0 0.0 0.1 0.1 0.1 0.0 0.0 0.0 0.0 0.0 0.0 0.0 21/11/1961
0.2 3.2 3.2 3.2 3.2 3.2 0.0 0.0 0.0 0.0 0.0 0.0 0.2 0.2 3.2 3.2 3.2 3.2 0.0 0.0 0.0 0.0 0.0 0.0 0.2 0.2 0.2 0.2 22/11/1961
0.1 1.1 1.1 1.1 1.1 1.1 3.5 3.5 3.6 3.6 5.2 5.2 0.1 0.1 1.1 1.1 1.1 1.1 3.4 3.5 3.5 5.1 5.0 0.0 0.1 0.1 0.1 0.1 23/11/1961
0.0 0.0 0.0 0.0 0.0 0.0 0.1 0.1 0.1 0.1 2.8 2.9 0.0 0.0 0.0 0.0 0.0 0.0 0.1 0.1 0.1 2.8 2.8 0.0 0.0 0.0 0.0 0.0 24/11/1961
0.0 0.0 0.0 0.0 0.0 0.0 0.0 0.0 0.0 0.0 0.7 0.7 0.0 0.0 0.0 0.0 0.0 0.0 0.0 0.0 0.0 0.7 0.7 0.0 0.0 0.0 0.0 0.0 25/11/1961
27.6 24.0 24.2 24.0 24.1 24.2 18.2 18.4 18.6 18.8 15.0 15.1 28.0 28.0 24.4 24.4 24.4 24.4 17.9 18.2 18.4 14.7 14.6 48.9 27.8 27.8 28.0 28.1 26/11/1961
7.4 2.7 2.7 2.7 2.7 2.7 0.6 0.6 0.6 0.6 2.8 2.8 7.5 7.5 2.7 2.7 2.7 2.7 0.5 0.6 0.6 2.8 2.7 9.3 7.4 7.4 7.5 7.5 27/11/1961
0.0 0.0 0.0 0.0 0.0 0.0 0.6 0.6 0.6 0.6 0.0 0.0 0.0 0.0 0.0 0.0 0.0 0.0 0.6 0.6 0.6 0.0 0.0 0.0 0.0 0.0 0.0 0.0 28/11/1961
0.5 0.0 0.0 0.0 0.0 0.0 0.2 0.2 0.2 0.2 0.1 0.1 0.5 0.5 0.0 0.0 0.0 0.0 0.2 0.2 0.2 0.1 0.1 0.0 0.5 0.5 0.5 0.5 29/11/1961
6.4 6.3 6.3 6.3 6.3 6.4 6.5 6.6 6.7 6.7 10.1 10.1 6.5 6.5 6.4 6.4 6.4 6.4 6.5 6.6 6.6 9.9 9.8 4.0 6.4 6.4 6.5 6.5 30/11/1961
22.5 16.5 16.6 16.5 16.5 16.6 25.2 25.5 25.8 26.0 14.4 14.4 22.8 22.8 16.8 16.8 16.7 16.8 24.8 25.2 25.4 14.1 14.0 8.4 22.6 22.6 22.8 22.9 01/12/1961
0.4 2.2 2.2 2.2 2.2 2.2 0.0 0.0 0.0 0.0 0.0 0.0 0.4 0.4 2.2 2.2 2.2 2.2 0.0 0.0 0.0 0.0 0.0 0.0 0.4 0.4 0.4 0.4 02/12/1961
16.1 7.5 7.6 7.5 7.5 7.6 6.6 6.6 6.7 6.8 10.6 10.6 16.3 16.3 7.7 7.6 7.6 7.7 6.5 6.6 6.6 10.3 10.3 8.7 16.2 16.2 16.3 16.4 03/12/1961
9.3 6.1 6.1 6.1 6.1 6.1 5.3 5.3 5.4 5.4 7.6 7.6 9.4 9.4 6.2 6.2 6.2 6.2 5.2 5.3 5.3 7.4 7.4 5.6 9.3 9.3 9.4 9.4 04/12/1961
7.9 5.6 5.6 5.6 5.6 5.6 0.1 0.1 0.1 0.1 0.8 0.8 8.0 8.0 5.7 5.7 5.7 5.7 0.1 0.1 0.1 0.8 0.8 2.1 8.0 8.0 8.1 8.1 05/12/1961
5.3 4.2 4.2 4.2 4.2 4.2 1.0 0.8 0.7 0.6 0.8 0.7 5.4 5.4 4.3 4.3 4.3 4.3 1.2 1.0 0.9 1.2 1.4 4.4 5.4 5.4 5.4 5.4 06/12/1961
0.1 0.0 0.0 0.0 0.0 0.0 0.0 0.0 0.0 0.0 0.0 0.0 0.1 0.1 0.0 0.0 0.0 0.0 0.0 0.0 0.0 0.0 0.0 0.0 0.1 0.1 0.1 0.1 07/12/1961
4.2 4.0 4.0 4.0 4.0 4.0 1.7 1.7 1.7 1.8 4.4 4.4 4.3 4.3 4.0 4.0 4.0 4.0 1.7 1.7 1.7 4.3 4.3 4.7 4.2 4.2 4.3 4.3 08/12/1961
13.0 7.3 7.4 7.3 7.3 7.4 3.3 3.3 3.4 3.4 5.8 5.8 13.1 13.1 7.5 7.4 7.4 7.5 3.2 3.3 3.3 5.6 5.6 10.8 13.0 13.0 13.1 13.2 09/12/1961
4.2 3.3 3.3 3.3 3.3 3.3 7.2 7.3 7.4 7.5 9.2 9.2 4.2 4.2 3.3 3.3 3.3 3.3 7.2 7.3 7.3 9.0 8.9 3.0 4.2 4.2 4.2 4.2 10/12/1961
9.8 6.5 6.6 6.5 6.5 6.6 8.4 8.5 8.6 8.7 8.6 8.6 10.0 10.0 6.6 6.6 6.6 6.6 8.3 8.4 8.5 8.4 8.3 4.4 9.9 9.9 10.0 10.0 11/12/1961
0.7 0.0 0.0 0.0 0.0 0.0 2.3 2.4 2.4 2.4 3.0 3.0 0.7 0.7 0.0 0.0 0.0 0.0 2.3 2.3 2.4 2.9 2.9 0.7 0.7 0.7 0.7 0.7 12/12/1961
5.4 6.3 6.3 6.3 6.3 6.3 7.6 7.7 7.8 7.9 5.1 5.1 5.5 5.5 6.4 6.4 6.4 6.4 7.5 7.7 7.7 5.0 5.0 2.8 5.5 5.5 5.5 5.5 13/12/1961
0.0 0.0 0.0 0.0 0.0 0.0 0.0 0.0 0.0 0.0 0.0 0.0 0.0 0.0 0.0 0.0 0.0 0.0 0.0 0.0 0.0 0.0 0.0 0.0 0.0 0.0 0.0 0.0 14/12/1961
0.0 0.0 0.0 0.0 0.0 0.0 0.0 0.0 0.0 0.0 0.0 0.0 0.0 0.0 0.0 0.0 0.0 0.0 0.0 0.0 0.0 0.0 0.0 0.0 0.0 0.0 0.0 0.0 15/12/1961
0.0 0.0 0.0 0.0 0.0 0.0 0.0 0.0 0.0 0.0 0.0 0.0 0.0 0.0 0.0 0.0 0.0 0.0 0.0 0.0 0.0 0.0 0.0 0.0 0.0 0.0 0.0 0.0 16/12/1961
0.0 0.0 0.0 0.0 0.0 0.0 0.0 0.0 0.0 0.0 0.0 0.0 0.0 0.0 0.0 0.0 0.0 0.0 0.0 0.0 0.0 0.0 0.0 0.0 0.0 0.0 0.0 0.0 17/12/1961
0.0 0.0 0.0 0.0 0.0 0.0 0.0 0.0 0.0 0.0 0.0 0.0 0.0 0.0 0.0 0.0 0.0 0.0 0.0 0.0 0.0 0.0 0.0 0.0 0.0 0.0 0.0 0.0 18/12/1961
0.0 0.0 0.0 0.0 0.0 0.0 0.0 0.0 0.0 0.0 0.0 0.0 0.0 0.0 0.0 0.0 0.0 0.0 0.0 0.0 0.0 0.0 0.0 0.0 0.0 0.0 0.0 0.0 19/12/1961
0.0 0.0 0.0 0.0 0.0 0.0 0.0 0.0 0.0 0.0 0.0 0.0 0.0 0.0 0.0 0.0 0.0 0.0 0.0 0.0 0.0 0.0 0.0 0.0 0.0 0.0 0.0 0.0 20/12/1961
0.0 0.0 0.0 0.0 0.0 0.0 0.0 0.0 0.0 0.0 0.0 0.0 0.0 0.0 0.0 0.0 0.0 0.0 0.0 0.0 0.0 0.0 0.0 0.0 0.0 0.0 0.0 0.0 21/12/1961
0.0 0.0 0.0 0.0 0.0 0.0 0.0 0.0 0.0 0.0 0.0 0.0 0.0 0.0 0.0 0.0 0.0 0.0 0.0 0.0 0.0 0.0 0.0 0.0 0.0 0.0 0.0 0.0 22/12/1961
0.0 0.0 0.0 0.0 0.0 0.0 0.0 0.0 0.0 0.0 0.0 0.0 0.0 0.0 0.0 0.0 0.0 0.0 0.0 0.0 0.0 0.0 0.0 0.0 0.0 0.0 0.0 0.0 23/12/1961
0.0 0.0 0.0 0.0 0.0 0.0 0.0 0.0 0.0 0.0 0.0 0.0 0.0 0.0 0.0 0.0 0.0 0.0 0.0 0.0 0.0 0.0 0.0 0.0 0.0 0.0 0.0 0.0 24/12/1961
0.0 0.0 0.0 0.0 0.0 0.0 0.0 0.0 0.0 0.0 0.0 0.0 0.0 0.0 0.0 0.0 0.0 0.0 0.0 0.0 0.0 0.0 0.0 0.0 0.0 0.0 0.0 0.0 25/12/1961
0.0 0.0 0.0 0.0 0.0 0.0 0.0 0.0 0.0 0.0 0.0 0.0 0.0 0.0 0.0 0.0 0.0 0.0 0.0 0.0 0.0 0.0 0.0 0.0 0.0 0.0 0.0 0.0 26/12/1961
0.0 0.0 0.0 0.0 0.0 0.0 0.0 0.0 0.0 0.0 0.0 0.0 0.0 0.0 0.0 0.0 0.0 0.0 0.0 0.0 0.0 0.0 0.0 0.0 0.0 0.0 0.0 0.0 27/12/1961
2.3 1.2 1.2 1.2 1.2 1.2 0.2 0.2 0.2 0.2 0.0 0.0 2.3 2.3 1.2 1.2 1.2 1.2 0.2 0.2 0.2 0.0 0.0 3.1 2.3 2.3 2.3 2.3 28/12/1961
3.9 5.3 5.3 5.3 5.3 5.3 3.5 3.5 3.6 3.6 3.4 3.4 3.9 3.9 5.3 5.3 5.3 5.3 3.4 3.5 3.5 3.3 3.3 0.3 3.9 3.9 3.9 3.9 29/12/1961
3.9 6.6 6.6 6.6 6.6 6.6 6.4 6.4 6.5 6.6 5.2 5.3 4.0 4.0 6.7 6.7 6.7 6.7 6.3 6.4 6.4 5.2 5.1 1.0 3.9 3.9 4.0 4.0 30/12/1961
0.3 0.0 0.0 0.0 0.0 0.0 2.5 2.5 2.6 2.6 6.2 6.2 0.3 0.3 0.0 0.0 0.0 0.0 2.5 2.5 2.5 6.1 6.0 0.2 0.3 0.3 0.3 0.3 31/12/1961
0.0 0.0 0.0 0.0 0.0 0.0 0.0 0.0 0.0 0.0 0.0 0.0 0.0 0.0 0.0 0.0 0.0 0.0 0.0 0.0 0.0 0.0 0.0 0.0 0.0 0.0 0.0 0.0 01/01/1962
0.0 0.0 0.0 0.0 0.0 0.0 0.0 0.0 0.0 0.0 0.0 0.0 0.0 0.0 0.0 0.0 0.0 0.0 0.0 0.0 0.0 0.0 0.0 0.0 0.0 0.0 0.0 0.0 02/01/1962
0.0 0.0 0.0 0.0 0.0 0.0 0.0 0.0 0.0 0.0 0.0 0.0 0.0 0.0 0.0 0.0 0.0 0.0 0.0 0.0 0.0 0.0 0.0 0.0 0.0 0.0 0.0 0.0 03/01/1962
0.0 0.0 0.0 0.0 0.0 0.0 0.0 0.0 0.0 0.0 0.0 0.0 0.0 0.0 0.0 0.0 0.0 0.0 0.0 0.0 0.0 0.0 0.0 0.0 0.0 0.0 0.0 0.0 04/01/1962
0.0 0.0 0.0 0.0 0.0 0.0 0.0 0.0 0.0 0.0 0.0 0.0 0.0 0.0 0.0 0.0 0.0 0.0 0.0 0.0 0.0 0.0 0.0 0.0 0.0 0.0 0.0 0.0 05/01/1962
6.0 2.5 2.5 2.5 2.5 2.5 5.9 5.9 5.9 5.9 3.5 3.5 6.1 6.1 2.6 2.5 2.5 2.6 6.0 5.9 5.9 3.4 3.4 1.4 6.0 6.0 6.1 6.1 06/01/1962
2.6 1.2 1.2 1.2 1.2 1.2 3.1 3.2 3.2 3.2 3.9 3.9 2.7 2.7 1.2 1.2 1.2 1.2 3.1 3.1 3.1 3.8 3.8 2.8 2.7 2.7 2.7 2.7 07/01/1962
1.0 0.8 0.9 0.8 0.8 0.9 2.1 2.2 2.2 2.2 2.9 2.9 1.0 1.0 0.9 0.9 0.9 0.9 2.1 2.1 2.2 2.8 2.8 0.2 1.0 1.0 1.0 1.0 08/01/1962
9.9 8.3 8.3 8.3 8.3 8.3 8.0 8.1 8.2 8.3 13.8 13.8 10.1 10.1 8.4 8.4 8.4 8.4 7.9 8.0 8.1 13.5 13.4 2.8 10.0 10.0 10.1 10.1 09/01/1962
8.4 7.0 7.0 7.0 7.0 7.0 9.1 9.2 9.3 9.4 7.7 7.8 8.5 8.5 7.1 7.1 7.1 7.1 8.9 9.1 9.2 7.6 7.5 2.9 8.5 8.5 8.5 8.6 10/01/1962
11.0 9.7 9.8 9.7 9.7 9.8 3.4 3.4 3.4 3.4 3.2 3.2 11.1 11.1 9.9 9.9 9.8 9.9 3.3 3.4 3.4 3.2 3.2 6.6 11.0 11.0 11.1 11.1 11/01/1962
9.5 8.0 8.0 8.0 8.0 8.0 11.8 11.9 12.1 12.2 19.8 19.9 9.6 9.6 8.1 8.1 8.1 8.1 11.6 11.8 11.9 19.4 19.2 6.1 9.6 9.6 9.6 9.7 12/01/1962
5.9 3.6 3.6 3.6 3.6 3.6 1.3 1.4 1.4 1.4 0.8 0.8 6.0 6.0 3.6 3.6 3.6 3.6 1.3 1.3 1.3 0.8 0.8 4.8 5.9 5.9 6.0 6.0 13/01/1962
1.2 0.3 0.3 0.3 0.3 0.3 2.8 2.8 2.8 2.8 2.8 2.8 1.2 1.2 0.3 0.3 0.3 0.3 2.8 2.8 2.8 2.8 2.8 2.3 1.2 1.2 1.2 1.2 14/01/1962
0.0 0.0 0.0 0.0 0.0 0.0 0.3 0.3 0.3 0.3 0.0 0.0 0.0 0.0 0.0 0.0 0.0 0.0 0.3 0.3 0.3 0.0 0.0 0.0 0.0 0.0 0.0 0.0 15/01/1962
1.5 1.3 1.4 1.3 1.3 1.4 8.8 8.9 9.0 9.1 5.5 5.5 1.5 1.5 1.4 1.4 1.4 1.4 8.7 8.8 8.9 5.4 5.3 4.0 1.5 1.5 1.5 1.5 16/01/1962
1.8 0.4 0.4 0.4 0.4 0.4 6.1 6.2 6.2 6.3 6.5 6.5 1.8 1.8 0.4 0.4 0.4 0.4 6.0 6.1 6.1 6.3 6.3 0.1 1.8 1.8 1.8 1.8 17/01/1962
0.8 0.5 0.5 0.5 0.5 0.5 2.5 2.6 2.6 2.6 0.8 0.8 0.8 0.8 0.5 0.5 0.5 0.5 2.5 2.5 2.5 0.8 0.8 0.2 0.8 0.8 0.8 0.8 18/01/1962
14.0 6.4 6.4 6.4 6.4 6.4 7.9 8.0 8.1 8.2 7.9 7.9 14.2 14.2 6.5 6.5 6.5 6.5 7.8 7.9 8.0 7.8 7.7 5.1 14.1 14.1 14.2 14.3 19/01/1962
3.1 0.7 0.7 0.7 0.7 0.7 2.1 2.1 2.1 2.1 3.1 3.1 3.1 3.1 0.7 0.7 0.7 0.7 2.1 2.1 2.1 3.0 3.0 0.0 3.1 3.1 3.1 3.1 20/01/1962
19.4 11.8 11.9 11.8 11.8 11.9 7.7 7.8 7.9 7.9 5.0 5.0 19.6 19.6 12.0 12.0 12.0 12.0 7.6 7.7 7.8 4.9 4.9 15.4 19.5 19.5 19.6 19.7 21/01/1962
2.9 2.1 2.1 2.1 2.1 2.1 1.5 1.5 1.5 1.5 0.0 0.0 3.0 3.0 2.1 2.1 2.1 2.1 1.4 1.5 1.5 0.0 0.0 0.6 2.9 2.9 3.0 3.0 22/01/1962
12.0 8.7 8.7 8.7 8.7 8.7 9.0 9.1 9.2 9.3 8.5 8.5 12.1 12.1 8.8 8.8 8.8 8.8 8.8 9.0 9.1 8.3 8.3 4.5 12.0 12.0 12.1 12.2 23/01/1962
7.4 8.0 8.1 8.0 8.0 8.1 8.4 8.5 8.6 8.7 5.1 5.1 7.5 7.5 8.1 8.1 8.1 8.1 8.3 8.5 8.5 5.0 5.0 5.9 7.4 7.4 7.5 7.5 24/01/1962
1.6 0.5 0.6 0.5 0.5 0.6 4.7 4.8 4.8 4.8 8.6 8.7 1.6 1.6 0.6 0.6 0.6 0.6 4.6 4.7 4.7 8.5 8.4 1.0 1.6 1.6 1.6 1.6 25/01/1962
1.9 3.3 3.3 3.3 3.3 3.3 2.7 2.7 2.7 2.8 3.3 3.3 1.9 1.9 3.4 3.4 3.4 3.4 2.7 2.7 2.7 3.2 3.2 0.0 1.9 1.9 1.9 1.9 26/01/1962
0.9 1.0 1.0 1.0 1.0 1.0 0.6 0.6 0.6 0.6 0.5 0.5 0.9 0.9 1.0 1.0 1.0 1.0 0.6 0.6 0.6 0.5 0.5 0.5 0.9 0.9 0.9 0.9 27/01/1962
0.0 0.0 0.0 0.0 0.0 0.0 0.0 0.0 0.0 0.0 0.0 0.0 0.0 0.0 0.0 0.0 0.0 0.0 0.0 0.0 0.0 0.0 0.0 0.0 0.0 0.0 0.0 0.0 28/01/1962
0.0 0.0 0.0 0.0 0.0 0.0 0.0 0.0 0.0 0.0 0.0 0.0 0.0 0.0 0.0 0.0 0.0 0.0 0.0 0.0 0.0 0.0 0.0 0.0 0.0 0.0 0.0 0.0 29/01/1962
0.0 0.0 0.0 0.0 0.0 0.0 0.0 0.0 0.0 0.0 0.0 0.0 0.0 0.0 0.0 0.0 0.0 0.0 0.0 0.0 0.0 0.0 0.0 0.0 0.0 0.0 0.0 0.0 30/01/1962
4.7 3.0 2.7 2.9 2.9 2.7 0.0 0.0 0.0 0.0 0.0 0.0 4.1 4.1 2.4 2.5 2.5 2.4 0.0 0.0 0.0 0.0 0.0 3.6 4.4 4.4 4.1 3.9 31/01/1962
0.0 0.0 0.0 0.0 0.0 0.0 0.0 0.0 0.0 0.0 0.0 0.0 0.0 0.0 0.0 0.0 0.0 0.0 0.0 0.0 0.0 0.0 0.0 0.1 0.0 0.0 0.0 0.0 01/02/1962
0.0 0.0 0.0 0.0 0.0 0.0 0.0 0.0 0.0 0.0 0.0 0.0 0.0 0.0 0.0 0.0 0.0 0.0 0.0 0.0 0.0 0.0 0.0 0.0 0.0 0.0 0.0 0.0 02/02/1962
5.7 3.1 3.1 3.1 3.1 3.1 3.8 3.4 2.9 2.6 1.7 1.6 5.8 5.8 3.2 3.2 3.2 3.2 4.3 3.7 3.5 2.2 2.4 2.7 5.8 5.8 5.8 5.8 03/02/1962
6.8 3.4 3.4 3.4 3.4 3.4 5.8 5.9 6.0 6.0 4.0 4.0 6.9 6.9 3.4 3.4 3.4 3.4 5.7 5.8 5.9 3.9 3.9 1.4 6.8 6.8 6.9 6.9 04/02/1962
0.6 0.7 0.7 0.7 0.7 0.7 1.1 1.1 1.1 1.1 1.9 1.9 0.6 0.6 0.7 0.7 0.7 0.7 1.1 1.1 1.1 1.9 1.8 0.1 0.6 0.6 0.6 0.6 05/02/1962
2.2 0.6 0.6 0.6 0.6 0.6 2.9 2.9 3.0 3.0 3.1 3.1 2.3 2.3 0.6 0.6 0.6 0.6 2.8 2.9 2.9 3.1 3.0 1.1 2.2 2.2 2.3 2.3 06/02/1962
9.9 4.8 4.8 4.8 4.8 4.8 3.8 3.9 3.9 4.0 5.2 5.2 10.0 10.0 4.9 4.9 4.9 4.9 3.8 3.8 3.9 5.1 5.1 3.9 10.0 10.0 10.0 10.1 07/02/1962
1.9 1.5 1.5 1.5 1.5 1.5 0.9 0.9 0.9 0.9 0.1 0.1 1.9 1.9 1.5 1.5 1.5 1.5 0.9 0.9 0.9 0.1 0.1 0.3 1.9 1.9 1.9 1.9 08/02/1962
0.3 0.0 0.0 0.0 0.0 0.0 0.0 0.0 0.0 0.0 0.0 0.0 0.3 0.3 0.0 0.0 0.0 0.0 0.0 0.0 0.0 0.0 0.0 0.0 0.3 0.3 0.3 0.3 09/02/1962
0.4 0.1 0.1 0.1 0.1 0.1 0.8 0.9 0.9 0.9 0.1 0.1 0.4 0.4 0.1 0.1 0.1 0.1 0.8 0.8 0.8 0.1 0.1 0.0 0.4 0.4 0.4 0.4 10/02/1962
0.0 0.0 0.0 0.0 0.0 0.0 0.1 0.1 0.1 0.1 0.0 0.0 0.0 0.0 0.0 0.0 0.0 0.0 0.1 0.1 0.1 0.0 0.0 0.0 0.0 0.0 0.0 0.0 11/02/1962
12.8 17.7 17.8 17.7 17.7 17.8 43.4 44.0 44.5 45.0 37.4 37.5 13.0 13.0 18.0 18.0 17.9 18.0 42.8 43.5 43.8 36.6 36.3 4.3 12.9 12.9 13.0 13.0 12/02/1962
0.3 0.0 0.0 0.0 0.0 0.0 12.1 12.2 12.4 12.5 5.8 5.8 0.3 0.3 0.0 0.0 0.0 0.0 11.9 12.1 12.2 5.6 5.6 0.2 0.3 0.3 0.3 0.3 13/02/1962
0.0 0.0 0.0 0.0 0.0 0.0 0.0 0.0 0.0 0.0 0.0 0.0 0.0 0.0 0.0 0.0 0.0 0.0 0.0 0.0 0.0 0.0 0.0 0.0 0.0 0.0 0.0 0.0 14/02/1962
0.2 0.0 0.0 0.0 0.0 0.0 4.5 4.6 4.6 4.7 1.7 1.7 0.2 0.2 0.0 0.0 0.0 0.0 4.5 4.5 4.6 1.7 1.7 0.0 0.2 0.2 0.2 0.2 15/02/1962
0.0 0.1 0.1 0.1 0.1 0.1 0.4 0.5 0.5 0.5 2.4 2.4 0.0 0.0 0.1 0.1 0.1 0.1 0.4 0.4 0.4 2.4 2.3 0.0 0.0 0.0 0.0 0.0 16/02/1962
0.0 0.0 0.0 0.0 0.0 0.0 0.0 0.0 0.0 0.0 0.0 0.0 0.0 0.0 0.0 0.0 0.0 0.0 0.0 0.0 0.0 0.0 0.0 0.0 0.0 0.0 0.0 0.0 17/02/1962
0.0 0.0 0.0 0.0 0.0 0.0 0.2 0.2 0.2 0.2 0.0 0.0 0.0 0.0 0.0 0.0 0.0 0.0 0.2 0.2 0.2 0.0 0.0 0.0 0.0 0.0 0.0 0.0 18/02/1962
0.0 0.0 0.0 0.0 0.0 0.0 0.0 0.0 0.0 0.0 0.0 0.0 0.0 0.0 0.0 0.0 0.0 0.0 0.0 0.0 0.0 0.0 0.0 0.0 0.0 0.0 0.0 0.0 19/02/1962
0.0 0.0 0.0 0.0 0.0 0.0 0.0 0.0 0.0 0.0 0.0 0.0 0.0 0.0 0.0 0.0 0.0 0.0 0.0 0.0 0.0 0.0 0.0 0.0 0.0 0.0 0.0 0.0 20/02/1962
0.0 0.0 0.0 0.0 0.0 0.0 0.0 0.0 0.0 0.0 0.0 0.0 0.0 0.0 0.0 0.0 0.0 0.0 0.0 0.0 0.0 0.0 0.0 0.0 0.0 0.0 0.0 0.0 21/02/1962
0.0 0.0 0.0 0.0 0.0 0.0 0.0 0.0 0.0 0.0 0.0 0.0 0.0 0.0 0.0 0.0 0.0 0.0 0.0 0.0 0.0 0.0 0.0 0.0 0.0 0.0 0.0 0.0 22/02/1962
0.0 0.0 0.0 0.0 0.0 0.0 0.0 0.0 0.0 0.0 0.0 0.0 0.0 0.0 0.0 0.0 0.0 0.0 0.0 0.0 0.0 0.0 0.0 0.0 0.0 0.0 0.0 0.0 23/02/1962
0.0 0.0 0.0 0.0 0.0 0.0 0.0 0.0 0.0 0.0 0.0 0.0 0.0 0.0 0.0 0.0 0.0 0.0 0.0 0.0 0.0 0.0 0.0 0.0 0.0 0.0 0.0 0.0 24/02/1962
0.0 0.0 0.0 0.0 0.0 0.0 0.0 0.0 0.0 0.0 0.0 0.0 0.0 0.0 0.0 0.0 0.0 0.0 0.0 0.0 0.0 0.0 0.0 0.0 0.0 0.0 0.0 0.0 25/02/1962
0.0 0.0 0.0 0.0 0.0 0.0 0.0 0.0 0.0 0.0 0.0 0.0 0.0 0.0 0.0 0.0 0.0 0.0 0.0 0.0 0.0 0.0 0.0 0.0 0.0 0.0 0.0 0.0 26/02/1962
0.0 0.0 0.0 0.0 0.0 0.0 0.0 0.0 0.0 0.0 0.0 0.0 0.0 0.0 0.0 0.0 0.0 0.0 0.0 0.0 0.0 0.0 0.0 0.0 0.0 0.0 0.0 0.0 27/02/1962
0.0 0.0 0.0 0.0 0.0 0.0 0.0 0.0 0.0 0.0 0.0 0.0 0.0 0.0 0.0 0.0 0.0 0.0 0.0 0.0 0.0 0.0 0.0 0.0 0.0 0.0 0.0 0.0 28/02/1962
0.1 0.1 0.1 0.1 0.1 0.1 0.0 0.0 0.0 0.0 0.0 0.0 0.1 0.1 0.1 0.1 0.1 0.1 0.0 0.0 0.0 0.0 0.0 0.3 0.1 0.1 0.1 0.1 01/03/1962
0.0 0.6 0.5 0.5 0.5 0.5 0.1 0.1 0.1 0.1 0.2 0.1 0.0 0.0 0.4 0.5 0.5 0.4 0.1 0.1 0.1 0.3 0.3 0.8 0.0 0.0 0.0 0.0 02/03/1962
0.0 0.0 0.0 0.0 0.0 0.0 0.0 0.0 0.0 0.0 0.0 0.0 0.0 0.0 0.0 0.0 0.0 0.0 0.0 0.0 0.0 0.0 0.0 0.0 0.0 0.0 0.0 0.0 03/03/1962
0.8 0.0 0.0 0.0 0.0 0.0 0.0 0.0 0.0 0.0 0.0 0.0 0.7 0.7 0.0 0.0 0.0 0.0 0.0 0.0 0.0 0.1 0.1 0.1 0.7 0.7 0.7 0.6 04/03/1962
1.0 0.0 0.0 0.0 0.0 0.0 0.0 0.0 0.0 0.0 0.0 0.0 0.8 0.8 0.0 0.0 0.0 0.0 0.0 0.0 0.0 0.0 0.0 1.1 0.9 0.9 0.8 0.8 05/03/1962
0.0 0.0 0.0 0.0 0.0 0.0 0.0 0.0 0.0 0.0 0.0 0.0 0.0 0.0 0.0 0.0 0.0 0.0 0.0 0.0 0.0 0.0 0.0 0.0 0.0 0.0 0.0 0.0 06/03/1962
0.5 0.1 0.1 0.1 0.1 0.1 0.0 0.0 0.0 0.0 0.0 0.0 0.5 0.5 0.1 0.1 0.1 0.1 0.0 0.0 0.0 0.0 0.0 0.3 0.5 0.5 0.5 0.4 07/03/1962
4.6 4.7 4.7 4.7 4.7 4.7 3.6 3.6 3.6 3.7 4.5 4.5 4.6 4.6 4.7 4.7 4.7 4.7 3.5 3.6 3.6 4.4 4.4 4.7 4.6 4.6 4.6 4.7 08/03/1962
3.0 3.4 3.4 3.4 3.4 3.4 7.3 7.4 7.5 7.5 7.7 7.7 3.1 3.1 3.5 3.5 3.5 3.5 7.2 7.3 7.3 7.5 7.5 3.2 3.0 3.0 3.1 3.1 09/03/1962
5.0 4.3 4.3 4.3 4.3 4.3 3.2 3.3 3.3 3.3 2.2 2.2 5.1 5.1 4.4 4.4 4.4 4.4 3.2 3.2 3.2 2.2 2.2 4.4 5.1 5.1 5.1 5.1 10/03/1962
0.2 0.0 0.0 0.0 0.0 0.0 3.5 3.5 3.6 3.6 2.7 2.7 0.2 0.2 0.0 0.0 0.0 0.0 3.5 3.5 3.5 2.6 2.6 0.4 0.2 0.2 0.2 0.2 11/03/1962
0.0 0.0 0.0 0.0 0.0 0.0 0.0 0.0 0.0 0.0 0.0 0.0 0.0 0.0 0.0 0.0 0.0 0.0 0.0 0.0 0.0 0.0 0.0 0.0 0.0 0.0 0.0 0.0 12/03/1962
0.0 0.4 0.3 0.4 0.4 0.3 0.0 0.0 0.0 0.0 0.0 0.0 0.0 0.0 0.3 0.3 0.3 0.3 0.0 0.0 0.0 0.0 0.0 0.4 0.0 0.0 0.0 0.0 13/03/1962
0.3 0.0 0.0 0.0 0.0 0.0 0.0 0.0 0.0 0.0 0.0 0.0 0.3 0.3 0.0 0.0 0.0 0.0 0.0 0.0 0.0 0.0 0.0 0.0 0.3 0.3 0.3 0.3 14/03/1962
0.0 0.0 0.0 0.0 0.0 0.0 0.0 0.0 0.0 0.0 0.0 0.0 0.0 0.0 0.0 0.0 0.0 0.0 0.0 0.0 0.0 0.0 0.0 0.0 0.0 0.0 0.0 0.0 15/03/1962
0.0 0.0 0.0 0.0 0.0 0.0 0.0 0.0 0.0 0.0 0.0 0.0 0.0 0.0 0.0 0.0 0.0 0.0 0.0 0.0 0.0 0.0 0.0 0.0 0.0 0.0 0.0 0.0 16/03/1962
0.0 0.0 0.0 0.0 0.0 0.0 0.0 0.0 0.0 0.0 0.0 0.0 0.0 0.0 0.0 0.0 0.0 0.0 0.0 0.0 0.0 0.0 0.0 0.0 0.0 0.0 0.0 0.0 17/03/1962
0.0 0.0 0.0 0.0 0.0 0.0 0.0 0.0 0.0 0.0 0.0 0.0 0.0 0.0 0.0 0.0 0.0 0.0 0.0 0.0 0.0 0.0 0.0 0.0 0.0 0.0 0.0 0.0 18/03/1962
0.0 0.0 0.0 0.0 0.0 0.0 0.0 0.0 0.0 0.0 0.0 0.0 0.0 0.0 0.0 0.0 0.0 0.0 0.0 0.0 0.0 0.0 0.0 0.0 0.0 0.0 0.0 0.0 19/03/1962
0.0 0.0 0.0 0.0 0.0 0.0 0.0 0.0 0.0 0.0 0.0 0.0 0.0 0.0 0.0 0.0 0.0 0.0 0.0 0.0 0.0 0.0 0.0 0.0 0.0 0.0 0.0 0.0 20/03/1962
0.0 0.0 0.0 0.0 0.0 0.0 0.0 0.0 0.0 0.0 0.0 0.0 0.0 0.0 0.0 0.0 0.0 0.0 0.0 0.0 0.0 0.0 0.0 0.0 0.0 0.0 0.0 0.0 21/03/1962
0.1 0.1 0.1 0.1 0.1 0.1 0.0 0.0 0.0 0.0 0.0 0.0 0.1 0.1 0.1 0.1 0.1 0.1 0.0 0.0 0.0 0.0 0.0 1.1 0.1 0.1 0.1 0.1 22/03/1962
0.0 0.0 0.0 0.0 0.0 0.0 0.0 0.0 0.0 0.0 0.0 0.0 0.0 0.0 0.0 0.0 0.0 0.0 0.0 0.0 0.0 0.0 0.0 0.0 0.0 0.0 0.0 0.0 23/03/1962
0.0 0.0 0.0 0.0 0.0 0.0 0.0 0.0 0.0 0.0 0.0 0.0 0.0 0.0 0.0 0.0 0.0 0.0 0.0 0.0 0.0 0.0 0.0 0.0 0.0 0.0 0.0 0.0 24/03/1962
2.1 1.8 1.8 1.8 1.8 1.8 0.2 0.2 0.2 0.2 0.0 0.0 2.1 2.1 1.8 1.8 1.8 1.8 0.2 0.2 0.2 0.0 0.0 2.9 2.1 2.1 2.1 2.1 25/03/1962
0.0 0.0 0.0 0.0 0.0 0.0 2.3 2.4 2.4 2.4 3.7 3.7 0.0 0.0 0.0 0.0 0.0 0.0 2.3 2.3 2.4 3.6 3.6 0.0 0.0 0.0 0.0 0.0 26/03/1962
0.0 0.0 0.0 0.0 0.0 0.0 1.3 1.3 1.3 1.3 0.9 0.9 0.0 0.0 0.0 0.0 0.0 0.0 1.3 1.3 1.3 0.9 0.9 0.0 0.0 0.0 0.0 0.0 27/03/1962
13.1 12.2 12.3 12.2 12.2 12.3 8.0 8.1 8.2 8.2 6.5 6.5 13.3 13.3 12.4 12.4 12.4 12.4 7.9 8.0 8.0 6.4 6.3 11.2 13.2 13.2 13.3 13.3 28/03/1962
14.5 15.7 15.8 15.7 15.7 15.8 18.2 18.4 18.7 18.9 27.9 28.0 14.7 14.7 16.0 15.9 15.9 16.0 17.9 18.3 18.4 27.4 27.1 8.4 14.6 14.6 14.7 14.7 29/03/1962
14.0 16.2 16.3 16.2 16.2 16.3 24.5 24.8 25.2 25.4 29.6 29.7 14.2 14.2 16.4 16.4 16.4 16.4 24.2 24.6 24.8 29.0 28.8 7.4 14.1 14.1 14.2 14.3 30/03/1962
0.3 0.0 0.0 0.0 0.0 0.0 0.0 0.0 0.0 0.0 0.0 0.0 0.3 0.3 0.0 0.0 0.0 0.0 0.0 0.0 0.0 0.0 0.0 0.9 0.3 0.3 0.3 0.3 31/03/1962
0.1 0.0 0.0 0.0 0.0 0.0 1.2 1.2 1.2 1.2 0.1 0.1 0.1 0.1 0.0 0.0 0.0 0.0 1.2 1.2 1.2 0.1 0.1 0.1 0.1 0.1 0.1 0.1 01/04/1962
0.5 0.1 0.1 0.1 0.1 0.1 0.0 0.0 0.0 0.0 0.0 0.0 0.5 0.5 0.1 0.1 0.1 0.1 0.0 0.0 0.0 0.0 0.0 0.7 0.5 0.5 0.5 0.5 02/04/1962
11.1 7.9 7.9 7.9 7.9 7.9 2.7 2.7 2.8 2.8 1.9 2.0 11.2 11.2 8.0 8.0 8.0 8.0 2.7 2.7 2.7 1.9 1.9 4.7 11.2 11.2 11.3 11.3 03/04/1962
14.2 15.2 15.3 15.2 15.2 15.3 12.6 12.8 12.9 13.1 11.2 11.2 14.4 14.4 15.4 15.4 15.4 15.4 12.4 12.7 12.7 11.0 10.9 5.4 14.3 14.3 14.5 14.5 04/04/1962
1.3 8.7 8.8 8.7 8.7 8.8 5.2 5.3 5.4 5.4 7.3 7.3 1.3 1.3 8.9 8.8 8.8 8.9 5.1 5.2 5.3 7.1 7.1 1.0 1.3 1.3 1.3 1.4 05/04/1962
0.0 0.3 0.3 0.3 0.3 0.3 1.2 1.2 1.1 1.1 1.2 1.2 0.0 0.0 0.3 0.3 0.3 0.3 1.3 1.2 1.2 1.2 1.2 0.0 0.0 0.0 0.0 0.0 06/04/1962
5.5 1.3 1.4 1.3 1.3 1.4 3.0 3.0 3.0 3.1 0.9 0.9 5.6 5.6 1.4 1.4 1.4 1.4 2.9 3.0 3.0 0.9 0.9 5.9 5.6 5.6 5.6 5.6 07/04/1962
6.1 1.6 1.8 1.6 1.7 1.8 5.1 5.2 5.2 5.3 10.2 10.2 6.2 6.2 2.0 1.9 1.9 1.9 5.0 5.1 5.1 9.9 9.9 0.6 6.2 6.2 6.2 6.2 08/04/1962
0.0 0.0 0.0 0.0 0.0 0.0 4.5 4.6 4.6 4.7 2.1 2.1 0.0 0.0 0.0 0.0 0.0 0.0 4.5 4.5 4.6 2.0 2.0 0.0 0.0 0.0 0.0 0.0 09/04/1962
0.1 0.2 0.2 0.2 0.2 0.2 1.3 1.4 1.4 1.4 2.6 2.6 0.1 0.1 0.2 0.2 0.2 0.2 1.3 1.3 1.3 2.5 2.5 0.4 0.1 0.1 0.1 0.1 10/04/1962
0.5 0.0 0.0 0.0 0.0 0.0 1.0 1.0 1.0 1.1 0.2 0.2 0.5 0.5 0.0 0.0 0.0 0.0 1.0 1.0 1.0 0.1 0.1 0.0 0.5 0.5 0.5 0.5 11/04/1962
0.0 0.0 0.0 0.0 0.0 0.0 0.2 0.3 0.3 0.3 0.2 0.2 0.0 0.0 0.0 0.0 0.0 0.0 0.2 0.2 0.2 0.2 0.2 0.0 0.0 0.0 0.0 0.0 12/04/1962
0.0 0.2 0.2 0.2 0.2 0.2 0.9 0.8 0.8 0.7 0.0 0.0 0.0 0.0 0.2 0.2 0.2 0.2 1.0 0.9 0.8 0.0 0.0 0.0 0.0 0.0 0.0 0.0 13/04/1962
2.8 3.1 3.1 3.1 3.1 3.1 3.0 3.0 3.1 3.1 2.1 2.1 2.8 2.8 3.1 3.1 3.1 3.1 3.0 3.0 3.0 2.0 2.0 2.6 2.8 2.8 2.8 2.8 14/04/1962
8.6 6.5 6.6 6.5 6.5 6.6 18.1 18.4 18.6 18.8 21.2 21.3 8.7 8.7 6.6 6.6 6.6 6.6 17.9 18.2 18.3 20.8 20.6 10.2 8.6 8.6 8.7 8.7 15/04/1962
0.1 1.4 1.4 1.4 1.4 1.4 0.2 0.2 0.2 0.2 0.1 0.1 0.1 0.1 1.4 1.4 1.4 1.4 0.2 0.2 0.2 0.1 0.1 0.0 0.1 0.1 0.1 0.1 16/04/1962
4.1 2.4 2.4 2.4 2.4 2.4 1.3 1.4 1.4 1.4 1.4 1.4 4.2 4.2 2.4 2.4 2.4 2.4 1.3 1.3 1.3 1.4 1.4 0.7 4.1 4.1 4.2 4.2 17/04/1962
2.7 0.5 0.5 0.5 0.5 0.5 0.2 0.2 0.2 0.2 0.9 0.9 2.8 2.8 0.5 0.5 0.5 0.5 0.2 0.2 0.2 0.9 0.8 3.6 2.8 2.8 2.8 2.8 18/04/1962
2.5 1.1 1.1 1.1 1.1 1.1 0.0 0.0 0.0 0.0 0.0 0.0 2.5 2.5 1.1 1.1 1.1 1.1 0.0 0.0 0.0 0.0 0.0 1.1 2.5 2.5 2.5 2.5 19/04/1962
0.6 0.0 0.0 0.0 0.0 0.0 0.0 0.0 0.0 0.0 0.0 0.0 0.6 0.6 0.0 0.0 0.0 0.0 0.0 0.0 0.0 0.0 0.0 0.2 0.6 0.6 0.6 0.6 20/04/1962
0.1 0.1 0.1 0.1 0.1 0.1 0.0 0.0 0.0 0.0 5.5 5.5 0.1 0.1 0.1 0.1 0.1 0.1 0.0 0.0 0.0 5.4 5.4 3.4 0.1 0.1 0.1 0.1 21/04/1962
0.0 0.0 0.0 0.0 0.0 0.0 0.0 0.0 0.0 0.0 0.0 0.0 0.0 0.0 0.0 0.0 0.0 0.0 0.0 0.0 0.0 0.0 0.0 0.0 0.0 0.0 0.0 0.0 22/04/1962
0.1 0.1 0.1 0.1 0.1 0.1 2.4 2.4 2.5 2.5 4.3 4.3 0.1 0.1 0.1 0.1 0.1 0.1 2.4 2.4 2.4 4.2 4.2 0.7 0.1 0.1 0.1 0.1 23/04/1962
0.0 0.0 0.0 0.0 0.0 0.0 0.0 0.0 0.0 0.0 0.0 0.0 0.0 0.0 0.0 0.0 0.0 0.0 0.0 0.0 0.0 0.0 0.0 0.0 0.0 0.0 0.0 0.0 24/04/1962
0.0 0.0 0.0 0.0 0.0 0.0 0.0 0.0 0.0 0.0 0.0 0.0 0.0 0.0 0.0 0.0 0.0 0.0 0.0 0.0 0.0 0.0 0.0 0.0 0.0 0.0 0.0 0.0 25/04/1962
0.0 0.0 0.0 0.0 0.0 0.0 0.0 0.0 0.0 0.0 0.0 0.0 0.0 0.0 0.0 0.0 0.0 0.0 0.0 0.0 0.0 0.0 0.0 0.0 0.0 0.0 0.0 0.0 26/04/1962
0.0 0.0 0.0 0.0 0.0 0.0 0.0 0.0 0.0 0.0 0.0 0.0 0.0 0.0 0.0 0.0 0.0 0.0 0.0 0.0 0.0 0.0 0.0 0.0 0.0 0.0 0.0 0.0 27/04/1962
0.0 0.0 0.0 0.0 0.0 0.0 0.0 0.0 0.0 0.0 0.0 0.0 0.0 0.0 0.0 0.0 0.0 0.0 0.0 0.0 0.0 0.0 0.0 0.0 0.0 0.0 0.0 0.0 28/04/1962
0.0 0.0 0.0 0.0 0.0 0.0 0.0 0.0 0.0 0.0 0.0 0.0 0.0 0.0 0.0 0.0 0.0 0.0 0.0 0.0 0.0 0.0 0.0 0.0 0.0 0.0 0.0 0.0 29/04/1962
0.0 0.0 0.0 0.0 0.0 0.0 0.0 0.0 0.0 0.0 0.0 0.0 0.0 0.0 0.0 0.0 0.0 0.0 0.0 0.0 0.0 0.0 0.0 0.0 0.0 0.0 0.0 0.0 30/04/1962
0.0 0.0 0.0 0.0 0.0 0.0 0.0 0.0 0.0 0.0 0.0 0.0 0.0 0.0 0.0 0.0 0.0 0.0 0.0 0.0 0.0 0.0 0.0 0.0 0.0 0.0 0.0 0.0 01/05/1962
0.0 0.0 0.0 0.0 0.0 0.0 0.0 0.0 0.0 0.0 0.0 0.0 0.0 0.0 0.0 0.0 0.0 0.0 0.0 0.0 0.0 0.0 0.0 0.0 0.0 0.0 0.0 0.0 02/05/1962
0.7 0.0 0.0 0.0 0.0 0.0 0.0 0.0 0.0 0.0 0.0 0.0 0.7 0.7 0.0 0.0 0.0 0.0 0.0 0.0 0.0 0.0 0.0 0.2 0.7 0.7 0.7 0.7 03/05/1962
1.1 1.2 1.2 1.2 1.2 1.2 5.4 5.5 5.5 5.6 1.6 1.6 1.1 1.1 1.2 1.2 1.2 1.2 5.3 5.4 5.4 1.6 1.5 1.6 1.1 1.1 1.1 1.2 04/05/1962
10.1 12.9 12.9 12.9 12.9 12.9 7.8 7.9 8.0 8.1 7.9 7.9 10.2 10.2 13.1 13.0 13.0 13.1 7.7 7.8 7.9 7.8 7.7 8.2 10.2 10.2 10.2 10.3 05/05/1962
2.4 0.4 0.4 0.4 0.4 0.4 2.0 2.0 2.1 2.1 2.4 2.4 2.4 2.4 0.4 0.4 0.4 0.4 2.0 2.0 2.0 2.3 2.3 0.2 2.4 2.4 2.4 2.4 06/05/1962
0.2 0.0 0.0 0.0 0.0 0.0 1.3 1.3 1.3 1.3 2.6 2.6 0.3 0.3 0.0 0.0 0.0 0.0 1.3 1.3 1.3 2.5 2.5 0.0 0.2 0.2 0.3 0.3 07/05/1962
0.7 0.1 0.1 0.1 0.1 0.1 9.2 9.3 9.4 9.5 5.1 5.1 0.7 0.7 0.1 0.1 0.1 0.1 9.1 9.2 9.3 4.9 4.9 0.2 0.7 0.7 0.7 0.7 08/05/1962
6.7 8.3 8.4 8.3 8.4 8.4 8.5 8.6 8.7 8.8 5.7 5.7 6.8 6.8 8.5 8.5 8.5 8.5 8.4 8.5 8.6 5.6 5.5 5.3 6.7 6.7 6.8 6.8 09/05/1962
0.9 0.3 0.3 0.3 0.3 0.3 5.1 5.2 5.3 5.3 2.8 2.8 0.9 0.9 0.3 0.3 0.3 0.3 5.0 5.1 5.2 2.8 2.8 0.8 0.9 0.9 0.9 0.9 10/05/1962
2.2 2.2 2.2 2.2 2.2 2.2 0.0 0.0 0.0 0.0 1.2 1.2 2.3 2.3 2.3 2.3 2.3 2.3 0.0 0.0 0.0 1.2 1.2 0.1 2.2 2.2 2.3 2.3 11/05/1962
0.6 0.1 0.1 0.1 0.1 0.1 0.1 0.1 0.1 0.1 1.0 1.0 0.6 0.6 0.1 0.1 0.1 0.1 0.1 0.1 0.1 1.0 1.0 1.1 0.6 0.6 0.6 0.6 12/05/1962
0.5 0.0 0.0 0.0 0.0 0.0 1.5 1.6 1.6 1.6 0.1 0.1 0.5 0.5 0.0 0.0 0.0 0.0 1.5 1.6 1.6 0.1 0.1 0.2 0.5 0.5 0.5 0.5 13/05/1962
1.4 2.6 2.6 2.6 2.6 2.6 7.9 8.0 8.1 8.2 4.5 4.5 1.4 1.4 2.6 2.6 2.6 2.6 7.8 7.9 8.0 4.4 4.4 0.0 1.4 1.4 1.4 1.4 14/05/1962
0.3 0.1 0.1 0.1 0.1 0.1 1.0 1.0 1.0 1.0 3.2 3.2 0.3 0.3 0.1 0.1 0.1 0.1 1.0 1.0 1.0 3.2 3.1 0.1 0.3 0.3 0.3 0.3 15/05/1962
2.1 1.9 1.9 1.9 1.9 1.9 4.1 4.1 4.2 4.2 4.3 4.3 2.1 2.1 1.9 1.9 1.9 1.9 4.0 4.1 4.1 4.2 4.2 0.4 2.1 2.1 2.1 2.1 16/05/1962
0.1 0.0 0.0 0.0 0.0 0.0 3.0 3.0 3.1 3.1 1.8 1.8 0.1 0.1 0.0 0.0 0.0 0.0 2.9 3.0 3.0 1.7 1.7 0.0 0.1 0.1 0.1 0.1 17/05/1962
0.1 0.3 0.3 0.3 0.3 0.3 0.0 0.0 0.0 0.0 0.1 0.1 0.2 0.2 0.3 0.3 0.3 0.3 0.0 0.0 0.0 0.1 0.1 0.9 0.1 0.1 0.2 0.2 18/05/1962
1.7 2.8 2.8 2.8 2.8 2.8 2.5 2.6 2.6 2.6 0.2 0.2 1.7 1.7 2.8 2.8 2.8 2.8 2.5 2.5 2.5 0.2 0.2 0.0 1.7 1.7 1.7 1.7 19/05/1962
3.5 4.0 4.0 4.0 4.0 4.0 2.1 2.2 2.2 2.2 1.0 1.0 3.5 3.5 4.0 4.0 4.0 4.0 2.1 2.1 2.2 1.0 1.0 2.4 3.5 3.5 3.5 3.6 20/05/1962
0.6 1.7 1.7 1.7 1.7 1.7 6.2 6.3 6.4 6.4 4.6 4.7 0.6 0.6 1.7 1.7 1.7 1.7 6.1 6.2 6.3 4.5 4.5 0.0 0.6 0.6 0.6 0.6 21/05/1962
0.6 0.1 0.1 0.1 0.1 0.1 0.3 0.3 0.3 0.3 2.3 2.3 0.6 0.6 0.1 0.1 0.1 0.1 0.3 0.3 0.3 2.2 2.2 0.5 0.6 0.6 0.6 0.6 22/05/1962
0.0 0.0 0.0 0.0 0.0 0.0 0.5 0.5 0.5 0.5 0.0 0.0 0.0 0.0 0.0 0.0 0.0 0.0 0.5 0.5 0.5 0.0 0.0 0.0 0.0 0.0 0.0 0.0 23/05/1962
0.0 0.0 0.0 0.0 0.0 0.0 5.9 5.9 6.0 6.1 4.0 4.0 0.0 0.0 0.0 0.0 0.0 0.0 5.8 5.9 5.9 3.9 3.9 0.1 0.0 0.0 0.0 0.0 24/05/1962
0.0 0.0 0.0 0.0 0.0 0.0 3.7 3.8 3.8 3.9 1.8 1.8 0.0 0.0 0.0 0.0 0.0 0.0 3.7 3.7 3.8 1.8 1.7 0.0 0.0 0.0 0.0 0.0 25/05/1962
5.1 5.2 5.3 5.3 5.3 5.3 1.6 1.6 1.6 1.6 2.4 2.4 5.1 5.1 5.3 5.3 5.3 5.3 1.6 1.6 1.6 2.3 2.3 0.2 5.1 5.1 5.2 5.2 26/05/1962
1.7 1.9 1.9 1.9 1.9 1.9 1.9 2.0 2.0 2.0 3.1 3.1 1.7 1.7 1.9 1.9 1.9 1.9 1.9 1.9 1.9 3.0 3.0 0.0 1.7 1.7 1.7 1.7 27/05/1962
0.0 1.1 1.1 1.1 1.1 1.1 4.2 4.2 4.3 4.3 2.8 2.8 0.0 0.0 1.2 1.2 1.2 1.2 4.1 4.2 4.2 2.8 2.7 0.0 0.0 0.0 0.0 0.0 28/05/1962
0.0 0.0 0.0 0.0 0.0 0.0 0.9 0.9 0.9 0.9 0.4 0.4 0.0 0.0 0.0 0.0 0.0 0.0 0.9 0.9 0.9 0.4 0.4 0.0 0.0 0.0 0.0 0.0 29/05/1962
0.0 0.0 0.0 0.0 0.0 0.0 0.0 0.0 0.0 0.0 0.0 0.0 0.0 0.0 0.0 0.0 0.0 0.0 0.0 0.0 0.0 0.0 0.0 0.0 0.0 0.0 0.0 0.0 30/05/1962
0.0 0.0 0.0 0.0 0.0 0.0 0.0 0.0 0.0 0.0 0.0 0.0 0.0 0.0 0.0 0.0 0.0 0.0 0.0 0.0 0.0 0.0 0.0 0.0 0.0 0.0 0.0 0.0 31/05/1962
0.0 0.0 0.0 0.0 0.0 0.0 0.0 0.0 0.0 0.0 0.0 0.0 0.0 0.0 0.0 0.0 0.0 0.0 0.0 0.0 0.0 0.0 0.0 0.0 0.0 0.0 0.0 0.0 01/06/1962
0.0 0.0 0.0 0.0 0.0 0.0 0.0 0.0 0.0 0.0 0.0 0.0 0.0 0.0 0.0 0.0 0.0 0.0 0.0 0.0 0.0 0.0 0.0 0.0 0.0 0.0 0.0 0.0 02/06/1962
0.0 0.0 0.0 0.0 0.0 0.0 0.0 0.0 0.0 0.0 0.0 0.0 0.0 0.0 0.0 0.0 0.0 0.0 0.0 0.0 0.0 0.0 0.0 0.0 0.0 0.0 0.0 0.0 03/06/1962
0.0 0.0 0.0 0.0 0.0 0.0 0.0 0.0 0.0 0.0 0.0 0.0 0.0 0.0 0.0 0.0 0.0 0.0 0.0 0.0 0.0 0.0 0.0 0.0 0.0 0.0 0.0 0.0 04/06/1962
0.0 0.0 0.0 0.0 0.0 0.0 0.0 0.0 0.0 0.0 0.0 0.0 0.0 0.0 0.0 0.0 0.0 0.0 0.0 0.0 0.0 0.0 0.0 0.0 0.0 0.0 0.0 0.0 05/06/1962
0.0 0.0 0.0 0.0 0.0 0.0 0.0 0.0 0.0 0.0 0.0 0.0 0.0 0.0 0.0 0.0 0.0 0.0 0.0 0.0 0.0 0.0 0.0 0.0 0.0 0.0 0.0 0.0 06/06/1962
0.0 0.0 0.0 0.0 0.0 0.0 0.0 0.0 0.0 0.0 0.0 0.0 0.0 0.0 0.0 0.0 0.0 0.0 0.0 0.0 0.0 0.0 0.0 0.0 0.0 0.0 0.0 0.0 07/06/1962
0.0 0.0 0.0 0.0 0.0 0.0 0.0 0.0 0.0 0.0 0.0 0.0 0.0 0.0 0.0 0.0 0.0 0.0 0.0 0.0 0.0 0.0 0.0 0.0 0.0 0.0 0.0 0.0 08/06/1962
0.0 0.0 0.0 0.0 0.0 0.0 0.0 0.0 0.0 0.0 0.0 0.0 0.0 0.0 0.0 0.0 0.0 0.0 0.0 0.0 0.0 0.0 0.0 0.0 0.0 0.0 0.0 0.0 09/06/1962
0.0 0.0 0.0 0.0 0.0 0.0 0.1 0.1 0.1 0.1 1.7 1.7 0.0 0.0 0.0 0.0 0.0 0.0 0.1 0.1 0.1 1.7 1.6 0.0 0.0 0.0 0.0 0.0 10/06/1962
0.0 0.1 0.1 0.1 0.1 0.1 0.0 0.0 0.0 0.0 0.1 0.1 0.0 0.0 0.1 0.1 0.1 0.1 0.0 0.0 0.0 0.1 0.1 0.0 0.0 0.0 0.0 0.0 11/06/1962
0.0 0.0 0.0 0.0 0.0 0.0 0.0 0.0 0.0 0.0 0.0 0.0 0.0 0.0 0.0 0.0 0.0 0.0 0.0 0.0 0.0 0.0 0.0 0.0 0.0 0.0 0.0 0.0 12/06/1962
0.0 0.0 0.0 0.0 0.0 0.0 0.0 0.0 0.0 0.0 0.0 0.0 0.0 0.0 0.0 0.0 0.0 0.0 0.0 0.0 0.0 0.0 0.0 0.0 0.0 0.0 0.0 0.0 13/06/1962
0.0 0.4 0.4 0.4 0.4 0.4 1.6 1.6 1.7 1.7 2.5 2.5 0.0 0.0 0.5 0.4 0.4 0.5 1.6 1.6 1.6 2.4 2.4 0.0 0.0 0.0 0.0 0.0 14/06/1962
0.0 0.0 0.0 0.0 0.0 0.0 0.1 0.1 0.2 0.2 0.6 0.6 0.0 0.0 0.0 0.0 0.0 0.0 0.1 0.1 0.1 0.6 0.6 0.0 0.0 0.0 0.0 0.0 15/06/1962
0.0 0.0 0.0 0.0 0.0 0.0 0.0 0.0 0.0 0.0 0.0 0.0 0.0 0.0 0.0 0.0 0.0 0.0 0.0 0.0 0.0 0.0 0.0 0.0 0.0 0.0 0.0 0.0 16/06/1962
0.0 0.0 0.0 0.0 0.0 0.0 0.0 0.0 0.0 0.0 0.0 0.0 0.0 0.0 0.0 0.0 0.0 0.0 0.0 0.0 0.0 0.0 0.0 0.0 0.0 0.0 0.0 0.0 17/06/1962
6.5 1.9 1.9 1.9 1.9 1.9 4.1 4.2 4.2 4.2 0.2 0.2 6.6 6.6 1.9 1.9 1.9 1.9 4.0 4.1 4.1 0.2 0.1 9.9 6.6 6.6 6.6 6.7 18/06/1962
0.0 0.5 0.5 0.5 0.5 0.5 0.1 0.1 0.1 0.1 0.2 0.2 0.0 0.0 0.6 0.5 0.5 0.6 0.1 0.1 0.1 0.2 0.2 0.0 0.0 0.0 0.0 0.0 19/06/1962
0.1 0.2 0.2 0.2 0.2 0.2 0.1 0.1 0.1 0.1 0.0 0.0 0.1 0.1 0.2 0.2 0.2 0.2 0.1 0.1 0.1 0.0 0.0 0.0 0.1 0.1 0.1 0.1 20/06/1962
0.0 0.0 0.0 0.0 0.0 0.0 0.0 0.0 0.0 0.0 0.0 0.0 0.0 0.0 0.0 0.0 0.0 0.0 0.0 0.0 0.0 0.0 0.0 0.0 0.0 0.0 0.0 0.0 21/06/1962
0.0 0.0 0.0 0.0 0.0 0.0 0.0 0.0 0.0 0.0 0.0 0.0 0.0 0.0 0.0 0.0 0.0 0.0 0.0 0.0 0.0 0.0 0.0 0.0 0.0 0.0 0.0 0.0 22/06/1962
0.0 0.0 0.0 0.0 0.0 0.0 0.0 0.0 0.0 0.0 0.0 0.0 0.0 0.0 0.0 0.0 0.0 0.0 0.0 0.0 0.0 0.0 0.0 0.0 0.0 0.0 0.0 0.0 23/06/1962
0.0 0.0 0.0 0.0 0.0 0.0 0.0 0.0 0.0 0.0 0.0 0.0 0.0 0.0 0.0 0.0 0.0 0.0 0.0 0.0 0.0 0.0 0.0 0.0 0.0 0.0 0.0 0.0 24/06/1962
0.0 0.0 0.0 0.0 0.0 0.0 0.0 0.0 0.0 0.0 0.0 0.0 0.0 0.0 0.0 0.0 0.0 0.0 0.0 0.0 0.0 0.0 0.0 0.0 0.0 0.0 0.0 0.0 25/06/1962
0.0 0.0 0.0 0.0 0.0 0.0 0.0 0.0 0.0 0.0 0.0 0.0 0.0 0.0 0.0 0.0 0.0 0.0 0.0 0.0 0.0 0.0 0.0 0.0 0.0 0.0 0.0 0.0 26/06/1962
0.0 0.0 0.0 0.0 0.0 0.0 0.0 0.0 0.0 0.0 0.5 0.5 0.0 0.0 0.0 0.0 0.0 0.0 0.0 0.0 0.0 0.5 0.4 0.0 0.0 0.0 0.0 0.0 27/06/1962
0.3 0.7 0.7 0.7 0.7 0.7 0.1 0.1 0.1 0.1 0.2 0.2 0.3 0.3 0.7 0.7 0.7 0.7 0.1 0.1 0.1 0.1 0.1 0.0 0.3 0.3 0.3 0.3 28/06/1962
0.4 0.3 0.3 0.3 0.3 0.3 0.5 0.5 0.5 0.5 0.1 0.1 0.4 0.4 0.3 0.3 0.3 0.3 0.5 0.5 0.5 0.1 0.1 0.0 0.4 0.4 0.4 0.4 29/06/1962
0.0 0.0 0.0 0.0 0.0 0.0 0.0 0.0 0.0 0.0 0.0 0.0 0.0 0.0 0.0 0.0 0.0 0.0 0.0 0.0 0.0 0.0 0.0 0.0 0.0 0.0 0.0 0.0 30/06/1962
0.0 0.0 0.0 0.0 0.0 0.0 0.4 0.4 0.4 0.4 0.0 0.0 0.0 0.0 0.0 0.0 0.0 0.0 0.4 0.4 0.4 0.0 0.0 0.0 0.0 0.0 0.0 0.0 01/07/1962
0.0 0.0 0.0 0.0 0.0 0.0 0.0 0.0 0.0 0.0 0.0 0.0 0.0 0.0 0.0 0.0 0.0 0.0 0.0 0.0 0.0 0.0 0.0 0.0 0.0 0.0 0.0 0.0 02/07/1962
0.0 0.0 0.0 0.0 0.0 0.0 0.0 0.0 0.0 0.0 0.0 0.0 0.0 0.0 0.0 0.0 0.0 0.0 0.0 0.0 0.0 0.0 0.0 0.0 0.0 0.0 0.0 0.0 03/07/1962
2.7 0.1 0.1 0.1 0.1 0.1 4.8 4.9 4.9 5.0 3.8 3.8 2.7 2.7 0.1 0.1 0.1 0.1 4.7 4.8 4.8 3.7 3.7 3.2 2.7 2.7 2.7 2.7 04/07/1962
0.0 0.0 0.0 0.0 0.0 0.0 1.7 1.7 1.8 1.8 0.1 0.1 0.0 0.0 0.0 0.0 0.0 0.0 1.7 1.7 1.7 0.1 0.1 0.0 0.0 0.0 0.0 0.0 05/07/1962
0.0 0.0 0.0 0.0 0.0 0.0 0.0 0.0 0.0 0.0 0.0 0.0 0.0 0.0 0.0 0.0 0.0 0.0 0.0 0.0 0.0 0.0 0.0 0.0 0.0 0.0 0.0 0.0 06/07/1962
0.0 0.0 0.0 0.0 0.0 0.0 0.0 0.0 0.0 0.0 0.0 0.0 0.0 0.0 0.0 0.0 0.0 0.0 0.0 0.0 0.0 0.0 0.0 0.0 0.0 0.0 0.0 0.0 07/07/1962
0.0 0.0 0.0 0.0 0.0 0.0 0.0 0.0 0.0 0.0 0.0 0.0 0.0 0.0 0.0 0.0 0.0 0.0 0.0 0.0 0.0 0.0 0.0 0.0 0.0 0.0 0.0 0.0 08/07/1962
0.0 5.7 5.7 5.7 5.7 5.7 3.4 3.5 3.5 3.6 0.1 0.1 0.0 0.0 5.8 5.8 5.8 5.8 3.4 3.4 3.5 0.1 0.1 0.0 0.0 0.0 0.0 0.0 09/07/1962
2.8 3.8 3.9 3.8 3.8 3.9 5.3 5.4 5.5 5.5 1.1 1.1 2.8 2.8 3.9 3.9 3.9 3.9 5.3 5.3 5.4 1.1 1.1 1.9 2.8 2.8 2.8 2.8 10/07/1962
14.7 10.3 10.3 10.3 10.3 10.3 14.9 15.1 15.3 15.4 15.2 15.2 14.9 14.9 10.4 10.4 10.4 10.4 14.7 15.0 15.0 14.9 14.7 10.4 14.8 14.8 15.0 15.0 11/07/1962
2.0 2.0 2.0 2.0 2.0 2.0 3.4 3.4 3.5 3.5 7.7 7.7 2.0 2.0 2.0 2.0 2.0 2.0 3.3 3.4 3.4 7.5 7.4 0.6 2.0 2.0 2.0 2.0 12/07/1962
3.7 2.5 2.5 2.5 2.5 2.5 0.9 0.9 0.9 0.9 0.4 0.4 3.7 3.7 2.5 2.5 2.5 2.5 0.9 0.9 0.9 0.4 0.4 6.8 3.7 3.7 3.7 3.8 13/07/1962
10.4 22.9 23.1 22.9 23.0 23.1 18.6 18.8 19.0 19.2 10.8 10.8 10.5 10.5 23.3 23.3 23.3 23.3 18.3 18.6 18.7 10.6 10.5 5.0 10.5 10.5 10.5 10.6 14/07/1962
3.6 1.8 1.8 1.8 1.8 1.8 21.6 21.9 22.2 22.4 7.9 7.9 3.6 3.6 1.8 1.8 1.8 1.8 21.3 21.7 21.8 7.8 7.7 0.8 3.6 3.6 3.6 3.6 15/07/1962
0.0 0.0 0.0 0.0 0.0 0.0 0.0 0.0 0.0 0.0 0.7 0.7 0.0 0.0 0.0 0.0 0.0 0.0 0.0 0.0 0.0 0.7 0.7 0.1 0.0 0.0 0.0 0.0 16/07/1962
0.0 0.0 0.0 0.0 0.0 0.0 0.0 0.0 0.0 0.0 0.0 0.0 0.0 0.0 0.0 0.0 0.0 0.0 0.0 0.0 0.0 0.0 0.0 0.0 0.0 0.0 0.0 0.0 17/07/1962
3.6 1.8 1.9 1.8 1.8 1.9 0.0 0.0 0.0 0.0 0.0 0.0 3.7 3.7 1.9 1.9 1.9 1.9 0.0 0.0 0.0 0.0 0.0 2.2 3.6 3.6 3.7 3.7 18/07/1962
1.2 0.0 0.0 0.0 0.0 0.0 9.4 9.5 9.6 9.7 6.6 6.6 1.2 1.2 0.0 0.0 0.0 0.0 9.2 9.4 9.5 6.5 6.4 0.5 1.2 1.2 1.2 1.3 19/07/1962
4.7 0.8 0.8 0.8 0.8 0.8 5.6 5.6 5.7 5.8 11.0 11.0 4.8 4.8 0.8 0.8 0.8 0.8 5.5 5.6 5.6 10.8 10.7 7.4 4.8 4.8 4.8 4.8 20/07/1962
1.1 2.2 2.2 2.2 2.2 2.2 0.6 0.5 0.5 0.5 0.9 0.9 1.1 1.1 2.2 2.2 2.2 2.2 0.6 0.6 0.6 0.8 0.8 0.1 1.1 1.1 1.1 1.1 21/07/1962
0.0 0.0 0.0 0.0 0.0 0.0 0.0 0.0 0.0 0.0 0.0 0.0 0.0 0.0 0.0 0.0 0.0 0.0 0.0 0.0 0.0 0.0 0.0 0.0 0.0 0.0 0.0 0.0 22/07/1962
0.0 0.0 0.0 0.0 0.0 0.0 0.0 0.0 0.0 0.0 0.0 0.0 0.0 0.0 0.0 0.0 0.0 0.0 0.0 0.0 0.0 0.0 0.0 0.0 0.0 0.0 0.0 0.0 23/07/1962
1.2 0.9 0.9 0.9 0.9 0.9 0.0 0.0 0.0 0.0 0.0 0.0 1.2 1.2 0.9 0.9 0.9 0.9 0.0 0.0 0.0 0.0 0.0 0.3 1.2 1.2 1.2 1.2 24/07/1962
5.0 5.3 5.3 5.3 5.3 5.3 1.4 1.5 1.5 1.5 2.2 2.2 5.1 5.1 5.4 5.4 5.4 5.4 1.4 1.4 1.5 2.1 2.1 2.2 5.1 5.1 5.1 5.1 25/07/1962
3.3 5.2 5.2 5.2 5.2 5.2 2.3 2.3 2.3 2.3 0.8 0.8 3.3 3.3 5.3 5.3 5.3 5.3 2.3 2.3 2.3 0.8 0.8 0.7 3.3 3.3 3.3 3.3 26/07/1962
0.0 0.0 0.0 0.0 0.0 0.0 0.0 0.0 0.0 0.0 0.0 0.0 0.0 0.0 0.0 0.0 0.0 0.0 0.0 0.0 0.0 0.0 0.0 0.0 0.0 0.0 0.0 0.0 27/07/1962
0.0 0.0 0.0 0.0 0.0 0.0 0.0 0.0 0.0 0.0 0.0 0.0 0.0 0.0 0.0 0.0 0.0 0.0 0.0 0.0 0.0 0.0 0.0 0.0 0.0 0.0 0.0 0.0 28/07/1962
0.0 0.0 0.0 0.0 0.0 0.0 0.0 0.0 0.0 0.0 0.0 0.0 0.0 0.0 0.0 0.0 0.0 0.0 0.0 0.0 0.0 0.0 0.0 0.0 0.0 0.0 0.0 0.0 29/07/1962
0.0 0.0 0.0 0.0 0.0 0.0 0.0 0.0 0.0 0.0 0.0 0.0 0.0 0.0 0.0 0.0 0.0 0.0 0.0 0.0 0.0 0.0 0.0 0.0 0.0 0.0 0.0 0.0 30/07/1962
0.0 0.0 0.0 0.0 0.0 0.0 0.0 0.0 0.0 0.0 0.0 0.0 0.0 0.0 0.0 0.0 0.0 0.0 0.0 0.0 0.0 0.0 0.0 0.0 0.0 0.0 0.0 0.0 31/07/1962
