# 460 461 462 463 464 465 489 490 491 492 493 494 518 519 520 521 522 523 547 548 549 550 551 575 576 577 578 579 Date
0.1 0.0 0.0 0.0 0.0 0.0 0.1 0.1 0.1 0.1 4.4 4.4 0.1 0.1 0.0 0.0 0.0 0.0 0.1 0.1 0.1 4.3 4.3 1.0 0.1 0.1 0.1 0.1 01/08/1963
11.3 3.4 3.4 3.4 3.4 3.4 18.4 18.6 18.9 19.0 2.6 2.6 11.5 11.5 3.4 3.4 3.4 3.4 18.1 18.4 18.6 2.5 2.5 18.6 11.4 11.4 11.5 11.5 02/08/1963
14.3 17.9 18.0 17.9 17.9 18.0 10.0 10.2 10.3 10.4 5.8 5.9 14.4 14.4 18.2 18.1 18.1 18.1 9.9 10.1 10.1 5.7 5.7 8.8 14.4 14.4 14.5 14.5 03/08/1963
24.4 17.1 17.2 17.1 17.1 17.2 3.5 3.6 3.6 3.6 5.5 5.6 24.7 24.7 17.4 17.3 17.3 17.4 3.5 3.5 3.5 5.4 5.4 12.9 24.5 24.5 24.7 24.8 04/08/1963
15.9 1.8 1.8 1.8 1.8 1.8 0.0 0.0 0.0 0.0 0.0 0.0 16.1 16.1 1.8 1.8 1.8 1.8 0.0 0.0 0.0 0.0 0.0 0.0 16.0 16.0 16.1 16.2 05/08/1963
0.1 2.2 2.2 2.2 2.2 2.2 0.0 0.0 0.0 0.0 5.0 5.0 0.1 0.1 2.2 2.2 2.2 2.2 0.0 0.0 0.0 4.9 4.9 0.0 0.1 0.1 0.1 0.1 06/08/1963
3.4 2.1 2.1 2.1 2.1 2.1 2.9 2.9 3.0 3.0 5.4 5.4 3.4 3.4 2.1 2.1 2.1 2.1 2.8 2.9 2.9 5.2 5.2 1.7 3.4 3.4 3.4 3.5 07/08/1963
0.1 0.2 0.2 0.2 0.2 0.2 4.5 4.6 4.7 4.7 10.0 10.0 0.1 0.1 0.2 0.2 0.2 0.2 4.5 4.6 4.6 9.8 9.7 0.2 0.1 0.1 0.1 0.1 08/08/1963
0.0 0.0 0.0 0.0 0.0 0.0 0.0 0.0 0.0 0.0 0.3 0.3 0.0 0.0 0.0 0.0 0.0 0.0 0.0 0.0 0.0 0.3 0.2 0.0 0.0 0.0 0.0 0.0 09/08/1963
3.7 1.1 1.1 1.1 1.1 1.1 0.0 0.0 0.0 0.0 0.2 0.2 3.8 3.8 1.1 1.1 1.1 1.1 0.0 0.0 0.0 0.2 0.2 0.6 3.7 3.7 3.8 3.8 10/08/1963
0.0 0.1 0.2 0.1 0.1 0.2 0.2 0.2 0.2 0.2 0.0 0.0 0.0 0.0 0.2 0.2 0.2 0.2 0.2 0.2 0.2 0.0 0.0 0.6 0.0 0.0 0.0 0.0 11/08/1963
0.0 0.0 0.0 0.0 0.0 0.0 0.0 0.0 0.0 0.0 0.0 0.0 0.0 0.0 0.0 0.0 0.0 0.0 0.0 0.0 0.0 0.0 0.0 0.0 0.0 0.0 0.0 0.0 12/08/1963
0.0 1.4 1.5 1.4 1.4 1.5 0.0 0.0 0.0 0.0 0.6 0.6 0.0 0.0 1.5 1.5 1.5 1.5 0.0 0.0 0.0 0.6 0.5 0.0 0.0 0.0 0.0 0.0 13/08/1963
0.4 1.0 1.1 1.0 1.1 1.1 1.7 1.8 1.8 1.8 0.9 0.9 0.4 0.4 1.3 1.2 1.2 1.3 1.7 1.7 1.7 0.9 0.9 0.0 0.4 0.4 0.4 0.4 14/08/1963
0.0 0.2 0.2 0.2 0.2 0.2 1.5 1.6 1.6 1.6 2.8 2.9 0.0 0.0 0.2 0.2 0.2 0.2 1.5 1.6 1.6 2.8 2.8 0.0 0.0 0.0 0.0 0.0 15/08/1963
8.1 5.3 5.4 5.3 5.3 5.4 7.2 7.3 7.4 7.5 6.8 6.8 8.2 8.2 5.4 5.4 5.4 5.4 7.1 7.2 7.3 6.7 6.6 6.6 8.1 8.1 8.2 8.2 16/08/1963
13.2 19.3 19.4 19.3 19.3 19.4 11.7 11.9 12.0 12.2 11.2 11.2 13.4 13.4 19.6 19.5 19.5 19.6 11.6 11.8 11.8 10.9 10.8 5.0 13.3 13.3 13.4 13.5 17/08/1963
8.7 4.5 4.5 4.5 4.5 4.5 14.2 14.4 14.5 14.7 17.0 17.1 8.8 8.8 4.5 4.5 4.5 4.5 14.0 14.2 14.3 16.7 16.5 0.6 8.7 8.7 8.8 8.8 18/08/1963
4.1 3.3 3.3 3.3 3.3 3.3 3.9 4.0 4.0 4.1 4.9 4.9 4.1 4.1 3.3 3.3 3.3 3.3 3.9 3.9 4.0 4.8 4.7 7.3 4.1 4.1 4.1 4.1 19/08/1963
16.3 11.4 11.4 11.4 11.4 11.4 5.6 5.6 5.7 5.8 6.7 6.7 16.6 16.6 11.5 11.5 11.5 11.5 5.5 5.6 5.6 6.6 6.5 7.9 16.4 16.4 16.6 16.6 20/08/1963
14.2 8.9 9.0 8.9 8.9 9.0 4.1 4.1 4.2 4.2 9.2 9.2 14.4 14.4 9.1 9.0 9.0 9.0 4.0 4.1 4.1 9.0 8.9 7.9 14.3 14.3 14.4 14.5 21/08/1963
1.5 3.4 3.4 3.4 3.4 3.4 9.6 9.7 9.8 9.9 10.9 10.9 1.5 1.5 3.4 3.4 3.4 3.4 9.4 9.6 9.7 10.7 10.6 2.0 1.5 1.5 1.5 1.5 22/08/1963
0.0 0.0 0.0 0.0 0.0 0.0 0.3 0.3 0.3 0.3 7.4 7.5 0.0 0.0 0.0 0.0 0.0 0.0 0.3 0.3 0.3 7.3 7.2 0.0 0.0 0.0 0.0 0.0 23/08/1963
0.0 0.0 0.0 0.0 0.0 0.0 0.2 0.3 0.3 0.3 0.5 0.5 0.0 0.0 0.0 0.0 0.0 0.0 0.2 0.2 0.2 0.5 0.4 0.0 0.0 0.0 0.0 0.0 24/08/1963
0.4 0.0 0.0 0.0 0.0 0.0 0.0 0.0 0.0 0.0 0.0 0.0 0.4 0.4 0.0 0.0 0.0 0.0 0.0 0.0 0.0 0.0 0.0 0.8 0.4 0.4 0.4 0.4 25/08/1963
0.2 0.2 0.2 0.2 0.2 0.2 13.7 13.8 14.0 14.1 8.7 8.8 0.2 0.2 0.2 0.2 0.2 0.2 13.5 13.7 13.8 8.6 8.5 0.0 0.2 0.2 0.2 0.2 26/08/1963
7.0 7.3 7.3 7.3 7.3 7.3 4.8 4.8 4.9 4.9 2.5 2.5 7.1 7.1 7.4 7.4 7.3 7.4 4.7 4.8 4.8 2.5 2.5 4.5 7.0 7.0 7.1 7.1 27/08/1963
2.9 0.3 0.3 0.3 0.3 0.3 0.3 0.3 0.3 0.3 1.3 1.3 2.9 2.9 0.4 0.4 0.4 0.4 0.3 0.3 0.3 1.3 1.3 0.0 2.9 2.9 2.9 2.9 28/08/1963
0.0 1.7 1.7 1.7 1.7 1.7 0.0 0.0 0.0 0.0 0.0 0.0 0.0 0.0 1.7 1.7 1.7 1.7 0.0 0.0 0.0 0.0 0.0 0.0 0.0 0.0 0.0 0.0 29/08/1963
12.0 7.0 7.1 7.1 7.1 7.1 1.2 1.2 1.2 1.2 3.9 3.9 12.1 12.1 7.2 7.2 7.1 7.2 1.1 1.2 1.2 3.8 3.8 10.0 12.1 12.1 12.1 12.2 30/08/1963
7.4 8.2 8.2 8.2 8.2 8.2 13.7 13.9 14.0 14.2 14.7 14.7 7.5 7.5 8.3 8.3 8.3 8.3 13.5 13.7 13.8 14.4 14.3 2.6 7.5 7.5 7.5 7.6 31/08/1963
10.0 5.5 5.5 5.5 5.5 5.5 7.6 7.7 7.8 7.9 4.7 4.7 10.1 10.1 5.6 5.6 5.6 5.6 7.5 7.7 7.7 4.6 4.6 8.0 10.1 10.1 10.1 10.2 01/09/1963
15.7 8.2 8.3 8.2 8.3 8.3 0.0 0.0 0.0 0.0 0.0 0.0 15.9 15.9 8.4 8.4 8.4 8.4 0.0 0.0 0.0 0.0 0.0 11.5 15.8 15.8 15.9 16.0 02/09/1963
4.5 1.2 1.2 1.2 1.2 1.2 11.5 11.6 11.8 11.9 4.3 4.3 4.5 4.5 1.2 1.2 1.2 1.2 11.3 11.5 11.6 4.2 4.1 4.7 4.5 4.5 4.5 4.5 03/09/1963
6.6 4.0 4.1 4.0 4.0 4.1 0.0 0.0 0.0 0.0 0.8 0.8 6.7 6.7 4.1 4.1 4.1 4.1 0.0 0.0 0.0 0.8 0.8 9.0 6.7 6.7 6.7 6.7 04/09/1963
10.0 4.0 4.0 4.0 4.0 4.0 6.4 6.4 6.5 6.6 6.2 6.2 10.1 10.1 4.0 4.0 4.0 4.0 6.3 6.4 6.4 6.1 6.0 6.9 10.0 10.0 10.1 10.1 05/09/1963
0.7 6.4 6.4 6.4 6.4 6.4 3.1 3.2 3.2 3.2 5.6 5.6 0.7 0.7 6.5 6.5 6.4 6.5 3.1 3.1 3.1 5.5 5.4 1.3 0.7 0.7 0.7 0.7 06/09/1963
0.0 0.0 0.0 0.0 0.0 0.0 0.0 0.0 0.0 0.0 0.0 0.0 0.0 0.0 0.0 0.0 0.0 0.0 0.0 0.0 0.0 0.0 0.0 0.0 0.0 0.0 0.0 0.0 07/09/1963
2.2 0.1 0.1 0.1 0.1 0.1 0.7 0.8 0.8 0.8 1.1 1.1 2.2 2.2 0.1 0.1 0.1 0.1 0.7 0.7 0.7 1.0 1.0 0.3 2.2 2.2 2.2 2.2 08/09/1963
0.0 0.0 0.0 0.0 0.0 0.0 0.0 0.0 0.0 0.0 0.2 0.2 0.0 0.0 0.0 0.0 0.0 0.0 0.0 0.0 0.0 0.2 0.2 0.0 0.0 0.0 0.0 0.0 09/09/1963
1.1 0.0 0.0 0.0 0.0 0.0 0.0 0.0 0.0 0.0 0.0 0.0 1.1 1.1 0.0 0.0 0.0 0.0 0.0 0.0 0.0 0.0 0.0 2.7 1.1 1.1 1.1 1.1 10/09/1963
0.7 0.3 0.3 0.3 0.3 0.3 0.0 0.0 0.0 0.0 0.1 0.1 0.7 0.7 0.3 0.3 0.3 0.3 0.0 0.0 0.0 0.1 0.1 0.1 0.7 0.7 0.7 0.7 11/09/1963
0.0 0.0 0.0 0.0 0.0 0.0 0.0 0.0 0.0 0.0 0.0 0.0 0.0 0.0 0.0 0.0 0.0 0.0 0.0 0.0 0.0 0.0 0.0 0.0 0.0 0.0 0.0 0.0 12/09/1963
0.0 0.2 0.2 0.2 0.2 0.2 0.0 0.0 0.0 0.0 0.0 0.0 0.0 0.0 0.2 0.2 0.2 0.2 0.0 0.0 0.0 0.0 0.0 0.0 0.0 0.0 0.0 0.0 13/09/1963
0.0 0.0 0.0 0.0 0.0 0.0 0.0 0.0 0.0 0.0 0.0 0.0 0.0 0.0 0.0 0.0 0.0 0.0 0.0 0.0 0.0 0.0 0.0 0.0 0.0 0.0 0.0 0.0 14/09/1963
0.0 0.0 0.0 0.0 0.0 0.0 0.0 0.0 0.0 0.0 0.0 0.0 0.0 0.0 0.0 0.0 0.0 0.0 0.0 0.0 0.0 0.0 0.0 0.0 0.0 0.0 0.0 0.0 15/09/1963
0.9 0.0 0.0 0.0 0.0 0.0 0.0 0.0 0.0 0.0 0.0 0.0 0.9 0.9 0.0 0.0 0.0 0.0 0.0 0.0 0.0 0.0 0.0 0.0 0.9 0.9 0.9 0.9 16/09/1963
0.0 2.1 2.1 2.1 2.1 2.1 0.0 0.0 0.0 0.0 0.0 0.0 0.0 0.0 2.2 2.2 2.2 2.2 0.0 0.0 0.0 0.0 0.0 0.0 0.0 0.0 0.0 0.0 17/09/1963
0.0 0.0 0.0 0.0 0.0 0.0 0.0 0.0 0.0 0.0 0.0 0.0 0.0 0.0 0.0 0.0 0.0 0.0 0.0 0.0 0.0 0.0 0.0 0.0 0.0 0.0 0.0 0.0 18/09/1963
0.0 0.0 0.0 0.0 0.0 0.0 0.0 0.0 0.0 0.0 0.0 0.0 0.0 0.0 0.0 0.0 0.0 0.0 0.0 0.0 0.0 0.0 0.0 0.0 0.0 0.0 0.0 0.0 19/09/1963
0.0 0.2 0.2 0.2 0.2 0.2 0.0 0.0 0.0 0.0 0.0 0.0 0.0 0.0 0.2 0.2 0.2 0.2 0.0 0.0 0.0 0.0 0.0 0.0 0.0 0.0 0.0 0.0 20/09/1963
0.0 0.2 0.2 0.2 0.2 0.2 0.0 0.0 0.0 0.0 0.0 0.0 0.0 0.0 0.2 0.2 0.2 0.2 0.0 0.0 0.0 0.0 0.0 0.0 0.0 0.0 0.0 0.0 21/09/1963
0.0 0.0 0.0 0.0 0.0 0.0 0.0 0.0 0.0 0.0 0.0 0.0 0.0 0.0 0.0 0.0 0.0 0.0 0.0 0.0 0.0 0.0 0.0 0.0 0.0 0.0 0.0 0.0 22/09/1963
8.0 12.0 12.0 12.0 12.0 12.0 0.0 0.0 0.0 0.0 0.0 0.0 8.1 8.1 12.2 12.1 12.1 12.1 0.0 0.0 0.0 0.0 0.0 7.2 8.0 8.0 8.1 8.1 23/09/1963
10.6 10.3 10.4 10.3 10.3 10.4 13.4 13.6 13.7 13.9 11.6 11.6 10.7 10.7 10.5 10.5 10.5 10.5 13.2 13.4 13.5 11.3 11.2 10.9 10.6 10.6 10.7 10.8 24/09/1963
4.2 1.9 1.9 1.9 1.9 1.9 1.4 1.4 1.4 1.4 0.6 0.6 4.2 4.2 2.0 2.0 2.0 2.0 1.4 1.4 1.4 0.5 0.5 0.7 4.2 4.2 4.2 4.2 25/09/1963
5.7 2.0 2.0 2.0 2.0 2.0 5.8 5.8 5.9 6.0 6.3 6.3 5.8 5.8 2.0 2.0 2.0 2.0 5.7 5.8 5.8 6.2 6.1 2.7 5.8 5.8 5.8 5.8 26/09/1963
0.0 0.2 0.2 0.2 0.2 0.2 0.0 0.0 0.0 0.0 0.0 0.0 0.0 0.0 0.2 0.2 0.2 0.2 0.0 0.0 0.0 0.0 0.0 0.1 0.0 0.0 0.0 0.0 27/09/1963
0.0 0.0 0.0 0.0 0.0 0.0 0.0 0.0 0.0 0.0 0.0 0.0 0.0 0.0 0.0 0.0 0.0 0.0 0.0 0.0 0.0 0.0 0.0 0.0 0.0 0.0 0.0 0.0 28/09/1963
0.2 0.0 0.0 0.0 0.0 0.0 0.0 0.0 0.0 0.0 0.0 0.0 0.2 0.2 0.0 0.0 0.0 0.0 0.0 0.0 0.0 0.0 0.0 0.0 0.2 0.2 0.2 0.2 29/09/1963
0.0 0.0 0.0 0.0 0.0 0.0 0.0 0.0 0.0 0.0 0.0 0.0 0.0 0.0 0.0 0.0 0.0 0.0 0.0 0.0 0.0 0.0 0.0 0.0 0.0 0.0 0.0 0.0 30/09/1963
11.3 9.0 9.0 9.0 9.0 9.0 4.7 4.8 4.8 4.9 2.9 2.9 11.4 11.4 9.1 9.1 9.1 9.1 4.6 4.7 4.7 2.9 2.8 9.3 11.3 11.3 11.4 11.5 01/10/1963
0.0 1.5 1.5 1.5 1.5 1.5 0.0 0.0 0.0 0.0 0.1 0.1 0.0 0.0 1.5 1.5 1.5 1.5 0.0 0.0 0.0 0.1 0.1 0.1 0.0 0.0 0.0 0.0 02/10/1963
12.3 8.0 8.1 8.0 8.1 8.1 9.9 10.1 10.2 10.3 7.1 7.1 12.4 12.4 8.2 8.2 8.2 8.2 9.8 10.0 10.0 7.0 6.9 5.3 12.4 12.4 12.5 12.5 03/10/1963
2.7 1.8 1.8 1.8 1.8 1.8 2.4 2.4 2.4 2.4 6.4 6.4 2.7 2.7 1.8 1.8 1.8 1.8 2.4 2.4 2.4 6.2 6.2 4.2 2.7 2.7 2.7 2.7 04/10/1963
6.0 8.5 8.6 8.5 8.5 8.6 14.3 14.5 14.7 14.9 12.4 12.4 6.0 6.0 8.7 8.6 8.6 8.6 14.1 14.4 14.5 12.1 12.1 2.4 6.0 6.0 6.1 6.1 05/10/1963
5.2 5.1 5.1 5.1 5.1 5.1 31.4 31.8 32.2 32.5 31.7 31.8 5.2 5.2 5.1 5.1 5.1 5.1 30.9 31.4 31.6 31.0 30.8 3.1 5.2 5.2 5.2 5.2 06/10/1963
1.8 0.2 0.2 0.2 0.2 0.2 1.8 1.8 1.8 1.8 0.1 0.1 1.8 1.8 0.2 0.2 0.2 0.2 1.8 1.8 1.8 0.1 0.1 0.0 1.8 1.8 1.8 1.8 07/10/1963
0.4 0.8 0.8 0.8 0.8 0.8 0.3 0.3 0.3 0.3 0.0 0.0 0.4 0.4 0.8 0.8 0.8 0.8 0.3 0.3 0.3 0.0 0.0 0.8 0.4 0.4 0.4 0.4 08/10/1963
0.1 0.0 0.0 0.0 0.0 0.0 0.7 0.7 0.7 0.7 1.0 1.0 0.1 0.1 0.0 0.0 0.0 0.0 0.6 0.7 0.7 1.0 1.0 0.0 0.1 0.1 0.1 0.1 09/10/1963
0.0 0.0 0.0 0.0 0.0 0.0 0.1 0.1 0.1 0.1 0.0 0.0 0.0 0.0 0.0 0.0 0.0 0.0 0.1 0.1 0.1 0.0 0.0 0.0 0.0 0.0 0.0 0.0 10/10/1963
0.0 0.1 0.1 0.1 0.1 0.1 0.0 0.0 0.0 0.0 0.0 0.0 0.0 0.0 0.1 0.1 0.1 0.1 0.0 0.0 0.0 0.0 0.0 0.0 0.0 0.0 0.0 0.0 11/10/1963
0.0 0.0 0.0 0.0 0.0 0.0 0.0 0.0 0.0 0.0 0.0 0.0 0.0 0.0 0.0 0.0 0.0 0.0 0.0 0.0 0.0 0.0 0.0 0.0 0.0 0.0 0.0 0.0 12/10/1963
0.0 0.0 0.0 0.0 0.0 0.0 0.0 0.0 0.0 0.0 0.2 0.2 0.0 0.0 0.0 0.0 0.0 0.0 0.0 0.0 0.0 0.2 0.2 0.0 0.0 0.0 0.0 0.0 13/10/1963
0.0 0.0 0.0 0.0 0.0 0.0 0.0 0.0 0.0 0.0 0.0 0.0 0.0 0.0 0.0 0.0 0.0 0.0 0.0 0.0 0.0 0.0 0.0 0.0 0.0 0.0 0.0 0.0 14/10/1963
0.0 0.0 0.0 0.0 0.0 0.0 0.0 0.0 0.0 0.0 0.0 0.0 0.0 0.0 0.0 0.0 0.0 0.0 0.0 0.0 0.0 0.0 0.0 0.0 0.0 0.0 0.0 0.0 15/10/1963
3.1 4.8 4.8 4.8 4.8 4.8 1.6 1.6 1.6 1.7 1.5 1.5 3.1 3.1 4.8 4.8 4.8 4.8 1.6 1.6 1.6 1.5 1.4 4.5 3.1 3.1 3.1 3.1 16/10/1963
0.0 0.2 0.2 0.2 0.2 0.2 3.8 3.9 3.9 4.0 2.8 2.8 0.0 0.0 0.2 0.2 0.2 0.2 3.8 3.8 3.9 2.7 2.7 0.0 0.0 0.0 0.0 0.0 17/10/1963
0.0 0.1 0.1 0.1 0.1 0.1 0.0 0.0 0.0 0.0 0.0 0.0 0.0 0.0 0.1 0.1 0.1 0.1 0.0 0.0 0.0 0.0 0.0 0.0 0.0 0.0 0.0 0.0 18/10/1963
0.2 0.8 0.8 0.8 0.8 0.8 0.0 0.0 0.0 0.0 0.0 0.0 0.2 0.2 0.8 0.8 0.8 0.8 0.0 0.0 0.0 0.0 0.0 0.0 0.2 0.2 0.2 0.2 19/10/1963
5.5 2.1 2.1 2.1 2.1 2.1 0.0 0.0 0.0 0.0 0.0 0.0 5.6 5.6 2.1 2.1 2.1 2.1 0.0 0.0 0.0 0.0 0.0 5.6 5.5 5.5 5.6 5.6 20/10/1963
2.1 0.6 0.6 0.6 0.6 0.6 0.9 0.9 0.9 0.9 0.2 0.2 2.2 2.2 0.6 0.6 0.6 0.6 0.9 0.9 0.9 0.2 0.2 1.1 2.1 2.1 2.2 2.2 21/10/1963
0.0 0.1 0.1 0.1 0.1 0.1 0.9 0.9 0.9 0.9 1.3 1.3 0.0 0.0 0.1 0.1 0.1 0.1 0.9 0.9 0.9 1.3 1.3 0.1 0.0 0.0 0.0 0.0 22/10/1963
0.2 0.2 0.2 0.2 0.2 0.2 0.0 0.0 0.0 0.0 0.0 0.0 0.2 0.2 0.2 0.2 0.2 0.2 0.0 0.0 0.0 0.0 0.0 0.0 0.2 0.2 0.2 0.2 23/10/1963
0.2 0.1 0.1 0.1 0.1 0.1 0.0 0.0 0.0 0.0 0.2 0.2 0.2 0.2 0.1 0.1 0.1 0.1 0.0 0.0 0.0 0.2 0.2 0.0 0.2 0.2 0.2 0.2 24/10/1963
0.0 0.0 0.0 0.0 0.0 0.0 0.0 0.0 0.0 0.0 0.0 0.0 0.0 0.0 0.0 0.0 0.0 0.0 0.0 0.0 0.0 0.0 0.0 0.0 0.0 0.0 0.0 0.0 25/10/1963
0.0 0.1 0.1 0.1 0.1 0.1 0.0 0.0 0.0 0.0 0.0 0.0 0.0 0.0 0.1 0.1 0.1 0.1 0.0 0.0 0.0 0.0 0.0 0.0 0.0 0.0 0.0 0.0 26/10/1963
0.0 0.0 0.0 0.0 0.0 0.0 0.0 0.0 0.0 0.0 0.0 0.0 0.0 0.0 0.0 0.0 0.0 0.0 0.0 0.0 0.0 0.0 0.0 0.0 0.0 0.0 0.0 0.0 27/10/1963
0.0 0.0 0.0 0.0 0.0 0.0 0.0 0.0 0.0 0.0 0.0 0.0 0.0 0.0 0.0 0.0 0.0 0.0 0.0 0.0 0.0 0.0 0.0 0.0 0.0 0.0 0.0 0.0 28/10/1963
0.0 0.0 0.0 0.0 0.0 0.0 0.0 0.0 0.0 0.0 0.0 0.0 0.0 0.0 0.0 0.0 0.0 0.0 0.0 0.0 0.0 0.0 0.0 0.0 0.0 0.0 0.0 0.0 29/10/1963
6.8 3.2 3.2 3.2 3.2 3.2 0.9 0.9 0.9 1.0 0.6 0.6 6.9 6.9 3.3 3.3 3.3 3.3 0.9 0.9 0.9 0.6 0.6 9.3 6.9 6.9 6.9 6.9 30/10/1963
0.7 2.6 2.6 2.6 2.6 2.6 6.7 6.8 6.9 6.9 8.7 8.8 0.7 0.7 2.6 2.6 2.6 2.6 6.6 6.7 6.8 8.6 8.5 1.3 0.7 0.7 0.7 0.7 31/10/1963
0.0 0.1 0.1 0.1 0.1 0.1 0.0 0.0 0.0 0.0 0.2 0.2 0.0 0.0 0.1 0.1 0.1 0.1 0.0 0.0 0.0 0.2 0.2 0.0 0.0 0.0 0.0 0.0 01/11/1963
0.0 0.1 0.1 0.1 0.1 0.1 0.0 0.0 0.0 0.0 0.0 0.0 0.0 0.0 0.1 0.1 0.1 0.1 0.0 0.0 0.0 0.0 0.0 0.0 0.0 0.0 0.0 0.0 02/11/1963
0.9 2.0 2.0 2.0 2.0 2.0 0.0 0.0 0.0 0.0 0.0 0.0 0.9 0.9 2.0 2.0 2.0 2.0 0.0 0.0 0.0 0.0 0.0 0.4 0.9 0.9 0.9 0.9 03/11/1963
6.4 0.2 0.2 0.2 0.2 0.2 1.3 1.3 1.4 1.4 0.1 0.1 6.5 6.5 0.2 0.2 0.2 0.2 1.3 1.3 1.3 0.1 0.1 6.1 6.4 6.4 6.5 6.5 04/11/1963
3.3 4.8 4.9 4.8 4.8 4.9 3.3 3.3 3.3 3.4 3.0 3.0 3.3 3.3 4.9 4.9 4.9 4.9 3.2 3.3 3.3 2.9 2.9 4.7 3.3 3.3 3.3 3.3 05/11/1963
9.5 2.6 2.6 2.6 2.6 2.6 2.9 2.9 3.0 3.0 3.6 3.6 9.7 9.7 2.7 2.6 2.6 2.6 2.8 2.9 2.9 3.5 3.5 11.8 9.6 9.6 9.7 9.7 06/11/1963
9.8 16.7 16.8 16.7 16.7 16.8 8.1 8.2 8.3 8.3 10.2 10.3 9.9 9.9 17.0 17.0 16.9 17.0 7.9 8.1 8.1 10.0 9.9 4.8 9.9 9.9 9.9 10.0 07/11/1963
1.9 1.0 1.0 1.0 1.0 1.0 1.9 1.9 2.0 2.0 14.2 14.2 1.9 1.9 1.0 1.0 1.0 1.0 1.9 1.9 1.9 13.9 13.8 0.4 1.9 1.9 1.9 2.0 08/11/1963
2.7 3.7 3.7 3.7 3.7 3.7 2.7 2.7 2.7 2.7 0.7 0.7 2.7 2.7 3.8 3.7 3.7 3.8 2.6 2.7 2.7 0.7 0.7 0.9 2.7 2.7 2.7 2.7 09/11/1963
0.8 3.4 3.4 3.4 3.4 3.4 9.6 9.7 9.8 9.9 10.9 11.0 0.8 0.8 3.4 3.4 3.4 3.4 9.4 9.6 9.7 10.7 10.6 0.1 0.8 0.8 0.8 0.8 10/11/1963
2.2 2.9 2.9 2.9 2.9 2.9 17.0 17.2 17.5 17.6 18.5 18.6 2.2 2.2 3.0 2.9 2.9 2.9 16.8 17.1 17.2 18.1 18.0 5.4 2.2 2.2 2.2 2.3 11/11/1963
2.2 0.6 0.6 0.6 0.6 0.6 2.1 2.1 2.1 2.1 0.5 0.5 2.3 2.3 0.6 0.6 0.6 0.6 2.0 2.1 2.1 0.5 0.5 2.2 2.2 2.2 2.3 2.3 12/11/1963
7.9 4.6 4.6 4.6 4.6 4.7 2.3 2.3 2.3 2.3 1.1 1.1 8.0 8.0 4.7 4.7 4.7 4.7 2.2 2.3 2.3 1.0 1.0 4.2 8.0 8.0 8.1 8.1 13/11/1963
17.1 14.0 14.1 14.0 14.0 14.1 10.5 10.6 10.8 10.9 5.9 5.9 17.3 17.3 14.2 14.2 14.2 14.2 10.3 10.5 10.6 5.8 5.7 21.9 17.2 17.2 17.3 17.4 14/11/1963
8.4 7.0 7.0 7.0 7.0 7.0 4.2 4.2 4.3 4.3 6.5 6.5 8.5 8.5 7.1 7.1 7.1 7.1 4.1 4.2 4.2 6.3 6.3 7.7 8.4 8.4 8.5 8.5 15/11/1963
20.3 6.3 6.4 6.3 6.3 6.4 5.0 5.0 5.1 5.1 3.4 3.4 20.5 20.5 6.4 6.4 6.4 6.4 4.9 5.0 5.0 3.3 3.3 14.0 20.4 20.4 20.5 20.6 16/11/1963
11.6 17.8 17.9 17.8 17.9 18.0 15.6 15.8 15.9 16.1 24.4 24.5 11.7 11.7 18.1 18.1 18.1 18.1 15.4 15.6 15.7 23.9 23.7 5.9 11.7 11.7 11.7 11.8 17/11/1963
0.0 0.2 0.2 0.2 0.2 0.2 0.2 0.2 0.2 0.2 0.2 0.2 0.0 0.0 0.2 0.2 0.2 0.2 0.2 0.2 0.2 0.2 0.2 0.1 0.0 0.0 0.0 0.0 18/11/1963
31.8 28.1 28.3 28.1 28.2 28.3 31.7 32.1 32.5 32.9 24.9 24.9 32.2 32.2 28.6 28.5 28.5 28.6 31.3 31.8 32.0 24.3 24.2 23.5 32.0 32.0 32.2 32.3 19/11/1963
14.5 11.1 11.2 11.1 11.1 11.2 7.8 7.9 8.0 8.0 7.7 7.7 14.7 14.7 11.3 11.3 11.3 11.3 7.7 7.8 7.8 7.6 7.5 5.7 14.6 14.6 14.7 14.8 20/11/1963
1.3 0.5 0.5 0.5 0.5 0.5 1.2 1.2 1.2 1.3 0.4 0.4 1.3 1.3 0.5 0.5 0.5 0.5 1.2 1.2 1.2 0.4 0.4 3.2 1.3 1.3 1.3 1.3 21/11/1963
4.1 4.0 4.0 4.0 4.0 4.0 6.3 6.4 6.4 6.5 8.9 8.9 4.1 4.1 4.0 4.0 4.0 4.0 6.2 6.3 6.3 8.7 8.6 3.5 4.1 4.1 4.1 4.1 22/11/1963
0.8 0.0 0.0 0.0 0.0 0.0 0.2 0.2 0.2 0.2 0.2 0.2 0.8 0.8 0.0 0.0 0.0 0.0 0.2 0.2 0.2 0.2 0.2 0.2 0.8 0.8 0.8 0.8 23/11/1963
6.9 3.3 3.3 3.3 3.3 3.3 2.7 2.8 2.8 2.8 3.1 3.1 7.0 7.0 3.4 3.3 3.3 3.4 2.7 2.8 2.8 3.0 3.0 5.8 6.9 6.9 7.0 7.0 24/11/1963
0.0 1.0 1.0 1.0 1.0 1.0 0.6 0.6 0.6 0.6 6.0 6.0 0.0 0.0 1.0 1.0 1.0 1.0 0.6 0.6 0.6 5.9 5.9 0.0 0.0 0.0 0.0 0.0 25/11/1963
5.7 2.0 2.0 2.0 2.0 2.0 0.1 0.1 0.1 0.1 0.5 0.5 5.8 5.8 2.0 2.0 2.0 2.0 0.1 0.1 0.1 0.5 0.5 7.9 5.7 5.7 5.8 5.8 26/11/1963
1.4 0.2 0.2 0.2 0.2 0.2 0.0 0.0 0.0 0.0 0.0 0.0 1.4 1.4 0.2 0.2 0.2 0.2 0.0 0.0 0.0 0.0 0.0 0.0 1.4 1.4 1.4 1.4 27/11/1963
0.1 0.0 0.0 0.0 0.0 0.0 0.0 0.0 0.0 0.0 0.0 0.0 0.1 0.1 0.0 0.0 0.0 0.0 0.0 0.0 0.0 0.0 0.0 0.3 0.1 0.1 0.1 0.1 28/11/1963
0.4 0.1 0.1 0.1 0.1 0.1 0.0 0.0 0.0 0.0 0.1 0.1 0.4 0.4 0.0 0.1 0.1 0.0 0.0 0.0 0.0 0.1 0.1 0.0 0.4 0.4 0.4 0.3 29/11/1963
1.1 0.1 0.1 0.1 0.1 0.1 0.0 0.0 0.0 0.0 0.0 0.0 0.9 0.9 0.0 0.1 0.1 0.1 0.0 0.0 0.0 0.0 0.0 0.0 1.0 1.0 0.9 0.9 30/11/1963
0.0 0.0 0.0 0.0 0.0 0.0 0.0 0.0 0.0 0.0 0.0 0.0 0.0 0.0 0.0 0.0 0.0 0.0 0.0 0.0 0.0 0.0 0.0 0.0 0.0 0.0 0.0 0.0 01/12/1963
0.3 0.1 0.1 0.1 0.1 0.1 0.0 0.0 0.0 0.0 0.0 0.0 0.3 0.3 0.1 0.1 0.1 0.1 0.0 0.0 0.0 0.0 0.0 0.0 0.3 0.3 0.3 0.3 02/12/1963
0.0 0.0 0.0 0.0 0.0 0.0 1.0 1.0 1.0 1.0 1.7 1.7 0.0 0.0 0.0 0.0 0.0 0.0 1.0 1.0 1.0 1.6 1.6 0.0 0.0 0.0 0.0 0.0 03/12/1963
1.2 7.3 7.4 7.3 7.3 7.4 1.8 1.9 1.9 1.9 0.8 0.8 1.2 1.2 7.4 7.4 7.4 7.4 1.8 1.8 1.9 0.8 0.8 1.9 1.2 1.2 1.2 1.2 04/12/1963
0.0 0.0 0.0 0.0 0.0 0.0 0.0 0.0 0.0 0.0 0.0 0.0 0.0 0.0 0.0 0.0 0.0 0.0 0.0 0.0 0.0 0.0 0.0 0.0 0.0 0.0 0.0 0.0 05/12/1963
0.0 0.0 0.0 0.0 0.0 0.0 0.0 0.0 0.0 0.0 0.0 0.0 0.0 0.0 0.0 0.0 0.0 0.0 0.0 0.0 0.0 0.0 0.0 0.0 0.0 0.0 0.0 0.0 06/12/1963
0.0 0.0 0.0 0.0 0.0 0.0 0.0 0.0 0.0 0.0 0.0 0.0 0.0 0.0 0.0 0.0 0.0 0.0 0.0 0.0 0.0 0.0 0.0 0.0 0.0 0.0 0.0 0.0 07/12/1963
0.0 0.0 0.0 0.0 0.0 0.0 0.0 0.0 0.0 0.0 0.0 0.0 0.0 0.0 0.0 0.0 0.0 0.0 0.0 0.0 0.0 0.0 0.0 0.0 0.0 0.0 0.0 0.0 08/12/1963
0.0 0.0 0.0 0.0 0.0 0.0 0.0 0.0 0.0 0.0 0.0 0.0 0.0 0.0 0.0 0.0 0.0 0.0 0.0 0.0 0.0 0.0 0.0 0.0 0.0 0.0 0.0 0.0 09/12/1963
0.4 0.1 0.1 0.1 0.1 0.1 0.0 0.0 0.0 0.0 0.0 0.0 0.3 0.3 0.1 0.1 0.1 0.1 0.0 0.0 0.0 0.0 0.0 0.0 0.3 0.3 0.3 0.3 10/12/1963
1.0 0.1 0.1 0.1 0.1 0.1 0.0 0.0 0.0 0.0 0.0 0.0 1.0 1.0 0.1 0.1 0.1 0.1 0.0 0.0 0.0 0.0 0.0 1.0 1.0 1.0 1.0 1.0 11/12/1963
0.0 0.0 0.0 0.0 0.0 0.0 0.0 0.0 0.0 0.0 0.0 0.0 0.0 0.0 0.0 0.0 0.0 0.0 0.0 0.0 0.0 0.0 0.0 0.0 0.0 0.0 0.0 0.0 12/12/1963
0.0 0.0 0.0 0.0 0.0 0.0 0.0 0.0 0.0 0.0 0.0 0.0 0.0 0.0 0.0 0.0 0.0 0.0 0.0 0.0 0.0 0.0 0.0 0.0 0.0 0.0 0.0 0.0 13/12/1963
0.0 0.0 0.0 0.0 0.0 0.0 0.0 0.0 0.0 0.0 0.0 0.0 0.0 0.0 0.0 0.0 0.0 0.0 0.0 0.0 0.0 0.0 0.0 0.0 0.0 0.0 0.0 0.0 14/12/1963
0.0 0.0 0.0 0.0 0.0 0.0 0.0 0.0 0.0 0.0 0.0 0.0 0.0 0.0 0.0 0.0 0.0 0.0 0.0 0.0 0.0 0.0 0.0 0.0 0.0 0.0 0.0 0.0 15/12/1963
1.4 0.1 0.1 0.1 0.1 0.1 0.0 0.0 0.0 0.0 0.0 0.0 1.4 1.4 0.1 0.1 0.1 0.1 0.0 0.0 0.0 0.0 0.0 1.0 1.4 1.4 1.4 1.4 16/12/1963
1.4 0.0 0.0 0.0 0.0 0.0 0.0 0.0 0.0 0.0 0.0 0.0 1.4 1.4 0.0 0.0 0.0 0.0 0.0 0.0 0.0 0.0 0.0 2.3 1.4 1.4 1.4 1.4 17/12/1963
0.0 0.3 0.3 0.3 0.3 0.3 0.0 0.0 0.0 0.0 0.0 0.0 0.0 0.0 0.3 0.3 0.3 0.3 0.0 0.0 0.0 0.0 0.0 0.0 0.0 0.0 0.0 0.0 18/12/1963
0.0 0.0 0.0 0.0 0.0 0.0 0.0 0.0 0.0 0.0 0.0 0.0 0.0 0.0 0.0 0.0 0.0 0.0 0.0 0.0 0.0 0.0 0.0 0.1 0.0 0.0 0.0 0.0 19/12/1963
0.0 0.0 0.0 0.0 0.0 0.0 0.0 0.0 0.0 0.0 0.0 0.0 0.0 0.0 0.0 0.0 0.0 0.0 0.0 0.0 0.0 0.0 0.0 0.0 0.0 0.0 0.0 0.0 20/12/1963
0.0 0.0 0.0 0.0 0.0 0.0 0.0 0.0 0.0 0.0 0.0 0.0 0.0 0.0 0.0 0.0 0.0 0.0 0.0 0.0 0.0 0.0 0.0 0.9 0.0 0.0 0.0 0.0 21/12/1963
0.0 0.0 0.0 0.0 0.0 0.0 0.0 0.0 0.0 0.0 0.0 0.0 0.0 0.0 0.0 0.0 0.0 0.0 0.0 0.0 0.0 0.0 0.0 0.0 0.0 0.0 0.0 0.0 22/12/1963
0.0 0.0 0.0 0.0 0.0 0.0 0.0 0.0 0.0 0.0 0.0 0.0 0.0 0.0 0.0 0.0 0.0 0.0 0.0 0.0 0.0 0.0 0.0 0.0 0.0 0.0 0.0 0.0 23/12/1963
0.0 0.0 0.0 0.0 0.0 0.0 0.0 0.0 0.0 0.0 0.0 0.0 0.0 0.0 0.0 0.0 0.0 0.0 0.0 0.0 0.0 0.0 0.0 0.0 0.0 0.0 0.0 0.0 24/12/1963
8.7 3.5 3.5 3.5 3.5 3.5 1.7 1.8 1.8 1.8 3.0 3.0 8.8 8.8 3.5 3.5 3.5 3.5 1.7 1.7 1.8 2.9 2.9 3.1 8.7 8.7 8.8 8.8 25/12/1963
3.2 1.7 1.7 1.7 1.7 1.7 4.0 4.0 4.1 4.1 6.4 6.5 3.3 3.3 1.7 1.7 1.7 1.7 3.9 4.0 4.0 6.3 6.3 0.1 3.2 3.2 3.3 3.3 26/12/1963
0.0 0.1 0.1 0.1 0.1 0.1 1.2 1.2 1.3 1.4 0.0 0.0 0.0 0.0 0.1 0.1 0.1 0.1 1.1 1.2 1.2 0.0 0.0 0.0 0.0 0.0 0.0 0.0 27/12/1963
0.0 0.0 0.0 0.0 0.0 0.0 0.0 0.0 0.0 0.0 0.0 0.0 0.0 0.0 0.0 0.0 0.0 0.0 0.0 0.0 0.0 0.0 0.0 0.0 0.0 0.0 0.0 0.0 28/12/1963
0.0 0.1 0.1 0.1 0.1 0.1 0.3 0.3 0.3 0.3 0.1 0.1 0.0 0.0 0.1 0.1 0.1 0.1 0.3 0.3 0.3 0.1 0.1 0.1 0.0 0.0 0.0 0.0 29/12/1963
0.0 0.1 0.1 0.1 0.1 0.1 0.5 0.5 0.5 0.5 0.0 0.0 0.0 0.0 0.1 0.1 0.1 0.1 0.5 0.5 0.5 0.0 0.0 0.0 0.0 0.0 0.0 0.0 30/12/1963
0.5 0.3 0.3 0.3 0.3 0.3 0.3 0.3 0.3 0.3 0.3 0.3 0.5 0.5 0.3 0.3 0.3 0.3 0.3 0.3 0.3 0.3 0.3 0.1 0.5 0.5 0.5 0.5 31/12/1963
0.0 0.0 0.0 0.0 0.0 0.0 0.0 0.0 0.0 0.0 0.0 0.0 0.0 0.0 0.0 0.0 0.0 0.0 0.0 0.0 0.0 0.0 0.0 0.0 0.0 0.0 0.0 0.0 01/01/1964
0.1 0.0 0.0 0.0 0.0 0.0 0.0 0.0 0.0 0.0 0.0 0.0 0.1 0.1 0.0 0.0 0.0 0.0 0.0 0.0 0.0 0.0 0.0 0.0 0.1 0.1 0.1 0.1 02/01/1964
0.0 0.0 0.0 0.0 0.0 0.0 0.0 0.0 0.0 0.0 0.0 0.0 0.0 0.0 0.0 0.0 0.0 0.0 0.0 0.0 0.0 0.0 0.0 0.0 0.0 0.0 0.0 0.0 03/01/1964
0.0 0.0 0.0 0.0 0.0 0.0 0.0 0.0 0.0 0.0 0.0 0.0 0.0 0.0 0.0 0.0 0.0 0.0 0.0 0.0 0.0 0.0 0.0 0.0 0.0 0.0 0.0 0.0 04/01/1964
0.0 0.0 0.0 0.0 0.0 0.0 0.0 0.0 0.0 0.0 0.0 0.0 0.0 0.0 0.0 0.0 0.0 0.0 0.0 0.0 0.0 0.0 0.0 0.1 0.0 0.0 0.0 0.0 05/01/1964
0.0 0.0 0.0 0.0 0.0 0.0 0.0 0.0 0.0 0.0 0.0 0.0 0.0 0.0 0.0 0.0 0.0 0.0 0.0 0.0 0.0 0.0 0.0 0.0 0.0 0.0 0.0 0.0 06/01/1964
0.0 0.0 0.0 0.0 0.0 0.0 0.0 0.0 0.0 0.0 0.0 0.0 0.0 0.0 0.0 0.0 0.0 0.0 0.0 0.0 0.0 0.0 0.0 0.0 0.0 0.0 0.0 0.0 07/01/1964
0.0 0.2 0.2 0.2 0.2 0.2 0.0 0.0 0.0 0.0 0.0 0.0 0.0 0.0 0.2 0.2 0.2 0.2 0.0 0.0 0.0 0.0 0.0 0.1 0.0 0.0 0.0 0.0 08/01/1964
0.3 0.0 0.0 0.0 0.0 0.0 0.5 0.5 0.5 0.5 1.2 1.2 0.3 0.3 0.0 0.0 0.0 0.0 0.5 0.5 0.5 1.1 1.1 0.6 0.3 0.3 0.3 0.3 09/01/1964
0.1 0.1 0.1 0.1 0.1 0.1 0.4 0.5 0.5 0.5 2.1 2.1 0.1 0.1 0.1 0.1 0.1 0.1 0.4 0.5 0.5 2.1 2.1 0.0 0.1 0.1 0.1 0.1 10/01/1964
0.0 0.0 0.0 0.0 0.0 0.0 0.0 0.0 0.0 0.0 0.0 0.0 0.0 0.0 0.0 0.0 0.0 0.0 0.0 0.0 0.0 0.0 0.0 0.0 0.0 0.0 0.0 0.0 11/01/1964
0.0 0.0 0.0 0.0 0.0 0.0 0.0 0.0 0.0 0.0 0.0 0.0 0.0 0.0 0.0 0.0 0.0 0.0 0.0 0.0 0.0 0.0 0.0 0.0 0.0 0.0 0.0 0.0 12/01/1964
1.9 2.2 2.1 2.2 2.2 2.1 2.0 1.7 1.5 1.2 1.2 1.1 1.6 1.6 1.8 1.8 1.9 1.8 2.4 2.0 1.8 1.8 2.1 1.3 1.7 1.7 1.6 1.5 13/01/1964
0.2 0.5 0.5 0.5 0.5 0.5 0.8 0.8 0.8 0.8 0.9 0.9 0.2 0.2 0.5 0.5 0.5 0.5 0.7 0.8 0.8 0.9 0.8 0.4 0.2 0.2 0.2 0.2 14/01/1964
0.0 0.0 0.0 0.0 0.0 0.0 0.0 0.0 0.0 0.0 0.0 0.0 0.0 0.0 0.0 0.0 0.0 0.0 0.0 0.0 0.0 0.0 0.0 0.0 0.0 0.0 0.0 0.0 15/01/1964
0.0 0.0 0.0 0.0 0.0 0.0 0.0 0.0 0.0 0.0 0.0 0.0 0.0 0.0 0.0 0.0 0.0 0.0 0.0 0.0 0.0 0.0 0.0 0.0 0.0 0.0 0.0 0.0 16/01/1964
0.0 0.0 0.0 0.0 0.0 0.0 0.0 0.0 0.0 0.0 0.0 0.0 0.0 0.0 0.0 0.0 0.0 0.0 0.0 0.0 0.0 0.0 0.0 0.0 0.0 0.0 0.0 0.0 17/01/1964
0.0 0.0 0.0 0.0 0.0 0.0 0.0 0.0 0.0 0.0 0.0 0.0 0.0 0.0 0.0 0.0 0.0 0.0 0.0 0.0 0.0 0.0 0.0 0.0 0.0 0.0 0.0 0.0 18/01/1964
0.0 0.0 0.0 0.0 0.0 0.0 0.0 0.0 0.0 0.0 0.0 0.0 0.0 0.0 0.0 0.0 0.0 0.0 0.0 0.0 0.0 0.0 0.0 0.0 0.0 0.0 0.0 0.0 19/01/1964
0.0 0.0 0.0 0.0 0.0 0.0 0.0 0.0 0.0 0.0 0.0 0.0 0.0 0.0 0.0 0.0 0.0 0.0 0.0 0.0 0.0 0.0 0.0 0.0 0.0 0.0 0.0 0.0 20/01/1964
0.0 0.0 0.0 0.0 0.0 0.0 0.0 0.0 0.0 0.0 0.0 0.0 0.0 0.0 0.0 0.0 0.0 0.0 0.0 0.0 0.0 0.0 0.0 0.0 0.0 0.0 0.0 0.0 21/01/1964
0.0 0.0 0.0 0.0 0.0 0.0 0.0 0.0 0.0 0.0 0.0 0.0 0.0 0.0 0.0 0.0 0.0 0.0 0.0 0.0 0.0 0.0 0.0 0.0 0.0 0.0 0.0 0.0 22/01/1964
0.0 0.0 0.0 0.0 0.0 0.0 0.0 0.0 0.0 0.0 0.0 0.0 0.0 0.0 0.0 0.0 0.0 0.0 0.0 0.0 0.0 0.0 0.0 0.0 0.0 0.0 0.0 0.0 23/01/1964
0.0 0.0 0.0 0.0 0.0 0.0 0.0 0.0 0.0 0.0 0.0 0.0 0.0 0.0 0.0 0.0 0.0 0.0 0.0 0.0 0.0 0.0 0.0 0.0 0.0 0.0 0.0 0.0 24/01/1964
0.0 0.0 0.0 0.0 0.0 0.0 0.0 0.0 0.0 0.0 0.0 0.0 0.0 0.0 0.0 0.0 0.0 0.0 0.0 0.0 0.0 0.0 0.0 0.0 0.0 0.0 0.0 0.0 25/01/1964
0.0 0.0 0.0 0.0 0.0 0.0 0.0 0.0 0.0 0.0 0.0 0.0 0.0 0.0 0.0 0.0 0.0 0.0 0.0 0.0 0.0 0.0 0.0 0.0 0.0 0.0 0.0 0.0 26/01/1964
4.8 6.1 6.1 6.1 6.1 6.1 0.6 0.5 0.4 0.3 0.0 0.0 4.9 4.9 6.2 6.2 6.2 6.2 0.7 0.6 0.5 0.0 0.0 2.8 4.8 4.8 4.9 4.9 27/01/1964
2.9 8.0 8.1 8.0 8.1 8.1 9.2 9.0 8.8 8.6 10.8 10.7 3.0 3.0 8.2 8.2 8.2 8.2 9.4 9.1 9.0 11.2 11.4 1.7 2.9 2.9 3.0 3.0 28/01/1964
2.9 1.3 1.3 1.3 1.3 1.3 0.2 0.3 0.3 0.3 0.0 0.0 2.9 2.9 1.3 1.3 1.3 1.3 0.2 0.2 0.2 0.0 0.0 1.3 2.9 2.9 2.9 2.9 29/01/1964
2.5 2.4 2.4 2.4 2.4 2.4 2.1 2.1 2.1 2.2 6.5 6.6 2.5 2.5 2.4 2.4 2.4 2.4 2.1 2.1 2.1 6.4 6.3 2.2 2.5 2.5 2.5 2.5 30/01/1964
5.1 1.6 1.6 1.6 1.6 1.6 5.0 5.1 5.1 5.2 7.4 7.4 5.2 5.2 1.6 1.6 1.6 1.6 4.9 5.0 5.0 7.3 7.2 2.5 5.2 5.2 5.2 5.2 31/01/1964
0.8 0.0 0.0 0.0 0.0 0.0 0.1 0.1 0.1 0.1 0.2 0.2 0.8 0.8 0.0 0.0 0.0 0.0 0.1 0.1 0.1 0.2 0.2 0.0 0.8 0.8 0.8 0.8 01/02/1964
0.1 0.2 0.2 0.2 0.2 0.2 0.0 0.0 0.0 0.0 0.3 0.3 0.1 0.1 0.2 0.2 0.2 0.2 0.0 0.0 0.0 0.3 0.3 0.0 0.1 0.1 0.1 0.2 02/02/1964
0.7 0.0 0.0 0.0 0.0 0.0 1.1 1.1 1.1 1.1 0.7 0.7 0.8 0.8 0.0 0.0 0.0 0.0 1.1 1.1 1.1 0.7 0.7 0.1 0.8 0.8 0.8 0.8 03/02/1964
0.0 0.0 0.0 0.0 0.0 0.0 0.0 0.0 0.0 0.0 0.0 0.0 0.0 0.0 0.0 0.0 0.0 0.0 0.0 0.0 0.0 0.0 0.0 0.0 0.0 0.0 0.0 0.0 04/02/1964
0.0 0.0 0.0 0.0 0.0 0.0 0.0 0.0 0.0 0.0 0.0 0.0 0.0 0.0 0.0 0.0 0.0 0.0 0.0 0.0 0.0 0.0 0.0 0.0 0.0 0.0 0.0 0.0 05/02/1964
0.0 0.0 0.0 0.0 0.0 0.0 0.0 0.0 0.0 0.0 0.0 0.0 0.0 0.0 0.0 0.0 0.0 0.0 0.0 0.0 0.0 0.0 0.0 0.0 0.0 0.0 0.0 0.0 06/02/1964
0.0 0.0 0.0 0.0 0.0 0.0 0.0 0.0 0.0 0.0 0.0 0.0 0.0 0.0 0.0 0.0 0.0 0.0 0.0 0.0 0.0 0.0 0.0 0.0 0.0 0.0 0.0 0.0 07/02/1964
0.0 0.0 0.0 0.0 0.0 0.0 0.0 0.0 0.0 0.0 0.0 0.0 0.0 0.0 0.0 0.0 0.0 0.0 0.0 0.0 0.0 0.0 0.0 0.0 0.0 0.0 0.0 0.0 08/02/1964
0.0 0.0 0.0 0.0 0.0 0.0 0.4 0.4 0.4 0.4 0.4 0.4 0.0 0.0 0.0 0.0 0.0 0.0 0.4 0.4 0.4 0.4 0.4 0.0 0.0 0.0 0.0 0.0 09/02/1964
0.0 1.1 1.1 1.1 1.1 1.1 0.0 0.0 0.0 0.0 0.0 0.0 0.0 0.0 1.2 1.2 1.2 1.2 0.0 0.0 0.0 0.0 0.0 0.0 0.0 0.0 0.0 0.0 10/02/1964
0.0 0.1 0.1 0.1 0.1 0.1 0.1 0.1 0.1 0.1 0.3 0.3 0.0 0.0 0.1 0.1 0.1 0.1 0.1 0.1 0.1 0.2 0.2 0.0 0.0 0.0 0.0 0.0 11/02/1964
0.0 0.1 0.1 0.1 0.1 0.1 0.1 0.1 0.1 0.1 0.0 0.0 0.0 0.0 0.1 0.1 0.1 0.1 0.1 0.1 0.1 0.0 0.0 0.0 0.0 0.0 0.0 0.0 12/02/1964
0.5 0.4 0.4 0.4 0.4 0.4 0.0 0.0 0.0 0.0 0.0 0.0 0.5 0.5 0.4 0.4 0.4 0.4 0.0 0.0 0.0 0.0 0.0 0.0 0.5 0.5 0.5 0.5 13/02/1964
0.0 0.0 0.0 0.0 0.0 0.0 0.2 0.2 0.2 0.2 0.0 0.0 0.0 0.0 0.0 0.0 0.0 0.0 0.2 0.2 0.2 0.0 0.0 0.2 0.0 0.0 0.0 0.0 14/02/1964
10.2 4.4 4.4 4.4 4.4 4.4 0.0 0.0 0.0 0.0 0.0 0.0 10.3 10.3 4.5 4.5 4.5 4.5 0.0 0.0 0.0 0.0 0.0 9.5 10.2 10.2 10.3 10.4 15/02/1964
27.6 20.1 20.2 20.1 20.1 20.2 5.3 5.4 5.5 5.5 7.4 7.5 27.9 27.9 20.4 20.3 20.3 20.4 5.3 5.4 5.4 7.3 7.2 24.0 27.7 27.7 28.0 28.1 16/02/1964
2.0 4.6 4.6 4.6 4.6 4.6 3.3 3.4 3.4 3.5 6.6 6.6 2.0 2.0 4.7 4.7 4.7 4.7 3.3 3.3 3.4 6.5 6.5 0.8 2.0 2.0 2.0 2.0 17/02/1964
3.8 0.6 0.6 0.6 0.6 0.6 0.0 0.0 0.0 0.0 0.0 0.0 3.8 3.8 0.5 0.5 0.6 0.5 0.0 0.0 0.0 0.0 0.0 2.1 3.8 3.8 3.8 3.8 18/02/1964
0.0 0.0 0.0 0.0 0.0 0.0 0.0 0.0 0.0 0.0 0.0 0.0 0.0 0.0 0.0 0.0 0.0 0.0 0.0 0.0 0.0 0.0 0.0 0.0 0.0 0.0 0.0 0.0 19/02/1964
0.0 0.0 0.0 0.0 0.0 0.0 0.0 0.0 0.0 0.0 0.0 0.0 0.0 0.0 0.0 0.0 0.0 0.0 0.0 0.0 0.0 0.0 0.0 0.0 0.0 0.0 0.0 0.0 20/02/1964
0.0 0.0 0.0 0.0 0.0 0.0 0.0 0.0 0.0 0.0 0.0 0.0 0.0 0.0 0.0 0.0 0.0 0.0 0.0 0.0 0.0 0.0 0.0 0.0 0.0 0.0 0.0 0.0 21/02/1964
0.1 0.2 0.2 0.2 0.2 0.2 0.8 0.8 0.8 0.8 2.9 2.9 0.1 0.1 0.2 0.2 0.2 0.2 0.8 0.8 0.8 2.9 2.9 0.1 0.1 0.1 0.1 0.1 22/02/1964
4.7 6.4 6.4 6.4 6.4 6.4 5.8 5.9 6.0 6.0 6.9 7.0 4.8 4.8 6.5 6.5 6.5 6.5 5.7 5.8 5.9 6.8 6.7 1.8 4.7 4.7 4.8 4.8 23/02/1964
4.5 6.9 7.0 6.9 6.9 7.0 1.3 1.3 1.3 1.3 1.9 1.9 4.6 4.6 7.0 7.0 7.0 7.0 1.3 1.3 1.3 1.8 1.8 2.2 4.5 4.5 4.6 4.6 24/02/1964
2.9 1.6 1.6 1.6 1.6 1.6 0.1 0.1 0.1 0.1 0.0 0.0 2.9 2.9 1.6 1.6 1.6 1.6 0.1 0.1 0.1 0.0 0.0 0.6 2.9 2.9 2.9 2.9 25/02/1964
1.3 1.0 1.0 1.0 1.0 1.0 0.6 0.6 0.6 0.6 1.9 1.9 1.3 1.3 1.0 1.0 1.0 1.0 0.6 0.6 0.6 1.9 1.9 0.8 1.3 1.3 1.3 1.4 26/02/1964
0.3 0.3 0.3 0.3 0.3 0.3 0.0 0.0 0.0 0.0 0.1 0.1 0.3 0.3 0.4 0.4 0.4 0.4 0.0 0.0 0.0 0.1 0.1 1.0 0.3 0.3 0.3 0.3 27/02/1964
11.0 1.0 1.0 1.0 1.0 1.0 0.0 0.0 0.0 0.0 0.1 0.1 11.2 11.2 1.0 1.0 1.0 1.0 0.0 0.0 0.0 0.1 0.1 15.8 11.1 11.1 11.2 11.2 28/02/1964
4.2 0.0 0.0 0.0 0.0 0.0 0.4 0.4 0.5 0.5 0.0 0.0 4.2 4.2 0.0 0.0 0.0 0.0 0.4 0.4 0.4 0.0 0.0 2.9 4.2 4.2 4.2 4.2 29/02/1964
0.0 0.0 0.0 0.0 0.0 0.0 0.0 0.0 0.0 0.0 0.0 0.0 0.0 0.0 0.0 0.0 0.0 0.0 0.0 0.0 0.0 0.0 0.0 0.0 0.0 0.0 0.0 0.0 01/03/1964
0.0 0.1 0.1 0.1 0.1 0.1 0.0 0.0 0.0 0.0 0.0 0.0 0.0 0.0 0.1 0.1 0.1 0.1 0.0 0.0 0.0 0.0 0.0 0.0 0.0 0.0 0.0 0.0 02/03/1964
0.0 0.0 0.0 0.0 0.0 0.0 0.0 0.0 0.0 0.0 0.0 0.0 0.0 0.0 0.0 0.0 0.0 0.0 0.0 0.0 0.0 0.0 0.0 0.0 0.0 0.0 0.0 0.0 03/03/1964
0.2 0.0 0.0 0.0 0.0 0.0 0.0 0.0 0.0 0.0 0.1 0.1 0.2 0.2 0.0 0.0 0.0 0.0 0.0 0.0 0.0 0.1 0.1 0.0 0.2 0.2 0.2 0.2 04/03/1964
0.0 0.2 0.2 0.2 0.2 0.2 0.0 0.0 0.0 0.0 0.0 0.0 0.0 0.0 0.1 0.1 0.1 0.1 0.0 0.0 0.0 0.0 0.0 0.0 0.0 0.0 0.0 0.0 05/03/1964
0.0 0.0 0.0 0.0 0.0 0.0 0.0 0.0 0.0 0.0 0.0 0.0 0.0 0.0 0.0 0.0 0.0 0.0 0.0 0.0 0.0 0.0 0.0 0.0 0.0 0.0 0.0 0.0 06/03/1964
0.0 0.0 0.0 0.0 0.0 0.0 0.0 0.0 0.0 0.0 0.0 0.0 0.0 0.0 0.0 0.0 0.0 0.0 0.0 0.0 0.0 0.0 0.0 0.0 0.0 0.0 0.0 0.0 07/03/1964
0.0 0.0 0.0 0.0 0.0 0.0 0.0 0.0 0.0 0.0 0.0 0.0 0.0 0.0 0.0 0.0 0.0 0.0 0.0 0.0 0.0 0.0 0.0 0.0 0.0 0.0 0.0 0.0 08/03/1964
0.0 0.0 0.0 0.0 0.0 0.0 0.0 0.0 0.0 0.0 0.0 0.0 0.0 0.0 0.0 0.0 0.0 0.0 0.0 0.0 0.0 0.0 0.0 0.0 0.0 0.0 0.0 0.0 09/03/1964
0.0 0.0 0.0 0.0 0.0 0.0 0.0 0.0 0.0 0.0 0.0 0.0 0.0 0.0 0.0 0.0 0.0 0.0 0.0 0.0 0.0 0.0 0.0 0.0 0.0 0.0 0.0 0.0 10/03/1964
0.0 0.0 0.0 0.0 0.0 0.0 0.0 0.0 0.0 0.0 0.0 0.0 0.0 0.0 0.0 0.0 0.0 0.0 0.0 0.0 0.0 0.0 0.0 0.0 0.0 0.0 0.0 0.0 11/03/1964
2.6 0.0 0.0 0.0 0.0 0.0 0.5 0.5 0.5 0.5 1.7 1.7 2.7 2.7 0.0 0.0 0.0 0.0 0.5 0.5 0.5 1.7 1.7 4.2 2.6 2.6 2.7 2.7 12/03/1964
2.2 2.3 2.3 2.3 2.3 2.3 1.5 1.5 1.5 1.5 0.2 0.2 2.2 2.2 2.4 2.4 2.4 2.4 1.5 1.5 1.5 0.2 0.2 2.2 2.2 2.2 2.2 2.2 13/03/1964
13.7 8.7 8.7 8.7 8.7 8.8 3.4 3.4 3.4 3.5 5.9 5.9 13.9 13.9 8.8 8.8 8.8 8.8 3.3 3.4 3.4 5.7 5.7 24.4 13.8 13.8 13.9 14.0 14/03/1964
16.2 13.4 13.3 13.4 13.4 13.3 5.8 5.6 5.4 5.3 4.1 4.1 16.4 16.4 13.0 13.1 13.1 13.0 6.0 5.8 5.7 4.4 4.5 9.5 16.3 16.3 16.4 16.5 15/03/1964
0.0 0.4 0.4 0.4 0.4 0.4 0.0 0.0 0.0 0.0 0.0 0.0 0.0 0.0 0.4 0.4 0.4 0.4 0.0 0.0 0.0 0.0 0.0 0.0 0.0 0.0 0.0 0.0 16/03/1964
0.0 0.8 0.8 0.8 0.8 0.8 0.0 0.0 0.0 0.0 0.0 0.0 0.0 0.0 0.7 0.7 0.7 0.7 0.0 0.0 0.0 0.0 0.0 0.6 0.0 0.0 0.0 0.0 17/03/1964
12.8 8.9 9.0 8.9 8.9 9.0 3.3 3.3 3.4 3.4 3.2 3.2 13.0 13.0 9.1 9.0 9.0 9.1 3.2 3.3 3.3 3.2 3.1 8.0 12.9 12.9 13.0 13.0 18/03/1964
12.5 10.3 10.4 10.4 10.4 10.4 10.7 10.9 11.0 11.1 16.1 16.1 12.6 12.6 10.5 10.5 10.5 10.5 10.6 10.8 10.8 15.7 15.6 7.6 12.5 12.5 12.6 12.7 19/03/1964
5.0 7.2 7.2 7.2 7.2 7.2 1.8 1.9 1.9 1.9 3.9 3.9 5.0 5.0 7.3 7.3 7.3 7.3 1.8 1.9 1.9 3.8 3.8 4.2 5.0 5.0 5.1 5.1 20/03/1964
3.4 7.6 7.7 7.6 7.6 7.7 7.5 7.6 7.7 7.8 3.8 3.8 3.5 3.5 7.7 7.7 7.7 7.7 7.4 7.5 7.6 3.7 3.7 1.5 3.4 3.4 3.5 3.5 21/03/1964
5.9 1.6 1.6 1.6 1.6 1.6 3.7 3.7 3.8 3.8 5.8 5.8 6.0 6.0 1.6 1.6 1.6 1.6 3.6 3.7 3.7 5.7 5.7 0.1 6.0 6.0 6.0 6.1 22/03/1964
6.0 5.0 5.0 5.0 5.0 5.0 0.1 0.1 0.1 0.1 0.0 0.0 6.1 6.1 5.1 5.0 5.0 5.1 0.1 0.1 0.1 0.0 0.0 7.6 6.0 6.0 6.1 6.1 23/03/1964
3.4 5.9 5.9 5.9 5.9 5.9 16.9 17.2 17.4 17.5 22.8 22.9 3.4 3.4 6.0 6.0 6.0 6.0 16.7 17.0 17.1 22.3 22.2 0.7 3.4 3.4 3.4 3.4 24/03/1964
1.5 1.0 1.0 1.0 1.0 1.0 0.5 0.5 0.6 0.6 2.0 2.0 1.5 1.5 1.0 1.0 1.0 1.0 0.5 0.5 0.5 2.0 2.0 3.3 1.5 1.5 1.5 1.5 25/03/1964
0.0 0.0 0.0 0.0 0.0 0.0 2.3 2.3 2.3 2.3 0.7 0.7 0.0 0.0 0.0 0.0 0.0 0.0 2.2 2.3 2.3 0.7 0.6 0.0 0.0 0.0 0.0 0.0 26/03/1964
0.0 0.0 0.0 0.0 0.0 0.0 0.0 0.0 0.0 0.0 0.0 0.0 0.0 0.0 0.0 0.0 0.0 0.0 0.0 0.0 0.0 0.0 0.0 0.0 0.0 0.0 0.0 0.0 27/03/1964
0.0 0.1 0.1 0.1 0.1 0.1 0.0 0.0 0.0 0.0 0.0 0.0 0.0 0.0 0.1 0.1 0.1 0.1 0.0 0.0 0.0 0.0 0.0 0.0 0.0 0.0 0.0 0.0 28/03/1964
0.0 0.3 0.3 0.3 0.3 0.3 0.1 0.0 0.0 0.0 0.0 0.0 0.0 0.0 0.3 0.3 0.3 0.3 0.1 0.1 0.1 0.0 0.0 0.0 0.0 0.0 0.0 0.0 29/03/1964
0.0 0.1 0.1 0.1 0.1 0.1 0.1 0.1 0.1 0.1 0.1 0.1 0.0 0.0 0.1 0.1 0.1 0.1 0.1 0.1 0.1 0.1 0.2 0.0 0.0 0.0 0.0 0.0 30/03/1964
0.0 0.0 0.0 0.0 0.0 0.0 0.0 0.0 0.0 0.0 0.0 0.0 0.0 0.0 0.0 0.0 0.0 0.0 0.0 0.0 0.0 0.0 0.0 0.0 0.0 0.0 0.0 0.0 31/03/1964
0.0 0.0 0.0 0.0 0.0 0.0 0.0 0.0 0.0 0.0 0.0 0.0 0.0 0.0 0.0 0.0 0.0 0.0 0.0 0.0 0.0 0.0 0.0 0.0 0.0 0.0 0.0 0.0 01/04/1964
13.8 18.0 18.1 18.0 18.0 18.1 0.1 0.1 0.1 0.1 0.0 0.0 14.0 14.0 18.3 18.3 18.3 18.3 0.1 0.1 0.1 0.0 0.0 13.1 13.9 13.9 14.0 14.1 02/04/1964
4.7 1.9 1.8 1.9 1.8 1.8 1.8 1.8 1.9 1.9 3.4 3.4 4.3 4.3 1.6 1.6 1.6 1.6 1.8 1.8 1.8 3.3 3.3 7.4 4.5 4.5 4.3 4.2 03/04/1964
0.0 0.0 0.0 0.0 0.0 0.0 0.0 0.0 0.0 0.0 0.0 0.0 0.0 0.0 0.0 0.0 0.0 0.0 0.0 0.0 0.0 0.0 0.0 0.0 0.0 0.0 0.0 0.0 04/04/1964
0.0 0.0 0.0 0.0 0.0 0.0 0.0 0.0 0.0 0.0 0.0 0.0 0.0 0.0 0.0 0.0 0.0 0.0 0.0 0.0 0.0 0.0 0.0 0.0 0.0 0.0 0.0 0.0 05/04/1964
0.0 0.0 0.0 0.0 0.0 0.0 0.0 0.0 0.0 0.0 0.0 0.0 0.0 0.0 0.0 0.0 0.0 0.0 0.0 0.0 0.0 0.0 0.0 0.0 0.0 0.0 0.0 0.0 06/04/1964
0.0 0.0 0.0 0.0 0.0 0.0 0.0 0.0 0.0 0.0 0.0 0.0 0.0 0.0 0.0 0.0 0.0 0.0 0.0 0.0 0.0 0.0 0.0 0.0 0.0 0.0 0.0 0.0 07/04/1964
0.0 0.0 0.0 0.0 0.0 0.0 0.0 0.0 0.0 0.0 0.0 0.0 0.0 0.0 0.0 0.0 0.0 0.0 0.0 0.0 0.0 0.0 0.0 0.0 0.0 0.0 0.0 0.0 08/04/1964
0.0 0.0 0.0 0.0 0.0 0.0 0.0 0.0 0.0 0.0 0.0 0.0 0.0 0.0 0.0 0.0 0.0 0.0 0.0 0.0 0.0 0.0 0.0 0.0 0.0 0.0 0.0 0.0 09/04/1964
0.0 0.0 0.0 0.0 0.0 0.0 0.0 0.0 0.0 0.0 0.0 0.0 0.0 0.0 0.0 0.0 0.0 0.0 0.0 0.0 0.0 0.0 0.0 0.0 0.0 0.0 0.0 0.0 10/04/1964
0.0 0.0 0.0 0.0 0.0 0.0 0.0 0.0 0.0 0.0 0.0 0.0 0.0 0.0 0.0 0.0 0.0 0.0 0.0 0.0 0.0 0.0 0.0 0.0 0.0 0.0 0.0 0.0 11/04/1964
2.9 2.3 2.3 2.3 2.3 2.3 5.5 5.6 5.6 5.7 5.3 5.3 2.9 2.9 2.3 2.3 2.3 2.3 5.4 5.5 5.5 5.1 5.1 3.2 2.9 2.9 2.9 2.9 12/04/1964
0.0 0.0 0.0 0.0 0.0 0.0 0.0 0.0 0.0 0.0 1.6 1.6 0.0 0.0 0.0 0.0 0.0 0.0 0.0 0.0 0.0 1.5 1.5 0.0 0.0 0.0 0.0 0.0 13/04/1964
0.0 0.0 0.0 0.0 0.0 0.0 0.4 0.4 0.4 0.4 0.4 0.4 0.0 0.0 0.0 0.0 0.0 0.0 0.4 0.4 0.4 0.4 0.4 0.0 0.0 0.0 0.0 0.0 14/04/1964
0.2 0.0 0.0 0.0 0.0 0.0 0.0 0.0 0.0 0.0 0.0 0.0 0.2 0.2 0.0 0.0 0.0 0.0 0.0 0.0 0.0 0.0 0.0 0.2 0.2 0.2 0.2 0.2 15/04/1964
5.3 4.9 5.0 4.9 4.9 5.0 0.0 0.0 0.0 0.0 0.0 0.0 5.4 5.4 5.0 5.0 5.0 5.0 0.0 0.0 0.0 0.0 0.0 6.2 5.3 5.3 5.4 5.4 16/04/1964
0.0 16.4 16.5 16.4 16.5 16.5 1.8 1.8 1.9 1.9 1.5 1.5 0.0 0.0 16.7 16.7 16.7 16.7 1.8 1.8 1.8 1.5 1.5 0.1 0.0 0.0 0.0 0.0 17/04/1964
8.6 6.3 6.4 6.3 6.3 6.4 8.0 8.1 8.1 8.2 8.7 8.8 8.7 8.7 6.4 6.4 6.4 6.4 7.9 8.0 8.0 8.6 8.5 5.1 8.6 8.6 8.7 8.7 18/04/1964
4.7 5.0 5.0 5.0 5.0 5.0 2.9 2.9 3.0 3.0 4.0 4.0 4.8 4.8 5.0 5.0 5.0 5.0 2.9 2.9 2.9 3.9 3.9 0.0 4.7 4.7 4.8 4.8 19/04/1964
4.6 1.3 1.3 1.3 1.3 1.3 0.9 0.9 0.9 0.9 0.6 0.6 4.6 4.6 1.3 1.3 1.3 1.3 0.9 0.9 0.9 0.5 0.5 0.3 4.6 4.6 4.6 4.7 20/04/1964
4.1 3.9 3.9 3.9 3.9 3.9 2.0 2.0 2.0 2.1 5.9 5.9 4.2 4.2 4.0 4.0 4.0 4.0 2.0 2.0 2.0 5.8 5.8 1.2 4.1 4.1 4.2 4.2 21/04/1964
0.8 1.1 1.1 1.1 1.1 1.2 0.7 0.7 0.7 0.7 1.9 2.0 0.8 0.8 1.2 1.2 1.2 1.2 0.6 0.7 0.7 1.9 1.9 1.2 0.8 0.8 0.8 0.8 22/04/1964
1.7 1.8 1.8 1.8 1.8 1.8 3.7 3.7 3.8 3.8 2.9 2.9 1.7 1.7 1.8 1.8 1.8 1.8 3.6 3.7 3.7 2.8 2.8 0.0 1.7 1.7 1.7 1.7 23/04/1964
0.0 0.0 0.0 0.0 0.0 0.0 0.0 0.0 0.0 0.0 0.0 0.0 0.0 0.0 0.0 0.0 0.0 0.0 0.0 0.0 0.0 0.0 0.0 0.0 0.0 0.0 0.0 0.0 24/04/1964
0.0 0.0 0.0 0.0 0.0 0.0 0.0 0.0 0.0 0.0 0.0 0.0 0.0 0.0 0.0 0.0 0.0 0.0 0.0 0.0 0.0 0.0 0.0 0.0 0.0 0.0 0.0 0.0 25/04/1964
0.0 0.0 0.0 0.0 0.0 0.0 0.0 0.0 0.0 0.0 0.0 0.0 0.0 0.0 0.0 0.0 0.0 0.0 0.0 0.0 0.0 0.0 0.0 0.0 0.0 0.0 0.0 0.0 26/04/1964
0.4 0.0 0.0 0.0 0.0 0.0 0.0 0.0 0.0 0.0 0.0 0.0 0.4 0.4 0.0 0.0 0.0 0.0 0.0 0.0 0.0 0.0 0.0 0.1 0.4 0.4 0.4 0.4 27/04/1964
8.1 7.3 7.3 7.3 7.3 7.3 10.1 10.2 10.3 10.4 7.7 7.7 8.2 8.2 7.4 7.4 7.4 7.4 9.9 10.1 10.2 7.5 7.5 4.6 8.2 8.2 8.2 8.3 28/04/1964
0.1 0.0 0.0 0.0 0.0 0.0 0.5 0.5 0.5 0.5 2.0 2.0 0.1 0.1 0.0 0.0 0.0 0.0 0.5 0.5 0.5 2.0 2.0 0.1 0.1 0.1 0.1 0.1 29/04/1964
0.0 0.0 0.0 0.0 0.0 0.0 0.0 0.0 0.0 0.0 0.0 0.0 0.0 0.0 0.0 0.0 0.0 0.0 0.0 0.0 0.0 0.0 0.0 0.0 0.0 0.0 0.0 0.0 30/04/1964
0.0 0.7 0.7 0.7 0.7 0.7 0.0 0.0 0.0 0.0 0.0 0.0 0.0 0.0 0.7 0.7 0.7 0.7 0.0 0.0 0.0 0.0 0.0 1.7 0.0 0.0 0.0 0.0 01/05/1964
3.6 4.0 4.0 4.0 4.0 4.0 0.2 0.2 0.2 0.2 0.0 0.0 3.7 3.7 4.1 4.0 4.0 4.1 0.2 0.2 0.2 0.0 0.0 3.6 3.6 3.6 3.7 3.7 02/05/1964
4.1 3.2 3.2 3.2 3.2 3.2 5.4 5.5 5.5 5.6 7.0 7.0 4.1 4.1 3.2 3.2 3.2 3.2 5.3 5.4 5.4 6.9 6.8 3.0 4.1 4.1 4.1 4.1 03/05/1964
0.0 0.1 0.1 0.1 0.1 0.1 0.0 0.0 0.0 0.0 0.0 0.0 0.0 0.0 0.1 0.1 0.1 0.1 0.0 0.0 0.0 0.0 0.0 0.1 0.0 0.0 0.0 0.0 04/05/1964
0.0 0.0 0.0 0.0 0.0 0.0 0.0 0.0 0.0 0.0 0.0 0.0 0.0 0.0 0.0 0.0 0.0 0.0 0.0 0.0 0.0 0.0 0.0 0.0 0.0 0.0 0.0 0.0 05/05/1964
0.0 0.0 0.0 0.0 0.0 0.0 0.0 0.0 0.0 0.0 0.0 0.0 0.0 0.0 0.0 0.0 0.0 0.0 0.0 0.0 0.0 0.0 0.0 0.4 0.0 0.0 0.0 0.0 06/05/1964
1.3 0.0 0.0 0.0 0.0 0.0 0.0 0.0 0.0 0.0 0.0 0.0 1.3 1.3 0.0 0.0 0.0 0.0 0.0 0.0 0.0 0.0 0.0 0.6 1.3 1.3 1.3 1.3 07/05/1964
0.0 0.0 0.0 0.0 0.0 0.0 0.0 0.0 0.0 0.0 0.0 0.0 0.0 0.0 0.0 0.0 0.0 0.0 0.0 0.0 0.0 0.0 0.0 0.0 0.0 0.0 0.0 0.0 08/05/1964
0.4 0.0 0.0 0.0 0.0 0.0 0.0 0.0 0.0 0.0 0.0 0.0 0.4 0.4 0.0 0.0 0.0 0.0 0.0 0.0 0.0 0.0 0.0 0.1 0.4 0.4 0.4 0.4 09/05/1964
0.0 0.0 0.0 0.0 0.0 0.0 0.0 0.0 0.0 0.0 0.0 0.0 0.0 0.0 0.0 0.0 0.0 0.0 0.0 0.0 0.0 0.0 0.0 0.0 0.0 0.0 0.0 0.0 10/05/1964
0.0 0.0 0.0 0.0 0.0 0.0 0.0 0.0 0.0 0.0 0.0 0.0 0.0 0.0 0.0 0.0 0.0 0.0 0.0 0.0 0.0 0.0 0.0 0.0 0.0 0.0 0.0 0.0 11/05/1964
0.0 0.0 0.0 0.0 0.0 0.0 0.0 0.0 0.0 0.0 0.0 0.0 0.0 0.0 0.0 0.0 0.0 0.0 0.0 0.0 0.0 0.0 0.0 0.0 0.0 0.0 0.0 0.0 12/05/1964
0.0 0.2 0.2 0.2 0.2 0.2 1.8 1.8 1.8 1.8 2.3 2.3 0.0 0.0 0.3 0.3 0.3 0.3 1.8 1.8 1.8 2.2 2.2 0.0 0.0 0.0 0.0 0.0 13/05/1964
0.0 0.0 0.0 0.0 0.0 0.0 0.0 0.0 0.0 0.0 0.0 0.0 0.0 0.0 0.0 0.0 0.0 0.0 0.0 0.0 0.0 0.0 0.0 0.0 0.0 0.0 0.0 0.0 14/05/1964
0.0 0.0 0.0 0.0 0.0 0.0 0.0 0.0 0.0 0.0 0.0 0.0 0.0 0.0 0.0 0.0 0.0 0.0 0.0 0.0 0.0 0.0 0.0 0.0 0.0 0.0 0.0 0.0 15/05/1964
0.0 0.0 0.0 0.0 0.0 0.0 0.0 0.0 0.0 0.0 0.0 0.0 0.0 0.0 0.0 0.0 0.0 0.0 0.0 0.0 0.0 0.0 0.0 0.0 0.0 0.0 0.0 0.0 16/05/1964
1.6 0.0 0.0 0.0 0.0 0.0 0.0 0.0 0.0 0.0 0.0 0.0 1.6 1.6 0.0 0.0 0.0 0.0 0.0 0.0 0.0 0.0 0.0 0.6 1.6 1.6 1.6 1.6 17/05/1964
0.7 2.9 2.9 2.9 2.9 2.9 0.5 0.5 0.5 0.5 0.9 0.9 0.7 0.7 2.9 2.9 2.9 2.9 0.5 0.5 0.5 0.9 0.9 0.2 0.7 0.7 0.7 0.7 18/05/1964
1.9 1.6 1.6 1.6 1.6 1.6 0.0 0.0 0.0 0.0 0.1 0.1 1.9 1.9 1.6 1.6 1.6 1.6 0.0 0.0 0.0 0.1 0.1 1.4 1.9 1.9 1.9 1.9 19/05/1964
0.0 0.0 0.0 0.0 0.0 0.0 0.0 0.0 0.0 0.0 0.0 0.0 0.0 0.0 0.0 0.0 0.0 0.0 0.0 0.0 0.0 0.0 0.0 0.0 0.0 0.0 0.0 0.0 20/05/1964
3.3 1.1 1.1 1.1 1.1 1.1 0.0 0.0 0.0 0.0 0.0 0.0 3.3 3.3 1.1 1.1 1.1 1.1 0.0 0.0 0.0 0.0 0.0 1.7 3.3 3.3 3.3 3.3 21/05/1964
5.0 2.4 2.4 2.4 2.4 2.4 0.0 0.0 0.0 0.0 0.0 0.0 5.1 5.1 2.4 2.4 2.4 2.4 0.0 0.0 0.0 0.0 0.0 6.1 5.1 5.1 5.1 5.1 22/05/1964
4.5 1.1 1.1 1.1 1.1 1.1 5.2 5.3 5.3 5.4 0.5 0.5 4.5 4.5 1.1 1.1 1.1 1.1 5.1 5.2 5.2 0.4 0.4 2.5 4.5 4.5 4.5 4.6 23/05/1964
16.3 12.2 12.2 12.2 12.2 12.2 0.0 0.0 0.0 0.0 0.0 0.0 16.5 16.5 12.4 12.3 12.3 12.4 0.0 0.0 0.0 0.0 0.0 16.6 16.4 16.4 16.5 16.6 24/05/1964
0.0 0.0 0.0 0.0 0.0 0.0 0.0 0.0 0.0 0.0 0.0 0.0 0.0 0.0 0.0 0.0 0.0 0.0 0.0 0.0 0.0 0.0 0.0 0.1 0.0 0.0 0.0 0.0 25/05/1964
0.0 0.0 0.0 0.0 0.0 0.0 0.0 0.0 0.0 0.0 0.0 0.0 0.0 0.0 0.0 0.0 0.0 0.0 0.0 0.0 0.0 0.0 0.0 0.0 0.0 0.0 0.0 0.0 26/05/1964
0.0 0.1 0.1 0.1 0.1 0.1 0.0 0.0 0.0 0.0 0.0 0.0 0.0 0.0 0.1 0.1 0.1 0.1 0.0 0.0 0.0 0.0 0.0 0.0 0.0 0.0 0.0 0.0 27/05/1964
0.0 1.1 1.1 1.1 1.1 1.1 0.1 0.1 0.1 0.1 0.0 0.0 0.0 0.0 1.1 1.1 1.1 1.1 0.1 0.1 0.1 0.0 0.0 0.0 0.0 0.0 0.0 0.0 28/05/1964
0.0 0.0 0.0 0.0 0.0 0.0 0.2 0.2 0.2 0.2 4.0 4.0 0.0 0.0 0.0 0.0 0.0 0.0 0.2 0.2 0.2 3.9 3.9 0.0 0.0 0.0 0.0 0.0 29/05/1964
0.0 0.0 0.0 0.0 0.0 0.0 0.0 0.0 0.0 0.0 0.0 0.0 0.0 0.0 0.0 0.0 0.0 0.0 0.0 0.0 0.0 0.0 0.0 0.0 0.0 0.0 0.0 0.0 30/05/1964
0.9 0.1 0.1 0.1 0.1 0.1 2.4 2.4 2.4 2.4 4.8 4.8 0.9 0.9 0.1 0.1 0.1 0.1 2.3 2.4 2.4 4.7 4.7 0.2 0.9 0.9 0.9 0.9 31/05/1964
8.2 3.4 3.5 3.4 3.4 3.5 4.7 4.7 4.8 4.9 5.0 5.0 8.3 8.3 3.5 3.5 3.5 3.5 4.6 4.7 4.7 4.9 4.9 12.2 8.3 8.3 8.3 8.4 01/06/1964
12.8 18.4 18.5 18.4 18.5 18.5 8.3 8.4 8.6 8.6 7.3 7.3 13.0 13.0 18.7 18.7 18.7 18.7 8.2 8.4 8.4 7.1 7.0 17.0 12.9 12.9 13.0 13.0 02/06/1964
0.0 0.0 0.0 0.0 0.0 0.0 5.2 5.2 5.3 5.3 2.2 2.2 0.0 0.0 0.0 0.0 0.0 0.0 5.1 5.2 5.2 2.2 2.2 2.3 0.0 0.0 0.0 0.0 03/06/1964
11.1 26.3 26.5 26.3 26.3 26.5 0.0 0.0 0.0 0.0 0.0 0.0 11.2 11.2 26.7 26.7 26.7 26.7 0.0 0.0 0.0 0.0 0.0 26.9 11.2 11.2 11.3 11.3 04/06/1964
14.1 12.6 12.7 12.6 12.7 12.7 1.1 1.1 1.1 1.1 0.5 0.5 14.3 14.3 12.8 12.8 12.8 12.8 1.1 1.1 1.1 0.5 0.5 4.6 14.2 14.2 14.3 14.3 05/06/1964
13.4 0.4 0.4 0.4 0.4 0.4 3.8 3.9 3.9 4.0 0.1 0.1 13.5 13.5 0.5 0.5 0.5 0.5 3.8 3.8 3.9 0.1 0.1 22.5 13.4 13.4 13.5 13.6 06/06/1964
3.0 6.3 6.4 6.3 6.3 6.4 6.9 6.9 7.0 7.1 2.9 2.9 3.0 3.0 6.4 6.4 6.4 6.4 6.8 6.9 6.9 2.9 2.8 3.9 3.0 3.0 3.0 3.0 07/06/1964
0.0 0.0 0.0 0.0 0.0 0.0 0.0 0.0 0.0 0.0 0.3 0.3 0.0 0.0 0.0 0.0 0.0 0.0 0.0 0.0 0.0 0.3 0.2 0.0 0.0 0.0 0.0 0.0 08/06/1964
0.0 0.0 0.0 0.0 0.0 0.0 0.0 0.0 0.0 0.0 0.0 0.0 0.0 0.0 0.0 0.0 0.0 0.0 0.0 0.0 0.0 0.0 0.0 0.0 0.0 0.0 0.0 0.0 09/06/1964
0.0 0.0 0.0 0.0 0.0 0.0 0.0 0.0 0.0 0.0 0.0 0.0 0.0 0.0 0.0 0.0 0.0 0.0 0.0 0.0 0.0 0.0 0.0 0.0 0.0 0.0 0.0 0.0 10/06/1964
0.0 0.0 0.0 0.0 0.0 0.0 0.0 0.0 0.0 0.0 0.0 0.0 0.0 0.0 0.0 0.0 0.0 0.0 0.0 0.0 0.0 0.0 0.0 0.0 0.0 0.0 0.0 0.0 11/06/1964
14.3 0.0 0.0 0.0 0.0 0.0 0.0 0.0 0.0 0.0 0.0 0.0 14.5 14.5 0.0 0.0 0.0 0.0 0.0 0.0 0.0 0.0 0.0 5.7 14.4 14.4 14.5 14.5 12/06/1964
27.3 5.6 5.7 5.6 5.6 5.7 2.7 2.7 2.8 2.8 3.8 3.9 27.6 27.6 5.7 5.7 5.7 5.7 2.7 2.7 2.7 3.8 3.7 20.9 27.5 27.5 27.7 27.8 13/06/1964
0.7 0.0 0.0 0.0 0.0 0.0 4.3 4.3 4.4 4.4 2.6 2.6 0.7 0.7 0.0 0.0 0.0 0.0 4.2 4.3 4.3 2.6 2.6 0.0 0.7 0.7 0.7 0.7 14/06/1964
2.7 0.2 0.2 0.2 0.2 0.2 0.3 0.3 0.3 0.3 1.6 1.6 2.7 2.7 0.3 0.3 0.3 0.3 0.3 0.3 0.3 1.6 1.6 0.2 2.7 2.7 2.7 2.7 15/06/1964
0.0 0.0 0.0 0.0 0.0 0.0 0.0 0.0 0.0 0.0 0.0 0.0 0.0 0.0 0.0 0.0 0.0 0.0 0.0 0.0 0.0 0.0 0.0 0.0 0.0 0.0 0.0 0.0 16/06/1964
1.3 3.8 3.8 3.8 3.8 3.8 0.1 0.1 0.1 0.1 0.0 0.0 1.3 1.3 3.9 3.8 3.8 3.8 0.1 0.1 0.1 0.0 0.0 3.3 1.3 1.3 1.3 1.3 17/06/1964
6.5 2.1 2.1 2.1 2.1 2.1 4.8 4.9 4.9 5.0 7.9 8.0 6.5 6.5 2.1 2.1 2.1 2.1 4.8 4.8 4.9 7.8 7.7 3.0 6.5 6.5 6.6 6.6 18/06/1964
0.0 0.2 0.2 0.2 0.2 0.2 4.3 4.3 4.4 4.4 14.5 14.5 0.0 0.0 0.3 0.3 0.3 0.3 4.2 4.3 4.3 14.2 14.1 0.0 0.0 0.0 0.0 0.0 19/06/1964
0.0 0.2 0.2 0.2 0.2 0.2 0.0 0.0 0.0 0.0 0.0 0.0 0.0 0.0 0.2 0.2 0.2 0.2 0.0 0.0 0.0 0.0 0.0 0.0 0.0 0.0 0.0 0.0 20/06/1964
1.7 2.1 2.1 2.1 2.1 2.1 0.1 0.1 0.1 0.1 0.0 0.0 1.7 1.7 2.2 2.2 2.2 2.2 0.1 0.1 0.1 0.0 0.0 2.2 1.7 1.7 1.7 1.7 21/06/1964
0.0 0.1 0.1 0.1 0.1 0.1 1.8 1.9 1.9 1.9 2.5 2.5 0.0 0.0 0.2 0.2 0.2 0.2 1.8 1.8 1.9 2.4 2.4 0.0 0.0 0.0 0.0 0.0 22/06/1964
0.0 0.0 0.0 0.0 0.0 0.0 0.0 0.0 0.0 0.0 0.0 0.0 0.0 0.0 0.0 0.0 0.0 0.0 0.0 0.0 0.0 0.0 0.0 0.0 0.0 0.0 0.0 0.0 23/06/1964
0.0 0.0 0.0 0.0 0.0 0.0 0.0 0.0 0.0 0.0 0.0 0.0 0.0 0.0 0.0 0.0 0.0 0.0 0.0 0.0 0.0 0.0 0.0 0.0 0.0 0.0 0.0 0.0 24/06/1964
0.0 0.0 0.0 0.0 0.0 0.0 0.0 0.0 0.0 0.0 0.0 0.0 0.0 0.0 0.0 0.0 0.0 0.0 0.0 0.0 0.0 0.0 0.0 0.0 0.0 0.0 0.0 0.0 25/06/1964
0.0 0.0 0.0 0.0 0.0 0.0 0.0 0.0 0.0 0.0 0.0 0.0 0.0 0.0 0.0 0.0 0.0 0.0 0.0 0.0 0.0 0.0 0.0 0.0 0.0 0.0 0.0 0.0 26/06/1964
0.0 0.0 0.0 0.0 0.0 0.0 0.0 0.0 0.0 0.0 0.0 0.0 0.0 0.0 0.0 0.0 0.0 0.0 0.0 0.0 0.0 0.0 0.0 0.0 0.0 0.0 0.0 0.0 27/06/1964
0.7 0.0 0.0 0.0 0.0 0.0 0.1 0.1 0.1 0.1 0.0 0.0 0.7 0.7 0.0 0.0 0.0 0.0 0.1 0.1 0.1 0.0 0.0 0.5 0.7 0.7 0.7 0.7 28/06/1964
0.1 0.6 0.6 0.6 0.6 0.6 1.6 1.6 1.6 1.6 0.9 1.0 0.1 0.1 0.6 0.6 0.6 0.6 1.6 1.6 1.6 0.9 0.9 0.3 0.1 0.1 0.1 0.1 29/06/1964
0.0 0.0 0.0 0.0 0.0 0.0 0.0 0.0 0.0 0.0 0.0 0.0 0.0 0.0 0.0 0.0 0.0 0.0 0.0 0.0 0.0 0.0 0.0 0.0 0.0 0.0 0.0 0.0 30/06/1964
0.0 0.0 0.0 0.0 0.0 0.0 0.0 0.0 0.0 0.0 0.0 0.0 0.0 0.0 0.0 0.0 0.0 0.0 0.0 0.0 0.0 0.0 0.0 0.0 0.0 0.0 0.0 0.0 01/07/1964
0.0 0.0 0.0 0.0 0.0 0.0 0.0 0.0 0.0 0.0 0.0 0.0 0.0 0.0 0.0 0.0 0.0 0.0 0.0 0.0 0.0 0.0 0.0 0.0 0.0 0.0 0.0 0.0 02/07/1964
0.0 0.0 0.0 0.0 0.0 0.0 0.0 0.0 0.0 0.0 0.0 0.0 0.0 0.0 0.0 0.0 0.0 0.0 0.0 0.0 0.0 0.0 0.0 0.0 0.0 0.0 0.0 0.0 03/07/1964
0.0 0.0 0.0 0.0 0.0 0.0 0.0 0.0 0.0 0.0 0.0 0.0 0.0 0.0 0.0 0.0 0.0 0.0 0.0 0.0 0.0 0.0 0.0 0.0 0.0 0.0 0.0 0.0 04/07/1964
0.0 0.0 0.0 0.0 0.0 0.0 0.0 0.0 0.0 0.0 0.0 0.0 0.0 0.0 0.0 0.0 0.0 0.0 0.0 0.0 0.0 0.0 0.0 0.0 0.0 0.0 0.0 0.0 05/07/1964
0.0 0.0 0.0 0.0 0.0 0.0 0.0 0.0 0.0 0.0 0.0 0.0 0.0 0.0 0.0 0.0 0.0 0.0 0.0 0.0 0.0 0.0 0.0 0.0 0.0 0.0 0.0 0.0 06/07/1964
3.6 0.3 0.3 0.3 0.3 0.3 0.0 0.0 0.0 0.0 0.0 0.0 3.6 3.6 0.3 0.3 0.3 0.3 0.0 0.0 0.0 0.0 0.0 3.6 3.6 3.6 3.6 3.6 07/07/1964
8.5 3.6 3.6 3.6 3.6 3.6 8.2 8.3 8.4 8.5 9.3 9.3 8.6 8.6 3.6 3.6 3.6 3.6 8.0 8.2 8.2 9.1 9.0 6.4 8.6 8.6 8.6 8.7 08/07/1964
11.8 2.7 2.7 2.7 2.7 2.7 3.7 3.7 3.8 3.8 1.4 1.4 11.9 11.9 2.8 2.7 2.7 2.8 3.6 3.7 3.7 1.3 1.3 0.9 11.8 11.8 11.9 12.0 09/07/1964
2.6 3.3 3.3 3.3 3.3 3.3 0.0 0.0 0.0 0.0 1.5 1.5 2.6 2.6 3.3 3.3 3.3 3.3 0.0 0.0 0.0 1.5 1.5 1.1 2.6 2.6 2.6 2.6 10/07/1964
2.0 0.9 0.9 0.9 0.9 0.9 4.2 4.2 4.3 4.3 5.3 5.3 2.1 2.1 0.9 0.9 0.9 0.9 4.1 4.2 4.2 5.2 5.2 0.8 2.0 2.0 2.1 2.1 11/07/1964
0.0 0.2 0.2 0.2 0.2 0.2 0.2 0.2 0.2 0.2 1.3 1.3 0.0 0.0 0.2 0.2 0.2 0.2 0.1 0.2 0.2 1.3 1.2 0.0 0.0 0.0 0.0 0.0 12/07/1964
0.0 0.0 0.0 0.0 0.0 0.0 0.0 0.0 0.0 0.0 0.0 0.0 0.0 0.0 0.0 0.0 0.0 0.0 0.0 0.0 0.0 0.0 0.0 0.0 0.0 0.0 0.0 0.0 13/07/1964
0.0 0.0 0.0 0.0 0.0 0.0 0.0 0.0 0.0 0.0 0.0 0.0 0.0 0.0 0.0 0.0 0.0 0.0 0.0 0.0 0.0 0.0 0.0 0.0 0.0 0.0 0.0 0.0 14/07/1964
0.0 0.0 0.0 0.0 0.0 0.0 0.0 0.0 0.0 0.0 0.0 0.0 0.0 0.0 0.0 0.0 0.0 0.0 0.0 0.0 0.0 0.0 0.0 0.0 0.0 0.0 0.0 0.0 15/07/1964
10.9 0.4 0.4 0.4 0.4 0.4 0.0 0.0 0.0 0.0 0.0 0.0 11.1 11.1 0.4 0.4 0.4 0.4 0.0 0.0 0.0 0.0 0.0 4.5 11.0 11.0 11.1 11.1 16/07/1964
1.4 0.6 0.6 0.6 0.6 0.6 0.0 0.0 0.0 0.0 0.0 0.0 1.4 1.4 0.7 0.7 0.7 0.7 0.0 0.0 0.0 0.0 0.0 0.5 1.4 1.4 1.4 1.4 17/07/1964
0.0 0.9 0.9 0.9 0.9 0.9 8.1 8.2 8.3 8.4 18.5 18.6 0.0 0.0 0.9 0.9 0.9 0.9 8.0 8.1 8.2 18.1 18.0 0.0 0.0 0.0 0.0 0.0 18/07/1964
0.0 0.0 0.0 0.0 0.0 0.0 0.0 0.0 0.0 0.0 0.0 0.0 0.0 0.0 0.0 0.0 0.0 0.0 0.0 0.0 0.0 0.0 0.0 0.0 0.0 0.0 0.0 0.0 19/07/1964
0.0 0.0 0.0 0.0 0.0 0.0 0.0 0.0 0.0 0.0 0.0 0.0 0.0 0.0 0.0 0.0 0.0 0.0 0.0 0.0 0.0 0.0 0.0 0.0 0.0 0.0 0.0 0.0 20/07/1964
0.0 0.0 0.0 0.0 0.0 0.0 3.6 3.6 3.7 3.7 0.2 0.2 0.0 0.0 0.0 0.0 0.0 0.0 3.5 3.6 3.6 0.2 0.2 0.0 0.0 0.0 0.0 0.0 21/07/1964
0.0 0.0 0.0 0.0 0.0 0.0 0.1 0.1 0.1 0.1 0.0 0.0 0.0 0.0 0.0 0.0 0.0 0.0 0.1 0.1 0.1 0.0 0.0 0.0 0.0 0.0 0.0 0.0 22/07/1964
0.0 0.0 0.0 0.0 0.0 0.0 0.0 0.0 0.0 0.0 0.0 0.0 0.0 0.0 0.0 0.0 0.0 0.0 0.0 0.0 0.0 0.0 0.0 0.0 0.0 0.0 0.0 0.0 23/07/1964
0.0 0.0 0.0 0.0 0.0 0.0 0.0 0.0 0.0 0.0 0.0 0.0 0.0 0.0 0.0 0.0 0.0 0.0 0.0 0.0 0.0 0.0 0.0 0.0 0.0 0.0 0.0 0.0 24/07/1964
0.0 0.0 0.0 0.0 0.0 0.0 0.0 0.0 0.0 0.0 0.0 0.0 0.0 0.0 0.0 0.0 0.0 0.0 0.0 0.0 0.0 0.0 0.0 0.0 0.0 0.0 0.0 0.0 25/07/1964
0.0 0.0 0.0 0.0 0.0 0.0 0.0 0.0 0.0 0.0 0.0 0.0 0.0 0.0 0.0 0.0 0.0 0.0 0.0 0.0 0.0 0.0 0.0 0.0 0.0 0.0 0.0 0.0 26/07/1964
0.0 0.0 0.0 0.0 0.0 0.0 0.0 0.0 0.0 0.0 1.6 1.6 0.0 0.0 0.0 0.0 0.0 0.0 0.0 0.0 0.0 1.6 1.6 0.0 0.0 0.0 0.0 0.0 27/07/1964
0.0 0.0 0.0 0.0 0.0 0.0 0.0 0.0 0.0 0.0 0.0 0.0 0.0 0.0 0.0 0.0 0.0 0.0 0.0 0.0 0.0 0.0 0.0 0.0 0.0 0.0 0.0 0.0 28/07/1964
0.0 0.0 0.0 0.0 0.0 0.0 0.0 0.0 0.0 0.0 0.0 0.0 0.0 0.0 0.0 0.0 0.0 0.0 0.0 0.0 0.0 0.0 0.0 0.0 0.0 0.0 0.0 0.0 29/07/1964
0.0 0.0 0.0 0.0 0.0 0.0 0.0 0.0 0.0 0.0 0.0 0.0 0.0 0.0 0.0 0.0 0.0 0.0 0.0 0.0 0.0 0.0 0.0 0.0 0.0 0.0 0.0 0.0 30/07/1964
0.0 0.0 0.0 0.0 0.0 0.0 0.0 0.0 0.0 0.0 0.0 0.0 0.0 0.0 0.0 0.0 0.0 0.0 0.0 0.0 0.0 0.0 0.0 0.0 0.0 0.0 0.0 0.0 31/07/1964
