# 460 461 462 463 464 465 489 490 491 492 493 494 518 519 520 521 522 523 547 548 549 550 551 575 576 577 578 579 Date
0.1 4.1 4.2 4.2 4.2 4.2 5.0 5.1 5.2 5.2 9.0 9.0 0.1 0.1 4.2 4.2 4.2 4.2 5.0 5.1 5.1 8.8 8.7 0.0 0.1 0.1 0.1 0.1 01/08/1973
0.2 0.0 0.0 0.0 0.0 0.0 0.0 0.0 0.0 0.0 0.0 0.0 0.2 0.2 0.0 0.0 0.0 0.0 0.0 0.0 0.0 0.0 0.0 0.0 0.2 0.2 0.2 0.2 02/08/1973
5.5 2.5 2.5 2.5 2.5 2.5 4.2 4.3 4.3 4.3 6.6 6.7 5.5 5.5 2.5 2.5 2.5 2.5 4.1 4.2 4.2 6.5 6.4 8.4 5.5 5.5 5.5 5.6 03/08/1973
0.0 0.0 0.0 0.0 0.0 0.0 0.0 0.0 0.0 0.0 0.1 0.1 0.0 0.0 0.0 0.0 0.0 0.0 0.0 0.0 0.0 0.1 0.1 0.1 0.0 0.0 0.0 0.0 04/08/1973
0.0 0.2 0.2 0.2 0.2 0.2 0.0 0.0 0.0 0.0 0.0 0.0 0.0 0.0 0.2 0.2 0.2 0.2 0.0 0.0 0.0 0.0 0.0 0.0 0.0 0.0 0.0 0.0 05/08/1973
11.1 8.2 8.3 8.2 8.3 8.3 5.2 5.3 5.4 5.4 3.8 3.8 11.3 11.3 8.4 8.4 8.4 8.4 5.1 5.2 5.3 3.7 3.7 14.6 11.2 11.2 11.3 11.3 06/08/1973
1.5 0.4 0.4 0.4 0.4 0.4 0.0 0.0 0.0 0.0 0.0 0.0 1.5 1.5 0.4 0.4 0.4 0.4 0.0 0.0 0.0 0.0 0.0 0.6 1.5 1.5 1.5 1.5 07/08/1973
0.0 0.0 0.0 0.0 0.0 0.0 0.0 0.0 0.0 0.0 0.0 0.0 0.0 0.0 0.0 0.0 0.0 0.0 0.0 0.0 0.0 0.0 0.0 0.0 0.0 0.0 0.0 0.0 08/08/1973
0.0 0.0 0.0 0.0 0.0 0.0 0.0 0.0 0.0 0.0 0.0 0.0 0.0 0.0 0.0 0.0 0.0 0.0 0.0 0.0 0.0 0.0 0.0 0.0 0.0 0.0 0.0 0.0 09/08/1973
0.1 0.0 0.0 0.0 0.0 0.0 1.0 1.0 1.0 1.1 0.2 0.2 0.1 0.1 0.0 0.0 0.0 0.0 1.0 1.0 1.0 0.2 0.2 0.0 0.1 0.1 0.1 0.1 10/08/1973
0.0 0.0 0.0 0.0 0.0 0.0 0.0 0.0 0.0 0.0 0.0 0.0 0.0 0.0 0.0 0.0 0.0 0.0 0.0 0.0 0.0 0.0 0.0 0.0 0.0 0.0 0.0 0.0 11/08/1973
0.0 0.0 0.0 0.0 0.0 0.0 0.0 0.0 0.0 0.0 0.0 0.0 0.0 0.0 0.0 0.0 0.0 0.0 0.0 0.0 0.0 0.0 0.0 0.0 0.0 0.0 0.0 0.0 12/08/1973
0.0 0.0 0.0 0.0 0.0 0.0 0.0 0.0 0.0 0.0 0.0 0.0 0.0 0.0 0.0 0.0 0.0 0.0 0.0 0.0 0.0 0.0 0.0 0.0 0.0 0.0 0.0 0.0 13/08/1973
0.0 0.0 0.0 0.0 0.0 0.0 0.0 0.0 0.0 0.0 0.0 0.0 0.0 0.0 0.0 0.0 0.0 0.0 0.0 0.0 0.0 0.0 0.0 0.0 0.0 0.0 0.0 0.0 14/08/1973
0.0 0.0 0.0 0.0 0.0 0.0 0.0 0.0 0.0 0.0 0.0 0.0 0.0 0.0 0.0 0.0 0.0 0.0 0.0 0.0 0.0 0.0 0.0 0.0 0.0 0.0 0.0 0.0 15/08/1973
0.0 0.0 0.0 0.0 0.0 0.0 0.0 0.0 0.0 0.0 0.0 0.0 0.0 0.0 0.0 0.0 0.0 0.0 0.0 0.0 0.0 0.0 0.0 0.0 0.0 0.0 0.0 0.0 16/08/1973
0.1 0.3 0.3 0.3 0.3 0.3 0.1 0.1 0.1 0.1 0.2 0.2 0.1 0.1 0.3 0.3 0.3 0.3 0.1 0.1 0.1 0.2 0.2 0.0 0.1 0.1 0.1 0.1 17/08/1973
0.0 0.0 0.0 0.0 0.0 0.0 0.1 0.1 0.1 0.1 0.0 0.0 0.0 0.0 0.0 0.0 0.0 0.0 0.1 0.1 0.1 0.0 0.0 0.0 0.0 0.0 0.0 0.0 18/08/1973
0.0 0.0 0.0 0.0 0.0 0.0 0.0 0.0 0.0 0.0 0.0 0.0 0.0 0.0 0.0 0.0 0.0 0.0 0.0 0.0 0.0 0.0 0.0 0.0 0.0 0.0 0.0 0.0 19/08/1973
0.0 0.0 0.0 0.0 0.0 0.0 0.0 0.0 0.0 0.0 0.0 0.0 0.0 0.0 0.0 0.0 0.0 0.0 0.0 0.0 0.0 0.0 0.0 0.0 0.0 0.0 0.0 0.0 20/08/1973
0.0 0.0 0.0 0.0 0.0 0.0 0.0 0.0 0.0 0.0 0.0 0.0 0.0 0.0 0.0 0.0 0.0 0.0 0.0 0.0 0.0 0.0 0.0 0.0 0.0 0.0 0.0 0.0 21/08/1973
0.0 0.0 0.0 0.0 0.0 0.0 0.0 0.0 0.0 0.0 0.0 0.0 0.0 0.0 0.0 0.0 0.0 0.0 0.0 0.0 0.0 0.0 0.0 0.6 0.0 0.0 0.0 0.0 22/08/1973
1.3 0.0 0.0 0.0 0.0 0.0 0.0 0.0 0.0 0.0 0.0 0.0 1.3 1.3 0.0 0.0 0.0 0.0 0.0 0.0 0.0 0.0 0.0 0.2 1.3 1.3 1.3 1.3 23/08/1973
0.0 0.0 0.0 0.0 0.0 0.0 0.0 0.0 0.0 0.0 1.1 1.1 0.0 0.0 0.0 0.0 0.0 0.0 0.0 0.0 0.0 1.0 1.0 0.0 0.0 0.0 0.0 0.0 24/08/1973
0.0 0.0 0.0 0.0 0.0 0.0 0.0 0.0 0.0 0.0 0.0 0.0 0.0 0.0 0.0 0.0 0.0 0.0 0.0 0.0 0.0 0.0 0.0 0.0 0.0 0.0 0.0 0.0 25/08/1973
0.0 0.0 0.0 0.0 0.0 0.0 0.0 0.0 0.0 0.0 0.0 0.0 0.0 0.0 0.0 0.0 0.0 0.0 0.0 0.0 0.0 0.0 0.0 0.0 0.0 0.0 0.0 0.0 26/08/1973
12.1 23.8 24.0 23.8 23.9 24.0 0.2 0.2 0.2 0.2 0.3 0.3 12.3 12.3 24.2 24.2 24.1 24.2 0.2 0.2 0.2 0.3 0.3 10.3 12.2 12.2 12.3 12.3 27/08/1973
0.2 0.6 0.6 0.6 0.6 0.6 0.0 0.0 0.0 0.0 0.0 0.0 0.2 0.2 0.6 0.6 0.6 0.6 0.0 0.0 0.0 0.0 0.0 2.9 0.2 0.2 0.2 0.2 28/08/1973
2.5 0.7 0.7 0.7 0.7 0.7 1.9 1.9 1.9 1.9 1.4 1.4 2.5 2.5 0.7 0.7 0.7 0.7 1.8 1.9 1.9 1.4 1.4 4.2 2.5 2.5 2.5 2.5 29/08/1973
3.0 2.4 2.4 2.4 2.4 2.4 5.4 5.4 5.5 5.5 6.5 6.6 3.1 3.1 2.5 2.4 2.4 2.5 5.3 5.4 5.4 6.4 6.3 0.9 3.1 3.1 3.1 3.1 30/08/1973
0.0 0.0 0.0 0.0 0.0 0.0 0.0 0.0 0.0 0.0 0.0 0.0 0.0 0.0 0.0 0.0 0.0 0.0 0.0 0.0 0.0 0.0 0.0 0.0 0.0 0.0 0.0 0.0 31/08/1973
0.0 0.0 0.0 0.0 0.0 0.0 0.0 0.0 0.0 0.0 0.0 0.0 0.0 0.0 0.0 0.0 0.0 0.0 0.0 0.0 0.0 0.0 0.0 0.0 0.0 0.0 0.0 0.0 01/09/1973
0.0 0.0 0.0 0.0 0.0 0.0 0.0 0.0 0.0 0.0 0.0 0.0 0.0 0.0 0.0 0.0 0.0 0.0 0.0 0.0 0.0 0.0 0.0 0.0 0.0 0.0 0.0 0.0 02/09/1973
0.0 0.0 0.0 0.0 0.0 0.0 0.0 0.0 0.0 0.0 0.0 0.0 0.0 0.0 0.0 0.0 0.0 0.0 0.0 0.0 0.0 0.0 0.0 0.0 0.0 0.0 0.0 0.0 03/09/1973
0.0 0.0 0.0 0.0 0.0 0.0 0.0 0.0 0.0 0.0 0.0 0.0 0.0 0.0 0.0 0.0 0.0 0.0 0.0 0.0 0.0 0.0 0.0 0.0 0.0 0.0 0.0 0.0 04/09/1973
0.0 0.0 0.0 0.0 0.0 0.0 0.0 0.0 0.0 0.0 0.0 0.0 0.0 0.0 0.0 0.0 0.0 0.0 0.0 0.0 0.0 0.0 0.0 0.0 0.0 0.0 0.0 0.0 05/09/1973
0.0 0.0 0.0 0.0 0.0 0.0 0.0 0.0 0.0 0.0 0.0 0.0 0.0 0.0 0.0 0.0 0.0 0.0 0.0 0.0 0.0 0.0 0.0 0.0 0.0 0.0 0.0 0.0 06/09/1973
0.0 0.0 0.0 0.0 0.0 0.0 0.0 0.0 0.0 0.0 0.0 0.0 0.0 0.0 0.0 0.0 0.0 0.0 0.0 0.0 0.0 0.0 0.0 0.0 0.0 0.0 0.0 0.0 07/09/1973
0.0 0.0 0.0 0.0 0.0 0.0 0.0 0.0 0.0 0.0 0.0 0.0 0.0 0.0 0.0 0.0 0.0 0.0 0.0 0.0 0.0 0.0 0.0 0.0 0.0 0.0 0.0 0.0 08/09/1973
0.1 1.5 1.5 1.5 1.5 1.5 0.0 0.0 0.0 0.0 0.0 0.0 0.1 0.1 1.5 1.5 1.5 1.5 0.0 0.0 0.0 0.0 0.0 0.0 0.1 0.1 0.1 0.1 09/09/1973
0.0 0.0 0.0 0.0 0.0 0.0 0.0 0.0 0.0 0.0 0.0 0.0 0.0 0.0 0.0 0.0 0.0 0.0 0.0 0.0 0.0 0.0 0.0 0.0 0.0 0.0 0.0 0.0 10/09/1973
0.0 0.0 0.0 0.0 0.0 0.0 0.0 0.0 0.0 0.0 0.0 0.0 0.0 0.0 0.0 0.0 0.0 0.0 0.0 0.0 0.0 0.0 0.0 0.0 0.0 0.0 0.0 0.0 11/09/1973
0.0 0.0 0.0 0.0 0.0 0.0 0.0 0.0 0.0 0.0 0.0 0.0 0.0 0.0 0.0 0.0 0.0 0.0 0.0 0.0 0.0 0.0 0.0 0.0 0.0 0.0 0.0 0.0 12/09/1973
0.0 0.0 0.0 0.0 0.0 0.0 0.0 0.0 0.0 0.0 0.0 0.0 0.0 0.0 0.0 0.0 0.0 0.0 0.0 0.0 0.0 0.0 0.0 0.0 0.0 0.0 0.0 0.0 13/09/1973
1.2 0.0 0.0 0.0 0.0 0.0 0.0 0.0 0.0 0.0 0.0 0.0 1.2 1.2 0.0 0.0 0.0 0.0 0.0 0.0 0.0 0.0 0.0 0.2 1.2 1.2 1.2 1.2 14/09/1973
9.0 17.9 18.1 17.9 18.0 18.1 3.2 3.2 3.2 3.3 9.0 9.0 9.1 9.1 18.2 18.2 18.2 18.2 3.1 3.2 3.2 8.8 8.7 11.2 9.0 9.0 9.1 9.1 15/09/1973
7.1 4.8 4.8 4.8 4.8 4.8 0.0 0.0 0.0 0.0 0.6 0.6 7.2 7.2 4.9 4.9 4.9 4.9 0.0 0.0 0.0 0.6 0.6 5.7 7.2 7.2 7.2 7.3 16/09/1973
7.4 5.0 5.1 5.0 5.0 5.1 23.5 23.8 24.1 24.3 0.7 0.7 7.5 7.5 5.1 5.1 5.1 5.1 23.1 23.5 23.7 0.6 0.6 5.5 7.4 7.4 7.5 7.5 17/09/1973
2.1 2.1 2.1 2.1 2.1 2.1 7.2 7.3 7.4 7.4 7.3 7.3 2.1 2.1 2.2 2.2 2.2 2.2 7.1 7.2 7.2 7.1 7.1 0.9 2.1 2.1 2.1 2.2 18/09/1973
0.4 0.7 0.8 0.7 0.7 0.8 0.2 0.2 0.2 0.2 0.4 0.4 0.4 0.4 0.8 0.8 0.8 0.8 0.2 0.2 0.2 0.4 0.4 0.1 0.4 0.4 0.4 0.4 19/09/1973
21.7 12.0 12.0 12.0 12.0 12.1 16.0 16.2 16.4 16.6 13.5 13.5 22.0 22.0 12.2 12.1 12.1 12.2 15.8 16.0 16.1 13.2 13.1 12.6 21.9 21.9 22.0 22.1 20/09/1973
3.6 3.7 3.8 3.7 3.8 3.8 0.9 0.9 0.9 1.0 1.2 1.2 3.7 3.7 3.8 3.8 3.8 3.8 0.9 0.9 0.9 1.2 1.2 4.0 3.7 3.7 3.7 3.7 21/09/1973
18.7 6.9 7.0 6.9 6.9 7.0 13.4 13.5 13.7 13.8 15.8 15.8 18.9 18.9 7.0 7.0 7.0 7.0 13.2 13.4 13.5 15.4 15.3 15.8 18.8 18.8 19.0 19.0 22/09/1973
4.1 10.6 10.7 10.6 10.6 10.7 15.5 15.7 15.9 16.0 14.8 14.9 4.2 4.2 10.8 10.7 10.7 10.8 15.3 15.5 15.6 14.5 14.4 2.3 4.1 4.1 4.2 4.2 23/09/1973
0.1 0.1 0.1 0.1 0.1 0.1 2.3 2.3 2.3 2.3 1.3 1.3 0.1 0.1 0.1 0.1 0.1 0.1 2.2 2.3 2.3 1.3 1.3 0.0 0.1 0.1 0.1 0.1 24/09/1973
0.0 0.0 0.0 0.0 0.0 0.0 0.0 0.0 0.0 0.0 0.0 0.0 0.0 0.0 0.0 0.0 0.0 0.0 0.0 0.0 0.0 0.0 0.0 0.0 0.0 0.0 0.0 0.0 25/09/1973
5.8 3.6 3.7 3.6 3.7 3.7 3.1 3.2 3.2 3.3 1.8 1.8 5.9 5.9 3.7 3.7 3.7 3.7 3.1 3.1 3.2 1.8 1.8 5.5 5.8 5.8 5.9 5.9 26/09/1973
3.6 1.6 1.6 1.6 1.6 1.6 0.2 0.2 0.2 0.2 0.0 0.0 3.6 3.6 1.7 1.6 1.6 1.6 0.2 0.2 0.2 0.0 0.0 2.7 3.6 3.6 3.6 3.6 27/09/1973
7.7 5.1 5.2 5.1 5.2 5.2 20.4 20.6 20.9 21.1 27.3 27.4 7.8 7.8 5.2 5.2 5.2 5.2 20.1 20.4 20.6 26.7 26.5 5.2 7.8 7.8 7.9 7.9 28/09/1973
18.0 15.2 15.3 15.2 15.2 15.3 7.9 8.0 8.1 8.2 4.9 4.9 18.2 18.2 15.5 15.4 15.4 15.5 7.8 8.0 8.0 4.8 4.7 19.5 18.1 18.1 18.3 18.3 29/09/1973
1.9 5.5 5.6 5.6 5.6 5.6 4.5 4.6 4.6 4.7 6.2 6.2 1.9 1.9 5.6 5.6 5.6 5.6 4.5 4.5 4.6 6.1 6.0 0.2 1.9 1.9 1.9 1.9 30/09/1973
2.9 3.1 3.2 3.1 3.1 3.2 0.0 0.0 0.0 0.0 0.0 0.0 3.0 3.0 3.2 3.2 3.2 3.2 0.0 0.0 0.0 0.0 0.0 0.3 2.9 2.9 3.0 3.0 01/10/1973
0.0 0.4 0.4 0.4 0.4 0.4 0.0 0.0 0.0 0.0 0.0 0.0 0.0 0.0 0.4 0.4 0.4 0.4 0.0 0.0 0.0 0.0 0.0 0.0 0.0 0.0 0.0 0.0 02/10/1973
0.0 0.0 0.0 0.0 0.0 0.0 0.0 0.0 0.0 0.0 0.0 0.0 0.0 0.0 0.0 0.0 0.0 0.0 0.0 0.0 0.0 0.0 0.0 0.0 0.0 0.0 0.0 0.0 03/10/1973
0.0 0.0 0.0 0.0 0.0 0.0 0.0 0.0 0.0 0.0 0.0 0.0 0.0 0.0 0.0 0.0 0.0 0.0 0.0 0.0 0.0 0.0 0.0 0.0 0.0 0.0 0.0 0.0 04/10/1973
0.9 0.0 0.0 0.0 0.0 0.0 1.3 1.3 1.3 1.3 0.0 0.0 0.9 0.9 0.0 0.0 0.0 0.0 1.3 1.3 1.3 0.0 0.0 0.0 0.9 0.9 0.9 0.9 05/10/1973
24.7 4.6 4.7 4.7 4.7 4.7 1.5 1.5 1.5 1.5 0.3 0.3 25.0 25.0 4.7 4.7 4.7 4.7 1.4 1.5 1.5 0.3 0.3 10.1 24.9 24.9 25.0 25.2 06/10/1973
0.2 3.1 3.1 3.1 3.1 3.1 0.0 0.0 0.0 0.0 0.0 0.0 0.3 0.3 3.1 3.1 3.1 3.1 0.0 0.0 0.0 0.0 0.0 2.5 0.2 0.2 0.3 0.3 07/10/1973
0.0 0.0 0.0 0.0 0.0 0.0 0.0 0.0 0.0 0.0 0.1 0.1 0.0 0.0 0.0 0.0 0.0 0.0 0.0 0.0 0.0 0.1 0.1 0.0 0.0 0.0 0.0 0.0 08/10/1973
0.0 0.0 0.0 0.0 0.0 0.0 0.0 0.0 0.0 0.0 0.0 0.0 0.0 0.0 0.0 0.0 0.0 0.0 0.0 0.0 0.0 0.0 0.0 0.0 0.0 0.0 0.0 0.0 09/10/1973
0.8 0.1 0.1 0.1 0.1 0.1 0.0 0.0 0.0 0.0 0.0 0.0 0.8 0.8 0.1 0.1 0.1 0.1 0.0 0.0 0.0 0.0 0.0 0.0 0.8 0.8 0.8 0.8 10/10/1973
2.6 0.9 0.9 0.9 0.9 0.9 3.2 3.2 3.3 3.3 3.7 3.7 2.7 2.7 1.0 1.0 1.0 1.0 3.1 3.2 3.2 3.6 3.6 1.8 2.6 2.6 2.7 2.7 11/10/1973
0.0 0.2 0.2 0.2 0.2 0.2 0.0 0.0 0.0 0.0 0.0 0.0 0.0 0.0 0.2 0.2 0.2 0.2 0.0 0.0 0.0 0.0 0.0 0.0 0.0 0.0 0.0 0.0 12/10/1973
0.0 0.1 0.1 0.1 0.1 0.1 0.6 0.6 0.6 0.6 0.6 0.6 0.0 0.0 0.1 0.1 0.1 0.1 0.6 0.6 0.6 0.6 0.6 0.0 0.0 0.0 0.0 0.0 13/10/1973
10.2 8.3 8.4 8.3 8.3 8.4 5.7 5.7 5.8 5.8 8.5 8.6 10.3 10.3 8.5 8.4 8.4 8.5 5.6 5.7 5.7 8.4 8.3 12.0 10.3 10.3 10.4 10.4 14/10/1973
14.8 13.3 13.4 13.3 13.4 13.4 13.7 13.8 14.0 14.2 17.7 17.7 14.9 14.9 13.5 13.5 13.5 13.5 13.5 13.7 13.8 17.3 17.1 16.1 14.9 14.9 15.0 15.0 15/10/1973
7.8 11.2 11.3 11.2 11.3 11.3 18.4 18.6 18.9 19.0 20.2 20.3 7.9 7.9 11.4 11.4 11.4 11.4 18.1 18.4 18.5 19.8 19.6 1.1 7.9 7.9 7.9 8.0 16/10/1973
1.8 3.5 3.5 3.5 3.5 3.5 0.1 0.1 0.1 0.1 0.1 0.1 1.8 1.8 3.6 3.6 3.6 3.6 0.1 0.1 0.1 0.1 0.1 0.5 1.8 1.8 1.8 1.8 17/10/1973
1.3 1.2 1.2 1.2 1.2 1.2 0.0 0.0 0.0 0.0 0.0 0.0 1.3 1.3 1.2 1.2 1.2 1.2 0.0 0.0 0.0 0.0 0.0 3.4 1.3 1.3 1.3 1.3 18/10/1973
11.3 9.3 9.3 9.3 9.3 9.4 7.1 7.2 7.3 7.3 11.1 11.1 11.5 11.5 9.4 9.4 9.4 9.4 7.0 7.1 7.1 10.8 10.7 4.4 11.4 11.4 11.5 11.5 19/10/1973
2.5 1.9 1.9 1.9 1.9 1.9 2.1 2.1 2.1 2.1 2.5 2.5 2.5 2.5 2.0 2.0 2.0 2.0 2.1 2.1 2.1 2.5 2.5 0.9 2.5 2.5 2.5 2.5 20/10/1973
0.0 0.0 0.0 0.0 0.0 0.0 1.1 1.1 1.1 1.1 1.9 1.9 0.0 0.0 0.0 0.0 0.0 0.0 1.1 1.1 1.1 1.8 1.8 0.0 0.0 0.0 0.0 0.0 21/10/1973
2.8 1.5 1.5 1.5 1.5 1.5 5.4 5.4 5.5 5.5 5.9 6.0 2.9 2.9 1.5 1.5 1.5 1.5 5.3 5.4 5.4 5.8 5.8 0.8 2.9 2.9 2.9 2.9 22/10/1973
0.0 0.2 0.2 0.2 0.2 0.2 0.0 0.0 0.0 0.0 0.0 0.0 0.0 0.0 0.2 0.2 0.2 0.2 0.0 0.0 0.0 0.0 0.0 0.0 0.0 0.0 0.0 0.0 23/10/1973
0.0 0.3 0.3 0.3 0.3 0.3 0.0 0.0 0.0 0.0 0.0 0.0 0.0 0.0 0.3 0.3 0.3 0.3 0.0 0.0 0.0 0.0 0.0 0.0 0.0 0.0 0.0 0.0 24/10/1973
0.0 0.0 0.0 0.0 0.0 0.0 0.0 0.0 0.0 0.0 0.0 0.0 0.0 0.0 0.0 0.0 0.0 0.0 0.0 0.0 0.0 0.0 0.0 0.0 0.0 0.0 0.0 0.0 25/10/1973
0.0 0.0 0.0 0.0 0.0 0.0 0.0 0.0 0.0 0.0 0.0 0.0 0.0 0.0 0.0 0.0 0.0 0.0 0.0 0.0 0.0 0.0 0.0 0.0 0.0 0.0 0.0 0.0 26/10/1973
0.0 0.0 0.0 0.0 0.0 0.0 0.0 0.0 0.0 0.0 0.0 0.0 0.0 0.0 0.0 0.0 0.0 0.0 0.0 0.0 0.0 0.0 0.0 0.0 0.0 0.0 0.0 0.0 27/10/1973
0.0 0.0 0.0 0.0 0.0 0.0 0.0 0.0 0.0 0.0 0.0 0.0 0.0 0.0 0.0 0.0 0.0 0.0 0.0 0.0 0.0 0.0 0.0 0.0 0.0 0.0 0.0 0.0 28/10/1973
0.0 0.0 0.0 0.0 0.0 0.0 0.0 0.0 0.0 0.0 0.0 0.0 0.0 0.0 0.0 0.0 0.0 0.0 0.0 0.0 0.0 0.0 0.0 0.0 0.0 0.0 0.0 0.0 29/10/1973
0.0 0.0 0.0 0.0 0.0 0.0 0.0 0.0 0.0 0.0 0.0 0.0 0.0 0.0 0.0 0.0 0.0 0.0 0.0 0.0 0.0 0.0 0.0 0.0 0.0 0.0 0.0 0.0 30/10/1973
0.0 0.0 0.0 0.0 0.0 0.0 0.0 0.0 0.0 0.0 0.0 0.0 0.0 0.0 0.0 0.0 0.0 0.0 0.0 0.0 0.0 0.0 0.0 0.0 0.0 0.0 0.0 0.0 31/10/1973
0.1 0.1 0.1 0.1 0.1 0.1 0.0 0.0 0.0 0.0 0.0 0.0 0.2 0.2 0.1 0.1 0.1 0.1 0.0 0.0 0.0 0.0 0.0 0.2 0.1 0.1 0.2 0.2 01/11/1973
0.0 0.0 0.0 0.0 0.0 0.0 0.0 0.0 0.0 0.0 0.0 0.0 0.0 0.0 0.0 0.0 0.0 0.0 0.0 0.0 0.0 0.0 0.0 0.0 0.0 0.0 0.0 0.0 02/11/1973
1.0 0.2 0.2 0.2 0.2 0.2 0.0 0.0 0.0 0.0 0.0 0.0 1.0 1.0 0.2 0.2 0.2 0.2 0.0 0.0 0.0 0.0 0.0 0.3 1.0 1.0 1.0 1.0 03/11/1973
8.7 4.4 4.4 4.4 4.4 4.4 19.4 19.6 19.9 20.1 30.7 30.8 8.8 8.8 4.5 4.5 4.5 4.5 19.1 19.4 19.6 30.0 29.8 3.3 8.8 8.8 8.9 8.9 04/11/1973
9.1 9.1 9.2 9.1 9.2 9.2 6.6 6.7 6.8 6.9 6.6 6.6 9.2 9.2 9.3 9.3 9.3 9.3 6.5 6.6 6.7 6.4 6.4 6.1 9.1 9.1 9.2 9.2 05/11/1973
1.5 0.6 0.6 0.6 0.6 0.6 0.0 0.0 0.0 0.0 0.0 0.0 1.5 1.5 0.6 0.6 0.6 0.6 0.0 0.0 0.0 0.0 0.0 0.2 1.5 1.5 1.5 1.5 06/11/1973
0.0 0.0 0.0 0.0 0.0 0.0 0.0 0.0 0.0 0.0 0.0 0.0 0.0 0.0 0.0 0.0 0.0 0.0 0.0 0.0 0.0 0.0 0.0 0.0 0.0 0.0 0.0 0.0 07/11/1973
0.1 0.8 0.8 0.8 0.8 0.8 0.1 0.1 0.1 0.1 0.2 0.2 0.1 0.1 0.8 0.8 0.8 0.8 0.1 0.1 0.1 0.2 0.1 0.0 0.1 0.1 0.1 0.1 08/11/1973
0.0 0.0 0.0 0.0 0.0 0.0 0.0 0.0 0.0 0.0 0.0 0.0 0.0 0.0 0.0 0.0 0.0 0.0 0.0 0.0 0.0 0.0 0.0 0.0 0.0 0.0 0.0 0.0 09/11/1973
0.5 0.0 0.0 0.0 0.0 0.0 0.3 0.3 0.3 0.3 1.1 1.1 0.5 0.5 0.0 0.0 0.0 0.0 0.3 0.3 0.3 1.1 1.1 0.0 0.5 0.5 0.5 0.5 10/11/1973
0.0 0.1 0.1 0.1 0.1 0.1 0.0 0.0 0.0 0.0 0.0 0.0 0.0 0.0 0.1 0.1 0.1 0.1 0.0 0.0 0.0 0.0 0.0 0.0 0.0 0.0 0.0 0.0 11/11/1973
4.4 6.0 6.0 6.0 6.0 6.0 2.9 3.0 3.0 3.0 4.2 4.2 4.5 4.5 6.1 6.1 6.1 6.1 2.9 2.9 2.9 4.1 4.1 1.9 4.5 4.5 4.5 4.5 12/11/1973
11.6 12.1 12.2 12.1 12.1 12.2 2.2 2.2 2.2 2.2 4.1 4.1 11.8 11.8 12.3 12.3 12.3 12.3 2.2 2.2 2.2 4.0 4.0 7.5 11.7 11.7 11.8 11.8 13/11/1973
11.1 8.8 8.8 8.8 8.8 8.8 6.8 6.9 7.0 7.1 8.2 8.2 11.2 11.2 8.9 8.9 8.9 8.9 6.7 6.8 6.9 8.0 7.9 5.7 11.1 11.1 11.2 11.3 14/11/1973
12.8 9.7 9.7 9.7 9.7 9.7 10.4 10.5 10.6 10.7 9.5 9.5 12.9 12.9 9.8 9.8 9.8 9.8 10.2 10.4 10.4 9.3 9.3 8.6 12.9 12.9 13.0 13.0 15/11/1973
2.5 4.5 4.5 4.5 4.5 4.5 9.4 9.5 9.6 9.7 12.0 12.0 2.6 2.6 4.6 4.6 4.6 4.6 9.2 9.4 9.5 11.7 11.6 1.8 2.6 2.6 2.6 2.6 16/11/1973
0.0 0.0 0.0 0.0 0.0 0.0 0.0 0.0 0.0 0.0 0.0 0.0 0.0 0.0 0.0 0.0 0.0 0.0 0.0 0.0 0.0 0.0 0.0 0.0 0.0 0.0 0.0 0.0 17/11/1973
0.0 0.0 0.0 0.0 0.0 0.0 0.0 0.0 0.0 0.0 0.0 0.0 0.0 0.0 0.0 0.0 0.0 0.0 0.0 0.0 0.0 0.0 0.0 0.0 0.0 0.0 0.0 0.0 18/11/1973
0.0 0.2 0.2 0.2 0.2 0.2 0.0 0.0 0.0 0.0 0.0 0.0 0.0 0.0 0.2 0.2 0.2 0.2 0.0 0.0 0.0 0.0 0.0 0.0 0.0 0.0 0.0 0.0 19/11/1973
0.0 0.0 0.0 0.0 0.0 0.0 0.0 0.0 0.0 0.0 0.0 0.0 0.0 0.0 0.0 0.0 0.0 0.0 0.0 0.0 0.0 0.0 0.0 0.0 0.0 0.0 0.0 0.0 20/11/1973
0.0 1.3 1.3 1.3 1.3 1.3 0.0 0.0 0.0 0.0 0.0 0.0 0.0 0.0 1.3 1.3 1.3 1.3 0.0 0.0 0.0 0.0 0.0 0.0 0.0 0.0 0.0 0.0 21/11/1973
0.0 0.1 0.1 0.1 0.1 0.1 0.0 0.0 0.0 0.0 0.0 0.0 0.0 0.0 0.1 0.1 0.1 0.1 0.0 0.0 0.0 0.0 0.0 0.0 0.0 0.0 0.0 0.0 22/11/1973
0.4 0.5 0.5 0.5 0.5 0.5 0.6 0.6 0.6 0.6 0.3 0.3 0.4 0.4 0.5 0.5 0.5 0.5 0.6 0.6 0.6 0.3 0.3 0.4 0.4 0.4 0.4 0.4 23/11/1973
2.4 3.6 3.6 3.6 3.6 3.6 2.3 2.3 2.3 2.3 2.4 2.4 2.4 2.4 3.7 3.6 3.6 3.6 2.2 2.3 2.3 2.4 2.4 1.1 2.4 2.4 2.4 2.4 24/11/1973
2.8 1.2 1.2 1.2 1.2 1.2 0.0 0.0 0.0 0.0 0.0 0.0 2.8 2.8 1.2 1.2 1.2 1.2 0.0 0.0 0.0 0.0 0.0 2.0 2.8 2.8 2.8 2.8 25/11/1973
0.0 0.0 0.0 0.0 0.0 0.0 0.0 0.0 0.0 0.0 0.0 0.0 0.0 0.0 0.0 0.0 0.0 0.0 0.0 0.0 0.0 0.1 0.1 0.2 0.0 0.0 0.0 0.0 26/11/1973
0.7 0.0 0.0 0.0 0.0 0.0 0.0 0.0 0.0 0.0 0.0 0.0 0.6 0.6 0.0 0.0 0.0 0.0 0.0 0.0 0.0 0.0 0.0 1.6 0.7 0.7 0.6 0.6 27/11/1973
15.4 8.4 8.5 8.4 8.4 8.5 3.2 2.7 2.2 1.8 1.9 1.7 15.2 15.2 8.5 8.5 8.5 8.5 3.8 3.1 2.9 3.0 3.4 16.6 15.3 15.3 15.2 15.1 28/11/1973
0.0 1.3 1.3 1.3 1.3 1.3 0.3 0.3 0.2 0.2 0.1 0.1 0.0 0.0 1.3 1.3 1.3 1.3 0.4 0.3 0.3 0.1 0.1 0.0 0.0 0.0 0.0 0.0 29/11/1973
9.2 2.4 2.2 2.4 2.3 2.2 0.0 0.0 0.0 0.0 0.0 0.0 9.0 9.0 1.9 2.0 2.0 1.9 0.0 0.0 0.0 0.0 0.0 7.3 9.1 9.1 9.0 9.0 30/11/1973
0.0 0.0 0.0 0.0 0.0 0.0 0.0 0.0 0.0 0.0 0.0 0.0 0.0 0.0 0.0 0.0 0.0 0.0 0.0 0.0 0.0 0.0 0.0 0.1 0.0 0.0 0.0 0.0 01/12/1973
0.3 0.0 0.0 0.0 0.0 0.0 0.0 0.0 0.0 0.0 0.0 0.0 0.2 0.2 0.0 0.0 0.0 0.0 0.0 0.0 0.0 0.0 0.0 0.2 0.3 0.3 0.2 0.2 02/12/1973
6.6 5.5 5.5 5.5 5.5 5.5 4.1 3.6 3.1 2.6 1.6 1.5 6.7 6.7 5.5 5.5 5.5 5.5 4.7 4.0 3.7 2.1 2.3 5.2 6.7 6.7 6.7 6.7 03/12/1973
1.9 1.6 1.6 1.6 1.6 1.6 4.1 4.1 4.2 4.2 3.6 3.6 1.9 1.9 1.6 1.6 1.6 1.6 4.0 4.1 4.1 3.5 3.5 2.1 1.9 1.9 1.9 1.9 04/12/1973
1.0 0.6 0.6 0.6 0.6 0.6 1.5 1.5 1.6 1.6 1.1 1.1 1.0 1.0 0.7 0.7 0.7 0.7 1.5 1.5 1.5 1.1 1.1 0.7 1.0 1.0 1.0 1.0 05/12/1973
5.8 2.7 2.7 2.7 2.7 2.7 2.1 2.1 2.1 2.2 1.8 1.8 5.9 5.9 2.7 2.7 2.7 2.7 2.0 2.1 2.1 1.8 1.7 5.0 5.9 5.9 5.9 5.9 06/12/1973
11.4 14.1 14.2 14.1 14.2 14.2 8.4 8.5 8.6 8.7 10.0 10.0 11.5 11.5 14.4 14.3 14.3 14.4 8.3 8.5 8.5 9.8 9.7 7.2 11.5 11.5 11.6 11.6 07/12/1973
3.8 6.7 6.8 6.7 6.7 6.8 1.1 1.1 1.1 1.1 1.5 1.5 3.9 3.9 6.8 6.8 6.8 6.8 1.1 1.1 1.1 1.5 1.5 1.4 3.8 3.8 3.9 3.9 08/12/1973
0.0 0.2 0.2 0.2 0.2 0.2 0.0 0.0 0.0 0.0 0.0 0.0 0.0 0.0 0.2 0.2 0.2 0.2 0.0 0.0 0.0 0.0 0.0 0.0 0.0 0.0 0.0 0.0 09/12/1973
0.1 0.0 0.0 0.0 0.0 0.0 0.0 0.0 0.0 0.0 0.0 0.0 0.1 0.1 0.0 0.0 0.0 0.0 0.0 0.0 0.0 0.0 0.0 0.0 0.1 0.1 0.1 0.1 10/12/1973
6.1 3.5 3.5 3.5 3.5 3.5 3.0 2.5 2.0 1.7 0.8 0.8 6.1 6.1 3.6 3.5 3.5 3.6 3.5 2.9 2.6 1.3 1.5 5.7 6.1 6.1 6.1 6.2 11/12/1973
7.4 4.4 4.4 4.4 4.4 4.4 8.2 8.0 7.7 7.4 11.5 11.5 7.5 7.5 4.4 4.4 4.4 4.4 8.6 8.2 8.0 11.7 11.7 4.2 7.4 7.4 7.5 7.5 12/12/1973
0.8 0.0 0.0 0.0 0.0 0.0 3.7 3.7 3.8 3.8 4.1 4.1 0.8 0.8 0.0 0.0 0.0 0.0 3.6 3.7 3.7 4.0 3.9 0.4 0.8 0.8 0.8 0.8 13/12/1973
1.3 0.8 0.8 0.8 0.8 0.8 2.3 2.4 2.4 2.4 2.6 2.6 1.4 1.4 0.8 0.8 0.8 0.8 2.3 2.3 2.3 2.5 2.5 1.1 1.4 1.4 1.4 1.4 14/12/1973
0.5 0.3 0.3 0.3 0.3 0.3 0.2 0.2 0.2 0.1 0.2 0.2 0.5 0.5 0.3 0.3 0.3 0.3 0.3 0.2 0.2 0.3 0.3 0.0 0.5 0.5 0.5 0.5 15/12/1973
6.1 4.2 4.1 4.2 4.1 4.1 7.1 7.2 7.2 7.3 13.5 13.6 6.1 6.1 4.1 4.1 4.1 4.1 7.0 7.1 7.1 13.2 13.1 3.6 6.1 6.1 6.2 6.2 16/12/1973
1.0 0.9 0.9 0.9 0.9 0.9 0.0 0.0 0.0 0.0 0.0 0.0 1.0 1.0 0.9 0.9 0.9 0.9 0.0 0.0 0.0 0.0 0.0 0.9 1.0 1.0 1.0 1.0 17/12/1973
0.0 0.1 0.1 0.1 0.1 0.1 0.0 0.0 0.0 0.0 0.0 0.0 0.0 0.0 0.1 0.1 0.1 0.1 0.0 0.0 0.0 0.0 0.0 0.2 0.0 0.0 0.0 0.0 18/12/1973
0.1 0.0 0.0 0.0 0.0 0.0 0.0 0.0 0.0 0.0 0.0 0.0 0.1 0.1 0.0 0.0 0.0 0.0 0.0 0.0 0.0 0.0 0.0 0.0 0.1 0.1 0.1 0.1 19/12/1973
6.7 5.8 5.9 5.8 5.8 5.9 0.2 0.2 0.3 0.3 0.0 0.0 6.7 6.7 5.9 5.9 5.9 5.9 0.2 0.2 0.2 0.0 0.0 6.2 6.7 6.7 6.7 6.8 20/12/1973
6.3 4.5 4.6 4.5 4.5 4.6 5.4 5.5 5.6 5.6 7.4 7.4 6.4 6.4 4.6 4.6 4.6 4.6 5.3 5.4 5.5 7.2 7.1 6.2 6.4 6.4 6.4 6.4 21/12/1973
0.8 0.2 0.2 0.2 0.2 0.2 5.6 5.6 5.7 5.7 11.1 11.1 0.9 0.9 0.2 0.2 0.2 0.2 5.5 5.6 5.6 10.9 10.8 0.3 0.9 0.9 0.9 0.9 22/12/1973
0.1 2.0 2.0 2.0 2.0 2.0 1.9 1.9 2.0 2.0 8.2 8.2 0.1 0.1 2.1 2.1 2.0 2.1 1.9 1.9 1.9 8.0 8.0 0.0 0.1 0.1 0.1 0.1 23/12/1973
0.0 0.3 0.3 0.3 0.3 0.3 0.2 0.2 0.2 0.2 0.6 0.6 0.0 0.0 0.3 0.3 0.3 0.3 0.2 0.2 0.2 0.6 0.6 0.0 0.0 0.0 0.0 0.0 24/12/1973
1.3 0.3 0.2 0.3 0.3 0.2 0.0 0.0 0.0 0.0 0.0 0.0 1.3 1.3 0.2 0.2 0.2 0.2 0.0 0.0 0.0 0.0 0.0 0.8 1.3 1.3 1.3 1.3 25/12/1973
2.8 2.3 2.3 2.3 2.3 2.3 1.5 1.5 1.5 1.5 0.7 0.7 2.8 2.8 2.3 2.3 2.3 2.3 1.5 1.5 1.5 0.7 0.7 3.8 2.8 2.8 2.8 2.8 26/12/1973
1.3 0.7 0.7 0.7 0.7 0.7 0.8 0.8 0.8 0.8 1.6 1.6 1.4 1.4 0.7 0.7 0.7 0.7 0.8 0.8 0.8 1.6 1.6 1.5 1.4 1.4 1.4 1.4 27/12/1973
0.1 0.3 0.3 0.3 0.3 0.3 0.1 0.1 0.1 0.1 0.3 0.3 0.1 0.1 0.3 0.3 0.3 0.3 0.1 0.1 0.1 0.3 0.3 1.2 0.1 0.1 0.1 0.1 28/12/1973
0.0 0.0 0.0 0.0 0.0 0.0 0.0 0.0 0.0 0.0 0.0 0.0 0.0 0.0 0.0 0.0 0.0 0.0 0.0 0.0 0.0 0.0 0.0 0.0 0.0 0.0 0.0 0.0 29/12/1973
1.4 1.0 0.9 1.0 1.0 0.9 0.0 0.0 0.0 0.0 0.0 0.0 1.3 1.3 0.8 0.8 0.8 0.8 0.0 0.0 0.0 0.0 0.0 1.4 1.4 1.4 1.3 1.3 30/12/1973
0.0 0.0 0.0 0.0 0.0 0.0 0.0 0.0 0.0 0.0 0.0 0.0 0.0 0.0 0.0 0.0 0.0 0.0 0.0 0.0 0.0 0.0 0.0 0.0 0.0 0.0 0.0 0.0 31/12/1973
0.0 0.0 0.0 0.0 0.0 0.0 0.0 0.0 0.0 0.0 0.0 0.0 0.0 0.0 0.0 0.0 0.0 0.0 0.0 0.0 0.0 0.0 0.0 0.0 0.0 0.0 0.0 0.0 01/01/1974
0.0 0.0 0.0 0.0 0.0 0.0 0.0 0.0 0.0 0.0 0.0 0.0 0.0 0.0 0.0 0.0 0.0 0.0 0.0 0.0 0.0 0.0 0.0 0.0 0.0 0.0 0.0 0.0 02/01/1974
0.2 0.3 0.3 0.3 0.3 0.3 0.4 0.4 0.4 0.4 1.0 1.0 0.3 0.3 0.4 0.4 0.4 0.4 0.4 0.4 0.4 1.0 1.0 0.7 0.2 0.2 0.3 0.3 03/01/1974
0.1 0.2 0.2 0.2 0.2 0.2 0.4 0.4 0.4 0.4 1.8 1.8 0.1 0.1 0.2 0.2 0.2 0.2 0.4 0.4 0.4 1.7 1.7 0.0 0.1 0.1 0.1 0.1 04/01/1974
0.8 2.6 2.6 2.6 2.6 2.6 1.0 1.0 1.0 1.1 3.5 3.5 0.8 0.8 2.6 2.6 2.6 2.6 1.0 1.0 1.0 3.4 3.4 0.2 0.8 0.8 0.8 0.8 05/01/1974
3.1 3.0 3.0 3.0 3.0 3.0 1.5 1.5 1.5 1.5 1.0 1.0 3.2 3.2 3.0 3.0 3.0 3.0 1.5 1.5 1.5 1.0 1.0 3.7 3.2 3.2 3.2 3.2 06/01/1974
5.6 6.5 6.5 6.5 6.5 6.5 7.1 7.2 7.3 7.3 4.6 4.6 5.7 5.7 6.6 6.6 6.6 6.6 7.0 7.1 7.1 4.5 4.5 3.7 5.6 5.6 5.7 5.7 07/01/1974
4.6 4.2 4.2 4.2 4.2 4.2 5.1 5.2 5.2 5.3 4.6 4.6 4.6 4.6 4.3 4.3 4.3 4.3 5.0 5.1 5.1 4.5 4.5 3.0 4.6 4.6 4.6 4.7 08/01/1974
11.7 12.2 12.2 12.2 12.2 12.2 5.6 5.7 5.7 5.8 6.5 6.5 11.9 11.9 12.4 12.3 12.3 12.4 5.6 5.6 5.7 6.3 6.3 11.0 11.8 11.8 11.9 11.9 09/01/1974
4.7 2.7 2.7 2.7 2.7 2.7 3.9 3.9 4.0 4.0 4.1 4.1 4.7 4.7 2.7 2.7 2.7 2.7 3.8 3.9 3.9 4.0 4.0 4.3 4.7 4.7 4.7 4.8 10/01/1974
1.0 1.3 1.3 1.3 1.3 1.3 1.8 1.9 1.9 1.9 1.2 1.2 1.1 1.1 1.3 1.3 1.3 1.3 1.8 1.8 1.8 1.1 1.1 1.3 1.1 1.1 1.1 1.1 11/01/1974
0.2 0.1 0.1 0.1 0.1 0.1 0.0 0.0 0.0 0.0 0.0 0.0 0.2 0.2 0.1 0.1 0.1 0.1 0.0 0.0 0.0 0.0 0.0 1.0 0.2 0.2 0.2 0.2 12/01/1974
6.5 8.0 8.1 8.0 8.1 8.1 10.4 10.5 10.7 10.8 9.0 9.0 6.6 6.6 8.2 8.2 8.1 8.2 10.3 10.4 10.5 8.8 8.8 2.6 6.6 6.6 6.6 6.7 13/01/1974
1.4 2.6 2.6 2.6 2.6 2.6 3.7 3.7 3.8 3.8 3.8 3.9 1.4 1.4 2.7 2.6 2.6 2.7 3.6 3.7 3.7 3.8 3.7 0.3 1.4 1.4 1.4 1.4 14/01/1974
3.7 3.3 3.3 3.3 3.3 3.3 1.5 1.6 1.6 1.6 1.6 1.6 3.7 3.7 3.4 3.4 3.4 3.4 1.5 1.5 1.6 1.6 1.6 1.5 3.7 3.7 3.7 3.7 15/01/1974
5.7 5.9 5.9 5.9 5.9 5.9 4.5 4.6 4.6 4.7 4.6 4.6 5.7 5.7 6.0 5.9 5.9 6.0 4.5 4.5 4.6 4.5 4.4 3.7 5.7 5.7 5.7 5.8 16/01/1974
0.0 0.0 0.0 0.0 0.0 0.0 5.8 5.9 5.9 6.0 5.9 6.0 0.0 0.0 0.0 0.0 0.0 0.0 5.7 5.8 5.8 5.8 5.8 0.0 0.0 0.0 0.0 0.0 17/01/1974
0.0 0.0 0.0 0.0 0.0 0.0 0.0 0.0 0.0 0.0 0.1 0.1 0.0 0.0 0.0 0.0 0.0 0.0 0.0 0.0 0.0 0.1 0.1 0.0 0.0 0.0 0.0 0.0 18/01/1974
0.0 0.0 0.0 0.0 0.0 0.0 0.0 0.0 0.0 0.0 0.0 0.0 0.0 0.0 0.0 0.0 0.0 0.0 0.0 0.0 0.0 0.0 0.0 0.0 0.0 0.0 0.0 0.0 19/01/1974
0.0 0.0 0.0 0.0 0.0 0.0 0.0 0.0 0.0 0.0 0.0 0.0 0.0 0.0 0.0 0.0 0.0 0.0 0.0 0.0 0.0 0.0 0.0 0.0 0.0 0.0 0.0 0.0 20/01/1974
0.0 0.1 0.1 0.1 0.1 0.1 0.0 0.0 0.0 0.0 0.0 0.0 0.0 0.0 0.1 0.1 0.1 0.1 0.0 0.0 0.0 0.0 0.0 0.2 0.0 0.0 0.0 0.0 21/01/1974
2.0 2.9 2.9 2.9 2.9 2.9 3.8 3.9 3.9 4.0 4.6 4.6 2.1 2.1 2.9 2.9 2.9 2.9 3.8 3.8 3.9 4.5 4.4 0.7 2.1 2.1 2.1 2.1 22/01/1974
2.2 2.0 2.0 2.0 2.0 2.0 4.2 4.2 4.3 4.3 3.9 3.9 2.3 2.3 2.0 2.0 2.0 2.0 4.1 4.2 4.2 3.8 3.8 2.2 2.3 2.3 2.3 2.3 23/01/1974
0.2 0.1 0.1 0.1 0.1 0.1 1.1 1.1 1.1 1.2 2.8 2.8 0.2 0.2 0.1 0.1 0.1 0.1 1.1 1.1 1.1 2.7 2.7 0.0 0.2 0.2 0.2 0.2 24/01/1974
0.6 0.2 0.2 0.2 0.2 0.2 0.0 0.0 0.0 0.0 0.1 0.1 0.7 0.7 0.2 0.2 0.2 0.2 0.0 0.0 0.0 0.1 0.1 0.6 0.7 0.7 0.7 0.7 25/01/1974
9.1 11.1 11.2 11.1 11.1 11.2 4.6 4.6 4.7 4.7 3.6 3.6 9.2 9.2 11.3 11.3 11.3 11.3 4.5 4.6 4.6 3.5 3.5 6.2 9.1 9.1 9.2 9.3 26/01/1974
1.9 2.3 2.3 2.3 2.3 2.3 0.1 0.1 0.1 0.1 0.0 0.0 1.9 1.9 2.3 2.3 2.3 2.3 0.1 0.1 0.1 0.0 0.0 0.6 1.9 1.9 1.9 1.9 27/01/1974
0.3 1.1 1.1 1.1 1.1 1.1 20.6 20.9 21.1 21.3 18.6 18.7 0.3 0.3 1.1 1.1 1.1 1.1 20.3 20.6 20.8 18.2 18.1 0.2 0.3 0.3 0.3 0.3 28/01/1974
0.1 0.0 0.0 0.0 0.0 0.0 0.0 0.0 0.0 0.0 0.1 0.1 0.1 0.1 0.0 0.0 0.0 0.0 0.0 0.0 0.0 0.1 0.1 0.1 0.1 0.1 0.1 0.1 29/01/1974
0.0 0.7 0.7 0.7 0.7 0.7 1.2 1.2 1.2 1.2 0.7 0.7 0.0 0.0 0.7 0.7 0.7 0.7 1.1 1.2 1.2 0.7 0.7 0.0 0.0 0.0 0.0 0.0 30/01/1974
0.0 0.9 0.9 0.9 0.9 0.9 0.3 0.3 0.3 0.4 0.8 0.8 0.0 0.0 1.0 0.9 0.9 1.0 0.3 0.3 0.3 0.8 0.8 0.0 0.0 0.0 0.0 0.0 31/01/1974
0.5 0.0 0.0 0.0 0.0 0.0 0.0 0.0 0.0 0.0 1.1 1.1 0.6 0.6 0.0 0.0 0.0 0.0 0.0 0.0 0.0 1.1 1.1 1.1 0.6 0.6 0.6 0.6 01/02/1974
0.2 0.0 0.0 0.0 0.0 0.0 0.0 0.0 0.0 0.0 0.0 0.0 0.2 0.2 0.0 0.0 0.0 0.0 0.0 0.0 0.0 0.0 0.0 0.1 0.2 0.2 0.2 0.2 02/02/1974
0.8 0.1 0.1 0.1 0.1 0.1 0.0 0.0 0.0 0.0 0.0 0.0 0.9 0.9 0.1 0.1 0.1 0.1 0.0 0.0 0.0 0.0 0.0 1.2 0.9 0.9 0.9 0.9 03/02/1974
16.2 12.8 12.9 12.8 12.9 12.9 7.1 7.2 7.3 7.3 4.1 4.1 16.4 16.4 13.0 13.0 13.0 13.0 7.0 7.1 7.1 4.0 4.0 12.6 16.3 16.3 16.4 16.5 04/02/1974
12.8 11.0 11.1 11.0 11.0 11.1 18.9 19.2 19.4 19.6 25.6 25.7 13.0 13.0 11.2 11.2 11.2 11.2 18.6 19.0 19.1 25.1 24.9 9.1 12.9 12.9 13.0 13.1 05/02/1974
6.4 6.3 6.2 6.3 6.3 6.2 5.2 4.5 3.7 3.1 2.5 2.3 6.5 6.5 6.1 6.2 6.2 6.1 6.1 5.1 4.7 4.0 4.5 3.0 6.4 6.4 6.5 6.5 06/02/1974
0.0 0.3 0.3 0.3 0.3 0.3 6.1 6.1 6.2 6.3 4.8 4.8 0.0 0.0 0.3 0.3 0.3 0.3 6.0 6.1 6.1 4.7 4.6 0.0 0.0 0.0 0.0 0.0 07/02/1974
4.7 5.0 5.0 5.0 5.0 5.0 6.7 6.8 6.9 7.0 8.8 8.8 4.6 4.6 5.1 5.1 5.1 5.1 6.7 6.8 6.8 8.6 8.5 3.6 4.7 4.7 4.6 4.6 08/02/1974
4.4 5.3 5.4 5.3 5.3 5.4 5.8 5.9 5.9 6.0 2.5 2.5 4.5 4.5 5.4 5.4 5.4 5.4 5.7 5.8 5.8 2.5 2.4 2.7 4.4 4.4 4.5 4.5 09/02/1974
8.3 5.1 5.2 5.1 5.2 5.2 0.1 0.1 0.1 0.1 0.0 0.0 8.4 8.4 5.2 5.2 5.2 5.2 0.1 0.1 0.1 0.0 0.0 7.5 8.3 8.3 8.4 8.4 10/02/1974
3.1 3.0 3.0 3.0 3.0 3.0 5.2 5.2 5.3 5.3 3.8 3.9 3.2 3.2 3.0 3.0 3.0 3.0 5.1 5.2 5.2 3.8 3.7 2.4 3.2 3.2 3.2 3.2 11/02/1974
5.3 0.3 0.3 0.3 0.3 0.3 0.0 0.0 0.0 0.0 0.5 0.5 5.3 5.3 0.3 0.3 0.3 0.3 0.0 0.0 0.0 0.5 0.5 6.0 5.3 5.3 5.3 5.4 12/02/1974
4.7 1.7 1.7 1.7 1.7 1.7 1.5 1.5 1.5 1.5 0.1 0.1 4.8 4.8 1.7 1.7 1.7 1.7 1.4 1.5 1.5 0.1 0.1 7.1 4.8 4.8 4.8 4.8 13/02/1974
10.2 10.6 10.6 10.6 10.6 10.6 0.0 0.0 0.0 0.0 0.0 0.0 10.4 10.4 10.7 10.7 10.7 10.7 0.0 0.0 0.0 0.0 0.0 5.8 10.3 10.3 10.4 10.4 14/02/1974
1.0 0.4 0.4 0.4 0.4 0.4 4.9 4.9 5.0 5.1 3.2 3.2 1.0 1.0 0.4 0.4 0.4 0.4 4.8 4.9 4.9 3.1 3.1 0.0 1.0 1.0 1.0 1.0 15/02/1974
0.0 0.0 0.0 0.0 0.0 0.0 0.0 0.0 0.0 0.0 0.0 0.0 0.0 0.0 0.0 0.0 0.0 0.0 0.0 0.0 0.0 0.0 0.0 0.0 0.0 0.0 0.0 0.0 16/02/1974
0.0 0.0 0.0 0.0 0.0 0.0 0.0 0.0 0.0 0.0 0.0 0.0 0.0 0.0 0.0 0.0 0.0 0.0 0.0 0.0 0.0 0.0 0.0 0.0 0.0 0.0 0.0 0.0 17/02/1974
0.0 0.0 0.0 0.0 0.0 0.0 0.0 0.0 0.0 0.0 0.0 0.0 0.0 0.0 0.0 0.0 0.0 0.0 0.0 0.0 0.0 0.0 0.0 0.0 0.0 0.0 0.0 0.0 18/02/1974
0.5 0.0 0.0 0.0 0.0 0.0 0.0 0.0 0.0 0.0 0.0 0.0 0.5 0.5 0.0 0.0 0.0 0.0 0.0 0.0 0.0 0.0 0.0 2.9 0.5 0.5 0.5 0.5 19/02/1974
0.0 0.0 0.0 0.0 0.0 0.0 0.0 0.0 0.0 0.0 0.0 0.0 0.0 0.0 0.0 0.0 0.0 0.0 0.0 0.0 0.0 0.0 0.0 0.0 0.0 0.0 0.0 0.0 20/02/1974
0.4 0.7 0.7 0.7 0.7 0.7 0.5 0.5 0.5 0.5 0.0 0.0 0.4 0.4 0.7 0.7 0.7 0.7 0.5 0.5 0.5 0.0 0.0 0.4 0.4 0.4 0.4 0.4 21/02/1974
1.0 0.9 0.9 0.9 0.9 0.9 3.3 3.3 3.3 3.4 2.6 2.6 1.1 1.1 0.9 0.9 0.9 0.9 3.2 3.3 3.3 2.5 2.5 0.2 1.1 1.1 1.1 1.1 22/02/1974
0.6 0.0 0.0 0.0 0.0 0.0 0.4 0.4 0.3 0.3 0.1 0.1 0.6 0.6 0.0 0.0 0.0 0.0 0.5 0.4 0.4 0.1 0.1 0.3 0.6 0.6 0.6 0.6 23/02/1974
0.0 0.0 0.0 0.0 0.0 0.0 0.0 0.0 0.0 0.0 0.0 0.0 0.0 0.0 0.0 0.0 0.0 0.0 0.0 0.0 0.0 0.0 0.0 0.0 0.0 0.0 0.0 0.0 24/02/1974
0.0 0.0 0.0 0.0 0.0 0.0 0.0 0.0 0.0 0.0 0.0 0.0 0.0 0.0 0.0 0.0 0.0 0.0 0.0 0.0 0.0 0.0 0.0 0.0 0.0 0.0 0.0 0.0 25/02/1974
0.0 0.0 0.0 0.0 0.0 0.0 0.0 0.0 0.0 0.0 0.0 0.0 0.0 0.0 0.0 0.0 0.0 0.0 0.0 0.0 0.0 0.0 0.0 0.0 0.0 0.0 0.0 0.0 26/02/1974
0.0 0.0 0.0 0.0 0.0 0.0 0.0 0.0 0.0 0.0 0.0 0.0 0.0 0.0 0.0 0.0 0.0 0.0 0.0 0.0 0.0 0.0 0.0 0.0 0.0 0.0 0.0 0.0 27/02/1974
9.5 2.4 2.2 2.4 2.3 2.2 0.7 0.6 0.5 0.4 0.1 0.1 9.6 9.6 1.9 2.0 2.0 1.9 0.8 0.7 0.6 0.2 0.2 8.4 9.6 9.6 9.6 9.7 28/02/1974
12.0 9.6 9.1 9.6 9.5 9.1 2.7 2.3 1.9 1.5 1.9 1.7 12.0 12.0 8.3 8.5 8.5 8.3 3.2 2.6 2.4 3.0 3.4 6.4 12.0 12.0 12.0 12.0 01/03/1974
0.1 0.3 0.3 0.3 0.3 0.3 0.0 0.0 0.0 0.0 0.0 0.0 0.1 0.1 0.3 0.3 0.3 0.3 0.0 0.0 0.0 0.1 0.1 0.0 0.1 0.1 0.1 0.1 02/03/1974
0.0 0.6 0.6 0.6 0.6 0.6 0.0 0.0 0.0 0.0 0.0 0.0 0.0 0.0 0.6 0.6 0.6 0.6 0.0 0.0 0.0 0.0 0.0 1.5 0.0 0.0 0.0 0.0 03/03/1974
0.7 0.4 0.3 0.3 0.3 0.3 0.1 0.1 0.1 0.0 0.0 0.0 0.6 0.6 0.3 0.3 0.3 0.3 0.1 0.1 0.1 0.0 0.0 0.0 0.6 0.6 0.6 0.5 04/03/1974
0.0 0.0 0.0 0.0 0.0 0.0 0.0 0.0 0.0 0.0 0.0 0.0 0.0 0.0 0.0 0.0 0.0 0.0 0.0 0.0 0.0 0.0 0.0 0.0 0.0 0.0 0.0 0.0 05/03/1974
0.0 0.0 0.0 0.0 0.0 0.0 0.0 0.0 0.0 0.0 0.0 0.0 0.0 0.0 0.0 0.0 0.0 0.0 0.0 0.0 0.0 0.0 0.0 0.0 0.0 0.0 0.0 0.0 06/03/1974
0.0 0.0 0.0 0.0 0.0 0.0 0.0 0.0 0.0 0.0 0.0 0.0 0.0 0.0 0.0 0.0 0.0 0.0 0.0 0.0 0.0 0.0 0.0 0.0 0.0 0.0 0.0 0.0 07/03/1974
0.1 0.0 0.0 0.0 0.0 0.0 0.0 0.0 0.0 0.0 0.0 0.0 0.1 0.1 0.0 0.0 0.0 0.0 0.0 0.0 0.0 0.0 0.0 0.0 0.1 0.1 0.1 0.1 08/03/1974
0.6 0.9 0.9 0.9 0.9 0.9 0.0 0.0 0.0 0.0 0.0 0.0 0.6 0.6 0.9 0.9 0.9 0.9 0.0 0.0 0.0 0.0 0.0 0.9 0.6 0.6 0.6 0.6 09/03/1974
0.0 0.0 0.0 0.0 0.0 0.0 0.1 0.1 0.1 0.1 0.1 0.1 0.0 0.0 0.0 0.0 0.0 0.0 0.1 0.1 0.1 0.1 0.1 0.0 0.0 0.0 0.0 0.0 10/03/1974
0.5 0.0 0.0 0.0 0.0 0.0 16.0 16.2 16.4 16.6 18.2 18.3 0.5 0.5 0.0 0.0 0.0 0.0 15.8 16.1 16.2 17.9 17.7 0.1 0.5 0.5 0.5 0.5 11/03/1974
5.1 4.8 4.8 4.8 4.8 4.8 2.9 2.9 3.0 3.0 0.7 0.7 5.2 5.2 4.8 4.8 4.8 4.8 2.9 2.9 2.9 0.6 0.6 4.8 5.1 5.1 5.2 5.2 12/03/1974
3.4 3.5 3.5 3.5 3.5 3.5 4.2 4.2 4.3 4.3 3.9 3.9 3.4 3.4 3.5 3.5 3.5 3.5 4.1 4.2 4.2 3.8 3.8 2.5 3.4 3.4 3.4 3.5 13/03/1974
1.2 0.8 0.8 0.8 0.8 0.8 1.5 1.5 1.5 1.5 0.9 0.9 1.2 1.2 0.8 0.8 0.8 0.8 1.5 1.5 1.5 0.9 0.9 0.5 1.2 1.2 1.2 1.2 14/03/1974
9.6 6.8 6.8 6.8 6.8 6.8 6.0 6.1 6.2 6.2 5.9 5.9 9.7 9.7 6.9 6.9 6.9 6.9 5.9 6.0 6.1 5.7 5.7 6.7 9.6 9.6 9.7 9.7 15/03/1974
1.3 0.7 0.7 0.7 0.7 0.7 1.1 1.1 1.1 1.1 1.1 1.1 1.4 1.4 0.7 0.7 0.7 0.7 1.1 1.1 1.1 1.1 1.1 0.3 1.4 1.4 1.4 1.4 16/03/1974
13.3 9.4 9.5 9.4 9.4 9.5 4.6 4.7 4.7 4.8 6.6 6.6 13.4 13.4 9.6 9.5 9.5 9.6 4.5 4.6 4.7 6.5 6.4 9.4 13.4 13.4 13.5 13.5 17/03/1974
2.9 3.1 3.1 3.1 3.1 3.1 9.4 9.6 9.7 9.8 6.1 6.1 3.0 3.0 3.1 3.1 3.1 3.1 9.3 9.5 9.5 5.9 5.9 2.0 2.9 2.9 3.0 3.0 18/03/1974
0.4 0.1 0.1 0.1 0.1 0.1 2.3 2.3 2.3 2.4 2.4 2.4 0.4 0.4 0.1 0.1 0.1 0.1 2.3 2.3 2.3 2.3 2.3 0.3 0.4 0.4 0.4 0.4 19/03/1974
0.0 0.1 0.1 0.1 0.1 0.1 9.0 9.1 9.2 9.3 17.1 17.2 0.0 0.0 0.1 0.1 0.1 0.1 8.8 9.0 9.1 16.8 16.6 0.0 0.0 0.0 0.0 0.0 20/03/1974
0.0 0.0 0.0 0.0 0.0 0.0 0.0 0.0 0.0 0.0 0.0 0.0 0.0 0.0 0.0 0.0 0.0 0.0 0.0 0.0 0.0 0.0 0.0 0.0 0.0 0.0 0.0 0.0 21/03/1974
0.0 0.0 0.0 0.0 0.0 0.0 0.5 0.5 0.5 0.5 0.0 0.0 0.0 0.0 0.0 0.0 0.0 0.0 0.5 0.5 0.5 0.0 0.0 0.0 0.0 0.0 0.0 0.0 22/03/1974
0.0 0.1 0.1 0.1 0.1 0.1 1.0 1.1 1.1 1.1 2.9 2.9 0.0 0.0 0.1 0.1 0.1 0.1 1.0 1.0 1.1 2.8 2.8 0.0 0.0 0.0 0.0 0.0 23/03/1974
0.1 0.0 0.0 0.0 0.0 0.0 0.4 0.5 0.5 0.5 2.4 2.4 0.1 0.1 0.0 0.0 0.0 0.0 0.4 0.5 0.5 2.4 2.4 0.0 0.1 0.1 0.1 0.1 24/03/1974
0.0 0.0 0.0 0.0 0.0 0.0 0.0 0.0 0.0 0.0 0.0 0.0 0.0 0.0 0.0 0.0 0.0 0.0 0.0 0.0 0.0 0.0 0.0 0.0 0.0 0.0 0.0 0.0 25/03/1974
0.0 0.0 0.0 0.0 0.0 0.0 1.4 1.4 1.4 1.5 0.0 0.0 0.0 0.0 0.0 0.0 0.0 0.0 1.4 1.4 1.4 0.0 0.0 0.0 0.0 0.0 0.0 0.0 26/03/1974
0.0 4.2 4.2 4.2 4.2 4.2 0.2 0.2 0.2 0.2 2.3 2.3 0.0 0.0 4.2 4.2 4.2 4.2 0.2 0.2 0.2 2.2 2.2 0.0 0.0 0.0 0.0 0.0 27/03/1974
5.4 10.8 10.9 10.8 10.8 10.9 2.5 2.5 2.5 2.6 2.7 2.7 5.5 5.5 11.0 10.9 10.9 11.0 2.5 2.5 2.5 2.6 2.6 2.6 5.5 5.5 5.5 5.5 28/03/1974
0.0 0.5 0.5 0.5 0.5 0.5 1.0 1.0 1.0 1.0 0.0 0.0 0.0 0.0 0.5 0.5 0.5 0.5 0.9 1.0 1.0 0.0 0.0 0.0 0.0 0.0 0.0 0.0 29/03/1974
0.0 0.0 0.0 0.0 0.0 0.0 0.0 0.0 0.0 0.0 0.0 0.0 0.0 0.0 0.0 0.0 0.0 0.0 0.0 0.0 0.0 0.0 0.0 0.0 0.0 0.0 0.0 0.0 30/03/1974
0.0 0.0 0.0 0.0 0.0 0.0 0.0 0.0 0.0 0.0 0.0 0.0 0.0 0.0 0.0 0.0 0.0 0.0 0.0 0.0 0.0 0.0 0.0 0.0 0.0 0.0 0.0 0.0 31/03/1974
0.0 0.0 0.0 0.0 0.0 0.0 1.3 1.3 1.3 1.3 0.0 0.0 0.0 0.0 0.0 0.0 0.0 0.0 1.3 1.3 1.3 0.0 0.0 0.0 0.0 0.0 0.0 0.0 01/04/1974
0.7 0.1 0.1 0.1 0.1 0.1 0.0 0.0 0.0 0.0 0.5 0.5 0.7 0.7 0.1 0.1 0.1 0.1 0.0 0.0 0.0 0.4 0.4 0.4 0.7 0.7 0.7 0.7 02/04/1974
0.0 1.2 1.3 1.2 1.3 1.3 0.0 0.0 0.0 0.0 0.0 0.0 0.0 0.0 1.3 1.3 1.3 1.3 0.0 0.0 0.0 0.0 0.0 0.0 0.0 0.0 0.0 0.0 03/04/1974
0.0 0.0 0.0 0.0 0.0 0.0 0.0 0.0 0.0 0.0 0.0 0.0 0.0 0.0 0.0 0.0 0.0 0.0 0.0 0.0 0.0 0.0 0.0 0.0 0.0 0.0 0.0 0.0 04/04/1974
0.0 0.0 0.0 0.0 0.0 0.0 0.5 0.5 0.5 0.5 0.3 0.3 0.0 0.0 0.0 0.0 0.0 0.0 0.5 0.5 0.5 0.2 0.2 0.0 0.0 0.0 0.0 0.0 05/04/1974
0.0 0.0 0.0 0.0 0.0 0.0 0.0 0.0 0.0 0.0 0.0 0.0 0.0 0.0 0.0 0.0 0.0 0.0 0.0 0.0 0.0 0.0 0.0 0.0 0.0 0.0 0.0 0.0 06/04/1974
0.0 0.0 0.0 0.0 0.0 0.0 0.0 0.0 0.0 0.0 0.0 0.0 0.0 0.0 0.0 0.0 0.0 0.0 0.0 0.0 0.0 0.0 0.0 0.0 0.0 0.0 0.0 0.0 07/04/1974
0.0 0.0 0.0 0.0 0.0 0.0 0.0 0.0 0.0 0.0 0.0 0.0 0.0 0.0 0.0 0.0 0.0 0.0 0.0 0.0 0.0 0.0 0.0 0.0 0.0 0.0 0.0 0.0 08/04/1974
0.0 0.0 0.0 0.0 0.0 0.0 0.0 0.0 0.0 0.0 0.0 0.0 0.0 0.0 0.0 0.0 0.0 0.0 0.0 0.0 0.0 0.0 0.0 0.0 0.0 0.0 0.0 0.0 09/04/1974
0.4 0.0 0.0 0.0 0.0 0.0 0.0 0.0 0.0 0.0 0.0 0.0 0.4 0.4 0.0 0.0 0.0 0.0 0.0 0.0 0.0 0.0 0.0 0.3 0.4 0.4 0.4 0.4 10/04/1974
0.9 0.6 0.6 0.6 0.6 0.6 0.4 0.4 0.4 0.4 5.1 5.1 0.9 0.9 0.6 0.6 0.6 0.6 0.4 0.4 0.4 5.0 5.0 0.2 0.9 0.9 0.9 0.9 11/04/1974
0.0 0.0 0.0 0.0 0.0 0.0 0.0 0.0 0.0 0.0 0.4 0.4 0.0 0.0 0.0 0.0 0.0 0.0 0.0 0.0 0.0 0.4 0.4 0.0 0.0 0.0 0.0 0.0 12/04/1974
0.0 0.0 0.0 0.0 0.0 0.0 0.0 0.0 0.0 0.0 0.0 0.0 0.0 0.0 0.0 0.0 0.0 0.0 0.0 0.0 0.0 0.0 0.0 0.0 0.0 0.0 0.0 0.0 13/04/1974
0.0 0.0 0.0 0.0 0.0 0.0 0.0 0.0 0.0 0.0 0.0 0.0 0.0 0.0 0.0 0.0 0.0 0.0 0.0 0.0 0.0 0.0 0.0 0.0 0.0 0.0 0.0 0.0 14/04/1974
0.0 0.0 0.0 0.0 0.0 0.0 0.0 0.0 0.0 0.0 0.0 0.0 0.0 0.0 0.0 0.0 0.0 0.0 0.0 0.0 0.0 0.0 0.0 0.0 0.0 0.0 0.0 0.0 15/04/1974
0.0 0.0 0.0 0.0 0.0 0.0 0.0 0.0 0.0 0.0 0.0 0.0 0.0 0.0 0.0 0.0 0.0 0.0 0.0 0.0 0.0 0.0 0.0 0.0 0.0 0.0 0.0 0.0 16/04/1974
0.0 0.0 0.0 0.0 0.0 0.0 0.0 0.0 0.0 0.0 0.0 0.0 0.0 0.0 0.0 0.0 0.0 0.0 0.0 0.0 0.0 0.0 0.0 0.0 0.0 0.0 0.0 0.0 17/04/1974
0.0 0.0 0.0 0.0 0.0 0.0 0.0 0.0 0.0 0.0 0.0 0.0 0.0 0.0 0.0 0.0 0.0 0.0 0.0 0.0 0.0 0.0 0.0 0.0 0.0 0.0 0.0 0.0 18/04/1974
0.0 0.0 0.0 0.0 0.0 0.0 0.0 0.0 0.0 0.0 0.0 0.0 0.0 0.0 0.0 0.0 0.0 0.0 0.0 0.0 0.0 0.0 0.0 0.0 0.0 0.0 0.0 0.0 19/04/1974
0.0 0.0 0.0 0.0 0.0 0.0 0.0 0.0 0.0 0.0 0.0 0.0 0.0 0.0 0.0 0.0 0.0 0.0 0.0 0.0 0.0 0.0 0.0 0.0 0.0 0.0 0.0 0.0 20/04/1974
0.1 0.0 0.0 0.0 0.0 0.0 0.0 0.0 0.0 0.0 0.0 0.0 0.1 0.1 0.0 0.0 0.0 0.0 0.0 0.0 0.0 0.0 0.0 0.0 0.1 0.1 0.1 0.1 21/04/1974
0.0 0.0 0.0 0.0 0.0 0.0 0.0 0.0 0.0 0.0 0.0 0.0 0.0 0.0 0.0 0.0 0.0 0.0 0.0 0.0 0.0 0.0 0.0 0.0 0.0 0.0 0.0 0.0 22/04/1974
0.2 1.7 1.7 1.7 1.7 1.7 0.5 0.5 0.5 0.5 0.2 0.2 0.3 0.3 1.7 1.7 1.7 1.7 0.5 0.5 0.5 0.1 0.1 0.0 0.3 0.3 0.3 0.3 23/04/1974
0.6 3.6 3.6 3.6 3.6 3.6 1.5 1.5 1.6 1.6 0.7 0.7 0.6 0.6 3.6 3.6 3.6 3.6 1.5 1.5 1.5 0.6 0.6 0.0 0.6 0.6 0.6 0.6 24/04/1974
2.0 2.7 2.7 2.7 2.7 2.7 1.0 1.0 1.0 1.0 3.0 3.0 2.0 2.0 2.7 2.7 2.7 2.7 1.0 1.0 1.0 2.9 2.9 1.8 2.0 2.0 2.0 2.1 25/04/1974
1.6 5.1 5.1 5.1 5.1 5.1 1.8 1.8 1.8 1.9 0.6 0.6 1.6 1.6 5.2 5.1 5.1 5.2 1.8 1.8 1.8 0.6 0.6 1.3 1.6 1.6 1.6 1.7 26/04/1974
7.5 2.5 2.5 2.5 2.5 2.5 6.9 7.0 7.1 7.1 7.6 7.6 7.6 7.6 2.5 2.5 2.5 2.5 6.8 6.9 7.0 7.4 7.4 5.8 7.5 7.5 7.6 7.6 27/04/1974
0.0 0.0 0.0 0.0 0.0 0.0 0.1 0.1 0.1 0.1 0.0 0.0 0.0 0.0 0.0 0.0 0.0 0.0 0.1 0.1 0.1 0.0 0.0 0.0 0.0 0.0 0.0 0.0 28/04/1974
0.0 0.0 0.0 0.0 0.0 0.0 0.5 0.5 0.5 0.5 1.0 1.0 0.0 0.0 0.0 0.0 0.0 0.0 0.5 0.5 0.5 1.0 1.0 0.0 0.0 0.0 0.0 0.0 29/04/1974
0.7 0.4 0.4 0.4 0.4 0.4 0.0 0.0 0.0 0.0 0.0 0.0 0.7 0.7 0.4 0.4 0.4 0.4 0.0 0.0 0.0 0.0 0.0 0.0 0.7 0.7 0.7 0.7 30/04/1974
0.6 1.1 1.1 1.1 1.1 1.1 2.0 2.0 2.0 2.0 0.0 0.0 0.6 0.6 1.1 1.1 1.1 1.1 1.9 2.0 2.0 0.0 0.0 1.0 0.6 0.6 0.6 0.6 01/05/1974
2.9 1.8 1.8 1.8 1.8 1.8 0.2 0.2 0.2 0.3 0.0 0.0 3.0 3.0 1.8 1.8 1.8 1.8 0.2 0.2 0.2 0.0 0.0 3.8 2.9 2.9 3.0 3.0 02/05/1974
4.7 0.4 0.4 0.4 0.4 0.4 0.3 0.3 0.3 0.3 0.9 0.9 4.8 4.8 0.4 0.4 0.4 0.4 0.3 0.3 0.3 0.9 0.9 4.8 4.7 4.7 4.8 4.8 03/05/1974
0.1 0.5 0.5 0.5 0.5 0.5 4.1 4.2 4.2 4.3 9.2 9.2 0.1 0.1 0.5 0.5 0.5 0.5 4.1 4.1 4.2 9.0 8.9 0.3 0.1 0.1 0.1 0.1 04/05/1974
1.4 1.6 1.6 1.6 1.6 1.6 0.0 0.0 0.0 0.0 0.0 0.0 1.5 1.5 1.6 1.6 1.6 1.6 0.0 0.0 0.0 0.0 0.0 0.0 1.5 1.5 1.5 1.5 05/05/1974
0.6 2.4 2.4 2.4 2.4 2.4 0.0 0.0 0.0 0.0 0.0 0.0 0.6 0.6 2.4 2.4 2.4 2.4 0.0 0.0 0.0 0.0 0.0 0.1 0.6 0.6 0.6 0.6 06/05/1974
0.0 0.2 0.2 0.2 0.2 0.2 0.0 0.0 0.0 0.0 0.0 0.0 0.0 0.0 0.2 0.2 0.2 0.2 0.0 0.0 0.0 0.0 0.0 0.0 0.0 0.0 0.0 0.0 07/05/1974
0.0 0.2 0.2 0.2 0.2 0.2 0.0 0.0 0.0 0.0 0.0 0.0 0.0 0.0 0.2 0.2 0.2 0.2 0.0 0.0 0.0 0.0 0.0 0.0 0.0 0.0 0.0 0.0 08/05/1974
5.2 7.0 7.0 7.0 7.0 7.0 0.5 0.5 0.6 0.6 0.8 0.8 5.2 5.2 7.1 7.1 7.1 7.1 0.5 0.5 0.5 0.8 0.8 2.4 5.2 5.2 5.2 5.2 09/05/1974
2.7 1.4 1.4 1.4 1.4 1.4 5.0 5.1 5.1 5.2 4.2 4.2 2.7 2.7 1.4 1.4 1.4 1.4 4.9 5.0 5.1 4.1 4.1 4.0 2.7 2.7 2.7 2.8 10/05/1974
1.2 2.1 2.1 2.1 2.1 2.1 0.0 0.0 0.0 0.0 0.9 0.9 1.3 1.3 2.1 2.1 2.1 2.1 0.0 0.0 0.0 0.9 0.9 1.3 1.3 1.3 1.3 1.3 11/05/1974
0.0 1.0 1.0 1.0 1.0 1.0 0.0 0.0 0.0 0.0 0.0 0.0 0.0 0.0 1.0 1.0 1.0 1.0 0.0 0.0 0.0 0.0 0.0 0.0 0.0 0.0 0.0 0.0 12/05/1974
4.5 5.2 5.2 5.2 5.2 5.2 7.3 7.4 7.5 7.6 7.5 7.5 4.5 4.5 5.3 5.2 5.2 5.3 7.2 7.4 7.4 7.3 7.3 3.3 4.5 4.5 4.5 4.5 13/05/1974
0.0 0.0 0.0 0.0 0.0 0.0 0.0 0.0 0.0 0.0 0.0 0.0 0.0 0.0 0.0 0.0 0.0 0.0 0.0 0.0 0.0 0.0 0.0 0.0 0.0 0.0 0.0 0.0 14/05/1974
0.0 0.0 0.0 0.0 0.0 0.0 0.0 0.0 0.0 0.0 0.0 0.0 0.0 0.0 0.0 0.0 0.0 0.0 0.0 0.0 0.0 0.0 0.0 0.0 0.0 0.0 0.0 0.0 15/05/1974
0.1 0.0 0.0 0.0 0.0 0.0 0.0 0.0 0.0 0.0 0.0 0.0 0.1 0.1 0.0 0.0 0.0 0.0 0.0 0.0 0.0 0.0 0.0 2.4 0.1 0.1 0.1 0.1 16/05/1974
0.0 0.0 0.0 0.0 0.0 0.0 0.0 0.0 0.0 0.0 0.0 0.0 0.0 0.0 0.0 0.0 0.0 0.0 0.0 0.0 0.0 0.0 0.0 0.0 0.0 0.0 0.0 0.0 17/05/1974
0.0 0.0 0.0 0.0 0.0 0.0 0.0 0.0 0.0 0.0 0.0 0.0 0.0 0.0 0.0 0.0 0.0 0.0 0.0 0.0 0.0 0.0 0.0 0.0 0.0 0.0 0.0 0.0 18/05/1974
0.0 0.0 0.0 0.0 0.0 0.0 0.0 0.0 0.0 0.0 0.0 0.0 0.0 0.0 0.0 0.0 0.0 0.0 0.0 0.0 0.0 0.0 0.0 0.0 0.0 0.0 0.0 0.0 19/05/1974
0.0 0.0 0.0 0.0 0.0 0.0 0.0 0.0 0.0 0.0 0.0 0.0 0.0 0.0 0.0 0.0 0.0 0.0 0.0 0.0 0.0 0.0 0.0 0.0 0.0 0.0 0.0 0.0 20/05/1974
0.0 0.1 0.1 0.1 0.1 0.1 0.1 0.1 0.1 0.1 0.0 0.0 0.0 0.0 0.2 0.2 0.2 0.2 0.1 0.1 0.1 0.0 0.0 0.0 0.0 0.0 0.0 0.0 21/05/1974
1.1 1.3 1.3 1.3 1.3 1.3 3.7 3.8 3.8 3.9 5.1 5.1 1.1 1.1 1.3 1.3 1.3 1.3 3.7 3.7 3.8 5.0 5.0 0.1 1.1 1.1 1.1 1.1 22/05/1974
9.6 7.1 7.2 7.1 7.1 7.2 9.4 9.5 9.7 9.8 5.6 5.6 9.7 9.7 7.2 7.2 7.2 7.2 9.3 9.5 9.5 5.5 5.5 4.1 9.7 9.7 9.8 9.8 23/05/1974
3.9 6.9 7.0 6.9 6.9 7.0 0.9 0.9 0.9 0.9 2.8 2.8 4.0 4.0 7.0 7.0 7.0 7.0 0.9 0.9 0.9 2.7 2.7 3.7 4.0 4.0 4.0 4.0 24/05/1974
0.0 0.0 0.0 0.0 0.0 0.0 0.0 0.0 0.0 0.0 0.0 0.0 0.0 0.0 0.0 0.0 0.0 0.0 0.0 0.0 0.0 0.0 0.0 0.0 0.0 0.0 0.0 0.0 25/05/1974
0.1 0.0 0.0 0.0 0.0 0.0 0.0 0.0 0.0 0.0 0.0 0.0 0.1 0.1 0.0 0.0 0.0 0.0 0.0 0.0 0.0 0.0 0.0 0.0 0.1 0.1 0.1 0.1 26/05/1974
0.8 0.1 0.1 0.1 0.1 0.1 1.9 1.9 1.9 1.9 0.0 0.0 0.8 0.8 0.1 0.1 0.1 0.1 1.8 1.9 1.9 0.0 0.0 0.3 0.8 0.8 0.8 0.8 27/05/1974
0.1 0.0 0.0 0.0 0.0 0.0 0.0 0.0 0.0 0.0 0.0 0.0 0.1 0.1 0.0 0.0 0.0 0.0 0.0 0.0 0.0 0.0 0.0 0.0 0.1 0.1 0.1 0.1 28/05/1974
0.3 0.4 0.4 0.4 0.4 0.4 0.0 0.0 0.0 0.0 0.9 0.9 0.3 0.3 0.4 0.4 0.4 0.4 0.0 0.0 0.0 0.8 0.8 0.0 0.3 0.3 0.3 0.3 29/05/1974
2.3 10.9 10.9 10.9 10.9 10.9 0.0 0.0 0.0 0.0 0.0 0.0 2.3 2.3 11.0 11.0 11.0 11.0 0.0 0.0 0.0 0.0 0.0 4.1 2.3 2.3 2.3 2.4 30/05/1974
1.3 1.4 1.4 1.4 1.4 1.4 6.3 6.4 6.5 6.6 4.7 4.7 1.3 1.3 1.4 1.4 1.4 1.4 6.2 6.3 6.4 4.6 4.5 2.0 1.3 1.3 1.3 1.3 31/05/1974
0.0 0.0 0.0 0.0 0.0 0.0 0.0 0.0 0.0 0.0 0.0 0.0 0.0 0.0 0.0 0.0 0.0 0.0 0.0 0.0 0.0 0.0 0.0 0.0 0.0 0.0 0.0 0.0 01/06/1974
0.0 0.1 0.1 0.1 0.1 0.1 0.0 0.0 0.0 0.0 0.0 0.0 0.0 0.0 0.1 0.1 0.1 0.1 0.0 0.0 0.0 0.0 0.0 0.0 0.0 0.0 0.0 0.0 02/06/1974
0.6 0.1 0.1 0.1 0.1 0.1 0.0 0.0 0.0 0.0 0.0 0.0 0.6 0.6 0.1 0.1 0.1 0.1 0.0 0.0 0.0 0.0 0.0 0.2 0.6 0.6 0.6 0.6 03/06/1974
0.0 0.0 0.0 0.0 0.0 0.0 0.0 0.0 0.0 0.0 0.0 0.0 0.0 0.0 0.0 0.0 0.0 0.0 0.0 0.0 0.0 0.0 0.0 0.0 0.0 0.0 0.0 0.0 04/06/1974
0.0 0.0 0.0 0.0 0.0 0.0 0.2 0.2 0.3 0.3 2.8 2.8 0.0 0.0 0.0 0.0 0.0 0.0 0.2 0.2 0.2 2.7 2.7 0.0 0.0 0.0 0.0 0.0 05/06/1974
2.6 1.7 1.7 1.7 1.7 1.7 1.4 1.4 1.5 1.5 2.0 2.0 2.6 2.6 1.7 1.7 1.7 1.7 1.4 1.4 1.4 2.0 2.0 1.6 2.6 2.6 2.6 2.6 06/06/1974
0.1 0.1 0.1 0.1 0.1 0.1 0.1 0.1 0.1 0.1 0.5 0.5 0.1 0.1 0.1 0.1 0.1 0.1 0.1 0.1 0.1 0.4 0.4 0.0 0.1 0.1 0.1 0.1 07/06/1974
3.3 3.4 3.4 3.4 3.4 3.4 7.5 7.6 7.7 7.7 11.1 11.2 3.4 3.4 3.5 3.5 3.5 3.5 7.4 7.5 7.5 10.9 10.8 2.9 3.4 3.4 3.4 3.4 08/06/1974
2.3 3.2 3.2 3.2 3.2 3.2 1.4 1.4 1.5 1.5 2.6 2.6 2.4 2.4 3.2 3.2 3.2 3.2 1.4 1.4 1.4 2.5 2.5 0.2 2.4 2.4 2.4 2.4 09/06/1974
1.0 1.1 1.1 1.1 1.1 1.1 2.0 2.0 2.0 2.0 2.1 2.1 1.0 1.0 1.2 1.2 1.2 1.2 2.0 2.0 2.0 2.1 2.1 0.4 1.0 1.0 1.0 1.0 10/06/1974
0.0 0.1 0.1 0.1 0.1 0.1 0.5 0.5 0.5 0.5 1.0 1.0 0.0 0.0 0.1 0.1 0.1 0.1 0.5 0.5 0.5 1.0 1.0 0.0 0.0 0.0 0.0 0.0 11/06/1974
0.0 0.0 0.0 0.0 0.0 0.0 0.1 0.1 0.1 0.1 0.0 0.0 0.0 0.0 0.0 0.0 0.0 0.0 0.1 0.1 0.1 0.0 0.0 0.0 0.0 0.0 0.0 0.0 12/06/1974
0.0 0.0 0.0 0.0 0.0 0.0 0.0 0.0 0.0 0.0 0.0 0.0 0.0 0.0 0.0 0.0 0.0 0.0 0.0 0.0 0.0 0.0 0.0 0.0 0.0 0.0 0.0 0.0 13/06/1974
0.0 0.0 0.0 0.0 0.0 0.0 6.4 6.4 6.5 6.6 5.6 5.6 0.0 0.0 0.0 0.0 0.0 0.0 6.3 6.4 6.4 5.4 5.4 0.0 0.0 0.0 0.0 0.0 14/06/1974
0.0 0.0 0.0 0.0 0.0 0.0 5.9 6.0 6.1 6.2 6.3 6.4 0.0 0.0 0.0 0.0 0.0 0.0 5.9 6.0 6.0 6.2 6.1 0.0 0.0 0.0 0.0 0.0 15/06/1974
7.6 3.4 3.4 3.4 3.4 3.4 1.3 1.3 1.3 1.3 0.0 0.0 7.7 7.7 3.5 3.5 3.5 3.5 1.3 1.3 1.3 0.0 0.0 13.3 7.6 7.6 7.7 7.7 16/06/1974
1.0 0.2 0.2 0.2 0.2 0.2 6.8 6.9 6.9 7.0 5.9 5.9 1.0 1.0 0.2 0.2 0.2 0.2 6.7 6.8 6.8 5.8 5.7 0.1 1.0 1.0 1.0 1.0 17/06/1974
0.0 0.0 0.0 0.0 0.0 0.0 0.0 0.0 0.0 0.0 0.0 0.0 0.0 0.0 0.0 0.0 0.0 0.0 0.0 0.0 0.0 0.0 0.0 0.0 0.0 0.0 0.0 0.0 18/06/1974
0.0 0.0 0.0 0.0 0.0 0.0 0.0 0.0 0.0 0.0 0.0 0.0 0.0 0.0 0.0 0.0 0.0 0.0 0.0 0.0 0.0 0.0 0.0 0.0 0.0 0.0 0.0 0.0 19/06/1974
0.0 0.0 0.0 0.0 0.0 0.0 0.0 0.0 0.0 0.0 0.0 0.0 0.0 0.0 0.0 0.0 0.0 0.0 0.0 0.0 0.0 0.0 0.0 0.0 0.0 0.0 0.0 0.0 20/06/1974
0.0 0.0 0.0 0.0 0.0 0.0 0.0 0.0 0.0 0.0 0.0 0.0 0.0 0.0 0.0 0.0 0.0 0.0 0.0 0.0 0.0 0.0 0.0 0.0 0.0 0.0 0.0 0.0 21/06/1974
0.0 0.0 0.0 0.0 0.0 0.0 0.0 0.0 0.0 0.0 0.0 0.0 0.0 0.0 0.0 0.0 0.0 0.0 0.0 0.0 0.0 0.0 0.0 0.0 0.0 0.0 0.0 0.0 22/06/1974
29.1 35.7 35.9 35.7 35.7 35.9 11.7 11.8 12.0 12.1 2.2 2.2 29.5 29.5 36.2 36.2 36.2 36.2 11.5 11.7 11.8 2.2 2.2 13.4 29.3 29.3 29.5 29.6 23/06/1974
1.7 0.5 0.5 0.5 0.5 0.5 2.2 2.2 2.2 2.3 0.0 0.0 1.7 1.7 0.5 0.5 0.5 0.5 2.1 2.2 2.2 0.0 0.0 1.6 1.7 1.7 1.7 1.7 24/06/1974
9.8 13.0 13.0 13.0 13.0 13.1 1.4 1.4 1.4 1.4 0.0 0.0 9.9 9.9 13.2 13.2 13.1 13.2 1.4 1.4 1.4 0.0 0.0 18.6 9.8 9.8 9.9 9.9 25/06/1974
5.0 10.5 10.6 10.5 10.5 10.6 1.1 1.1 1.1 1.1 0.4 0.4 5.1 5.1 10.7 10.6 10.6 10.7 1.1 1.1 1.1 0.4 0.4 2.4 5.0 5.0 5.1 5.1 26/06/1974
11.8 14.6 14.7 14.6 14.6 14.7 16.3 16.5 16.7 16.9 13.3 13.4 11.9 11.9 14.8 14.8 14.8 14.8 16.1 16.4 16.5 13.1 13.0 0.2 11.9 11.9 12.0 12.0 27/06/1974
23.5 11.4 11.5 11.4 11.4 11.5 9.3 9.4 9.5 9.6 10.1 10.2 23.8 23.8 11.6 11.5 11.5 11.6 9.2 9.3 9.4 9.9 9.8 12.0 23.7 23.7 23.9 24.0 28/06/1974
2.1 2.9 2.9 2.9 2.9 2.9 5.4 5.4 5.5 5.6 1.6 1.6 2.1 2.1 2.9 2.9 2.9 2.9 5.3 5.4 5.4 1.6 1.6 1.6 2.1 2.1 2.2 2.2 29/06/1974
6.5 5.4 5.4 5.4 5.4 5.4 7.8 7.9 8.0 8.1 7.9 7.9 6.6 6.6 5.5 5.5 5.5 5.5 7.7 7.9 7.9 7.7 7.6 4.5 6.6 6.6 6.6 6.7 30/06/1974
0.5 0.6 0.6 0.6 0.6 0.6 1.9 2.0 2.0 2.0 2.2 2.2 0.5 0.5 0.6 0.6 0.6 0.6 1.9 1.9 1.9 2.1 2.1 0.1 0.5 0.5 0.5 0.5 01/07/1974
5.9 4.8 4.9 4.8 4.9 4.9 7.2 7.3 7.4 7.5 8.6 8.7 6.0 6.0 4.9 4.9 4.9 4.9 7.1 7.3 7.3 8.5 8.4 3.4 6.0 6.0 6.0 6.0 02/07/1974
1.7 2.1 2.1 2.1 2.1 2.1 3.5 3.5 3.6 3.6 3.7 3.7 1.7 1.7 2.2 2.2 2.2 2.2 3.4 3.5 3.5 3.6 3.6 0.8 1.7 1.7 1.7 1.7 03/07/1974
0.0 0.0 0.0 0.0 0.0 0.0 0.0 0.0 0.0 0.0 0.0 0.0 0.0 0.0 0.0 0.0 0.0 0.0 0.0 0.0 0.0 0.0 0.0 0.0 0.0 0.0 0.0 0.0 04/07/1974
0.3 0.0 0.0 0.0 0.0 0.0 0.0 0.0 0.0 0.0 0.0 0.0 0.3 0.3 0.0 0.0 0.0 0.0 0.0 0.0 0.0 0.0 0.0 0.1 0.3 0.3 0.3 0.3 05/07/1974
0.0 0.0 0.0 0.0 0.0 0.0 0.0 0.0 0.0 0.0 0.0 0.0 0.0 0.0 0.0 0.0 0.0 0.0 0.0 0.0 0.0 0.0 0.0 0.0 0.0 0.0 0.0 0.0 06/07/1974
0.0 0.0 0.0 0.0 0.0 0.0 0.0 0.0 0.0 0.0 0.0 0.0 0.0 0.0 0.0 0.0 0.0 0.0 0.0 0.0 0.0 0.0 0.0 0.0 0.0 0.0 0.0 0.0 07/07/1974
0.0 0.0 0.0 0.0 0.0 0.0 0.0 0.0 0.0 0.0 0.0 0.0 0.0 0.0 0.0 0.0 0.0 0.0 0.0 0.0 0.0 0.0 0.0 0.0 0.0 0.0 0.0 0.0 08/07/1974
0.0 0.0 0.0 0.0 0.0 0.0 0.0 0.0 0.0 0.0 0.0 0.0 0.0 0.0 0.0 0.0 0.0 0.0 0.0 0.0 0.0 0.0 0.0 0.0 0.0 0.0 0.0 0.0 09/07/1974
0.6 0.3 0.3 0.3 0.3 0.3 0.1 0.1 0.1 0.1 0.0 0.0 0.7 0.7 0.3 0.3 0.3 0.3 0.1 0.1 0.1 0.0 0.0 0.0 0.7 0.7 0.7 0.7 10/07/1974
6.7 5.3 5.3 5.3 5.3 5.3 6.1 6.2 6.3 6.4 5.1 5.1 6.7 6.7 5.4 5.3 5.3 5.4 6.1 6.2 6.2 5.0 4.9 6.9 6.7 6.7 6.8 6.8 11/07/1974
0.1 0.5 0.5 0.5 0.5 0.5 1.2 1.2 1.2 1.2 1.2 1.2 0.1 0.1 0.5 0.5 0.5 0.5 1.1 1.2 1.2 1.2 1.2 1.3 0.1 0.1 0.1 0.1 12/07/1974
2.7 3.0 3.0 3.0 3.0 3.0 2.3 2.3 2.3 2.3 13.6 13.7 2.7 2.7 3.0 3.0 3.0 3.0 2.2 2.3 2.3 13.3 13.2 0.8 2.7 2.7 2.7 2.8 13/07/1974
1.4 1.6 1.6 1.6 1.6 1.6 1.9 1.9 2.0 2.0 1.3 1.3 1.4 1.4 1.7 1.7 1.7 1.7 1.9 1.9 1.9 1.3 1.3 0.4 1.4 1.4 1.4 1.4 14/07/1974
3.6 2.0 2.0 2.0 2.0 2.0 1.1 1.1 1.1 1.1 5.9 5.9 3.7 3.7 2.0 2.0 2.0 2.0 1.1 1.1 1.1 5.8 5.8 2.6 3.7 3.7 3.7 3.7 15/07/1974
7.1 2.7 2.7 2.7 2.7 2.7 1.8 1.8 1.8 1.9 0.7 0.7 7.2 7.2 2.7 2.7 2.7 2.7 1.8 1.8 1.8 0.7 0.7 2.2 7.1 7.1 7.2 7.2 16/07/1974
3.7 4.4 4.5 4.4 4.4 4.5 2.4 2.5 2.5 2.5 7.0 7.0 3.7 3.7 4.5 4.5 4.5 4.5 2.4 2.4 2.4 6.8 6.8 1.6 3.7 3.7 3.7 3.8 17/07/1974
0.0 0.0 0.0 0.0 0.0 0.0 0.2 0.2 0.2 0.2 0.0 0.0 0.0 0.0 0.0 0.0 0.0 0.0 0.2 0.2 0.2 0.0 0.0 0.0 0.0 0.0 0.0 0.0 18/07/1974
1.8 1.3 1.3 1.3 1.3 1.3 0.9 0.9 0.9 0.9 1.4 1.4 1.8 1.8 1.3 1.3 1.3 1.3 0.9 0.9 0.9 1.4 1.4 2.3 1.8 1.8 1.8 1.9 19/07/1974
0.1 0.1 0.1 0.1 0.1 0.1 0.8 0.8 0.8 0.8 0.7 0.7 0.1 0.1 0.1 0.1 0.1 0.1 0.8 0.8 0.8 0.7 0.7 0.0 0.1 0.1 0.1 0.1 20/07/1974
0.0 0.0 0.0 0.0 0.0 0.0 0.0 0.0 0.0 0.0 0.0 0.0 0.0 0.0 0.0 0.0 0.0 0.0 0.0 0.0 0.0 0.0 0.0 0.0 0.0 0.0 0.0 0.0 21/07/1974
0.1 0.4 0.4 0.4 0.4 0.4 0.0 0.0 0.0 0.0 0.0 0.0 0.1 0.1 0.4 0.4 0.4 0.4 0.0 0.0 0.0 0.0 0.0 0.4 0.1 0.1 0.1 0.1 22/07/1974
2.5 2.1 2.1 2.1 2.1 2.1 1.1 1.1 1.1 1.1 0.2 0.2 2.5 2.5 2.2 2.2 2.2 2.2 1.0 1.1 1.1 0.2 0.2 1.7 2.5 2.5 2.5 2.6 23/07/1974
1.9 4.8 4.9 4.8 4.9 4.9 5.0 5.0 5.1 5.1 5.1 5.1 1.9 1.9 4.9 4.9 4.9 4.9 4.9 5.0 5.0 5.0 4.9 1.5 1.9 1.9 1.9 1.9 24/07/1974
0.3 0.0 0.0 0.0 0.0 0.0 0.1 0.1 0.1 0.1 0.9 0.9 0.3 0.3 0.0 0.0 0.0 0.0 0.1 0.1 0.1 0.9 0.9 0.7 0.3 0.3 0.3 0.3 25/07/1974
0.0 0.0 0.0 0.0 0.0 0.0 0.0 0.0 0.0 0.0 0.0 0.0 0.0 0.0 0.0 0.0 0.0 0.0 0.0 0.0 0.0 0.0 0.0 0.0 0.0 0.0 0.0 0.0 26/07/1974
0.0 0.0 0.0 0.0 0.0 0.0 0.0 0.0 0.0 0.0 0.0 0.0 0.0 0.0 0.0 0.0 0.0 0.0 0.0 0.0 0.0 0.0 0.0 0.0 0.0 0.0 0.0 0.0 27/07/1974
0.0 0.0 0.0 0.0 0.0 0.0 0.0 0.0 0.0 0.0 0.0 0.0 0.0 0.0 0.0 0.0 0.0 0.0 0.0 0.0 0.0 0.0 0.0 0.0 0.0 0.0 0.0 0.0 28/07/1974
0.0 0.0 0.0 0.0 0.0 0.0 0.0 0.0 0.0 0.0 0.0 0.0 0.0 0.0 0.0 0.0 0.0 0.0 0.0 0.0 0.0 0.0 0.0 0.0 0.0 0.0 0.0 0.0 29/07/1974
0.0 0.0 0.0 0.0 0.0 0.0 0.0 0.0 0.0 0.0 0.0 0.0 0.0 0.0 0.0 0.0 0.0 0.0 0.0 0.0 0.0 0.0 0.0 0.0 0.0 0.0 0.0 0.0 30/07/1974
0.0 0.0 0.0 0.0 0.0 0.0 0.0 0.0 0.0 0.0 0.0 0.0 0.0 0.0 0.0 0.0 0.0 0.0 0.0 0.0 0.0 0.0 0.0 0.0 0.0 0.0 0.0 0.0 31/07/1974
