# 460 461 462 463 464 465 489 490 491 492 493 494 518 519 520 521 522 523 547 548 549 550 551 575 576 577 578 579 Date
0.0 0.0 0.0 0.0 0.0 0.0 0.0 0.0 0.0 0.0 0.0 0.0 0.0 0.0 0.0 0.0 0.0 0.0 0.0 0.0 0.0 0.0 0.0 0.0 0.0 0.0 0.0 0.0 01/08/1990
0.0 0.0 0.0 0.0 0.0 0.0 0.0 0.0 0.0 0.0 0.0 0.0 0.0 0.0 0.0 0.0 0.0 0.0 0.0 0.0 0.0 0.0 0.0 0.0 0.0 0.0 0.0 0.0 02/08/1990
0.0 0.0 0.0 0.0 0.0 0.0 0.0 0.0 0.0 0.0 0.0 0.0 0.0 0.0 0.0 0.0 0.0 0.0 0.0 0.0 0.0 0.0 0.0 0.0 0.0 0.0 0.0 0.0 03/08/1990
0.0 0.0 0.0 0.0 0.0 0.0 0.0 0.0 0.0 0.0 0.0 0.0 0.0 0.0 0.0 0.0 0.0 0.0 0.0 0.0 0.0 0.0 0.0 0.0 0.0 0.0 0.0 0.0 04/08/1990
0.0 0.0 0.0 0.0 0.0 0.0 0.0 0.0 0.0 0.0 0.0 0.0 0.0 0.0 0.0 0.0 0.0 0.0 0.0 0.0 0.0 0.0 0.0 0.0 0.0 0.0 0.0 0.0 05/08/1990
0.0 0.0 0.0 0.0 0.0 0.0 0.0 0.0 0.0 0.0 0.0 0.0 0.0 0.0 0.0 0.0 0.0 0.0 0.0 0.0 0.0 0.0 0.0 0.0 0.0 0.0 0.0 0.0 06/08/1990
0.0 0.0 0.0 0.0 0.0 0.0 0.0 0.0 0.0 0.0 0.0 0.0 0.0 0.0 0.0 0.0 0.0 0.0 0.0 0.0 0.0 0.0 0.0 0.0 0.0 0.0 0.0 0.0 07/08/1990
0.0 0.0 0.0 0.0 0.0 0.0 0.0 0.0 0.0 0.0 0.0 0.0 0.0 0.0 0.0 0.0 0.0 0.0 0.0 0.0 0.0 0.0 0.0 0.0 0.0 0.0 0.0 0.0 08/08/1990
0.0 0.0 0.0 0.0 0.0 0.0 0.0 0.0 0.0 0.0 0.0 0.0 0.0 0.0 0.0 0.0 0.0 0.0 0.0 0.0 0.0 0.0 0.0 0.0 0.0 0.0 0.0 0.0 09/08/1990
0.0 0.0 0.0 0.0 0.0 0.0 0.0 0.0 0.0 0.0 0.0 0.0 0.0 0.0 0.0 0.0 0.0 0.0 0.0 0.0 0.0 0.0 0.0 0.0 0.0 0.0 0.0 0.0 10/08/1990
0.0 0.0 0.0 0.0 0.0 0.0 0.0 0.0 0.0 0.0 0.0 0.0 0.0 0.0 0.0 0.0 0.0 0.0 0.0 0.0 0.0 0.0 0.0 0.0 0.0 0.0 0.0 0.0 11/08/1990
0.0 0.0 0.0 0.0 0.0 0.0 0.4 0.4 0.4 0.4 1.2 1.2 0.0 0.0 0.0 0.0 0.0 0.0 0.4 0.4 0.4 1.2 1.2 0.0 0.0 0.0 0.0 0.0 12/08/1990
0.0 0.0 0.0 0.0 0.0 0.0 0.7 0.7 0.7 0.7 3.2 3.2 0.0 0.0 0.0 0.0 0.0 0.0 0.6 0.7 0.7 3.1 3.1 0.0 0.0 0.0 0.0 0.0 13/08/1990
5.7 3.1 3.1 3.1 3.1 3.1 1.3 1.3 1.3 1.3 3.7 3.7 5.7 5.7 3.1 3.1 3.1 3.1 1.3 1.3 1.3 3.6 3.6 7.6 5.7 5.7 5.7 5.8 14/08/1990
8.0 10.6 10.7 10.6 10.6 10.7 19.4 19.6 19.8 20.0 8.5 8.6 8.1 8.1 10.8 10.7 10.7 10.8 19.1 19.4 19.5 8.3 8.3 2.6 8.0 8.0 8.1 8.1 15/08/1990
6.9 1.6 1.6 1.6 1.6 1.6 1.8 1.8 1.9 1.9 3.5 3.5 7.0 7.0 1.6 1.6 1.6 1.6 1.8 1.8 1.8 3.4 3.4 1.8 6.9 6.9 7.0 7.0 16/08/1990
3.6 1.9 1.9 1.9 1.9 1.9 1.4 1.4 1.4 1.4 0.1 0.1 3.6 3.6 1.9 1.9 1.9 1.9 1.3 1.4 1.4 0.1 0.1 1.4 3.6 3.6 3.6 3.6 17/08/1990
1.5 1.5 1.5 1.5 1.5 1.5 2.6 2.6 2.6 2.6 3.2 3.2 1.5 1.5 1.5 1.5 1.5 1.5 2.6 2.6 2.6 3.2 3.2 0.8 1.5 1.5 1.5 1.5 18/08/1990
4.4 4.7 4.7 4.7 4.7 4.7 1.3 1.3 1.3 1.3 0.7 0.7 4.5 4.5 4.7 4.7 4.7 4.7 1.3 1.3 1.3 0.7 0.7 2.2 4.4 4.4 4.5 4.5 19/08/1990
0.0 0.0 0.0 0.0 0.0 0.0 0.3 0.3 0.3 0.3 0.7 0.7 0.0 0.0 0.0 0.0 0.0 0.0 0.3 0.3 0.3 0.7 0.7 0.0 0.0 0.0 0.0 0.0 20/08/1990
0.0 0.0 0.0 0.0 0.0 0.0 0.0 0.0 0.0 0.0 0.0 0.0 0.0 0.0 0.0 0.0 0.0 0.0 0.0 0.0 0.0 0.0 0.0 0.0 0.0 0.0 0.0 0.0 21/08/1990
0.0 0.0 0.0 0.0 0.0 0.0 0.0 0.0 0.0 0.0 0.0 0.0 0.0 0.0 0.0 0.0 0.0 0.0 0.0 0.0 0.0 0.0 0.0 0.0 0.0 0.0 0.0 0.0 22/08/1990
0.0 0.0 0.0 0.0 0.0 0.0 0.0 0.0 0.0 0.0 0.0 0.0 0.0 0.0 0.0 0.0 0.0 0.0 0.0 0.0 0.0 0.0 0.0 0.0 0.0 0.0 0.0 0.0 23/08/1990
1.9 0.7 0.7 0.7 0.7 0.7 0.0 0.0 0.0 0.0 0.0 0.0 1.9 1.9 0.7 0.7 0.7 0.7 0.0 0.0 0.0 0.0 0.0 3.7 1.9 1.9 1.9 1.9 24/08/1990
3.6 0.5 0.5 0.5 0.5 0.5 0.1 0.1 0.1 0.1 0.1 0.1 3.6 3.6 0.5 0.5 0.5 0.5 0.1 0.1 0.1 0.1 0.1 3.9 3.6 3.6 3.6 3.6 25/08/1990
0.0 0.0 0.0 0.0 0.0 0.0 0.0 0.0 0.0 0.0 0.0 0.0 0.0 0.0 0.0 0.0 0.0 0.0 0.0 0.0 0.0 0.0 0.0 0.0 0.0 0.0 0.0 0.0 26/08/1990
0.0 0.0 0.0 0.0 0.0 0.0 0.0 0.0 0.0 0.0 0.0 0.0 0.0 0.0 0.0 0.0 0.0 0.0 0.0 0.0 0.0 0.0 0.0 0.0 0.0 0.0 0.0 0.0 27/08/1990
0.0 0.0 0.0 0.0 0.0 0.0 0.0 0.0 0.0 0.0 0.0 0.0 0.0 0.0 0.0 0.0 0.0 0.0 0.0 0.0 0.0 0.0 0.0 0.0 0.0 0.0 0.0 0.0 28/08/1990
12.6 6.5 6.6 6.5 6.5 6.6 2.3 2.3 2.4 2.4 2.8 2.8 12.7 12.7 6.6 6.6 6.6 6.6 2.3 2.3 2.3 2.7 2.7 14.8 12.7 12.7 12.8 12.8 29/08/1990
0.0 0.0 0.0 0.0 0.0 0.0 2.7 2.7 2.8 2.8 6.1 6.1 0.0 0.0 0.0 0.0 0.0 0.0 2.6 2.7 2.7 6.0 5.9 0.0 0.0 0.0 0.0 0.0 30/08/1990
0.2 0.2 0.2 0.2 0.2 0.2 14.5 14.7 14.9 15.0 17.0 17.0 0.2 0.2 0.2 0.2 0.2 0.2 14.3 14.6 14.6 16.6 16.5 0.0 0.2 0.2 0.2 0.2 31/08/1990
0.0 0.0 0.0 0.0 0.0 0.0 0.3 0.3 0.3 0.3 0.3 0.3 0.0 0.0 0.0 0.0 0.0 0.0 0.3 0.3 0.3 0.3 0.2 0.0 0.0 0.0 0.0 0.0 01/09/1990
0.0 0.0 0.0 0.0 0.0 0.0 0.0 0.0 0.0 0.0 0.0 0.0 0.0 0.0 0.0 0.0 0.0 0.0 0.0 0.0 0.0 0.0 0.0 0.0 0.0 0.0 0.0 0.0 02/09/1990
0.0 0.0 0.0 0.0 0.0 0.0 0.0 0.0 0.0 0.0 0.0 0.0 0.0 0.0 0.0 0.0 0.0 0.0 0.0 0.0 0.0 0.0 0.0 0.0 0.0 0.0 0.0 0.0 03/09/1990
0.0 0.0 0.0 0.0 0.0 0.0 0.6 0.6 0.6 0.6 0.4 0.4 0.0 0.0 0.0 0.0 0.0 0.0 0.6 0.6 0.6 0.4 0.4 0.0 0.0 0.0 0.0 0.0 04/09/1990
1.0 0.1 0.1 0.1 0.1 0.1 0.0 0.0 0.0 0.0 0.0 0.0 1.0 1.0 0.1 0.1 0.1 0.1 0.0 0.0 0.0 0.0 0.0 0.9 1.0 1.0 1.0 1.0 05/09/1990
2.7 1.7 1.7 1.7 1.7 1.7 1.3 1.3 1.3 1.3 1.8 1.8 2.7 2.7 1.7 1.7 1.7 1.7 1.3 1.3 1.3 1.8 1.8 1.5 2.7 2.7 2.7 2.7 06/09/1990
0.4 0.7 0.7 0.7 0.7 0.7 4.9 5.0 5.0 5.1 6.5 6.5 0.4 0.4 0.7 0.7 0.7 0.7 4.8 4.9 5.0 6.3 6.3 0.0 0.4 0.4 0.4 0.4 07/09/1990
0.0 0.0 0.0 0.0 0.0 0.0 0.2 0.2 0.2 0.2 0.1 0.1 0.0 0.0 0.0 0.0 0.0 0.0 0.2 0.2 0.2 0.1 0.1 0.0 0.0 0.0 0.0 0.0 08/09/1990
0.0 0.0 0.0 0.0 0.0 0.0 0.0 0.0 0.0 0.0 0.0 0.0 0.0 0.0 0.0 0.0 0.0 0.0 0.0 0.0 0.0 0.0 0.0 0.0 0.0 0.0 0.0 0.0 09/09/1990
0.0 0.0 0.0 0.0 0.0 0.0 0.0 0.0 0.0 0.0 0.0 0.0 0.0 0.0 0.0 0.0 0.0 0.0 0.0 0.0 0.0 0.0 0.0 0.0 0.0 0.0 0.0 0.0 10/09/1990
0.0 0.0 0.0 0.0 0.0 0.0 0.0 0.0 0.0 0.0 0.0 0.0 0.0 0.0 0.0 0.0 0.0 0.0 0.0 0.0 0.0 0.0 0.0 0.0 0.0 0.0 0.0 0.0 11/09/1990
0.0 0.0 0.0 0.0 0.0 0.0 0.0 0.0 0.0 0.0 0.0 0.0 0.0 0.0 0.0 0.0 0.0 0.0 0.0 0.0 0.0 0.0 0.0 0.0 0.0 0.0 0.0 0.0 12/09/1990
0.0 0.0 0.0 0.0 0.0 0.0 0.0 0.0 0.0 0.0 0.0 0.0 0.0 0.0 0.0 0.0 0.0 0.0 0.0 0.0 0.0 0.0 0.0 0.0 0.0 0.0 0.0 0.0 13/09/1990
0.0 0.0 0.0 0.0 0.0 0.0 0.0 0.0 0.0 0.0 0.0 0.0 0.0 0.0 0.0 0.0 0.0 0.0 0.0 0.0 0.0 0.0 0.0 0.0 0.0 0.0 0.0 0.0 14/09/1990
0.0 0.0 0.0 0.0 0.0 0.0 0.0 0.0 0.0 0.0 0.0 0.0 0.0 0.0 0.0 0.0 0.0 0.0 0.0 0.0 0.0 0.0 0.0 0.0 0.0 0.0 0.0 0.0 15/09/1990
0.1 0.0 0.0 0.0 0.0 0.0 0.0 0.0 0.0 0.0 0.0 0.0 0.1 0.1 0.0 0.0 0.0 0.0 0.0 0.0 0.0 0.0 0.0 0.0 0.1 0.1 0.1 0.1 16/09/1990
0.2 1.9 1.9 1.9 1.9 1.9 1.1 1.1 1.2 1.2 0.1 0.1 0.2 0.2 1.9 1.9 1.9 1.9 1.1 1.1 1.1 0.1 0.1 0.0 0.2 0.2 0.2 0.2 17/09/1990
0.0 0.0 0.0 0.0 0.0 0.0 0.0 0.0 0.0 0.0 0.0 0.0 0.0 0.0 0.0 0.0 0.0 0.0 0.0 0.0 0.0 0.0 0.0 0.0 0.0 0.0 0.0 0.0 18/09/1990
0.9 1.0 1.0 1.0 1.0 1.0 0.0 0.0 0.0 0.0 0.0 0.0 0.9 0.9 1.0 1.0 1.0 1.0 0.0 0.0 0.0 0.0 0.0 1.2 0.9 0.9 0.9 0.9 19/09/1990
4.2 3.0 3.0 3.0 3.0 3.0 1.5 1.5 1.5 1.5 1.6 1.6 4.3 4.3 3.1 3.1 3.1 3.1 1.5 1.5 1.5 1.5 1.5 1.8 4.3 4.3 4.3 4.3 20/09/1990
10.9 6.2 6.3 6.2 6.3 6.3 9.7 9.8 9.9 10.0 9.6 9.6 11.1 11.1 6.3 6.3 6.3 6.3 9.6 9.7 9.8 9.4 9.3 10.1 11.0 11.0 11.1 11.1 21/09/1990
5.0 9.0 9.1 9.0 9.0 9.1 3.6 3.7 3.7 3.8 7.8 7.9 5.1 5.1 9.2 9.1 9.1 9.2 3.6 3.6 3.7 7.7 7.6 0.9 5.1 5.1 5.1 5.1 22/09/1990
12.9 8.1 8.1 8.1 8.1 8.1 6.1 6.2 6.3 6.3 7.9 7.9 13.1 13.1 8.2 8.2 8.2 8.2 6.0 6.1 6.2 7.7 7.7 8.4 13.0 13.0 13.1 13.2 23/09/1990
17.5 13.5 13.6 13.5 13.5 13.6 1.3 1.3 1.3 1.3 3.8 3.9 17.7 17.7 13.7 13.7 13.7 13.7 1.2 1.3 1.3 3.8 3.7 10.9 17.6 17.6 17.7 17.8 24/09/1990
0.2 0.3 0.3 0.3 0.3 0.3 0.0 0.0 0.0 0.0 0.0 0.0 0.2 0.2 0.3 0.3 0.3 0.3 0.0 0.0 0.0 0.0 0.0 0.0 0.2 0.2 0.2 0.2 25/09/1990
0.0 0.0 0.0 0.0 0.0 0.0 0.0 0.0 0.0 0.0 0.0 0.0 0.0 0.0 0.0 0.0 0.0 0.0 0.0 0.0 0.0 0.0 0.0 0.0 0.0 0.0 0.0 0.0 26/09/1990
0.0 0.0 0.0 0.0 0.0 0.0 0.0 0.0 0.0 0.0 0.0 0.0 0.0 0.0 0.0 0.0 0.0 0.0 0.0 0.0 0.0 0.0 0.0 0.0 0.0 0.0 0.0 0.0 27/09/1990
0.0 0.2 0.2 0.2 0.2 0.2 0.0 0.0 0.0 0.0 0.0 0.0 0.0 0.0 0.2 0.2 0.2 0.2 0.0 0.0 0.0 0.0 0.0 0.0 0.0 0.0 0.0 0.0 28/09/1990
2.5 3.4 3.4 3.4 3.4 3.4 5.3 5.4 5.4 5.5 4.0 4.0 2.5 2.5 3.5 3.5 3.5 3.5 5.2 5.3 5.4 3.9 3.9 4.0 2.5 2.5 2.6 2.6 29/09/1990
5.9 9.0 9.1 9.0 9.0 9.1 8.8 8.9 9.0 9.1 13.6 13.7 6.0 6.0 9.2 9.2 9.1 9.2 8.6 8.8 8.8 13.3 13.2 2.0 5.9 5.9 6.0 6.0 30/09/1990
0.0 0.0 0.0 0.0 0.0 0.0 0.0 0.0 0.0 0.0 0.0 0.0 0.0 0.0 0.0 0.0 0.0 0.0 0.0 0.0 0.0 0.0 0.0 0.0 0.0 0.0 0.0 0.0 01/10/1990
0.4 0.8 0.8 0.8 0.8 0.8 0.0 0.0 0.0 0.0 0.0 0.0 0.4 0.4 0.8 0.8 0.8 0.8 0.0 0.0 0.0 0.0 0.0 0.2 0.4 0.4 0.5 0.5 02/10/1990
10.4 9.7 9.7 9.7 9.7 9.7 0.9 0.9 0.9 0.9 1.1 1.1 10.5 10.5 9.8 9.8 9.8 9.8 0.9 0.9 0.9 1.1 1.1 12.3 10.4 10.4 10.5 10.6 03/10/1990
0.7 0.9 0.9 0.9 0.9 0.9 0.0 0.0 0.0 0.0 0.0 0.0 0.7 0.7 1.0 1.0 1.0 1.0 0.0 0.0 0.0 0.0 0.0 0.2 0.7 0.7 0.7 0.7 04/10/1990
0.0 0.0 0.0 0.0 0.0 0.0 0.1 0.1 0.1 0.1 0.0 0.0 0.0 0.0 0.0 0.0 0.0 0.0 0.1 0.1 0.1 0.0 0.0 0.0 0.0 0.0 0.0 0.0 05/10/1990
3.3 2.7 2.7 2.7 2.7 2.7 0.0 0.0 0.0 0.0 0.0 0.0 3.4 3.4 2.7 2.7 2.7 2.7 0.0 0.0 0.0 0.0 0.0 3.4 3.3 3.3 3.4 3.4 06/10/1990
0.0 0.0 0.0 0.0 0.0 0.0 0.0 0.0 0.0 0.0 0.0 0.0 0.0 0.0 0.0 0.0 0.0 0.0 0.0 0.0 0.0 0.0 0.0 0.0 0.0 0.0 0.0 0.0 07/10/1990
0.0 0.0 0.0 0.0 0.0 0.0 0.0 0.0 0.0 0.0 0.0 0.0 0.0 0.0 0.0 0.0 0.0 0.0 0.0 0.0 0.0 0.0 0.0 0.0 0.0 0.0 0.0 0.0 08/10/1990
0.0 0.0 0.0 0.0 0.0 0.0 0.0 0.0 0.0 0.0 0.0 0.0 0.0 0.0 0.0 0.0 0.0 0.0 0.0 0.0 0.0 0.0 0.0 0.0 0.0 0.0 0.0 0.0 09/10/1990
0.0 0.0 0.0 0.0 0.0 0.0 0.0 0.0 0.0 0.0 0.0 0.0 0.0 0.0 0.0 0.0 0.0 0.0 0.0 0.0 0.0 0.0 0.0 0.0 0.0 0.0 0.0 0.0 10/10/1990
0.0 0.0 0.0 0.0 0.0 0.0 0.0 0.0 0.0 0.0 0.0 0.0 0.0 0.0 0.0 0.0 0.0 0.0 0.0 0.0 0.0 0.0 0.0 0.0 0.0 0.0 0.0 0.0 11/10/1990
0.0 0.0 0.0 0.0 0.0 0.0 0.0 0.0 0.0 0.0 0.0 0.0 0.0 0.0 0.0 0.0 0.0 0.0 0.0 0.0 0.0 0.0 0.0 0.0 0.0 0.0 0.0 0.0 12/10/1990
0.0 0.0 0.0 0.0 0.0 0.0 0.0 0.0 0.0 0.0 0.0 0.0 0.0 0.0 0.0 0.0 0.0 0.0 0.0 0.0 0.0 0.0 0.0 0.0 0.0 0.0 0.0 0.0 13/10/1990
0.0 0.2 0.2 0.2 0.2 0.2 0.0 0.0 0.0 0.0 0.0 0.0 0.0 0.0 0.2 0.2 0.2 0.2 0.0 0.0 0.0 0.0 0.0 0.0 0.0 0.0 0.0 0.0 14/10/1990
5.2 0.4 0.4 0.4 0.4 0.4 1.3 1.3 1.4 1.4 0.6 0.6 5.3 5.3 0.5 0.5 0.5 0.5 1.3 1.3 1.3 0.5 0.5 3.4 5.3 5.3 5.3 5.3 15/10/1990
0.0 0.0 0.0 0.0 0.0 0.0 0.2 0.2 0.2 0.2 0.1 0.1 0.0 0.0 0.0 0.0 0.0 0.0 0.2 0.2 0.2 0.1 0.1 0.0 0.0 0.0 0.0 0.0 16/10/1990
3.7 0.8 0.8 0.8 0.8 0.8 4.0 4.1 4.2 4.2 2.6 2.6 3.7 3.7 0.8 0.8 0.8 0.8 4.0 4.1 4.1 2.5 2.5 3.4 3.7 3.7 3.7 3.8 17/10/1990
0.7 1.1 1.1 1.1 1.1 1.1 4.4 4.4 4.5 4.5 2.1 2.1 0.7 0.7 1.1 1.1 1.1 1.1 4.3 4.4 4.4 2.1 2.1 0.6 0.7 0.7 0.7 0.7 18/10/1990
5.2 0.0 0.0 0.0 0.0 0.0 1.0 1.0 1.0 1.0 0.4 0.4 5.2 5.2 0.0 0.0 0.0 0.0 1.0 1.0 1.0 0.4 0.4 0.0 5.2 5.2 5.2 5.3 19/10/1990
0.0 0.0 0.0 0.0 0.0 0.0 0.0 0.0 0.0 0.0 0.0 0.0 0.0 0.0 0.0 0.0 0.0 0.0 0.0 0.0 0.0 0.0 0.0 0.0 0.0 0.0 0.0 0.0 20/10/1990
0.0 0.0 0.0 0.0 0.0 0.0 0.0 0.0 0.0 0.0 0.0 0.0 0.0 0.0 0.0 0.0 0.0 0.0 0.0 0.0 0.0 0.0 0.0 0.0 0.0 0.0 0.0 0.0 21/10/1990
0.0 0.0 0.0 0.0 0.0 0.0 0.0 0.0 0.0 0.0 0.0 0.0 0.0 0.0 0.0 0.0 0.0 0.0 0.0 0.0 0.0 0.0 0.0 0.0 0.0 0.0 0.0 0.0 22/10/1990
0.0 0.0 0.0 0.0 0.0 0.0 0.4 0.4 0.4 0.4 0.0 0.0 0.0 0.0 0.0 0.0 0.0 0.0 0.4 0.4 0.4 0.0 0.0 0.0 0.0 0.0 0.0 0.0 23/10/1990
1.1 0.1 0.1 0.1 0.1 0.1 4.8 4.9 5.0 5.0 1.0 1.0 1.1 1.1 0.1 0.1 0.1 0.1 4.8 4.9 4.9 1.0 1.0 0.0 1.1 1.1 1.1 1.1 24/10/1990
6.2 5.3 5.3 5.3 5.3 5.3 7.8 7.9 8.0 8.1 7.3 7.3 6.3 6.3 5.4 5.4 5.4 5.4 7.7 7.8 7.9 7.2 7.1 4.1 6.3 6.3 6.3 6.3 25/10/1990
12.2 6.9 7.0 6.9 6.9 7.0 11.3 11.5 11.6 11.7 10.3 10.4 12.4 12.4 7.0 7.0 7.0 7.0 11.2 11.4 11.4 10.1 10.1 5.9 12.3 12.3 12.4 12.4 26/10/1990
26.5 19.7 19.8 19.7 19.7 19.8 9.6 9.7 9.8 9.9 10.5 10.5 26.8 26.8 20.0 20.0 20.0 20.0 9.5 9.6 9.7 10.3 10.2 19.7 26.7 26.7 26.9 27.0 27/10/1990
19.6 22.8 22.9 22.8 22.8 22.9 37.0 37.5 38.0 38.4 40.0 40.1 19.8 19.8 23.1 23.1 23.1 23.1 36.5 37.1 37.4 39.1 38.8 14.7 19.7 19.7 19.9 20.0 28/10/1990
19.5 10.8 10.9 10.8 10.8 10.9 7.7 7.8 7.9 7.9 10.0 10.1 19.7 19.7 11.0 10.9 10.9 11.0 7.6 7.7 7.7 9.8 9.8 13.3 19.6 19.6 19.8 19.8 29/10/1990
4.2 1.1 1.1 1.1 1.1 1.1 0.0 0.0 0.0 0.0 0.0 0.0 4.3 4.3 1.1 1.1 1.1 1.1 0.0 0.0 0.0 0.0 0.0 1.2 4.3 4.3 4.3 4.3 30/10/1990
13.1 17.4 17.5 17.4 17.5 17.5 2.5 2.5 2.5 2.5 1.5 1.5 13.3 13.3 17.7 17.7 17.7 17.7 2.4 2.5 2.5 1.5 1.5 5.1 13.2 13.2 13.3 13.4 31/10/1990
9.2 5.0 5.1 5.0 5.0 5.1 4.3 4.3 4.4 4.4 3.2 3.2 9.4 9.4 5.1 5.1 5.1 5.1 4.2 4.3 4.3 3.1 3.1 6.1 9.3 9.3 9.4 9.4 01/11/1990
20.2 9.9 9.9 9.9 9.9 9.9 1.1 1.1 1.1 1.1 1.6 1.6 20.5 20.5 10.0 10.0 10.0 10.0 1.1 1.1 1.1 1.6 1.6 24.1 20.4 20.4 20.5 20.6 02/11/1990
1.6 1.7 1.7 1.7 1.7 1.7 2.2 2.2 2.2 2.2 1.8 1.9 1.6 1.6 1.7 1.7 1.7 1.7 2.2 2.2 2.2 1.8 1.8 0.2 1.6 1.6 1.6 1.6 03/11/1990
1.5 3.2 3.2 3.2 3.2 3.2 0.1 0.1 0.1 0.1 0.1 0.1 1.6 1.6 3.3 3.3 3.3 3.3 0.1 0.1 0.1 0.1 0.1 1.7 1.5 1.5 1.6 1.6 04/11/1990
0.7 1.1 1.0 1.1 1.1 1.0 0.0 0.0 0.0 0.0 0.0 0.0 0.7 0.7 1.0 1.0 1.0 1.0 0.0 0.0 0.0 0.0 0.0 0.1 0.7 0.7 0.7 0.7 05/11/1990
0.0 0.0 0.0 0.0 0.0 0.0 0.0 0.0 0.0 0.0 0.0 0.0 0.0 0.0 0.0 0.0 0.0 0.0 0.0 0.0 0.0 0.0 0.0 0.0 0.0 0.0 0.0 0.0 06/11/1990
0.0 0.0 0.0 0.0 0.0 0.0 0.0 0.0 0.0 0.0 0.0 0.0 0.0 0.0 0.0 0.0 0.0 0.0 0.0 0.0 0.0 0.0 0.0 0.0 0.0 0.0 0.0 0.0 07/11/1990
0.1 0.1 0.1 0.1 0.1 0.1 0.0 0.0 0.0 0.0 0.0 0.0 0.1 0.1 0.0 0.1 0.1 0.0 0.0 0.0 0.0 0.0 0.0 0.0 0.1 0.1 0.1 0.1 08/11/1990
0.2 0.1 0.1 0.1 0.1 0.1 1.4 1.4 1.5 1.5 0.5 0.5 0.2 0.2 0.1 0.1 0.1 0.1 1.4 1.4 1.4 0.5 0.5 0.4 0.2 0.2 0.2 0.2 09/11/1990
0.0 0.1 0.1 0.1 0.1 0.1 5.7 5.8 5.9 6.0 3.3 3.3 0.0 0.0 0.1 0.1 0.1 0.1 5.7 5.8 5.8 3.2 3.2 0.0 0.0 0.0 0.0 0.0 10/11/1990
3.0 2.6 2.6 2.6 2.6 2.6 2.2 2.2 2.2 2.3 2.2 2.2 3.0 3.0 2.6 2.6 2.6 2.6 2.2 2.2 2.2 2.1 2.1 0.8 3.0 3.0 3.0 3.0 11/11/1990
4.4 3.7 3.8 3.7 3.7 3.8 3.4 3.4 3.4 3.5 3.5 3.5 4.5 4.5 3.8 3.8 3.8 3.8 3.3 3.4 3.4 3.4 3.4 3.0 4.5 4.5 4.5 4.5 12/11/1990
3.3 4.4 4.4 4.4 4.4 4.4 9.0 9.1 9.2 9.3 8.4 8.4 3.3 3.3 4.4 4.4 4.4 4.4 8.9 9.0 9.1 8.2 8.2 1.5 3.3 3.3 3.3 3.3 13/11/1990
3.3 3.8 3.8 3.8 3.8 3.8 5.0 5.1 5.1 5.2 5.5 5.6 3.4 3.4 3.8 3.8 3.8 3.8 4.9 5.0 5.1 5.4 5.4 1.4 3.4 3.4 3.4 3.4 14/11/1990
1.3 1.3 1.3 1.3 1.3 1.3 1.5 1.6 1.6 1.6 1.2 1.2 1.3 1.3 1.3 1.3 1.3 1.3 1.5 1.5 1.5 1.0 1.0 1.1 1.3 1.3 1.3 1.3 15/11/1990
1.5 1.9 1.9 1.9 1.9 1.9 3.5 3.5 3.5 3.6 2.6 2.6 1.5 1.5 1.9 1.9 1.9 1.9 3.4 3.5 3.5 2.5 2.5 0.4 1.5 1.5 1.5 1.5 16/11/1990
3.0 2.4 2.4 2.4 2.4 2.4 5.1 5.1 5.2 5.2 4.9 4.9 3.0 3.0 2.4 2.4 2.4 2.4 5.0 5.1 5.1 4.9 4.8 0.8 3.0 3.0 3.0 3.0 17/11/1990
2.8 3.9 3.9 3.9 3.9 3.9 2.5 2.5 2.5 2.6 4.0 4.1 2.9 2.9 3.9 3.9 3.9 3.9 2.4 2.5 2.5 4.0 3.9 0.8 2.9 2.9 2.9 2.9 18/11/1990
11.0 8.3 8.3 8.3 8.3 8.3 5.8 5.9 5.9 6.0 3.6 3.6 11.2 11.2 8.4 8.4 8.4 8.4 5.7 5.8 5.8 3.5 3.5 6.5 11.1 11.1 11.2 11.2 19/11/1990
17.4 11.3 11.4 11.3 11.3 11.4 8.8 8.9 9.0 9.1 9.4 9.5 17.6 17.6 11.5 11.5 11.5 11.5 8.7 8.8 8.8 9.3 9.2 8.8 17.5 17.5 17.6 17.7 20/11/1990
6.6 6.6 6.6 6.6 6.6 6.6 0.0 0.0 0.0 0.0 0.9 1.0 6.6 6.6 6.6 6.6 6.6 6.6 0.0 0.0 0.0 0.8 0.7 3.1 6.6 6.6 6.6 6.7 21/11/1990
0.0 0.0 0.0 0.0 0.0 0.0 0.0 0.0 0.0 0.0 0.0 0.0 0.0 0.0 0.0 0.0 0.0 0.0 0.0 0.0 0.0 0.0 0.0 0.1 0.0 0.0 0.0 0.0 22/11/1990
5.2 2.3 2.2 2.3 2.2 2.2 1.3 1.1 0.9 0.7 1.0 1.1 5.2 5.2 2.1 2.1 2.1 2.1 1.5 1.3 1.2 1.0 1.0 7.4 5.2 5.2 5.2 5.2 23/11/1990
1.0 0.3 0.3 0.3 0.3 0.3 4.0 3.9 3.9 3.8 2.4 2.4 1.0 1.0 0.3 0.3 0.3 0.3 4.0 4.0 3.9 2.4 2.3 0.3 1.0 1.0 1.0 1.1 24/11/1990
5.3 7.4 7.4 7.4 7.4 7.4 7.9 8.0 8.1 8.2 5.0 5.0 5.1 5.1 7.5 7.5 7.5 7.5 7.8 7.9 8.0 4.9 4.9 6.1 5.2 5.2 5.1 5.0 25/11/1990
8.2 6.6 6.6 6.6 6.6 6.6 0.1 0.1 0.1 0.1 0.0 0.0 8.3 8.3 6.7 6.6 6.6 6.7 0.1 0.1 0.1 0.0 0.0 7.2 8.3 8.3 8.3 8.4 26/11/1990
1.1 0.3 0.3 0.3 0.3 0.3 0.0 0.0 0.0 0.0 0.0 0.0 1.1 1.1 0.2 0.3 0.3 0.2 0.0 0.0 0.0 0.0 0.0 0.0 1.1 1.1 1.1 1.1 27/11/1990
0.0 0.0 0.0 0.0 0.0 0.0 0.0 0.0 0.0 0.0 0.0 0.0 0.0 0.0 0.0 0.0 0.0 0.0 0.0 0.0 0.0 0.0 0.0 0.0 0.0 0.0 0.0 0.0 28/11/1990
4.4 3.1 3.1 3.1 3.1 3.1 2.2 2.3 2.3 2.3 2.4 2.4 4.4 4.4 3.1 3.1 3.1 3.1 2.2 2.2 2.3 2.4 2.4 3.0 4.4 4.4 4.5 4.5 29/11/1990
2.9 0.1 0.1 0.1 0.1 0.1 0.0 0.0 0.0 0.0 0.0 0.0 2.9 2.9 0.1 0.1 0.1 0.1 0.0 0.0 0.0 0.0 0.0 2.7 2.9 2.9 2.9 2.9 30/11/1990
0.0 0.0 0.0 0.0 0.0 0.0 2.6 2.7 2.7 2.7 0.4 0.4 0.0 0.0 0.0 0.0 0.0 0.0 2.6 2.6 2.6 0.5 0.5 0.0 0.0 0.0 0.0 0.0 01/12/1990
0.0 0.0 0.0 0.0 0.0 0.0 0.0 0.0 0.0 0.0 0.2 0.2 0.0 0.0 0.0 0.0 0.0 0.0 0.0 0.0 0.0 0.2 0.2 0.0 0.0 0.0 0.0 0.0 02/12/1990
0.0 0.0 0.0 0.0 0.0 0.0 0.2 0.2 0.2 0.2 0.1 0.1 0.0 0.0 0.0 0.0 0.0 0.0 0.2 0.2 0.2 0.1 0.1 0.0 0.0 0.0 0.0 0.0 03/12/1990
0.0 0.1 0.1 0.1 0.1 0.1 0.1 0.1 0.1 0.1 0.2 0.2 0.0 0.0 0.1 0.1 0.1 0.1 0.1 0.1 0.1 0.2 0.2 0.0 0.0 0.0 0.0 0.0 04/12/1990
0.0 0.0 0.0 0.0 0.0 0.0 0.0 0.0 0.0 0.0 0.0 0.0 0.0 0.0 0.0 0.0 0.0 0.0 0.0 0.0 0.0 0.0 0.0 0.0 0.0 0.0 0.0 0.0 05/12/1990
0.0 0.0 0.0 0.0 0.0 0.0 0.0 0.0 0.0 0.0 0.0 0.0 0.0 0.0 0.0 0.0 0.0 0.0 0.0 0.0 0.0 0.0 0.0 0.0 0.0 0.0 0.0 0.0 06/12/1990
1.7 0.0 0.0 0.0 0.0 0.0 0.0 0.0 0.0 0.0 0.0 0.0 1.5 1.5 0.0 0.0 0.0 0.0 0.0 0.0 0.0 0.0 0.0 1.5 1.6 1.6 1.5 1.4 07/12/1990
2.7 1.1 1.0 1.1 1.0 1.0 0.2 0.1 0.1 0.1 0.0 0.0 2.4 2.4 0.9 0.9 0.9 0.9 0.2 0.2 0.2 0.0 0.0 2.6 2.5 2.5 2.3 2.2 08/12/1990
2.8 0.7 0.7 0.7 0.7 0.7 0.1 0.1 0.1 0.1 0.0 0.0 2.4 2.4 0.6 0.6 0.6 0.6 0.1 0.1 0.1 0.0 0.0 2.0 2.6 2.6 2.4 2.3 09/12/1990
5.1 6.0 5.7 6.0 5.9 5.7 1.3 1.1 0.9 0.7 0.4 0.3 4.4 4.4 5.2 5.3 5.3 5.2 1.5 1.3 1.1 0.6 0.7 4.4 4.7 4.7 4.3 4.1 10/12/1990
8.7 6.3 6.4 6.3 6.4 6.4 3.9 3.5 3.2 2.9 3.0 3.0 8.9 8.9 6.4 6.4 6.4 6.4 4.3 3.8 3.6 3.4 3.6 7.2 8.8 8.8 8.9 8.9 11/12/1990
0.2 0.4 0.4 0.4 0.4 0.4 8.4 8.5 8.6 8.7 7.5 7.6 0.2 0.2 0.4 0.4 0.4 0.4 8.3 8.4 8.5 7.4 7.3 0.0 0.2 0.2 0.2 0.2 12/12/1990
1.4 1.3 1.3 1.3 1.3 1.3 0.3 0.3 0.3 0.4 0.2 0.2 1.4 1.4 1.2 1.2 1.2 1.2 0.3 0.3 0.3 0.2 0.1 0.8 1.4 1.4 1.3 1.3 13/12/1990
0.1 0.0 0.0 0.0 0.0 0.0 0.0 0.0 0.0 0.0 0.0 0.0 0.1 0.1 0.0 0.0 0.0 0.0 0.0 0.0 0.0 0.0 0.0 0.0 0.1 0.1 0.1 0.1 14/12/1990
1.1 1.0 1.0 1.0 1.0 1.0 0.8 0.8 0.8 0.8 0.8 0.8 1.1 1.1 1.0 1.0 1.0 1.0 0.8 0.8 0.8 0.8 0.8 0.9 1.1 1.1 1.1 1.1 15/12/1990
0.0 0.0 0.0 0.0 0.0 0.0 0.0 0.0 0.0 0.0 0.0 0.0 0.0 0.0 0.0 0.0 0.0 0.0 0.0 0.0 0.0 0.0 0.0 0.0 0.0 0.0 0.0 0.0 16/12/1990
0.0 0.0 0.0 0.0 0.0 0.0 0.0 0.0 0.0 0.0 0.0 0.0 0.0 0.0 0.0 0.0 0.0 0.0 0.0 0.0 0.0 0.0 0.0 0.0 0.0 0.0 0.0 0.0 17/12/1990
0.0 0.0 0.0 0.0 0.0 0.0 0.0 0.0 0.0 0.0 0.0 0.0 0.0 0.0 0.0 0.0 0.0 0.0 0.0 0.0 0.0 0.0 0.0 0.0 0.0 0.0 0.0 0.0 18/12/1990
1.1 0.7 0.6 0.7 0.7 0.6 0.0 0.0 0.0 0.0 0.0 0.0 1.1 1.1 0.6 0.6 0.6 0.6 0.0 0.0 0.0 0.0 0.0 0.7 1.1 1.1 1.1 1.1 19/12/1990
17.3 17.5 17.6 17.5 17.5 17.6 18.2 18.3 18.4 18.5 17.1 17.2 17.5 17.5 17.7 17.7 17.7 17.7 18.1 18.2 18.3 16.8 16.7 9.3 17.4 17.4 17.5 17.6 20/12/1990
11.6 8.6 8.7 8.6 8.6 8.7 7.4 7.5 7.6 7.6 9.0 9.0 11.8 11.8 8.8 8.7 8.7 8.7 7.3 7.4 7.4 8.8 8.7 4.7 11.7 11.7 11.8 11.8 21/12/1990
0.1 0.1 0.1 0.1 0.1 0.1 1.9 1.9 1.9 1.9 2.3 2.3 0.1 0.1 0.1 0.1 0.1 0.1 1.9 1.9 1.9 2.2 2.2 0.5 0.1 0.1 0.1 0.1 22/12/1990
0.3 0.1 0.1 0.1 0.1 0.1 0.0 0.0 0.0 0.0 0.4 0.4 0.3 0.3 0.1 0.1 0.1 0.1 0.0 0.0 0.0 0.4 0.4 0.1 0.3 0.3 0.3 0.3 23/12/1990
1.6 0.8 0.8 0.8 0.8 0.8 0.0 0.0 0.0 0.0 1.1 1.1 1.6 1.6 0.8 0.8 0.8 0.8 0.0 0.0 0.0 1.0 1.0 1.1 1.6 1.6 1.6 1.6 24/12/1990
13.9 10.2 10.3 10.2 10.2 10.3 8.3 8.4 8.5 8.6 10.4 10.4 14.1 14.1 10.4 10.3 10.3 10.4 8.2 8.3 8.3 10.2 10.1 12.2 14.0 14.0 14.1 14.1 25/12/1990
16.0 13.6 13.7 13.6 13.6 13.7 15.9 16.1 16.3 16.5 17.8 17.9 16.2 16.2 13.8 13.8 13.8 13.8 15.7 16.0 16.1 17.4 17.3 8.1 16.1 16.1 16.3 16.3 26/12/1990
4.8 6.8 6.8 6.8 6.8 6.8 3.1 3.2 3.2 3.2 3.0 3.0 4.9 4.9 6.9 6.9 6.8 6.9 3.1 3.1 3.1 3.0 2.9 2.7 4.8 4.8 4.9 4.9 27/12/1990
10.2 8.0 8.1 8.0 8.0 8.1 5.7 5.8 5.8 5.9 9.1 9.1 10.3 10.3 8.2 8.1 8.1 8.2 5.6 5.7 5.8 8.9 8.8 2.8 10.3 10.3 10.4 10.4 28/12/1990
18.1 13.4 13.4 13.4 13.4 13.5 12.0 12.2 12.3 12.5 13.6 13.7 18.3 18.3 13.6 13.6 13.6 13.6 11.9 12.1 12.1 13.4 13.3 21.0 18.2 18.2 18.3 18.4 29/12/1990
0.2 2.2 2.3 2.2 2.2 2.3 0.6 0.6 0.6 0.6 0.9 0.9 0.3 0.3 2.3 2.3 2.3 2.3 0.6 0.6 0.6 0.9 0.9 0.0 0.3 0.3 0.3 0.3 30/12/1990
6.5 12.5 12.6 12.5 12.5 12.6 10.1 10.3 10.4 10.5 8.1 8.1 6.6 6.6 12.7 12.7 12.7 12.7 10.0 10.2 10.2 8.0 7.9 3.0 6.5 6.5 6.6 6.6 31/12/1990
25.9 18.0 18.2 18.1 18.1 18.2 14.9 15.1 15.3 15.4 17.2 17.3 26.2 26.2 18.3 18.3 18.3 18.3 14.7 14.9 15.0 16.8 16.7 12.1 26.1 26.1 26.3 26.4 01/01/1991
13.0 10.3 10.3 10.3 10.3 10.3 10.8 10.9 11.1 11.2 17.6 17.7 13.2 13.2 10.4 10.4 10.4 10.4 10.7 10.8 10.9 17.3 17.1 6.2 13.1 13.1 13.2 13.2 02/01/1991
12.7 11.1 11.2 11.1 11.2 11.2 15.6 15.8 16.0 16.2 26.8 26.8 12.9 12.9 11.3 11.3 11.3 11.3 15.4 15.7 15.8 26.2 26.0 5.1 12.8 12.8 12.9 12.9 03/01/1991
4.2 3.1 3.1 3.1 3.1 3.1 0.2 0.2 0.2 0.2 3.5 3.5 4.2 4.2 3.1 3.1 3.1 3.1 0.2 0.2 0.2 3.4 3.4 3.3 4.2 4.2 4.3 4.3 04/01/1991
8.2 8.4 8.4 8.4 8.4 8.4 4.2 4.2 4.3 4.3 8.8 8.8 8.3 8.3 8.5 8.5 8.5 8.5 4.1 4.2 4.2 8.6 8.6 6.0 8.2 8.2 8.3 8.3 05/01/1991
1.3 0.9 0.9 0.9 0.9 0.9 1.3 1.3 1.3 1.4 3.9 4.0 1.4 1.4 0.9 0.9 0.9 0.9 1.3 1.3 1.3 3.9 3.8 1.1 1.3 1.3 1.4 1.4 06/01/1991
7.2 6.4 6.4 6.4 6.4 6.4 1.2 1.2 1.2 1.2 3.1 3.1 7.2 7.2 6.5 6.5 6.5 6.5 1.2 1.2 1.2 3.0 3.0 5.8 7.2 7.2 7.2 7.3 07/01/1991
10.8 9.6 9.7 9.6 9.6 9.7 3.5 3.5 3.6 3.6 7.5 7.6 10.9 10.9 9.8 9.8 9.7 9.8 3.4 3.5 3.5 7.4 7.3 7.2 10.8 10.8 10.9 11.0 08/01/1991
10.4 15.7 15.8 15.8 15.8 15.9 4.1 4.1 4.2 4.2 6.9 6.9 10.5 10.5 16.0 16.0 16.0 16.0 4.0 4.1 4.1 6.8 6.7 4.6 10.4 10.4 10.5 10.6 09/01/1991
2.4 2.1 2.1 2.1 2.1 2.1 11.1 11.3 11.4 11.5 22.8 22.9 2.5 2.5 2.2 2.2 2.2 2.2 11.0 11.1 11.2 22.3 22.2 1.1 2.4 2.4 2.5 2.5 10/01/1991
2.2 2.4 2.5 2.4 2.4 2.5 7.7 7.8 7.9 7.9 3.0 3.1 2.3 2.3 2.5 2.5 2.5 2.5 7.6 7.7 7.7 3.0 3.0 1.1 2.3 2.3 2.3 2.3 11/01/1991
8.7 7.8 7.9 7.8 7.9 7.9 0.2 0.2 0.2 0.2 0.1 0.1 8.8 8.8 8.0 8.0 7.9 8.0 0.2 0.2 0.2 0.1 0.1 6.1 8.7 8.7 8.8 8.8 12/01/1991
0.2 0.2 0.2 0.2 0.2 0.2 0.0 0.0 0.0 0.0 0.0 0.0 0.2 0.2 0.2 0.2 0.2 0.2 0.0 0.0 0.0 0.0 0.0 0.0 0.2 0.2 0.2 0.2 13/01/1991
0.0 0.0 0.0 0.0 0.0 0.0 0.0 0.0 0.0 0.0 0.0 0.0 0.0 0.0 0.0 0.0 0.0 0.0 0.0 0.0 0.0 0.0 0.0 0.0 0.0 0.0 0.0 0.0 14/01/1991
0.0 0.0 0.0 0.0 0.0 0.0 0.0 0.0 0.0 0.0 0.0 0.0 0.0 0.0 0.0 0.0 0.0 0.0 0.0 0.0 0.0 0.0 0.0 0.0 0.0 0.0 0.0 0.0 15/01/1991
0.0 0.0 0.0 0.0 0.0 0.0 0.0 0.0 0.0 0.0 0.0 0.0 0.0 0.0 0.0 0.0 0.0 0.0 0.0 0.0 0.0 0.0 0.0 0.0 0.0 0.0 0.0 0.0 16/01/1991
3.3 1.7 1.7 1.7 1.7 1.7 0.0 0.0 0.0 0.0 0.0 0.0 3.3 3.3 1.7 1.7 1.7 1.7 0.0 0.0 0.0 0.0 0.0 3.2 3.3 3.3 3.3 3.3 17/01/1991
10.2 8.2 8.3 8.2 8.2 8.3 3.5 3.5 3.6 3.6 1.9 1.9 10.3 10.3 8.3 8.3 8.3 8.3 3.5 3.5 3.5 1.8 1.8 12.2 10.2 10.2 10.3 10.4 18/01/1991
0.3 0.4 0.4 0.4 0.4 0.4 1.9 1.9 2.0 2.0 4.4 4.4 0.3 0.3 0.4 0.4 0.4 0.4 1.9 1.9 1.9 4.3 4.3 0.2 0.3 0.3 0.3 0.3 19/01/1991
0.5 0.2 0.2 0.2 0.2 0.2 1.0 0.8 0.7 0.6 0.3 0.3 0.5 0.5 0.2 0.2 0.2 0.2 1.2 1.0 0.9 0.5 0.6 0.6 0.5 0.5 0.5 0.5 20/01/1991
0.7 0.3 0.4 0.3 0.3 0.4 0.8 0.8 0.7 0.7 0.6 0.6 0.7 0.7 0.4 0.4 0.4 0.4 0.9 0.8 0.8 0.8 0.9 0.5 0.7 0.7 0.7 0.8 21/01/1991
0.2 0.0 0.0 0.0 0.0 0.0 0.0 0.0 0.0 0.0 0.0 0.0 0.2 0.2 0.0 0.0 0.0 0.0 0.0 0.0 0.0 0.0 0.0 0.0 0.2 0.2 0.2 0.2 22/01/1991
0.0 0.0 0.0 0.0 0.0 0.0 0.0 0.0 0.0 0.0 0.0 0.0 0.0 0.0 0.0 0.0 0.0 0.0 0.0 0.0 0.0 0.0 0.0 0.0 0.0 0.0 0.0 0.0 23/01/1991
0.0 0.0 0.0 0.0 0.0 0.0 0.0 0.0 0.0 0.0 0.0 0.0 0.0 0.0 0.0 0.0 0.0 0.0 0.0 0.0 0.0 0.0 0.0 0.0 0.0 0.0 0.0 0.0 24/01/1991
0.0 0.0 0.0 0.0 0.0 0.0 0.0 0.0 0.0 0.0 0.0 0.0 0.0 0.0 0.0 0.0 0.0 0.0 0.0 0.0 0.0 0.0 0.0 0.0 0.0 0.0 0.0 0.0 25/01/1991
0.0 0.0 0.0 0.0 0.0 0.0 0.0 0.0 0.0 0.0 0.0 0.0 0.0 0.0 0.0 0.0 0.0 0.0 0.0 0.0 0.0 0.0 0.0 0.0 0.0 0.0 0.0 0.0 26/01/1991
0.0 0.0 0.0 0.0 0.0 0.0 0.0 0.0 0.0 0.0 0.0 0.0 0.0 0.0 0.0 0.0 0.0 0.0 0.0 0.0 0.0 0.0 0.0 0.0 0.0 0.0 0.0 0.0 27/01/1991
0.0 0.0 0.0 0.0 0.0 0.0 0.0 0.0 0.0 0.0 0.0 0.0 0.0 0.0 0.0 0.0 0.0 0.0 0.0 0.0 0.0 0.0 0.0 0.0 0.0 0.0 0.0 0.0 28/01/1991
0.0 0.0 0.0 0.0 0.0 0.0 0.0 0.0 0.0 0.0 0.0 0.0 0.0 0.0 0.0 0.0 0.0 0.0 0.0 0.0 0.0 0.0 0.0 0.0 0.0 0.0 0.0 0.0 29/01/1991
0.0 0.0 0.0 0.0 0.0 0.0 0.0 0.0 0.0 0.0 0.0 0.0 0.0 0.0 0.0 0.0 0.0 0.0 0.0 0.0 0.0 0.0 0.0 0.0 0.0 0.0 0.0 0.0 30/01/1991
0.1 0.0 0.0 0.0 0.0 0.0 0.0 0.0 0.0 0.0 0.0 0.0 0.1 0.1 0.0 0.0 0.0 0.0 0.0 0.0 0.0 0.0 0.0 0.0 0.1 0.1 0.1 0.1 31/01/1991
0.0 0.0 0.0 0.0 0.0 0.0 0.0 0.0 0.0 0.0 0.0 0.0 0.0 0.0 0.0 0.0 0.0 0.0 0.0 0.0 0.0 0.0 0.0 0.0 0.0 0.0 0.0 0.0 01/02/1991
0.0 0.0 0.0 0.0 0.0 0.0 0.0 0.0 0.0 0.0 0.0 0.0 0.0 0.0 0.0 0.0 0.0 0.0 0.0 0.0 0.0 0.0 0.0 0.0 0.0 0.0 0.0 0.0 02/02/1991
0.0 0.0 0.0 0.0 0.0 0.0 0.0 0.0 0.0 0.0 0.0 0.0 0.0 0.0 0.0 0.0 0.0 0.0 0.0 0.0 0.0 0.0 0.0 0.0 0.0 0.0 0.0 0.0 03/02/1991
0.0 0.0 0.0 0.0 0.0 0.0 0.0 0.0 0.0 0.0 0.0 0.0 0.0 0.0 0.0 0.0 0.0 0.0 0.0 0.0 0.0 0.0 0.0 0.0 0.0 0.0 0.0 0.0 04/02/1991
0.0 0.0 0.0 0.0 0.0 0.0 0.0 0.0 0.0 0.0 0.0 0.0 0.0 0.0 0.0 0.0 0.0 0.0 0.0 0.0 0.0 0.0 0.0 0.0 0.0 0.0 0.0 0.0 05/02/1991
0.0 0.0 0.0 0.0 0.0 0.0 0.0 0.0 0.0 0.0 0.0 0.0 0.0 0.0 0.0 0.0 0.0 0.0 0.0 0.0 0.0 0.0 0.0 0.0 0.0 0.0 0.0 0.0 06/02/1991
0.0 0.0 0.0 0.0 0.0 0.0 0.0 0.0 0.0 0.0 0.0 0.0 0.0 0.0 0.0 0.0 0.0 0.0 0.0 0.0 0.0 0.0 0.0 0.0 0.0 0.0 0.0 0.0 07/02/1991
0.0 0.0 0.0 0.0 0.0 0.0 0.0 0.0 0.0 0.0 0.0 0.0 0.0 0.0 0.0 0.0 0.0 0.0 0.0 0.0 0.0 0.0 0.0 0.0 0.0 0.0 0.0 0.0 08/02/1991
0.0 0.0 0.0 0.0 0.0 0.0 0.0 0.0 0.0 0.0 0.0 0.0 0.0 0.0 0.0 0.0 0.0 0.0 0.0 0.0 0.0 0.0 0.0 0.0 0.0 0.0 0.0 0.0 09/02/1991
0.4 0.0 0.0 0.0 0.0 0.0 0.0 0.0 0.0 0.0 0.0 0.0 0.3 0.3 0.0 0.0 0.0 0.0 0.0 0.0 0.0 0.0 0.0 0.4 0.4 0.4 0.3 0.3 10/02/1991
0.7 1.5 1.4 1.5 1.4 1.4 0.0 0.0 0.0 0.0 0.0 0.0 0.6 0.6 1.2 1.2 1.2 1.2 0.0 0.0 0.0 0.0 0.0 0.1 0.7 0.7 0.6 0.6 11/02/1991
0.0 0.0 0.0 0.0 0.0 0.0 0.0 0.0 0.0 0.0 0.0 0.0 0.0 0.0 0.0 0.0 0.0 0.0 0.0 0.0 0.0 0.0 0.0 0.3 0.0 0.0 0.0 0.0 12/02/1991
0.0 0.0 0.0 0.0 0.0 0.0 0.0 0.0 0.0 0.0 0.0 0.0 0.0 0.0 0.0 0.0 0.0 0.0 0.0 0.0 0.0 0.0 0.0 0.0 0.0 0.0 0.0 0.0 13/02/1991
1.1 0.9 0.8 0.9 0.9 0.8 0.0 0.0 0.0 0.0 0.0 0.0 0.9 0.9 0.7 0.8 0.8 0.7 0.0 0.0 0.0 0.0 0.0 0.5 1.0 1.0 0.9 0.8 14/02/1991
8.6 6.1 6.1 6.1 6.1 6.1 2.4 2.0 1.6 1.3 1.3 1.2 8.6 8.6 6.0 6.0 6.0 6.0 2.8 2.3 2.1 2.1 2.4 10.7 8.6 8.6 8.6 8.6 15/02/1991
0.0 0.1 0.1 0.1 0.1 0.1 0.0 0.0 0.0 0.0 0.0 0.0 0.0 0.0 0.1 0.1 0.1 0.1 0.0 0.0 0.0 0.0 0.0 0.0 0.0 0.0 0.0 0.0 16/02/1991
0.0 0.0 0.0 0.0 0.0 0.0 0.0 0.0 0.0 0.0 0.0 0.0 0.0 0.0 0.0 0.0 0.0 0.0 0.0 0.0 0.0 0.0 0.0 0.0 0.0 0.0 0.0 0.0 17/02/1991
0.0 0.0 0.0 0.0 0.0 0.0 0.0 0.0 0.0 0.0 0.0 0.0 0.0 0.0 0.0 0.0 0.0 0.0 0.0 0.0 0.0 0.0 0.0 0.0 0.0 0.0 0.0 0.0 18/02/1991
0.1 0.0 0.0 0.0 0.0 0.0 0.0 0.0 0.0 0.0 0.0 0.0 0.1 0.1 0.0 0.0 0.0 0.0 0.0 0.0 0.0 0.0 0.0 0.1 0.1 0.1 0.1 0.1 19/02/1991
0.1 0.0 0.0 0.0 0.0 0.0 0.0 0.0 0.0 0.0 0.0 0.0 0.1 0.1 0.0 0.0 0.0 0.0 0.0 0.0 0.0 0.0 0.0 0.1 0.1 0.1 0.1 0.1 20/02/1991
1.6 0.9 0.9 0.9 0.9 0.9 0.3 0.3 0.3 0.3 2.5 2.5 1.6 1.6 0.9 0.9 0.9 0.9 0.3 0.3 0.3 2.5 2.4 1.3 1.6 1.6 1.6 1.6 21/02/1991
2.4 0.8 0.8 0.8 0.8 0.8 1.3 1.3 1.3 1.3 1.4 1.4 2.4 2.4 0.8 0.8 0.8 0.8 1.3 1.3 1.3 1.3 1.3 1.3 2.4 2.4 2.4 2.4 22/02/1991
0.0 0.0 0.0 0.0 0.0 0.0 0.0 0.0 0.0 0.0 0.1 0.1 0.0 0.0 0.0 0.0 0.0 0.0 0.0 0.0 0.0 0.1 0.1 0.0 0.0 0.0 0.0 0.0 23/02/1991
0.0 0.0 0.0 0.0 0.0 0.0 0.0 0.0 0.0 0.0 0.0 0.0 0.0 0.0 0.0 0.0 0.0 0.0 0.0 0.0 0.0 0.0 0.0 0.4 0.0 0.0 0.0 0.0 24/02/1991
0.0 0.1 0.1 0.1 0.1 0.1 0.0 0.0 0.0 0.0 0.0 0.0 0.0 0.0 0.1 0.1 0.1 0.1 0.0 0.0 0.0 0.0 0.0 0.0 0.0 0.0 0.0 0.0 25/02/1991
0.0 0.0 0.0 0.0 0.0 0.0 0.0 0.0 0.0 0.0 0.0 0.0 0.0 0.0 0.0 0.0 0.0 0.0 0.0 0.0 0.0 0.0 0.0 0.0 0.0 0.0 0.0 0.0 26/02/1991
3.8 2.8 2.8 2.8 2.8 2.8 3.7 3.8 3.8 3.9 2.0 2.0 3.9 3.9 2.8 2.8 2.8 2.8 3.7 3.7 3.8 1.9 1.9 4.6 3.8 3.8 3.9 3.9 27/02/1991
0.0 0.0 0.0 0.0 0.0 0.0 1.5 1.5 1.6 1.6 1.1 1.1 0.0 0.0 0.0 0.0 0.0 0.0 1.5 1.5 1.5 1.0 1.0 0.0 0.0 0.0 0.0 0.0 28/02/1991
0.0 0.1 0.1 0.1 0.1 0.1 6.1 6.2 6.3 6.3 3.8 3.8 0.0 0.0 0.1 0.1 0.1 0.1 6.0 6.1 6.2 3.7 3.7 0.0 0.0 0.0 0.0 0.0 01/03/1991
1.2 1.0 1.0 1.0 1.0 1.0 0.0 0.0 0.0 0.0 0.0 0.0 1.3 1.3 1.1 1.1 1.1 1.1 0.0 0.0 0.0 0.0 0.0 1.0 1.2 1.2 1.3 1.3 02/03/1991
0.0 0.4 0.4 0.4 0.4 0.4 0.0 0.0 0.0 0.0 0.0 0.0 0.0 0.0 0.4 0.4 0.4 0.4 0.0 0.0 0.0 0.0 0.0 0.0 0.0 0.0 0.0 0.0 03/03/1991
2.4 2.3 2.3 2.3 2.3 2.3 1.3 1.3 1.3 1.3 1.3 1.3 2.5 2.5 2.3 2.3 2.3 2.3 1.3 1.3 1.3 1.2 1.2 2.1 2.4 2.4 2.5 2.5 04/03/1991
4.9 2.3 2.3 2.3 2.3 2.3 0.8 0.8 0.9 0.9 3.0 3.0 4.9 4.9 2.3 2.3 2.3 2.3 0.8 0.8 0.8 2.9 2.9 8.1 4.9 4.9 4.9 4.9 05/03/1991
5.7 1.1 1.1 1.1 1.1 1.1 0.7 0.7 0.7 0.7 1.3 1.4 5.7 5.7 1.1 1.1 1.1 1.1 0.7 0.7 0.7 1.3 1.3 3.5 5.7 5.7 5.8 5.8 06/03/1991
2.2 3.6 3.7 3.6 3.7 3.7 3.2 3.2 3.3 3.3 2.6 2.6 2.2 2.2 3.7 3.7 3.7 3.7 3.1 3.2 3.2 2.5 2.5 0.9 2.2 2.2 2.2 2.2 07/03/1991
0.0 0.0 0.0 0.0 0.0 0.0 1.9 1.9 1.9 1.9 1.8 1.8 0.0 0.0 0.0 0.0 0.0 0.0 1.9 1.9 1.9 1.7 1.7 0.0 0.0 0.0 0.0 0.0 08/03/1991
0.7 0.8 0.8 0.8 0.8 0.8 0.0 0.0 0.0 0.0 1.2 1.2 0.7 0.7 0.8 0.8 0.8 0.8 0.0 0.0 0.0 1.2 1.2 0.4 0.7 0.7 0.7 0.7 09/03/1991
6.5 3.3 3.3 3.3 3.3 3.3 4.9 4.9 5.0 5.0 4.7 4.7 6.5 6.5 3.4 3.4 3.4 3.4 4.8 4.9 4.9 4.6 4.5 4.5 6.5 6.5 6.6 6.6 10/03/1991
1.1 1.1 1.1 1.1 1.1 1.1 0.4 0.4 0.4 0.4 0.0 0.0 1.1 1.1 1.1 1.1 1.1 1.1 0.4 0.4 0.4 0.0 0.0 1.2 1.1 1.1 1.1 1.1 11/03/1991
0.0 0.0 0.0 0.0 0.0 0.0 0.0 0.0 0.0 0.0 0.0 0.0 0.0 0.0 0.0 0.0 0.0 0.0 0.0 0.0 0.0 0.0 0.0 0.0 0.0 0.0 0.0 0.0 12/03/1991
0.0 0.0 0.0 0.0 0.0 0.0 0.0 0.0 0.0 0.0 0.0 0.0 0.0 0.0 0.0 0.0 0.0 0.0 0.0 0.0 0.0 0.0 0.0 0.0 0.0 0.0 0.0 0.0 13/03/1991
0.4 0.0 0.0 0.0 0.0 0.0 0.0 0.0 0.0 0.0 0.0 0.0 0.4 0.4 0.0 0.0 0.0 0.0 0.0 0.0 0.0 0.0 0.0 0.2 0.4 0.4 0.4 0.4 14/03/1991
0.0 0.0 0.0 0.0 0.0 0.0 0.0 0.0 0.0 0.0 0.1 0.1 0.0 0.0 0.0 0.0 0.0 0.0 0.0 0.0 0.0 0.1 0.1 0.0 0.0 0.0 0.0 0.0 15/03/1991
8.5 7.7 7.7 7.7 7.7 7.7 1.2 1.2 1.2 1.2 0.4 0.4 8.6 8.6 7.8 7.8 7.8 7.8 1.2 1.2 1.2 0.4 0.4 2.3 8.5 8.5 8.6 8.6 16/03/1991
2.8 1.9 1.9 1.9 1.9 1.9 1.1 1.1 1.1 1.1 1.0 1.0 2.8 2.8 1.9 1.9 1.9 1.9 1.0 1.1 1.1 1.0 1.0 1.0 2.8 2.8 2.8 2.8 17/03/1991
6.9 3.8 3.8 3.8 3.8 3.8 2.7 2.7 2.7 2.8 4.9 4.9 7.0 7.0 3.8 3.8 3.8 3.8 2.6 2.7 2.7 4.8 4.7 4.3 7.0 7.0 7.0 7.0 18/03/1991
1.9 1.9 1.9 1.9 1.9 1.9 8.9 9.0 9.1 9.2 17.0 17.0 2.0 2.0 1.9 1.9 1.9 1.9 8.8 8.9 9.0 16.6 16.5 0.7 1.9 1.9 2.0 2.0 19/03/1991
4.2 2.3 2.4 2.3 2.4 2.4 2.1 2.2 2.2 2.2 7.3 7.3 4.2 4.2 2.4 2.4 2.4 2.4 2.1 2.1 2.2 7.2 7.1 2.8 4.2 4.2 4.2 4.2 20/03/1991
0.1 0.1 0.1 0.1 0.1 0.1 21.2 21.5 21.8 22.0 14.7 14.8 0.1 0.1 0.1 0.1 0.1 0.1 20.9 21.3 21.4 14.4 14.3 0.1 0.1 0.1 0.1 0.1 21/03/1991
2.4 0.2 0.2 0.2 0.2 0.1 1.9 1.9 2.0 2.0 1.1 1.1 2.4 2.4 0.1 0.1 0.1 0.1 1.9 1.9 1.9 1.0 1.0 3.0 2.4 2.4 2.4 2.4 22/03/1991
1.4 0.9 0.9 0.9 0.9 0.9 1.0 1.0 1.0 1.0 0.0 0.0 1.4 1.4 0.9 0.9 0.9 0.9 0.9 1.0 1.0 0.0 0.0 0.7 1.4 1.4 1.4 1.4 23/03/1991
0.0 0.0 0.0 0.0 0.0 0.0 0.0 0.0 0.0 0.0 0.0 0.0 0.0 0.0 0.0 0.0 0.0 0.0 0.0 0.0 0.0 0.0 0.0 0.0 0.0 0.0 0.0 0.0 24/03/1991
0.0 0.0 0.0 0.0 0.0 0.0 2.0 2.0 2.1 2.1 0.1 0.1 0.0 0.0 0.0 0.0 0.0 0.0 2.0 2.0 2.0 0.1 0.1 0.0 0.0 0.0 0.0 0.0 25/03/1991
0.0 0.0 0.0 0.0 0.0 0.0 0.0 0.0 0.0 0.0 0.0 0.0 0.0 0.0 0.0 0.0 0.0 0.0 0.0 0.0 0.0 0.0 0.0 0.0 0.0 0.0 0.0 0.0 26/03/1991
0.0 0.0 0.0 0.0 0.0 0.0 0.0 0.0 0.0 0.0 0.0 0.0 0.0 0.0 0.0 0.0 0.0 0.0 0.0 0.0 0.0 0.0 0.0 0.0 0.0 0.0 0.0 0.0 27/03/1991
0.0 0.0 0.0 0.0 0.0 0.0 0.0 0.0 0.0 0.0 0.0 0.0 0.0 0.0 0.0 0.0 0.0 0.0 0.0 0.0 0.0 0.0 0.0 0.0 0.0 0.0 0.0 0.0 28/03/1991
0.0 0.0 0.0 0.0 0.0 0.0 0.0 0.0 0.0 0.0 0.0 0.0 0.0 0.0 0.0 0.0 0.0 0.0 0.0 0.0 0.0 0.0 0.0 0.0 0.0 0.0 0.0 0.0 29/03/1991
0.0 0.0 0.0 0.0 0.0 0.0 0.0 0.0 0.0 0.0 0.0 0.0 0.0 0.0 0.0 0.0 0.0 0.0 0.0 0.0 0.0 0.0 0.0 0.0 0.0 0.0 0.0 0.0 30/03/1991
0.0 0.0 0.0 0.0 0.0 0.0 0.0 0.0 0.0 0.0 0.0 0.0 0.0 0.0 0.0 0.0 0.0 0.0 0.0 0.0 0.0 0.0 0.0 0.0 0.0 0.0 0.0 0.0 31/03/1991
0.0 0.0 0.0 0.0 0.0 0.0 0.0 0.0 0.0 0.0 0.0 0.0 0.0 0.0 0.0 0.0 0.0 0.0 0.0 0.0 0.0 0.0 0.0 0.0 0.0 0.0 0.0 0.0 01/04/1991
2.3 2.5 2.5 2.5 2.5 2.5 0.6 0.6 0.6 0.6 0.0 0.0 2.3 2.3 2.5 2.5 2.5 2.5 0.6 0.6 0.6 0.0 0.0 4.0 2.3 2.3 2.3 2.3 02/04/1991
1.9 1.1 1.1 1.1 1.1 1.1 4.7 4.8 4.8 4.9 2.9 2.9 2.0 2.0 1.1 1.1 1.1 1.1 4.7 4.7 4.8 2.9 2.8 1.3 2.0 2.0 2.0 2.0 03/04/1991
4.7 6.8 6.8 6.8 6.8 6.8 4.5 4.6 4.6 4.6 6.2 6.2 4.8 4.8 6.9 6.9 6.9 6.9 4.5 4.5 4.5 6.1 6.0 4.1 4.8 4.8 4.8 4.8 04/04/1991
2.0 1.7 1.7 1.7 1.7 1.7 1.3 1.3 1.3 1.3 1.2 1.2 2.1 2.1 1.7 1.7 1.7 1.7 1.3 1.3 1.3 1.2 1.2 1.3 2.0 2.0 2.1 2.1 05/04/1991
2.3 2.1 2.1 2.1 2.1 2.1 2.0 2.1 2.1 2.1 2.2 2.2 2.4 2.4 2.2 2.2 2.2 2.2 2.0 2.0 2.1 2.1 2.1 1.0 2.3 2.3 2.4 2.4 06/04/1991
0.9 1.4 1.4 1.4 1.4 1.4 0.6 0.6 0.6 0.6 0.6 0.6 0.9 0.9 1.5 1.4 1.4 1.5 0.6 0.6 0.6 0.6 0.6 0.3 0.9 0.9 1.0 1.0 07/04/1991
0.0 0.0 0.0 0.0 0.0 0.0 0.0 0.0 0.0 0.0 0.2 0.2 0.0 0.0 0.0 0.0 0.0 0.0 0.0 0.0 0.0 0.2 0.2 0.0 0.0 0.0 0.0 0.0 08/04/1991
0.0 0.0 0.0 0.0 0.0 0.0 0.0 0.0 0.0 0.0 0.0 0.0 0.0 0.0 0.0 0.0 0.0 0.0 0.0 0.0 0.0 0.0 0.0 0.0 0.0 0.0 0.0 0.0 09/04/1991
0.0 0.0 0.0 0.0 0.0 0.0 0.0 0.0 0.0 0.0 0.0 0.0 0.0 0.0 0.0 0.0 0.0 0.0 0.0 0.0 0.0 0.0 0.0 0.0 0.0 0.0 0.0 0.0 10/04/1991
0.0 0.0 0.0 0.0 0.0 0.0 0.0 0.0 0.0 0.0 0.0 0.0 0.0 0.0 0.0 0.0 0.0 0.0 0.0 0.0 0.0 0.0 0.0 0.0 0.0 0.0 0.0 0.0 11/04/1991
0.0 0.0 0.0 0.0 0.0 0.0 0.0 0.0 0.0 0.0 0.0 0.0 0.0 0.0 0.0 0.0 0.0 0.0 0.0 0.0 0.0 0.0 0.0 0.8 0.0 0.0 0.0 0.0 12/04/1991
0.1 0.4 0.4 0.4 0.4 0.4 0.0 0.0 0.0 0.0 0.0 0.0 0.1 0.1 0.4 0.4 0.4 0.4 0.0 0.0 0.0 0.0 0.0 0.3 0.1 0.1 0.1 0.1 13/04/1991
0.0 0.0 0.0 0.0 0.0 0.0 1.3 1.3 1.4 1.4 1.4 1.4 0.0 0.0 0.0 0.0 0.0 0.0 1.3 1.3 1.3 1.4 1.4 0.1 0.0 0.0 0.0 0.0 14/04/1991
0.0 0.0 0.0 0.0 0.0 0.0 0.0 0.0 0.0 0.0 0.0 0.0 0.0 0.0 0.0 0.0 0.0 0.0 0.0 0.0 0.0 0.0 0.0 0.0 0.0 0.0 0.0 0.0 15/04/1991
2.3 0.1 0.1 0.1 0.1 0.1 0.0 0.0 0.0 0.0 0.0 0.0 2.3 2.3 0.1 0.1 0.1 0.1 0.0 0.0 0.0 0.0 0.0 2.0 2.3 2.3 2.3 2.3 16/04/1991
1.2 1.7 1.7 1.7 1.7 1.7 1.5 1.4 1.4 1.4 1.1 1.1 1.2 1.2 1.7 1.7 1.7 1.7 1.5 1.5 1.5 1.1 1.1 0.9 1.2 1.2 1.2 1.2 17/04/1991
5.5 8.1 8.1 8.1 8.1 8.1 2.6 2.6 2.6 2.7 1.7 1.7 5.6 5.6 8.2 8.2 8.2 8.2 2.5 2.6 2.6 1.7 1.7 3.6 5.5 5.5 5.6 5.6 18/04/1991
3.7 5.0 4.7 4.9 4.9 4.6 0.4 0.4 0.4 0.4 0.4 0.4 3.7 3.7 4.2 4.3 4.3 4.2 0.3 0.4 0.4 0.4 0.4 3.2 3.7 3.7 3.7 3.7 19/04/1991
4.5 1.5 1.4 1.5 1.4 1.4 0.0 0.0 0.0 0.0 0.0 0.0 4.6 4.6 1.2 1.2 1.2 1.2 0.0 0.0 0.0 0.0 0.0 0.2 4.5 4.5 4.6 4.6 20/04/1991
5.9 4.6 4.6 4.6 4.6 4.6 1.3 1.3 1.3 1.3 0.3 0.3 5.9 5.9 4.7 4.7 4.7 4.7 1.3 1.3 1.3 0.2 0.2 5.2 5.9 5.9 5.9 6.0 21/04/1991
0.3 0.6 0.6 0.6 0.6 0.6 3.3 3.4 3.4 3.4 4.1 4.0 0.3 0.3 0.6 0.6 0.6 0.6 3.3 3.3 3.4 4.4 4.5 2.8 0.3 0.3 0.3 0.3 22/04/1991
0.0 0.0 0.0 0.0 0.0 0.0 0.1 0.1 0.1 0.1 0.4 0.5 0.0 0.0 0.0 0.0 0.0 0.0 0.1 0.1 0.1 0.4 0.4 0.0 0.0 0.0 0.0 0.0 23/04/1991
0.0 0.0 0.0 0.0 0.0 0.0 0.0 0.0 0.0 0.0 0.0 0.0 0.0 0.0 0.0 0.0 0.0 0.0 0.0 0.0 0.0 0.0 0.0 0.0 0.0 0.0 0.0 0.0 24/04/1991
0.0 0.0 0.0 0.0 0.0 0.0 0.0 0.0 0.0 0.0 0.0 0.0 0.0 0.0 0.0 0.0 0.0 0.0 0.0 0.0 0.0 0.0 0.0 0.0 0.0 0.0 0.0 0.0 25/04/1991
0.0 0.0 0.0 0.0 0.0 0.0 0.0 0.0 0.0 0.0 0.0 0.0 0.0 0.0 0.0 0.0 0.0 0.0 0.0 0.0 0.0 0.0 0.0 0.0 0.0 0.0 0.0 0.0 26/04/1991
0.8 1.6 1.6 1.6 1.6 1.6 0.0 0.0 0.0 0.0 0.0 0.0 0.8 0.8 1.7 1.7 1.7 1.7 0.0 0.0 0.0 0.0 0.0 0.0 0.8 0.8 0.8 0.8 27/04/1991
0.0 0.0 0.0 0.0 0.0 0.0 0.0 0.0 0.0 0.0 0.2 0.2 0.0 0.0 0.0 0.0 0.0 0.0 0.0 0.0 0.0 0.2 0.2 0.0 0.0 0.0 0.0 0.0 28/04/1991
17.6 17.3 17.4 17.3 17.3 17.4 13.0 13.2 13.4 13.5 13.7 13.7 17.8 17.8 17.5 17.5 17.5 17.5 12.9 13.1 13.2 13.4 13.3 12.5 17.7 17.7 17.9 17.9 29/04/1991
4.9 6.6 6.6 6.6 6.6 6.6 13.2 13.4 13.5 13.7 14.3 14.4 4.9 4.9 6.7 6.7 6.7 6.7 13.0 13.2 13.3 14.0 13.9 3.9 4.9 4.9 4.9 4.9 30/04/1991
0.6 1.7 1.7 1.7 1.7 1.7 0.0 0.0 0.0 0.0 0.0 0.0 0.6 0.6 1.8 1.8 1.8 1.8 0.0 0.0 0.0 0.0 0.0 0.3 0.6 0.6 0.6 0.6 01/05/1991
0.5 1.3 1.3 1.3 1.3 1.3 0.0 0.0 0.0 0.0 0.3 0.3 0.5 0.5 1.4 1.4 1.4 1.4 0.0 0.0 0.0 0.3 0.3 1.3 0.5 0.5 0.5 0.5 02/05/1991
2.3 1.7 1.7 1.7 1.7 1.7 1.2 1.2 1.2 1.2 1.2 1.2 2.3 2.3 1.7 1.7 1.7 1.7 1.1 1.2 1.2 1.2 1.2 0.4 2.3 2.3 2.3 2.3 03/05/1991
10.5 7.6 7.7 7.6 7.7 7.7 1.6 1.6 1.6 1.6 0.1 0.1 10.6 10.6 7.8 7.7 7.7 7.7 1.5 1.6 1.6 0.1 0.1 5.1 10.6 10.6 10.7 10.7 04/05/1991
16.3 17.3 17.4 17.3 17.3 17.4 1.0 1.0 1.1 1.1 0.1 0.1 16.5 16.5 17.6 17.6 17.6 17.6 1.0 1.0 1.0 0.1 0.1 13.2 16.4 16.4 16.5 16.6 05/05/1991
0.0 5.3 5.4 5.3 5.3 5.4 3.8 3.9 3.9 4.0 2.3 2.3 0.0 0.0 5.4 5.4 5.4 5.4 3.8 3.9 3.9 2.3 2.3 0.0 0.0 0.0 0.0 0.0 06/05/1991
0.0 0.8 0.8 0.8 0.8 0.8 0.4 0.4 0.4 0.4 2.3 2.3 0.0 0.0 0.8 0.8 0.8 0.8 0.3 0.4 0.4 2.2 2.2 0.0 0.0 0.0 0.0 0.0 07/05/1991
0.0 1.7 1.8 1.7 1.7 1.8 0.2 0.2 0.2 0.2 0.1 0.1 0.0 0.0 1.8 1.8 1.8 1.8 0.2 0.2 0.2 0.1 0.1 0.0 0.0 0.0 0.0 0.0 08/05/1991
0.0 0.0 0.0 0.0 0.0 0.0 0.0 0.0 0.0 0.0 0.0 0.0 0.0 0.0 0.0 0.0 0.0 0.0 0.0 0.0 0.0 0.0 0.0 0.0 0.0 0.0 0.0 0.0 09/05/1991
0.0 0.0 0.0 0.0 0.0 0.0 0.0 0.0 0.0 0.0 0.0 0.0 0.0 0.0 0.0 0.0 0.0 0.0 0.0 0.0 0.0 0.0 0.0 0.0 0.0 0.0 0.0 0.0 10/05/1991
0.1 0.3 0.3 0.3 0.3 0.3 0.0 0.0 0.0 0.0 0.0 0.0 0.1 0.1 0.3 0.3 0.3 0.3 0.0 0.0 0.0 0.0 0.0 0.0 0.1 0.1 0.1 0.1 11/05/1991
0.0 0.0 0.0 0.0 0.0 0.0 0.0 0.0 0.0 0.0 0.0 0.0 0.0 0.0 0.0 0.0 0.0 0.0 0.0 0.0 0.0 0.0 0.0 0.0 0.0 0.0 0.0 0.0 12/05/1991
0.2 0.2 0.2 0.2 0.2 0.2 0.0 0.0 0.0 0.0 0.1 0.1 0.2 0.2 0.2 0.2 0.2 0.2 0.0 0.0 0.0 0.1 0.1 0.2 0.2 0.2 0.2 0.2 13/05/1991
0.7 0.5 0.5 0.5 0.5 0.5 3.2 3.2 3.3 3.3 2.4 2.4 0.7 0.7 0.6 0.6 0.6 0.6 3.1 3.2 3.2 2.4 2.4 0.9 0.7 0.7 0.7 0.7 14/05/1991
0.4 0.8 0.8 0.8 0.8 0.8 3.4 3.4 3.5 3.5 2.5 2.5 0.4 0.4 0.8 0.8 0.8 0.8 3.3 3.4 3.4 2.5 2.5 0.0 0.4 0.4 0.4 0.4 15/05/1991
2.3 2.6 2.6 2.6 2.6 2.7 0.9 0.9 0.9 0.9 1.2 1.2 2.4 2.4 2.7 2.7 2.7 2.7 0.9 0.9 0.9 1.2 1.2 1.0 2.4 2.4 2.4 2.4 16/05/1991
0.6 0.3 0.3 0.3 0.3 0.3 0.2 0.2 0.2 0.2 0.4 0.4 0.6 0.6 0.3 0.3 0.3 0.3 0.2 0.2 0.2 0.4 0.4 0.8 0.6 0.6 0.6 0.6 17/05/1991
0.0 0.0 0.0 0.0 0.0 0.0 0.0 0.0 0.0 0.0 0.0 0.0 0.0 0.0 0.0 0.0 0.0 0.0 0.0 0.0 0.0 0.0 0.0 0.0 0.0 0.0 0.0 0.0 18/05/1991
0.0 0.0 0.0 0.0 0.0 0.0 0.0 0.0 0.0 0.0 0.0 0.0 0.0 0.0 0.0 0.0 0.0 0.0 0.0 0.0 0.0 0.0 0.0 0.1 0.0 0.0 0.0 0.0 19/05/1991
0.0 0.0 0.0 0.0 0.0 0.0 0.0 0.0 0.0 0.0 0.0 0.0 0.0 0.0 0.0 0.0 0.0 0.0 0.0 0.0 0.0 0.0 0.0 0.0 0.0 0.0 0.0 0.0 20/05/1991
0.0 0.0 0.0 0.0 0.0 0.0 0.0 0.0 0.0 0.0 0.0 0.0 0.0 0.0 0.0 0.0 0.0 0.0 0.0 0.0 0.0 0.0 0.0 0.0 0.0 0.0 0.0 0.0 21/05/1991
0.0 0.0 0.0 0.0 0.0 0.0 0.0 0.0 0.0 0.0 0.0 0.0 0.0 0.0 0.0 0.0 0.0 0.0 0.0 0.0 0.0 0.0 0.0 0.0 0.0 0.0 0.0 0.0 22/05/1991
0.0 0.0 0.0 0.0 0.0 0.0 0.0 0.0 0.0 0.0 0.0 0.0 0.0 0.0 0.0 0.0 0.0 0.0 0.0 0.0 0.0 0.0 0.0 0.0 0.0 0.0 0.0 0.0 23/05/1991
0.0 0.0 0.0 0.0 0.0 0.0 0.0 0.0 0.0 0.0 0.0 0.0 0.0 0.0 0.0 0.0 0.0 0.0 0.0 0.0 0.0 0.0 0.0 0.0 0.0 0.0 0.0 0.0 24/05/1991
0.0 0.0 0.0 0.0 0.0 0.0 0.0 0.0 0.0 0.0 0.0 0.0 0.0 0.0 0.0 0.0 0.0 0.0 0.0 0.0 0.0 0.0 0.0 0.0 0.0 0.0 0.0 0.0 25/05/1991
0.0 0.0 0.0 0.0 0.0 0.0 0.0 0.0 0.0 0.0 0.0 0.0 0.0 0.0 0.0 0.0 0.0 0.0 0.0 0.0 0.0 0.0 0.0 0.0 0.0 0.0 0.0 0.0 26/05/1991
0.0 0.0 0.0 0.0 0.0 0.0 0.0 0.0 0.0 0.0 0.0 0.0 0.0 0.0 0.0 0.0 0.0 0.0 0.0 0.0 0.0 0.0 0.0 0.0 0.0 0.0 0.0 0.0 27/05/1991
0.0 0.0 0.0 0.0 0.0 0.0 0.0 0.0 0.0 0.0 0.0 0.0 0.0 0.0 0.0 0.0 0.0 0.0 0.0 0.0 0.0 0.0 0.0 0.0 0.0 0.0 0.0 0.0 28/05/1991
0.0 0.0 0.0 0.0 0.0 0.0 0.0 0.0 0.0 0.0 0.0 0.0 0.0 0.0 0.0 0.0 0.0 0.0 0.0 0.0 0.0 0.0 0.0 0.0 0.0 0.0 0.0 0.0 29/05/1991
0.0 0.0 0.0 0.0 0.0 0.0 0.0 0.0 0.0 0.0 0.0 0.0 0.0 0.0 0.0 0.0 0.0 0.0 0.0 0.0 0.0 0.0 0.0 0.0 0.0 0.0 0.0 0.0 30/05/1991
0.0 0.0 0.0 0.0 0.0 0.0 0.0 0.0 0.0 0.0 0.0 0.0 0.0 0.0 0.0 0.0 0.0 0.0 0.0 0.0 0.0 0.0 0.0 0.0 0.0 0.0 0.0 0.0 31/05/1991
0.0 0.0 0.0 0.0 0.0 0.0 0.0 0.0 0.0 0.0 0.0 0.0 0.0 0.0 0.0 0.0 0.0 0.0 0.0 0.0 0.0 0.0 0.0 0.0 0.0 0.0 0.0 0.0 01/06/1991
0.0 0.0 0.0 0.0 0.0 0.0 0.0 0.0 0.0 0.0 0.0 0.0 0.0 0.0 0.0 0.0 0.0 0.0 0.0 0.0 0.0 0.0 0.0 0.0 0.0 0.0 0.0 0.0 02/06/1991
0.2 1.1 1.1 1.1 1.1 1.1 1.1 1.1 1.1 1.1 0.5 0.5 0.2 0.2 1.1 1.1 1.1 1.1 1.1 1.1 1.1 0.5 0.5 0.0 0.2 0.2 0.2 0.2 03/06/1991
0.0 0.0 0.0 0.0 0.0 0.0 0.6 0.6 0.6 0.6 0.7 0.7 0.0 0.0 0.0 0.0 0.0 0.0 0.6 0.6 0.6 0.7 0.7 0.0 0.0 0.0 0.0 0.0 04/06/1991
10.9 6.7 6.7 6.7 6.7 6.7 2.4 2.4 2.4 2.4 2.4 2.4 11.0 11.0 6.8 6.8 6.8 6.8 2.3 2.4 2.4 2.4 2.3 8.1 11.0 11.0 11.0 11.1 05/06/1991
2.6 3.9 3.9 3.9 3.9 3.9 9.3 9.4 9.5 9.6 12.7 12.7 2.6 2.6 4.0 4.0 4.0 4.0 9.1 9.3 9.3 12.4 12.3 1.7 2.6 2.6 2.6 2.6 06/06/1991
2.4 1.9 1.9 1.9 1.9 1.9 5.9 6.0 6.1 6.1 7.9 7.9 2.4 2.4 1.9 1.9 1.9 1.9 5.9 6.0 6.0 7.7 7.7 3.6 2.4 2.4 2.4 2.4 07/06/1991
1.4 2.1 2.1 2.1 2.1 2.1 1.9 1.9 2.0 2.0 2.1 2.1 1.4 1.4 2.1 2.1 2.1 2.1 1.9 1.9 1.9 2.1 2.0 1.2 1.4 1.4 1.4 1.4 08/06/1991
7.3 5.8 5.8 5.8 5.8 5.8 8.1 8.2 8.2 8.3 10.0 10.0 7.4 7.4 5.9 5.8 5.8 5.8 8.0 8.1 8.1 9.8 9.7 5.0 7.3 7.3 7.4 7.4 09/06/1991
1.8 2.8 2.8 2.8 2.8 2.8 9.0 9.1 9.2 9.3 7.4 7.4 1.8 1.8 2.8 2.8 2.8 2.8 8.9 9.0 9.1 7.3 7.2 2.0 1.8 1.8 1.8 1.8 10/06/1991
1.0 0.4 0.4 0.4 0.4 0.4 0.5 0.5 0.5 0.5 0.0 0.0 1.0 1.0 0.4 0.4 0.4 0.4 0.5 0.5 0.5 0.0 0.0 0.0 1.0 1.0 1.0 1.0 11/06/1991
3.7 4.9 4.9 4.9 4.9 5.0 2.8 2.8 2.8 2.9 3.6 3.6 3.8 3.8 5.0 5.0 5.0 5.0 2.8 2.8 2.8 3.5 3.5 2.0 3.7 3.7 3.8 3.8 12/06/1991
1.3 1.8 1.8 1.8 1.8 1.8 3.5 3.5 3.6 3.6 3.9 3.9 1.3 1.3 1.8 1.8 1.8 1.8 3.4 3.5 3.5 3.8 3.8 2.0 1.3 1.3 1.3 1.3 13/06/1991
0.0 0.0 0.0 0.0 0.0 0.0 0.3 0.3 0.3 0.3 0.1 0.1 0.0 0.0 0.0 0.0 0.0 0.0 0.3 0.3 0.3 0.1 0.1 0.0 0.0 0.0 0.0 0.0 14/06/1991
1.1 2.9 2.9 2.9 2.9 2.9 2.5 2.5 2.5 2.5 1.6 1.6 1.1 1.1 2.9 2.9 2.9 2.9 2.5 2.5 2.5 1.6 1.5 0.4 1.1 1.1 1.1 1.1 15/06/1991
0.8 3.6 3.6 3.6 3.6 3.6 1.0 1.0 1.0 1.0 0.5 0.5 0.8 0.8 3.7 3.7 3.7 3.7 1.0 1.0 1.0 0.5 0.5 0.0 0.8 0.8 0.8 0.8 16/06/1991
4.3 2.9 2.9 2.9 2.9 2.9 2.2 2.2 2.3 2.3 0.9 0.9 4.3 4.3 2.9 2.9 2.9 2.9 2.2 2.2 2.2 0.9 0.9 0.0 4.3 4.3 4.3 4.3 17/06/1991
1.2 3.8 3.8 3.8 3.8 3.8 3.7 3.8 3.8 3.9 3.8 3.8 1.2 1.2 3.9 3.9 3.9 3.9 3.7 3.8 3.8 3.7 3.7 0.0 1.2 1.2 1.2 1.2 18/06/1991
19.1 13.1 13.2 13.1 13.2 13.2 8.3 8.4 8.5 8.6 6.8 6.8 19.4 19.4 13.3 13.3 13.3 13.3 8.2 8.3 8.4 6.6 6.6 15.5 19.3 19.3 19.4 19.5 19/06/1991
1.6 2.9 2.9 2.9 2.9 2.9 3.4 3.5 3.5 3.5 5.5 5.5 1.6 1.6 2.9 2.9 2.9 2.9 3.4 3.4 3.5 5.4 5.3 1.5 1.6 1.6 1.6 1.6 20/06/1991
19.6 10.5 10.5 10.5 10.5 10.6 1.4 1.4 1.4 1.4 1.4 1.4 19.8 19.8 10.7 10.6 10.6 10.6 1.4 1.4 1.4 1.4 1.4 13.7 19.7 19.7 19.8 19.9 21/06/1991
0.0 0.0 0.0 0.0 0.0 0.0 0.1 0.1 0.1 0.1 3.7 3.7 0.0 0.0 0.0 0.0 0.0 0.0 0.1 0.1 0.1 3.6 3.6 0.0 0.0 0.0 0.0 0.0 22/06/1991
1.9 1.0 1.0 1.0 1.0 1.0 0.5 0.5 0.5 0.5 2.8 2.8 1.9 1.9 1.0 1.0 1.0 1.0 0.5 0.5 0.5 2.7 2.7 0.9 1.9 1.9 1.9 1.9 23/06/1991
5.6 5.0 5.0 5.0 5.0 5.0 4.1 4.1 4.2 4.2 4.7 4.8 5.7 5.7 5.1 5.1 5.1 5.1 4.1 4.1 4.1 4.6 4.6 2.1 5.7 5.7 5.7 5.7 24/06/1991
11.9 11.6 11.6 11.6 11.6 11.6 6.8 6.9 7.0 7.0 5.0 5.0 12.1 12.1 11.8 11.7 11.7 11.8 6.7 6.8 6.8 4.9 4.8 8.7 12.0 12.0 12.1 12.1 25/06/1991
5.8 6.7 6.7 6.7 6.7 6.7 1.6 1.6 1.7 1.7 2.9 2.9 5.8 5.8 6.8 6.8 6.8 6.8 1.6 1.6 1.6 2.8 2.8 6.6 5.8 5.8 5.8 5.9 26/06/1991
2.8 3.6 3.6 3.6 3.6 3.6 4.9 4.9 5.0 5.0 9.2 9.2 2.8 2.8 3.6 3.6 3.6 3.6 4.8 4.9 4.9 9.0 8.9 0.2 2.8 2.8 2.8 2.8 27/06/1991
0.2 0.9 0.9 0.9 0.9 0.9 1.4 1.5 1.5 1.5 0.9 0.9 0.2 0.2 0.9 0.9 0.9 0.9 1.4 1.4 1.5 0.9 0.9 0.0 0.2 0.2 0.2 0.2 28/06/1991
0.0 0.0 0.0 0.0 0.0 0.0 0.0 0.0 0.0 0.0 0.0 0.0 0.0 0.0 0.0 0.0 0.0 0.0 0.0 0.0 0.0 0.0 0.0 0.0 0.0 0.0 0.0 0.0 29/06/1991
0.9 1.5 1.5 1.5 1.5 1.5 0.0 0.0 0.0 0.0 0.0 0.0 0.9 0.9 1.5 1.5 1.5 1.5 0.0 0.0 0.0 0.0 0.0 0.9 0.9 0.9 0.9 0.9 30/06/1991
2.6 3.3 3.4 3.3 3.4 3.4 2.3 2.3 2.3 2.4 0.2 0.2 2.6 2.6 3.4 3.4 3.4 3.4 2.3 2.3 2.3 0.2 0.2 8.6 2.6 2.6 2.6 2.6 01/07/1991
5.6 11.1 11.2 11.1 11.1 11.2 0.3 0.3 0.3 0.3 0.2 0.2 5.7 5.7 11.3 11.3 11.3 11.3 0.3 0.3 0.3 0.2 0.2 1.9 5.7 5.7 5.7 5.7 02/07/1991
0.0 0.0 0.0 0.0 0.0 0.0 0.6 0.6 0.6 0.6 0.7 0.7 0.0 0.0 0.0 0.0 0.0 0.0 0.6 0.6 0.6 0.7 0.6 0.0 0.0 0.0 0.0 0.0 03/07/1991
0.0 0.0 0.0 0.0 0.0 0.0 0.0 0.0 0.0 0.0 0.0 0.0 0.0 0.0 0.0 0.0 0.0 0.0 0.0 0.0 0.0 0.0 0.0 0.0 0.0 0.0 0.0 0.0 04/07/1991
11.8 9.6 9.7 9.6 9.6 9.7 0.0 0.0 0.0 0.0 0.0 0.0 11.9 11.9 9.8 9.8 9.7 9.8 0.0 0.0 0.0 0.0 0.0 13.6 11.8 11.8 11.9 12.0 05/07/1991
0.0 0.0 0.0 0.0 0.0 0.0 7.2 7.3 7.4 7.4 23.6 23.7 0.0 0.0 0.0 0.0 0.0 0.0 7.1 7.2 7.2 23.1 22.9 0.0 0.0 0.0 0.0 0.0 06/07/1991
1.8 0.1 0.1 0.1 0.1 0.1 4.3 4.4 4.4 4.5 0.5 0.5 1.8 1.8 0.1 0.1 0.1 0.1 4.3 4.3 4.4 0.5 0.5 0.0 1.8 1.8 1.8 1.8 07/07/1991
0.7 2.2 2.2 2.2 2.2 2.2 0.1 0.1 0.1 0.1 0.2 0.2 0.7 0.7 2.2 2.2 2.2 2.2 0.1 0.1 0.1 0.2 0.2 0.2 0.7 0.7 0.7 0.8 08/07/1991
0.0 0.0 0.0 0.0 0.0 0.0 0.0 0.0 0.0 0.0 0.0 0.0 0.0 0.0 0.0 0.0 0.0 0.0 0.0 0.0 0.0 0.0 0.0 0.0 0.0 0.0 0.0 0.0 09/07/1991
0.0 0.0 0.0 0.0 0.0 0.0 0.0 0.0 0.0 0.0 0.0 0.0 0.0 0.0 0.0 0.0 0.0 0.0 0.0 0.0 0.0 0.0 0.0 0.0 0.0 0.0 0.0 0.0 10/07/1991
0.0 0.0 0.0 0.0 0.0 0.0 0.0 0.0 0.0 0.0 0.0 0.0 0.0 0.0 0.0 0.0 0.0 0.0 0.0 0.0 0.0 0.0 0.0 0.0 0.0 0.0 0.0 0.0 11/07/1991
0.3 0.0 0.0 0.0 0.0 0.0 0.0 0.0 0.0 0.0 0.0 0.0 0.3 0.3 0.0 0.0 0.0 0.0 0.0 0.0 0.0 0.0 0.0 0.0 0.3 0.3 0.3 0.3 12/07/1991
12.5 18.7 18.8 18.7 18.7 18.8 15.1 15.3 15.5 15.6 17.9 18.0 12.6 12.6 19.0 18.9 18.9 19.0 14.9 15.1 15.2 17.5 17.4 13.2 12.6 12.6 12.7 12.7 13/07/1991
2.3 0.1 0.1 0.1 0.1 0.1 0.0 0.0 0.0 0.0 0.0 0.0 2.3 2.3 0.1 0.1 0.1 0.1 0.0 0.0 0.0 0.0 0.0 0.1 2.3 2.3 2.3 2.3 14/07/1991
0.8 0.9 0.9 0.9 0.9 0.9 0.0 0.0 0.0 0.0 0.0 0.0 0.8 0.8 0.9 0.9 0.9 0.9 0.0 0.0 0.0 0.0 0.0 0.7 0.8 0.8 0.8 0.8 15/07/1991
0.0 0.2 0.2 0.2 0.2 0.2 0.0 0.0 0.0 0.0 0.0 0.0 0.0 0.0 0.2 0.2 0.2 0.2 0.0 0.0 0.0 0.0 0.0 0.0 0.0 0.0 0.0 0.0 16/07/1991
0.1 0.0 0.0 0.0 0.0 0.0 0.0 0.0 0.0 0.0 0.0 0.0 0.1 0.1 0.0 0.0 0.0 0.0 0.0 0.0 0.0 0.0 0.0 0.0 0.1 0.1 0.1 0.1 17/07/1991
10.9 4.2 4.3 4.2 4.2 4.3 4.9 4.9 5.0 5.0 5.3 5.3 11.0 11.0 4.3 4.3 4.3 4.3 4.8 4.9 4.9 5.2 5.1 9.3 10.9 10.9 11.0 11.1 18/07/1991
0.5 0.2 0.2 0.2 0.2 0.2 0.0 0.0 0.0 0.0 0.0 0.0 0.5 0.5 0.2 0.2 0.2 0.2 0.0 0.0 0.0 0.0 0.0 0.6 0.5 0.5 0.5 0.5 19/07/1991
0.0 0.0 0.0 0.0 0.0 0.0 0.0 0.0 0.0 0.0 0.0 0.0 0.0 0.0 0.0 0.0 0.0 0.0 0.0 0.0 0.0 0.0 0.0 0.0 0.0 0.0 0.0 0.0 20/07/1991
0.0 0.0 0.0 0.0 0.0 0.0 0.0 0.0 0.0 0.0 0.0 0.0 0.0 0.0 0.0 0.0 0.0 0.0 0.0 0.0 0.0 0.0 0.0 0.0 0.0 0.0 0.0 0.0 21/07/1991
0.0 0.0 0.0 0.0 0.0 0.0 0.0 0.0 0.0 0.0 0.0 0.0 0.0 0.0 0.0 0.0 0.0 0.0 0.0 0.0 0.0 0.0 0.0 0.0 0.0 0.0 0.0 0.0 22/07/1991
12.0 7.3 7.3 7.3 7.3 7.3 0.6 0.6 0.6 0.6 0.4 0.4 12.2 12.2 7.4 7.4 7.4 7.4 0.6 0.6 0.6 0.4 0.4 13.3 12.1 12.1 12.2 12.2 23/07/1991
18.4 19.8 19.9 19.8 19.8 19.9 18.1 18.3 18.5 18.7 14.0 14.1 18.6 18.6 20.1 20.1 20.1 20.1 17.8 18.1 18.2 13.7 13.6 10.1 18.5 18.5 18.6 18.7 24/07/1991
7.2 8.9 8.9 8.9 8.9 8.9 4.5 4.6 4.6 4.7 9.1 9.1 7.3 7.3 9.0 9.0 9.0 9.0 4.5 4.5 4.6 8.9 8.8 2.4 7.2 7.2 7.3 7.3 25/07/1991
0.0 0.0 0.0 0.0 0.0 0.0 0.0 0.0 0.0 0.0 2.1 2.1 0.0 0.0 0.0 0.0 0.0 0.0 0.0 0.0 0.0 2.1 2.0 1.6 0.0 0.0 0.0 0.0 26/07/1991
0.0 0.0 0.0 0.0 0.0 0.0 0.0 0.0 0.0 0.0 0.0 0.0 0.0 0.0 0.0 0.0 0.0 0.0 0.0 0.0 0.0 0.0 0.0 0.0 0.0 0.0 0.0 0.0 27/07/1991
0.0 0.0 0.0 0.0 0.0 0.0 0.0 0.0 0.0 0.0 0.0 0.0 0.0 0.0 0.0 0.0 0.0 0.0 0.0 0.0 0.0 0.0 0.0 0.0 0.0 0.0 0.0 0.0 28/07/1991
2.9 0.5 0.5 0.5 0.5 0.5 0.0 0.0 0.0 0.0 0.0 0.0 2.9 2.9 0.5 0.5 0.5 0.5 0.0 0.0 0.0 0.0 0.0 0.2 2.9 2.9 2.9 2.9 29/07/1991
4.3 12.4 12.5 12.4 12.4 12.5 1.9 1.9 2.0 2.0 8.9 9.0 4.3 4.3 12.6 12.6 12.6 12.6 1.9 1.9 1.9 8.7 8.7 2.0 4.3 4.3 4.3 4.3 30/07/1991
11.0 0.0 0.0 0.0 0.0 0.0 0.0 0.0 0.0 0.0 0.0 0.0 11.1 11.1 0.0 0.0 0.0 0.0 0.0 0.0 0.0 0.0 0.0 1.6 11.1 11.1 11.1 11.2 31/07/1991
