# 460 461 462 463 464 465 489 490 491 492 493 494 518 519 520 521 522 523 547 548 549 550 551 575 576 577 578 579 Date
0.0 0.0 0.0 0.0 0.0 0.0 0.3 0.3 0.3 0.3 0.1 0.1 0.0 0.0 0.0 0.0 0.0 0.0 0.3 0.3 0.3 0.1 0.1 0.3 0.0 0.0 0.0 0.0 01/08/1968
0.6 2.5 2.5 2.5 2.5 2.5 0.1 0.1 0.1 0.1 0.0 0.0 0.6 0.6 2.5 2.5 2.5 2.5 0.1 0.1 0.1 0.0 0.0 1.4 0.6 0.6 0.6 0.6 02/08/1968
2.4 1.2 1.2 1.2 1.2 1.2 0.0 0.0 0.0 0.0 0.1 0.1 2.4 2.4 1.3 1.3 1.3 1.3 0.0 0.0 0.0 0.1 0.1 1.9 2.4 2.4 2.4 2.4 03/08/1968
0.2 0.1 0.1 0.1 0.1 0.1 0.2 0.2 0.2 0.2 0.9 0.9 0.2 0.2 0.1 0.1 0.1 0.1 0.2 0.2 0.2 0.9 0.9 0.1 0.2 0.2 0.2 0.2 04/08/1968
2.8 19.0 19.1 19.0 19.1 19.2 2.4 2.5 2.5 2.5 7.1 7.1 2.9 2.9 19.3 19.3 19.3 19.3 2.4 2.4 2.4 6.9 6.9 0.9 2.8 2.8 2.9 2.9 05/08/1968
26.9 34.8 35.0 34.8 34.8 35.0 12.3 12.5 12.7 12.8 14.7 14.7 27.2 27.2 35.3 35.3 35.3 35.3 12.2 12.4 12.5 14.4 14.3 19.3 27.0 27.0 27.2 27.4 06/08/1968
19.1 14.7 14.8 14.7 14.7 14.8 4.7 4.7 4.8 4.8 7.1 7.2 19.4 19.4 15.0 14.9 14.9 14.9 4.6 4.7 4.7 7.0 7.0 19.9 19.2 19.2 19.4 19.5 07/08/1968
4.0 0.1 0.1 0.1 0.1 0.1 0.0 0.0 0.0 0.0 0.1 0.1 4.0 4.0 0.1 0.1 0.1 0.1 0.0 0.0 0.0 0.1 0.1 14.1 4.0 4.0 4.0 4.1 08/08/1968
1.9 12.6 12.7 12.7 12.7 12.7 4.9 4.9 5.0 5.1 8.2 8.2 1.9 1.9 12.9 12.8 12.8 12.8 4.8 4.9 4.9 8.0 7.9 0.4 1.9 1.9 1.9 1.9 09/08/1968
1.5 0.5 0.5 0.5 0.5 0.5 3.3 3.3 3.3 3.4 4.8 4.9 1.5 1.5 0.5 0.5 0.5 0.5 3.2 3.3 3.3 4.7 4.7 0.1 1.5 1.5 1.5 1.5 10/08/1968
0.0 0.0 0.0 0.0 0.0 0.0 0.0 0.0 0.0 0.0 0.0 0.0 0.0 0.0 0.0 0.0 0.0 0.0 0.0 0.0 0.0 0.0 0.0 0.0 0.0 0.0 0.0 0.0 11/08/1968
3.7 4.3 4.4 4.3 4.3 4.4 0.0 0.0 0.0 0.0 0.0 0.0 3.8 3.8 4.4 4.4 4.4 4.4 0.0 0.0 0.0 0.0 0.0 1.8 3.7 3.7 3.8 3.8 12/08/1968
4.2 4.3 4.3 4.3 4.3 4.3 2.8 2.8 2.8 2.9 2.9 2.9 4.2 4.2 4.4 4.4 4.4 4.4 2.7 2.8 2.8 2.8 2.8 1.9 4.2 4.2 4.2 4.2 13/08/1968
2.0 4.1 4.1 4.1 4.1 4.1 3.1 3.2 3.2 3.2 4.7 4.7 2.0 2.0 4.1 4.1 4.1 4.1 3.1 3.1 3.2 4.6 4.6 0.3 2.0 2.0 2.0 2.0 14/08/1968
2.3 0.8 0.8 0.8 0.8 0.8 0.4 0.5 0.5 0.5 3.3 3.3 2.4 2.4 0.8 0.8 0.8 0.8 0.4 0.4 0.5 3.2 3.2 2.2 2.4 2.4 2.4 2.4 15/08/1968
3.1 3.8 3.8 3.8 3.8 3.8 1.6 1.6 1.6 1.6 2.4 2.4 3.1 3.1 3.8 3.8 3.8 3.8 1.6 1.6 1.6 2.4 2.4 3.7 3.1 3.1 3.1 3.2 16/08/1968
17.3 14.8 14.9 14.8 14.8 14.9 2.2 2.3 2.3 2.3 4.8 4.8 17.5 17.5 15.1 15.0 15.0 15.1 2.2 2.2 2.2 4.7 4.7 8.4 17.4 17.4 17.6 17.6 17/08/1968
7.2 1.9 2.1 1.9 2.0 2.1 1.3 1.3 1.3 1.3 2.2 2.2 7.3 7.3 2.3 2.3 2.2 2.3 1.3 1.3 1.3 2.2 2.2 0.9 7.2 7.2 7.3 7.3 18/08/1968
0.0 0.0 0.0 0.0 0.0 0.0 0.0 0.0 0.0 0.0 0.0 0.0 0.0 0.0 0.0 0.0 0.0 0.0 0.0 0.0 0.0 0.0 0.0 0.0 0.0 0.0 0.0 0.0 19/08/1968
0.0 0.0 0.0 0.0 0.0 0.0 0.0 0.0 0.0 0.0 0.0 0.0 0.0 0.0 0.0 0.0 0.0 0.0 0.0 0.0 0.0 0.0 0.0 0.0 0.0 0.0 0.0 0.0 20/08/1968
0.0 0.0 0.0 0.0 0.0 0.0 0.0 0.0 0.0 0.0 0.0 0.0 0.0 0.0 0.0 0.0 0.0 0.0 0.0 0.0 0.0 0.0 0.0 0.0 0.0 0.0 0.0 0.0 21/08/1968
0.0 0.0 0.0 0.0 0.0 0.0 0.0 0.0 0.0 0.0 0.0 0.0 0.0 0.0 0.0 0.0 0.0 0.0 0.0 0.0 0.0 0.0 0.0 0.0 0.0 0.0 0.0 0.0 22/08/1968
0.0 0.0 0.0 0.0 0.0 0.0 0.0 0.0 0.0 0.0 0.0 0.0 0.0 0.0 0.0 0.0 0.0 0.0 0.0 0.0 0.0 0.0 0.0 0.0 0.0 0.0 0.0 0.0 23/08/1968
0.0 0.0 0.0 0.0 0.0 0.0 0.0 0.0 0.0 0.0 0.0 0.0 0.0 0.0 0.0 0.0 0.0 0.0 0.0 0.0 0.0 0.0 0.0 0.0 0.0 0.0 0.0 0.0 24/08/1968
0.0 0.0 0.0 0.0 0.0 0.0 0.0 0.0 0.0 0.0 1.0 1.0 0.0 0.0 0.0 0.0 0.0 0.0 0.0 0.0 0.0 1.0 1.0 0.0 0.0 0.0 0.0 0.0 25/08/1968
0.0 0.0 0.0 0.0 0.0 0.0 0.0 0.0 0.0 0.0 0.4 0.4 0.0 0.0 0.0 0.0 0.0 0.0 0.0 0.0 0.0 0.4 0.3 0.0 0.0 0.0 0.0 0.0 26/08/1968
0.0 0.0 0.0 0.0 0.0 0.0 0.4 0.4 0.4 0.4 0.8 0.8 0.0 0.0 0.0 0.0 0.0 0.0 0.4 0.4 0.4 0.7 0.7 0.0 0.0 0.0 0.0 0.0 27/08/1968
5.4 22.4 22.5 22.4 22.4 22.5 10.4 10.6 10.7 10.8 6.0 6.0 5.4 5.4 22.7 22.7 22.7 22.7 10.3 10.5 10.5 5.9 5.8 0.5 5.4 5.4 5.4 5.5 28/08/1968
2.7 5.0 5.1 5.0 5.1 5.1 1.1 1.1 1.2 1.2 0.2 0.2 2.7 2.7 5.1 5.1 5.1 5.1 1.1 1.1 1.1 0.2 0.2 1.9 2.7 2.7 2.7 2.7 29/08/1968
2.8 1.3 1.3 1.3 1.3 1.3 5.5 5.5 5.6 5.7 2.8 2.8 2.8 2.8 1.3 1.3 1.3 1.3 5.4 5.5 5.5 2.8 2.7 0.1 2.8 2.8 2.8 2.9 30/08/1968
2.7 3.5 3.5 3.5 3.5 3.5 2.4 2.4 2.4 2.5 0.1 0.1 2.8 2.8 3.5 3.5 3.5 3.5 2.3 2.4 2.4 0.1 0.1 2.2 2.8 2.8 2.8 2.8 31/08/1968
5.1 1.7 1.7 1.7 1.7 1.7 4.1 4.2 4.2 4.3 4.2 4.2 5.2 5.2 1.7 1.7 1.7 1.7 4.1 4.1 4.2 4.1 4.1 4.8 5.2 5.2 5.2 5.2 01/09/1968
2.8 6.0 6.0 6.0 6.0 6.0 3.3 3.3 3.3 3.4 0.2 0.2 2.9 2.9 6.1 6.0 6.0 6.1 3.2 3.3 3.3 0.1 0.1 4.6 2.9 2.9 2.9 2.9 02/09/1968
0.2 3.9 4.0 3.9 3.9 4.0 8.6 8.7 8.8 8.9 3.6 3.6 0.2 0.2 4.0 4.0 4.0 4.0 8.5 8.7 8.7 3.5 3.5 1.1 0.2 0.2 0.2 0.3 03/09/1968
2.1 0.1 0.1 0.1 0.1 0.1 9.5 9.6 9.7 9.8 8.5 8.5 2.1 2.1 0.1 0.1 0.1 0.1 9.4 9.5 9.6 8.3 8.3 0.0 2.1 2.1 2.1 2.2 04/09/1968
0.0 0.0 0.0 0.0 0.0 0.0 0.0 0.0 0.0 0.0 0.0 0.0 0.0 0.0 0.0 0.0 0.0 0.0 0.0 0.0 0.0 0.0 0.0 0.0 0.0 0.0 0.0 0.0 05/09/1968
0.0 0.0 0.0 0.0 0.0 0.0 0.0 0.0 0.0 0.0 0.0 0.0 0.0 0.0 0.0 0.0 0.0 0.0 0.0 0.0 0.0 0.0 0.0 0.0 0.0 0.0 0.0 0.0 06/09/1968
0.0 0.0 0.0 0.0 0.0 0.0 0.0 0.0 0.0 0.0 0.0 0.0 0.0 0.0 0.0 0.0 0.0 0.0 0.0 0.0 0.0 0.0 0.0 0.0 0.0 0.0 0.0 0.0 07/09/1968
0.0 0.0 0.0 0.0 0.0 0.0 0.0 0.0 0.0 0.0 0.0 0.0 0.0 0.0 0.0 0.0 0.0 0.0 0.0 0.0 0.0 0.0 0.0 0.0 0.0 0.0 0.0 0.0 08/09/1968
0.0 1.3 1.3 1.3 1.3 1.3 0.0 0.0 0.0 0.0 0.0 0.0 0.0 0.0 1.3 1.3 1.3 1.3 0.0 0.0 0.0 0.0 0.0 0.0 0.0 0.0 0.0 0.0 09/09/1968
4.5 6.9 7.0 6.9 6.9 7.0 21.7 22.0 22.3 22.5 16.1 16.2 4.5 4.5 7.0 7.0 7.0 7.0 21.4 21.8 21.9 15.8 15.7 2.4 4.5 4.5 4.5 4.5 10/09/1968
1.1 0.0 0.0 0.0 0.0 0.0 4.8 4.9 5.0 5.0 7.7 7.7 1.1 1.1 0.0 0.0 0.0 0.0 4.8 4.9 4.9 7.5 7.5 0.0 1.1 1.1 1.1 1.1 11/09/1968
0.0 0.0 0.0 0.0 0.0 0.0 3.8 3.8 3.9 3.9 2.4 2.4 0.0 0.0 0.0 0.0 0.0 0.0 3.7 3.8 3.8 2.4 2.3 0.0 0.0 0.0 0.0 0.0 12/09/1968
5.5 1.2 1.2 1.2 1.2 1.2 0.0 0.0 0.0 0.0 0.0 0.0 5.6 5.6 1.2 1.2 1.2 1.2 0.0 0.0 0.0 0.0 0.0 2.9 5.6 5.6 5.6 5.6 13/09/1968
17.3 14.6 14.7 14.6 14.6 14.7 8.5 8.6 8.7 8.8 2.9 2.9 17.5 17.5 14.8 14.8 14.8 14.8 8.4 8.5 8.6 2.8 2.8 20.3 17.4 17.4 17.6 17.6 14/09/1968
3.9 0.0 0.0 0.0 0.0 0.0 5.9 6.0 6.1 6.1 4.3 4.3 4.0 4.0 0.0 0.0 0.0 0.0 5.8 5.9 6.0 4.2 4.2 0.0 4.0 4.0 4.0 4.0 15/09/1968
0.0 3.3 3.3 3.3 3.3 3.3 10.0 10.1 10.2 10.3 21.6 21.7 0.0 0.0 3.4 3.4 3.4 3.4 9.8 10.0 10.1 21.2 21.0 0.5 0.0 0.0 0.0 0.0 16/09/1968
0.4 2.3 2.3 2.3 2.3 2.3 11.9 12.0 12.1 12.2 12.8 12.8 0.4 0.4 2.3 2.3 2.3 2.3 11.7 11.9 11.9 12.5 12.4 0.0 0.4 0.4 0.4 0.4 17/09/1968
0.0 1.6 1.6 1.6 1.6 1.6 0.4 0.4 0.4 0.4 0.4 0.4 0.0 0.0 1.6 1.6 1.6 1.6 0.4 0.4 0.4 0.4 0.4 0.0 0.0 0.0 0.0 0.0 18/09/1968
2.2 3.0 3.0 3.0 3.0 3.0 3.2 3.2 3.2 3.3 1.7 1.8 2.2 2.2 3.0 3.0 3.0 3.0 3.1 3.2 3.2 1.7 1.7 2.1 2.2 2.2 2.2 2.2 19/09/1968
2.9 0.6 0.6 0.6 0.6 0.6 7.0 7.1 7.2 7.2 16.5 16.5 2.9 2.9 0.6 0.6 0.6 0.6 6.9 7.0 7.0 16.1 16.0 5.2 2.9 2.9 2.9 2.9 20/09/1968
1.1 0.5 0.5 0.5 0.5 0.5 2.4 2.4 2.4 2.5 2.4 2.4 1.1 1.1 0.5 0.5 0.5 0.5 2.3 2.4 2.4 2.4 2.4 0.2 1.1 1.1 1.1 1.1 21/09/1968
3.2 0.7 0.7 0.7 0.7 0.7 2.9 3.0 3.0 3.0 1.7 1.7 3.2 3.2 0.8 0.8 0.8 0.8 2.9 2.9 2.9 1.6 1.6 0.6 3.2 3.2 3.2 3.3 22/09/1968
5.1 4.2 4.2 4.2 4.2 4.2 13.2 13.3 13.5 13.6 8.9 8.9 5.1 5.1 4.3 4.3 4.3 4.3 13.0 13.2 13.3 8.7 8.7 3.5 5.1 5.1 5.1 5.2 23/09/1968
5.3 2.2 2.2 2.2 2.2 2.2 5.3 5.4 5.4 5.5 4.9 5.0 5.4 5.4 2.2 2.2 2.2 2.2 5.2 5.3 5.3 4.8 4.8 0.7 5.4 5.4 5.4 5.4 24/09/1968
5.8 7.1 7.1 7.1 7.1 7.2 0.6 0.6 0.6 0.6 0.1 0.1 5.8 5.8 7.2 7.2 7.2 7.2 0.6 0.6 0.6 0.1 0.1 5.8 5.8 5.8 5.9 5.9 25/09/1968
5.1 2.3 2.3 2.3 2.3 2.3 3.8 3.8 3.8 3.9 4.0 4.0 5.1 5.1 2.4 2.4 2.4 2.4 3.7 3.8 3.8 3.9 3.9 0.2 5.1 5.1 5.1 5.2 26/09/1968
0.4 0.7 0.7 0.7 0.7 0.8 0.0 0.0 0.0 0.0 0.0 0.0 0.4 0.4 0.8 0.8 0.8 0.8 0.0 0.0 0.0 0.0 0.0 0.4 0.4 0.4 0.4 0.4 27/09/1968
4.7 7.5 7.5 7.5 7.5 7.5 2.1 2.1 2.1 2.1 0.0 0.0 4.7 4.7 7.6 7.6 7.6 7.6 2.0 2.1 2.1 0.0 0.0 5.7 4.7 4.7 4.7 4.8 28/09/1968
4.9 6.7 6.8 6.7 6.7 6.8 15.8 16.0 16.2 16.4 19.7 19.7 5.0 5.0 6.8 6.8 6.8 6.8 15.6 15.8 15.9 19.3 19.1 1.8 4.9 4.9 5.0 5.0 29/09/1968
3.8 0.3 0.3 0.3 0.3 0.3 1.8 1.8 1.8 1.8 3.1 3.1 3.9 3.9 0.3 0.3 0.3 0.3 1.8 1.8 1.8 3.0 3.0 0.1 3.8 3.8 3.9 3.9 30/09/1968
0.1 0.0 0.0 0.0 0.0 0.0 0.3 0.3 0.3 0.3 1.4 1.4 0.1 0.1 0.0 0.0 0.0 0.0 0.3 0.3 0.3 1.4 1.4 0.0 0.1 0.1 0.1 0.1 01/10/1968
0.0 0.1 0.1 0.1 0.1 0.1 3.2 3.2 3.2 3.3 2.8 2.8 0.0 0.0 0.1 0.1 0.1 0.1 3.1 3.2 3.2 2.7 2.7 0.0 0.0 0.0 0.0 0.0 02/10/1968
0.0 0.1 0.1 0.1 0.1 0.1 2.6 2.7 2.7 2.7 2.4 2.4 0.0 0.0 0.1 0.1 0.1 0.1 2.6 2.6 2.7 2.4 2.3 0.0 0.0 0.0 0.0 0.0 03/10/1968
0.0 0.0 0.0 0.0 0.0 0.0 0.2 0.2 0.2 0.2 0.6 0.6 0.0 0.0 0.0 0.0 0.0 0.0 0.2 0.2 0.2 0.6 0.6 0.0 0.0 0.0 0.0 0.0 04/10/1968
0.0 0.0 0.0 0.0 0.0 0.0 0.0 0.0 0.0 0.0 0.0 0.0 0.0 0.0 0.0 0.0 0.0 0.0 0.0 0.0 0.0 0.0 0.0 0.0 0.0 0.0 0.0 0.0 05/10/1968
0.0 0.0 0.0 0.0 0.0 0.0 0.0 0.0 0.0 0.0 0.0 0.0 0.0 0.0 0.0 0.0 0.0 0.0 0.0 0.0 0.0 0.0 0.0 0.0 0.0 0.0 0.0 0.0 06/10/1968
6.2 4.2 4.2 4.2 4.2 4.2 0.1 0.1 0.1 0.1 0.4 0.4 6.2 6.2 4.3 4.3 4.3 4.3 0.1 0.1 0.1 0.4 0.4 5.3 6.2 6.2 6.2 6.3 07/10/1968
2.5 2.2 2.2 2.2 2.2 2.2 4.7 4.8 4.8 4.9 7.6 7.6 2.5 2.5 2.2 2.2 2.2 2.2 4.6 4.7 4.8 7.4 7.4 2.3 2.5 2.5 2.5 2.5 08/10/1968
4.7 1.5 1.5 1.5 1.5 1.5 4.3 4.3 4.4 4.4 4.5 4.5 4.8 4.8 1.5 1.5 1.5 1.5 4.2 4.3 4.3 4.4 4.4 3.5 4.7 4.7 4.8 4.8 09/10/1968
8.1 9.6 9.7 9.6 9.6 9.7 7.3 7.4 7.5 7.5 7.2 7.2 8.2 8.2 9.8 9.7 9.7 9.8 7.2 7.3 7.4 7.1 7.0 5.5 8.1 8.1 8.2 8.2 10/10/1968
7.0 4.8 4.8 4.8 4.8 4.9 7.1 7.1 7.2 7.3 6.5 6.5 7.1 7.1 4.9 4.9 4.9 4.9 7.0 7.1 7.1 6.4 6.3 5.3 7.1 7.1 7.1 7.1 11/10/1968
10.2 5.9 5.9 5.9 5.9 5.9 5.2 5.2 5.3 5.3 2.7 2.7 10.3 10.3 6.0 6.0 6.0 6.0 5.1 5.2 5.2 2.6 2.6 7.8 10.2 10.2 10.3 10.3 12/10/1968
3.1 1.7 1.7 1.7 1.7 1.7 1.4 1.4 1.5 1.5 2.4 2.4 3.1 3.1 1.7 1.7 1.7 1.7 1.4 1.4 1.4 2.3 2.3 4.1 3.1 3.1 3.1 3.1 13/10/1968
2.5 2.2 2.2 2.2 2.2 2.2 0.3 0.3 0.4 0.4 1.9 1.9 2.6 2.6 2.3 2.3 2.3 2.3 0.3 0.3 0.3 1.9 1.8 3.3 2.6 2.6 2.6 2.6 14/10/1968
0.7 0.0 0.0 0.0 0.0 0.0 0.0 0.0 0.0 0.0 0.0 0.0 0.7 0.7 0.0 0.0 0.0 0.0 0.0 0.0 0.0 0.0 0.0 0.5 0.7 0.7 0.7 0.7 15/10/1968
2.1 0.5 0.5 0.5 0.5 0.5 0.0 0.0 0.0 0.0 0.0 0.0 2.1 2.1 0.5 0.5 0.5 0.5 0.0 0.0 0.0 0.0 0.0 0.1 2.1 2.1 2.1 2.1 16/10/1968
0.0 0.0 0.0 0.0 0.0 0.0 0.0 0.0 0.0 0.0 0.0 0.0 0.0 0.0 0.0 0.0 0.0 0.0 0.0 0.0 0.0 0.0 0.0 0.0 0.0 0.0 0.0 0.0 17/10/1968
1.2 2.0 2.1 2.0 2.1 2.1 0.0 0.0 0.0 0.0 0.0 0.0 1.2 1.2 2.1 2.1 2.1 2.1 0.0 0.0 0.0 0.0 0.0 1.1 1.2 1.2 1.2 1.2 18/10/1968
0.0 0.4 0.4 0.4 0.4 0.4 0.0 0.0 0.0 0.0 0.0 0.0 0.0 0.0 0.4 0.4 0.4 0.4 0.0 0.0 0.0 0.0 0.0 0.0 0.0 0.0 0.0 0.0 19/10/1968
0.0 0.0 0.0 0.0 0.0 0.0 0.0 0.0 0.0 0.0 0.0 0.0 0.0 0.0 0.0 0.0 0.0 0.0 0.0 0.0 0.0 0.0 0.0 0.0 0.0 0.0 0.0 0.0 20/10/1968
0.0 0.0 0.0 0.0 0.0 0.0 0.0 0.0 0.0 0.0 0.0 0.0 0.0 0.0 0.0 0.0 0.0 0.0 0.0 0.0 0.0 0.0 0.0 0.0 0.0 0.0 0.0 0.0 21/10/1968
0.0 0.0 0.0 0.0 0.0 0.0 0.2 0.2 0.2 0.2 1.2 1.2 0.0 0.0 0.0 0.0 0.0 0.0 0.1 0.2 0.2 1.2 1.2 0.0 0.0 0.0 0.0 0.0 22/10/1968
0.0 0.0 0.0 0.0 0.0 0.0 0.0 0.0 0.0 0.0 0.0 0.0 0.0 0.0 0.0 0.0 0.0 0.0 0.0 0.0 0.0 0.0 0.0 0.0 0.0 0.0 0.0 0.0 23/10/1968
0.0 0.0 0.0 0.0 0.0 0.0 0.0 0.0 0.0 0.0 0.0 0.0 0.0 0.0 0.0 0.0 0.0 0.0 0.0 0.0 0.0 0.0 0.0 0.0 0.0 0.0 0.0 0.0 24/10/1968
0.2 0.0 0.0 0.0 0.0 0.0 0.1 0.1 0.1 0.1 0.0 0.0 0.2 0.2 0.0 0.0 0.0 0.0 0.1 0.1 0.1 0.0 0.0 0.1 0.2 0.2 0.2 0.2 25/10/1968
0.0 0.0 0.0 0.0 0.0 0.0 0.0 0.0 0.0 0.0 0.0 0.0 0.0 0.0 0.0 0.0 0.0 0.0 0.0 0.0 0.0 0.0 0.0 0.0 0.0 0.0 0.0 0.0 26/10/1968
0.0 0.0 0.0 0.0 0.0 0.0 0.0 0.0 0.0 0.0 0.0 0.0 0.0 0.0 0.0 0.0 0.0 0.0 0.0 0.0 0.0 0.0 0.0 0.0 0.0 0.0 0.0 0.0 27/10/1968
7.9 9.1 9.2 9.1 9.2 9.2 6.4 6.5 6.5 6.6 10.8 10.9 8.0 8.0 9.3 9.3 9.3 9.3 6.3 6.4 6.4 10.6 10.5 11.2 8.0 8.0 8.1 8.1 28/10/1968
0.0 0.0 0.0 0.0 0.0 0.0 0.0 0.0 0.0 0.0 0.0 0.0 0.0 0.0 0.0 0.0 0.0 0.0 0.0 0.0 0.0 0.0 0.0 0.0 0.0 0.0 0.0 0.0 29/10/1968
0.0 0.0 0.0 0.0 0.0 0.0 0.0 0.0 0.0 0.0 0.0 0.0 0.0 0.0 0.0 0.0 0.0 0.0 0.0 0.0 0.0 0.0 0.0 0.0 0.0 0.0 0.0 0.0 30/10/1968
4.7 7.0 7.1 7.0 7.0 7.1 0.0 0.0 0.0 0.0 0.0 0.0 4.7 4.7 7.1 7.1 7.1 7.1 0.0 0.0 0.0 0.0 0.0 5.9 4.7 4.7 4.7 4.8 31/10/1968
3.0 0.4 0.4 0.4 0.4 0.4 11.9 12.0 12.2 12.3 8.6 8.6 3.0 3.0 0.4 0.4 0.4 0.4 11.7 11.9 12.0 8.4 8.3 3.0 3.0 3.0 3.0 3.0 01/11/1968
5.3 3.5 3.6 3.5 3.5 3.6 1.9 1.9 1.9 1.9 2.3 2.3 5.3 5.3 3.6 3.6 3.6 3.6 1.9 1.9 1.9 2.2 2.2 3.4 5.3 5.3 5.3 5.4 02/11/1968
6.0 5.4 5.4 5.4 5.4 5.4 1.4 1.4 1.5 1.5 2.1 2.1 6.0 6.0 5.4 5.4 5.4 5.4 1.4 1.4 1.4 2.1 2.1 0.8 6.0 6.0 6.0 6.1 03/11/1968
0.6 2.1 2.1 2.1 2.1 2.1 0.0 0.0 0.0 0.0 0.0 0.0 0.6 0.6 2.1 2.1 2.1 2.1 0.0 0.0 0.0 0.0 0.0 0.0 0.6 0.6 0.6 0.6 04/11/1968
0.0 0.0 0.0 0.0 0.0 0.0 0.0 0.0 0.0 0.0 0.0 0.0 0.0 0.0 0.0 0.0 0.0 0.0 0.0 0.0 0.0 0.0 0.0 0.0 0.0 0.0 0.0 0.0 05/11/1968
0.0 0.0 0.0 0.0 0.0 0.0 0.0 0.0 0.0 0.0 0.0 0.0 0.0 0.0 0.0 0.0 0.0 0.0 0.0 0.0 0.0 0.0 0.0 0.0 0.0 0.0 0.0 0.0 06/11/1968
0.0 4.0 4.0 4.0 4.0 4.0 0.0 0.0 0.0 0.0 0.0 0.0 0.0 0.0 4.1 4.0 4.0 4.1 0.0 0.0 0.0 0.0 0.0 0.0 0.0 0.0 0.0 0.0 07/11/1968
1.7 0.0 0.0 0.0 0.0 0.0 0.0 0.0 0.0 0.0 0.0 0.0 1.7 1.7 0.0 0.0 0.0 0.0 0.0 0.0 0.0 0.0 0.0 4.3 1.7 1.7 1.7 1.7 08/11/1968
0.0 0.0 0.0 0.0 0.0 0.0 0.0 0.0 0.0 0.0 0.0 0.0 0.0 0.0 0.0 0.0 0.0 0.0 0.0 0.0 0.0 0.0 0.0 0.8 0.0 0.0 0.0 0.0 09/11/1968
0.0 0.0 0.0 0.0 0.0 0.0 0.0 0.0 0.0 0.0 0.0 0.0 0.0 0.0 0.0 0.0 0.0 0.0 0.0 0.0 0.0 0.0 0.0 0.0 0.0 0.0 0.0 0.0 10/11/1968
0.0 0.0 0.0 0.0 0.0 0.0 0.0 0.0 0.0 0.0 0.0 0.0 0.0 0.0 0.0 0.0 0.0 0.0 0.0 0.0 0.0 0.0 0.0 0.0 0.0 0.0 0.0 0.0 11/11/1968
0.0 0.0 0.0 0.0 0.0 0.0 0.0 0.0 0.0 0.0 0.0 0.0 0.0 0.0 0.0 0.0 0.0 0.0 0.0 0.0 0.0 0.0 0.0 0.0 0.0 0.0 0.0 0.0 12/11/1968
0.1 3.8 3.8 3.8 3.8 3.8 0.1 0.1 0.1 0.1 0.0 0.0 0.1 0.1 3.8 3.8 3.8 3.8 0.1 0.1 0.1 0.0 0.0 0.2 0.1 0.1 0.1 0.1 13/11/1968
0.0 0.0 0.0 0.0 0.0 0.0 0.0 0.0 0.0 0.0 0.0 0.0 0.0 0.0 0.0 0.0 0.0 0.0 0.0 0.0 0.0 0.0 0.0 0.0 0.0 0.0 0.0 0.0 14/11/1968
0.0 0.0 0.0 0.0 0.0 0.0 0.0 0.0 0.0 0.0 0.0 0.0 0.0 0.0 0.0 0.0 0.0 0.0 0.0 0.0 0.0 0.0 0.0 0.0 0.0 0.0 0.0 0.0 15/11/1968
0.0 0.0 0.0 0.0 0.0 0.0 0.0 0.0 0.0 0.0 0.0 0.0 0.0 0.0 0.0 0.0 0.0 0.0 0.0 0.0 0.0 0.0 0.0 0.1 0.0 0.0 0.0 0.0 16/11/1968
2.8 2.3 2.1 2.3 2.2 2.1 1.9 1.6 1.3 1.1 0.5 0.5 2.4 2.4 1.8 1.9 1.9 1.8 2.3 1.9 1.7 0.8 0.9 2.3 2.6 2.6 2.4 2.3 17/11/1968
2.8 2.1 2.1 2.1 2.1 2.1 2.0 2.0 2.0 2.0 1.9 1.8 2.8 2.8 2.1 2.1 2.1 2.1 2.0 2.0 2.0 2.0 2.1 1.1 2.8 2.8 2.8 2.8 18/11/1968
0.4 0.3 0.3 0.3 0.3 0.3 2.6 2.6 2.6 2.6 2.4 2.4 0.4 0.4 0.3 0.3 0.3 0.3 2.6 2.6 2.6 2.3 2.3 0.5 0.4 0.4 0.4 0.4 19/11/1968
0.0 0.0 0.0 0.0 0.0 0.0 0.2 0.2 0.2 0.2 0.0 0.0 0.0 0.0 0.0 0.0 0.0 0.0 0.2 0.2 0.2 0.0 0.0 0.0 0.0 0.0 0.0 0.0 20/11/1968
0.0 0.0 0.0 0.0 0.0 0.0 0.0 0.0 0.0 0.0 0.0 0.0 0.0 0.0 0.0 0.0 0.0 0.0 0.0 0.0 0.0 0.0 0.0 0.0 0.0 0.0 0.0 0.0 21/11/1968
0.2 0.4 0.4 0.4 0.4 0.4 0.0 0.0 0.0 0.0 0.0 0.0 0.2 0.2 0.4 0.4 0.4 0.4 0.0 0.0 0.0 0.0 0.0 0.3 0.2 0.2 0.2 0.2 22/11/1968
3.6 2.6 2.6 2.6 2.6 2.6 5.3 5.3 5.4 5.5 7.0 7.1 3.7 3.7 2.7 2.7 2.7 2.7 5.2 5.3 5.3 6.9 6.8 4.7 3.6 3.6 3.7 3.7 23/11/1968
1.5 0.2 0.2 0.2 0.2 0.2 0.8 0.9 0.9 0.9 0.2 0.2 1.5 1.5 0.2 0.2 0.2 0.2 0.8 0.8 0.8 0.2 0.2 1.4 1.5 1.5 1.5 1.5 24/11/1968
0.0 0.0 0.0 0.0 0.0 0.0 0.0 0.0 0.0 0.0 0.0 0.0 0.0 0.0 0.0 0.0 0.0 0.0 0.0 0.0 0.0 0.0 0.0 0.0 0.0 0.0 0.0 0.0 25/11/1968
0.0 0.0 0.0 0.0 0.0 0.0 0.0 0.0 0.0 0.0 0.0 0.0 0.0 0.0 0.0 0.0 0.0 0.0 0.0 0.0 0.0 0.0 0.0 0.0 0.0 0.0 0.0 0.0 26/11/1968
0.0 0.0 0.0 0.0 0.0 0.0 0.0 0.0 0.0 0.0 0.0 0.0 0.0 0.0 0.0 0.0 0.0 0.0 0.0 0.0 0.0 0.0 0.0 0.0 0.0 0.0 0.0 0.0 27/11/1968
0.0 0.0 0.0 0.0 0.0 0.0 0.0 0.0 0.0 0.0 0.0 0.0 0.0 0.0 0.0 0.0 0.0 0.0 0.0 0.0 0.0 0.0 0.0 0.0 0.0 0.0 0.0 0.0 28/11/1968
0.0 0.0 0.0 0.0 0.0 0.0 0.0 0.0 0.0 0.0 0.3 0.3 0.0 0.0 0.0 0.0 0.0 0.0 0.0 0.0 0.0 0.3 0.3 0.0 0.0 0.0 0.0 0.0 29/11/1968
4.2 2.2 2.2 2.2 2.2 2.2 1.5 1.5 1.5 1.5 0.7 0.7 4.3 4.3 2.2 2.2 2.2 2.2 1.5 1.5 1.5 0.7 0.7 1.6 4.3 4.3 4.3 4.3 30/11/1968
0.0 0.4 0.4 0.4 0.4 0.4 0.0 0.0 0.0 0.0 0.0 0.0 0.0 0.0 0.4 0.4 0.4 0.4 0.0 0.0 0.0 0.0 0.0 0.1 0.0 0.0 0.0 0.0 01/12/1968
0.0 0.0 0.0 0.0 0.0 0.0 0.0 0.0 0.0 0.0 0.0 0.0 0.0 0.0 0.0 0.0 0.0 0.0 0.0 0.0 0.0 0.0 0.0 0.0 0.0 0.0 0.0 0.0 02/12/1968
0.0 0.0 0.0 0.0 0.0 0.0 0.0 0.0 0.0 0.0 0.0 0.0 0.0 0.0 0.0 0.0 0.0 0.0 0.0 0.0 0.0 0.0 0.0 0.0 0.0 0.0 0.0 0.0 03/12/1968
0.0 0.0 0.0 0.0 0.0 0.0 0.0 0.0 0.0 0.0 0.0 0.0 0.0 0.0 0.0 0.0 0.0 0.0 0.0 0.0 0.0 0.0 0.0 0.0 0.0 0.0 0.0 0.0 04/12/1968
0.1 0.2 0.2 0.2 0.2 0.2 0.3 0.2 0.2 0.2 0.0 0.0 0.1 0.1 0.2 0.2 0.2 0.2 0.3 0.3 0.3 0.0 0.0 0.9 0.1 0.1 0.1 0.1 05/12/1968
0.1 0.1 0.1 0.1 0.1 0.1 0.0 0.0 0.0 0.0 0.0 0.0 0.1 0.1 0.0 0.1 0.1 0.0 0.0 0.0 0.0 0.0 0.0 0.0 0.1 0.1 0.1 0.1 06/12/1968
0.0 0.0 0.0 0.0 0.0 0.0 0.0 0.0 0.0 0.0 0.0 0.0 0.0 0.0 0.0 0.0 0.0 0.0 0.0 0.0 0.0 0.0 0.0 0.0 0.0 0.0 0.0 0.0 07/12/1968
0.0 0.0 0.0 0.0 0.0 0.0 0.0 0.0 0.0 0.0 0.0 0.0 0.0 0.0 0.0 0.0 0.0 0.0 0.0 0.0 0.0 0.0 0.0 0.0 0.0 0.0 0.0 0.0 08/12/1968
0.0 0.0 0.0 0.0 0.0 0.0 0.0 0.0 0.0 0.0 0.0 0.0 0.0 0.0 0.0 0.0 0.0 0.0 0.0 0.0 0.0 0.0 0.0 0.0 0.0 0.0 0.0 0.0 09/12/1968
0.0 0.0 0.0 0.0 0.0 0.0 0.0 0.0 0.0 0.0 0.0 0.0 0.0 0.0 0.0 0.0 0.0 0.0 0.0 0.0 0.0 0.0 0.0 0.0 0.0 0.0 0.0 0.0 10/12/1968
0.0 0.0 0.0 0.0 0.0 0.0 0.0 0.0 0.0 0.0 0.0 0.0 0.0 0.0 0.0 0.0 0.0 0.0 0.0 0.0 0.0 0.0 0.0 0.3 0.0 0.0 0.0 0.0 11/12/1968
0.0 0.0 0.0 0.0 0.0 0.0 0.0 0.0 0.0 0.0 0.0 0.0 0.0 0.0 0.0 0.0 0.0 0.0 0.0 0.0 0.0 0.0 0.0 0.0 0.0 0.0 0.0 0.0 12/12/1968
0.0 0.0 0.0 0.0 0.0 0.0 0.0 0.0 0.0 0.0 0.0 0.0 0.0 0.0 0.0 0.0 0.0 0.0 0.0 0.0 0.0 0.0 0.0 0.0 0.0 0.0 0.0 0.0 13/12/1968
0.0 0.0 0.0 0.0 0.0 0.0 0.0 0.0 0.0 0.0 0.0 0.0 0.0 0.0 0.0 0.0 0.0 0.0 0.0 0.0 0.0 0.0 0.0 0.0 0.0 0.0 0.0 0.0 14/12/1968
4.4 4.0 4.1 4.0 4.0 4.1 1.6 1.6 1.6 1.7 1.6 1.6 4.5 4.5 4.1 4.1 4.1 4.1 1.6 1.6 1.6 1.6 1.5 2.1 4.5 4.5 4.5 4.5 15/12/1968
0.0 0.0 0.0 0.0 0.0 0.0 3.5 3.3 3.0 2.8 4.1 4.1 0.0 0.0 0.0 0.0 0.0 0.0 3.8 3.5 3.4 4.0 4.0 0.3 0.0 0.0 0.0 0.0 16/12/1968
0.0 0.0 0.0 0.0 0.0 0.0 0.6 0.6 0.6 0.6 1.2 1.2 0.0 0.0 0.0 0.0 0.0 0.0 0.6 0.6 0.6 1.2 1.2 0.0 0.0 0.0 0.0 0.0 17/12/1968
4.9 0.7 0.7 0.7 0.7 0.7 3.4 3.4 3.5 3.5 4.4 4.4 4.9 4.9 0.7 0.7 0.7 0.7 3.4 3.4 3.4 4.3 4.3 2.0 4.9 4.9 4.9 4.9 18/12/1968
0.0 0.0 0.0 0.0 0.0 0.0 0.3 0.3 0.2 0.2 0.0 0.0 0.0 0.0 0.0 0.0 0.0 0.0 0.4 0.3 0.3 0.0 0.0 0.0 0.0 0.0 0.0 0.0 19/12/1968
7.6 10.0 10.1 10.0 10.0 10.1 9.6 9.7 9.8 9.9 12.1 12.2 7.7 7.7 10.2 10.1 10.1 10.2 9.4 9.6 9.6 11.9 11.8 5.0 7.7 7.7 7.7 7.8 20/12/1968
4.8 5.2 5.2 5.2 5.2 5.2 5.6 5.7 5.7 5.8 5.5 5.5 4.9 4.9 5.3 5.3 5.3 5.3 5.5 5.6 5.6 5.3 5.3 3.9 4.8 4.8 4.9 4.9 21/12/1968
2.9 0.6 0.6 0.6 0.6 0.6 4.9 5.0 5.1 5.1 4.2 4.2 2.9 2.9 0.6 0.6 0.6 0.6 4.9 5.0 5.0 4.1 4.1 0.3 2.9 2.9 2.9 2.9 22/12/1968
3.2 1.4 1.4 1.4 1.4 1.4 0.1 0.1 0.1 0.1 0.0 0.0 3.2 3.2 1.4 1.4 1.4 1.4 0.1 0.1 0.1 0.0 0.0 2.6 3.2 3.2 3.2 3.3 23/12/1968
18.8 15.1 15.1 15.1 15.1 15.1 0.8 0.7 0.6 0.5 0.5 0.4 19.1 19.1 15.3 15.3 15.3 15.3 0.9 0.8 0.7 0.8 0.9 13.6 19.0 19.0 19.1 19.2 24/12/1968
1.8 2.4 2.4 2.4 2.4 2.4 1.0 0.9 0.7 0.6 0.5 0.5 1.8 1.8 2.4 2.4 2.4 2.4 1.2 1.0 0.9 0.8 0.9 4.2 1.8 1.8 1.8 1.8 25/12/1968
0.1 0.1 0.1 0.1 0.1 0.1 0.0 0.0 0.0 0.0 0.0 0.0 0.1 0.1 0.1 0.1 0.1 0.1 0.0 0.0 0.0 0.0 0.0 0.0 0.1 0.1 0.1 0.1 26/12/1968
0.0 0.5 0.5 0.5 0.5 0.5 0.0 0.0 0.0 0.0 0.0 0.0 0.0 0.0 0.4 0.4 0.4 0.4 0.0 0.0 0.0 0.0 0.0 0.0 0.0 0.0 0.0 0.0 27/12/1968
2.2 0.0 0.0 0.0 0.0 0.0 0.0 0.0 0.0 0.0 0.0 0.0 2.2 2.2 0.0 0.0 0.0 0.0 0.0 0.0 0.0 0.0 0.0 0.9 2.2 2.2 2.2 2.2 28/12/1968
0.9 1.2 1.1 1.2 1.2 1.1 0.0 0.0 0.0 0.0 0.0 0.0 0.8 0.8 1.0 1.0 1.0 1.0 0.0 0.0 0.0 0.0 0.0 1.6 0.8 0.8 0.8 0.7 29/12/1968
0.0 0.0 0.0 0.0 0.0 0.0 0.0 0.0 0.0 0.0 0.0 0.0 0.0 0.0 0.0 0.0 0.0 0.0 0.0 0.0 0.0 0.0 0.0 0.0 0.0 0.0 0.0 0.0 30/12/1968
0.3 0.1 0.1 0.1 0.1 0.1 0.1 0.0 0.0 0.0 0.0 0.0 0.3 0.3 0.0 0.1 0.1 0.0 0.1 0.1 0.1 0.0 0.0 0.1 0.3 0.3 0.3 0.3 31/12/1968
0.2 0.0 0.0 0.0 0.0 0.0 0.0 0.0 0.0 0.0 0.0 0.0 0.1 0.1 0.0 0.0 0.0 0.0 0.0 0.0 0.0 0.0 0.0 0.0 0.1 0.1 0.1 0.1 01/01/1969
0.0 0.0 0.0 0.0 0.0 0.0 1.7 1.7 1.7 1.7 0.7 0.7 0.0 0.0 0.0 0.0 0.0 0.0 1.7 1.7 1.7 0.7 0.7 0.0 0.0 0.0 0.0 0.0 02/01/1969
0.9 0.5 0.5 0.5 0.5 0.5 0.0 0.0 0.0 0.0 0.0 0.0 0.9 0.9 0.5 0.5 0.5 0.5 0.0 0.0 0.0 0.0 0.0 0.1 0.9 0.9 0.9 0.9 03/01/1969
0.0 0.0 0.0 0.0 0.0 0.0 0.0 0.0 0.0 0.0 0.0 0.0 0.0 0.0 0.0 0.0 0.0 0.0 0.0 0.0 0.0 0.0 0.0 0.0 0.0 0.0 0.0 0.0 04/01/1969
0.0 0.0 0.0 0.0 0.0 0.0 0.0 0.0 0.0 0.0 0.0 0.0 0.0 0.0 0.0 0.0 0.0 0.0 0.0 0.0 0.0 0.0 0.0 0.0 0.0 0.0 0.0 0.0 05/01/1969
0.6 0.3 0.3 0.3 0.3 0.3 0.0 0.0 0.0 0.0 0.0 0.0 0.6 0.6 0.3 0.3 0.3 0.3 0.0 0.0 0.0 0.0 0.0 0.5 0.6 0.6 0.6 0.6 06/01/1969
0.0 0.0 0.0 0.0 0.0 0.0 2.9 2.9 3.0 3.0 3.2 3.2 0.0 0.0 0.0 0.0 0.0 0.0 2.9 2.9 2.9 3.1 3.1 0.0 0.0 0.0 0.0 0.0 07/01/1969
0.0 0.0 0.0 0.0 0.0 0.0 0.0 0.0 0.0 0.0 0.0 0.0 0.0 0.0 0.0 0.0 0.0 0.0 0.0 0.0 0.0 0.0 0.0 0.0 0.0 0.0 0.0 0.0 08/01/1969
0.0 0.0 0.0 0.0 0.0 0.0 0.0 0.0 0.0 0.0 0.0 0.0 0.0 0.0 0.0 0.0 0.0 0.0 0.0 0.0 0.0 0.0 0.0 0.0 0.0 0.0 0.0 0.0 09/01/1969
0.9 0.7 0.7 0.7 0.7 0.7 2.1 2.1 2.1 2.2 1.3 1.3 1.0 1.0 0.7 0.7 0.7 0.7 2.1 2.1 2.1 1.2 1.2 0.8 0.9 0.9 1.0 1.0 10/01/1969
1.8 0.0 0.0 0.0 0.0 0.0 0.4 0.4 0.4 0.4 1.1 1.1 1.8 1.8 0.0 0.0 0.0 0.0 0.4 0.4 0.4 1.1 1.0 0.8 1.8 1.8 1.8 1.8 11/01/1969
3.8 2.6 2.7 2.6 2.6 2.7 7.3 7.4 7.5 7.5 7.8 7.9 3.9 3.9 2.7 2.7 2.7 2.7 7.2 7.3 7.3 7.7 7.6 3.4 3.9 3.9 3.9 3.9 12/01/1969
0.5 0.9 0.9 0.9 0.9 0.9 0.6 0.6 0.6 0.6 1.5 1.5 0.5 0.5 1.0 1.0 1.0 1.0 0.6 0.6 0.6 1.5 1.5 0.5 0.5 0.5 0.5 0.5 13/01/1969
1.5 1.0 1.0 1.0 1.0 1.0 4.0 4.0 4.1 4.1 3.2 3.2 1.5 1.5 1.0 1.0 1.0 1.0 4.0 4.0 4.0 3.1 3.1 1.1 1.5 1.5 1.5 1.5 14/01/1969
3.5 4.0 4.0 4.0 4.0 4.0 6.5 6.6 6.7 6.8 9.8 9.9 3.5 3.5 4.0 4.0 4.0 4.0 6.4 6.5 6.6 9.6 9.6 3.3 3.5 3.5 3.5 3.5 15/01/1969
5.4 5.0 5.0 5.0 5.0 5.0 2.4 2.4 2.4 2.5 2.7 2.7 5.3 5.3 5.0 5.0 5.0 5.0 2.3 2.4 2.4 2.7 2.6 6.0 5.3 5.3 5.3 5.2 16/01/1969
8.0 6.0 6.0 6.0 6.0 6.0 5.4 5.4 5.5 5.6 7.5 7.5 8.0 8.0 6.1 6.0 6.0 6.1 5.3 5.4 5.4 7.4 7.3 4.7 8.0 8.0 8.0 8.0 17/01/1969
3.2 4.0 4.1 4.0 4.0 4.1 1.1 1.1 1.1 1.1 0.6 0.6 3.2 3.2 4.1 4.1 4.1 4.1 1.0 1.1 1.1 0.6 0.6 1.1 3.2 3.2 3.2 3.3 18/01/1969
0.3 0.0 0.0 0.0 0.0 0.0 0.1 0.1 0.1 0.0 0.1 0.1 0.3 0.3 0.0 0.0 0.0 0.0 0.1 0.1 0.1 0.1 0.1 1.4 0.3 0.3 0.3 0.3 19/01/1969
1.4 1.5 1.5 1.5 1.5 1.5 0.0 0.0 0.0 0.0 0.0 0.0 1.4 1.4 1.6 1.6 1.6 1.6 0.0 0.0 0.0 0.0 0.0 1.1 1.4 1.4 1.4 1.4 20/01/1969
0.0 0.0 0.0 0.0 0.0 0.0 0.0 0.0 0.0 0.0 0.0 0.0 0.0 0.0 0.0 0.0 0.0 0.0 0.0 0.0 0.0 0.0 0.0 0.0 0.0 0.0 0.0 0.0 21/01/1969
0.4 0.0 0.0 0.0 0.0 0.0 0.5 0.5 0.5 0.5 1.0 1.0 0.4 0.4 0.0 0.0 0.0 0.0 0.5 0.5 0.5 1.0 1.0 0.5 0.4 0.4 0.4 0.4 22/01/1969
0.0 0.2 0.2 0.2 0.2 0.2 0.1 0.1 0.1 0.1 0.0 0.0 0.0 0.0 0.2 0.2 0.2 0.2 0.1 0.1 0.1 0.0 0.0 0.1 0.0 0.0 0.0 0.0 23/01/1969
0.9 0.4 0.4 0.4 0.4 0.4 0.0 0.0 0.0 0.0 0.0 0.0 0.9 0.9 0.4 0.4 0.4 0.4 0.0 0.0 0.0 0.0 0.0 0.9 0.9 0.9 0.9 0.9 24/01/1969
0.0 0.7 0.7 0.7 0.7 0.7 0.0 0.0 0.0 0.0 0.0 0.0 0.0 0.0 0.7 0.7 0.7 0.7 0.0 0.0 0.0 0.0 0.0 0.0 0.0 0.0 0.0 0.0 25/01/1969
0.4 0.2 0.2 0.2 0.2 0.2 0.0 0.0 0.0 0.0 0.0 0.0 0.4 0.4 0.2 0.2 0.2 0.2 0.0 0.0 0.0 0.0 0.0 0.0 0.4 0.4 0.4 0.4 26/01/1969
0.0 0.0 0.0 0.0 0.0 0.0 0.1 0.1 0.1 0.1 0.8 0.8 0.0 0.0 0.0 0.0 0.0 0.0 0.1 0.1 0.1 0.8 0.8 0.3 0.0 0.0 0.0 0.0 27/01/1969
14.8 13.9 14.0 13.9 14.0 14.0 10.2 10.3 10.5 10.6 9.8 9.8 15.0 15.0 14.2 14.1 14.1 14.2 10.1 10.2 10.3 9.6 9.5 9.8 14.9 14.9 15.0 15.1 28/01/1969
1.3 3.3 3.3 3.3 3.3 3.3 1.7 1.8 1.8 1.8 2.2 2.2 1.3 1.3 3.3 3.3 3.3 3.3 1.7 1.7 1.7 2.2 2.2 1.8 1.3 1.3 1.3 1.3 29/01/1969
1.3 0.8 0.8 0.8 0.8 0.8 0.6 0.6 0.6 0.6 0.4 0.4 1.3 1.3 0.8 0.8 0.8 0.8 0.6 0.6 0.6 0.4 0.4 2.6 1.3 1.3 1.3 1.3 30/01/1969
0.6 2.9 2.9 2.9 2.9 2.9 2.4 2.4 2.4 2.5 4.7 4.7 0.6 0.6 2.9 2.9 2.9 2.9 2.4 2.4 2.4 4.6 4.6 0.6 0.6 0.6 0.6 0.6 31/01/1969
3.8 3.6 3.6 3.6 3.6 3.6 5.5 5.5 5.6 5.7 4.8 4.9 3.9 3.9 3.6 3.6 3.6 3.6 5.4 5.5 5.5 4.7 4.7 6.9 3.8 3.8 3.9 3.9 01/02/1969
3.4 4.2 4.2 4.2 4.2 4.3 2.8 2.8 2.8 2.8 1.9 1.9 3.5 3.5 4.3 4.3 4.3 4.3 2.7 2.8 2.8 1.9 1.8 1.3 3.4 3.4 3.5 3.5 02/02/1969
0.9 0.9 0.8 0.9 0.9 0.8 0.0 0.0 0.0 0.0 0.0 0.0 0.8 0.8 0.7 0.8 0.8 0.7 0.0 0.0 0.0 0.0 0.0 0.8 0.9 0.9 0.8 0.8 03/02/1969
0.0 0.0 0.0 0.0 0.0 0.0 0.0 0.0 0.0 0.0 0.0 0.0 0.0 0.0 0.0 0.0 0.0 0.0 0.0 0.0 0.0 0.0 0.0 0.0 0.0 0.0 0.0 0.0 04/02/1969
0.0 0.5 0.5 0.5 0.5 0.5 0.0 0.0 0.0 0.0 0.0 0.0 0.0 0.0 0.5 0.5 0.5 0.5 0.0 0.0 0.0 0.0 0.0 0.0 0.0 0.0 0.0 0.0 05/02/1969
5.2 2.1 2.0 2.1 2.1 2.0 3.5 3.4 3.4 3.3 0.9 0.9 5.3 5.3 1.8 1.8 1.8 1.8 3.6 3.5 3.5 1.4 1.6 4.4 5.2 5.2 5.3 5.3 06/02/1969
1.1 1.4 1.4 1.4 1.4 1.4 0.0 0.0 0.0 0.0 0.0 0.0 1.0 1.0 1.4 1.4 1.4 1.4 0.0 0.0 0.0 0.0 0.0 1.4 1.1 1.1 1.0 1.0 07/02/1969
1.7 0.0 0.0 0.0 0.0 0.0 0.0 0.0 0.0 0.0 0.0 0.0 1.5 1.5 0.0 0.0 0.0 0.0 0.0 0.0 0.0 0.0 0.0 0.3 1.6 1.6 1.5 1.4 08/02/1969
0.1 0.0 0.0 0.0 0.0 0.0 0.0 0.0 0.0 0.0 0.0 0.0 0.1 0.1 0.0 0.0 0.0 0.0 0.0 0.0 0.0 0.0 0.0 0.1 0.1 0.1 0.1 0.1 09/02/1969
0.0 0.0 0.0 0.0 0.0 0.0 0.0 0.0 0.0 0.0 0.0 0.0 0.0 0.0 0.0 0.0 0.0 0.0 0.0 0.0 0.0 0.0 0.0 0.0 0.0 0.0 0.0 0.0 10/02/1969
10.5 2.7 2.6 2.7 2.6 2.6 5.3 4.6 3.9 3.3 2.0 1.8 10.2 10.2 2.4 2.5 2.5 2.4 6.1 5.1 4.8 3.0 3.4 6.2 10.4 10.4 10.2 10.0 11/02/1969
1.6 1.1 1.0 1.0 1.0 1.0 0.5 0.5 0.4 0.3 0.2 0.2 1.3 1.3 0.8 0.9 0.9 0.9 0.6 0.5 0.5 0.3 0.4 2.5 1.5 1.5 1.3 1.3 12/02/1969
0.0 0.0 0.0 0.0 0.0 0.0 0.0 0.0 0.0 0.0 0.0 0.0 0.0 0.0 0.0 0.0 0.0 0.0 0.0 0.0 0.0 0.0 0.0 0.0 0.0 0.0 0.0 0.0 13/02/1969
0.0 0.0 0.0 0.0 0.0 0.0 0.0 0.0 0.0 0.0 0.0 0.0 0.0 0.0 0.0 0.0 0.0 0.0 0.0 0.0 0.0 0.0 0.0 0.0 0.0 0.0 0.0 0.0 14/02/1969
0.0 0.0 0.0 0.0 0.0 0.0 0.0 0.0 0.0 0.0 0.0 0.0 0.0 0.0 0.0 0.0 0.0 0.0 0.0 0.0 0.0 0.0 0.0 0.0 0.0 0.0 0.0 0.0 15/02/1969
1.6 0.2 0.2 0.2 0.2 0.2 0.0 0.0 0.0 0.0 0.0 0.0 1.4 1.4 0.2 0.2 0.2 0.2 0.0 0.0 0.0 0.0 0.0 0.8 1.5 1.5 1.4 1.3 16/02/1969
0.0 0.0 0.0 0.0 0.0 0.0 0.0 0.0 0.0 0.0 0.0 0.0 0.0 0.0 0.0 0.0 0.0 0.0 0.0 0.0 0.0 0.0 0.0 0.0 0.0 0.0 0.0 0.0 17/02/1969
0.1 0.4 0.4 0.4 0.4 0.4 0.0 0.0 0.0 0.0 0.0 0.0 0.1 0.1 0.4 0.4 0.4 0.4 0.0 0.0 0.0 0.0 0.0 0.1 0.1 0.1 0.1 0.1 18/02/1969
8.4 2.9 2.9 2.9 2.9 2.9 0.0 0.0 0.0 0.0 0.2 0.2 8.5 8.5 2.9 2.9 2.9 2.9 0.0 0.0 0.0 0.3 0.3 11.4 8.4 8.4 8.5 8.5 19/02/1969
1.5 0.7 0.7 0.7 0.7 0.7 0.3 0.3 0.3 0.3 0.0 0.0 1.5 1.5 0.7 0.7 0.7 0.7 0.3 0.3 0.3 0.0 0.0 1.7 1.5 1.5 1.5 1.5 20/02/1969
0.0 0.0 0.0 0.0 0.0 0.0 0.1 0.1 0.1 0.1 0.0 0.0 0.0 0.0 0.0 0.0 0.0 0.0 0.1 0.1 0.1 0.0 0.0 0.0 0.0 0.0 0.0 0.0 21/02/1969
0.0 0.0 0.0 0.0 0.0 0.0 0.1 0.1 0.1 0.1 2.7 2.7 0.0 0.0 0.0 0.0 0.0 0.0 0.1 0.1 0.1 2.6 2.6 0.0 0.0 0.0 0.0 0.0 22/02/1969
0.3 0.0 0.0 0.0 0.0 0.0 0.0 0.0 0.0 0.0 0.0 0.0 0.3 0.3 0.0 0.0 0.0 0.0 0.0 0.0 0.0 0.0 0.0 1.0 0.3 0.3 0.3 0.3 23/02/1969
0.3 0.0 0.0 0.0 0.0 0.0 0.4 0.4 0.4 0.4 2.1 2.1 0.3 0.3 0.0 0.0 0.0 0.0 0.4 0.4 0.4 2.0 2.0 0.2 0.3 0.3 0.3 0.3 24/02/1969
2.6 1.0 1.0 1.0 1.0 1.0 0.8 0.8 0.8 0.8 1.7 1.7 2.7 2.7 1.0 1.0 1.0 1.0 0.8 0.8 0.8 1.7 1.6 0.4 2.6 2.6 2.7 2.7 25/02/1969
0.1 0.0 0.0 0.0 0.0 0.0 0.0 0.0 0.0 0.0 0.0 0.0 0.1 0.1 0.0 0.0 0.0 0.0 0.0 0.0 0.0 0.0 0.0 0.0 0.1 0.1 0.1 0.1 26/02/1969
0.0 0.2 0.2 0.2 0.2 0.2 0.0 0.0 0.0 0.0 0.0 0.0 0.0 0.0 0.2 0.2 0.2 0.2 0.0 0.0 0.0 0.0 0.0 0.3 0.0 0.0 0.0 0.0 27/02/1969
0.0 0.0 0.0 0.0 0.0 0.0 0.0 0.0 0.0 0.0 0.0 0.0 0.0 0.0 0.0 0.0 0.0 0.0 0.0 0.0 0.0 0.0 0.0 0.0 0.0 0.0 0.0 0.0 28/02/1969
1.5 0.2 0.2 0.2 0.2 0.2 0.7 0.7 0.7 0.7 0.1 0.1 1.3 1.3 0.2 0.2 0.2 0.2 0.6 0.7 0.7 0.1 0.1 2.6 1.4 1.4 1.2 1.2 01/03/1969
2.2 0.5 0.5 0.5 0.5 0.5 1.1 1.1 1.1 1.1 1.0 1.0 1.9 1.9 0.5 0.5 0.5 0.5 1.1 1.1 1.1 1.0 1.0 1.7 2.0 2.0 1.9 1.8 02/03/1969
4.0 0.7 0.7 0.7 0.7 0.7 1.0 1.0 1.0 1.0 0.2 0.2 4.1 4.1 0.7 0.7 0.7 0.7 0.9 1.0 1.0 0.2 0.2 7.4 4.0 4.0 4.1 4.1 03/03/1969
0.0 0.0 0.0 0.0 0.0 0.0 0.0 0.0 0.0 0.0 0.0 0.0 0.0 0.0 0.0 0.0 0.0 0.0 0.0 0.0 0.0 0.0 0.0 0.0 0.0 0.0 0.0 0.0 04/03/1969
0.0 0.0 0.0 0.0 0.0 0.0 0.0 0.0 0.0 0.0 0.0 0.0 0.0 0.0 0.0 0.0 0.0 0.0 0.0 0.0 0.0 0.0 0.0 0.0 0.0 0.0 0.0 0.0 05/03/1969
0.0 0.0 0.0 0.0 0.0 0.0 0.0 0.0 0.0 0.0 0.0 0.0 0.0 0.0 0.0 0.0 0.0 0.0 0.0 0.0 0.0 0.0 0.0 0.0 0.0 0.0 0.0 0.0 06/03/1969
0.0 0.0 0.0 0.0 0.0 0.0 0.0 0.0 0.0 0.0 0.0 0.0 0.0 0.0 0.0 0.0 0.0 0.0 0.0 0.0 0.0 0.0 0.0 0.0 0.0 0.0 0.0 0.0 07/03/1969
0.0 0.0 0.0 0.0 0.0 0.0 0.0 0.0 0.0 0.0 0.0 0.0 0.0 0.0 0.0 0.0 0.0 0.0 0.0 0.0 0.0 0.0 0.0 0.0 0.0 0.0 0.0 0.0 08/03/1969
0.0 0.0 0.0 0.0 0.0 0.0 0.0 0.0 0.0 0.0 0.0 0.0 0.0 0.0 0.0 0.0 0.0 0.0 0.0 0.0 0.0 0.0 0.0 0.0 0.0 0.0 0.0 0.0 09/03/1969
0.0 0.0 0.0 0.0 0.0 0.0 2.4 2.4 2.4 2.4 3.2 3.2 0.0 0.0 0.0 0.0 0.0 0.0 2.3 2.4 2.4 3.2 3.1 0.1 0.0 0.0 0.0 0.0 10/03/1969
10.8 13.0 13.0 13.0 13.0 13.0 11.5 11.7 11.8 11.9 16.3 16.3 11.0 11.0 13.2 13.1 13.1 13.2 11.4 11.5 11.6 15.9 15.8 6.5 10.9 10.9 11.0 11.0 11/03/1969
18.1 17.3 17.4 17.3 17.3 17.4 14.2 14.4 14.5 14.7 15.0 15.1 18.3 18.3 17.6 17.6 17.5 17.6 14.0 14.2 14.3 14.7 14.6 10.4 18.2 18.2 18.4 18.4 12/03/1969
3.9 9.0 9.0 9.0 9.0 9.0 5.5 5.5 5.6 5.7 15.2 15.2 3.9 3.9 9.1 9.1 9.1 9.1 5.4 5.5 5.5 14.8 14.7 1.3 3.9 3.9 3.9 3.9 13/03/1969
4.1 4.9 4.9 4.9 4.9 4.9 0.3 0.3 0.3 0.3 0.0 0.0 4.1 4.1 5.0 5.0 5.0 5.0 0.3 0.3 0.3 0.0 0.0 0.8 4.1 4.1 4.1 4.1 14/03/1969
0.1 0.3 0.3 0.3 0.3 0.3 0.0 0.0 0.0 0.0 0.0 0.0 0.1 0.1 0.3 0.3 0.3 0.3 0.0 0.0 0.0 0.0 0.0 0.0 0.1 0.1 0.1 0.1 15/03/1969
9.0 6.0 6.1 6.0 6.0 6.1 3.5 3.6 3.6 3.7 2.9 2.9 9.1 9.1 6.1 6.1 6.1 6.1 3.5 3.5 3.6 2.8 2.8 4.5 9.0 9.0 9.1 9.1 16/03/1969
1.1 1.2 1.2 1.2 1.2 1.2 5.2 5.2 5.3 5.4 5.1 5.1 1.1 1.1 1.3 1.3 1.3 1.3 5.1 5.2 5.2 5.0 5.0 0.9 1.1 1.1 1.2 1.2 17/03/1969
0.0 1.0 1.0 1.0 1.0 1.0 3.6 3.7 3.7 3.7 6.0 6.0 0.0 0.0 1.1 1.1 1.1 1.1 3.6 3.6 3.6 5.9 5.9 0.6 0.0 0.0 0.0 0.0 18/03/1969
0.3 0.0 0.0 0.0 0.0 0.0 0.0 0.0 0.0 0.0 0.0 0.0 0.3 0.3 0.0 0.0 0.0 0.0 0.0 0.0 0.0 0.0 0.0 0.0 0.3 0.3 0.3 0.3 19/03/1969
0.0 0.0 0.0 0.0 0.0 0.0 0.0 0.0 0.0 0.0 0.0 0.0 0.0 0.0 0.0 0.0 0.0 0.0 0.0 0.0 0.0 0.0 0.0 0.0 0.0 0.0 0.0 0.0 20/03/1969
0.0 0.0 0.0 0.0 0.0 0.0 0.0 0.0 0.0 0.0 0.0 0.0 0.0 0.0 0.0 0.0 0.0 0.0 0.0 0.0 0.0 0.0 0.0 0.0 0.0 0.0 0.0 0.0 21/03/1969
0.0 0.0 0.0 0.0 0.0 0.0 0.0 0.0 0.0 0.0 0.0 0.0 0.0 0.0 0.0 0.0 0.0 0.0 0.0 0.0 0.0 0.0 0.0 0.0 0.0 0.0 0.0 0.0 22/03/1969
0.0 0.0 0.0 0.0 0.0 0.0 0.3 0.2 0.2 0.2 0.3 0.3 0.0 0.0 0.0 0.0 0.0 0.0 0.3 0.3 0.3 0.4 0.5 0.0 0.0 0.0 0.0 0.0 23/03/1969
1.8 0.2 0.2 0.2 0.2 0.2 0.3 0.3 0.2 0.2 0.1 0.1 1.9 1.9 0.2 0.2 0.2 0.2 0.4 0.3 0.3 0.2 0.2 0.1 1.9 1.9 1.9 1.9 24/03/1969
0.4 0.1 0.1 0.1 0.1 0.1 0.2 0.2 0.2 0.1 0.0 0.0 0.4 0.4 0.0 0.1 0.1 0.0 0.3 0.2 0.2 0.1 0.1 1.4 0.4 0.4 0.4 0.4 25/03/1969
0.7 0.0 0.0 0.0 0.0 0.0 0.0 0.0 0.0 0.0 0.0 0.0 0.7 0.7 0.0 0.0 0.0 0.0 0.0 0.0 0.0 0.0 0.0 0.9 0.7 0.7 0.7 0.6 26/03/1969
0.4 0.1 0.1 0.1 0.1 0.1 0.0 0.0 0.0 0.0 0.0 0.0 0.4 0.4 0.0 0.1 0.1 0.0 0.0 0.0 0.0 0.0 0.0 0.0 0.4 0.4 0.4 0.4 27/03/1969
1.2 0.2 0.2 0.2 0.2 0.2 0.0 0.0 0.0 0.0 0.0 0.0 1.0 1.0 0.2 0.2 0.2 0.2 0.0 0.0 0.0 0.0 0.0 0.0 1.1 1.1 1.0 1.0 28/03/1969
0.3 0.0 0.0 0.0 0.0 0.0 0.3 0.3 0.3 0.3 0.9 0.9 0.3 0.3 0.0 0.0 0.0 0.0 0.3 0.3 0.3 0.9 0.9 0.9 0.3 0.3 0.3 0.3 29/03/1969
7.9 10.2 10.3 10.2 10.2 10.3 12.9 13.1 13.2 13.3 12.3 12.3 8.0 8.0 10.4 10.4 10.3 10.4 12.7 12.9 13.0 12.0 12.0 5.2 8.0 8.0 8.0 8.1 30/03/1969
4.8 3.9 3.9 3.9 3.9 3.9 7.0 7.1 7.2 7.3 10.4 10.4 4.9 4.9 3.9 3.9 3.9 3.9 6.9 7.0 7.1 10.2 10.1 3.4 4.8 4.8 4.9 4.9 31/03/1969
0.1 0.1 0.1 0.1 0.1 0.1 0.0 0.0 0.0 0.0 0.6 0.6 0.1 0.1 0.0 0.1 0.1 0.0 0.0 0.0 0.0 0.6 0.6 0.1 0.1 0.1 0.1 0.1 01/04/1969
0.0 0.0 0.0 0.0 0.0 0.0 0.2 0.2 0.2 0.1 0.0 0.0 0.0 0.0 0.0 0.0 0.0 0.0 0.3 0.2 0.2 0.0 0.0 0.0 0.0 0.0 0.0 0.0 02/04/1969
0.0 0.0 0.0 0.0 0.0 0.0 0.0 0.0 0.0 0.0 0.0 0.0 0.0 0.0 0.0 0.0 0.0 0.0 0.0 0.0 0.0 0.0 0.0 0.0 0.0 0.0 0.0 0.0 03/04/1969
0.0 0.0 0.0 0.0 0.0 0.0 0.0 0.0 0.0 0.0 0.0 0.0 0.0 0.0 0.0 0.0 0.0 0.0 0.0 0.0 0.0 0.0 0.0 0.0 0.0 0.0 0.0 0.0 04/04/1969
0.0 0.0 0.0 0.0 0.0 0.0 0.0 0.0 0.0 0.0 0.0 0.0 0.0 0.0 0.0 0.0 0.0 0.0 0.0 0.0 0.0 0.0 0.0 0.0 0.0 0.0 0.0 0.0 05/04/1969
0.0 0.0 0.0 0.0 0.0 0.0 0.0 0.0 0.0 0.0 0.0 0.0 0.0 0.0 0.0 0.0 0.0 0.0 0.0 0.0 0.0 0.0 0.0 0.0 0.0 0.0 0.0 0.0 06/04/1969
0.0 0.0 0.0 0.0 0.0 0.0 0.0 0.0 0.0 0.0 0.0 0.0 0.0 0.0 0.0 0.0 0.0 0.0 0.0 0.0 0.0 0.0 0.0 0.0 0.0 0.0 0.0 0.0 07/04/1969
0.0 0.0 0.0 0.0 0.0 0.0 0.0 0.0 0.0 0.0 0.0 0.0 0.0 0.0 0.0 0.0 0.0 0.0 0.0 0.0 0.0 0.0 0.0 0.0 0.0 0.0 0.0 0.0 08/04/1969
0.0 0.0 0.0 0.0 0.0 0.0 0.0 0.0 0.0 0.0 0.0 0.0 0.0 0.0 0.0 0.0 0.0 0.0 0.0 0.0 0.0 0.0 0.0 0.0 0.0 0.0 0.0 0.0 09/04/1969
4.7 1.2 1.2 1.2 1.2 1.2 3.2 3.3 3.3 3.3 2.2 2.2 4.8 4.8 1.2 1.2 1.2 1.2 3.2 3.2 3.2 2.2 2.1 2.5 4.8 4.8 4.8 4.8 10/04/1969
3.4 3.0 3.0 3.0 3.0 3.0 3.4 3.5 3.5 3.5 5.2 5.2 3.4 3.4 3.0 3.0 3.0 3.0 3.4 3.4 3.5 5.1 5.1 4.3 3.4 3.4 3.4 3.4 11/04/1969
2.0 3.4 3.4 3.4 3.4 3.4 3.8 3.9 3.9 4.0 4.5 4.5 2.1 2.1 3.5 3.5 3.5 3.5 3.8 3.8 3.9 4.4 4.4 0.7 2.1 2.1 2.1 2.1 12/04/1969
0.1 4.1 4.2 4.1 4.1 4.2 1.4 1.3 1.2 1.1 1.6 1.6 0.1 0.1 4.2 4.2 4.2 4.2 1.5 1.4 1.3 1.9 2.0 0.0 0.1 0.1 0.1 0.1 13/04/1969
1.7 2.3 2.3 2.3 2.3 2.3 7.3 7.4 7.5 7.6 10.0 10.0 1.7 1.7 2.3 2.3 2.3 2.3 7.2 7.3 7.4 9.8 9.7 1.2 1.7 1.7 1.7 1.7 14/04/1969
0.0 0.0 0.0 0.0 0.0 0.0 3.5 3.5 3.6 3.6 4.5 4.5 0.0 0.0 0.0 0.0 0.0 0.0 3.5 3.5 3.5 4.4 4.4 0.7 0.0 0.0 0.0 0.0 15/04/1969
0.0 0.0 0.0 0.0 0.0 0.0 2.7 2.7 2.7 2.8 2.3 2.3 0.0 0.0 0.0 0.0 0.0 0.0 2.6 2.7 2.7 2.2 2.2 0.0 0.0 0.0 0.0 0.0 16/04/1969
0.0 0.2 0.2 0.2 0.2 0.2 1.5 1.5 1.5 1.5 0.8 0.8 0.0 0.0 0.2 0.2 0.2 0.2 1.4 1.5 1.5 0.8 0.8 0.0 0.0 0.0 0.0 0.0 17/04/1969
0.0 0.0 0.0 0.0 0.0 0.0 0.0 0.0 0.0 0.0 0.2 0.2 0.0 0.0 0.0 0.0 0.0 0.0 0.0 0.0 0.0 0.3 0.4 0.0 0.0 0.0 0.0 0.0 18/04/1969
0.0 0.0 0.0 0.0 0.0 0.0 0.0 0.0 0.0 0.0 0.0 0.0 0.0 0.0 0.0 0.0 0.0 0.0 0.0 0.0 0.0 0.0 0.0 0.0 0.0 0.0 0.0 0.0 19/04/1969
7.4 6.6 6.7 6.6 6.6 6.7 3.9 3.9 4.0 4.0 4.4 4.4 7.5 7.5 6.7 6.7 6.7 6.7 3.8 3.9 3.9 4.3 4.2 5.7 7.4 7.4 7.5 7.5 20/04/1969
19.9 16.0 16.1 16.0 16.0 16.1 12.7 12.8 13.0 13.1 21.7 21.7 20.1 20.1 16.3 16.2 16.2 16.3 12.5 12.7 12.8 21.2 21.1 15.4 20.0 20.0 20.2 20.3 21/04/1969
11.7 10.5 10.6 10.5 10.5 10.6 12.6 12.7 12.9 13.0 14.7 14.7 11.9 11.9 10.7 10.7 10.7 10.7 12.4 12.6 12.7 14.4 14.2 12.6 11.8 11.8 11.9 12.0 22/04/1969
3.1 3.3 3.3 3.3 3.3 3.3 1.1 1.1 1.1 1.2 3.2 3.2 3.1 3.1 3.3 3.3 3.3 3.3 1.1 1.1 1.1 3.2 3.2 2.9 3.1 3.1 3.1 3.1 23/04/1969
1.6 1.7 1.7 1.7 1.7 1.7 2.2 2.2 2.3 2.3 3.0 3.0 1.7 1.7 1.7 1.7 1.7 1.7 2.2 2.2 2.2 2.9 2.9 1.1 1.6 1.6 1.7 1.7 24/04/1969
3.7 1.6 1.6 1.6 1.6 1.6 7.6 7.7 7.8 7.9 2.7 2.7 3.8 3.8 1.6 1.6 1.6 1.6 7.5 7.6 7.6 2.6 2.6 1.7 3.8 3.8 3.8 3.8 25/04/1969
0.5 2.4 2.4 2.4 2.4 2.4 6.3 6.4 6.4 6.5 8.3 8.3 0.5 0.5 2.4 2.4 2.4 2.4 6.2 6.3 6.3 8.1 8.0 1.1 0.5 0.5 0.5 0.5 26/04/1969
0.0 0.0 0.0 0.0 0.0 0.0 0.5 0.6 0.6 0.6 0.0 0.0 0.0 0.0 0.0 0.0 0.0 0.0 0.5 0.5 0.5 0.0 0.0 0.0 0.0 0.0 0.0 0.0 27/04/1969
0.0 0.0 0.0 0.0 0.0 0.0 0.0 0.0 0.0 0.0 0.0 0.0 0.0 0.0 0.0 0.0 0.0 0.0 0.0 0.0 0.0 0.0 0.0 0.0 0.0 0.0 0.0 0.0 28/04/1969
0.0 0.0 0.0 0.0 0.0 0.0 0.0 0.0 0.0 0.0 0.0 0.0 0.0 0.0 0.0 0.0 0.0 0.0 0.0 0.0 0.0 0.0 0.0 0.0 0.0 0.0 0.0 0.0 29/04/1969
0.0 0.0 0.0 0.0 0.0 0.0 1.1 1.1 1.1 1.2 2.6 2.6 0.0 0.0 0.0 0.0 0.0 0.0 1.1 1.1 1.1 2.5 2.5 0.0 0.0 0.0 0.0 0.0 30/04/1969
0.0 0.0 0.0 0.0 0.0 0.0 0.0 0.0 0.0 0.0 0.2 0.2 0.0 0.0 0.0 0.0 0.0 0.0 0.0 0.0 0.0 0.2 0.2 0.0 0.0 0.0 0.0 0.0 01/05/1969
1.5 2.4 2.5 2.4 2.4 2.5 14.0 14.2 14.3 14.5 2.3 2.3 1.6 1.6 2.5 2.5 2.5 2.5 13.8 14.0 14.1 2.3 2.2 0.4 1.5 1.5 1.6 1.6 02/05/1969
1.3 2.7 2.7 2.7 2.7 2.7 0.6 0.6 0.6 0.6 0.9 0.9 1.3 1.3 2.7 2.7 2.7 2.7 0.6 0.6 0.6 0.9 0.9 4.2 1.3 1.3 1.3 1.3 03/05/1969
0.0 0.0 0.0 0.0 0.0 0.0 0.0 0.0 0.0 0.0 0.9 0.9 0.0 0.0 0.0 0.0 0.0 0.0 0.0 0.0 0.0 0.9 0.9 0.0 0.0 0.0 0.0 0.0 04/05/1969
2.8 9.4 9.5 9.4 9.4 9.5 12.0 12.1 12.3 12.4 8.8 8.8 2.8 2.8 9.6 9.5 9.5 9.6 11.8 12.0 12.1 8.6 8.5 4.5 2.8 2.8 2.8 2.8 05/05/1969
0.0 0.0 0.0 0.0 0.0 0.0 0.0 0.0 0.0 0.0 0.6 0.6 0.0 0.0 0.0 0.0 0.0 0.0 0.0 0.0 0.0 0.6 0.6 0.0 0.0 0.0 0.0 0.0 06/05/1969
1.5 1.1 1.1 1.1 1.1 1.1 0.5 0.5 0.5 0.5 1.2 1.2 1.5 1.5 1.2 1.2 1.2 1.2 0.5 0.5 0.5 1.1 1.1 1.1 1.5 1.5 1.5 1.5 07/05/1969
0.0 0.0 0.0 0.0 0.0 0.0 0.9 0.9 0.9 0.9 1.0 1.0 0.0 0.0 0.0 0.0 0.0 0.0 0.9 0.9 0.9 0.9 0.9 0.1 0.0 0.0 0.0 0.0 08/05/1969
0.5 0.5 0.5 0.5 0.5 0.5 1.6 1.6 1.6 1.6 2.5 2.5 0.5 0.5 0.5 0.5 0.5 0.5 1.6 1.6 1.6 2.5 2.5 0.6 0.5 0.5 0.5 0.5 09/05/1969
0.2 0.3 0.3 0.3 0.3 0.3 1.4 1.5 1.5 1.5 1.5 1.5 0.3 0.3 0.4 0.4 0.4 0.4 1.4 1.4 1.4 1.5 1.5 0.9 0.3 0.3 0.3 0.3 10/05/1969
0.0 0.0 0.0 0.0 0.0 0.0 0.0 0.0 0.0 0.0 0.0 0.0 0.0 0.0 0.0 0.0 0.0 0.0 0.0 0.0 0.0 0.0 0.0 0.0 0.0 0.0 0.0 0.0 11/05/1969
0.0 0.0 0.0 0.0 0.0 0.0 0.0 0.0 0.0 0.0 0.0 0.0 0.0 0.0 0.0 0.0 0.0 0.0 0.0 0.0 0.0 0.0 0.0 0.0 0.0 0.0 0.0 0.0 12/05/1969
5.0 0.0 0.0 0.0 0.0 0.0 0.0 0.0 0.0 0.0 0.0 0.0 5.1 5.1 0.0 0.0 0.0 0.0 0.0 0.0 0.0 0.0 0.0 9.6 5.1 5.1 5.1 5.1 13/05/1969
18.2 11.6 11.7 11.6 11.7 11.7 4.5 4.6 4.6 4.7 3.2 3.2 18.4 18.4 11.8 11.8 11.8 11.8 4.5 4.5 4.6 3.1 3.1 15.6 18.3 18.3 18.4 18.5 14/05/1969
6.5 4.3 4.3 4.3 4.3 4.3 5.9 6.0 6.1 6.1 5.2 5.2 6.6 6.6 4.4 4.4 4.4 4.4 5.8 5.9 6.0 5.1 5.0 6.2 6.5 6.5 6.6 6.6 15/05/1969
1.2 2.0 2.0 2.0 2.0 2.0 5.5 5.6 5.6 5.7 3.9 3.9 1.2 1.2 2.0 2.0 2.0 2.0 5.4 5.5 5.5 3.8 3.8 0.9 1.2 1.2 1.2 1.2 16/05/1969
9.8 7.5 7.5 7.5 7.5 7.5 4.5 4.6 4.7 4.7 5.3 5.3 10.0 10.0 7.6 7.6 7.6 7.6 4.5 4.6 4.6 5.2 5.2 8.8 9.9 9.9 10.0 10.0 17/05/1969
1.7 2.2 2.2 2.2 2.2 2.2 5.6 5.7 5.7 5.8 4.2 4.2 1.7 1.7 2.2 2.2 2.2 2.2 5.5 5.6 5.6 4.1 4.1 0.1 1.7 1.7 1.7 1.7 18/05/1969
0.2 0.0 0.0 0.0 0.0 0.0 0.2 0.2 0.2 0.2 0.0 0.0 0.2 0.2 0.0 0.0 0.0 0.0 0.1 0.2 0.2 0.0 0.0 0.1 0.2 0.2 0.2 0.2 19/05/1969
0.0 0.1 0.1 0.1 0.1 0.1 0.0 0.0 0.0 0.0 0.2 0.2 0.0 0.0 0.1 0.1 0.1 0.1 0.0 0.0 0.0 0.2 0.2 0.0 0.0 0.0 0.0 0.0 20/05/1969
0.0 0.0 0.0 0.0 0.0 0.0 0.0 0.0 0.0 0.0 0.0 0.0 0.0 0.0 0.0 0.0 0.0 0.0 0.0 0.0 0.0 0.0 0.0 0.0 0.0 0.0 0.0 0.0 21/05/1969
0.0 0.0 0.0 0.0 0.0 0.0 0.0 0.0 0.0 0.0 0.0 0.0 0.0 0.0 0.0 0.0 0.0 0.0 0.0 0.0 0.0 0.0 0.0 0.6 0.0 0.0 0.0 0.0 22/05/1969
1.6 0.4 0.4 0.4 0.4 0.4 0.3 0.3 0.3 0.3 0.0 0.0 1.7 1.7 0.4 0.4 0.4 0.4 0.3 0.3 0.3 0.0 0.0 2.5 1.6 1.6 1.7 1.7 23/05/1969
4.5 0.2 0.2 0.2 0.2 0.2 1.2 1.3 1.3 1.3 3.2 3.2 4.6 4.6 0.2 0.2 0.2 0.2 1.2 1.2 1.2 3.1 3.1 5.4 4.6 4.6 4.6 4.6 24/05/1969
9.2 6.0 6.1 6.0 6.0 6.1 5.6 5.7 5.7 5.8 6.1 6.1 9.3 9.3 6.1 6.1 6.1 6.1 5.5 5.6 5.6 5.9 5.9 3.0 9.3 9.3 9.3 9.4 25/05/1969
6.0 5.7 5.7 5.7 5.7 5.7 0.1 0.1 0.1 0.1 0.1 0.1 6.1 6.1 5.8 5.8 5.8 5.8 0.1 0.1 0.1 0.1 0.1 3.0 6.0 6.0 6.1 6.1 26/05/1969
6.6 8.6 8.7 8.6 8.6 8.7 6.0 6.0 6.1 6.2 11.4 11.4 6.7 6.7 8.8 8.7 8.7 8.8 5.9 6.0 6.0 11.2 11.1 4.3 6.7 6.7 6.7 6.7 27/05/1969
0.0 0.0 0.0 0.0 0.0 0.0 0.0 0.0 0.0 0.0 0.0 0.0 0.0 0.0 0.0 0.0 0.0 0.0 0.0 0.0 0.0 0.0 0.0 0.0 0.0 0.0 0.0 0.0 28/05/1969
6.1 4.9 5.0 4.9 4.9 5.0 4.5 4.6 4.6 4.7 3.9 3.9 6.2 6.2 5.0 5.0 5.0 5.0 4.5 4.5 4.6 3.8 3.8 3.6 6.2 6.2 6.2 6.2 29/05/1969
11.6 9.8 9.8 9.8 9.8 9.9 10.2 10.3 10.4 10.5 7.5 7.5 11.8 11.8 10.0 9.9 9.9 9.9 10.0 10.2 10.3 7.3 7.3 7.1 11.7 11.7 11.8 11.9 30/05/1969
0.8 0.3 0.3 0.3 0.3 0.3 12.3 12.5 12.6 12.8 10.4 10.4 0.8 0.8 0.3 0.3 0.3 0.3 12.1 12.3 12.4 10.1 10.1 0.6 0.8 0.8 0.8 0.8 31/05/1969
0.0 0.0 0.0 0.0 0.0 0.0 1.7 1.8 1.8 1.8 1.2 1.2 0.0 0.0 0.0 0.0 0.0 0.0 1.7 1.7 1.8 1.2 1.2 0.0 0.0 0.0 0.0 0.0 01/06/1969
1.6 1.4 1.4 1.4 1.4 1.4 6.6 6.7 6.8 6.8 2.3 2.3 1.7 1.7 1.4 1.4 1.4 1.4 6.5 6.6 6.7 2.3 2.2 1.4 1.6 1.6 1.7 1.7 02/06/1969
2.6 3.8 3.9 3.8 3.9 3.9 13.8 13.9 14.1 14.2 17.2 17.2 2.7 2.7 3.9 3.9 3.9 3.9 13.6 13.8 13.9 16.8 16.7 2.7 2.6 2.6 2.7 2.7 03/06/1969
1.4 1.5 1.5 1.5 1.5 1.5 2.9 3.0 3.0 3.0 1.3 1.3 1.4 1.4 1.5 1.5 1.5 1.5 2.9 2.9 2.9 1.3 1.3 0.0 1.4 1.4 1.4 1.4 04/06/1969
0.5 0.8 0.8 0.8 0.8 0.8 0.4 0.4 0.4 0.4 0.0 0.0 0.5 0.5 0.8 0.8 0.8 0.8 0.4 0.4 0.4 0.0 0.0 0.0 0.5 0.5 0.5 0.5 05/06/1969
0.0 0.0 0.0 0.0 0.0 0.0 0.0 0.0 0.0 0.0 0.0 0.0 0.0 0.0 0.0 0.0 0.0 0.0 0.0 0.0 0.0 0.0 0.0 0.0 0.0 0.0 0.0 0.0 06/06/1969
0.0 0.0 0.0 0.0 0.0 0.0 0.0 0.0 0.0 0.0 0.0 0.0 0.0 0.0 0.0 0.0 0.0 0.0 0.0 0.0 0.0 0.0 0.0 0.0 0.0 0.0 0.0 0.0 07/06/1969
0.0 0.0 0.0 0.0 0.0 0.0 0.0 0.0 0.0 0.0 0.0 0.0 0.0 0.0 0.0 0.0 0.0 0.0 0.0 0.0 0.0 0.0 0.0 0.0 0.0 0.0 0.0 0.0 08/06/1969
0.0 0.0 0.0 0.0 0.0 0.0 0.0 0.0 0.0 0.0 0.0 0.0 0.0 0.0 0.0 0.0 0.0 0.0 0.0 0.0 0.0 0.0 0.0 0.0 0.0 0.0 0.0 0.0 09/06/1969
0.0 0.0 0.0 0.0 0.0 0.0 0.0 0.0 0.0 0.0 0.0 0.0 0.0 0.0 0.0 0.0 0.0 0.0 0.0 0.0 0.0 0.0 0.0 0.0 0.0 0.0 0.0 0.0 10/06/1969
0.0 0.0 0.0 0.0 0.0 0.0 0.0 0.0 0.0 0.0 0.0 0.0 0.0 0.0 0.0 0.0 0.0 0.0 0.0 0.0 0.0 0.0 0.0 0.0 0.0 0.0 0.0 0.0 11/06/1969
0.0 0.0 0.0 0.0 0.0 0.0 2.5 2.5 2.6 2.6 0.0 0.0 0.0 0.0 0.0 0.0 0.0 0.0 2.5 2.5 2.5 0.0 0.0 0.0 0.0 0.0 0.0 0.0 12/06/1969
0.0 0.0 0.0 0.0 0.0 0.0 1.1 1.1 1.1 1.1 2.5 2.5 0.0 0.0 0.0 0.0 0.0 0.0 1.0 1.1 1.1 2.5 2.5 0.0 0.0 0.0 0.0 0.0 13/06/1969
0.0 0.0 0.0 0.0 0.0 0.0 2.1 2.1 2.1 2.1 3.4 3.4 0.0 0.0 0.0 0.0 0.0 0.0 2.1 2.1 2.1 3.4 3.3 0.0 0.0 0.0 0.0 0.0 14/06/1969
0.5 0.2 0.2 0.2 0.2 0.2 10.4 10.5 10.7 10.8 2.1 2.1 0.5 0.5 0.2 0.2 0.2 0.2 10.3 10.4 10.5 2.1 2.1 0.3 0.5 0.5 0.5 0.5 15/06/1969
4.0 3.1 3.1 3.1 3.1 3.1 8.6 8.7 8.8 8.8 5.0 5.0 4.0 4.0 3.2 3.2 3.2 3.2 8.5 8.6 8.6 4.9 4.9 8.6 4.0 4.0 4.0 4.1 16/06/1969
3.5 4.2 4.2 4.2 4.2 4.2 2.7 2.7 2.7 2.8 2.9 2.9 3.6 3.6 4.2 4.2 4.2 4.2 2.7 2.7 2.7 2.8 2.8 3.3 3.5 3.5 3.6 3.6 17/06/1969
7.6 2.2 2.2 2.2 2.2 2.2 2.8 2.9 2.9 2.9 1.5 1.5 7.7 7.7 2.3 2.3 2.3 2.3 2.8 2.8 2.9 1.5 1.5 2.2 7.6 7.6 7.7 7.7 18/06/1969
3.8 1.5 1.5 1.5 1.5 1.5 1.7 1.7 1.7 1.8 0.6 0.6 3.9 3.9 1.6 1.6 1.6 1.6 1.7 1.7 1.7 0.5 0.5 2.3 3.9 3.9 3.9 3.9 19/06/1969
4.7 3.8 3.8 3.8 3.8 3.8 6.2 6.3 6.3 6.4 5.2 5.2 4.8 4.8 3.9 3.9 3.9 3.9 6.1 6.2 6.2 5.0 5.0 2.6 4.7 4.7 4.8 4.8 20/06/1969
1.8 2.0 2.0 2.0 2.0 2.0 2.2 2.2 2.2 2.2 0.9 0.9 1.9 1.9 2.0 2.0 2.0 2.0 2.2 2.2 2.2 0.9 0.9 6.3 1.8 1.8 1.9 1.9 21/06/1969
9.1 5.2 5.2 5.2 5.2 5.2 0.3 0.3 0.4 0.4 0.4 0.4 9.2 9.2 5.2 5.2 5.2 5.2 0.3 0.3 0.3 0.4 0.4 4.1 9.1 9.1 9.2 9.2 22/06/1969
7.7 9.0 9.1 9.0 9.0 9.1 15.3 15.5 15.7 15.9 20.1 20.2 7.7 7.7 9.2 9.1 9.1 9.2 15.1 15.4 15.5 19.7 19.5 2.3 7.7 7.7 7.8 7.8 23/06/1969
3.1 22.6 22.8 22.7 22.7 22.8 40.2 40.7 41.2 41.7 28.7 28.8 3.2 3.2 23.0 23.0 23.0 23.0 39.6 40.3 40.6 28.1 27.9 2.5 3.1 3.1 3.2 3.2 24/06/1969
0.0 0.0 0.0 0.0 0.0 0.0 1.5 1.5 1.5 1.5 1.3 1.3 0.0 0.0 0.0 0.0 0.0 0.0 1.4 1.5 1.5 1.2 1.2 0.0 0.0 0.0 0.0 0.0 25/06/1969
1.3 0.1 0.1 0.1 0.1 0.1 0.0 0.0 0.0 0.0 0.2 0.2 1.3 1.3 0.1 0.1 0.1 0.1 0.0 0.0 0.0 0.2 0.2 0.0 1.3 1.3 1.3 1.3 26/06/1969
0.0 0.2 0.2 0.2 0.2 0.2 3.0 3.0 3.1 3.1 2.9 3.0 0.0 0.0 0.2 0.2 0.2 0.2 3.0 3.0 3.0 2.9 2.9 0.2 0.0 0.0 0.0 0.0 27/06/1969
0.0 0.0 0.0 0.0 0.0 0.0 0.0 0.0 0.0 0.0 0.0 0.0 0.0 0.0 0.0 0.0 0.0 0.0 0.0 0.0 0.0 0.0 0.0 0.0 0.0 0.0 0.0 0.0 28/06/1969
0.0 0.0 0.0 0.0 0.0 0.0 0.0 0.0 0.0 0.0 0.0 0.0 0.0 0.0 0.0 0.0 0.0 0.0 0.0 0.0 0.0 0.0 0.0 0.0 0.0 0.0 0.0 0.0 29/06/1969
0.0 0.0 0.0 0.0 0.0 0.0 0.0 0.0 0.0 0.0 0.0 0.0 0.0 0.0 0.0 0.0 0.0 0.0 0.0 0.0 0.0 0.0 0.0 0.0 0.0 0.0 0.0 0.0 30/06/1969
0.0 0.0 0.0 0.0 0.0 0.0 0.0 0.0 0.0 0.0 0.0 0.0 0.0 0.0 0.0 0.0 0.0 0.0 0.0 0.0 0.0 0.0 0.0 0.0 0.0 0.0 0.0 0.0 01/07/1969
0.0 0.0 0.0 0.0 0.0 0.0 0.0 0.0 0.0 0.0 0.0 0.0 0.0 0.0 0.0 0.0 0.0 0.0 0.0 0.0 0.0 0.0 0.0 0.0 0.0 0.0 0.0 0.0 02/07/1969
0.0 0.0 0.0 0.0 0.0 0.0 0.0 0.0 0.0 0.0 0.0 0.0 0.0 0.0 0.0 0.0 0.0 0.0 0.0 0.0 0.0 0.0 0.0 0.0 0.0 0.0 0.0 0.0 03/07/1969
0.0 0.0 0.0 0.0 0.0 0.0 0.0 0.0 0.0 0.0 0.0 0.0 0.0 0.0 0.0 0.0 0.0 0.0 0.0 0.0 0.0 0.0 0.0 0.0 0.0 0.0 0.0 0.0 04/07/1969
0.0 0.0 0.0 0.0 0.0 0.0 0.0 0.0 0.0 0.0 0.0 0.0 0.0 0.0 0.0 0.0 0.0 0.0 0.0 0.0 0.0 0.0 0.0 0.0 0.0 0.0 0.0 0.0 05/07/1969
32.5 24.0 24.1 24.0 24.0 24.1 9.6 9.7 9.8 9.9 10.1 10.1 32.9 32.9 24.4 24.3 24.3 24.4 9.4 9.6 9.7 9.9 9.8 18.9 32.7 32.7 33.0 33.1 06/07/1969
2.1 6.8 6.8 6.8 6.8 6.8 3.9 4.0 4.0 4.0 4.4 4.4 2.2 2.2 6.9 6.9 6.9 6.9 3.9 3.9 4.0 4.3 4.3 0.9 2.2 2.2 2.2 2.2 07/07/1969
0.0 2.8 2.8 2.8 2.8 2.8 4.8 4.9 4.9 5.0 6.8 6.8 0.0 0.0 2.9 2.9 2.9 2.9 4.8 4.8 4.9 6.7 6.6 0.4 0.0 0.0 0.0 0.0 08/07/1969
1.6 4.3 4.4 4.3 4.3 4.4 3.8 3.8 3.8 3.9 6.0 6.0 1.6 1.6 4.4 4.4 4.4 4.4 3.7 3.8 3.8 5.9 5.8 0.0 1.6 1.6 1.6 1.6 09/07/1969
2.6 2.8 2.8 2.8 2.8 2.8 3.4 3.5 3.5 3.5 5.2 5.2 2.7 2.7 2.8 2.8 2.8 2.8 3.4 3.4 3.5 5.1 5.0 0.7 2.7 2.7 2.7 2.7 10/07/1969
0.0 0.0 0.0 0.0 0.0 0.0 6.2 6.3 6.3 6.4 6.7 6.7 0.0 0.0 0.0 0.0 0.0 0.0 6.1 6.2 6.2 6.5 6.5 0.0 0.0 0.0 0.0 0.0 11/07/1969
0.0 0.0 0.0 0.0 0.0 0.0 0.0 0.0 0.0 0.0 0.0 0.0 0.0 0.0 0.0 0.0 0.0 0.0 0.0 0.0 0.0 0.0 0.0 0.0 0.0 0.0 0.0 0.0 12/07/1969
0.0 0.0 0.0 0.0 0.0 0.0 0.0 0.0 0.0 0.0 0.0 0.0 0.0 0.0 0.0 0.0 0.0 0.0 0.0 0.0 0.0 0.0 0.0 0.0 0.0 0.0 0.0 0.0 13/07/1969
0.0 0.4 0.4 0.4 0.4 0.4 0.0 0.0 0.0 0.0 0.0 0.0 0.0 0.0 0.5 0.5 0.5 0.5 0.0 0.0 0.0 0.0 0.0 0.0 0.0 0.0 0.0 0.0 14/07/1969
0.0 0.0 0.0 0.0 0.0 0.0 0.0 0.0 0.0 0.0 0.0 0.0 0.0 0.0 0.0 0.0 0.0 0.0 0.0 0.0 0.0 0.0 0.0 0.0 0.0 0.0 0.0 0.0 15/07/1969
0.0 10.5 10.5 10.5 10.5 10.5 0.4 0.4 0.4 0.4 0.0 0.0 0.0 0.0 10.6 10.6 10.6 10.6 0.4 0.4 0.4 0.0 0.0 0.0 0.0 0.0 0.0 0.0 16/07/1969
0.0 0.0 0.0 0.0 0.0 0.0 0.0 0.0 0.0 0.0 0.0 0.0 0.0 0.0 0.0 0.0 0.0 0.0 0.0 0.0 0.0 0.0 0.0 0.0 0.0 0.0 0.0 0.0 17/07/1969
0.0 0.0 0.0 0.0 0.0 0.0 0.0 0.0 0.0 0.0 0.0 0.0 0.0 0.0 0.0 0.0 0.0 0.0 0.0 0.0 0.0 0.0 0.0 0.0 0.0 0.0 0.0 0.0 18/07/1969
0.0 0.0 0.0 0.0 0.0 0.0 0.0 0.0 0.0 0.0 0.0 0.0 0.0 0.0 0.0 0.0 0.0 0.0 0.0 0.0 0.0 0.0 0.0 0.0 0.0 0.0 0.0 0.0 19/07/1969
0.0 0.0 0.0 0.0 0.0 0.0 0.0 0.0 0.0 0.0 0.0 0.0 0.0 0.0 0.0 0.0 0.0 0.0 0.0 0.0 0.0 0.0 0.0 0.0 0.0 0.0 0.0 0.0 20/07/1969
1.8 0.1 0.1 0.1 0.1 0.1 0.0 0.0 0.0 0.0 0.0 0.0 1.8 1.8 0.1 0.1 0.1 0.1 0.0 0.0 0.0 0.0 0.0 0.0 1.8 1.8 1.8 1.8 21/07/1969
0.0 0.0 0.0 0.0 0.0 0.0 0.0 0.0 0.0 0.0 0.0 0.0 0.0 0.0 0.0 0.0 0.0 0.0 0.0 0.0 0.0 0.0 0.0 0.0 0.0 0.0 0.0 0.0 22/07/1969
7.2 1.7 1.7 1.7 1.7 1.7 0.0 0.0 0.0 0.0 0.0 0.0 7.3 7.3 1.7 1.7 1.7 1.7 0.0 0.0 0.0 0.0 0.0 13.1 7.2 7.2 7.3 7.3 23/07/1969
6.1 11.6 11.7 11.6 11.6 11.7 22.7 23.0 23.3 23.5 7.6 7.6 6.2 6.2 11.8 11.8 11.8 11.8 22.4 22.8 22.9 7.5 7.4 0.0 6.1 6.1 6.2 6.2 24/07/1969
0.0 0.0 0.0 0.0 0.0 0.0 0.0 0.0 0.0 0.0 0.0 0.0 0.0 0.0 0.0 0.0 0.0 0.0 0.0 0.0 0.0 0.0 0.0 0.0 0.0 0.0 0.0 0.0 25/07/1969
0.0 0.0 0.0 0.0 0.0 0.0 0.0 0.0 0.0 0.0 0.0 0.0 0.0 0.0 0.0 0.0 0.0 0.0 0.0 0.0 0.0 0.0 0.0 0.0 0.0 0.0 0.0 0.0 26/07/1969
0.0 0.0 0.0 0.0 0.0 0.0 0.0 0.0 0.0 0.0 0.0 0.0 0.0 0.0 0.0 0.0 0.0 0.0 0.0 0.0 0.0 0.0 0.0 0.0 0.0 0.0 0.0 0.0 27/07/1969
37.8 14.9 15.0 14.9 15.0 15.0 0.0 0.0 0.0 0.0 0.0 0.0 38.3 38.3 15.2 15.1 15.1 15.2 0.0 0.0 0.0 0.0 0.0 34.4 38.0 38.0 38.3 38.5 28/07/1969
7.0 7.9 8.0 7.9 7.9 8.0 0.0 0.0 0.0 0.0 0.1 0.1 7.0 7.0 8.0 8.0 8.0 8.0 0.0 0.0 0.0 0.1 0.1 3.7 7.0 7.0 7.1 7.1 29/07/1969
0.0 0.0 0.0 0.0 0.0 0.0 0.0 0.0 0.0 0.0 0.0 0.0 0.0 0.0 0.0 0.0 0.0 0.0 0.0 0.0 0.0 0.0 0.0 0.0 0.0 0.0 0.0 0.0 30/07/1969
0.0 0.0 0.0 0.0 0.0 0.0 0.0 0.0 0.0 0.0 0.0 0.0 0.0 0.0 0.0 0.0 0.0 0.0 0.0 0.0 0.0 0.0 0.0 0.0 0.0 0.0 0.0 0.0 31/07/1969
