# 460 461 462 463 464 465 489 490 491 492 493 494 518 519 520 521 522 523 547 548 549 550 551 575 576 577 578 579 Date
0.1 0.8 0.8 0.8 0.8 0.8 8.7 8.8 8.9 9.0 10.7 10.7 0.1 0.1 0.8 0.8 0.8 0.8 8.5 8.7 8.7 10.4 10.4 0.0 0.1 0.1 0.1 0.1 01/08/1997
0.1 1.2 1.2 1.2 1.2 1.2 0.8 0.9 0.9 0.9 0.4 0.4 0.2 0.2 1.2 1.2 1.2 1.2 0.8 0.8 0.9 0.4 0.4 0.1 0.1 0.1 0.2 0.2 02/08/1997
0.2 0.5 0.5 0.5 0.5 0.5 0.8 0.8 0.8 0.8 0.8 0.8 0.2 0.2 0.5 0.5 0.5 0.5 0.8 0.8 0.8 0.8 0.8 0.0 0.2 0.2 0.2 0.2 03/08/1997
6.9 6.6 6.6 6.6 6.6 6.6 0.0 0.0 0.0 0.0 0.0 0.0 7.0 7.0 6.7 6.7 6.7 6.7 0.0 0.0 0.0 0.0 0.0 1.8 6.9 6.9 7.0 7.0 04/08/1997
18.4 28.5 28.7 28.5 28.6 28.7 2.1 2.1 2.1 2.2 0.0 0.0 18.6 18.6 29.0 28.9 28.9 29.0 2.0 2.1 2.1 0.0 0.0 13.6 18.5 18.5 18.6 18.7 05/08/1997
8.0 7.2 7.3 7.2 7.2 7.3 9.0 9.1 9.2 9.3 15.1 15.1 8.1 8.1 7.3 7.3 7.3 7.3 8.8 9.0 9.0 14.8 14.6 8.9 8.1 8.1 8.1 8.2 06/08/1997
0.3 2.4 2.4 2.4 2.4 2.4 0.1 0.1 0.1 0.1 0.0 0.0 0.3 0.3 2.4 2.4 2.4 2.4 0.1 0.1 0.1 0.0 0.0 0.1 0.3 0.3 0.3 0.3 07/08/1997
0.1 0.2 0.2 0.2 0.2 0.2 0.0 0.0 0.0 0.0 0.1 0.1 0.1 0.1 0.2 0.2 0.2 0.2 0.0 0.0 0.0 0.1 0.1 0.1 0.1 0.1 0.1 0.1 08/08/1997
0.0 0.0 0.0 0.0 0.0 0.0 0.0 0.0 0.0 0.0 0.0 0.0 0.0 0.0 0.0 0.0 0.0 0.0 0.0 0.0 0.0 0.0 0.0 0.0 0.0 0.0 0.0 0.0 09/08/1997
0.4 0.0 0.0 0.0 0.0 0.0 0.0 0.0 0.0 0.0 0.0 0.0 0.4 0.4 0.0 0.0 0.0 0.0 0.0 0.0 0.0 0.0 0.0 0.0 0.4 0.4 0.4 0.4 10/08/1997
0.0 0.0 0.0 0.0 0.0 0.0 0.0 0.0 0.0 0.0 0.0 0.0 0.0 0.0 0.0 0.0 0.0 0.0 0.0 0.0 0.0 0.0 0.0 0.0 0.0 0.0 0.0 0.0 11/08/1997
40.4 8.8 8.9 8.8 8.9 8.9 0.0 0.0 0.0 0.0 0.0 0.0 40.9 40.9 9.0 9.0 9.0 9.0 0.0 0.0 0.0 0.0 0.0 14.7 40.7 40.7 41.0 41.2 12/08/1997
0.2 0.1 0.1 0.1 0.1 0.1 0.2 0.2 0.2 0.2 0.0 0.0 0.2 0.2 0.1 0.1 0.1 0.1 0.2 0.2 0.2 0.0 0.0 0.1 0.2 0.2 0.2 0.2 13/08/1997
0.1 0.0 0.0 0.0 0.0 0.0 0.0 0.0 0.0 0.0 0.0 0.0 0.1 0.1 0.0 0.0 0.0 0.0 0.0 0.0 0.0 0.0 0.0 0.0 0.1 0.1 0.1 0.1 14/08/1997
0.0 0.0 0.0 0.0 0.0 0.0 0.0 0.0 0.0 0.0 0.0 0.0 0.0 0.0 0.0 0.0 0.0 0.0 0.0 0.0 0.0 0.0 0.0 0.0 0.0 0.0 0.0 0.0 15/08/1997
0.0 0.0 0.0 0.0 0.0 0.0 0.0 0.0 0.0 0.0 0.0 0.0 0.0 0.0 0.0 0.0 0.0 0.0 0.0 0.0 0.0 0.0 0.0 0.0 0.0 0.0 0.0 0.0 16/08/1997
0.0 0.1 0.1 0.1 0.1 0.1 0.0 0.0 0.0 0.0 0.1 0.1 0.0 0.0 0.1 0.1 0.1 0.1 0.0 0.0 0.0 0.1 0.1 0.0 0.0 0.0 0.0 0.0 17/08/1997
0.0 0.1 0.1 0.1 0.1 0.1 0.0 0.0 0.0 0.0 0.0 0.0 0.0 0.0 0.1 0.1 0.1 0.1 0.0 0.0 0.0 0.0 0.0 0.0 0.0 0.0 0.0 0.0 18/08/1997
0.0 0.0 0.0 0.0 0.0 0.0 0.0 0.0 0.0 0.0 0.0 0.0 0.0 0.0 0.0 0.0 0.0 0.0 0.0 0.0 0.0 0.0 0.0 0.0 0.0 0.0 0.0 0.0 19/08/1997
0.0 0.0 0.0 0.0 0.0 0.0 0.0 0.0 0.0 0.0 0.0 0.0 0.0 0.0 0.0 0.0 0.0 0.0 0.0 0.0 0.0 0.0 0.0 0.0 0.0 0.0 0.0 0.0 20/08/1997
0.0 0.0 0.0 0.0 0.0 0.0 0.0 0.0 0.0 0.0 0.0 0.0 0.0 0.0 0.0 0.0 0.0 0.0 0.0 0.0 0.0 0.0 0.0 0.0 0.0 0.0 0.0 0.0 21/08/1997
0.0 0.2 0.2 0.2 0.2 0.2 0.0 0.0 0.0 0.0 0.0 0.0 0.0 0.0 0.2 0.2 0.2 0.2 0.0 0.0 0.0 0.0 0.0 0.0 0.0 0.0 0.0 0.0 22/08/1997
0.0 0.2 0.2 0.2 0.2 0.2 0.0 0.0 0.0 0.0 0.0 0.0 0.0 0.0 0.2 0.2 0.2 0.2 0.0 0.0 0.0 0.0 0.0 0.0 0.0 0.0 0.0 0.0 23/08/1997
5.7 8.2 8.3 8.2 8.2 8.3 0.0 0.0 0.0 0.0 0.4 0.4 5.8 5.8 8.3 8.3 8.3 8.3 0.0 0.0 0.0 0.3 0.3 6.4 5.8 5.8 5.8 5.8 24/08/1997
13.7 2.2 2.2 2.2 2.2 2.3 0.4 0.4 0.4 0.4 2.0 2.0 13.9 13.9 2.3 2.3 2.3 2.3 0.4 0.4 0.4 2.0 2.0 23.1 13.8 13.8 13.9 14.0 25/08/1997
1.1 0.0 0.0 0.0 0.0 0.0 1.3 1.3 1.3 1.3 1.0 1.0 1.1 1.1 0.0 0.0 0.0 0.0 1.2 1.3 1.3 1.0 1.0 0.5 1.1 1.1 1.1 1.1 26/08/1997
12.5 8.6 8.7 8.6 8.6 8.7 11.4 11.6 11.7 11.8 22.5 22.6 12.6 12.6 8.8 8.7 8.7 8.7 11.2 11.4 11.5 22.0 21.9 16.4 12.5 12.5 12.6 12.7 27/08/1997
9.2 5.2 5.2 5.2 5.2 5.2 6.0 6.1 6.1 6.2 5.1 5.1 9.3 9.3 5.3 5.3 5.3 5.3 5.9 6.0 6.0 5.0 4.9 9.1 9.3 9.3 9.3 9.4 28/08/1997
12.6 8.1 8.2 8.1 8.1 8.2 4.0 4.0 4.1 4.1 2.3 2.3 12.8 12.8 8.3 8.2 8.2 8.3 3.9 4.0 4.0 2.2 2.2 7.4 12.7 12.7 12.8 12.9 29/08/1997
0.1 0.1 0.1 0.1 0.1 0.1 4.0 4.0 4.1 4.1 9.9 10.0 0.1 0.1 0.1 0.1 0.1 0.1 3.9 4.0 4.0 9.7 9.7 0.5 0.1 0.1 0.1 0.1 30/08/1997
0.0 0.0 0.0 0.0 0.0 0.0 1.4 1.4 1.4 1.4 0.2 0.2 0.0 0.0 0.0 0.0 0.0 0.0 1.4 1.4 1.4 0.2 0.2 0.0 0.0 0.0 0.0 0.0 31/08/1997
0.1 0.1 0.1 0.1 0.1 0.1 8.8 9.0 9.1 9.2 17.2 17.3 0.1 0.1 0.1 0.1 0.1 0.1 8.7 8.9 8.9 16.9 16.7 0.0 0.1 0.1 0.1 0.1 01/09/1997
0.0 0.0 0.0 0.0 0.0 0.0 0.1 0.1 0.1 0.1 0.2 0.2 0.0 0.0 0.0 0.0 0.0 0.0 0.1 0.1 0.1 0.2 0.2 0.0 0.0 0.0 0.0 0.0 02/09/1997
0.2 0.1 0.1 0.1 0.1 0.1 0.0 0.0 0.0 0.0 0.2 0.2 0.2 0.2 0.1 0.1 0.1 0.1 0.0 0.0 0.0 0.2 0.2 0.0 0.2 0.2 0.2 0.2 03/09/1997
2.1 3.0 3.1 3.1 3.1 3.1 0.2 0.2 0.2 0.2 0.4 0.4 2.2 2.2 3.1 3.1 3.1 3.1 0.2 0.2 0.2 0.3 0.3 1.0 2.2 2.2 2.2 2.2 04/09/1997
0.1 0.1 0.1 0.1 0.1 0.1 0.0 0.0 0.0 0.0 0.0 0.0 0.1 0.1 0.1 0.1 0.1 0.1 0.0 0.0 0.0 0.0 0.0 0.0 0.1 0.1 0.1 0.1 05/09/1997
0.0 0.0 0.0 0.0 0.0 0.0 0.4 0.5 0.5 0.5 0.9 0.9 0.0 0.0 0.0 0.0 0.0 0.0 0.4 0.4 0.4 0.9 0.9 0.0 0.0 0.0 0.0 0.0 06/09/1997
1.2 1.4 1.4 1.4 1.4 1.4 0.6 0.6 0.6 0.6 1.0 1.0 1.2 1.2 1.4 1.4 1.4 1.4 0.6 0.6 0.6 1.0 1.0 0.3 1.2 1.2 1.2 1.2 07/09/1997
0.0 0.0 0.0 0.0 0.0 0.0 0.1 0.1 0.1 0.1 0.1 0.1 0.0 0.0 0.0 0.0 0.0 0.0 0.1 0.1 0.1 0.1 0.1 0.0 0.0 0.0 0.0 0.0 08/09/1997
0.0 0.0 0.0 0.0 0.0 0.0 0.0 0.0 0.0 0.0 0.1 0.1 0.0 0.0 0.0 0.0 0.0 0.0 0.0 0.0 0.0 0.1 0.1 0.0 0.0 0.0 0.0 0.0 09/09/1997
0.0 0.0 0.0 0.0 0.0 0.0 0.0 0.0 0.0 0.0 0.0 0.0 0.0 0.0 0.0 0.0 0.0 0.0 0.0 0.0 0.0 0.0 0.0 0.0 0.0 0.0 0.0 0.0 10/09/1997
0.0 0.0 0.0 0.0 0.0 0.0 0.0 0.0 0.0 0.0 0.0 0.0 0.0 0.0 0.0 0.0 0.0 0.0 0.0 0.0 0.0 0.0 0.0 0.0 0.0 0.0 0.0 0.0 11/09/1997
10.3 8.6 8.7 8.6 8.6 8.7 2.1 2.1 2.2 2.2 5.3 5.3 10.5 10.5 8.8 8.7 8.7 8.7 2.1 2.1 2.1 5.2 5.2 5.1 10.4 10.4 10.5 10.5 12/09/1997
4.5 4.6 4.6 4.6 4.6 4.6 0.1 0.1 0.1 0.1 0.7 0.7 4.5 4.5 4.7 4.7 4.7 4.7 0.1 0.1 0.1 0.6 0.6 8.0 4.5 4.5 4.5 4.5 13/09/1997
0.1 0.1 0.1 0.1 0.1 0.1 0.0 0.0 0.0 0.0 0.0 0.0 0.1 0.1 0.1 0.1 0.1 0.1 0.0 0.0 0.0 0.0 0.0 0.0 0.1 0.1 0.1 0.1 14/09/1997
0.2 0.0 0.0 0.0 0.0 0.0 0.0 0.0 0.0 0.0 0.0 0.0 0.2 0.2 0.0 0.0 0.0 0.0 0.0 0.0 0.0 0.0 0.0 0.0 0.2 0.2 0.2 0.2 15/09/1997
0.1 0.0 0.0 0.0 0.0 0.0 0.0 0.0 0.0 0.0 0.0 0.0 0.1 0.1 0.0 0.0 0.0 0.0 0.0 0.0 0.0 0.0 0.0 0.0 0.1 0.1 0.1 0.1 16/09/1997
0.2 0.0 0.0 0.0 0.0 0.0 0.0 0.0 0.0 0.0 0.0 0.0 0.2 0.2 0.0 0.0 0.0 0.0 0.0 0.0 0.0 0.0 0.0 0.0 0.2 0.2 0.2 0.2 17/09/1997
0.0 0.2 0.2 0.2 0.2 0.2 0.0 0.0 0.0 0.0 0.0 0.0 0.0 0.0 0.2 0.2 0.2 0.2 0.0 0.0 0.0 0.0 0.0 0.0 0.0 0.0 0.0 0.0 18/09/1997
0.0 0.0 0.0 0.0 0.0 0.0 0.0 0.0 0.0 0.0 0.0 0.0 0.0 0.0 0.0 0.0 0.0 0.0 0.0 0.0 0.0 0.0 0.0 0.0 0.0 0.0 0.0 0.0 19/09/1997
0.0 0.0 0.0 0.0 0.0 0.0 0.0 0.0 0.0 0.0 0.0 0.0 0.0 0.0 0.0 0.0 0.0 0.0 0.0 0.0 0.0 0.0 0.0 0.0 0.0 0.0 0.0 0.0 20/09/1997
0.0 0.0 0.0 0.0 0.0 0.0 0.0 0.0 0.0 0.0 0.0 0.0 0.0 0.0 0.0 0.0 0.0 0.0 0.0 0.0 0.0 0.0 0.0 0.0 0.0 0.0 0.0 0.0 21/09/1997
0.0 0.0 0.0 0.0 0.0 0.0 0.0 0.0 0.0 0.0 0.0 0.0 0.0 0.0 0.0 0.0 0.0 0.0 0.0 0.0 0.0 0.0 0.0 0.0 0.0 0.0 0.0 0.0 22/09/1997
0.1 0.0 0.0 0.0 0.0 0.0 0.0 0.0 0.0 0.0 0.0 0.0 0.1 0.1 0.0 0.0 0.0 0.0 0.0 0.0 0.0 0.0 0.0 0.0 0.1 0.1 0.1 0.1 23/09/1997
0.2 0.0 0.0 0.0 0.0 0.0 0.0 0.0 0.0 0.0 0.0 0.0 0.2 0.2 0.0 0.0 0.0 0.0 0.0 0.0 0.0 0.0 0.0 0.0 0.2 0.2 0.2 0.2 24/09/1997
0.2 0.1 0.1 0.1 0.1 0.1 0.0 0.0 0.0 0.0 0.0 0.0 0.2 0.2 0.1 0.1 0.1 0.1 0.0 0.0 0.0 0.0 0.0 0.0 0.2 0.2 0.2 0.2 25/09/1997
0.1 0.0 0.0 0.0 0.0 0.0 0.0 0.0 0.0 0.0 0.0 0.0 0.1 0.1 0.0 0.0 0.0 0.0 0.0 0.0 0.0 0.0 0.0 0.0 0.1 0.1 0.1 0.1 26/09/1997
0.1 0.0 0.0 0.0 0.0 0.0 0.0 0.0 0.0 0.0 0.0 0.0 0.1 0.1 0.0 0.0 0.0 0.0 0.0 0.0 0.0 0.0 0.0 0.0 0.1 0.1 0.1 0.1 27/09/1997
0.3 0.1 0.1 0.1 0.1 0.1 0.0 0.0 0.0 0.0 0.0 0.0 0.3 0.3 0.1 0.1 0.1 0.1 0.0 0.0 0.0 0.0 0.0 0.2 0.3 0.3 0.3 0.3 28/09/1997
0.4 0.1 0.1 0.1 0.1 0.1 0.0 0.0 0.0 0.0 0.0 0.0 0.4 0.4 0.1 0.1 0.1 0.1 0.0 0.0 0.0 0.0 0.0 0.2 0.4 0.4 0.4 0.4 29/09/1997
0.3 0.1 0.1 0.1 0.1 0.1 0.0 0.0 0.0 0.0 0.0 0.0 0.3 0.3 0.1 0.1 0.1 0.1 0.0 0.0 0.0 0.0 0.0 0.3 0.3 0.3 0.3 0.3 30/09/1997
0.1 0.0 0.0 0.0 0.0 0.0 0.0 0.0 0.0 0.0 0.0 0.0 0.1 0.1 0.0 0.0 0.0 0.0 0.0 0.0 0.0 0.0 0.0 0.0 0.1 0.1 0.1 0.1 01/10/1997
0.1 0.0 0.0 0.0 0.0 0.0 0.0 0.0 0.0 0.0 0.1 0.1 0.1 0.1 0.0 0.0 0.0 0.0 0.0 0.0 0.0 0.1 0.1 0.0 0.1 0.1 0.1 0.1 02/10/1997
0.1 0.0 0.0 0.0 0.0 0.0 0.0 0.0 0.0 0.0 0.1 0.1 0.1 0.1 0.0 0.0 0.0 0.0 0.0 0.0 0.0 0.1 0.1 0.0 0.1 0.1 0.1 0.1 03/10/1997
0.0 0.0 0.0 0.0 0.0 0.0 0.0 0.0 0.0 0.0 0.1 0.1 0.0 0.0 0.0 0.0 0.0 0.0 0.0 0.0 0.0 0.1 0.1 0.0 0.0 0.0 0.0 0.0 04/10/1997
0.0 0.0 0.0 0.0 0.0 0.0 0.0 0.0 0.0 0.0 0.2 0.2 0.0 0.0 0.0 0.0 0.0 0.0 0.0 0.0 0.0 0.2 0.2 0.0 0.0 0.0 0.0 0.0 05/10/1997
2.3 2.1 2.1 2.1 2.1 2.1 2.4 2.5 2.5 2.5 4.8 4.8 2.3 2.3 2.1 2.1 2.1 2.1 2.4 2.4 2.4 4.7 4.6 9.3 2.3 2.3 2.3 2.3 06/10/1997
2.5 4.8 4.8 4.8 4.8 4.8 3.1 3.1 3.1 3.2 5.1 5.1 2.5 2.5 4.9 4.9 4.9 4.9 3.1 3.1 3.1 4.9 4.9 2.0 2.5 2.5 2.5 2.5 07/10/1997
32.3 28.7 28.9 28.7 28.8 28.9 19.6 19.8 20.1 20.3 21.0 21.0 32.7 32.7 29.2 29.1 29.1 29.2 19.3 19.6 19.7 20.5 20.4 21.6 32.5 32.5 32.8 32.9 08/10/1997
13.5 8.9 8.9 8.9 8.9 8.9 2.5 2.6 2.6 2.6 2.0 2.0 13.7 13.7 9.0 9.0 9.0 9.0 2.5 2.6 2.6 2.0 1.9 11.5 13.6 13.6 13.7 13.8 09/10/1997
4.9 8.0 8.0 8.0 8.0 8.0 11.7 11.8 12.0 12.1 8.0 8.0 5.0 5.0 8.1 8.1 8.1 8.1 11.5 11.7 11.8 7.8 7.8 3.2 5.0 5.0 5.0 5.0 10/10/1997
21.7 31.2 31.4 31.2 31.2 31.4 15.1 15.3 15.5 15.6 16.2 16.3 22.0 22.0 31.7 31.6 31.6 31.7 14.9 15.2 15.3 15.9 15.8 16.1 21.8 21.8 22.0 22.1 11/10/1997
3.9 4.0 4.0 4.0 4.0 4.0 1.6 1.6 1.6 1.6 1.4 1.4 3.9 3.9 4.1 4.1 4.1 4.1 1.6 1.6 1.6 1.4 1.4 5.7 3.9 3.9 3.9 3.9 12/10/1997
3.3 5.4 5.4 5.4 5.4 5.4 3.4 3.4 3.5 3.5 2.6 2.6 3.4 3.4 5.5 5.5 5.5 5.5 3.3 3.4 3.4 2.6 2.6 3.3 3.3 3.3 3.4 3.4 13/10/1997
3.9 3.4 3.4 3.4 3.4 3.4 4.7 4.8 4.8 4.9 4.3 4.3 4.0 4.0 3.4 3.4 3.4 3.4 4.6 4.7 4.8 4.2 4.1 3.7 3.9 3.9 4.0 4.0 14/10/1997
7.0 4.6 4.7 4.6 4.6 4.7 6.9 7.0 7.1 7.2 10.7 10.7 7.0 7.0 4.7 4.7 4.7 4.7 6.9 7.0 7.0 10.5 10.4 8.1 7.0 7.0 7.0 7.1 15/10/1997
0.3 0.0 0.0 0.0 0.0 0.0 0.0 0.0 0.0 0.0 0.0 0.0 0.3 0.3 0.0 0.0 0.0 0.0 0.0 0.0 0.0 0.0 0.0 0.0 0.3 0.3 0.3 0.3 16/10/1997
0.1 0.0 0.0 0.0 0.0 0.0 0.0 0.0 0.0 0.0 0.0 0.0 0.1 0.1 0.0 0.0 0.0 0.0 0.0 0.0 0.0 0.0 0.0 0.0 0.1 0.1 0.1 0.1 17/10/1997
0.0 0.1 0.1 0.1 0.1 0.1 0.1 0.1 0.1 0.1 0.2 0.2 0.0 0.0 0.1 0.1 0.1 0.1 0.1 0.1 0.1 0.2 0.2 0.0 0.0 0.0 0.0 0.0 18/10/1997
0.0 0.2 0.2 0.2 0.2 0.2 0.1 0.1 0.1 0.1 0.2 0.2 0.0 0.0 0.2 0.2 0.2 0.2 0.1 0.1 0.1 0.2 0.2 0.0 0.0 0.0 0.0 0.0 19/10/1997
8.2 8.6 8.6 8.6 8.6 8.6 0.0 0.0 0.0 0.0 0.0 0.0 8.3 8.3 8.7 8.7 8.7 8.7 0.0 0.0 0.0 0.0 0.0 7.6 8.3 8.3 8.4 8.4 20/10/1997
0.1 0.0 0.0 0.0 0.0 0.0 0.0 0.0 0.0 0.0 0.0 0.0 0.1 0.1 0.0 0.0 0.0 0.0 0.0 0.0 0.0 0.0 0.0 0.0 0.1 0.1 0.1 0.1 21/10/1997
0.0 0.0 0.0 0.0 0.0 0.0 0.0 0.0 0.0 0.0 0.0 0.0 0.0 0.0 0.0 0.0 0.0 0.0 0.0 0.0 0.0 0.0 0.0 0.0 0.0 0.0 0.0 0.0 22/10/1997
0.0 0.0 0.0 0.0 0.0 0.0 0.0 0.0 0.0 0.0 0.2 0.2 0.0 0.0 0.0 0.0 0.0 0.0 0.0 0.0 0.0 0.2 0.2 0.0 0.0 0.0 0.0 0.0 23/10/1997
0.1 0.0 0.0 0.0 0.0 0.0 0.0 0.0 0.0 0.0 0.0 0.0 0.1 0.1 0.0 0.0 0.0 0.0 0.0 0.0 0.0 0.0 0.0 0.0 0.1 0.1 0.1 0.1 24/10/1997
0.2 0.0 0.0 0.0 0.0 0.0 0.0 0.0 0.0 0.0 0.0 0.0 0.2 0.2 0.0 0.0 0.0 0.0 0.0 0.0 0.0 0.0 0.0 0.0 0.2 0.2 0.2 0.2 25/10/1997
0.0 0.0 0.0 0.0 0.0 0.0 0.0 0.0 0.0 0.0 0.1 0.1 0.0 0.0 0.0 0.0 0.0 0.0 0.0 0.0 0.0 0.1 0.1 0.0 0.0 0.0 0.0 0.0 26/10/1997
0.0 0.0 0.0 0.0 0.0 0.0 0.0 0.0 0.0 0.0 0.0 0.0 0.0 0.0 0.0 0.0 0.0 0.0 0.0 0.0 0.0 0.0 0.0 0.0 0.0 0.0 0.0 0.0 27/10/1997
0.0 0.0 0.0 0.0 0.0 0.0 0.0 0.0 0.0 0.0 0.0 0.0 0.0 0.0 0.0 0.0 0.0 0.0 0.0 0.0 0.0 0.0 0.0 0.0 0.0 0.0 0.0 0.0 28/10/1997
0.0 0.0 0.0 0.0 0.0 0.0 0.0 0.0 0.0 0.0 0.0 0.0 0.0 0.0 0.0 0.0 0.0 0.0 0.0 0.0 0.0 0.0 0.0 0.0 0.0 0.0 0.0 0.0 29/10/1997
0.0 0.0 0.0 0.0 0.0 0.0 0.0 0.0 0.0 0.0 0.0 0.0 0.0 0.0 0.0 0.0 0.0 0.0 0.0 0.0 0.0 0.0 0.0 0.0 0.0 0.0 0.0 0.0 30/10/1997
0.0 0.0 0.0 0.0 0.0 0.0 0.0 0.0 0.0 0.0 0.0 0.0 0.0 0.0 0.0 0.0 0.0 0.0 0.0 0.0 0.0 0.0 0.0 0.0 0.0 0.0 0.0 0.0 31/10/1997
0.1 0.0 0.0 0.0 0.0 0.0 0.0 0.0 0.0 0.0 0.1 0.1 0.1 0.1 0.0 0.0 0.0 0.0 0.0 0.0 0.0 0.1 0.1 0.0 0.1 0.1 0.1 0.1 01/11/1997
0.0 0.0 0.0 0.0 0.0 0.0 0.0 0.0 0.0 0.0 0.1 0.1 0.0 0.0 0.0 0.0 0.0 0.0 0.0 0.0 0.0 0.1 0.1 0.0 0.0 0.0 0.0 0.0 02/11/1997
0.0 0.0 0.0 0.0 0.0 0.0 0.0 0.0 0.0 0.0 0.0 0.0 0.0 0.0 0.0 0.0 0.0 0.0 0.0 0.0 0.0 0.0 0.0 0.0 0.0 0.0 0.0 0.0 03/11/1997
2.9 2.2 2.3 2.2 2.2 2.3 4.3 4.4 4.4 4.5 8.9 9.0 3.0 3.0 2.3 2.3 2.3 2.3 4.3 4.3 4.4 8.7 8.7 1.3 3.0 3.0 3.0 3.0 04/11/1997
11.4 10.0 10.1 10.0 10.0 10.1 2.5 2.5 2.5 2.5 3.8 3.8 11.6 11.6 10.2 10.2 10.1 10.2 2.4 2.5 2.5 3.7 3.7 9.0 11.5 11.5 11.6 11.6 05/11/1997
4.4 8.9 8.9 8.9 8.9 8.9 16.5 16.7 16.9 17.1 19.6 19.7 4.5 4.5 9.0 9.0 9.0 9.0 16.3 16.6 16.7 19.2 19.1 1.8 4.5 4.5 4.5 4.5 06/11/1997
3.4 3.4 3.4 3.4 3.4 3.4 2.3 2.3 2.4 2.4 2.3 2.3 3.4 3.4 3.5 3.4 3.4 3.4 2.3 2.3 2.3 2.2 2.2 1.7 3.4 3.4 3.4 3.5 07/11/1997
7.3 4.8 4.8 4.8 4.8 4.8 2.4 2.4 2.5 2.5 6.4 6.5 7.4 7.4 4.9 4.9 4.9 4.9 2.4 2.4 2.4 6.3 6.3 12.2 7.4 7.4 7.4 7.5 08/11/1997
3.1 5.0 5.0 5.0 5.0 5.0 3.7 3.7 3.7 3.8 5.6 5.6 3.1 3.1 5.0 5.0 5.0 5.0 3.6 3.7 3.7 5.5 5.4 1.8 3.1 3.1 3.1 3.2 09/11/1997
3.2 2.3 2.4 2.3 2.3 2.4 4.3 4.3 4.4 4.4 5.1 5.1 3.2 3.2 2.4 2.4 2.4 2.4 4.2 4.3 4.3 5.0 4.9 2.2 3.2 3.2 3.2 3.2 10/11/1997
0.6 0.9 0.9 0.9 0.9 0.9 3.1 3.1 3.1 3.1 8.0 8.1 0.6 0.6 0.9 0.9 0.9 0.9 3.1 3.1 3.1 7.9 7.9 0.3 0.6 0.6 0.6 0.6 11/11/1997
0.2 0.2 0.2 0.2 0.2 0.2 2.4 2.4 2.5 2.5 9.1 9.1 0.2 0.2 0.2 0.2 0.2 0.2 2.4 2.4 2.4 8.9 8.8 0.4 0.2 0.2 0.2 0.2 12/11/1997
1.2 0.5 0.5 0.5 0.5 0.5 0.2 0.2 0.2 0.2 0.6 0.6 1.2 1.2 0.5 0.5 0.5 0.5 0.2 0.2 0.2 0.6 0.6 0.9 1.2 1.2 1.2 1.2 13/11/1997
1.0 1.1 1.1 1.1 1.1 1.1 0.0 0.0 0.0 0.0 0.0 0.0 1.0 1.0 1.1 1.1 1.1 1.1 0.0 0.0 0.0 0.0 0.0 0.7 1.0 1.0 1.0 1.0 14/11/1997
2.0 3.2 3.3 3.2 3.2 3.3 19.8 20.1 20.3 20.5 11.6 11.7 2.0 2.0 3.3 3.3 3.3 3.3 19.6 19.9 20.0 11.4 11.3 0.5 2.0 2.0 2.0 2.0 15/11/1997
0.3 0.4 0.4 0.4 0.4 0.4 2.2 2.2 2.2 2.2 0.8 0.8 0.3 0.3 0.4 0.4 0.4 0.4 2.2 2.2 2.2 0.8 0.8 0.2 0.3 0.3 0.3 0.3 16/11/1997
0.1 0.0 0.0 0.0 0.0 0.0 0.2 0.2 0.2 0.3 0.1 0.1 0.1 0.1 0.0 0.0 0.0 0.0 0.2 0.2 0.2 0.1 0.1 0.0 0.1 0.1 0.1 0.1 17/11/1997
2.5 3.6 3.6 3.6 3.6 3.6 0.8 0.9 0.9 0.9 0.7 0.7 2.5 2.5 3.6 3.6 3.6 3.6 0.8 0.8 0.9 0.7 0.7 3.3 2.5 2.5 2.5 2.5 18/11/1997
4.0 4.3 4.3 4.3 4.3 4.3 3.5 3.6 3.6 3.6 5.4 5.4 4.1 4.1 4.3 4.3 4.3 4.3 3.5 3.5 3.6 5.2 5.2 9.8 4.1 4.1 4.1 4.1 19/11/1997
7.9 7.1 7.2 7.1 7.2 7.2 4.9 5.0 5.0 5.1 9.1 9.1 8.0 8.0 7.3 7.2 7.2 7.3 4.9 4.9 5.0 8.9 8.9 5.4 7.9 7.9 8.0 8.1 20/11/1997
0.1 0.5 0.5 0.5 0.5 0.5 0.6 0.6 0.6 0.6 0.0 0.0 0.1 0.1 0.5 0.5 0.5 0.5 0.6 0.6 0.6 0.0 0.0 0.2 0.1 0.1 0.1 0.1 21/11/1997
0.4 0.1 0.1 0.1 0.1 0.1 1.1 1.1 1.1 1.1 0.0 0.0 0.4 0.4 0.1 0.1 0.1 0.1 1.1 1.1 1.1 0.0 0.0 0.4 0.4 0.4 0.4 0.4 22/11/1997
0.7 0.0 0.0 0.0 0.0 0.0 0.1 0.1 0.1 0.1 0.0 0.0 0.7 0.7 0.0 0.0 0.0 0.0 0.1 0.1 0.1 0.0 0.0 1.0 0.7 0.7 0.7 0.7 23/11/1997
0.3 0.1 0.1 0.1 0.1 0.1 0.0 0.0 0.0 0.0 0.0 0.0 0.3 0.3 0.1 0.1 0.1 0.1 0.0 0.0 0.0 0.0 0.0 0.5 0.3 0.3 0.3 0.3 24/11/1997
0.0 0.0 0.0 0.0 0.0 0.0 0.0 0.0 0.0 0.0 0.0 0.0 0.0 0.0 0.0 0.0 0.0 0.0 0.0 0.0 0.0 0.0 0.0 0.0 0.0 0.0 0.0 0.0 25/11/1997
2.6 3.6 3.6 3.6 3.6 3.6 0.1 0.1 0.1 0.1 0.0 0.0 2.6 2.6 3.6 3.6 3.6 3.6 0.1 0.1 0.1 0.0 0.0 2.7 2.6 2.6 2.6 2.6 26/11/1997
10.2 9.0 9.1 9.0 9.0 9.1 11.2 11.4 11.5 11.6 10.4 10.4 10.3 10.3 9.2 9.2 9.2 9.2 11.1 11.3 11.3 10.2 10.1 9.7 10.3 10.3 10.3 10.4 27/11/1997
4.5 3.7 3.7 3.7 3.7 3.7 7.8 7.9 8.0 8.1 9.3 9.4 4.6 4.6 3.8 3.8 3.8 3.8 7.7 7.8 7.9 9.1 9.1 3.2 4.5 4.5 4.6 4.6 28/11/1997
13.1 8.0 8.0 8.0 8.0 8.0 5.1 5.1 5.2 5.2 5.4 5.4 13.2 13.2 8.1 8.1 8.1 8.1 5.0 5.1 5.1 5.2 5.1 12.5 13.2 13.2 13.3 13.3 29/11/1997
1.0 3.0 3.0 3.0 3.0 3.0 5.1 5.2 5.2 5.3 6.9 6.9 1.1 1.1 3.1 3.1 3.1 3.1 5.1 5.1 5.2 6.7 6.7 1.1 1.0 1.0 1.1 1.1 30/11/1997
17.9 7.4 7.2 7.4 7.4 7.2 0.1 0.1 0.1 0.1 0.0 0.0 18.1 18.1 6.9 7.0 7.0 6.9 0.1 0.1 0.1 0.1 0.1 23.4 18.0 18.0 18.1 18.2 01/12/1997
12.1 2.1 2.0 2.1 2.1 2.0 0.1 0.0 0.0 0.0 0.4 0.4 11.3 11.3 1.8 1.8 1.8 1.8 0.1 0.1 0.1 0.7 0.7 13.0 11.7 11.7 11.2 11.0 02/12/1997
3.1 2.8 2.9 2.8 2.9 2.9 0.1 0.0 0.0 0.0 0.0 0.0 3.2 3.2 2.9 2.9 2.9 2.9 0.1 0.1 0.1 0.1 0.1 10.0 3.1 3.1 3.2 3.2 03/12/1997
0.1 0.0 0.0 0.0 0.0 0.0 0.0 0.0 0.0 0.0 0.0 0.0 0.1 0.1 0.0 0.0 0.0 0.0 0.0 0.0 0.0 0.0 0.0 0.6 0.1 0.1 0.1 0.1 04/12/1997
0.1 0.0 0.0 0.0 0.0 0.0 0.0 0.0 0.0 0.0 0.0 0.0 0.1 0.1 0.0 0.0 0.0 0.0 0.0 0.0 0.0 0.0 0.0 0.1 0.1 0.1 0.1 0.1 05/12/1997
0.1 0.0 0.0 0.0 0.0 0.0 0.0 0.0 0.0 0.0 0.0 0.0 0.1 0.1 0.0 0.0 0.0 0.0 0.0 0.0 0.0 0.0 0.1 0.0 0.1 0.1 0.1 0.1 06/12/1997
3.1 2.8 2.8 2.8 2.8 2.8 3.6 3.6 3.7 3.7 2.1 2.1 3.2 3.2 2.9 2.9 2.9 2.9 3.5 3.6 3.6 2.0 2.0 2.1 3.1 3.1 3.2 3.2 07/12/1997
0.8 1.6 1.6 1.6 1.6 1.6 1.0 1.0 1.0 1.0 2.2 2.2 0.8 0.8 1.6 1.6 1.6 1.6 1.0 1.0 1.0 2.2 2.2 0.5 0.8 0.8 0.8 0.8 08/12/1997
10.8 5.6 5.7 5.6 5.7 5.7 3.3 3.4 3.4 3.4 3.3 3.3 11.0 11.0 5.7 5.7 5.7 5.7 3.3 3.3 3.3 3.2 3.2 4.1 10.9 10.9 11.0 11.0 09/12/1997
11.5 10.5 10.6 10.5 10.5 10.6 11.5 11.6 11.8 11.9 13.4 13.4 11.7 11.7 10.7 10.6 10.6 10.7 11.3 11.5 11.6 13.1 13.0 9.2 11.6 11.6 11.7 11.7 10/12/1997
4.4 3.7 3.7 3.7 3.7 3.7 6.8 6.8 6.9 7.0 6.0 6.0 4.5 4.5 3.7 3.7 3.7 3.7 6.7 6.8 6.8 5.9 5.8 1.6 4.4 4.4 4.5 4.5 11/12/1997
0.0 0.0 0.0 0.0 0.0 0.0 5.4 5.4 5.5 5.6 3.1 3.1 0.0 0.0 0.0 0.0 0.0 0.0 5.3 5.4 5.4 3.0 3.0 0.1 0.0 0.0 0.0 0.0 12/12/1997
0.0 0.0 0.0 0.0 0.0 0.0 0.0 0.0 0.0 0.0 0.6 0.6 0.0 0.0 0.0 0.0 0.0 0.0 0.0 0.0 0.0 0.6 0.6 0.0 0.0 0.0 0.0 0.0 13/12/1997
0.0 0.1 0.1 0.1 0.1 0.1 0.1 0.1 0.1 0.1 0.5 0.5 0.0 0.0 0.1 0.1 0.1 0.1 0.1 0.1 0.1 0.5 0.5 0.0 0.0 0.0 0.0 0.0 14/12/1997
0.0 0.1 0.1 0.1 0.1 0.1 0.0 0.0 0.0 0.0 0.0 0.0 0.0 0.0 0.1 0.1 0.1 0.1 0.0 0.0 0.0 0.0 0.0 0.0 0.0 0.0 0.0 0.0 15/12/1997
0.0 0.8 0.7 0.8 0.7 0.7 0.0 0.0 0.0 0.0 0.0 0.0 0.0 0.0 0.6 0.6 0.6 0.6 0.0 0.0 0.0 0.0 0.0 0.0 0.0 0.0 0.0 0.0 16/12/1997
5.6 4.2 4.2 4.2 4.2 4.2 1.9 1.8 1.8 1.7 2.3 2.2 5.6 5.6 4.2 4.2 4.2 4.2 2.0 1.9 1.9 2.6 2.8 3.1 5.6 5.6 5.6 5.6 17/12/1997
13.0 25.7 25.8 25.7 25.7 25.9 7.8 7.9 8.0 8.1 9.4 9.4 13.1 13.1 26.1 26.1 26.1 26.1 7.7 7.8 7.8 9.2 9.1 5.3 13.0 13.0 13.1 13.2 18/12/1997
0.0 2.9 2.9 2.9 2.9 2.9 0.6 0.6 0.6 0.6 0.7 0.7 0.0 0.0 2.9 2.9 2.9 2.9 0.6 0.6 0.6 0.7 0.7 0.0 0.0 0.0 0.0 0.0 19/12/1997
0.3 0.2 0.2 0.2 0.2 0.2 0.0 0.0 0.0 0.0 0.0 0.0 0.3 0.3 0.2 0.2 0.2 0.2 0.0 0.0 0.0 0.0 0.0 0.1 0.3 0.3 0.3 0.3 20/12/1997
0.3 0.0 0.0 0.0 0.0 0.0 0.0 0.0 0.0 0.0 0.1 0.1 0.3 0.3 0.0 0.0 0.0 0.0 0.0 0.0 0.0 0.1 0.1 0.0 0.3 0.3 0.3 0.3 21/12/1997
2.8 2.1 2.1 2.1 2.1 2.1 0.6 0.6 0.6 0.6 0.5 0.5 2.8 2.8 2.1 2.1 2.1 2.1 0.5 0.6 0.6 0.5 0.5 2.5 2.8 2.8 2.8 2.8 22/12/1997
4.1 3.2 3.2 3.2 3.2 3.2 5.6 5.7 5.7 5.8 3.3 3.3 4.2 4.2 3.2 3.2 3.2 3.2 5.5 5.6 5.6 3.2 3.2 2.6 4.2 4.2 4.2 4.2 23/12/1997
9.3 8.7 8.8 8.7 8.7 8.8 9.2 9.3 9.4 9.5 10.8 10.8 9.4 9.4 8.8 8.8 8.8 8.8 9.1 9.2 9.3 10.6 10.5 6.2 9.3 9.3 9.4 9.4 24/12/1997
7.0 7.5 7.6 7.5 7.5 7.6 7.8 7.9 8.0 8.1 5.3 5.3 7.1 7.1 7.7 7.6 7.6 7.7 7.7 7.8 7.9 5.2 5.2 6.0 7.1 7.1 7.1 7.1 25/12/1997
11.1 11.4 11.5 11.4 11.4 11.5 6.3 6.3 6.4 6.5 4.6 4.6 11.3 11.3 11.6 11.6 11.6 11.6 6.2 6.3 6.3 4.5 4.4 6.1 11.2 11.2 11.3 11.3 26/12/1997
8.3 5.4 5.4 5.4 5.4 5.4 2.1 2.1 2.1 2.1 2.7 2.7 8.4 8.4 5.5 5.5 5.5 5.5 2.0 2.1 2.1 2.7 2.7 8.0 8.4 8.4 8.4 8.5 27/12/1997
0.5 0.1 0.1 0.1 0.1 0.1 3.8 3.8 3.9 3.9 3.8 3.8 0.5 0.5 0.1 0.1 0.1 0.1 3.7 3.8 3.8 3.7 3.6 1.5 0.5 0.5 0.5 0.5 28/12/1997
2.8 0.2 0.2 0.2 0.2 0.2 1.4 1.4 1.4 1.4 0.5 0.5 2.9 2.9 0.2 0.2 0.2 0.2 1.4 1.4 1.4 0.4 0.4 2.4 2.8 2.8 2.9 2.9 29/12/1997
7.7 5.2 5.2 5.2 5.2 5.2 3.1 3.1 3.2 3.2 1.1 1.1 7.8 7.8 5.2 5.2 5.2 5.2 3.0 3.1 3.1 1.1 1.1 3.6 7.8 7.8 7.8 7.8 30/12/1997
0.4 0.8 0.8 0.8 0.8 0.8 6.8 6.9 7.0 7.0 7.0 7.0 0.4 0.4 0.8 0.8 0.8 0.8 6.7 6.8 6.9 6.9 6.8 0.1 0.4 0.4 0.4 0.4 31/12/1997
12.6 12.8 12.9 12.8 12.8 12.9 6.7 6.8 6.9 7.0 5.7 5.7 12.8 12.8 13.0 13.0 13.0 13.0 6.6 6.8 6.8 5.5 5.5 8.4 12.7 12.7 12.8 12.9 01/01/1998
12.2 13.8 13.9 13.8 13.8 13.9 12.9 13.1 13.2 13.4 12.1 12.2 12.4 12.4 14.0 14.0 14.0 14.0 12.7 12.9 13.0 11.9 11.8 10.2 12.3 12.3 12.4 12.4 02/01/1998
8.9 8.2 8.2 8.2 8.2 8.2 6.3 6.4 6.5 6.6 10.0 10.0 9.0 9.0 8.3 8.3 8.3 8.3 6.3 6.4 6.4 9.8 9.7 7.6 8.9 8.9 9.0 9.0 03/01/1998
14.3 14.3 14.4 14.3 14.3 14.4 5.8 5.9 5.9 6.0 4.8 4.8 14.4 14.4 14.5 14.5 14.5 14.5 5.7 5.8 5.9 4.7 4.7 13.6 14.4 14.4 14.5 14.5 04/01/1998
11.9 13.8 13.9 13.8 13.8 13.9 10.2 10.3 10.4 10.5 11.0 11.1 12.1 12.1 14.0 14.0 14.0 14.0 10.0 10.2 10.3 10.8 10.7 8.7 12.0 12.0 12.1 12.1 05/01/1998
5.1 7.2 7.2 7.2 7.2 7.2 4.7 4.8 4.8 4.9 4.9 4.9 5.2 5.2 7.3 7.3 7.3 7.3 4.6 4.7 4.7 4.8 4.7 3.6 5.1 5.1 5.2 5.2 06/01/1998
4.7 3.9 3.9 3.9 3.9 3.9 0.5 0.5 0.5 0.5 0.3 0.3 4.8 4.8 4.0 4.0 4.0 4.0 0.5 0.5 0.5 0.3 0.2 5.6 4.8 4.8 4.8 4.8 07/01/1998
0.0 0.0 0.0 0.0 0.0 0.0 0.0 0.0 0.0 0.0 0.0 0.0 0.0 0.0 0.0 0.0 0.0 0.0 0.0 0.0 0.0 0.0 0.0 0.0 0.0 0.0 0.0 0.0 08/01/1998
0.0 0.0 0.0 0.0 0.0 0.0 0.1 0.1 0.1 0.1 0.1 0.1 0.0 0.0 0.0 0.0 0.0 0.0 0.1 0.1 0.1 0.1 0.1 0.0 0.0 0.0 0.0 0.0 09/01/1998
0.0 0.0 0.0 0.0 0.0 0.0 0.0 0.0 0.0 0.0 0.0 0.0 0.0 0.0 0.0 0.0 0.0 0.0 0.0 0.0 0.0 0.0 0.0 0.0 0.0 0.0 0.0 0.0 10/01/1998
0.0 0.0 0.0 0.0 0.0 0.0 0.0 0.0 0.0 0.0 0.0 0.0 0.0 0.0 0.0 0.0 0.0 0.0 0.0 0.0 0.0 0.0 0.0 0.0 0.0 0.0 0.0 0.0 11/01/1998
0.8 0.0 0.0 0.0 0.0 0.0 0.0 0.0 0.0 0.0 0.1 0.1 0.8 0.8 0.0 0.0 0.0 0.0 0.0 0.0 0.0 0.1 0.1 0.4 0.8 0.8 0.8 0.8 12/01/1998
6.5 1.7 1.7 1.7 1.7 1.7 0.7 0.7 0.7 0.7 0.9 0.9 6.5 6.5 1.7 1.7 1.7 1.7 0.7 0.7 0.7 0.9 0.9 4.2 6.5 6.5 6.5 6.6 13/01/1998
6.9 4.1 4.1 4.1 4.1 4.1 1.5 1.5 1.6 1.6 3.3 3.3 7.0 7.0 4.2 4.2 4.2 4.2 1.5 1.5 1.5 3.2 3.2 2.7 6.9 6.9 7.0 7.0 14/01/1998
4.6 6.1 6.1 6.1 6.1 6.1 9.3 9.4 9.5 9.6 19.2 19.3 4.6 4.6 6.2 6.2 6.2 6.2 9.2 9.3 9.4 18.8 18.7 5.2 4.6 4.6 4.6 4.6 15/01/1998
1.1 1.6 1.7 1.6 1.7 1.7 5.9 6.0 6.1 6.1 9.9 9.9 1.1 1.1 1.7 1.7 1.7 1.7 5.8 5.9 6.0 9.6 9.6 1.0 1.1 1.1 1.1 1.1 16/01/1998
2.3 1.4 1.4 1.4 1.4 1.4 1.4 1.4 1.4 1.4 0.2 0.2 2.3 2.3 1.4 1.4 1.4 1.4 1.4 1.4 1.4 0.2 0.2 2.5 2.3 2.3 2.3 2.3 17/01/1998
18.2 14.3 14.4 14.3 14.4 14.4 15.0 15.2 15.3 15.5 18.2 18.3 18.4 18.4 14.6 14.6 14.5 14.6 14.8 15.0 15.1 17.9 17.7 11.2 18.3 18.3 18.5 18.5 18/01/1998
1.5 2.3 2.4 2.3 2.3 2.4 3.9 3.9 3.9 4.0 2.9 2.8 1.5 1.5 2.4 2.4 2.4 2.4 3.8 3.9 3.9 3.4 3.6 1.2 1.5 1.5 1.5 1.5 19/01/1998
0.0 1.2 1.2 1.2 1.2 1.2 0.1 0.0 0.0 0.0 1.0 1.0 0.0 0.0 1.2 1.2 1.2 1.2 0.1 0.1 0.1 1.1 1.1 0.0 0.0 0.0 0.0 0.0 20/01/1998
0.1 0.0 0.0 0.0 0.0 0.0 0.0 0.0 0.0 0.0 0.0 0.0 0.1 0.1 0.0 0.0 0.0 0.0 0.0 0.0 0.0 0.0 0.0 0.0 0.1 0.1 0.1 0.1 21/01/1998
0.0 0.0 0.0 0.0 0.0 0.0 0.0 0.0 0.0 0.0 0.0 0.0 0.0 0.0 0.0 0.0 0.0 0.0 0.0 0.0 0.0 0.0 0.0 0.0 0.0 0.0 0.0 0.0 22/01/1998
0.1 0.0 0.0 0.0 0.0 0.0 0.0 0.0 0.0 0.0 0.0 0.0 0.1 0.1 0.0 0.0 0.0 0.0 0.0 0.0 0.0 0.0 0.0 0.0 0.1 0.1 0.1 0.1 23/01/1998
0.0 0.0 0.0 0.0 0.0 0.0 0.0 0.0 0.0 0.0 0.0 0.0 0.0 0.0 0.0 0.0 0.0 0.0 0.0 0.0 0.0 0.0 0.0 0.0 0.0 0.0 0.0 0.0 24/01/1998
0.0 0.0 0.0 0.0 0.0 0.0 0.0 0.0 0.0 0.0 0.0 0.0 0.0 0.0 0.0 0.0 0.0 0.0 0.0 0.0 0.0 0.0 0.0 0.0 0.0 0.0 0.0 0.0 25/01/1998
0.0 0.0 0.0 0.0 0.0 0.0 0.0 0.0 0.0 0.0 0.0 0.0 0.0 0.0 0.0 0.0 0.0 0.0 0.0 0.0 0.0 0.0 0.0 0.0 0.0 0.0 0.0 0.0 26/01/1998
0.0 0.0 0.0 0.0 0.0 0.0 0.0 0.0 0.0 0.0 0.0 0.0 0.0 0.0 0.0 0.0 0.0 0.0 0.0 0.0 0.0 0.0 0.0 0.0 0.0 0.0 0.0 0.0 27/01/1998
0.1 0.0 0.0 0.0 0.0 0.0 0.0 0.0 0.0 0.0 0.0 0.0 0.1 0.1 0.0 0.0 0.0 0.0 0.0 0.0 0.0 0.0 0.0 0.0 0.1 0.1 0.1 0.1 28/01/1998
0.0 0.0 0.0 0.0 0.0 0.0 0.0 0.0 0.0 0.0 0.0 0.0 0.0 0.0 0.0 0.0 0.0 0.0 0.0 0.0 0.0 0.0 0.0 0.0 0.0 0.0 0.0 0.0 29/01/1998
0.0 0.0 0.0 0.0 0.0 0.0 0.0 0.0 0.0 0.0 0.0 0.0 0.0 0.0 0.0 0.0 0.0 0.0 0.0 0.0 0.0 0.0 0.0 0.0 0.0 0.0 0.0 0.0 30/01/1998
0.0 0.0 0.0 0.0 0.0 0.0 0.0 0.0 0.0 0.0 0.0 0.0 0.0 0.0 0.0 0.0 0.0 0.0 0.0 0.0 0.0 0.0 0.0 0.0 0.0 0.0 0.0 0.0 31/01/1998
0.0 0.0 0.0 0.0 0.0 0.0 0.0 0.0 0.0 0.0 0.0 0.0 0.0 0.0 0.0 0.0 0.0 0.0 0.0 0.0 0.0 0.0 0.0 0.0 0.0 0.0 0.0 0.0 01/02/1998
0.1 0.0 0.0 0.0 0.0 0.0 0.0 0.0 0.0 0.0 0.0 0.0 0.1 0.1 0.0 0.0 0.0 0.0 0.0 0.0 0.0 0.0 0.0 0.0 0.1 0.1 0.1 0.1 02/02/1998
0.0 0.0 0.0 0.0 0.0 0.0 0.0 0.0 0.0 0.0 0.0 0.0 0.0 0.0 0.0 0.0 0.0 0.0 0.0 0.0 0.0 0.0 0.0 0.0 0.0 0.0 0.0 0.0 03/02/1998
0.2 0.1 0.1 0.1 0.1 0.1 0.0 0.0 0.0 0.0 0.0 0.0 0.2 0.2 0.0 0.1 0.1 0.0 0.0 0.0 0.0 0.0 0.0 0.0 0.2 0.2 0.2 0.2 04/02/1998
0.0 0.1 0.1 0.1 0.1 0.1 0.0 0.0 0.0 0.0 0.0 0.0 0.0 0.0 0.1 0.1 0.1 0.1 0.0 0.0 0.0 0.0 0.0 0.0 0.0 0.0 0.0 0.0 05/02/1998
2.0 1.2 1.2 1.2 1.2 1.2 0.0 0.0 0.0 0.0 0.0 0.0 2.0 2.0 1.2 1.2 1.2 1.2 0.0 0.0 0.0 0.0 0.0 0.5 2.0 2.0 2.0 2.0 06/02/1998
1.3 1.2 1.2 1.2 1.2 1.2 1.6 1.4 1.2 1.1 0.3 0.2 1.3 1.3 1.2 1.2 1.2 1.2 1.9 1.6 1.5 0.4 0.5 1.2 1.3 1.3 1.3 1.3 07/02/1998
0.0 0.0 0.0 0.0 0.0 0.0 0.3 0.3 0.2 0.2 0.0 0.0 0.0 0.0 0.0 0.0 0.0 0.0 0.4 0.3 0.3 0.1 0.1 0.0 0.0 0.0 0.0 0.0 08/02/1998
0.1 0.0 0.0 0.0 0.0 0.0 0.0 0.0 0.0 0.0 0.0 0.0 0.1 0.1 0.0 0.0 0.0 0.0 0.0 0.0 0.0 0.0 0.0 0.0 0.1 0.1 0.1 0.1 09/02/1998
0.0 0.0 0.0 0.0 0.0 0.0 0.0 0.0 0.0 0.0 0.0 0.0 0.0 0.0 0.0 0.0 0.0 0.0 0.0 0.0 0.0 0.0 0.0 0.0 0.0 0.0 0.0 0.0 10/02/1998
0.0 0.0 0.0 0.0 0.0 0.0 0.0 0.0 0.0 0.0 0.0 0.0 0.0 0.0 0.0 0.0 0.0 0.0 0.0 0.0 0.0 0.0 0.0 0.0 0.0 0.0 0.0 0.0 11/02/1998
0.1 0.0 0.0 0.0 0.0 0.0 0.0 0.0 0.0 0.0 0.0 0.0 0.1 0.1 0.0 0.0 0.0 0.0 0.0 0.0 0.0 0.0 0.0 0.0 0.1 0.1 0.1 0.1 12/02/1998
0.0 0.0 0.0 0.0 0.0 0.0 0.1 0.1 0.1 0.1 0.0 0.0 0.0 0.0 0.0 0.0 0.0 0.0 0.1 0.1 0.1 0.0 0.0 0.0 0.0 0.0 0.0 0.0 13/02/1998
0.1 0.0 0.0 0.0 0.0 0.0 0.1 0.1 0.1 0.1 0.2 0.2 0.1 0.1 0.0 0.0 0.0 0.0 0.1 0.1 0.1 0.2 0.2 0.0 0.1 0.1 0.1 0.1 14/02/1998
0.0 0.0 0.0 0.0 0.0 0.0 0.0 0.0 0.0 0.0 0.2 0.2 0.0 0.0 0.0 0.0 0.0 0.0 0.0 0.0 0.0 0.2 0.2 0.0 0.0 0.0 0.0 0.0 15/02/1998
0.2 0.0 0.0 0.0 0.0 0.0 0.5 0.5 0.5 0.5 0.6 0.6 0.2 0.2 0.0 0.0 0.0 0.0 0.5 0.5 0.5 0.5 0.5 0.0 0.2 0.2 0.2 0.2 16/02/1998
0.0 0.0 0.0 0.0 0.0 0.0 0.1 0.1 0.1 0.1 0.0 0.0 0.0 0.0 0.0 0.0 0.0 0.0 0.1 0.1 0.1 0.0 0.0 0.0 0.0 0.0 0.0 0.0 17/02/1998
0.0 0.3 0.3 0.3 0.3 0.3 0.0 0.0 0.0 0.0 0.1 0.1 0.0 0.0 0.3 0.3 0.3 0.3 0.0 0.0 0.0 0.1 0.1 0.0 0.0 0.0 0.0 0.0 18/02/1998
0.0 0.1 0.1 0.1 0.1 0.1 0.0 0.0 0.0 0.0 0.1 0.1 0.0 0.0 0.1 0.1 0.1 0.1 0.0 0.0 0.0 0.1 0.1 0.0 0.0 0.0 0.0 0.0 19/02/1998
0.0 0.0 0.0 0.0 0.0 0.0 0.0 0.0 0.0 0.0 0.0 0.0 0.0 0.0 0.0 0.0 0.0 0.0 0.0 0.0 0.0 0.0 0.0 0.0 0.0 0.0 0.0 0.0 20/02/1998
9.8 8.6 8.6 8.6 8.6 8.6 2.5 2.5 2.6 2.6 3.4 3.4 9.9 9.9 8.7 8.7 8.7 8.7 2.5 2.5 2.5 3.3 3.3 7.9 9.8 9.8 9.9 9.9 21/02/1998
2.1 0.7 0.7 0.7 0.7 0.7 3.6 3.6 3.7 3.7 3.6 3.6 2.1 2.1 0.7 0.7 0.7 0.7 3.5 3.6 3.6 3.5 3.5 0.3 2.1 2.1 2.1 2.1 22/02/1998
0.0 0.1 0.1 0.1 0.1 0.1 1.3 1.3 1.3 1.3 0.4 0.4 0.0 0.0 0.1 0.1 0.1 0.1 1.3 1.3 1.3 0.4 0.3 0.1 0.0 0.0 0.0 0.0 23/02/1998
0.0 0.2 0.2 0.2 0.2 0.2 0.0 0.0 0.0 0.0 0.1 0.1 0.0 0.0 0.2 0.2 0.2 0.2 0.0 0.0 0.0 0.1 0.1 0.1 0.0 0.0 0.0 0.0 24/02/1998
0.0 0.1 0.1 0.1 0.1 0.1 0.0 0.0 0.0 0.0 0.0 0.0 0.0 0.0 0.1 0.1 0.1 0.1 0.0 0.0 0.0 0.0 0.0 0.0 0.0 0.0 0.0 0.0 25/02/1998
0.0 0.0 0.0 0.0 0.0 0.0 0.4 0.4 0.4 0.4 0.5 0.5 0.0 0.0 0.0 0.0 0.0 0.0 0.4 0.4 0.4 0.5 0.5 0.0 0.0 0.0 0.0 0.0 26/02/1998
3.5 3.8 3.8 3.8 3.8 3.8 0.6 0.6 0.7 0.7 0.4 0.4 3.6 3.6 3.9 3.9 3.9 3.9 0.6 0.6 0.6 0.4 0.4 2.4 3.6 3.6 3.6 3.6 27/02/1998
0.4 0.4 0.4 0.4 0.4 0.4 0.0 0.0 0.0 0.0 1.0 1.0 0.4 0.4 0.4 0.4 0.4 0.4 0.0 0.0 0.0 1.2 1.3 0.9 0.4 0.4 0.4 0.4 28/02/1998
0.6 0.7 0.7 0.7 0.7 0.7 0.4 0.4 0.4 0.4 0.3 0.3 0.6 0.6 0.7 0.7 0.7 0.7 0.4 0.4 0.4 0.2 0.2 0.2 0.6 0.6 0.6 0.6 01/03/1998
0.3 0.8 0.8 0.8 0.8 0.8 1.7 1.7 1.7 1.7 2.1 2.1 0.3 0.3 0.9 0.9 0.9 0.9 1.7 1.7 1.7 2.1 2.1 0.1 0.3 0.3 0.3 0.3 02/03/1998
3.9 2.4 2.5 2.4 2.4 2.5 0.5 0.5 0.5 0.6 3.1 3.2 4.0 4.0 2.5 2.5 2.5 2.5 0.4 0.5 0.5 3.1 3.1 4.7 3.9 3.9 4.0 4.0 03/03/1998
16.6 16.0 16.1 16.0 16.0 16.1 10.8 11.0 11.1 11.2 14.1 14.1 16.8 16.8 16.3 16.2 16.2 16.3 10.7 10.9 10.9 13.8 13.7 12.0 16.7 16.7 16.8 16.9 04/03/1998
2.0 1.5 1.5 1.5 1.5 1.5 1.3 1.3 1.3 1.3 0.3 0.3 2.0 2.0 1.6 1.6 1.6 1.6 1.3 1.3 1.3 0.3 0.3 0.8 2.0 2.0 2.0 2.0 05/03/1998
4.3 5.5 5.5 5.5 5.5 5.5 6.8 6.9 7.0 7.0 10.9 10.9 4.4 4.4 5.5 5.5 5.5 5.5 6.7 6.8 6.9 10.6 10.5 2.3 4.3 4.3 4.4 4.4 06/03/1998
2.2 4.1 4.1 4.1 4.1 4.1 11.2 11.3 11.5 11.6 16.0 16.1 2.2 2.2 4.2 4.1 4.1 4.2 11.0 11.2 11.3 15.7 15.6 0.6 2.2 2.2 2.2 2.2 07/03/1998
0.3 1.2 1.2 1.2 1.2 1.2 4.9 5.0 5.0 5.0 7.3 7.3 0.3 0.3 1.2 1.2 1.2 1.2 4.8 4.9 4.9 7.2 7.1 0.0 0.3 0.3 0.3 0.3 08/03/1998
0.0 0.0 0.0 0.0 0.0 0.0 0.0 0.0 0.0 0.0 0.0 0.0 0.0 0.0 0.0 0.0 0.0 0.0 0.0 0.0 0.0 0.0 0.0 0.0 0.0 0.0 0.0 0.0 09/03/1998
6.7 4.8 4.8 4.8 4.8 4.8 2.1 1.8 1.6 1.4 0.9 0.8 6.8 6.8 4.8 4.8 4.8 4.8 2.4 2.0 1.9 1.3 1.5 2.2 6.7 6.7 6.8 6.8 10/03/1998
3.1 3.8 3.8 3.8 3.8 3.8 3.7 3.6 3.6 3.5 4.0 3.9 3.1 3.1 3.8 3.8 3.8 3.8 3.7 3.7 3.6 4.1 4.1 1.3 3.1 3.1 3.1 3.2 11/03/1998
0.5 0.1 0.1 0.1 0.1 0.1 0.3 0.3 0.2 0.2 1.0 1.1 0.5 0.5 0.1 0.1 0.1 0.1 0.4 0.3 0.3 1.0 0.9 0.2 0.5 0.5 0.5 0.5 12/03/1998
0.7 0.4 0.4 0.4 0.4 0.4 0.3 0.3 0.3 0.3 0.4 0.4 0.7 0.7 0.4 0.4 0.4 0.4 0.3 0.3 0.3 0.3 0.3 0.4 0.7 0.7 0.7 0.7 13/03/1998
0.0 0.1 0.1 0.1 0.1 0.1 0.0 0.0 0.0 0.0 0.1 0.1 0.0 0.0 0.1 0.1 0.1 0.1 0.0 0.0 0.0 0.1 0.1 0.0 0.0 0.0 0.0 0.0 14/03/1998
0.0 0.2 0.2 0.2 0.2 0.2 0.0 0.0 0.0 0.0 0.0 0.0 0.0 0.0 0.2 0.2 0.2 0.2 0.0 0.0 0.0 0.0 0.0 0.0 0.0 0.0 0.0 0.0 15/03/1998
0.0 0.0 0.0 0.0 0.0 0.0 0.0 0.0 0.0 0.0 0.0 0.0 0.0 0.0 0.0 0.0 0.0 0.0 0.0 0.0 0.0 0.0 0.0 0.0 0.0 0.0 0.0 0.0 16/03/1998
0.0 0.0 0.0 0.0 0.0 0.0 0.0 0.0 0.0 0.0 0.0 0.0 0.0 0.0 0.0 0.0 0.0 0.0 0.0 0.0 0.0 0.0 0.0 0.0 0.0 0.0 0.0 0.0 17/03/1998
0.0 0.0 0.0 0.0 0.0 0.0 0.1 0.1 0.1 0.1 0.0 0.0 0.0 0.0 0.0 0.0 0.0 0.0 0.1 0.1 0.1 0.0 0.0 0.0 0.0 0.0 0.0 0.0 18/03/1998
0.0 0.0 0.0 0.0 0.0 0.0 0.0 0.0 0.0 0.0 0.0 0.0 0.0 0.0 0.0 0.0 0.0 0.0 0.0 0.0 0.0 0.0 0.0 0.0 0.0 0.0 0.0 0.0 19/03/1998
0.0 0.0 0.0 0.0 0.0 0.0 0.9 0.9 0.9 0.9 0.8 0.8 0.0 0.0 0.0 0.0 0.0 0.0 0.9 0.9 0.9 0.8 0.8 0.0 0.0 0.0 0.0 0.0 20/03/1998
0.1 0.0 0.0 0.0 0.0 0.0 0.1 0.1 0.1 0.1 0.0 0.0 0.1 0.1 0.0 0.0 0.0 0.0 0.1 0.1 0.1 0.0 0.0 0.2 0.1 0.1 0.1 0.1 21/03/1998
0.1 0.0 0.0 0.0 0.0 0.0 0.2 0.2 0.2 0.2 0.1 0.1 0.1 0.1 0.0 0.0 0.0 0.0 0.2 0.2 0.2 0.1 0.1 0.0 0.1 0.1 0.1 0.1 22/03/1998
0.0 0.1 0.1 0.1 0.1 0.1 1.5 1.6 1.6 1.6 1.8 1.8 0.0 0.0 0.1 0.1 0.1 0.1 1.5 1.6 1.6 1.8 1.8 0.0 0.0 0.0 0.0 0.0 23/03/1998
0.0 0.0 0.0 0.0 0.0 0.0 0.0 0.0 0.0 0.0 0.0 0.0 0.0 0.0 0.0 0.0 0.0 0.0 0.0 0.0 0.0 0.0 0.0 0.0 0.0 0.0 0.0 0.0 24/03/1998
1.2 0.4 0.4 0.4 0.4 0.4 0.4 0.4 0.5 0.5 0.0 0.0 1.2 1.2 0.4 0.4 0.4 0.4 0.4 0.4 0.4 0.0 0.0 1.6 1.2 1.2 1.2 1.2 25/03/1998
6.4 7.2 7.2 7.2 7.2 7.2 4.9 5.0 5.0 5.1 3.1 3.1 6.5 6.5 7.3 7.2 7.2 7.3 4.8 4.9 4.9 3.0 3.0 5.7 6.5 6.5 6.5 6.5 26/03/1998
0.0 0.1 0.1 0.1 0.1 0.1 0.6 0.7 0.7 0.7 1.0 1.0 0.0 0.0 0.1 0.1 0.1 0.1 0.6 0.6 0.6 1.0 1.0 0.0 0.0 0.0 0.0 0.0 27/03/1998
0.0 0.0 0.0 0.0 0.0 0.0 0.0 0.0 0.0 0.0 0.0 0.0 0.0 0.0 0.0 0.0 0.0 0.0 0.0 0.0 0.0 0.0 0.0 0.0 0.0 0.0 0.0 0.0 28/03/1998
0.0 0.0 0.0 0.0 0.0 0.0 0.0 0.0 0.0 0.0 0.0 0.0 0.0 0.0 0.0 0.0 0.0 0.0 0.0 0.0 0.0 0.0 0.0 0.0 0.0 0.0 0.0 0.0 29/03/1998
0.6 0.8 0.8 0.8 0.8 0.8 0.0 0.0 0.0 0.0 0.0 0.0 0.6 0.6 0.8 0.8 0.8 0.8 0.0 0.0 0.0 0.0 0.0 0.1 0.6 0.6 0.6 0.6 30/03/1998
1.2 1.2 1.2 1.2 1.2 1.2 0.2 0.2 0.2 0.2 0.0 0.0 1.2 1.2 1.2 1.2 1.2 1.2 0.2 0.2 0.2 0.0 0.0 1.1 1.2 1.2 1.2 1.2 31/03/1998
6.8 3.2 3.2 3.2 3.2 3.2 1.1 1.2 1.2 1.2 0.1 0.1 6.9 6.9 3.2 3.2 3.2 3.2 1.1 1.1 1.2 0.1 0.1 6.3 6.9 6.9 6.9 6.9 01/04/1998
7.8 8.0 8.0 8.0 8.0 8.0 11.2 11.4 11.5 11.6 11.4 11.4 7.9 7.9 8.1 8.1 8.1 8.1 11.1 11.2 11.3 11.1 11.0 5.4 7.9 7.9 7.9 8.0 02/04/1998
2.2 4.6 4.6 4.6 4.6 4.6 11.8 11.9 12.0 12.1 19.1 19.2 2.2 2.2 4.6 4.6 4.6 4.6 11.6 11.8 11.9 18.7 18.6 1.4 2.2 2.2 2.2 2.2 03/04/1998
4.8 5.2 5.2 5.2 5.2 5.2 4.6 4.7 4.7 4.8 6.8 6.9 4.9 4.9 5.3 5.2 5.2 5.3 4.6 4.7 4.7 6.7 6.6 2.5 4.9 4.9 4.9 4.9 04/04/1998
2.9 2.8 2.9 2.8 2.8 2.9 10.0 10.1 10.2 10.3 11.6 11.6 3.0 3.0 2.9 2.9 2.9 2.9 9.8 10.0 10.0 11.4 11.3 1.9 2.9 2.9 3.0 3.0 05/04/1998
1.5 2.4 2.5 2.4 2.5 2.5 4.7 4.8 4.9 4.9 7.9 7.9 1.6 1.6 2.5 2.5 2.5 2.5 4.7 4.8 4.8 7.7 7.7 0.5 1.6 1.6 1.6 1.6 06/04/1998
4.2 2.9 3.0 2.9 3.0 3.0 26.8 27.2 27.5 27.7 22.3 22.4 4.3 4.3 3.0 3.0 3.0 3.0 26.5 26.9 27.1 21.8 21.7 3.1 4.2 4.2 4.3 4.3 07/04/1998
4.5 2.1 2.1 2.1 2.1 2.1 1.1 1.1 1.1 1.1 1.2 1.2 4.5 4.5 2.1 2.1 2.1 2.1 1.1 1.1 1.1 1.2 1.2 5.5 4.5 4.5 4.5 4.5 08/04/1998
2.9 6.5 6.5 6.5 6.5 6.5 5.6 5.6 5.7 5.7 7.4 7.4 3.0 3.0 6.6 6.6 6.5 6.6 5.5 5.6 5.6 7.3 7.2 1.4 2.9 2.9 3.0 3.0 09/04/1998
4.3 2.1 2.1 2.1 2.1 2.1 1.1 1.2 1.2 1.2 2.7 2.7 4.3 4.3 2.1 2.1 2.1 2.1 1.1 1.1 1.2 2.6 2.6 3.3 4.3 4.3 4.3 4.4 10/04/1998
18.6 12.8 12.8 12.8 12.8 12.8 2.8 2.8 2.8 2.9 1.9 1.9 18.9 18.9 13.0 13.0 12.9 13.0 2.7 2.8 2.8 1.8 1.8 21.2 18.8 18.8 18.9 19.0 11/04/1998
2.5 1.2 1.1 1.2 1.2 1.1 0.6 0.6 0.6 0.6 0.3 0.3 2.5 2.5 1.0 1.1 1.1 1.0 0.6 0.6 0.6 0.3 0.3 1.6 2.5 2.5 2.5 2.6 12/04/1998
2.0 2.8 2.6 2.8 2.7 2.6 0.0 0.0 0.0 0.0 0.0 0.0 1.8 1.8 2.3 2.3 2.3 2.3 0.0 0.0 0.0 0.0 0.0 1.1 1.9 1.9 1.8 1.7 13/04/1998
12.9 9.5 9.6 9.5 9.5 9.6 6.0 6.1 6.1 6.2 6.9 6.9 13.1 13.1 9.7 9.7 9.6 9.7 5.9 6.0 6.0 6.8 6.7 8.3 13.0 13.0 13.1 13.2 14/04/1998
7.9 8.7 8.7 8.7 8.7 8.7 10.2 10.3 10.4 10.6 14.1 14.1 8.0 8.0 8.8 8.8 8.8 8.8 10.0 10.2 10.3 13.7 13.6 5.0 7.9 7.9 8.0 8.0 15/04/1998
9.0 7.8 7.8 7.8 7.8 7.9 3.2 3.2 3.3 3.3 2.7 2.7 9.1 9.1 7.9 7.9 7.9 7.9 3.1 3.2 3.2 2.6 2.5 9.7 9.1 9.1 9.1 9.2 16/04/1998
2.7 3.4 3.5 3.4 3.4 3.5 17.4 17.6 17.9 18.0 14.6 14.7 2.7 2.7 3.5 3.5 3.5 3.5 17.2 17.5 17.6 14.3 14.2 4.7 2.7 2.7 2.7 2.7 17/04/1998
3.3 1.1 1.1 1.1 1.1 1.1 5.1 5.1 5.2 5.3 3.2 3.2 3.3 3.3 1.1 1.1 1.1 1.1 5.0 5.1 5.1 3.1 3.1 2.7 3.3 3.3 3.3 3.3 18/04/1998
2.6 3.5 3.5 3.5 3.5 3.5 3.8 3.8 3.9 3.9 4.5 4.5 2.6 2.6 3.5 3.5 3.5 3.5 3.7 3.8 3.8 4.4 4.4 3.1 2.6 2.6 2.6 2.6 19/04/1998
0.2 0.6 0.6 0.6 0.6 0.6 5.0 5.1 5.2 5.2 5.1 5.1 0.2 0.2 0.6 0.6 0.6 0.6 5.0 5.0 5.1 5.0 4.9 0.1 0.2 0.2 0.2 0.2 20/04/1998
0.0 0.1 0.1 0.1 0.1 0.1 0.1 0.1 0.1 0.1 0.0 0.0 0.0 0.0 0.1 0.1 0.1 0.1 0.1 0.1 0.1 0.0 0.0 0.0 0.0 0.0 0.0 0.0 21/04/1998
0.0 0.0 0.0 0.0 0.0 0.0 0.6 0.6 0.6 0.6 0.0 0.0 0.0 0.0 0.0 0.0 0.0 0.0 0.6 0.6 0.6 0.0 0.0 0.0 0.0 0.0 0.0 0.0 22/04/1998
5.3 3.6 3.6 3.6 3.6 3.6 1.6 1.7 1.7 1.7 1.9 1.9 5.3 5.3 3.7 3.6 3.6 3.6 1.6 1.6 1.6 1.9 1.8 4.3 5.3 5.3 5.3 5.4 23/04/1998
1.6 1.3 1.3 1.3 1.3 1.3 0.7 0.7 0.7 0.7 1.4 1.4 1.6 1.6 1.3 1.3 1.3 1.3 0.7 0.7 0.7 1.3 1.3 2.0 1.6 1.6 1.6 1.6 24/04/1998
11.5 9.1 9.2 9.1 9.1 9.2 8.1 8.2 8.3 8.4 6.1 6.1 11.7 11.7 9.3 9.3 9.2 9.3 8.0 8.1 8.2 6.0 5.9 9.8 11.6 11.6 11.7 11.7 25/04/1998
2.9 2.9 2.9 2.9 2.9 2.9 2.4 2.5 2.5 2.5 12.3 12.4 2.9 2.9 2.9 2.9 2.9 2.9 2.4 2.4 2.4 12.1 12.0 1.5 2.9 2.9 2.9 2.9 26/04/1998
1.8 3.5 3.5 3.5 3.5 3.5 5.7 5.8 5.9 5.9 5.1 5.1 1.8 1.8 3.5 3.5 3.5 3.5 5.7 5.8 5.8 5.0 5.0 0.1 1.8 1.8 1.8 1.8 27/04/1998
0.0 2.3 2.4 2.3 2.4 2.4 1.0 1.1 1.1 1.1 2.3 2.3 0.0 0.0 2.4 2.4 2.4 2.4 1.0 1.0 1.1 2.2 2.2 0.2 0.0 0.0 0.0 0.0 28/04/1998
1.6 0.5 0.5 0.5 0.5 0.5 0.0 0.0 0.0 0.0 0.0 0.0 1.6 1.6 0.5 0.5 0.5 0.5 0.0 0.0 0.0 0.0 0.0 0.9 1.6 1.6 1.6 1.6 29/04/1998
0.8 0.5 0.5 0.5 0.5 0.5 0.0 0.0 0.0 0.0 0.0 0.0 0.8 0.8 0.5 0.5 0.5 0.5 0.0 0.0 0.0 0.0 0.0 0.4 0.8 0.8 0.8 0.8 30/04/1998
0.9 1.5 1.5 1.5 1.5 1.5 0.6 0.6 0.6 0.6 1.5 1.5 0.9 0.9 1.6 1.6 1.6 1.6 0.6 0.6 0.6 1.5 1.5 1.0 0.9 0.9 0.9 0.9 01/05/1998
1.3 0.8 0.8 0.8 0.8 0.8 2.5 2.5 2.5 2.5 7.4 7.4 1.3 1.3 0.8 0.8 0.8 0.8 2.4 2.5 2.5 7.3 7.2 2.2 1.3 1.3 1.3 1.3 02/05/1998
0.9 0.1 0.1 0.1 0.1 0.1 0.0 0.0 0.0 0.0 0.0 0.0 0.9 0.9 0.1 0.1 0.1 0.1 0.0 0.0 0.0 0.0 0.0 0.3 0.9 0.9 1.0 1.0 03/05/1998
0.0 0.0 0.0 0.0 0.0 0.0 0.1 0.1 0.1 0.1 0.0 0.0 0.0 0.0 0.0 0.0 0.0 0.0 0.1 0.1 0.1 0.0 0.0 0.0 0.0 0.0 0.0 0.0 04/05/1998
0.2 0.0 0.0 0.0 0.0 0.0 1.9 1.9 1.9 2.0 1.2 1.2 0.2 0.2 0.0 0.0 0.0 0.0 1.9 1.9 1.9 1.1 1.1 0.0 0.2 0.2 0.2 0.2 05/05/1998
0.4 0.4 0.4 0.4 0.4 0.4 0.9 0.9 0.9 0.9 2.0 2.0 0.4 0.4 0.4 0.4 0.4 0.4 0.9 0.9 0.9 2.0 1.9 0.2 0.4 0.4 0.4 0.4 06/05/1998
0.0 0.0 0.0 0.0 0.0 0.0 0.0 0.0 0.0 0.0 0.0 0.0 0.0 0.0 0.0 0.0 0.0 0.0 0.0 0.0 0.0 0.0 0.0 0.0 0.0 0.0 0.0 0.0 07/05/1998
0.0 0.0 0.0 0.0 0.0 0.0 0.0 0.0 0.0 0.0 0.0 0.0 0.0 0.0 0.0 0.0 0.0 0.0 0.0 0.0 0.0 0.0 0.0 0.0 0.0 0.0 0.0 0.0 08/05/1998
0.0 0.0 0.0 0.0 0.0 0.0 0.0 0.0 0.0 0.0 0.0 0.0 0.0 0.0 0.0 0.0 0.0 0.0 0.0 0.0 0.0 0.0 0.0 0.0 0.0 0.0 0.0 0.0 09/05/1998
0.0 0.0 0.0 0.0 0.0 0.0 0.0 0.0 0.0 0.0 0.0 0.0 0.0 0.0 0.0 0.0 0.0 0.0 0.0 0.0 0.0 0.0 0.0 0.0 0.0 0.0 0.0 0.0 10/05/1998
0.0 0.0 0.0 0.0 0.0 0.0 0.0 0.0 0.0 0.0 0.0 0.0 0.0 0.0 0.0 0.0 0.0 0.0 0.0 0.0 0.0 0.0 0.0 0.0 0.0 0.0 0.0 0.0 11/05/1998
0.0 0.0 0.0 0.0 0.0 0.0 0.0 0.0 0.0 0.0 0.0 0.0 0.0 0.0 0.0 0.0 0.0 0.0 0.0 0.0 0.0 0.0 0.0 0.0 0.0 0.0 0.0 0.0 12/05/1998
16.9 2.0 2.0 2.0 2.0 2.0 1.7 1.8 1.8 1.8 0.1 0.1 17.1 17.1 2.0 2.0 2.0 2.0 1.7 1.7 1.8 0.1 0.1 4.3 17.0 17.0 17.1 17.2 13/05/1998
2.5 0.4 0.4 0.4 0.4 0.4 0.3 0.3 0.4 0.4 0.0 0.0 2.5 2.5 0.4 0.4 0.4 0.4 0.3 0.3 0.3 0.0 0.0 0.4 2.5 2.5 2.5 2.5 14/05/1998
0.0 0.0 0.0 0.0 0.0 0.0 0.0 0.0 0.0 0.0 0.0 0.0 0.0 0.0 0.0 0.0 0.0 0.0 0.0 0.0 0.0 0.0 0.0 0.0 0.0 0.0 0.0 0.0 15/05/1998
0.0 0.0 0.0 0.0 0.0 0.0 0.0 0.0 0.0 0.0 0.0 0.0 0.0 0.0 0.0 0.0 0.0 0.0 0.0 0.0 0.0 0.0 0.0 0.0 0.0 0.0 0.0 0.0 16/05/1998
0.0 0.0 0.0 0.0 0.0 0.0 0.0 0.0 0.0 0.0 0.0 0.0 0.0 0.0 0.0 0.0 0.0 0.0 0.0 0.0 0.0 0.0 0.0 0.0 0.0 0.0 0.0 0.0 17/05/1998
0.0 0.0 0.0 0.0 0.0 0.0 0.0 0.0 0.0 0.0 0.0 0.0 0.0 0.0 0.0 0.0 0.0 0.0 0.0 0.0 0.0 0.0 0.0 0.0 0.0 0.0 0.0 0.0 18/05/1998
0.0 0.0 0.0 0.0 0.0 0.0 0.0 0.0 0.0 0.0 0.0 0.0 0.0 0.0 0.0 0.0 0.0 0.0 0.0 0.0 0.0 0.0 0.0 0.0 0.0 0.0 0.0 0.0 19/05/1998
0.0 0.0 0.0 0.0 0.0 0.0 0.0 0.0 0.0 0.0 0.0 0.0 0.0 0.0 0.0 0.0 0.0 0.0 0.0 0.0 0.0 0.0 0.0 0.0 0.0 0.0 0.0 0.0 20/05/1998
0.0 0.0 0.0 0.0 0.0 0.0 0.0 0.0 0.0 0.0 0.0 0.0 0.0 0.0 0.0 0.0 0.0 0.0 0.0 0.0 0.0 0.0 0.0 0.0 0.0 0.0 0.0 0.0 21/05/1998
0.0 0.0 0.0 0.0 0.0 0.0 0.0 0.0 0.0 0.0 0.0 0.0 0.0 0.0 0.0 0.0 0.0 0.0 0.0 0.0 0.0 0.0 0.0 0.0 0.0 0.0 0.0 0.0 22/05/1998
0.0 0.0 0.0 0.0 0.0 0.0 1.5 1.5 1.5 1.5 2.3 2.3 0.0 0.0 0.0 0.0 0.0 0.0 1.5 1.5 1.5 2.3 2.2 0.0 0.0 0.0 0.0 0.0 23/05/1998
0.0 0.0 0.0 0.0 0.0 0.0 1.0 1.0 1.1 1.1 1.2 1.2 0.0 0.0 0.0 0.0 0.0 0.0 1.0 1.0 1.0 1.1 1.1 0.0 0.0 0.0 0.0 0.0 24/05/1998
1.8 0.2 0.2 0.2 0.2 0.2 0.3 0.3 0.3 0.3 0.0 0.0 1.8 1.8 0.2 0.2 0.2 0.2 0.3 0.3 0.3 0.0 0.0 0.0 1.8 1.8 1.8 1.8 25/05/1998
1.9 2.9 2.9 2.9 2.9 2.9 8.5 8.6 8.7 8.8 4.4 4.5 1.9 1.9 3.0 2.9 2.9 2.9 8.4 8.5 8.6 4.3 4.3 0.3 1.9 1.9 1.9 1.9 26/05/1998
10.5 9.4 9.5 9.4 9.4 9.5 3.0 3.0 3.1 3.1 8.1 8.1 10.6 10.6 9.6 9.5 9.5 9.5 2.9 3.0 3.0 7.9 7.9 2.9 10.6 10.6 10.6 10.7 27/05/1998
5.6 2.9 2.9 2.9 2.9 2.9 5.2 5.2 5.3 5.4 5.6 5.6 5.6 5.6 2.9 2.9 2.9 2.9 5.1 5.2 5.2 5.5 5.5 10.3 5.6 5.6 5.6 5.7 28/05/1998
0.0 0.0 0.0 0.0 0.0 0.0 0.0 0.0 0.0 0.0 0.1 0.1 0.0 0.0 0.0 0.0 0.0 0.0 0.0 0.0 0.0 0.1 0.1 0.0 0.0 0.0 0.0 0.0 29/05/1998
7.5 3.9 3.9 3.9 3.9 3.9 0.0 0.0 0.0 0.0 0.2 0.2 7.6 7.6 4.0 4.0 4.0 4.0 0.0 0.0 0.0 0.2 0.2 7.1 7.5 7.5 7.6 7.6 30/05/1998
4.8 3.4 3.4 3.4 3.4 3.4 0.8 0.8 0.8 0.8 0.4 0.4 4.8 4.8 3.4 3.4 3.4 3.4 0.8 0.8 0.8 0.4 0.4 1.1 4.8 4.8 4.8 4.8 31/05/1998
2.6 1.5 1.6 1.5 1.5 1.6 6.9 7.0 7.1 7.2 5.9 6.0 2.6 2.6 1.6 1.6 1.6 1.6 6.8 7.0 7.0 5.8 5.8 5.0 2.6 2.6 2.7 2.7 01/06/1998
6.5 3.8 3.8 3.8 3.8 3.8 2.8 2.8 2.8 2.9 5.2 5.2 6.5 6.5 3.9 3.9 3.9 3.9 2.7 2.8 2.8 5.1 5.0 4.8 6.5 6.5 6.5 6.6 02/06/1998
2.7 3.1 3.1 3.1 3.1 3.1 0.0 0.0 0.0 0.0 0.0 0.0 2.8 2.8 3.1 3.1 3.1 3.1 0.0 0.0 0.0 0.0 0.0 1.6 2.7 2.7 2.8 2.8 03/06/1998
3.0 3.3 3.3 3.3 3.3 3.3 1.4 1.4 1.4 1.4 0.1 0.1 3.0 3.0 3.4 3.4 3.4 3.4 1.3 1.4 1.4 0.1 0.1 1.4 3.0 3.0 3.0 3.0 04/06/1998
8.2 38.7 38.9 38.7 38.8 39.0 6.8 6.9 6.9 7.0 1.9 1.9 8.3 8.3 39.3 39.3 39.2 39.3 6.7 6.8 6.8 1.9 1.8 4.6 8.3 8.3 8.4 8.4 05/06/1998
1.8 3.6 3.6 3.6 3.6 3.6 10.2 10.3 10.4 10.6 8.8 8.9 1.8 1.8 3.7 3.7 3.7 3.7 10.0 10.2 10.3 8.6 8.6 3.1 1.8 1.8 1.8 1.8 06/06/1998
0.0 0.8 0.8 0.8 0.8 0.8 3.7 3.7 3.8 3.8 7.3 7.3 0.0 0.0 0.8 0.8 0.8 0.8 3.6 3.7 3.7 7.2 7.1 0.0 0.0 0.0 0.0 0.0 07/06/1998
1.8 2.1 2.1 2.1 2.1 2.1 3.6 3.6 3.7 3.7 3.9 3.9 1.8 1.8 2.1 2.1 2.1 2.1 3.6 3.6 3.6 3.8 3.8 2.0 1.8 1.8 1.8 1.9 08/06/1998
8.8 11.1 11.1 11.1 11.1 11.1 4.8 4.9 5.0 5.0 2.1 2.1 8.9 8.9 11.2 11.2 11.2 11.2 4.8 4.9 4.9 2.1 2.1 9.8 8.8 8.8 8.9 8.9 09/06/1998
10.0 10.0 10.1 10.0 10.0 10.1 7.1 7.2 7.3 7.4 3.0 3.0 10.1 10.1 10.2 10.2 10.2 10.2 7.0 7.1 7.2 3.0 2.9 8.9 10.1 10.1 10.2 10.2 10/06/1998
7.3 9.5 9.6 9.6 9.6 9.6 10.1 10.2 10.3 10.4 9.0 9.0 7.4 7.4 9.7 9.7 9.7 9.7 9.9 10.1 10.2 8.8 8.7 2.5 7.4 7.4 7.4 7.5 11/06/1998
0.0 0.0 0.0 0.0 0.0 0.0 1.2 1.3 1.3 1.3 1.3 1.3 0.0 0.0 0.0 0.0 0.0 0.0 1.2 1.2 1.3 1.3 1.3 0.0 0.0 0.0 0.0 0.0 12/06/1998
19.7 19.2 19.3 19.2 19.2 19.3 6.1 6.2 6.2 6.3 11.4 11.4 20.0 20.0 19.5 19.5 19.5 19.5 6.0 6.1 6.1 11.1 11.0 10.7 19.8 19.8 20.0 20.1 13/06/1998
1.5 1.5 1.6 1.6 1.6 1.6 8.1 8.2 8.3 8.4 12.9 12.9 1.5 1.5 1.6 1.6 1.6 1.6 8.0 8.1 8.2 12.6 12.5 2.0 1.5 1.5 1.5 1.5 14/06/1998
0.8 5.8 5.8 5.8 5.8 5.8 6.3 6.4 6.5 6.5 11.2 11.3 0.8 0.8 5.9 5.9 5.9 5.9 6.2 6.3 6.4 11.0 10.9 0.1 0.8 0.8 0.8 0.8 15/06/1998
0.1 0.1 0.1 0.1 0.1 0.1 6.8 6.9 7.0 7.0 9.5 9.5 0.1 0.1 0.1 0.1 0.1 0.1 6.7 6.8 6.8 9.3 9.3 0.0 0.1 0.1 0.1 0.1 16/06/1998
0.0 0.0 0.0 0.0 0.0 0.0 0.1 0.1 0.1 0.1 0.2 0.2 0.0 0.0 0.0 0.0 0.0 0.0 0.1 0.1 0.1 0.2 0.2 0.0 0.0 0.0 0.0 0.0 17/06/1998
0.0 0.0 0.0 0.0 0.0 0.0 0.0 0.0 0.0 0.0 0.0 0.0 0.0 0.0 0.0 0.0 0.0 0.0 0.0 0.0 0.0 0.0 0.0 0.0 0.0 0.0 0.0 0.0 18/06/1998
0.0 0.0 0.0 0.0 0.0 0.0 0.0 0.0 0.0 0.0 0.1 0.1 0.0 0.0 0.0 0.0 0.0 0.0 0.0 0.0 0.0 0.1 0.1 0.0 0.0 0.0 0.0 0.0 19/06/1998
0.0 0.0 0.0 0.0 0.0 0.0 0.0 0.0 0.0 0.0 0.0 0.0 0.0 0.0 0.0 0.0 0.0 0.0 0.0 0.0 0.0 0.0 0.0 0.0 0.0 0.0 0.0 0.0 20/06/1998
0.2 1.1 1.1 1.1 1.1 1.1 0.0 0.0 0.0 0.0 0.0 0.0 0.2 0.2 1.1 1.1 1.1 1.1 0.0 0.0 0.0 0.0 0.0 0.0 0.2 0.2 0.2 0.2 21/06/1998
0.0 0.0 0.0 0.0 0.0 0.0 0.0 0.0 0.0 0.0 0.0 0.0 0.0 0.0 0.0 0.0 0.0 0.0 0.0 0.0 0.0 0.0 0.0 0.0 0.0 0.0 0.0 0.0 22/06/1998
0.0 0.0 0.0 0.0 0.0 0.0 0.0 0.0 0.0 0.0 0.0 0.0 0.0 0.0 0.0 0.0 0.0 0.0 0.0 0.0 0.0 0.0 0.0 0.0 0.0 0.0 0.0 0.0 23/06/1998
0.9 0.3 0.3 0.3 0.3 0.3 0.0 0.0 0.0 0.0 0.1 0.1 0.9 0.9 0.3 0.3 0.3 0.3 0.0 0.0 0.0 0.1 0.1 1.3 0.9 0.9 0.9 0.9 24/06/1998
0.0 0.0 0.0 0.0 0.0 0.0 2.0 2.0 2.0 2.0 0.9 0.9 0.0 0.0 0.0 0.0 0.0 0.0 1.9 2.0 2.0 0.9 0.9 0.0 0.0 0.0 0.0 0.0 25/06/1998
0.1 0.0 0.0 0.0 0.0 0.0 0.0 0.0 0.0 0.0 0.8 0.8 0.1 0.1 0.0 0.0 0.0 0.0 0.0 0.0 0.0 0.8 0.8 0.1 0.1 0.1 0.1 0.1 26/06/1998
4.0 5.7 5.7 5.7 5.7 5.7 8.4 8.5 8.6 8.7 6.9 6.9 4.0 4.0 5.7 5.7 5.7 5.7 8.3 8.4 8.5 6.8 6.7 4.3 4.0 4.0 4.0 4.0 27/06/1998
0.0 0.0 0.0 0.0 0.0 0.0 0.0 0.0 0.0 0.0 0.0 0.0 0.0 0.0 0.0 0.0 0.0 0.0 0.0 0.0 0.0 0.0 0.0 0.0 0.0 0.0 0.0 0.0 28/06/1998
2.1 0.2 0.2 0.2 0.2 0.2 0.0 0.0 0.0 0.0 0.0 0.0 2.1 2.1 0.2 0.2 0.2 0.2 0.0 0.0 0.0 0.0 0.0 3.5 2.1 2.1 2.1 2.1 29/06/1998
4.1 3.6 3.6 3.6 3.6 3.7 3.7 3.8 3.8 3.9 6.3 6.3 4.1 4.1 3.7 3.7 3.7 3.7 3.7 3.8 3.8 6.2 6.1 2.4 4.1 4.1 4.1 4.2 30/06/1998
0.0 0.0 0.0 0.0 0.0 0.0 0.0 0.0 0.0 0.0 0.0 0.0 0.0 0.0 0.0 0.0 0.0 0.0 0.0 0.0 0.0 0.0 0.0 0.0 0.0 0.0 0.0 0.0 01/07/1998
0.0 0.0 0.0 0.0 0.0 0.0 0.0 0.0 0.0 0.0 0.0 0.0 0.0 0.0 0.0 0.0 0.0 0.0 0.0 0.0 0.0 0.0 0.0 0.0 0.0 0.0 0.0 0.0 02/07/1998
0.0 0.0 0.0 0.0 0.0 0.0 0.0 0.0 0.0 0.0 0.0 0.0 0.0 0.0 0.0 0.0 0.0 0.0 0.0 0.0 0.0 0.0 0.0 0.0 0.0 0.0 0.0 0.0 03/07/1998
0.0 0.0 0.0 0.0 0.0 0.0 0.0 0.0 0.0 0.0 0.0 0.0 0.0 0.0 0.0 0.0 0.0 0.0 0.0 0.0 0.0 0.0 0.0 0.0 0.0 0.0 0.0 0.0 04/07/1998
0.0 0.1 0.1 0.1 0.1 0.1 0.0 0.0 0.0 0.0 0.0 0.0 0.0 0.0 0.1 0.1 0.1 0.1 0.0 0.0 0.0 0.0 0.0 0.0 0.0 0.0 0.0 0.0 05/07/1998
0.7 2.2 2.2 2.2 2.2 2.2 5.5 5.6 5.7 5.7 3.2 3.2 0.7 0.7 2.2 2.2 2.2 2.2 5.4 5.5 5.6 3.1 3.1 0.5 0.7 0.7 0.7 0.7 06/07/1998
0.0 0.1 0.1 0.1 0.1 0.1 2.1 2.1 2.1 2.1 4.0 4.0 0.0 0.0 0.1 0.1 0.1 0.1 2.0 2.1 2.1 3.9 3.9 0.1 0.0 0.0 0.0 0.0 07/07/1998
1.0 0.1 0.1 0.1 0.1 0.1 0.1 0.1 0.1 0.1 0.1 0.1 1.0 1.0 0.1 0.1 0.1 0.1 0.1 0.1 0.1 0.1 0.1 0.5 1.0 1.0 1.0 1.0 08/07/1998
2.8 1.9 1.9 1.9 1.9 1.9 3.0 3.0 3.0 3.1 1.9 1.9 2.8 2.8 2.0 2.0 1.9 2.0 2.9 3.0 3.0 1.9 1.9 1.7 2.8 2.8 2.8 2.9 09/07/1998
1.8 1.3 1.3 1.3 1.3 1.3 3.2 3.3 3.3 3.3 2.9 2.9 1.8 1.8 1.3 1.3 1.3 1.3 3.2 3.3 3.3 2.9 2.9 0.3 1.8 1.8 1.8 1.8 10/07/1998
5.0 5.4 5.5 5.4 5.4 5.5 6.9 7.0 7.0 7.1 6.7 6.7 5.1 5.1 5.5 5.5 5.5 5.5 6.8 6.9 6.9 6.6 6.5 3.9 5.0 5.0 5.1 5.1 11/07/1998
3.6 4.3 4.3 4.3 4.3 4.3 13.5 13.7 13.9 14.0 5.9 5.9 3.7 3.7 4.4 4.4 4.4 4.4 13.3 13.6 13.6 5.8 5.7 2.9 3.7 3.7 3.7 3.7 12/07/1998
0.0 0.1 0.1 0.1 0.1 0.1 7.4 7.5 7.6 7.7 8.4 8.4 0.0 0.0 0.1 0.1 0.1 0.1 7.3 7.4 7.5 8.2 8.2 0.0 0.0 0.0 0.0 0.0 13/07/1998
0.1 0.6 0.6 0.6 0.6 0.6 2.9 2.9 3.0 3.0 1.8 1.8 0.1 0.1 0.6 0.6 0.6 0.6 2.8 2.9 2.9 1.8 1.8 0.0 0.1 0.1 0.1 0.1 14/07/1998
11.8 9.4 9.4 9.4 9.4 9.4 5.5 5.6 5.7 5.7 3.9 3.9 11.9 11.9 9.5 9.5 9.5 9.5 5.4 5.5 5.6 3.8 3.8 11.0 11.8 11.8 11.9 12.0 15/07/1998
5.0 3.2 3.2 3.2 3.2 3.2 6.4 6.4 6.5 6.5 7.2 7.2 5.1 5.1 3.3 3.3 3.3 3.3 6.3 6.4 6.4 7.0 7.0 3.2 5.1 5.1 5.1 5.1 16/07/1998
1.3 0.8 0.8 0.8 0.8 0.8 2.3 2.3 2.4 2.4 3.6 3.6 1.3 1.3 0.8 0.8 0.8 0.8 2.3 2.3 2.3 3.5 3.5 0.8 1.3 1.3 1.3 1.3 17/07/1998
0.1 0.3 0.3 0.3 0.3 0.3 0.2 0.2 0.2 0.2 0.0 0.0 0.1 0.1 0.3 0.3 0.3 0.3 0.2 0.2 0.2 0.0 0.0 0.0 0.1 0.1 0.1 0.1 18/07/1998
0.0 0.0 0.0 0.0 0.0 0.0 0.0 0.0 0.0 0.0 0.2 0.2 0.0 0.0 0.0 0.0 0.0 0.0 0.0 0.0 0.0 0.2 0.2 0.0 0.0 0.0 0.0 0.0 19/07/1998
1.6 4.0 4.0 4.0 4.0 4.0 0.9 0.9 0.9 0.9 0.0 0.0 1.7 1.7 4.0 4.0 4.0 4.0 0.9 0.9 0.9 0.0 0.0 0.4 1.6 1.6 1.7 1.7 20/07/1998
4.3 3.8 3.8 3.8 3.8 3.8 5.5 5.5 5.6 5.7 8.6 8.6 4.3 4.3 3.8 3.8 3.8 3.8 5.4 5.5 5.5 8.4 8.4 4.1 4.3 4.3 4.3 4.3 21/07/1998
1.1 0.8 0.8 0.8 0.8 0.8 0.6 0.6 0.6 0.6 1.5 1.5 1.1 1.1 0.8 0.8 0.8 0.8 0.6 0.6 0.6 1.5 1.5 0.5 1.1 1.1 1.1 1.1 22/07/1998
0.8 0.7 0.7 0.7 0.7 0.7 0.2 0.2 0.2 0.2 0.7 0.7 0.8 0.8 0.7 0.7 0.7 0.7 0.2 0.2 0.2 0.7 0.7 0.2 0.8 0.8 0.8 0.8 23/07/1998
0.0 0.0 0.0 0.0 0.0 0.0 0.0 0.0 0.0 0.0 0.1 0.1 0.0 0.0 0.0 0.0 0.0 0.0 0.0 0.0 0.0 0.1 0.1 0.0 0.0 0.0 0.0 0.0 24/07/1998
0.0 0.0 0.0 0.0 0.0 0.0 0.0 0.0 0.0 0.0 0.0 0.0 0.0 0.0 0.0 0.0 0.0 0.0 0.0 0.0 0.0 0.0 0.0 0.0 0.0 0.0 0.0 0.0 25/07/1998
0.6 0.4 0.4 0.4 0.4 0.4 0.0 0.0 0.0 0.0 0.0 0.0 0.6 0.6 0.4 0.4 0.4 0.4 0.0 0.0 0.0 0.0 0.0 0.1 0.6 0.6 0.6 0.6 26/07/1998
0.5 1.6 1.6 1.6 1.6 1.6 0.4 0.4 0.4 0.4 0.0 0.0 0.5 0.5 1.6 1.6 1.6 1.6 0.4 0.4 0.4 0.0 0.0 0.1 0.5 0.5 0.5 0.5 27/07/1998
2.5 3.1 3.1 3.1 3.1 3.1 4.0 4.0 4.1 4.1 3.9 3.9 2.5 2.5 3.1 3.1 3.1 3.1 3.9 4.0 4.0 3.8 3.8 1.3 2.5 2.5 2.5 2.5 28/07/1998
3.6 3.3 3.3 3.3 3.3 3.3 4.0 4.0 4.1 4.1 4.3 4.3 3.7 3.7 3.3 3.3 3.3 3.3 3.9 4.0 4.0 4.2 4.2 2.0 3.6 3.6 3.7 3.7 29/07/1998
0.0 0.5 0.5 0.5 0.5 0.5 0.0 0.0 0.0 0.0 0.0 0.0 0.0 0.0 0.5 0.5 0.5 0.5 0.0 0.0 0.0 0.0 0.0 0.0 0.0 0.0 0.0 0.0 30/07/1998
0.1 0.1 0.1 0.1 0.1 0.1 0.0 0.0 0.0 0.0 0.0 0.0 0.1 0.1 0.1 0.1 0.1 0.1 0.0 0.0 0.0 0.0 0.0 0.0 0.1 0.1 0.1 0.1 31/07/1998
