# 460 461 462 463 464 465 489 490 491 492 493 494 518 519 520 521 522 523 547 548 549 550 551 575 576 577 578 579 Date
0.0 0.0 0.0 0.0 0.0 0.0 0.0 0.0 0.0 0.0 0.0 0.0 0.0 0.0 0.0 0.0 0.0 0.0 0.0 0.0 0.0 0.0 0.0 0.0 0.0 0.0 0.0 0.0 01/08/2015
0.0 0.0 0.0 0.0 0.0 0.0 0.0 0.0 0.0 0.0 0.0 0.0 0.0 0.0 0.0 0.0 0.0 0.0 0.0 0.0 0.0 0.0 0.0 0.0 0.0 0.0 0.0 0.0 02/08/2015
0.1 0.4 0.4 0.4 0.4 0.4 1.8 1.9 1.9 1.9 1.6 1.6 0.1 0.1 0.4 0.4 0.4 0.4 1.8 1.8 1.8 1.6 1.6 0.2 0.1 0.1 0.1 0.1 03/08/2015
0.0 0.0 0.0 0.0 0.0 0.0 0.6 0.6 0.6 0.6 1.4 1.4 0.0 0.0 0.0 0.0 0.0 0.0 0.6 0.6 0.6 1.4 1.4 0.2 0.0 0.0 0.0 0.0 04/08/2015
0.0 0.0 0.0 0.0 0.0 0.0 0.0 0.0 0.0 0.0 0.0 0.0 0.0 0.0 0.0 0.0 0.0 0.0 0.0 0.0 0.0 0.0 0.0 0.0 0.0 0.0 0.0 0.0 05/08/2015
0.0 0.0 0.0 0.0 0.0 0.0 13.7 13.9 14.0 14.2 4.9 4.9 0.0 0.0 0.0 0.0 0.0 0.0 13.5 13.7 13.8 4.8 4.8 0.0 0.0 0.0 0.0 0.0 06/08/2015
0.0 0.0 0.0 0.0 0.0 0.0 1.1 1.1 1.2 1.2 8.0 8.0 0.0 0.0 0.0 0.0 0.0 0.0 1.1 1.1 1.1 7.8 7.8 0.0 0.0 0.0 0.0 0.0 07/08/2015
0.0 0.0 0.0 0.0 0.0 0.0 0.0 0.0 0.0 0.0 0.1 0.1 0.0 0.0 0.0 0.0 0.0 0.0 0.0 0.0 0.0 0.1 0.1 0.0 0.0 0.0 0.0 0.0 08/08/2015
0.0 0.0 0.0 0.0 0.0 0.0 0.2 0.2 0.3 0.3 5.8 5.8 0.0 0.0 0.0 0.0 0.0 0.0 0.2 0.2 0.2 5.7 5.6 0.0 0.0 0.0 0.0 0.0 09/08/2015
20.8 0.3 0.3 0.3 0.3 0.3 0.0 0.0 0.0 0.0 0.0 0.0 21.0 21.0 0.3 0.3 0.3 0.3 0.0 0.0 0.0 0.0 0.0 25.3 20.9 20.9 21.1 21.1 10/08/2015
13.9 2.6 2.6 2.6 2.6 2.6 0.0 0.0 0.0 0.0 0.0 0.0 14.1 14.1 2.6 2.6 2.6 2.6 0.0 0.0 0.0 0.0 0.0 11.8 14.0 14.0 14.1 14.2 11/08/2015
4.7 0.4 0.4 0.4 0.4 0.4 0.0 0.0 0.0 0.0 0.0 0.0 4.8 4.8 0.4 0.4 0.4 0.4 0.0 0.0 0.0 0.0 0.0 6.4 4.7 4.7 4.8 4.8 12/08/2015
11.4 17.4 17.5 17.4 17.4 17.5 7.9 8.0 8.1 8.2 12.1 12.1 11.5 11.5 17.7 17.6 17.6 17.7 7.8 7.9 8.0 11.8 11.8 7.2 11.5 11.5 11.6 11.6 13/08/2015
12.9 10.5 10.6 10.5 10.5 10.6 23.9 24.2 24.5 24.7 2.4 2.4 13.0 13.0 10.7 10.7 10.7 10.7 23.5 23.9 24.1 2.4 2.3 11.4 13.0 13.0 13.1 13.1 14/08/2015
0.2 0.1 0.1 0.1 0.1 0.1 23.9 24.2 24.5 24.7 14.6 14.6 0.2 0.2 0.1 0.1 0.1 0.1 23.6 24.0 24.1 14.3 14.2 0.0 0.2 0.2 0.2 0.2 15/08/2015
0.6 0.1 0.1 0.1 0.1 0.1 0.0 0.0 0.0 0.0 0.0 0.0 0.6 0.6 0.1 0.1 0.1 0.1 0.0 0.0 0.0 0.0 0.0 0.1 0.6 0.6 0.6 0.6 16/08/2015
0.0 0.0 0.0 0.0 0.0 0.0 1.3 1.3 1.4 1.4 1.8 1.8 0.0 0.0 0.0 0.0 0.0 0.0 1.3 1.3 1.3 1.8 1.7 0.0 0.0 0.0 0.0 0.0 17/08/2015
0.0 0.0 0.0 0.0 0.0 0.0 1.1 1.1 1.1 1.1 0.9 0.9 0.0 0.0 0.0 0.0 0.0 0.0 1.1 1.1 1.1 0.9 0.9 0.0 0.0 0.0 0.0 0.0 18/08/2015
8.4 11.7 11.7 11.7 11.7 11.8 0.0 0.0 0.0 0.0 0.0 0.0 8.5 8.5 11.9 11.8 11.8 11.9 0.0 0.0 0.0 0.0 0.0 4.0 8.4 8.4 8.5 8.5 19/08/2015
1.1 0.9 0.9 0.9 0.9 0.9 0.1 0.1 0.1 0.1 1.9 1.9 1.1 1.1 0.9 0.9 0.9 0.9 0.1 0.1 0.1 1.9 1.8 0.1 1.1 1.1 1.1 1.1 20/08/2015
0.0 0.1 0.1 0.1 0.1 0.1 0.0 0.0 0.0 0.0 0.0 0.0 0.0 0.0 0.1 0.1 0.1 0.1 0.0 0.0 0.0 0.0 0.0 0.0 0.0 0.0 0.0 0.0 21/08/2015
0.0 0.0 0.0 0.0 0.0 0.0 0.0 0.0 0.0 0.0 0.0 0.0 0.0 0.0 0.0 0.0 0.0 0.0 0.0 0.0 0.0 0.0 0.0 0.0 0.0 0.0 0.0 0.0 22/08/2015
12.3 13.2 13.3 13.2 13.2 13.3 2.2 2.2 2.2 2.2 10.9 11.0 12.4 12.4 13.4 13.4 13.4 13.4 2.1 2.2 2.2 10.7 10.6 14.3 12.3 12.3 12.4 12.5 23/08/2015
20.3 19.2 19.4 19.2 19.3 19.4 9.7 9.9 10.0 10.1 7.8 7.9 20.5 20.5 19.6 19.5 19.5 19.5 9.6 9.8 9.8 7.7 7.6 15.8 20.4 20.4 20.5 20.6 24/08/2015
4.0 1.3 1.3 1.3 1.3 1.3 2.4 2.5 2.5 2.5 2.5 2.5 4.1 4.1 1.4 1.4 1.4 1.4 2.4 2.5 2.5 2.4 2.4 1.7 4.1 4.1 4.1 4.1 25/08/2015
18.9 4.6 4.6 4.6 4.6 4.6 2.4 2.5 2.5 2.5 5.2 5.2 19.2 19.2 4.6 4.6 4.6 4.6 2.4 2.4 2.4 5.1 5.1 17.7 19.1 19.1 19.2 19.3 26/08/2015
7.0 7.9 7.9 7.9 7.9 7.9 22.7 23.0 23.3 23.5 29.5 29.6 7.0 7.0 8.0 8.0 8.0 8.0 22.4 22.8 22.9 28.9 28.7 6.7 7.0 7.0 7.1 7.1 27/08/2015
0.0 0.2 0.2 0.2 0.2 0.2 0.1 0.1 0.1 0.1 0.1 0.1 0.0 0.0 0.2 0.2 0.2 0.2 0.1 0.1 0.1 0.1 0.1 0.0 0.0 0.0 0.0 0.0 28/08/2015
0.2 0.0 0.0 0.0 0.0 0.0 0.0 0.0 0.0 0.0 0.0 0.0 0.2 0.2 0.0 0.0 0.0 0.0 0.0 0.0 0.0 0.0 0.0 0.0 0.2 0.2 0.2 0.2 29/08/2015
1.6 0.6 0.6 0.6 0.6 0.6 0.0 0.0 0.0 0.0 0.0 0.0 1.6 1.6 0.6 0.6 0.6 0.6 0.0 0.0 0.0 0.0 0.0 7.7 1.6 1.6 1.6 1.6 30/08/2015
5.3 12.9 12.9 12.9 12.9 12.9 3.6 3.7 3.7 3.8 11.5 11.5 5.4 5.4 13.1 13.0 13.0 13.1 3.6 3.7 3.7 11.2 11.1 4.5 5.4 5.4 5.4 5.4 31/08/2015
2.5 0.3 0.3 0.3 0.3 0.3 0.6 0.6 0.6 0.7 3.1 3.1 2.5 2.5 0.3 0.3 0.3 0.3 0.6 0.6 0.6 3.1 3.0 0.2 2.5 2.5 2.5 2.5 01/09/2015
3.8 3.2 3.3 3.2 3.2 3.3 0.4 0.4 0.4 0.4 0.6 0.6 3.9 3.9 3.3 3.3 3.3 3.3 0.4 0.4 0.4 0.6 0.5 10.3 3.9 3.9 3.9 3.9 02/09/2015
4.0 2.8 2.8 2.8 2.8 2.8 0.4 0.4 0.4 0.4 2.0 2.0 4.1 4.1 2.9 2.9 2.9 2.9 0.4 0.4 0.4 1.9 1.9 4.3 4.0 4.0 4.1 4.1 03/09/2015
1.1 0.8 0.8 0.8 0.8 0.8 1.1 1.1 1.1 1.1 0.5 0.5 1.1 1.1 0.8 0.8 0.8 0.8 1.1 1.1 1.1 0.5 0.5 9.1 1.1 1.1 1.1 1.1 04/09/2015
2.0 2.7 2.7 2.7 2.7 2.7 0.2 0.2 0.2 0.2 0.1 0.1 2.0 2.0 2.7 2.7 2.7 2.7 0.2 0.2 0.2 0.1 0.1 1.2 2.0 2.0 2.0 2.0 05/09/2015
0.0 0.2 0.2 0.2 0.2 0.2 0.0 0.0 0.0 0.0 0.0 0.0 0.0 0.0 0.2 0.2 0.2 0.2 0.0 0.0 0.0 0.0 0.0 0.0 0.0 0.0 0.0 0.0 06/09/2015
0.0 0.1 0.1 0.1 0.1 0.1 0.0 0.0 0.0 0.0 0.0 0.0 0.0 0.0 0.1 0.1 0.1 0.1 0.0 0.0 0.0 0.0 0.0 0.0 0.0 0.0 0.0 0.0 07/09/2015
0.0 0.2 0.2 0.2 0.2 0.2 0.0 0.0 0.0 0.0 0.1 0.1 0.0 0.0 0.2 0.2 0.2 0.2 0.0 0.0 0.0 0.1 0.1 0.0 0.0 0.0 0.0 0.0 08/09/2015
0.0 0.1 0.1 0.1 0.1 0.1 0.0 0.0 0.0 0.0 0.0 0.0 0.0 0.0 0.1 0.1 0.1 0.1 0.0 0.0 0.0 0.0 0.0 0.0 0.0 0.0 0.0 0.0 09/09/2015
0.0 0.1 0.1 0.1 0.1 0.1 0.0 0.0 0.0 0.0 0.0 0.0 0.0 0.0 0.1 0.1 0.1 0.1 0.0 0.0 0.0 0.0 0.0 0.0 0.0 0.0 0.0 0.0 10/09/2015
0.0 0.3 0.3 0.3 0.3 0.3 0.1 0.1 0.1 0.1 0.0 0.0 0.0 0.0 0.3 0.3 0.3 0.3 0.1 0.1 0.1 0.0 0.0 0.0 0.0 0.0 0.0 0.0 11/09/2015
2.7 2.3 2.3 2.3 2.3 2.3 10.8 10.9 11.1 11.2 4.9 4.9 2.8 2.8 2.3 2.3 2.3 2.3 10.7 10.8 10.9 4.8 4.8 1.4 2.8 2.8 2.8 2.8 12/09/2015
7.6 7.6 7.7 7.6 7.6 7.7 2.6 2.6 2.7 2.7 3.1 3.1 7.7 7.7 7.7 7.7 7.7 7.7 2.6 2.6 2.6 3.1 3.0 6.6 7.6 7.6 7.7 7.7 13/09/2015
5.8 6.2 6.2 6.2 6.2 6.2 11.1 11.3 11.4 11.5 3.9 3.9 5.9 5.9 6.3 6.3 6.3 6.3 11.0 11.1 11.2 3.8 3.8 3.7 5.8 5.8 5.9 5.9 14/09/2015
11.5 9.1 9.1 9.1 9.1 9.1 7.5 7.6 7.7 7.8 11.8 11.8 11.6 11.6 9.2 9.2 9.2 9.2 7.4 7.5 7.6 11.6 11.5 10.5 11.6 11.6 11.7 11.7 15/09/2015
17.4 6.6 6.6 6.6 6.6 6.6 19.6 19.9 20.1 20.3 31.8 31.9 17.6 17.6 6.7 6.7 6.6 6.7 19.3 19.7 19.8 31.2 30.9 13.9 17.5 17.5 17.7 17.7 16/09/2015
1.8 1.6 1.6 1.6 1.6 1.6 5.2 5.2 5.3 5.3 6.5 6.5 1.9 1.9 1.6 1.6 1.6 1.6 5.1 5.2 5.2 6.4 6.3 1.2 1.8 1.8 1.9 1.9 17/09/2015
6.4 11.5 11.6 11.5 11.5 11.6 2.2 2.3 2.3 2.3 4.9 4.9 6.5 6.5 11.7 11.7 11.6 11.7 2.2 2.2 2.2 4.8 4.7 9.3 6.4 6.4 6.5 6.5 18/09/2015
0.0 0.2 0.2 0.2 0.2 0.2 1.3 1.4 1.4 1.4 0.8 0.8 0.0 0.0 0.2 0.2 0.2 0.2 1.3 1.3 1.4 0.7 0.7 0.1 0.0 0.0 0.0 0.0 19/09/2015
0.0 0.2 0.2 0.2 0.2 0.2 0.0 0.0 0.0 0.0 0.1 0.1 0.0 0.0 0.2 0.2 0.2 0.2 0.0 0.0 0.0 0.1 0.1 0.0 0.0 0.0 0.0 0.0 20/09/2015
7.4 2.7 2.7 2.7 2.7 2.7 5.0 5.1 5.2 5.2 7.0 7.0 7.5 7.5 2.8 2.8 2.8 2.8 5.0 5.1 5.1 6.9 6.8 5.8 7.5 7.5 7.5 7.6 21/09/2015
14.6 12.7 12.8 12.7 12.7 12.8 7.1 7.2 7.2 7.3 6.1 6.1 14.8 14.8 12.9 12.9 12.9 12.9 7.0 7.1 7.1 5.9 5.9 9.7 14.7 14.7 14.8 14.8 22/09/2015
0.0 0.2 0.2 0.2 0.2 0.2 0.1 0.1 0.1 0.1 0.1 0.1 0.0 0.0 0.2 0.2 0.2 0.2 0.1 0.1 0.1 0.1 0.1 0.0 0.0 0.0 0.0 0.0 23/09/2015
2.1 1.5 1.6 1.5 1.5 1.6 1.2 1.2 1.2 1.2 1.3 1.3 2.1 2.1 1.6 1.6 1.6 1.6 1.2 1.2 1.2 1.2 1.2 1.4 2.1 2.1 2.1 2.1 24/09/2015
0.0 0.2 0.2 0.2 0.2 0.2 0.1 0.1 0.1 0.1 0.1 0.1 0.0 0.0 0.2 0.2 0.2 0.2 0.1 0.1 0.1 0.1 0.1 0.0 0.0 0.0 0.0 0.0 25/09/2015
0.0 0.2 0.2 0.2 0.2 0.2 0.0 0.0 0.0 0.0 0.0 0.0 0.0 0.0 0.2 0.2 0.2 0.2 0.0 0.0 0.0 0.0 0.0 0.0 0.0 0.0 0.0 0.0 26/09/2015
0.0 0.1 0.1 0.1 0.1 0.1 0.0 0.0 0.0 0.0 0.0 0.0 0.0 0.0 0.1 0.1 0.1 0.1 0.0 0.0 0.0 0.0 0.0 0.0 0.0 0.0 0.0 0.0 27/09/2015
0.0 0.0 0.0 0.0 0.0 0.0 0.0 0.0 0.0 0.0 0.0 0.0 0.0 0.0 0.0 0.0 0.0 0.0 0.0 0.0 0.0 0.0 0.0 0.0 0.0 0.0 0.0 0.0 28/09/2015
0.0 0.0 0.0 0.0 0.0 0.0 0.0 0.0 0.0 0.0 0.0 0.0 0.0 0.0 0.0 0.0 0.0 0.0 0.0 0.0 0.0 0.0 0.0 0.0 0.0 0.0 0.0 0.0 29/09/2015
0.0 0.1 0.1 0.1 0.1 0.1 0.0 0.0 0.0 0.0 0.0 0.0 0.0 0.0 0.1 0.1 0.1 0.1 0.0 0.0 0.0 0.0 0.0 0.0 0.0 0.0 0.0 0.0 30/09/2015
0.0 0.0 0.0 0.0 0.0 0.0 0.0 0.0 0.0 0.0 0.0 0.0 0.0 0.0 0.0 0.0 0.0 0.0 0.0 0.0 0.0 0.0 0.0 0.0 0.0 0.0 0.0 0.0 01/10/2015
0.0 0.1 0.1 0.1 0.1 0.1 0.0 0.0 0.0 0.0 0.0 0.0 0.0 0.0 0.1 0.1 0.1 0.1 0.0 0.0 0.0 0.0 0.0 0.0 0.0 0.0 0.0 0.0 02/10/2015
0.2 0.2 0.2 0.2 0.2 0.2 0.0 0.0 0.0 0.0 0.0 0.0 0.2 0.2 0.2 0.2 0.2 0.2 0.0 0.0 0.0 0.0 0.0 0.2 0.2 0.2 0.2 0.2 03/10/2015
2.0 0.3 0.3 0.3 0.3 0.3 0.0 0.0 0.0 0.0 0.1 0.1 2.0 2.0 0.3 0.3 0.3 0.3 0.0 0.0 0.0 0.1 0.1 2.2 2.0 2.0 2.0 2.0 04/10/2015
9.6 7.3 7.4 7.3 7.3 7.4 10.5 10.6 10.8 10.9 9.0 9.0 9.7 9.7 7.4 7.4 7.4 7.4 10.4 10.5 10.6 8.8 8.7 8.2 9.6 9.6 9.7 9.8 05/10/2015
10.3 8.8 8.9 8.8 8.8 8.9 6.5 6.6 6.7 6.7 5.2 5.2 10.5 10.5 9.0 9.0 9.0 9.0 6.4 6.5 6.6 5.1 5.0 4.9 10.4 10.4 10.5 10.5 06/10/2015
0.0 0.2 0.2 0.2 0.2 0.2 1.5 1.5 1.5 1.5 1.6 1.6 0.0 0.0 0.2 0.2 0.2 0.2 1.5 1.5 1.5 1.6 1.6 0.1 0.0 0.0 0.0 0.0 07/10/2015
0.0 0.2 0.2 0.2 0.2 0.2 0.8 0.8 0.8 0.8 1.7 1.7 0.0 0.0 0.2 0.2 0.2 0.2 0.8 0.8 0.8 1.7 1.7 0.0 0.0 0.0 0.0 0.0 08/10/2015
0.0 0.3 0.3 0.3 0.3 0.3 0.0 0.0 0.0 0.0 0.1 0.1 0.0 0.0 0.3 0.3 0.3 0.3 0.0 0.0 0.0 0.1 0.1 0.1 0.0 0.0 0.0 0.0 09/10/2015
0.0 0.2 0.2 0.2 0.2 0.2 0.0 0.0 0.0 0.0 0.1 0.1 0.0 0.0 0.2 0.2 0.2 0.2 0.0 0.0 0.0 0.1 0.1 0.0 0.0 0.0 0.0 0.0 10/10/2015
0.0 0.1 0.1 0.1 0.1 0.1 0.0 0.0 0.0 0.0 0.0 0.0 0.0 0.0 0.1 0.1 0.1 0.1 0.0 0.0 0.0 0.0 0.0 0.0 0.0 0.0 0.0 0.0 11/10/2015
0.0 0.1 0.1 0.1 0.1 0.1 0.0 0.0 0.0 0.0 0.1 0.1 0.0 0.0 0.1 0.1 0.1 0.1 0.0 0.0 0.0 0.1 0.1 0.0 0.0 0.0 0.0 0.0 12/10/2015
2.2 1.2 1.2 1.2 1.2 1.2 0.0 0.0 0.0 0.0 0.0 0.0 2.2 2.2 1.2 1.2 1.2 1.2 0.0 0.0 0.0 0.0 0.0 0.5 2.2 2.2 2.2 2.2 13/10/2015
8.3 4.4 4.5 4.4 4.4 4.5 4.9 4.9 5.0 5.0 9.3 9.4 8.4 8.4 4.5 4.5 4.5 4.5 4.8 4.9 4.9 9.1 9.1 7.2 8.4 8.4 8.5 8.5 14/10/2015
3.7 4.3 4.3 4.3 4.3 4.3 4.7 4.7 4.8 4.8 3.6 3.6 3.8 3.8 4.3 4.3 4.3 4.3 4.6 4.7 4.7 3.5 3.5 1.8 3.7 3.7 3.8 3.8 15/10/2015
2.7 3.3 3.3 3.3 3.3 3.3 4.2 4.2 4.3 4.3 3.4 3.4 2.7 2.7 3.3 3.3 3.3 3.3 4.1 4.2 4.2 3.3 3.3 2.5 2.7 2.7 2.7 2.7 16/10/2015
1.0 2.2 2.2 2.2 2.2 2.2 0.7 0.7 0.7 0.7 0.6 0.6 1.0 1.0 2.2 2.2 2.2 2.2 0.6 0.7 0.7 0.6 0.6 0.3 1.0 1.0 1.0 1.1 17/10/2015
0.5 0.2 0.2 0.2 0.2 0.2 0.1 0.1 0.1 0.1 0.1 0.1 0.5 0.5 0.2 0.2 0.2 0.2 0.1 0.1 0.1 0.1 0.1 0.4 0.5 0.5 0.5 0.5 18/10/2015
2.3 1.0 1.0 1.0 1.0 1.0 0.1 0.1 0.1 0.1 0.1 0.1 2.3 2.3 1.1 1.1 1.1 1.1 0.1 0.1 0.1 0.1 0.1 1.1 2.3 2.3 2.3 2.3 19/10/2015
0.4 1.3 1.3 1.3 1.3 1.3 0.6 0.6 0.6 0.7 0.1 0.1 0.4 0.4 1.3 1.3 1.3 1.3 0.6 0.6 0.6 0.1 0.1 0.0 0.4 0.4 0.4 0.4 20/10/2015
9.4 5.6 5.7 5.6 5.6 5.7 3.1 3.1 3.2 3.2 2.6 2.6 9.5 9.5 5.7 5.7 5.7 5.7 3.1 3.1 3.1 2.6 2.5 10.3 9.4 9.4 9.5 9.5 21/10/2015
0.8 0.9 0.9 0.9 0.9 0.9 0.7 0.7 0.7 0.7 0.9 0.9 0.8 0.8 0.9 0.9 0.9 0.9 0.7 0.7 0.7 0.9 0.9 0.4 0.8 0.8 0.8 0.8 22/10/2015
0.0 0.2 0.2 0.2 0.2 0.2 0.0 0.0 0.0 0.0 0.2 0.2 0.0 0.0 0.2 0.2 0.2 0.2 0.0 0.0 0.0 0.2 0.2 0.0 0.0 0.0 0.0 0.0 23/10/2015
0.0 0.2 0.2 0.2 0.2 0.2 0.3 0.3 0.3 0.3 0.1 0.1 0.0 0.0 0.2 0.2 0.2 0.2 0.3 0.3 0.3 0.1 0.1 0.0 0.0 0.0 0.0 0.0 24/10/2015
0.0 0.2 0.2 0.2 0.2 0.2 0.1 0.1 0.1 0.1 0.2 0.2 0.0 0.0 0.2 0.2 0.2 0.2 0.1 0.1 0.1 0.2 0.2 0.0 0.0 0.0 0.0 0.0 25/10/2015
0.0 0.4 0.4 0.4 0.4 0.4 0.0 0.0 0.0 0.0 0.1 0.1 0.0 0.0 0.4 0.4 0.4 0.4 0.0 0.0 0.0 0.1 0.1 0.0 0.0 0.0 0.0 0.0 26/10/2015
3.4 8.3 8.4 8.3 8.3 8.4 1.5 1.6 1.6 1.6 3.1 3.1 3.4 3.4 8.5 8.4 8.4 8.4 1.5 1.5 1.6 3.0 3.0 3.6 3.4 3.4 3.4 3.5 27/10/2015
0.1 1.5 1.5 1.5 1.5 1.5 4.3 4.4 4.4 4.5 1.8 1.8 0.1 0.1 1.5 1.5 1.5 1.5 4.3 4.4 4.4 1.8 1.7 0.0 0.1 0.1 0.1 0.1 28/10/2015
0.0 0.0 0.0 0.0 0.0 0.0 0.1 0.1 0.1 0.1 0.1 0.1 0.0 0.0 0.0 0.0 0.0 0.0 0.1 0.1 0.1 0.1 0.1 0.0 0.0 0.0 0.0 0.0 29/10/2015
0.1 0.2 0.2 0.2 0.2 0.2 0.1 0.1 0.1 0.1 0.1 0.1 0.1 0.1 0.2 0.2 0.2 0.2 0.1 0.1 0.1 0.1 0.1 0.0 0.1 0.1 0.1 0.1 30/10/2015
0.3 0.3 0.3 0.3 0.3 0.3 0.1 0.1 0.1 0.1 0.1 0.2 0.3 0.3 0.3 0.3 0.3 0.3 0.1 0.1 0.1 0.1 0.1 0.1 0.3 0.3 0.3 0.3 31/10/2015
0.2 0.2 0.2 0.2 0.2 0.2 0.0 0.0 0.0 0.0 0.1 0.1 0.2 0.2 0.2 0.2 0.2 0.2 0.0 0.0 0.0 0.1 0.1 0.3 0.2 0.2 0.2 0.2 01/11/2015
0.0 0.2 0.2 0.2 0.2 0.2 0.0 0.0 0.0 0.0 0.1 0.1 0.0 0.0 0.2 0.2 0.2 0.2 0.0 0.0 0.0 0.1 0.1 0.0 0.0 0.0 0.0 0.0 02/11/2015
4.9 5.0 5.1 5.0 5.1 5.1 0.0 0.0 0.0 0.0 0.0 0.0 5.0 5.0 5.1 5.1 5.1 5.1 0.0 0.0 0.0 0.0 0.0 6.7 5.0 5.0 5.0 5.0 03/11/2015
1.3 2.3 2.3 2.3 2.3 2.3 3.2 3.2 3.2 3.3 0.7 0.7 1.3 1.3 2.3 2.3 2.3 2.3 3.1 3.2 3.2 0.7 0.7 1.3 1.3 1.3 1.3 1.3 04/11/2015
4.3 3.0 3.0 3.0 3.0 3.0 2.8 2.8 2.8 2.9 2.0 2.0 4.3 4.3 3.0 3.0 3.0 3.0 2.7 2.8 2.8 2.0 1.9 2.3 4.3 4.3 4.3 4.3 05/11/2015
5.7 3.1 3.1 3.1 3.1 3.1 3.3 3.4 3.4 3.4 4.4 4.4 5.8 5.8 3.1 3.1 3.1 3.1 3.3 3.3 3.4 4.3 4.2 5.0 5.7 5.7 5.8 5.8 06/11/2015
0.2 0.4 0.4 0.4 0.4 0.4 0.1 0.1 0.1 0.1 0.1 0.1 0.2 0.2 0.4 0.4 0.4 0.4 0.1 0.1 0.1 0.1 0.1 0.3 0.2 0.2 0.2 0.2 07/11/2015
2.0 1.2 1.2 1.2 1.2 1.2 0.7 0.7 0.7 0.7 0.6 0.6 2.0 2.0 1.2 1.2 1.2 1.2 0.7 0.7 0.7 0.6 0.6 1.1 2.0 2.0 2.0 2.0 08/11/2015
0.0 0.1 0.1 0.1 0.1 0.1 0.0 0.0 0.0 0.0 0.0 0.0 0.0 0.0 0.1 0.1 0.1 0.1 0.0 0.0 0.0 0.0 0.0 0.0 0.0 0.0 0.0 0.0 09/11/2015
0.0 0.1 0.1 0.1 0.1 0.1 0.6 0.6 0.6 0.6 0.9 0.9 0.0 0.0 0.1 0.1 0.1 0.1 0.6 0.6 0.6 0.9 0.9 0.0 0.0 0.0 0.0 0.0 10/11/2015
0.0 0.0 0.0 0.0 0.0 0.0 0.2 0.2 0.2 0.2 0.5 0.5 0.0 0.0 0.0 0.0 0.0 0.0 0.2 0.2 0.2 0.5 0.5 0.0 0.0 0.0 0.0 0.0 11/11/2015
1.1 0.9 0.9 0.9 0.9 0.9 0.2 0.2 0.2 0.2 0.0 0.0 1.1 1.1 0.9 0.9 0.9 0.9 0.2 0.2 0.2 0.0 0.0 0.6 1.1 1.1 1.1 1.1 12/11/2015
1.8 2.0 2.0 2.0 2.0 2.0 1.8 1.8 1.8 1.8 1.8 1.8 1.8 1.8 2.0 2.0 2.0 2.0 1.8 1.8 1.8 1.8 1.7 2.3 1.8 1.8 1.8 1.8 13/11/2015
1.1 1.1 1.1 1.1 1.1 1.1 2.9 2.9 3.0 3.0 2.4 2.4 1.1 1.1 1.1 1.1 1.1 1.1 2.8 2.9 2.9 2.3 2.3 0.4 1.1 1.1 1.1 1.1 14/11/2015
0.0 0.1 0.1 0.1 0.1 0.1 0.0 0.0 0.0 0.0 0.0 0.0 0.0 0.0 0.1 0.1 0.1 0.1 0.0 0.0 0.0 0.0 0.0 0.1 0.0 0.0 0.0 0.0 15/11/2015
15.7 12.5 12.6 12.5 12.5 12.6 10.7 10.9 11.0 11.1 12.8 12.8 15.9 15.9 12.7 12.7 12.7 12.7 10.6 10.7 10.8 12.5 12.4 11.9 15.8 15.8 15.9 16.0 16/11/2015
3.7 3.2 3.3 3.2 3.2 3.3 3.7 3.8 3.8 3.8 10.0 10.1 3.8 3.8 3.3 3.3 3.3 3.3 3.7 3.7 3.7 9.9 9.8 2.4 3.8 3.8 3.8 3.8 17/11/2015
0.1 0.6 0.6 0.6 0.6 0.6 0.3 0.3 0.3 0.3 0.6 0.6 0.1 0.1 0.6 0.6 0.6 0.6 0.3 0.3 0.3 0.5 0.5 0.3 0.1 0.1 0.1 0.1 18/11/2015
21.7 22.3 22.4 22.3 22.3 22.5 17.8 18.1 18.3 18.5 22.3 22.4 22.0 22.0 22.7 22.6 22.6 22.7 17.6 17.9 18.0 21.8 21.6 17.2 21.9 21.9 22.0 22.1 19/11/2015
17.9 15.0 15.1 15.0 15.0 15.1 10.1 10.2 10.3 10.4 12.2 12.2 18.1 18.1 15.2 15.2 15.2 15.2 9.9 10.1 10.2 12.0 11.9 16.8 18.0 18.0 18.1 18.2 20/11/2015
1.5 4.5 4.5 4.5 4.5 4.5 4.1 4.2 4.2 4.3 5.1 5.1 1.5 1.5 4.6 4.6 4.6 4.6 4.1 4.2 4.2 5.0 4.9 1.8 1.5 1.5 1.5 1.5 21/11/2015
1.5 1.2 1.2 1.2 1.2 1.2 0.1 0.0 0.0 0.0 0.1 0.1 1.5 1.5 1.1 1.1 1.1 1.1 0.1 0.1 0.1 0.1 0.1 1.8 1.5 1.5 1.5 1.5 22/11/2015
0.8 0.7 0.7 0.7 0.7 0.7 0.0 0.0 0.0 0.0 0.0 0.0 0.8 0.8 0.7 0.7 0.7 0.7 0.0 0.0 0.0 0.0 0.0 0.8 0.8 0.8 0.8 0.8 23/11/2015
16.8 15.4 15.5 15.4 15.5 15.5 8.7 8.6 8.5 8.3 6.4 6.3 17.1 17.1 15.7 15.7 15.7 15.7 8.9 8.7 8.6 6.8 6.9 15.8 17.0 17.0 17.1 17.2 24/11/2015
1.2 3.3 3.3 3.3 3.3 3.3 3.0 3.0 3.1 3.1 2.6 2.6 1.3 1.3 3.4 3.4 3.4 3.4 3.0 3.0 3.0 2.5 2.5 2.2 1.3 1.3 1.3 1.3 25/11/2015
0.9 0.3 0.3 0.3 0.3 0.3 0.3 0.2 0.2 0.1 0.0 0.0 0.9 0.9 0.3 0.3 0.3 0.3 0.3 0.3 0.2 0.0 0.0 1.6 0.9 0.9 0.9 0.9 26/11/2015
4.7 2.8 2.9 2.8 2.9 2.9 4.0 4.0 4.0 4.0 3.3 3.3 4.7 4.7 2.9 2.9 2.9 2.9 3.9 4.0 4.0 3.3 3.2 2.6 4.7 4.7 4.7 4.8 27/11/2015
2.6 4.0 4.1 4.0 4.0 4.1 5.5 5.6 5.7 5.7 8.2 8.2 2.7 2.7 4.1 4.1 4.1 4.1 5.5 5.5 5.6 8.0 8.0 1.7 2.6 2.6 2.7 2.7 28/11/2015
2.8 3.4 3.4 3.4 3.4 3.4 5.1 5.2 5.2 5.3 6.2 6.3 2.8 2.8 3.4 3.4 3.4 3.4 5.0 5.1 5.2 6.1 6.1 0.8 2.8 2.8 2.8 2.8 29/11/2015
0.9 0.9 0.9 0.9 0.9 0.9 0.9 0.9 0.9 0.9 3.6 3.6 0.9 0.9 0.9 0.9 0.9 0.9 0.9 0.9 0.9 3.5 3.5 0.4 0.9 0.9 0.9 0.9 30/11/2015
0.2 0.3 0.3 0.3 0.3 0.3 0.9 0.9 0.9 0.9 2.1 2.1 0.2 0.2 0.3 0.3 0.3 0.3 0.9 0.9 0.9 2.1 2.1 0.0 0.2 0.2 0.2 0.2 01/12/2015
0.0 0.2 0.2 0.2 0.2 0.2 0.0 0.0 0.0 0.0 0.0 0.0 0.0 0.0 0.2 0.2 0.2 0.2 0.0 0.0 0.0 0.0 0.0 0.0 0.0 0.0 0.0 0.0 02/12/2015
2.6 1.1 1.1 1.1 1.1 1.1 4.0 4.0 4.1 4.1 4.2 4.2 2.6 2.6 1.1 1.1 1.1 1.1 3.9 4.0 4.0 4.1 4.1 1.4 2.6 2.6 2.6 2.6 03/12/2015
0.0 0.1 0.1 0.1 0.1 0.1 0.3 0.3 0.3 0.3 0.4 0.4 0.0 0.0 0.1 0.1 0.1 0.1 0.3 0.3 0.3 0.3 0.3 0.0 0.0 0.0 0.0 0.0 04/12/2015
0.0 0.0 0.0 0.0 0.0 0.0 0.0 0.0 0.0 0.0 0.1 0.1 0.0 0.0 0.0 0.0 0.0 0.0 0.0 0.0 0.0 0.1 0.1 0.0 0.0 0.0 0.0 0.0 05/12/2015
0.0 0.0 0.0 0.0 0.0 0.0 0.0 0.0 0.0 0.0 0.1 0.1 0.0 0.0 0.0 0.0 0.0 0.0 0.0 0.0 0.0 0.1 0.1 0.0 0.0 0.0 0.0 0.0 06/12/2015
6.3 0.3 0.3 0.3 0.3 0.3 0.2 0.2 0.2 0.2 0.2 0.2 6.3 6.3 0.3 0.3 0.3 0.3 0.2 0.2 0.2 0.2 0.2 2.8 6.3 6.3 6.3 6.4 07/12/2015
4.7 6.7 6.7 6.7 6.7 6.7 11.2 11.3 11.4 11.5 11.7 11.8 4.7 4.7 6.8 6.8 6.8 6.8 11.0 11.2 11.2 11.5 11.4 4.8 4.7 4.7 4.8 4.8 08/12/2015
0.0 0.3 0.3 0.3 0.3 0.3 0.0 0.0 0.0 0.0 0.0 0.0 0.0 0.0 0.3 0.3 0.3 0.3 0.0 0.0 0.0 0.0 0.0 0.0 0.0 0.0 0.0 0.0 09/12/2015
0.2 0.2 0.2 0.2 0.2 0.2 0.0 0.0 0.0 0.0 0.0 0.0 0.2 0.2 0.2 0.2 0.2 0.2 0.0 0.0 0.0 0.0 0.0 0.0 0.2 0.2 0.2 0.2 10/12/2015
10.3 4.7 4.7 4.7 4.7 4.7 6.1 6.2 6.3 6.3 7.4 7.5 10.4 10.4 4.7 4.7 4.7 4.7 6.1 6.2 6.2 7.3 7.2 4.6 10.3 10.3 10.4 10.5 11/12/2015
0.0 0.2 0.2 0.2 0.2 0.2 0.8 0.8 0.8 0.8 0.4 0.4 0.0 0.0 0.2 0.2 0.2 0.2 0.8 0.8 0.8 0.3 0.3 0.0 0.0 0.0 0.0 0.0 12/12/2015
0.0 0.2 0.2 0.2 0.2 0.2 0.1 0.1 0.1 0.1 0.1 0.1 0.0 0.0 0.2 0.2 0.2 0.2 0.1 0.1 0.1 0.1 0.1 0.0 0.0 0.0 0.0 0.0 13/12/2015
2.5 1.0 1.0 1.0 1.0 1.0 0.0 0.0 0.0 0.0 0.2 0.2 2.6 2.6 1.0 1.0 1.0 1.0 0.0 0.0 0.0 0.2 0.2 2.7 2.5 2.5 2.6 2.6 14/12/2015
10.4 8.5 8.6 8.5 8.5 8.6 7.8 7.9 8.0 8.1 7.2 7.2 10.5 10.5 8.6 8.6 8.6 8.6 7.7 7.8 7.9 7.0 7.0 7.9 10.5 10.5 10.6 10.6 15/12/2015
1.4 1.0 1.0 1.0 1.0 1.0 1.4 1.4 1.4 1.4 1.4 1.4 1.4 1.4 1.0 1.0 1.0 1.0 1.3 1.4 1.4 1.4 1.4 0.8 1.4 1.4 1.4 1.4 16/12/2015
1.5 0.6 0.6 0.6 0.6 0.6 0.0 0.0 0.0 0.0 0.8 0.8 1.5 1.5 0.6 0.6 0.6 0.6 0.0 0.0 0.0 0.8 0.8 1.3 1.5 1.5 1.5 1.5 17/12/2015
0.5 0.2 0.2 0.2 0.2 0.2 0.0 0.0 0.0 0.0 0.1 0.1 0.5 0.5 0.2 0.2 0.2 0.2 0.0 0.0 0.0 0.1 0.1 0.1 0.5 0.5 0.5 0.5 18/12/2015
0.0 0.0 0.0 0.0 0.0 0.0 0.0 0.0 0.0 0.0 0.0 0.0 0.0 0.0 0.0 0.0 0.0 0.0 0.0 0.0 0.0 0.0 0.0 0.0 0.0 0.0 0.0 0.0 19/12/2015
3.3 0.9 0.9 0.9 0.9 0.9 2.8 2.8 2.8 2.8 5.0 5.0 3.3 3.3 0.9 0.9 0.9 0.9 2.7 2.8 2.8 4.9 4.9 2.0 3.3 3.3 3.3 3.3 20/12/2015
6.7 4.6 4.7 4.6 4.7 4.7 6.5 6.6 6.7 6.7 10.7 10.8 6.7 6.7 4.7 4.7 4.7 4.7 6.4 6.5 6.6 10.5 10.4 3.3 6.7 6.7 6.7 6.8 21/12/2015
3.8 2.8 2.8 2.8 2.8 2.8 0.8 0.8 0.8 0.8 1.1 1.1 3.8 3.8 2.9 2.9 2.9 2.9 0.8 0.8 0.8 1.1 1.1 3.4 3.8 3.8 3.8 3.9 22/12/2015
1.0 1.3 1.3 1.3 1.3 1.3 0.2 0.2 0.2 0.2 0.6 0.6 1.0 1.0 1.3 1.3 1.3 1.3 0.2 0.2 0.2 0.6 0.6 0.0 1.0 1.0 1.0 1.0 23/12/2015
4.5 3.4 3.4 3.4 3.4 3.4 1.5 1.6 1.6 1.6 1.8 1.8 4.6 4.6 3.5 3.5 3.5 3.5 1.5 1.5 1.6 1.7 1.7 3.0 4.5 4.5 4.6 4.6 24/12/2015
4.3 1.8 1.8 1.8 1.8 1.8 3.6 3.6 3.7 3.7 5.3 5.3 4.4 4.4 1.8 1.8 1.8 1.8 3.5 3.6 3.6 5.1 5.1 6.1 4.3 4.3 4.4 4.4 25/12/2015
0.0 0.3 0.3 0.3 0.3 0.3 0.2 0.2 0.2 0.2 0.1 0.1 0.0 0.0 0.3 0.3 0.3 0.3 0.2 0.2 0.2 0.1 0.1 0.0 0.0 0.0 0.0 0.0 26/12/2015
0.0 0.3 0.3 0.3 0.3 0.3 0.2 0.2 0.2 0.2 0.1 0.1 0.0 0.0 0.3 0.3 0.3 0.3 0.2 0.2 0.2 0.1 0.1 0.0 0.0 0.0 0.0 0.0 27/12/2015
0.6 1.5 1.5 1.5 1.5 1.5 0.1 0.1 0.1 0.1 0.0 0.0 0.6 0.6 1.5 1.5 1.5 1.5 0.1 0.1 0.1 0.0 0.0 0.1 0.6 0.6 0.6 0.6 28/12/2015
0.0 0.2 0.2 0.2 0.2 0.2 0.4 0.4 0.4 0.4 0.2 0.2 0.0 0.0 0.2 0.2 0.2 0.2 0.4 0.4 0.4 0.2 0.2 0.0 0.0 0.0 0.0 0.0 29/12/2015
6.3 1.8 1.8 1.8 1.8 1.8 4.1 4.2 4.2 4.2 6.0 6.0 6.4 6.4 1.9 1.9 1.9 1.9 4.0 4.1 4.1 5.8 5.8 4.4 6.3 6.3 6.4 6.4 30/12/2015
1.0 0.8 0.8 0.8 0.8 0.8 0.2 0.2 0.2 0.2 0.1 0.1 1.0 1.0 0.8 0.8 0.8 0.8 0.2 0.2 0.2 0.1 0.1 1.6 1.0 1.0 1.0 1.0 31/12/2015
2.2 3.3 3.3 3.3 3.3 3.3 3.1 3.1 3.2 3.2 2.9 2.9 2.2 2.2 3.4 3.4 3.4 3.4 3.1 3.1 3.1 2.8 2.8 0.8 2.2 2.2 2.2 2.2 01/01/2016
15.4 6.4 6.4 6.4 6.4 6.4 5.1 5.2 5.3 5.3 4.5 4.5 15.6 15.6 6.5 6.5 6.5 6.5 5.1 5.2 5.2 4.4 4.4 7.6 15.5 15.5 15.6 15.7 02/01/2016
24.8 14.6 14.6 14.6 14.6 14.7 17.0 17.2 17.4 17.6 24.9 25.0 25.1 25.1 14.8 14.8 14.8 14.8 16.8 17.1 17.2 24.4 24.2 10.6 25.0 25.0 25.2 25.3 03/01/2016
0.0 0.2 0.2 0.2 0.2 0.2 0.3 0.3 0.3 0.3 0.9 0.9 0.0 0.0 0.2 0.2 0.2 0.2 0.3 0.3 0.3 0.8 0.8 0.0 0.0 0.0 0.0 0.0 04/01/2016
1.5 1.2 1.2 1.2 1.2 1.2 1.2 1.2 1.3 1.3 4.6 4.6 1.5 1.5 1.3 1.3 1.3 1.3 1.2 1.2 1.2 4.5 4.5 1.5 1.5 1.5 1.5 1.5 05/01/2016
12.2 5.2 5.2 5.2 5.2 5.2 0.9 1.0 1.0 1.0 1.8 1.8 12.4 12.4 5.3 5.3 5.3 5.3 0.9 0.9 1.0 1.7 1.7 7.5 12.3 12.3 12.4 12.4 06/01/2016
3.3 5.9 5.9 5.9 5.9 5.9 9.6 9.7 9.8 9.9 9.9 9.9 3.3 3.3 6.0 6.0 6.0 6.0 9.5 9.6 9.7 9.7 9.6 4.0 3.3 3.3 3.3 3.4 07/01/2016
2.7 5.6 5.7 5.6 5.6 5.7 0.3 0.3 0.3 0.3 0.1 0.1 2.7 2.7 5.7 5.7 5.7 5.7 0.3 0.3 0.3 0.1 0.1 1.5 2.7 2.7 2.7 2.7 08/01/2016
3.8 3.0 3.0 3.0 3.0 3.0 2.0 2.0 2.0 2.0 3.7 3.7 3.9 3.9 3.0 3.0 3.0 3.0 1.9 2.0 2.0 3.6 3.6 4.8 3.8 3.8 3.9 3.9 09/01/2016
5.4 6.6 6.6 6.6 6.6 6.6 6.3 6.4 6.5 6.5 5.0 5.0 5.5 5.5 6.7 6.7 6.7 6.7 6.2 6.3 6.4 4.9 4.9 2.9 5.5 5.5 5.5 5.5 10/01/2016
8.0 6.4 6.4 6.4 6.4 6.4 7.8 7.9 7.9 8.0 9.6 9.7 8.1 8.1 6.5 6.5 6.4 6.5 7.7 7.8 7.8 9.5 9.4 6.4 8.1 8.1 8.1 8.2 11/01/2016
3.9 8.0 8.0 8.0 8.0 8.0 5.1 5.1 5.2 5.2 5.1 5.1 3.9 3.9 8.1 8.1 8.1 8.1 5.0 5.1 5.1 5.0 4.9 5.1 3.9 3.9 3.9 4.0 12/01/2016
4.7 2.7 2.7 2.7 2.7 2.7 1.9 1.9 1.9 1.9 1.4 1.4 4.8 4.8 2.7 2.7 2.7 2.7 1.9 1.9 1.9 1.4 1.4 2.7 4.8 4.8 4.8 4.8 13/01/2016
2.8 3.2 3.2 3.2 3.2 3.2 6.7 6.8 6.9 7.0 2.9 2.8 2.9 2.9 3.2 3.2 3.2 3.2 6.6 6.7 6.8 3.7 4.0 4.7 2.8 2.8 2.9 2.9 14/01/2016
0.5 0.8 0.8 0.8 0.8 0.8 1.5 1.3 1.0 0.8 0.7 0.6 0.5 0.5 0.8 0.8 0.8 0.8 1.7 1.4 1.3 1.1 1.3 1.5 0.5 0.5 0.5 0.5 15/01/2016
0.7 0.8 0.8 0.8 0.8 0.8 0.0 0.0 0.0 0.0 0.0 0.0 0.6 0.6 0.8 0.8 0.8 0.8 0.0 0.0 0.0 0.0 0.0 1.1 0.7 0.7 0.6 0.6 16/01/2016
3.6 1.5 1.4 1.5 1.5 1.4 0.0 0.0 0.0 0.0 0.0 0.0 3.6 3.6 1.2 1.2 1.3 1.2 0.0 0.0 0.0 0.0 0.0 0.2 3.6 3.6 3.6 3.6 17/01/2016
0.0 0.0 0.0 0.0 0.0 0.0 0.0 0.0 0.0 0.0 0.0 0.0 0.0 0.0 0.0 0.0 0.0 0.0 0.0 0.0 0.0 0.0 0.0 0.0 0.0 0.0 0.0 0.0 18/01/2016
0.0 0.0 0.0 0.0 0.0 0.0 0.0 0.0 0.0 0.0 0.0 0.0 0.0 0.0 0.0 0.0 0.0 0.0 0.0 0.0 0.0 0.0 0.0 0.0 0.0 0.0 0.0 0.0 19/01/2016
0.0 0.0 0.0 0.0 0.0 0.0 0.0 0.0 0.0 0.0 0.0 0.0 0.0 0.0 0.0 0.0 0.0 0.0 0.0 0.0 0.0 0.0 0.0 0.0 0.0 0.0 0.0 0.0 20/01/2016
0.0 0.0 0.0 0.0 0.0 0.0 0.0 0.0 0.0 0.0 0.0 0.0 0.0 0.0 0.0 0.0 0.0 0.0 0.0 0.0 0.0 0.0 0.0 0.0 0.0 0.0 0.0 0.0 21/01/2016
9.8 5.8 5.8 5.8 5.8 5.9 5.5 5.5 5.6 5.7 4.9 4.9 10.0 10.0 5.9 5.9 5.9 5.9 5.4 5.5 5.5 4.8 4.8 10.7 9.9 9.9 10.0 10.0 22/01/2016
5.7 6.4 6.4 6.4 6.4 6.4 1.3 1.3 1.3 1.3 0.4 0.4 5.8 5.8 6.5 6.5 6.5 6.5 1.3 1.3 1.3 0.4 0.4 4.8 5.7 5.7 5.8 5.8 23/01/2016
0.0 0.2 0.2 0.2 0.2 0.2 0.1 0.1 0.1 0.1 0.3 0.3 0.0 0.0 0.2 0.2 0.2 0.2 0.1 0.1 0.1 0.3 0.3 0.0 0.0 0.0 0.0 0.0 24/01/2016
0.7 0.1 0.1 0.1 0.1 0.1 0.2 0.2 0.2 0.2 0.0 0.0 0.7 0.7 0.1 0.1 0.1 0.1 0.1 0.2 0.2 0.0 0.0 0.4 0.7 0.7 0.7 0.7 25/01/2016
2.3 1.3 1.3 1.3 1.3 1.3 0.9 0.9 0.9 0.9 1.0 1.0 2.4 2.4 1.3 1.3 1.3 1.3 0.9 0.9 0.9 0.9 0.9 1.5 2.4 2.4 2.4 2.4 26/01/2016
15.5 12.8 12.8 12.8 12.8 12.8 10.3 10.5 10.6 10.7 10.2 10.2 15.7 15.7 12.9 12.9 12.9 12.9 10.2 10.4 10.4 10.0 9.9 12.5 15.6 15.6 15.7 15.8 27/01/2016
0.0 0.2 0.2 0.2 0.2 0.2 0.2 0.2 0.2 0.2 0.0 0.0 0.0 0.0 0.2 0.2 0.2 0.2 0.2 0.2 0.2 0.0 0.0 0.0 0.0 0.0 0.0 0.0 28/01/2016
9.7 3.5 3.5 3.5 3.5 3.5 0.0 0.0 0.0 0.0 1.2 1.2 9.8 9.8 3.5 3.5 3.5 3.5 0.0 0.0 0.0 1.2 1.2 2.6 9.8 9.8 9.8 9.9 29/01/2016
15.9 17.4 17.5 17.4 17.4 17.5 16.4 16.6 16.8 17.0 21.3 21.4 16.1 16.1 17.6 17.6 17.6 17.6 16.2 16.4 16.5 20.9 20.7 17.4 16.0 16.0 16.1 16.2 30/01/2016
1.5 2.5 2.5 2.5 2.5 2.5 4.2 4.2 4.2 4.3 4.7 4.8 1.5 1.5 2.5 2.5 2.5 2.5 4.1 4.2 4.2 4.7 4.6 0.4 1.5 1.5 1.6 1.6 31/01/2016
3.1 1.9 2.0 1.9 2.0 2.0 0.3 0.3 0.3 0.3 0.7 0.7 3.1 3.1 2.0 2.0 2.0 2.0 0.3 0.3 0.3 0.7 0.7 1.5 3.1 3.1 3.1 3.1 01/02/2016
14.5 12.2 12.3 12.2 12.2 12.3 5.4 5.5 5.5 5.6 6.1 6.1 14.7 14.7 12.4 12.4 12.4 12.4 5.3 5.4 5.4 5.9 5.9 11.0 14.6 14.6 14.7 14.7 02/02/2016
3.2 2.2 2.2 2.2 2.2 2.2 2.9 2.9 2.9 2.9 4.1 4.1 3.2 3.2 2.2 2.2 2.2 2.2 2.8 2.9 2.9 4.0 4.0 3.3 3.2 3.2 3.2 3.2 03/02/2016
1.5 2.5 2.5 2.5 2.5 2.5 10.8 10.9 11.1 11.2 7.4 7.4 1.5 1.5 2.5 2.5 2.5 2.5 10.6 10.8 10.9 7.2 7.2 0.6 1.5 1.5 1.6 1.6 04/02/2016
0.0 0.2 0.2 0.2 0.2 0.2 0.6 0.6 0.6 0.6 0.1 0.1 0.0 0.0 0.2 0.2 0.2 0.2 0.6 0.6 0.6 0.1 0.1 0.0 0.0 0.0 0.0 0.0 05/02/2016
4.4 4.9 4.9 4.9 4.9 4.9 2.8 2.8 2.8 2.9 4.0 4.1 4.5 4.5 4.9 4.9 4.9 4.9 2.7 2.8 2.8 4.0 3.9 1.8 4.5 4.5 4.5 4.5 06/02/2016
12.6 10.2 10.3 10.2 10.3 10.3 9.7 9.8 9.9 10.0 8.4 8.4 12.7 12.7 10.4 10.4 10.4 10.4 9.5 9.7 9.7 8.3 8.2 6.1 12.7 12.7 12.8 12.8 07/02/2016
19.0 10.6 10.7 10.6 10.7 10.7 11.0 11.2 11.3 11.4 15.3 15.3 19.2 19.2 10.8 10.8 10.8 10.8 10.9 11.1 11.1 14.9 14.8 11.1 19.1 19.1 19.3 19.3 08/02/2016
21.6 25.5 25.6 25.5 25.5 25.7 17.3 17.5 17.8 17.9 18.5 18.5 21.9 21.9 25.9 25.9 25.8 25.9 17.1 17.4 17.5 18.3 18.3 13.0 21.8 21.8 21.9 22.0 09/02/2016
14.7 16.5 16.6 16.5 16.5 16.6 5.0 5.1 5.2 5.2 5.1 5.1 14.9 14.9 16.8 16.7 16.7 16.8 5.0 5.1 5.1 5.0 5.0 8.8 14.8 14.8 14.9 15.0 10/02/2016
1.8 2.0 2.0 2.0 2.0 2.0 1.0 1.0 1.0 1.0 1.5 1.5 1.8 1.8 2.0 2.0 2.0 2.0 1.0 1.0 1.0 1.5 1.5 0.8 1.8 1.8 1.8 1.9 11/02/2016
7.4 4.5 4.5 4.5 4.5 4.5 0.0 0.0 0.0 0.0 0.0 0.0 7.5 7.5 4.6 4.6 4.6 4.6 0.0 0.0 0.0 0.0 0.0 6.4 7.5 7.5 7.5 7.6 12/02/2016
9.2 5.8 5.9 5.8 5.9 5.9 7.5 7.6 7.7 7.8 9.5 9.5 9.3 9.3 5.9 5.9 5.9 5.9 7.4 7.5 7.6 9.3 9.2 7.1 9.3 9.3 9.3 9.4 13/02/2016
4.1 3.7 3.6 3.6 3.6 3.5 0.6 0.6 0.6 0.6 0.1 0.0 4.1 4.1 3.4 3.4 3.4 3.4 0.6 0.6 0.6 0.1 0.1 2.6 4.1 4.1 4.1 4.2 14/02/2016
0.6 2.7 2.6 2.7 2.7 2.6 0.0 0.0 0.0 0.0 0.0 0.0 0.5 0.5 2.4 2.4 2.4 2.4 0.0 0.0 0.0 0.0 0.0 0.1 0.6 0.6 0.5 0.5 15/02/2016
0.2 0.1 0.1 0.1 0.1 0.1 0.0 0.0 0.0 0.0 0.0 0.0 0.2 0.2 0.1 0.1 0.1 0.1 0.0 0.0 0.0 0.0 0.0 0.0 0.2 0.2 0.2 0.2 16/02/2016
3.0 0.3 0.3 0.3 0.3 0.3 0.0 0.0 0.0 0.0 0.0 0.0 2.6 2.6 0.2 0.3 0.3 0.2 0.0 0.0 0.0 0.0 0.0 2.2 2.8 2.8 2.5 2.4 17/02/2016
2.9 2.0 1.9 2.0 1.9 1.9 0.8 0.7 0.6 0.5 0.1 0.1 2.8 2.8 1.7 1.8 1.8 1.7 0.9 0.8 0.7 0.2 0.2 1.6 2.9 2.9 2.8 2.7 18/02/2016
3.1 2.6 2.6 2.6 2.6 2.6 8.4 8.5 8.6 8.7 7.3 7.3 3.2 3.2 2.6 2.6 2.6 2.6 8.3 8.4 8.5 7.2 7.1 0.7 3.2 3.2 3.2 3.2 19/02/2016
1.8 3.2 3.2 3.2 3.2 3.2 6.3 6.3 6.4 6.5 13.2 13.2 1.8 1.8 3.3 3.3 3.3 3.3 6.2 6.3 6.3 12.9 12.8 0.2 1.8 1.8 1.8 1.8 20/02/2016
2.1 1.0 1.1 1.0 1.0 1.1 0.6 0.6 0.6 0.6 1.4 1.4 2.1 2.1 1.1 1.1 1.1 1.1 0.6 0.6 0.6 1.4 1.4 0.4 2.1 2.1 2.1 2.1 21/02/2016
12.8 13.8 13.8 13.8 13.8 13.8 15.3 15.5 15.7 15.8 14.3 14.3 12.9 12.9 14.0 14.0 13.9 14.0 15.1 15.3 15.4 14.0 13.8 9.9 12.8 12.8 12.9 13.0 22/02/2016
0.0 0.4 0.3 0.3 0.3 0.3 0.6 0.6 0.6 0.6 0.4 0.4 0.0 0.0 0.3 0.3 0.3 0.3 0.6 0.6 0.6 0.3 0.3 0.0 0.0 0.0 0.0 0.0 23/02/2016
0.9 0.3 0.3 0.3 0.3 0.2 0.0 0.0 0.0 0.0 0.0 0.0 0.9 0.9 0.2 0.2 0.2 0.2 0.0 0.0 0.0 0.0 0.0 0.0 0.9 0.9 0.9 0.9 24/02/2016
0.0 0.1 0.1 0.1 0.1 0.1 0.0 0.0 0.0 0.0 0.0 0.0 0.0 0.0 0.1 0.1 0.1 0.1 0.0 0.0 0.0 0.0 0.0 0.0 0.0 0.0 0.0 0.0 25/02/2016
0.0 0.0 0.0 0.0 0.0 0.0 0.0 0.0 0.0 0.0 0.0 0.0 0.0 0.0 0.0 0.0 0.0 0.0 0.0 0.0 0.0 0.0 0.0 0.0 0.0 0.0 0.0 0.0 26/02/2016
0.0 0.0 0.0 0.0 0.0 0.0 0.0 0.0 0.0 0.0 0.0 0.0 0.0 0.0 0.0 0.0 0.0 0.0 0.0 0.0 0.0 0.0 0.0 0.0 0.0 0.0 0.0 0.0 27/02/2016
0.0 0.1 0.1 0.1 0.1 0.1 0.0 0.0 0.0 0.0 0.0 0.0 0.0 0.0 0.1 0.1 0.1 0.1 0.0 0.0 0.0 0.0 0.0 0.0 0.0 0.0 0.0 0.0 28/02/2016
0.0 0.1 0.1 0.1 0.1 0.1 0.0 0.0 0.0 0.0 0.0 0.0 0.0 0.0 0.1 0.1 0.1 0.1 0.0 0.0 0.0 0.0 0.0 0.0 0.0 0.0 0.0 0.0 29/02/2016
8.4 5.2 5.2 5.2 5.2 5.2 10.4 10.6 10.7 10.8 8.2 8.2 8.5 8.5 5.3 5.2 5.2 5.3 10.3 10.5 10.5 8.0 7.9 4.7 8.4 8.4 8.5 8.5 01/03/2016
3.2 5.3 5.4 5.3 5.3 5.4 5.6 4.7 3.8 3.1 6.0 6.0 3.2 3.2 5.4 5.4 5.4 5.4 6.5 5.4 4.9 6.4 6.5 3.1 3.2 3.2 3.2 3.2 02/03/2016
9.9 9.4 9.5 9.4 9.5 9.5 3.3 3.3 3.4 3.4 7.2 7.2 10.0 10.0 9.6 9.6 9.6 9.6 3.2 3.3 3.3 7.0 7.0 7.3 9.9 9.9 10.0 10.0 03/03/2016
1.1 1.7 1.7 1.7 1.7 1.7 13.2 13.2 13.1 13.1 11.2 11.1 1.1 1.1 1.7 1.7 1.7 1.7 13.2 13.2 13.2 11.6 11.7 0.1 1.1 1.1 1.1 1.1 04/03/2016
2.0 3.7 3.7 3.7 3.7 3.7 0.9 0.8 0.7 0.6 3.1 3.1 2.1 2.1 3.7 3.7 3.7 3.7 1.0 0.8 0.8 3.0 3.0 2.0 2.0 2.0 2.1 2.1 05/03/2016
1.2 0.8 0.7 0.8 0.8 0.7 0.4 0.4 0.4 0.4 2.3 2.3 1.0 1.0 0.6 0.7 0.7 0.6 0.4 0.4 0.4 2.3 2.4 0.6 1.1 1.1 1.0 0.9 06/03/2016
0.2 3.0 2.9 3.0 3.0 2.9 0.5 0.4 0.4 0.3 0.3 0.3 0.2 0.2 2.9 2.9 2.9 2.9 0.6 0.5 0.5 0.3 0.3 0.2 0.2 0.2 0.2 0.2 07/03/2016
10.5 4.8 4.8 4.8 4.8 4.8 0.0 0.0 0.0 0.0 0.4 0.4 10.7 10.7 4.9 4.9 4.9 4.9 0.0 0.0 0.0 0.6 0.6 5.6 10.6 10.6 10.7 10.7 08/03/2016
2.3 6.3 6.4 6.3 6.3 6.4 1.6 1.6 1.6 1.6 0.4 0.4 2.4 2.4 6.4 6.4 6.4 6.4 1.6 1.6 1.6 0.4 0.4 3.2 2.3 2.3 2.4 2.4 09/03/2016
0.0 0.2 0.2 0.2 0.2 0.2 0.0 0.0 0.0 0.0 0.0 0.0 0.0 0.0 0.2 0.2 0.2 0.2 0.0 0.0 0.0 0.0 0.0 0.0 0.0 0.0 0.0 0.0 10/03/2016
0.0 0.1 0.2 0.2 0.2 0.2 0.0 0.0 0.0 0.0 0.0 0.0 0.0 0.0 0.2 0.2 0.2 0.2 0.0 0.0 0.0 0.0 0.0 0.0 0.0 0.0 0.0 0.0 11/03/2016
0.0 0.2 0.2 0.2 0.2 0.2 0.0 0.0 0.0 0.0 0.0 0.0 0.0 0.0 0.2 0.2 0.2 0.2 0.0 0.0 0.0 0.0 0.0 0.0 0.0 0.0 0.0 0.0 12/03/2016
0.0 0.0 0.0 0.0 0.0 0.0 0.0 0.0 0.0 0.0 0.0 0.0 0.0 0.0 0.0 0.0 0.0 0.0 0.0 0.0 0.0 0.0 0.0 0.0 0.0 0.0 0.0 0.0 13/03/2016
0.0 0.0 0.0 0.0 0.0 0.0 0.0 0.0 0.0 0.0 0.0 0.0 0.0 0.0 0.0 0.0 0.0 0.0 0.0 0.0 0.0 0.0 0.0 0.0 0.0 0.0 0.0 0.0 14/03/2016
0.0 0.0 0.0 0.0 0.0 0.0 0.0 0.0 0.0 0.0 0.0 0.0 0.0 0.0 0.0 0.0 0.0 0.0 0.0 0.0 0.0 0.0 0.0 0.0 0.0 0.0 0.0 0.0 15/03/2016
0.0 0.0 0.0 0.0 0.0 0.0 0.0 0.0 0.0 0.0 0.0 0.0 0.0 0.0 0.0 0.0 0.0 0.0 0.0 0.0 0.0 0.0 0.0 0.0 0.0 0.0 0.0 0.0 16/03/2016
0.0 0.0 0.0 0.0 0.0 0.0 0.0 0.0 0.0 0.0 0.0 0.0 0.0 0.0 0.0 0.0 0.0 0.0 0.0 0.0 0.0 0.0 0.0 0.0 0.0 0.0 0.0 0.0 17/03/2016
0.0 0.0 0.0 0.0 0.0 0.0 0.0 0.0 0.0 0.0 0.0 0.0 0.0 0.0 0.0 0.0 0.0 0.0 0.0 0.0 0.0 0.0 0.0 0.0 0.0 0.0 0.0 0.0 18/03/2016
0.0 0.0 0.0 0.0 0.0 0.0 0.0 0.0 0.0 0.0 0.0 0.0 0.0 0.0 0.0 0.0 0.0 0.0 0.0 0.0 0.0 0.0 0.0 0.0 0.0 0.0 0.0 0.0 19/03/2016
0.0 0.0 0.0 0.0 0.0 0.0 0.0 0.0 0.0 0.0 0.0 0.0 0.0 0.0 0.0 0.0 0.0 0.0 0.0 0.0 0.0 0.0 0.0 0.0 0.0 0.0 0.0 0.0 20/03/2016
0.0 0.0 0.0 0.0 0.0 0.0 0.0 0.0 0.0 0.0 0.2 0.2 0.0 0.0 0.0 0.0 0.0 0.0 0.0 0.0 0.0 0.2 0.2 0.0 0.0 0.0 0.0 0.0 21/03/2016
0.0 0.0 0.0 0.0 0.0 0.0 0.0 0.0 0.0 0.0 0.0 0.0 0.0 0.0 0.0 0.0 0.0 0.0 0.0 0.0 0.0 0.0 0.0 0.0 0.0 0.0 0.0 0.0 22/03/2016
0.0 0.0 0.0 0.0 0.0 0.0 0.0 0.0 0.0 0.0 0.0 0.0 0.0 0.0 0.0 0.0 0.0 0.0 0.0 0.0 0.0 0.0 0.0 0.0 0.0 0.0 0.0 0.0 23/03/2016
8.5 6.6 6.6 6.6 6.6 6.6 4.6 4.6 4.7 4.7 3.8 3.8 8.7 8.7 6.7 6.7 6.7 6.7 4.5 4.6 4.6 3.7 3.7 6.9 8.6 8.6 8.7 8.7 24/03/2016
0.6 1.6 1.6 1.6 1.6 1.6 5.2 5.2 5.3 5.3 3.7 3.8 0.6 0.6 1.6 1.6 1.6 1.6 5.1 5.2 5.2 3.7 3.6 0.3 0.6 0.6 0.6 0.6 25/03/2016
15.9 17.2 17.3 17.2 17.2 17.3 7.0 7.0 7.1 7.2 4.4 4.4 16.1 16.1 17.5 17.4 17.4 17.5 6.9 7.0 7.0 4.3 4.3 15.7 16.0 16.0 16.1 16.2 26/03/2016
4.0 5.1 5.1 5.1 5.1 5.1 2.2 2.2 2.3 2.3 3.6 3.6 4.0 4.0 5.2 5.1 5.1 5.2 2.2 2.2 2.2 3.5 3.5 2.8 4.0 4.0 4.0 4.0 27/03/2016
3.2 4.5 4.5 4.5 4.5 4.5 11.0 11.1 11.2 11.4 11.5 11.5 3.3 3.3 4.6 4.6 4.6 4.6 10.8 11.0 11.1 11.2 11.1 2.6 3.3 3.3 3.3 3.3 28/03/2016
0.5 1.1 1.1 1.1 1.1 1.1 3.3 3.4 3.4 3.5 1.7 1.7 0.5 0.5 1.2 1.2 1.2 1.2 3.3 3.3 3.4 1.7 1.7 0.4 0.5 0.5 0.5 0.5 29/03/2016
1.0 3.6 3.6 3.6 3.6 3.6 4.3 4.3 4.4 4.4 3.7 3.7 1.0 1.0 3.6 3.6 3.6 3.6 4.2 4.3 4.3 3.6 3.6 1.5 1.0 1.0 1.0 1.0 30/03/2016
1.5 0.8 0.8 0.8 0.8 0.8 11.3 11.4 11.6 11.7 23.5 23.6 1.6 1.6 0.8 0.8 0.8 0.8 11.1 11.3 11.4 23.0 22.8 0.1 1.6 1.6 1.6 1.6 31/03/2016
0.0 0.2 0.2 0.2 0.2 0.2 0.0 0.0 0.0 0.0 0.1 0.1 0.0 0.0 0.2 0.2 0.2 0.2 0.0 0.0 0.0 0.1 0.1 0.0 0.0 0.0 0.0 0.0 01/04/2016
1.7 0.4 0.4 0.4 0.4 0.4 1.4 1.5 1.5 1.5 2.1 2.1 1.7 1.7 0.4 0.4 0.4 0.4 1.4 1.4 1.5 2.0 2.0 1.5 1.7 1.7 1.7 1.7 02/04/2016
2.5 3.7 3.7 3.7 3.7 3.7 0.1 0.1 0.2 0.2 3.1 3.2 2.6 2.6 3.7 3.7 3.7 3.7 0.1 0.1 0.1 3.1 3.1 2.2 2.5 2.5 2.6 2.6 03/04/2016
2.7 0.9 0.9 0.9 0.9 0.9 1.6 1.6 1.6 1.6 4.5 4.5 2.8 2.8 0.9 0.9 0.9 0.9 1.6 1.6 1.6 4.4 4.4 3.2 2.8 2.8 2.8 2.8 04/04/2016
0.0 0.0 0.0 0.0 0.0 0.0 1.5 1.5 1.6 1.6 1.1 1.1 0.0 0.0 0.0 0.0 0.0 0.0 1.5 1.5 1.5 1.0 1.0 0.3 0.0 0.0 0.0 0.0 05/04/2016
5.4 3.5 3.5 3.5 3.5 3.5 2.2 2.3 2.3 2.3 2.8 2.8 5.5 5.5 3.5 3.5 3.5 3.5 2.2 2.3 2.3 2.7 2.7 0.9 5.5 5.5 5.5 5.5 06/04/2016
2.9 4.1 4.1 4.1 4.1 4.1 1.6 1.6 1.6 1.6 1.1 1.1 2.9 2.9 4.2 4.1 4.1 4.2 1.6 1.6 1.6 1.1 1.1 2.4 2.9 2.9 2.9 2.9 07/04/2016
0.5 0.2 0.2 0.2 0.2 0.2 0.2 0.2 0.2 0.2 0.0 0.0 0.5 0.5 0.2 0.2 0.2 0.2 0.2 0.2 0.2 0.0 0.0 0.9 0.5 0.5 0.5 0.5 08/04/2016
3.5 6.7 6.8 6.7 6.7 6.8 3.3 3.3 3.4 3.4 2.3 2.3 3.5 3.5 6.8 6.8 6.8 6.8 3.2 3.3 3.3 2.2 2.2 2.9 3.5 3.5 3.5 3.5 09/04/2016
4.7 0.4 0.4 0.4 0.4 0.4 0.0 0.0 0.0 0.0 0.0 0.0 4.7 4.7 0.4 0.4 0.4 0.4 0.0 0.0 0.0 0.0 0.0 7.0 4.7 4.7 4.7 4.8 10/04/2016
6.0 12.4 12.5 12.5 12.5 12.5 2.2 2.2 2.3 2.3 0.0 0.0 6.0 6.0 12.7 12.6 12.6 12.6 2.2 2.2 2.2 0.0 0.0 7.3 6.0 6.0 6.0 6.1 11/04/2016
1.8 7.5 7.5 7.5 7.5 7.5 4.1 4.2 4.2 4.3 2.4 2.4 1.8 1.8 7.6 7.6 7.6 7.6 4.1 4.1 4.2 2.3 2.3 3.7 1.8 1.8 1.8 1.8 12/04/2016
0.3 0.1 0.1 0.1 0.1 0.1 7.0 7.0 7.1 7.2 8.8 8.8 0.3 0.3 0.1 0.1 0.1 0.1 6.9 7.0 7.0 8.6 8.5 0.0 0.3 0.3 0.3 0.3 13/04/2016
11.2 10.0 10.0 10.0 10.0 10.0 2.8 2.8 2.8 2.8 0.9 0.9 11.4 11.4 10.1 10.1 10.1 10.1 2.7 2.8 2.8 0.8 0.8 8.8 11.3 11.3 11.4 11.4 14/04/2016
5.0 3.0 3.1 3.0 3.1 3.1 0.7 0.7 0.7 0.7 3.2 3.2 5.1 5.1 3.1 3.1 3.1 3.1 0.7 0.7 0.7 3.1 3.1 1.9 5.1 5.1 5.1 5.1 15/04/2016
2.6 2.8 2.8 2.8 2.8 2.8 2.6 2.6 2.7 2.7 3.0 3.0 2.7 2.7 2.8 2.8 2.8 2.8 2.6 2.6 2.6 2.9 2.9 3.0 2.6 2.6 2.7 2.7 16/04/2016
0.0 0.6 0.6 0.6 0.6 0.6 1.1 1.1 1.1 1.1 0.2 0.2 0.0 0.0 0.6 0.6 0.6 0.6 1.1 1.1 1.1 0.2 0.2 0.0 0.0 0.0 0.0 0.0 17/04/2016
0.0 0.2 0.2 0.2 0.2 0.2 0.0 0.0 0.0 0.0 0.0 0.0 0.0 0.0 0.2 0.2 0.2 0.2 0.0 0.0 0.0 0.0 0.0 0.0 0.0 0.0 0.0 0.0 18/04/2016
0.0 0.0 0.0 0.0 0.0 0.0 0.0 0.0 0.0 0.0 0.0 0.0 0.0 0.0 0.0 0.0 0.0 0.0 0.0 0.0 0.0 0.0 0.0 0.0 0.0 0.0 0.0 0.0 19/04/2016
0.0 0.0 0.0 0.0 0.0 0.0 0.0 0.0 0.0 0.0 0.0 0.0 0.0 0.0 0.0 0.0 0.0 0.0 0.0 0.0 0.0 0.0 0.0 0.0 0.0 0.0 0.0 0.0 20/04/2016
0.2 0.0 0.0 0.0 0.0 0.0 0.0 0.0 0.0 0.0 0.0 0.0 0.2 0.2 0.0 0.0 0.0 0.0 0.0 0.0 0.0 0.0 0.0 0.0 0.2 0.2 0.2 0.2 21/04/2016
3.5 0.8 0.8 0.8 0.8 0.8 3.2 3.2 3.3 3.3 6.1 6.1 3.5 3.5 0.8 0.8 0.8 0.8 3.1 3.2 3.2 6.0 5.9 4.6 3.5 3.5 3.5 3.6 22/04/2016
0.7 1.2 1.2 1.2 1.2 1.2 0.1 0.1 0.1 0.1 0.0 0.0 0.7 0.7 1.2 1.2 1.2 1.2 0.1 0.1 0.1 0.1 0.1 0.6 0.7 0.7 0.7 0.7 23/04/2016
0.3 3.4 3.4 3.4 3.4 3.4 2.3 2.4 2.4 2.4 1.1 1.0 0.3 0.3 3.4 3.4 3.4 3.4 2.3 2.3 2.3 1.5 1.7 1.2 0.3 0.3 0.3 0.3 24/04/2016
2.9 6.0 6.0 6.0 6.0 6.0 13.1 13.2 13.4 13.5 11.3 11.3 2.9 2.9 6.1 6.1 6.1 6.1 12.9 13.1 13.2 11.1 11.0 0.9 2.9 2.9 2.9 3.0 25/04/2016
2.7 1.2 1.2 1.2 1.2 1.2 0.5 0.5 0.4 0.3 0.2 0.2 2.7 2.7 1.1 1.1 1.1 1.1 0.6 0.5 0.5 0.3 0.4 1.3 2.7 2.7 2.7 2.7 26/04/2016
3.1 1.6 1.6 1.6 1.6 1.6 0.9 0.8 0.6 0.5 0.0 0.0 3.2 3.2 1.6 1.6 1.6 1.6 1.0 0.9 0.8 0.0 0.0 1.9 3.1 3.1 3.2 3.2 27/04/2016
1.4 1.1 1.1 1.1 1.1 1.1 0.7 0.7 0.7 0.7 0.2 0.2 1.4 1.4 1.2 1.2 1.2 1.2 0.8 0.7 0.7 0.2 0.2 0.5 1.4 1.4 1.4 1.4 28/04/2016
6.0 5.3 5.4 5.4 5.4 5.4 12.5 12.6 12.8 12.9 10.1 10.1 6.0 6.0 5.4 5.4 5.4 5.4 12.3 12.5 12.6 9.9 9.8 7.8 6.0 6.0 6.0 6.1 29/04/2016
0.0 0.2 0.2 0.2 0.2 0.2 0.8 0.8 0.8 0.9 0.5 0.5 0.0 0.0 0.2 0.2 0.2 0.2 0.8 0.8 0.8 0.5 0.5 0.0 0.0 0.0 0.0 0.0 30/04/2016
0.0 0.1 0.1 0.1 0.1 0.1 0.0 0.0 0.0 0.0 0.0 0.0 0.0 0.0 0.1 0.1 0.1 0.1 0.0 0.0 0.0 0.0 0.0 0.0 0.0 0.0 0.0 0.0 01/05/2016
0.4 0.9 0.9 0.9 0.9 0.9 2.1 2.2 2.2 2.2 1.7 1.7 0.4 0.4 0.9 0.9 0.9 0.9 2.1 2.2 2.2 1.6 1.6 0.3 0.4 0.4 0.4 0.4 02/05/2016
0.0 0.1 0.1 0.1 0.1 0.1 0.0 0.0 0.0 0.0 0.2 0.2 0.0 0.0 0.1 0.1 0.1 0.1 0.0 0.0 0.0 0.2 0.2 0.0 0.0 0.0 0.0 0.0 03/05/2016
0.0 0.0 0.0 0.0 0.0 0.0 0.0 0.0 0.0 0.0 0.0 0.0 0.0 0.0 0.0 0.0 0.0 0.0 0.0 0.0 0.0 0.0 0.0 0.0 0.0 0.0 0.0 0.0 04/05/2016
0.0 0.0 0.0 0.0 0.0 0.0 0.0 0.0 0.0 0.0 0.0 0.0 0.0 0.0 0.0 0.0 0.0 0.0 0.0 0.0 0.0 0.0 0.0 0.0 0.0 0.0 0.0 0.0 05/05/2016
0.0 0.0 0.0 0.0 0.0 0.0 0.0 0.0 0.0 0.0 0.0 0.0 0.0 0.0 0.0 0.0 0.0 0.0 0.0 0.0 0.0 0.0 0.0 0.0 0.0 0.0 0.0 0.0 06/05/2016
0.0 0.0 0.0 0.0 0.0 0.0 0.0 0.0 0.0 0.0 0.0 0.0 0.0 0.0 0.0 0.0 0.0 0.0 0.0 0.0 0.0 0.0 0.0 0.0 0.0 0.0 0.0 0.0 07/05/2016
0.0 0.0 0.0 0.0 0.0 0.0 0.0 0.0 0.0 0.0 0.0 0.0 0.0 0.0 0.0 0.0 0.0 0.0 0.0 0.0 0.0 0.0 0.0 0.0 0.0 0.0 0.0 0.0 08/05/2016
3.4 4.1 4.1 4.1 4.1 4.1 4.8 4.9 5.0 5.0 5.7 5.7 3.5 3.5 4.2 4.1 4.1 4.2 4.8 4.8 4.9 5.6 5.6 3.7 3.5 3.5 3.5 3.5 09/05/2016
12.4 10.9 11.0 10.9 10.9 11.0 4.1 4.2 4.2 4.3 8.2 8.2 12.5 12.5 11.1 11.1 11.1 11.1 4.1 4.1 4.2 8.0 8.0 8.1 12.5 12.5 12.5 12.6 10/05/2016
2.9 14.1 14.2 14.1 14.1 14.2 20.6 20.9 21.1 21.3 12.7 12.8 3.0 3.0 14.3 14.3 14.3 14.3 20.3 20.6 20.8 12.5 12.4 1.6 3.0 3.0 3.0 3.0 11/05/2016
0.0 2.1 2.1 2.1 2.1 2.1 8.0 8.1 8.2 8.3 9.4 9.5 0.0 0.0 2.1 2.1 2.1 2.1 7.9 8.1 8.1 9.3 9.2 0.1 0.0 0.0 0.0 0.0 12/05/2016
0.0 0.1 0.1 0.1 0.1 0.1 0.5 0.6 0.6 0.6 1.0 1.0 0.0 0.0 0.2 0.2 0.2 0.2 0.5 0.5 0.5 1.0 1.0 0.0 0.0 0.0 0.0 0.0 13/05/2016
0.0 0.1 0.1 0.1 0.1 0.1 0.0 0.0 0.0 0.0 0.0 0.0 0.0 0.0 0.1 0.1 0.1 0.1 0.0 0.0 0.0 0.0 0.0 0.0 0.0 0.0 0.0 0.0 14/05/2016
0.0 0.0 0.0 0.0 0.0 0.0 0.5 0.5 0.5 0.5 1.5 1.5 0.0 0.0 0.0 0.0 0.0 0.0 0.5 0.5 0.5 1.5 1.4 0.0 0.0 0.0 0.0 0.0 15/05/2016
0.0 0.1 0.1 0.1 0.1 0.1 1.0 1.0 1.0 1.0 0.7 0.7 0.0 0.0 0.1 0.1 0.1 0.1 1.0 1.0 1.0 0.7 0.7 0.0 0.0 0.0 0.0 0.0 16/05/2016
0.0 0.0 0.0 0.0 0.0 0.0 0.0 0.0 0.0 0.0 0.0 0.0 0.0 0.0 0.0 0.0 0.0 0.0 0.0 0.0 0.0 0.0 0.0 0.0 0.0 0.0 0.0 0.0 17/05/2016
23.8 26.9 27.1 27.0 27.0 27.1 6.1 6.2 6.2 6.3 5.1 5.1 24.1 24.1 27.4 27.3 27.3 27.4 6.0 6.1 6.1 5.0 4.9 18.1 24.0 24.0 24.1 24.2 18/05/2016
1.2 1.2 1.2 1.2 1.2 1.2 0.4 0.4 0.4 0.4 0.3 0.3 1.2 1.2 1.2 1.2 1.2 1.2 0.4 0.4 0.4 0.2 0.2 0.5 1.2 1.2 1.2 1.2 19/05/2016
0.1 0.2 0.2 0.2 0.2 0.2 0.4 0.4 0.4 0.4 0.8 0.8 0.1 0.1 0.2 0.2 0.2 0.2 0.3 0.4 0.4 0.8 0.8 0.2 0.1 0.1 0.1 0.1 20/05/2016
4.2 6.0 6.0 6.0 6.0 6.0 2.3 2.3 2.4 2.4 1.0 1.0 4.2 4.2 6.1 6.0 6.0 6.1 2.3 2.3 2.3 1.0 1.0 5.5 4.2 4.2 4.2 4.2 21/05/2016
4.5 9.6 9.7 9.6 9.6 9.7 24.9 25.2 25.5 25.7 25.2 25.3 4.6 4.6 9.8 9.8 9.8 9.8 24.5 24.9 25.1 24.7 24.5 5.8 4.6 4.6 4.6 4.6 22/05/2016
0.0 2.6 2.6 2.6 2.6 2.6 0.6 0.6 0.6 0.6 0.7 0.7 0.0 0.0 2.6 2.6 2.6 2.6 0.6 0.6 0.6 0.7 0.7 0.0 0.0 0.0 0.0 0.0 23/05/2016
0.0 0.0 0.0 0.0 0.0 0.0 0.0 0.0 0.0 0.0 0.0 0.0 0.0 0.0 0.0 0.0 0.0 0.0 0.0 0.0 0.0 0.0 0.0 0.0 0.0 0.0 0.0 0.0 24/05/2016
0.0 0.1 0.1 0.1 0.1 0.1 0.0 0.0 0.0 0.0 0.0 0.0 0.0 0.0 0.1 0.1 0.1 0.1 0.0 0.0 0.0 0.0 0.0 0.0 0.0 0.0 0.0 0.0 25/05/2016
1.2 0.5 0.5 0.5 0.5 0.5 0.4 0.4 0.4 0.4 0.0 0.0 1.2 1.2 0.5 0.5 0.5 0.5 0.4 0.4 0.4 0.0 0.0 2.7 1.2 1.2 1.2 1.2 26/05/2016
2.3 0.0 0.0 0.0 0.0 0.0 0.2 0.3 0.3 0.3 0.3 0.3 2.3 2.3 0.0 0.0 0.0 0.0 0.2 0.2 0.2 0.3 0.3 0.1 2.3 2.3 2.3 2.3 27/05/2016
0.0 7.8 7.8 7.8 7.8 7.8 5.0 5.0 5.1 5.1 11.7 11.8 0.0 0.0 7.9 7.9 7.9 7.9 4.9 5.0 5.0 11.5 11.4 0.1 0.0 0.0 0.0 0.0 28/05/2016
0.0 0.1 0.1 0.1 0.1 0.1 8.0 8.1 8.2 8.3 5.5 5.5 0.0 0.0 0.1 0.1 0.1 0.1 7.9 8.0 8.1 5.4 5.3 0.0 0.0 0.0 0.0 0.0 29/05/2016
7.4 30.9 31.1 30.9 31.0 31.1 29.5 29.9 30.3 30.6 27.3 27.4 7.5 7.5 31.4 31.4 31.4 31.4 29.1 29.6 29.8 26.7 26.5 1.9 7.5 7.5 7.6 7.6 30/05/2016
18.2 13.1 13.2 13.1 13.1 13.2 2.0 2.0 2.0 2.1 0.8 0.8 18.4 18.4 13.3 13.3 13.3 13.3 2.0 2.0 2.0 0.8 0.8 10.0 18.3 18.3 18.5 18.5 31/05/2016
2.9 1.8 1.8 1.8 1.8 1.8 10.7 10.9 11.0 11.1 7.4 7.4 2.9 2.9 1.9 1.9 1.9 1.9 10.6 10.8 10.8 7.2 7.2 1.5 2.9 2.9 2.9 2.9 01/06/2016
0.2 1.5 1.5 1.5 1.5 1.5 7.7 7.8 7.9 8.0 1.6 1.6 0.2 0.2 1.5 1.5 1.5 1.5 7.6 7.7 7.8 1.6 1.6 0.0 0.2 0.2 0.2 0.2 02/06/2016
0.0 0.7 0.7 0.7 0.7 0.7 0.4 0.4 0.4 0.4 0.8 0.8 0.0 0.0 0.7 0.7 0.7 0.7 0.3 0.4 0.4 0.8 0.8 0.3 0.0 0.0 0.0 0.0 03/06/2016
0.0 0.6 0.6 0.6 0.6 0.6 0.1 0.1 0.1 0.1 0.1 0.1 0.0 0.0 0.6 0.6 0.6 0.6 0.1 0.1 0.1 0.1 0.1 0.0 0.0 0.0 0.0 0.0 04/06/2016
0.0 0.2 0.2 0.2 0.2 0.2 6.7 6.8 6.9 7.0 6.6 6.6 0.0 0.0 0.2 0.2 0.2 0.2 6.6 6.7 6.8 6.4 6.4 0.0 0.0 0.0 0.0 0.0 05/06/2016
0.0 0.6 0.6 0.6 0.6 0.6 0.6 0.7 0.7 0.7 0.3 0.3 0.0 0.0 0.6 0.6 0.6 0.6 0.6 0.6 0.7 0.3 0.3 0.1 0.0 0.0 0.0 0.0 06/06/2016
0.0 0.0 0.0 0.0 0.0 0.0 9.6 9.7 9.8 9.9 13.9 14.0 0.0 0.0 0.0 0.0 0.0 0.0 9.5 9.6 9.7 13.7 13.6 0.0 0.0 0.0 0.0 0.0 07/06/2016
0.0 0.0 0.0 0.0 0.0 0.0 0.1 0.1 0.1 0.1 2.6 2.6 0.0 0.0 0.0 0.0 0.0 0.0 0.1 0.1 0.1 2.6 2.5 0.0 0.0 0.0 0.0 0.0 08/06/2016
0.0 0.0 0.0 0.0 0.0 0.0 0.0 0.0 0.0 0.0 0.0 0.0 0.0 0.0 0.0 0.0 0.0 0.0 0.0 0.0 0.0 0.0 0.0 0.0 0.0 0.0 0.0 0.0 09/06/2016
9.4 2.2 2.3 2.2 2.2 2.3 0.4 0.4 0.4 0.4 0.3 0.3 9.6 9.6 2.3 2.3 2.3 2.3 0.4 0.4 0.4 0.3 0.3 3.0 9.5 9.5 9.6 9.6 10/06/2016
0.7 0.7 0.7 0.7 0.7 0.7 9.2 9.3 9.4 9.5 2.1 2.1 0.7 0.7 0.7 0.7 0.7 0.7 9.1 9.2 9.3 2.1 2.0 2.1 0.7 0.7 0.7 0.7 11/06/2016
6.3 11.1 11.1 11.1 11.1 11.2 6.9 7.0 7.1 7.2 13.0 13.1 6.4 6.4 11.3 11.2 11.2 11.3 6.8 7.0 7.0 12.7 12.6 6.2 6.4 6.4 6.4 6.4 12/06/2016
2.2 3.0 3.0 3.0 3.0 3.0 6.0 6.1 6.1 6.2 9.6 9.6 2.2 2.2 3.0 3.0 3.0 3.0 5.9 6.0 6.1 9.4 9.3 2.7 2.2 2.2 2.2 2.2 13/06/2016
5.9 8.5 8.5 8.5 8.5 8.5 2.4 2.4 2.4 2.5 2.4 2.4 6.0 6.0 8.6 8.6 8.6 8.6 2.4 2.4 2.4 2.4 2.4 4.5 6.0 6.0 6.0 6.0 14/06/2016
0.2 1.7 1.7 1.7 1.7 1.7 5.3 5.4 5.4 5.5 8.6 8.6 0.2 0.2 1.7 1.7 1.7 1.7 5.2 5.3 5.3 8.4 8.3 1.2 0.2 0.2 0.2 0.2 15/06/2016
0.9 6.7 6.8 6.7 6.7 6.8 13.8 14.0 14.2 14.3 15.7 15.7 0.9 0.9 6.8 6.8 6.8 6.8 13.6 13.8 13.9 15.4 15.2 0.1 0.9 0.9 0.9 0.9 16/06/2016
0.0 0.9 0.9 0.9 0.9 0.9 8.9 9.0 9.1 9.2 5.3 5.3 0.0 0.0 0.9 0.9 0.9 0.9 8.7 8.9 8.9 5.2 5.2 0.1 0.0 0.0 0.0 0.0 17/06/2016
0.0 1.4 1.4 1.4 1.4 1.4 5.1 5.1 5.2 5.2 1.9 1.9 0.0 0.0 1.4 1.4 1.4 1.4 5.0 5.1 5.1 1.8 1.8 0.0 0.0 0.0 0.0 0.0 18/06/2016
4.7 3.0 3.1 3.0 3.0 3.1 0.1 0.1 0.1 0.1 0.1 0.1 4.8 4.8 3.1 3.1 3.1 3.1 0.1 0.1 0.1 0.1 0.1 5.1 4.7 4.7 4.8 4.8 19/06/2016
15.7 13.8 13.8 13.8 13.8 13.9 13.8 13.9 14.1 14.2 12.2 12.3 15.9 15.9 14.0 14.0 13.9 14.0 13.6 13.8 13.9 12.0 11.9 13.7 15.8 15.8 15.9 16.0 20/06/2016
1.8 1.6 1.6 1.6 1.6 1.6 4.4 4.4 4.5 4.5 4.4 4.4 1.9 1.9 1.6 1.6 1.6 1.6 4.3 4.4 4.4 4.3 4.3 2.8 1.8 1.8 1.9 1.9 21/06/2016
12.1 5.2 5.2 5.2 5.2 5.2 0.1 0.1 0.1 0.1 0.0 0.0 12.2 12.2 5.2 5.2 5.2 5.2 0.1 0.1 0.1 0.0 0.0 17.0 12.2 12.2 12.3 12.3 22/06/2016
0.9 1.1 1.1 1.1 1.1 1.1 0.0 0.0 0.0 0.0 1.1 1.1 0.9 0.9 1.1 1.1 1.1 1.1 0.0 0.0 0.0 1.0 1.0 0.2 0.9 0.9 0.9 0.9 23/06/2016
0.0 0.1 0.1 0.1 0.1 0.1 0.0 0.0 0.0 0.0 0.1 0.1 0.0 0.0 0.1 0.1 0.1 0.1 0.0 0.0 0.0 0.1 0.1 0.0 0.0 0.0 0.0 0.0 24/06/2016
0.1 0.9 0.9 0.9 0.9 0.9 0.9 0.9 0.9 0.9 2.0 2.0 0.1 0.1 0.9 0.9 0.9 0.9 0.9 0.9 0.9 2.0 2.0 0.0 0.1 0.1 0.1 0.1 25/06/2016
5.0 0.8 0.9 0.8 0.8 0.9 2.5 2.5 2.5 2.5 1.7 1.7 5.0 5.0 0.9 0.9 0.9 0.9 2.4 2.5 2.5 1.6 1.6 3.2 5.0 5.0 5.1 5.1 26/06/2016
1.3 0.7 0.7 0.7 0.7 0.7 2.5 2.5 2.5 2.5 3.0 3.0 1.3 1.3 0.8 0.8 0.8 0.8 2.4 2.5 2.5 3.0 3.0 2.6 1.3 1.3 1.3 1.3 27/06/2016
1.3 0.9 0.9 0.9 0.9 0.9 0.1 0.1 0.1 0.1 0.7 0.7 1.3 1.3 0.9 0.9 0.9 0.9 0.1 0.1 0.1 0.7 0.7 1.4 1.3 1.3 1.3 1.3 28/06/2016
4.8 1.4 1.4 1.4 1.4 1.4 0.6 0.6 0.6 0.6 0.2 0.2 4.8 4.8 1.4 1.4 1.4 1.4 0.6 0.6 0.6 0.2 0.2 3.1 4.8 4.8 4.9 4.9 29/06/2016
4.2 4.3 4.4 4.4 4.4 4.4 15.8 16.0 16.2 16.4 5.3 5.4 4.2 4.2 4.4 4.4 4.4 4.4 15.6 15.8 15.9 5.2 5.2 3.8 4.2 4.2 4.2 4.3 30/06/2016
3.1 3.2 3.2 3.2 3.2 3.2 2.9 2.9 3.0 3.0 4.0 4.0 3.1 3.1 3.2 3.2 3.2 3.2 2.8 2.9 2.9 4.0 3.9 2.7 3.1 3.1 3.1 3.1 01/07/2016
0.8 0.4 0.4 0.4 0.4 0.4 2.9 3.0 3.0 3.0 2.5 2.5 0.8 0.8 0.4 0.4 0.4 0.4 2.9 2.9 3.0 2.5 2.4 0.0 0.8 0.8 0.8 0.8 02/07/2016
3.6 2.5 2.5 2.5 2.5 2.5 2.3 2.3 2.3 2.3 1.7 1.7 3.7 3.7 2.6 2.5 2.5 2.5 2.2 2.3 2.3 1.7 1.6 3.3 3.7 3.7 3.7 3.7 03/07/2016
0.4 0.2 0.2 0.2 0.2 0.2 0.0 0.0 0.0 0.0 0.0 0.0 0.4 0.4 0.2 0.2 0.2 0.2 0.0 0.0 0.0 0.0 0.0 0.0 0.4 0.4 0.4 0.4 04/07/2016
0.3 0.3 0.3 0.3 0.3 0.3 0.1 0.1 0.1 0.1 0.0 0.0 0.3 0.3 0.3 0.3 0.3 0.3 0.1 0.1 0.1 0.0 0.0 0.4 0.3 0.3 0.3 0.3 05/07/2016
0.0 0.1 0.1 0.1 0.1 0.1 0.0 0.0 0.0 0.0 0.0 0.0 0.0 0.0 0.1 0.1 0.1 0.1 0.0 0.0 0.0 0.0 0.0 0.1 0.0 0.0 0.0 0.0 06/07/2016
0.0 0.0 0.0 0.0 0.0 0.0 0.0 0.0 0.0 0.0 0.0 0.0 0.0 0.0 0.0 0.0 0.0 0.0 0.0 0.0 0.0 0.0 0.0 0.0 0.0 0.0 0.0 0.0 07/07/2016
0.0 0.0 0.0 0.0 0.0 0.0 0.0 0.0 0.0 0.0 0.2 0.2 0.0 0.0 0.0 0.0 0.0 0.0 0.0 0.0 0.0 0.2 0.2 0.0 0.0 0.0 0.0 0.0 08/07/2016
0.0 0.0 0.0 0.0 0.0 0.0 0.0 0.0 0.0 0.0 0.0 0.0 0.0 0.0 0.0 0.0 0.0 0.0 0.0 0.0 0.0 0.0 0.0 0.0 0.0 0.0 0.0 0.0 09/07/2016
1.3 0.1 0.1 0.1 0.1 0.1 0.0 0.0 0.0 0.0 0.0 0.0 1.3 1.3 0.1 0.1 0.1 0.1 0.0 0.0 0.0 0.0 0.0 1.3 1.3 1.3 1.3 1.3 10/07/2016
2.0 0.1 0.1 0.1 0.1 0.1 0.0 0.0 0.0 0.0 0.0 0.0 2.1 2.1 0.1 0.1 0.1 0.1 0.0 0.0 0.0 0.0 0.0 4.0 2.1 2.1 2.1 2.1 11/07/2016
0.0 0.0 0.0 0.0 0.0 0.0 3.6 3.7 3.7 3.8 5.9 5.9 0.0 0.0 0.0 0.0 0.0 0.0 3.6 3.6 3.7 5.8 5.8 1.4 0.0 0.0 0.0 0.0 12/07/2016
6.7 8.1 8.1 8.1 8.1 8.1 8.0 8.1 8.2 8.3 4.6 4.7 6.8 6.8 8.2 8.2 8.2 8.2 7.9 8.0 8.1 4.5 4.5 2.0 6.8 6.8 6.8 6.9 13/07/2016
0.0 3.5 3.5 3.5 3.5 3.5 1.4 1.5 1.5 1.5 1.5 1.5 0.0 0.0 3.5 3.5 3.5 3.5 1.4 1.4 1.5 1.5 1.5 0.0 0.0 0.0 0.0 0.0 14/07/2016
0.0 0.0 0.0 0.0 0.0 0.0 0.0 0.0 0.0 0.0 0.0 0.0 0.0 0.0 0.0 0.0 0.0 0.0 0.0 0.0 0.0 0.0 0.0 0.0 0.0 0.0 0.0 0.0 15/07/2016
0.0 0.0 0.0 0.0 0.0 0.0 0.0 0.0 0.0 0.0 0.0 0.0 0.0 0.0 0.0 0.0 0.0 0.0 0.0 0.0 0.0 0.0 0.0 0.0 0.0 0.0 0.0 0.0 16/07/2016
0.0 0.0 0.0 0.0 0.0 0.0 0.0 0.0 0.0 0.0 0.0 0.0 0.0 0.0 0.0 0.0 0.0 0.0 0.0 0.0 0.0 0.0 0.0 0.0 0.0 0.0 0.0 0.0 17/07/2016
0.0 0.0 0.0 0.0 0.0 0.0 0.0 0.0 0.0 0.0 0.0 0.0 0.0 0.0 0.0 0.0 0.0 0.0 0.0 0.0 0.0 0.0 0.0 0.0 0.0 0.0 0.0 0.0 18/07/2016
0.0 0.0 0.0 0.0 0.0 0.0 0.0 0.0 0.0 0.0 0.0 0.0 0.0 0.0 0.0 0.0 0.0 0.0 0.0 0.0 0.0 0.0 0.0 0.0 0.0 0.0 0.0 0.0 19/07/2016
0.0 0.2 0.2 0.2 0.2 0.2 1.5 1.6 1.6 1.6 0.2 0.2 0.0 0.0 0.2 0.2 0.2 0.2 1.5 1.5 1.6 0.2 0.2 0.0 0.0 0.0 0.0 0.0 20/07/2016
0.0 0.0 0.0 0.0 0.0 0.0 0.0 0.0 0.0 0.0 0.0 0.0 0.0 0.0 0.0 0.0 0.0 0.0 0.0 0.0 0.0 0.0 0.0 0.4 0.0 0.0 0.0 0.0 21/07/2016
0.0 0.0 0.0 0.0 0.0 0.0 3.4 3.4 3.5 3.5 27.7 27.8 0.0 0.0 0.0 0.0 0.0 0.0 3.3 3.4 3.4 27.1 26.9 0.0 0.0 0.0 0.0 0.0 22/07/2016
0.0 0.1 0.1 0.1 0.1 0.1 0.4 0.4 0.4 0.4 2.8 2.8 0.0 0.0 0.1 0.1 0.1 0.1 0.4 0.4 0.4 2.7 2.7 0.0 0.0 0.0 0.0 0.0 23/07/2016
0.2 0.2 0.2 0.2 0.2 0.2 0.0 0.0 0.0 0.0 0.0 0.0 0.2 0.2 0.2 0.2 0.2 0.2 0.0 0.0 0.0 0.0 0.0 0.7 0.2 0.2 0.2 0.2 24/07/2016
0.0 0.1 0.1 0.1 0.1 0.1 1.3 1.3 1.3 1.3 0.6 0.6 0.0 0.0 0.1 0.1 0.1 0.1 1.3 1.3 1.3 0.6 0.6 0.0 0.0 0.0 0.0 0.0 25/07/2016
0.0 0.0 0.0 0.0 0.0 0.0 0.0 0.0 0.0 0.0 0.0 0.0 0.0 0.0 0.0 0.0 0.0 0.0 0.0 0.0 0.0 0.0 0.0 0.0 0.0 0.0 0.0 0.0 26/07/2016
0.3 0.6 0.6 0.6 0.6 0.6 3.5 3.6 3.6 3.6 2.2 2.2 0.3 0.3 0.6 0.6 0.6 0.6 3.5 3.5 3.5 2.2 2.2 0.0 0.3 0.3 0.3 0.3 27/07/2016
4.1 1.8 1.9 1.8 1.9 1.9 5.1 5.2 5.2 5.3 4.9 4.9 4.2 4.2 1.9 1.9 1.9 1.9 5.0 5.1 5.2 4.7 4.7 3.6 4.2 4.2 4.2 4.2 28/07/2016
0.0 0.4 0.4 0.4 0.4 0.4 3.5 3.5 3.6 3.6 1.9 1.9 0.0 0.0 0.4 0.4 0.4 0.4 3.4 3.5 3.5 1.9 1.8 0.0 0.0 0.0 0.0 0.0 29/07/2016
0.0 0.6 0.6 0.6 0.6 0.6 0.0 0.0 0.0 0.0 0.0 0.0 0.0 0.0 0.6 0.6 0.6 0.6 0.0 0.0 0.0 0.0 0.0 0.0 0.0 0.0 0.0 0.0 30/07/2016
0.0 0.8 0.8 0.8 0.8 0.8 0.6 0.6 0.6 0.7 0.6 0.6 0.0 0.0 0.8 0.8 0.8 0.8 0.6 0.6 0.6 0.6 0.6 0.0 0.0 0.0 0.0 0.0 31/07/2016
