# 460 461 462 463 464 465 489 490 491 492 493 494 518 519 520 521 522 523 547 548 549 550 551 575 576 577 578 579 Date
0.1 0.0 0.0 0.0 0.0 0.0 0.3 0.4 0.4 0.4 0.4 0.4 0.1 0.1 0.0 0.0 0.0 0.0 0.3 0.3 0.4 0.3 0.3 0.0 0.1 0.1 0.1 0.1 01/08/2017
3.0 3.1 3.1 3.1 3.1 3.1 1.5 1.5 1.5 1.5 1.4 1.4 3.1 3.1 3.2 3.2 3.2 3.2 1.5 1.5 1.5 1.4 1.3 4.4 3.1 3.1 3.1 3.1 02/08/2017
0.8 0.1 0.1 0.1 0.1 0.1 1.0 1.1 1.1 1.1 0.7 0.7 0.8 0.8 0.1 0.1 0.1 0.1 1.0 1.0 1.1 0.7 0.7 0.8 0.8 0.8 0.8 0.8 03/08/2017
0.1 1.7 1.8 1.7 1.7 1.8 6.3 6.4 6.5 6.6 0.9 0.9 0.1 0.1 1.8 1.8 1.8 1.8 6.3 6.4 6.4 0.9 0.9 0.0 0.1 0.1 0.1 0.1 04/08/2017
0.0 0.6 0.6 0.6 0.6 0.6 0.2 0.2 0.2 0.2 0.0 0.0 0.0 0.0 0.6 0.6 0.6 0.6 0.2 0.2 0.2 0.0 0.0 0.2 0.0 0.0 0.0 0.0 05/08/2017
0.0 0.1 0.1 0.1 0.1 0.1 0.0 0.0 0.0 0.0 0.0 0.0 0.0 0.0 0.1 0.1 0.1 0.1 0.0 0.0 0.0 0.0 0.0 0.3 0.0 0.0 0.0 0.0 06/08/2017
0.0 0.0 0.0 0.0 0.0 0.0 0.6 0.6 0.6 0.6 0.4 0.4 0.0 0.0 0.0 0.0 0.0 0.0 0.6 0.6 0.6 0.4 0.4 0.0 0.0 0.0 0.0 0.0 07/08/2017
7.4 7.1 7.1 7.1 7.1 7.1 15.0 15.2 15.4 15.5 13.2 13.3 7.5 7.5 7.2 7.2 7.2 7.2 14.8 15.0 15.1 13.0 12.9 0.7 7.5 7.5 7.5 7.6 08/08/2017
5.1 15.2 15.2 15.2 15.2 15.3 4.6 4.6 4.7 4.7 0.7 0.7 5.2 5.2 15.4 15.4 15.4 15.4 4.5 4.6 4.6 0.7 0.7 5.4 5.2 5.2 5.2 5.2 09/08/2017
17.2 12.4 12.5 12.5 12.5 12.5 3.2 3.3 3.3 3.3 8.6 8.6 17.4 17.4 12.6 12.6 12.6 12.6 3.2 3.2 3.3 8.4 8.4 15.6 17.3 17.3 17.4 17.5 10/08/2017
2.0 0.8 0.8 0.8 0.8 0.8 2.0 2.1 2.1 2.1 1.1 1.1 2.0 2.0 0.8 0.8 0.8 0.8 2.0 2.0 2.0 1.1 1.1 1.2 2.0 2.0 2.0 2.0 11/08/2017
2.6 3.5 3.5 3.5 3.5 3.5 9.5 9.6 9.7 9.8 7.4 7.5 2.7 2.7 3.5 3.5 3.5 3.5 9.4 9.5 9.6 7.3 7.2 2.4 2.6 2.6 2.7 2.7 12/08/2017
0.0 0.1 0.1 0.1 0.1 0.1 0.0 0.0 0.0 0.0 0.0 0.0 0.0 0.0 0.1 0.1 0.1 0.1 0.0 0.0 0.0 0.0 0.0 0.0 0.0 0.0 0.0 0.0 13/08/2017
0.0 1.3 1.3 1.3 1.3 1.3 7.5 7.6 7.7 7.7 0.1 0.1 0.0 0.0 1.3 1.3 1.3 1.3 7.4 7.5 7.5 0.1 0.1 1.5 0.0 0.0 0.0 0.0 14/08/2017
0.0 0.3 0.3 0.3 0.3 0.3 9.6 9.7 9.8 9.9 25.6 25.7 0.0 0.0 0.3 0.3 0.3 0.3 9.4 9.6 9.7 25.0 24.8 0.0 0.0 0.0 0.0 0.0 15/08/2017
6.6 4.4 4.4 4.4 4.4 4.4 0.0 0.0 0.0 0.0 0.2 0.2 6.7 6.7 4.4 4.4 4.4 4.4 0.0 0.0 0.0 0.2 0.1 6.3 6.6 6.6 6.7 6.7 16/08/2017
1.2 6.8 6.8 6.8 6.8 6.8 13.4 13.6 13.7 13.9 25.4 25.5 1.2 1.2 6.9 6.9 6.9 6.9 13.2 13.4 13.5 24.9 24.7 1.6 1.2 1.2 1.2 1.2 17/08/2017
1.3 1.4 1.4 1.4 1.4 1.4 3.9 4.0 4.0 4.1 6.6 6.6 1.3 1.3 1.4 1.4 1.4 1.4 3.9 4.0 4.0 6.4 6.4 0.3 1.3 1.3 1.3 1.3 18/08/2017
0.6 1.4 1.4 1.4 1.4 1.4 2.3 2.4 2.4 2.4 2.8 2.9 0.6 0.6 1.4 1.4 1.4 1.4 2.3 2.4 2.4 2.8 2.8 0.2 0.6 0.6 0.6 0.6 19/08/2017
1.0 1.3 1.3 1.3 1.3 1.3 0.1 0.1 0.1 0.1 0.1 0.1 1.0 1.0 1.3 1.3 1.3 1.3 0.1 0.1 0.1 0.1 0.1 1.4 1.0 1.0 1.0 1.0 20/08/2017
1.1 0.8 0.8 0.8 0.8 0.8 0.5 0.5 0.5 0.5 0.1 0.1 1.1 1.1 0.8 0.8 0.8 0.8 0.4 0.5 0.5 0.1 0.1 0.2 1.1 1.1 1.1 1.1 21/08/2017
0.0 0.0 0.0 0.0 0.0 0.0 0.0 0.0 0.0 0.0 0.0 0.0 0.0 0.0 0.0 0.0 0.0 0.0 0.0 0.0 0.0 0.0 0.0 0.6 0.0 0.0 0.0 0.0 22/08/2017
0.0 0.0 0.0 0.0 0.0 0.0 0.0 0.0 0.0 0.0 0.0 0.0 0.0 0.0 0.0 0.0 0.0 0.0 0.0 0.0 0.0 0.0 0.0 0.0 0.0 0.0 0.0 0.0 23/08/2017
0.0 0.0 0.0 0.0 0.0 0.0 0.0 0.0 0.0 0.0 0.1 0.1 0.0 0.0 0.0 0.0 0.0 0.0 0.0 0.0 0.0 0.1 0.1 0.0 0.0 0.0 0.0 0.0 24/08/2017
0.0 0.0 0.0 0.0 0.0 0.0 0.4 0.4 0.4 0.5 1.4 1.4 0.0 0.0 0.0 0.0 0.0 0.0 0.4 0.4 0.4 1.4 1.4 0.0 0.0 0.0 0.0 0.0 25/08/2017
0.0 0.0 0.0 0.0 0.0 0.0 0.0 0.0 0.0 0.0 0.0 0.0 0.0 0.0 0.0 0.0 0.0 0.0 0.0 0.0 0.0 0.0 0.0 0.0 0.0 0.0 0.0 0.0 26/08/2017
0.0 0.0 0.0 0.0 0.0 0.0 0.0 0.0 0.0 0.0 0.1 0.1 0.0 0.0 0.0 0.0 0.0 0.0 0.0 0.0 0.0 0.1 0.1 0.0 0.0 0.0 0.0 0.0 27/08/2017
0.0 0.0 0.0 0.0 0.0 0.0 0.0 0.0 0.0 0.0 0.0 0.0 0.0 0.0 0.0 0.0 0.0 0.0 0.0 0.0 0.0 0.0 0.0 0.0 0.0 0.0 0.0 0.0 28/08/2017
9.1 17.9 18.0 17.9 18.0 18.1 0.9 0.9 1.0 1.0 1.3 1.3 9.3 9.3 18.2 18.2 18.2 18.2 0.9 0.9 0.9 1.3 1.3 7.2 9.2 9.2 9.3 9.3 29/08/2017
11.0 13.2 13.3 13.2 13.2 13.3 6.2 6.3 6.4 6.5 6.4 6.4 11.2 11.2 13.4 13.4 13.4 13.4 6.1 6.2 6.3 6.3 6.2 10.3 11.1 11.1 11.2 11.2 30/08/2017
3.7 1.8 1.8 1.8 1.8 1.8 1.3 1.3 1.3 1.3 1.4 1.4 3.7 3.7 1.8 1.8 1.8 1.8 1.3 1.3 1.3 1.4 1.4 4.9 3.7 3.7 3.7 3.7 31/08/2017
5.0 4.7 4.7 4.7 4.7 4.7 2.7 2.8 2.8 2.8 0.4 0.4 5.0 5.0 4.7 4.7 4.7 4.7 2.7 2.7 2.8 0.4 0.4 6.8 5.0 5.0 5.0 5.1 01/09/2017
0.9 0.2 0.2 0.2 0.2 0.2 5.5 5.6 5.7 5.7 3.0 3.0 0.9 0.9 0.2 0.2 0.2 0.2 5.4 5.5 5.6 2.9 2.9 0.0 0.9 0.9 0.9 0.9 02/09/2017
4.7 2.0 2.0 2.0 2.0 2.0 0.0 0.0 0.0 0.0 0.0 0.0 4.7 4.7 2.1 2.1 2.1 2.1 0.0 0.0 0.0 0.0 0.0 2.9 4.7 4.7 4.7 4.8 03/09/2017
0.7 0.4 0.4 0.4 0.4 0.4 0.6 0.6 0.6 0.6 0.1 0.1 0.7 0.7 0.4 0.4 0.4 0.4 0.6 0.6 0.6 0.1 0.1 0.3 0.7 0.7 0.7 0.7 04/09/2017
2.4 1.6 1.6 1.6 1.6 1.6 0.9 0.9 0.9 1.0 1.6 1.6 2.5 2.5 1.6 1.6 1.6 1.6 0.9 0.9 0.9 1.6 1.6 0.8 2.5 2.5 2.5 2.5 05/09/2017
1.1 0.7 0.7 0.7 0.7 0.7 0.2 0.2 0.2 0.2 0.6 0.6 1.1 1.1 0.7 0.7 0.7 0.7 0.2 0.2 0.2 0.6 0.6 0.1 1.1 1.1 1.1 1.1 06/09/2017
1.9 1.7 1.7 1.7 1.7 1.7 0.0 0.0 0.0 0.0 0.0 0.0 1.9 1.9 1.8 1.7 1.7 1.8 0.0 0.0 0.0 0.0 0.0 1.5 1.9 1.9 1.9 1.9 07/09/2017
24.8 12.8 12.8 12.8 12.8 12.8 31.9 32.3 32.7 33.1 43.1 43.2 25.1 25.1 13.0 12.9 12.9 13.0 31.5 32.0 32.2 42.2 41.8 29.6 25.0 25.0 25.2 25.3 08/09/2017
25.4 6.9 6.9 6.9 6.9 6.9 7.2 7.3 7.4 7.5 1.8 1.8 25.7 25.7 7.0 6.9 6.9 7.0 7.1 7.3 7.3 1.8 1.8 17.7 25.5 25.5 25.7 25.8 09/09/2017
3.0 1.7 1.8 1.7 1.7 1.8 3.5 3.5 3.6 3.6 3.6 3.6 3.1 3.1 1.8 1.8 1.8 1.8 3.5 3.5 3.5 3.5 3.5 2.8 3.0 3.0 3.1 3.1 10/09/2017
32.2 21.3 21.4 21.3 21.4 21.5 1.0 1.0 1.0 1.0 0.8 0.8 32.6 32.6 21.7 21.6 21.6 21.7 1.0 1.0 1.0 0.7 0.7 10.5 32.4 32.4 32.7 32.8 11/09/2017
6.1 7.7 7.7 7.7 7.7 7.7 6.2 6.2 6.3 6.4 8.3 8.3 6.2 6.2 7.8 7.8 7.8 7.8 6.1 6.2 6.2 8.1 8.1 1.8 6.2 6.2 6.2 6.2 12/09/2017
13.4 7.3 7.4 7.4 7.4 7.4 12.8 12.9 13.1 13.2 18.4 18.5 13.6 13.6 7.5 7.5 7.5 7.5 12.6 12.8 12.9 18.0 17.9 7.1 13.5 13.5 13.6 13.7 13/09/2017
23.1 13.2 13.2 13.2 13.2 13.2 3.8 3.9 3.9 3.9 3.6 3.6 23.4 23.4 13.4 13.3 13.3 13.4 3.8 3.8 3.9 3.5 3.5 13.7 23.3 23.3 23.4 23.5 14/09/2017
8.4 3.1 3.1 3.1 3.1 3.1 4.1 4.1 4.1 4.2 1.8 1.8 8.5 8.5 3.2 3.2 3.2 3.2 4.0 4.1 4.1 1.8 1.8 6.6 8.4 8.4 8.5 8.5 15/09/2017
2.7 1.0 1.0 1.0 1.0 1.0 2.1 2.1 2.1 2.2 1.0 1.0 2.7 2.7 1.1 1.1 1.1 1.1 2.1 2.1 2.1 1.0 0.9 2.3 2.7 2.7 2.7 2.7 16/09/2017
3.8 7.8 7.8 7.8 7.8 7.8 1.0 1.0 1.0 1.1 0.3 0.3 3.8 3.8 7.9 7.9 7.9 7.9 1.0 1.0 1.0 0.3 0.3 1.9 3.8 3.8 3.8 3.8 17/09/2017
10.9 11.5 11.6 11.5 11.5 11.6 6.9 7.0 7.0 7.1 4.5 4.6 11.1 11.1 11.7 11.7 11.7 11.7 6.8 6.9 6.9 4.5 4.4 7.6 11.0 11.0 11.1 11.1 18/09/2017
0.1 0.8 0.8 0.8 0.8 0.8 0.1 0.1 0.1 0.1 0.1 0.1 0.1 0.1 0.8 0.8 0.8 0.8 0.1 0.1 0.1 0.1 0.1 0.0 0.1 0.1 0.1 0.1 19/09/2017
0.0 0.2 0.2 0.2 0.2 0.2 0.1 0.1 0.1 0.1 0.0 0.0 0.0 0.0 0.2 0.2 0.2 0.2 0.1 0.1 0.1 0.0 0.0 0.0 0.0 0.0 0.0 0.0 20/09/2017
0.8 0.6 0.6 0.6 0.6 0.6 0.0 0.0 0.0 0.0 0.0 0.0 0.8 0.8 0.6 0.6 0.6 0.6 0.0 0.0 0.0 0.0 0.0 0.8 0.8 0.8 0.8 0.8 21/09/2017
0.0 0.2 0.2 0.2 0.2 0.2 0.1 0.1 0.1 0.1 0.0 0.0 0.0 0.0 0.2 0.2 0.2 0.2 0.1 0.1 0.1 0.0 0.0 0.0 0.0 0.0 0.0 0.0 22/09/2017
0.0 0.1 0.1 0.1 0.1 0.1 0.1 0.1 0.2 0.2 0.0 0.0 0.0 0.0 0.1 0.1 0.1 0.1 0.1 0.1 0.1 0.0 0.0 0.0 0.0 0.0 0.0 0.0 23/09/2017
3.1 0.1 0.1 0.1 0.1 0.1 0.0 0.0 0.0 0.0 0.0 0.0 3.1 3.1 0.1 0.1 0.1 0.1 0.0 0.0 0.0 0.0 0.0 5.5 3.1 3.1 3.1 3.1 24/09/2017
1.7 0.4 0.4 0.4 0.4 0.4 0.0 0.0 0.0 0.0 0.1 0.1 1.7 1.7 0.4 0.4 0.4 0.4 0.0 0.0 0.0 0.1 0.1 1.2 1.7 1.7 1.7 1.8 25/09/2017
0.1 0.0 0.0 0.0 0.0 0.0 0.1 0.1 0.1 0.1 0.4 0.4 0.2 0.2 0.0 0.0 0.0 0.0 0.1 0.1 0.1 0.4 0.4 0.0 0.1 0.1 0.2 0.2 26/09/2017
4.6 1.3 1.4 1.3 1.4 1.4 0.5 0.5 0.5 0.5 0.2 0.2 4.7 4.7 1.4 1.4 1.4 1.4 0.5 0.5 0.5 0.2 0.2 5.1 4.7 4.7 4.7 4.7 27/09/2017
0.9 0.3 0.3 0.3 0.3 0.3 0.7 0.7 0.7 0.7 0.5 0.5 0.9 0.9 0.3 0.3 0.3 0.3 0.7 0.7 0.7 0.5 0.5 0.8 0.9 0.9 0.9 0.9 28/09/2017
1.5 2.5 2.5 2.5 2.5 2.5 22.6 22.9 23.2 23.4 29.7 29.8 1.5 1.5 2.5 2.5 2.5 2.5 22.3 22.7 22.8 29.1 28.9 2.9 1.5 1.5 1.5 1.5 29/09/2017
0.3 1.1 1.2 1.1 1.2 1.2 4.3 4.4 4.4 4.5 7.2 7.2 0.3 0.3 1.2 1.2 1.2 1.2 4.3 4.3 4.4 7.1 7.0 1.0 0.3 0.3 0.3 0.3 30/09/2017
0.7 1.0 1.0 1.0 1.0 1.0 0.7 0.8 0.8 0.8 1.2 1.2 0.7 0.7 1.0 1.0 1.0 1.0 0.7 0.7 0.8 1.2 1.2 0.5 0.7 0.7 0.7 0.7 01/10/2017
8.0 5.7 5.7 5.7 5.7 5.7 13.5 13.6 13.8 13.9 11.3 11.3 8.1 8.1 5.7 5.7 5.7 5.7 13.3 13.5 13.6 11.0 10.9 5.7 8.0 8.0 8.1 8.1 02/10/2017
0.0 0.1 0.1 0.1 0.1 0.1 0.1 0.1 0.1 0.1 0.0 0.0 0.0 0.0 0.1 0.1 0.1 0.1 0.1 0.1 0.1 0.0 0.0 0.0 0.0 0.0 0.0 0.0 03/10/2017
0.0 0.0 0.0 0.0 0.0 0.0 0.0 0.0 0.0 0.0 0.0 0.0 0.0 0.0 0.0 0.0 0.0 0.0 0.0 0.0 0.0 0.0 0.0 0.0 0.0 0.0 0.0 0.0 04/10/2017
2.1 2.7 2.7 2.7 2.7 2.7 2.8 2.9 2.9 2.9 4.0 4.0 2.1 2.1 2.8 2.8 2.8 2.8 2.8 2.8 2.8 3.9 3.8 1.1 2.1 2.1 2.1 2.1 05/10/2017
0.0 0.1 0.1 0.1 0.1 0.1 0.3 0.3 0.3 0.3 1.7 1.7 0.0 0.0 0.1 0.1 0.1 0.1 0.3 0.3 0.3 1.6 1.6 0.0 0.0 0.0 0.0 0.0 06/10/2017
3.7 2.8 2.8 2.8 2.8 2.8 3.1 3.1 3.1 3.2 2.6 2.6 3.7 3.7 2.9 2.9 2.9 2.9 3.0 3.1 3.1 2.5 2.5 1.3 3.7 3.7 3.7 3.7 07/10/2017
0.0 0.0 0.0 0.0 0.0 0.0 0.4 0.4 0.4 0.4 0.0 0.0 0.0 0.0 0.0 0.0 0.0 0.0 0.4 0.4 0.4 0.0 0.0 0.0 0.0 0.0 0.0 0.0 08/10/2017
3.8 2.2 2.2 2.2 2.2 2.2 0.9 1.0 1.0 1.0 0.2 0.2 3.8 3.8 2.2 2.2 2.2 2.2 0.9 0.9 1.0 0.2 0.2 1.6 3.8 3.8 3.8 3.8 09/10/2017
0.5 0.1 0.1 0.1 0.1 0.1 0.0 0.0 0.0 0.0 0.1 0.1 0.5 0.5 0.1 0.1 0.1 0.1 0.0 0.0 0.0 0.1 0.1 0.0 0.5 0.5 0.5 0.5 10/10/2017
0.6 0.6 0.6 0.6 0.6 0.6 0.0 0.0 0.0 0.0 0.0 0.0 0.6 0.6 0.6 0.6 0.6 0.6 0.0 0.0 0.0 0.0 0.0 0.2 0.6 0.6 0.6 0.6 11/10/2017
0.1 0.1 0.1 0.1 0.1 0.1 0.2 0.2 0.2 0.2 0.5 0.5 0.1 0.1 0.1 0.1 0.1 0.1 0.2 0.2 0.2 0.5 0.5 0.6 0.1 0.1 0.1 0.1 12/10/2017
0.0 0.2 0.2 0.2 0.2 0.2 0.2 0.2 0.2 0.2 0.2 0.2 0.0 0.0 0.2 0.2 0.2 0.2 0.2 0.2 0.2 0.2 0.2 0.0 0.0 0.0 0.0 0.0 13/10/2017
0.0 0.2 0.2 0.2 0.2 0.2 0.2 0.2 0.2 0.2 0.1 0.1 0.0 0.0 0.2 0.2 0.2 0.2 0.2 0.2 0.2 0.1 0.1 0.0 0.0 0.0 0.0 0.0 14/10/2017
0.0 0.0 0.0 0.0 0.0 0.0 0.0 0.0 0.0 0.0 0.0 0.0 0.0 0.0 0.0 0.0 0.0 0.0 0.0 0.0 0.0 0.0 0.0 0.0 0.0 0.0 0.0 0.0 15/10/2017
0.0 0.1 0.1 0.1 0.1 0.1 0.0 0.0 0.0 0.0 0.0 0.0 0.0 0.0 0.1 0.1 0.1 0.1 0.0 0.0 0.0 0.0 0.0 0.0 0.0 0.0 0.0 0.0 16/10/2017
0.0 0.2 0.2 0.2 0.2 0.2 0.0 0.0 0.0 0.0 0.0 0.0 0.0 0.0 0.2 0.2 0.2 0.2 0.0 0.0 0.0 0.0 0.0 0.0 0.0 0.0 0.0 0.0 17/10/2017
0.5 0.2 0.2 0.2 0.2 0.2 0.0 0.0 0.0 0.0 0.0 0.0 0.5 0.5 0.2 0.2 0.2 0.2 0.0 0.0 0.0 0.0 0.0 0.6 0.5 0.5 0.5 0.5 18/10/2017
7.0 6.8 6.8 6.8 6.8 6.8 5.1 5.1 5.2 5.3 5.5 5.5 7.1 7.1 6.9 6.9 6.9 6.9 5.0 5.1 5.1 5.4 5.3 6.3 7.0 7.0 7.1 7.1 19/10/2017
1.4 1.9 1.9 1.9 1.9 2.0 0.9 0.9 1.0 1.0 1.0 1.0 1.4 1.4 2.0 2.0 2.0 2.0 0.9 0.9 0.9 1.0 1.0 1.4 1.4 1.4 1.4 1.4 20/10/2017
19.0 14.0 14.1 14.0 14.1 14.1 3.1 3.2 3.2 3.2 2.3 2.3 19.2 19.2 14.3 14.2 14.2 14.3 3.1 3.1 3.1 2.3 2.3 14.2 19.1 19.1 19.3 19.3 21/10/2017
13.3 8.6 8.7 8.6 8.6 8.7 3.8 3.8 3.9 3.9 3.9 3.9 13.4 13.4 8.8 8.8 8.7 8.8 3.7 3.8 3.8 3.8 3.8 6.1 13.4 13.4 13.5 13.5 22/10/2017
6.6 5.7 5.7 5.7 5.7 5.7 4.7 4.7 4.8 4.8 3.5 3.5 6.7 6.7 5.8 5.8 5.8 5.8 4.6 4.7 4.7 3.5 3.4 3.0 6.6 6.6 6.7 6.7 23/10/2017
0.4 0.4 0.4 0.4 0.4 0.4 5.2 5.3 5.4 5.4 5.4 5.4 0.4 0.4 0.4 0.4 0.4 0.4 5.2 5.3 5.3 5.3 5.3 0.1 0.4 0.4 0.4 0.4 24/10/2017
0.2 0.2 0.2 0.2 0.2 0.2 0.0 0.0 0.0 0.0 0.1 0.1 0.2 0.2 0.2 0.2 0.2 0.2 0.0 0.0 0.0 0.1 0.1 0.0 0.2 0.2 0.2 0.2 25/10/2017
0.0 0.3 0.3 0.3 0.3 0.3 0.9 0.9 0.9 0.9 0.6 0.6 0.0 0.0 0.3 0.3 0.3 0.3 0.9 0.9 0.9 0.6 0.6 0.0 0.0 0.0 0.0 0.0 26/10/2017
0.1 0.2 0.2 0.2 0.2 0.2 0.1 0.1 0.1 0.1 0.1 0.1 0.1 0.1 0.2 0.2 0.2 0.2 0.1 0.1 0.1 0.1 0.1 0.0 0.1 0.1 0.1 0.1 27/10/2017
0.9 0.5 0.5 0.5 0.5 0.5 1.1 1.2 1.2 1.2 0.9 0.9 0.9 0.9 0.6 0.6 0.6 0.6 1.1 1.1 1.2 0.9 0.9 0.2 0.9 0.9 0.9 0.9 28/10/2017
0.5 1.1 1.1 1.1 1.1 1.1 0.9 1.0 1.0 1.0 1.4 1.4 0.5 0.5 1.1 1.1 1.1 1.1 0.9 0.9 1.0 1.4 1.3 0.2 0.5 0.5 0.5 0.5 29/10/2017
0.2 0.5 0.5 0.5 0.5 0.5 0.1 0.1 0.1 0.1 0.0 0.0 0.2 0.2 0.5 0.5 0.5 0.5 0.1 0.1 0.1 0.0 0.0 0.0 0.2 0.2 0.2 0.2 30/10/2017
0.1 0.2 0.2 0.2 0.2 0.2 0.1 0.1 0.1 0.1 0.0 0.0 0.1 0.1 0.2 0.2 0.2 0.2 0.1 0.1 0.1 0.0 0.0 0.0 0.1 0.1 0.1 0.1 31/10/2017
0.0 0.0 0.0 0.0 0.0 0.0 0.0 0.0 0.0 0.0 0.0 0.0 0.0 0.0 0.0 0.0 0.0 0.0 0.0 0.0 0.0 0.0 0.0 0.0 0.0 0.0 0.0 0.0 01/11/2017
0.3 0.0 0.0 0.0 0.0 0.0 0.0 0.0 0.0 0.0 0.0 0.0 0.3 0.3 0.0 0.0 0.0 0.0 0.0 0.0 0.0 0.0 0.0 0.0 0.3 0.3 0.3 0.3 02/11/2017
2.2 0.3 0.3 0.3 0.3 0.3 0.0 0.0 0.0 0.0 0.0 0.0 2.3 2.3 0.3 0.3 0.3 0.3 0.0 0.0 0.0 0.0 0.0 2.0 2.2 2.2 2.3 2.3 03/11/2017
8.2 8.9 9.0 8.9 8.9 9.0 4.0 4.1 4.1 4.1 4.4 4.4 8.3 8.3 9.1 9.1 9.0 9.1 4.0 4.0 4.0 4.3 4.3 8.9 8.2 8.2 8.3 8.3 04/11/2017
1.3 1.6 1.6 1.6 1.6 1.6 0.2 0.2 0.2 0.2 0.4 0.4 1.3 1.3 1.6 1.6 1.6 1.6 0.2 0.2 0.2 0.4 0.4 1.1 1.3 1.3 1.3 1.3 05/11/2017
0.1 0.1 0.1 0.1 0.1 0.1 0.0 0.0 0.0 0.0 0.0 0.0 0.1 0.1 0.1 0.1 0.1 0.1 0.0 0.0 0.0 0.0 0.0 0.0 0.1 0.1 0.1 0.1 06/11/2017
5.9 0.6 0.6 0.6 0.6 0.6 0.1 0.1 0.1 0.1 0.2 0.2 5.9 5.9 0.6 0.6 0.6 0.6 0.1 0.1 0.1 0.2 0.2 5.2 5.9 5.9 5.9 6.0 07/11/2017
12.3 3.2 3.2 3.2 3.2 3.2 1.7 1.7 1.7 1.7 2.9 2.9 12.4 12.4 3.2 3.2 3.2 3.2 1.7 1.7 1.7 2.9 2.9 6.6 12.3 12.3 12.4 12.5 08/11/2017
3.3 1.7 1.7 1.7 1.7 1.7 1.9 1.9 2.0 2.0 2.5 2.5 3.3 3.3 1.7 1.7 1.7 1.7 1.9 1.9 1.9 2.4 2.4 3.6 3.3 3.3 3.3 3.4 09/11/2017
19.8 15.7 15.8 15.8 15.8 15.8 6.0 6.0 6.1 6.2 6.1 6.1 20.0 20.0 16.0 16.0 16.0 16.0 5.9 6.0 6.0 6.0 6.0 12.0 19.9 19.9 20.0 20.1 10/11/2017
37.6 28.6 28.8 28.6 28.7 28.8 20.0 20.2 20.5 20.7 15.7 15.8 38.1 38.1 29.1 29.0 29.0 29.1 19.7 20.0 20.2 15.4 15.3 24.9 37.9 37.9 38.2 38.3 11/11/2017
3.5 5.1 5.1 5.1 5.1 5.1 7.4 7.4 7.5 7.6 7.7 7.7 3.6 3.6 5.2 5.1 5.1 5.2 7.2 7.4 7.4 7.5 7.5 4.5 3.6 3.6 3.6 3.6 12/11/2017
0.0 0.1 0.1 0.1 0.1 0.1 0.1 0.1 0.1 0.1 0.1 0.1 0.0 0.0 0.1 0.1 0.1 0.1 0.1 0.1 0.1 0.1 0.1 0.0 0.0 0.0 0.0 0.0 13/11/2017
0.0 0.2 0.2 0.2 0.2 0.2 0.8 0.8 0.8 0.8 0.3 0.3 0.0 0.0 0.2 0.2 0.2 0.2 0.8 0.8 0.8 0.2 0.2 0.0 0.0 0.0 0.0 0.0 14/11/2017
0.1 0.1 0.1 0.1 0.1 0.1 0.3 0.3 0.3 0.3 0.1 0.1 0.1 0.1 0.1 0.1 0.1 0.1 0.3 0.3 0.3 0.1 0.1 0.0 0.1 0.1 0.1 0.1 15/11/2017
0.0 0.0 0.0 0.0 0.0 0.0 0.6 0.6 0.6 0.6 0.1 0.1 0.0 0.0 0.0 0.0 0.0 0.0 0.6 0.6 0.6 0.1 0.1 0.6 0.0 0.0 0.0 0.0 16/11/2017
0.0 0.0 0.0 0.0 0.0 0.0 0.0 0.0 0.0 0.0 0.1 0.1 0.0 0.0 0.0 0.0 0.0 0.0 0.0 0.0 0.0 0.1 0.1 0.0 0.0 0.0 0.0 0.0 17/11/2017
7.4 5.4 5.4 5.4 5.4 5.4 5.8 5.9 5.9 6.0 6.5 6.6 7.5 7.5 5.5 5.5 5.5 5.5 5.7 5.8 5.8 6.4 6.3 5.4 7.4 7.4 7.5 7.5 18/11/2017
0.0 0.1 0.1 0.1 0.1 0.1 0.1 0.1 0.0 0.0 0.0 0.0 0.0 0.0 0.1 0.1 0.1 0.1 0.1 0.1 0.1 0.0 0.0 0.0 0.0 0.0 0.0 0.0 19/11/2017
0.0 0.0 0.0 0.0 0.0 0.0 5.9 6.0 6.0 6.1 9.8 9.9 0.0 0.0 0.0 0.0 0.0 0.0 5.8 5.9 5.9 9.6 9.6 0.0 0.0 0.0 0.0 0.0 20/11/2017
0.0 0.0 0.0 0.0 0.0 0.0 0.0 0.0 0.0 0.0 0.1 0.1 0.0 0.0 0.0 0.0 0.0 0.0 0.0 0.0 0.0 0.1 0.1 0.0 0.0 0.0 0.0 0.0 21/11/2017
0.2 0.5 0.5 0.5 0.5 0.5 0.2 0.2 0.2 0.2 0.0 0.0 0.2 0.2 0.6 0.6 0.6 0.6 0.2 0.2 0.2 0.0 0.0 0.1 0.2 0.2 0.2 0.2 22/11/2017
13.8 13.3 13.4 13.4 13.4 13.4 7.7 7.8 7.9 8.0 16.6 16.7 14.0 14.0 13.6 13.5 13.5 13.6 7.6 7.7 7.8 16.3 16.2 14.0 13.9 13.9 14.0 14.1 23/11/2017
12.1 6.7 6.8 6.7 6.7 6.8 0.9 1.0 1.0 1.0 1.7 1.8 12.3 12.3 6.8 6.8 6.8 6.8 0.9 1.0 1.0 1.7 1.7 12.1 12.2 12.2 12.3 12.3 24/11/2017
3.3 4.9 4.9 4.9 4.9 4.9 1.9 1.9 1.9 2.0 0.1 0.1 3.4 3.4 5.0 5.0 5.0 5.0 1.9 1.9 1.9 0.1 0.1 3.1 3.3 3.3 3.4 3.4 25/11/2017
4.7 3.3 3.3 3.3 3.3 3.3 0.4 0.4 0.4 0.4 0.4 0.4 4.7 4.7 3.3 3.3 3.3 3.3 0.3 0.4 0.4 0.4 0.4 3.3 4.7 4.7 4.8 4.8 26/11/2017
33.7 26.1 26.3 26.1 26.2 26.3 27.7 28.0 28.4 28.7 35.8 35.9 34.2 34.2 26.6 26.5 26.5 26.5 27.3 27.7 27.9 35.0 34.7 28.0 34.0 34.0 34.2 34.4 27/11/2017
5.6 7.6 7.7 7.6 7.6 7.7 3.0 2.9 2.7 2.5 1.6 1.6 5.7 5.7 7.7 7.7 7.7 7.7 3.2 3.0 2.9 1.7 1.7 3.1 5.6 5.6 5.7 5.7 28/11/2017
5.2 7.9 8.0 8.0 8.0 8.0 3.0 3.0 3.1 3.1 3.9 3.9 5.3 5.3 8.1 8.1 8.1 8.1 3.0 3.0 3.0 3.8 3.8 3.2 5.3 5.3 5.3 5.3 29/11/2017
4.8 5.4 5.0 5.4 5.3 5.0 0.8 0.7 0.6 0.5 0.4 0.4 4.9 4.9 4.4 4.5 4.5 4.4 1.0 0.8 0.7 0.7 0.8 0.5 4.9 4.9 4.9 4.9 30/11/2017
14.7 2.5 2.5 2.5 2.5 2.5 0.1 0.0 0.0 0.0 0.0 0.0 14.9 14.9 2.6 2.6 2.6 2.6 0.1 0.1 0.1 0.1 0.1 8.1 14.8 14.8 14.9 15.0 01/12/2017
2.2 0.8 0.7 0.8 0.8 0.7 0.0 0.0 0.0 0.0 0.0 0.0 2.2 2.2 0.6 0.7 0.7 0.6 0.0 0.0 0.0 0.0 0.0 4.9 2.2 2.2 2.2 2.2 02/12/2017
1.3 1.9 1.9 1.9 1.9 1.9 0.6 0.5 0.4 0.3 0.1 0.1 1.3 1.3 1.9 1.9 1.9 1.9 0.7 0.6 0.5 0.1 0.1 0.1 1.3 1.3 1.3 1.3 03/12/2017
0.1 0.2 0.2 0.2 0.2 0.2 0.4 0.4 0.4 0.4 0.1 0.1 0.1 0.1 0.2 0.2 0.2 0.2 0.4 0.4 0.4 0.1 0.1 0.0 0.1 0.1 0.1 0.1 04/12/2017
0.0 0.0 0.0 0.0 0.0 0.0 0.0 0.0 0.0 0.0 0.0 0.0 0.0 0.0 0.0 0.0 0.0 0.0 0.0 0.0 0.0 0.0 0.0 0.0 0.0 0.0 0.0 0.0 05/12/2017
1.5 0.7 0.7 0.7 0.7 0.7 0.0 0.0 0.0 0.0 0.0 0.0 1.6 1.6 0.7 0.7 0.7 0.7 0.0 0.0 0.0 0.0 0.0 1.1 1.6 1.6 1.6 1.6 06/12/2017
9.2 7.3 7.4 7.3 7.3 7.4 7.1 7.2 7.3 7.3 10.5 10.5 9.3 9.3 7.4 7.4 7.4 7.4 7.0 7.1 7.1 10.2 10.2 6.4 9.3 9.3 9.3 9.4 07/12/2017
2.4 2.0 2.0 2.0 2.0 2.0 1.1 1.1 1.1 1.0 0.0 0.0 2.5 2.5 2.0 2.0 2.0 2.0 1.2 1.1 1.1 0.0 0.0 2.0 2.4 2.4 2.5 2.5 08/12/2017
18.6 10.6 10.5 10.6 10.6 10.5 0.5 0.4 0.3 0.3 0.1 0.1 18.8 18.8 10.2 10.3 10.3 10.2 0.6 0.5 0.4 0.2 0.2 14.2 18.7 18.7 18.8 18.8 09/12/2017
18.7 20.1 20.2 20.1 20.1 20.2 13.3 12.9 12.5 12.1 14.0 14.0 18.9 18.9 20.4 20.4 20.4 20.4 13.8 13.2 13.0 14.4 14.6 17.5 18.8 18.8 18.9 19.0 10/12/2017
8.0 11.0 11.0 11.0 11.0 11.1 8.6 8.7 8.8 8.9 10.7 10.7 8.1 8.1 11.2 11.1 11.1 11.1 8.5 8.6 8.7 10.4 10.4 8.7 8.0 8.0 8.1 8.1 11/12/2017
5.0 5.1 5.1 5.1 5.1 5.2 0.2 0.2 0.2 0.2 0.6 0.5 5.1 5.1 5.2 5.2 5.2 5.2 0.2 0.2 0.2 0.6 0.6 2.6 5.1 5.1 5.1 5.1 12/12/2017
9.7 12.3 12.4 12.3 12.3 12.4 19.4 19.7 19.9 20.1 24.0 24.1 9.8 9.8 12.5 12.5 12.5 12.5 19.2 19.5 19.6 23.5 23.3 5.6 9.7 9.7 9.8 9.8 13/12/2017
21.0 16.5 16.6 16.5 16.5 16.6 4.1 4.0 3.9 3.8 3.5 3.4 21.3 21.3 16.7 16.7 16.7 16.7 4.3 4.1 4.0 3.8 3.9 13.2 21.1 21.1 21.3 21.4 14/12/2017
8.6 12.5 12.6 12.5 12.5 12.6 4.9 4.9 5.0 5.0 5.6 5.6 8.7 8.7 12.7 12.7 12.7 12.7 4.8 4.9 4.9 5.7 5.8 6.6 8.7 8.7 8.7 8.8 15/12/2017
0.6 4.1 4.1 4.1 4.1 4.1 0.9 0.9 0.9 0.9 0.4 0.4 0.6 0.6 4.2 4.2 4.1 4.2 0.9 0.9 0.9 0.4 0.4 1.5 0.6 0.6 0.6 0.6 16/12/2017
3.2 9.0 9.1 9.0 9.0 9.1 8.1 8.2 8.2 8.3 3.9 3.8 3.2 3.2 9.2 9.2 9.1 9.2 8.1 8.2 8.2 4.7 5.0 2.1 3.2 3.2 3.2 3.2 17/12/2017
0.1 0.4 0.4 0.4 0.4 0.4 0.2 0.2 0.2 0.2 0.1 0.1 0.1 0.1 0.4 0.4 0.4 0.4 0.2 0.2 0.2 0.1 0.1 0.0 0.1 0.1 0.1 0.1 18/12/2017
0.2 0.0 0.0 0.0 0.0 0.0 1.1 1.1 1.2 1.2 0.2 0.2 0.2 0.2 0.0 0.0 0.0 0.0 1.1 1.1 1.1 0.2 0.2 0.2 0.2 0.2 0.2 0.2 19/12/2017
3.6 2.3 2.3 2.3 2.3 2.3 0.4 0.4 0.4 0.4 0.4 0.4 3.7 3.7 2.3 2.3 2.3 2.3 0.3 0.4 0.4 0.4 0.4 5.6 3.7 3.7 3.7 3.7 20/12/2017
5.0 4.1 4.2 4.1 4.1 4.2 3.1 3.1 3.1 3.2 2.9 2.9 5.1 5.1 4.2 4.2 4.2 4.2 3.0 3.1 3.1 2.8 2.8 2.6 5.1 5.1 5.1 5.1 21/12/2017
3.1 3.1 3.1 3.1 3.1 3.1 0.7 0.7 0.7 0.7 0.5 0.5 3.1 3.1 3.1 3.1 3.1 3.1 0.7 0.7 0.7 0.5 0.5 2.1 3.1 3.1 3.1 3.1 22/12/2017
0.9 0.7 0.7 0.7 0.7 0.7 1.5 1.5 1.5 1.5 1.0 1.0 0.9 0.9 0.7 0.7 0.7 0.7 1.5 1.5 1.5 1.0 1.0 0.7 0.9 0.9 0.9 0.9 23/12/2017
0.2 0.5 0.5 0.5 0.5 0.5 2.3 2.3 2.3 2.3 2.2 2.2 0.2 0.2 0.5 0.5 0.5 0.5 2.2 2.3 2.3 2.2 2.2 0.5 0.2 0.2 0.2 0.2 24/12/2017
7.8 5.2 5.3 5.2 5.2 5.3 4.8 4.9 4.9 5.0 3.8 3.9 7.9 7.9 5.3 5.3 5.3 5.3 4.7 4.8 4.8 3.8 3.7 5.2 7.8 7.8 7.9 7.9 25/12/2017
7.5 5.3 5.4 5.3 5.4 5.4 6.3 6.4 6.5 6.5 10.6 10.7 7.6 7.6 5.4 5.4 5.4 5.4 6.2 6.3 6.4 10.4 10.3 7.1 7.6 7.6 7.6 7.7 26/12/2017
8.5 8.4 8.4 8.4 8.4 8.4 4.7 4.7 4.8 4.8 5.1 5.1 8.6 8.6 8.5 8.5 8.5 8.5 4.6 4.7 4.7 5.0 4.9 5.4 8.5 8.5 8.6 8.6 27/12/2017
2.9 1.2 1.2 1.2 1.2 1.2 0.0 0.0 0.0 0.0 0.0 0.0 2.9 2.9 1.0 1.1 1.1 1.0 0.0 0.0 0.0 0.0 0.0 0.6 2.9 2.9 2.9 2.9 28/12/2017
15.0 12.3 12.4 12.3 12.4 12.4 15.8 15.8 15.7 15.7 13.4 13.2 15.2 15.2 12.5 12.5 12.5 12.5 15.8 15.8 15.8 14.2 14.5 11.6 15.1 15.1 15.2 15.3 29/12/2017
5.1 3.6 3.6 3.6 3.6 3.6 12.7 12.9 13.0 13.2 15.4 15.4 5.1 5.1 3.7 3.7 3.7 3.7 12.6 12.8 12.8 15.1 15.0 1.0 5.1 5.1 5.1 5.2 30/12/2017
14.6 18.1 18.2 18.1 18.2 18.2 1.6 1.6 1.7 1.7 2.9 2.9 14.8 14.8 18.4 18.4 18.4 18.4 1.6 1.6 1.6 2.8 2.8 9.5 14.7 14.7 14.8 14.9 31/12/2017
5.7 5.7 5.7 5.7 5.7 5.7 10.1 10.2 10.3 10.4 22.4 22.4 5.8 5.8 5.7 5.7 5.7 5.7 9.9 10.1 10.1 21.9 21.7 5.2 5.8 5.8 5.8 5.8 01/01/2018
11.6 12.1 12.2 12.1 12.1 12.2 14.6 14.8 15.0 15.1 14.9 15.0 11.7 11.7 12.3 12.3 12.3 12.3 14.4 14.6 14.7 14.6 14.5 8.9 11.7 11.7 11.7 11.8 02/01/2018
15.5 10.6 10.7 10.6 10.6 10.7 4.1 4.2 4.2 4.3 4.3 4.4 15.7 15.7 10.8 10.8 10.8 10.8 4.1 4.1 4.2 4.3 4.2 5.4 15.6 15.6 15.7 15.7 03/01/2018
4.8 9.1 9.2 9.1 9.2 9.2 16.6 16.8 17.0 17.1 20.6 20.6 4.9 4.9 9.3 9.3 9.3 9.3 16.3 16.6 16.7 20.1 20.0 7.3 4.8 4.8 4.9 4.9 04/01/2018
1.4 2.4 2.4 2.4 2.4 2.4 1.2 1.2 1.2 1.2 2.7 2.7 1.4 1.4 2.4 2.4 2.4 2.4 1.2 1.2 1.2 2.6 2.6 1.8 1.4 1.4 1.5 1.5 05/01/2018
0.0 0.0 0.0 0.0 0.0 0.0 0.4 0.4 0.4 0.4 0.2 0.2 0.0 0.0 0.0 0.0 0.0 0.0 0.4 0.4 0.4 0.2 0.2 0.0 0.0 0.0 0.0 0.0 06/01/2018
0.7 0.0 0.0 0.0 0.0 0.0 0.2 0.2 0.2 0.2 0.0 0.0 0.7 0.7 0.0 0.0 0.0 0.0 0.2 0.2 0.2 0.0 0.0 0.4 0.7 0.7 0.7 0.7 07/01/2018
0.0 0.0 0.0 0.0 0.0 0.0 0.2 0.2 0.2 0.2 0.0 0.0 0.0 0.0 0.0 0.0 0.0 0.0 0.2 0.2 0.2 0.0 0.0 0.0 0.0 0.0 0.0 0.0 08/01/2018
2.6 3.1 3.1 3.1 3.1 3.1 2.6 2.6 2.7 2.7 2.9 2.9 2.6 2.6 3.2 3.2 3.2 3.2 2.6 2.6 2.6 2.8 2.8 2.0 2.6 2.6 2.6 2.7 09/01/2018
0.2 0.2 0.2 0.2 0.2 0.2 1.6 1.6 1.6 1.6 1.5 1.5 0.2 0.2 0.2 0.2 0.2 0.2 1.6 1.6 1.6 1.4 1.4 0.0 0.2 0.2 0.2 0.2 10/01/2018
0.1 0.2 0.2 0.2 0.2 0.2 0.3 0.3 0.3 0.3 0.2 0.2 0.1 0.1 0.2 0.2 0.2 0.2 0.3 0.3 0.3 0.2 0.2 1.0 0.1 0.1 0.1 0.1 11/01/2018
0.0 0.1 0.1 0.1 0.1 0.1 0.0 0.0 0.0 0.0 0.0 0.0 0.0 0.0 0.1 0.1 0.1 0.1 0.0 0.0 0.0 0.0 0.0 0.0 0.0 0.0 0.0 0.0 12/01/2018
0.0 0.1 0.1 0.1 0.1 0.1 0.0 0.0 0.0 0.0 0.0 0.0 0.0 0.0 0.1 0.1 0.1 0.1 0.0 0.0 0.0 0.0 0.0 0.0 0.0 0.0 0.0 0.0 13/01/2018
0.1 0.3 0.3 0.3 0.3 0.3 0.0 0.0 0.0 0.0 0.0 0.0 0.1 0.1 0.3 0.3 0.3 0.3 0.0 0.0 0.0 0.0 0.0 0.8 0.1 0.1 0.1 0.1 14/01/2018
15.7 15.0 15.0 15.0 15.0 15.1 14.2 14.4 14.6 14.7 17.6 17.7 15.9 15.9 15.2 15.2 15.2 15.2 14.0 14.2 14.3 17.3 17.1 10.6 15.8 15.8 16.0 16.0 15/01/2018
8.5 11.4 11.4 11.4 11.4 11.4 8.8 8.9 9.0 9.1 9.9 9.9 8.6 8.6 11.6 11.5 11.5 11.5 8.6 8.8 8.8 9.7 9.6 7.0 8.5 8.5 8.6 8.6 16/01/2018
7.9 6.6 6.7 6.6 6.6 6.7 8.2 8.3 8.4 8.5 12.3 12.4 8.0 8.0 6.7 6.7 6.7 6.7 8.1 8.2 8.3 12.1 12.0 3.9 7.9 7.9 8.0 8.0 17/01/2018
6.9 7.4 7.5 7.4 7.4 7.5 1.7 1.7 1.7 1.6 3.1 3.1 7.0 7.0 7.5 7.5 7.5 7.5 1.7 1.7 1.7 3.0 3.0 4.0 7.0 7.0 7.0 7.1 18/01/2018
10.0 8.9 9.0 9.0 9.0 9.0 3.9 3.9 4.0 4.0 3.7 3.7 10.2 10.2 9.1 9.1 9.1 9.1 3.9 3.9 3.9 3.7 3.6 8.3 10.1 10.1 10.2 10.2 19/01/2018
5.4 6.2 6.2 6.2 6.2 6.2 4.9 4.9 5.0 5.0 7.1 7.1 5.4 5.4 6.3 6.3 6.3 6.3 4.8 4.9 4.9 6.9 6.9 4.7 5.4 5.4 5.4 5.5 20/01/2018
33.0 25.3 25.4 25.3 25.3 25.5 15.9 15.8 15.8 15.8 13.7 13.7 33.4 33.4 25.7 25.7 25.6 25.7 15.9 15.9 15.9 13.4 13.3 17.0 33.2 33.2 33.4 33.6 21/01/2018
11.6 13.9 14.0 13.9 13.9 14.0 5.1 5.2 5.3 5.3 5.0 5.0 11.7 11.7 14.1 14.1 14.1 14.1 5.1 5.2 5.2 4.9 4.8 14.3 11.6 11.6 11.7 11.8 22/01/2018
1.6 1.5 1.5 1.5 1.5 1.5 2.8 2.9 2.9 2.9 4.8 4.8 1.7 1.7 1.5 1.5 1.5 1.5 2.8 2.8 2.8 4.7 4.7 0.1 1.7 1.7 1.7 1.7 23/01/2018
4.6 5.4 5.4 5.4 5.4 5.4 4.4 4.4 4.5 4.5 5.8 5.8 4.7 4.7 5.4 5.4 5.4 5.4 4.3 4.4 4.4 5.6 5.6 5.2 4.6 4.6 4.7 4.7 24/01/2018
0.3 0.3 0.3 0.3 0.3 0.3 1.4 1.5 1.5 1.5 4.3 4.4 0.3 0.3 0.3 0.3 0.3 0.3 1.4 1.4 1.5 4.2 4.2 1.1 0.3 0.3 0.3 0.3 25/01/2018
1.9 0.6 0.6 0.6 0.6 0.6 0.1 0.1 0.1 0.1 0.0 0.0 1.9 1.9 0.6 0.6 0.6 0.6 0.1 0.1 0.1 0.0 0.0 1.2 1.9 1.9 1.9 1.9 26/01/2018
2.3 1.3 1.3 1.3 1.3 1.3 2.9 2.9 2.9 3.0 2.2 2.2 2.3 2.3 1.4 1.3 1.3 1.4 2.8 2.9 2.9 2.2 2.2 2.3 2.3 2.3 2.3 2.3 27/01/2018
1.0 0.8 0.8 0.8 0.8 0.8 1.0 1.0 1.0 1.0 0.8 0.8 1.0 1.0 0.8 0.8 0.8 0.8 1.0 1.0 1.0 0.8 0.8 0.7 1.0 1.0 1.0 1.0 28/01/2018
2.1 2.3 2.3 2.3 2.3 2.3 1.3 1.4 1.4 1.4 1.7 1.8 2.2 2.2 2.3 2.3 2.3 2.3 1.3 1.3 1.4 1.7 1.7 0.2 2.1 2.1 2.2 2.2 29/01/2018
9.3 7.4 7.4 7.4 7.4 7.4 6.3 6.4 6.5 6.6 7.1 7.1 9.4 9.4 7.5 7.5 7.5 7.5 6.2 6.3 6.4 6.9 6.9 4.0 9.3 9.3 9.4 9.4 30/01/2018
18.5 14.5 14.6 14.5 14.5 14.6 11.3 11.4 11.6 11.7 11.7 11.8 18.8 18.8 14.7 14.7 14.7 14.7 11.1 11.3 11.4 11.5 11.4 10.6 18.7 18.7 18.8 18.9 31/01/2018
1.4 2.6 2.6 2.6 2.6 2.6 2.1 2.1 2.1 2.2 1.7 1.7 1.4 1.4 2.7 2.6 2.6 2.6 2.1 2.1 2.1 1.7 1.7 0.0 1.4 1.4 1.5 1.5 01/02/2018
2.1 3.2 3.2 3.2 3.2 3.2 4.6 4.6 4.7 4.7 3.4 3.5 2.1 2.1 3.3 3.3 3.3 3.3 4.5 4.6 4.6 3.4 3.3 0.5 2.1 2.1 2.1 2.1 02/02/2018
2.3 4.7 4.7 4.7 4.7 4.7 3.4 3.1 2.7 2.5 1.0 0.9 2.3 2.3 4.8 4.8 4.8 4.8 3.8 3.3 3.2 1.6 1.8 2.4 2.3 2.3 2.3 2.3 03/02/2018
0.0 0.1 0.1 0.1 0.1 0.1 0.0 0.0 0.0 0.0 0.1 0.1 0.0 0.0 0.1 0.1 0.1 0.1 0.0 0.0 0.0 0.2 0.2 0.0 0.0 0.0 0.0 0.0 04/02/2018
0.0 0.1 0.1 0.1 0.1 0.1 0.9 0.8 0.6 0.5 0.2 0.2 0.0 0.0 0.0 0.1 0.1 0.0 1.1 0.9 0.8 0.3 0.3 0.0 0.0 0.0 0.0 0.0 05/02/2018
1.3 0.0 0.0 0.0 0.0 0.0 3.0 2.6 2.1 1.7 1.6 1.5 1.1 1.1 0.0 0.0 0.0 0.0 3.6 2.9 2.7 2.6 3.0 0.0 1.2 1.2 1.1 1.1 06/02/2018
0.2 0.0 0.0 0.0 0.0 0.0 0.0 0.0 0.0 0.0 0.2 0.2 0.2 0.2 0.0 0.0 0.0 0.0 0.0 0.0 0.0 0.3 0.3 0.5 0.2 0.2 0.2 0.2 07/02/2018
2.1 0.4 0.4 0.4 0.4 0.4 0.0 0.0 0.0 0.0 0.0 0.0 1.8 1.8 0.3 0.3 0.3 0.3 0.0 0.0 0.0 0.0 0.0 2.5 2.0 2.0 1.8 1.7 08/02/2018
3.2 3.3 3.0 3.3 3.2 3.0 0.5 0.4 0.3 0.3 0.4 0.3 3.0 3.0 2.6 2.7 2.7 2.7 0.6 0.5 0.4 0.6 0.7 2.3 3.1 3.1 2.9 2.8 09/02/2018
7.2 4.3 4.4 4.4 4.4 4.4 4.1 3.5 2.8 2.3 1.5 1.3 7.3 7.3 4.4 4.4 4.4 4.4 4.8 4.0 3.7 2.4 2.7 4.5 7.3 7.3 7.3 7.4 10/02/2018
1.9 2.9 2.9 2.9 2.9 2.9 0.3 0.3 0.3 0.3 0.2 0.2 1.9 1.9 2.9 2.9 2.9 2.9 0.3 0.3 0.3 0.2 0.2 1.9 1.9 1.9 1.9 1.9 11/02/2018
1.0 0.5 0.5 0.5 0.5 0.5 0.0 0.0 0.0 0.0 0.0 0.0 0.9 0.9 0.4 0.4 0.4 0.4 0.0 0.0 0.0 0.0 0.0 1.4 0.9 0.9 0.9 0.8 12/02/2018
3.0 1.5 1.4 1.5 1.4 1.3 0.0 0.0 0.0 0.0 0.0 0.0 2.6 2.6 1.2 1.2 1.2 1.2 0.0 0.0 0.0 0.0 0.0 2.8 2.8 2.8 2.5 2.4 13/02/2018
7.6 5.9 5.9 5.9 5.9 5.9 6.6 6.7 6.7 6.8 5.6 5.6 7.7 7.7 6.0 6.0 5.9 6.0 6.6 6.7 6.7 5.5 5.4 7.7 7.6 7.6 7.7 7.7 14/02/2018
0.0 0.3 0.3 0.3 0.3 0.3 3.8 3.9 3.9 3.9 3.7 3.7 0.0 0.0 0.3 0.3 0.3 0.3 3.7 3.8 3.8 3.6 3.6 0.0 0.0 0.0 0.0 0.0 15/02/2018
0.0 0.1 0.1 0.1 0.1 0.1 0.0 0.0 0.0 0.0 0.1 0.1 0.0 0.0 0.1 0.1 0.1 0.1 0.0 0.0 0.0 0.1 0.1 0.0 0.0 0.0 0.0 0.0 16/02/2018
0.0 0.0 0.0 0.0 0.0 0.0 0.0 0.0 0.0 0.0 0.0 0.0 0.0 0.0 0.0 0.0 0.0 0.0 0.0 0.0 0.0 0.0 0.0 0.0 0.0 0.0 0.0 0.0 17/02/2018
0.9 0.4 0.4 0.4 0.4 0.4 0.0 0.0 0.0 0.0 0.0 0.0 0.9 0.9 0.4 0.4 0.4 0.4 0.0 0.0 0.0 0.0 0.0 0.8 0.9 0.9 0.9 0.9 18/02/2018
10.2 7.8 7.8 7.8 7.8 7.8 0.4 0.3 0.3 0.2 0.0 0.0 10.4 10.4 7.9 7.9 7.9 7.9 0.4 0.4 0.3 0.1 0.1 5.8 10.3 10.3 10.4 10.4 19/02/2018
3.6 3.4 3.4 3.4 3.4 3.4 0.0 0.0 0.0 0.0 0.0 0.0 3.6 3.6 3.4 3.4 3.4 3.4 0.0 0.0 0.0 0.0 0.0 3.3 3.6 3.6 3.6 3.6 20/02/2018
0.0 0.0 0.0 0.0 0.0 0.0 0.0 0.0 0.0 0.0 0.0 0.0 0.0 0.0 0.0 0.0 0.0 0.0 0.0 0.0 0.0 0.0 0.0 0.0 0.0 0.0 0.0 0.0 21/02/2018
0.0 0.0 0.0 0.0 0.0 0.0 0.0 0.0 0.0 0.0 0.0 0.0 0.0 0.0 0.0 0.0 0.0 0.0 0.0 0.0 0.0 0.0 0.0 0.0 0.0 0.0 0.0 0.0 22/02/2018
0.0 0.0 0.0 0.0 0.0 0.0 0.0 0.0 0.0 0.0 0.0 0.0 0.0 0.0 0.0 0.0 0.0 0.0 0.0 0.0 0.0 0.0 0.0 0.0 0.0 0.0 0.0 0.0 23/02/2018
0.0 0.0 0.0 0.0 0.0 0.0 0.0 0.0 0.0 0.0 0.0 0.0 0.0 0.0 0.0 0.0 0.0 0.0 0.0 0.0 0.0 0.0 0.0 0.0 0.0 0.0 0.0 0.0 24/02/2018
0.0 0.0 0.0 0.0 0.0 0.0 0.0 0.0 0.0 0.0 0.0 0.0 0.0 0.0 0.0 0.0 0.0 0.0 0.0 0.0 0.0 0.0 0.0 0.0 0.0 0.0 0.0 0.0 25/02/2018
0.0 0.0 0.0 0.0 0.0 0.0 0.0 0.0 0.0 0.0 0.0 0.0 0.0 0.0 0.0 0.0 0.0 0.0 0.0 0.0 0.0 0.0 0.0 0.0 0.0 0.0 0.0 0.0 26/02/2018
0.0 0.0 0.0 0.0 0.0 0.0 0.0 0.0 0.0 0.0 0.0 0.0 0.0 0.0 0.0 0.0 0.0 0.0 0.0 0.0 0.0 0.0 0.0 0.0 0.0 0.0 0.0 0.0 27/02/2018
0.0 0.0 0.0 0.0 0.0 0.0 0.0 0.0 0.0 0.0 0.0 0.0 0.0 0.0 0.0 0.0 0.0 0.0 0.0 0.0 0.0 0.0 0.0 0.0 0.0 0.0 0.0 0.0 28/02/2018
4.8 0.0 0.0 0.0 0.0 0.0 0.0 0.0 0.0 0.0 0.0 0.0 4.1 4.1 0.0 0.0 0.0 0.0 0.0 0.0 0.0 0.0 0.0 1.6 4.5 4.5 4.1 3.9 01/03/2018
1.3 1.4 1.3 1.3 1.3 1.3 0.0 0.0 0.0 0.0 0.0 0.0 1.1 1.1 1.1 1.2 1.2 1.1 0.0 0.0 0.0 0.0 0.0 0.6 1.2 1.2 1.1 1.1 02/03/2018
1.0 1.2 1.2 1.2 1.2 1.2 0.8 0.8 0.8 0.9 1.1 1.1 1.0 1.0 1.2 1.2 1.2 1.2 0.8 0.8 0.8 1.0 1.0 0.6 1.0 1.0 1.0 1.0 03/03/2018
2.1 9.4 9.4 9.4 9.4 9.4 2.6 2.6 2.7 2.7 2.4 2.4 2.1 2.1 9.5 9.5 9.5 9.5 2.6 2.6 2.6 2.3 2.3 1.7 2.1 2.1 2.1 2.1 04/03/2018
0.7 0.5 0.5 0.5 0.5 0.5 0.0 0.0 0.0 0.0 0.4 0.4 0.7 0.7 0.5 0.5 0.5 0.5 0.0 0.0 0.0 0.4 0.4 0.2 0.7 0.7 0.7 0.7 05/03/2018
4.4 1.6 1.6 1.6 1.6 1.6 1.1 1.1 1.1 1.1 1.6 1.6 4.5 4.5 1.6 1.6 1.6 1.6 1.1 1.1 1.1 1.6 1.6 5.9 4.5 4.5 4.5 4.5 06/03/2018
4.4 3.5 3.5 3.5 3.5 3.6 3.1 3.1 3.2 3.2 4.5 4.5 4.4 4.4 3.6 3.6 3.6 3.6 3.0 3.1 3.1 4.4 4.4 0.5 4.4 4.4 4.5 4.5 07/03/2018
5.5 6.9 7.0 7.0 7.0 7.0 6.1 6.2 6.3 6.4 7.9 8.0 5.6 5.6 7.1 7.0 7.0 7.1 6.1 6.2 6.2 7.8 7.7 7.6 5.5 5.5 5.6 5.6 08/03/2018
3.8 4.8 4.9 4.8 4.8 4.9 4.0 4.1 4.1 4.2 3.3 3.4 3.8 3.8 4.9 4.9 4.9 4.9 4.0 4.1 4.1 3.3 3.2 4.3 3.8 3.8 3.8 3.8 09/03/2018
2.3 14.3 14.4 14.3 14.3 14.4 13.9 14.0 14.2 14.3 6.5 6.5 2.4 2.4 14.5 14.5 14.5 14.5 13.7 13.9 14.0 6.4 6.4 1.2 2.3 2.3 2.4 2.4 10/03/2018
2.2 0.6 0.6 0.6 0.6 0.6 1.5 1.5 1.5 1.5 2.2 2.2 2.3 2.3 0.6 0.6 0.6 0.6 1.5 1.5 1.5 2.1 2.1 1.3 2.3 2.3 2.3 2.3 11/03/2018
6.9 9.1 9.1 9.1 9.1 9.1 11.7 11.8 12.0 12.1 10.3 10.3 7.0 7.0 9.2 9.2 9.2 9.2 11.5 11.7 11.8 10.1 10.0 3.5 6.9 6.9 7.0 7.0 12/03/2018
0.3 0.2 0.2 0.2 0.2 0.2 1.1 1.1 1.1 1.1 1.0 1.0 0.3 0.3 0.2 0.2 0.2 0.2 1.1 1.1 1.1 1.0 1.0 0.1 0.3 0.3 0.3 0.3 13/03/2018
5.5 6.1 6.1 6.1 6.1 6.1 0.0 0.0 0.0 0.0 0.0 0.0 5.6 5.6 6.2 6.2 6.2 6.2 0.0 0.0 0.0 0.0 0.0 2.7 5.6 5.6 5.6 5.6 14/03/2018
2.5 2.2 2.2 2.2 2.2 2.2 7.7 7.8 7.9 8.0 13.0 13.0 2.5 2.5 2.2 2.2 2.2 2.2 7.6 7.7 7.8 12.7 12.6 1.7 2.5 2.5 2.5 2.5 15/03/2018
1.7 1.1 1.1 1.1 1.1 1.1 0.0 0.0 0.0 0.0 0.0 0.0 1.8 1.8 1.2 1.2 1.2 1.2 0.0 0.0 0.0 0.0 0.0 2.3 1.8 1.8 1.8 1.8 16/03/2018
0.6 0.1 0.1 0.1 0.1 0.1 0.0 0.0 0.0 0.0 0.0 0.0 0.6 0.6 0.1 0.1 0.1 0.1 0.0 0.0 0.0 0.0 0.0 2.1 0.6 0.6 0.6 0.6 17/03/2018
0.0 1.3 1.2 1.3 1.2 1.2 0.0 0.0 0.0 0.0 0.0 0.0 0.0 0.0 1.0 1.1 1.1 1.0 0.0 0.0 0.0 0.0 0.0 0.0 0.0 0.0 0.0 0.0 18/03/2018
0.0 0.7 0.7 0.7 0.7 0.7 0.0 0.0 0.0 0.0 0.0 0.0 0.0 0.0 0.6 0.6 0.6 0.6 0.0 0.0 0.0 0.0 0.0 0.0 0.0 0.0 0.0 0.0 19/03/2018
1.1 0.4 0.4 0.4 0.4 0.4 0.0 0.0 0.0 0.0 0.0 0.0 1.1 1.1 0.3 0.3 0.3 0.3 0.0 0.0 0.0 0.0 0.0 0.4 1.1 1.1 1.1 1.2 20/03/2018
0.0 0.4 0.4 0.4 0.4 0.4 0.1 0.0 0.0 0.0 0.0 0.0 0.0 0.0 0.4 0.4 0.4 0.4 0.1 0.1 0.1 0.0 0.0 0.0 0.0 0.0 0.0 0.0 21/03/2018
0.7 0.2 0.2 0.2 0.2 0.2 1.8 1.8 1.8 1.8 2.9 2.9 0.7 0.7 0.2 0.2 0.2 0.2 1.7 1.8 1.8 2.8 2.8 0.0 0.7 0.7 0.7 0.7 22/03/2018
1.0 0.5 0.5 0.5 0.5 0.5 0.0 0.0 0.0 0.0 0.0 0.0 1.0 1.0 0.5 0.5 0.5 0.5 0.0 0.0 0.0 0.0 0.0 0.7 1.0 1.0 1.0 1.0 23/03/2018
0.0 0.0 0.0 0.0 0.0 0.0 0.0 0.0 0.0 0.0 0.0 0.0 0.0 0.0 0.0 0.0 0.0 0.0 0.0 0.0 0.0 0.0 0.0 0.0 0.0 0.0 0.0 0.0 24/03/2018
0.0 0.0 0.0 0.0 0.0 0.0 0.0 0.0 0.0 0.0 0.0 0.0 0.0 0.0 0.0 0.0 0.0 0.0 0.0 0.0 0.0 0.0 0.0 0.0 0.0 0.0 0.0 0.0 25/03/2018
3.3 1.7 1.7 1.7 1.7 1.7 0.1 0.1 0.1 0.1 0.0 0.0 3.4 3.4 1.7 1.7 1.7 1.7 0.1 0.1 0.1 0.0 0.0 2.5 3.3 3.3 3.4 3.4 26/03/2018
8.6 6.5 6.5 6.5 6.5 6.6 7.0 7.0 7.1 7.2 6.8 6.8 8.8 8.8 6.6 6.6 6.6 6.6 6.9 7.0 7.0 6.6 6.6 9.7 8.7 8.7 8.8 8.8 27/03/2018
2.2 3.3 3.4 3.3 3.3 3.4 15.6 15.8 16.0 16.2 12.1 12.1 2.2 2.2 3.4 3.4 3.4 3.4 15.4 15.7 15.8 11.8 11.7 1.0 2.2 2.2 2.2 2.2 28/03/2018
4.7 2.7 2.7 2.7 2.7 2.7 1.7 1.7 1.7 1.8 1.4 1.4 4.8 4.8 2.7 2.7 2.7 2.7 1.7 1.7 1.7 1.4 1.3 3.5 4.8 4.8 4.8 4.8 29/03/2018
13.9 5.0 5.0 5.0 5.0 5.0 2.9 2.9 2.9 3.0 2.5 2.5 14.1 14.1 5.0 5.0 5.0 5.0 2.8 2.9 2.9 2.5 2.5 10.7 14.0 14.0 14.1 14.2 30/03/2018
0.7 1.7 1.7 1.7 1.7 1.7 0.6 0.6 0.6 0.6 1.0 1.0 0.7 0.7 1.7 1.7 1.7 1.7 0.6 0.6 0.6 0.9 0.9 1.0 0.7 0.7 0.7 0.7 31/03/2018
2.2 1.4 1.4 1.4 1.4 1.4 0.8 0.8 0.8 0.8 1.5 1.5 2.2 2.2 1.4 1.4 1.4 1.4 0.8 0.8 0.8 1.5 1.5 2.6 2.2 2.2 2.2 2.2 01/04/2018
3.6 3.9 4.0 3.9 3.9 4.0 7.1 7.2 7.3 7.4 7.7 7.7 3.7 3.7 4.0 4.0 4.0 4.0 7.0 7.1 7.2 7.5 7.5 2.3 3.7 3.7 3.7 3.7 02/04/2018
3.2 6.1 6.1 6.1 6.1 6.1 6.4 6.5 6.6 6.7 7.5 7.5 3.3 3.3 6.2 6.2 6.2 6.2 6.4 6.5 6.5 7.3 7.3 1.4 3.2 3.2 3.3 3.3 03/04/2018
3.0 3.9 4.0 3.9 3.9 4.0 2.2 2.2 2.2 2.2 3.3 3.3 3.1 3.1 4.0 4.0 4.0 4.0 2.1 2.2 2.2 3.3 3.2 1.7 3.1 3.1 3.1 3.1 04/04/2018
0.1 0.4 0.4 0.4 0.4 0.4 0.0 0.0 0.0 0.0 0.3 0.3 0.1 0.1 0.4 0.4 0.4 0.4 0.0 0.0 0.0 0.3 0.3 0.4 0.1 0.1 0.1 0.1 05/04/2018
3.0 0.2 0.2 0.2 0.2 0.2 0.0 0.0 0.0 0.0 0.0 0.0 3.0 3.0 0.2 0.2 0.2 0.2 0.0 0.0 0.0 0.0 0.0 0.8 3.0 3.0 3.0 3.0 06/04/2018
9.4 1.9 1.9 1.9 1.9 1.9 0.0 0.0 0.0 0.0 0.0 0.0 9.5 9.5 1.9 1.9 1.9 1.9 0.0 0.0 0.0 0.0 0.0 9.1 9.5 9.5 9.5 9.6 07/04/2018
1.0 1.1 1.1 1.1 1.1 1.1 0.6 0.6 0.6 0.6 0.5 0.5 1.0 1.0 1.1 1.1 1.1 1.1 0.5 0.6 0.6 0.5 0.5 1.8 1.0 1.0 1.0 1.0 08/04/2018
4.5 8.9 9.0 8.9 8.9 9.0 0.9 0.9 0.9 0.9 0.8 0.8 4.6 4.6 9.1 9.1 9.1 9.1 0.9 0.9 0.9 0.8 0.8 3.7 4.5 4.5 4.6 4.6 09/04/2018
0.0 0.1 0.1 0.1 0.1 0.1 0.0 0.0 0.0 0.0 0.0 0.0 0.0 0.0 0.1 0.1 0.1 0.1 0.0 0.0 0.0 0.0 0.0 1.2 0.0 0.0 0.0 0.0 10/04/2018
0.1 0.1 0.1 0.1 0.1 0.1 0.0 0.0 0.0 0.0 0.0 0.0 0.1 0.1 0.1 0.1 0.1 0.1 0.0 0.0 0.0 0.0 0.0 0.0 0.1 0.1 0.1 0.1 11/04/2018
0.0 3.5 3.6 3.5 3.5 3.6 5.8 5.9 6.0 6.0 1.9 1.9 0.0 0.0 3.6 3.6 3.6 3.6 5.7 5.8 5.9 1.9 1.9 0.0 0.0 0.0 0.0 0.0 12/04/2018
0.0 0.2 0.2 0.2 0.2 0.2 0.0 0.0 0.0 0.0 0.2 0.2 0.0 0.0 0.2 0.2 0.2 0.2 0.0 0.0 0.0 0.2 0.2 0.3 0.0 0.0 0.0 0.0 13/04/2018
6.2 2.9 2.9 2.9 2.9 2.9 0.4 0.4 0.4 0.4 1.8 1.8 6.3 6.3 2.9 2.9 2.9 2.9 0.4 0.4 0.4 1.8 1.8 5.2 6.2 6.2 6.3 6.3 14/04/2018
2.7 2.3 2.3 2.3 2.3 2.3 0.8 0.8 0.8 0.8 0.2 0.2 2.7 2.7 2.3 2.3 2.3 2.3 0.8 0.8 0.8 0.2 0.2 4.1 2.7 2.7 2.7 2.7 15/04/2018
0.0 0.1 0.1 0.1 0.1 0.1 0.0 0.0 0.0 0.0 0.0 0.0 0.0 0.0 0.1 0.1 0.1 0.1 0.0 0.0 0.0 0.0 0.0 0.0 0.0 0.0 0.0 0.0 16/04/2018
0.0 0.0 0.0 0.0 0.0 0.0 0.0 0.0 0.0 0.0 0.0 0.0 0.0 0.0 0.0 0.0 0.0 0.0 0.0 0.0 0.0 0.0 0.0 0.0 0.0 0.0 0.0 0.0 17/04/2018
0.0 0.0 0.0 0.0 0.0 0.0 0.0 0.0 0.0 0.0 0.0 0.0 0.0 0.0 0.0 0.0 0.0 0.0 0.0 0.0 0.0 0.0 0.0 0.0 0.0 0.0 0.0 0.0 18/04/2018
0.0 0.0 0.0 0.0 0.0 0.0 0.0 0.0 0.0 0.0 0.0 0.0 0.0 0.0 0.0 0.0 0.0 0.0 0.0 0.0 0.0 0.0 0.0 0.0 0.0 0.0 0.0 0.0 19/04/2018
0.0 0.0 0.0 0.0 0.0 0.0 0.0 0.0 0.0 0.0 0.0 0.0 0.0 0.0 0.0 0.0 0.0 0.0 0.0 0.0 0.0 0.0 0.0 0.0 0.0 0.0 0.0 0.0 20/04/2018
4.5 1.0 1.0 1.0 1.0 1.0 0.2 0.2 0.2 0.2 0.0 0.0 4.5 4.5 1.0 1.0 1.0 1.0 0.2 0.2 0.2 0.0 0.0 1.5 4.5 4.5 4.6 4.6 21/04/2018
0.0 0.3 0.3 0.3 0.3 0.3 1.5 1.5 1.5 1.5 0.4 0.4 0.0 0.0 0.3 0.3 0.3 0.3 1.5 1.5 1.5 0.3 0.3 0.0 0.0 0.0 0.0 0.0 22/04/2018
0.0 0.0 0.0 0.0 0.0 0.0 0.0 0.0 0.0 0.0 0.0 0.0 0.0 0.0 0.0 0.0 0.0 0.0 0.0 0.0 0.0 0.0 0.0 0.0 0.0 0.0 0.0 0.0 23/04/2018
0.2 0.5 0.5 0.5 0.5 0.5 0.0 0.0 0.0 0.0 0.0 0.0 0.2 0.2 0.5 0.5 0.5 0.5 0.0 0.0 0.0 0.0 0.0 0.4 0.2 0.2 0.2 0.2 24/04/2018
0.0 0.1 0.1 0.1 0.1 0.1 0.5 0.5 0.5 0.5 0.5 0.5 0.0 0.0 0.1 0.1 0.1 0.1 0.4 0.5 0.5 0.5 0.5 0.0 0.0 0.0 0.0 0.0 25/04/2018
0.0 0.0 0.0 0.0 0.0 0.0 0.3 0.3 0.3 0.3 0.0 0.0 0.0 0.0 0.0 0.0 0.0 0.0 0.3 0.3 0.3 0.0 0.0 0.0 0.0 0.0 0.0 0.0 26/04/2018
0.2 0.5 0.5 0.5 0.5 0.5 0.0 0.0 0.0 0.0 0.0 0.0 0.2 0.2 0.5 0.5 0.5 0.5 0.0 0.0 0.0 0.0 0.0 0.6 0.2 0.2 0.2 0.2 27/04/2018
0.0 0.4 0.4 0.4 0.4 0.4 6.2 6.3 6.3 6.4 6.8 6.8 0.0 0.0 0.4 0.4 0.4 0.4 6.1 6.2 6.2 6.6 6.6 0.5 0.0 0.0 0.0 0.0 28/04/2018
26.2 28.3 28.5 28.3 28.4 28.5 15.3 15.5 15.7 15.9 22.2 22.3 26.6 26.6 28.8 28.7 28.7 28.8 15.1 15.4 15.5 21.8 21.6 20.7 26.4 26.4 26.6 26.7 29/04/2018
36.8 34.9 35.1 34.9 34.9 35.1 12.2 12.3 12.5 12.6 5.8 5.9 37.3 37.3 35.4 35.4 35.4 35.4 12.0 12.2 12.3 5.7 5.7 25.4 37.0 37.0 37.3 37.5 30/04/2018
0.0 0.1 0.1 0.1 0.1 0.1 0.0 0.0 0.0 0.0 0.1 0.1 0.0 0.0 0.1 0.1 0.1 0.1 0.0 0.0 0.0 0.1 0.1 0.0 0.0 0.0 0.0 0.0 01/05/2018
3.9 3.3 3.3 3.3 3.3 3.3 0.4 0.4 0.4 0.4 0.0 0.0 4.0 4.0 3.4 3.4 3.4 3.4 0.3 0.4 0.4 0.0 0.0 4.0 3.9 3.9 4.0 4.0 02/05/2018
0.0 0.1 0.1 0.1 0.1 0.1 0.0 0.0 0.0 0.0 0.0 0.0 0.0 0.0 0.1 0.1 0.1 0.1 0.0 0.0 0.0 0.0 0.0 0.3 0.0 0.0 0.0 0.0 03/05/2018
0.0 0.0 0.0 0.0 0.0 0.0 0.0 0.0 0.0 0.0 0.0 0.0 0.0 0.0 0.0 0.0 0.0 0.0 0.0 0.0 0.0 0.0 0.0 0.0 0.0 0.0 0.0 0.0 04/05/2018
0.0 0.1 0.1 0.1 0.1 0.1 0.0 0.0 0.0 0.0 0.0 0.0 0.0 0.0 0.1 0.1 0.1 0.1 0.0 0.0 0.0 0.0 0.0 0.0 0.0 0.0 0.0 0.0 05/05/2018
0.0 0.1 0.1 0.1 0.1 0.1 0.0 0.0 0.0 0.0 0.0 0.0 0.0 0.0 0.1 0.1 0.1 0.1 0.0 0.0 0.0 0.0 0.0 0.0 0.0 0.0 0.0 0.0 06/05/2018
0.0 0.0 0.0 0.0 0.0 0.0 0.0 0.0 0.0 0.0 0.0 0.0 0.0 0.0 0.0 0.0 0.0 0.0 0.0 0.0 0.0 0.0 0.0 0.0 0.0 0.0 0.0 0.0 07/05/2018
0.0 0.0 0.0 0.0 0.0 0.0 0.0 0.0 0.0 0.0 0.0 0.0 0.0 0.0 0.0 0.0 0.0 0.0 0.0 0.0 0.0 0.0 0.0 0.0 0.0 0.0 0.0 0.0 08/05/2018
0.6 0.0 0.0 0.0 0.0 0.0 0.0 0.0 0.0 0.0 0.0 0.0 0.6 0.6 0.0 0.0 0.0 0.0 0.0 0.0 0.0 0.0 0.0 0.9 0.6 0.6 0.6 0.6 09/05/2018
0.0 0.1 0.1 0.1 0.1 0.1 0.0 0.0 0.0 0.0 0.0 0.0 0.0 0.0 0.1 0.1 0.1 0.1 0.0 0.0 0.0 0.0 0.0 0.0 0.0 0.0 0.0 0.0 10/05/2018
0.0 0.0 0.0 0.0 0.0 0.0 0.0 0.0 0.0 0.0 0.0 0.0 0.0 0.0 0.0 0.0 0.0 0.0 0.0 0.0 0.0 0.0 0.0 0.0 0.0 0.0 0.0 0.0 11/05/2018
14.2 6.3 6.4 6.3 6.3 6.4 8.7 8.8 8.9 9.0 3.8 3.8 14.4 14.4 6.4 6.4 6.4 6.4 8.6 8.7 8.8 3.7 3.7 11.3 14.3 14.3 14.4 14.5 12/05/2018
0.0 0.0 0.0 0.0 0.0 0.0 2.0 2.0 2.0 2.0 3.9 3.9 0.0 0.0 0.0 0.0 0.0 0.0 2.0 2.0 2.0 3.8 3.8 0.0 0.0 0.0 0.0 0.0 13/05/2018
0.0 0.0 0.0 0.0 0.0 0.0 0.1 0.1 0.1 0.1 0.2 0.2 0.0 0.0 0.0 0.0 0.0 0.0 0.1 0.1 0.1 0.2 0.2 0.0 0.0 0.0 0.0 0.0 14/05/2018
0.0 0.1 0.1 0.1 0.1 0.1 0.0 0.0 0.0 0.0 0.1 0.1 0.0 0.0 0.1 0.1 0.1 0.1 0.0 0.0 0.0 0.1 0.1 0.0 0.0 0.0 0.0 0.0 15/05/2018
0.0 0.0 0.0 0.0 0.0 0.0 0.2 0.2 0.2 0.2 4.7 4.8 0.0 0.0 0.0 0.0 0.0 0.0 0.1 0.2 0.2 4.7 4.7 0.0 0.0 0.0 0.0 0.0 16/05/2018
0.0 0.0 0.0 0.0 0.0 0.0 0.0 0.0 0.0 0.0 0.0 0.0 0.0 0.0 0.0 0.0 0.0 0.0 0.0 0.0 0.0 0.0 0.0 0.0 0.0 0.0 0.0 0.0 17/05/2018
0.0 0.0 0.0 0.0 0.0 0.0 0.0 0.0 0.0 0.0 0.0 0.0 0.0 0.0 0.0 0.0 0.0 0.0 0.0 0.0 0.0 0.0 0.0 0.0 0.0 0.0 0.0 0.0 18/05/2018
0.0 0.1 0.1 0.1 0.1 0.1 0.0 0.0 0.0 0.0 0.0 0.0 0.0 0.0 0.1 0.1 0.1 0.1 0.0 0.0 0.0 0.0 0.0 0.0 0.0 0.0 0.0 0.0 19/05/2018
0.0 0.0 0.0 0.0 0.0 0.0 7.0 7.0 7.1 7.2 3.9 3.9 0.0 0.0 0.0 0.0 0.0 0.0 6.9 7.0 7.0 3.9 3.8 0.0 0.0 0.0 0.0 0.0 20/05/2018
0.2 0.6 0.6 0.6 0.6 0.6 0.0 0.0 0.0 0.0 0.0 0.0 0.2 0.2 0.6 0.6 0.6 0.6 0.0 0.0 0.0 0.0 0.0 0.0 0.2 0.2 0.2 0.2 21/05/2018
0.0 0.0 0.0 0.0 0.0 0.0 4.5 4.6 4.6 4.7 4.5 4.5 0.0 0.0 0.0 0.0 0.0 0.0 4.4 4.5 4.5 4.4 4.4 0.0 0.0 0.0 0.0 0.0 22/05/2018
0.0 0.1 0.1 0.1 0.1 0.1 9.6 9.7 9.8 9.9 12.7 12.7 0.0 0.0 0.1 0.1 0.1 0.1 9.4 9.6 9.7 12.4 12.3 0.0 0.0 0.0 0.0 0.0 23/05/2018
0.3 7.6 7.7 7.6 7.7 7.7 0.5 0.5 0.5 0.5 0.7 0.7 0.3 0.3 7.8 7.8 7.8 7.8 0.4 0.5 0.5 0.7 0.7 0.1 0.3 0.3 0.3 0.3 24/05/2018
0.6 3.5 3.5 3.5 3.5 3.5 0.1 0.1 0.1 0.1 0.0 0.0 0.6 0.6 3.5 3.5 3.5 3.5 0.1 0.1 0.1 0.0 0.0 0.5 0.6 0.6 0.6 0.6 25/05/2018
0.8 0.2 0.2 0.2 0.2 0.2 0.0 0.0 0.0 0.0 0.0 0.0 0.8 0.8 0.2 0.2 0.2 0.2 0.0 0.0 0.0 0.0 0.0 1.1 0.8 0.8 0.8 0.8 26/05/2018
1.6 1.2 1.2 1.2 1.2 1.2 8.1 8.2 8.3 8.4 21.4 21.5 1.6 1.6 1.2 1.2 1.2 1.2 8.0 8.1 8.2 21.0 20.8 0.0 1.6 1.6 1.6 1.6 27/05/2018
19.0 30.4 30.6 30.5 30.5 30.6 16.5 16.7 17.0 17.1 22.7 22.7 19.3 19.3 30.9 30.9 30.9 30.9 16.3 16.6 16.7 22.2 22.0 12.9 19.2 19.2 19.3 19.4 28/05/2018
1.9 0.1 0.1 0.1 0.1 0.1 0.2 0.2 0.2 0.2 0.6 0.6 2.0 2.0 0.2 0.2 0.2 0.2 0.2 0.2 0.2 0.6 0.6 0.3 1.9 1.9 2.0 2.0 29/05/2018
12.8 13.1 13.2 13.1 13.1 13.2 0.9 0.9 0.9 0.9 0.4 0.4 13.0 13.0 13.3 13.3 13.3 13.3 0.9 0.9 0.9 0.4 0.4 9.4 12.9 12.9 13.0 13.0 30/05/2018
3.3 6.5 6.5 6.5 6.5 6.5 14.2 14.4 14.6 14.7 2.0 2.0 3.3 3.3 6.6 6.6 6.6 6.6 14.0 14.2 14.3 1.9 1.9 1.6 3.3 3.3 3.3 3.4 31/05/2018
0.0 0.2 0.2 0.2 0.2 0.2 15.8 16.0 16.2 16.4 8.7 8.8 0.0 0.0 0.2 0.2 0.2 0.2 15.6 15.9 16.0 8.6 8.5 0.1 0.0 0.0 0.0 0.0 01/06/2018
0.0 0.1 0.1 0.1 0.1 0.1 0.2 0.2 0.2 0.2 0.1 0.1 0.0 0.0 0.1 0.1 0.1 0.1 0.2 0.2 0.2 0.1 0.1 0.0 0.0 0.0 0.0 0.0 02/06/2018
0.0 0.0 0.0 0.0 0.0 0.0 0.0 0.0 0.0 0.0 0.0 0.0 0.0 0.0 0.0 0.0 0.0 0.0 0.0 0.0 0.0 0.0 0.0 0.0 0.0 0.0 0.0 0.0 03/06/2018
10.0 2.2 2.2 2.2 2.2 2.2 0.3 0.3 0.3 0.3 0.0 0.0 10.1 10.1 2.2 2.2 2.2 2.2 0.3 0.3 0.3 0.0 0.0 9.9 10.1 10.1 10.2 10.2 04/06/2018
7.0 3.5 3.5 3.5 3.5 3.5 0.0 0.0 0.0 0.0 0.0 0.0 7.1 7.1 3.6 3.5 3.5 3.6 0.0 0.0 0.0 0.0 0.0 6.5 7.1 7.1 7.1 7.2 05/06/2018
8.1 5.1 5.1 5.1 5.1 5.1 0.9 0.9 0.9 0.9 6.7 6.8 8.2 8.2 5.2 5.1 5.1 5.2 0.8 0.9 0.9 6.6 6.5 3.0 8.2 8.2 8.2 8.3 06/06/2018
0.0 0.2 0.2 0.2 0.2 0.2 0.1 0.1 0.1 0.1 2.4 2.4 0.0 0.0 0.2 0.2 0.2 0.2 0.1 0.1 0.1 2.4 2.4 0.1 0.0 0.0 0.0 0.0 07/06/2018
0.0 0.0 0.0 0.0 0.0 0.0 0.0 0.0 0.0 0.0 0.2 0.2 0.0 0.0 0.0 0.0 0.0 0.0 0.0 0.0 0.0 0.2 0.2 0.0 0.0 0.0 0.0 0.0 08/06/2018
0.0 0.1 0.1 0.1 0.1 0.1 0.0 0.0 0.0 0.0 0.2 0.2 0.0 0.0 0.1 0.1 0.1 0.1 0.0 0.0 0.0 0.2 0.2 0.8 0.0 0.0 0.0 0.0 09/06/2018
0.0 0.0 0.0 0.0 0.0 0.0 0.0 0.0 0.0 0.0 1.1 1.1 0.0 0.0 0.0 0.0 0.0 0.0 0.0 0.0 0.0 1.0 0.9 0.3 0.0 0.0 0.0 0.0 10/06/2018
0.9 0.7 0.7 0.7 0.7 0.7 41.9 42.4 42.9 43.4 24.2 24.2 0.9 0.9 0.7 0.7 0.7 0.7 41.3 42.0 42.3 23.7 23.5 0.0 0.9 0.9 0.9 1.0 11/06/2018
0.0 0.0 0.0 0.0 0.0 0.0 4.6 4.7 4.7 4.8 3.6 3.6 0.0 0.0 0.0 0.0 0.0 0.0 4.6 4.6 4.7 3.5 3.5 0.0 0.0 0.0 0.0 0.0 12/06/2018
0.2 0.0 0.0 0.0 0.0 0.0 0.1 0.1 0.1 0.1 0.0 0.0 0.2 0.2 0.0 0.0 0.0 0.0 0.1 0.1 0.1 0.0 0.0 0.0 0.2 0.2 0.2 0.2 13/06/2018
0.7 0.6 0.6 0.6 0.6 0.6 0.7 0.7 0.7 0.7 0.9 0.9 0.7 0.7 0.6 0.6 0.6 0.6 0.7 0.7 0.7 0.9 0.9 0.7 0.7 0.7 0.7 0.7 14/06/2018
0.0 0.0 0.0 0.0 0.0 0.0 0.0 0.0 0.0 0.0 0.0 0.0 0.0 0.0 0.0 0.0 0.0 0.0 0.0 0.0 0.0 0.0 0.0 0.0 0.0 0.0 0.0 0.0 15/06/2018
0.0 0.0 0.0 0.0 0.0 0.0 0.0 0.0 0.0 0.0 0.2 0.2 0.0 0.0 0.0 0.0 0.0 0.0 0.0 0.0 0.0 0.2 0.2 0.0 0.0 0.0 0.0 0.0 16/06/2018
0.6 0.2 0.2 0.2 0.2 0.2 0.0 0.0 0.0 0.0 0.0 0.0 0.6 0.6 0.2 0.2 0.2 0.2 0.0 0.0 0.0 0.0 0.0 0.9 0.6 0.6 0.6 0.6 17/06/2018
0.8 0.6 0.6 0.6 0.6 0.6 0.6 0.6 0.6 0.6 0.2 0.2 0.8 0.8 0.6 0.6 0.6 0.6 0.6 0.6 0.6 0.2 0.2 0.6 0.8 0.8 0.8 0.8 18/06/2018
0.0 0.2 0.2 0.2 0.2 0.2 0.2 0.2 0.2 0.2 0.1 0.1 0.0 0.0 0.2 0.2 0.2 0.2 0.2 0.2 0.2 0.1 0.1 0.0 0.0 0.0 0.0 0.0 19/06/2018
0.0 0.1 0.1 0.1 0.1 0.1 0.0 0.0 0.0 0.0 0.0 0.0 0.0 0.0 0.1 0.1 0.1 0.1 0.0 0.0 0.0 0.0 0.0 0.0 0.0 0.0 0.0 0.0 20/06/2018
0.0 0.0 0.0 0.0 0.0 0.0 0.0 0.0 0.0 0.0 0.0 0.0 0.0 0.0 0.0 0.0 0.0 0.0 0.0 0.0 0.0 0.0 0.0 0.0 0.0 0.0 0.0 0.0 21/06/2018
0.0 0.0 0.0 0.0 0.0 0.0 0.0 0.0 0.0 0.0 0.0 0.0 0.0 0.0 0.0 0.0 0.0 0.0 0.0 0.0 0.0 0.0 0.0 0.0 0.0 0.0 0.0 0.0 22/06/2018
0.0 0.0 0.0 0.0 0.0 0.0 0.0 0.0 0.0 0.0 0.0 0.0 0.0 0.0 0.0 0.0 0.0 0.0 0.0 0.0 0.0 0.0 0.0 0.0 0.0 0.0 0.0 0.0 23/06/2018
0.0 0.0 0.0 0.0 0.0 0.0 0.0 0.0 0.0 0.0 0.0 0.0 0.0 0.0 0.0 0.0 0.0 0.0 0.0 0.0 0.0 0.0 0.0 0.0 0.0 0.0 0.0 0.0 24/06/2018
0.0 0.0 0.0 0.0 0.0 0.0 0.0 0.0 0.0 0.0 0.0 0.0 0.0 0.0 0.0 0.0 0.0 0.0 0.0 0.0 0.0 0.0 0.0 0.0 0.0 0.0 0.0 0.0 25/06/2018
0.0 0.0 0.0 0.0 0.0 0.0 0.0 0.0 0.0 0.0 0.0 0.0 0.0 0.0 0.0 0.0 0.0 0.0 0.0 0.0 0.0 0.0 0.0 0.0 0.0 0.0 0.0 0.0 26/06/2018
0.0 0.0 0.0 0.0 0.0 0.0 0.0 0.0 0.0 0.0 0.0 0.0 0.0 0.0 0.0 0.0 0.0 0.0 0.0 0.0 0.0 0.0 0.0 0.0 0.0 0.0 0.0 0.0 27/06/2018
0.0 0.0 0.0 0.0 0.0 0.0 0.0 0.0 0.0 0.0 0.0 0.0 0.0 0.0 0.0 0.0 0.0 0.0 0.0 0.0 0.0 0.0 0.0 0.0 0.0 0.0 0.0 0.0 28/06/2018
0.0 0.0 0.0 0.0 0.0 0.0 0.0 0.0 0.0 0.0 0.0 0.0 0.0 0.0 0.0 0.0 0.0 0.0 0.0 0.0 0.0 0.0 0.0 0.0 0.0 0.0 0.0 0.0 29/06/2018
0.0 0.0 0.0 0.0 0.0 0.0 0.0 0.0 0.0 0.0 0.0 0.0 0.0 0.0 0.0 0.0 0.0 0.0 0.0 0.0 0.0 0.0 0.0 0.0 0.0 0.0 0.0 0.0 30/06/2018
0.0 0.0 0.0 0.0 0.0 0.0 0.0 0.0 0.0 0.0 0.0 0.0 0.0 0.0 0.0 0.0 0.0 0.0 0.0 0.0 0.0 0.0 0.0 0.0 0.0 0.0 0.0 0.0 01/07/2018
0.0 0.0 0.0 0.0 0.0 0.0 0.0 0.0 0.0 0.0 0.0 0.0 0.0 0.0 0.0 0.0 0.0 0.0 0.0 0.0 0.0 0.0 0.0 0.0 0.0 0.0 0.0 0.0 02/07/2018
9.4 0.1 0.1 0.1 0.1 0.1 5.5 5.5 5.6 5.7 1.9 2.0 9.5 9.5 0.1 0.1 0.1 0.1 5.4 5.5 5.5 1.9 1.9 16.1 9.5 9.5 9.5 9.6 03/07/2018
0.0 0.0 0.0 0.0 0.0 0.0 7.0 7.1 7.2 7.3 5.6 5.7 0.0 0.0 0.0 0.0 0.0 0.0 6.9 7.0 7.1 5.5 5.5 0.2 0.0 0.0 0.0 0.0 04/07/2018
0.0 0.0 0.0 0.0 0.0 0.0 0.6 0.7 0.7 0.7 4.9 4.9 0.0 0.0 0.0 0.0 0.0 0.0 0.6 0.6 0.7 4.8 4.8 0.0 0.0 0.0 0.0 0.0 05/07/2018
0.0 0.1 0.1 0.1 0.1 0.1 0.0 0.0 0.0 0.0 0.0 0.0 0.0 0.0 0.1 0.1 0.1 0.1 0.0 0.0 0.0 0.0 0.0 0.0 0.0 0.0 0.0 0.0 06/07/2018
0.0 0.0 0.0 0.0 0.0 0.0 0.0 0.0 0.0 0.0 0.0 0.0 0.0 0.0 0.0 0.0 0.0 0.0 0.0 0.0 0.0 0.0 0.0 0.0 0.0 0.0 0.0 0.0 07/07/2018
0.0 0.0 0.0 0.0 0.0 0.0 0.0 0.0 0.0 0.0 0.0 0.0 0.0 0.0 0.0 0.0 0.0 0.0 0.0 0.0 0.0 0.0 0.0 0.0 0.0 0.0 0.0 0.0 08/07/2018
0.0 0.0 0.0 0.0 0.0 0.0 0.0 0.0 0.0 0.0 0.0 0.0 0.0 0.0 0.0 0.0 0.0 0.0 0.0 0.0 0.0 0.0 0.0 0.0 0.0 0.0 0.0 0.0 09/07/2018
0.0 0.1 0.1 0.1 0.1 0.1 0.2 0.2 0.2 0.2 0.2 0.2 0.0 0.0 0.1 0.1 0.1 0.1 0.2 0.2 0.2 0.2 0.2 0.0 0.0 0.0 0.0 0.0 10/07/2018
0.0 0.1 0.1 0.1 0.1 0.1 0.0 0.0 0.0 0.0 0.0 0.0 0.0 0.0 0.1 0.1 0.1 0.1 0.0 0.0 0.0 0.0 0.0 0.0 0.0 0.0 0.0 0.0 11/07/2018
0.0 0.0 0.0 0.0 0.0 0.0 0.0 0.0 0.0 0.0 0.0 0.0 0.0 0.0 0.0 0.0 0.0 0.0 0.0 0.0 0.0 0.0 0.0 0.0 0.0 0.0 0.0 0.0 12/07/2018
0.4 0.0 0.0 0.0 0.0 0.0 6.2 6.2 6.3 6.4 1.8 1.8 0.4 0.4 0.0 0.0 0.0 0.0 6.1 6.2 6.2 1.8 1.8 0.2 0.4 0.4 0.4 0.4 13/07/2018
0.0 0.0 0.0 0.0 0.0 0.0 0.0 0.0 0.0 0.0 0.0 0.0 0.0 0.0 0.0 0.0 0.0 0.0 0.0 0.0 0.0 0.0 0.0 0.0 0.0 0.0 0.0 0.0 14/07/2018
0.1 0.0 0.0 0.0 0.0 0.0 0.0 0.0 0.0 0.0 0.1 0.1 0.1 0.1 0.0 0.0 0.0 0.0 0.0 0.0 0.0 0.1 0.1 0.0 0.1 0.1 0.1 0.1 15/07/2018
0.0 0.0 0.0 0.0 0.0 0.0 1.3 1.3 1.3 1.3 0.1 0.1 0.0 0.0 0.0 0.0 0.0 0.0 1.3 1.3 1.3 0.1 0.1 0.0 0.0 0.0 0.0 0.0 16/07/2018
0.0 0.0 0.0 0.0 0.0 0.0 0.0 0.0 0.0 0.0 0.2 0.2 0.0 0.0 0.0 0.0 0.0 0.0 0.0 0.0 0.0 0.2 0.2 0.0 0.0 0.0 0.0 0.0 17/07/2018
0.0 0.0 0.0 0.0 0.0 0.0 0.0 0.0 0.0 0.0 0.0 0.0 0.0 0.0 0.0 0.0 0.0 0.0 0.0 0.0 0.0 0.0 0.0 0.0 0.0 0.0 0.0 0.0 18/07/2018
1.9 1.4 1.4 1.4 1.4 1.4 0.0 0.0 0.0 0.0 0.0 0.0 1.9 1.9 1.4 1.4 1.4 1.4 0.0 0.0 0.0 0.0 0.0 1.6 1.9 1.9 1.9 1.9 19/07/2018
13.6 7.3 7.3 7.3 7.3 7.3 1.5 1.5 1.6 1.6 0.9 0.9 13.8 13.8 7.4 7.4 7.4 7.4 1.5 1.5 1.5 0.9 0.9 9.1 13.7 13.7 13.8 13.9 20/07/2018
0.1 0.2 0.2 0.2 0.2 0.2 5.9 6.0 6.0 6.1 1.9 1.9 0.1 0.1 0.2 0.2 0.2 0.2 5.8 5.9 5.9 1.8 1.8 0.1 0.1 0.1 0.1 0.1 21/07/2018
0.0 0.0 0.0 0.0 0.0 0.0 0.0 0.0 0.0 0.0 0.0 0.0 0.0 0.0 0.0 0.0 0.0 0.0 0.0 0.0 0.0 0.0 0.0 0.1 0.0 0.0 0.0 0.0 22/07/2018
0.0 0.0 0.0 0.0 0.0 0.0 0.0 0.0 0.0 0.0 0.0 0.0 0.0 0.0 0.0 0.0 0.0 0.0 0.0 0.0 0.0 0.0 0.0 0.0 0.0 0.0 0.0 0.0 23/07/2018
0.0 0.2 0.2 0.2 0.2 0.2 0.0 0.0 0.0 0.0 0.0 0.0 0.0 0.0 0.2 0.2 0.2 0.2 0.0 0.0 0.0 0.0 0.0 0.0 0.0 0.0 0.0 0.0 24/07/2018
0.0 0.0 0.0 0.0 0.0 0.0 0.0 0.0 0.0 0.0 0.0 0.0 0.0 0.0 0.0 0.0 0.0 0.0 0.0 0.0 0.0 0.0 0.0 0.0 0.0 0.0 0.0 0.0 25/07/2018
0.0 0.0 0.0 0.0 0.0 0.0 0.0 0.0 0.0 0.0 0.0 0.0 0.0 0.0 0.0 0.0 0.0 0.0 0.0 0.0 0.0 0.0 0.0 0.0 0.0 0.0 0.0 0.0 26/07/2018
4.2 13.6 13.7 13.6 13.6 13.7 1.6 1.6 1.6 1.7 0.1 0.1 4.2 4.2 13.8 13.8 13.8 13.8 1.6 1.6 1.6 0.1 0.1 2.2 4.2 4.2 4.2 4.2 27/07/2018
0.4 0.1 0.1 0.1 0.1 0.1 0.0 0.0 0.0 0.0 0.0 0.0 0.4 0.4 0.1 0.1 0.1 0.1 0.0 0.0 0.0 0.0 0.0 0.5 0.4 0.4 0.4 0.4 28/07/2018
6.4 0.8 0.8 0.8 0.8 0.8 0.0 0.0 0.0 0.0 0.0 0.0 6.4 6.4 0.8 0.8 0.8 0.8 0.0 0.0 0.0 0.0 0.0 7.4 6.4 6.4 6.4 6.5 29/07/2018
1.3 1.2 1.2 1.2 1.2 1.2 0.0 0.0 0.0 0.0 0.0 0.0 1.3 1.3 1.2 1.2 1.2 1.2 0.0 0.0 0.0 0.0 0.0 0.3 1.3 1.3 1.3 1.3 30/07/2018
0.0 0.0 0.0 0.0 0.0 0.0 0.1 0.1 0.1 0.1 0.0 0.0 0.0 0.0 0.0 0.0 0.0 0.0 0.1 0.1 0.1 0.0 0.0 0.0 0.0 0.0 0.0 0.0 31/07/2018
