# 460 461 462 463 464 465 489 490 491 492 493 494 518 519 520 521 522 523 547 548 549 550 551 575 576 577 578 579 Date
0.0 0.2 0.2 0.2 0.2 0.2 0.0 0.0 0.0 0.0 0.0 0.0 0.0 0.0 0.2 0.2 0.2 0.2 0.0 0.0 0.0 0.0 0.0 0.0 0.0 0.0 0.0 0.0 01/08/2014
10.2 7.2 7.2 7.2 7.2 7.2 0.8 0.8 0.8 0.9 1.0 1.0 10.4 10.4 7.3 7.3 7.3 7.3 0.8 0.8 0.8 0.9 0.9 13.7 10.3 10.3 10.4 10.4 02/08/2014
0.3 0.2 0.2 0.2 0.2 0.2 1.3 1.3 1.3 1.3 2.9 2.9 0.3 0.3 0.2 0.2 0.2 0.2 1.3 1.3 1.3 2.8 2.8 0.2 0.3 0.3 0.3 0.3 03/08/2014
0.0 0.7 0.7 0.7 0.7 0.7 0.2 0.2 0.2 0.2 6.3 6.3 0.0 0.0 0.8 0.8 0.8 0.8 0.2 0.2 0.2 6.1 6.1 0.0 0.0 0.0 0.0 0.0 04/08/2014
8.1 3.4 3.4 3.4 3.4 3.4 0.0 0.0 0.0 0.0 0.0 0.0 8.1 8.1 3.5 3.5 3.5 3.5 0.0 0.0 0.0 0.0 0.0 9.3 8.1 8.1 8.2 8.2 05/08/2014
6.8 4.6 4.7 4.6 4.6 4.7 9.0 9.1 9.2 9.3 9.3 9.4 6.9 6.9 4.7 4.7 4.7 4.7 8.8 9.0 9.0 9.1 9.1 4.9 6.8 6.8 6.9 6.9 06/08/2014
8.4 3.8 3.9 3.8 3.8 3.9 0.3 0.3 0.3 0.3 2.5 2.5 8.5 8.5 3.9 3.9 3.9 3.9 0.2 0.3 0.3 2.5 2.4 10.2 8.4 8.4 8.5 8.5 07/08/2014
20.0 10.0 10.0 10.0 10.0 10.0 7.9 8.0 8.1 8.2 14.9 14.9 20.2 20.2 10.1 10.1 10.1 10.1 7.8 7.9 8.0 14.6 14.5 19.5 20.1 20.1 20.3 20.4 08/08/2014
6.9 2.4 2.4 2.4 2.4 2.4 0.0 0.0 0.0 0.0 0.0 0.0 7.0 7.0 2.4 2.4 2.4 2.4 0.0 0.0 0.0 0.0 0.0 8.3 7.0 7.0 7.0 7.1 09/08/2014
16.3 12.4 12.5 12.4 12.5 12.5 6.2 6.3 6.4 6.5 16.3 16.4 16.5 16.5 12.6 12.6 12.6 12.6 6.1 6.2 6.3 16.0 15.9 10.6 16.4 16.4 16.5 16.6 10/08/2014
1.1 2.4 2.5 2.4 2.5 2.5 2.3 2.3 2.3 2.4 0.9 0.9 1.1 1.1 2.5 2.5 2.5 2.5 2.3 2.3 2.3 0.9 0.9 3.0 1.1 1.1 1.1 1.1 11/08/2014
3.7 3.1 3.1 3.1 3.1 3.1 2.7 2.8 2.8 2.8 0.6 0.6 3.7 3.7 3.1 3.1 3.1 3.1 2.7 2.7 2.7 0.6 0.6 2.5 3.7 3.7 3.7 3.8 12/08/2014
1.4 1.1 1.1 1.1 1.1 1.1 0.1 0.1 0.1 0.1 1.9 2.0 1.4 1.4 1.1 1.1 1.1 1.1 0.1 0.1 0.1 1.9 1.9 2.2 1.4 1.4 1.4 1.4 13/08/2014
21.6 18.0 18.1 18.0 18.0 18.1 8.5 8.6 8.7 8.8 9.5 9.6 21.9 21.9 18.3 18.2 18.2 18.2 8.4 8.5 8.6 9.3 9.3 29.6 21.8 21.8 22.0 22.1 14/08/2014
0.0 1.4 1.4 1.4 1.4 1.4 6.4 6.5 6.5 6.6 3.6 3.6 0.0 0.0 1.5 1.4 1.4 1.5 6.3 6.4 6.4 3.5 3.5 0.0 0.0 0.0 0.0 0.0 15/08/2014
0.2 0.5 0.5 0.5 0.5 0.5 0.2 0.2 0.2 0.2 0.0 0.0 0.2 0.2 0.5 0.5 0.5 0.5 0.2 0.2 0.2 0.0 0.0 0.0 0.2 0.2 0.2 0.2 16/08/2014
5.0 4.4 4.4 4.4 4.4 4.4 0.7 0.7 0.7 0.7 1.0 1.0 5.1 5.1 4.4 4.4 4.4 4.4 0.6 0.7 0.7 1.0 1.0 2.3 5.0 5.0 5.1 5.1 17/08/2014
1.8 0.9 0.9 0.9 0.9 0.9 0.1 0.1 0.1 0.1 0.4 0.4 1.8 1.8 1.0 0.9 0.9 1.0 0.1 0.1 0.1 0.4 0.4 3.6 1.8 1.8 1.8 1.8 18/08/2014
8.7 1.2 1.2 1.2 1.2 1.2 0.1 0.1 0.1 0.1 0.2 0.2 8.8 8.8 1.2 1.2 1.2 1.2 0.1 0.1 0.1 0.2 0.2 10.9 8.8 8.8 8.8 8.9 19/08/2014
3.6 0.9 0.9 0.9 0.9 0.9 0.2 0.3 0.3 0.3 0.4 0.4 3.7 3.7 0.9 0.9 0.9 0.9 0.2 0.2 0.3 0.4 0.4 5.0 3.6 3.6 3.7 3.7 20/08/2014
0.2 0.1 0.1 0.1 0.1 0.1 0.0 0.0 0.0 0.0 0.0 0.0 0.2 0.2 0.1 0.1 0.1 0.1 0.0 0.0 0.0 0.0 0.0 0.0 0.2 0.2 0.2 0.2 21/08/2014
6.6 3.0 3.0 3.0 3.0 3.0 2.3 2.4 2.4 2.4 0.9 0.9 6.7 6.7 3.0 3.0 3.0 3.0 2.3 2.3 2.3 0.9 0.9 1.6 6.7 6.7 6.7 6.8 22/08/2014
1.2 0.7 0.7 0.7 0.7 0.7 1.5 1.5 1.5 1.5 2.6 2.6 1.2 1.2 0.7 0.7 0.7 0.7 1.5 1.5 1.5 2.5 2.5 0.5 1.2 1.2 1.2 1.2 23/08/2014
2.2 1.4 1.4 1.4 1.4 1.4 0.0 0.0 0.0 0.0 0.0 0.0 2.2 2.2 1.4 1.4 1.4 1.4 0.0 0.0 0.0 0.0 0.0 1.0 2.2 2.2 2.2 2.2 24/08/2014
30.7 36.5 36.7 36.5 36.6 36.8 24.9 25.2 25.5 25.8 25.2 25.3 31.1 31.1 37.1 37.1 37.0 37.1 24.5 25.0 25.1 24.7 24.5 25.6 31.0 31.0 31.2 31.3 25/08/2014
3.5 4.1 4.2 4.1 4.1 4.2 9.8 9.9 10.0 10.1 10.4 10.4 3.5 3.5 4.2 4.2 4.2 4.2 9.6 9.8 9.8 10.2 10.1 4.8 3.5 3.5 3.5 3.5 26/08/2014
2.2 0.6 0.6 0.6 0.6 0.6 0.1 0.1 0.1 0.1 0.2 0.2 2.2 2.2 0.6 0.6 0.6 0.6 0.1 0.1 0.1 0.1 0.1 2.4 2.2 2.2 2.2 2.2 27/08/2014
1.5 3.1 3.1 3.1 3.1 3.1 2.8 2.9 2.9 2.9 2.1 2.2 1.5 1.5 3.1 3.1 3.1 3.1 2.8 2.8 2.9 2.1 2.1 1.2 1.5 1.5 1.5 1.5 28/08/2014
0.0 0.2 0.2 0.2 0.2 0.2 0.1 0.1 0.1 0.1 0.1 0.1 0.0 0.0 0.2 0.2 0.2 0.2 0.1 0.1 0.1 0.1 0.1 0.0 0.0 0.0 0.0 0.0 29/08/2014
1.8 1.6 1.6 1.6 1.6 1.6 1.1 1.1 1.1 1.1 0.5 0.5 1.9 1.9 1.6 1.6 1.6 1.6 1.1 1.1 1.1 0.5 0.5 0.8 1.9 1.9 1.9 1.9 30/08/2014
0.0 0.3 0.3 0.3 0.3 0.3 1.0 1.0 1.0 1.0 2.4 2.4 0.0 0.0 0.3 0.3 0.3 0.3 1.0 1.0 1.0 2.3 2.3 0.0 0.0 0.0 0.0 0.0 31/08/2014
1.2 1.5 1.5 1.5 1.5 1.5 0.1 0.1 0.1 0.1 0.1 0.1 1.2 1.2 1.5 1.5 1.5 1.5 0.1 0.1 0.1 0.1 0.1 0.9 1.2 1.2 1.2 1.2 01/09/2014
0.3 0.5 0.5 0.5 0.5 0.5 0.0 0.0 0.0 0.0 0.0 0.0 0.3 0.3 0.5 0.5 0.5 0.5 0.0 0.0 0.0 0.0 0.0 0.0 0.3 0.3 0.3 0.3 02/09/2014
0.0 0.2 0.2 0.2 0.2 0.2 0.0 0.0 0.0 0.0 0.1 0.1 0.0 0.0 0.2 0.2 0.2 0.2 0.0 0.0 0.0 0.1 0.1 0.0 0.0 0.0 0.0 0.0 03/09/2014
0.0 0.1 0.1 0.1 0.1 0.1 0.0 0.0 0.0 0.0 0.0 0.0 0.0 0.0 0.1 0.1 0.1 0.1 0.0 0.0 0.0 0.0 0.0 0.0 0.0 0.0 0.0 0.0 04/09/2014
0.0 0.0 0.0 0.0 0.0 0.0 0.0 0.0 0.0 0.0 0.0 0.0 0.0 0.0 0.0 0.0 0.0 0.0 0.0 0.0 0.0 0.0 0.0 0.0 0.0 0.0 0.0 0.0 05/09/2014
0.1 0.2 0.2 0.2 0.2 0.2 0.0 0.0 0.0 0.0 0.0 0.0 0.1 0.1 0.2 0.2 0.2 0.2 0.0 0.0 0.0 0.0 0.0 0.1 0.1 0.1 0.1 0.1 06/09/2014
0.1 0.2 0.2 0.2 0.2 0.2 0.0 0.0 0.0 0.0 0.0 0.0 0.1 0.1 0.2 0.2 0.2 0.2 0.0 0.0 0.0 0.0 0.0 0.0 0.1 0.1 0.1 0.1 07/09/2014
0.0 0.2 0.2 0.2 0.2 0.2 0.0 0.0 0.0 0.0 0.0 0.0 0.0 0.0 0.2 0.2 0.2 0.2 0.0 0.0 0.0 0.0 0.0 0.0 0.0 0.0 0.0 0.0 08/09/2014
0.0 0.2 0.2 0.2 0.2 0.2 0.0 0.0 0.0 0.0 0.1 0.1 0.0 0.0 0.2 0.2 0.2 0.2 0.0 0.0 0.0 0.1 0.1 0.0 0.0 0.0 0.0 0.0 09/09/2014
0.0 0.2 0.2 0.2 0.2 0.2 0.0 0.0 0.0 0.0 0.0 0.0 0.0 0.0 0.2 0.2 0.2 0.2 0.0 0.0 0.0 0.0 0.0 0.0 0.0 0.0 0.0 0.0 10/09/2014
0.0 0.2 0.2 0.2 0.2 0.2 0.0 0.0 0.0 0.0 0.1 0.1 0.0 0.0 0.2 0.2 0.2 0.2 0.0 0.0 0.0 0.1 0.1 0.0 0.0 0.0 0.0 0.0 11/09/2014
0.0 0.2 0.2 0.2 0.2 0.2 0.0 0.0 0.0 0.0 0.0 0.0 0.0 0.0 0.2 0.2 0.2 0.2 0.0 0.0 0.0 0.0 0.0 0.0 0.0 0.0 0.0 0.0 12/09/2014
0.1 0.1 0.1 0.1 0.1 0.1 0.0 0.0 0.0 0.0 0.0 0.0 0.1 0.1 0.1 0.1 0.1 0.1 0.0 0.0 0.0 0.0 0.0 0.1 0.1 0.1 0.1 0.1 13/09/2014
0.0 0.1 0.1 0.1 0.1 0.1 0.0 0.0 0.0 0.0 0.1 0.1 0.0 0.0 0.1 0.1 0.1 0.1 0.0 0.0 0.0 0.1 0.1 0.0 0.0 0.0 0.0 0.0 14/09/2014
0.0 0.2 0.2 0.2 0.2 0.2 0.0 0.0 0.0 0.0 0.1 0.1 0.0 0.0 0.2 0.2 0.2 0.2 0.0 0.0 0.0 0.1 0.1 0.0 0.0 0.0 0.0 0.0 15/09/2014
0.0 0.0 0.0 0.0 0.0 0.0 0.0 0.0 0.0 0.0 0.0 0.0 0.0 0.0 0.0 0.0 0.0 0.0 0.0 0.0 0.0 0.0 0.0 0.0 0.0 0.0 0.0 0.0 16/09/2014
0.0 0.0 0.0 0.0 0.0 0.0 0.2 0.2 0.2 0.2 2.0 2.0 0.0 0.0 0.0 0.0 0.0 0.0 0.2 0.2 0.2 1.9 1.9 0.0 0.0 0.0 0.0 0.0 17/09/2014
0.8 0.1 0.1 0.1 0.1 0.1 0.6 0.6 0.6 0.7 3.1 3.1 0.9 0.9 0.1 0.1 0.1 0.1 0.6 0.6 0.6 3.0 3.0 0.0 0.8 0.8 0.9 0.9 18/09/2014
0.4 0.1 0.1 0.1 0.1 0.1 0.0 0.0 0.0 0.0 0.2 0.2 0.4 0.4 0.1 0.1 0.1 0.1 0.0 0.0 0.0 0.2 0.2 0.0 0.4 0.4 0.4 0.4 19/09/2014
16.2 12.4 12.4 12.4 12.4 12.4 10.1 10.3 10.4 10.5 4.4 4.5 16.4 16.4 12.5 12.5 12.5 12.5 10.0 10.2 10.2 4.4 4.3 16.7 16.3 16.3 16.4 16.5 20/09/2014
0.2 0.3 0.3 0.3 0.3 0.3 2.2 2.2 2.2 2.3 2.3 2.3 0.2 0.2 0.3 0.3 0.3 0.3 2.2 2.2 2.2 2.3 2.3 0.2 0.2 0.2 0.2 0.2 21/09/2014
0.0 0.2 0.2 0.2 0.2 0.2 0.0 0.0 0.0 0.0 0.2 0.2 0.0 0.0 0.2 0.2 0.2 0.2 0.0 0.0 0.0 0.2 0.2 0.0 0.0 0.0 0.0 0.0 22/09/2014
0.0 0.2 0.2 0.2 0.2 0.2 0.0 0.0 0.0 0.0 0.1 0.1 0.0 0.0 0.2 0.2 0.2 0.2 0.0 0.0 0.0 0.1 0.1 0.0 0.0 0.0 0.0 0.0 23/09/2014
1.7 5.2 5.3 5.2 5.3 5.3 9.1 9.3 9.4 9.4 9.9 9.9 1.7 1.7 5.3 5.3 5.3 5.3 9.0 9.2 9.2 9.7 9.6 1.0 1.7 1.7 1.7 1.7 24/09/2014
0.0 0.2 0.2 0.2 0.2 0.2 0.1 0.1 0.1 0.1 0.2 0.2 0.0 0.0 0.2 0.2 0.2 0.2 0.1 0.1 0.1 0.2 0.2 0.0 0.0 0.0 0.0 0.0 25/09/2014
0.0 0.1 0.1 0.1 0.1 0.1 0.0 0.0 0.0 0.0 0.0 0.0 0.0 0.0 0.1 0.1 0.1 0.1 0.0 0.0 0.0 0.0 0.0 0.0 0.0 0.0 0.0 0.0 26/09/2014
0.0 0.1 0.1 0.1 0.1 0.1 0.0 0.0 0.0 0.0 0.0 0.0 0.0 0.0 0.1 0.1 0.1 0.1 0.0 0.0 0.0 0.0 0.0 0.0 0.0 0.0 0.0 0.0 27/09/2014
0.0 0.5 0.5 0.5 0.5 0.5 0.0 0.0 0.0 0.0 0.1 0.1 0.0 0.0 0.5 0.5 0.5 0.5 0.0 0.0 0.0 0.1 0.1 0.0 0.0 0.0 0.0 0.0 28/09/2014
0.2 3.0 3.0 3.0 3.0 3.0 2.2 2.2 2.3 2.3 1.7 1.7 0.2 0.2 3.1 3.1 3.1 3.1 2.2 2.2 2.2 1.7 1.7 0.2 0.2 0.2 0.2 0.2 29/09/2014
0.0 0.3 0.3 0.3 0.3 0.3 0.5 0.5 0.5 0.5 0.1 0.1 0.0 0.0 0.3 0.3 0.3 0.3 0.5 0.5 0.5 0.1 0.1 0.3 0.0 0.0 0.0 0.0 30/09/2014
0.6 1.2 1.2 1.2 1.2 1.2 0.6 0.6 0.6 0.6 0.7 0.7 0.6 0.6 1.2 1.2 1.2 1.2 0.6 0.6 0.6 0.7 0.7 1.2 0.6 0.6 0.6 0.6 01/10/2014
0.0 0.1 0.1 0.1 0.1 0.1 0.0 0.0 0.0 0.0 0.2 0.2 0.0 0.0 0.1 0.1 0.1 0.1 0.0 0.0 0.0 0.2 0.2 0.1 0.0 0.0 0.0 0.0 02/10/2014
0.0 0.1 0.1 0.1 0.1 0.1 0.0 0.0 0.0 0.0 0.2 0.2 0.0 0.0 0.1 0.1 0.1 0.1 0.0 0.0 0.0 0.2 0.2 0.0 0.0 0.0 0.0 0.0 03/10/2014
3.3 3.0 3.0 3.0 3.0 3.0 11.0 11.2 11.3 11.4 8.8 8.8 3.3 3.3 3.0 3.0 3.0 3.0 10.9 11.0 11.1 8.6 8.5 6.1 3.3 3.3 3.3 3.3 04/10/2014
0.0 0.1 0.1 0.1 0.1 0.1 1.7 1.8 1.8 1.8 2.0 2.0 0.0 0.0 0.1 0.1 0.1 0.1 1.7 1.7 1.8 2.0 2.0 0.0 0.0 0.0 0.0 0.0 05/10/2014
10.7 10.8 10.9 10.8 10.8 10.9 12.4 12.5 12.7 12.8 18.8 18.9 10.8 10.8 11.0 11.0 10.9 11.0 12.2 12.4 12.5 18.4 18.3 9.0 10.8 10.8 10.9 10.9 06/10/2014
3.5 2.7 2.7 2.7 2.7 2.7 1.3 1.4 1.4 1.4 3.2 3.3 3.6 3.6 2.8 2.8 2.8 2.8 1.3 1.3 1.4 3.2 3.2 1.2 3.6 3.6 3.6 3.6 07/10/2014
3.8 7.0 7.0 7.0 7.0 7.0 20.2 20.5 20.7 20.9 25.8 25.9 3.8 3.8 7.1 7.1 7.1 7.1 19.9 20.3 20.4 25.3 25.1 3.5 3.8 3.8 3.8 3.8 08/10/2014
0.0 0.1 0.1 0.1 0.1 0.1 3.2 3.3 3.3 3.3 1.8 1.8 0.0 0.0 0.1 0.1 0.1 0.1 3.2 3.2 3.3 1.7 1.7 0.0 0.0 0.0 0.0 0.0 09/10/2014
4.3 3.9 3.9 3.9 3.9 3.9 0.4 0.4 0.4 0.4 2.6 2.6 4.3 4.3 3.9 3.9 3.9 3.9 0.4 0.4 0.4 2.5 2.5 2.3 4.3 4.3 4.3 4.3 10/10/2014
0.0 0.2 0.2 0.2 0.2 0.2 0.8 0.9 0.9 0.9 1.1 1.1 0.0 0.0 0.2 0.2 0.2 0.2 0.8 0.8 0.8 1.0 1.0 0.0 0.0 0.0 0.0 0.0 11/10/2014
11.6 15.8 15.9 15.8 15.8 15.9 10.0 10.2 10.3 10.4 5.3 5.3 11.7 11.7 16.0 16.0 16.0 16.0 9.9 10.1 10.1 5.1 5.1 8.6 11.6 11.6 11.7 11.8 12/10/2014
1.1 0.2 0.2 0.2 0.2 0.2 0.0 0.0 0.0 0.0 0.2 0.2 1.1 1.1 0.2 0.2 0.2 0.2 0.0 0.0 0.0 0.2 0.2 1.5 1.1 1.1 1.1 1.2 13/10/2014
0.3 0.1 0.1 0.1 0.1 0.1 0.0 0.0 0.0 0.0 0.1 0.1 0.3 0.3 0.1 0.1 0.1 0.1 0.0 0.0 0.0 0.1 0.1 0.3 0.3 0.3 0.3 0.3 14/10/2014
7.3 4.4 4.4 4.4 4.4 4.4 4.6 4.6 4.7 4.7 5.0 5.0 7.4 7.4 4.4 4.4 4.4 4.4 4.5 4.6 4.6 4.9 4.8 9.7 7.3 7.3 7.4 7.4 15/10/2014
10.9 12.5 12.6 12.5 12.5 12.6 17.6 17.8 18.0 18.2 11.2 11.2 11.0 11.0 12.7 12.7 12.7 12.7 17.3 17.6 17.8 11.0 10.9 8.7 10.9 10.9 11.0 11.1 16/10/2014
0.0 0.2 0.2 0.2 0.2 0.2 0.1 0.1 0.1 0.1 0.2 0.2 0.0 0.0 0.2 0.2 0.2 0.2 0.1 0.1 0.1 0.2 0.2 0.0 0.0 0.0 0.0 0.0 17/10/2014
0.0 0.2 0.2 0.2 0.2 0.2 0.1 0.1 0.1 0.1 0.2 0.2 0.0 0.0 0.2 0.2 0.2 0.2 0.1 0.1 0.1 0.2 0.2 0.0 0.0 0.0 0.0 0.0 18/10/2014
0.0 0.2 0.2 0.2 0.2 0.2 0.2 0.2 0.2 0.2 0.1 0.1 0.0 0.0 0.2 0.2 0.2 0.2 0.2 0.2 0.2 0.1 0.1 0.0 0.0 0.0 0.0 0.0 19/10/2014
0.1 0.2 0.2 0.2 0.2 0.2 0.0 0.0 0.0 0.0 0.1 0.1 0.1 0.1 0.2 0.2 0.2 0.2 0.0 0.0 0.0 0.1 0.1 0.0 0.1 0.1 0.1 0.1 20/10/2014
6.2 4.7 4.7 4.7 4.7 4.7 5.8 5.8 5.9 6.0 3.8 3.8 6.3 6.3 4.7 4.7 4.7 4.7 5.7 5.8 5.8 3.7 3.7 2.6 6.2 6.2 6.3 6.3 21/10/2014
0.0 0.2 0.2 0.2 0.2 0.2 0.2 0.2 0.2 0.2 0.1 0.1 0.0 0.0 0.2 0.2 0.2 0.2 0.2 0.2 0.2 0.1 0.1 0.0 0.0 0.0 0.0 0.0 22/10/2014
1.4 0.6 0.6 0.6 0.6 0.6 0.2 0.2 0.2 0.2 0.3 0.3 1.4 1.4 0.6 0.6 0.6 0.6 0.2 0.2 0.2 0.3 0.3 1.8 1.4 1.4 1.4 1.4 23/10/2014
7.7 4.5 4.5 4.5 4.5 4.5 5.3 5.3 5.4 5.4 2.1 2.1 7.8 7.8 4.5 4.5 4.5 4.5 5.2 5.3 5.3 2.1 2.1 5.0 7.8 7.8 7.8 7.9 24/10/2014
0.1 0.2 0.2 0.2 0.2 0.2 3.3 3.3 3.3 3.4 1.8 1.8 0.1 0.1 0.3 0.3 0.3 0.3 3.2 3.3 3.3 1.8 1.8 0.0 0.1 0.1 0.1 0.1 25/10/2014
0.0 0.2 0.2 0.2 0.2 0.2 0.0 0.0 0.0 0.0 0.2 0.2 0.0 0.0 0.2 0.2 0.2 0.2 0.0 0.0 0.0 0.2 0.2 0.0 0.0 0.0 0.0 0.0 26/10/2014
0.1 0.2 0.2 0.2 0.2 0.2 0.0 0.0 0.0 0.0 0.0 0.0 0.1 0.1 0.2 0.2 0.2 0.2 0.0 0.0 0.0 0.0 0.0 0.0 0.1 0.1 0.1 0.1 27/10/2014
0.2 0.0 0.0 0.0 0.0 0.0 0.1 0.1 0.1 0.1 0.1 0.1 0.2 0.2 0.0 0.0 0.0 0.0 0.1 0.1 0.1 0.1 0.1 0.1 0.2 0.2 0.2 0.2 28/10/2014
1.5 1.0 1.0 1.0 1.0 1.0 0.0 0.0 0.0 0.0 0.2 0.2 1.5 1.5 1.0 1.0 1.0 1.0 0.0 0.0 0.0 0.2 0.2 1.0 1.5 1.5 1.5 1.5 29/10/2014
0.0 0.1 0.1 0.1 0.1 0.1 0.0 0.0 0.0 0.0 0.0 0.0 0.0 0.0 0.1 0.1 0.1 0.1 0.0 0.0 0.0 0.0 0.0 0.2 0.0 0.0 0.0 0.0 30/10/2014
0.0 0.1 0.1 0.1 0.1 0.1 0.0 0.0 0.0 0.0 0.2 0.2 0.0 0.0 0.1 0.1 0.1 0.1 0.0 0.0 0.0 0.2 0.2 0.0 0.0 0.0 0.0 0.0 31/10/2014
0.0 0.4 0.4 0.4 0.4 0.4 0.0 0.0 0.0 0.0 0.0 0.0 0.0 0.0 0.4 0.4 0.4 0.4 0.0 0.0 0.0 0.0 0.0 0.0 0.0 0.0 0.0 0.0 01/11/2014
13.1 6.2 6.2 6.2 6.2 6.2 2.0 2.1 2.1 2.1 3.5 3.5 13.3 13.3 6.3 6.3 6.3 6.3 2.0 2.0 2.0 3.5 3.4 9.2 13.2 13.2 13.3 13.4 02/11/2014
10.2 12.5 12.6 12.5 12.5 12.6 13.0 13.2 13.4 13.5 16.0 16.0 10.3 10.3 12.7 12.7 12.7 12.7 12.9 13.1 13.2 15.6 15.5 6.5 10.3 10.3 10.4 10.4 03/11/2014
6.3 2.3 2.4 2.3 2.3 2.4 0.1 0.1 0.1 0.1 0.6 0.6 6.4 6.4 2.4 2.4 2.4 2.4 0.1 0.1 0.1 0.5 0.5 3.6 6.3 6.3 6.4 6.4 04/11/2014
1.2 6.8 6.9 6.8 6.9 6.9 1.0 1.0 1.0 1.0 0.1 0.1 1.2 1.2 7.0 6.9 6.9 7.0 1.0 1.0 1.0 0.1 0.1 0.5 1.2 1.2 1.2 1.2 05/11/2014
2.7 2.2 2.2 2.2 2.2 2.2 0.0 0.0 0.0 0.0 0.2 0.2 2.7 2.7 2.2 2.2 2.2 2.2 0.0 0.0 0.0 0.2 0.2 1.0 2.7 2.7 2.7 2.7 06/11/2014
1.3 1.5 1.5 1.5 1.5 1.5 3.0 3.1 3.1 3.1 5.4 5.4 1.3 1.3 1.5 1.5 1.5 1.5 3.0 3.0 3.1 5.3 5.3 1.2 1.3 1.3 1.3 1.3 07/11/2014
1.8 0.7 0.7 0.7 0.7 0.7 0.0 0.0 0.0 0.0 0.2 0.2 1.8 1.8 0.8 0.8 0.8 0.8 0.0 0.0 0.0 0.2 0.2 4.7 1.8 1.8 1.8 1.8 08/11/2014
0.7 2.2 2.2 2.2 2.2 2.2 0.2 0.2 0.3 0.3 2.1 2.1 0.7 0.7 2.2 2.2 2.2 2.2 0.2 0.2 0.2 2.1 2.1 2.8 0.7 0.7 0.7 0.7 09/11/2014
0.0 0.2 0.2 0.2 0.2 0.2 0.1 0.1 0.1 0.1 0.2 0.2 0.0 0.0 0.2 0.2 0.2 0.2 0.1 0.1 0.1 0.2 0.2 0.0 0.0 0.0 0.0 0.0 10/11/2014
0.9 0.3 0.3 0.3 0.3 0.3 0.1 0.1 0.1 0.1 0.2 0.2 0.9 0.9 0.3 0.3 0.3 0.3 0.1 0.1 0.1 0.2 0.1 1.7 0.9 0.9 0.9 0.9 11/11/2014
0.0 0.2 0.2 0.2 0.2 0.2 0.8 0.8 0.8 0.8 0.6 0.6 0.0 0.0 0.2 0.2 0.2 0.2 0.8 0.8 0.8 0.5 0.5 0.0 0.0 0.0 0.0 0.0 12/11/2014
1.4 0.2 0.2 0.2 0.2 0.2 0.0 0.0 0.0 0.0 0.2 0.2 1.4 1.4 0.2 0.2 0.2 0.2 0.0 0.0 0.0 0.2 0.2 1.2 1.4 1.4 1.4 1.4 13/11/2014
1.6 1.1 1.1 1.1 1.1 1.1 18.9 19.1 19.4 19.6 16.6 16.7 1.6 1.6 1.1 1.1 1.1 1.1 18.6 18.9 19.1 16.3 16.1 1.6 1.6 1.6 1.6 1.6 14/11/2014
0.1 0.4 0.4 0.4 0.4 0.4 3.2 3.3 3.3 3.3 2.2 2.2 0.1 0.1 0.4 0.4 0.4 0.4 3.2 3.2 3.2 2.2 2.1 0.0 0.1 0.1 0.1 0.1 15/11/2014
4.3 1.1 1.1 1.1 1.1 1.1 3.8 3.8 3.9 3.9 3.0 3.0 4.4 4.4 1.1 1.1 1.1 1.1 3.7 3.8 3.8 2.9 2.9 10.3 4.4 4.4 4.4 4.4 16/11/2014
2.4 4.7 4.8 4.7 4.8 4.8 0.6 0.6 0.6 0.6 1.8 1.9 2.4 2.4 4.8 4.8 4.8 4.8 0.6 0.6 0.6 1.8 1.8 2.9 2.4 2.4 2.4 2.4 17/11/2014
0.1 0.3 0.3 0.3 0.3 0.3 0.1 0.1 0.1 0.1 0.2 0.2 0.1 0.1 0.3 0.3 0.3 0.3 0.1 0.1 0.1 0.2 0.2 0.2 0.1 0.1 0.1 0.1 18/11/2014
0.1 0.1 0.1 0.1 0.1 0.1 0.0 0.0 0.0 0.0 0.1 0.1 0.1 0.1 0.1 0.1 0.1 0.1 0.0 0.0 0.0 0.1 0.1 0.0 0.1 0.1 0.1 0.1 19/11/2014
0.0 0.0 0.0 0.0 0.0 0.0 0.0 0.0 0.0 0.0 0.1 0.1 0.0 0.0 0.0 0.0 0.0 0.0 0.0 0.0 0.0 0.1 0.1 0.0 0.0 0.0 0.0 0.0 20/11/2014
0.0 0.0 0.0 0.0 0.0 0.0 0.0 0.0 0.0 0.0 0.2 0.2 0.0 0.0 0.0 0.0 0.0 0.0 0.0 0.0 0.0 0.2 0.2 0.0 0.0 0.0 0.0 0.0 21/11/2014
0.0 0.3 0.3 0.3 0.3 0.3 0.1 0.1 0.1 0.1 0.2 0.2 0.0 0.0 0.3 0.3 0.3 0.3 0.1 0.1 0.1 0.2 0.2 0.0 0.0 0.0 0.0 0.0 22/11/2014
1.1 0.4 0.4 0.4 0.4 0.4 0.2 0.2 0.2 0.2 0.0 0.0 1.1 1.1 0.4 0.4 0.4 0.4 0.1 0.2 0.2 0.0 0.0 1.9 1.1 1.1 1.1 1.1 23/11/2014
3.4 0.3 0.3 0.3 0.3 0.3 0.0 0.0 0.0 0.0 0.0 0.0 3.4 3.4 0.3 0.3 0.3 0.3 0.0 0.0 0.0 0.0 0.0 3.4 3.4 3.4 3.4 3.4 24/11/2014
4.1 9.3 9.4 9.3 9.3 9.4 1.9 1.9 1.9 1.9 2.5 2.5 4.1 4.1 9.5 9.5 9.5 9.5 1.8 1.9 1.9 2.5 2.5 8.5 4.1 4.1 4.1 4.1 25/11/2014
0.5 1.0 1.0 1.0 1.0 1.0 1.9 1.9 1.9 1.9 4.0 4.0 0.5 0.5 1.0 1.0 1.0 1.0 1.9 1.9 1.9 3.9 3.9 0.6 0.5 0.5 0.5 0.5 26/11/2014
0.0 0.2 0.2 0.2 0.2 0.2 1.6 1.6 1.6 1.6 2.7 2.7 0.0 0.0 0.2 0.2 0.2 0.2 1.6 1.6 1.6 2.6 2.6 0.0 0.0 0.0 0.0 0.0 27/11/2014
0.2 0.1 0.1 0.1 0.1 0.1 0.0 0.0 0.0 0.0 0.0 0.0 0.2 0.2 0.1 0.1 0.1 0.1 0.0 0.0 0.0 0.0 0.0 0.0 0.2 0.2 0.2 0.2 28/11/2014
0.0 0.1 0.1 0.1 0.1 0.1 0.0 0.0 0.0 0.0 0.0 0.0 0.0 0.0 0.1 0.1 0.1 0.1 0.0 0.0 0.0 0.0 0.0 0.0 0.0 0.0 0.0 0.0 29/11/2014
0.1 0.5 0.5 0.5 0.5 0.5 0.8 0.8 0.8 0.8 1.1 1.1 0.1 0.1 0.5 0.5 0.5 0.5 0.8 0.8 0.8 1.1 1.0 0.0 0.1 0.1 0.1 0.1 30/11/2014
0.5 0.9 0.9 0.9 0.9 0.9 0.6 0.6 0.6 0.7 0.6 0.6 0.5 0.5 0.9 0.9 0.9 0.9 0.6 0.6 0.6 0.6 0.6 0.0 0.5 0.5 0.5 0.5 01/12/2014
3.1 2.2 2.2 2.2 2.2 2.2 1.2 1.0 0.8 0.7 0.4 0.4 3.2 3.2 2.2 2.2 2.2 2.2 1.4 1.1 1.0 0.6 0.7 6.1 3.1 3.1 3.2 3.2 02/12/2014
0.1 0.1 0.1 0.1 0.1 0.1 0.5 0.5 0.4 0.3 0.0 0.0 0.1 0.1 0.1 0.1 0.1 0.1 0.6 0.5 0.5 0.1 0.1 0.0 0.1 0.1 0.1 0.1 03/12/2014
0.0 0.2 0.1 0.2 0.2 0.1 0.2 0.2 0.1 0.1 0.0 0.0 0.0 0.0 0.1 0.1 0.1 0.1 0.2 0.2 0.2 0.0 0.0 0.0 0.0 0.0 0.0 0.0 04/12/2014
2.0 2.3 2.3 2.3 2.3 2.3 0.3 0.3 0.3 0.3 0.1 0.1 2.0 2.0 2.4 2.4 2.4 2.4 0.3 0.3 0.3 0.1 0.1 3.0 2.0 2.0 2.0 2.0 05/12/2014
0.2 0.3 0.3 0.3 0.3 0.3 0.2 0.2 0.2 0.2 0.1 0.1 0.2 0.2 0.3 0.3 0.3 0.3 0.2 0.2 0.2 0.1 0.1 0.0 0.2 0.2 0.2 0.2 06/12/2014
7.0 2.9 2.9 2.9 2.9 2.9 3.7 3.8 3.8 3.9 3.5 3.5 7.1 7.1 2.9 2.9 2.9 2.9 3.7 3.8 3.8 3.4 3.4 2.2 7.0 7.0 7.1 7.1 07/12/2014
5.3 5.6 5.6 5.6 5.6 5.6 4.7 4.7 4.7 4.7 3.3 3.3 5.3 5.3 5.7 5.7 5.7 5.7 4.7 4.7 4.7 3.3 3.3 5.6 5.3 5.3 5.4 5.4 08/12/2014
3.1 3.0 3.0 3.0 3.0 3.0 6.0 6.1 6.1 6.2 5.9 5.9 3.1 3.1 3.1 3.1 3.1 3.1 5.9 6.0 6.0 5.8 5.7 1.9 3.1 3.1 3.1 3.2 09/12/2014
17.5 10.7 10.8 10.7 10.8 10.8 3.4 3.5 3.5 3.5 4.8 4.8 17.7 17.7 10.9 10.9 10.9 10.9 3.4 3.4 3.4 4.7 4.7 4.6 17.6 17.6 17.8 17.8 10/12/2014
9.0 10.9 11.0 10.9 10.9 11.0 6.6 6.7 6.8 6.9 6.9 6.9 9.1 9.1 11.1 11.0 11.0 11.1 6.6 6.7 6.7 6.8 6.8 5.0 9.0 9.0 9.1 9.1 11/12/2014
19.8 19.5 19.6 19.5 19.6 19.7 20.7 20.9 21.2 21.4 25.1 25.2 20.1 20.1 19.9 19.8 19.8 19.8 20.4 20.7 20.8 24.6 24.4 11.3 20.0 20.0 20.1 20.2 12/12/2014
0.2 2.0 2.0 2.0 2.0 2.0 4.6 4.2 3.8 3.5 8.2 8.2 0.2 0.2 2.0 2.0 2.0 2.0 5.1 4.5 4.3 8.0 8.0 0.0 0.2 0.2 0.2 0.2 13/12/2014
2.0 1.5 1.5 1.5 1.5 1.5 0.3 0.2 0.2 0.2 0.0 0.0 2.0 2.0 1.5 1.5 1.5 1.5 0.3 0.3 0.2 0.0 0.0 1.1 2.0 2.0 2.1 2.1 14/12/2014
4.0 3.6 3.6 3.6 3.6 3.6 2.4 2.4 2.4 2.5 2.4 2.4 4.0 4.0 3.6 3.6 3.6 3.6 2.4 2.4 2.4 2.4 2.4 4.0 4.0 4.0 4.0 4.0 15/12/2014
18.1 9.5 9.6 9.5 9.5 9.6 5.9 6.0 6.1 6.1 3.7 3.7 18.4 18.4 9.7 9.7 9.7 9.7 5.8 5.9 6.0 3.6 3.6 6.5 18.3 18.3 18.4 18.5 16/12/2014
11.7 17.3 17.4 17.3 17.4 17.5 7.3 7.4 7.5 7.6 6.5 6.5 11.9 11.9 17.6 17.6 17.6 17.6 7.2 7.3 7.4 6.4 6.4 11.9 11.8 11.8 11.9 11.9 17/12/2014
5.0 1.6 1.6 1.6 1.6 1.6 0.1 0.2 0.2 0.2 0.8 0.8 5.0 5.0 1.6 1.6 1.6 1.6 0.1 0.1 0.2 0.8 0.8 1.7 5.0 5.0 5.1 5.1 18/12/2014
5.1 6.0 6.0 6.0 6.0 6.0 8.6 8.7 8.8 8.9 11.9 11.9 5.2 5.2 6.1 6.0 6.0 6.1 8.5 8.6 8.7 11.6 11.6 3.6 5.2 5.2 5.2 5.2 19/12/2014
0.0 0.2 0.2 0.2 0.2 0.2 0.9 0.9 0.9 0.9 1.1 1.1 0.0 0.0 0.2 0.2 0.2 0.2 0.9 0.9 0.9 1.1 1.1 0.0 0.0 0.0 0.0 0.0 20/12/2014
0.0 0.2 0.2 0.2 0.2 0.2 0.1 0.1 0.1 0.1 0.2 0.2 0.0 0.0 0.2 0.2 0.2 0.2 0.1 0.1 0.1 0.2 0.2 0.0 0.0 0.0 0.0 0.0 21/12/2014
1.6 0.9 0.9 0.9 0.9 0.9 0.3 0.3 0.3 0.3 0.9 0.9 1.6 1.6 0.9 0.9 0.9 0.9 0.3 0.3 0.3 0.9 0.9 1.0 1.6 1.6 1.6 1.6 22/12/2014
0.1 0.3 0.3 0.3 0.3 0.3 0.7 0.7 0.7 0.7 1.2 1.2 0.1 0.1 0.3 0.3 0.3 0.3 0.6 0.7 0.7 1.2 1.2 0.6 0.1 0.1 0.1 0.1 23/12/2014
3.5 1.8 1.8 1.8 1.8 1.8 3.3 3.4 3.4 3.4 4.0 4.0 3.5 3.5 1.8 1.8 1.8 1.8 3.3 3.4 3.4 3.9 3.9 1.0 3.5 3.5 3.5 3.5 24/12/2014
0.2 0.9 0.9 0.9 0.9 0.9 0.0 0.0 0.0 0.0 0.0 0.0 0.2 0.2 0.9 0.9 0.9 0.9 0.0 0.0 0.0 0.0 0.0 0.9 0.2 0.2 0.2 0.2 25/12/2014
7.2 9.8 9.8 9.8 9.8 9.9 10.8 9.7 8.6 7.8 7.3 7.1 7.2 7.2 9.9 9.9 9.9 9.9 12.0 10.6 10.0 7.9 8.2 4.3 7.2 7.2 7.3 7.3 26/12/2014
1.9 3.1 3.1 3.1 3.1 3.1 4.7 4.6 4.5 4.3 2.5 2.4 1.9 1.9 3.0 3.0 3.0 3.0 4.9 4.7 4.6 3.1 3.2 1.1 1.9 1.9 1.9 1.9 27/12/2014
0.0 0.0 0.0 0.0 0.0 0.0 0.0 0.0 0.0 0.0 0.0 0.0 0.0 0.0 0.0 0.0 0.0 0.0 0.0 0.0 0.0 0.0 0.0 0.0 0.0 0.0 0.0 0.0 28/12/2014
0.1 0.0 0.0 0.0 0.0 0.0 1.4 1.4 1.3 1.3 0.3 0.2 0.2 0.2 0.0 0.0 0.0 0.0 1.5 1.4 1.4 0.4 0.5 0.0 0.1 0.1 0.2 0.2 29/12/2014
0.2 0.1 0.1 0.1 0.1 0.1 0.0 0.0 0.0 0.0 0.1 0.1 0.2 0.2 0.1 0.1 0.1 0.1 0.0 0.0 0.0 0.1 0.1 0.0 0.2 0.2 0.2 0.2 30/12/2014
0.0 0.0 0.0 0.0 0.0 0.0 0.0 0.0 0.0 0.0 0.0 0.0 0.0 0.0 0.0 0.0 0.0 0.0 0.0 0.0 0.0 0.1 0.1 0.0 0.0 0.0 0.0 0.0 31/12/2014
2.5 0.9 0.9 0.9 0.9 0.9 2.1 2.2 2.2 2.2 4.5 4.5 2.5 2.5 1.0 1.0 1.0 1.0 2.1 2.1 2.1 4.4 4.4 1.0 2.5 2.5 2.5 2.5 01/01/2015
1.0 2.1 2.1 2.1 2.1 2.1 0.8 0.8 0.8 0.8 0.7 0.7 1.0 1.0 2.1 2.1 2.1 2.1 0.8 0.8 0.8 0.6 0.6 0.0 1.0 1.0 1.0 1.0 02/01/2015
12.9 12.0 12.1 12.1 12.1 12.1 13.1 13.3 13.5 13.6 12.3 12.4 13.0 13.0 12.2 12.2 12.2 12.2 13.0 13.2 13.3 12.1 12.0 6.3 12.9 12.9 13.0 13.1 03/01/2015
0.0 0.2 0.2 0.2 0.2 0.2 0.0 0.0 0.0 0.0 0.0 0.0 0.0 0.0 0.2 0.2 0.2 0.2 0.0 0.0 0.0 0.0 0.0 0.0 0.0 0.0 0.0 0.0 04/01/2015
0.0 0.1 0.1 0.1 0.1 0.1 0.2 0.2 0.2 0.2 0.0 0.0 0.0 0.0 0.0 0.1 0.1 0.0 0.2 0.2 0.2 0.0 0.0 0.0 0.0 0.0 0.0 0.0 05/01/2015
0.7 0.4 0.4 0.4 0.4 0.4 0.3 0.2 0.2 0.2 0.0 0.0 0.7 0.7 0.4 0.4 0.4 0.4 0.3 0.3 0.3 0.0 0.0 0.1 0.7 0.7 0.7 0.7 06/01/2015
3.7 2.3 2.3 2.3 2.3 2.3 4.8 4.9 4.9 5.0 5.3 5.4 3.8 3.8 2.3 2.3 2.3 2.3 4.7 4.8 4.8 5.2 5.2 3.6 3.8 3.8 3.8 3.8 07/01/2015
15.0 12.6 12.7 12.6 12.6 12.7 11.6 11.8 11.9 12.0 13.9 13.9 15.2 15.2 12.8 12.8 12.8 12.8 11.4 11.6 11.7 13.6 13.5 9.2 15.1 15.1 15.3 15.3 08/01/2015
0.9 1.1 1.1 1.1 1.1 1.1 2.6 2.6 2.7 2.7 3.8 3.8 0.9 0.9 1.1 1.1 1.1 1.1 2.6 2.6 2.6 3.7 3.7 0.6 0.9 0.9 0.9 1.0 09/01/2015
3.4 3.6 3.6 3.6 3.6 3.6 4.5 4.5 4.6 4.6 4.5 4.5 3.5 3.5 3.6 3.6 3.6 3.6 4.4 4.5 4.5 4.4 4.3 4.3 3.4 3.4 3.5 3.5 10/01/2015
0.1 0.2 0.2 0.2 0.2 0.2 0.1 0.1 0.1 0.1 0.0 0.0 0.1 0.1 0.2 0.2 0.2 0.2 0.1 0.1 0.1 0.0 0.0 0.3 0.1 0.1 0.1 0.1 11/01/2015
3.0 0.3 0.3 0.3 0.3 0.3 0.0 0.0 0.0 0.0 0.0 0.0 3.0 3.0 0.3 0.3 0.3 0.3 0.0 0.0 0.0 0.0 0.0 2.1 3.0 3.0 3.0 3.0 12/01/2015
10.9 8.1 8.1 8.1 8.1 8.2 4.8 4.9 4.9 5.0 7.1 7.1 11.0 11.0 8.2 8.2 8.2 8.2 4.7 4.8 4.9 6.9 6.9 10.4 11.0 11.0 11.1 11.1 13/01/2015
10.9 12.3 12.3 12.3 12.3 12.4 5.9 5.9 5.8 5.8 6.4 6.4 11.0 11.0 12.5 12.4 12.4 12.5 6.0 5.9 5.9 6.6 6.7 7.6 11.0 11.0 11.0 11.1 14/01/2015
8.6 7.7 7.8 7.7 7.7 7.8 5.2 5.3 5.3 5.4 6.7 6.7 8.7 8.7 7.8 7.8 7.8 7.8 5.1 5.2 5.3 6.5 6.5 9.3 8.6 8.6 8.7 8.7 15/01/2015
3.4 2.7 2.6 2.6 2.6 2.6 1.9 1.8 1.7 1.6 1.3 1.3 3.5 3.5 2.5 2.5 2.5 2.5 2.1 1.9 1.8 1.3 1.2 2.9 3.4 3.4 3.5 3.5 16/01/2015
4.3 1.7 1.7 1.7 1.7 1.7 0.1 0.0 0.0 0.0 0.0 0.0 4.4 4.4 1.7 1.7 1.7 1.7 0.1 0.1 0.1 0.0 0.0 3.2 4.4 4.4 4.4 4.4 17/01/2015
11.0 7.7 7.5 7.7 7.7 7.5 0.0 0.0 0.0 0.0 0.0 0.0 11.1 11.1 7.3 7.3 7.3 7.3 0.0 0.0 0.0 0.0 0.0 6.3 11.1 11.1 11.1 11.2 18/01/2015
0.2 0.5 0.4 0.5 0.5 0.4 0.5 0.5 0.4 0.3 0.1 0.1 0.2 0.2 0.4 0.4 0.4 0.4 0.6 0.5 0.5 0.1 0.1 0.0 0.2 0.2 0.2 0.2 19/01/2015
0.0 0.0 0.0 0.0 0.0 0.0 0.0 0.0 0.0 0.0 0.0 0.0 0.0 0.0 0.0 0.0 0.0 0.0 0.0 0.0 0.0 0.1 0.1 1.2 0.0 0.0 0.0 0.0 20/01/2015
0.0 0.0 0.0 0.0 0.0 0.0 0.0 0.0 0.0 0.0 0.0 0.0 0.0 0.0 0.0 0.0 0.0 0.0 0.0 0.0 0.0 0.0 0.0 0.8 0.0 0.0 0.0 0.0 21/01/2015
0.0 0.1 0.1 0.1 0.1 0.1 0.0 0.0 0.0 0.0 0.0 0.0 0.0 0.0 0.0 0.1 0.1 0.0 0.0 0.0 0.0 0.0 0.0 0.0 0.0 0.0 0.0 0.0 22/01/2015
4.6 2.9 2.8 2.9 2.8 2.8 0.7 0.6 0.5 0.4 0.2 0.2 4.6 4.6 2.6 2.6 2.6 2.6 0.8 0.7 0.6 0.4 0.4 3.3 4.6 4.6 4.6 4.6 23/01/2015
0.0 0.1 0.1 0.1 0.1 0.1 0.1 0.1 0.0 0.0 0.0 0.0 0.0 0.0 0.1 0.1 0.1 0.1 0.1 0.1 0.1 0.0 0.0 0.0 0.0 0.0 0.0 0.0 24/01/2015
0.7 0.8 0.8 0.8 0.8 0.8 3.8 3.9 3.9 4.0 2.3 2.2 0.7 0.7 0.8 0.8 0.8 0.8 3.8 3.9 3.9 2.8 3.0 0.1 0.7 0.7 0.7 0.7 25/01/2015
1.7 2.6 2.7 2.6 2.6 2.7 5.5 5.6 5.6 5.7 4.7 4.7 1.7 1.7 2.7 2.7 2.7 2.7 5.4 5.5 5.6 4.6 4.5 0.6 1.7 1.7 1.7 1.7 26/01/2015
0.5 0.2 0.2 0.2 0.2 0.2 0.4 0.4 0.4 0.4 1.3 1.3 0.5 0.5 0.2 0.2 0.2 0.2 0.4 0.4 0.4 1.3 1.3 0.6 0.5 0.5 0.5 0.5 27/01/2015
6.0 4.2 4.2 4.2 4.2 4.2 5.6 5.6 5.7 5.8 4.5 4.4 6.0 6.0 4.2 4.2 4.2 4.2 5.5 5.6 5.6 4.9 5.1 3.7 6.0 6.0 6.0 6.1 28/01/2015
15.8 10.2 9.9 10.2 10.1 9.8 7.3 7.4 7.5 7.6 11.2 11.2 15.9 15.9 9.3 9.4 9.4 9.3 7.2 7.4 7.4 11.0 10.9 8.3 15.9 15.9 16.0 16.0 29/01/2015
9.6 8.5 8.4 8.5 8.5 8.4 3.0 2.5 2.0 1.7 1.5 1.4 9.7 9.7 8.3 8.3 8.3 8.3 3.5 2.9 2.6 2.4 2.7 5.6 9.6 9.6 9.7 9.8 30/01/2015
9.0 8.4 7.8 8.3 8.2 7.7 2.6 2.2 1.8 1.5 1.6 1.5 8.8 8.8 6.8 7.0 7.0 6.8 3.1 2.6 2.3 2.6 3.0 5.1 8.9 8.9 8.8 8.7 31/01/2015
0.8 4.8 4.6 4.8 4.7 4.6 3.7 3.4 3.0 2.7 1.7 1.6 0.7 0.7 4.4 4.4 4.4 4.4 4.1 3.7 3.5 2.7 3.1 1.7 0.7 0.7 0.7 0.7 01/02/2015
0.0 0.0 0.0 0.0 0.0 0.0 0.0 0.0 0.0 0.0 0.0 0.0 0.0 0.0 0.0 0.0 0.0 0.0 0.0 0.0 0.0 0.1 0.1 0.0 0.0 0.0 0.0 0.0 02/02/2015
0.2 0.0 0.0 0.0 0.0 0.0 0.0 0.0 0.0 0.0 0.0 0.0 0.2 0.2 0.0 0.0 0.0 0.0 0.0 0.0 0.0 0.0 0.0 1.1 0.2 0.2 0.2 0.1 03/02/2015
3.9 0.7 0.7 0.7 0.7 0.7 0.0 0.0 0.0 0.0 0.0 0.0 3.3 3.3 0.6 0.6 0.6 0.6 0.0 0.0 0.0 0.0 0.0 1.1 3.6 3.6 3.3 3.1 04/02/2015
1.8 0.1 0.1 0.1 0.1 0.1 0.0 0.0 0.0 0.0 0.0 0.0 1.5 1.5 0.0 0.1 0.1 0.0 0.0 0.0 0.0 0.0 0.0 1.1 1.6 1.6 1.5 1.4 05/02/2015
0.0 0.1 0.1 0.1 0.1 0.1 0.0 0.0 0.0 0.0 0.0 0.0 0.0 0.0 0.1 0.1 0.1 0.1 0.0 0.0 0.0 0.0 0.0 0.0 0.0 0.0 0.0 0.0 06/02/2015
0.0 0.0 0.0 0.0 0.0 0.0 0.6 0.6 0.6 0.6 0.3 0.3 0.0 0.0 0.0 0.0 0.0 0.0 0.6 0.6 0.6 0.3 0.3 0.0 0.0 0.0 0.0 0.0 07/02/2015
0.0 0.1 0.1 0.1 0.1 0.1 0.0 0.0 0.0 0.0 0.1 0.1 0.0 0.0 0.1 0.1 0.1 0.1 0.0 0.0 0.0 0.1 0.1 0.0 0.0 0.0 0.0 0.0 08/02/2015
0.2 0.0 0.0 0.0 0.0 0.0 0.2 0.2 0.1 0.1 0.2 0.2 0.2 0.2 0.0 0.0 0.0 0.0 0.3 0.2 0.2 0.2 0.2 0.2 0.2 0.2 0.2 0.2 09/02/2015
0.0 0.0 0.0 0.0 0.0 0.0 0.0 0.0 0.0 0.0 0.0 0.0 0.0 0.0 0.0 0.0 0.0 0.0 0.0 0.0 0.0 0.0 0.0 0.0 0.0 0.0 0.0 0.0 10/02/2015
0.0 0.0 0.0 0.0 0.0 0.0 0.0 0.0 0.0 0.0 0.0 0.0 0.0 0.0 0.0 0.0 0.0 0.0 0.0 0.0 0.0 0.0 0.0 0.0 0.0 0.0 0.0 0.0 11/02/2015
0.0 0.0 0.0 0.0 0.0 0.0 0.1 0.1 0.1 0.0 0.0 0.0 0.0 0.0 0.0 0.0 0.0 0.0 0.1 0.1 0.1 0.0 0.0 0.0 0.0 0.0 0.0 0.0 12/02/2015
7.5 5.5 5.5 5.5 5.5 5.5 4.2 4.3 4.3 4.4 5.1 5.1 7.6 7.6 5.6 5.6 5.6 5.6 4.2 4.2 4.3 5.0 5.0 6.6 7.6 7.6 7.7 7.7 13/02/2015
1.6 2.3 2.3 2.3 2.3 2.3 1.3 1.3 1.4 1.4 4.4 4.4 1.7 1.7 2.3 2.3 2.3 2.3 1.3 1.3 1.3 4.3 4.3 1.6 1.7 1.7 1.7 1.7 14/02/2015
0.2 0.1 0.1 0.1 0.1 0.1 0.0 0.0 0.0 0.0 0.0 0.0 0.2 0.2 0.1 0.1 0.1 0.1 0.0 0.0 0.0 0.0 0.0 0.1 0.2 0.2 0.2 0.2 15/02/2015
2.3 1.6 1.6 1.6 1.6 1.6 0.2 0.2 0.2 0.2 0.1 0.1 2.3 2.3 1.6 1.6 1.6 1.6 0.2 0.2 0.2 0.1 0.1 1.5 2.3 2.3 2.3 2.3 16/02/2015
0.0 0.1 0.1 0.1 0.1 0.1 1.2 1.2 1.2 1.2 0.1 0.1 0.0 0.0 0.1 0.1 0.1 0.1 1.2 1.2 1.2 0.1 0.1 1.0 0.0 0.0 0.0 0.0 17/02/2015
0.1 0.2 0.2 0.2 0.2 0.2 0.1 0.1 0.1 0.1 0.0 0.0 0.1 0.1 0.2 0.2 0.2 0.2 0.1 0.1 0.1 0.0 0.0 0.0 0.1 0.1 0.1 0.1 18/02/2015
7.6 4.8 4.8 4.8 4.8 4.8 2.2 2.3 2.3 2.3 2.6 2.6 7.7 7.7 4.9 4.9 4.9 4.9 2.2 2.3 2.3 2.6 2.6 5.8 7.7 7.7 7.7 7.7 19/02/2015
27.7 15.6 15.7 15.6 15.7 15.7 21.7 22.0 22.3 22.5 22.5 22.6 28.0 28.0 15.9 15.9 15.9 15.9 21.4 21.8 21.9 22.1 21.9 14.5 27.9 27.9 28.1 28.2 20/02/2015
3.6 4.0 4.1 4.0 4.0 4.1 3.0 3.1 3.1 3.1 3.2 3.2 3.7 3.7 4.1 4.1 4.1 4.1 3.0 3.0 3.1 3.3 3.3 2.8 3.7 3.7 3.7 3.7 21/02/2015
11.9 8.6 8.6 8.6 8.6 8.6 14.7 13.6 12.6 11.7 9.9 9.9 12.1 12.1 8.7 8.7 8.7 8.7 15.9 14.5 13.9 10.0 10.1 7.8 12.0 12.0 12.1 12.2 22/02/2015
2.8 2.6 2.7 2.6 2.6 2.7 2.0 2.1 2.1 2.1 4.5 4.5 2.9 2.9 2.7 2.7 2.7 2.7 2.0 2.1 2.1 4.4 4.3 2.2 2.8 2.8 2.9 2.9 23/02/2015
2.5 2.6 2.7 2.6 2.6 2.7 1.4 1.2 1.0 0.8 1.3 1.3 2.5 2.5 2.7 2.7 2.7 2.7 1.7 1.4 1.3 1.3 1.3 0.9 2.5 2.5 2.5 2.5 24/02/2015
3.8 2.8 2.8 2.8 2.8 2.8 7.6 7.7 7.8 7.8 4.9 4.9 3.8 3.8 2.8 2.8 2.8 2.8 7.5 7.6 7.6 4.8 4.8 2.6 3.8 3.8 3.8 3.8 25/02/2015
9.6 8.3 8.4 8.3 8.4 8.4 8.8 8.9 9.1 9.1 8.4 8.4 9.7 9.7 8.5 8.5 8.5 8.5 8.7 8.9 8.9 8.2 8.2 9.0 9.7 9.7 9.8 9.8 26/02/2015
0.0 0.1 0.1 0.1 0.1 0.1 0.0 0.0 0.0 0.0 0.1 0.1 0.0 0.0 0.1 0.1 0.1 0.1 0.0 0.0 0.0 0.1 0.1 0.0 0.0 0.0 0.0 0.0 27/02/2015
5.8 5.1 5.2 5.1 5.1 5.2 4.0 4.0 4.0 4.0 4.4 4.4 5.9 5.9 5.2 5.2 5.2 5.2 3.9 4.0 4.0 4.3 4.3 3.6 5.8 5.8 5.9 5.9 28/02/2015
1.7 1.8 1.9 1.8 1.9 1.9 0.5 0.5 0.5 0.5 1.3 1.3 1.7 1.7 1.9 1.9 1.9 1.9 0.5 0.5 0.5 1.3 1.3 1.1 1.7 1.7 1.7 1.7 01/03/2015
2.1 2.6 2.6 2.6 2.6 2.6 1.6 1.3 1.1 0.9 0.7 0.6 2.2 2.2 2.6 2.6 2.6 2.6 1.8 1.5 1.4 1.1 1.3 2.4 2.1 2.1 2.2 2.2 02/03/2015
2.6 2.2 2.2 2.2 2.2 2.2 0.2 0.2 0.2 0.2 1.3 1.3 2.6 2.6 2.2 2.2 2.2 2.2 0.2 0.2 0.2 1.3 1.2 1.3 2.6 2.6 2.6 2.6 03/03/2015
0.1 0.7 0.7 0.7 0.7 0.7 0.1 0.1 0.1 0.1 0.2 0.2 0.1 0.1 0.7 0.7 0.7 0.7 0.1 0.1 0.1 0.2 0.2 0.2 0.1 0.1 0.1 0.1 04/03/2015
0.0 0.1 0.1 0.1 0.1 0.1 0.1 0.1 0.1 0.1 0.1 0.1 0.0 0.0 0.1 0.1 0.1 0.1 0.1 0.1 0.1 0.1 0.1 0.0 0.0 0.0 0.0 0.0 05/03/2015
0.0 0.1 0.1 0.1 0.1 0.1 0.0 0.0 0.0 0.0 0.0 0.0 0.0 0.0 0.1 0.1 0.1 0.1 0.0 0.0 0.0 0.0 0.0 0.0 0.0 0.0 0.0 0.0 06/03/2015
0.0 0.1 0.1 0.1 0.1 0.1 0.0 0.0 0.0 0.0 0.0 0.0 0.0 0.0 0.1 0.1 0.1 0.1 0.0 0.0 0.0 0.0 0.0 0.0 0.0 0.0 0.0 0.0 07/03/2015
0.1 0.0 0.0 0.0 0.0 0.0 0.0 0.0 0.0 0.0 0.2 0.2 0.1 0.1 0.0 0.0 0.0 0.0 0.0 0.0 0.0 0.2 0.2 0.0 0.1 0.1 0.1 0.1 08/03/2015
0.0 0.4 0.4 0.4 0.4 0.4 0.1 0.1 0.1 0.1 0.1 0.1 0.0 0.0 0.4 0.4 0.4 0.4 0.1 0.1 0.1 0.1 0.1 0.4 0.0 0.0 0.0 0.0 09/03/2015
0.0 0.0 0.0 0.0 0.0 0.0 0.1 0.1 0.1 0.1 0.1 0.1 0.0 0.0 0.0 0.0 0.0 0.0 0.1 0.1 0.1 0.1 0.1 0.0 0.0 0.0 0.0 0.0 10/03/2015
0.0 0.0 0.0 0.0 0.0 0.0 0.1 0.1 0.1 0.1 0.0 0.0 0.0 0.0 0.0 0.0 0.0 0.0 0.1 0.1 0.1 0.0 0.0 0.0 0.0 0.0 0.0 0.0 11/03/2015
0.0 0.0 0.0 0.0 0.0 0.0 0.0 0.0 0.0 0.0 0.0 0.0 0.0 0.0 0.0 0.0 0.0 0.0 0.0 0.0 0.0 0.0 0.0 0.0 0.0 0.0 0.0 0.0 12/03/2015
0.0 0.0 0.0 0.0 0.0 0.0 0.0 0.0 0.0 0.0 0.0 0.0 0.0 0.0 0.0 0.0 0.0 0.0 0.0 0.0 0.0 0.0 0.0 0.0 0.0 0.0 0.0 0.0 13/03/2015
0.2 0.4 0.4 0.4 0.4 0.4 0.1 0.1 0.1 0.1 0.2 0.2 0.2 0.2 0.4 0.4 0.4 0.4 0.1 0.1 0.1 0.2 0.2 0.1 0.2 0.2 0.2 0.2 14/03/2015
0.9 1.0 1.0 1.0 1.0 1.0 0.8 0.8 0.8 0.8 0.6 0.6 0.9 0.9 1.0 1.0 1.0 1.0 0.8 0.8 0.8 0.6 0.6 0.5 0.9 0.9 0.9 0.9 15/03/2015
1.1 0.1 0.1 0.1 0.1 0.1 0.0 0.0 0.0 0.0 0.0 0.0 1.1 1.1 0.1 0.1 0.1 0.1 0.0 0.0 0.0 0.0 0.0 1.3 1.1 1.1 1.1 1.2 16/03/2015
0.0 0.1 0.1 0.1 0.1 0.1 0.0 0.0 0.0 0.0 0.0 0.0 0.0 0.0 0.1 0.1 0.1 0.1 0.0 0.0 0.0 0.0 0.0 0.0 0.0 0.0 0.0 0.0 17/03/2015
0.0 0.0 0.0 0.0 0.0 0.0 0.0 0.0 0.0 0.0 0.0 0.0 0.0 0.0 0.0 0.0 0.0 0.0 0.0 0.0 0.0 0.0 0.0 0.0 0.0 0.0 0.0 0.0 18/03/2015
0.5 0.2 0.2 0.2 0.2 0.2 0.0 0.0 0.0 0.0 0.0 0.0 0.5 0.5 0.2 0.2 0.2 0.2 0.0 0.0 0.0 0.0 0.0 0.3 0.5 0.5 0.5 0.5 19/03/2015
0.0 0.0 0.0 0.0 0.0 0.0 0.0 0.0 0.0 0.0 0.0 0.0 0.0 0.0 0.0 0.0 0.0 0.0 0.0 0.0 0.0 0.0 0.0 0.0 0.0 0.0 0.0 0.0 20/03/2015
0.2 0.2 0.2 0.2 0.2 0.2 0.6 0.6 0.6 0.7 0.6 0.6 0.2 0.2 0.2 0.2 0.2 0.2 0.6 0.6 0.6 0.6 0.6 0.2 0.2 0.2 0.2 0.2 21/03/2015
0.1 0.1 0.1 0.1 0.1 0.1 0.0 0.0 0.0 0.0 0.0 0.0 0.1 0.1 0.1 0.1 0.1 0.1 0.0 0.0 0.0 0.0 0.0 0.0 0.1 0.1 0.1 0.1 22/03/2015
0.0 0.1 0.1 0.1 0.1 0.1 0.0 0.0 0.0 0.0 0.0 0.0 0.0 0.0 0.1 0.1 0.1 0.1 0.0 0.0 0.0 0.0 0.0 0.0 0.0 0.0 0.0 0.0 23/03/2015
3.1 5.0 5.0 5.0 5.0 5.0 9.5 9.7 9.8 9.9 8.9 8.9 3.2 3.2 5.1 5.1 5.1 5.1 9.4 9.6 9.6 8.7 8.6 1.5 3.2 3.2 3.2 3.2 24/03/2015
1.1 0.6 0.6 0.6 0.6 0.6 0.5 0.5 0.5 0.5 0.8 0.8 1.1 1.1 0.6 0.6 0.6 0.6 0.4 0.5 0.5 0.8 0.8 0.8 1.1 1.1 1.1 1.2 25/03/2015
3.9 2.4 2.4 2.4 2.4 2.4 4.1 4.2 4.2 4.3 4.7 4.7 4.0 4.0 2.4 2.4 2.4 2.4 4.1 4.1 4.2 4.6 4.6 2.7 4.0 4.0 4.0 4.0 26/03/2015
2.4 1.8 1.8 1.8 1.8 1.8 0.1 0.1 0.1 0.1 0.1 0.1 2.4 2.4 1.8 1.8 1.8 1.8 0.1 0.1 0.1 0.1 0.1 2.4 2.4 2.4 2.4 2.4 27/03/2015
6.6 4.9 5.0 4.9 5.0 5.0 3.8 3.8 3.9 3.9 6.5 6.6 6.7 6.7 5.0 5.0 5.0 5.0 3.7 3.8 3.8 6.4 6.4 3.3 6.7 6.7 6.7 6.7 28/03/2015
5.6 10.2 10.3 10.2 10.2 10.3 10.4 10.5 10.7 10.8 15.1 15.1 5.7 5.7 10.4 10.4 10.4 10.4 10.3 10.4 10.5 14.8 14.7 5.2 5.6 5.6 5.7 5.7 29/03/2015
2.7 2.0 2.0 2.0 2.0 2.0 3.1 3.1 3.2 3.2 3.5 3.5 2.8 2.8 2.1 2.1 2.1 2.1 3.0 3.1 3.1 3.5 3.5 0.6 2.8 2.8 2.8 2.8 30/03/2015
0.2 0.6 0.6 0.6 0.6 0.6 2.2 2.3 2.3 2.3 6.6 6.6 0.2 0.2 0.6 0.6 0.6 0.6 2.2 2.2 2.2 6.4 6.4 0.4 0.2 0.2 0.2 0.2 31/03/2015
2.2 1.4 1.4 1.4 1.4 1.4 11.5 11.6 11.8 11.9 12.1 12.1 2.2 2.2 1.4 1.4 1.4 1.4 11.3 11.5 11.6 11.8 11.7 0.8 2.2 2.2 2.2 2.2 01/04/2015
4.5 2.8 2.8 2.8 2.8 2.8 4.0 4.1 4.1 4.1 2.4 2.4 4.5 4.5 2.8 2.8 2.8 2.8 3.9 4.0 4.0 2.4 2.3 2.8 4.5 4.5 4.6 4.6 02/04/2015
5.2 1.0 1.0 1.0 1.0 1.0 2.9 2.9 3.0 3.0 2.1 2.1 5.2 5.2 1.0 1.0 1.0 1.0 2.9 2.9 2.9 2.1 2.1 6.0 5.2 5.2 5.2 5.3 03/04/2015
0.2 0.7 0.7 0.7 0.7 0.7 0.6 0.6 0.6 0.6 0.9 0.9 0.2 0.2 0.8 0.8 0.8 0.8 0.6 0.6 0.6 0.9 0.9 0.3 0.2 0.2 0.2 0.2 04/04/2015
0.2 0.2 0.2 0.2 0.2 0.2 0.0 0.0 0.0 0.0 0.0 0.0 0.2 0.2 0.2 0.2 0.2 0.2 0.0 0.0 0.0 0.0 0.0 0.0 0.2 0.2 0.2 0.2 05/04/2015
0.0 0.2 0.2 0.2 0.2 0.2 0.0 0.0 0.0 0.0 0.0 0.0 0.0 0.0 0.2 0.2 0.2 0.2 0.0 0.0 0.0 0.0 0.0 0.0 0.0 0.0 0.0 0.0 06/04/2015
0.0 0.0 0.0 0.0 0.0 0.0 0.0 0.0 0.0 0.0 0.0 0.0 0.0 0.0 0.0 0.0 0.0 0.0 0.0 0.0 0.0 0.0 0.0 0.0 0.0 0.0 0.0 0.0 07/04/2015
0.0 0.1 0.1 0.1 0.1 0.1 0.0 0.0 0.0 0.0 0.0 0.0 0.0 0.0 0.1 0.1 0.1 0.1 0.0 0.0 0.0 0.0 0.0 0.0 0.0 0.0 0.0 0.0 08/04/2015
0.0 0.0 0.0 0.0 0.0 0.0 0.0 0.0 0.0 0.0 0.0 0.0 0.0 0.0 0.0 0.0 0.0 0.0 0.0 0.0 0.0 0.0 0.0 0.0 0.0 0.0 0.0 0.0 09/04/2015
3.0 0.9 0.9 0.9 0.9 0.9 0.1 0.1 0.1 0.1 0.0 0.0 3.0 3.0 0.9 0.9 0.9 0.9 0.1 0.1 0.1 0.0 0.0 1.7 3.0 3.0 3.0 3.1 10/04/2015
0.7 0.8 0.8 0.8 0.8 0.8 2.0 2.1 2.1 2.1 2.5 2.6 0.7 0.7 0.8 0.8 0.8 0.8 2.0 2.0 2.0 2.5 2.5 0.7 0.7 0.7 0.7 0.7 11/04/2015
0.0 0.0 0.0 0.0 0.0 0.0 0.0 0.0 0.0 0.0 0.1 0.1 0.0 0.0 0.0 0.0 0.0 0.0 0.0 0.0 0.0 0.1 0.1 0.0 0.0 0.0 0.0 0.0 12/04/2015
0.0 0.1 0.1 0.1 0.1 0.1 0.0 0.0 0.0 0.0 0.0 0.0 0.0 0.0 0.1 0.1 0.1 0.1 0.0 0.0 0.0 0.0 0.0 0.0 0.0 0.0 0.0 0.0 13/04/2015
0.0 0.1 0.1 0.1 0.1 0.1 0.0 0.0 0.0 0.0 0.0 0.0 0.0 0.0 0.1 0.1 0.1 0.1 0.0 0.0 0.0 0.0 0.0 0.0 0.0 0.0 0.0 0.0 14/04/2015
0.0 0.0 0.0 0.0 0.0 0.0 0.0 0.0 0.0 0.0 0.0 0.0 0.0 0.0 0.0 0.0 0.0 0.0 0.0 0.0 0.0 0.0 0.0 0.0 0.0 0.0 0.0 0.0 15/04/2015
0.0 0.0 0.0 0.0 0.0 0.0 0.0 0.0 0.0 0.0 0.0 0.0 0.0 0.0 0.0 0.0 0.0 0.0 0.0 0.0 0.0 0.0 0.0 0.0 0.0 0.0 0.0 0.0 16/04/2015
0.0 0.0 0.0 0.0 0.0 0.0 0.0 0.0 0.0 0.0 0.0 0.0 0.0 0.0 0.0 0.0 0.0 0.0 0.0 0.0 0.0 0.0 0.0 0.2 0.0 0.0 0.0 0.0 17/04/2015
0.0 0.0 0.0 0.0 0.0 0.0 0.0 0.0 0.0 0.0 0.0 0.0 0.0 0.0 0.0 0.0 0.0 0.0 0.0 0.0 0.0 0.0 0.0 0.0 0.0 0.0 0.0 0.0 18/04/2015
0.0 0.0 0.0 0.0 0.0 0.0 0.0 0.0 0.0 0.0 0.0 0.0 0.0 0.0 0.0 0.0 0.0 0.0 0.0 0.0 0.0 0.0 0.0 0.0 0.0 0.0 0.0 0.0 19/04/2015
0.0 0.0 0.0 0.0 0.0 0.0 0.0 0.0 0.0 0.0 0.0 0.0 0.0 0.0 0.0 0.0 0.0 0.0 0.0 0.0 0.0 0.0 0.0 0.0 0.0 0.0 0.0 0.0 20/04/2015
0.0 0.0 0.0 0.0 0.0 0.0 0.0 0.0 0.0 0.0 0.0 0.0 0.0 0.0 0.0 0.0 0.0 0.0 0.0 0.0 0.0 0.0 0.0 0.0 0.0 0.0 0.0 0.0 21/04/2015
0.0 0.1 0.1 0.1 0.1 0.1 0.0 0.0 0.0 0.0 0.0 0.0 0.0 0.0 0.1 0.1 0.1 0.1 0.0 0.0 0.0 0.0 0.0 0.0 0.0 0.0 0.0 0.0 22/04/2015
0.0 0.0 0.0 0.0 0.0 0.0 0.0 0.0 0.0 0.0 0.0 0.0 0.0 0.0 0.0 0.0 0.0 0.0 0.0 0.0 0.0 0.0 0.0 0.1 0.0 0.0 0.0 0.0 23/04/2015
0.2 0.8 0.8 0.8 0.8 0.8 5.5 5.5 5.6 5.7 3.0 3.0 0.2 0.2 0.8 0.8 0.8 0.8 5.4 5.5 5.5 3.0 2.9 0.2 0.2 0.2 0.2 0.2 24/04/2015
9.8 4.9 5.0 4.9 4.9 5.0 8.5 8.6 8.7 8.8 5.5 5.5 10.0 10.0 5.0 5.0 5.0 5.0 8.4 8.5 8.6 5.4 5.3 5.5 9.9 9.9 10.0 10.0 25/04/2015
7.8 5.8 5.8 5.8 5.8 5.8 3.2 3.3 3.3 3.3 5.7 5.7 7.9 7.9 5.8 5.8 5.8 5.8 3.2 3.2 3.2 5.6 5.6 0.1 7.9 7.9 7.9 7.9 26/04/2015
0.9 0.9 0.9 0.9 0.9 0.9 0.0 0.0 0.0 0.0 0.0 0.0 0.9 0.9 0.9 0.9 0.9 0.9 0.0 0.0 0.0 0.0 0.0 0.3 0.9 0.9 0.9 0.9 27/04/2015
0.0 0.1 0.1 0.1 0.1 0.1 0.0 0.0 0.0 0.0 0.1 0.1 0.0 0.0 0.1 0.1 0.1 0.1 0.0 0.0 0.0 0.1 0.1 0.2 0.0 0.0 0.0 0.0 28/04/2015
5.3 2.2 2.2 2.2 2.2 2.2 1.8 1.9 1.9 1.9 2.2 2.2 5.4 5.4 2.2 2.2 2.2 2.2 1.8 1.8 1.8 2.1 2.1 2.9 5.3 5.3 5.4 5.4 29/04/2015
0.6 0.7 0.7 0.7 0.7 0.7 9.6 9.7 9.8 9.9 11.1 11.1 0.6 0.6 0.7 0.7 0.7 0.7 9.4 9.6 9.6 10.9 10.8 0.9 0.6 0.6 0.6 0.6 30/04/2015
0.9 0.9 0.9 0.9 0.9 0.9 1.1 1.1 1.1 1.1 0.8 0.8 0.9 0.9 0.9 0.9 0.9 0.9 1.1 1.1 1.1 0.8 0.8 0.4 0.9 0.9 0.9 1.0 01/05/2015
3.6 4.3 4.4 4.3 4.3 4.4 2.1 2.1 2.1 2.2 3.3 3.3 3.7 3.7 4.4 4.4 4.4 4.4 2.1 2.1 2.1 3.2 3.2 2.7 3.6 3.6 3.7 3.7 02/05/2015
3.1 5.1 5.1 5.1 5.1 5.1 6.9 6.9 7.0 7.1 9.1 9.1 3.1 3.1 5.1 5.1 5.1 5.1 6.8 6.9 6.9 8.9 8.8 3.5 3.1 3.1 3.1 3.1 03/05/2015
9.5 11.3 11.4 11.4 11.4 11.4 16.5 16.7 16.9 17.1 7.6 7.6 9.6 9.6 11.5 11.5 11.5 11.5 16.3 16.6 16.7 7.4 7.4 9.1 9.6 9.6 9.6 9.7 04/05/2015
3.1 3.0 3.0 3.0 3.0 3.0 2.4 2.4 2.4 2.4 2.5 2.5 3.1 3.1 3.0 3.0 3.0 3.0 2.3 2.4 2.4 2.5 2.4 4.4 3.1 3.1 3.1 3.1 05/05/2015
0.1 1.8 1.8 1.8 1.8 1.8 3.8 3.9 3.9 3.9 4.2 4.2 0.1 0.1 1.8 1.8 1.8 1.8 3.7 3.8 3.8 4.1 4.1 0.1 0.1 0.1 0.1 0.1 06/05/2015
0.1 0.2 0.2 0.2 0.2 0.2 0.0 0.0 0.0 0.0 0.0 0.0 0.1 0.1 0.2 0.2 0.2 0.2 0.0 0.0 0.0 0.0 0.0 0.4 0.1 0.1 0.1 0.1 07/05/2015
0.2 0.7 0.7 0.7 0.7 0.7 0.0 0.0 0.0 0.0 0.2 0.2 0.2 0.2 0.7 0.7 0.7 0.7 0.0 0.0 0.0 0.2 0.2 0.2 0.2 0.2 0.2 0.2 08/05/2015
0.0 0.1 0.1 0.1 0.1 0.1 0.1 0.1 0.1 0.1 0.0 0.0 0.0 0.0 0.1 0.1 0.1 0.1 0.1 0.1 0.1 0.0 0.0 0.0 0.0 0.0 0.0 0.0 09/05/2015
0.0 0.0 0.0 0.0 0.0 0.0 0.0 0.0 0.0 0.0 0.0 0.0 0.0 0.0 0.0 0.0 0.0 0.0 0.0 0.0 0.0 0.0 0.0 0.0 0.0 0.0 0.0 0.0 10/05/2015
0.0 0.0 0.0 0.0 0.0 0.0 0.0 0.0 0.0 0.0 0.0 0.0 0.0 0.0 0.0 0.0 0.0 0.0 0.0 0.0 0.0 0.0 0.0 0.0 0.0 0.0 0.0 0.0 11/05/2015
0.0 0.0 0.0 0.0 0.0 0.0 0.0 0.0 0.0 0.0 0.0 0.0 0.0 0.0 0.0 0.0 0.0 0.0 0.0 0.0 0.0 0.0 0.0 0.0 0.0 0.0 0.0 0.0 12/05/2015
0.6 0.1 0.1 0.1 0.1 0.1 0.0 0.0 0.0 0.0 0.0 0.0 0.6 0.6 0.1 0.1 0.1 0.1 0.0 0.0 0.0 0.0 0.0 0.5 0.6 0.6 0.6 0.6 13/05/2015
14.8 11.4 11.4 11.4 11.4 11.4 7.5 7.6 7.7 7.8 6.2 6.3 15.0 15.0 11.5 11.5 11.5 11.5 7.4 7.5 7.6 6.1 6.1 12.2 14.9 14.9 15.0 15.1 14/05/2015
0.6 0.3 0.3 0.3 0.3 0.3 0.1 0.1 0.1 0.1 0.2 0.2 0.6 0.6 0.3 0.3 0.3 0.3 0.1 0.1 0.1 0.2 0.2 0.4 0.6 0.6 0.6 0.6 15/05/2015
0.3 0.9 0.9 0.9 0.9 0.9 0.6 0.6 0.6 0.6 0.4 0.4 0.3 0.3 0.9 0.9 0.9 0.9 0.6 0.6 0.6 0.3 0.3 0.2 0.3 0.3 0.3 0.3 16/05/2015
0.0 0.2 0.2 0.2 0.2 0.2 0.0 0.0 0.0 0.0 0.2 0.2 0.0 0.0 0.2 0.2 0.2 0.2 0.0 0.0 0.0 0.2 0.2 0.0 0.0 0.0 0.0 0.0 17/05/2015
4.0 3.6 3.6 3.6 3.6 3.6 3.3 3.4 3.4 3.4 3.5 3.5 4.0 4.0 3.6 3.6 3.6 3.6 3.3 3.4 3.4 3.5 3.4 4.1 4.0 4.0 4.0 4.0 18/05/2015
7.2 5.8 5.8 5.8 5.8 5.8 1.7 1.7 1.8 1.8 2.5 2.6 7.3 7.3 5.8 5.8 5.8 5.8 1.7 1.7 1.7 2.5 2.5 7.3 7.2 7.2 7.3 7.3 19/05/2015
0.5 1.7 1.8 1.7 1.7 1.8 0.4 0.4 0.4 0.4 2.3 2.3 0.5 0.5 1.8 1.8 1.8 1.8 0.4 0.4 0.4 2.2 2.2 0.2 0.5 0.5 0.5 0.5 20/05/2015
0.0 0.3 0.3 0.3 0.3 0.3 0.0 0.0 0.0 0.0 0.0 0.0 0.0 0.0 0.3 0.3 0.3 0.3 0.0 0.0 0.0 0.0 0.0 0.0 0.0 0.0 0.0 0.0 21/05/2015
0.0 0.0 0.0 0.0 0.0 0.0 0.0 0.0 0.0 0.0 0.0 0.0 0.0 0.0 0.0 0.0 0.0 0.0 0.0 0.0 0.0 0.0 0.0 0.0 0.0 0.0 0.0 0.0 22/05/2015
0.0 0.0 0.0 0.0 0.0 0.0 0.1 0.1 0.1 0.1 0.0 0.0 0.0 0.0 0.0 0.0 0.0 0.0 0.1 0.1 0.1 0.0 0.0 0.0 0.0 0.0 0.0 0.0 23/05/2015
1.2 1.1 1.1 1.1 1.1 1.1 0.4 0.4 0.4 0.4 0.0 0.0 1.3 1.3 1.1 1.1 1.1 1.1 0.4 0.4 0.4 0.0 0.0 1.9 1.2 1.2 1.3 1.3 24/05/2015
0.0 0.1 0.1 0.1 0.1 0.1 0.2 0.2 0.2 0.2 0.2 0.2 0.0 0.0 0.1 0.1 0.1 0.1 0.2 0.2 0.2 0.1 0.1 0.0 0.0 0.0 0.0 0.0 25/05/2015
0.0 0.1 0.1 0.1 0.1 0.1 0.0 0.0 0.0 0.0 0.0 0.0 0.0 0.0 0.1 0.1 0.1 0.1 0.0 0.0 0.0 0.0 0.0 0.0 0.0 0.0 0.0 0.0 26/05/2015
0.2 0.1 0.1 0.1 0.1 0.1 0.0 0.0 0.0 0.0 0.0 0.0 0.2 0.2 0.1 0.1 0.1 0.1 0.0 0.0 0.0 0.0 0.0 0.0 0.2 0.2 0.2 0.2 27/05/2015
0.0 0.3 0.3 0.3 0.3 0.3 0.4 0.4 0.4 0.4 0.4 0.4 0.0 0.0 0.3 0.3 0.3 0.3 0.4 0.4 0.4 0.4 0.4 0.1 0.0 0.0 0.0 0.0 28/05/2015
4.3 4.7 4.7 4.7 4.7 4.7 2.1 2.1 2.2 2.2 2.5 2.5 4.4 4.4 4.7 4.7 4.7 4.7 2.1 2.1 2.1 2.5 2.4 3.2 4.4 4.4 4.4 4.4 29/05/2015
1.7 0.4 0.4 0.4 0.4 0.4 0.0 0.0 0.0 0.0 0.0 0.0 1.7 1.7 0.4 0.4 0.4 0.4 0.0 0.0 0.0 0.0 0.0 1.4 1.7 1.7 1.7 1.7 30/05/2015
7.5 8.0 8.1 8.0 8.0 8.1 4.9 5.0 5.0 5.1 6.6 6.7 7.6 7.6 8.2 8.1 8.1 8.2 4.8 4.9 4.9 6.5 6.4 4.0 7.6 7.6 7.6 7.6 31/05/2015
0.0 0.2 0.2 0.2 0.2 0.2 0.0 0.0 0.0 0.0 0.0 0.0 0.0 0.0 0.2 0.2 0.2 0.2 0.0 0.0 0.0 0.0 0.0 0.6 0.0 0.0 0.0 0.0 01/06/2015
1.7 0.9 0.9 0.9 0.9 0.9 0.0 0.0 0.0 0.0 0.0 0.0 1.7 1.7 0.9 0.9 0.9 0.9 0.0 0.0 0.0 0.0 0.0 0.9 1.7 1.7 1.7 1.7 02/06/2015
0.0 0.1 0.1 0.1 0.1 0.1 0.0 0.0 0.0 0.0 0.0 0.0 0.0 0.0 0.1 0.1 0.1 0.1 0.0 0.0 0.0 0.0 0.0 0.0 0.0 0.0 0.0 0.0 03/06/2015
0.0 0.1 0.1 0.1 0.1 0.1 0.0 0.0 0.0 0.0 0.0 0.0 0.0 0.0 0.1 0.1 0.1 0.1 0.0 0.0 0.0 0.0 0.0 0.0 0.0 0.0 0.0 0.0 04/06/2015
0.6 1.0 1.0 1.0 1.0 1.0 5.9 5.9 6.0 6.1 4.2 4.2 0.6 0.6 1.0 1.0 1.0 1.0 5.8 5.9 5.9 4.1 4.1 0.8 0.6 0.6 0.6 0.6 05/06/2015
0.0 0.0 0.0 0.0 0.0 0.0 0.0 0.0 0.0 0.0 0.0 0.0 0.0 0.0 0.0 0.0 0.0 0.0 0.0 0.0 0.0 0.0 0.0 0.0 0.0 0.0 0.0 0.0 06/06/2015
0.0 0.0 0.0 0.0 0.0 0.0 0.0 0.0 0.0 0.0 0.0 0.0 0.0 0.0 0.0 0.0 0.0 0.0 0.0 0.0 0.0 0.0 0.0 0.0 0.0 0.0 0.0 0.0 07/06/2015
0.0 0.0 0.0 0.0 0.0 0.0 0.0 0.0 0.0 0.0 0.0 0.0 0.0 0.0 0.0 0.0 0.0 0.0 0.0 0.0 0.0 0.0 0.0 0.0 0.0 0.0 0.0 0.0 08/06/2015
0.0 0.0 0.0 0.0 0.0 0.0 0.0 0.0 0.0 0.0 0.0 0.0 0.0 0.0 0.0 0.0 0.0 0.0 0.0 0.0 0.0 0.0 0.0 0.0 0.0 0.0 0.0 0.0 09/06/2015
0.0 0.1 0.1 0.1 0.1 0.1 0.0 0.0 0.0 0.0 0.0 0.0 0.0 0.0 0.1 0.1 0.1 0.1 0.0 0.0 0.0 0.0 0.0 0.0 0.0 0.0 0.0 0.0 10/06/2015
9.5 8.9 9.0 8.9 8.9 9.0 0.2 0.2 0.2 0.2 0.0 0.0 9.7 9.7 9.1 9.0 9.0 9.0 0.2 0.2 0.2 0.0 0.0 9.6 9.6 9.6 9.7 9.7 11/06/2015
9.0 1.5 1.5 1.5 1.5 1.5 1.9 1.9 2.0 2.0 3.3 3.3 9.1 9.1 1.5 1.5 1.5 1.5 1.9 1.9 1.9 3.2 3.2 9.9 9.0 9.0 9.1 9.1 12/06/2015
0.0 0.2 0.2 0.2 0.2 0.2 0.0 0.0 0.0 0.0 0.0 0.0 0.0 0.0 0.2 0.2 0.2 0.2 0.0 0.0 0.0 0.0 0.0 0.0 0.0 0.0 0.0 0.0 13/06/2015
0.0 0.0 0.0 0.0 0.0 0.0 0.0 0.0 0.0 0.0 0.0 0.0 0.0 0.0 0.0 0.0 0.0 0.0 0.0 0.0 0.0 0.0 0.0 0.0 0.0 0.0 0.0 0.0 14/06/2015
0.0 0.0 0.0 0.0 0.0 0.0 0.0 0.0 0.0 0.0 0.0 0.0 0.0 0.0 0.0 0.0 0.0 0.0 0.0 0.0 0.0 0.0 0.0 0.0 0.0 0.0 0.0 0.0 15/06/2015
0.0 0.0 0.0 0.0 0.0 0.0 0.0 0.0 0.0 0.0 0.0 0.0 0.0 0.0 0.0 0.0 0.0 0.0 0.0 0.0 0.0 0.0 0.0 0.0 0.0 0.0 0.0 0.0 16/06/2015
3.3 1.1 1.1 1.1 1.1 1.1 1.3 1.3 1.3 1.3 1.0 1.0 3.4 3.4 1.1 1.1 1.1 1.1 1.3 1.3 1.3 1.0 1.0 1.6 3.4 3.4 3.4 3.4 17/06/2015
1.7 1.1 1.1 1.1 1.1 1.1 0.5 0.5 0.5 0.5 1.0 1.0 1.7 1.7 1.1 1.1 1.1 1.1 0.5 0.5 0.5 0.9 0.9 1.2 1.7 1.7 1.7 1.7 18/06/2015
0.0 0.3 0.3 0.3 0.3 0.3 0.0 0.0 0.0 0.0 0.0 0.0 0.0 0.0 0.3 0.3 0.3 0.3 0.0 0.0 0.0 0.0 0.0 0.0 0.0 0.0 0.0 0.0 19/06/2015
0.0 0.2 0.2 0.2 0.2 0.2 3.5 3.5 3.6 3.6 6.0 6.0 0.0 0.0 0.2 0.2 0.2 0.2 3.4 3.5 3.5 5.8 5.8 0.0 0.0 0.0 0.0 0.0 20/06/2015
1.0 0.8 0.8 0.8 0.8 0.8 2.5 2.5 2.5 2.5 3.0 3.0 1.0 1.0 0.8 0.8 0.8 0.8 2.5 2.5 2.5 2.9 2.9 0.9 1.0 1.0 1.0 1.0 21/06/2015
10.3 9.1 9.2 9.1 9.1 9.2 16.1 16.3 16.5 16.6 18.2 18.2 10.5 10.5 9.3 9.3 9.2 9.3 15.8 16.1 16.2 17.8 17.7 6.6 10.4 10.4 10.5 10.5 22/06/2015
0.0 0.1 0.1 0.1 0.1 0.1 0.3 0.3 0.3 0.3 0.6 0.6 0.0 0.0 0.1 0.1 0.1 0.1 0.3 0.3 0.3 0.6 0.6 0.0 0.0 0.0 0.0 0.0 23/06/2015
0.0 0.0 0.0 0.0 0.0 0.0 0.0 0.0 0.0 0.0 0.0 0.0 0.0 0.0 0.0 0.0 0.0 0.0 0.0 0.0 0.0 0.0 0.0 0.0 0.0 0.0 0.0 0.0 24/06/2015
0.0 0.0 0.0 0.0 0.0 0.0 0.0 0.0 0.0 0.0 0.0 0.0 0.0 0.0 0.0 0.0 0.0 0.0 0.0 0.0 0.0 0.0 0.0 0.0 0.0 0.0 0.0 0.0 25/06/2015
0.0 0.0 0.0 0.0 0.0 0.0 0.6 0.6 0.6 0.6 0.9 0.9 0.0 0.0 0.0 0.0 0.0 0.0 0.5 0.6 0.6 0.9 0.9 0.0 0.0 0.0 0.0 0.0 26/06/2015
0.0 0.0 0.0 0.0 0.0 0.0 0.0 0.0 0.0 0.0 0.0 0.0 0.0 0.0 0.0 0.0 0.0 0.0 0.0 0.0 0.0 0.0 0.0 0.0 0.0 0.0 0.0 0.0 27/06/2015
0.0 0.0 0.0 0.0 0.0 0.0 0.0 0.0 0.0 0.0 0.0 0.0 0.0 0.0 0.0 0.0 0.0 0.0 0.0 0.0 0.0 0.0 0.0 0.0 0.0 0.0 0.0 0.0 28/06/2015
0.0 0.0 0.0 0.0 0.0 0.0 0.0 0.0 0.0 0.0 0.0 0.0 0.0 0.0 0.0 0.0 0.0 0.0 0.0 0.0 0.0 0.0 0.0 0.0 0.0 0.0 0.0 0.0 29/06/2015
0.0 0.0 0.0 0.0 0.0 0.0 0.0 0.0 0.0 0.0 0.0 0.0 0.0 0.0 0.0 0.0 0.0 0.0 0.0 0.0 0.0 0.0 0.0 0.0 0.0 0.0 0.0 0.0 30/06/2015
0.0 0.0 0.0 0.0 0.0 0.0 0.0 0.0 0.0 0.0 0.0 0.0 0.0 0.0 0.0 0.0 0.0 0.0 0.0 0.0 0.0 0.0 0.0 0.0 0.0 0.0 0.0 0.0 01/07/2015
5.9 3.8 3.8 3.8 3.8 3.8 0.0 0.0 0.0 0.0 0.0 0.0 6.0 6.0 3.9 3.9 3.8 3.9 0.0 0.0 0.0 0.0 0.0 7.0 6.0 6.0 6.0 6.0 02/07/2015
0.6 0.0 0.0 0.0 0.0 0.0 0.0 0.0 0.0 0.0 0.0 0.0 0.6 0.6 0.0 0.0 0.0 0.0 0.0 0.0 0.0 0.0 0.0 0.3 0.6 0.6 0.6 0.7 03/07/2015
1.4 0.3 0.3 0.3 0.3 0.3 0.5 0.5 0.5 0.5 0.1 0.1 1.5 1.5 0.3 0.3 0.3 0.3 0.4 0.5 0.5 0.1 0.1 0.7 1.5 1.5 1.5 1.5 04/07/2015
9.2 11.7 11.8 11.8 11.8 11.8 0.3 0.3 0.3 0.3 1.4 1.4 9.3 9.3 11.9 11.9 11.9 11.9 0.3 0.3 0.3 1.4 1.4 7.2 9.3 9.3 9.3 9.4 05/07/2015
0.0 0.1 0.1 0.1 0.1 0.1 0.0 0.0 0.0 0.0 0.0 0.0 0.0 0.0 0.1 0.1 0.1 0.1 0.0 0.0 0.0 0.0 0.0 0.0 0.0 0.0 0.0 0.0 06/07/2015
0.5 0.8 0.9 0.8 0.8 0.9 3.0 3.0 3.1 3.1 0.9 1.0 0.5 0.5 0.9 0.9 0.9 0.9 2.9 3.0 3.0 0.8 0.8 0.2 0.5 0.5 0.5 0.5 07/07/2015
0.1 0.9 0.9 0.9 0.9 0.9 2.7 2.7 2.8 2.8 2.1 2.1 0.1 0.1 0.9 0.9 0.9 0.9 2.7 2.7 2.7 2.1 2.0 0.1 0.1 0.1 0.1 0.1 08/07/2015
0.0 0.0 0.0 0.0 0.0 0.0 0.0 0.0 0.0 0.0 0.0 0.0 0.0 0.0 0.0 0.0 0.0 0.0 0.0 0.0 0.0 0.0 0.0 0.0 0.0 0.0 0.0 0.0 09/07/2015
0.0 0.0 0.0 0.0 0.0 0.0 0.0 0.0 0.0 0.0 0.0 0.0 0.0 0.0 0.0 0.0 0.0 0.0 0.0 0.0 0.0 0.0 0.0 0.0 0.0 0.0 0.0 0.0 10/07/2015
0.0 0.0 0.0 0.0 0.0 0.0 0.0 0.0 0.0 0.0 0.0 0.0 0.0 0.0 0.0 0.0 0.0 0.0 0.0 0.0 0.0 0.0 0.0 0.0 0.0 0.0 0.0 0.0 11/07/2015
3.0 1.2 1.2 1.2 1.2 1.2 1.9 2.0 2.0 2.0 2.0 2.0 3.0 3.0 1.2 1.2 1.2 1.2 1.9 1.9 1.9 2.0 2.0 1.7 3.0 3.0 3.0 3.0 12/07/2015
0.9 1.1 1.1 1.1 1.1 1.1 0.5 0.5 0.5 0.5 0.4 0.4 0.9 0.9 1.1 1.1 1.1 1.1 0.4 0.5 0.5 0.4 0.4 0.1 0.9 0.9 0.9 0.9 13/07/2015
0.0 0.1 0.1 0.1 0.1 0.1 0.1 0.1 0.1 0.1 0.0 0.0 0.0 0.0 0.1 0.1 0.1 0.1 0.1 0.1 0.1 0.0 0.0 0.0 0.0 0.0 0.0 0.0 14/07/2015
0.0 0.0 0.0 0.0 0.0 0.0 0.0 0.0 0.0 0.0 0.0 0.0 0.0 0.0 0.0 0.0 0.0 0.0 0.0 0.0 0.0 0.0 0.0 0.2 0.0 0.0 0.0 0.0 15/07/2015
0.0 0.0 0.0 0.0 0.0 0.0 0.0 0.0 0.0 0.0 0.2 0.2 0.0 0.0 0.0 0.0 0.0 0.0 0.0 0.0 0.0 0.2 0.2 0.0 0.0 0.0 0.0 0.0 16/07/2015
4.1 1.8 1.9 1.8 1.9 1.9 0.0 0.0 0.0 0.0 0.0 0.0 4.2 4.2 1.9 1.9 1.9 1.9 0.0 0.0 0.0 0.0 0.0 2.6 4.2 4.2 4.2 4.2 17/07/2015
3.0 4.4 4.4 4.4 4.4 4.4 20.5 20.8 21.0 21.2 8.6 8.6 3.1 3.1 4.4 4.4 4.4 4.4 20.2 20.5 20.7 8.4 8.3 2.8 3.1 3.1 3.1 3.1 18/07/2015
3.5 2.5 2.5 2.5 2.5 2.5 1.2 1.2 1.3 1.3 0.8 0.8 3.6 3.6 2.5 2.5 2.5 2.5 1.2 1.2 1.2 0.7 0.6 1.6 3.6 3.6 3.6 3.6 19/07/2015
3.6 1.8 1.8 1.8 1.8 1.8 2.1 2.1 2.2 2.2 0.9 0.9 3.6 3.6 1.8 1.8 1.8 1.8 2.1 2.1 2.1 0.9 0.9 2.4 3.6 3.6 3.7 3.7 20/07/2015
0.2 0.3 0.3 0.3 0.3 0.3 0.0 0.0 0.0 0.0 0.0 0.0 0.3 0.3 0.3 0.3 0.3 0.3 0.0 0.0 0.0 0.0 0.0 0.8 0.3 0.3 0.3 0.3 21/07/2015
0.0 0.2 0.2 0.2 0.2 0.2 0.1 0.1 0.1 0.1 0.0 0.0 0.0 0.0 0.2 0.2 0.2 0.2 0.1 0.1 0.1 0.0 0.0 0.0 0.0 0.0 0.0 0.0 22/07/2015
0.1 0.2 0.2 0.2 0.2 0.2 0.0 0.0 0.0 0.0 0.0 0.0 0.1 0.1 0.2 0.2 0.2 0.2 0.0 0.0 0.0 0.0 0.0 0.4 0.1 0.1 0.1 0.1 23/07/2015
8.9 10.3 10.4 10.4 10.4 10.4 4.3 4.3 4.4 4.4 2.9 2.9 9.0 9.0 10.5 10.5 10.5 10.5 4.2 4.3 4.3 2.9 2.8 4.1 9.0 9.0 9.0 9.1 24/07/2015
0.0 0.2 0.2 0.2 0.2 0.2 0.9 1.0 1.0 1.0 1.7 1.7 0.0 0.0 0.2 0.2 0.2 0.2 0.9 0.9 1.0 1.6 1.6 0.0 0.0 0.0 0.0 0.0 25/07/2015
14.7 10.4 10.4 10.4 10.4 10.4 11.4 11.5 11.7 11.8 14.2 14.2 14.9 14.9 10.5 10.5 10.5 10.5 11.2 11.4 11.5 13.9 13.8 12.0 14.8 14.8 14.9 15.0 26/07/2015
1.0 1.5 1.5 1.5 1.5 1.5 1.1 1.1 1.1 1.1 1.2 1.2 1.0 1.0 1.5 1.5 1.5 1.5 1.1 1.1 1.1 1.2 1.2 1.1 1.0 1.0 1.0 1.0 27/07/2015
0.1 0.4 0.4 0.4 0.4 0.4 0.5 0.5 0.5 0.5 0.0 0.0 0.1 0.1 0.4 0.4 0.4 0.4 0.5 0.5 0.5 0.0 0.0 0.3 0.1 0.1 0.1 0.1 28/07/2015
0.0 0.5 0.5 0.5 0.5 0.5 0.4 0.4 0.4 0.4 0.0 0.0 0.0 0.0 0.6 0.6 0.6 0.6 0.4 0.4 0.4 0.0 0.0 0.3 0.0 0.0 0.0 0.0 29/07/2015
0.0 0.1 0.1 0.1 0.1 0.1 2.9 3.0 3.0 3.0 1.4 1.4 0.0 0.0 0.1 0.1 0.1 0.1 2.9 2.9 2.9 1.4 1.4 0.0 0.0 0.0 0.0 0.0 30/07/2015
0.1 0.1 0.1 0.1 0.1 0.1 0.0 0.0 0.0 0.0 0.0 0.0 0.2 0.2 0.1 0.1 0.1 0.1 0.0 0.0 0.0 0.0 0.0 0.0 0.2 0.2 0.2 0.2 31/07/2015
