# 460 461 462 463 464 465 489 490 491 492 493 494 518 519 520 521 522 523 547 548 549 550 551 575 576 577 578 579 Date
0.0 0.0 0.0 0.0 0.0 0.0 15.2 15.4 15.6 15.8 22.0 22.0 0.0 0.0 0.0 0.0 0.0 0.0 15.0 15.3 15.4 21.5 21.4 1.0 0.0 0.0 0.0 0.0 01/08/1981
0.0 0.0 0.0 0.0 0.0 0.0 5.0 5.0 5.1 5.1 1.4 1.4 0.0 0.0 0.0 0.0 0.0 0.0 4.9 5.0 5.0 1.2 1.1 0.0 0.0 0.0 0.0 0.0 02/08/1981
0.0 0.0 0.0 0.0 0.0 0.0 0.0 0.0 0.0 0.0 0.0 0.0 0.0 0.0 0.0 0.0 0.0 0.0 0.0 0.0 0.0 0.0 0.0 0.0 0.0 0.0 0.0 0.0 03/08/1981
0.0 0.0 0.0 0.0 0.0 0.0 0.0 0.0 0.0 0.0 0.0 0.0 0.0 0.0 0.0 0.0 0.0 0.0 0.0 0.0 0.0 0.0 0.0 0.0 0.0 0.0 0.0 0.0 04/08/1981
0.0 0.0 0.0 0.0 0.0 0.0 0.0 0.0 0.0 0.0 0.0 0.0 0.0 0.0 0.0 0.0 0.0 0.0 0.0 0.0 0.0 0.0 0.0 2.9 0.0 0.0 0.0 0.0 05/08/1981
0.0 0.0 0.0 0.0 0.0 0.0 1.0 1.0 1.0 1.1 0.8 0.8 0.0 0.0 0.0 0.0 0.0 0.0 1.0 1.0 1.0 0.8 0.8 0.0 0.0 0.0 0.0 0.0 06/08/1981
0.0 0.0 0.0 0.0 0.0 0.0 0.0 0.0 0.0 0.0 0.0 0.0 0.0 0.0 0.0 0.0 0.0 0.0 0.0 0.0 0.0 0.0 0.0 0.0 0.0 0.0 0.0 0.0 07/08/1981
0.0 0.0 0.0 0.0 0.0 0.0 0.0 0.0 0.0 0.0 0.0 0.0 0.0 0.0 0.0 0.0 0.0 0.0 0.0 0.0 0.0 0.0 0.0 0.0 0.0 0.0 0.0 0.0 08/08/1981
1.3 3.7 3.7 3.7 3.7 3.7 8.2 8.3 8.4 8.4 6.4 6.4 1.3 1.3 3.7 3.7 3.7 3.7 8.1 8.2 8.2 6.2 6.2 0.6 1.3 1.3 1.3 1.3 09/08/1981
0.0 0.7 0.7 0.7 0.7 0.7 4.1 4.2 4.2 4.3 10.9 10.9 0.0 0.0 0.7 0.7 0.7 0.7 4.0 4.1 4.1 10.7 10.6 0.0 0.0 0.0 0.0 0.0 10/08/1981
0.0 0.0 0.0 0.0 0.0 0.0 0.0 0.0 0.0 0.0 0.0 0.0 0.0 0.0 0.0 0.0 0.0 0.0 0.0 0.0 0.0 0.0 0.0 0.0 0.0 0.0 0.0 0.0 11/08/1981
0.0 0.0 0.0 0.0 0.0 0.0 0.0 0.0 0.0 0.0 0.0 0.0 0.0 0.0 0.0 0.0 0.0 0.0 0.0 0.0 0.0 0.0 0.0 0.0 0.0 0.0 0.0 0.0 12/08/1981
0.0 0.0 0.0 0.0 0.0 0.0 0.0 0.0 0.0 0.0 0.0 0.0 0.0 0.0 0.0 0.0 0.0 0.0 0.0 0.0 0.0 0.0 0.0 0.0 0.0 0.0 0.0 0.0 13/08/1981
0.0 0.0 0.0 0.0 0.0 0.0 0.0 0.0 0.0 0.0 0.0 0.0 0.0 0.0 0.0 0.0 0.0 0.0 0.0 0.0 0.0 0.0 0.0 0.0 0.0 0.0 0.0 0.0 14/08/1981
0.0 0.0 0.0 0.0 0.0 0.0 0.0 0.0 0.0 0.0 0.0 0.0 0.0 0.0 0.0 0.0 0.0 0.0 0.0 0.0 0.0 0.0 0.0 0.1 0.0 0.0 0.0 0.0 15/08/1981
0.0 0.0 0.0 0.0 0.0 0.0 0.0 0.0 0.0 0.0 0.0 0.0 0.0 0.0 0.0 0.0 0.0 0.0 0.0 0.0 0.0 0.0 0.0 0.0 0.0 0.0 0.0 0.0 16/08/1981
0.0 0.0 0.0 0.0 0.0 0.0 0.0 0.0 0.0 0.0 0.0 0.0 0.0 0.0 0.0 0.0 0.0 0.0 0.0 0.0 0.0 0.0 0.0 0.0 0.0 0.0 0.0 0.0 17/08/1981
0.0 0.0 0.0 0.0 0.0 0.0 0.0 0.0 0.0 0.0 0.0 0.0 0.0 0.0 0.0 0.0 0.0 0.0 0.0 0.0 0.0 0.0 0.0 0.0 0.0 0.0 0.0 0.0 18/08/1981
3.3 3.2 3.2 3.2 3.2 3.2 0.9 0.9 0.9 0.9 0.0 0.0 3.4 3.4 3.3 3.3 3.3 3.3 0.9 0.9 0.9 0.0 0.0 2.6 3.3 3.3 3.4 3.4 19/08/1981
10.2 10.1 10.2 10.1 10.1 10.2 19.0 19.2 19.5 19.7 20.7 20.8 10.4 10.4 10.3 10.3 10.3 10.3 18.7 19.0 19.2 20.3 20.1 5.3 10.3 10.3 10.4 10.4 20/08/1981
1.5 1.3 1.3 1.3 1.3 1.3 1.3 1.3 1.3 1.4 0.3 0.3 1.5 1.5 1.3 1.3 1.3 1.3 1.3 1.3 1.3 0.3 0.3 0.8 1.5 1.5 1.5 1.5 21/08/1981
0.5 0.9 0.9 0.9 0.9 0.9 5.2 5.2 5.3 5.3 5.9 5.9 0.5 0.5 0.9 0.9 0.9 0.9 5.1 5.2 5.2 5.7 5.7 0.3 0.5 0.5 0.5 0.5 22/08/1981
0.0 0.0 0.0 0.0 0.0 0.0 0.0 0.0 0.0 0.0 0.0 0.0 0.0 0.0 0.0 0.0 0.0 0.0 0.0 0.0 0.0 0.0 0.0 0.0 0.0 0.0 0.0 0.0 23/08/1981
0.0 0.0 0.0 0.0 0.0 0.0 0.0 0.0 0.0 0.0 0.0 0.0 0.0 0.0 0.0 0.0 0.0 0.0 0.0 0.0 0.0 0.0 0.0 0.0 0.0 0.0 0.0 0.0 24/08/1981
0.0 0.0 0.0 0.0 0.0 0.0 0.0 0.0 0.0 0.0 0.0 0.0 0.0 0.0 0.0 0.0 0.0 0.0 0.0 0.0 0.0 0.0 0.0 0.0 0.0 0.0 0.0 0.0 25/08/1981
0.0 0.0 0.0 0.0 0.0 0.0 0.0 0.0 0.0 0.0 0.0 0.0 0.0 0.0 0.0 0.0 0.0 0.0 0.0 0.0 0.0 0.0 0.0 0.0 0.0 0.0 0.0 0.0 26/08/1981
0.0 0.0 0.0 0.0 0.0 0.0 0.0 0.0 0.0 0.0 0.0 0.0 0.0 0.0 0.0 0.0 0.0 0.0 0.0 0.0 0.0 0.0 0.0 0.0 0.0 0.0 0.0 0.0 27/08/1981
0.0 0.0 0.0 0.0 0.0 0.0 0.0 0.0 0.0 0.0 0.0 0.0 0.0 0.0 0.0 0.0 0.0 0.0 0.0 0.0 0.0 0.0 0.0 0.0 0.0 0.0 0.0 0.0 28/08/1981
0.0 0.0 0.0 0.0 0.0 0.0 0.0 0.0 0.0 0.0 0.0 0.0 0.0 0.0 0.0 0.0 0.0 0.0 0.0 0.0 0.0 0.0 0.0 0.0 0.0 0.0 0.0 0.0 29/08/1981
0.0 0.0 0.0 0.0 0.0 0.0 0.0 0.0 0.0 0.0 0.0 0.0 0.0 0.0 0.0 0.0 0.0 0.0 0.0 0.0 0.0 0.0 0.0 0.0 0.0 0.0 0.0 0.0 30/08/1981
0.0 0.0 0.0 0.0 0.0 0.0 0.1 0.1 0.1 0.1 1.3 1.3 0.0 0.0 0.0 0.0 0.0 0.0 0.1 0.1 0.1 1.3 1.3 0.0 0.0 0.0 0.0 0.0 31/08/1981
0.0 0.0 0.0 0.0 0.0 0.0 0.0 0.0 0.0 0.0 0.0 0.0 0.0 0.0 0.0 0.0 0.0 0.0 0.0 0.0 0.0 0.0 0.0 0.0 0.0 0.0 0.0 0.0 01/09/1981
0.0 0.0 0.0 0.0 0.0 0.0 0.0 0.0 0.0 0.0 0.0 0.0 0.0 0.0 0.0 0.0 0.0 0.0 0.0 0.0 0.0 0.0 0.0 0.0 0.0 0.0 0.0 0.0 02/09/1981
0.0 0.0 0.0 0.0 0.0 0.0 0.0 0.0 0.0 0.0 0.0 0.0 0.0 0.0 0.0 0.0 0.0 0.0 0.0 0.0 0.0 0.0 0.0 0.0 0.0 0.0 0.0 0.0 03/09/1981
0.0 0.0 0.0 0.0 0.0 0.0 0.0 0.0 0.0 0.0 0.0 0.0 0.0 0.0 0.0 0.0 0.0 0.0 0.0 0.0 0.0 0.0 0.0 0.0 0.0 0.0 0.0 0.0 04/09/1981
0.0 0.0 0.0 0.0 0.0 0.0 0.0 0.0 0.0 0.0 0.0 0.0 0.0 0.0 0.0 0.0 0.0 0.0 0.0 0.0 0.0 0.0 0.0 0.0 0.0 0.0 0.0 0.0 05/09/1981
0.0 0.0 0.0 0.0 0.0 0.0 0.0 0.0 0.0 0.0 0.0 0.0 0.0 0.0 0.0 0.0 0.0 0.0 0.0 0.0 0.0 0.0 0.0 0.0 0.0 0.0 0.0 0.0 06/09/1981
0.0 0.1 0.1 0.1 0.1 0.1 1.0 1.0 1.0 1.0 1.0 1.0 0.0 0.0 0.2 0.2 0.2 0.2 1.0 1.0 1.0 0.9 0.9 0.1 0.0 0.0 0.0 0.0 07/09/1981
0.0 0.0 0.0 0.0 0.0 0.0 0.1 0.1 0.1 0.1 0.0 0.0 0.0 0.0 0.0 0.0 0.0 0.0 0.1 0.1 0.1 0.0 0.0 0.0 0.0 0.0 0.0 0.0 08/09/1981
0.0 0.0 0.0 0.0 0.0 0.0 0.0 0.0 0.0 0.0 0.0 0.0 0.0 0.0 0.0 0.0 0.0 0.0 0.0 0.0 0.0 0.0 0.0 0.0 0.0 0.0 0.0 0.0 09/09/1981
4.5 1.6 1.6 1.6 1.6 1.6 0.2 0.2 0.2 0.2 1.1 1.1 4.6 4.6 1.6 1.6 1.6 1.6 0.2 0.2 0.2 1.1 1.1 3.2 4.6 4.6 4.6 4.6 10/09/1981
0.7 1.5 1.5 1.5 1.5 1.5 0.9 0.9 0.9 0.9 1.8 1.8 0.7 0.7 1.5 1.5 1.5 1.5 0.9 0.9 0.9 1.8 1.8 0.4 0.7 0.7 0.7 0.7 11/09/1981
21.1 16.3 16.4 16.3 16.3 16.4 4.9 4.9 5.0 5.1 4.1 4.1 21.4 21.4 16.6 16.5 16.5 16.6 4.8 4.9 4.9 4.0 4.0 11.1 21.3 21.3 21.4 21.5 12/09/1981
3.0 6.1 6.2 6.1 6.1 6.2 5.6 5.7 5.7 5.8 4.0 4.1 3.0 3.0 6.2 6.2 6.2 6.2 5.5 5.6 5.7 4.0 3.9 1.5 3.0 3.0 3.0 3.0 13/09/1981
8.3 8.0 8.0 8.0 8.0 8.0 14.1 14.3 14.5 14.7 11.2 11.2 8.4 8.4 8.1 8.1 8.1 8.1 13.9 14.2 14.3 10.9 10.8 3.1 8.3 8.3 8.4 8.4 14/09/1981
0.2 2.2 2.3 2.3 2.3 2.3 3.1 3.1 3.1 3.2 6.8 6.8 0.2 0.2 2.3 2.3 2.3 2.3 3.0 3.1 3.1 6.6 6.6 0.2 0.2 0.2 0.2 0.2 15/09/1981
0.0 0.0 0.0 0.0 0.0 0.0 0.0 0.0 0.0 0.0 0.0 0.0 0.0 0.0 0.0 0.0 0.0 0.0 0.0 0.0 0.0 0.0 0.0 0.0 0.0 0.0 0.0 0.0 16/09/1981
0.3 0.7 0.7 0.7 0.7 0.7 0.0 0.0 0.0 0.0 0.0 0.0 0.3 0.3 0.7 0.7 0.7 0.7 0.0 0.0 0.0 0.0 0.0 0.0 0.3 0.3 0.3 0.3 17/09/1981
5.1 6.5 6.5 6.5 6.5 6.5 11.0 11.2 11.3 11.4 8.5 8.5 5.1 5.1 6.6 6.6 6.6 6.6 10.9 11.0 11.1 8.3 8.3 2.4 5.1 5.1 5.1 5.2 18/09/1981
22.8 25.1 25.3 25.1 25.2 25.3 2.2 2.2 2.2 2.3 2.8 2.9 23.1 23.1 25.5 25.5 25.5 25.5 2.2 2.2 2.2 2.8 2.8 17.9 22.9 22.9 23.1 23.2 19/09/1981
24.1 30.9 31.1 30.9 30.9 31.1 11.5 11.7 11.8 11.9 5.7 5.8 24.4 24.4 31.4 31.3 31.3 31.4 11.4 11.5 11.6 5.6 5.6 21.8 24.2 24.2 24.4 24.5 20/09/1981
0.0 0.2 0.2 0.2 0.2 0.2 10.4 10.5 10.7 10.8 17.4 17.4 0.0 0.0 0.2 0.2 0.2 0.2 10.2 10.4 10.5 17.0 16.9 0.4 0.0 0.0 0.0 0.0 21/09/1981
7.3 4.4 4.4 4.4 4.4 4.4 3.8 3.8 3.8 3.9 4.0 4.0 7.4 7.4 4.5 4.5 4.5 4.5 3.7 3.8 3.8 3.9 3.9 11.1 7.3 7.3 7.4 7.4 22/09/1981
0.0 0.4 0.4 0.4 0.4 0.4 0.0 0.0 0.0 0.0 0.1 0.1 0.0 0.0 0.4 0.4 0.4 0.4 0.0 0.0 0.0 0.1 0.1 0.0 0.0 0.0 0.0 0.0 23/09/1981
12.7 9.7 9.7 9.7 9.7 9.7 0.0 0.0 0.0 0.0 0.3 0.3 12.9 12.9 9.8 9.8 9.8 9.8 0.0 0.0 0.0 0.2 0.2 13.8 12.8 12.8 12.9 13.0 24/09/1981
5.9 7.2 7.2 7.2 7.2 7.2 4.5 4.6 4.6 4.7 5.0 5.0 6.0 6.0 7.3 7.3 7.3 7.3 4.4 4.5 4.5 4.9 4.8 4.8 6.0 6.0 6.0 6.0 25/09/1981
8.9 8.4 8.5 8.4 8.4 8.5 1.6 1.6 1.6 1.7 4.2 4.2 9.1 9.1 8.6 8.5 8.5 8.6 1.6 1.6 1.6 4.1 4.1 7.0 9.0 9.0 9.1 9.1 26/09/1981
0.5 3.1 3.1 3.1 3.1 3.1 2.0 2.0 2.0 2.0 0.9 0.9 0.6 0.6 3.1 3.1 3.1 3.1 1.9 2.0 2.0 0.9 0.9 0.8 0.6 0.6 0.6 0.6 27/09/1981
0.1 0.2 0.2 0.2 0.2 0.2 0.0 0.0 0.0 0.0 0.0 0.0 0.1 0.1 0.2 0.2 0.2 0.2 0.0 0.0 0.0 0.0 0.0 0.0 0.1 0.1 0.1 0.1 28/09/1981
0.3 0.0 0.0 0.0 0.0 0.0 0.0 0.0 0.0 0.0 0.0 0.0 0.3 0.3 0.0 0.0 0.0 0.0 0.0 0.0 0.0 0.0 0.0 0.1 0.3 0.3 0.3 0.3 29/09/1981
0.5 0.1 0.1 0.1 0.1 0.1 0.0 0.0 0.0 0.0 0.0 0.0 0.5 0.5 0.1 0.1 0.1 0.1 0.0 0.0 0.0 0.0 0.0 0.0 0.5 0.5 0.5 0.5 30/09/1981
0.9 0.1 0.1 0.1 0.1 0.1 0.0 0.0 0.0 0.0 0.0 0.0 0.9 0.9 0.2 0.2 0.2 0.2 0.0 0.0 0.0 0.0 0.0 0.9 0.9 0.9 0.9 0.9 01/10/1981
4.6 3.3 3.3 3.3 3.3 3.3 8.2 8.2 8.3 8.4 10.3 10.4 4.7 4.7 3.3 3.3 3.3 3.3 8.0 8.2 8.2 10.1 10.0 2.0 4.7 4.7 4.7 4.7 02/10/1981
5.5 2.5 2.5 2.5 2.5 2.5 0.1 0.1 0.2 0.2 1.3 1.3 5.6 5.6 2.5 2.5 2.5 2.5 0.1 0.1 0.1 1.3 1.3 7.1 5.6 5.6 5.6 5.6 03/10/1981
0.0 0.1 0.1 0.1 0.1 0.1 1.6 1.6 1.6 1.6 3.8 3.8 0.0 0.0 0.1 0.1 0.1 0.1 1.5 1.6 1.6 3.7 3.7 0.0 0.0 0.0 0.0 0.0 04/10/1981
1.9 3.5 3.5 3.5 3.5 3.5 17.1 17.3 17.5 17.7 10.0 10.0 1.9 1.9 3.6 3.5 3.5 3.6 16.9 17.1 17.3 9.8 9.7 0.7 1.9 1.9 1.9 1.9 05/10/1981
8.3 13.4 13.4 13.4 13.4 13.4 13.6 13.7 13.9 14.0 16.3 16.4 8.4 8.4 13.6 13.6 13.5 13.6 13.4 13.6 13.7 16.0 15.9 8.0 8.3 8.3 8.4 8.4 06/10/1981
0.5 0.4 0.4 0.4 0.4 0.4 0.0 0.0 0.0 0.0 0.1 0.1 0.5 0.5 0.4 0.4 0.4 0.4 0.0 0.0 0.0 0.1 0.1 0.5 0.5 0.5 0.5 0.5 07/10/1981
2.1 0.9 0.9 0.9 0.9 0.9 0.0 0.0 0.0 0.0 0.0 0.0 2.1 2.1 1.0 1.0 1.0 1.0 0.0 0.0 0.0 0.0 0.0 1.1 2.1 2.1 2.1 2.1 08/10/1981
7.4 9.6 9.6 9.6 9.6 9.7 4.3 4.3 4.4 4.4 5.7 5.7 7.5 7.5 9.7 9.7 9.7 9.7 4.2 4.3 4.3 5.6 5.6 3.4 7.5 7.5 7.6 7.6 09/10/1981
29.5 23.4 23.6 23.5 23.5 23.6 17.9 18.1 18.3 18.5 23.7 23.8 29.9 29.9 23.8 23.8 23.8 23.8 17.6 17.9 18.0 23.2 23.0 23.0 29.7 29.7 29.9 30.0 10/10/1981
8.4 6.1 6.1 6.1 6.1 6.1 1.9 1.9 2.0 2.0 1.4 1.4 8.5 8.5 6.2 6.2 6.2 6.2 1.9 1.9 1.9 1.3 1.3 7.5 8.4 8.4 8.5 8.5 11/10/1981
2.6 3.0 3.1 3.0 3.0 3.1 2.9 2.9 3.0 3.0 3.6 3.6 2.7 2.7 3.1 3.1 3.1 3.1 2.9 2.9 2.9 3.5 3.5 2.1 2.6 2.6 2.7 2.7 12/10/1981
0.6 0.3 0.3 0.3 0.3 0.3 0.0 0.0 0.0 0.0 0.7 0.7 0.6 0.6 0.3 0.3 0.3 0.3 0.0 0.0 0.0 0.7 0.7 0.0 0.6 0.6 0.6 0.6 13/10/1981
16.4 24.3 24.4 24.3 24.3 24.5 14.8 15.0 15.2 15.3 14.4 14.5 16.6 16.6 24.7 24.6 24.6 24.7 14.6 14.8 14.9 14.1 14.0 12.9 16.5 16.5 16.7 16.7 14/10/1981
5.3 5.9 6.0 5.9 5.9 6.0 8.8 8.9 9.0 9.1 7.5 7.6 5.3 5.3 6.0 6.0 6.0 6.0 8.6 8.8 8.8 7.4 7.3 6.2 5.3 5.3 5.3 5.3 15/10/1981
2.5 1.5 1.5 1.5 1.5 1.5 1.2 1.2 1.2 1.2 1.6 1.6 2.5 2.5 1.6 1.5 1.5 1.5 1.2 1.2 1.2 1.5 1.5 2.4 2.5 2.5 2.5 2.5 16/10/1981
2.3 3.3 3.3 3.3 3.3 3.3 5.6 5.7 5.8 5.8 12.7 12.8 2.3 2.3 3.3 3.3 3.3 3.3 5.5 5.6 5.7 12.5 12.4 0.1 2.3 2.3 2.3 2.3 17/10/1981
1.0 1.4 1.4 1.4 1.4 1.4 1.7 1.8 1.8 1.8 4.9 4.9 1.0 1.0 1.4 1.4 1.4 1.4 1.7 1.8 1.8 4.8 4.8 0.7 1.0 1.0 1.0 1.0 18/10/1981
17.3 9.7 9.7 9.7 9.7 9.7 17.0 17.2 17.4 17.6 18.9 19.0 17.5 17.5 9.8 9.8 9.8 9.8 16.7 17.0 17.1 18.5 18.4 10.4 17.4 17.4 17.5 17.6 19/10/1981
8.0 7.6 7.7 7.6 7.7 7.7 10.7 10.8 11.0 11.1 14.8 14.8 8.1 8.1 7.8 7.8 7.7 7.8 10.6 10.7 10.8 14.4 14.3 5.7 8.1 8.1 8.1 8.1 20/10/1981
7.9 10.1 10.1 10.1 10.1 10.1 3.5 3.5 3.6 3.6 3.0 3.0 8.0 8.0 10.2 10.2 10.2 10.2 3.5 3.5 3.5 2.9 2.9 4.3 8.0 8.0 8.0 8.1 21/10/1981
1.4 2.7 2.7 2.7 2.7 2.7 10.5 10.7 10.8 10.9 7.7 7.8 1.5 1.5 2.8 2.8 2.8 2.8 10.4 10.6 10.6 7.6 7.5 2.8 1.5 1.5 1.5 1.5 22/10/1981
0.0 0.2 0.2 0.2 0.2 0.2 0.1 0.1 0.1 0.1 0.2 0.2 0.0 0.0 0.2 0.2 0.2 0.2 0.1 0.1 0.1 0.2 0.2 0.0 0.0 0.0 0.0 0.0 23/10/1981
12.1 8.2 8.2 8.2 8.2 8.2 7.6 7.7 7.8 7.8 5.9 5.9 12.3 12.3 8.3 8.3 8.3 8.3 7.5 7.6 7.6 5.8 5.8 10.8 12.2 12.2 12.3 12.3 24/10/1981
27.7 22.6 22.8 22.7 22.7 22.8 8.4 8.5 8.6 8.7 8.7 8.7 28.1 28.1 23.0 23.0 23.0 23.0 8.3 8.4 8.5 8.5 8.5 13.2 27.9 27.9 28.1 28.2 25/10/1981
2.8 11.0 11.0 11.0 11.0 11.0 0.2 0.2 0.2 0.2 0.0 0.0 2.9 2.9 11.2 11.1 11.1 11.2 0.2 0.2 0.2 0.0 0.0 1.2 2.8 2.8 2.9 2.9 26/10/1981
7.3 5.7 5.7 5.7 5.7 5.7 2.5 2.6 2.6 2.6 1.3 1.3 7.4 7.4 5.8 5.8 5.8 5.8 2.5 2.5 2.6 1.3 1.3 3.2 7.4 7.4 7.4 7.5 27/10/1981
18.8 16.4 16.5 16.4 16.4 16.5 7.0 7.1 7.1 7.2 7.0 7.1 19.0 19.0 16.7 16.6 16.6 16.7 6.9 7.0 7.0 6.9 6.8 10.1 18.9 18.9 19.0 19.1 28/10/1981
1.8 6.8 6.8 6.8 6.8 6.8 7.9 8.0 8.1 8.1 10.3 10.3 1.8 1.8 6.9 6.9 6.9 6.9 7.7 7.9 7.9 10.1 10.0 0.6 1.8 1.8 1.8 1.8 29/10/1981
1.8 3.7 3.7 3.7 3.7 3.7 2.7 2.8 2.8 2.8 5.2 5.2 1.9 1.9 3.8 3.8 3.8 3.8 2.7 2.7 2.7 5.1 5.0 0.1 1.8 1.8 1.9 1.9 30/10/1981
4.8 3.6 3.6 3.6 3.6 3.6 2.4 2.4 2.4 2.5 3.0 3.0 4.9 4.9 3.6 3.6 3.6 3.6 2.3 2.4 2.4 2.9 2.9 2.9 4.9 4.9 4.9 4.9 31/10/1981
0.1 0.2 0.2 0.2 0.2 0.2 0.7 0.7 0.7 0.7 1.1 1.1 0.1 0.1 0.2 0.2 0.2 0.2 0.7 0.7 0.7 1.1 1.1 0.0 0.1 0.1 0.1 0.1 01/11/1981
0.0 0.1 0.1 0.1 0.1 0.1 0.2 0.2 0.2 0.2 0.3 0.3 0.0 0.0 0.1 0.1 0.1 0.1 0.2 0.2 0.2 0.3 0.3 0.0 0.0 0.0 0.0 0.0 02/11/1981
0.0 0.0 0.0 0.0 0.0 0.0 0.0 0.0 0.0 0.0 0.0 0.0 0.0 0.0 0.0 0.0 0.0 0.0 0.0 0.0 0.0 0.0 0.0 0.0 0.0 0.0 0.0 0.0 03/11/1981
0.0 0.0 0.0 0.0 0.0 0.0 0.2 0.2 0.2 0.2 0.2 0.2 0.0 0.0 0.0 0.0 0.0 0.0 0.2 0.2 0.2 0.2 0.2 0.0 0.0 0.0 0.0 0.0 04/11/1981
0.0 0.0 0.0 0.0 0.0 0.0 0.0 0.0 0.0 0.0 0.0 0.0 0.0 0.0 0.0 0.0 0.0 0.0 0.0 0.0 0.0 0.0 0.0 0.0 0.0 0.0 0.0 0.0 05/11/1981
0.0 0.0 0.0 0.0 0.0 0.0 0.0 0.0 0.0 0.0 0.0 0.0 0.0 0.0 0.0 0.0 0.0 0.0 0.0 0.0 0.0 0.0 0.0 0.0 0.0 0.0 0.0 0.0 06/11/1981
0.0 0.0 0.0 0.0 0.0 0.0 0.0 0.0 0.0 0.0 0.0 0.0 0.0 0.0 0.0 0.0 0.0 0.0 0.0 0.0 0.0 0.0 0.0 0.0 0.0 0.0 0.0 0.0 07/11/1981
0.0 0.0 0.0 0.0 0.0 0.0 0.0 0.0 0.0 0.0 0.0 0.0 0.0 0.0 0.0 0.0 0.0 0.0 0.0 0.0 0.0 0.0 0.0 0.0 0.0 0.0 0.0 0.0 08/11/1981
0.0 0.0 0.0 0.0 0.0 0.0 0.0 0.0 0.0 0.0 0.0 0.0 0.0 0.0 0.0 0.0 0.0 0.0 0.0 0.0 0.0 0.0 0.0 0.0 0.0 0.0 0.0 0.0 09/11/1981
0.0 0.0 0.0 0.0 0.0 0.0 0.0 0.0 0.0 0.0 0.0 0.0 0.0 0.0 0.0 0.0 0.0 0.0 0.0 0.0 0.0 0.0 0.0 0.0 0.0 0.0 0.0 0.0 10/11/1981
3.6 3.5 3.5 3.5 3.5 3.5 3.7 3.8 3.8 3.9 3.8 3.8 3.6 3.6 3.5 3.5 3.5 3.5 3.7 3.8 3.8 3.7 3.7 3.5 3.6 3.6 3.6 3.7 11/11/1981
0.0 0.2 0.2 0.2 0.2 0.2 0.0 0.0 0.0 0.0 0.0 0.0 0.0 0.0 0.2 0.2 0.2 0.2 0.0 0.0 0.0 0.0 0.0 0.0 0.0 0.0 0.0 0.0 12/11/1981
0.0 0.0 0.0 0.0 0.0 0.0 0.2 0.2 0.2 0.2 1.2 1.2 0.0 0.0 0.0 0.0 0.0 0.0 0.2 0.2 0.2 1.2 1.2 0.0 0.0 0.0 0.0 0.0 13/11/1981
0.0 0.0 0.0 0.0 0.0 0.0 0.4 0.4 0.4 0.4 0.5 0.5 0.0 0.0 0.0 0.0 0.0 0.0 0.4 0.4 0.4 0.5 0.5 0.0 0.0 0.0 0.0 0.0 14/11/1981
0.0 0.0 0.0 0.0 0.0 0.0 0.0 0.0 0.0 0.0 0.0 0.0 0.0 0.0 0.0 0.0 0.0 0.0 0.0 0.0 0.0 0.0 0.0 0.0 0.0 0.0 0.0 0.0 15/11/1981
5.4 2.6 2.6 2.6 2.6 2.6 0.0 0.0 0.0 0.0 0.0 0.0 5.5 5.5 2.7 2.7 2.7 2.7 0.0 0.0 0.0 0.0 0.0 4.6 5.4 5.4 5.5 5.5 16/11/1981
2.3 2.9 2.9 2.9 2.9 2.9 4.8 4.9 4.9 5.0 5.1 5.1 2.4 2.4 2.9 2.9 2.9 2.9 4.7 4.8 4.9 4.9 4.9 2.7 2.3 2.3 2.4 2.4 17/11/1981
11.0 6.5 6.6 6.5 6.5 6.6 5.9 5.9 6.0 6.0 5.2 5.2 11.2 11.2 6.6 6.6 6.6 6.6 5.8 5.9 5.9 5.1 5.0 4.2 11.1 11.1 11.2 11.2 18/11/1981
4.1 3.0 3.0 3.0 3.0 3.0 3.0 3.1 3.1 3.1 1.7 1.7 4.2 4.2 3.0 3.0 3.0 3.0 3.0 3.0 3.1 1.7 1.7 2.6 4.2 4.2 4.2 4.2 19/11/1981
0.2 0.1 0.1 0.1 0.1 0.1 0.0 0.0 0.0 0.0 0.0 0.0 0.2 0.2 0.1 0.1 0.1 0.1 0.0 0.0 0.0 0.0 0.0 0.0 0.2 0.2 0.2 0.2 20/11/1981
3.0 1.4 1.4 1.4 1.4 1.4 0.7 0.7 0.7 0.7 0.6 0.6 3.0 3.0 1.4 1.4 1.4 1.4 0.7 0.7 0.7 0.5 0.5 1.6 3.0 3.0 3.0 3.1 21/11/1981
0.2 0.2 0.2 0.2 0.2 0.2 0.0 0.0 0.0 0.0 0.3 0.3 0.2 0.2 0.2 0.2 0.2 0.2 0.0 0.0 0.0 0.2 0.2 0.3 0.2 0.2 0.2 0.2 22/11/1981
2.1 2.2 2.2 2.2 2.2 2.2 3.6 3.6 3.7 3.7 5.4 5.4 2.2 2.2 2.2 2.2 2.2 2.2 3.6 3.6 3.6 5.3 5.2 1.6 2.2 2.2 2.2 2.2 23/11/1981
1.2 1.4 1.4 1.4 1.4 1.4 0.0 0.0 0.0 0.0 0.1 0.1 1.2 1.2 1.4 1.4 1.4 1.4 0.0 0.0 0.0 0.1 0.1 0.9 1.2 1.2 1.2 1.2 24/11/1981
0.3 1.1 1.1 1.1 1.1 1.1 0.0 0.0 0.0 0.0 0.0 0.0 0.4 0.4 1.1 1.1 1.1 1.1 0.0 0.0 0.0 0.0 0.0 0.1 0.4 0.4 0.4 0.4 25/11/1981
3.1 1.7 1.7 1.7 1.7 1.7 4.8 4.9 4.9 5.0 6.5 6.5 3.2 3.2 1.7 1.7 1.7 1.7 4.8 4.8 4.9 6.3 6.3 1.8 3.2 3.2 3.2 3.2 26/11/1981
14.9 10.3 10.4 10.3 10.3 10.4 8.2 8.3 8.4 8.4 11.9 11.9 15.1 15.1 10.5 10.4 10.4 10.5 8.1 8.2 8.2 11.6 11.5 5.0 15.0 15.0 15.2 15.2 27/11/1981
4.6 6.3 6.4 6.3 6.3 6.4 8.0 8.1 8.2 8.3 8.0 8.1 4.7 4.7 6.4 6.4 6.4 6.4 7.9 8.1 8.1 7.9 7.8 4.4 4.6 4.6 4.7 4.7 28/11/1981
2.8 3.1 3.1 3.1 3.1 3.1 2.4 2.5 2.5 2.5 2.4 2.4 2.8 2.8 3.1 3.1 3.1 3.1 2.4 2.4 2.5 2.3 2.3 2.1 2.8 2.8 2.8 2.8 29/11/1981
19.3 9.8 9.9 9.8 9.8 9.9 16.9 17.1 17.3 17.5 14.2 14.2 19.5 19.5 10.0 9.9 9.9 10.0 16.7 16.9 17.0 13.9 13.8 10.2 19.4 19.4 19.5 19.6 30/11/1981
0.0 0.8 0.8 0.8 0.8 0.8 1.4 1.4 1.4 1.4 0.7 0.7 0.0 0.0 0.8 0.8 0.8 0.8 1.4 1.4 1.4 0.7 0.7 0.0 0.0 0.0 0.0 0.0 01/12/1981
0.1 0.6 0.6 0.6 0.6 0.6 0.6 0.6 0.6 0.6 0.7 0.7 0.1 0.1 0.6 0.6 0.6 0.6 0.6 0.6 0.6 0.7 0.7 0.0 0.1 0.1 0.1 0.1 02/12/1981
0.3 0.3 0.3 0.3 0.3 0.3 0.7 0.7 0.7 0.7 1.1 1.1 0.3 0.3 0.3 0.3 0.3 0.3 0.7 0.7 0.7 1.1 1.1 0.2 0.3 0.3 0.3 0.3 03/12/1981
3.3 4.7 4.8 4.7 4.8 4.8 7.4 7.5 7.6 7.7 7.1 7.2 3.3 3.3 4.8 4.8 4.8 4.8 7.3 7.4 7.5 7.0 6.9 1.9 3.3 3.3 3.4 3.4 04/12/1981
8.7 5.7 5.8 5.7 5.8 5.8 2.3 2.3 2.3 2.3 2.1 2.1 8.9 8.9 5.8 5.8 5.8 5.8 2.3 2.3 2.3 2.1 2.1 3.5 8.8 8.8 8.9 8.9 05/12/1981
6.5 5.6 5.7 5.6 5.7 5.7 6.1 6.2 6.2 6.3 6.8 6.9 6.6 6.6 5.7 5.7 5.7 5.7 6.0 6.1 6.1 6.7 6.6 4.8 6.5 6.5 6.6 6.6 06/12/1981
22.9 20.7 20.8 20.7 20.8 20.9 14.0 14.2 14.4 14.5 11.4 11.5 23.2 23.2 21.1 21.0 21.0 21.1 13.8 14.1 14.2 11.2 11.2 10.0 23.0 23.0 23.2 23.3 07/12/1981
10.7 10.4 10.4 10.4 10.4 10.4 9.7 9.8 9.9 10.0 10.0 10.1 10.8 10.8 10.6 10.5 10.5 10.5 9.6 9.8 9.8 9.9 9.8 5.4 10.8 10.8 10.8 10.9 08/12/1981
18.6 6.6 6.1 6.6 6.5 6.1 0.1 0.1 0.1 0.1 0.1 0.1 18.8 18.8 5.3 5.5 5.5 5.4 0.1 0.1 0.1 0.2 0.2 10.7 18.7 18.7 18.8 18.8 09/12/1981
13.8 8.3 8.3 8.3 8.3 8.3 1.1 0.9 0.8 0.6 0.2 0.2 13.9 13.9 8.3 8.3 8.3 8.3 1.3 1.1 1.0 0.4 0.4 5.2 13.8 13.8 13.9 14.0 10/12/1981
2.2 5.7 5.7 5.7 5.7 5.7 1.9 1.9 1.9 1.9 4.6 4.6 2.2 2.2 5.7 5.7 5.7 5.7 1.9 1.9 1.9 4.6 4.6 1.3 2.2 2.2 2.2 2.2 11/12/1981
0.0 0.1 0.1 0.1 0.1 0.1 0.0 0.0 0.0 0.0 0.0 0.0 0.0 0.0 0.1 0.1 0.1 0.1 0.0 0.0 0.0 0.0 0.0 0.0 0.0 0.0 0.0 0.0 12/12/1981
5.0 5.0 5.0 5.0 5.0 5.0 2.2 2.1 2.0 1.9 1.9 1.8 5.0 5.0 5.1 5.1 5.1 5.1 2.3 2.2 2.1 2.1 2.2 2.4 5.0 5.0 5.0 4.9 13/12/1981
7.0 9.0 9.0 9.0 9.0 9.0 6.0 6.1 6.2 6.2 7.6 7.6 7.1 7.1 9.1 9.1 9.1 9.1 5.9 6.0 6.1 7.4 7.4 1.1 7.1 7.1 7.1 7.2 14/12/1981
25.0 14.7 14.7 14.7 14.7 14.7 2.1 2.1 2.0 2.0 3.7 3.7 25.3 25.3 14.6 14.6 14.6 14.6 2.2 2.1 2.1 3.9 3.9 21.9 25.2 25.2 25.4 25.5 15/12/1981
1.7 0.0 0.0 0.0 0.0 0.0 0.0 0.0 0.0 0.0 0.0 0.0 1.6 1.6 0.0 0.0 0.0 0.0 0.0 0.0 0.0 0.0 0.0 2.4 1.6 1.6 1.6 1.5 16/12/1981
3.4 0.0 0.0 0.0 0.0 0.0 0.0 0.0 0.0 0.0 0.3 0.3 3.2 3.2 0.0 0.0 0.0 0.0 0.0 0.0 0.0 0.5 0.5 4.2 3.3 3.3 3.2 3.2 17/12/1981
0.1 0.0 0.0 0.0 0.0 0.0 0.0 0.0 0.0 0.0 0.0 0.0 0.1 0.1 0.0 0.0 0.0 0.0 0.0 0.0 0.0 0.0 0.0 0.2 0.1 0.1 0.1 0.1 18/12/1981
0.0 0.0 0.0 0.0 0.0 0.0 0.0 0.0 0.0 0.0 0.0 0.0 0.0 0.0 0.0 0.0 0.0 0.0 0.0 0.0 0.0 0.0 0.0 0.0 0.0 0.0 0.0 0.0 19/12/1981
1.9 3.6 3.4 3.6 3.5 3.3 0.0 0.0 0.0 0.0 0.0 0.0 1.7 1.7 2.9 3.0 3.0 2.9 0.0 0.0 0.0 0.0 0.0 3.7 1.8 1.8 1.7 1.6 20/12/1981
2.6 2.2 2.1 2.2 2.1 2.1 4.8 4.7 4.6 4.5 8.0 8.0 2.6 2.6 1.9 2.0 2.0 1.9 5.0 4.8 4.7 8.0 8.1 3.0 2.6 2.6 2.6 2.6 21/12/1981
3.6 1.6 1.6 1.6 1.6 1.6 2.0 1.9 1.8 1.8 1.3 1.3 3.7 3.7 1.5 1.5 1.5 1.5 2.0 1.9 1.9 1.6 1.7 4.3 3.7 3.7 3.7 3.7 22/12/1981
3.8 2.8 2.6 2.8 2.7 2.6 1.3 1.1 0.9 0.8 0.6 0.5 3.2 3.2 2.3 2.3 2.3 2.3 1.6 1.3 1.2 0.9 1.1 5.4 3.5 3.5 3.2 3.0 23/12/1981
4.3 1.5 1.5 1.5 1.5 1.5 0.5 0.4 0.4 0.3 0.1 0.1 4.0 4.0 1.4 1.4 1.4 1.4 0.6 0.5 0.5 0.2 0.3 2.6 4.2 4.2 3.9 3.8 24/12/1981
1.7 0.7 0.7 0.7 0.7 0.7 0.0 0.0 0.0 0.0 0.0 0.0 1.7 1.7 0.6 0.6 0.6 0.6 0.0 0.0 0.0 0.0 0.0 1.1 1.7 1.7 1.7 1.7 25/12/1981
0.8 0.5 0.4 0.5 0.5 0.4 0.0 0.0 0.0 0.0 0.0 0.0 0.8 0.8 0.4 0.4 0.4 0.4 0.0 0.0 0.0 0.0 0.0 0.9 0.8 0.8 0.7 0.7 26/12/1981
0.4 0.6 0.6 0.6 0.6 0.6 0.0 0.0 0.0 0.0 0.0 0.0 0.3 0.3 0.6 0.6 0.6 0.6 0.0 0.0 0.0 0.0 0.0 0.0 0.4 0.4 0.3 0.3 27/12/1981
8.2 7.0 7.0 7.0 7.0 7.0 3.1 3.1 3.2 3.2 6.7 6.7 8.3 8.3 7.1 7.1 7.1 7.1 3.0 3.1 3.1 6.6 6.5 11.3 8.3 8.3 8.3 8.4 28/12/1981
2.5 4.3 4.3 4.3 4.3 4.3 5.0 5.1 5.2 5.2 5.3 5.3 2.5 2.5 4.4 4.4 4.4 4.4 5.0 5.1 5.1 5.2 5.2 1.8 2.5 2.5 2.5 2.5 29/12/1981
3.3 4.5 4.5 4.5 4.5 4.5 24.7 25.1 25.4 25.6 27.7 27.7 3.3 3.3 4.6 4.6 4.6 4.6 24.4 24.8 25.0 27.1 26.9 3.0 3.3 3.3 3.3 3.3 30/12/1981
5.7 6.7 6.8 6.7 6.8 6.8 3.3 3.3 3.4 3.4 2.2 2.2 5.8 5.8 6.9 6.8 6.8 6.9 3.2 3.3 3.3 2.2 2.2 3.0 5.7 5.7 5.8 5.8 31/12/1981
0.3 0.6 0.6 0.6 0.6 0.6 1.3 1.3 1.4 1.4 1.6 1.6 0.3 0.3 0.6 0.6 0.6 0.6 1.3 1.3 1.3 1.6 1.6 0.2 0.3 0.3 0.3 0.3 01/01/1982
2.4 1.8 1.8 1.8 1.8 1.8 7.0 7.0 7.1 7.2 8.8 8.8 2.4 2.4 1.8 1.8 1.8 1.8 6.9 7.0 7.0 8.6 8.5 0.2 2.4 2.4 2.4 2.4 02/01/1982
4.4 2.4 2.4 2.4 2.4 2.4 1.7 1.7 1.7 1.7 3.2 3.2 4.5 4.5 2.4 2.4 2.4 2.4 1.6 1.7 1.7 3.1 3.1 2.6 4.4 4.4 4.5 4.5 03/01/1982
2.8 2.8 2.8 2.8 2.8 2.8 4.0 4.0 4.1 4.1 10.0 10.0 2.8 2.8 2.8 2.8 2.8 2.8 3.9 4.0 4.0 9.8 9.7 2.0 2.8 2.8 2.8 2.8 04/01/1982
13.1 13.8 13.9 13.8 13.8 13.9 17.1 17.3 17.5 17.7 22.7 22.8 13.3 13.3 14.0 14.0 14.0 14.0 16.8 17.1 17.2 22.2 22.1 7.1 13.2 13.2 13.3 13.4 05/01/1982
0.0 0.0 0.0 0.0 0.0 0.0 0.0 0.0 0.0 0.0 0.0 0.0 0.0 0.0 0.0 0.0 0.0 0.0 0.0 0.0 0.0 0.0 0.0 0.2 0.0 0.0 0.0 0.0 06/01/1982
0.0 0.0 0.0 0.0 0.0 0.0 0.0 0.0 0.0 0.0 0.0 0.0 0.0 0.0 0.0 0.0 0.0 0.0 0.0 0.0 0.0 0.0 0.0 0.0 0.0 0.0 0.0 0.0 07/01/1982
1.6 0.0 0.0 0.0 0.0 0.0 0.0 0.0 0.0 0.0 0.0 0.0 1.5 1.5 0.0 0.0 0.0 0.0 0.0 0.0 0.0 0.0 0.0 0.2 1.6 1.6 1.5 1.5 08/01/1982
2.4 0.0 0.0 0.0 0.0 0.0 0.0 0.0 0.0 0.0 0.0 0.0 2.0 2.0 0.0 0.0 0.0 0.0 0.0 0.0 0.0 0.0 0.0 3.7 2.2 2.2 2.0 1.9 09/01/1982
0.1 0.0 0.0 0.0 0.0 0.0 0.0 0.0 0.0 0.0 0.0 0.0 0.1 0.1 0.0 0.0 0.0 0.0 0.0 0.0 0.0 0.0 0.0 1.9 0.1 0.1 0.1 0.1 10/01/1982
0.0 0.0 0.0 0.0 0.0 0.0 0.0 0.0 0.0 0.0 0.0 0.0 0.0 0.0 0.0 0.0 0.0 0.0 0.0 0.0 0.0 0.0 0.0 0.0 0.0 0.0 0.0 0.0 11/01/1982
0.0 0.0 0.0 0.0 0.0 0.0 0.0 0.0 0.0 0.0 0.0 0.0 0.0 0.0 0.0 0.0 0.0 0.0 0.0 0.0 0.0 0.0 0.0 0.0 0.0 0.0 0.0 0.0 12/01/1982
0.0 0.0 0.0 0.0 0.0 0.0 0.0 0.0 0.0 0.0 0.0 0.0 0.0 0.0 0.0 0.0 0.0 0.0 0.0 0.0 0.0 0.0 0.0 0.0 0.0 0.0 0.0 0.0 13/01/1982
0.0 0.0 0.0 0.0 0.0 0.0 0.0 0.0 0.0 0.0 0.0 0.0 0.0 0.0 0.0 0.0 0.0 0.0 0.0 0.0 0.0 0.0 0.0 0.0 0.0 0.0 0.0 0.0 14/01/1982
0.0 0.0 0.0 0.0 0.0 0.0 0.0 0.0 0.0 0.0 0.0 0.0 0.0 0.0 0.0 0.0 0.0 0.0 0.0 0.0 0.0 0.0 0.0 0.0 0.0 0.0 0.0 0.0 15/01/1982
0.0 0.0 0.0 0.0 0.0 0.0 0.0 0.0 0.0 0.0 0.0 0.0 0.0 0.0 0.0 0.0 0.0 0.0 0.0 0.0 0.0 0.0 0.0 0.0 0.0 0.0 0.0 0.0 16/01/1982
0.0 0.0 0.0 0.0 0.0 0.0 0.0 0.0 0.0 0.0 0.0 0.0 0.0 0.0 0.0 0.0 0.0 0.0 0.0 0.0 0.0 0.0 0.0 0.0 0.0 0.0 0.0 0.0 17/01/1982
0.0 0.0 0.0 0.0 0.0 0.0 0.0 0.0 0.0 0.0 0.0 0.0 0.0 0.0 0.0 0.0 0.0 0.0 0.0 0.0 0.0 0.0 0.0 0.0 0.0 0.0 0.0 0.0 18/01/1982
1.7 0.5 0.5 0.5 0.5 0.5 0.0 0.0 0.0 0.0 0.0 0.0 1.7 1.7 0.5 0.5 0.5 0.5 0.0 0.0 0.0 0.0 0.0 0.5 1.7 1.7 1.7 1.7 19/01/1982
0.9 1.8 1.8 1.8 1.8 1.8 0.9 0.9 0.8 0.8 0.3 0.3 1.0 1.0 1.8 1.8 1.8 1.8 0.9 0.9 0.9 0.5 0.5 0.6 1.0 1.0 1.0 1.0 20/01/1982
0.8 0.5 0.5 0.5 0.5 0.5 0.8 0.7 0.5 0.4 0.1 0.1 0.8 0.8 0.5 0.5 0.5 0.5 0.9 0.8 0.7 0.2 0.2 0.2 0.8 0.8 0.8 0.8 21/01/1982
8.3 7.1 7.1 7.1 7.1 7.1 1.0 0.8 0.7 0.6 0.2 0.2 8.4 8.4 7.2 7.2 7.2 7.2 1.2 1.0 0.9 0.4 0.4 6.1 8.3 8.3 8.4 8.4 22/01/1982
0.0 0.7 0.7 0.7 0.7 0.7 2.4 2.0 1.6 1.3 1.5 1.4 0.0 0.0 0.7 0.7 0.7 0.7 2.8 2.3 2.1 2.4 2.7 0.2 0.0 0.0 0.0 0.0 23/01/1982
0.3 0.4 0.3 0.4 0.4 0.3 0.0 0.0 0.0 0.0 0.0 0.0 0.3 0.3 0.3 0.3 0.3 0.3 0.0 0.0 0.0 0.0 0.0 0.0 0.3 0.3 0.3 0.2 24/01/1982
3.3 3.4 3.4 3.4 3.4 3.4 3.9 4.0 4.0 4.0 2.9 2.9 3.4 3.4 3.3 3.3 3.3 3.3 3.8 3.9 3.9 2.8 2.8 0.9 3.3 3.3 3.4 3.4 25/01/1982
10.0 12.4 12.5 12.4 12.4 12.5 7.5 7.6 7.7 7.7 8.5 8.5 10.1 10.1 12.6 12.6 12.6 12.6 7.4 7.5 7.6 8.3 8.2 3.8 10.1 10.1 10.1 10.2 26/01/1982
0.0 2.0 2.0 2.0 2.0 2.0 0.6 0.6 0.6 0.6 1.1 1.1 0.0 0.0 2.0 2.0 2.0 2.0 0.6 0.6 0.6 1.0 1.0 0.0 0.0 0.0 0.0 0.0 27/01/1982
1.2 1.4 1.4 1.4 1.4 1.4 0.8 0.8 0.8 0.8 1.1 1.1 1.2 1.2 1.4 1.4 1.4 1.4 0.8 0.8 0.8 1.1 1.1 0.4 1.2 1.2 1.2 1.2 28/01/1982
2.3 2.5 2.5 2.5 2.5 2.5 2.7 2.7 2.7 2.8 2.5 2.5 2.3 2.3 2.5 2.5 2.5 2.5 2.6 2.7 2.7 2.5 2.5 1.3 2.3 2.3 2.3 2.3 29/01/1982
0.0 0.1 0.1 0.1 0.1 0.1 1.4 1.4 1.4 1.5 1.2 1.2 0.0 0.0 0.1 0.1 0.1 0.1 1.4 1.4 1.4 1.1 1.1 0.0 0.0 0.0 0.0 0.0 30/01/1982
0.0 0.1 0.1 0.1 0.1 0.1 1.9 1.9 1.9 1.9 1.7 1.7 0.0 0.0 0.1 0.1 0.1 0.1 1.9 1.9 1.9 1.7 1.7 0.0 0.0 0.0 0.0 0.0 31/01/1982
0.0 0.0 0.0 0.0 0.0 0.0 0.0 0.0 0.0 0.0 0.0 0.0 0.0 0.0 0.0 0.0 0.0 0.0 0.0 0.0 0.0 0.0 0.0 0.0 0.0 0.0 0.0 0.0 01/02/1982
0.0 0.0 0.0 0.0 0.0 0.0 0.0 0.0 0.0 0.0 0.0 0.0 0.0 0.0 0.0 0.0 0.0 0.0 0.0 0.0 0.0 0.0 0.0 0.0 0.0 0.0 0.0 0.0 02/02/1982
0.0 0.0 0.0 0.0 0.0 0.0 0.0 0.0 0.0 0.0 0.0 0.0 0.0 0.0 0.0 0.0 0.0 0.0 0.0 0.0 0.0 0.0 0.0 0.0 0.0 0.0 0.0 0.0 03/02/1982
0.0 0.0 0.0 0.0 0.0 0.0 0.0 0.0 0.0 0.0 0.0 0.0 0.0 0.0 0.0 0.0 0.0 0.0 0.0 0.0 0.0 0.0 0.0 0.0 0.0 0.0 0.0 0.0 04/02/1982
1.0 1.1 1.1 1.1 1.1 1.1 2.9 2.9 3.0 3.0 1.1 1.1 1.0 1.0 1.1 1.1 1.1 1.1 2.9 2.9 2.9 1.1 1.1 1.3 1.0 1.0 1.0 1.0 05/02/1982
0.0 0.0 0.0 0.0 0.0 0.0 1.0 1.0 1.0 1.0 2.2 2.2 0.0 0.0 0.0 0.0 0.0 0.0 1.0 1.0 1.0 2.2 2.1 0.1 0.0 0.0 0.0 0.0 06/02/1982
1.7 0.6 0.6 0.6 0.6 0.6 5.8 5.8 5.9 6.0 7.6 7.6 1.7 1.7 0.6 0.6 0.6 0.6 5.7 5.8 5.8 7.4 7.4 1.3 1.7 1.7 1.7 1.7 07/02/1982
0.0 0.0 0.0 0.0 0.0 0.0 0.0 0.0 0.0 0.0 0.0 0.0 0.0 0.0 0.0 0.0 0.0 0.0 0.0 0.0 0.0 0.0 0.0 0.0 0.0 0.0 0.0 0.0 08/02/1982
0.0 0.0 0.0 0.0 0.0 0.0 0.0 0.0 0.0 0.0 0.0 0.0 0.0 0.0 0.0 0.0 0.0 0.0 0.0 0.0 0.0 0.0 0.0 0.0 0.0 0.0 0.0 0.0 09/02/1982
0.0 0.0 0.0 0.0 0.0 0.0 0.0 0.0 0.0 0.0 0.0 0.0 0.0 0.0 0.0 0.0 0.0 0.0 0.0 0.0 0.0 0.0 0.0 0.0 0.0 0.0 0.0 0.0 10/02/1982
3.0 1.5 1.5 1.5 1.5 1.5 0.0 0.0 0.0 0.0 0.0 0.0 3.1 3.1 1.5 1.5 1.5 1.5 0.0 0.0 0.0 0.0 0.0 4.2 3.1 3.1 3.1 3.1 11/02/1982
1.3 0.0 0.0 0.0 0.0 0.0 0.0 0.0 0.0 0.0 0.0 0.0 1.3 1.3 0.0 0.0 0.0 0.0 0.0 0.0 0.0 0.0 0.0 2.5 1.3 1.3 1.3 1.3 12/02/1982
4.5 6.0 6.0 6.0 6.0 6.1 5.6 5.7 5.8 5.8 6.3 6.3 4.5 4.5 6.1 6.1 6.1 6.1 5.5 5.6 5.7 6.1 6.1 4.3 4.5 4.5 4.5 4.5 13/02/1982
4.6 0.0 0.0 0.0 0.0 0.0 0.0 0.0 0.0 0.0 0.4 0.5 4.7 4.7 0.0 0.0 0.0 0.0 0.0 0.0 0.0 0.4 0.4 0.3 4.6 4.6 4.7 4.7 14/02/1982
0.0 0.6 0.6 0.6 0.6 0.6 0.6 0.6 0.6 0.6 2.1 2.1 0.0 0.0 0.6 0.6 0.6 0.6 0.6 0.6 0.6 2.1 2.1 0.0 0.0 0.0 0.0 0.0 15/02/1982
0.0 0.0 0.0 0.0 0.0 0.0 0.0 0.0 0.0 0.0 0.0 0.0 0.0 0.0 0.0 0.0 0.0 0.0 0.0 0.0 0.0 0.0 0.0 0.0 0.0 0.0 0.0 0.0 16/02/1982
3.4 1.8 1.7 1.8 1.7 1.6 0.1 0.1 0.1 0.1 0.0 0.0 2.9 2.9 1.4 1.5 1.5 1.5 0.1 0.1 0.1 0.0 0.0 5.8 3.1 3.1 2.9 2.7 17/02/1982
0.0 0.0 0.0 0.0 0.0 0.0 1.5 1.6 1.6 1.6 2.5 2.5 0.0 0.0 0.0 0.0 0.0 0.0 1.5 1.5 1.6 2.5 2.4 0.0 0.0 0.0 0.0 0.0 18/02/1982
0.0 0.2 0.3 0.2 0.3 0.3 0.0 0.0 0.0 0.0 0.0 0.0 0.0 0.0 0.3 0.3 0.3 0.3 0.0 0.0 0.0 0.0 0.0 0.6 0.0 0.0 0.0 0.0 19/02/1982
0.0 0.0 0.0 0.0 0.0 0.0 0.0 0.0 0.0 0.0 0.0 0.0 0.0 0.0 0.0 0.0 0.0 0.0 0.0 0.0 0.0 0.0 0.0 0.0 0.0 0.0 0.0 0.0 20/02/1982
0.0 0.0 0.0 0.0 0.0 0.0 0.0 0.0 0.0 0.0 0.0 0.0 0.0 0.0 0.0 0.0 0.0 0.0 0.0 0.0 0.0 0.0 0.0 0.0 0.0 0.0 0.0 0.0 21/02/1982
0.0 0.0 0.0 0.0 0.0 0.0 0.0 0.0 0.0 0.0 0.0 0.0 0.0 0.0 0.0 0.0 0.0 0.0 0.0 0.0 0.0 0.0 0.0 0.0 0.0 0.0 0.0 0.0 22/02/1982
0.0 0.0 0.0 0.0 0.0 0.0 0.0 0.0 0.0 0.0 0.0 0.0 0.0 0.0 0.0 0.0 0.0 0.0 0.0 0.0 0.0 0.0 0.0 0.0 0.0 0.0 0.0 0.0 23/02/1982
0.0 0.0 0.0 0.0 0.0 0.0 0.0 0.0 0.0 0.0 0.0 0.0 0.0 0.0 0.0 0.0 0.0 0.0 0.0 0.0 0.0 0.0 0.0 0.0 0.0 0.0 0.0 0.0 24/02/1982
0.1 0.0 0.0 0.0 0.0 0.0 0.0 0.0 0.0 0.0 0.0 0.0 0.1 0.1 0.0 0.0 0.0 0.0 0.0 0.0 0.0 0.0 0.0 1.0 0.1 0.1 0.1 0.1 25/02/1982
1.8 1.1 1.1 1.1 1.1 1.1 0.0 0.0 0.0 0.0 0.1 0.1 1.8 1.8 1.1 1.1 1.1 1.1 0.0 0.0 0.0 0.1 0.1 1.5 1.8 1.8 1.8 1.8 26/02/1982
1.3 0.5 0.5 0.5 0.5 0.5 0.9 0.9 0.9 0.9 0.7 0.7 1.3 1.3 0.5 0.5 0.5 0.5 0.9 0.9 0.9 0.6 0.6 0.8 1.3 1.3 1.3 1.3 27/02/1982
1.1 1.0 1.0 1.0 1.0 1.0 0.4 0.4 0.4 0.5 1.0 1.0 1.1 1.1 1.0 1.0 1.0 1.0 0.4 0.4 0.4 0.9 0.9 0.7 1.1 1.1 1.1 1.2 28/02/1982
6.7 5.3 5.4 5.3 5.3 5.4 5.6 5.7 5.8 5.8 12.8 12.9 6.7 6.7 5.4 5.4 5.4 5.4 5.5 5.6 5.7 12.6 12.5 3.0 6.7 6.7 6.7 6.8 01/03/1982
1.9 1.2 1.2 1.2 1.2 1.2 1.4 1.4 1.4 1.4 2.1 2.1 1.9 1.9 1.2 1.2 1.2 1.2 1.3 1.4 1.4 2.0 2.0 0.3 1.9 1.9 1.9 1.9 02/03/1982
5.6 5.5 5.5 5.5 5.5 5.5 8.3 8.4 8.5 8.6 9.2 9.3 5.7 5.7 5.6 5.5 5.5 5.5 8.2 8.4 8.4 9.0 9.0 4.0 5.6 5.6 5.7 5.7 03/03/1982
0.5 0.5 0.5 0.5 0.5 0.5 0.8 0.8 0.8 0.8 0.5 0.5 0.5 0.5 0.5 0.5 0.5 0.5 0.8 0.8 0.8 0.5 0.5 0.1 0.5 0.5 0.5 0.5 04/03/1982
0.0 0.0 0.0 0.0 0.0 0.0 0.0 0.0 0.0 0.0 0.0 0.0 0.0 0.0 0.0 0.0 0.0 0.0 0.0 0.0 0.0 0.0 0.0 0.0 0.0 0.0 0.0 0.0 05/03/1982
0.0 0.0 0.0 0.0 0.0 0.0 0.0 0.0 0.0 0.0 0.0 0.0 0.0 0.0 0.0 0.0 0.0 0.0 0.0 0.0 0.0 0.0 0.0 0.0 0.0 0.0 0.0 0.0 06/03/1982
0.0 0.0 0.0 0.0 0.0 0.0 0.0 0.0 0.0 0.0 0.0 0.0 0.0 0.0 0.0 0.0 0.0 0.0 0.0 0.0 0.0 0.0 0.0 0.0 0.0 0.0 0.0 0.0 07/03/1982
1.2 0.8 0.7 0.8 0.8 0.7 0.0 0.0 0.0 0.0 0.0 0.0 1.2 1.2 0.6 0.6 0.6 0.6 0.0 0.0 0.0 0.0 0.0 1.1 1.2 1.2 1.2 1.3 08/03/1982
9.7 6.8 6.8 6.8 6.8 6.8 3.0 3.0 3.1 3.1 3.5 3.6 9.8 9.8 6.9 6.9 6.9 6.9 3.0 3.0 3.0 3.5 3.4 7.8 9.7 9.7 9.8 9.9 09/03/1982
9.8 8.8 8.9 8.9 8.9 8.9 13.2 13.4 13.6 13.7 16.8 16.9 9.9 9.9 9.0 9.0 9.0 9.0 13.0 13.3 13.3 16.5 16.4 4.5 9.8 9.8 9.9 10.0 10/03/1982
0.6 0.7 0.7 0.7 0.7 0.7 0.0 0.0 0.0 0.0 0.5 0.5 0.6 0.6 0.7 0.7 0.7 0.7 0.0 0.0 0.0 0.5 0.5 0.4 0.6 0.6 0.6 0.6 11/03/1982
9.3 8.2 8.3 8.2 8.2 8.3 6.4 6.4 6.5 6.6 7.5 7.5 9.4 9.4 8.3 8.3 8.3 8.3 6.3 6.4 6.4 7.3 7.3 4.4 9.4 9.4 9.4 9.5 12/03/1982
0.1 1.2 1.2 1.2 1.2 1.2 3.9 3.8 3.8 3.7 4.1 4.0 0.1 0.1 1.2 1.2 1.2 1.2 4.0 3.9 3.9 4.1 4.2 0.2 0.1 0.1 0.1 0.1 13/03/1982
0.0 0.0 0.0 0.0 0.0 0.0 0.0 0.0 0.0 0.0 0.0 0.0 0.0 0.0 0.0 0.0 0.0 0.0 0.0 0.0 0.0 0.0 0.0 0.0 0.0 0.0 0.0 0.0 14/03/1982
6.4 6.0 6.1 6.0 6.0 6.1 4.9 5.0 5.0 5.1 4.0 4.1 6.5 6.5 6.1 6.1 6.1 6.1 4.9 4.9 5.0 4.0 3.9 5.9 6.5 6.5 6.5 6.5 15/03/1982
1.6 2.0 2.0 2.0 2.0 2.0 1.0 1.0 1.0 1.0 5.5 5.6 1.6 1.6 2.0 2.0 2.0 2.0 1.0 1.0 1.0 5.4 5.4 1.7 1.6 1.6 1.6 1.6 16/03/1982
4.1 3.1 3.1 3.1 3.1 3.1 1.6 1.7 1.7 1.7 2.6 2.6 4.2 4.2 3.2 3.2 3.2 3.2 1.6 1.6 1.7 2.5 2.5 3.7 4.2 4.2 4.2 4.2 17/03/1982
2.2 2.5 2.5 2.5 2.5 2.5 0.7 0.6 0.5 0.5 1.4 1.4 2.3 2.3 2.5 2.5 2.5 2.5 0.8 0.7 0.6 1.5 1.6 1.7 2.2 2.2 2.3 2.3 18/03/1982
5.4 3.8 3.9 3.8 3.8 3.9 7.3 7.4 7.5 7.6 7.9 7.9 5.4 5.4 3.9 3.9 3.9 3.9 7.2 7.3 7.4 7.7 7.6 5.3 5.4 5.4 5.4 5.5 19/03/1982
0.0 0.1 0.1 0.1 0.1 0.1 0.3 0.3 0.3 0.3 1.1 1.1 0.0 0.0 0.1 0.1 0.1 0.1 0.3 0.3 0.3 1.1 1.1 0.0 0.0 0.0 0.0 0.0 20/03/1982
1.1 1.3 1.3 1.3 1.3 1.3 0.0 0.0 0.0 0.0 0.0 0.0 1.2 1.2 1.3 1.3 1.3 1.3 0.0 0.0 0.0 0.0 0.0 0.9 1.2 1.2 1.2 1.2 21/03/1982
0.0 0.2 0.2 0.2 0.2 0.2 0.2 0.2 0.2 0.2 0.0 0.0 0.0 0.0 0.2 0.2 0.2 0.2 0.2 0.2 0.2 0.0 0.0 0.1 0.0 0.0 0.0 0.0 22/03/1982
0.0 0.0 0.0 0.0 0.0 0.0 0.1 0.1 0.1 0.1 0.0 0.0 0.0 0.0 0.0 0.0 0.0 0.0 0.1 0.1 0.1 0.0 0.0 0.0 0.0 0.0 0.0 0.0 23/03/1982
0.0 0.0 0.0 0.0 0.0 0.0 0.0 0.0 0.0 0.0 0.0 0.0 0.0 0.0 0.0 0.0 0.0 0.0 0.0 0.0 0.0 0.0 0.0 0.0 0.0 0.0 0.0 0.0 24/03/1982
0.0 0.0 0.0 0.0 0.0 0.0 0.0 0.0 0.0 0.0 0.0 0.0 0.0 0.0 0.0 0.0 0.0 0.0 0.0 0.0 0.0 0.0 0.0 0.0 0.0 0.0 0.0 0.0 25/03/1982
0.0 0.0 0.0 0.0 0.0 0.0 0.0 0.0 0.0 0.0 0.0 0.0 0.0 0.0 0.0 0.0 0.0 0.0 0.0 0.0 0.0 0.0 0.0 0.0 0.0 0.0 0.0 0.0 26/03/1982
0.0 0.0 0.0 0.0 0.0 0.0 0.0 0.0 0.0 0.0 0.0 0.0 0.0 0.0 0.0 0.0 0.0 0.0 0.0 0.0 0.0 0.0 0.0 0.0 0.0 0.0 0.0 0.0 27/03/1982
0.0 0.0 0.0 0.0 0.0 0.0 0.0 0.0 0.0 0.0 0.0 0.0 0.0 0.0 0.0 0.0 0.0 0.0 0.0 0.0 0.0 0.0 0.0 0.0 0.0 0.0 0.0 0.0 28/03/1982
9.6 7.0 7.0 7.0 7.0 7.0 1.3 1.3 1.3 1.4 5.4 5.4 9.7 9.7 7.1 7.1 7.1 7.1 1.3 1.3 1.3 5.3 5.3 2.9 9.7 9.7 9.7 9.8 29/03/1982
0.9 0.1 0.1 0.1 0.1 0.1 0.0 0.0 0.0 0.0 0.2 0.2 0.9 0.9 0.1 0.1 0.1 0.1 0.0 0.0 0.0 0.2 0.2 4.7 0.9 0.9 0.9 0.9 30/03/1982
0.0 0.0 0.0 0.0 0.0 0.0 2.4 2.4 2.4 2.5 4.0 4.1 0.0 0.0 0.0 0.0 0.0 0.0 2.3 2.4 2.4 4.0 3.9 0.0 0.0 0.0 0.0 0.0 31/03/1982
5.6 4.2 4.3 4.2 4.2 4.3 0.1 0.1 0.1 0.1 0.2 0.2 5.7 5.7 4.3 4.3 4.3 4.3 0.1 0.1 0.1 0.2 0.2 1.1 5.7 5.7 5.7 5.7 01/04/1982
0.3 0.2 0.2 0.2 0.2 0.2 1.2 1.2 1.2 1.2 1.4 1.4 0.3 0.3 0.2 0.2 0.2 0.2 1.2 1.2 1.2 1.4 1.4 0.0 0.3 0.3 0.3 0.3 02/04/1982
0.0 0.0 0.0 0.0 0.0 0.0 0.0 0.0 0.0 0.0 0.0 0.0 0.0 0.0 0.0 0.0 0.0 0.0 0.0 0.0 0.0 0.0 0.0 0.0 0.0 0.0 0.0 0.0 03/04/1982
0.0 0.0 0.0 0.0 0.0 0.0 0.0 0.0 0.0 0.0 0.0 0.0 0.0 0.0 0.0 0.0 0.0 0.0 0.0 0.0 0.0 0.0 0.0 0.0 0.0 0.0 0.0 0.0 04/04/1982
3.1 2.9 2.9 2.9 2.9 2.9 0.0 0.0 0.0 0.0 0.0 0.0 3.1 3.1 3.0 3.0 3.0 3.0 0.0 0.0 0.0 0.0 0.0 3.3 3.1 3.1 3.1 3.1 05/04/1982
6.5 5.1 5.1 5.1 5.1 5.1 11.3 11.5 11.6 11.8 11.0 11.0 6.6 6.6 5.1 5.1 5.1 5.1 11.2 11.4 11.4 10.7 10.7 4.6 6.6 6.6 6.6 6.6 06/04/1982
20.7 14.9 15.0 14.9 14.9 15.0 13.7 13.9 14.1 14.2 11.6 11.6 21.0 21.0 15.1 15.1 15.1 15.1 13.6 13.8 13.9 11.4 11.3 15.8 20.9 20.9 21.0 21.1 07/04/1982
0.9 2.2 2.2 2.2 2.2 2.2 3.2 3.2 3.3 3.3 4.2 4.2 0.9 0.9 2.2 2.2 2.2 2.2 3.2 3.2 3.2 4.2 4.1 0.4 0.9 0.9 0.9 0.9 08/04/1982
0.0 0.0 0.0 0.0 0.0 0.0 0.4 0.4 0.4 0.4 0.2 0.2 0.0 0.0 0.0 0.0 0.0 0.0 0.4 0.4 0.4 0.2 0.1 0.0 0.0 0.0 0.0 0.0 09/04/1982
0.0 0.0 0.0 0.0 0.0 0.0 1.6 1.6 1.6 1.6 2.0 2.0 0.0 0.0 0.0 0.0 0.0 0.0 1.6 1.6 1.6 2.0 2.0 0.0 0.0 0.0 0.0 0.0 10/04/1982
0.0 0.0 0.0 0.0 0.0 0.0 0.2 0.2 0.2 0.2 0.1 0.1 0.0 0.0 0.0 0.0 0.0 0.0 0.2 0.2 0.2 0.1 0.1 0.0 0.0 0.0 0.0 0.0 11/04/1982
0.0 0.0 0.0 0.0 0.0 0.0 0.5 0.4 0.4 0.3 0.2 0.1 0.0 0.0 0.0 0.0 0.0 0.0 0.6 0.5 0.4 0.2 0.3 0.0 0.0 0.0 0.0 0.0 12/04/1982
0.0 0.2 0.2 0.2 0.2 0.2 0.1 0.1 0.1 0.1 0.1 0.1 0.0 0.0 0.2 0.2 0.2 0.2 0.1 0.1 0.1 0.2 0.2 0.0 0.0 0.0 0.0 0.0 13/04/1982
0.0 0.0 0.0 0.0 0.0 0.0 0.0 0.0 0.0 0.0 0.0 0.0 0.0 0.0 0.0 0.0 0.0 0.0 0.0 0.0 0.0 0.0 0.0 0.0 0.0 0.0 0.0 0.0 14/04/1982
0.0 0.0 0.0 0.0 0.0 0.0 0.0 0.0 0.0 0.0 0.0 0.0 0.0 0.0 0.0 0.0 0.0 0.0 0.0 0.0 0.0 0.0 0.0 0.0 0.0 0.0 0.0 0.0 15/04/1982
0.0 0.0 0.0 0.0 0.0 0.0 0.0 0.0 0.0 0.0 0.0 0.0 0.0 0.0 0.0 0.0 0.0 0.0 0.0 0.0 0.0 0.0 0.0 0.0 0.0 0.0 0.0 0.0 16/04/1982
0.0 0.0 0.0 0.0 0.0 0.0 0.0 0.0 0.0 0.0 0.0 0.0 0.0 0.0 0.0 0.0 0.0 0.0 0.0 0.0 0.0 0.0 0.0 0.0 0.0 0.0 0.0 0.0 17/04/1982
0.0 0.0 0.0 0.0 0.0 0.0 0.0 0.0 0.0 0.0 0.0 0.0 0.0 0.0 0.0 0.0 0.0 0.0 0.0 0.0 0.0 0.0 0.0 0.0 0.0 0.0 0.0 0.0 18/04/1982
0.0 0.0 0.0 0.0 0.0 0.0 0.0 0.0 0.0 0.0 0.0 0.0 0.0 0.0 0.0 0.0 0.0 0.0 0.0 0.0 0.0 0.0 0.0 0.0 0.0 0.0 0.0 0.0 19/04/1982
0.0 0.0 0.0 0.0 0.0 0.0 0.0 0.0 0.0 0.0 0.0 0.0 0.0 0.0 0.0 0.0 0.0 0.0 0.0 0.0 0.0 0.0 0.0 0.0 0.0 0.0 0.0 0.0 20/04/1982
0.0 0.0 0.0 0.0 0.0 0.0 0.0 0.0 0.0 0.0 0.0 0.0 0.0 0.0 0.0 0.0 0.0 0.0 0.0 0.0 0.0 0.0 0.0 0.0 0.0 0.0 0.0 0.0 21/04/1982
0.0 0.0 0.0 0.0 0.0 0.0 0.0 0.0 0.0 0.0 0.0 0.0 0.0 0.0 0.0 0.0 0.0 0.0 0.0 0.0 0.0 0.0 0.0 0.0 0.0 0.0 0.0 0.0 22/04/1982
0.0 0.0 0.0 0.0 0.0 0.0 0.0 0.0 0.0 0.0 0.0 0.0 0.0 0.0 0.0 0.0 0.0 0.0 0.0 0.0 0.0 0.0 0.0 0.0 0.0 0.0 0.0 0.0 23/04/1982
0.0 0.0 0.0 0.0 0.0 0.0 0.0 0.0 0.0 0.0 0.0 0.0 0.0 0.0 0.0 0.0 0.0 0.0 0.0 0.0 0.0 0.0 0.0 0.0 0.0 0.0 0.0 0.0 24/04/1982
0.0 0.0 0.0 0.0 0.0 0.0 0.0 0.0 0.0 0.0 0.0 0.0 0.0 0.0 0.0 0.0 0.0 0.0 0.0 0.0 0.0 0.0 0.0 0.0 0.0 0.0 0.0 0.0 25/04/1982
0.0 0.0 0.0 0.0 0.0 0.0 0.0 0.0 0.0 0.0 0.0 0.0 0.0 0.0 0.0 0.0 0.0 0.0 0.0 0.0 0.0 0.0 0.0 0.0 0.0 0.0 0.0 0.0 26/04/1982
0.0 0.0 0.0 0.0 0.0 0.0 0.0 0.0 0.0 0.0 0.0 0.0 0.0 0.0 0.0 0.0 0.0 0.0 0.0 0.0 0.0 0.0 0.0 0.0 0.0 0.0 0.0 0.0 27/04/1982
0.0 0.0 0.0 0.0 0.0 0.0 0.0 0.0 0.0 0.0 0.0 0.0 0.0 0.0 0.0 0.0 0.0 0.0 0.0 0.0 0.0 0.0 0.0 0.0 0.0 0.0 0.0 0.0 28/04/1982
0.0 1.0 1.0 1.0 1.0 1.0 0.7 0.6 0.5 0.4 0.4 0.4 0.0 0.0 1.0 1.0 1.0 1.0 0.8 0.7 0.6 0.6 0.7 0.1 0.0 0.0 0.0 0.0 29/04/1982
0.0 0.0 0.0 0.0 0.0 0.0 0.4 0.4 0.4 0.4 0.4 0.4 0.0 0.0 0.0 0.0 0.0 0.0 0.4 0.4 0.4 0.4 0.4 0.0 0.0 0.0 0.0 0.0 30/04/1982
0.0 0.1 0.1 0.1 0.1 0.1 1.3 1.4 1.4 1.4 2.1 2.1 0.0 0.0 0.1 0.1 0.1 0.1 1.3 1.3 1.3 2.1 2.1 0.0 0.0 0.0 0.0 0.0 01/05/1982
0.0 0.0 0.0 0.0 0.0 0.0 0.0 0.0 0.0 0.0 0.0 0.0 0.0 0.0 0.0 0.0 0.0 0.0 0.0 0.0 0.0 0.0 0.0 0.0 0.0 0.0 0.0 0.0 02/05/1982
6.9 9.9 9.9 9.9 9.9 9.9 6.6 6.7 6.8 6.8 1.0 1.0 7.0 7.0 10.0 10.0 10.0 10.0 6.5 6.6 6.7 1.0 1.0 3.9 7.0 7.0 7.0 7.0 03/05/1982
1.8 0.9 0.9 0.9 0.9 0.9 6.2 6.3 6.4 6.4 5.5 5.5 1.8 1.8 0.9 0.9 0.9 0.9 6.1 6.2 6.3 5.3 5.3 2.3 1.8 1.8 1.8 1.8 04/05/1982
2.6 4.2 4.3 4.3 4.3 4.3 3.8 3.8 3.9 3.9 4.2 4.2 2.6 2.6 4.3 4.3 4.3 4.3 3.7 3.8 3.8 4.1 4.1 1.8 2.6 2.6 2.6 2.6 05/05/1982
0.4 1.7 1.7 1.7 1.7 1.7 6.0 6.0 6.1 6.2 4.9 5.0 0.4 0.4 1.7 1.7 1.7 1.7 5.9 6.0 6.0 4.8 4.8 0.7 0.4 0.4 0.4 0.4 06/05/1982
4.2 4.9 4.9 4.9 4.9 4.9 3.2 3.2 3.3 3.3 1.4 1.4 4.2 4.2 4.9 4.9 4.9 4.9 3.2 3.2 3.2 1.4 1.4 4.5 4.2 4.2 4.2 4.3 07/05/1982
0.1 1.1 1.1 1.1 1.1 1.1 5.1 5.1 5.2 5.2 0.9 0.9 0.1 0.1 1.1 1.1 1.1 1.1 5.0 5.1 5.1 0.9 0.9 0.0 0.1 0.1 0.1 0.1 08/05/1982
0.3 0.8 0.8 0.8 0.8 0.8 5.5 5.5 5.6 5.7 10.0 10.0 0.3 0.3 0.9 0.8 0.8 0.9 5.4 5.5 5.5 9.7 9.7 0.0 0.3 0.3 0.3 0.3 09/05/1982
0.0 0.1 0.1 0.1 0.1 0.1 3.3 3.3 3.4 3.4 0.2 0.2 0.0 0.0 0.1 0.1 0.1 0.1 3.3 3.3 3.3 0.1 0.1 0.0 0.0 0.0 0.0 0.0 10/05/1982
0.0 0.0 0.0 0.0 0.0 0.0 0.0 0.0 0.0 0.0 0.0 0.0 0.0 0.0 0.0 0.0 0.0 0.0 0.0 0.0 0.0 0.0 0.0 0.0 0.0 0.0 0.0 0.0 11/05/1982
0.0 0.0 0.0 0.0 0.0 0.0 0.0 0.0 0.0 0.0 0.0 0.0 0.0 0.0 0.0 0.0 0.0 0.0 0.0 0.0 0.0 0.0 0.0 0.0 0.0 0.0 0.0 0.0 12/05/1982
0.0 0.0 0.0 0.0 0.0 0.0 0.0 0.0 0.0 0.0 0.0 0.0 0.0 0.0 0.0 0.0 0.0 0.0 0.0 0.0 0.0 0.0 0.0 0.0 0.0 0.0 0.0 0.0 13/05/1982
0.0 0.0 0.0 0.0 0.0 0.0 0.0 0.0 0.0 0.0 0.0 0.0 0.0 0.0 0.0 0.0 0.0 0.0 0.0 0.0 0.0 0.0 0.0 0.0 0.0 0.0 0.0 0.0 14/05/1982
9.4 2.1 2.1 2.1 2.1 2.1 0.0 0.0 0.0 0.0 0.0 0.0 9.5 9.5 2.1 2.1 2.1 2.1 0.0 0.0 0.0 0.0 0.0 1.3 9.5 9.5 9.5 9.6 15/05/1982
4.6 0.4 0.4 0.4 0.4 0.4 3.1 3.1 3.1 3.2 1.5 1.5 4.7 4.7 0.4 0.4 0.4 0.4 3.0 3.1 3.1 1.5 1.5 0.0 4.7 4.7 4.7 4.7 16/05/1982
4.1 12.4 12.5 12.4 12.4 12.5 5.6 5.7 5.7 5.8 4.8 4.8 4.1 4.1 12.6 12.6 12.6 12.6 5.5 5.6 5.6 4.7 4.7 5.0 4.1 4.1 4.1 4.2 17/05/1982
0.0 0.5 0.5 0.5 0.5 0.5 3.1 3.1 3.2 3.2 7.8 7.8 0.0 0.0 0.6 0.6 0.6 0.6 3.1 3.1 3.1 7.6 7.6 0.0 0.0 0.0 0.0 0.0 18/05/1982
5.3 3.2 3.2 3.2 3.2 3.2 14.0 14.2 14.4 14.5 2.7 2.7 5.3 5.3 3.3 3.3 3.2 3.3 13.8 14.1 14.2 2.7 2.6 2.4 5.3 5.3 5.3 5.4 19/05/1982
1.5 1.1 1.1 1.1 1.1 1.1 1.7 1.7 1.7 1.7 4.4 4.4 1.5 1.5 1.1 1.1 1.1 1.1 1.7 1.7 1.7 4.3 4.3 1.8 1.5 1.5 1.5 1.5 20/05/1982
3.7 2.9 2.9 2.9 2.9 2.9 0.8 0.8 0.8 0.8 0.0 0.0 3.7 3.7 2.9 2.9 2.9 2.9 0.8 0.8 0.8 0.0 0.0 2.9 3.7 3.7 3.7 3.7 21/05/1982
3.2 7.7 7.8 7.8 7.8 7.8 18.4 18.6 18.8 19.0 10.5 10.5 3.3 3.3 7.9 7.9 7.9 7.9 18.1 18.4 18.5 10.3 10.2 2.0 3.2 3.2 3.3 3.3 22/05/1982
4.7 5.5 5.5 5.5 5.5 5.5 13.8 13.9 14.1 14.2 11.2 11.2 4.7 4.7 5.6 5.6 5.6 5.6 13.6 13.8 13.9 11.0 10.9 5.1 4.7 4.7 4.7 4.8 23/05/1982
0.0 0.0 0.0 0.0 0.0 0.0 0.0 0.0 0.0 0.0 0.5 0.5 0.0 0.0 0.0 0.0 0.0 0.0 0.0 0.0 0.0 0.5 0.5 0.0 0.0 0.0 0.0 0.0 24/05/1982
0.0 0.0 0.0 0.0 0.0 0.0 0.0 0.0 0.0 0.0 0.0 0.0 0.0 0.0 0.0 0.0 0.0 0.0 0.0 0.0 0.0 0.0 0.0 0.0 0.0 0.0 0.0 0.0 25/05/1982
4.9 0.5 0.5 0.5 0.5 0.5 0.0 0.0 0.0 0.0 0.0 0.0 5.0 5.0 0.5 0.5 0.5 0.5 0.0 0.0 0.0 0.0 0.0 7.3 5.0 5.0 5.0 5.0 26/05/1982
2.1 1.9 1.9 1.9 1.9 1.9 0.2 0.2 0.2 0.2 1.3 1.3 2.1 2.1 1.9 1.9 1.9 1.9 0.2 0.2 0.2 1.2 1.2 3.7 2.1 2.1 2.1 2.1 27/05/1982
0.0 0.0 0.0 0.0 0.0 0.0 0.0 0.0 0.0 0.0 0.0 0.0 0.0 0.0 0.0 0.0 0.0 0.0 0.0 0.0 0.0 0.0 0.0 0.0 0.0 0.0 0.0 0.0 28/05/1982
0.0 0.0 0.0 0.0 0.0 0.0 0.0 0.0 0.0 0.0 0.0 0.0 0.0 0.0 0.0 0.0 0.0 0.0 0.0 0.0 0.0 0.0 0.0 0.0 0.0 0.0 0.0 0.0 29/05/1982
0.0 0.0 0.0 0.0 0.0 0.0 0.0 0.0 0.0 0.0 0.0 0.0 0.0 0.0 0.0 0.0 0.0 0.0 0.0 0.0 0.0 0.0 0.0 0.0 0.0 0.0 0.0 0.0 30/05/1982
13.8 13.2 13.3 13.3 13.3 13.3 0.4 0.4 0.4 0.4 1.0 1.1 14.0 14.0 13.5 13.4 13.4 13.5 0.4 0.4 0.4 0.9 0.9 3.2 13.9 13.9 14.0 14.0 31/05/1982
4.1 0.0 0.0 0.0 0.0 0.0 2.6 2.7 2.7 2.7 1.8 1.8 4.1 4.1 0.0 0.0 0.0 0.0 2.6 2.6 2.7 1.8 1.8 1.5 4.1 4.1 4.1 4.1 01/06/1982
6.2 0.5 0.5 0.5 0.5 0.5 6.9 7.0 7.1 7.1 13.3 13.3 6.3 6.3 0.5 0.5 0.5 0.5 6.8 6.9 7.0 13.0 12.9 2.4 6.2 6.2 6.3 6.3 02/06/1982
0.0 0.4 0.4 0.4 0.4 0.4 0.0 0.0 0.0 0.0 0.0 0.0 0.0 0.0 0.4 0.4 0.4 0.4 0.0 0.0 0.0 0.0 0.0 0.0 0.0 0.0 0.0 0.0 03/06/1982
0.0 0.0 0.0 0.0 0.0 0.0 2.1 2.1 2.1 2.2 5.4 5.4 0.0 0.0 0.0 0.0 0.0 0.0 2.1 2.1 2.1 5.3 5.3 0.0 0.0 0.0 0.0 0.0 04/06/1982
0.0 7.2 7.2 7.2 7.2 7.2 0.0 0.0 0.0 0.0 0.0 0.0 0.0 0.0 7.3 7.3 7.3 7.3 0.0 0.0 0.0 0.0 0.0 0.0 0.0 0.0 0.0 0.0 05/06/1982
6.7 6.1 6.1 6.1 6.1 6.1 13.9 14.1 14.3 14.4 7.1 7.1 6.7 6.7 6.2 6.2 6.2 6.2 13.7 14.0 14.1 6.9 6.9 0.0 6.7 6.7 6.8 6.8 06/06/1982
0.0 0.3 0.3 0.3 0.3 0.3 1.7 1.8 1.8 1.8 7.7 7.7 0.0 0.0 0.3 0.3 0.3 0.3 1.7 1.8 1.8 7.5 7.5 0.0 0.0 0.0 0.0 0.0 07/06/1982
0.0 0.0 0.0 0.0 0.0 0.0 0.0 0.0 0.0 0.0 0.2 0.2 0.0 0.0 0.0 0.0 0.0 0.0 0.0 0.0 0.0 0.1 0.1 0.6 0.0 0.0 0.0 0.0 08/06/1982
0.0 0.0 0.0 0.0 0.0 0.0 0.0 0.0 0.0 0.0 0.0 0.0 0.0 0.0 0.0 0.0 0.0 0.0 0.0 0.0 0.0 0.0 0.0 0.0 0.0 0.0 0.0 0.0 09/06/1982
27.0 15.5 15.6 15.5 15.6 15.6 0.9 0.9 0.9 0.9 2.1 2.1 27.4 27.4 15.8 15.8 15.7 15.8 0.9 0.9 0.9 2.0 2.0 36.5 27.2 27.2 27.4 27.5 10/06/1982
4.9 6.5 6.5 6.5 6.5 6.5 2.2 2.2 2.3 2.3 3.1 3.1 5.0 5.0 6.6 6.6 6.6 6.6 2.2 2.2 2.2 3.0 3.0 5.4 5.0 5.0 5.0 5.0 11/06/1982
1.2 5.0 5.0 5.0 5.0 5.0 8.6 8.7 8.8 8.9 7.2 7.2 1.2 1.2 5.1 5.1 5.1 5.1 8.5 8.6 8.7 7.1 7.0 0.0 1.2 1.2 1.2 1.2 12/06/1982
0.0 0.6 0.6 0.6 0.6 0.6 1.6 1.6 1.6 1.7 1.3 1.3 0.0 0.0 0.6 0.6 0.6 0.6 1.6 1.6 1.6 1.3 1.3 0.0 0.0 0.0 0.0 0.0 13/06/1982
0.0 0.0 0.0 0.0 0.0 0.0 0.0 0.0 0.0 0.0 0.0 0.0 0.0 0.0 0.0 0.0 0.0 0.0 0.0 0.0 0.0 0.0 0.0 0.0 0.0 0.0 0.0 0.0 14/06/1982
7.4 3.6 3.6 3.6 3.6 3.6 4.3 4.3 4.4 4.4 3.6 3.6 7.5 7.5 3.6 3.6 3.6 3.6 4.2 4.3 4.3 3.5 3.5 4.3 7.5 7.5 7.5 7.6 15/06/1982
1.4 2.4 2.4 2.4 2.4 2.4 1.7 1.7 1.7 1.7 3.6 3.6 1.4 1.4 2.4 2.4 2.4 2.4 1.6 1.7 1.7 3.5 3.5 2.1 1.4 1.4 1.4 1.4 16/06/1982
3.3 1.5 1.6 1.5 1.5 1.6 1.0 1.0 1.0 1.0 0.0 0.0 3.4 3.4 1.6 1.6 1.6 1.6 1.0 1.0 1.0 0.0 0.0 4.1 3.3 3.3 3.4 3.4 17/06/1982
10.7 8.8 8.8 8.8 8.8 8.8 7.5 7.6 7.7 7.8 6.2 6.2 10.8 10.8 8.9 8.9 8.9 8.9 7.4 7.6 7.6 6.1 6.0 2.1 10.8 10.8 10.8 10.9 18/06/1982
0.0 0.4 0.4 0.4 0.4 0.4 0.1 0.1 0.1 0.1 0.1 0.1 0.0 0.0 0.4 0.4 0.4 0.4 0.1 0.1 0.1 0.1 0.1 0.0 0.0 0.0 0.0 0.0 19/06/1982
0.6 0.8 0.8 0.8 0.8 0.8 0.0 0.0 0.0 0.0 0.0 0.0 0.6 0.6 0.8 0.8 0.8 0.8 0.0 0.0 0.0 0.0 0.0 0.7 0.6 0.6 0.6 0.6 20/06/1982
1.5 6.4 6.4 6.4 6.4 6.4 1.5 1.5 1.6 1.6 0.8 0.8 1.5 1.5 6.5 6.5 6.5 6.5 1.5 1.5 1.5 0.8 0.8 0.6 1.5 1.5 1.5 1.5 21/06/1982
23.4 11.7 11.8 11.7 11.7 11.8 5.5 5.6 5.7 5.7 4.8 4.8 23.7 23.7 11.9 11.9 11.9 11.9 5.4 5.5 5.6 4.7 4.7 16.7 23.6 23.6 23.8 23.9 22/06/1982
7.2 8.9 8.9 8.9 8.9 8.9 9.8 9.9 10.0 10.1 4.0 4.0 7.3 7.3 9.0 9.0 9.0 9.0 9.6 9.8 9.8 4.0 3.9 3.4 7.3 7.3 7.3 7.4 23/06/1982
0.0 0.0 0.0 0.0 0.0 0.0 0.0 0.0 0.0 0.0 0.0 0.0 0.0 0.0 0.0 0.0 0.0 0.0 0.0 0.0 0.0 0.0 0.0 0.0 0.0 0.0 0.0 0.0 24/06/1982
8.7 2.1 2.1 2.1 2.1 2.1 5.3 5.3 5.4 5.5 5.0 5.0 8.8 8.8 2.2 2.2 2.2 2.2 5.2 5.3 5.3 4.9 4.8 6.2 8.7 8.7 8.8 8.8 25/06/1982
14.0 11.4 11.4 11.4 11.4 11.4 3.3 3.4 3.4 3.5 3.0 3.0 14.2 14.2 11.5 11.5 11.5 11.5 3.3 3.4 3.4 2.9 2.9 8.1 14.1 14.1 14.2 14.3 26/06/1982
1.6 1.4 1.4 1.4 1.4 1.4 6.4 6.5 6.6 6.6 6.2 6.2 1.6 1.6 1.4 1.4 1.4 1.4 6.3 6.4 6.4 6.1 6.0 1.0 1.6 1.6 1.6 1.6 27/06/1982
0.4 1.3 1.3 1.3 1.3 1.3 3.7 3.7 3.8 3.8 6.2 6.3 0.4 0.4 1.3 1.3 1.3 1.3 3.6 3.7 3.7 6.1 6.1 0.2 0.4 0.4 0.4 0.4 28/06/1982
0.5 2.0 2.0 2.0 2.0 2.0 4.9 4.9 5.0 5.0 6.6 6.6 0.5 0.5 2.0 2.0 2.0 2.0 4.8 4.9 4.9 6.4 6.4 0.2 0.5 0.5 0.5 0.5 29/06/1982
0.0 0.0 0.0 0.0 0.0 0.0 0.0 0.0 0.0 0.0 0.0 0.0 0.0 0.0 0.0 0.0 0.0 0.0 0.0 0.0 0.0 0.0 0.0 0.0 0.0 0.0 0.0 0.0 30/06/1982
0.0 0.0 0.0 0.0 0.0 0.0 0.1 0.1 0.1 0.1 0.0 0.0 0.0 0.0 0.0 0.0 0.0 0.0 0.1 0.1 0.1 0.0 0.0 0.0 0.0 0.0 0.0 0.0 01/07/1982
0.2 0.0 0.0 0.0 0.0 0.0 5.8 5.9 5.9 6.0 5.5 5.5 0.2 0.2 0.0 0.0 0.0 0.0 5.7 5.8 5.9 5.4 5.3 0.1 0.2 0.2 0.2 0.2 02/07/1982
0.1 0.0 0.0 0.0 0.0 0.0 3.9 4.0 4.0 4.1 3.4 3.4 0.1 0.1 0.0 0.0 0.0 0.0 3.9 4.0 4.0 3.3 3.3 0.0 0.1 0.1 0.1 0.1 03/07/1982
0.0 0.0 0.0 0.0 0.0 0.0 0.0 0.0 0.0 0.0 0.0 0.0 0.0 0.0 0.0 0.0 0.0 0.0 0.0 0.0 0.0 0.0 0.0 0.0 0.0 0.0 0.0 0.0 04/07/1982
0.0 0.0 0.0 0.0 0.0 0.0 0.0 0.0 0.0 0.0 0.0 0.0 0.0 0.0 0.0 0.0 0.0 0.0 0.0 0.0 0.0 0.0 0.0 0.0 0.0 0.0 0.0 0.0 05/07/1982
0.0 0.0 0.0 0.0 0.0 0.0 0.0 0.0 0.0 0.0 0.0 0.0 0.0 0.0 0.0 0.0 0.0 0.0 0.0 0.0 0.0 0.0 0.0 0.0 0.0 0.0 0.0 0.0 06/07/1982
0.0 0.0 0.0 0.0 0.0 0.0 0.0 0.0 0.0 0.0 0.0 0.0 0.0 0.0 0.0 0.0 0.0 0.0 0.0 0.0 0.0 0.0 0.0 0.0 0.0 0.0 0.0 0.0 07/07/1982
0.0 0.0 0.0 0.0 0.0 0.0 0.0 0.0 0.0 0.0 0.0 0.0 0.0 0.0 0.0 0.0 0.0 0.0 0.0 0.0 0.0 0.0 0.0 0.0 0.0 0.0 0.0 0.0 08/07/1982
0.9 1.1 1.1 1.1 1.1 1.1 0.0 0.0 0.0 0.0 0.0 0.0 0.9 0.9 1.1 1.1 1.1 1.1 0.0 0.0 0.0 0.0 0.0 0.7 0.9 0.9 0.9 0.9 09/07/1982
0.0 0.0 0.0 0.0 0.0 0.0 0.0 0.0 0.0 0.0 0.0 0.0 0.0 0.0 0.0 0.0 0.0 0.0 0.0 0.0 0.0 0.0 0.0 0.0 0.0 0.0 0.0 0.0 10/07/1982
0.0 0.0 0.0 0.0 0.0 0.0 0.0 0.0 0.0 0.0 0.0 0.0 0.0 0.0 0.0 0.0 0.0 0.0 0.0 0.0 0.0 0.0 0.0 0.0 0.0 0.0 0.0 0.0 11/07/1982
0.0 0.0 0.0 0.0 0.0 0.0 0.0 0.0 0.0 0.0 0.1 0.1 0.0 0.0 0.0 0.0 0.0 0.0 0.0 0.0 0.0 0.1 0.1 0.0 0.0 0.0 0.0 0.0 12/07/1982
1.1 0.0 0.0 0.0 0.0 0.0 0.0 0.0 0.0 0.0 0.0 0.0 1.1 1.1 0.0 0.0 0.0 0.0 0.0 0.0 0.0 0.0 0.0 7.9 1.1 1.1 1.1 1.1 13/07/1982
4.6 1.2 1.2 1.2 1.2 1.2 0.3 0.3 0.3 0.3 3.8 3.8 4.7 4.7 1.2 1.2 1.2 1.2 0.3 0.3 0.3 3.7 3.7 5.3 4.6 4.6 4.7 4.7 14/07/1982
7.5 5.3 5.3 5.3 5.3 5.3 7.5 7.6 7.7 7.8 1.2 1.2 7.6 7.6 5.3 5.3 5.3 5.3 7.4 7.6 7.6 1.2 1.2 2.0 7.5 7.5 7.6 7.6 15/07/1982
0.0 0.0 0.0 0.0 0.0 0.0 0.0 0.0 0.0 0.0 0.0 0.0 0.0 0.0 0.0 0.0 0.0 0.0 0.0 0.0 0.0 0.0 0.0 0.0 0.0 0.0 0.0 0.0 16/07/1982
0.0 0.0 0.0 0.0 0.0 0.0 0.0 0.0 0.0 0.0 0.0 0.0 0.0 0.0 0.0 0.0 0.0 0.0 0.0 0.0 0.0 0.0 0.0 0.0 0.0 0.0 0.0 0.0 17/07/1982
0.0 0.0 0.0 0.0 0.0 0.0 0.0 0.0 0.0 0.0 0.0 0.0 0.0 0.0 0.0 0.0 0.0 0.0 0.0 0.0 0.0 0.0 0.0 0.0 0.0 0.0 0.0 0.0 18/07/1982
0.0 0.0 0.0 0.0 0.0 0.0 0.0 0.0 0.0 0.0 0.0 0.0 0.0 0.0 0.0 0.0 0.0 0.0 0.0 0.0 0.0 0.0 0.0 0.0 0.0 0.0 0.0 0.0 19/07/1982
0.0 0.0 0.0 0.0 0.0 0.0 0.0 0.0 0.0 0.0 0.0 0.0 0.0 0.0 0.0 0.0 0.0 0.0 0.0 0.0 0.0 0.0 0.0 0.0 0.0 0.0 0.0 0.0 20/07/1982
0.0 0.0 0.0 0.0 0.0 0.0 0.0 0.0 0.0 0.0 1.3 1.3 0.0 0.0 0.0 0.0 0.0 0.0 0.0 0.0 0.0 1.1 1.1 0.0 0.0 0.0 0.0 0.0 21/07/1982
0.0 0.0 0.0 0.0 0.0 0.0 0.0 0.0 0.0 0.0 0.6 0.6 0.0 0.0 0.0 0.0 0.0 0.0 0.0 0.0 0.0 0.6 0.6 0.0 0.0 0.0 0.0 0.0 22/07/1982
0.0 0.0 0.0 0.0 0.0 0.0 0.0 0.0 0.0 0.0 0.0 0.0 0.0 0.0 0.0 0.0 0.0 0.0 0.0 0.0 0.0 0.0 0.0 0.0 0.0 0.0 0.0 0.0 23/07/1982
0.0 0.0 0.0 0.0 0.0 0.0 0.1 0.1 0.1 0.1 0.0 0.0 0.0 0.0 0.0 0.0 0.0 0.0 0.1 0.1 0.1 0.0 0.0 0.0 0.0 0.0 0.0 0.0 24/07/1982
0.0 0.0 0.0 0.0 0.0 0.0 0.0 0.0 0.0 0.0 0.1 0.1 0.0 0.0 0.0 0.0 0.0 0.0 0.0 0.0 0.0 0.1 0.1 0.0 0.0 0.0 0.0 0.0 25/07/1982
0.0 0.5 0.5 0.5 0.5 0.5 0.0 0.0 0.0 0.0 0.0 0.0 0.0 0.0 0.5 0.5 0.5 0.5 0.0 0.0 0.0 0.0 0.0 0.0 0.0 0.0 0.0 0.0 26/07/1982
5.7 1.9 1.9 1.9 1.9 1.9 0.0 0.0 0.0 0.0 0.0 0.0 5.8 5.8 1.9 1.9 1.9 1.9 0.0 0.0 0.0 0.0 0.0 0.5 5.7 5.7 5.8 5.8 27/07/1982
1.2 0.0 0.0 0.0 0.0 0.0 0.1 0.1 0.1 0.1 0.0 0.0 1.2 1.2 0.0 0.0 0.0 0.0 0.1 0.1 0.1 0.0 0.0 4.3 1.2 1.2 1.2 1.2 28/07/1982
0.0 0.0 0.0 0.0 0.0 0.0 0.0 0.0 0.0 0.0 0.0 0.0 0.0 0.0 0.0 0.0 0.0 0.0 0.0 0.0 0.0 0.0 0.0 0.0 0.0 0.0 0.0 0.0 29/07/1982
14.2 7.1 7.2 7.2 7.2 7.2 6.3 6.4 6.5 6.6 4.7 4.7 14.4 14.4 7.3 7.3 7.2 7.3 6.3 6.4 6.4 4.6 4.5 7.8 14.3 14.3 14.4 14.5 30/07/1982
0.4 0.0 0.0 0.0 0.0 0.0 1.8 1.8 1.8 1.9 2.8 2.8 0.4 0.4 0.0 0.0 0.0 0.0 1.8 1.8 1.8 2.7 2.7 0.2 0.4 0.4 0.4 0.4 31/07/1982
