# 460 461 462 463 464 465 489 490 491 492 493 494 518 519 520 521 522 523 547 548 549 550 551 575 576 577 578 579 Date
14.7 15.0 14.9 15.0 15.0 14.9 17.6 17.6 17.5 17.5 17.7 17.7 14.5 14.5 14.8 14.9 14.9 14.8 17.6 17.6 17.6 17.8 17.8 15.1 14.6 14.6 14.5 14.4 01/08/2015
18.7 19.3 19.3 19.3 19.3 19.3 20.0 20.1 20.1 20.2 19.1 19.1 18.7 18.7 19.3 19.3 19.3 19.3 20.0 20.0 20.1 19.1 19.0 20.6 18.7 18.7 18.7 18.8 02/08/2015
19.6 21.3 21.2 21.3 21.2 21.2 24.4 24.4 24.4 24.4 24.7 24.7 19.5 19.5 21.2 21.2 21.2 21.2 24.4 24.4 24.4 24.6 24.6 19.8 19.5 19.5 19.5 19.5 03/08/2015
17.1 17.2 17.1 17.2 17.1 17.1 18.3 18.2 18.1 18.0 18.4 18.4 17.0 17.0 17.0 17.0 17.0 17.0 18.4 18.2 18.2 18.5 18.6 17.2 17.0 17.0 17.0 16.9 04/08/2015
17.9 18.8 18.7 18.8 18.7 18.7 21.1 21.1 21.1 21.1 20.0 20.0 17.8 17.8 18.6 18.6 18.6 18.6 21.0 21.1 21.1 20.2 20.2 18.4 17.9 17.9 17.8 17.8 05/08/2015
16.2 17.3 17.2 17.3 17.3 17.2 22.7 22.6 22.5 22.4 22.9 22.8 16.0 16.0 17.0 17.1 17.1 17.0 22.9 22.7 22.7 22.9 22.9 17.0 16.1 16.1 16.0 15.9 06/08/2015
16.1 17.3 17.2 17.3 17.3 17.2 21.8 21.5 21.2 21.0 22.7 22.6 15.8 15.8 17.0 17.1 17.1 17.0 22.2 21.8 21.6 23.0 23.1 16.7 15.9 15.9 15.8 15.8 07/08/2015
17.9 17.8 17.8 17.8 17.8 17.8 20.7 20.6 20.4 20.3 21.2 21.2 17.9 17.9 17.7 17.7 17.7 17.7 20.9 20.7 20.6 21.5 21.6 18.5 17.9 17.9 17.9 17.8 08/08/2015
17.7 17.8 17.8 17.8 17.8 17.8 18.9 18.7 18.4 18.2 19.2 19.1 17.5 17.5 17.6 17.7 17.7 17.7 19.2 18.9 18.7 19.7 19.9 17.6 17.6 17.6 17.5 17.4 09/08/2015
18.2 18.7 18.6 18.7 18.6 18.6 20.3 20.1 19.9 19.7 20.3 20.3 17.9 17.9 18.4 18.4 18.4 18.4 20.5 20.2 20.1 20.6 20.7 19.0 18.1 18.1 17.9 17.8 10/08/2015
17.8 19.0 18.9 19.0 19.0 18.9 21.5 21.4 21.3 21.2 21.6 21.6 17.5 17.5 18.7 18.7 18.7 18.7 21.6 21.5 21.4 21.7 21.7 18.2 17.6 17.6 17.4 17.3 11/08/2015
19.6 21.5 21.4 21.5 21.5 21.4 23.9 23.7 23.5 23.4 24.2 24.2 19.3 19.3 21.2 21.3 21.3 21.2 24.0 23.8 23.7 24.4 24.5 20.4 19.4 19.4 19.2 19.1 12/08/2015
20.5 21.5 21.5 21.5 21.5 21.5 24.4 24.2 24.1 24.0 23.7 23.6 20.3 20.3 21.4 21.4 21.4 21.4 24.6 24.4 24.3 23.9 24.0 20.5 20.4 20.4 20.3 20.2 13/08/2015
17.5 18.6 18.5 18.6 18.6 18.5 19.2 18.9 18.7 18.5 19.9 19.8 17.2 17.2 18.3 18.3 18.4 18.3 19.4 19.1 19.0 20.3 20.4 18.3 17.3 17.3 17.2 17.1 14/08/2015
15.4 15.9 15.8 15.9 15.9 15.8 16.1 15.9 15.7 15.6 15.8 15.7 15.3 15.3 15.7 15.7 15.7 15.7 16.4 16.1 16.0 16.2 16.3 15.6 15.4 15.4 15.3 15.2 15/08/2015
15.0 15.0 14.9 15.0 14.9 14.9 16.3 16.2 16.2 16.1 15.8 15.8 14.9 14.9 14.8 14.8 14.8 14.8 16.3 16.3 16.2 16.1 16.2 15.5 14.9 14.9 14.9 14.8 16/08/2015
16.5 15.7 15.6 15.7 15.7 15.6 13.5 13.4 13.2 13.1 13.2 13.2 16.4 16.4 15.5 15.5 15.5 15.5 13.7 13.5 13.4 13.6 13.7 16.4 16.4 16.4 16.4 16.3 17/08/2015
15.6 15.5 15.4 15.5 15.5 15.4 13.8 13.7 13.6 13.5 13.8 13.8 15.5 15.5 15.3 15.3 15.4 15.3 14.0 13.8 13.7 14.1 14.1 16.5 15.5 15.5 15.5 15.4 18/08/2015
16.8 17.2 17.1 17.2 17.2 17.1 16.8 16.8 16.8 16.8 15.4 15.4 16.7 16.7 17.0 17.1 17.1 17.1 16.8 16.8 16.8 15.4 15.4 17.0 16.8 16.8 16.7 16.6 19/08/2015
19.4 18.4 18.3 18.4 18.3 18.3 17.5 17.4 17.2 17.2 16.7 16.7 19.2 19.2 18.1 18.1 18.1 18.1 17.6 17.5 17.4 16.9 16.9 19.2 19.3 19.3 19.2 19.1 20/08/2015
21.3 21.4 21.3 21.4 21.4 21.3 20.1 20.1 20.1 20.1 19.5 19.5 21.2 21.2 21.2 21.2 21.3 21.2 20.1 20.1 20.1 19.4 19.4 21.2 21.2 21.2 21.2 21.1 21/08/2015
23.4 23.8 23.8 23.8 23.8 23.8 21.5 21.5 21.6 21.6 20.3 20.4 23.4 23.4 23.8 23.8 23.8 23.8 21.4 21.5 21.5 20.2 20.2 24.2 23.4 23.4 23.4 23.4 22/08/2015
18.5 17.8 17.7 17.8 17.8 17.7 18.4 18.3 18.2 18.1 17.8 17.7 18.3 18.3 17.7 17.7 17.7 17.7 18.5 18.4 18.3 17.9 17.9 18.3 18.4 18.4 18.3 18.2 23/08/2015
15.6 15.5 15.4 15.5 15.5 15.4 16.1 15.9 15.7 15.5 15.8 15.7 15.4 15.4 15.2 15.2 15.3 15.2 16.3 16.0 15.9 16.1 16.2 15.6 15.5 15.5 15.4 15.4 24/08/2015
15.4 15.2 15.1 15.2 15.1 15.1 15.4 15.3 15.1 15.0 15.0 15.0 15.2 15.2 14.9 14.9 14.9 14.9 15.6 15.4 15.3 15.3 15.4 16.3 15.3 15.3 15.2 15.1 25/08/2015
18.4 18.9 18.8 18.9 18.9 18.8 21.0 20.8 20.6 20.4 20.4 20.3 18.2 18.2 18.6 18.6 18.6 18.6 21.2 20.9 20.8 20.7 20.8 18.7 18.3 18.3 18.2 18.1 26/08/2015
13.9 14.1 14.0 14.1 14.1 14.0 15.0 14.7 14.4 14.2 13.7 13.7 13.7 13.7 13.8 13.8 13.8 13.8 15.3 14.9 14.8 14.2 14.3 14.8 13.8 13.8 13.7 13.6 27/08/2015
15.1 14.8 14.8 14.8 14.8 14.8 16.4 16.2 16.0 15.9 15.6 15.5 15.0 15.0 14.7 14.7 14.7 14.7 16.6 16.3 16.2 15.9 16.0 15.6 15.0 15.0 14.9 14.9 28/08/2015
18.2 18.8 18.7 18.8 18.8 18.7 20.3 20.2 20.1 20.0 19.7 19.7 18.0 18.0 18.6 18.6 18.7 18.6 20.4 20.3 20.2 19.9 20.0 18.3 18.1 18.1 18.0 17.9 29/08/2015
19.7 21.1 21.0 21.1 21.0 21.0 24.4 24.3 24.3 24.2 23.8 23.8 19.4 19.4 20.9 20.9 20.9 20.9 24.5 24.4 24.4 23.8 23.8 19.4 19.5 19.5 19.4 19.3 30/08/2015
17.5 17.9 17.8 17.9 17.8 17.8 21.8 21.6 21.4 21.3 21.9 21.9 17.2 17.2 17.7 17.7 17.7 17.7 22.0 21.7 21.7 21.9 21.9 17.3 17.4 17.4 17.2 17.1 31/08/2015
15.3 15.1 15.0 15.1 15.0 15.0 15.9 15.8 15.7 15.5 15.5 15.4 15.1 15.1 14.8 14.9 14.9 14.8 16.1 15.9 15.8 15.7 15.8 15.5 15.2 15.2 15.1 15.0 01/09/2015
13.7 12.9 12.8 12.9 12.9 12.8 12.9 12.9 12.8 12.8 12.8 12.8 13.6 13.6 12.7 12.7 12.7 12.7 13.0 12.9 12.9 12.9 12.9 14.6 13.7 13.7 13.6 13.5 02/09/2015
13.6 11.9 11.8 11.9 11.9 11.8 11.8 11.7 11.6 11.5 11.5 11.5 13.4 13.4 11.7 11.7 11.8 11.7 12.0 11.8 11.7 11.8 11.9 13.8 13.5 13.5 13.4 13.4 03/09/2015
13.2 12.5 12.4 12.5 12.5 12.4 11.9 11.8 11.7 11.6 11.0 11.0 13.0 13.0 12.3 12.3 12.3 12.3 12.1 11.9 11.9 11.1 11.2 13.2 13.1 13.1 13.0 12.9 04/09/2015
13.0 13.0 12.9 13.0 12.9 12.9 11.3 11.2 11.0 10.9 10.3 10.3 12.8 12.8 12.7 12.8 12.8 12.7 11.4 11.3 11.2 10.5 10.6 13.8 12.9 12.9 12.8 12.7 05/09/2015
11.8 11.7 11.6 11.7 11.7 11.6 11.3 11.2 11.0 10.9 10.5 10.4 11.6 11.6 11.5 11.5 11.5 11.5 11.5 11.3 11.2 10.7 10.8 12.5 11.7 11.7 11.5 11.5 06/09/2015
13.2 12.7 12.7 12.7 12.7 12.7 12.0 11.9 11.8 11.6 11.8 11.8 13.0 13.0 12.6 12.6 12.6 12.6 12.2 12.0 11.9 12.0 12.1 14.1 13.1 13.1 13.0 12.9 07/09/2015
14.2 13.9 13.9 13.9 13.9 13.9 13.1 13.0 12.8 12.7 13.8 13.7 14.1 14.1 13.8 13.8 13.8 13.8 13.3 13.1 13.0 14.0 14.1 14.4 14.1 14.1 14.0 14.0 08/09/2015
15.7 15.0 15.0 15.0 15.0 15.0 14.1 14.1 14.1 14.1 13.4 13.4 15.5 15.5 14.8 14.9 14.9 14.8 14.1 14.1 14.1 13.3 13.2 15.7 15.6 15.6 15.5 15.5 09/09/2015
16.4 15.7 15.7 15.7 15.7 15.7 13.6 13.6 13.6 13.6 13.5 13.5 16.2 16.2 15.6 15.6 15.6 15.6 13.6 13.6 13.6 13.4 13.4 16.4 16.3 16.3 16.2 16.2 10/09/2015
16.2 15.7 15.6 15.7 15.7 15.6 14.6 14.6 14.7 14.8 14.0 14.0 16.1 16.1 15.6 15.6 15.6 15.6 14.5 14.6 14.6 13.9 13.9 17.1 16.1 16.1 16.1 16.1 11/09/2015
14.4 14.4 14.3 14.4 14.4 14.3 15.2 15.1 14.9 14.8 15.3 15.3 14.3 14.3 14.2 14.2 14.2 14.2 15.4 15.2 15.1 15.5 15.6 15.7 14.3 14.3 14.2 14.2 12/09/2015
13.4 12.6 12.5 12.5 12.5 12.5 14.6 14.5 14.3 14.2 16.6 16.5 13.3 13.3 12.4 12.5 12.5 12.4 14.8 14.6 14.5 16.8 16.9 13.9 13.3 13.3 13.3 13.2 13/09/2015
13.0 13.3 13.2 13.3 13.3 13.2 13.6 13.4 13.1 13.0 14.0 13.9 12.8 12.8 13.0 13.1 13.1 13.0 13.9 13.6 13.4 14.3 14.5 13.7 12.9 12.9 12.7 12.7 14/09/2015
13.2 13.3 13.2 13.3 13.3 13.2 13.5 13.2 13.0 12.8 12.8 12.8 12.8 12.8 12.9 13.0 13.0 12.9 13.8 13.4 13.3 13.2 13.4 13.9 13.0 13.0 12.8 12.6 15/09/2015
15.1 15.6 15.5 15.6 15.6 15.5 15.6 15.4 15.3 15.1 15.4 15.3 14.9 14.9 15.4 15.4 15.4 15.4 15.8 15.6 15.5 15.7 15.8 15.6 15.0 15.0 14.9 14.8 16/09/2015
14.1 14.3 14.2 14.3 14.2 14.2 14.1 13.8 13.6 13.4 13.4 13.3 13.9 13.9 14.0 14.0 14.0 14.0 14.3 14.0 13.9 13.7 13.9 14.5 14.0 14.0 13.9 13.8 17/09/2015
13.3 13.0 12.9 13.0 13.0 12.9 12.5 12.3 12.2 12.0 12.5 12.5 13.1 13.1 12.7 12.7 12.7 12.7 12.7 12.5 12.4 12.7 12.8 13.8 13.2 13.2 13.1 13.0 18/09/2015
13.2 12.9 12.8 12.9 12.9 12.8 12.5 12.4 12.2 12.1 12.2 12.2 13.0 13.0 12.6 12.6 12.7 12.6 12.7 12.5 12.4 12.5 12.5 13.5 13.1 13.1 13.0 12.9 19/09/2015
12.8 12.4 12.3 12.4 12.4 12.3 12.2 12.2 12.2 12.3 11.4 11.4 12.7 12.7 12.3 12.3 12.3 12.3 12.2 12.2 12.2 11.3 11.3 13.2 12.7 12.7 12.6 12.6 20/09/2015
12.8 12.7 12.7 12.7 12.7 12.7 11.6 11.5 11.5 11.4 10.7 10.7 12.7 12.7 12.6 12.6 12.6 12.6 11.6 11.6 11.5 10.9 10.9 13.9 12.8 12.8 12.7 12.7 21/09/2015
12.0 12.0 11.9 12.0 11.9 11.8 11.9 11.7 11.5 11.3 11.5 11.4 11.7 11.7 11.7 11.7 11.7 11.7 12.2 11.9 11.8 11.8 11.9 12.7 11.8 11.8 11.7 11.6 22/09/2015
13.3 12.7 12.6 12.7 12.7 12.6 11.3 11.2 11.1 11.0 10.7 10.7 13.1 13.1 12.4 12.4 12.5 12.4 11.5 11.3 11.2 10.9 11.0 13.9 13.2 13.2 13.1 13.0 23/09/2015
13.7 13.3 13.1 13.2 13.2 13.1 12.3 12.1 12.0 11.8 12.0 11.9 13.4 13.4 13.0 13.0 13.0 13.0 12.5 12.3 12.2 12.2 12.2 13.9 13.5 13.5 13.4 13.3 24/09/2015
12.1 11.6 11.6 11.6 11.6 11.6 12.2 12.2 12.1 12.1 11.6 11.6 12.0 12.0 11.6 11.6 11.6 11.6 12.2 12.2 12.2 11.7 11.7 13.0 12.1 12.1 12.0 12.0 25/09/2015
12.0 10.9 10.9 10.9 10.9 10.9 11.1 11.0 10.9 10.9 10.7 10.7 11.9 11.9 10.9 10.9 10.9 10.9 11.1 11.0 11.0 10.7 10.7 12.2 11.9 11.9 11.8 11.8 26/09/2015
12.6 12.2 12.1 12.2 12.2 12.1 11.9 11.8 11.7 11.6 11.9 11.9 12.4 12.4 12.0 12.1 12.1 12.0 11.9 11.8 11.8 12.0 12.1 12.8 12.5 12.5 12.4 12.4 27/09/2015
12.8 12.1 12.0 12.1 12.1 12.0 11.2 11.1 11.0 11.0 11.7 11.7 12.5 12.5 11.9 11.9 11.9 11.9 11.3 11.2 11.2 11.8 11.8 12.8 12.6 12.6 12.5 12.4 28/09/2015
12.8 12.4 12.3 12.4 12.3 12.3 11.5 11.3 11.2 11.1 12.0 12.0 12.6 12.6 12.1 12.2 12.2 12.2 11.6 11.4 11.4 12.2 12.3 12.9 12.7 12.7 12.6 12.5 29/09/2015
12.4 11.9 11.8 11.9 11.9 11.8 11.7 11.5 11.4 11.3 11.6 11.5 12.2 12.2 11.6 11.7 11.7 11.6 11.8 11.6 11.6 11.8 11.9 12.4 12.3 12.3 12.1 12.0 30/09/2015
11.5 10.9 10.8 10.9 10.9 10.8 10.0 10.0 9.9 9.8 10.4 10.4 11.3 11.3 10.7 10.7 10.7 10.7 10.1 10.0 10.0 10.5 10.6 11.3 11.4 11.4 11.3 11.2 01/10/2015
11.7 11.1 11.0 11.1 11.1 11.0 11.1 11.1 11.1 11.1 11.5 11.5 11.4 11.4 10.8 10.9 10.9 10.8 11.2 11.1 11.1 11.5 11.5 12.3 11.6 11.6 11.4 11.3 02/10/2015
11.6 11.8 11.8 11.8 11.8 11.7 12.8 12.8 12.7 12.7 11.7 11.7 11.4 11.4 11.7 11.7 11.7 11.7 12.9 12.8 12.8 11.7 11.7 12.2 11.5 11.5 11.4 11.4 03/10/2015
11.7 12.2 12.1 12.1 12.1 12.0 13.2 13.1 13.0 12.9 13.1 13.1 11.5 11.5 11.9 11.9 11.9 11.9 13.3 13.1 13.1 13.4 13.4 12.6 11.6 11.6 11.5 11.4 04/10/2015
14.8 14.4 14.3 14.4 14.4 14.3 14.9 14.7 14.4 14.2 14.2 14.2 14.6 14.6 14.2 14.3 14.3 14.2 15.2 14.9 14.7 14.5 14.6 15.0 14.7 14.7 14.5 14.5 05/10/2015
15.8 15.9 15.8 15.9 15.9 15.8 16.3 16.1 15.9 15.7 15.6 15.6 15.6 15.6 15.7 15.7 15.7 15.7 16.5 16.3 16.2 16.0 16.1 16.1 15.7 15.7 15.6 15.6 06/10/2015
13.1 12.6 12.5 12.6 12.6 12.5 12.8 12.6 12.4 12.2 12.3 12.2 13.0 13.0 12.3 12.4 12.4 12.3 13.0 12.7 12.6 12.6 12.8 13.5 13.0 13.0 12.9 12.9 07/10/2015
10.1 10.3 10.2 10.3 10.2 10.2 10.8 10.7 10.6 10.5 10.4 10.3 10.0 10.0 10.2 10.2 10.2 10.2 10.9 10.8 10.7 10.5 10.6 11.3 10.1 10.1 10.0 10.0 08/10/2015
9.8 9.6 9.6 9.6 9.6 9.6 10.5 10.4 10.4 10.4 11.1 11.1 9.7 9.7 9.5 9.5 9.5 9.5 10.5 10.5 10.4 11.2 11.2 10.5 9.8 9.8 9.7 9.7 09/10/2015
11.6 10.9 10.8 10.9 10.9 10.8 11.5 11.4 11.3 11.2 11.4 11.4 11.3 11.3 10.6 10.7 10.7 10.6 11.7 11.5 11.4 11.5 11.5 11.7 11.4 11.4 11.3 11.2 10/10/2015
11.0 9.8 9.7 9.8 9.8 9.7 10.1 9.9 9.7 9.5 9.5 9.5 10.7 10.7 9.5 9.5 9.5 9.5 10.4 10.1 10.0 9.7 9.8 11.2 10.8 10.8 10.6 10.5 11/10/2015
10.6 9.6 9.5 9.6 9.6 9.5 7.8 7.6 7.4 7.3 7.2 7.2 10.3 10.3 9.3 9.4 9.4 9.3 8.0 7.8 7.7 7.3 7.3 11.2 10.4 10.4 10.2 10.1 12/10/2015
10.3 8.8 8.7 8.8 8.7 8.7 5.2 5.0 4.8 4.6 4.4 4.4 10.1 10.1 8.6 8.6 8.6 8.6 5.5 5.2 5.1 4.7 4.9 10.4 10.2 10.2 10.1 10.0 13/10/2015
8.3 7.0 6.9 7.0 7.0 6.9 4.5 4.4 4.2 4.1 4.1 4.1 8.1 8.1 6.8 6.8 6.8 6.8 4.7 4.5 4.4 4.4 4.6 9.4 8.2 8.2 8.1 8.1 14/10/2015
6.5 5.5 5.4 5.5 5.5 5.4 4.2 3.9 3.6 3.4 3.6 3.5 6.2 6.2 5.2 5.2 5.3 5.2 4.5 4.1 4.0 4.1 4.3 6.9 6.3 6.3 6.2 6.1 15/10/2015
10.7 9.5 9.4 9.5 9.5 9.4 5.7 5.4 5.1 4.8 4.3 4.2 10.4 10.4 9.2 9.2 9.2 9.2 6.1 5.6 5.5 4.8 5.0 10.8 10.5 10.5 10.4 10.3 16/10/2015
11.6 10.9 10.8 10.9 10.9 10.8 7.1 6.9 6.7 6.6 6.1 6.0 11.4 11.4 10.6 10.7 10.7 10.6 7.4 7.1 7.0 6.4 6.6 11.4 11.5 11.5 11.4 11.3 17/10/2015
9.6 8.7 8.6 8.7 8.7 8.6 8.1 7.9 7.7 7.5 6.8 6.8 9.3 9.3 8.4 8.5 8.5 8.4 8.3 8.1 8.0 7.2 7.3 10.3 9.5 9.5 9.3 9.2 18/10/2015
9.9 10.2 10.1 10.2 10.2 10.1 9.1 9.0 8.8 8.7 8.0 8.0 9.7 9.7 10.0 10.0 10.0 10.0 9.3 9.1 9.0 8.4 8.5 10.4 9.8 9.8 9.7 9.7 19/10/2015
10.2 10.3 10.2 10.3 10.3 10.2 8.9 8.8 8.6 8.5 8.4 8.4 10.0 10.0 10.1 10.1 10.1 10.1 9.1 8.9 8.8 8.7 8.7 11.1 10.1 10.1 9.9 9.9 20/10/2015
9.6 9.3 9.2 9.3 9.3 9.2 8.9 8.7 8.5 8.3 8.3 8.2 9.3 9.3 9.1 9.1 9.1 9.1 9.2 8.9 8.8 8.6 8.7 10.6 9.4 9.4 9.3 9.2 21/10/2015
12.4 12.3 12.1 12.3 12.2 12.1 11.5 11.1 10.8 10.6 10.5 10.4 12.1 12.1 11.9 12.0 12.0 12.0 11.8 11.4 11.2 11.0 11.2 12.9 12.2 12.2 12.0 11.9 22/10/2015
11.1 10.8 10.7 10.8 10.8 10.7 11.0 10.8 10.6 10.5 10.7 10.7 10.8 10.8 10.5 10.5 10.5 10.5 11.2 11.0 10.9 11.0 11.1 12.0 11.0 11.0 10.8 10.7 23/10/2015
11.1 11.3 11.1 11.2 11.2 11.1 12.1 11.7 11.3 10.9 11.0 10.9 10.7 10.7 10.9 10.9 10.9 10.9 12.6 12.0 11.8 11.7 11.9 12.2 10.9 10.9 10.7 10.5 24/10/2015
8.8 9.4 9.3 9.4 9.4 9.3 10.8 10.5 10.3 10.1 10.7 10.6 8.5 8.5 9.1 9.1 9.1 9.1 11.0 10.7 10.6 11.1 11.2 9.9 8.7 8.7 8.5 8.4 25/10/2015
9.4 9.6 9.5 9.6 9.6 9.5 11.3 11.0 10.6 10.3 9.4 9.3 9.1 9.1 9.4 9.4 9.4 9.4 11.7 11.3 11.1 9.8 10.0 10.5 9.3 9.3 9.0 8.9 26/10/2015
14.2 14.0 13.9 14.0 13.9 13.9 12.9 12.6 12.3 12.1 11.0 11.0 14.0 14.0 13.9 13.9 13.9 13.9 13.1 12.8 12.7 11.2 11.3 14.7 14.1 14.1 14.0 13.9 27/10/2015
11.3 11.6 11.6 11.6 11.6 11.6 11.4 11.2 11.0 10.9 10.3 10.2 11.2 11.2 11.5 11.5 11.5 11.5 11.6 11.3 11.2 10.6 10.7 11.8 11.2 11.2 11.1 11.1 28/10/2015
12.0 11.3 11.2 11.3 11.3 11.2 9.3 9.1 8.8 8.6 8.7 8.7 11.7 11.7 11.0 11.0 11.0 11.0 9.6 9.3 9.1 9.1 9.2 12.9 11.9 11.9 11.7 11.6 29/10/2015
12.0 12.6 12.4 12.6 12.6 12.4 10.8 10.3 9.8 9.4 8.7 8.6 11.5 11.5 12.0 12.1 12.1 12.0 11.3 10.7 10.4 9.5 9.8 13.4 11.7 11.7 11.4 11.3 30/10/2015
10.1 10.4 10.3 10.4 10.4 10.2 10.4 10.0 9.6 9.2 8.4 8.3 9.7 9.7 9.9 10.0 10.0 10.0 10.9 10.3 10.1 8.9 9.1 11.6 9.9 9.9 9.6 9.5 31/10/2015
11.3 11.1 11.2 11.1 11.1 11.2 9.2 9.3 9.5 9.6 7.4 7.5 11.5 11.5 11.3 11.3 11.3 11.3 9.1 9.2 9.3 7.3 7.3 12.8 11.4 11.4 11.5 11.6 01/11/2015
8.4 7.9 7.8 7.9 7.9 7.8 7.1 6.8 6.5 6.3 5.7 5.6 8.1 8.1 7.6 7.6 7.6 7.6 7.4 7.0 6.9 6.1 6.3 10.2 8.2 8.2 8.1 8.0 02/11/2015
12.1 12.2 12.1 12.2 12.2 12.1 10.6 10.3 10.0 9.8 8.2 8.1 11.8 11.8 11.9 11.9 11.9 11.9 11.0 10.6 10.4 8.8 9.0 13.1 12.0 12.0 11.8 11.7 03/11/2015
12.7 12.6 12.5 12.6 12.6 12.5 12.6 12.4 12.2 12.1 11.9 11.9 12.5 12.5 12.4 12.4 12.4 12.4 12.8 12.6 12.5 12.2 12.3 13.3 12.6 12.6 12.5 12.4 04/11/2015
13.9 14.1 14.0 14.1 14.1 14.0 14.5 14.3 14.1 13.9 13.8 13.8 13.6 13.6 13.8 13.9 13.9 13.8 14.8 14.5 14.4 14.1 14.2 14.5 13.7 13.7 13.6 13.5 05/11/2015
15.5 15.9 15.8 15.9 15.9 15.8 15.8 15.5 15.1 14.9 14.6 14.5 15.1 15.1 15.5 15.5 15.5 15.5 16.2 15.8 15.6 15.1 15.3 15.9 15.3 15.3 15.0 14.9 06/11/2015
16.3 16.4 16.3 16.4 16.4 16.3 16.7 16.5 16.2 16.0 16.1 16.0 16.0 16.0 16.1 16.1 16.1 16.1 17.0 16.7 16.5 16.5 16.6 16.3 16.2 16.2 16.0 15.9 07/11/2015
14.7 14.7 14.5 14.6 14.6 14.5 14.4 14.2 14.1 13.9 13.3 13.3 14.4 14.4 14.3 14.4 14.4 14.3 14.6 14.4 14.3 13.5 13.5 15.1 14.5 14.5 14.4 14.3 08/11/2015
13.1 12.9 12.8 12.9 12.8 12.8 13.3 13.1 12.8 12.7 13.4 13.3 12.9 12.9 12.6 12.6 12.6 12.6 13.6 13.3 13.2 13.7 13.9 13.7 13.0 13.0 12.8 12.8 09/11/2015
12.6 12.1 12.0 12.1 12.1 12.0 10.3 10.2 10.0 9.9 9.1 9.0 12.3 12.3 11.8 11.9 11.9 11.8 10.5 10.3 10.2 9.3 9.4 13.0 12.5 12.5 12.3 12.2 10/11/2015
12.4 11.6 11.5 11.6 11.6 11.5 10.3 10.1 10.0 9.9 9.5 9.5 12.2 12.2 11.4 11.4 11.4 11.4 10.4 10.2 10.2 9.7 9.7 12.6 12.3 12.3 12.1 12.1 11/11/2015
13.1 12.9 12.8 12.8 12.8 12.7 12.5 12.3 12.2 12.1 11.7 11.6 12.9 12.9 12.6 12.6 12.6 12.6 12.7 12.5 12.4 11.9 12.0 13.3 13.0 13.0 12.9 12.8 12/11/2015
11.4 11.2 11.1 11.2 11.1 11.1 10.7 10.5 10.3 10.1 10.1 10.1 11.2 11.2 10.9 11.0 11.0 10.9 10.9 10.6 10.5 10.4 10.5 12.2 11.3 11.3 11.1 11.1 13/11/2015
10.4 9.7 9.6 9.7 9.7 9.6 8.7 8.5 8.2 8.0 7.8 7.8 10.0 10.0 9.3 9.4 9.4 9.3 9.0 8.7 8.5 8.2 8.4 11.2 10.2 10.2 10.0 9.9 14/11/2015
12.5 13.1 12.9 13.1 13.0 12.8 12.5 11.9 11.4 10.9 10.6 10.4 12.0 12.0 12.5 12.6 12.6 12.5 13.1 12.4 12.1 11.5 11.8 13.4 12.2 12.2 11.9 11.7 15/11/2015
12.9 12.7 12.6 12.7 12.7 12.6 12.2 11.8 11.4 11.1 10.3 10.2 12.6 12.6 12.3 12.4 12.4 12.4 12.7 12.2 11.9 11.1 11.4 13.2 12.7 12.7 12.6 12.5 16/11/2015
14.1 14.7 14.5 14.6 14.6 14.5 14.3 14.1 13.9 13.7 13.4 13.3 13.9 13.9 14.3 14.4 14.4 14.3 14.5 14.2 14.1 13.9 14.0 14.6 14.0 14.0 13.9 13.9 17/11/2015
13.8 13.4 13.3 13.4 13.4 13.3 12.4 12.1 11.9 11.7 12.0 12.0 13.5 13.5 13.0 13.1 13.1 13.1 12.6 12.3 12.2 12.4 12.5 13.8 13.6 13.6 13.5 13.4 18/11/2015
13.1 12.8 12.7 12.8 12.8 12.7 12.8 12.6 12.5 12.4 12.3 12.3 12.9 12.9 12.5 12.5 12.5 12.5 12.9 12.8 12.7 12.6 12.7 13.3 13.0 13.0 12.9 12.8 19/11/2015
8.6 8.5 8.4 8.5 8.5 8.4 7.3 7.1 6.9 6.7 6.8 6.8 8.3 8.3 8.2 8.2 8.2 8.2 7.5 7.2 7.1 7.2 7.4 9.3 8.4 8.4 8.3 8.3 20/11/2015
5.7 5.0 4.8 5.0 4.9 4.8 3.8 3.6 3.4 3.2 3.1 3.1 5.4 5.4 4.6 4.7 4.7 4.6 4.0 3.8 3.7 3.5 3.6 6.1 5.5 5.5 5.3 5.2 21/11/2015
3.8 3.8 3.8 3.8 3.8 3.8 2.3 2.2 2.0 1.9 2.3 2.3 3.6 3.6 3.6 3.7 3.7 3.6 2.5 2.3 2.2 2.6 2.7 5.0 3.7 3.7 3.6 3.5 22/11/2015
3.9 2.8 2.8 2.8 2.8 2.8 0.7 0.6 0.4 0.3 0.2 0.2 3.7 3.7 2.7 2.8 2.8 2.7 0.9 0.7 0.6 0.5 0.6 4.9 3.8 3.8 3.7 3.7 23/11/2015
6.9 5.7 5.6 5.7 5.7 5.6 2.6 2.3 1.9 1.6 0.6 0.5 6.6 6.6 5.4 5.4 5.4 5.4 3.0 2.5 2.4 1.1 1.3 7.8 6.7 6.7 6.6 6.5 24/11/2015
9.7 8.1 8.0 8.1 8.1 8.0 5.5 5.3 5.2 5.1 4.8 4.8 9.6 9.6 7.9 7.9 7.9 7.9 5.7 5.5 5.4 5.0 5.1 10.5 9.7 9.7 9.6 9.5 25/11/2015
7.5 5.9 5.9 5.9 5.9 5.9 3.9 3.9 3.8 3.8 1.7 1.7 7.4 7.4 5.8 5.8 5.8 5.8 3.9 3.9 3.9 1.7 1.8 8.8 7.4 7.4 7.4 7.3 26/11/2015
9.1 7.3 7.2 7.3 7.2 7.1 1.6 1.3 1.0 0.8 -0.5 -0.6 8.8 8.8 6.9 7.0 7.0 7.0 1.9 1.5 1.4 -0.1 0.1 9.3 9.0 9.0 8.8 8.8 27/11/2015
8.6 7.9 7.8 7.9 7.8 7.8 5.2 5.1 4.9 4.7 4.5 4.5 8.4 8.4 7.6 7.7 7.7 7.6 5.4 5.2 5.1 4.8 5.0 8.8 8.5 8.5 8.4 8.4 28/11/2015
11.7 11.1 11.0 11.1 11.1 11.0 9.6 9.4 9.3 9.1 8.8 8.8 11.5 11.5 10.9 10.9 10.9 10.9 9.8 9.6 9.5 9.2 9.3 11.6 11.6 11.6 11.5 11.5 29/11/2015
11.6 11.5 11.4 11.5 11.5 11.4 10.8 10.6 10.4 10.2 10.0 9.9 11.4 11.4 11.2 11.2 11.2 11.2 11.0 10.8 10.7 10.3 10.4 11.7 11.5 11.5 11.4 11.3 30/11/2015
11.6 11.4 11.3 11.4 11.4 11.3 11.0 10.8 10.5 10.3 10.0 9.9 11.4 11.4 11.1 11.1 11.1 11.1 11.3 11.0 10.8 10.4 10.5 11.8 11.5 11.5 11.3 11.3 01/12/2015
10.0 9.9 9.8 9.9 9.9 9.8 9.3 9.1 8.9 8.7 8.5 8.4 9.8 9.8 9.6 9.6 9.6 9.6 9.5 9.2 9.1 8.8 8.9 10.7 9.9 9.9 9.8 9.7 02/12/2015
8.8 8.2 8.1 8.2 8.1 8.0 7.2 6.9 6.7 6.5 6.7 6.6 8.6 8.6 7.9 7.9 7.9 7.9 7.5 7.1 7.0 7.0 7.2 10.4 8.7 8.7 8.5 8.5 03/12/2015
9.7 9.0 8.9 9.0 9.0 8.9 7.5 7.3 7.2 7.0 5.2 5.2 9.4 9.4 8.7 8.8 8.8 8.8 7.7 7.5 7.4 5.4 5.5 9.8 9.5 9.5 9.4 9.3 04/12/2015
7.4 6.7 6.5 6.7 6.6 6.5 4.3 4.1 3.8 3.7 3.1 3.1 7.0 7.0 6.3 6.3 6.3 6.3 4.5 4.2 4.1 3.4 3.5 8.3 7.2 7.2 7.0 6.9 05/12/2015
11.4 10.7 10.6 10.7 10.7 10.6 8.3 8.1 7.8 7.5 6.8 6.8 11.1 11.1 10.4 10.4 10.4 10.4 8.7 8.3 8.1 7.2 7.3 11.6 11.2 11.2 11.1 11.0 06/12/2015
11.3 10.7 10.6 10.7 10.7 10.6 8.0 8.0 7.9 7.9 7.1 7.1 11.1 11.1 10.5 10.5 10.5 10.5 8.1 8.0 8.0 7.1 7.1 11.8 11.2 11.2 11.1 11.0 07/12/2015
10.3 9.2 9.1 9.2 9.2 9.1 8.5 8.3 8.2 8.1 7.8 7.7 10.1 10.1 9.0 9.0 9.0 9.0 8.6 8.5 8.4 7.9 8.0 10.7 10.2 10.2 10.1 10.0 08/12/2015
7.1 6.4 6.4 6.4 6.4 6.3 5.4 5.2 5.0 4.9 5.3 5.3 6.9 6.9 6.2 6.3 6.3 6.2 5.6 5.3 5.2 5.6 5.7 8.4 7.0 7.0 6.9 6.8 09/12/2015
6.0 4.0 3.9 4.0 4.0 3.9 3.5 3.2 3.0 2.8 2.9 2.9 5.6 5.6 3.7 3.7 3.7 3.7 3.8 3.4 3.3 3.3 3.5 7.2 5.8 5.8 5.6 5.5 10/12/2015
9.7 8.4 8.3 8.4 8.3 8.3 5.8 5.6 5.3 5.2 4.9 4.8 9.4 9.4 8.1 8.1 8.1 8.1 6.0 5.8 5.6 5.2 5.3 9.8 9.6 9.6 9.4 9.3 11/12/2015
9.8 9.6 9.5 9.6 9.5 9.4 8.9 8.6 8.3 8.1 8.0 7.9 9.5 9.5 9.2 9.3 9.3 9.2 9.2 8.9 8.7 8.4 8.6 10.5 9.7 9.7 9.5 9.4 12/12/2015
5.8 6.5 6.3 6.5 6.4 6.3 7.6 7.1 6.7 6.3 6.1 6.0 5.3 5.3 6.0 6.0 6.0 6.0 8.2 7.5 7.3 6.9 7.2 7.2 5.5 5.5 5.3 5.1 13/12/2015
5.0 5.7 5.5 5.6 5.6 5.5 5.6 5.2 4.7 4.4 3.6 3.5 4.5 4.5 5.2 5.2 5.2 5.2 6.1 5.5 5.3 4.2 4.4 6.4 4.7 4.7 4.4 4.3 14/12/2015
9.9 9.5 9.4 9.5 9.5 9.4 8.2 7.8 7.4 7.1 6.6 6.5 9.6 9.6 9.1 9.2 9.2 9.1 8.6 8.1 7.9 7.1 7.3 10.8 9.8 9.8 9.6 9.5 15/12/2015
12.9 12.9 12.8 12.9 12.8 12.8 12.1 11.8 11.5 11.3 10.9 10.9 12.7 12.7 12.6 12.6 12.6 12.6 12.4 12.0 11.9 11.4 11.5 13.5 12.8 12.8 12.7 12.6 16/12/2015
12.6 12.8 12.6 12.8 12.7 12.6 13.2 12.8 12.5 12.3 12.0 12.0 12.3 12.3 12.3 12.4 12.4 12.3 13.5 13.1 12.9 12.4 12.6 13.5 12.5 12.5 12.2 12.1 17/12/2015
11.4 11.6 11.5 11.6 11.6 11.5 11.4 11.1 10.8 10.6 10.5 10.4 11.2 11.2 11.3 11.3 11.3 11.3 11.8 11.4 11.2 11.0 11.2 12.1 11.3 11.3 11.1 11.0 18/12/2015
13.7 12.8 12.6 12.8 12.7 12.6 11.6 11.2 10.7 10.4 10.3 10.2 13.3 13.3 12.4 12.4 12.4 12.4 12.1 11.5 11.3 11.0 11.2 14.7 13.5 13.5 13.3 13.2 19/12/2015
12.2 11.8 11.8 11.8 11.8 11.7 10.2 9.9 9.5 9.2 8.9 8.8 12.0 12.0 11.6 11.6 11.6 11.6 10.6 10.2 10.0 9.4 9.6 12.4 12.1 12.1 12.0 11.9 20/12/2015
11.1 10.6 10.5 10.6 10.6 10.5 10.1 9.9 9.7 9.6 9.5 9.5 10.8 10.8 10.3 10.3 10.3 10.3 10.3 10.0 9.9 9.8 9.9 11.2 10.9 10.9 10.8 10.7 21/12/2015
12.8 12.7 12.6 12.7 12.7 12.6 11.7 11.3 10.9 10.6 9.7 9.6 12.5 12.5 12.3 12.4 12.4 12.3 12.2 11.6 11.4 10.3 10.5 12.7 12.6 12.6 12.5 12.4 22/12/2015
9.7 9.5 9.4 9.5 9.5 9.4 9.6 9.4 9.2 9.0 9.1 9.0 9.6 9.6 9.3 9.3 9.3 9.3 9.9 9.6 9.5 9.4 9.5 10.4 9.6 9.6 9.5 9.5 23/12/2015
10.2 9.8 9.7 9.8 9.8 9.7 10.0 9.7 9.5 9.3 9.6 9.6 10.0 10.0 9.5 9.6 9.6 9.5 10.3 9.9 9.8 10.0 10.1 10.6 10.1 10.1 10.0 9.9 24/12/2015
10.8 10.3 10.2 10.3 10.3 10.2 10.1 9.9 9.7 9.5 9.4 9.4 10.6 10.6 10.1 10.1 10.1 10.1 10.3 10.1 9.9 9.8 9.9 11.1 10.7 10.7 10.6 10.5 25/12/2015
11.5 11.0 10.8 10.9 10.9 10.8 9.6 9.4 9.2 9.1 8.2 8.2 11.2 11.2 10.6 10.6 10.6 10.6 9.8 9.6 9.5 8.4 8.5 12.1 11.4 11.4 11.2 11.1 26/12/2015
10.2 9.6 9.5 9.6 9.6 9.5 7.7 7.6 7.5 7.4 6.6 6.6 10.0 10.0 9.3 9.4 9.4 9.3 7.9 7.7 7.7 6.6 6.6 11.1 10.1 10.1 10.0 9.9 27/12/2015
8.7 9.3 9.1 9.3 9.2 9.1 8.2 7.8 7.5 7.2 5.6 5.6 8.3 8.3 8.8 8.9 8.9 8.8 8.6 8.1 7.9 6.2 6.4 10.1 8.5 8.5 8.2 8.1 28/12/2015
10.4 9.2 9.1 9.2 9.2 9.1 7.0 6.8 6.6 6.5 5.9 5.9 10.2 10.2 9.0 9.0 9.0 9.0 7.2 6.9 6.9 6.0 6.1 10.8 10.3 10.3 10.2 10.2 29/12/2015
10.4 8.8 8.6 8.8 8.7 8.6 6.3 5.9 5.6 5.3 4.4 4.4 10.1 10.1 8.4 8.4 8.5 8.4 6.7 6.2 6.0 4.9 5.1 11.1 10.2 10.2 10.0 9.9 30/12/2015
8.6 8.1 8.0 8.1 8.0 8.0 7.3 7.2 7.0 6.9 6.2 6.2 8.4 8.4 7.8 7.9 7.9 7.9 7.4 7.3 7.2 6.4 6.4 9.1 8.5 8.5 8.4 8.3 31/12/2015
5.9 5.6 5.6 5.6 5.6 5.6 5.6 5.4 5.1 5.0 4.9 4.9 5.7 5.7 5.5 5.5 5.5 5.5 5.9 5.6 5.5 5.3 5.4 6.8 5.8 5.8 5.7 5.7 01/01/2016
8.6 8.4 8.3 8.4 8.4 8.3 8.1 7.8 7.6 7.4 7.3 7.2 8.4 8.4 8.1 8.1 8.1 8.1 8.4 8.0 7.9 7.7 7.8 9.0 8.5 8.5 8.3 8.3 02/01/2016
7.0 6.7 6.6 6.7 6.7 6.6 6.1 5.9 5.6 5.4 5.4 5.4 6.7 6.7 6.4 6.5 6.5 6.4 6.4 6.1 5.9 5.9 6.0 7.8 6.9 6.9 6.7 6.6 03/01/2016
7.8 7.2 7.1 7.2 7.2 7.1 6.5 6.3 6.1 5.9 5.9 5.8 7.5 7.5 6.9 7.0 7.0 6.9 6.7 6.4 6.3 6.2 6.3 8.3 7.6 7.6 7.5 7.4 04/01/2016
7.7 7.3 7.2 7.3 7.2 7.2 5.9 5.7 5.5 5.3 5.3 5.3 7.4 7.4 7.0 7.0 7.0 7.0 6.1 5.8 5.7 5.6 5.8 8.1 7.6 7.6 7.4 7.3 05/01/2016
7.4 7.2 7.1 7.2 7.1 7.1 6.5 6.3 6.0 5.9 5.8 5.7 7.1 7.1 6.9 6.9 6.9 6.9 6.7 6.4 6.3 6.1 6.3 8.1 7.2 7.2 7.1 7.0 06/01/2016
7.2 6.7 6.6 6.7 6.7 6.6 5.8 5.6 5.3 5.1 5.5 5.5 6.8 6.8 6.4 6.4 6.4 6.4 6.1 5.8 5.6 6.0 6.1 7.9 7.0 7.0 6.8 6.7 07/01/2016
5.0 4.4 4.4 4.4 4.4 4.3 3.9 3.7 3.6 3.4 3.1 3.1 4.8 4.8 4.2 4.2 4.3 4.2 4.1 3.9 3.8 3.3 3.4 6.2 4.9 4.9 4.8 4.7 08/01/2016
8.4 7.9 7.8 7.9 7.8 7.8 5.1 5.0 4.9 4.8 4.7 4.7 8.1 8.1 7.6 7.6 7.6 7.6 5.2 5.1 5.0 4.8 4.8 8.7 8.2 8.2 8.1 8.0 09/01/2016
6.4 5.8 5.7 5.8 5.8 5.7 5.1 4.9 4.7 4.6 5.3 5.2 6.2 6.2 5.6 5.6 5.6 5.6 5.3 5.0 4.9 5.5 5.6 7.1 6.3 6.3 6.2 6.1 10/01/2016
5.9 5.7 5.6 5.7 5.7 5.6 5.4 5.3 5.1 4.9 5.3 5.2 5.7 5.7 5.4 5.5 5.5 5.4 5.7 5.4 5.3 5.6 5.7 6.4 5.8 5.8 5.7 5.6 11/01/2016
6.8 6.4 6.3 6.4 6.4 6.3 5.0 4.8 4.6 4.4 4.6 4.6 6.5 6.5 6.1 6.1 6.1 6.1 5.3 5.0 4.9 5.0 5.1 7.2 6.7 6.7 6.5 6.4 12/01/2016
5.9 5.3 5.2 5.3 5.2 5.2 3.8 3.6 3.4 3.3 3.4 3.4 5.7 5.7 5.0 5.1 5.1 5.0 4.0 3.7 3.6 3.7 3.8 6.4 5.8 5.8 5.6 5.6 13/01/2016
5.4 4.7 4.6 4.7 4.7 4.6 2.4 2.2 2.0 1.8 1.2 1.2 5.2 5.2 4.5 4.5 4.5 4.5 2.6 2.3 2.2 1.5 1.6 5.9 5.3 5.3 5.2 5.1 14/01/2016
4.4 3.6 3.5 3.6 3.5 3.5 1.7 1.5 1.3 1.2 1.1 1.1 4.2 4.2 3.4 3.4 3.4 3.4 1.9 1.7 1.6 1.5 1.6 4.6 4.3 4.3 4.2 4.1 15/01/2016
3.8 3.3 3.2 3.3 3.3 3.2 1.1 0.9 0.7 0.6 0.7 0.7 3.6 3.6 3.1 3.1 3.1 3.1 1.3 1.1 1.0 1.1 1.2 5.0 3.7 3.7 3.6 3.5 16/01/2016
1.8 1.5 1.4 1.5 1.4 1.4 0.1 0.0 -0.2 -0.3 -1.3 -1.3 1.6 1.6 1.2 1.2 1.2 1.2 0.3 0.1 0.0 -1.0 -0.9 2.9 1.7 1.7 1.6 1.5 17/01/2016
0.0 -0.6 -0.7 -0.6 -0.7 -0.8 -3.0 -3.3 -3.7 -4.0 -4.4 -4.5 -0.4 -0.4 -1.0 -0.9 -0.9 -1.0 -2.5 -3.0 -3.2 -3.9 -3.8 0.6 -0.2 -0.2 -0.4 -0.6 18/01/2016
-3.0 -3.2 -3.3 -3.2 -3.2 -3.3 -3.7 -4.1 -4.6 -5.0 -5.3 -5.4 -3.5 -3.5 -3.6 -3.5 -3.5 -3.5 -3.1 -3.7 -4.0 -4.8 -4.5 -2.3 -3.3 -3.3 -3.5 -3.7 19/01/2016
-3.0 -2.1 -2.2 -2.1 -2.1 -2.2 -3.0 -3.4 -3.7 -3.9 -4.1 -4.2 -3.5 -3.5 -2.5 -2.4 -2.4 -2.4 -2.7 -3.1 -3.3 -3.7 -3.5 -1.5 -3.3 -3.3 -3.5 -3.7 20/01/2016
-0.9 -0.4 -0.6 -0.4 -0.5 -0.6 -0.8 -1.0 -1.1 -1.2 -0.7 -0.7 -1.4 -1.4 -0.9 -0.9 -0.9 -0.9 -0.7 -0.9 -0.9 -0.6 -0.5 0.3 -1.2 -1.2 -1.5 -1.7 21/01/2016
4.2 3.7 3.5 3.7 3.7 3.5 1.3 0.8 0.2 -0.3 -0.5 -0.6 3.8 3.8 3.2 3.3 3.3 3.2 2.0 1.2 0.9 0.1 0.3 5.6 4.0 4.0 3.7 3.6 22/01/2016
6.5 6.1 6.0 6.1 6.0 6.0 5.3 5.0 4.8 4.6 4.1 4.0 6.4 6.4 5.9 5.9 5.9 5.9 5.5 5.2 5.1 4.3 4.4 7.2 6.5 6.5 6.4 6.3 23/01/2016
10.3 8.8 8.7 8.8 8.8 8.7 4.6 4.4 4.3 4.1 4.1 4.1 10.2 10.2 8.6 8.6 8.6 8.6 4.8 4.6 4.5 4.3 4.4 10.8 10.3 10.3 10.2 10.2 24/01/2016
9.3 9.7 9.5 9.7 9.7 9.5 7.0 7.0 6.9 6.9 6.7 6.7 9.0 9.0 9.2 9.3 9.3 9.3 7.1 7.0 7.0 6.6 6.5 10.4 9.1 9.1 9.0 8.8 25/01/2016
9.2 9.6 9.4 9.6 9.5 9.4 8.1 7.8 7.5 7.3 6.9 6.9 8.9 8.9 9.2 9.3 9.3 9.2 8.4 8.0 7.9 7.3 7.4 9.7 9.0 9.0 8.9 8.8 26/01/2016
11.1 10.8 10.6 10.8 10.7 10.6 9.9 9.5 9.1 8.8 8.3 8.2 10.8 10.8 10.4 10.4 10.4 10.4 10.3 9.8 9.6 8.9 9.1 10.8 10.9 10.9 10.8 10.7 27/01/2016
6.3 5.4 5.4 5.4 5.4 5.4 5.5 5.4 5.2 5.1 5.3 5.3 6.1 6.1 5.3 5.3 5.3 5.3 5.6 5.5 5.4 5.5 5.5 7.2 6.2 6.2 6.1 6.1 28/01/2016
8.8 7.6 7.5 7.6 7.6 7.5 5.5 5.3 5.0 4.9 4.0 3.9 8.5 8.5 7.3 7.4 7.4 7.3 5.8 5.5 5.3 4.3 4.5 8.8 8.6 8.6 8.5 8.4 29/01/2016
8.0 7.4 7.3 7.4 7.4 7.3 6.6 6.4 6.2 6.1 5.9 5.8 7.9 7.9 7.2 7.2 7.2 7.2 6.8 6.6 6.5 6.2 6.3 8.1 8.0 8.0 7.9 7.8 30/01/2016
9.0 9.0 8.9 9.0 9.0 8.9 7.8 7.6 7.3 7.1 7.3 7.3 8.7 8.7 8.6 8.7 8.7 8.7 8.2 7.8 7.7 7.8 7.9 9.3 8.8 8.8 8.6 8.5 31/01/2016
10.3 11.1 10.9 11.1 11.0 10.9 10.9 10.6 10.2 10.0 10.0 9.9 9.9 9.9 10.6 10.6 10.6 10.6 11.3 10.8 10.7 10.5 10.7 10.6 10.1 10.1 9.9 9.8 01/02/2016
8.7 8.4 8.3 8.4 8.3 8.3 8.9 8.7 8.5 8.4 8.2 8.2 8.5 8.5 8.1 8.2 8.2 8.1 9.1 8.9 8.8 8.6 8.7 8.9 8.6 8.6 8.5 8.4 02/02/2016
6.5 5.8 5.7 5.8 5.7 5.7 4.6 4.4 4.3 4.2 4.4 4.4 6.3 6.3 5.5 5.6 5.6 5.5 4.7 4.5 4.5 4.6 4.7 7.1 6.4 6.4 6.3 6.3 03/02/2016
8.3 8.1 8.0 8.1 8.1 8.0 6.2 6.0 5.8 5.6 4.9 4.8 8.1 8.1 7.9 7.9 7.9 7.9 6.5 6.2 6.1 5.2 5.4 8.5 8.2 8.2 8.1 8.0 04/02/2016
9.1 9.2 9.1 9.2 9.2 9.1 8.8 8.5 8.2 8.0 7.9 7.9 8.8 8.8 8.9 8.9 8.9 8.9 9.1 8.7 8.6 8.4 8.5 9.4 8.9 8.9 8.8 8.7 05/02/2016
10.2 9.7 9.6 9.7 9.6 9.6 8.9 8.6 8.4 8.1 8.3 8.2 9.9 9.9 9.4 9.4 9.4 9.4 9.3 8.9 8.7 8.7 8.8 10.1 10.0 10.0 9.8 9.7 06/02/2016
8.1 7.7 7.6 7.7 7.7 7.6 7.6 7.3 7.1 6.9 7.0 7.0 7.8 7.8 7.4 7.4 7.4 7.4 7.9 7.5 7.4 7.5 7.6 8.1 8.0 8.0 7.8 7.7 07/02/2016
8.1 7.9 7.8 7.9 7.9 7.8 7.8 7.5 7.3 7.1 7.2 7.1 7.8 7.8 7.6 7.7 7.7 7.6 8.0 7.7 7.6 7.6 7.7 8.5 8.0 8.0 7.8 7.7 08/02/2016
4.6 4.6 4.5 4.6 4.6 4.5 6.9 6.7 6.5 6.3 6.0 5.9 4.3 4.3 4.4 4.4 4.4 4.4 7.2 6.9 6.8 6.3 6.5 5.1 4.5 4.5 4.3 4.2 09/02/2016
5.0 4.5 4.4 4.5 4.4 4.3 4.1 3.9 3.7 3.5 3.0 2.9 4.7 4.7 4.2 4.2 4.2 4.2 4.4 4.1 4.0 3.3 3.5 5.5 4.9 4.9 4.7 4.6 10/02/2016
4.2 3.9 3.8 3.9 3.9 3.8 3.9 3.7 3.5 3.4 3.0 3.0 4.0 4.0 3.7 3.7 3.7 3.7 4.1 3.8 3.8 3.3 3.4 4.7 4.1 4.1 4.0 3.9 11/02/2016
3.1 3.0 2.9 3.0 2.9 2.9 2.6 2.4 2.2 2.0 1.9 1.9 2.8 2.8 2.7 2.8 2.8 2.7 2.8 2.6 2.5 2.2 2.4 3.4 2.9 2.9 2.8 2.7 12/02/2016
5.9 4.7 4.6 4.7 4.7 4.6 3.7 3.5 3.3 3.1 3.4 3.3 5.6 5.6 4.5 4.5 4.5 4.5 3.9 3.7 3.6 3.7 3.9 6.0 5.7 5.7 5.6 5.5 13/02/2016
4.6 4.3 4.2 4.3 4.3 4.2 3.2 2.9 2.7 2.5 3.0 2.9 4.3 4.3 4.0 4.0 4.0 4.0 3.5 3.1 3.0 3.4 3.6 4.9 4.4 4.4 4.3 4.2 14/02/2016
4.5 3.0 2.9 3.0 3.0 2.9 2.3 2.1 1.9 1.8 1.3 1.3 4.3 4.3 2.7 2.8 2.8 2.7 2.5 2.3 2.2 1.6 1.7 4.3 4.4 4.4 4.2 4.2 15/02/2016
2.4 1.9 1.8 1.9 1.8 1.8 0.1 0.1 0.0 -0.1 -0.1 -0.1 2.2 2.2 1.7 1.7 1.7 1.7 0.2 0.1 0.1 0.1 0.1 2.8 2.3 2.3 2.2 2.1 16/02/2016
1.5 0.5 0.4 0.5 0.5 0.4 -1.1 -1.3 -1.4 -1.5 -1.1 -1.1 1.2 1.2 0.2 0.3 0.3 0.2 -1.0 -1.1 -1.2 -0.8 -0.6 2.3 1.4 1.4 1.2 1.1 17/02/2016
3.7 2.0 1.9 2.0 2.0 1.9 0.6 0.4 0.2 0.0 0.8 0.7 3.5 3.5 1.7 1.8 1.8 1.7 0.9 0.6 0.5 1.2 1.3 4.2 3.6 3.6 3.5 3.4 18/02/2016
5.7 4.7 4.6 4.7 4.7 4.6 2.9 2.7 2.5 2.3 2.8 2.8 5.5 5.5 4.5 4.5 4.5 4.5 3.1 2.8 2.7 3.1 3.2 6.4 5.6 5.6 5.5 5.4 19/02/2016
9.3 9.8 9.7 9.8 9.8 9.7 8.5 8.2 7.9 7.7 7.3 7.3 9.1 9.1 9.4 9.5 9.5 9.5 8.8 8.4 8.3 7.8 7.9 9.5 9.2 9.2 9.0 8.9 20/02/2016
9.6 10.5 10.3 10.4 10.4 10.3 10.8 10.4 10.0 9.7 9.5 9.4 9.2 9.2 9.9 10.0 10.0 10.0 11.2 10.7 10.5 10.1 10.3 9.9 9.4 9.4 9.2 9.1 21/02/2016
8.8 8.7 8.6 8.7 8.7 8.6 8.9 8.6 8.3 8.0 7.9 7.8 8.6 8.6 8.4 8.4 8.4 8.4 9.2 8.8 8.6 8.4 8.6 8.8 8.7 8.7 8.6 8.5 22/02/2016
5.6 4.9 4.9 4.9 4.9 4.9 4.0 3.9 3.8 3.7 3.3 3.3 5.5 5.5 4.7 4.8 4.8 4.7 4.1 4.0 3.9 3.6 3.6 5.9 5.6 5.6 5.5 5.4 23/02/2016
3.7 3.6 3.6 3.6 3.6 3.6 1.8 1.8 1.8 1.8 0.5 0.5 3.6 3.6 3.5 3.5 3.5 3.5 1.8 1.8 1.8 0.6 0.6 4.1 3.7 3.7 3.6 3.6 24/02/2016
3.6 2.8 2.8 2.8 2.8 2.8 1.8 1.8 1.8 1.8 0.8 0.8 3.5 3.5 2.7 2.7 2.7 2.7 1.8 1.8 1.8 0.8 0.9 4.0 3.6 3.6 3.5 3.5 25/02/2016
3.5 3.2 3.1 3.2 3.2 3.1 2.5 2.4 2.3 2.2 1.2 1.2 3.2 3.2 2.8 2.8 2.9 2.8 2.7 2.5 2.5 1.6 1.7 4.4 3.3 3.3 3.2 3.1 26/02/2016
3.3 2.5 2.4 2.5 2.5 2.4 2.9 2.6 2.4 2.2 2.5 2.4 2.8 2.8 2.1 2.2 2.2 2.2 3.2 2.8 2.7 2.9 3.0 3.3 3.0 3.0 2.8 2.6 27/02/2016
3.3 2.7 2.6 2.7 2.7 2.6 2.5 2.0 1.6 1.3 1.8 1.7 2.9 2.9 2.3 2.4 2.4 2.4 3.0 2.4 2.2 2.2 2.4 3.7 3.1 3.1 2.8 2.7 28/02/2016
3.5 3.1 2.9 3.1 3.0 2.9 2.3 1.9 1.5 1.2 1.4 1.3 3.2 3.2 2.7 2.7 2.7 2.7 2.8 2.2 2.0 2.0 2.3 4.0 3.3 3.3 3.1 3.0 29/02/2016
6.8 6.0 5.8 6.0 5.9 5.8 2.8 2.5 2.1 1.8 0.5 0.4 6.5 6.5 5.6 5.6 5.6 5.6 3.2 2.8 2.6 1.0 1.2 7.4 6.7 6.7 6.5 6.4 01/03/2016
7.6 7.3 7.1 7.2 7.2 7.1 5.3 5.0 4.8 4.6 4.5 4.4 7.3 7.3 6.9 7.0 7.0 6.9 5.5 5.2 5.1 4.8 5.0 7.8 7.5 7.5 7.3 7.2 02/03/2016
6.8 6.1 5.9 6.0 6.0 5.9 3.6 3.4 3.2 3.0 2.5 2.4 6.5 6.5 5.7 5.7 5.7 5.7 3.8 3.5 3.4 2.8 2.9 7.1 6.6 6.6 6.5 6.4 03/03/2016
5.1 5.0 4.9 5.0 4.9 4.9 3.4 3.2 3.0 2.9 2.6 2.5 4.9 4.9 4.7 4.7 4.7 4.7 3.6 3.4 3.3 2.9 3.0 5.6 5.0 5.0 4.8 4.7 04/03/2016
4.1 3.9 3.8 3.9 3.9 3.8 2.2 2.1 1.9 1.7 2.0 1.9 3.8 3.8 3.7 3.7 3.7 3.7 2.5 2.2 2.1 2.3 2.4 4.6 3.9 3.9 3.8 3.7 05/03/2016
4.5 3.9 3.8 3.9 3.9 3.8 2.9 2.7 2.5 2.4 1.6 1.6 4.2 4.2 3.7 3.7 3.7 3.7 3.1 2.8 2.7 1.9 2.0 4.8 4.4 4.4 4.2 4.1 06/03/2016
4.5 3.2 3.1 3.2 3.2 3.1 1.1 1.0 0.9 0.8 0.1 0.1 4.2 4.2 3.0 3.0 3.0 3.0 1.2 1.1 1.0 0.3 0.3 4.6 4.3 4.3 4.2 4.1 07/03/2016
5.3 4.6 4.5 4.6 4.6 4.5 3.1 3.0 2.8 2.7 0.9 0.9 5.2 5.2 4.4 4.4 4.4 4.4 3.3 3.1 3.0 1.2 1.3 5.4 5.2 5.2 5.2 5.1 08/03/2016
6.2 6.3 6.2 6.3 6.3 6.2 3.1 2.9 2.7 2.5 2.9 2.8 5.9 5.9 6.0 6.1 6.1 6.0 3.4 3.1 3.0 3.2 3.4 6.1 6.0 6.0 5.9 5.8 09/03/2016
5.5 5.1 5.0 5.1 5.1 5.0 5.0 4.8 4.7 4.6 4.1 4.1 5.3 5.3 4.8 4.8 4.9 4.8 5.1 4.9 4.9 4.3 4.4 5.8 5.4 5.4 5.3 5.2 10/03/2016
4.8 4.1 4.1 4.1 4.1 4.1 4.1 4.0 4.0 4.0 3.3 3.3 4.6 4.6 4.0 4.0 4.0 4.0 4.1 4.1 4.0 3.3 3.2 5.5 4.7 4.7 4.6 4.5 11/03/2016
4.8 4.5 4.5 4.5 4.5 4.5 4.3 4.2 4.2 4.2 3.9 3.9 4.6 4.6 4.4 4.4 4.4 4.4 4.3 4.3 4.3 3.9 3.9 5.0 4.7 4.7 4.6 4.6 12/03/2016
4.9 4.3 4.2 4.3 4.2 4.2 4.5 4.4 4.2 4.1 5.0 5.0 4.7 4.7 4.1 4.1 4.1 4.1 4.7 4.5 4.4 5.2 5.3 5.2 4.8 4.8 4.7 4.6 13/03/2016
5.3 4.2 4.1 4.2 4.2 4.1 3.8 3.7 3.6 3.5 3.9 3.8 5.1 5.1 4.0 4.0 4.0 4.0 3.9 3.8 3.8 4.0 4.1 5.3 5.2 5.2 5.0 4.9 14/03/2016
5.5 5.3 5.3 5.3 5.3 5.3 5.3 5.2 5.1 5.0 5.1 5.1 5.3 5.3 5.2 5.2 5.2 5.2 5.4 5.2 5.2 5.2 5.2 5.7 5.4 5.4 5.3 5.2 15/03/2016
5.8 5.0 4.9 5.0 4.9 4.9 4.4 4.3 4.3 4.2 4.0 4.0 5.6 5.6 4.8 4.8 4.8 4.8 4.5 4.4 4.3 4.1 4.1 5.5 5.7 5.7 5.6 5.5 16/03/2016
5.6 5.1 5.0 5.0 5.0 5.0 4.7 4.6 4.5 4.4 5.3 5.3 5.3 5.3 4.9 4.9 4.9 4.9 4.8 4.7 4.6 5.5 5.5 5.7 5.4 5.4 5.3 5.2 17/03/2016
4.1 4.4 4.2 4.4 4.4 4.2 4.1 3.7 3.3 3.0 4.5 4.4 3.6 3.6 3.9 3.9 3.9 3.9 4.5 4.0 3.8 5.0 5.2 5.0 3.9 3.9 3.6 3.4 18/03/2016
5.2 5.7 5.5 5.7 5.6 5.4 5.7 5.1 4.5 4.1 4.0 3.8 4.6 4.6 5.1 5.1 5.2 5.1 6.4 5.6 5.3 5.0 5.4 5.9 4.9 4.9 4.6 4.4 19/03/2016
4.9 5.6 5.4 5.6 5.5 5.4 5.2 4.8 4.3 3.9 4.1 4.0 4.4 4.4 5.0 5.1 5.1 5.0 5.8 5.1 4.9 4.9 5.2 5.6 4.6 4.6 4.3 4.2 20/03/2016
6.2 6.1 6.0 6.1 6.1 6.0 5.5 5.4 5.4 5.3 5.8 5.8 6.1 6.1 6.0 6.0 6.0 6.0 5.6 5.5 5.4 5.9 5.9 6.4 6.1 6.1 6.0 6.0 21/03/2016
6.5 6.6 6.6 6.6 6.6 6.5 6.2 6.2 6.1 6.0 6.3 6.3 6.4 6.4 6.4 6.4 6.5 6.4 6.3 6.2 6.2 6.5 6.5 6.7 6.5 6.5 6.4 6.3 22/03/2016
5.6 5.6 5.5 5.6 5.6 5.5 6.7 6.5 6.4 6.3 6.7 6.6 5.5 5.5 5.4 5.4 5.4 5.4 6.8 6.6 6.6 7.0 7.1 6.3 5.6 5.6 5.5 5.5 23/03/2016
6.8 7.1 7.0 7.1 7.0 7.0 6.9 6.8 6.7 6.6 6.8 6.7 6.6 6.6 6.8 6.8 6.8 6.8 7.0 6.9 6.8 6.9 7.0 7.0 6.7 6.7 6.6 6.6 24/03/2016
8.2 8.0 7.9 7.9 7.9 7.9 6.8 6.6 6.5 6.3 5.7 5.6 8.0 8.0 7.7 7.7 7.7 7.7 7.0 6.8 6.7 6.0 6.1 8.2 8.1 8.1 8.0 7.9 25/03/2016
10.3 9.2 9.1 9.2 9.2 9.1 9.5 9.1 8.8 8.6 7.8 7.8 10.0 10.0 8.9 9.0 9.0 8.9 9.8 9.4 9.2 8.2 8.4 10.7 10.1 10.1 9.9 9.8 26/03/2016
9.1 8.7 8.6 8.7 8.7 8.6 8.9 8.7 8.5 8.4 8.4 8.3 8.9 8.9 8.4 8.4 8.4 8.4 9.0 8.8 8.8 8.7 8.8 9.3 9.0 9.0 8.8 8.7 27/03/2016
8.3 8.3 8.1 8.3 8.2 8.1 8.1 7.9 7.6 7.4 7.8 7.7 8.0 8.0 7.9 7.9 7.9 7.9 8.4 8.0 7.9 8.2 8.3 8.4 8.2 8.2 8.0 7.9 28/03/2016
8.9 8.7 8.6 8.7 8.7 8.6 8.1 7.9 7.7 7.6 7.7 7.6 8.7 8.7 8.4 8.4 8.4 8.4 8.3 8.1 8.0 8.0 8.2 9.0 8.8 8.8 8.7 8.7 29/03/2016
7.8 7.9 7.8 7.9 7.8 7.8 7.8 7.7 7.5 7.3 8.0 7.9 7.6 7.6 7.6 7.6 7.6 7.6 8.0 7.8 7.7 8.4 8.5 8.1 7.7 7.7 7.6 7.5 30/03/2016
7.1 7.0 6.9 7.0 6.9 6.9 6.0 5.7 5.5 5.3 5.1 5.1 7.0 7.0 6.7 6.7 6.8 6.7 6.2 5.9 5.8 5.5 5.7 7.3 7.1 7.1 7.0 6.9 31/03/2016
7.6 6.4 6.4 6.4 6.4 6.4 6.7 6.5 6.4 6.3 6.0 5.9 7.5 7.5 6.3 6.3 6.3 6.3 6.8 6.6 6.6 6.2 6.3 7.9 7.6 7.6 7.5 7.5 01/04/2016
6.5 6.7 6.6 6.7 6.6 6.6 9.9 9.6 9.3 9.1 9.3 9.2 6.3 6.3 6.5 6.5 6.5 6.5 10.2 9.8 9.7 9.8 10.0 7.3 6.4 6.4 6.2 6.2 02/04/2016
11.2 12.9 12.8 12.9 12.8 12.8 14.0 13.8 13.7 13.5 13.6 13.6 11.1 11.1 12.7 12.7 12.7 12.7 14.2 14.0 13.9 13.9 14.0 11.7 11.2 11.2 11.0 11.0 03/04/2016
9.7 10.5 10.4 10.5 10.5 10.4 12.1 11.9 11.7 11.6 11.5 11.4 9.4 9.4 10.2 10.3 10.3 10.2 12.3 12.1 12.0 11.8 11.9 10.3 9.5 9.5 9.4 9.3 04/04/2016
8.9 8.9 8.8 8.9 8.9 8.8 10.0 9.9 9.8 9.7 9.8 9.8 8.8 8.8 8.7 8.7 8.8 8.7 10.2 10.0 10.0 10.0 10.1 9.2 8.8 8.8 8.8 8.7 05/04/2016
8.0 8.3 8.2 8.3 8.3 8.2 8.3 8.2 8.1 8.1 8.2 8.1 7.8 7.8 8.0 8.0 8.0 8.0 8.4 8.3 8.2 8.4 8.5 8.4 7.9 7.9 7.8 7.7 06/04/2016
7.6 7.0 6.9 7.0 7.0 6.9 5.9 5.8 5.7 5.6 6.1 6.1 7.4 7.4 6.7 6.8 6.8 6.7 6.0 5.9 5.8 6.3 6.4 7.8 7.5 7.5 7.4 7.4 07/04/2016
8.4 8.1 8.0 8.1 8.0 8.0 7.4 7.4 7.4 7.3 6.7 6.7 8.2 8.2 7.9 7.9 7.9 7.9 7.4 7.4 7.4 6.8 6.8 8.7 8.3 8.3 8.2 8.1 08/04/2016
6.5 6.3 6.2 6.3 6.3 6.2 8.1 8.0 7.9 7.8 7.2 7.1 6.3 6.3 6.0 6.1 6.1 6.0 8.3 8.1 8.1 7.4 7.4 7.2 6.4 6.4 6.2 6.2 09/04/2016
9.2 9.0 8.9 9.0 9.0 8.9 9.9 9.7 9.6 9.4 9.7 9.6 9.1 9.1 8.8 8.8 8.8 8.8 10.1 9.8 9.8 9.9 10.0 9.9 9.2 9.2 9.1 9.0 10/04/2016
9.3 9.2 9.2 9.2 9.2 9.2 11.3 11.2 11.0 10.9 11.0 11.0 9.2 9.2 9.1 9.1 9.1 9.1 11.4 11.3 11.2 11.2 11.2 9.9 9.2 9.2 9.2 9.1 11/04/2016
10.5 10.0 10.0 10.0 10.0 10.0 8.3 8.3 8.2 8.2 8.4 8.4 10.4 10.4 9.9 9.9 9.9 9.9 8.4 8.3 8.3 8.4 8.4 11.2 10.4 10.4 10.4 10.3 12/04/2016
11.5 10.2 10.2 10.2 10.2 10.1 8.3 8.2 8.1 8.1 8.1 8.1 11.4 11.4 10.1 10.1 10.1 10.1 8.4 8.3 8.3 8.2 8.2 11.0 11.4 11.4 11.4 11.3 13/04/2016
10.3 9.9 9.8 9.9 9.9 9.8 9.8 9.7 9.7 9.6 9.3 9.3 10.2 10.2 9.7 9.7 9.8 9.7 9.9 9.8 9.8 9.5 9.6 11.1 10.2 10.2 10.2 10.1 14/04/2016
10.5 11.1 11.0 11.1 11.1 11.0 11.5 11.3 11.1 11.0 10.6 10.6 10.2 10.2 10.8 10.8 10.8 10.8 11.7 11.5 11.4 10.9 11.1 11.0 10.3 10.3 10.1 10.1 15/04/2016
7.1 7.5 7.4 7.5 7.5 7.4 8.5 8.3 8.0 7.8 8.6 8.5 6.8 6.8 7.2 7.3 7.3 7.2 8.8 8.5 8.4 9.0 9.2 7.5 6.9 6.9 6.8 6.7 16/04/2016
5.9 5.5 5.4 5.5 5.5 5.4 4.9 4.9 4.8 4.7 5.4 5.4 5.8 5.8 5.4 5.4 5.4 5.4 5.0 4.9 4.9 5.6 5.6 6.2 5.9 5.9 5.8 5.8 17/04/2016
6.5 6.3 6.3 6.3 6.3 6.3 6.3 6.3 6.4 6.4 6.3 6.3 6.4 6.4 6.2 6.2 6.2 6.2 6.2 6.3 6.3 6.1 6.1 7.5 6.4 6.4 6.3 6.3 18/04/2016
8.6 8.5 8.5 8.5 8.5 8.5 8.0 7.9 7.8 7.7 7.1 7.1 8.4 8.4 8.4 8.4 8.4 8.4 8.1 8.0 7.9 7.2 7.3 9.1 8.5 8.5 8.4 8.3 19/04/2016
10.9 10.6 10.4 10.6 10.6 10.4 10.7 10.5 10.3 10.2 10.3 10.3 10.5 10.5 10.2 10.2 10.2 10.2 10.9 10.6 10.5 10.7 10.8 11.3 10.7 10.7 10.5 10.3 20/04/2016
13.5 13.1 13.0 13.1 13.1 13.0 13.9 13.7 13.5 13.3 13.8 13.8 13.1 13.1 12.7 12.7 12.8 12.7 14.1 13.8 13.7 14.1 14.2 14.2 13.3 13.3 13.1 12.9 21/04/2016
10.3 10.9 10.8 10.8 10.8 10.8 12.6 12.4 12.3 12.2 12.9 12.8 10.1 10.1 10.6 10.6 10.6 10.6 12.7 12.5 12.5 13.0 13.1 11.0 10.2 10.2 10.1 10.0 22/04/2016
7.3 6.8 6.7 6.8 6.8 6.7 6.4 6.3 6.2 6.1 6.3 6.2 7.1 7.1 6.6 6.6 6.6 6.6 6.5 6.4 6.3 6.4 6.5 7.3 7.2 7.2 7.1 7.0 23/04/2016
6.6 5.3 5.2 5.3 5.3 5.2 3.0 2.9 2.8 2.7 2.7 2.7 6.4 6.4 5.2 5.2 5.2 5.2 3.1 3.0 3.0 2.8 2.9 7.0 6.5 6.5 6.4 6.4 24/04/2016
8.0 7.0 6.9 7.0 6.9 6.8 4.7 4.5 4.3 4.2 3.7 3.7 7.8 7.8 6.6 6.7 6.7 6.7 4.9 4.7 4.6 4.0 4.2 8.2 7.9 7.9 7.8 7.7 25/04/2016
5.9 5.2 5.1 5.2 5.2 5.1 3.8 3.6 3.5 3.3 3.6 3.6 5.7 5.7 4.9 4.9 4.9 4.9 4.0 3.8 3.7 3.9 4.0 6.2 5.8 5.8 5.7 5.7 26/04/2016
6.1 5.4 5.3 5.4 5.4 5.3 3.7 3.6 3.5 3.4 3.5 3.5 6.0 6.0 5.2 5.2 5.2 5.2 3.7 3.6 3.6 3.7 3.8 6.2 6.0 6.0 5.9 5.9 27/04/2016
7.4 6.1 6.1 6.1 6.1 6.1 4.5 4.5 4.4 4.4 4.3 4.3 7.3 7.3 6.0 6.0 6.0 6.0 4.6 4.5 4.5 4.4 4.4 7.7 7.3 7.3 7.3 7.2 28/04/2016
7.2 7.0 6.9 7.0 7.0 6.9 7.1 7.0 6.9 6.8 6.9 6.8 7.1 7.1 6.8 6.8 6.8 6.8 7.2 7.1 7.0 7.0 7.1 7.3 7.2 7.2 7.1 7.0 29/04/2016
7.7 6.9 6.9 6.9 6.9 6.9 6.8 6.6 6.5 6.4 6.5 6.4 7.6 7.6 6.8 6.8 6.8 6.8 6.9 6.8 6.7 6.8 6.9 7.7 7.6 7.6 7.5 7.5 30/04/2016
8.2 7.8 7.8 7.8 7.8 7.7 7.9 7.8 7.6 7.5 8.1 8.0 8.1 8.1 7.7 7.7 7.7 7.7 8.1 7.9 7.8 8.3 8.4 9.1 8.1 8.1 8.0 8.0 01/05/2016
10.3 10.0 9.9 10.0 10.0 9.9 11.0 11.1 11.1 11.1 11.3 11.3 10.2 10.2 9.9 9.9 9.9 9.9 11.0 11.0 11.0 11.2 11.2 10.8 10.2 10.2 10.2 10.1 02/05/2016
9.2 9.2 9.1 9.2 9.2 9.1 10.0 9.9 9.8 9.8 10.1 10.1 9.0 9.0 9.0 9.0 9.0 9.0 10.2 10.0 10.0 10.3 10.3 9.6 9.1 9.1 8.9 8.9 03/05/2016
10.8 10.4 10.4 10.4 10.4 10.4 10.8 10.8 10.8 10.8 9.7 9.7 10.7 10.7 10.4 10.4 10.4 10.4 10.8 10.8 10.8 9.7 9.7 11.1 10.8 10.8 10.7 10.7 04/05/2016
13.3 13.2 13.2 13.2 13.2 13.2 13.2 13.2 13.2 13.2 12.8 12.8 13.1 13.1 13.1 13.1 13.1 13.1 13.2 13.2 13.2 12.8 12.7 14.1 13.2 13.2 13.1 13.0 05/05/2016
15.8 15.9 15.9 15.9 15.9 15.9 16.1 16.0 16.0 16.0 15.7 15.7 15.7 15.7 15.8 15.9 15.9 15.8 16.1 16.1 16.1 15.8 15.8 16.5 15.7 15.7 15.7 15.7 06/05/2016
17.0 16.7 16.7 16.7 16.7 16.7 17.7 17.7 17.8 17.8 17.2 17.2 17.1 17.1 16.7 16.7 16.7 16.7 17.6 17.7 17.7 17.0 16.9 18.1 17.1 17.1 17.1 17.1 07/05/2016
19.2 18.9 18.8 18.8 18.8 18.8 18.7 18.9 19.1 19.2 18.6 18.6 19.1 19.1 18.8 18.8 18.8 18.8 18.5 18.8 18.9 18.2 18.1 19.8 19.1 19.1 19.0 19.0 08/05/2016
17.0 17.5 17.4 17.5 17.4 17.4 16.9 16.9 16.9 16.9 17.3 17.3 16.9 16.9 17.2 17.2 17.2 17.2 16.9 16.9 16.9 17.4 17.4 17.0 16.9 16.9 16.9 16.8 09/05/2016
16.0 15.9 15.9 15.9 15.9 15.9 15.9 15.7 15.5 15.4 15.2 15.2 15.9 15.9 15.7 15.7 15.7 15.7 16.1 15.8 15.8 15.5 15.7 15.9 16.0 16.0 15.9 15.8 10/05/2016
14.7 15.3 15.3 15.3 15.3 15.3 16.0 15.9 15.8 15.8 15.8 15.7 14.7 14.7 15.2 15.2 15.2 15.2 16.1 16.0 15.9 15.9 16.0 14.4 14.7 14.7 14.7 14.7 11/05/2016
14.2 14.3 14.3 14.3 14.3 14.3 15.0 14.8 14.7 14.6 15.3 15.2 14.1 14.1 14.2 14.3 14.3 14.3 15.2 15.0 14.9 15.5 15.6 13.4 14.1 14.1 14.1 14.1 12/05/2016
13.3 13.9 13.8 13.9 13.9 13.8 16.4 16.3 16.1 16.0 16.1 16.1 13.1 13.1 13.8 13.8 13.8 13.8 16.6 16.4 16.3 16.2 16.3 12.9 13.2 13.2 13.1 13.1 13/05/2016
8.9 9.0 8.9 9.0 9.0 8.9 8.8 8.6 8.5 8.4 9.1 9.0 8.6 8.6 8.8 8.8 8.8 8.8 8.9 8.7 8.7 9.2 9.3 9.2 8.7 8.7 8.6 8.5 14/05/2016
10.0 9.8 9.7 9.8 9.7 9.7 7.9 7.8 7.7 7.7 7.5 7.5 9.8 9.8 9.7 9.7 9.7 9.7 8.0 7.9 7.8 7.6 7.7 10.3 9.9 9.9 9.8 9.8 15/05/2016
10.8 10.6 10.5 10.5 10.5 10.5 9.9 9.8 9.7 9.7 9.9 9.8 10.5 10.5 10.4 10.4 10.4 10.4 9.9 9.9 9.8 10.0 10.0 11.2 10.6 10.6 10.5 10.4 16/05/2016
12.0 11.8 11.7 11.8 11.8 11.7 11.8 11.8 11.7 11.6 11.7 11.7 11.9 11.9 11.6 11.6 11.6 11.6 11.9 11.8 11.8 11.7 11.8 12.2 12.0 12.0 11.9 11.8 17/05/2016
10.8 11.3 11.2 11.3 11.3 11.2 12.4 12.2 12.1 12.0 12.2 12.2 10.6 10.6 10.9 11.0 11.0 11.0 12.5 12.3 12.3 12.4 12.5 11.4 10.7 10.7 10.6 10.5 18/05/2016
12.5 11.9 11.8 11.9 11.9 11.8 11.9 11.8 11.7 11.6 11.5 11.5 12.3 12.3 11.7 11.7 11.7 11.7 12.0 11.9 11.8 11.7 11.8 12.8 12.4 12.4 12.3 12.2 19/05/2016
14.7 14.7 14.6 14.7 14.7 14.6 13.3 13.1 13.0 12.8 12.2 12.2 14.5 14.5 14.4 14.5 14.5 14.4 13.5 13.3 13.2 12.6 12.7 14.8 14.6 14.6 14.5 14.4 20/05/2016
16.7 16.9 16.8 16.9 16.9 16.8 17.1 17.1 17.0 17.0 16.9 16.9 16.5 16.5 16.7 16.7 16.7 16.7 17.2 17.1 17.1 17.0 17.1 16.6 16.6 16.6 16.5 16.4 21/05/2016
12.1 12.7 12.6 12.7 12.7 12.6 14.5 14.3 14.2 14.1 14.3 14.3 11.9 11.9 12.5 12.5 12.5 12.5 14.6 14.5 14.4 14.6 14.7 12.2 12.0 12.0 11.9 11.8 22/05/2016
12.2 11.7 11.6 11.7 11.7 11.6 12.0 11.9 11.8 11.7 11.4 11.3 12.0 12.0 11.5 11.5 11.5 11.5 12.2 12.0 11.9 11.6 11.7 12.1 12.1 12.1 12.0 11.9 23/05/2016
11.3 10.7 10.6 10.7 10.7 10.6 11.1 10.9 10.7 10.6 11.4 11.4 11.1 11.1 10.5 10.5 10.5 10.5 11.2 11.0 10.9 11.7 11.7 11.7 11.2 11.2 11.0 11.0 24/05/2016
11.5 11.5 11.4 11.5 11.5 11.4 12.1 12.0 11.9 11.8 12.8 12.8 11.3 11.3 11.3 11.3 11.3 11.3 12.2 12.1 12.0 12.9 12.9 11.5 11.4 11.4 11.2 11.2 25/05/2016
15.1 14.9 14.9 14.9 14.9 14.9 16.0 16.0 16.0 16.0 16.1 16.1 15.0 15.0 14.8 14.8 14.8 14.8 16.1 16.0 16.0 16.1 16.1 15.2 15.0 15.0 15.0 14.9 26/05/2016
15.8 15.8 15.7 15.8 15.8 15.7 17.1 17.1 17.1 17.0 17.9 17.9 15.6 15.6 15.7 15.7 15.7 15.7 17.1 17.1 17.1 18.0 18.0 15.9 15.7 15.7 15.6 15.6 27/05/2016
14.7 15.4 15.4 15.4 15.4 15.4 16.9 16.9 16.8 16.7 16.4 16.4 14.5 14.5 15.3 15.3 15.3 15.3 17.0 16.9 16.9 16.6 16.6 14.1 14.6 14.6 14.5 14.4 28/05/2016
13.5 13.9 13.8 13.9 13.9 13.8 16.2 16.1 16.0 15.9 15.8 15.8 13.2 13.2 13.7 13.8 13.8 13.7 16.4 16.2 16.2 16.0 16.0 13.5 13.3 13.3 13.2 13.1 29/05/2016
13.2 12.6 12.4 12.6 12.5 12.4 13.2 13.1 13.0 12.9 13.7 13.7 12.9 12.9 12.3 12.3 12.3 12.3 13.3 13.1 13.1 14.0 14.0 13.4 13.0 13.0 12.8 12.7 30/05/2016
12.0 12.3 12.2 12.3 12.3 12.2 13.8 13.7 13.6 13.5 13.4 13.3 11.5 11.5 12.0 12.1 12.1 12.0 14.0 13.8 13.8 13.6 13.7 12.1 11.8 11.8 11.5 11.3 31/05/2016
12.4 13.1 12.9 13.1 13.0 12.9 14.5 14.3 14.1 13.9 14.7 14.7 11.9 11.9 12.6 12.6 12.6 12.6 14.8 14.5 14.4 15.1 15.2 12.6 12.1 12.1 11.9 11.7 01/06/2016
10.8 11.8 11.5 11.8 11.7 11.5 13.4 13.0 12.5 12.1 14.4 14.4 10.2 10.2 11.1 11.2 11.2 11.2 13.9 13.3 13.1 14.9 15.1 11.5 10.5 10.5 10.2 10.0 02/06/2016
10.6 11.2 11.0 11.2 11.1 11.0 13.8 13.4 13.0 12.6 15.4 15.4 10.1 10.1 10.7 10.7 10.7 10.7 14.3 13.7 13.5 15.9 16.0 11.1 10.3 10.3 10.0 9.9 03/06/2016
12.5 13.4 13.2 13.4 13.4 13.2 14.5 14.1 13.8 13.5 16.2 16.1 12.1 12.1 12.9 13.0 13.0 13.0 14.9 14.4 14.2 16.6 16.7 12.6 12.3 12.3 12.1 11.9 04/06/2016
14.4 15.8 15.6 15.8 15.7 15.6 16.9 16.7 16.5 16.3 17.6 17.6 14.0 14.0 15.4 15.4 15.4 15.4 17.2 16.9 16.8 17.9 18.0 14.5 14.2 14.2 14.0 13.9 05/06/2016
17.4 18.4 18.3 18.4 18.4 18.3 19.6 19.6 19.5 19.5 19.7 19.7 17.2 17.2 18.2 18.2 18.2 18.2 19.7 19.6 19.6 19.7 19.7 17.0 17.3 17.3 17.2 17.1 06/06/2016
16.2 17.6 17.5 17.5 17.5 17.5 19.0 19.0 18.9 18.8 19.9 19.9 16.1 16.1 17.4 17.4 17.4 17.4 19.1 19.0 19.0 19.9 19.9 15.6 16.2 16.2 16.1 16.0 07/06/2016
16.1 16.9 16.7 16.9 16.8 16.7 18.0 17.8 17.6 17.4 17.9 17.9 15.9 15.9 16.6 16.6 16.6 16.6 18.2 17.9 17.8 18.2 18.3 15.3 16.0 16.0 15.8 15.8 08/06/2016
16.0 15.9 15.7 15.9 15.9 15.7 16.7 16.4 16.1 15.9 16.8 16.8 15.6 15.6 15.5 15.5 15.5 15.5 17.0 16.6 16.5 17.2 17.3 16.4 15.7 15.7 15.5 15.4 09/06/2016
17.9 17.1 17.0 17.1 17.1 17.0 17.8 17.7 17.6 17.5 18.2 18.1 17.8 17.8 16.9 16.9 16.9 16.9 17.8 17.7 17.7 18.3 18.3 18.0 17.8 17.8 17.7 17.7 10/06/2016
16.8 17.0 16.9 17.0 16.9 16.9 15.9 15.8 15.8 15.7 16.4 16.4 16.6 16.6 16.8 16.8 16.8 16.8 15.9 15.9 15.8 16.5 16.5 16.9 16.7 16.7 16.6 16.5 11/06/2016
15.4 15.4 15.2 15.3 15.3 15.2 15.9 15.7 15.6 15.5 15.7 15.7 15.2 15.2 15.1 15.1 15.1 15.1 16.0 15.9 15.8 16.0 16.1 15.4 15.3 15.3 15.2 15.1 12/06/2016
14.7 14.8 14.7 14.8 14.7 14.7 14.9 14.7 14.5 14.3 14.4 14.4 14.4 14.4 14.5 14.5 14.5 14.5 15.1 14.8 14.7 14.8 14.9 14.8 14.6 14.6 14.4 14.3 13/06/2016
13.9 13.7 13.6 13.7 13.7 13.6 15.3 15.1 14.9 14.8 15.4 15.3 13.6 13.6 13.4 13.4 13.4 13.4 15.5 15.3 15.2 15.7 15.8 14.4 13.8 13.8 13.6 13.5 14/06/2016
12.6 13.3 13.2 13.3 13.2 13.1 13.5 13.3 13.1 13.0 12.9 12.9 12.3 12.3 13.0 13.0 13.0 13.0 13.6 13.4 13.3 13.3 13.4 12.7 12.5 12.5 12.3 12.2 15/06/2016
14.3 14.0 13.9 14.0 14.0 13.9 13.2 13.1 13.0 12.9 12.5 12.5 14.1 14.1 13.8 13.8 13.8 13.8 13.3 13.2 13.1 12.7 12.7 14.5 14.2 14.2 14.0 14.0 16/06/2016
14.9 14.7 14.6 14.7 14.6 14.6 14.6 14.5 14.4 14.3 14.5 14.5 14.7 14.7 14.4 14.4 14.4 14.4 14.7 14.5 14.5 14.7 14.8 14.9 14.8 14.8 14.7 14.7 17/06/2016
15.0 14.6 14.6 14.6 14.6 14.5 13.6 13.5 13.3 13.2 13.7 13.7 14.8 14.8 14.4 14.4 14.5 14.4 13.8 13.6 13.5 13.9 14.0 14.9 14.9 14.9 14.8 14.7 18/06/2016
15.5 15.9 15.8 15.9 15.8 15.8 15.1 14.9 14.7 14.6 14.1 14.1 15.3 15.3 15.6 15.6 15.6 15.6 15.2 15.0 15.0 14.4 14.5 15.5 15.4 15.4 15.2 15.2 19/06/2016
15.7 15.7 15.6 15.7 15.7 15.5 15.4 15.2 14.9 14.7 14.5 14.4 15.3 15.3 15.3 15.3 15.4 15.3 15.7 15.3 15.2 14.8 15.0 16.0 15.5 15.5 15.3 15.2 20/06/2016
16.7 17.1 17.0 17.1 17.1 17.0 17.3 17.1 16.9 16.7 16.6 16.5 16.5 16.5 16.8 16.8 16.9 16.8 17.5 17.2 17.1 16.9 17.1 16.8 16.6 16.6 16.5 16.4 21/06/2016
21.3 21.5 21.4 21.5 21.5 21.4 21.4 21.3 21.2 21.1 20.9 20.8 21.1 21.1 21.3 21.3 21.3 21.3 21.5 21.4 21.3 21.0 21.1 21.4 21.2 21.2 21.1 21.0 22/06/2016
19.2 20.9 20.8 20.9 20.9 20.8 24.1 23.9 23.7 23.6 24.4 24.3 19.0 19.0 20.7 20.7 20.7 20.7 24.3 24.1 24.0 24.6 24.7 18.7 19.1 19.1 19.0 19.0 23/06/2016
15.9 17.0 16.9 17.0 16.9 16.9 19.2 18.9 18.7 18.5 20.4 20.3 15.6 15.6 16.7 16.7 16.7 16.7 19.5 19.2 19.0 20.8 21.0 16.0 15.7 15.7 15.5 15.4 24/06/2016
15.2 14.9 14.8 14.9 14.9 14.8 15.7 15.6 15.4 15.3 15.5 15.4 15.0 15.0 14.7 14.7 14.7 14.7 15.9 15.7 15.6 15.7 15.8 15.5 15.1 15.1 15.0 15.0 25/06/2016
14.9 15.0 14.9 15.0 15.0 14.9 14.2 14.1 14.0 13.8 13.6 13.6 14.7 14.7 14.8 14.8 14.8 14.8 14.4 14.2 14.1 13.7 13.8 14.9 14.8 14.8 14.7 14.6 26/06/2016
15.1 15.8 15.7 15.8 15.7 15.7 15.4 15.2 15.0 14.9 14.6 14.6 14.9 14.9 15.5 15.5 15.5 15.5 15.6 15.4 15.3 14.9 15.0 15.2 15.0 15.0 14.8 14.8 27/06/2016
15.8 15.9 15.8 15.9 15.9 15.8 16.5 16.3 16.2 16.0 16.5 16.4 15.6 15.6 15.6 15.6 15.6 15.6 16.6 16.4 16.4 16.7 16.8 16.1 15.7 15.7 15.6 15.5 28/06/2016
14.7 15.3 15.2 15.3 15.3 15.2 16.6 16.6 16.5 16.4 16.9 16.9 14.6 14.6 15.0 15.0 15.0 15.0 16.7 16.6 16.6 17.1 17.2 15.0 14.7 14.7 14.5 14.5 29/06/2016
16.0 16.6 16.4 16.6 16.5 16.4 16.7 16.5 16.4 16.3 16.8 16.8 15.8 15.8 16.2 16.3 16.3 16.2 16.8 16.7 16.6 17.1 17.2 16.4 15.9 15.9 15.8 15.7 30/06/2016
15.0 16.0 15.9 16.0 16.0 15.9 17.1 17.0 16.8 16.7 16.2 16.2 14.8 14.8 15.7 15.7 15.8 15.7 17.2 17.1 17.0 16.5 16.6 15.5 14.9 14.9 14.7 14.7 01/07/2016
15.1 14.8 14.7 14.8 14.8 14.7 14.2 14.1 14.0 13.9 14.4 14.4 15.0 15.0 14.6 14.6 14.6 14.6 14.3 14.2 14.1 14.5 14.5 15.2 15.1 15.1 14.9 14.9 02/07/2016
14.1 14.1 14.0 14.1 14.1 14.0 14.7 14.6 14.5 14.4 14.3 14.3 13.8 13.8 13.9 13.9 13.9 13.9 14.8 14.7 14.7 14.5 14.5 14.6 13.9 13.9 13.8 13.7 03/07/2016
16.1 16.3 16.2 16.3 16.3 16.2 17.4 17.3 17.2 17.2 17.5 17.5 15.9 15.9 16.1 16.1 16.1 16.1 17.5 17.4 17.3 17.7 17.7 15.8 16.0 16.0 15.9 15.8 04/07/2016
15.1 15.3 15.2 15.3 15.2 15.2 16.6 16.6 16.5 16.4 17.0 17.0 14.8 14.8 15.0 15.0 15.1 15.0 16.7 16.6 16.6 17.1 17.2 15.6 14.9 14.9 14.8 14.7 05/07/2016
15.6 15.6 15.6 15.6 15.6 15.6 16.0 16.0 16.0 15.9 16.3 16.3 15.4 15.4 15.5 15.5 15.5 15.5 16.0 16.0 16.0 16.3 16.2 15.7 15.5 15.5 15.3 15.3 06/07/2016
16.0 17.7 17.6 17.7 17.6 17.6 19.2 19.2 19.1 19.1 18.2 18.2 15.7 15.7 17.5 17.5 17.5 17.5 19.3 19.2 19.2 18.1 18.1 15.9 15.9 15.9 15.7 15.6 07/07/2016
16.5 17.4 17.3 17.4 17.4 17.3 19.7 19.6 19.5 19.4 20.1 20.1 16.2 16.2 17.1 17.1 17.1 17.1 19.9 19.7 19.6 20.1 20.2 17.1 16.3 16.3 16.1 16.0 08/07/2016
19.6 19.9 19.8 19.9 19.9 19.8 20.5 20.3 20.0 19.9 19.7 19.6 19.3 19.3 19.6 19.6 19.6 19.6 20.7 20.4 20.3 20.0 20.1 19.8 19.5 19.5 19.3 19.2 09/07/2016
16.9 19.3 19.2 19.3 19.3 19.2 22.5 22.5 22.4 22.3 22.7 22.7 16.7 16.7 19.0 19.1 19.1 19.1 22.6 22.5 22.5 22.9 22.9 16.9 16.8 16.8 16.7 16.6 10/07/2016
16.1 17.1 17.0 17.1 17.1 17.0 18.2 18.1 18.1 18.0 18.4 18.4 15.9 15.9 16.8 16.8 16.8 16.8 18.2 18.2 18.1 18.5 18.5 17.0 16.0 16.0 15.9 15.8 11/07/2016
15.6 15.6 15.5 15.6 15.6 15.5 16.8 16.8 16.8 16.8 16.5 16.5 15.4 15.4 15.4 15.4 15.5 15.4 16.8 16.8 16.8 16.5 16.5 15.6 15.5 15.5 15.4 15.4 12/07/2016
15.3 14.2 14.2 14.2 14.2 14.2 12.1 12.0 12.0 11.9 13.0 13.0 15.2 15.2 14.1 14.1 14.1 14.1 12.2 12.1 12.1 13.2 13.2 15.3 15.2 15.2 15.1 15.1 13/07/2016
14.4 14.3 14.2 14.3 14.2 14.2 13.5 13.5 13.5 13.4 14.0 14.0 14.2 14.2 14.0 14.0 14.1 14.0 13.5 13.5 13.5 13.9 13.9 15.0 14.3 14.3 14.1 14.0 14/07/2016
15.1 15.5 15.5 15.5 15.5 15.5 16.1 16.0 15.8 15.7 15.3 15.2 14.9 14.9 15.3 15.4 15.4 15.3 16.3 16.1 16.0 15.5 15.5 15.3 15.0 15.0 14.9 14.8 15/07/2016
17.9 18.4 18.3 18.4 18.3 18.3 18.5 18.3 18.1 18.0 18.0 18.0 17.7 17.7 18.2 18.2 18.2 18.2 18.7 18.5 18.4 18.3 18.4 17.7 17.8 17.8 17.7 17.6 16/07/2016
19.2 19.6 19.5 19.6 19.6 19.5 20.8 20.7 20.6 20.5 21.0 21.0 19.1 19.1 19.4 19.4 19.4 19.4 20.9 20.7 20.7 21.0 21.1 19.3 19.1 19.1 19.1 19.0 17/07/2016
22.4 22.4 22.3 22.4 22.4 22.3 23.0 23.1 23.1 23.1 22.7 22.7 22.3 22.3 22.3 22.3 22.3 22.3 23.0 23.0 23.0 22.6 22.5 22.3 22.3 22.3 22.2 22.2 18/07/2016
27.4 27.1 27.1 27.1 27.1 27.1 25.3 25.3 25.3 25.2 24.2 24.2 27.4 27.4 27.1 27.1 27.1 27.1 25.4 25.3 25.3 24.1 24.1 28.0 27.4 27.4 27.4 27.5 19/07/2016
21.9 22.8 22.7 22.8 22.8 22.7 25.5 25.4 25.2 25.1 25.2 25.2 21.6 21.6 22.6 22.6 22.6 22.6 25.7 25.5 25.4 25.4 25.5 21.0 21.7 21.7 21.5 21.5 20/07/2016
16.7 17.5 17.4 17.5 17.5 17.4 21.6 21.4 21.2 21.0 21.9 21.9 16.5 16.5 17.2 17.2 17.2 17.2 21.9 21.6 21.5 22.2 22.3 16.8 16.6 16.6 16.5 16.4 21/07/2016
17.6 18.4 18.3 18.4 18.4 18.3 20.7 20.6 20.4 20.3 21.2 21.2 17.4 17.4 18.1 18.2 18.2 18.1 20.9 20.7 20.6 21.5 21.6 17.2 17.5 17.5 17.3 17.3 22/07/2016
17.3 18.0 17.9 18.0 17.9 17.9 19.4 19.2 18.9 18.7 19.1 19.0 17.1 17.1 17.7 17.7 17.7 17.7 19.7 19.4 19.2 19.5 19.6 17.2 17.2 17.2 17.0 16.9 23/07/2016
17.6 18.4 18.3 18.4 18.3 18.3 20.1 19.9 19.7 19.5 20.5 20.4 17.4 17.4 18.1 18.1 18.1 18.1 20.3 20.0 19.9 20.7 20.8 17.9 17.5 17.5 17.4 17.3 24/07/2016
17.2 18.3 18.1 18.3 18.2 18.1 19.8 19.6 19.4 19.2 19.9 19.9 17.0 17.0 17.9 18.0 18.0 18.0 20.0 19.8 19.7 20.2 20.3 17.3 17.1 17.1 16.9 16.8 25/07/2016
16.0 15.8 15.7 15.8 15.8 15.7 18.2 18.0 17.9 17.7 18.4 18.3 15.7 15.7 15.6 15.6 15.6 15.6 18.4 18.2 18.1 18.6 18.7 16.9 15.8 15.8 15.6 15.5 26/07/2016
17.2 16.9 16.8 16.9 16.8 16.8 17.4 17.3 17.1 17.0 17.3 17.3 16.9 16.9 16.6 16.6 16.6 16.6 17.6 17.4 17.3 17.5 17.6 17.6 17.0 17.0 16.9 16.8 27/07/2016
18.3 18.3 18.2 18.3 18.3 18.2 19.4 19.3 19.2 19.1 19.0 19.0 18.1 18.1 18.0 18.1 18.1 18.1 19.5 19.3 19.3 19.2 19.2 18.1 18.2 18.2 18.0 18.0 28/07/2016
17.7 17.7 17.6 17.7 17.7 17.6 19.0 18.8 18.6 18.5 18.8 18.7 17.5 17.5 17.4 17.5 17.5 17.4 19.1 18.9 18.8 19.1 19.2 17.8 17.6 17.6 17.5 17.5 29/07/2016
16.9 16.4 16.3 16.4 16.4 16.3 17.8 17.8 17.7 17.7 18.0 18.0 16.8 16.8 16.2 16.2 16.2 16.2 17.9 17.8 17.8 18.0 18.1 16.9 16.8 16.8 16.7 16.7 30/07/2016
17.2 16.8 16.8 16.8 16.8 16.8 17.3 17.3 17.3 17.2 16.6 16.6 17.0 17.0 16.7 16.7 16.7 16.7 17.4 17.3 17.3 16.6 16.6 17.1 17.1 17.1 17.0 17.0 31/07/2016
