<< La légende des termes est placée à la fin du fichier >>
MONAPAR (mona.rma) [V7.6]
Date           	Date           	Entr_Limit     	Sort_Limit     	Entr_Intern_fix	Sort_Intern_fix	Dénoy_Pompage  	Désaturation   	Débordement    	Recharge_Maill 	Évaporat_Maill 	Excès_Irrigat  	Stockage_Posit 	Stockage_Négat 	Rivière->Nappe 	Nappe->Rivière 	Éch_Phas_Posit 	Éch_Phas_Négat 	Drains->Nappe  	Nappe->Drains  	Lacs->Nappe    	Nappe->Lacs    	Transpir_Racin 	Écart_Volume   	%_Écart_Volum  	Glob_Limites   	Glob_Intern_fix	Glob_Stock     	Glob_Riv_Nappe 	Glob_Drain_Nap 	Glob_Lacs_Napp 	
31/12/1973	   2.001350    	  1.2506322E+08	 -8.9503658E+08	   0.000000    	 -1.1535055E+08	   1825024.    	   0.000000    	 -1.5938116E+09	  2.0075583E+09	   0.000000    	   0.000000    	   3601288.    	 -4.8515916E+08	   0.000000    	 -1.2763321E+07	   0.000000    	   0.000000    	   0.000000    	   0.000000    	   0.000000    	   0.000000    	   0.000000    	  -957619.3    	      0.0477007	 -7.6997336E+08	 -1.1535055E+08	 -4.8155787E+08	 -1.2763321E+07	   0.000000    	   0.000000    	
31/12/1974	   3.000656    	  2.3712251E+08	 -1.8872895E+09	   0.000000    	 -2.3245864E+08	   2678398.    	   0.000000    	 -3.4818051E+09	  5.1638496E+09	   0.000000    	   0.000000    	  2.7315945E+08	 -4.9413006E+08	   0.000000    	 -2.6849186E+07	   0.000000    	   0.000000    	   0.000000    	   0.000000    	   0.000000    	   0.000000    	   0.000000    	  -3781273.    	      0.0732259	 -1.6501670E+09	 -2.3245864E+08	 -2.2097061E+08	 -2.6849186E+07	   0.000000    	   0.000000    	
31/12/1975	   3.999962    	  3.6187352E+08	 -2.7819558E+09	   0.000000    	 -3.5217751E+08	   4314612.    	   0.000000    	 -5.0917703E+09	  7.2708656E+09	   0.000000    	   0.000000    	  2.7607170E+08	 -9.0085797E+08	   0.000000    	 -4.0131608E+07	   0.000000    	   0.000000    	   0.000000    	   0.000000    	   0.000000    	   0.000000    	   0.000000    	  -4195150.    	      0.0576981	 -2.4200822E+09	 -3.5217751E+08	 -6.2478627E+08	 -4.0131608E+07	   0.000000    	   0.000000    	
31/12/1976	   5.002006    	  4.7341492E+08	 -3.7895542E+09	   0.000000    	 -4.8145289E+08	   5119554.    	   0.000000    	 -7.0377155E+09	  1.0599597E+10	   0.000000    	   0.000000    	  6.3136380E+08	 -9.0953898E+08	   0.000000    	 -5.4164831E+07	   0.000000    	   0.000000    	   0.000000    	   0.000000    	   0.000000    	   0.000000    	   0.000000    	  -6581079.    	      0.0620880	 -3.3161393E+09	 -4.8145289E+08	 -2.7817517E+08	 -5.4164831E+07	   0.000000    	   0.000000    	
31/12/1977	   6.001312    	  5.9135810E+08	 -4.7240465E+09	   0.000000    	 -6.0562286E+08	   6691185.    	   0.000000    	 -8.8136010E+09	  1.3176534E+10	   0.000000    	   0.000000    	  7.4399627E+08	 -1.1730597E+09	   0.000000    	 -6.7932677E+07	   0.000000    	   0.000000    	   0.000000    	   0.000000    	   0.000000    	   0.000000    	   0.000000    	  -7556658.    	      0.0573494	 -4.1326884E+09	 -6.0562286E+08	 -4.2906345E+08	 -6.7932677E+07	   0.000000    	   0.000000    	
31/12/1978	   7.000618    	  7.0780847E+08	 -5.7014186E+09	   0.000000    	 -7.4034369E+08	   7433823.    	   0.000000    	 -1.0721808E+10	  1.6293515E+10	   0.000000    	   0.000000    	  9.7798445E+08	 -1.2065780E+09	   0.000000    	 -8.2155043E+07	   0.000000    	   0.000000    	   0.000000    	   0.000000    	   0.000000    	   0.000000    	   0.000000    	  -8374537.    	      0.0513980	 -4.9936101E+09	 -7.4034369E+08	 -2.2859353E+08	 -8.2155043E+07	   0.000000    	   0.000000    	
31/12/1979	   7.999924    	  8.0637816E+08	 -6.8851432E+09	   0.000000    	 -8.7698536E+08	   8207881.    	   0.000000    	 -1.3338300E+10	  2.1316586E+10	   0.000000    	   0.000000    	  2.1702229E+09	 -1.2263062E+09	   0.000000    	 -9.7872919E+07	   0.000000    	   0.000000    	   0.000000    	   0.000000    	   0.000000    	   0.000000    	   0.000000    	 -1.1045960E+07	      0.0518186	 -6.0787651E+09	 -8.7698536E+08	  9.4391674E+08	 -9.7872919E+07	   0.000000    	   0.000000    	
31/12/1980	   9.001968    	  9.1958009E+08	 -7.8816976E+09	   0.000000    	 -1.0187851E+09	   9357149.    	   0.000000    	 -1.5296668E+10	  2.4018293E+10	   0.000000    	   0.000000    	  2.2346574E+09	 -1.5843146E+09	   0.000000    	 -1.1181715E+08	   0.000000    	   0.000000    	   0.000000    	   0.000000    	   0.000000    	   0.000000    	   0.000000    	 -1.2081130E+07	      0.0502997	 -6.9621175E+09	 -1.0187851E+09	  6.5034284E+08	 -1.1181715E+08	   0.000000    	   0.000000    	
31/12/1981	   10.00127    	  1.0242640E+09	 -8.9883180E+09	   0.000000    	 -1.1653226E+09	  1.0431980E+07	   0.000000    	 -1.7660068E+10	  2.8071030E+10	   0.000000    	   0.000000    	  2.7680741E+09	 -1.5899941E+09	   0.000000    	 -1.2667632E+08	   0.000000    	   0.000000    	   0.000000    	   0.000000    	   0.000000    	   0.000000    	   0.000000    	 -1.2738581E+07	      0.0453798	 -7.9640540E+09	 -1.1653226E+09	  1.1780800E+09	 -1.2667632E+08	   0.000000    	   0.000000    	
31/12/1982	   11.00058    	  1.1249023E+09	 -1.0157971E+10	   0.000000    	 -1.3218651E+09	  1.1260505E+07	   0.000000    	 -2.0384167E+10	  3.2768662E+10	   0.000000    	   0.000000    	  3.5091939E+09	 -1.5971810E+09	   0.000000    	 -1.4236359E+08	   0.000000    	   0.000000    	   0.000000    	   0.000000    	   0.000000    	   0.000000    	   0.000000    	 -1.3555626E+07	      0.0413677	 -9.0330691E+09	 -1.3218651E+09	  1.9120129E+09	 -1.4236359E+08	   0.000000    	   0.000000    	
31/12/1983	   11.99989    	  1.2508334E+09	 -1.1087527E+10	   0.000000    	 -1.4818207E+09	  1.2420712E+07	   0.000000    	 -2.2232274E+10	  3.4842664E+10	   0.000000    	   0.000000    	  3.5252347E+09	 -2.3621103E+09	   0.000000    	 -1.5612554E+08	   0.000000    	   0.000000    	   0.000000    	   0.000000    	   0.000000    	   0.000000    	   0.000000    	 -1.4953195E+07	      0.0429163	 -9.8366933E+09	 -1.4818207E+09	  1.1631243E+09	 -1.5612554E+08	   0.000000    	   0.000000    	
31/12/1984	   13.00193    	  1.3550807E+09	 -1.2244534E+10	   0.000000    	 -1.6513733E+09	  1.3326938E+07	   0.000000    	 -2.4809072E+10	  3.9393931E+10	   0.000000    	   0.000000    	  4.2870729E+09	 -2.3829376E+09	   0.000000    	 -1.7152494E+08	   0.000000    	   0.000000    	   0.000000    	   0.000000    	   0.000000    	   0.000000    	   0.000000    	 -1.8301097E+07	      0.0464566	 -1.0889453E+10	 -1.6513733E+09	  1.9041353E+09	 -1.7152494E+08	   0.000000    	   0.000000    	
31/12/1985	   14.00124    	  1.4807370E+09	 -1.3189512E+10	   0.000000    	 -1.8364050E+09	  1.4853802E+07	   0.000000    	 -2.6684724E+10	  4.1693940E+10	   0.000000    	   0.000000    	  4.3020070E+09	 -2.9890845E+09	   0.000000    	 -1.8478441E+08	   0.000000    	   0.000000    	   0.000000    	   0.000000    	   0.000000    	   0.000000    	   0.000000    	 -1.8817172E+07	      0.0451317	 -1.1708775E+10	 -1.8364050E+09	  1.3129225E+09	 -1.8478441E+08	   0.000000    	   0.000000    	
31/12/1986	   15.00054    	  1.5893837E+09	 -1.4282800E+10	   0.000000    	 -2.0282078E+09	  1.5886353E+07	   0.000000    	 -2.9112253E+10	  4.5767684E+10	   0.000000    	   0.000000    	  4.7794025E+09	 -3.0089633E+09	   0.000000    	 -1.9941379E+08	   0.000000    	   0.000000    	   0.000000    	   0.000000    	   0.000000    	   0.000000    	   0.000000    	 -2.0158941E+07	      0.0440462	 -1.2693416E+10	 -2.0282078E+09	  1.7704392E+09	 -1.9941379E+08	   0.000000    	   0.000000    	
31/12/1987	   15.99985    	  1.7249846E+09	 -1.5166960E+10	   0.000000    	 -2.2238900E+09	  1.6850785E+07	   0.000000    	 -3.0816454E+10	  4.7567080E+10	   0.000000    	   0.000000    	  4.7865072E+09	 -3.8718144E+09	   0.000000    	 -2.1223885E+08	   0.000000    	   0.000000    	   0.000000    	   0.000000    	   0.000000    	   0.000000    	   0.000000    	 -2.5320247E+07	      0.0532306	 -1.3441976E+10	 -2.2238900E+09	  9.1469281E+08	 -2.1223885E+08	   0.000000    	   0.000000    	
31/12/1988	   17.00189    	  1.8450402E+09	 -1.6171813E+10	   0.000000    	 -2.4544187E+09	  2.0004777E+07	   0.000000    	 -3.2978722E+10	  5.1143115E+10	   0.000000    	   0.000000    	  5.1054544E+09	 -3.9020635E+09	   0.000000    	 -2.2690889E+08	   0.000000    	   0.000000    	   0.000000    	   0.000000    	   0.000000    	   0.000000    	   0.000000    	 -2.7092947E+07	      0.0529748	 -1.4326773E+10	 -2.4544187E+09	  1.2033908E+09	 -2.2690889E+08	   0.000000    	   0.000000    	
31/12/1989	   18.00120    	  1.9817176E+09	 -1.7019213E+10	   0.000000    	 -2.7089757E+09	  2.4475826E+07	   0.000000    	 -3.4448934E+10	  5.2455015E+10	   0.000000    	   0.000000    	  5.1115525E+09	 -5.0334765E+09	   0.000000    	 -2.3853256E+08	   0.000000    	   0.000000    	   0.000000    	   0.000000    	   0.000000    	   0.000000    	   0.000000    	 -3.2522826E+07	      0.0620014	 -1.5037495E+10	 -2.7089757E+09	  7.8076047E+07	 -2.3853256E+08	   0.000000    	   0.000000    	
31/12/1990	   19.00050    	  2.1018981E+09	 -1.7986260E+10	   0.000000    	 -2.9734927E+09	  2.8673552E+07	   0.000000    	 -3.6239729E+10	  5.5417029E+10	   0.000000    	   0.000000    	  5.2833045E+09	 -5.1512015E+09	   0.000000    	 -2.5078135E+08	   0.000000    	   0.000000    	   0.000000    	   0.000000    	   0.000000    	   0.000000    	   0.000000    	 -3.4765724E+07	      0.0627347	 -1.5884361E+10	 -2.9734927E+09	  1.3210304E+08	 -2.5078135E+08	   0.000000    	   0.000000    	
31/12/1991	   19.99981    	  2.2209834E+09	 -1.8961815E+10	   0.000000    	 -3.2456046E+09	  3.3378183E+07	   0.000000    	 -3.8038321E+10	  5.8280182E+10	   0.000000    	   0.000000    	  5.3778872E+09	 -5.3165429E+09	   0.000000    	 -2.6317868E+08	   0.000000    	   0.000000    	   0.000000    	   0.000000    	   0.000000    	   0.000000    	   0.000000    	 -3.5720204E+07	      0.0612905	 -1.6740832E+10	 -3.2456046E+09	  6.1344290E+07	 -2.6317868E+08	   0.000000    	   0.000000    	
31/12/1992	   21.00185    	  2.3383129E+09	 -1.9985257E+10	   0.000000    	 -3.5206427E+09	  3.8063636E+07	   0.000000    	 -4.0047636E+10	  6.1798973E+10	   0.000000    	   0.000000    	  5.7606684E+09	 -5.3772432E+09	   0.000000    	 -2.7641409E+08	   0.000000    	   0.000000    	   0.000000    	   0.000000    	   0.000000    	   0.000000    	   0.000000    	 -3.8025724E+07	      0.0615313	 -1.7646944E+10	 -3.5206427E+09	  3.8342513E+08	 -2.7641409E+08	   0.000000    	   0.000000    	
31/12/1993	   22.00116    	  2.4593673E+09	 -2.0997741E+10	   0.000000    	 -3.8027150E+09	  4.1842742E+07	   0.000000    	 -4.2137981E+10	  6.5385736E+10	   0.000000    	   0.000000    	  6.1162939E+09	 -5.4180795E+09	   0.000000    	 -2.8994718E+08	   0.000000    	   0.000000    	   0.000000    	   0.000000    	   0.000000    	   0.000000    	   0.000000    	 -3.9652718E+07	      0.0606443	 -1.8538374E+10	 -3.8027150E+09	  6.9821434E+08	 -2.8994718E+08	   0.000000    	   0.000000    	
31/12/1994	   23.00047    	  2.5732637E+09	 -2.2039387E+10	   0.000000    	 -4.0938271E+09	  4.4996925E+07	   0.000000    	 -4.4350072E+10	  6.9141194E+10	   0.000000    	   0.000000    	  6.4529890E+09	 -5.4396414E+09	   0.000000    	 -3.0395871E+08	   0.000000    	   0.000000    	   0.000000    	   0.000000    	   0.000000    	   0.000000    	   0.000000    	 -4.1137849E+07	      0.0594983	 -1.9466123E+10	 -4.0938271E+09	  1.0133476E+09	 -3.0395871E+08	   0.000000    	   0.000000    	
31/12/1995	   23.99977    	  2.6890231E+09	 -2.3115647E+10	   0.000000    	 -4.3936672E+09	  4.8390777E+07	   0.000000    	 -4.6695343E+10	  7.3167883E+10	   0.000000    	   0.000000    	  6.9082469E+09	 -5.4847002E+09	   0.000000    	 -3.1831880E+08	   0.000000    	   0.000000    	   0.000000    	   0.000000    	   0.000000    	   0.000000    	   0.000000    	 -4.1226408E+07	      0.0563450	 -2.0426624E+10	 -4.3936672E+09	  1.4235467E+09	 -3.1831880E+08	   0.000000    	   0.000000    	
31/12/1996	   25.00182    	  2.8113853E+09	 -2.4126305E+10	   0.000000    	 -4.6976486E+09	  5.2260445E+07	   0.000000    	 -4.8794786E+10	  7.6372018E+10	   0.000000    	   0.000000    	  6.9364564E+09	 -5.6100296E+09	   0.000000    	 -3.3192921E+08	   0.000000    	   0.000000    	   0.000000    	   0.000000    	   0.000000    	   0.000000    	   0.000000    	 -4.1431585E+07	      0.0542497	 -2.1314920E+10	 -4.6976486E+09	  1.3264268E+09	 -3.3192921E+08	   0.000000    	   0.000000    	
31/12/1997	   26.00112    	  2.9354960E+09	 -2.5152614E+10	   0.000000    	 -5.0057380E+09	  5.6423380E+07	   0.000000    	 -5.0931057E+10	  7.9727145E+10	   0.000000    	   0.000000    	  7.0714046E+09	 -5.7457599E+09	   0.000000    	 -3.4570897E+08	   0.000000    	   0.000000    	   0.000000    	   0.000000    	   0.000000    	   0.000000    	   0.000000    	 -4.1698723E+07	      0.0523018	 -2.2217118E+10	 -5.0057380E+09	  1.3256447E+09	 -3.4570897E+08	   0.000000    	   0.000000    	
31/12/1998	   27.00043    	  3.0554717E+09	 -2.6181145E+10	   0.000000    	 -5.3148011E+09	  6.0487539E+07	   0.000000    	 -5.3071450E+10	  8.3099633E+10	   0.000000    	   0.000000    	  7.1476592E+09	 -5.8174406E+09	   0.000000    	 -3.5965206E+08	   0.000000    	   0.000000    	   0.000000    	   0.000000    	   0.000000    	   0.000000    	   0.000000    	 -4.1674390E+07	      0.0501499	 -2.3125673E+10	 -5.3148011E+09	  1.3302186E+09	 -3.5965206E+08	   0.000000    	   0.000000    	
31/12/1999	   27.99973    	  3.1746572E+09	 -2.7172787E+10	   0.000000    	 -5.6199284E+09	  6.4405327E+07	   0.000000    	 -5.5074838E+10	  8.6084345E+10	   0.000000    	   0.000000    	  7.1858425E+09	 -6.0589593E+09	   0.000000    	 -3.7312569E+08	   0.000000    	   0.000000    	   0.000000    	   0.000000    	   0.000000    	   0.000000    	   0.000000    	 -4.4154897E+07	      0.0512926	 -2.3998130E+10	 -5.6199284E+09	  1.1268832E+09	 -3.7312569E+08	   0.000000    	   0.000000    	
31/12/2000	   29.00178    	  3.2801724E+09	 -2.8334024E+10	   0.000000    	 -5.9362302E+09	  6.7808992E+07	   0.000000    	 -5.7715805E+10	  9.0822756E+10	   0.000000    	   0.000000    	  7.9297528E+09	 -6.0851743E+09	   0.000000    	 -3.8839080E+08	   0.000000    	   0.000000    	   0.000000    	   0.000000    	   0.000000    	   0.000000    	   0.000000    	 -4.8291157E+07	      0.0531708	 -2.5053852E+10	 -5.9362302E+09	  1.8445785E+09	 -3.8839080E+08	   0.000000    	   0.000000    	
31/12/2001	   30.00108    	  3.4095973E+09	 -2.9293995E+10	   0.000000    	 -6.2543227E+09	  7.1875347E+07	   0.000000    	 -5.9664139E+10	  9.3331636E+10	   0.000000    	   0.000000    	  7.9510433E+09	 -6.7031421E+09	   0.000000    	 -4.0184930E+08	   0.000000    	   0.000000    	   0.000000    	   0.000000    	   0.000000    	   0.000000    	   0.000000    	 -4.9099147E+07	      0.0526072	 -2.5884398E+10	 -6.2543227E+09	  1.2479011E+09	 -4.0184930E+08	   0.000000    	   0.000000    	
31/12/2002	   31.00039    	  3.5413222E+09	 -3.0215234E+10	   0.000000    	 -6.5662154E+09	  7.6482895E+07	   0.000000    	 -6.1314854E+10	  9.5178176E+10	   0.000000    	   0.000000    	  7.9525609E+09	 -7.6157760E+09	   0.000000    	 -4.1309888E+08	   0.000000    	   0.000000    	   0.000000    	   0.000000    	   0.000000    	   0.000000    	   0.000000    	 -5.0206417E+07	      0.0527499	 -2.6673912E+10	 -6.5662154E+09	  3.3678488E+08	 -4.1309888E+08	   0.000000    	   0.000000    	
31/12/2003	   31.99970    	  3.6722830E+09	 -3.1104177E+10	   0.000000    	 -6.9063418E+09	  8.2023440E+07	   0.000000    	 -6.2896990E+10	  9.7286273E+10	   0.000000    	   0.000000    	  7.9738376E+09	 -8.2136675E+09	   0.000000    	 -4.2447792E+08	   0.000000    	   0.000000    	   0.000000    	   0.000000    	   0.000000    	   0.000000    	   0.000000    	 -5.1577624E+07	      0.0530163	 -2.7431894E+10	 -6.9063418E+09	 -2.3982990E+08	 -4.2447792E+08	   0.000000    	   0.000000    	
31/12/2004	   33.00174    	  3.8031404E+09	 -3.2008629E+10	   0.000000    	 -7.2946479E+09	  8.8054743E+07	   0.000000    	 -6.4462021E+10	  9.9455117E+10	   0.000000    	   0.000000    	  7.9998906E+09	 -8.8016646E+09	   0.000000    	 -4.3539072E+08	   0.000000    	   0.000000    	   0.000000    	   0.000000    	   0.000000    	   0.000000    	   0.000000    	 -5.2602349E+07	      0.0528905	 -2.8205488E+10	 -7.2946479E+09	 -8.0177401E+08	 -4.3539072E+08	   0.000000    	   0.000000    	
31/12/2005	   34.00105    	  3.9440382E+09	 -3.2877959E+10	   0.000000    	 -7.6978008E+09	  9.5199714E+07	   0.000000    	 -6.5887833E+10	  1.0124315E+11	   0.000000    	   0.000000    	  8.0041925E+09	 -9.5766756E+09	   0.000000    	 -4.4466831E+08	   0.000000    	   0.000000    	   0.000000    	   0.000000    	   0.000000    	   0.000000    	   0.000000    	 -5.3392219E+07	      0.0527366	 -2.8933921E+10	 -7.6978008E+09	 -1.5724831E+09	 -4.4466831E+08	   0.000000    	   0.000000    	
31/12/2006	   35.00035    	  4.0839180E+09	 -3.3735712E+10	   0.000000    	 -8.0925190E+09	  1.0260730E+08	   0.000000    	 -6.7348478E+10	  1.0349707E+11	   0.000000    	   0.000000    	  8.0765668E+09	 -9.9602339E+09	   0.000000    	 -4.5519187E+08	   0.000000    	   0.000000    	   0.000000    	   0.000000    	   0.000000    	   0.000000    	   0.000000    	 -6.4639764E+07	      0.0624556	 -2.9651794E+10	 -8.0925190E+09	 -1.8836672E+09	 -4.5519187E+08	   0.000000    	   0.000000    	
31/12/2007	   35.99966    	  4.2268669E+09	 -3.4603812E+10	   0.000000    	 -8.4606442E+09	  1.0911238E+08	   0.000000    	 -6.8812577E+10	  1.0578468E+11	   0.000000    	   0.000000    	  8.1150618E+09	 -1.0272213E+10	   0.000000    	 -4.6550949E+08	   0.000000    	   0.000000    	   0.000000    	   0.000000    	   0.000000    	   0.000000    	   0.000000    	 -6.4733156E+07	      0.0611933	 -3.0376945E+10	 -8.4606442E+09	 -2.1571507E+09	 -4.6550949E+08	   0.000000    	   0.000000    	
31/12/2008	   37.00170    	  4.3631398E+09	 -3.5465480E+10	   0.000000    	 -8.8309859E+09	  1.1630068E+08	   0.000000    	 -7.0262874E+10	  1.0811385E+11	   0.000000    	   0.000000    	  8.2067309E+09	 -1.0581686E+10	   0.000000    	 -4.7562088E+08	   0.000000    	   0.000000    	   0.000000    	   0.000000    	   0.000000    	   0.000000    	   0.000000    	 -6.6711999E+07	      0.0617053	 -3.1102340E+10	 -8.8309859E+09	 -2.3749553E+09	 -4.7562088E+08	   0.000000    	   0.000000    	
31/12/2009	   38.00101    	  4.4927534E+09	 -3.6349354E+10	   0.000000    	 -9.2082929E+09	  1.2481383E+08	   0.000000    	 -7.1753663E+10	  1.1065808E+11	   0.000000    	   0.000000    	  8.2969301E+09	 -1.0751927E+10	   0.000000    	 -4.8623201E+08	   0.000000    	   0.000000    	   0.000000    	   0.000000    	   0.000000    	   0.000000    	   0.000000    	 -6.6895909E+07	      0.0604528	 -3.1856601E+10	 -9.2082929E+09	 -2.4549965E+09	 -4.8623201E+08	   0.000000    	   0.000000    	
31/12/2010	   39.00031    	  4.6235834E+09	 -3.7237064E+10	   0.000000    	 -9.5910624E+09	  1.3397896E+08	   0.000000    	 -7.3276091E+10	  1.1329466E+11	   0.000000    	   0.000000    	  8.3949445E+09	 -1.0876125E+10	   0.000000    	 -4.9719686E+08	   0.000000    	   0.000000    	   0.000000    	   0.000000    	   0.000000    	   0.000000    	   0.000000    	 -6.8013829E+07	      0.0600327	 -3.2613481E+10	 -9.5910624E+09	 -2.4811806E+09	 -4.9719686E+08	   0.000000    	   0.000000    	
31/12/2011	   39.99962    	  4.7644083E+09	 -3.8040708E+10	   0.000000    	 -9.9614235E+09	  1.4460811E+08	   0.000000    	 -7.4526451E+10	  1.1482251E+11	   0.000000    	   0.000000    	  8.3968028E+09	 -1.1632650E+10	   0.000000    	 -5.0690703E+08	   0.000000    	   0.000000    	   0.000000    	   0.000000    	   0.000000    	   0.000000    	   0.000000    	 -6.8117922E+07	      0.0593245	 -3.3276299E+10	 -9.9614235E+09	 -3.2358469E+09	 -5.0690703E+08	   0.000000    	   0.000000    	

Légende :
 Tous les termes sont des volumes (ou masses de gaz) en 'unité utilisateur de volume d'eau', y compris recharge, évaporation, irrigation, transpiration.

 Cependant pour les écoulements de gaz sans phase eau (uniquement gaz) :
 => Les termes sont en masse de gaz en 'unité utilisateur de masse'.

 Recharge_Maill = Recharge du domaine maillé (toujours > 0) quand la pluie est excédentaire par rapport à l'ETR_Sol.
                 S'il n'y a pas de réservoir sol, alors : Recharge = Max(Pluie - ETR_Sol , 0.).
 Évaporat_Maill = Évaporation restante (toujours < 0) appliquée aux mailles du modèle.
                 (C'est une Évaporation complémentaire en plus de l'ETR_Sol du bilan hydroclimatique).
               => Quand il n'y a pas de Cultures on a :
                  soit Recharge_Maill  ;  soit Évaporat_Maill.
 Transpir_Racin = Transpiration par les racines des cultures. Peut être réduite en cas de 'désaturation'.
 Désaturation   = Volume de Réduction de l'Évaporation et/ou de la Transpiration si la saturation est trop faible.
                  (Succion supérieure à la 'Succion Maximale')
 ETR totale     = Disponible dans le fichier 'histoclim.prn'.
                = abs(Etr_Sol) + abs(Évaporat_Maill) + abs(Transpiration) - Désaturation.
                = Pluie - Infiltration + abs(Évaporat_Maill) + abs(Transpiration) - Désaturation.
 Débord/Suintem = Débordement en surface ou suintement.

    Entr = Entrant (positif).
    Sort = Sortant (négatif).
    Glob = Global (positif + négatif).

 Limit   = Par les limites extérieures du domaine modélisé.
 Intern_fix = Volumes (ou masses de gaz) correspondant aux Débits fixés (injection ou pompage).
 Dénoy_Pompage = Volume (ou masse de gaz) résultant d'un pompage dans une maille désaturée ou dénoyée.
 Écart_Volume = Bilan global = Somme des termes Entrants + termes Sortants - Stockage.
          Ce bilan est calculé avec les Volumes (ou masses) internes Fixé(e)s.
