<< La légende des termes est placée à la fin du fichier >>
MONAPAR (mona.rma) [V7.7]
Date           	Date           	Entr_Limit     	Sort_Limit     	Entr_Intern_fix	Sort_Intern_fix	Dénoy_Pompage  	Désaturation   	Débordement    	Recharge_Maill 	Évaporat_Maill 	Excès_Irrigat  	Stockage_Posit 	Stockage_Négat 	Rivière->Nappe 	Nappe->Rivière 	Éch_Phas_Posit 	Éch_Phas_Négat 	Drains->Nappe  	Nappe->Drains  	Lacs->Nappe    	Nappe->Lacs    	Transpir_Racin 	Écart_Volume   	%_Écart_Volum  	Glob_Limites   	Glob_Intern_fix	Glob_Stock     	Glob_Riv_Nappe 	Glob_Drain_Nap 	Glob_Lacs_Napp 	
31/12/1973	   2.001350    	  9.2326278E+09	 -5.9568058E+09	   0.000000    	 -1.1535055E+08	  2.1278573E+07	   0.000000    	 -5.5653743E+09	  2.0075583E+09	   0.000000    	   0.000000    	  1.4113366E+07	 -2.6997566E+08	   1075609.    	 -1.6247578E+07	   0.000000    	   0.000000    	   0.000000    	   0.000000    	   0.000000    	   0.000000    	   0.000000    	 -1.3537564E+08	   1.466274    	  3.2758220E+09	 -1.1535055E+08	 -2.5586229E+08	 -1.5171970E+07	   0.000000    	   0.000000    	
31/12/1974	   3.000656    	  9.1932572E+09	 -6.0621764E+09	   0.000000    	 -1.1710809E+08	  2.2435949E+07	   0.000000    	 -5.9677343E+09	  3.1562913E+09	   0.000000    	   0.000000    	  2.0145483E+08	 -1.5832491E+07	   765716.3    	 -1.7657225E+07	   0.000000    	   0.000000    	   0.000000    	   0.000000    	   0.000000    	   0.000000    	   0.000000    	  2.2451795E+07	  0.2442202    	  3.1310808E+09	 -1.1710809E+08	  1.8562234E+08	 -1.6891509E+07	   0.000000    	   0.000000    	
31/12/1975	   3.999962    	  9.2475813E+09	 -5.9533155E+09	   0.000000    	 -1.1971886E+08	  2.0616653E+07	   0.000000    	 -5.5720215E+09	  2.1070160E+09	   0.000000    	   0.000000    	  1.1133190E+07	 -2.4404823E+08	   708979.2    	 -1.6739710E+07	   0.000000    	   0.000000    	   0.000000    	   0.000000    	   0.000000    	   0.000000    	   0.000000    	 -5.2957683E+07	  0.5726652    	  3.2942658E+09	 -1.1971886E+08	 -2.3291504E+08	 -1.6030731E+07	   0.000000    	   0.000000    	
31/12/1976	   5.002006    	  9.2146131E+09	 -6.0926745E+09	   0.000000    	 -1.2927539E+08	  2.0387109E+07	   0.000000    	 -6.0437244E+09	  3.3287312E+09	   0.000000    	   0.000000    	  2.5567161E+08	 -2.4265578E+07	   738051.6    	 -1.7810124E+07	   0.000000    	   0.000000    	   0.000000    	   0.000000    	   0.000000    	   0.000000    	   0.000000    	  4.9579082E+07	  0.5380484    	  3.1219387E+09	 -1.2927539E+08	  2.3140603E+08	 -1.7072072E+07	   0.000000    	   0.000000    	
31/12/1977	   6.001312    	  9.2333511E+09	 -5.9938422E+09	   0.000000    	 -1.2416997E+08	  2.4258881E+07	   0.000000    	 -5.7250429E+09	  2.5769369E+09	   0.000000    	   0.000000    	  1.9348389E+08	 -1.8906765E+08	   661776.2    	 -1.7258816E+07	   0.000000    	   0.000000    	   0.000000    	   0.000000    	   0.000000    	   0.000000    	   0.000000    	 -2.9521506E+07	  0.3197269    	  3.2395089E+09	 -1.2416997E+08	   4416240.    	 -1.6597040E+07	   0.000000    	   0.000000    	
31/12/1978	   7.000618    	  9.1975411E+09	 -6.0443751E+09	   0.000000    	 -1.3472084E+08	  2.4182364E+07	   0.000000    	 -5.9502274E+09	  3.1169810E+09	   0.000000    	   0.000000    	  2.3530969E+08	 -7.9190485E+07	   817301.8    	 -1.8190437E+07	   0.000000    	   0.000000    	   0.000000    	   0.000000    	   0.000000    	   0.000000    	   0.000000    	  3.5888786E+07	  0.3901998    	  3.1531660E+09	 -1.3472084E+08	  1.5611920E+08	 -1.7373135E+07	   0.000000    	   0.000000    	
31/12/1979	   7.999924    	  9.0624437E+09	 -6.2838459E+09	   0.000000    	 -1.3664166E+08	  2.3563589E+07	   0.000000    	 -6.7895984E+09	  5.0230718E+09	   0.000000    	   0.000000    	  8.7012601E+08	 -8.3765446E+07	   795768.8    	 -1.9825842E+07	   0.000000    	   0.000000    	   0.000000    	   0.000000    	   0.000000    	   0.000000    	   0.000000    	  9.3602456E+07	   1.032861    	  2.7785978E+09	 -1.3664166E+08	  7.8636057E+08	 -1.9030073E+07	   0.000000    	   0.000000    	
31/12/1980	   9.001968    	  9.1939993E+09	 -6.0684353E+09	   0.000000    	 -1.4179974E+08	  2.3025745E+07	   0.000000    	 -5.8932107E+09	  2.7017063E+09	   0.000000    	   0.000000    	  1.2221390E+08	 -3.5243695E+08	   876841.2    	 -1.7462710E+07	   0.000000    	   0.000000    	   0.000000    	   0.000000    	   0.000000    	   0.000000    	   0.000000    	  2.8922763E+07	  0.3145830    	  3.1255640E+09	 -1.4179974E+08	 -2.3022306E+08	 -1.6585869E+07	   0.000000    	   0.000000    	
31/12/1981	   10.00127    	  9.1132509E+09	 -6.1773774E+09	   0.000000    	 -1.4653750E+08	  2.0700675E+07	   0.000000    	 -6.4070085E+09	  4.0527372E+09	   0.000000    	   0.000000    	  3.4097236E+08	 -4.9184678E+07	   834639.7    	 -1.8858068E+07	   0.000000    	   0.000000    	   0.000000    	   0.000000    	   0.000000    	   0.000000    	   0.000000    	  1.4595426E+08	   1.601561    	  2.9358735E+09	 -1.4653750E+08	  2.9178768E+08	 -1.8023428E+07	   0.000000    	   0.000000    	
31/12/1982	   11.00058    	  9.0613789E+09	 -6.2520922E+09	   0.000000    	 -1.5654246E+08	  2.2051876E+07	   0.000000    	 -6.7401421E+09	  4.6976318E+09	   0.000000    	   0.000000    	  5.8679898E+08	 -5.1578679E+07	   842944.3    	 -1.9450078E+07	   0.000000    	   0.000000    	   0.000000    	   0.000000    	   0.000000    	   0.000000    	   0.000000    	  7.8458279E+07	  0.8658536    	  2.8092867E+09	 -1.5654246E+08	  5.3522030E+08	 -1.8607134E+07	   0.000000    	   0.000000    	
31/12/1983	   11.99989    	  9.1968167E+09	 -5.9688170E+09	   0.000000    	 -1.5995562E+08	  2.7104605E+07	   0.000000    	 -5.6669129E+09	  2.0740025E+09	   0.000000    	   0.000000    	  4.9931653E+07	 -5.5272791E+08	   862697.5    	 -1.7166246E+07	   0.000000    	   0.000000    	   0.000000    	   0.000000    	   0.000000    	   0.000000    	   0.000000    	 -1.1269078E+07	  0.1225324    	  3.2279996E+09	 -1.5995562E+08	 -5.0279626E+08	 -1.6303549E+07	   0.000000    	   0.000000    	
31/12/1984	   13.00193    	  9.1023822E+09	 -6.2500103E+09	   0.000000    	 -1.6955262E+08	  2.8392039E+07	   0.000000    	 -6.6628695E+09	  4.5512664E+09	   0.000000    	   0.000000    	  5.3072585E+08	 -5.2436868E+07	   768028.0    	 -1.9777132E+07	   0.000000    	   0.000000    	   0.000000    	   0.000000    	   0.000000    	   0.000000    	   0.000000    	  1.0231009E+08	   1.123992    	  2.8523719E+09	 -1.6955262E+08	  4.7828899E+08	 -1.9009104E+07	   0.000000    	   0.000000    	
31/12/1985	   14.00124    	  9.1851147E+09	 -5.9893434E+09	   0.000000    	 -1.8503172E+08	  2.8394800E+07	   0.000000    	 -5.7420448E+09	  2.3000092E+09	   0.000000    	   0.000000    	  4.4391910E+07	 -4.6858919E+08	   952999.5    	 -1.7325825E+07	   0.000000    	   0.000000    	   0.000000    	   0.000000    	   0.000000    	   0.000000    	   0.000000    	   4923149.    	      0.0535992	  3.1957712E+09	 -1.8503172E+08	 -4.2419728E+08	 -1.6372825E+07	   0.000000    	   0.000000    	
31/12/1986	   15.00054    	  9.1076442E+09	 -6.1641896E+09	   0.000000    	 -1.9180280E+08	  2.6223394E+07	   0.000000    	 -6.4496288E+09	  4.0737446E+09	   0.000000    	   0.000000    	  4.0427254E+08	 -5.4944974E+07	   930759.7    	 -1.9016394E+07	   0.000000    	   0.000000    	   0.000000    	   0.000000    	   0.000000    	   0.000000    	   0.000000    	  3.4577838E+07	  0.3796573    	  2.9434546E+09	 -1.9180280E+08	  3.4932756E+08	 -1.8085634E+07	   0.000000    	   0.000000    	
31/12/1987	   15.99985    	  9.2329188E+09	 -5.9218122E+09	   0.000000    	 -1.9568217E+08	  2.5416218E+07	   0.000000    	 -5.5257763E+09	  1.7993960E+09	   0.000000    	   0.000000    	  2.2901361E+07	 -5.9051092E+08	   860083.4    	 -1.6810091E+07	   0.000000    	   0.000000    	   0.000000    	   0.000000    	   0.000000    	   0.000000    	   0.000000    	 -3.3880131E+07	  0.3669493    	  3.3111066E+09	 -1.9568217E+08	 -5.6760956E+08	 -1.5950007E+07	   0.000000    	   0.000000    	
31/12/1988	   17.00189    	  9.1932541E+09	 -6.0792111E+09	   0.000000    	 -2.3052868E+08	  2.7560310E+07	   0.000000    	 -6.1565048E+09	  3.5760348E+09	   0.000000    	   0.000000    	  4.4528435E+08	 -2.0892060E+08	   561197.7    	 -1.9142426E+07	   0.000000    	   0.000000    	   0.000000    	   0.000000    	   0.000000    	   0.000000    	   0.000000    	  7.5659608E+07	  0.8229905    	  3.1140429E+09	 -2.3052868E+08	  2.3636375E+08	 -1.8581228E+07	   0.000000    	   0.000000    	
31/12/1989	   18.00120    	  9.3051991E+09	 -5.8795283E+09	   0.000000    	 -2.5455704E+08	  2.4099443E+07	   0.000000    	 -5.3237983E+09	  1.3119002E+09	   0.000000    	   0.000000    	  8.2050541E+07	 -9.0450226E+08	   560941.0    	 -1.6098726E+07	   0.000000    	   0.000000    	   0.000000    	   0.000000    	   0.000000    	   0.000000    	   0.000000    	  -9771024.    	  0.1050061    	  3.4256708E+09	 -2.5455704E+08	 -8.2245172E+08	 -1.5537785E+07	   0.000000    	   0.000000    	
31/12/1990	   19.00050    	  9.2190689E+09	 -6.0263405E+09	   0.000000    	 -2.6451702E+08	  2.6130125E+07	   0.000000    	 -5.8306267E+09	  2.9620134E+09	   0.000000    	   0.000000    	  2.0847051E+08	 -1.5312057E+08	   543037.1    	 -1.7651922E+07	   0.000000    	   0.000000    	   0.000000    	   0.000000    	   0.000000    	   0.000000    	   0.000000    	  1.3269476E+07	  0.1439351    	  3.1927284E+09	 -2.6451702E+08	  5.5349935E+07	 -1.7108885E+07	   0.000000    	   0.000000    	
31/12/1991	   19.99981    	  9.2008444E+09	 -6.0397207E+09	   0.000000    	 -2.7211183E+08	  2.6361819E+07	   0.000000    	 -5.8500415E+09	  2.8631529E+09	   0.000000    	   0.000000    	  1.0911490E+08	 -2.0625547E+08	   532588.0    	 -1.7978445E+07	   0.000000    	   0.000000    	   0.000000    	   0.000000    	   0.000000    	   0.000000    	   0.000000    	   8179725.    	      0.0889019	  3.1611236E+09	 -2.7211183E+08	 -9.7140568E+07	 -1.7445857E+07	   0.000000    	   0.000000    	
31/12/1992	   21.00185    	  9.1815459E+09	 -6.1102191E+09	   0.000000    	 -2.7503818E+08	  2.5606433E+07	   0.000000    	 -6.1142917E+09	  3.5187909E+09	   0.000000    	   0.000000    	  3.1922912E+08	 -1.2468040E+08	   513351.4    	 -1.9158494E+07	   0.000000    	   0.000000    	   0.000000    	   0.000000    	   0.000000    	   0.000000    	   0.000000    	  1.3200358E+07	  0.1437705    	  3.0713268E+09	 -2.7503818E+08	  1.9454871E+08	 -1.8645143E+07	   0.000000    	   0.000000    	
31/12/1993	   22.00116    	  9.1443871E+09	 -6.0843730E+09	   0.000000    	 -2.8207226E+08	  2.7401802E+07	   0.000000    	 -6.1593467E+09	  3.5867632E+09	   0.000000    	   0.000000    	  3.0138118E+08	 -8.9032074E+07	   520720.1    	 -1.8943420E+07	   0.000000    	   0.000000    	   0.000000    	   0.000000    	   0.000000    	   0.000000    	   0.000000    	   1988339.    	      0.0217438	  3.0600141E+09	 -2.8207226E+08	  2.1234910E+08	 -1.8422700E+07	   0.000000    	   0.000000    	
31/12/1994	   23.00047    	  9.1304932E+09	 -6.1153429E+09	   0.000000    	 -2.9111210E+08	  2.8343670E+07	   0.000000    	 -6.2546977E+09	  3.7554584E+09	   0.000000    	   0.000000    	  2.8421438E+08	 -7.9518362E+07	   537166.1    	 -1.9052694E+07	   0.000000    	   0.000000    	   0.000000    	   0.000000    	   0.000000    	   0.000000    	   0.000000    	  2.9931112E+07	  0.3278148    	  3.0151504E+09	 -2.9111210E+08	  2.0469602E+08	 -1.8515528E+07	   0.000000    	   0.000000    	
31/12/1995	   23.99977    	  9.0958244E+09	 -6.1569479E+09	   0.000000    	 -2.9984005E+08	  2.8561342E+07	   0.000000    	 -6.4250943E+09	  4.0266885E+09	   0.000000    	   0.000000    	  3.2154717E+08	 -9.1912415E+07	   577009.9    	 -1.9490151E+07	   0.000000    	   0.000000    	   0.000000    	   0.000000    	   0.000000    	   0.000000    	   0.000000    	  2.0644141E+07	  0.2269628    	  2.9388765E+09	 -2.9984005E+08	  2.2963476E+08	 -1.8913141E+07	   0.000000    	   0.000000    	
31/12/1996	   25.00182    	  9.1559799E+09	 -6.0923148E+09	   0.000000    	 -3.0398139E+08	  2.7421868E+07	   0.000000    	 -6.1082700E+09	  3.2041355E+09	   0.000000    	   0.000000    	  6.9277588E+07	 -1.9577169E+08	   1171528.    	 -1.8544019E+07	   0.000000    	   0.000000    	   0.000000    	   0.000000    	   0.000000    	   0.000000    	   0.000000    	  -7907371.    	      0.0863629	  3.0636651E+09	 -3.0398139E+08	 -1.2649410E+08	 -1.7372491E+07	   0.000000    	   0.000000    	
31/12/1997	   26.00112    	  9.1196826E+09	 -6.0972708E+09	   0.000000    	 -3.0808949E+08	  2.9015279E+07	   0.000000    	 -6.1771467E+09	  3.3551265E+09	   0.000000    	   0.000000    	  9.2665280E+07	 -1.7988373E+08	   943232.2    	 -1.8868049E+07	   0.000000    	   0.000000    	   0.000000    	   0.000000    	   0.000000    	   0.000000    	   0.000000    	  -9388978.    	  0.1029529    	  3.0224119E+09	 -3.0808949E+08	 -8.7218448E+07	 -1.7924817E+07	   0.000000    	   0.000000    	
31/12/1998	   27.00043    	  9.1197780E+09	 -6.1004114E+09	   0.000000    	 -3.0906310E+08	  2.9176987E+07	   0.000000    	 -6.1678019E+09	  3.3724884E+09	   0.000000    	   0.000000    	  5.8866132E+07	 -1.2127453E+08	   840309.4    	 -1.8838521E+07	   0.000000    	   0.000000    	   0.000000    	   0.000000    	   0.000000    	   0.000000    	   0.000000    	 -1.1422810E+07	  0.1252532    	  3.0193666E+09	 -3.0906310E+08	 -6.2408401E+07	 -1.7998211E+07	   0.000000    	   0.000000    	
31/12/1999	   27.99973    	  9.1539581E+09	 -6.0542901E+09	   0.000000    	 -3.0512730E+08	  2.7084033E+07	   0.000000    	 -5.9769302E+09	  2.9847117E+09	   0.000000    	   0.000000    	  6.3284121E+07	 -2.2393225E+08	   570633.7    	 -1.8229057E+07	   0.000000    	   0.000000    	   0.000000    	   0.000000    	   0.000000    	   0.000000    	   0.000000    	 -2.7604093E+07	  0.3015536    	  3.0996680E+09	 -3.0512730E+08	 -1.6064813E+08	 -1.7658423E+07	   0.000000    	   0.000000    	
31/12/2000	   29.00178    	  9.0823218E+09	 -6.2696494E+09	   0.000000    	 -3.1630173E+08	  3.0840166E+07	   0.000000    	 -6.7548666E+09	  4.7384117E+09	   0.000000    	   0.000000    	  5.5297106E+08	 -8.4267259E+07	   364418.2    	 -2.0176249E+07	   0.000000    	   0.000000    	   0.000000    	   0.000000    	   0.000000    	   0.000000    	   0.000000    	  2.2240326E+07	  0.2448749    	  2.8126724E+09	 -3.1630173E+08	  4.6870380E+08	 -1.9811830E+07	   0.000000    	   0.000000    	
31/12/2001	   30.00108    	  9.1822489E+09	 -6.0008968E+09	   0.000000    	 -3.1809255E+08	  3.2892840E+07	   0.000000    	 -5.8617731E+09	  2.5088793E+09	   0.000000    	   0.000000    	  6.7732337E+07	 -5.0577499E+08	   616353.6    	 -1.7504183E+07	   0.000000    	   0.000000    	   0.000000    	   0.000000    	   0.000000    	   0.000000    	   0.000000    	 -3.5586563E+07	  0.3875582    	  3.1813521E+09	 -3.1809255E+08	 -4.3804265E+08	 -1.6887829E+07	   0.000000    	   0.000000    	
31/12/2002	   31.00039    	  9.2658333E+09	 -5.9468175E+09	   0.000000    	 -3.1189269E+08	  3.1065311E+07	   0.000000    	 -5.5910315E+09	  1.8465405E+09	   0.000000    	   0.000000    	  1.0715011E+07	 -7.0939204E+08	   633207.8    	 -1.5875854E+07	   0.000000    	   0.000000    	   0.000000    	   0.000000    	   0.000000    	   0.000000    	   0.000000    	 -2.2868145E+07	  0.2468007    	  3.3190158E+09	 -3.1189269E+08	 -6.9867703E+08	 -1.5242646E+07	   0.000000    	   0.000000    	
31/12/2003	   31.99970    	  9.2755215E+09	 -5.9293987E+09	   0.000000    	 -3.4012640E+08	  3.2033035E+07	   0.000000    	 -5.5086735E+09	  2.1080968E+09	   0.000000    	   0.000000    	  3.4717042E+07	 -3.7508278E+08	   690356.1    	 -1.6850830E+07	   0.000000    	   0.000000    	   0.000000    	   0.000000    	   0.000000    	   0.000000    	   0.000000    	 -3.8341947E+07	  0.4133670    	  3.3461228E+09	 -3.4012640E+08	 -3.4036573E+08	 -1.6160474E+07	   0.000000    	   0.000000    	
31/12/2004	   33.00174    	  9.3372061E+09	 -5.9546122E+09	   0.000000    	 -3.8830608E+08	  3.3749386E+07	   0.000000    	 -5.5718918E+09	  2.1688438E+09	   0.000000    	   0.000000    	  5.6247034E+07	 -3.8441682E+08	   661270.1    	 -1.6530096E+07	   0.000000    	   0.000000    	   0.000000    	   0.000000    	   0.000000    	   0.000000    	   0.000000    	 -6.2709856E+07	  0.6716126    	  3.3825939E+09	 -3.8830608E+08	 -3.2816978E+08	 -1.5868826E+07	   0.000000    	   0.000000    	
31/12/2005	   34.00105    	  9.3462073E+09	 -5.9038885E+09	   0.000000    	 -4.0315296E+08	  3.0419669E+07	   0.000000    	 -5.4269768E+09	  1.7880315E+09	   0.000000    	   0.000000    	  1.0834981E+07	 -5.8333132E+08	   2651432.    	 -1.5416702E+07	   0.000000    	   0.000000    	   0.000000    	   0.000000    	   0.000000    	   0.000000    	   0.000000    	  -9628674.    	  0.1030223    	  3.4423188E+09	 -4.0315296E+08	 -5.7249634E+08	 -1.2765270E+07	   0.000000    	   0.000000    	
31/12/2006	   35.00035    	  9.3119381E+09	 -5.9100283E+09	   0.000000    	 -3.9471811E+08	  3.3093164E+07	   0.000000    	 -5.4565482E+09	  2.2539208E+09	   0.000000    	   0.000000    	  1.1305280E+08	 -2.6926769E+08	   2831306.    	 -1.7065710E+07	   0.000000    	   0.000000    	   0.000000    	   0.000000    	   0.000000    	   0.000000    	   0.000000    	 -2.0362187E+07	  0.2186676    	  3.4019097E+09	 -3.9471811E+08	 -1.5621489E+08	 -1.4234404E+07	   0.000000    	   0.000000    	
31/12/2007	   35.99966    	  9.3122047E+09	 -5.9208055E+09	   0.000000    	 -3.6812524E+08	  3.2891121E+07	   0.000000    	 -5.5275901E+09	  2.2876102E+09	   0.000000    	   0.000000    	  4.4367210E+07	 -2.1996290E+08	   2833940.    	 -1.6659370E+07	   0.000000    	   0.000000    	   0.000000    	   0.000000    	   0.000000    	   0.000000    	   0.000000    	 -2.2044603E+07	  0.2367281    	  3.3913992E+09	 -3.6812524E+08	 -1.7559569E+08	 -1.3825430E+07	   0.000000    	   0.000000    	
31/12/2008	   37.00170    	  9.3246068E+09	 -5.9409455E+09	   0.000000    	 -3.7034171E+08	  3.0719852E+07	   0.000000    	 -5.4857064E+09	  2.3291740E+09	   0.000000    	   0.000000    	  1.4268381E+08	 -2.4480917E+08	   2788379.    	 -1.6634821E+07	   0.000000    	   0.000000    	   0.000000    	   0.000000    	   0.000000    	   0.000000    	   0.000000    	 -2.4213993E+07	  0.2596784    	  3.3836613E+09	 -3.7034171E+08	 -1.0212536E+08	 -1.3846442E+07	   0.000000    	   0.000000    	
31/12/2009	   38.00101    	  9.2791602E+09	 -5.9572071E+09	   0.000000    	 -3.7730699E+08	  3.2897136E+07	   0.000000    	 -5.5603760E+09	  2.5442292E+09	   0.000000    	   0.000000    	  1.1891707E+08	 -1.7164696E+08	   2755046.    	 -1.7253119E+07	   0.000000    	   0.000000    	   0.000000    	   0.000000    	   0.000000    	   0.000000    	   0.000000    	  -371765.4    	      0.0040065	  3.3219531E+09	 -3.7730699E+08	 -5.2729892E+07	 -1.4498073E+07	   0.000000    	   0.000000    	
31/12/2010	   39.00031    	  9.2606254E+09	 -5.9645037E+09	   0.000000    	 -3.8276946E+08	  3.3745864E+07	   0.000000    	 -5.6134367E+09	  2.6365750E+09	   0.000000    	   0.000000    	  1.1245493E+08	 -1.5114452E+08	   2766905.    	 -1.7370615E+07	   0.000000    	   0.000000    	   0.000000    	   0.000000    	   0.000000    	   0.000000    	   0.000000    	  -5677698.    	      0.0613101	  3.2961217E+09	 -3.8276946E+08	 -3.8689585E+07	 -1.4603710E+07	   0.000000    	   0.000000    	
31/12/2011	   39.99962    	  9.3435905E+09	 -5.8676395E+09	   0.000000    	 -3.7036119E+08	  3.3346828E+07	   0.000000    	 -5.2437254E+09	  1.5278502E+09	   0.000000    	   0.000000    	  1.3769052E+07	 -5.4040337E+08	   2815795.    	 -1.6028827E+07	   0.000000    	   0.000000    	   0.000000    	   0.000000    	   0.000000    	   0.000000    	   0.000000    	 -6.3517395E+07	  0.6797964    	  3.4759509E+09	 -3.7036119E+08	 -5.2663432E+08	 -1.3213031E+07	   0.000000    	   0.000000    	

Légende :
 Tous les termes sont des volumes (ou masses de gaz) en 'unité utilisateur de volume d'eau', y compris recharge, évaporation, irrigation, transpiration.

 Cependant pour les écoulements de gaz sans phase eau (uniquement gaz) :
 => Les termes sont en masse de gaz en 'unité utilisateur de masse'.

 Recharge_Maill = Recharge du domaine maillé (toujours > 0) quand la pluie est excédentaire par rapport à l'ETR_Sol.
                 S'il n'y a pas de réservoir sol, alors : Recharge = Max(Pluie - ETR_Sol , 0.).
 Évaporat_Maill = Évaporation restante (toujours < 0) appliquée aux mailles du modèle.
                 (C'est une Évaporation complémentaire en plus de l'ETR_Sol du bilan hydroclimatique).
               => Quand il n'y a pas de Cultures on a :
                  soit Recharge_Maill  ;  soit Évaporat_Maill.
 Transpir_Racin = Transpiration par les racines des cultures. Peut être réduite en cas de 'désaturation'.
 Désaturation   = Volume de Réduction de l'Évaporation et/ou de la Transpiration si la saturation est trop faible.
                  (Succion supérieure à la 'Succion Maximale')
 ETR totale     = Disponible dans le fichier 'histoclim.prn'.
                = abs(Etr_Sol) + abs(Évaporat_Maill) + abs(Transpiration) - Désaturation.
                = Pluie - Infiltration + abs(Évaporat_Maill) + abs(Transpiration) - Désaturation.
 Débord/Suintem = Débordement en surface ou suintement.

    Entr = Entrant (positif).
    Sort = Sortant (négatif).
    Glob = Global (positif + négatif).

 Limit   = Par les limites extérieures du domaine modélisé.
 Intern_fix = Volumes (ou masses de gaz) correspondant aux Débits fixés (injection ou pompage).
 Dénoy_Pompage = Volume (ou masse de gaz) résultant d'un pompage dans une maille désaturée ou dénoyée.
 Écart_Volume = Bilan global = Somme des termes Entrants + termes Sortants - Stockage.
          Ce bilan est calculé avec les Volumes (ou masses) internes Fixé(e)s.
